"Datum";"Region";"PCR_Pos";"Ag_Neg";"Ag_Pos";"Total";"Pocet.potvrdenych";"Potvrdenych";"newcases";"date";"positive"
2022-03-28;"Banskobystrický kraj";618;0;0;0;174948;263840;618;2022-03-28;263840
2022-03-27;"Banskobystrický kraj";147;332;104;436;NA;263840;251;2022-03-27;263222
2022-03-26;"Banskobystrický kraj";343;120;52;172;NA;263840;395;2022-03-26;262971
2022-03-25;"Banskobystrický kraj";721;1355;189;1544;NA;263840;910;2022-03-25;262576
2022-03-24;"Banskobystrický kraj";769;1773;161;1934;NA;263840;930;2022-03-24;261666
2022-03-23;"Banskobystrický kraj";823;1635;209;1844;NA;263840;1032;2022-03-23;260736
2022-03-22;"Banskobystrický kraj";1148;1703;220;1923;NA;263840;1368;2022-03-22;259704
2022-03-21;"Banskobystrický kraj";879;2709;356;3065;NA;263840;1235;2022-03-21;258336
2022-03-20;"Banskobystrický kraj";172;604;174;778;NA;263840;346;2022-03-20;257101
2022-03-19;"Banskobystrický kraj";529;218;89;307;NA;263840;618;2022-03-19;256755
2022-03-18;"Banskobystrický kraj";819;2081;200;2281;NA;263840;1019;2022-03-18;256137
2022-03-17;"Banskobystrický kraj";981;3476;224;3700;NA;263840;1205;2022-03-17;255118
2022-03-16;"Banskobystrický kraj";1189;1396;235;1631;NA;263840;1424;2022-03-16;253913
2022-03-15;"Banskobystrický kraj";1420;1730;231;1961;NA;263840;1651;2022-03-15;252489
2022-03-14;"Banskobystrický kraj";948;3220;426;3646;NA;263840;1374;2022-03-14;250838
2022-03-13;"Banskobystrický kraj";224;576;216;792;NA;263840;440;2022-03-13;249464
2022-03-12;"Banskobystrický kraj";625;262;94;356;NA;263840;719;2022-03-12;249024
2022-03-11;"Banskobystrický kraj";1144;1816;287;2103;NA;263840;1431;2022-03-11;248305
2022-03-10;"Banskobystrický kraj";1325;2126;311;2437;NA;263840;1636;2022-03-10;246874
2022-03-09;"Banskobystrický kraj";1370;2033;333;2366;NA;263840;1703;2022-03-09;245238
2022-03-08;"Banskobystrický kraj";1738;2327;376;2703;NA;263840;2114;2022-03-08;243535
2022-03-07;"Banskobystrický kraj";1048;4974;603;5577;NA;263840;1651;2022-03-07;241421
2022-03-06;"Banskobystrický kraj";356;1264;278;1542;NA;263840;634;2022-03-06;239770
2022-03-05;"Banskobystrický kraj";745;494;180;674;NA;263840;925;2022-03-05;239136
2022-03-04;"Banskobystrický kraj";1302;2574;390;2964;NA;263840;1692;2022-03-04;238211
2022-03-03;"Banskobystrický kraj";1766;3463;386;3849;NA;263840;2152;2022-03-03;236519
2022-03-02;"Banskobystrický kraj";1515;5604;415;6019;NA;263840;1930;2022-03-02;234367
2022-03-01;"Banskobystrický kraj";1842;3325;396;3721;NA;263840;2238;2022-03-01;232437
2022-02-28;"Banskobystrický kraj";1050;4913;708;5621;NA;263840;1758;2022-02-28;230199
2022-02-27;"Banskobystrický kraj";604;1162;303;1465;NA;263840;907;2022-02-27;228441
2022-02-26;"Banskobystrický kraj";909;528;154;682;NA;263840;1063;2022-02-26;227534
2022-02-25;"Banskobystrický kraj";1591;2517;430;2947;NA;263840;2021;2022-02-25;226471
2022-02-24;"Banskobystrický kraj";1781;3857;404;4261;NA;263840;2185;2022-02-24;224450
2022-02-23;"Banskobystrický kraj";2094;2869;454;3323;NA;263840;2548;2022-02-23;222265
2022-02-22;"Banskobystrický kraj";2195;3736;469;4205;NA;263840;2664;2022-02-22;219717
2022-02-21;"Banskobystrický kraj";1409;5732;806;6538;NA;263840;2215;2022-02-21;217053
2022-02-20;"Banskobystrický kraj";484;1717;423;2140;NA;263840;907;2022-02-20;214838
2022-02-19;"Banskobystrický kraj";1180;774;242;1016;NA;263840;1422;2022-02-19;213931
2022-02-18;"Banskobystrický kraj";2473;3620;541;4161;NA;263840;3014;2022-02-18;212509
2022-02-17;"Banskobystrický kraj";1924;4239;460;4699;NA;263840;2384;2022-02-17;209495
2022-02-16;"Banskobystrický kraj";1856;3633;543;4176;NA;263840;2399;2022-02-16;207111
2022-02-15;"Banskobystrický kraj";2287;4459;584;5043;NA;263840;2871;2022-02-15;204712
2022-02-14;"Banskobystrický kraj";2071;6844;891;7735;NA;263840;2962;2022-02-14;201841
2022-02-13;"Banskobystrický kraj";577;2247;471;2718;NA;263840;1048;2022-02-13;198879
2022-02-12;"Banskobystrický kraj";1308;906;308;1214;NA;263840;1616;2022-02-12;197831
2022-02-11;"Banskobystrický kraj";2684;3817;555;4372;NA;263840;3239;2022-02-11;196215
2022-02-10;"Banskobystrický kraj";1765;5732;567;6299;NA;263840;2332;2022-02-10;192976
2022-02-09;"Banskobystrický kraj";2544;3794;569;4363;NA;263840;3113;2022-02-09;190644
2022-02-08;"Banskobystrický kraj";1806;4417;538;4955;NA;263840;2344;2022-02-08;187531
2022-02-07;"Banskobystrický kraj";1683;7386;728;8114;NA;263840;2411;2022-02-07;185187
2022-02-06;"Banskobystrický kraj";604;2244;392;2636;NA;263840;996;2022-02-06;182776
2022-02-05;"Banskobystrický kraj";1032;1434;233;1667;NA;263840;1265;2022-02-05;181780
2022-02-04;"Banskobystrický kraj";1866;3745;438;4183;NA;263840;2304;2022-02-04;180515
2022-02-03;"Banskobystrický kraj";1561;5433;359;5792;NA;263840;1920;2022-02-03;178211
2022-02-02;"Banskobystrický kraj";1716;4780;395;5175;NA;263840;2111;2022-02-02;176291
2022-02-01;"Banskobystrický kraj";1918;4558;410;4968;NA;263840;2328;2022-02-01;174180
2022-01-31;"Banskobystrický kraj";779;9006;553;9559;NA;263840;1332;2022-01-31;171852
2022-01-30;"Banskobystrický kraj";412;3055;267;3322;NA;263840;679;2022-01-30;170520
2022-01-29;"Banskobystrický kraj";981;1155;174;1329;NA;263840;1155;2022-01-29;169841
2022-01-28;"Banskobystrický kraj";1040;3814;313;4127;NA;263840;1353;2022-01-28;168686
2022-01-27;"Banskobystrický kraj";1035;4955;225;5180;NA;263840;1260;2022-01-27;167333
2022-01-26;"Banskobystrický kraj";1060;4035;213;4248;NA;263840;1273;2022-01-26;166073
2022-01-25;"Banskobystrický kraj";1001;6118;257;6375;NA;263840;1258;2022-01-25;164800
2022-01-24;"Banskobystrický kraj";557;10186;257;10443;NA;263840;814;2022-01-24;163542
2022-01-23;"Banskobystrický kraj";246;3710;129;3839;NA;263840;375;2022-01-23;162728
2022-01-22;"Banskobystrický kraj";411;1077;64;1141;NA;263840;475;2022-01-22;162353
2022-01-21;"Banskobystrický kraj";578;3491;113;3604;NA;263840;691;2022-01-21;161878
2022-01-20;"Banskobystrický kraj";490;3809;91;3900;NA;263840;581;2022-01-20;161187
2022-01-19;"Banskobystrický kraj";421;4173;98;4271;NA;263840;519;2022-01-19;160606
2022-01-18;"Banskobystrický kraj";517;4737;95;4832;NA;263840;612;2022-01-18;160087
2022-01-17;"Banskobystrický kraj";269;8102;114;8216;NA;263840;383;2022-01-17;159475
2022-01-16;"Banskobystrický kraj";63;2746;84;2830;NA;263840;147;2022-01-16;159092
2022-01-15;"Banskobystrický kraj";287;858;16;874;NA;263840;303;2022-01-15;158945
2022-01-14;"Banskobystrický kraj";165;2758;67;2825;NA;263840;232;2022-01-14;158642
2022-01-13;"Banskobystrický kraj";182;3411;57;3468;NA;263840;239;2022-01-13;158410
2022-01-12;"Banskobystrický kraj";241;3787;67;3854;NA;263840;308;2022-01-12;158171
2022-01-11;"Banskobystrický kraj";327;4970;74;5044;NA;263840;401;2022-01-11;157863
2022-01-10;"Banskobystrický kraj";219;7978;108;8086;NA;263840;327;2022-01-10;157462
2022-01-09;"Banskobystrický kraj";54;3514;38;3552;NA;263840;92;2022-01-09;157135
2022-01-08;"Banskobystrický kraj";177;1054;40;1094;NA;263840;217;2022-01-08;157043
2022-01-07;"Banskobystrický kraj";320;3087;86;3173;NA;263840;406;2022-01-07;156826
2022-01-06;"Banskobystrický kraj";101;985;21;1006;NA;263840;122;2022-01-06;156420
2022-01-05;"Banskobystrický kraj";376;2852;67;2919;NA;263840;443;2022-01-05;156298
2022-01-04;"Banskobystrický kraj";458;4197;72;4269;NA;263840;530;2022-01-04;155855
2022-01-03;"Banskobystrický kraj";420;8216;115;8331;NA;263840;535;2022-01-03;155325
2022-01-02;"Banskobystrický kraj";117;2239;95;2334;NA;263840;212;2022-01-02;154790
2022-01-01;"Banskobystrický kraj";33;80;4;84;NA;263840;37;2022-01-01;154578
2021-12-31;"Banskobystrický kraj";314;1803;68;1871;NA;263840;382;2021-12-31;154541
2021-12-30;"Banskobystrický kraj";308;2833;88;2921;NA;263840;396;2021-12-30;154159
2021-12-29;"Banskobystrický kraj";390;2448;83;2531;NA;263840;473;2021-12-29;153763
2021-12-28;"Banskobystrický kraj";492;2902;95;2997;NA;263840;587;2021-12-28;153290
2021-12-27;"Banskobystrický kraj";397;5029;203;5232;NA;263840;600;2021-12-27;152703
2021-12-26;"Banskobystrický kraj";76;1245;62;1307;NA;263840;138;2021-12-26;152103
2021-12-25;"Banskobystrický kraj";107;373;45;418;NA;263840;152;2021-12-25;151965
2021-12-24;"Banskobystrický kraj";116;213;10;223;NA;263840;126;2021-12-24;151813
2021-12-23;"Banskobystrický kraj";429;3501;107;3608;NA;263840;536;2021-12-23;151687
2021-12-22;"Banskobystrický kraj";393;3394;106;3500;NA;263840;499;2021-12-22;151151
2021-12-21;"Banskobystrický kraj";508;4173;88;4261;NA;263840;596;2021-12-21;150652
2021-12-20;"Banskobystrický kraj";424;7610;186;7796;NA;263840;610;2021-12-20;150056
2021-12-19;"Banskobystrický kraj";39;2681;87;2768;NA;263840;126;2021-12-19;149446
2021-12-18;"Banskobystrický kraj";333;1036;67;1103;NA;263840;400;2021-12-18;149320
2021-12-17;"Banskobystrický kraj";465;3805;102;3907;NA;263840;567;2021-12-17;148920
2021-12-16;"Banskobystrický kraj";499;4278;116;4394;NA;263840;615;2021-12-16;148353
2021-12-15;"Banskobystrický kraj";554;4772;102;4874;NA;263840;656;2021-12-15;147738
2021-12-14;"Banskobystrický kraj";729;4614;108;4722;NA;263840;837;2021-12-14;147082
2021-12-13;"Banskobystrický kraj";470;8201;222;8423;NA;263840;692;2021-12-13;146245
2021-12-12;"Banskobystrický kraj";161;3332;101;3433;NA;263840;262;2021-12-12;145553
2021-12-11;"Banskobystrický kraj";568;1166;82;1248;NA;263840;650;2021-12-11;145291
2021-12-10;"Banskobystrický kraj";731;4033;185;4218;NA;263840;916;2021-12-10;144641
2021-12-09;"Banskobystrický kraj";652;4381;139;4520;NA;263840;791;2021-12-09;143725
2021-12-08;"Banskobystrický kraj";1087;4100;169;4269;NA;263840;1256;2021-12-08;142934
2021-12-07;"Banskobystrický kraj";1104;5410;201;5611;NA;263840;1305;2021-12-07;141678
2021-12-06;"Banskobystrický kraj";647;9113;324;9437;NA;263840;971;2021-12-06;140373
2021-12-05;"Banskobystrický kraj";217;3425;155;3580;NA;263840;372;2021-12-05;139402
2021-12-04;"Banskobystrický kraj";654;1334;131;1465;NA;263840;785;2021-12-04;139030
2021-12-03;"Banskobystrický kraj";1117;5057;246;5303;NA;263840;1363;2021-12-03;138245
2021-12-02;"Banskobystrický kraj";1710;5259;258;5517;NA;263840;1968;2021-12-02;136882
2021-12-01;"Banskobystrický kraj";947;4753;264;5017;NA;263840;1211;2021-12-01;134914
2021-11-30;"Banskobystrický kraj";1266;6543;245;6788;NA;263840;1511;2021-11-30;133703
2021-11-29;"Banskobystrický kraj";591;10653;468;11121;NA;263840;1059;2021-11-29;132192
2021-11-28;"Banskobystrický kraj";418;4289;216;4505;NA;263840;634;2021-11-28;131133
2021-11-27;"Banskobystrický kraj";827;1781;208;1989;NA;263840;1035;2021-11-27;130499
2021-11-26;"Banskobystrický kraj";963;4771;354;5125;NA;263840;1317;2021-11-26;129464
2021-11-25;"Banskobystrický kraj";1110;5911;350;6261;NA;263840;1460;2021-11-25;128147
2021-11-24;"Banskobystrický kraj";1387;5956;330;6286;NA;263840;1717;2021-11-24;126687
2021-11-23;"Banskobystrický kraj";1436;6082;377;6459;NA;263840;1813;2021-11-23;124970
2021-11-22;"Banskobystrický kraj";489;8727;579;9306;NA;263840;1068;2021-11-22;123157
2021-11-21;"Banskobystrický kraj";408;4109;307;4416;NA;263840;715;2021-11-21;122089
2021-11-20;"Banskobystrický kraj";985;1758;199;1957;NA;263840;1184;2021-11-20;121374
2021-11-19;"Banskobystrický kraj";1006;4886;470;5356;NA;263840;1476;2021-11-19;120190
2021-11-18;"Banskobystrický kraj";979;8037;620;8657;NA;263840;1599;2021-11-18;118714
2021-11-17;"Banskobystrický kraj";772;1051;147;1198;NA;263840;919;2021-11-17;117115
2021-11-16;"Banskobystrický kraj";1130;5473;453;5926;NA;263840;1583;2021-11-16;116196
2021-11-15;"Banskobystrický kraj";749;7884;588;8472;NA;263840;1337;2021-11-15;114613
2021-11-14;"Banskobystrický kraj";311;2629;302;2931;NA;263840;613;2021-11-14;113276
2021-11-13;"Banskobystrický kraj";761;1471;214;1685;NA;263840;975;2021-11-13;112663
2021-11-12;"Banskobystrický kraj";972;5019;434;5453;NA;263840;1406;2021-11-12;111688
2021-11-11;"Banskobystrický kraj";1023;5584;345;5929;NA;263840;1368;2021-11-11;110282
2021-11-10;"Banskobystrický kraj";950;4713;333;5046;NA;263840;1283;2021-11-10;108914
2021-11-09;"Banskobystrický kraj";921;4616;283;4899;NA;263840;1204;2021-11-09;107631
2021-11-08;"Banskobystrický kraj";519;7249;488;7737;NA;263840;1007;2021-11-08;106427
2021-11-07;"Banskobystrický kraj";460;2479;258;2737;NA;263840;718;2021-11-07;105420
2021-11-06;"Banskobystrický kraj";505;1344;170;1514;NA;263840;675;2021-11-06;104702
2021-11-05;"Banskobystrický kraj";997;4773;342;5115;NA;263840;1339;2021-11-05;104027
2021-11-04;"Banskobystrický kraj";1086;4811;248;5059;NA;263840;1334;2021-11-04;102688
2021-11-03;"Banskobystrický kraj";976;4825;330;5155;NA;263840;1306;2021-11-03;101354
2021-11-02;"Banskobystrický kraj";538;5709;492;6201;NA;263840;1030;2021-11-02;100048
2021-11-01;"Banskobystrický kraj";390;1178;132;1310;NA;263840;522;2021-11-01;99018
2021-10-31;"Banskobystrický kraj";150;1700;210;1910;NA;263840;360;2021-10-31;98496
2021-10-30;"Banskobystrický kraj";449;1508;140;1648;NA;263840;589;2021-10-30;98136
2021-10-29;"Banskobystrický kraj";780;4178;286;4464;NA;263840;1066;2021-10-29;97547
2021-10-28;"Banskobystrický kraj";744;4182;247;4429;NA;263840;991;2021-10-28;96481
2021-10-27;"Banskobystrický kraj";664;4577;233;4810;NA;263840;897;2021-10-27;95490
2021-10-26;"Banskobystrický kraj";700;3673;187;3860;NA;263840;887;2021-10-26;94593
2021-10-25;"Banskobystrický kraj";376;5478;257;5735;NA;263840;633;2021-10-25;93706
2021-10-24;"Banskobystrický kraj";161;1707;143;1850;NA;263840;304;2021-10-24;93073
2021-10-23;"Banskobystrický kraj";238;1286;79;1365;NA;263840;317;2021-10-23;92769
2021-10-22;"Banskobystrický kraj";530;3816;185;4001;NA;263840;715;2021-10-22;92452
2021-10-21;"Banskobystrický kraj";416;4128;140;4268;NA;263840;556;2021-10-21;91737
2021-10-20;"Banskobystrický kraj";387;3615;123;3738;NA;263840;510;2021-10-20;91181
2021-10-19;"Banskobystrický kraj";419;4094;103;4197;NA;263840;522;2021-10-19;90671
2021-10-18;"Banskobystrický kraj";162;5286;175;5461;NA;263840;337;2021-10-18;90149
2021-10-17;"Banskobystrický kraj";26;1555;71;1626;NA;263840;97;2021-10-17;89812
2021-10-16;"Banskobystrický kraj";162;1387;50;1437;NA;263840;212;2021-10-16;89715
2021-10-15;"Banskobystrický kraj";187;3693;81;3774;NA;263840;268;2021-10-15;89503
2021-10-14;"Banskobystrický kraj";198;3705;47;3752;NA;263840;245;2021-10-14;89235
2021-10-13;"Banskobystrický kraj";217;3068;55;3123;NA;263840;272;2021-10-13;88990
2021-10-12;"Banskobystrický kraj";301;3743;59;3802;NA;263840;360;2021-10-12;88718
2021-10-11;"Banskobystrický kraj";128;4734;96;4830;NA;263840;224;2021-10-11;88358
2021-10-10;"Banskobystrický kraj";26;1815;53;1868;NA;263840;79;2021-10-10;88134
2021-10-09;"Banskobystrický kraj";73;1122;27;1149;NA;263840;100;2021-10-09;88055
2021-10-08;"Banskobystrický kraj";239;3027;61;3088;NA;263840;300;2021-10-08;87955
2021-10-07;"Banskobystrický kraj";179;3437;42;3479;NA;263840;221;2021-10-07;87655
2021-10-06;"Banskobystrický kraj";136;3862;48;3910;NA;263840;184;2021-10-06;87434
2021-10-05;"Banskobystrický kraj";209;2979;54;3033;NA;263840;263;2021-10-05;87250
2021-10-04;"Banskobystrický kraj";126;3725;64;3789;NA;263840;190;2021-10-04;86987
2021-10-03;"Banskobystrický kraj";11;1407;34;1441;NA;263840;45;2021-10-03;86797
2021-10-02;"Banskobystrický kraj";66;1042;26;1068;NA;263840;92;2021-10-02;86752
2021-10-01;"Banskobystrický kraj";158;3228;51;3279;NA;263840;209;2021-10-01;86660
2021-09-30;"Banskobystrický kraj";120;3362;30;3392;NA;263840;150;2021-09-30;86451
2021-09-29;"Banskobystrický kraj";118;2626;40;2666;NA;263840;158;2021-09-29;86301
2021-09-28;"Banskobystrický kraj";112;3061;45;3106;NA;263840;157;2021-09-28;86143
2021-09-27;"Banskobystrický kraj";90;4456;72;4528;NA;263840;162;2021-09-27;85986
2021-09-26;"Banskobystrický kraj";17;1498;31;1529;NA;263840;48;2021-09-26;85824
2021-09-25;"Banskobystrický kraj";17;1481;7;1488;NA;263840;24;2021-09-25;85776
2021-09-24;"Banskobystrický kraj";98;4254;32;4286;NA;263840;130;2021-09-24;85752
2021-09-23;"Banskobystrický kraj";63;3019;13;3032;NA;263840;76;2021-09-23;85622
2021-09-22;"Banskobystrický kraj";75;2442;19;2461;NA;263840;94;2021-09-22;85546
2021-09-21;"Banskobystrický kraj";125;2976;20;2996;NA;263840;145;2021-09-21;85452
2021-09-20;"Banskobystrický kraj";45;3951;30;3981;NA;263840;75;2021-09-20;85307
2021-09-19;"Banskobystrický kraj";6;1456;24;1480;NA;263840;30;2021-09-19;85232
2021-09-18;"Banskobystrický kraj";44;1318;15;1333;NA;263840;59;2021-09-18;85202
2021-09-17;"Banskobystrický kraj";73;3485;32;3517;NA;263840;105;2021-09-17;85143
2021-09-16;"Banskobystrický kraj";95;3019;29;3048;NA;263840;124;2021-09-16;85038
2021-09-15;"Banskobystrický kraj";22;394;1;395;NA;263840;23;2021-09-15;84914
2021-09-14;"Banskobystrický kraj";95;2508;28;2536;NA;263840;123;2021-09-14;84891
2021-09-13;"Banskobystrický kraj";29;3206;28;3234;NA;263840;57;2021-09-13;84768
2021-09-12;"Banskobystrický kraj";7;958;15;973;NA;263840;22;2021-09-12;84711
2021-09-11;"Banskobystrický kraj";31;865;11;876;NA;263840;42;2021-09-11;84689
2021-09-10;"Banskobystrický kraj";59;2250;24;2274;NA;263840;83;2021-09-10;84647
2021-09-09;"Banskobystrický kraj";46;2011;17;2028;NA;263840;63;2021-09-09;84564
2021-09-08;"Banskobystrický kraj";46;1713;27;1740;NA;263840;73;2021-09-08;84501
2021-09-07;"Banskobystrický kraj";27;1422;21;1443;NA;263840;48;2021-09-07;84428
2021-09-06;"Banskobystrický kraj";26;2570;13;2583;NA;263840;39;2021-09-06;84380
2021-09-05;"Banskobystrický kraj";9;742;2;744;NA;263840;11;2021-09-05;84341
2021-09-04;"Banskobystrický kraj";14;745;10;755;NA;263840;24;2021-09-04;84330
2021-09-03;"Banskobystrický kraj";49;2116;22;2138;NA;263840;71;2021-09-03;84306
2021-09-02;"Banskobystrický kraj";19;1730;25;1755;NA;263840;44;2021-09-02;84235
2021-09-01;"Banskobystrický kraj";6;230;6;236;NA;263840;12;2021-09-01;84191
2021-08-31;"Banskobystrický kraj";18;1406;13;1419;NA;263840;31;2021-08-31;84179
2021-08-30;"Banskobystrický kraj";23;1867;10;1877;NA;263840;33;2021-08-30;84148
2021-08-29;"Banskobystrický kraj";0;351;5;356;NA;263840;5;2021-08-29;84115
2021-08-28;"Banskobystrický kraj";9;827;5;832;NA;263840;14;2021-08-28;84110
2021-08-27;"Banskobystrický kraj";7;1608;12;1620;NA;263840;19;2021-08-27;84096
2021-08-26;"Banskobystrický kraj";7;1161;2;1163;NA;263840;9;2021-08-26;84077
2021-08-25;"Banskobystrický kraj";6;1052;1;1053;NA;263840;7;2021-08-25;84068
2021-08-24;"Banskobystrický kraj";12;1117;1;1118;NA;263840;13;2021-08-24;84061
2021-08-23;"Banskobystrický kraj";7;1368;5;1373;NA;263840;12;2021-08-23;84048
2021-08-22;"Banskobystrický kraj";0;773;2;775;NA;263840;2;2021-08-22;84036
2021-08-21;"Banskobystrický kraj";3;793;1;794;NA;263840;4;2021-08-21;84034
2021-08-20;"Banskobystrický kraj";5;1616;4;1620;NA;263840;9;2021-08-20;84030
2021-08-19;"Banskobystrický kraj";4;1092;3;1095;NA;263840;7;2021-08-19;84021
2021-08-18;"Banskobystrický kraj";1;1044;1;1045;NA;263840;2;2021-08-18;84014
2021-08-17;"Banskobystrický kraj";12;890;0;890;NA;263840;12;2021-08-17;84012
2021-08-16;"Banskobystrický kraj";7;1321;3;1324;NA;263840;10;2021-08-16;84000
2021-08-15;"Banskobystrický kraj";0;366;3;369;NA;263840;3;2021-08-15;83990
2021-08-14;"Banskobystrický kraj";6;435;1;436;NA;263840;7;2021-08-14;83987
2021-08-13;"Banskobystrický kraj";11;898;0;898;NA;263840;11;2021-08-13;83980
2021-08-12;"Banskobystrický kraj";10;951;1;952;NA;263840;11;2021-08-12;83969
2021-08-11;"Banskobystrický kraj";7;575;3;578;NA;263840;10;2021-08-11;83958
2021-08-10;"Banskobystrický kraj";7;678;2;680;NA;263840;9;2021-08-10;83948
2021-08-09;"Banskobystrický kraj";9;1064;0;1064;NA;263840;9;2021-08-09;83939
2021-08-08;"Banskobystrický kraj";4;335;1;336;NA;263840;5;2021-08-08;83930
2021-08-07;"Banskobystrický kraj";0;308;4;312;NA;263840;4;2021-08-07;83925
2021-08-06;"Banskobystrický kraj";5;929;2;931;NA;263840;7;2021-08-06;83921
2021-08-05;"Banskobystrický kraj";2;838;1;839;NA;263840;3;2021-08-05;83914
2021-08-04;"Banskobystrický kraj";2;579;1;580;NA;263840;3;2021-08-04;83911
2021-08-03;"Banskobystrický kraj";4;743;0;743;NA;263840;4;2021-08-03;83908
2021-08-02;"Banskobystrický kraj";6;934;0;934;NA;263840;6;2021-08-02;83904
2021-08-01;"Banskobystrický kraj";0;271;0;271;NA;263840;0;2021-08-01;83898
2021-07-31;"Banskobystrický kraj";1;370;4;374;NA;263840;5;2021-07-31;83898
2021-07-30;"Banskobystrický kraj";27;928;2;930;NA;263840;29;2021-07-30;83893
2021-07-29;"Banskobystrický kraj";2;890;1;891;NA;263840;3;2021-07-29;83864
2021-07-28;"Banskobystrický kraj";4;520;1;521;NA;263840;5;2021-07-28;83861
2021-07-27;"Banskobystrický kraj";15;1092;0;1092;NA;263840;15;2021-07-27;83856
2021-07-26;"Banskobystrický kraj";2;911;1;912;NA;263840;3;2021-07-26;83841
2021-07-25;"Banskobystrický kraj";0;367;1;368;NA;263840;1;2021-07-25;83838
2021-07-24;"Banskobystrický kraj";2;298;0;298;NA;263840;2;2021-07-24;83837
2021-07-23;"Banskobystrický kraj";7;840;0;840;NA;263840;7;2021-07-23;83835
2021-07-22;"Banskobystrický kraj";5;727;3;730;NA;263840;8;2021-07-22;83828
2021-07-21;"Banskobystrický kraj";2;560;0;560;NA;263840;2;2021-07-21;83820
2021-07-20;"Banskobystrický kraj";6;885;2;887;NA;263840;8;2021-07-20;83818
2021-07-19;"Banskobystrický kraj";1;854;3;857;NA;263840;4;2021-07-19;83810
2021-07-18;"Banskobystrický kraj";0;377;1;378;NA;263840;1;2021-07-18;83806
2021-07-17;"Banskobystrický kraj";1;324;0;324;NA;263840;1;2021-07-17;83805
2021-07-16;"Banskobystrický kraj";3;974;1;975;NA;263840;4;2021-07-16;83804
2021-07-15;"Banskobystrický kraj";1;1038;0;1038;NA;263840;1;2021-07-15;83800
2021-07-14;"Banskobystrický kraj";3;765;0;765;NA;263840;3;2021-07-14;83799
2021-07-13;"Banskobystrický kraj";2;695;0;695;NA;263840;2;2021-07-13;83796
2021-07-12;"Banskobystrický kraj";1;1057;0;1057;NA;263840;1;2021-07-12;83794
2021-07-11;"Banskobystrický kraj";0;446;0;446;NA;263840;0;2021-07-11;83793
2021-07-10;"Banskobystrický kraj";2;368;0;368;NA;263840;2;2021-07-10;83793
2021-07-09;"Banskobystrický kraj";3;1209;0;1209;NA;263840;3;2021-07-09;83791
2021-07-08;"Banskobystrický kraj";0;1083;1;1084;NA;263840;1;2021-07-08;83788
2021-07-07;"Banskobystrický kraj";1;798;0;798;NA;263840;1;2021-07-07;83787
2021-07-06;"Banskobystrický kraj";6;1365;0;1365;NA;263840;6;2021-07-06;83786
2021-07-05;"Banskobystrický kraj";2;392;1;393;NA;263840;3;2021-07-05;83780
2021-07-04;"Banskobystrický kraj";0;318;0;318;NA;263840;0;2021-07-04;83777
2021-07-03;"Banskobystrický kraj";1;413;1;414;NA;263840;2;2021-07-03;83777
2021-07-02;"Banskobystrický kraj";3;1045;0;1045;NA;263840;3;2021-07-02;83775
2021-07-01;"Banskobystrický kraj";0;705;1;706;NA;263840;1;2021-07-01;83772
2021-06-30;"Banskobystrický kraj";3;7607;1;7608;NA;263840;4;2021-06-30;83771
2021-06-29;"Banskobystrický kraj";2;4642;1;4643;NA;263840;3;2021-06-29;83767
2021-06-28;"Banskobystrický kraj";3;5695;1;5696;NA;263840;4;2021-06-28;83764
2021-06-27;"Banskobystrický kraj";0;4369;5;4374;NA;263840;5;2021-06-27;83760
2021-06-26;"Banskobystrický kraj";0;4289;4;4293;NA;263840;4;2021-06-26;83755
2021-06-25;"Banskobystrický kraj";2;6717;2;6719;NA;263840;4;2021-06-25;83751
2021-06-24;"Banskobystrický kraj";6;4585;2;4587;NA;263840;8;2021-06-24;83747
2021-06-23;"Banskobystrický kraj";4;4947;0;4947;NA;263840;4;2021-06-23;83739
2021-06-22;"Banskobystrický kraj";7;4527;0;4527;NA;263840;7;2021-06-22;83735
2021-06-21;"Banskobystrický kraj";6;5836;8;5844;NA;263840;14;2021-06-21;83728
2021-06-20;"Banskobystrický kraj";0;5055;7;5062;NA;263840;7;2021-06-20;83714
2021-06-19;"Banskobystrický kraj";0;5639;4;5643;NA;263840;4;2021-06-19;83707
2021-06-18;"Banskobystrický kraj";4;7642;1;7643;NA;263840;5;2021-06-18;83703
2021-06-17;"Banskobystrický kraj";2;5245;3;5248;NA;263840;5;2021-06-17;83698
2021-06-16;"Banskobystrický kraj";10;5951;5;5956;NA;263840;15;2021-06-16;83693
2021-06-15;"Banskobystrický kraj";9;5576;6;5582;NA;263840;15;2021-06-15;83678
2021-06-14;"Banskobystrický kraj";8;6922;7;6929;NA;263840;15;2021-06-14;83663
2021-06-13;"Banskobystrický kraj";0;6407;7;6414;NA;263840;7;2021-06-13;83648
2021-06-12;"Banskobystrický kraj";3;6338;6;6344;NA;263840;9;2021-06-12;83641
2021-06-11;"Banskobystrický kraj";5;9693;15;9708;NA;263840;20;2021-06-11;83632
2021-06-10;"Banskobystrický kraj";10;5726;8;5734;NA;263840;18;2021-06-10;83612
2021-06-09;"Banskobystrický kraj";9;5720;4;5724;NA;263840;13;2021-06-09;83594
2021-06-08;"Banskobystrický kraj";15;5645;10;5655;NA;263840;25;2021-06-08;83581
2021-06-07;"Banskobystrický kraj";4;7582;21;7603;NA;263840;25;2021-06-07;83556
2021-06-06;"Banskobystrický kraj";1;7497;12;7509;NA;263840;13;2021-06-06;83531
2021-06-05;"Banskobystrický kraj";15;7531;9;7540;NA;263840;24;2021-06-05;83518
2021-06-04;"Banskobystrický kraj";2;9352;14;9366;NA;263840;16;2021-06-04;83494
2021-06-03;"Banskobystrický kraj";8;6507;24;6531;NA;263840;32;2021-06-03;83478
2021-06-02;"Banskobystrický kraj";7;6837;6;6843;NA;263840;13;2021-06-02;83446
2021-06-01;"Banskobystrický kraj";12;7146;14;7160;NA;263840;26;2021-06-01;83433
2021-05-31;"Banskobystrický kraj";4;9546;31;9577;NA;263840;35;2021-05-31;83407
2021-05-30;"Banskobystrický kraj";3;8959;19;8978;NA;263840;22;2021-05-30;83372
2021-05-29;"Banskobystrický kraj";11;9763;18;9781;NA;263840;29;2021-05-29;83350
2021-05-28;"Banskobystrický kraj";13;11905;27;11932;NA;263840;40;2021-05-28;83321
2021-05-27;"Banskobystrický kraj";7;8760;12;8772;NA;263840;19;2021-05-27;83281
2021-05-26;"Banskobystrický kraj";18;7905;17;7922;NA;263840;35;2021-05-26;83262
2021-05-25;"Banskobystrický kraj";27;8951;30;8981;NA;263840;57;2021-05-25;83227
2021-05-24;"Banskobystrický kraj";9;12469;44;12513;NA;263840;53;2021-05-24;83170
2021-05-23;"Banskobystrický kraj";0;9798;27;9825;NA;263840;27;2021-05-23;83117
2021-05-22;"Banskobystrický kraj";20;9608;26;9634;NA;263840;46;2021-05-22;83090
2021-05-21;"Banskobystrický kraj";22;12796;25;12821;NA;263840;47;2021-05-21;83044
2021-05-20;"Banskobystrický kraj";14;8994;25;9019;NA;263840;39;2021-05-20;82997
2021-05-19;"Banskobystrický kraj";42;8608;21;8629;NA;263840;63;2021-05-19;82958
2021-05-18;"Banskobystrický kraj";27;9450;25;9475;NA;263840;52;2021-05-18;82895
2021-05-17;"Banskobystrický kraj";11;13399;33;13432;NA;263840;44;2021-05-17;82843
2021-05-16;"Banskobystrický kraj";15;14072;26;14098;NA;263840;41;2021-05-16;82799
2021-05-15;"Banskobystrický kraj";11;15356;29;15385;NA;263840;40;2021-05-15;82758
2021-05-14;"Banskobystrický kraj";35;18939;45;18984;NA;263840;80;2021-05-14;82718
2021-05-13;"Banskobystrický kraj";37;10605;40;10645;NA;263840;77;2021-05-13;82638
2021-05-12;"Banskobystrický kraj";31;10857;45;10902;NA;263840;76;2021-05-12;82561
2021-05-11;"Banskobystrický kraj";42;11325;48;11373;NA;263840;90;2021-05-11;82485
2021-05-10;"Banskobystrický kraj";28;17621;68;17689;NA;263840;96;2021-05-10;82395
2021-05-09;"Banskobystrický kraj";25;21902;68;21970;NA;263840;93;2021-05-09;82299
2021-05-08;"Banskobystrický kraj";11;14285;26;14311;NA;263840;37;2021-05-08;82206
2021-05-07;"Banskobystrický kraj";41;21806;78;21884;NA;263840;119;2021-05-07;82169
2021-05-06;"Banskobystrický kraj";36;12251;70;12321;NA;263840;106;2021-05-06;82050
2021-05-05;"Banskobystrický kraj";34;12592;63;12655;NA;263840;97;2021-05-05;81944
2021-05-04;"Banskobystrický kraj";83;13888;47;13935;NA;263840;130;2021-05-04;81847
2021-05-03;"Banskobystrický kraj";30;20872;80;20952;NA;263840;110;2021-05-03;81717
2021-05-02;"Banskobystrický kraj";6;33040;60;33100;NA;263840;66;2021-05-02;81607
2021-05-01;"Banskobystrický kraj";54;36900;67;36967;NA;263840;121;2021-05-01;81541
2021-04-30;"Banskobystrický kraj";38;34957;86;35043;NA;263840;124;2021-04-30;81420
2021-04-29;"Banskobystrický kraj";55;16839;68;16907;NA;263840;123;2021-04-29;81296
2021-04-28;"Banskobystrický kraj";66;17959;67;18026;NA;263840;133;2021-04-28;81173
2021-04-27;"Banskobystrický kraj";70;19152;73;19225;NA;263840;143;2021-04-27;81040
2021-04-26;"Banskobystrický kraj";34;28517;101;28618;NA;263840;135;2021-04-26;80897
2021-04-25;"Banskobystrický kraj";14;40601;106;40707;NA;263840;120;2021-04-25;80762
2021-04-24;"Banskobystrický kraj";40;51944;98;52042;NA;263840;138;2021-04-24;80642
2021-04-23;"Banskobystrický kraj";78;37922;88;38010;NA;263840;166;2021-04-23;80504
2021-04-22;"Banskobystrický kraj";51;17415;57;17472;NA;263840;108;2021-04-22;80338
2021-04-21;"Banskobystrický kraj";76;19218;94;19312;NA;263840;170;2021-04-21;80230
2021-04-20;"Banskobystrický kraj";116;21234;98;21332;NA;263840;214;2021-04-20;80060
2021-04-19;"Banskobystrický kraj";48;31408;105;31513;NA;263840;153;2021-04-19;79846
2021-04-18;"Banskobystrický kraj";16;43375;90;43465;NA;263840;106;2021-04-18;79693
2021-04-17;"Banskobystrický kraj";42;64939;92;65031;NA;263840;134;2021-04-17;79587
2021-04-16;"Banskobystrický kraj";72;37307;100;37407;NA;263840;172;2021-04-16;79453
2021-04-15;"Banskobystrický kraj";67;20127;83;20210;NA;263840;150;2021-04-15;79281
2021-04-14;"Banskobystrický kraj";69;21260;86;21346;NA;263840;155;2021-04-14;79131
2021-04-13;"Banskobystrický kraj";130;23076;77;23153;NA;263840;207;2021-04-13;78976
2021-04-12;"Banskobystrický kraj";60;32272;130;32402;NA;263840;190;2021-04-12;78769
2021-04-11;"Banskobystrický kraj";0;41367;88;41455;NA;263840;88;2021-04-11;78579
2021-04-10;"Banskobystrický kraj";56;64728;141;64869;NA;263840;197;2021-04-10;78491
2021-04-09;"Banskobystrický kraj";106;31570;118;31688;NA;263840;224;2021-04-09;78294
2021-04-08;"Banskobystrický kraj";132;19000;148;19148;NA;263840;280;2021-04-08;78070
2021-04-07;"Banskobystrický kraj";226;25121;94;25215;NA;263840;320;2021-04-07;77790
2021-04-06;"Banskobystrický kraj";93;42496;187;42683;NA;263840;280;2021-04-06;77470
2021-04-05;"Banskobystrický kraj";15;11797;87;11884;NA;263840;102;2021-04-05;77190
2021-04-04;"Banskobystrický kraj";24;19683;79;19762;NA;263840;103;2021-04-04;77088
2021-04-03;"Banskobystrický kraj";5;72553;211;72764;NA;263840;216;2021-04-03;76985
2021-04-02;"Banskobystrický kraj";71;13455;66;13521;NA;263840;137;2021-04-02;76769
2021-04-01;"Banskobystrický kraj";171;39407;200;39607;NA;263840;371;2021-04-01;76632
2021-03-31;"Banskobystrický kraj";147;25543;161;25704;NA;263840;308;2021-03-31;76261
2021-03-30;"Banskobystrický kraj";167;21442;159;21601;NA;263840;326;2021-03-30;75953
2021-03-29;"Banskobystrický kraj";119;29492;218;29710;NA;263840;337;2021-03-29;75627
2021-03-28;"Banskobystrický kraj";25;40610;189;40799;NA;263840;214;2021-03-28;75290
2021-03-27;"Banskobystrický kraj";85;63414;260;63674;NA;263840;345;2021-03-27;75076
2021-03-26;"Banskobystrický kraj";122;43671;240;43911;NA;263840;362;2021-03-26;74731
2021-03-25;"Banskobystrický kraj";120;21598;240;21838;NA;263840;360;2021-03-25;74369
2021-03-24;"Banskobystrický kraj";200;19337;227;19564;NA;263840;427;2021-03-24;74009
2021-03-23;"Banskobystrický kraj";241;21541;257;21798;NA;263840;498;2021-03-23;73582
2021-03-22;"Banskobystrický kraj";65;30480;274;30754;NA;263840;339;2021-03-22;73084
2021-03-21;"Banskobystrický kraj";31;40039;280;40319;NA;263840;311;2021-03-21;72745
2021-03-20;"Banskobystrický kraj";119;67926;383;68309;NA;263840;502;2021-03-20;72434
2021-03-19;"Banskobystrický kraj";240;44038;306;44344;NA;263840;546;2021-03-19;71932
2021-03-18;"Banskobystrický kraj";160;22469;273;22742;NA;263840;433;2021-03-18;71386
2021-03-17;"Banskobystrický kraj";262;21573;245;21818;NA;263840;507;2021-03-17;70953
2021-03-16;"Banskobystrický kraj";340;23349;224;23573;NA;263840;564;2021-03-16;70446
2021-03-15;"Banskobystrický kraj";95;32306;366;32672;NA;263840;461;2021-03-15;69882
2021-03-14;"Banskobystrický kraj";39;39212;218;39430;NA;263840;257;2021-03-14;69421
2021-03-13;"Banskobystrický kraj";209;67463;395;67858;NA;263840;604;2021-03-13;69164
2021-03-12;"Banskobystrický kraj";206;41444;330;41774;NA;263840;536;2021-03-12;68560
2021-03-11;"Banskobystrický kraj";228;21338;274;21612;NA;263840;502;2021-03-11;68024
2021-03-10;"Banskobystrický kraj";260;20400;238;20638;NA;263840;498;2021-03-10;67522
2021-03-09;"Banskobystrický kraj";352;21790;284;22074;NA;263840;636;2021-03-09;67024
2021-03-08;"Banskobystrický kraj";191;31471;427;31898;NA;263840;618;2021-03-08;66388
2021-03-07;"Banskobystrický kraj";60;39191;295;39486;NA;263840;355;2021-03-07;65770
2021-03-06;"Banskobystrický kraj";164;70897;410;71307;NA;263840;574;2021-03-06;65415
2021-03-05;"Banskobystrický kraj";221;42336;389;42725;NA;263840;610;2021-03-05;64841
2021-03-04;"Banskobystrický kraj";226;22009;334;22343;NA;263840;560;2021-03-04;64231
2021-03-03;"Banskobystrický kraj";317;21949;331;22280;NA;263840;648;2021-03-03;63671
2021-03-02;"Banskobystrický kraj";291;23160;354;23514;NA;263840;645;2021-03-02;63023
2021-03-01;"Banskobystrický kraj";151;31773;434;32207;NA;263840;585;2021-03-01;62378
2021-02-28;"Banskobystrický kraj";45;38665;336;39001;NA;263840;381;2021-02-28;61793
2021-02-27;"Banskobystrický kraj";289;66667;529;67196;NA;263840;818;2021-02-27;61412
2021-02-26;"Banskobystrický kraj";326;39674;468;40142;NA;263840;794;2021-02-26;60594
2021-02-25;"Banskobystrický kraj";375;18081;366;18447;NA;263840;741;2021-02-25;59800
2021-02-24;"Banskobystrický kraj";332;16735;373;17108;NA;263840;705;2021-02-24;59059
2021-02-23;"Banskobystrický kraj";462;19932;439;20371;NA;263840;901;2021-02-23;58354
2021-02-22;"Banskobystrický kraj";67;28643;598;29241;NA;263840;665;2021-02-22;57453
2021-02-21;"Banskobystrický kraj";68;37619;444;38063;NA;263840;512;2021-02-21;56788
2021-02-20;"Banskobystrický kraj";280;68851;598;69449;NA;263840;878;2021-02-20;56276
2021-02-19;"Banskobystrický kraj";420;39888;511;40399;NA;263840;931;2021-02-19;55398
2021-02-18;"Banskobystrický kraj";241;18618;396;19014;NA;263840;637;2021-02-18;54467
2021-02-17;"Banskobystrický kraj";415;16740;389;17129;NA;263840;804;2021-02-17;53830
2021-02-16;"Banskobystrický kraj";338;19731;368;20099;NA;263840;706;2021-02-16;53026
2021-02-15;"Banskobystrický kraj";118;35835;591;36426;NA;263840;709;2021-02-15;52320
2021-02-14;"Banskobystrický kraj";60;31894;386;32280;NA;263840;446;2021-02-14;51611
2021-02-13;"Banskobystrický kraj";202;53889;492;54381;NA;263840;694;2021-02-13;51165
2021-02-12;"Banskobystrický kraj";312;37270;533;37803;NA;263840;845;2021-02-12;50471
2021-02-11;"Banskobystrický kraj";305;21196;386;21582;NA;263840;691;2021-02-11;49626
2021-02-10;"Banskobystrický kraj";333;14790;344;15134;NA;263840;677;2021-02-10;48935
2021-02-09;"Banskobystrický kraj";329;18504;362;18866;NA;263840;691;2021-02-09;48258
2021-02-08;"Banskobystrický kraj";103;49716;695;50411;NA;263840;798;2021-02-08;47567
2021-02-07;"Banskobystrický kraj";70;37659;335;37994;NA;263840;405;2021-02-07;46769
2021-02-06;"Banskobystrický kraj";178;69388;570;69958;NA;263840;748;2021-02-06;46364
2021-02-05;"Banskobystrický kraj";282;24577;363;24940;NA;263840;645;2021-02-05;45616
2021-02-04;"Banskobystrický kraj";240;14367;430;14797;NA;263840;670;2021-02-04;44971
2021-02-03;"Banskobystrický kraj";350;9459;255;9714;NA;263840;605;2021-02-03;44301
2021-02-02;"Banskobystrický kraj";277;15741;334;16075;NA;263840;611;2021-02-02;43696
2021-02-01;"Banskobystrický kraj";75;24346;489;24835;NA;263840;564;2021-02-01;43085
2021-01-31;"Banskobystrický kraj";34;19983;201;20184;NA;263840;235;2021-01-31;42521
2021-01-30;"Banskobystrický kraj";163;63896;525;64421;NA;263840;688;2021-01-30;42286
2021-01-29;"Banskobystrický kraj";196;17368;274;17642;NA;263840;470;2021-01-29;41598
2021-01-28;"Banskobystrický kraj";218;15613;382;15995;NA;263840;600;2021-01-28;41128
2021-01-27;"Banskobystrický kraj";191;8132;200;8332;NA;263840;391;2021-01-27;40528
2021-01-26;"Banskobystrický kraj";238;19795;283;20078;NA;263840;521;2021-01-26;40137
2021-01-25;"Banskobystrický kraj";82;33666;412;34078;NA;263840;494;2021-01-25;39616
2021-01-24;"Banskobystrický kraj";38;35587;278;35865;NA;263840;316;2021-01-24;39122
2021-01-23;"Banskobystrický kraj";142;89058;523;89581;NA;263840;665;2021-01-23;38806
2021-01-22;"Banskobystrický kraj";175;25887;355;26242;NA;263840;530;2021-01-22;38141
2021-01-21;"Banskobystrický kraj";194;17063;279;17342;NA;263840;473;2021-01-21;37611
2021-01-20;"Banskobystrický kraj";231;9142;186;9328;NA;263840;417;2021-01-20;37138
2021-01-19;"Banskobystrický kraj";213;10708;311;11019;NA;263840;524;2021-01-19;36721
2021-01-18;"Banskobystrický kraj";94;7402;401;7803;NA;263840;495;2021-01-18;36197
2021-01-17;"Banskobystrický kraj";110;8154;77;8231;NA;263840;187;2021-01-17;35702
2021-01-16;"Banskobystrický kraj";58;2274;57;2331;NA;263840;115;2021-01-16;35515
2021-01-15;"Banskobystrický kraj";164;7673;217;7890;NA;263840;381;2021-01-15;35400
2021-01-14;"Banskobystrický kraj";220;5760;325;6085;NA;263840;545;2021-01-14;35019
2021-01-13;"Banskobystrický kraj";235;5974;217;6191;NA;263840;452;2021-01-13;34474
2021-01-12;"Banskobystrický kraj";194;6600;290;6890;NA;263840;484;2021-01-12;34022
2021-01-11;"Banskobystrický kraj";76;8231;481;8712;NA;263840;557;2021-01-11;33538
2021-01-10;"Banskobystrický kraj";110;433;4;437;NA;263840;114;2021-01-10;32981
2021-01-09;"Banskobystrický kraj";297;2378;81;2459;NA;263840;378;2021-01-09;32867
2021-01-08;"Banskobystrický kraj";435;9805;443;10248;NA;263840;878;2021-01-08;32489
2021-01-07;"Banskobystrický kraj";127;6322;366;6688;NA;263840;493;2021-01-07;31611
2021-01-06;"Banskobystrický kraj";305;3374;185;3559;NA;263840;490;2021-01-06;31118
2021-01-05;"Banskobystrický kraj";372;7349;533;7882;NA;263840;905;2021-01-05;30628
2021-01-04;"Banskobystrický kraj";130;7087;700;7787;NA;263840;830;2021-01-04;29723
2021-01-03;"Banskobystrický kraj";199;320;19;339;NA;263840;218;2021-01-03;28893
2021-01-02;"Banskobystrický kraj";123;702;85;787;NA;263840;208;2021-01-02;28675
2021-01-01;"Banskobystrický kraj";220;1958;132;2090;NA;263840;352;2021-01-01;28467
2020-12-31;"Banskobystrický kraj";499;7679;633;8312;NA;263840;1132;2020-12-31;28115
2020-12-30;"Banskobystrický kraj";593;7407;541;7948;NA;263840;1134;2020-12-30;26983
2020-12-29;"Banskobystrický kraj";240;7876;660;8536;NA;263840;900;2020-12-29;25849
2020-12-28;"Banskobystrický kraj";131;6120;720;6840;NA;263840;851;2020-12-28;24949
2020-12-27;"Banskobystrický kraj";116;541;25;566;NA;263840;141;2020-12-27;24098
2020-12-26;"Banskobystrický kraj";61;295;35;330;NA;263840;96;2020-12-26;23957
2020-12-25;"Banskobystrický kraj";65;888;10;898;NA;263840;75;2020-12-25;23861
2020-12-24;"Banskobystrický kraj";452;3685;135;3820;NA;263840;587;2020-12-24;23786
2020-12-23;"Banskobystrický kraj";368;9892;473;10365;NA;263840;841;2020-12-23;23199
2020-12-22;"Banskobystrický kraj";307;8468;619;9087;NA;263840;926;2020-12-22;22358
2020-12-21;"Banskobystrický kraj";286;4922;455;5377;NA;263840;741;2020-12-21;21432
2020-12-20;"Banskobystrický kraj";155;250;14;264;NA;263840;169;2020-12-20;20691
2020-12-19;"Banskobystrický kraj";170;3084;138;3222;NA;263840;308;2020-12-19;20522
2020-12-18;"Banskobystrický kraj";432;5959;331;6290;NA;263840;763;2020-12-18;20214
2020-12-17;"Banskobystrický kraj";468;8753;653;9406;NA;263840;1121;2020-12-17;19451
2020-12-16;"Banskobystrický kraj";379;10184;567;10751;NA;263840;946;2020-12-16;18330
2020-12-15;"Banskobystrický kraj";336;5281;425;5706;NA;263840;761;2020-12-15;17384
2020-12-14;"Banskobystrický kraj";148;4012;259;4271;NA;263840;407;2020-12-14;16623
2020-12-13;"Banskobystrický kraj";122;142;1;143;NA;263840;123;2020-12-13;16216
2020-12-12;"Banskobystrický kraj";137;2714;138;2852;NA;263840;275;2020-12-12;16093
2020-12-11;"Banskobystrický kraj";468;6633;362;6995;NA;263840;830;2020-12-11;15818
2020-12-10;"Banskobystrický kraj";280;5501;369;5870;NA;263840;649;2020-12-10;14988
2020-12-09;"Banskobystrický kraj";323;3941;205;4146;NA;263840;528;2020-12-09;14339
2020-12-08;"Banskobystrický kraj";256;3782;272;4054;NA;263840;528;2020-12-08;13811
2020-12-07;"Banskobystrický kraj";175;2633;177;2810;NA;263840;352;2020-12-07;13283
2020-12-06;"Banskobystrický kraj";121;507;11;518;NA;263840;132;2020-12-06;12931
2020-12-05;"Banskobystrický kraj";109;1099;34;1133;NA;263840;143;2020-12-05;12799
2020-12-04;"Banskobystrický kraj";339;3828;174;4002;NA;263840;513;2020-12-04;12656
2020-12-03;"Banskobystrický kraj";240;3193;234;3427;NA;263840;474;2020-12-03;12143
2020-12-02;"Banskobystrický kraj";217;4442;186;4628;NA;263840;403;2020-12-02;11669
2020-12-01;"Banskobystrický kraj";215;2702;134;2836;NA;263840;349;2020-12-01;11266
2020-11-30;"Banskobystrický kraj";74;4314;241;4555;NA;263840;315;2020-11-30;10917
2020-11-29;"Banskobystrický kraj";19;208;7;215;NA;263840;26;2020-11-29;10602
2020-11-28;"Banskobystrický kraj";81;1408;55;1463;NA;263840;136;2020-11-28;10576
2020-11-27;"Banskobystrický kraj";219;2566;123;2689;NA;263840;342;2020-11-27;10440
2020-11-26;"Banskobystrický kraj";208;2124;93;2217;NA;263840;301;2020-11-26;10098
2020-11-25;"Banskobystrický kraj";170;1952;86;2038;NA;263840;256;2020-11-25;9797
2020-11-24;"Banskobystrický kraj";166;2566;69;2635;NA;263840;235;2020-11-24;9541
2020-11-23;"Banskobystrický kraj";66;10147;193;10340;NA;263840;259;2020-11-23;9306
2020-11-22;"Banskobystrický kraj";38;104;1;105;NA;263840;39;2020-11-22;9047
2020-11-21;"Banskobystrický kraj";52;904;14;918;NA;263840;66;2020-11-21;9008
2020-11-20;"Banskobystrický kraj";127;2005;107;2112;NA;263840;234;2020-11-20;8942
2020-11-19;"Banskobystrický kraj";170;1218;82;1300;NA;263840;252;2020-11-19;8708
2020-11-18;"Banskobystrický kraj";153;698;65;763;NA;263840;218;2020-11-18;8456
2020-11-17;"Banskobystrický kraj";52;578;35;613;NA;263840;87;2020-11-17;8238
2020-11-16;"Banskobystrický kraj";106;470;25;495;NA;263840;131;2020-11-16;8151
2020-11-15;"Banskobystrický kraj";52;301;4;305;NA;263840;56;2020-11-15;8020
2020-11-14;"Banskobystrický kraj";73;305;2;307;NA;263840;75;2020-11-14;7964
2020-11-13;"Banskobystrický kraj";157;552;11;563;NA;263840;168;2020-11-13;7889
2020-11-12;"Banskobystrický kraj";218;952;44;996;NA;263840;262;2020-11-12;7721
2020-11-11;"Banskobystrický kraj";224;437;9;446;NA;263840;233;2020-11-11;7459
2020-11-10;"Banskobystrický kraj";263;463;18;481;NA;263840;281;2020-11-10;7226
2020-11-09;"Banskobystrický kraj";80;2678;31;2709;NA;263840;111;2020-11-09;6945
2020-11-08;"Banskobystrický kraj";82;981;16;997;NA;263840;98;2020-11-08;6834
2020-11-07;"Banskobystrický kraj";164;8828;94;8922;NA;263840;258;2020-11-07;6736
2020-11-06;"Banskobystrický kraj";227;2496;16;2512;NA;263840;243;2020-11-06;6478
2020-11-05;"Banskobystrický kraj";240;290;33;323;NA;263840;273;2020-11-05;6235
2020-11-04;"Banskobystrický kraj";254;1366;13;1379;NA;263840;267;2020-11-04;5962
2020-11-03;"Banskobystrický kraj";246;1332;4;1336;NA;263840;250;2020-11-03;5695
2020-11-02;"Banskobystrický kraj";90;2909;65;2974;NA;263840;155;2020-11-02;5445
2020-11-01;"Banskobystrický kraj";101;2671;42;2713;NA;263840;143;2020-11-01;5290
2020-10-31;"Banskobystrický kraj";199;13516;116;13632;NA;263840;315;2020-10-31;5147
2020-10-30;"Banskobystrický kraj";254;2829;20;2849;NA;263840;274;2020-10-30;4832
2020-10-29;"Banskobystrický kraj";372;969;42;1011;NA;263840;414;2020-10-29;4558
2020-10-28;"Banskobystrický kraj";285;302;30;332;NA;263840;315;2020-10-28;4144
2020-10-27;"Banskobystrický kraj";266;654;40;694;NA;263840;306;2020-10-27;3829
2020-10-26;"Banskobystrický kraj";38;234;29;263;NA;263840;67;2020-10-26;3523
2020-10-25;"Banskobystrický kraj";50;140;11;151;NA;263840;61;2020-10-25;3456
2020-10-24;"Banskobystrický kraj";315;114;12;126;NA;263840;327;2020-10-24;3395
2020-10-23;"Banskobystrický kraj";70;230;29;259;NA;263840;99;2020-10-23;3068
2022-03-28;"Bratislavský kraj";1275;0;0;0;231310;321433;1275;2022-03-28;321433
2022-03-27;"Bratislavský kraj";962;885;130;1015;NA;321433;1092;2022-03-27;320158
2022-03-26;"Bratislavský kraj";1391;828;89;917;NA;321433;1480;2022-03-26;319066
2022-03-25;"Bratislavský kraj";1793;2154;158;2312;NA;321433;1951;2022-03-25;317586
2022-03-24;"Bratislavský kraj";1708;2564;190;2754;NA;321433;1898;2022-03-24;315635
2022-03-23;"Bratislavský kraj";2093;2781;189;2970;NA;321433;2282;2022-03-23;313737
2022-03-22;"Bratislavský kraj";1857;2848;221;3069;NA;321433;2078;2022-03-22;311455
2022-03-21;"Bratislavský kraj";1469;4326;371;4697;NA;321433;1840;2022-03-21;309377
2022-03-20;"Bratislavský kraj";935;1344;175;1519;NA;321433;1110;2022-03-20;307537
2022-03-19;"Bratislavský kraj";1672;1481;136;1617;NA;321433;1808;2022-03-19;306427
2022-03-18;"Bratislavský kraj";1977;2930;208;3138;NA;321433;2185;2022-03-18;304619
2022-03-17;"Bratislavský kraj";2024;3477;245;3722;NA;321433;2269;2022-03-17;302434
2022-03-16;"Bratislavský kraj";1895;2748;257;3005;NA;321433;2152;2022-03-16;300165
2022-03-15;"Bratislavský kraj";1982;3779;338;4117;NA;321433;2320;2022-03-15;298013
2022-03-14;"Bratislavský kraj";1557;4095;342;4437;NA;321433;1899;2022-03-14;295693
2022-03-13;"Bratislavský kraj";738;1311;161;1472;NA;321433;899;2022-03-13;293794
2022-03-12;"Bratislavský kraj";1632;1250;110;1360;NA;321433;1742;2022-03-12;292895
2022-03-11;"Bratislavský kraj";1184;3141;316;3457;NA;321433;1500;2022-03-11;291153
2022-03-10;"Bratislavský kraj";1706;3576;347;3923;NA;321433;2053;2022-03-10;289653
2022-03-09;"Bratislavský kraj";1723;2810;276;3086;NA;321433;1999;2022-03-09;287600
2022-03-08;"Bratislavský kraj";1925;3821;342;4163;NA;321433;2267;2022-03-08;285601
2022-03-07;"Bratislavský kraj";1451;4273;478;4751;NA;321433;1929;2022-03-07;283334
2022-03-06;"Bratislavský kraj";850;1541;213;1754;NA;321433;1063;2022-03-06;281405
2022-03-05;"Bratislavský kraj";1203;1331;178;1509;NA;321433;1381;2022-03-05;280342
2022-03-04;"Bratislavský kraj";1443;2994;307;3301;NA;321433;1750;2022-03-04;278961
2022-03-03;"Bratislavský kraj";1599;3281;328;3609;NA;321433;1927;2022-03-03;277211
2022-03-02;"Bratislavský kraj";1677;2536;309;2845;NA;321433;1986;2022-03-02;275284
2022-03-01;"Bratislavský kraj";1560;3651;341;3992;NA;321433;1901;2022-03-01;273298
2022-02-28;"Bratislavský kraj";1593;4052;472;4524;NA;321433;2065;2022-02-28;271397
2022-02-27;"Bratislavský kraj";1156;1746;227;1973;NA;321433;1383;2022-02-27;269332
2022-02-26;"Bratislavský kraj";1228;1749;209;1958;NA;321433;1437;2022-02-26;267949
2022-02-25;"Bratislavský kraj";1692;3604;323;3927;NA;321433;2015;2022-02-25;266512
2022-02-24;"Bratislavský kraj";1760;3992;324;4316;NA;321433;2084;2022-02-24;264497
2022-02-23;"Bratislavský kraj";2105;3450;393;3843;NA;321433;2498;2022-02-23;262413
2022-02-22;"Bratislavský kraj";2951;4213;384;4597;NA;321433;3335;2022-02-22;259915
2022-02-21;"Bratislavský kraj";781;5116;517;5633;NA;321433;1298;2022-02-21;256580
2022-02-20;"Bratislavský kraj";1314;2005;294;2299;NA;321433;1608;2022-02-20;255282
2022-02-19;"Bratislavský kraj";1510;1929;235;2164;NA;321433;1745;2022-02-19;253674
2022-02-18;"Bratislavský kraj";2315;3835;378;4213;NA;321433;2693;2022-02-18;251929
2022-02-17;"Bratislavský kraj";2279;4412;416;4828;NA;321433;2695;2022-02-17;249236
2022-02-16;"Bratislavský kraj";2137;3749;419;4168;NA;321433;2556;2022-02-16;246541
2022-02-15;"Bratislavský kraj";2276;4894;475;5369;NA;321433;2751;2022-02-15;243985
2022-02-14;"Bratislavský kraj";2700;6170;601;6771;NA;321433;3301;2022-02-14;241234
2022-02-13;"Bratislavský kraj";1343;2248;395;2643;NA;321433;1738;2022-02-13;237933
2022-02-12;"Bratislavský kraj";1872;2273;336;2609;NA;321433;2208;2022-02-12;236195
2022-02-11;"Bratislavský kraj";2431;5054;419;5473;NA;321433;2850;2022-02-11;233987
2022-02-10;"Bratislavský kraj";2595;4563;427;4990;NA;321433;3022;2022-02-10;231137
2022-02-09;"Bratislavský kraj";2414;4706;477;5183;NA;321433;2891;2022-02-09;228115
2022-02-08;"Bratislavský kraj";2878;5134;512;5646;NA;321433;3390;2022-02-08;225224
2022-02-07;"Bratislavský kraj";2636;6970;668;7638;NA;321433;3304;2022-02-07;221834
2022-02-06;"Bratislavský kraj";1680;3005;382;3387;NA;321433;2062;2022-02-06;218530
2022-02-05;"Bratislavský kraj";2156;2456;315;2771;NA;321433;2471;2022-02-05;216468
2022-02-04;"Bratislavský kraj";2586;4679;408;5087;NA;321433;2994;2022-02-04;213997
2022-02-03;"Bratislavský kraj";2540;6005;435;6440;NA;321433;2975;2022-02-03;211003
2022-02-02;"Bratislavský kraj";2655;5035;465;5500;NA;321433;3120;2022-02-02;208028
2022-02-01;"Bratislavský kraj";2758;6001;469;6470;NA;321433;3227;2022-02-01;204908
2022-01-31;"Bratislavský kraj";2172;8357;712;9069;NA;321433;2884;2022-01-31;201681
2022-01-30;"Bratislavský kraj";1418;3314;362;3676;NA;321433;1780;2022-01-30;198797
2022-01-29;"Bratislavský kraj";1762;3138;326;3464;NA;321433;2088;2022-01-29;197017
2022-01-28;"Bratislavský kraj";2237;5047;389;5436;NA;321433;2626;2022-01-28;194929
2022-01-27;"Bratislavský kraj";2014;5975;334;6309;NA;321433;2348;2022-01-27;192303
2022-01-26;"Bratislavský kraj";1792;4895;367;5262;NA;321433;2159;2022-01-26;189955
2022-01-25;"Bratislavský kraj";1933;5551;385;5936;NA;321433;2318;2022-01-25;187796
2022-01-24;"Bratislavský kraj";1173;7911;315;8226;NA;321433;1488;2022-01-24;185478
2022-01-23;"Bratislavský kraj";862;3289;151;3440;NA;321433;1013;2022-01-23;183990
2022-01-22;"Bratislavský kraj";1130;2802;125;2927;NA;321433;1255;2022-01-22;182977
2022-01-21;"Bratislavský kraj";1057;4656;166;4822;NA;321433;1223;2022-01-21;181722
2022-01-20;"Bratislavský kraj";940;4893;146;5039;NA;321433;1086;2022-01-20;180499
2022-01-19;"Bratislavský kraj";857;4618;169;4787;NA;321433;1026;2022-01-19;179413
2022-01-18;"Bratislavský kraj";794;5002;163;5165;NA;321433;957;2022-01-18;178387
2022-01-17;"Bratislavský kraj";534;7242;150;7392;NA;321433;684;2022-01-17;177430
2022-01-16;"Bratislavský kraj";300;2854;77;2931;NA;321433;377;2022-01-16;176746
2022-01-15;"Bratislavský kraj";543;2139;71;2210;NA;321433;614;2022-01-15;176369
2022-01-14;"Bratislavský kraj";356;3692;70;3762;NA;321433;426;2022-01-14;175755
2022-01-13;"Bratislavský kraj";382;4579;82;4661;NA;321433;464;2022-01-13;175329
2022-01-12;"Bratislavský kraj";415;4014;71;4085;NA;321433;486;2022-01-12;174865
2022-01-11;"Bratislavský kraj";407;4910;110;5020;NA;321433;517;2022-01-11;174379
2022-01-10;"Bratislavský kraj";413;6380;101;6481;NA;321433;514;2022-01-10;173862
2022-01-09;"Bratislavský kraj";187;3080;71;3151;NA;321433;258;2022-01-09;173348
2022-01-08;"Bratislavský kraj";323;1951;58;2009;NA;321433;381;2022-01-08;173090
2022-01-07;"Bratislavský kraj";436;3809;100;3909;NA;321433;536;2022-01-07;172709
2022-01-06;"Bratislavský kraj";192;2163;51;2214;NA;321433;243;2022-01-06;172173
2022-01-05;"Bratislavský kraj";426;4047;69;4116;NA;321433;495;2022-01-05;171930
2022-01-04;"Bratislavský kraj";446;4467;101;4568;NA;321433;547;2022-01-04;171435
2022-01-03;"Bratislavský kraj";578;5672;129;5801;NA;321433;707;2022-01-03;170888
2022-01-02;"Bratislavský kraj";198;3137;80;3217;NA;321433;278;2022-01-02;170181
2022-01-01;"Bratislavský kraj";7;1103;36;1139;NA;321433;43;2022-01-01;169903
2021-12-31;"Bratislavský kraj";371;3443;92;3535;NA;321433;463;2021-12-31;169860
2021-12-30;"Bratislavský kraj";468;3619;119;3738;NA;321433;587;2021-12-30;169397
2021-12-29;"Bratislavský kraj";404;3598;85;3683;NA;321433;489;2021-12-29;168810
2021-12-28;"Bratislavský kraj";578;4329;121;4450;NA;321433;699;2021-12-28;168321
2021-12-27;"Bratislavský kraj";656;4693;108;4801;NA;321433;764;2021-12-27;167622
2021-12-26;"Bratislavský kraj";198;2549;83;2632;NA;321433;281;2021-12-26;166858
2021-12-25;"Bratislavský kraj";34;1160;53;1213;NA;321433;87;2021-12-25;166577
2021-12-24;"Bratislavský kraj";171;2214;55;2269;NA;321433;226;2021-12-24;166490
2021-12-23;"Bratislavský kraj";678;4134;115;4249;NA;321433;793;2021-12-23;166264
2021-12-22;"Bratislavský kraj";575;4919;118;5037;NA;321433;693;2021-12-22;165471
2021-12-21;"Bratislavský kraj";625;5628;167;5795;NA;321433;792;2021-12-21;164778
2021-12-20;"Bratislavský kraj";528;6163;158;6321;NA;321433;686;2021-12-20;163986
2021-12-19;"Bratislavský kraj";250;3042;98;3140;NA;321433;348;2021-12-19;163300
2021-12-18;"Bratislavský kraj";528;2654;103;2757;NA;321433;631;2021-12-18;162952
2021-12-17;"Bratislavský kraj";683;4917;145;5062;NA;321433;828;2021-12-17;162321
2021-12-16;"Bratislavský kraj";730;5576;162;5738;NA;321433;892;2021-12-16;161493
2021-12-15;"Bratislavský kraj";881;4884;158;5042;NA;321433;1039;2021-12-15;160601
2021-12-14;"Bratislavský kraj";869;5397;179;5576;NA;321433;1048;2021-12-14;159562
2021-12-13;"Bratislavský kraj";648;7614;239;7853;NA;321433;887;2021-12-13;158514
2021-12-12;"Bratislavský kraj";534;3474;129;3603;NA;321433;663;2021-12-12;157627
2021-12-11;"Bratislavský kraj";698;2377;153;2530;NA;321433;851;2021-12-11;156964
2021-12-10;"Bratislavský kraj";796;4728;186;4914;NA;321433;982;2021-12-10;156113
2021-12-09;"Bratislavský kraj";1040;4152;174;4326;NA;321433;1214;2021-12-09;155131
2021-12-08;"Bratislavský kraj";1172;4602;196;4798;NA;321433;1368;2021-12-08;153917
2021-12-07;"Bratislavský kraj";1236;5173;257;5430;NA;321433;1493;2021-12-07;152549
2021-12-06;"Bratislavský kraj";1434;8714;312;9026;NA;321433;1746;2021-12-06;151056
2021-12-05;"Bratislavský kraj";633;3874;197;4071;NA;321433;830;2021-12-05;149310
2021-12-04;"Bratislavský kraj";936;4332;195;4527;NA;321433;1131;2021-12-04;148480
2021-12-03;"Bratislavský kraj";1222;4351;269;4620;NA;321433;1491;2021-12-03;147349
2021-12-02;"Bratislavský kraj";2053;5097;311;5408;NA;321433;2364;2021-12-02;145858
2021-12-01;"Bratislavský kraj";1161;9058;295;9353;NA;321433;1456;2021-12-01;143494
2021-11-30;"Bratislavský kraj";1442;6508;355;6863;NA;321433;1797;2021-11-30;142038
2021-11-29;"Bratislavský kraj";863;8823;452;9275;NA;321433;1315;2021-11-29;140241
2021-11-28;"Bratislavský kraj";617;5102;295;5397;NA;321433;912;2021-11-28;138926
2021-11-27;"Bratislavský kraj";1026;3497;329;3826;NA;321433;1355;2021-11-27;138014
2021-11-26;"Bratislavský kraj";1346;5483;422;5905;NA;321433;1768;2021-11-26;136659
2021-11-25;"Bratislavský kraj";1415;6383;451;6834;NA;321433;1866;2021-11-25;134891
2021-11-24;"Bratislavský kraj";1286;6849;467;7316;NA;321433;1753;2021-11-24;133025
2021-11-23;"Bratislavský kraj";1651;6351;433;6784;NA;321433;2084;2021-11-23;131272
2021-11-22;"Bratislavský kraj";1197;8722;584;9306;NA;321433;1781;2021-11-22;129188
2021-11-21;"Bratislavský kraj";702;4324;320;4644;NA;321433;1022;2021-11-21;127407
2021-11-20;"Bratislavský kraj";1005;3514;360;3874;NA;321433;1365;2021-11-20;126385
2021-11-19;"Bratislavský kraj";1444;5927;549;6476;NA;321433;1993;2021-11-19;125020
2021-11-18;"Bratislavský kraj";1052;6358;548;6906;NA;321433;1600;2021-11-18;123027
2021-11-17;"Bratislavský kraj";832;2439;308;2747;NA;321433;1140;2021-11-17;121427
2021-11-16;"Bratislavský kraj";1067;5792;443;6235;NA;321433;1510;2021-11-16;120287
2021-11-15;"Bratislavský kraj";1014;6330;519;6849;NA;321433;1533;2021-11-15;118777
2021-11-14;"Bratislavský kraj";448;3202;335;3537;NA;321433;783;2021-11-14;117244
2021-11-13;"Bratislavský kraj";587;3251;313;3564;NA;321433;900;2021-11-13;116461
2021-11-12;"Bratislavský kraj";856;5723;357;6080;NA;321433;1213;2021-11-12;115561
2021-11-11;"Bratislavský kraj";787;6028;355;6383;NA;321433;1142;2021-11-11;114348
2021-11-10;"Bratislavský kraj";840;5903;385;6288;NA;321433;1225;2021-11-10;113206
2021-11-09;"Bratislavský kraj";939;5733;350;6083;NA;321433;1289;2021-11-09;111981
2021-11-08;"Bratislavský kraj";579;5641;404;6045;NA;321433;983;2021-11-08;110692
2021-11-07;"Bratislavský kraj";363;2836;244;3080;NA;321433;607;2021-11-07;109709
2021-11-06;"Bratislavský kraj";538;2901;243;3144;NA;321433;781;2021-11-06;109102
2021-11-05;"Bratislavský kraj";801;5640;318;5958;NA;321433;1119;2021-11-05;108321
2021-11-04;"Bratislavský kraj";768;5233;273;5506;NA;321433;1041;2021-11-04;107202
2021-11-03;"Bratislavský kraj";690;5120;290;5410;NA;321433;980;2021-11-03;106161
2021-11-02;"Bratislavský kraj";422;6356;327;6683;NA;321433;749;2021-11-02;105181
2021-11-01;"Bratislavský kraj";395;1733;136;1869;NA;321433;531;2021-11-01;104432
2021-10-31;"Bratislavský kraj";209;2280;163;2443;NA;321433;372;2021-10-31;103901
2021-10-30;"Bratislavský kraj";429;2138;118;2256;NA;321433;547;2021-10-30;103529
2021-10-29;"Bratislavský kraj";445;4757;219;4976;NA;321433;664;2021-10-29;102982
2021-10-28;"Bratislavský kraj";372;4777;179;4956;NA;321433;551;2021-10-28;102318
2021-10-27;"Bratislavský kraj";376;4522;164;4686;NA;321433;540;2021-10-27;101767
2021-10-26;"Bratislavský kraj";461;4492;188;4680;NA;321433;649;2021-10-26;101227
2021-10-25;"Bratislavský kraj";379;5347;192;5539;NA;321433;571;2021-10-25;100578
2021-10-24;"Bratislavský kraj";114;2369;91;2460;NA;321433;205;2021-10-24;100007
2021-10-23;"Bratislavský kraj";301;2666;91;2757;NA;321433;392;2021-10-23;99802
2021-10-22;"Bratislavský kraj";309;4466;122;4588;NA;321433;431;2021-10-22;99410
2021-10-21;"Bratislavský kraj";244;4544;101;4645;NA;321433;345;2021-10-21;98979
2021-10-20;"Bratislavský kraj";262;3897;95;3992;NA;321433;357;2021-10-20;98634
2021-10-19;"Bratislavský kraj";260;4116;68;4184;NA;321433;328;2021-10-19;98277
2021-10-18;"Bratislavský kraj";250;5014;114;5128;NA;321433;364;2021-10-18;97949
2021-10-17;"Bratislavský kraj";54;2460;73;2533;NA;321433;127;2021-10-17;97585
2021-10-16;"Bratislavský kraj";185;2687;63;2750;NA;321433;248;2021-10-16;97458
2021-10-15;"Bratislavský kraj";169;4200;64;4264;NA;321433;233;2021-10-15;97210
2021-10-14;"Bratislavský kraj";173;4714;61;4775;NA;321433;234;2021-10-14;96977
2021-10-13;"Bratislavský kraj";143;3671;76;3747;NA;321433;219;2021-10-13;96743
2021-10-12;"Bratislavský kraj";183;4037;78;4115;NA;321433;261;2021-10-12;96524
2021-10-11;"Bratislavský kraj";191;4798;88;4886;NA;321433;279;2021-10-11;96263
2021-10-10;"Bratislavský kraj";29;2176;43;2219;NA;321433;72;2021-10-10;95984
2021-10-09;"Bratislavský kraj";141;2419;34;2453;NA;321433;175;2021-10-09;95912
2021-10-08;"Bratislavský kraj";130;4511;63;4574;NA;321433;193;2021-10-08;95737
2021-10-07;"Bratislavský kraj";92;4137;61;4198;NA;321433;153;2021-10-07;95544
2021-10-06;"Bratislavský kraj";147;4028;68;4096;NA;321433;215;2021-10-06;95391
2021-10-05;"Bratislavský kraj";164;4468;70;4538;NA;321433;234;2021-10-05;95176
2021-10-04;"Bratislavský kraj";129;4653;79;4732;NA;321433;208;2021-10-04;94942
2021-10-03;"Bratislavský kraj";41;2144;42;2186;NA;321433;83;2021-10-03;94734
2021-10-02;"Bratislavský kraj";104;2605;40;2645;NA;321433;144;2021-10-02;94651
2021-10-01;"Bratislavský kraj";108;4818;57;4875;NA;321433;165;2021-10-01;94507
2021-09-30;"Bratislavský kraj";90;3854;60;3914;NA;321433;150;2021-09-30;94342
2021-09-29;"Bratislavský kraj";115;3508;58;3566;NA;321433;173;2021-09-29;94192
2021-09-28;"Bratislavský kraj";144;4003;48;4051;NA;321433;192;2021-09-28;94019
2021-09-27;"Bratislavský kraj";123;4427;70;4497;NA;321433;193;2021-09-27;93827
2021-09-26;"Bratislavský kraj";32;2194;31;2225;NA;321433;63;2021-09-26;93634
2021-09-25;"Bratislavský kraj";85;2742;38;2780;NA;321433;123;2021-09-25;93571
2021-09-24;"Bratislavský kraj";82;4212;59;4271;NA;321433;141;2021-09-24;93448
2021-09-23;"Bratislavský kraj";90;3975;51;4026;NA;321433;141;2021-09-23;93307
2021-09-22;"Bratislavský kraj";84;3757;63;3820;NA;321433;147;2021-09-22;93166
2021-09-21;"Bratislavský kraj";95;3574;39;3613;NA;321433;134;2021-09-21;93019
2021-09-20;"Bratislavský kraj";84;3937;31;3968;NA;321433;115;2021-09-20;92885
2021-09-19;"Bratislavský kraj";31;1850;28;1878;NA;321433;59;2021-09-19;92770
2021-09-18;"Bratislavský kraj";60;1989;19;2008;NA;321433;79;2021-09-18;92711
2021-09-17;"Bratislavský kraj";87;3443;27;3470;NA;321433;114;2021-09-17;92632
2021-09-16;"Bratislavský kraj";57;3781;43;3824;NA;321433;100;2021-09-16;92518
2021-09-15;"Bratislavský kraj";41;1104;21;1125;NA;321433;62;2021-09-15;92418
2021-09-14;"Bratislavský kraj";78;3518;31;3549;NA;321433;109;2021-09-14;92356
2021-09-13;"Bratislavský kraj";47;3191;28;3219;NA;321433;75;2021-09-13;92247
2021-09-12;"Bratislavský kraj";13;1713;21;1734;NA;321433;34;2021-09-12;92172
2021-09-11;"Bratislavský kraj";36;2064;13;2077;NA;321433;49;2021-09-11;92138
2021-09-10;"Bratislavský kraj";47;3628;18;3646;NA;321433;65;2021-09-10;92089
2021-09-09;"Bratislavský kraj";50;3010;30;3040;NA;321433;80;2021-09-09;92024
2021-09-08;"Bratislavský kraj";56;2925;20;2945;NA;321433;76;2021-09-08;91944
2021-09-07;"Bratislavský kraj";50;3272;18;3290;NA;321433;68;2021-09-07;91868
2021-09-06;"Bratislavský kraj";63;2821;29;2850;NA;321433;92;2021-09-06;91800
2021-09-05;"Bratislavský kraj";10;1682;14;1696;NA;321433;24;2021-09-05;91708
2021-09-04;"Bratislavský kraj";41;2612;11;2623;NA;321433;52;2021-09-04;91684
2021-09-03;"Bratislavský kraj";55;3016;14;3030;NA;321433;69;2021-09-03;91632
2021-09-02;"Bratislavský kraj";35;2423;23;2446;NA;321433;58;2021-09-02;91563
2021-09-01;"Bratislavský kraj";16;929;9;938;NA;321433;25;2021-09-01;91505
2021-08-31;"Bratislavský kraj";28;5197;22;5219;NA;321433;50;2021-08-31;91480
2021-08-30;"Bratislavský kraj";24;2403;13;2416;NA;321433;37;2021-08-30;91430
2021-08-29;"Bratislavský kraj";11;1016;6;1022;NA;321433;17;2021-08-29;91393
2021-08-28;"Bratislavský kraj";24;1714;11;1725;NA;321433;35;2021-08-28;91376
2021-08-27;"Bratislavský kraj";19;2850;9;2859;NA;321433;28;2021-08-27;91341
2021-08-26;"Bratislavský kraj";15;2382;19;2401;NA;321433;34;2021-08-26;91313
2021-08-25;"Bratislavský kraj";29;1888;10;1898;NA;321433;39;2021-08-25;91279
2021-08-24;"Bratislavský kraj";22;1785;4;1789;NA;321433;26;2021-08-24;91240
2021-08-23;"Bratislavský kraj";21;2183;7;2190;NA;321433;28;2021-08-23;91214
2021-08-22;"Bratislavský kraj";5;1383;8;1391;NA;321433;13;2021-08-22;91186
2021-08-21;"Bratislavský kraj";18;1681;4;1685;NA;321433;22;2021-08-21;91173
2021-08-20;"Bratislavský kraj";27;2747;19;2766;NA;321433;46;2021-08-20;91151
2021-08-19;"Bratislavský kraj";15;2122;9;2131;NA;321433;24;2021-08-19;91105
2021-08-18;"Bratislavský kraj";16;1659;11;1670;NA;321433;27;2021-08-18;91081
2021-08-17;"Bratislavský kraj";18;1608;5;1613;NA;321433;23;2021-08-17;91054
2021-08-16;"Bratislavský kraj";18;2559;12;2571;NA;321433;30;2021-08-16;91031
2021-08-15;"Bratislavský kraj";3;1169;6;1175;NA;321433;9;2021-08-15;91001
2021-08-14;"Bratislavský kraj";11;1519;4;1523;NA;321433;15;2021-08-14;90992
2021-08-13;"Bratislavský kraj";32;2634;7;2641;NA;321433;39;2021-08-13;90977
2021-08-12;"Bratislavský kraj";16;1824;9;1833;NA;321433;25;2021-08-12;90938
2021-08-11;"Bratislavský kraj";22;1621;5;1626;NA;321433;27;2021-08-11;90913
2021-08-10;"Bratislavský kraj";15;1630;7;1637;NA;321433;22;2021-08-10;90886
2021-08-09;"Bratislavský kraj";35;1927;9;1936;NA;321433;44;2021-08-09;90864
2021-08-08;"Bratislavský kraj";3;1152;4;1156;NA;321433;7;2021-08-08;90820
2021-08-07;"Bratislavský kraj";6;1572;9;1581;NA;321433;15;2021-08-07;90813
2021-08-06;"Bratislavský kraj";9;2510;10;2520;NA;321433;19;2021-08-06;90798
2021-08-05;"Bratislavský kraj";10;1651;7;1658;NA;321433;17;2021-08-05;90779
2021-08-04;"Bratislavský kraj";9;1578;0;1578;NA;321433;9;2021-08-04;90762
2021-08-03;"Bratislavský kraj";11;1507;5;1512;NA;321433;16;2021-08-03;90753
2021-08-02;"Bratislavský kraj";15;1749;11;1760;NA;321433;26;2021-08-02;90737
2021-08-01;"Bratislavský kraj";4;1224;8;1232;NA;321433;12;2021-08-01;90711
2021-07-31;"Bratislavský kraj";7;1623;2;1625;NA;321433;9;2021-07-31;90699
2021-07-30;"Bratislavský kraj";15;2540;7;2547;NA;321433;22;2021-07-30;90690
2021-07-29;"Bratislavský kraj";19;1790;7;1797;NA;321433;26;2021-07-29;90668
2021-07-28;"Bratislavský kraj";8;1538;11;1549;NA;321433;19;2021-07-28;90642
2021-07-27;"Bratislavský kraj";9;1476;5;1481;NA;321433;14;2021-07-27;90623
2021-07-26;"Bratislavský kraj";17;1806;7;1813;NA;321433;24;2021-07-26;90609
2021-07-25;"Bratislavský kraj";4;1411;2;1413;NA;321433;6;2021-07-25;90585
2021-07-24;"Bratislavský kraj";9;1732;3;1735;NA;321433;12;2021-07-24;90579
2021-07-23;"Bratislavský kraj";6;2400;3;2403;NA;321433;9;2021-07-23;90567
2021-07-22;"Bratislavský kraj";12;1944;6;1950;NA;321433;18;2021-07-22;90558
2021-07-21;"Bratislavský kraj";5;1860;6;1866;NA;321433;11;2021-07-21;90540
2021-07-20;"Bratislavský kraj";19;1559;1;1560;NA;321433;20;2021-07-20;90529
2021-07-19;"Bratislavský kraj";15;2259;3;2262;NA;321433;18;2021-07-19;90509
2021-07-18;"Bratislavský kraj";2;1462;3;1465;NA;321433;5;2021-07-18;90491
2021-07-17;"Bratislavský kraj";3;1870;2;1872;NA;321433;5;2021-07-17;90486
2021-07-16;"Bratislavský kraj";8;2834;4;2838;NA;321433;12;2021-07-16;90481
2021-07-15;"Bratislavský kraj";5;1677;0;1677;NA;321433;5;2021-07-15;90469
2021-07-14;"Bratislavský kraj";5;1904;3;1907;NA;321433;8;2021-07-14;90464
2021-07-13;"Bratislavský kraj";4;1584;4;1588;NA;321433;8;2021-07-13;90456
2021-07-12;"Bratislavský kraj";6;1780;5;1785;NA;321433;11;2021-07-12;90448
2021-07-11;"Bratislavský kraj";3;1896;3;1899;NA;321433;6;2021-07-11;90437
2021-07-10;"Bratislavský kraj";5;2240;3;2243;NA;321433;8;2021-07-10;90431
2021-07-09;"Bratislavský kraj";13;3546;7;3553;NA;321433;20;2021-07-09;90423
2021-07-08;"Bratislavský kraj";9;2433;4;2437;NA;321433;13;2021-07-08;90403
2021-07-07;"Bratislavský kraj";5;2792;4;2796;NA;321433;9;2021-07-07;90390
2021-07-06;"Bratislavský kraj";19;2771;4;2775;NA;321433;23;2021-07-06;90381
2021-07-05;"Bratislavský kraj";5;2481;5;2486;NA;321433;10;2021-07-05;90358
2021-07-04;"Bratislavský kraj";3;1824;2;1826;NA;321433;5;2021-07-04;90348
2021-07-03;"Bratislavský kraj";8;2205;5;2210;NA;321433;13;2021-07-03;90343
2021-07-02;"Bratislavský kraj";4;2227;4;2231;NA;321433;8;2021-07-02;90330
2021-07-01;"Bratislavský kraj";6;1809;5;1814;NA;321433;11;2021-07-01;90322
2021-06-30;"Bratislavský kraj";2;11548;11;11559;NA;321433;13;2021-06-30;90311
2021-06-29;"Bratislavský kraj";5;6831;7;6838;NA;321433;12;2021-06-29;90298
2021-06-28;"Bratislavský kraj";16;6654;24;6678;NA;321433;40;2021-06-28;90286
2021-06-27;"Bratislavský kraj";4;6689;11;6700;NA;321433;15;2021-06-27;90246
2021-06-26;"Bratislavský kraj";3;8741;6;8747;NA;321433;9;2021-06-26;90231
2021-06-25;"Bratislavský kraj";7;10285;15;10300;NA;321433;22;2021-06-25;90222
2021-06-24;"Bratislavský kraj";3;7384;16;7400;NA;321433;19;2021-06-24;90200
2021-06-23;"Bratislavský kraj";4;7346;12;7358;NA;321433;16;2021-06-23;90181
2021-06-22;"Bratislavský kraj";6;7244;10;7254;NA;321433;16;2021-06-22;90165
2021-06-21;"Bratislavský kraj";5;7641;9;7650;NA;321433;14;2021-06-21;90149
2021-06-20;"Bratislavský kraj";0;7369;5;7374;NA;321433;5;2021-06-20;90135
2021-06-19;"Bratislavský kraj";3;9226;4;9230;NA;321433;7;2021-06-19;90130
2021-06-18;"Bratislavský kraj";5;12763;9;12772;NA;321433;14;2021-06-18;90123
2021-06-17;"Bratislavský kraj";3;8625;13;8638;NA;321433;16;2021-06-17;90109
2021-06-16;"Bratislavský kraj";3;7105;4;7109;NA;321433;7;2021-06-16;90093
2021-06-15;"Bratislavský kraj";7;7309;17;7326;NA;321433;24;2021-06-15;90086
2021-06-14;"Bratislavský kraj";4;8231;9;8240;NA;321433;13;2021-06-14;90062
2021-06-13;"Bratislavský kraj";2;8791;11;8802;NA;321433;13;2021-06-13;90049
2021-06-12;"Bratislavský kraj";4;11152;11;11163;NA;321433;15;2021-06-12;90036
2021-06-11;"Bratislavský kraj";9;13644;21;13665;NA;321433;30;2021-06-11;90021
2021-06-10;"Bratislavský kraj";12;8637;15;8652;NA;321433;27;2021-06-10;89991
2021-06-09;"Bratislavský kraj";12;7596;12;7608;NA;321433;24;2021-06-09;89964
2021-06-08;"Bratislavský kraj";13;7907;29;7936;NA;321433;42;2021-06-08;89940
2021-06-07;"Bratislavský kraj";13;9247;43;9290;NA;321433;56;2021-06-07;89898
2021-06-06;"Bratislavský kraj";3;10350;20;10370;NA;321433;23;2021-06-06;89842
2021-06-05;"Bratislavský kraj";2;12692;15;12707;NA;321433;17;2021-06-05;89819
2021-06-04;"Bratislavský kraj";10;13846;31;13877;NA;321433;41;2021-06-04;89802
2021-06-03;"Bratislavský kraj";12;9615;19;9634;NA;321433;31;2021-06-03;89761
2021-06-02;"Bratislavský kraj";10;8684;17;8701;NA;321433;27;2021-06-02;89730
2021-06-01;"Bratislavský kraj";3;8812;25;8837;NA;321433;28;2021-06-01;89703
2021-05-31;"Bratislavský kraj";18;11248;32;11280;NA;321433;50;2021-05-31;89675
2021-05-30;"Bratislavský kraj";1;11758;17;11775;NA;321433;18;2021-05-30;89625
2021-05-29;"Bratislavský kraj";4;12245;8;12253;NA;321433;12;2021-05-29;89607
2021-05-28;"Bratislavský kraj";14;15865;23;15888;NA;321433;37;2021-05-28;89595
2021-05-27;"Bratislavský kraj";5;11321;18;11339;NA;321433;23;2021-05-27;89558
2021-05-26;"Bratislavský kraj";20;10709;17;10726;NA;321433;37;2021-05-26;89535
2021-05-25;"Bratislavský kraj";19;11864;31;11895;NA;321433;50;2021-05-25;89498
2021-05-24;"Bratislavský kraj";12;12966;23;12989;NA;321433;35;2021-05-24;89448
2021-05-23;"Bratislavský kraj";7;13074;24;13098;NA;321433;31;2021-05-23;89413
2021-05-22;"Bratislavský kraj";6;14044;22;14066;NA;321433;28;2021-05-22;89382
2021-05-21;"Bratislavský kraj";15;18996;22;19018;NA;321433;37;2021-05-21;89354
2021-05-20;"Bratislavský kraj";15;14112;17;14129;NA;321433;32;2021-05-20;89317
2021-05-19;"Bratislavský kraj";21;11958;24;11982;NA;321433;45;2021-05-19;89285
2021-05-18;"Bratislavský kraj";14;13005;33;13038;NA;321433;47;2021-05-18;89240
2021-05-17;"Bratislavský kraj";15;13854;29;13883;NA;321433;44;2021-05-17;89193
2021-05-16;"Bratislavský kraj";12;19797;32;19829;NA;321433;44;2021-05-16;89149
2021-05-15;"Bratislavský kraj";1;18113;30;18143;NA;321433;31;2021-05-15;89105
2021-05-14;"Bratislavský kraj";15;22228;30;22258;NA;321433;45;2021-05-14;89074
2021-05-13;"Bratislavský kraj";9;16211;17;16228;NA;321433;26;2021-05-13;89029
2021-05-12;"Bratislavský kraj";11;14638;28;14666;NA;321433;39;2021-05-12;89003
2021-05-11;"Bratislavský kraj";29;16741;32;16773;NA;321433;61;2021-05-11;88964
2021-05-10;"Bratislavský kraj";27;19991;64;20055;NA;321433;91;2021-05-10;88903
2021-05-09;"Bratislavský kraj";9;29358;32;29390;NA;321433;41;2021-05-09;88812
2021-05-08;"Bratislavský kraj";5;19451;24;19475;NA;321433;29;2021-05-08;88771
2021-05-07;"Bratislavský kraj";32;28211;65;28276;NA;321433;97;2021-05-07;88742
2021-05-06;"Bratislavský kraj";19;20079;52;20131;NA;321433;71;2021-05-06;88645
2021-05-05;"Bratislavský kraj";29;15526;31;15557;NA;321433;60;2021-05-05;88574
2021-05-04;"Bratislavský kraj";46;19143;53;19196;NA;321433;99;2021-05-04;88514
2021-05-03;"Bratislavský kraj";37;22322;64;22386;NA;321433;101;2021-05-03;88415
2021-05-02;"Bratislavský kraj";38;43064;75;43139;NA;321433;113;2021-05-02;88314
2021-05-01;"Bratislavský kraj";11;39905;40;39945;NA;321433;51;2021-05-01;88201
2021-04-30;"Bratislavský kraj";43;47403;82;47485;NA;321433;125;2021-04-30;88150
2021-04-29;"Bratislavský kraj";48;30257;96;30353;NA;321433;144;2021-04-29;88025
2021-04-28;"Bratislavský kraj";40;28905;78;28983;NA;321433;118;2021-04-28;87881
2021-04-27;"Bratislavský kraj";41;30168;52;30220;NA;321433;93;2021-04-27;87763
2021-04-26;"Bratislavský kraj";59;34733;97;34830;NA;321433;156;2021-04-26;87670
2021-04-25;"Bratislavský kraj";8;57615;74;57689;NA;321433;82;2021-04-25;87514
2021-04-24;"Bratislavský kraj";28;74858;66;74924;NA;321433;94;2021-04-24;87432
2021-04-23;"Bratislavský kraj";70;48614;62;48676;NA;321433;132;2021-04-23;87338
2021-04-22;"Bratislavský kraj";39;31037;72;31109;NA;321433;111;2021-04-22;87206
2021-04-21;"Bratislavský kraj";48;30442;62;30504;NA;321433;110;2021-04-21;87095
2021-04-20;"Bratislavský kraj";58;35216;63;35279;NA;321433;121;2021-04-20;86985
2021-04-19;"Bratislavský kraj";48;39500;80;39580;NA;321433;128;2021-04-19;86864
2021-04-18;"Bratislavský kraj";35;62300;76;62376;NA;321433;111;2021-04-18;86736
2021-04-17;"Bratislavský kraj";13;80359;111;80470;NA;321433;124;2021-04-17;86625
2021-04-16;"Bratislavský kraj";62;47296;80;47376;NA;321433;142;2021-04-16;86501
2021-04-15;"Bratislavský kraj";34;32176;74;32250;NA;321433;108;2021-04-15;86359
2021-04-14;"Bratislavský kraj";65;33961;88;34049;NA;321433;153;2021-04-14;86251
2021-04-13;"Bratislavský kraj";82;35512;82;35594;NA;321433;164;2021-04-13;86098
2021-04-12;"Bratislavský kraj";77;42286;115;42401;NA;321433;192;2021-04-12;85934
2021-04-11;"Bratislavský kraj";42;61151;123;61274;NA;321433;165;2021-04-11;85742
2021-04-10;"Bratislavský kraj";14;77874;167;78041;NA;321433;181;2021-04-10;85577
2021-04-09;"Bratislavský kraj";72;41556;97;41653;NA;321433;169;2021-04-09;85396
2021-04-08;"Bratislavský kraj";71;28866;95;28961;NA;321433;166;2021-04-08;85227
2021-04-07;"Bratislavský kraj";96;38061;101;38162;NA;321433;197;2021-04-07;85061
2021-04-06;"Bratislavský kraj";94;56204;179;56383;NA;321433;273;2021-04-06;84864
2021-04-05;"Bratislavský kraj";85;18538;85;18623;NA;321433;170;2021-04-05;84591
2021-04-04;"Bratislavský kraj";37;29225;75;29300;NA;321433;112;2021-04-04;84421
2021-04-03;"Bratislavský kraj";52;79865;220;80085;NA;321433;272;2021-04-03;84309
2021-04-02;"Bratislavský kraj";33;23790;104;23894;NA;321433;137;2021-04-02;84037
2021-04-01;"Bratislavský kraj";119;57388;159;57547;NA;321433;278;2021-04-01;83900
2021-03-31;"Bratislavský kraj";105;46371;177;46548;NA;321433;282;2021-03-31;83622
2021-03-30;"Bratislavský kraj";100;39599;144;39743;NA;321433;244;2021-03-30;83340
2021-03-29;"Bratislavský kraj";153;40364;178;40542;NA;321433;331;2021-03-29;83096
2021-03-28;"Bratislavský kraj";59;53372;137;53509;NA;321433;196;2021-03-28;82765
2021-03-27;"Bratislavský kraj";53;79834;240;80074;NA;321433;293;2021-03-27;82569
2021-03-26;"Bratislavský kraj";114;56108;191;56299;NA;321433;305;2021-03-26;82276
2021-03-25;"Bratislavský kraj";76;36859;172;37031;NA;321433;248;2021-03-25;81971
2021-03-24;"Bratislavský kraj";120;30567;201;30768;NA;321433;321;2021-03-24;81723
2021-03-23;"Bratislavský kraj";138;36438;190;36628;NA;321433;328;2021-03-23;81402
2021-03-22;"Bratislavský kraj";110;42756;220;42976;NA;321433;330;2021-03-22;81074
2021-03-21;"Bratislavský kraj";54;61299;212;61511;NA;321433;266;2021-03-21;80744
2021-03-20;"Bratislavský kraj";59;73300;228;73528;NA;321433;287;2021-03-20;80478
2021-03-19;"Bratislavský kraj";139;54576;257;54833;NA;321433;396;2021-03-19;80191
2021-03-18;"Bratislavský kraj";142;34611;192;34803;NA;321433;334;2021-03-18;79795
2021-03-17;"Bratislavský kraj";177;30482;217;30699;NA;321433;394;2021-03-17;79461
2021-03-16;"Bratislavský kraj";258;36798;287;37085;NA;321433;545;2021-03-16;79067
2021-03-15;"Bratislavský kraj";180;38226;255;38481;NA;321433;435;2021-03-15;78522
2021-03-14;"Bratislavský kraj";75;52611;275;52886;NA;321433;350;2021-03-14;78087
2021-03-13;"Bratislavský kraj";110;81405;341;81746;NA;321433;451;2021-03-13;77737
2021-03-12;"Bratislavský kraj";152;55233;312;55545;NA;321433;464;2021-03-12;77286
2021-03-11;"Bratislavský kraj";178;34678;286;34964;NA;321433;464;2021-03-11;76822
2021-03-10;"Bratislavský kraj";164;31061;280;31341;NA;321433;444;2021-03-10;76358
2021-03-09;"Bratislavský kraj";242;37687;267;37954;NA;321433;509;2021-03-09;75914
2021-03-08;"Bratislavský kraj";255;41199;348;41547;NA;321433;603;2021-03-08;75405
2021-03-07;"Bratislavský kraj";142;52812;301;53113;NA;321433;443;2021-03-07;74802
2021-03-06;"Bratislavský kraj";79;71821;415;72236;NA;321433;494;2021-03-06;74359
2021-03-05;"Bratislavský kraj";238;50653;293;50946;NA;321433;531;2021-03-05;73865
2021-03-04;"Bratislavský kraj";204;34544;344;34888;NA;321433;548;2021-03-04;73334
2021-03-03;"Bratislavský kraj";250;30527;364;30891;NA;321433;614;2021-03-03;72786
2021-03-02;"Bratislavský kraj";267;39735;388;40123;NA;321433;655;2021-03-02;72172
2021-03-01;"Bratislavský kraj";320;38222;432;38654;NA;321433;752;2021-03-01;71517
2021-02-28;"Bratislavský kraj";184;50323;323;50646;NA;321433;507;2021-02-28;70765
2021-02-27;"Bratislavský kraj";151;76580;464;77044;NA;321433;615;2021-02-27;70258
2021-02-26;"Bratislavský kraj";277;47326;401;47727;NA;321433;678;2021-02-26;69643
2021-02-25;"Bratislavský kraj";277;28769;405;29174;NA;321433;682;2021-02-25;68965
2021-02-24;"Bratislavský kraj";217;27095;412;27507;NA;321433;629;2021-02-24;68283
2021-02-23;"Bratislavský kraj";257;31297;395;31692;NA;321433;652;2021-02-23;67654
2021-02-22;"Bratislavský kraj";353;36607;483;37090;NA;321433;836;2021-02-22;67002
2021-02-21;"Bratislavský kraj";185;54150;396;54546;NA;321433;581;2021-02-21;66166
2021-02-20;"Bratislavský kraj";167;74814;550;75364;NA;321433;717;2021-02-20;65585
2021-02-19;"Bratislavský kraj";280;44882;416;45298;NA;321433;696;2021-02-19;64868
2021-02-18;"Bratislavský kraj";263;26379;371;26750;NA;321433;634;2021-02-18;64172
2021-02-17;"Bratislavský kraj";264;22820;316;23136;NA;321433;580;2021-02-17;63538
2021-02-16;"Bratislavský kraj";289;28262;352;28614;NA;321433;641;2021-02-16;62958
2021-02-15;"Bratislavský kraj";248;36893;396;37289;NA;321433;644;2021-02-15;62317
2021-02-14;"Bratislavský kraj";153;47948;323;48271;NA;321433;476;2021-02-14;61673
2021-02-13;"Bratislavský kraj";173;68589;515;69104;NA;321433;688;2021-02-13;61197
2021-02-12;"Bratislavský kraj";282;35729;327;36056;NA;321433;609;2021-02-12;60509
2021-02-11;"Bratislavský kraj";337;24565;285;24850;NA;321433;622;2021-02-11;59900
2021-02-10;"Bratislavský kraj";314;22944;356;23300;NA;321433;670;2021-02-10;59278
2021-02-09;"Bratislavský kraj";288;36565;454;37019;NA;321433;742;2021-02-09;58608
2021-02-08;"Bratislavský kraj";484;31896;397;32293;NA;321433;881;2021-02-08;57866
2021-02-07;"Bratislavský kraj";243;51290;425;51715;NA;321433;668;2021-02-07;56985
2021-02-06;"Bratislavský kraj";116;61682;501;62183;NA;321433;617;2021-02-06;56317
2021-02-05;"Bratislavský kraj";327;27033;375;27408;NA;321433;702;2021-02-05;55700
2021-02-04;"Bratislavský kraj";555;17260;348;17608;NA;321433;903;2021-02-04;54998
2021-02-03;"Bratislavský kraj";161;13020;352;13372;NA;321433;513;2021-02-03;54095
2021-02-02;"Bratislavský kraj";397;25947;480;26427;NA;321433;877;2021-02-02;53582
2021-02-01;"Bratislavský kraj";221;35541;513;36054;NA;321433;734;2021-02-01;52705
2021-01-31;"Bratislavský kraj";180;35693;425;36118;NA;321433;605;2021-01-31;51971
2021-01-30;"Bratislavský kraj";310;49588;521;50109;NA;321433;831;2021-01-30;51366
2021-01-29;"Bratislavský kraj";344;16568;344;16912;NA;321433;688;2021-01-29;50535
2021-01-28;"Bratislavský kraj";307;10715;297;11012;NA;321433;604;2021-01-28;49847
2021-01-27;"Bratislavský kraj";336;22222;345;22567;NA;321433;681;2021-01-27;49243
2021-01-26;"Bratislavský kraj";297;21894;300;22194;NA;321433;597;2021-01-26;48562
2021-01-25;"Bratislavský kraj";356;23335;249;23584;NA;321433;605;2021-01-25;47965
2021-01-24;"Bratislavský kraj";175;37903;404;38307;NA;321433;579;2021-01-24;47360
2021-01-23;"Bratislavský kraj";396;79453;690;80143;NA;321433;1086;2021-01-23;46781
2021-01-22;"Bratislavský kraj";199;42055;365;42420;NA;321433;564;2021-01-22;45695
2021-01-21;"Bratislavský kraj";255;105746;1317;107063;NA;321433;1572;2021-01-21;45131
2021-01-20;"Bratislavský kraj";360;27289;452;27741;NA;321433;812;2021-01-20;43559
2021-01-19;"Bratislavský kraj";375;15318;346;15664;NA;321433;721;2021-01-19;42747
2021-01-18;"Bratislavský kraj";357;12533;707;13240;NA;321433;1064;2021-01-18;42026
2021-01-17;"Bratislavský kraj";244;482;26;508;NA;321433;270;2021-01-17;40962
2021-01-16;"Bratislavský kraj";70;3016;156;3172;NA;321433;226;2021-01-16;40692
2021-01-15;"Bratislavský kraj";251;7896;256;8152;NA;321433;507;2021-01-15;40466
2021-01-14;"Bratislavský kraj";363;8523;273;8796;NA;321433;636;2021-01-14;39959
2021-01-13;"Bratislavský kraj";336;8490;327;8817;NA;321433;663;2021-01-13;39323
2021-01-12;"Bratislavský kraj";450;10509;455;10964;NA;321433;905;2021-01-12;38660
2021-01-11;"Bratislavský kraj";397;19863;364;20227;NA;321433;761;2021-01-11;37755
2021-01-10;"Bratislavský kraj";252;1507;79;1586;NA;321433;331;2021-01-10;36994
2021-01-09;"Bratislavský kraj";351;4721;277;4998;NA;321433;628;2021-01-09;36663
2021-01-08;"Bratislavský kraj";556;10045;436;10481;NA;321433;992;2021-01-08;36035
2021-01-07;"Bratislavský kraj";537;6872;352;7224;NA;321433;889;2021-01-07;35043
2021-01-06;"Bratislavský kraj";271;3329;216;3545;NA;321433;487;2021-01-06;34154
2021-01-05;"Bratislavský kraj";619;10635;814;11449;NA;321433;1433;2021-01-05;33667
2021-01-04;"Bratislavský kraj";601;8226;538;8764;NA;321433;1139;2021-01-04;32234
2021-01-03;"Bratislavský kraj";77;433;41;474;NA;321433;118;2021-01-03;31095
2021-01-02;"Bratislavský kraj";185;462;57;519;NA;321433;242;2021-01-02;30977
2021-01-01;"Bratislavský kraj";235;3277;131;3408;NA;321433;366;2021-01-01;30735
2020-12-31;"Bratislavský kraj";925;14135;519;14654;NA;321433;1444;2020-12-31;30369
2020-12-30;"Bratislavský kraj";650;9164;533;9697;NA;321433;1183;2020-12-30;28925
2020-12-29;"Bratislavský kraj";303;10108;699;10807;NA;321433;1002;2020-12-29;27742
2020-12-28;"Bratislavský kraj";255;7784;473;8257;NA;321433;728;2020-12-28;26740
2020-12-27;"Bratislavský kraj";160;709;76;785;NA;321433;236;2020-12-27;26012
2020-12-26;"Bratislavský kraj";75;480;27;507;NA;321433;102;2020-12-26;25776
2020-12-25;"Bratislavský kraj";114;503;38;541;NA;321433;152;2020-12-25;25674
2020-12-24;"Bratislavský kraj";536;3367;104;3471;NA;321433;640;2020-12-24;25522
2020-12-23;"Bratislavský kraj";416;12590;447;13037;NA;321433;863;2020-12-23;24882
2020-12-22;"Bratislavský kraj";327;14587;699;15286;NA;321433;1026;2020-12-22;24019
2020-12-21;"Bratislavský kraj";392;14972;1946;16918;NA;321433;2338;2020-12-21;22993
2020-12-20;"Bratislavský kraj";180;797;57;854;NA;321433;237;2020-12-20;20655
2020-12-19;"Bratislavský kraj";396;3314;130;3444;NA;321433;526;2020-12-19;20418
2020-12-18;"Bratislavský kraj";306;9938;345;10283;NA;321433;651;2020-12-18;19892
2020-12-17;"Bratislavský kraj";502;9739;386;10125;NA;321433;888;2020-12-17;19241
2020-12-16;"Bratislavský kraj";282;10201;418;10619;NA;321433;700;2020-12-16;18353
2020-12-15;"Bratislavský kraj";423;10450;454;10904;NA;321433;877;2020-12-15;17653
2020-12-14;"Bratislavský kraj";279;6793;261;7054;NA;321433;540;2020-12-14;16776
2020-12-13;"Bratislavský kraj";125;139;10;149;NA;321433;135;2020-12-13;16236
2020-12-12;"Bratislavský kraj";361;3886;157;4043;NA;321433;518;2020-12-12;16101
2020-12-11;"Bratislavský kraj";326;6824;235;7059;NA;321433;561;2020-12-11;15583
2020-12-10;"Bratislavský kraj";286;5279;166;5445;NA;321433;452;2020-12-10;15022
2020-12-09;"Bratislavský kraj";382;4778;177;4955;NA;321433;559;2020-12-09;14570
2020-12-08;"Bratislavský kraj";234;6243;207;6450;NA;321433;441;2020-12-08;14011
2020-12-07;"Bratislavský kraj";272;4639;152;4791;NA;321433;424;2020-12-07;13570
2020-12-06;"Bratislavský kraj";61;1625;52;1677;NA;321433;113;2020-12-06;13146
2020-12-05;"Bratislavský kraj";266;2221;41;2262;NA;321433;307;2020-12-05;13033
2020-12-04;"Bratislavský kraj";200;4954;99;5053;NA;321433;299;2020-12-04;12726
2020-12-03;"Bratislavský kraj";213;5672;95;5767;NA;321433;308;2020-12-03;12427
2020-12-02;"Bratislavský kraj";205;3462;103;3565;NA;321433;308;2020-12-02;12119
2020-12-01;"Bratislavský kraj";255;3889;172;4061;NA;321433;427;2020-12-01;11811
2020-11-30;"Bratislavský kraj";152;2153;121;2274;NA;321433;273;2020-11-30;11384
2020-11-29;"Bratislavský kraj";52;201;24;225;NA;321433;76;2020-11-29;11111
2020-11-28;"Bratislavský kraj";232;2624;33;2657;NA;321433;265;2020-11-28;11035
2020-11-27;"Bratislavský kraj";54;2540;64;2604;NA;321433;118;2020-11-27;10770
2020-11-26;"Bratislavský kraj";129;1976;60;2036;NA;321433;189;2020-11-26;10652
2020-11-25;"Bratislavský kraj";140;1770;47;1817;NA;321433;187;2020-11-25;10463
2020-11-24;"Bratislavský kraj";81;2988;67;3055;NA;321433;148;2020-11-24;10276
2020-11-23;"Bratislavský kraj";67;7083;58;7141;NA;321433;125;2020-11-23;10128
2020-11-22;"Bratislavský kraj";36;81;7;88;NA;321433;43;2020-11-22;10003
2020-11-21;"Bratislavský kraj";109;2126;47;2173;NA;321433;156;2020-11-21;9960
2020-11-20;"Bratislavský kraj";118;2876;48;2924;NA;321433;166;2020-11-20;9804
2020-11-19;"Bratislavský kraj";173;987;29;1016;NA;321433;202;2020-11-19;9638
2020-11-18;"Bratislavský kraj";118;616;75;691;NA;321433;193;2020-11-18;9436
2020-11-17;"Bratislavský kraj";108;928;23;951;NA;321433;131;2020-11-17;9243
2020-11-16;"Bratislavský kraj";82;651;9;660;NA;321433;91;2020-11-16;9112
2020-11-15;"Bratislavský kraj";47;236;0;236;NA;321433;47;2020-11-15;9021
2020-11-14;"Bratislavský kraj";53;1834;15;1849;NA;321433;68;2020-11-14;8974
2020-11-13;"Bratislavský kraj";94;2096;21;2117;NA;321433;115;2020-11-13;8906
2020-11-12;"Bratislavský kraj";141;1727;6;1733;NA;321433;147;2020-11-12;8791
2020-11-11;"Bratislavský kraj";159;1429;12;1441;NA;321433;171;2020-11-11;8644
2020-11-10;"Bratislavský kraj";136;805;14;819;NA;321433;150;2020-11-10;8473
2020-11-09;"Bratislavský kraj";70;616;8;624;NA;321433;78;2020-11-09;8323
2020-11-08;"Bratislavský kraj";82;869;6;875;NA;321433;88;2020-11-08;8245
2020-11-07;"Bratislavský kraj";88;4039;17;4056;NA;321433;105;2020-11-07;8157
2020-11-06;"Bratislavský kraj";281;6441;25;6466;NA;321433;306;2020-11-06;8052
2020-11-05;"Bratislavský kraj";175;476;11;487;NA;321433;186;2020-11-05;7746
2020-11-04;"Bratislavský kraj";65;411;10;421;NA;321433;75;2020-11-04;7560
2020-11-03;"Bratislavský kraj";251;1085;12;1097;NA;321433;263;2020-11-03;7485
2020-11-02;"Bratislavský kraj";202;3365;22;3387;NA;321433;224;2020-11-02;7222
2020-11-01;"Bratislavský kraj";227;8694;39;8733;NA;321433;266;2020-11-01;6998
2020-10-31;"Bratislavský kraj";173;22407;123;22530;NA;321433;296;2020-10-31;6732
2020-10-30;"Bratislavský kraj";158;17350;138;17488;NA;321433;296;2020-10-30;6436
2020-10-29;"Bratislavský kraj";262;116;4;120;NA;321433;266;2020-10-29;6140
2020-10-28;"Bratislavský kraj";220;260;15;275;NA;321433;235;2020-10-28;5874
2020-10-27;"Bratislavský kraj";256;145;4;149;NA;321433;260;2020-10-27;5639
2020-10-26;"Bratislavský kraj";123;229;11;240;NA;321433;134;2020-10-26;5379
2020-10-25;"Bratislavský kraj";152;33;2;35;NA;321433;154;2020-10-25;5245
2020-10-24;"Bratislavský kraj";170;221;6;227;NA;321433;176;2020-10-24;5091
2020-10-23;"Bratislavský kraj";49;144;8;152;NA;321433;57;2020-10-23;4915
2022-03-28;"Košický kraj";886;0;0;0;224008;328980;886;2022-03-28;328980
2022-03-27;"Košický kraj";355;585;166;751;NA;328980;521;2022-03-27;328094
2022-03-26;"Košický kraj";593;518;112;630;NA;328980;705;2022-03-26;327573
2022-03-25;"Košický kraj";958;1198;236;1434;NA;328980;1194;2022-03-25;326868
2022-03-24;"Košický kraj";998;2331;354;2685;NA;328980;1352;2022-03-24;325674
2022-03-23;"Košický kraj";1143;2585;342;2927;NA;328980;1485;2022-03-23;324322
2022-03-22;"Košický kraj";1508;2725;372;3097;NA;328980;1880;2022-03-22;322837
2022-03-21;"Košický kraj";1241;3427;518;3945;NA;328980;1759;2022-03-21;320957
2022-03-20;"Košický kraj";199;1496;309;1805;NA;328980;508;2022-03-20;319198
2022-03-19;"Košický kraj";952;1122;235;1357;NA;328980;1187;2022-03-19;318690
2022-03-18;"Košický kraj";1382;2086;326;2412;NA;328980;1708;2022-03-18;317503
2022-03-17;"Košický kraj";1181;2696;347;3043;NA;328980;1528;2022-03-17;315795
2022-03-16;"Košický kraj";1631;4782;365;5147;NA;328980;1996;2022-03-16;314267
2022-03-15;"Košický kraj";1591;2859;425;3284;NA;328980;2016;2022-03-15;312271
2022-03-14;"Košický kraj";1424;3466;560;4026;NA;328980;1984;2022-03-14;310255
2022-03-13;"Košický kraj";565;1699;361;2060;NA;328980;926;2022-03-13;308271
2022-03-12;"Košický kraj";1227;1263;218;1481;NA;328980;1445;2022-03-12;307345
2022-03-11;"Košický kraj";1451;2815;513;3328;NA;328980;1964;2022-03-11;305900
2022-03-10;"Košický kraj";990;3153;406;3559;NA;328980;1396;2022-03-10;303936
2022-03-09;"Košický kraj";1545;3322;397;3719;NA;328980;1942;2022-03-09;302540
2022-03-08;"Košický kraj";1487;3633;441;4074;NA;328980;1928;2022-03-08;300598
2022-03-07;"Košický kraj";1347;4964;713;5677;NA;328980;2060;2022-03-07;298670
2022-03-06;"Košický kraj";297;1811;372;2183;NA;328980;669;2022-03-06;296610
2022-03-05;"Košický kraj";874;1317;264;1581;NA;328980;1138;2022-03-05;295941
2022-03-04;"Košický kraj";1255;3126;424;3550;NA;328980;1679;2022-03-04;294803
2022-03-03;"Košický kraj";1111;3543;433;3976;NA;328980;1544;2022-03-03;293124
2022-03-02;"Košický kraj";1458;3437;455;3892;NA;328980;1913;2022-03-02;291580
2022-03-01;"Košický kraj";1723;3716;487;4203;NA;328980;2210;2022-03-01;289667
2022-02-28;"Košický kraj";1345;5497;805;6302;NA;328980;2150;2022-02-28;287457
2022-02-27;"Košický kraj";465;2397;440;2837;NA;328980;905;2022-02-27;285307
2022-02-26;"Košický kraj";979;1348;329;1677;NA;328980;1308;2022-02-26;284402
2022-02-25;"Košický kraj";1691;3274;510;3784;NA;328980;2201;2022-02-25;283094
2022-02-24;"Košický kraj";1988;4033;594;4627;NA;328980;2582;2022-02-24;280893
2022-02-23;"Košický kraj";1787;4151;558;4709;NA;328980;2345;2022-02-23;278311
2022-02-22;"Košický kraj";2649;4695;660;5355;NA;328980;3309;2022-02-22;275966
2022-02-21;"Košický kraj";1646;6499;910;7409;NA;328980;2556;2022-02-21;272657
2022-02-20;"Košický kraj";577;2919;578;3497;NA;328980;1155;2022-02-20;270101
2022-02-19;"Košický kraj";1941;2169;409;2578;NA;328980;2350;2022-02-19;268946
2022-02-18;"Košický kraj";2210;4534;640;5174;NA;328980;2850;2022-02-18;266596
2022-02-17;"Košický kraj";2555;4668;675;5343;NA;328980;3230;2022-02-17;263746
2022-02-16;"Košický kraj";2153;5477;736;6213;NA;328980;2889;2022-02-16;260516
2022-02-15;"Košický kraj";2768;5507;830;6337;NA;328980;3598;2022-02-15;257627
2022-02-14;"Košický kraj";2337;8076;1104;9180;NA;328980;3441;2022-02-14;254029
2022-02-13;"Košický kraj";1235;4248;809;5057;NA;328980;2044;2022-02-13;250588
2022-02-12;"Košický kraj";1728;2014;524;2538;NA;328980;2252;2022-02-12;248544
2022-02-11;"Košický kraj";2665;4797;633;5430;NA;328980;3298;2022-02-11;246292
2022-02-10;"Košický kraj";2135;5323;728;6051;NA;328980;2863;2022-02-10;242994
2022-02-09;"Košický kraj";2067;5940;743;6683;NA;328980;2810;2022-02-09;240131
2022-02-08;"Košický kraj";2993;6143;762;6905;NA;328980;3755;2022-02-08;237321
2022-02-07;"Košický kraj";1939;7973;978;8951;NA;328980;2917;2022-02-07;233566
2022-02-06;"Košický kraj";998;4482;680;5162;NA;328980;1678;2022-02-06;230649
2022-02-05;"Košický kraj";2209;2454;434;2888;NA;328980;2643;2022-02-05;228971
2022-02-04;"Košický kraj";2563;5634;632;6266;NA;328980;3195;2022-02-04;226328
2022-02-03;"Košický kraj";1916;6379;659;7038;NA;328980;2575;2022-02-03;223133
2022-02-02;"Košický kraj";2498;6923;629;7552;NA;328980;3127;2022-02-02;220558
2022-02-01;"Košický kraj";2173;6706;678;7384;NA;328980;2851;2022-02-01;217431
2022-01-31;"Košický kraj";2020;9960;841;10801;NA;328980;2861;2022-01-31;214580
2022-01-30;"Košický kraj";1002;5716;541;6257;NA;328980;1543;2022-01-30;211719
2022-01-29;"Košický kraj";1731;2720;387;3107;NA;328980;2118;2022-01-29;210176
2022-01-28;"Košický kraj";1743;5571;492;6063;NA;328980;2235;2022-01-28;208058
2022-01-27;"Košický kraj";1553;5792;413;6205;NA;328980;1966;2022-01-27;205823
2022-01-26;"Košický kraj";1683;5613;399;6012;NA;328980;2082;2022-01-26;203857
2022-01-25;"Košický kraj";1409;6210;404;6614;NA;328980;1813;2022-01-25;201775
2022-01-24;"Košický kraj";1141;8669;431;9100;NA;328980;1572;2022-01-24;199962
2022-01-23;"Košický kraj";516;5418;287;5705;NA;328980;803;2022-01-23;198390
2022-01-22;"Košický kraj";914;2528;177;2705;NA;328980;1091;2022-01-22;197587
2022-01-21;"Košický kraj";589;5194;227;5421;NA;328980;816;2022-01-21;196496
2022-01-20;"Košický kraj";769;5379;200;5579;NA;328980;969;2022-01-20;195680
2022-01-19;"Košický kraj";629;5329;178;5507;NA;328980;807;2022-01-19;194711
2022-01-18;"Košický kraj";716;5758;140;5898;NA;328980;856;2022-01-18;193904
2022-01-17;"Košický kraj";486;9004;187;9191;NA;328980;673;2022-01-17;193048
2022-01-16;"Košický kraj";51;5264;137;5401;NA;328980;188;2022-01-16;192375
2022-01-15;"Košický kraj";422;2208;69;2277;NA;328980;491;2022-01-15;192187
2022-01-14;"Košický kraj";175;4208;93;4301;NA;328980;268;2022-01-14;191696
2022-01-13;"Košický kraj";165;4919;77;4996;NA;328980;242;2022-01-13;191428
2022-01-12;"Košický kraj";295;4609;78;4687;NA;328980;373;2022-01-12;191186
2022-01-11;"Košický kraj";349;5295;70;5365;NA;328980;419;2022-01-11;190813
2022-01-10;"Košický kraj";290;8254;128;8382;NA;328980;418;2022-01-10;190394
2022-01-09;"Košický kraj";230;5838;86;5924;NA;328980;316;2022-01-09;189976
2022-01-08;"Košický kraj";157;2417;57;2474;NA;328980;214;2022-01-08;189660
2022-01-07;"Košický kraj";388;5017;129;5146;NA;328980;517;2022-01-07;189446
2022-01-06;"Košický kraj";118;1576;55;1631;NA;328980;173;2022-01-06;188929
2022-01-05;"Košický kraj";354;5082;102;5184;NA;328980;456;2022-01-05;188756
2022-01-04;"Košický kraj";450;5273;84;5357;NA;328980;534;2022-01-04;188300
2022-01-03;"Košický kraj";439;7970;140;8110;NA;328980;579;2022-01-03;187766
2022-01-02;"Košický kraj";284;4614;109;4723;NA;328980;393;2022-01-02;187187
2022-01-01;"Košický kraj";28;360;18;378;NA;328980;46;2022-01-01;186794
2021-12-31;"Košický kraj";122;2999;86;3085;NA;328980;208;2021-12-31;186748
2021-12-30;"Košický kraj";401;3949;118;4067;NA;328980;519;2021-12-30;186540
2021-12-29;"Košický kraj";378;4194;111;4305;NA;328980;489;2021-12-29;186021
2021-12-28;"Košický kraj";509;4450;125;4575;NA;328980;634;2021-12-28;185532
2021-12-27;"Košický kraj";495;6822;205;7027;NA;328980;700;2021-12-27;184898
2021-12-26;"Košický kraj";109;2510;115;2625;NA;328980;224;2021-12-26;184198
2021-12-25;"Košický kraj";30;644;43;687;NA;328980;73;2021-12-25;183974
2021-12-24;"Košický kraj";95;1055;50;1105;NA;328980;145;2021-12-24;183901
2021-12-23;"Košický kraj";644;4479;131;4610;NA;328980;775;2021-12-23;183756
2021-12-22;"Košický kraj";224;4309;106;4415;NA;328980;330;2021-12-22;182981
2021-12-21;"Košický kraj";544;6491;138;6629;NA;328980;682;2021-12-21;182651
2021-12-20;"Košický kraj";464;8630;196;8826;NA;328980;660;2021-12-20;181969
2021-12-19;"Košický kraj";137;5447;177;5624;NA;328980;314;2021-12-19;181309
2021-12-18;"Košický kraj";414;2555;102;2657;NA;328980;516;2021-12-18;180995
2021-12-17;"Košický kraj";428;4832;145;4977;NA;328980;573;2021-12-17;180479
2021-12-16;"Košický kraj";476;5845;168;6013;NA;328980;644;2021-12-16;179906
2021-12-15;"Košický kraj";508;5956;172;6128;NA;328980;680;2021-12-15;179262
2021-12-14;"Košický kraj";957;5789;172;5961;NA;328980;1129;2021-12-14;178582
2021-12-13;"Košický kraj";679;9657;248;9905;NA;328980;927;2021-12-13;177453
2021-12-12;"Košický kraj";243;6657;198;6855;NA;328980;441;2021-12-12;176526
2021-12-11;"Košický kraj";519;2996;134;3130;NA;328980;653;2021-12-11;176085
2021-12-10;"Košický kraj";936;5465;185;5650;NA;328980;1121;2021-12-10;175432
2021-12-09;"Košický kraj";755;5779;198;5977;NA;328980;953;2021-12-09;174311
2021-12-08;"Košický kraj";1095;6574;275;6849;NA;328980;1370;2021-12-08;173358
2021-12-07;"Košický kraj";1212;6323;267;6590;NA;328980;1479;2021-12-07;171988
2021-12-06;"Košický kraj";904;10627;313;10940;NA;328980;1217;2021-12-06;170509
2021-12-05;"Košický kraj";404;7756;263;8019;NA;328980;667;2021-12-05;169292
2021-12-04;"Košický kraj";1007;3097;180;3277;NA;328980;1187;2021-12-04;168625
2021-12-03;"Košický kraj";1338;6065;271;6336;NA;328980;1609;2021-12-03;167438
2021-12-02;"Košický kraj";2209;5654;302;5956;NA;328980;2511;2021-12-02;165829
2021-12-01;"Košický kraj";1016;6483;388;6871;NA;328980;1404;2021-12-01;163318
2021-11-30;"Košický kraj";1125;8173;471;8644;NA;328980;1596;2021-11-30;161914
2021-11-29;"Košický kraj";993;14057;634;14691;NA;328980;1627;2021-11-29;160318
2021-11-28;"Košický kraj";972;10211;473;10684;NA;328980;1445;2021-11-28;158691
2021-11-27;"Košický kraj";1103;3566;219;3785;NA;328980;1322;2021-11-27;157246
2021-11-26;"Košický kraj";1395;6059;383;6442;NA;328980;1778;2021-11-26;155924
2021-11-25;"Košický kraj";1373;7016;499;7515;NA;328980;1872;2021-11-25;154146
2021-11-24;"Košický kraj";1194;7067;473;7540;NA;328980;1667;2021-11-24;152274
2021-11-23;"Košický kraj";1178;7185;488;7673;NA;328980;1666;2021-11-23;150607
2021-11-22;"Košický kraj";861;10709;741;11450;NA;328980;1602;2021-11-22;148941
2021-11-21;"Košický kraj";985;7394;657;8051;NA;328980;1642;2021-11-21;147339
2021-11-20;"Košický kraj";1083;2859;295;3154;NA;328980;1378;2021-11-20;145697
2021-11-19;"Košický kraj";1078;7543;516;8059;NA;328980;1594;2021-11-19;144319
2021-11-18;"Košický kraj";1061;9410;719;10129;NA;328980;1780;2021-11-18;142725
2021-11-17;"Košický kraj";1319;2824;262;3086;NA;328980;1581;2021-11-17;140945
2021-11-16;"Košický kraj";1484;7135;543;7678;NA;328980;2027;2021-11-16;139364
2021-11-15;"Košický kraj";902;10812;754;11566;NA;328980;1656;2021-11-15;137337
2021-11-14;"Košický kraj";715;5756;455;6211;NA;328980;1170;2021-11-14;135681
2021-11-13;"Košický kraj";869;2686;312;2998;NA;328980;1181;2021-11-13;134511
2021-11-12;"Košický kraj";1132;5616;410;6026;NA;328980;1542;2021-11-12;133330
2021-11-11;"Košický kraj";1035;6139;460;6599;NA;328980;1495;2021-11-11;131788
2021-11-10;"Košický kraj";933;6633;497;7130;NA;328980;1430;2021-11-10;130293
2021-11-09;"Košický kraj";967;5540;389;5929;NA;328980;1356;2021-11-09;128863
2021-11-08;"Košický kraj";701;7838;601;8439;NA;328980;1302;2021-11-08;127507
2021-11-07;"Košický kraj";691;4578;425;5003;NA;328980;1116;2021-11-07;126205
2021-11-06;"Košický kraj";996;2276;217;2493;NA;328980;1213;2021-11-06;125089
2021-11-05;"Košický kraj";1029;4905;367;5272;NA;328980;1396;2021-11-05;123876
2021-11-04;"Košický kraj";1000;5354;360;5714;NA;328980;1360;2021-11-04;122480
2021-11-03;"Košický kraj";1051;5749;361;6110;NA;328980;1412;2021-11-03;121120
2021-11-02;"Košický kraj";915;8775;566;9341;NA;328980;1481;2021-11-02;119708
2021-11-01;"Košický kraj";181;1999;265;2264;NA;328980;446;2021-11-01;118227
2021-10-31;"Košický kraj";385;2337;227;2564;NA;328980;612;2021-10-31;117781
2021-10-30;"Košický kraj";641;2380;180;2560;NA;328980;821;2021-10-30;117169
2021-10-29;"Košický kraj";750;4608;289;4897;NA;328980;1039;2021-10-29;116348
2021-10-28;"Košický kraj";823;5115;255;5370;NA;328980;1078;2021-10-28;115309
2021-10-27;"Košický kraj";723;4831;259;5090;NA;328980;982;2021-10-27;114231
2021-10-26;"Košický kraj";618;5049;225;5274;NA;328980;843;2021-10-26;113249
2021-10-25;"Košický kraj";268;6747;292;7039;NA;328980;560;2021-10-25;112406
2021-10-24;"Košický kraj";170;3447;205;3652;NA;328980;375;2021-10-24;111846
2021-10-23;"Košický kraj";397;1953;86;2039;NA;328980;483;2021-10-23;111471
2021-10-22;"Košický kraj";474;4679;130;4809;NA;328980;604;2021-10-22;110988
2021-10-21;"Košický kraj";669;5094;172;5266;NA;328980;841;2021-10-21;110384
2021-10-20;"Košický kraj";398;4963;152;5115;NA;328980;550;2021-10-20;109543
2021-10-19;"Košický kraj";579;4870;161;5031;NA;328980;740;2021-10-19;108993
2021-10-18;"Košický kraj";180;7090;171;7261;NA;328980;351;2021-10-18;108253
2021-10-17;"Košický kraj";70;3614;125;3739;NA;328980;195;2021-10-17;107902
2021-10-16;"Košický kraj";312;1839;40;1879;NA;328980;352;2021-10-16;107707
2021-10-15;"Košický kraj";312;4530;77;4607;NA;328980;389;2021-10-15;107355
2021-10-14;"Košický kraj";327;4652;95;4747;NA;328980;422;2021-10-14;106966
2021-10-13;"Košický kraj";168;4168;88;4256;NA;328980;256;2021-10-13;106544
2021-10-12;"Košický kraj";391;4119;75;4194;NA;328980;466;2021-10-12;106288
2021-10-11;"Košický kraj";119;6351;121;6472;NA;328980;240;2021-10-11;105822
2021-10-10;"Košický kraj";104;2921;63;2984;NA;328980;167;2021-10-10;105582
2021-10-09;"Košický kraj";111;1687;43;1730;NA;328980;154;2021-10-09;105415
2021-10-08;"Košický kraj";274;4143;68;4211;NA;328980;342;2021-10-08;105261
2021-10-07;"Košický kraj";277;4399;74;4473;NA;328980;351;2021-10-07;104919
2021-10-06;"Košický kraj";178;4369;89;4458;NA;328980;267;2021-10-06;104568
2021-10-05;"Košický kraj";345;4542;78;4620;NA;328980;423;2021-10-05;104301
2021-10-04;"Košický kraj";122;6094;110;6204;NA;328980;232;2021-10-04;103878
2021-10-03;"Košický kraj";133;3176;74;3250;NA;328980;207;2021-10-03;103646
2021-10-02;"Košický kraj";124;2567;41;2608;NA;328980;165;2021-10-02;103439
2021-10-01;"Košický kraj";181;4251;73;4324;NA;328980;254;2021-10-01;103274
2021-09-30;"Košický kraj";244;4780;71;4851;NA;328980;315;2021-09-30;103020
2021-09-29;"Košický kraj";183;3824;64;3888;NA;328980;247;2021-09-29;102705
2021-09-28;"Košický kraj";303;4339;80;4419;NA;328980;383;2021-09-28;102458
2021-09-27;"Košický kraj";117;6358;77;6435;NA;328980;194;2021-09-27;102075
2021-09-26;"Košický kraj";13;2809;44;2853;NA;328980;57;2021-09-26;101881
2021-09-25;"Košický kraj";162;2521;35;2556;NA;328980;197;2021-09-25;101824
2021-09-24;"Košický kraj";183;4756;43;4799;NA;328980;226;2021-09-24;101627
2021-09-23;"Košický kraj";142;3880;51;3931;NA;328980;193;2021-09-23;101401
2021-09-22;"Košický kraj";151;4436;52;4488;NA;328980;203;2021-09-22;101208
2021-09-21;"Košický kraj";234;4441;44;4485;NA;328980;278;2021-09-21;101005
2021-09-20;"Košický kraj";158;6017;73;6090;NA;328980;231;2021-09-20;100727
2021-09-19;"Košický kraj";15;2487;30;2517;NA;328980;45;2021-09-19;100496
2021-09-18;"Košický kraj";187;2504;24;2528;NA;328980;211;2021-09-18;100451
2021-09-17;"Košický kraj";121;4797;41;4838;NA;328980;162;2021-09-17;100240
2021-09-16;"Košický kraj";228;4503;71;4574;NA;328980;299;2021-09-16;100078
2021-09-15;"Košický kraj";52;989;16;1005;NA;328980;68;2021-09-15;99779
2021-09-14;"Košický kraj";142;3456;47;3503;NA;328980;189;2021-09-14;99711
2021-09-13;"Košický kraj";96;4949;48;4997;NA;328980;144;2021-09-13;99522
2021-09-12;"Košický kraj";14;2003;31;2034;NA;328980;45;2021-09-12;99378
2021-09-11;"Košický kraj";105;2186;19;2205;NA;328980;124;2021-09-11;99333
2021-09-10;"Košický kraj";125;4293;42;4335;NA;328980;167;2021-09-10;99209
2021-09-09;"Košický kraj";115;3226;30;3256;NA;328980;145;2021-09-09;99042
2021-09-08;"Košický kraj";86;2753;36;2789;NA;328980;122;2021-09-08;98897
2021-09-07;"Košický kraj";79;2686;53;2739;NA;328980;132;2021-09-07;98775
2021-09-06;"Košický kraj";41;2786;36;2822;NA;328980;77;2021-09-06;98643
2021-09-05;"Košický kraj";52;1393;18;1411;NA;328980;70;2021-09-05;98566
2021-09-04;"Košický kraj";37;1678;12;1690;NA;328980;49;2021-09-04;98496
2021-09-03;"Košický kraj";47;2913;35;2948;NA;328980;82;2021-09-03;98447
2021-09-02;"Košický kraj";56;2686;26;2712;NA;328980;82;2021-09-02;98365
2021-09-01;"Košický kraj";95;629;13;642;NA;328980;108;2021-09-01;98283
2021-08-31;"Košický kraj";30;2525;22;2547;NA;328980;52;2021-08-31;98175
2021-08-30;"Košický kraj";8;2404;28;2432;NA;328980;36;2021-08-30;98123
2021-08-29;"Košický kraj";16;603;1;604;NA;328980;17;2021-08-29;98087
2021-08-28;"Košický kraj";14;2103;11;2114;NA;328980;25;2021-08-28;98070
2021-08-27;"Košický kraj";22;2908;16;2924;NA;328980;38;2021-08-27;98045
2021-08-26;"Košický kraj";19;2292;13;2305;NA;328980;32;2021-08-26;98007
2021-08-25;"Košický kraj";33;2010;6;2016;NA;328980;39;2021-08-25;97975
2021-08-24;"Košický kraj";14;2337;3;2340;NA;328980;17;2021-08-24;97936
2021-08-23;"Košický kraj";33;2461;5;2466;NA;328980;38;2021-08-23;97919
2021-08-22;"Košický kraj";4;1457;8;1465;NA;328980;12;2021-08-22;97881
2021-08-21;"Košický kraj";35;2134;5;2139;NA;328980;40;2021-08-21;97869
2021-08-20;"Košický kraj";13;3215;5;3220;NA;328980;18;2021-08-20;97829
2021-08-19;"Košický kraj";14;2178;6;2184;NA;328980;20;2021-08-19;97811
2021-08-18;"Košický kraj";30;1827;8;1835;NA;328980;38;2021-08-18;97791
2021-08-17;"Košický kraj";24;1619;3;1622;NA;328980;27;2021-08-17;97753
2021-08-16;"Košický kraj";3;2236;10;2246;NA;328980;13;2021-08-16;97726
2021-08-15;"Košický kraj";1;778;5;783;NA;328980;6;2021-08-15;97713
2021-08-14;"Košický kraj";15;1222;1;1223;NA;328980;16;2021-08-14;97707
2021-08-13;"Košický kraj";14;1928;8;1936;NA;328980;22;2021-08-13;97691
2021-08-12;"Košický kraj";10;1248;3;1251;NA;328980;13;2021-08-12;97669
2021-08-11;"Košický kraj";6;1368;5;1373;NA;328980;11;2021-08-11;97656
2021-08-10;"Košický kraj";10;1352;8;1360;NA;328980;18;2021-08-10;97645
2021-08-09;"Košický kraj";12;1651;3;1654;NA;328980;15;2021-08-09;97627
2021-08-08;"Košický kraj";8;688;1;689;NA;328980;9;2021-08-08;97612
2021-08-07;"Košický kraj";3;1125;3;1128;NA;328980;6;2021-08-07;97603
2021-08-06;"Košický kraj";9;1614;6;1620;NA;328980;15;2021-08-06;97597
2021-08-05;"Košický kraj";26;1254;6;1260;NA;328980;32;2021-08-05;97582
2021-08-04;"Košický kraj";8;1373;5;1378;NA;328980;13;2021-08-04;97550
2021-08-03;"Košický kraj";33;1121;3;1124;NA;328980;36;2021-08-03;97537
2021-08-02;"Košický kraj";6;1702;8;1710;NA;328980;14;2021-08-02;97501
2021-08-01;"Košický kraj";1;662;1;663;NA;328980;2;2021-08-01;97487
2021-07-31;"Košický kraj";17;1153;2;1155;NA;328980;19;2021-07-31;97485
2021-07-30;"Košický kraj";12;1657;7;1664;NA;328980;19;2021-07-30;97466
2021-07-29;"Košický kraj";7;1242;5;1247;NA;328980;12;2021-07-29;97447
2021-07-28;"Košický kraj";15;956;5;961;NA;328980;20;2021-07-28;97435
2021-07-27;"Košický kraj";17;1180;7;1187;NA;328980;24;2021-07-27;97415
2021-07-26;"Košický kraj";3;1666;9;1675;NA;328980;12;2021-07-26;97391
2021-07-25;"Košický kraj";0;719;3;722;NA;328980;3;2021-07-25;97379
2021-07-24;"Košický kraj";18;996;4;1000;NA;328980;22;2021-07-24;97376
2021-07-23;"Košický kraj";9;1524;5;1529;NA;328980;14;2021-07-23;97354
2021-07-22;"Košický kraj";1;1254;4;1258;NA;328980;5;2021-07-22;97340
2021-07-21;"Košický kraj";4;1117;3;1120;NA;328980;7;2021-07-21;97335
2021-07-20;"Košický kraj";6;1355;1;1356;NA;328980;7;2021-07-20;97328
2021-07-19;"Košický kraj";2;1517;2;1519;NA;328980;4;2021-07-19;97321
2021-07-18;"Košický kraj";0;644;0;644;NA;328980;0;2021-07-18;97317
2021-07-17;"Košický kraj";3;1101;5;1106;NA;328980;8;2021-07-17;97317
2021-07-16;"Košický kraj";3;1609;4;1613;NA;328980;7;2021-07-16;97309
2021-07-15;"Košický kraj";4;1383;4;1387;NA;328980;8;2021-07-15;97302
2021-07-14;"Košický kraj";2;1175;4;1179;NA;328980;6;2021-07-14;97294
2021-07-13;"Košický kraj";4;1331;1;1332;NA;328980;5;2021-07-13;97288
2021-07-12;"Košický kraj";3;1894;3;1897;NA;328980;6;2021-07-12;97283
2021-07-11;"Košický kraj";1;537;2;539;NA;328980;3;2021-07-11;97277
2021-07-10;"Košický kraj";9;1167;0;1167;NA;328980;9;2021-07-10;97274
2021-07-09;"Košický kraj";5;2005;5;2010;NA;328980;10;2021-07-09;97265
2021-07-08;"Košický kraj";13;1282;2;1284;NA;328980;15;2021-07-08;97255
2021-07-07;"Košický kraj";6;1524;1;1525;NA;328980;7;2021-07-07;97240
2021-07-06;"Košický kraj";4;1886;2;1888;NA;328980;6;2021-07-06;97233
2021-07-05;"Košický kraj";1;573;1;574;NA;328980;2;2021-07-05;97227
2021-07-04;"Košický kraj";0;482;2;484;NA;328980;2;2021-07-04;97225
2021-07-03;"Košický kraj";2;1227;0;1227;NA;328980;2;2021-07-03;97223
2021-07-02;"Košický kraj";2;1883;3;1886;NA;328980;5;2021-07-02;97221
2021-07-01;"Košický kraj";0;1211;2;1213;NA;328980;2;2021-07-01;97216
2021-06-30;"Košický kraj";5;9306;7;9313;NA;328980;12;2021-06-30;97214
2021-06-29;"Košický kraj";6;5692;7;5699;NA;328980;13;2021-06-29;97202
2021-06-28;"Košický kraj";5;6129;2;6131;NA;328980;7;2021-06-28;97189
2021-06-27;"Košický kraj";8;4636;3;4639;NA;328980;11;2021-06-27;97182
2021-06-26;"Košický kraj";4;5699;14;5713;NA;328980;18;2021-06-26;97171
2021-06-25;"Košický kraj";5;6981;2;6983;NA;328980;7;2021-06-25;97153
2021-06-24;"Košický kraj";1;5072;3;5075;NA;328980;4;2021-06-24;97146
2021-06-23;"Košický kraj";8;5373;3;5376;NA;328980;11;2021-06-23;97142
2021-06-22;"Košický kraj";1;5269;3;5272;NA;328980;4;2021-06-22;97131
2021-06-21;"Košický kraj";5;6830;11;6841;NA;328980;16;2021-06-21;97127
2021-06-20;"Košický kraj";0;4882;6;4888;NA;328980;6;2021-06-20;97111
2021-06-19;"Košický kraj";7;6473;1;6474;NA;328980;8;2021-06-19;97105
2021-06-18;"Košický kraj";4;7969;8;7977;NA;328980;12;2021-06-18;97097
2021-06-17;"Košický kraj";6;6128;3;6131;NA;328980;9;2021-06-17;97085
2021-06-16;"Košický kraj";11;6059;7;6066;NA;328980;18;2021-06-16;97076
2021-06-15;"Košický kraj";12;6301;2;6303;NA;328980;14;2021-06-15;97058
2021-06-14;"Košický kraj";10;7076;9;7085;NA;328980;19;2021-06-14;97044
2021-06-13;"Košický kraj";7;6948;8;6956;NA;328980;15;2021-06-13;97025
2021-06-12;"Košický kraj";7;7485;9;7494;NA;328980;16;2021-06-12;97010
2021-06-11;"Košický kraj";15;8973;6;8979;NA;328980;21;2021-06-11;96994
2021-06-10;"Košický kraj";11;6588;16;6604;NA;328980;27;2021-06-10;96973
2021-06-09;"Košický kraj";37;6056;7;6063;NA;328980;44;2021-06-09;96946
2021-06-08;"Košický kraj";33;7019;13;7032;NA;328980;46;2021-06-08;96902
2021-06-07;"Košický kraj";11;8106;22;8128;NA;328980;33;2021-06-07;96856
2021-06-06;"Košický kraj";1;7843;7;7850;NA;328980;8;2021-06-06;96823
2021-06-05;"Košický kraj";21;9286;3;9289;NA;328980;24;2021-06-05;96815
2021-06-04;"Košický kraj";26;11418;20;11438;NA;328980;46;2021-06-04;96791
2021-06-03;"Košický kraj";23;6467;14;6481;NA;328980;37;2021-06-03;96745
2021-06-02;"Košický kraj";15;7180;24;7204;NA;328980;39;2021-06-02;96708
2021-06-01;"Košický kraj";13;7562;10;7572;NA;328980;23;2021-06-01;96669
2021-05-31;"Košický kraj";13;9256;18;9274;NA;328980;31;2021-05-31;96646
2021-05-30;"Košický kraj";3;11215;10;11225;NA;328980;13;2021-05-30;96615
2021-05-29;"Košický kraj";25;10942;22;10964;NA;328980;47;2021-05-29;96602
2021-05-28;"Košický kraj";17;13055;29;13084;NA;328980;46;2021-05-28;96555
2021-05-27;"Košický kraj";19;7924;26;7950;NA;328980;45;2021-05-27;96509
2021-05-26;"Košický kraj";35;8118;27;8145;NA;328980;62;2021-05-26;96464
2021-05-25;"Košický kraj";33;9296;29;9325;NA;328980;62;2021-05-25;96402
2021-05-24;"Košický kraj";10;10855;27;10882;NA;328980;37;2021-05-24;96340
2021-05-23;"Košický kraj";4;12151;15;12166;NA;328980;19;2021-05-23;96303
2021-05-22;"Košický kraj";27;12601;19;12620;NA;328980;46;2021-05-22;96284
2021-05-21;"Košický kraj";24;14910;27;14937;NA;328980;51;2021-05-21;96238
2021-05-20;"Košický kraj";20;9422;28;9450;NA;328980;48;2021-05-20;96187
2021-05-19;"Košický kraj";30;10421;21;10442;NA;328980;51;2021-05-19;96139
2021-05-18;"Košický kraj";34;10254;36;10290;NA;328980;70;2021-05-18;96088
2021-05-17;"Košický kraj";20;12686;38;12724;NA;328980;58;2021-05-17;96018
2021-05-16;"Košický kraj";37;17865;20;17885;NA;328980;57;2021-05-16;95960
2021-05-15;"Košický kraj";22;25602;28;25630;NA;328980;50;2021-05-15;95903
2021-05-14;"Košický kraj";32;21824;42;21866;NA;328980;74;2021-05-14;95853
2021-05-13;"Košický kraj";39;10172;32;10204;NA;328980;71;2021-05-13;95779
2021-05-12;"Košický kraj";85;10868;33;10901;NA;328980;118;2021-05-12;95708
2021-05-11;"Košický kraj";68;11166;32;11198;NA;328980;100;2021-05-11;95590
2021-05-10;"Košický kraj";25;17044;42;17086;NA;328980;67;2021-05-10;95490
2021-05-09;"Košický kraj";84;25594;55;25649;NA;328980;139;2021-05-09;95423
2021-05-08;"Košický kraj";18;23399;23;23422;NA;328980;41;2021-05-08;95284
2021-05-07;"Košický kraj";51;24497;57;24554;NA;328980;108;2021-05-07;95243
2021-05-06;"Košický kraj";55;11847;43;11890;NA;328980;98;2021-05-06;95135
2021-05-05;"Košický kraj";23;12124;35;12159;NA;328980;58;2021-05-05;95037
2021-05-04;"Košický kraj";143;13562;38;13600;NA;328980;181;2021-05-04;94979
2021-05-03;"Košický kraj";37;16944;68;17012;NA;328980;105;2021-05-03;94798
2021-05-02;"Košický kraj";45;36096;56;36152;NA;328980;101;2021-05-02;94693
2021-05-01;"Košický kraj";54;52075;76;52151;NA;328980;130;2021-05-01;94592
2021-04-30;"Košický kraj";59;44602;94;44696;NA;328980;153;2021-04-30;94462
2021-04-29;"Košický kraj";76;17014;53;17067;NA;328980;129;2021-04-29;94309
2021-04-28;"Košický kraj";99;17970;52;18022;NA;328980;151;2021-04-28;94180
2021-04-27;"Košický kraj";108;20670;43;20713;NA;328980;151;2021-04-27;94029
2021-04-26;"Košický kraj";39;25915;96;26011;NA;328980;135;2021-04-26;93878
2021-04-25;"Košický kraj";23;48355;57;48412;NA;328980;80;2021-04-25;93743
2021-04-24;"Košický kraj";68;90124;114;90238;NA;328980;182;2021-04-24;93663
2021-04-23;"Košický kraj";110;41232;72;41304;NA;328980;182;2021-04-23;93481
2021-04-22;"Košický kraj";56;16772;44;16816;NA;328980;100;2021-04-22;93299
2021-04-21;"Košický kraj";114;19519;61;19580;NA;328980;175;2021-04-21;93199
2021-04-20;"Košický kraj";81;25432;63;25495;NA;328980;144;2021-04-20;93024
2021-04-19;"Košický kraj";93;29950;108;30058;NA;328980;201;2021-04-19;92880
2021-04-18;"Košický kraj";10;48913;82;48995;NA;328980;92;2021-04-18;92679
2021-04-17;"Košický kraj";187;83856;103;83959;NA;328980;290;2021-04-17;92587
2021-04-16;"Košický kraj";83;41568;127;41695;NA;328980;210;2021-04-16;92297
2021-04-15;"Košický kraj";104;18522;93;18615;NA;328980;197;2021-04-15;92087
2021-04-14;"Košický kraj";119;20089;64;20153;NA;328980;183;2021-04-14;91890
2021-04-13;"Košický kraj";81;23175;120;23295;NA;328980;201;2021-04-13;91707
2021-04-12;"Košický kraj";129;26573;124;26697;NA;328980;253;2021-04-12;91506
2021-04-11;"Košický kraj";29;46949;80;47029;NA;328980;109;2021-04-11;91253
2021-04-10;"Košický kraj";138;100114;183;100297;NA;328980;321;2021-04-10;91144
2021-04-09;"Košický kraj";168;35206;133;35339;NA;328980;301;2021-04-09;90823
2021-04-08;"Košický kraj";81;18530;90;18620;NA;328980;171;2021-04-08;90522
2021-04-07;"Košický kraj";232;28027;194;28221;NA;328980;426;2021-04-07;90351
2021-04-06;"Košický kraj";121;36495;164;36659;NA;328980;285;2021-04-06;89925
2021-04-05;"Košický kraj";19;14361;66;14427;NA;328980;85;2021-04-05;89640
2021-04-04;"Košický kraj";33;15089;66;15155;NA;328980;99;2021-04-04;89555
2021-04-03;"Košický kraj";138;97664;241;97905;NA;328980;379;2021-04-03;89456
2021-04-02;"Košický kraj";128;24515;76;24591;NA;328980;204;2021-04-02;89077
2021-04-01;"Košický kraj";165;46151;156;46307;NA;328980;321;2021-04-01;88873
2021-03-31;"Košický kraj";160;29659;124;29783;NA;328980;284;2021-03-31;88552
2021-03-30;"Košický kraj";229;24038;163;24201;NA;328980;392;2021-03-30;88268
2021-03-29;"Košický kraj";78;28843;194;29037;NA;328980;272;2021-03-29;87876
2021-03-28;"Košický kraj";39;44263;128;44391;NA;328980;167;2021-03-28;87604
2021-03-27;"Košický kraj";222;96602;265;96867;NA;328980;487;2021-03-27;87437
2021-03-26;"Košický kraj";233;45252;202;45454;NA;328980;435;2021-03-26;86950
2021-03-25;"Košický kraj";133;23804;175;23979;NA;328980;308;2021-03-25;86515
2021-03-24;"Košický kraj";165;20696;155;20851;NA;328980;320;2021-03-24;86207
2021-03-23;"Košický kraj";202;22434;192;22626;NA;328980;394;2021-03-23;85887
2021-03-22;"Košický kraj";169;26890;228;27118;NA;328980;397;2021-03-22;85493
2021-03-21;"Košický kraj";109;46746;167;46913;NA;328980;276;2021-03-21;85096
2021-03-20;"Košický kraj";126;101334;311;101645;NA;328980;437;2021-03-20;84820
2021-03-19;"Košický kraj";205;45632;260;45892;NA;328980;465;2021-03-19;84383
2021-03-18;"Košický kraj";274;23827;212;24039;NA;328980;486;2021-03-18;83918
2021-03-17;"Košický kraj";177;21548;195;21743;NA;328980;372;2021-03-17;83432
2021-03-16;"Košický kraj";386;23454;226;23680;NA;328980;612;2021-03-16;83060
2021-03-15;"Košický kraj";173;27900;297;28197;NA;328980;470;2021-03-15;82448
2021-03-14;"Košický kraj";145;44354;220;44574;NA;328980;365;2021-03-14;81978
2021-03-13;"Košický kraj";146;103790;483;104273;NA;328980;629;2021-03-13;81613
2021-03-12;"Košický kraj";366;47871;321;48192;NA;328980;687;2021-03-12;80984
2021-03-11;"Košický kraj";396;23229;263;23492;NA;328980;659;2021-03-11;80297
2021-03-10;"Košický kraj";121;22205;269;22474;NA;328980;390;2021-03-10;79638
2021-03-09;"Košický kraj";676;24509;300;24809;NA;328980;976;2021-03-09;79248
2021-03-08;"Košický kraj";559;29852;344;30196;NA;328980;903;2021-03-08;78272
2021-03-07;"Košický kraj";45;44230;299;44529;NA;328980;344;2021-03-07;77369
2021-03-06;"Košický kraj";177;105598;532;106130;NA;328980;709;2021-03-06;77025
2021-03-05;"Košický kraj";439;45567;424;45991;NA;328980;863;2021-03-05;76316
2021-03-04;"Košický kraj";417;23862;320;24182;NA;328980;737;2021-03-04;75453
2021-03-03;"Košický kraj";390;23169;298;23467;NA;328980;688;2021-03-03;74716
2021-03-02;"Košický kraj";464;24158;368;24526;NA;328980;832;2021-03-02;74028
2021-03-01;"Košický kraj";389;30013;514;30527;NA;328980;903;2021-03-01;73196
2021-02-28;"Košický kraj";265;43053;334;43387;NA;328980;599;2021-02-28;72293
2021-02-27;"Košický kraj";301;100559;784;101343;NA;328980;1085;2021-02-27;71694
2021-02-26;"Košický kraj";440;45466;492;45958;NA;328980;932;2021-02-26;70609
2021-02-25;"Košický kraj";331;19872;342;20214;NA;328980;673;2021-02-25;69677
2021-02-24;"Košický kraj";263;18751;505;19256;NA;328980;768;2021-02-24;69004
2021-02-23;"Košický kraj";642;21605;341;21946;NA;328980;983;2021-02-23;68236
2021-02-22;"Košický kraj";362;30858;434;31292;NA;328980;796;2021-02-22;67253
2021-02-21;"Košický kraj";170;40464;385;40849;NA;328980;555;2021-02-21;66457
2021-02-20;"Košický kraj";283;92550;770;93320;NA;328980;1053;2021-02-20;65902
2021-02-19;"Košický kraj";507;41579;583;42162;NA;328980;1090;2021-02-19;64849
2021-02-18;"Košický kraj";397;18442;345;18787;NA;328980;742;2021-02-18;63759
2021-02-17;"Košický kraj";322;18080;387;18467;NA;328980;709;2021-02-17;63017
2021-02-16;"Košický kraj";600;22111;463;22574;NA;328980;1063;2021-02-16;62308
2021-02-15;"Košický kraj";216;27633;419;28052;NA;328980;635;2021-02-15;61245
2021-02-14;"Košický kraj";241;56743;524;57267;NA;328980;765;2021-02-14;60610
2021-02-13;"Košický kraj";206;93745;765;94510;NA;328980;971;2021-02-13;59845
2021-02-12;"Košický kraj";448;49924;611;50535;NA;328980;1059;2021-02-12;58874
2021-02-11;"Košický kraj";435;14524;323;14847;NA;328980;758;2021-02-11;57815
2021-02-10;"Košický kraj";360;18475;431;18906;NA;328980;791;2021-02-10;57057
2021-02-09;"Košický kraj";544;24841;463;25304;NA;328980;1007;2021-02-09;56266
2021-02-08;"Košický kraj";237;24836;392;25228;NA;328980;629;2021-02-08;55259
2021-02-07;"Košický kraj";208;56897;612;57509;NA;328980;820;2021-02-07;54630
2021-02-06;"Košický kraj";318;104357;884;105241;NA;328980;1202;2021-02-06;53810
2021-02-05;"Košický kraj";384;43186;494;43680;NA;328980;878;2021-02-05;52608
2021-02-04;"Košický kraj";391;14512;371;14883;NA;328980;762;2021-02-04;51730
2021-02-03;"Košický kraj";296;12599;339;12938;NA;328980;635;2021-02-03;50968
2021-02-02;"Košický kraj";473;43883;1212;45095;NA;328980;1685;2021-02-02;50333
2021-02-01;"Košický kraj";415;21984;362;22346;NA;328980;777;2021-02-01;48648
2021-01-31;"Košický kraj";142;54690;617;55307;NA;328980;759;2021-01-31;47871
2021-01-30;"Košický kraj";320;76722;661;77383;NA;328980;981;2021-01-30;47112
2021-01-29;"Košický kraj";311;37164;466;37630;NA;328980;777;2021-01-29;46131
2021-01-28;"Košický kraj";540;9006;244;9250;NA;328980;784;2021-01-28;45354
2021-01-27;"Košický kraj";265;7575;211;7786;NA;328980;476;2021-01-27;44570
2021-01-26;"Košický kraj";530;14210;245;14455;NA;328980;775;2021-01-26;44094
2021-01-25;"Košický kraj";226;26431;413;26844;NA;328980;639;2021-01-25;43319
2021-01-24;"Košický kraj";150;44419;581;45000;NA;328980;731;2021-01-24;42680
2021-01-23;"Košický kraj";232;82705;857;83562;NA;328980;1089;2021-01-23;41949
2021-01-22;"Košický kraj";316;19997;265;20262;NA;328980;581;2021-01-22;40860
2021-01-21;"Košický kraj";274;14053;159;14212;NA;328980;433;2021-01-21;40279
2021-01-20;"Košický kraj";374;10844;201;11045;NA;328980;575;2021-01-20;39846
2021-01-19;"Košický kraj";248;9717;181;9898;NA;328980;429;2021-01-19;39271
2021-01-18;"Košický kraj";333;7659;262;7921;NA;328980;595;2021-01-18;38842
2021-01-17;"Košický kraj";155;535;14;549;NA;328980;169;2021-01-17;38247
2021-01-16;"Košický kraj";153;1403;47;1450;NA;328980;200;2021-01-16;38078
2021-01-15;"Košický kraj";308;6443;213;6656;NA;328980;521;2021-01-15;37878
2021-01-14;"Košický kraj";358;5471;221;5692;NA;328980;579;2021-01-14;37357
2021-01-13;"Košický kraj";421;4897;226;5123;NA;328980;647;2021-01-13;36778
2021-01-12;"Košický kraj";482;6473;237;6710;NA;328980;719;2021-01-12;36131
2021-01-11;"Košický kraj";309;7553;286;7839;NA;328980;595;2021-01-11;35412
2021-01-10;"Košický kraj";193;136;6;142;NA;328980;199;2021-01-10;34817
2021-01-09;"Košický kraj";469;1134;45;1179;NA;328980;514;2021-01-09;34618
2021-01-08;"Košický kraj";551;7106;348;7454;NA;328980;899;2021-01-08;34104
2021-01-07;"Košický kraj";251;5853;398;6251;NA;328980;649;2021-01-07;33205
2021-01-06;"Košický kraj";442;429;33;462;NA;328980;475;2021-01-06;32556
2021-01-05;"Košický kraj";584;7633;527;8160;NA;328980;1111;2021-01-05;32081
2021-01-04;"Košický kraj";407;6479;660;7139;NA;328980;1067;2021-01-04;30970
2021-01-03;"Košický kraj";118;661;22;683;NA;328980;140;2021-01-03;29903
2021-01-02;"Košický kraj";88;440;52;492;NA;328980;140;2021-01-02;29763
2021-01-01;"Košický kraj";398;725;49;774;NA;328980;447;2021-01-01;29623
2020-12-31;"Košický kraj";625;7509;453;7962;NA;328980;1078;2020-12-31;29176
2020-12-30;"Košický kraj";590;6076;395;6471;NA;328980;985;2020-12-30;28098
2020-12-29;"Košický kraj";419;7454;596;8050;NA;328980;1015;2020-12-29;27113
2020-12-28;"Košický kraj";356;7933;756;8689;NA;328980;1112;2020-12-28;26098
2020-12-27;"Košický kraj";159;147;16;163;NA;328980;175;2020-12-27;24986
2020-12-26;"Košický kraj";163;274;23;297;NA;328980;186;2020-12-26;24811
2020-12-25;"Košický kraj";237;140;10;150;NA;328980;247;2020-12-25;24625
2020-12-24;"Košický kraj";564;1470;90;1560;NA;328980;654;2020-12-24;24378
2020-12-23;"Košický kraj";304;7339;327;7666;NA;328980;631;2020-12-23;23724
2020-12-22;"Košický kraj";438;7284;429;7713;NA;328980;867;2020-12-22;23093
2020-12-21;"Košický kraj";405;6703;504;7207;NA;328980;909;2020-12-21;22226
2020-12-20;"Košický kraj";215;73;11;84;NA;328980;226;2020-12-20;21317
2020-12-19;"Košický kraj";207;1309;63;1372;NA;328980;270;2020-12-19;21091
2020-12-18;"Košický kraj";310;7707;292;7999;NA;328980;602;2020-12-18;20821
2020-12-17;"Košický kraj";463;5101;253;5354;NA;328980;716;2020-12-17;20219
2020-12-16;"Košický kraj";455;5725;295;6020;NA;328980;750;2020-12-16;19503
2020-12-15;"Košický kraj";319;4787;327;5114;NA;328980;646;2020-12-15;18753
2020-12-14;"Košický kraj";256;2905;225;3130;NA;328980;481;2020-12-14;18107
2020-12-13;"Košický kraj";47;181;2;183;NA;328980;49;2020-12-13;17626
2020-12-12;"Košický kraj";369;1587;118;1705;NA;328980;487;2020-12-12;17577
2020-12-11;"Košický kraj";354;5328;256;5584;NA;328980;610;2020-12-11;17090
2020-12-10;"Košický kraj";283;3987;174;4161;NA;328980;457;2020-12-10;16480
2020-12-09;"Košický kraj";279;3786;166;3952;NA;328980;445;2020-12-09;16023
2020-12-08;"Košický kraj";226;4105;355;4460;NA;328980;581;2020-12-08;15578
2020-12-07;"Košický kraj";270;2383;106;2489;NA;328980;376;2020-12-07;14997
2020-12-06;"Košický kraj";121;482;33;515;NA;328980;154;2020-12-06;14621
2020-12-05;"Košický kraj";90;1096;48;1144;NA;328980;138;2020-12-05;14467
2020-12-04;"Košický kraj";224;2680;82;2762;NA;328980;306;2020-12-04;14329
2020-12-03;"Košický kraj";211;7717;173;7890;NA;328980;384;2020-12-03;14023
2020-12-02;"Košický kraj";193;8132;496;8628;NA;328980;689;2020-12-02;13639
2020-12-01;"Košický kraj";178;2237;124;2361;NA;328980;302;2020-12-01;12950
2020-11-30;"Košický kraj";171;3598;59;3657;NA;328980;230;2020-11-30;12648
2020-11-29;"Košický kraj";31;325;17;342;NA;328980;48;2020-11-29;12418
2020-11-28;"Košický kraj";69;721;52;773;NA;328980;121;2020-11-28;12370
2020-11-27;"Košický kraj";149;2921;78;2999;NA;328980;227;2020-11-27;12249
2020-11-26;"Košický kraj";239;1234;60;1294;NA;328980;299;2020-11-26;12022
2020-11-25;"Košický kraj";237;1785;123;1908;NA;328980;360;2020-11-25;11723
2020-11-24;"Košický kraj";196;1976;67;2043;NA;328980;263;2020-11-24;11363
2020-11-23;"Košický kraj";51;4115;63;4178;NA;328980;114;2020-11-23;11100
2020-11-22;"Košický kraj";57;57;5;62;NA;328980;62;2020-11-22;10986
2020-11-21;"Košický kraj";87;858;36;894;NA;328980;123;2020-11-21;10924
2020-11-20;"Košický kraj";176;3084;49;3133;NA;328980;225;2020-11-20;10801
2020-11-19;"Košický kraj";206;1736;48;1784;NA;328980;254;2020-11-19;10576
2020-11-18;"Košický kraj";122;532;17;549;NA;328980;139;2020-11-18;10322
2020-11-17;"Košický kraj";152;82;9;91;NA;328980;161;2020-11-17;10183
2020-11-16;"Košický kraj";114;596;27;623;NA;328980;141;2020-11-16;10022
2020-11-15;"Košický kraj";15;338;7;345;NA;328980;22;2020-11-15;9881
2020-11-14;"Košický kraj";234;520;12;532;NA;328980;246;2020-11-14;9859
2020-11-13;"Košický kraj";207;664;29;693;NA;328980;236;2020-11-13;9613
2020-11-12;"Košický kraj";192;736;13;749;NA;328980;205;2020-11-12;9377
2020-11-11;"Košický kraj";301;593;7;600;NA;328980;308;2020-11-11;9172
2020-11-10;"Košický kraj";190;541;11;552;NA;328980;201;2020-11-10;8864
2020-11-09;"Košický kraj";129;380;17;397;NA;328980;146;2020-11-09;8663
2020-11-08;"Košický kraj";78;1306;8;1314;NA;328980;86;2020-11-08;8517
2020-11-07;"Košický kraj";192;3909;22;3931;NA;328980;214;2020-11-07;8431
2020-11-06;"Košický kraj";195;5310;34;5344;NA;328980;229;2020-11-06;8217
2020-11-05;"Košický kraj";342;330;31;361;NA;328980;373;2020-11-05;7988
2020-11-04;"Košický kraj";101;154;6;160;NA;328980;107;2020-11-04;7615
2020-11-03;"Košický kraj";358;1122;13;1135;NA;328980;371;2020-11-03;7508
2020-11-02;"Košický kraj";111;6125;56;6181;NA;328980;167;2020-11-02;7137
2020-11-01;"Košický kraj";346;6522;34;6556;NA;328980;380;2020-11-01;6970
2020-10-31;"Košický kraj";82;14035;106;14141;NA;328980;188;2020-10-31;6590
2020-10-30;"Košický kraj";379;2835;27;2862;NA;328980;406;2020-10-30;6402
2020-10-29;"Košický kraj";333;983;13;996;NA;328980;346;2020-10-29;5996
2020-10-28;"Košický kraj";224;305;13;318;NA;328980;237;2020-10-28;5650
2020-10-27;"Košický kraj";386;439;21;460;NA;328980;407;2020-10-27;5413
2020-10-26;"Košický kraj";56;212;12;224;NA;328980;68;2020-10-26;5006
2020-10-25;"Košický kraj";154;79;2;81;NA;328980;156;2020-10-25;4938
2020-10-24;"Košický kraj";313;118;16;134;NA;328980;329;2020-10-24;4782
2020-10-23;"Košický kraj";100;331;8;339;NA;328980;108;2020-10-23;4453
2022-03-28;"Nitriansky kraj";711;0;0;0;175381;271624;711;2022-03-28;271624
2022-03-27;"Nitriansky kraj";463;312;82;394;NA;271624;545;2022-03-27;270913
2022-03-26;"Nitriansky kraj";653;243;67;310;NA;271624;720;2022-03-26;270368
2022-03-25;"Nitriansky kraj";918;938;189;1127;NA;271624;1107;2022-03-25;269648
2022-03-24;"Nitriansky kraj";1391;1234;186;1420;NA;271624;1577;2022-03-24;268541
2022-03-23;"Nitriansky kraj";1401;1490;455;1945;NA;271624;1856;2022-03-23;266964
2022-03-22;"Nitriansky kraj";1360;1533;191;1724;NA;271624;1551;2022-03-22;265108
2022-03-21;"Nitriansky kraj";1304;2086;332;2418;NA;271624;1636;2022-03-21;263557
2022-03-20;"Nitriansky kraj";552;933;226;1159;NA;271624;778;2022-03-20;261921
2022-03-19;"Nitriansky kraj";839;424;146;570;NA;271624;985;2022-03-19;261143
2022-03-18;"Nitriansky kraj";1205;1201;271;1472;NA;271624;1476;2022-03-18;260158
2022-03-17;"Nitriansky kraj";1734;1457;236;1693;NA;271624;1970;2022-03-17;258682
2022-03-16;"Nitriansky kraj";1214;1472;232;1704;NA;271624;1446;2022-03-16;256712
2022-03-15;"Nitriansky kraj";1590;1566;256;1822;NA;271624;1846;2022-03-15;255266
2022-03-14;"Nitriansky kraj";1325;2630;384;3014;NA;271624;1709;2022-03-14;253420
2022-03-13;"Nitriansky kraj";527;992;202;1194;NA;271624;729;2022-03-13;251711
2022-03-12;"Nitriansky kraj";711;739;169;908;NA;271624;880;2022-03-12;250982
2022-03-11;"Nitriansky kraj";1085;1890;365;2255;NA;271624;1450;2022-03-11;250102
2022-03-10;"Nitriansky kraj";1403;2015;313;2328;NA;271624;1716;2022-03-10;248652
2022-03-09;"Nitriansky kraj";1452;2118;323;2441;NA;271624;1775;2022-03-09;246936
2022-03-08;"Nitriansky kraj";1695;2542;350;2892;NA;271624;2045;2022-03-08;245161
2022-03-07;"Nitriansky kraj";1115;3386;521;3907;NA;271624;1636;2022-03-07;243116
2022-03-06;"Nitriansky kraj";566;1509;350;1859;NA;271624;916;2022-03-06;241480
2022-03-05;"Nitriansky kraj";614;1239;214;1453;NA;271624;828;2022-03-05;240564
2022-03-04;"Nitriansky kraj";1315;1597;323;1920;NA;271624;1638;2022-03-04;239736
2022-03-03;"Nitriansky kraj";1405;2944;379;3323;NA;271624;1784;2022-03-03;238098
2022-03-02;"Nitriansky kraj";1417;2717;422;3139;NA;271624;1839;2022-03-02;236314
2022-03-01;"Nitriansky kraj";1380;2422;412;2834;NA;271624;1792;2022-03-01;234475
2022-02-28;"Nitriansky kraj";1577;4819;599;5418;NA;271624;2176;2022-02-28;232683
2022-02-27;"Nitriansky kraj";797;1271;294;1565;NA;271624;1091;2022-02-27;230507
2022-02-26;"Nitriansky kraj";895;799;217;1016;NA;271624;1112;2022-02-26;229416
2022-02-25;"Nitriansky kraj";1400;2314;339;2653;NA;271624;1739;2022-02-25;228304
2022-02-24;"Nitriansky kraj";1592;3586;389;3975;NA;271624;1981;2022-02-24;226565
2022-02-23;"Nitriansky kraj";1885;3930;476;4406;NA;271624;2361;2022-02-23;224584
2022-02-22;"Nitriansky kraj";2323;3849;502;4351;NA;271624;2825;2022-02-22;222223
2022-02-21;"Nitriansky kraj";1593;6250;816;7066;NA;271624;2409;2022-02-21;219398
2022-02-20;"Nitriansky kraj";1049;1987;439;2426;NA;271624;1488;2022-02-20;216989
2022-02-19;"Nitriansky kraj";1084;1341;336;1677;NA;271624;1420;2022-02-19;215501
2022-02-18;"Nitriansky kraj";2021;3277;583;3860;NA;271624;2604;2022-02-18;214081
2022-02-17;"Nitriansky kraj";2134;3890;480;4370;NA;271624;2614;2022-02-17;211477
2022-02-16;"Nitriansky kraj";2152;3945;532;4477;NA;271624;2684;2022-02-16;208863
2022-02-15;"Nitriansky kraj";2093;4069;780;4849;NA;271624;2873;2022-02-15;206179
2022-02-14;"Nitriansky kraj";2094;6253;921;7174;NA;271624;3015;2022-02-14;203306
2022-02-13;"Nitriansky kraj";1146;2832;547;3379;NA;271624;1693;2022-02-13;200291
2022-02-12;"Nitriansky kraj";1301;1171;343;1514;NA;271624;1644;2022-02-12;198598
2022-02-11;"Nitriansky kraj";2042;2942;561;3503;NA;271624;2603;2022-02-11;196954
2022-02-10;"Nitriansky kraj";2374;3366;537;3903;NA;271624;2911;2022-02-10;194351
2022-02-09;"Nitriansky kraj";2133;4802;653;5455;NA;271624;2786;2022-02-09;191440
2022-02-08;"Nitriansky kraj";1801;4935;736;5671;NA;271624;2537;2022-02-08;188654
2022-02-07;"Nitriansky kraj";2240;6803;762;7565;NA;271624;3002;2022-02-07;186117
2022-02-06;"Nitriansky kraj";1309;2690;494;3184;NA;271624;1803;2022-02-06;183115
2022-02-05;"Nitriansky kraj";1609;1504;358;1862;NA;271624;1967;2022-02-05;181312
2022-02-04;"Nitriansky kraj";1848;4185;510;4695;NA;271624;2358;2022-02-04;179345
2022-02-03;"Nitriansky kraj";2425;4186;491;4677;NA;271624;2916;2022-02-03;176987
2022-02-02;"Nitriansky kraj";1903;5318;766;6084;NA;271624;2669;2022-02-02;174071
2022-02-01;"Nitriansky kraj";2288;4717;597;5314;NA;271624;2885;2022-02-01;171402
2022-01-31;"Nitriansky kraj";1329;8991;746;9737;NA;271624;2075;2022-01-31;168517
2022-01-30;"Nitriansky kraj";777;3498;471;3969;NA;271624;1248;2022-01-30;166442
2022-01-29;"Nitriansky kraj";1099;1670;298;1968;NA;271624;1397;2022-01-29;165194
2022-01-28;"Nitriansky kraj";1610;4217;374;4591;NA;271624;1984;2022-01-28;163797
2022-01-27;"Nitriansky kraj";1429;3796;289;4085;NA;271624;1718;2022-01-27;161813
2022-01-26;"Nitriansky kraj";1392;4444;306;4750;NA;271624;1698;2022-01-26;160095
2022-01-25;"Nitriansky kraj";1591;4624;426;5050;NA;271624;2017;2022-01-25;158397
2022-01-24;"Nitriansky kraj";770;7459;359;7818;NA;271624;1129;2022-01-24;156380
2022-01-23;"Nitriansky kraj";327;3109;205;3314;NA;271624;532;2022-01-23;155251
2022-01-22;"Nitriansky kraj";596;1974;153;2127;NA;271624;749;2022-01-22;154719
2022-01-21;"Nitriansky kraj";532;3472;141;3613;NA;271624;673;2022-01-21;153970
2022-01-20;"Nitriansky kraj";737;3537;129;3666;NA;271624;866;2022-01-20;153297
2022-01-19;"Nitriansky kraj";614;4581;121;4702;NA;271624;735;2022-01-19;152431
2022-01-18;"Nitriansky kraj";650;3329;125;3454;NA;271624;775;2022-01-18;151696
2022-01-17;"Nitriansky kraj";439;7781;152;7933;NA;271624;591;2022-01-17;150921
2022-01-16;"Nitriansky kraj";140;3191;71;3262;NA;271624;211;2022-01-16;150330
2022-01-15;"Nitriansky kraj";268;1651;50;1701;NA;271624;318;2022-01-15;150119
2022-01-14;"Nitriansky kraj";167;2900;68;2968;NA;271624;235;2022-01-14;149801
2022-01-13;"Nitriansky kraj";244;3297;53;3350;NA;271624;297;2022-01-13;149566
2022-01-12;"Nitriansky kraj";298;4325;66;4391;NA;271624;364;2022-01-12;149269
2022-01-11;"Nitriansky kraj";424;3990;50;4040;NA;271624;474;2022-01-11;148905
2022-01-10;"Nitriansky kraj";292;7648;71;7719;NA;271624;363;2022-01-10;148431
2022-01-09;"Nitriansky kraj";100;3419;48;3467;NA;271624;148;2022-01-09;148068
2022-01-08;"Nitriansky kraj";206;1352;47;1399;NA;271624;253;2022-01-08;147920
2022-01-07;"Nitriansky kraj";326;2970;74;3044;NA;271624;400;2022-01-07;147667
2022-01-06;"Nitriansky kraj";125;910;33;943;NA;271624;158;2022-01-06;147267
2022-01-05;"Nitriansky kraj";357;4227;66;4293;NA;271624;423;2022-01-05;147109
2022-01-04;"Nitriansky kraj";453;3697;85;3782;NA;271624;538;2022-01-04;146686
2022-01-03;"Nitriansky kraj";353;7361;117;7478;NA;271624;470;2022-01-03;146148
2022-01-02;"Nitriansky kraj";25;3035;95;3130;NA;271624;120;2022-01-02;145678
2022-01-01;"Nitriansky kraj";71;177;9;186;NA;271624;80;2022-01-01;145558
2021-12-31;"Nitriansky kraj";382;1506;69;1575;NA;271624;451;2021-12-31;145478
2021-12-30;"Nitriansky kraj";325;3330;89;3419;NA;271624;414;2021-12-30;145027
2021-12-29;"Nitriansky kraj";347;2371;61;2432;NA;271624;408;2021-12-29;144613
2021-12-28;"Nitriansky kraj";628;2501;88;2589;NA;271624;716;2021-12-28;144205
2021-12-27;"Nitriansky kraj";402;4253;169;4422;NA;271624;571;2021-12-27;143489
2021-12-26;"Nitriansky kraj";84;1039;53;1092;NA;271624;137;2021-12-26;142918
2021-12-25;"Nitriansky kraj";22;499;31;530;NA;271624;53;2021-12-25;142781
2021-12-24;"Nitriansky kraj";175;448;26;474;NA;271624;201;2021-12-24;142728
2021-12-23;"Nitriansky kraj";472;3420;110;3530;NA;271624;582;2021-12-23;142527
2021-12-22;"Nitriansky kraj";398;3517;95;3612;NA;271624;493;2021-12-22;141945
2021-12-21;"Nitriansky kraj";735;2913;93;3006;NA;271624;828;2021-12-21;141452
2021-12-20;"Nitriansky kraj";407;6754;169;6923;NA;271624;576;2021-12-20;140624
2021-12-19;"Nitriansky kraj";198;3587;98;3685;NA;271624;296;2021-12-19;140048
2021-12-18;"Nitriansky kraj";361;1456;96;1552;NA;271624;457;2021-12-18;139752
2021-12-17;"Nitriansky kraj";409;4934;153;5087;NA;271624;562;2021-12-17;139295
2021-12-16;"Nitriansky kraj";429;4230;144;4374;NA;271624;573;2021-12-16;138733
2021-12-15;"Nitriansky kraj";639;5682;143;5825;NA;271624;782;2021-12-15;138160
2021-12-14;"Nitriansky kraj";907;4720;200;4920;NA;271624;1107;2021-12-14;137378
2021-12-13;"Nitriansky kraj";524;7388;291;7679;NA;271624;815;2021-12-13;136271
2021-12-12;"Nitriansky kraj";289;3893;174;4067;NA;271624;463;2021-12-12;135456
2021-12-11;"Nitriansky kraj";458;1754;121;1875;NA;271624;579;2021-12-11;134993
2021-12-10;"Nitriansky kraj";591;4868;177;5045;NA;271624;768;2021-12-10;134414
2021-12-09;"Nitriansky kraj";741;3428;202;3630;NA;271624;943;2021-12-09;133646
2021-12-08;"Nitriansky kraj";954;5136;200;5336;NA;271624;1154;2021-12-08;132703
2021-12-07;"Nitriansky kraj";900;4045;197;4242;NA;271624;1097;2021-12-07;131549
2021-12-06;"Nitriansky kraj";699;8196;339;8535;NA;271624;1038;2021-12-06;130452
2021-12-05;"Nitriansky kraj";337;4314;192;4506;NA;271624;529;2021-12-05;129414
2021-12-04;"Nitriansky kraj";758;2045;180;2225;NA;271624;938;2021-12-04;128885
2021-12-03;"Nitriansky kraj";920;5783;237;6020;NA;271624;1157;2021-12-03;127947
2021-12-02;"Nitriansky kraj";1388;3898;267;4165;NA;271624;1655;2021-12-02;126790
2021-12-01;"Nitriansky kraj";982;4107;261;4368;NA;271624;1243;2021-12-01;125135
2021-11-30;"Nitriansky kraj";751;5575;241;5816;NA;271624;992;2021-11-30;123892
2021-11-29;"Nitriansky kraj";665;10153;499;10652;NA;271624;1164;2021-11-29;122900
2021-11-28;"Nitriansky kraj";357;6214;300;6514;NA;271624;657;2021-11-28;121736
2021-11-27;"Nitriansky kraj";560;2879;281;3160;NA;271624;841;2021-11-27;121079
2021-11-26;"Nitriansky kraj";824;5529;290;5819;NA;271624;1114;2021-11-26;120238
2021-11-25;"Nitriansky kraj";847;4154;342;4496;NA;271624;1189;2021-11-25;119124
2021-11-24;"Nitriansky kraj";875;4422;325;4747;NA;271624;1200;2021-11-24;117935
2021-11-23;"Nitriansky kraj";1103;5148;353;5501;NA;271624;1456;2021-11-23;116735
2021-11-22;"Nitriansky kraj";545;7105;465;7570;NA;271624;1010;2021-11-22;115279
2021-11-21;"Nitriansky kraj";345;3410;314;3724;NA;271624;659;2021-11-21;114269
2021-11-20;"Nitriansky kraj";579;1865;252;2117;NA;271624;831;2021-11-20;113610
2021-11-19;"Nitriansky kraj";571;4256;349;4605;NA;271624;920;2021-11-19;112779
2021-11-18;"Nitriansky kraj";677;4883;420;5303;NA;271624;1097;2021-11-18;111859
2021-11-17;"Nitriansky kraj";479;1622;207;1829;NA;271624;686;2021-11-17;110762
2021-11-16;"Nitriansky kraj";668;3882;266;4148;NA;271624;934;2021-11-16;110076
2021-11-15;"Nitriansky kraj";556;6033;440;6473;NA;271624;996;2021-11-15;109142
2021-11-14;"Nitriansky kraj";229;2796;259;3055;NA;271624;488;2021-11-14;108146
2021-11-13;"Nitriansky kraj";387;1473;201;1674;NA;271624;588;2021-11-13;107658
2021-11-12;"Nitriansky kraj";552;3096;270;3366;NA;271624;822;2021-11-12;107070
2021-11-11;"Nitriansky kraj";539;3545;238;3783;NA;271624;777;2021-11-11;106248
2021-11-10;"Nitriansky kraj";411;3494;234;3728;NA;271624;645;2021-11-10;105471
2021-11-09;"Nitriansky kraj";413;3313;210;3523;NA;271624;623;2021-11-09;104826
2021-11-08;"Nitriansky kraj";464;4936;331;5267;NA;271624;795;2021-11-08;104203
2021-11-07;"Nitriansky kraj";209;2074;161;2235;NA;271624;370;2021-11-07;103408
2021-11-06;"Nitriansky kraj";236;1407;114;1521;NA;271624;350;2021-11-06;103038
2021-11-05;"Nitriansky kraj";407;2583;185;2768;NA;271624;592;2021-11-05;102688
2021-11-04;"Nitriansky kraj";437;3083;168;3251;NA;271624;605;2021-11-04;102096
2021-11-03;"Nitriansky kraj";525;2891;157;3048;NA;271624;682;2021-11-03;101491
2021-11-02;"Nitriansky kraj";320;4279;239;4518;NA;271624;559;2021-11-02;100809
2021-11-01;"Nitriansky kraj";136;712;61;773;NA;271624;197;2021-11-01;100250
2021-10-31;"Nitriansky kraj";109;1234;114;1348;NA;271624;223;2021-10-31;100053
2021-10-30;"Nitriansky kraj";202;1218;82;1300;NA;271624;284;2021-10-30;99830
2021-10-29;"Nitriansky kraj";347;2481;120;2601;NA;271624;467;2021-10-29;99546
2021-10-28;"Nitriansky kraj";281;2603;95;2698;NA;271624;376;2021-10-28;99079
2021-10-27;"Nitriansky kraj";340;2923;112;3035;NA;271624;452;2021-10-27;98703
2021-10-26;"Nitriansky kraj";297;2926;117;3043;NA;271624;414;2021-10-26;98251
2021-10-25;"Nitriansky kraj";171;3599;124;3723;NA;271624;295;2021-10-25;97837
2021-10-24;"Nitriansky kraj";58;1914;74;1988;NA;271624;132;2021-10-24;97542
2021-10-23;"Nitriansky kraj";173;1815;77;1892;NA;271624;250;2021-10-23;97410
2021-10-22;"Nitriansky kraj";202;2216;68;2284;NA;271624;270;2021-10-22;97160
2021-10-21;"Nitriansky kraj";214;2793;65;2858;NA;271624;279;2021-10-21;96890
2021-10-20;"Nitriansky kraj";218;2328;74;2402;NA;271624;292;2021-10-20;96611
2021-10-19;"Nitriansky kraj";250;2929;65;2994;NA;271624;315;2021-10-19;96319
2021-10-18;"Nitriansky kraj";81;3259;90;3349;NA;271624;171;2021-10-18;96004
2021-10-17;"Nitriansky kraj";36;3010;92;3102;NA;271624;128;2021-10-17;95833
2021-10-16;"Nitriansky kraj";37;1477;38;1515;NA;271624;75;2021-10-16;95705
2021-10-15;"Nitriansky kraj";145;2653;34;2687;NA;271624;179;2021-10-15;95630
2021-10-14;"Nitriansky kraj";95;2389;30;2419;NA;271624;125;2021-10-14;95451
2021-10-13;"Nitriansky kraj";91;2248;36;2284;NA;271624;127;2021-10-13;95326
2021-10-12;"Nitriansky kraj";119;2905;34;2939;NA;271624;153;2021-10-12;95199
2021-10-11;"Nitriansky kraj";91;2703;42;2745;NA;271624;133;2021-10-11;95046
2021-10-10;"Nitriansky kraj";33;1527;22;1549;NA;271624;55;2021-10-10;94913
2021-10-09;"Nitriansky kraj";17;1395;17;1412;NA;271624;34;2021-10-09;94858
2021-10-08;"Nitriansky kraj";61;3004;37;3041;NA;271624;98;2021-10-08;94824
2021-10-07;"Nitriansky kraj";59;2829;30;2859;NA;271624;89;2021-10-07;94726
2021-10-06;"Nitriansky kraj";66;2657;28;2685;NA;271624;94;2021-10-06;94637
2021-10-05;"Nitriansky kraj";97;2536;32;2568;NA;271624;129;2021-10-05;94543
2021-10-04;"Nitriansky kraj";56;3263;49;3312;NA;271624;105;2021-10-04;94414
2021-10-03;"Nitriansky kraj";10;1591;24;1615;NA;271624;34;2021-10-03;94309
2021-10-02;"Nitriansky kraj";46;1567;20;1587;NA;271624;66;2021-10-02;94275
2021-10-01;"Nitriansky kraj";26;2860;34;2894;NA;271624;60;2021-10-01;94209
2021-09-30;"Nitriansky kraj";66;2468;15;2483;NA;271624;81;2021-09-30;94149
2021-09-29;"Nitriansky kraj";92;2266;16;2282;NA;271624;108;2021-09-29;94068
2021-09-28;"Nitriansky kraj";86;2893;27;2920;NA;271624;113;2021-09-28;93960
2021-09-27;"Nitriansky kraj";50;3633;41;3674;NA;271624;91;2021-09-27;93847
2021-09-26;"Nitriansky kraj";12;1635;20;1655;NA;271624;32;2021-09-26;93756
2021-09-25;"Nitriansky kraj";43;1456;20;1476;NA;271624;63;2021-09-25;93724
2021-09-24;"Nitriansky kraj";35;2783;15;2798;NA;271624;50;2021-09-24;93661
2021-09-23;"Nitriansky kraj";69;2503;20;2523;NA;271624;89;2021-09-23;93611
2021-09-22;"Nitriansky kraj";68;2380;17;2397;NA;271624;85;2021-09-22;93522
2021-09-21;"Nitriansky kraj";70;2684;30;2714;NA;271624;100;2021-09-21;93437
2021-09-20;"Nitriansky kraj";41;2497;21;2518;NA;271624;62;2021-09-20;93337
2021-09-19;"Nitriansky kraj";16;1553;20;1573;NA;271624;36;2021-09-19;93275
2021-09-18;"Nitriansky kraj";42;1421;19;1440;NA;271624;61;2021-09-18;93239
2021-09-17;"Nitriansky kraj";54;2757;30;2787;NA;271624;84;2021-09-17;93178
2021-09-16;"Nitriansky kraj";55;2499;44;2543;NA;271624;99;2021-09-16;93094
2021-09-15;"Nitriansky kraj";34;538;12;550;NA;271624;46;2021-09-15;92995
2021-09-14;"Nitriansky kraj";52;1821;20;1841;NA;271624;72;2021-09-14;92949
2021-09-13;"Nitriansky kraj";27;2373;27;2400;NA;271624;54;2021-09-13;92877
2021-09-12;"Nitriansky kraj";4;1182;17;1199;NA;271624;21;2021-09-12;92823
2021-09-11;"Nitriansky kraj";36;1181;8;1189;NA;271624;44;2021-09-11;92802
2021-09-10;"Nitriansky kraj";25;2133;12;2145;NA;271624;37;2021-09-10;92758
2021-09-09;"Nitriansky kraj";15;1611;20;1631;NA;271624;35;2021-09-09;92721
2021-09-08;"Nitriansky kraj";30;1463;22;1485;NA;271624;52;2021-09-08;92686
2021-09-07;"Nitriansky kraj";35;1460;9;1469;NA;271624;44;2021-09-07;92634
2021-09-06;"Nitriansky kraj";19;1668;27;1695;NA;271624;46;2021-09-06;92590
2021-09-05;"Nitriansky kraj";10;1007;8;1015;NA;271624;18;2021-09-05;92544
2021-09-04;"Nitriansky kraj";18;1119;10;1129;NA;271624;28;2021-09-04;92526
2021-09-03;"Nitriansky kraj";20;1743;17;1760;NA;271624;37;2021-09-03;92498
2021-09-02;"Nitriansky kraj";16;1389;14;1403;NA;271624;30;2021-09-02;92461
2021-09-01;"Nitriansky kraj";9;337;2;339;NA;271624;11;2021-09-01;92431
2021-08-31;"Nitriansky kraj";10;1360;6;1366;NA;271624;16;2021-08-31;92420
2021-08-30;"Nitriansky kraj";8;1381;10;1391;NA;271624;18;2021-08-30;92404
2021-08-29;"Nitriansky kraj";2;450;1;451;NA;271624;3;2021-08-29;92386
2021-08-28;"Nitriansky kraj";5;1071;3;1074;NA;271624;8;2021-08-28;92383
2021-08-27;"Nitriansky kraj";7;1804;4;1808;NA;271624;11;2021-08-27;92375
2021-08-26;"Nitriansky kraj";2;1255;6;1261;NA;271624;8;2021-08-26;92364
2021-08-25;"Nitriansky kraj";15;1087;3;1090;NA;271624;18;2021-08-25;92356
2021-08-24;"Nitriansky kraj";6;990;2;992;NA;271624;8;2021-08-24;92338
2021-08-23;"Nitriansky kraj";13;1271;4;1275;NA;271624;17;2021-08-23;92330
2021-08-22;"Nitriansky kraj";0;1167;3;1170;NA;271624;3;2021-08-22;92313
2021-08-21;"Nitriansky kraj";1;853;2;855;NA;271624;3;2021-08-21;92310
2021-08-20;"Nitriansky kraj";8;1580;5;1585;NA;271624;13;2021-08-20;92307
2021-08-19;"Nitriansky kraj";11;1167;4;1171;NA;271624;15;2021-08-19;92294
2021-08-18;"Nitriansky kraj";8;1180;7;1187;NA;271624;15;2021-08-18;92279
2021-08-17;"Nitriansky kraj";4;1035;3;1038;NA;271624;7;2021-08-17;92264
2021-08-16;"Nitriansky kraj";7;1129;4;1133;NA;271624;11;2021-08-16;92257
2021-08-15;"Nitriansky kraj";2;662;1;663;NA;271624;3;2021-08-15;92246
2021-08-14;"Nitriansky kraj";1;878;5;883;NA;271624;6;2021-08-14;92243
2021-08-13;"Nitriansky kraj";0;957;1;958;NA;271624;1;2021-08-13;92237
2021-08-12;"Nitriansky kraj";5;765;0;765;NA;271624;5;2021-08-12;92236
2021-08-11;"Nitriansky kraj";3;527;1;528;NA;271624;4;2021-08-11;92231
2021-08-10;"Nitriansky kraj";3;570;1;571;NA;271624;4;2021-08-10;92227
2021-08-09;"Nitriansky kraj";3;992;1;993;NA;271624;4;2021-08-09;92223
2021-08-08;"Nitriansky kraj";0;668;1;669;NA;271624;1;2021-08-08;92219
2021-08-07;"Nitriansky kraj";0;557;1;558;NA;271624;1;2021-08-07;92218
2021-08-06;"Nitriansky kraj";5;799;0;799;NA;271624;5;2021-08-06;92217
2021-08-05;"Nitriansky kraj";6;612;0;612;NA;271624;6;2021-08-05;92212
2021-08-04;"Nitriansky kraj";1;497;2;499;NA;271624;3;2021-08-04;92206
2021-08-03;"Nitriansky kraj";5;1455;0;1455;NA;271624;5;2021-08-03;92203
2021-08-02;"Nitriansky kraj";1;683;4;687;NA;271624;5;2021-08-02;92198
2021-08-01;"Nitriansky kraj";1;606;0;606;NA;271624;1;2021-08-01;92193
2021-07-31;"Nitriansky kraj";1;514;1;515;NA;271624;2;2021-07-31;92192
2021-07-30;"Nitriansky kraj";2;827;0;827;NA;271624;2;2021-07-30;92190
2021-07-29;"Nitriansky kraj";3;720;2;722;NA;271624;5;2021-07-29;92188
2021-07-28;"Nitriansky kraj";4;598;0;598;NA;271624;4;2021-07-28;92183
2021-07-27;"Nitriansky kraj";12;602;1;603;NA;271624;13;2021-07-27;92179
2021-07-26;"Nitriansky kraj";7;970;1;971;NA;271624;8;2021-07-26;92166
2021-07-25;"Nitriansky kraj";1;654;1;655;NA;271624;2;2021-07-25;92158
2021-07-24;"Nitriansky kraj";0;620;0;620;NA;271624;0;2021-07-24;92156
2021-07-23;"Nitriansky kraj";3;851;1;852;NA;271624;4;2021-07-23;92156
2021-07-22;"Nitriansky kraj";5;689;0;689;NA;271624;5;2021-07-22;92152
2021-07-21;"Nitriansky kraj";6;650;2;652;NA;271624;8;2021-07-21;92147
2021-07-20;"Nitriansky kraj";1;527;1;528;NA;271624;2;2021-07-20;92139
2021-07-19;"Nitriansky kraj";2;965;0;965;NA;271624;2;2021-07-19;92137
2021-07-18;"Nitriansky kraj";1;747;0;747;NA;271624;1;2021-07-18;92135
2021-07-17;"Nitriansky kraj";5;612;0;612;NA;271624;5;2021-07-17;92134
2021-07-16;"Nitriansky kraj";2;876;0;876;NA;271624;2;2021-07-16;92129
2021-07-15;"Nitriansky kraj";11;708;0;708;NA;271624;11;2021-07-15;92127
2021-07-14;"Nitriansky kraj";4;646;0;646;NA;271624;4;2021-07-14;92116
2021-07-13;"Nitriansky kraj";2;697;2;699;NA;271624;4;2021-07-13;92112
2021-07-12;"Nitriansky kraj";1;819;0;819;NA;271624;1;2021-07-12;92108
2021-07-11;"Nitriansky kraj";1;961;0;961;NA;271624;1;2021-07-11;92107
2021-07-10;"Nitriansky kraj";1;630;0;630;NA;271624;1;2021-07-10;92106
2021-07-09;"Nitriansky kraj";3;1000;0;1000;NA;271624;3;2021-07-09;92105
2021-07-08;"Nitriansky kraj";0;683;0;683;NA;271624;0;2021-07-08;92102
2021-07-07;"Nitriansky kraj";2;935;2;937;NA;271624;4;2021-07-07;92102
2021-07-06;"Nitriansky kraj";1;1269;1;1270;NA;271624;2;2021-07-06;92098
2021-07-05;"Nitriansky kraj";1;507;0;507;NA;271624;1;2021-07-05;92096
2021-07-04;"Nitriansky kraj";0;821;1;822;NA;271624;1;2021-07-04;92095
2021-07-03;"Nitriansky kraj";0;611;0;611;NA;271624;0;2021-07-03;92094
2021-07-02;"Nitriansky kraj";0;1259;0;1259;NA;271624;0;2021-07-02;92094
2021-07-01;"Nitriansky kraj";0;369;1;370;NA;271624;1;2021-07-01;92094
2021-06-30;"Nitriansky kraj";1;6777;2;6779;NA;271624;3;2021-06-30;92093
2021-06-29;"Nitriansky kraj";1;3536;0;3536;NA;271624;1;2021-06-29;92090
2021-06-28;"Nitriansky kraj";3;4393;0;4393;NA;271624;3;2021-06-28;92089
2021-06-27;"Nitriansky kraj";0;3263;0;3263;NA;271624;0;2021-06-27;92086
2021-06-26;"Nitriansky kraj";1;4979;3;4982;NA;271624;4;2021-06-26;92086
2021-06-25;"Nitriansky kraj";8;5182;1;5183;NA;271624;9;2021-06-25;92082
2021-06-24;"Nitriansky kraj";1;3354;0;3354;NA;271624;1;2021-06-24;92073
2021-06-23;"Nitriansky kraj";1;3033;0;3033;NA;271624;1;2021-06-23;92072
2021-06-22;"Nitriansky kraj";1;3240;3;3243;NA;271624;4;2021-06-22;92071
2021-06-21;"Nitriansky kraj";8;5362;8;5370;NA;271624;16;2021-06-21;92067
2021-06-20;"Nitriansky kraj";0;4437;6;4443;NA;271624;6;2021-06-20;92051
2021-06-19;"Nitriansky kraj";0;5983;4;5987;NA;271624;4;2021-06-19;92045
2021-06-18;"Nitriansky kraj";4;6453;3;6456;NA;271624;7;2021-06-18;92041
2021-06-17;"Nitriansky kraj";5;4152;1;4153;NA;271624;6;2021-06-17;92034
2021-06-16;"Nitriansky kraj";4;3694;3;3697;NA;271624;7;2021-06-16;92028
2021-06-15;"Nitriansky kraj";1;3995;0;3995;NA;271624;1;2021-06-15;92021
2021-06-14;"Nitriansky kraj";0;5875;3;5878;NA;271624;3;2021-06-14;92020
2021-06-13;"Nitriansky kraj";0;6073;3;6076;NA;271624;3;2021-06-13;92017
2021-06-12;"Nitriansky kraj";1;8293;1;8294;NA;271624;2;2021-06-12;92014
2021-06-11;"Nitriansky kraj";3;6891;4;6895;NA;271624;7;2021-06-11;92012
2021-06-10;"Nitriansky kraj";7;4539;1;4540;NA;271624;8;2021-06-10;92005
2021-06-09;"Nitriansky kraj";2;4706;2;4708;NA;271624;4;2021-06-09;91997
2021-06-08;"Nitriansky kraj";8;4239;3;4242;NA;271624;11;2021-06-08;91993
2021-06-07;"Nitriansky kraj";6;5841;8;5849;NA;271624;14;2021-06-07;91982
2021-06-06;"Nitriansky kraj";0;6981;4;6985;NA;271624;4;2021-06-06;91968
2021-06-05;"Nitriansky kraj";6;9089;9;9098;NA;271624;15;2021-06-05;91964
2021-06-04;"Nitriansky kraj";9;7639;5;7644;NA;271624;14;2021-06-04;91949
2021-06-03;"Nitriansky kraj";2;5064;6;5070;NA;271624;8;2021-06-03;91935
2021-06-02;"Nitriansky kraj";11;5119;11;5130;NA;271624;22;2021-06-02;91927
2021-06-01;"Nitriansky kraj";3;4847;2;4849;NA;271624;5;2021-06-01;91905
2021-05-31;"Nitriansky kraj";8;8933;8;8941;NA;271624;16;2021-05-31;91900
2021-05-30;"Nitriansky kraj";1;9067;8;9075;NA;271624;9;2021-05-30;91884
2021-05-29;"Nitriansky kraj";2;13610;7;13617;NA;271624;9;2021-05-29;91875
2021-05-28;"Nitriansky kraj";10;8872;6;8878;NA;271624;16;2021-05-28;91866
2021-05-27;"Nitriansky kraj";4;6164;5;6169;NA;271624;9;2021-05-27;91850
2021-05-26;"Nitriansky kraj";11;8509;10;8519;NA;271624;21;2021-05-26;91841
2021-05-25;"Nitriansky kraj";15;7350;8;7358;NA;271624;23;2021-05-25;91820
2021-05-24;"Nitriansky kraj";14;9816;17;9833;NA;271624;31;2021-05-24;91797
2021-05-23;"Nitriansky kraj";1;9456;13;9469;NA;271624;14;2021-05-23;91766
2021-05-22;"Nitriansky kraj";7;16939;11;16950;NA;271624;18;2021-05-22;91752
2021-05-21;"Nitriansky kraj";18;10632;15;10647;NA;271624;33;2021-05-21;91734
2021-05-20;"Nitriansky kraj";8;7185;7;7192;NA;271624;15;2021-05-20;91701
2021-05-19;"Nitriansky kraj";20;6787;14;6801;NA;271624;34;2021-05-19;91686
2021-05-18;"Nitriansky kraj";23;7797;18;7815;NA;271624;41;2021-05-18;91652
2021-05-17;"Nitriansky kraj";22;9774;20;9794;NA;271624;42;2021-05-17;91611
2021-05-16;"Nitriansky kraj";4;13830;15;13845;NA;271624;19;2021-05-16;91569
2021-05-15;"Nitriansky kraj";5;25389;23;25412;NA;271624;28;2021-05-15;91550
2021-05-14;"Nitriansky kraj";18;13385;23;13408;NA;271624;41;2021-05-14;91522
2021-05-13;"Nitriansky kraj";24;8289;19;8308;NA;271624;43;2021-05-13;91481
2021-05-12;"Nitriansky kraj";10;7682;26;7708;NA;271624;36;2021-05-12;91438
2021-05-11;"Nitriansky kraj";36;8169;13;8182;NA;271624;49;2021-05-11;91402
2021-05-10;"Nitriansky kraj";16;13800;42;13842;NA;271624;58;2021-05-10;91353
2021-05-09;"Nitriansky kraj";8;21879;35;21914;NA;271624;43;2021-05-09;91295
2021-05-08;"Nitriansky kraj";0;24318;29;24347;NA;271624;29;2021-05-08;91252
2021-05-07;"Nitriansky kraj";32;14915;20;14935;NA;271624;52;2021-05-07;91223
2021-05-06;"Nitriansky kraj";30;9463;20;9483;NA;271624;50;2021-05-06;91171
2021-05-05;"Nitriansky kraj";19;8527;23;8550;NA;271624;42;2021-05-05;91121
2021-05-04;"Nitriansky kraj";46;9385;27;9412;NA;271624;73;2021-05-04;91079
2021-05-03;"Nitriansky kraj";32;14490;44;14534;NA;271624;76;2021-05-03;91006
2021-05-02;"Nitriansky kraj";4;31751;46;31797;NA;271624;50;2021-05-02;90930
2021-05-01;"Nitriansky kraj";23;60451;43;60494;NA;271624;66;2021-05-01;90880
2021-04-30;"Nitriansky kraj";28;31803;53;31856;NA;271624;81;2021-04-30;90814
2021-04-29;"Nitriansky kraj";27;14265;34;14299;NA;271624;61;2021-04-29;90733
2021-04-28;"Nitriansky kraj";36;14716;45;14761;NA;271624;81;2021-04-28;90672
2021-04-27;"Nitriansky kraj";51;13154;35;13189;NA;271624;86;2021-04-27;90591
2021-04-26;"Nitriansky kraj";38;21029;44;21073;NA;271624;82;2021-04-26;90505
2021-04-25;"Nitriansky kraj";7;44312;46;44358;NA;271624;53;2021-04-25;90423
2021-04-24;"Nitriansky kraj";23;93455;72;93527;NA;271624;95;2021-04-24;90370
2021-04-23;"Nitriansky kraj";54;35145;51;35196;NA;271624;105;2021-04-23;90275
2021-04-22;"Nitriansky kraj";32;15435;44;15479;NA;271624;76;2021-04-22;90170
2021-04-21;"Nitriansky kraj";38;14228;45;14273;NA;271624;83;2021-04-21;90094
2021-04-20;"Nitriansky kraj";67;16058;51;16109;NA;271624;118;2021-04-20;90011
2021-04-19;"Nitriansky kraj";35;24819;59;24878;NA;271624;94;2021-04-19;89893
2021-04-18;"Nitriansky kraj";0;39569;27;39596;NA;271624;27;2021-04-18;89799
2021-04-17;"Nitriansky kraj";34;92102;82;92184;NA;271624;116;2021-04-17;89772
2021-04-16;"Nitriansky kraj";46;32348;37;32385;NA;271624;83;2021-04-16;89656
2021-04-15;"Nitriansky kraj";75;16215;52;16267;NA;271624;127;2021-04-15;89573
2021-04-14;"Nitriansky kraj";43;15303;42;15345;NA;271624;85;2021-04-14;89446
2021-04-13;"Nitriansky kraj";110;15104;44;15148;NA;271624;154;2021-04-13;89361
2021-04-12;"Nitriansky kraj";29;22817;50;22867;NA;271624;79;2021-04-12;89207
2021-04-11;"Nitriansky kraj";1;37537;31;37568;NA;271624;32;2021-04-11;89128
2021-04-10;"Nitriansky kraj";35;95851;115;95966;NA;271624;150;2021-04-10;89096
2021-04-09;"Nitriansky kraj";69;30669;58;30727;NA;271624;127;2021-04-09;88946
2021-04-08;"Nitriansky kraj";71;15361;36;15397;NA;271624;107;2021-04-08;88819
2021-04-07;"Nitriansky kraj";64;18541;47;18588;NA;271624;111;2021-04-07;88712
2021-04-06;"Nitriansky kraj";65;33218;112;33330;NA;271624;177;2021-04-06;88601
2021-04-05;"Nitriansky kraj";37;12673;48;12721;NA;271624;85;2021-04-05;88424
2021-04-04;"Nitriansky kraj";5;17887;35;17922;NA;271624;40;2021-04-04;88339
2021-04-03;"Nitriansky kraj";26;85465;153;85618;NA;271624;179;2021-04-03;88299
2021-04-02;"Nitriansky kraj";32;18743;46;18789;NA;271624;78;2021-04-02;88120
2021-04-01;"Nitriansky kraj";63;24610;83;24693;NA;271624;146;2021-04-01;88042
2021-03-31;"Nitriansky kraj";73;21752;94;21846;NA;271624;167;2021-03-31;87896
2021-03-30;"Nitriansky kraj";125;17122;83;17205;NA;271624;208;2021-03-30;87729
2021-03-29;"Nitriansky kraj";81;25139;100;25239;NA;271624;181;2021-03-29;87521
2021-03-28;"Nitriansky kraj";6;45581;106;45687;NA;271624;112;2021-03-28;87340
2021-03-27;"Nitriansky kraj";39;104104;174;104278;NA;271624;213;2021-03-27;87228
2021-03-26;"Nitriansky kraj";90;40444;115;40559;NA;271624;205;2021-03-26;87015
2021-03-25;"Nitriansky kraj";95;19219;94;19313;NA;271624;189;2021-03-25;86810
2021-03-24;"Nitriansky kraj";90;14787;91;14878;NA;271624;181;2021-03-24;86621
2021-03-23;"Nitriansky kraj";167;16753;66;16819;NA;271624;233;2021-03-23;86440
2021-03-22;"Nitriansky kraj";101;24886;125;25011;NA;271624;226;2021-03-22;86207
2021-03-21;"Nitriansky kraj";27;42773;99;42872;NA;271624;126;2021-03-21;85981
2021-03-20;"Nitriansky kraj";36;100640;207;100847;NA;271624;243;2021-03-20;85855
2021-03-19;"Nitriansky kraj";76;37312;102;37414;NA;271624;178;2021-03-19;85612
2021-03-18;"Nitriansky kraj";103;20051;113;20164;NA;271624;216;2021-03-18;85434
2021-03-17;"Nitriansky kraj";87;15839;127;15966;NA;271624;214;2021-03-17;85218
2021-03-16;"Nitriansky kraj";172;18085;121;18206;NA;271624;293;2021-03-16;85004
2021-03-15;"Nitriansky kraj";130;24481;165;24646;NA;271624;295;2021-03-15;84711
2021-03-14;"Nitriansky kraj";3;45770;107;45877;NA;271624;110;2021-03-14;84416
2021-03-13;"Nitriansky kraj";65;112573;242;112815;NA;271624;307;2021-03-13;84306
2021-03-12;"Nitriansky kraj";127;40777;159;40936;NA;271624;286;2021-03-12;83999
2021-03-11;"Nitriansky kraj";131;18686;130;18816;NA;271624;261;2021-03-11;83713
2021-03-10;"Nitriansky kraj";96;17422;143;17565;NA;271624;239;2021-03-10;83452
2021-03-09;"Nitriansky kraj";260;17635;149;17784;NA;271624;409;2021-03-09;83213
2021-03-08;"Nitriansky kraj";145;27214;172;27386;NA;271624;317;2021-03-08;82804
2021-03-07;"Nitriansky kraj";48;46867;185;47052;NA;271624;233;2021-03-07;82487
2021-03-06;"Nitriansky kraj";86;112027;327;112354;NA;271624;413;2021-03-06;82254
2021-03-05;"Nitriansky kraj";133;39068;200;39268;NA;271624;333;2021-03-05;81841
2021-03-04;"Nitriansky kraj";176;18340;173;18513;NA;271624;349;2021-03-04;81508
2021-03-03;"Nitriansky kraj";172;17210;177;17387;NA;271624;349;2021-03-03;81159
2021-03-02;"Nitriansky kraj";274;21003;366;21369;NA;271624;640;2021-03-02;80810
2021-03-01;"Nitriansky kraj";133;27881;279;28160;NA;271624;412;2021-03-01;80170
2021-02-28;"Nitriansky kraj";80;40866;218;41084;NA;271624;298;2021-02-28;79758
2021-02-27;"Nitriansky kraj";101;106352;496;106848;NA;271624;597;2021-02-27;79460
2021-02-26;"Nitriansky kraj";109;36788;308;37096;NA;271624;417;2021-02-26;78863
2021-02-25;"Nitriansky kraj";188;15243;212;15455;NA;271624;400;2021-02-25;78446
2021-02-24;"Nitriansky kraj";125;13833;260;14093;NA;271624;385;2021-02-24;78046
2021-02-23;"Nitriansky kraj";273;15402;273;15675;NA;271624;546;2021-02-23;77661
2021-02-22;"Nitriansky kraj";154;26478;330;26808;NA;271624;484;2021-02-22;77115
2021-02-21;"Nitriansky kraj";22;43664;320;43984;NA;271624;342;2021-02-21;76631
2021-02-20;"Nitriansky kraj";128;109038;586;109624;NA;271624;714;2021-02-20;76289
2021-02-19;"Nitriansky kraj";173;36849;328;37177;NA;271624;501;2021-02-19;75575
2021-02-18;"Nitriansky kraj";202;17045;275;17320;NA;271624;477;2021-02-18;75074
2021-02-17;"Nitriansky kraj";198;12080;310;12390;NA;271624;508;2021-02-17;74597
2021-02-16;"Nitriansky kraj";284;16066;288;16354;NA;271624;572;2021-02-16;74089
2021-02-15;"Nitriansky kraj";122;28636;474;29110;NA;271624;596;2021-02-15;73517
2021-02-14;"Nitriansky kraj";8;49392;315;49707;NA;271624;323;2021-02-14;72921
2021-02-13;"Nitriansky kraj";127;110294;690;110984;NA;271624;817;2021-02-13;72598
2021-02-12;"Nitriansky kraj";162;33405;407;33812;NA;271624;569;2021-02-12;71781
2021-02-11;"Nitriansky kraj";195;12406;270;12676;NA;271624;465;2021-02-11;71212
2021-02-10;"Nitriansky kraj";186;17770;644;18414;NA;271624;830;2021-02-10;70747
2021-02-09;"Nitriansky kraj";260;18530;385;18915;NA;271624;645;2021-02-09;69917
2021-02-08;"Nitriansky kraj";177;37530;569;38099;NA;271624;746;2021-02-08;69272
2021-02-07;"Nitriansky kraj";20;52307;513;52820;NA;271624;533;2021-02-07;68526
2021-02-06;"Nitriansky kraj";129;101439;764;102203;NA;271624;893;2021-02-06;67993
2021-02-05;"Nitriansky kraj";244;26137;491;26628;NA;271624;735;2021-02-05;67100
2021-02-04;"Nitriansky kraj";308;15681;512;16193;NA;271624;820;2021-02-04;66365
2021-02-03;"Nitriansky kraj";191;13459;382;13841;NA;271624;573;2021-02-03;65545
2021-02-02;"Nitriansky kraj";327;17880;382;18262;NA;271624;709;2021-02-02;64972
2021-02-01;"Nitriansky kraj";221;24002;460;24462;NA;271624;681;2021-02-01;64263
2021-01-31;"Nitriansky kraj";9;46215;507;46722;NA;271624;516;2021-01-31;63582
2021-01-30;"Nitriansky kraj";152;99241;1090;100331;NA;271624;1242;2021-01-30;63066
2021-01-29;"Nitriansky kraj";302;22461;477;22938;NA;271624;779;2021-01-29;61824
2021-01-28;"Nitriansky kraj";269;11370;398;11768;NA;271624;667;2021-01-28;61045
2021-01-27;"Nitriansky kraj";235;6758;299;7057;NA;271624;534;2021-01-27;60378
2021-01-26;"Nitriansky kraj";345;16015;454;16469;NA;271624;799;2021-01-26;59844
2021-01-25;"Nitriansky kraj";201;21909;434;22343;NA;271624;635;2021-01-25;59045
2021-01-24;"Nitriansky kraj";12;79041;897;79938;NA;271624;909;2021-01-24;58410
2021-01-23;"Nitriansky kraj";277;97845;1446;99291;NA;271624;1723;2021-01-23;57501
2021-01-22;"Nitriansky kraj";139;35924;619;36543;NA;271624;758;2021-01-22;55778
2021-01-21;"Nitriansky kraj";305;14649;412;15061;NA;271624;717;2021-01-21;55020
2021-01-20;"Nitriansky kraj";326;11991;625;12616;NA;271624;951;2021-01-20;54303
2021-01-19;"Nitriansky kraj";344;11015;633;11648;NA;271624;977;2021-01-19;53352
2021-01-18;"Nitriansky kraj";367;8901;519;9420;NA;271624;886;2021-01-18;52375
2021-01-17;"Nitriansky kraj";97;15061;275;15336;NA;271624;372;2021-01-17;51489
2021-01-16;"Nitriansky kraj";64;36838;679;37517;NA;271624;743;2021-01-16;51117
2021-01-15;"Nitriansky kraj";373;15940;474;16414;NA;271624;847;2021-01-15;50374
2021-01-14;"Nitriansky kraj";627;10577;452;11029;NA;271624;1079;2021-01-14;49527
2021-01-13;"Nitriansky kraj";663;9234;484;9718;NA;271624;1147;2021-01-13;48448
2021-01-12;"Nitriansky kraj";642;8805;545;9350;NA;271624;1187;2021-01-12;47301
2021-01-11;"Nitriansky kraj";422;8347;513;8860;NA;271624;935;2021-01-11;46114
2021-01-10;"Nitriansky kraj";44;19841;730;20571;NA;271624;774;2021-01-10;45179
2021-01-09;"Nitriansky kraj";532;36823;1071;37894;NA;271624;1603;2021-01-09;44405
2021-01-08;"Nitriansky kraj";817;14001;691;14692;NA;271624;1508;2021-01-08;42802
2021-01-07;"Nitriansky kraj";438;10121;795;10916;NA;271624;1233;2021-01-07;41294
2021-01-06;"Nitriansky kraj";259;3192;197;3389;NA;271624;456;2021-01-06;40061
2021-01-05;"Nitriansky kraj";732;8918;1208;10126;NA;271624;1940;2021-01-05;39605
2021-01-04;"Nitriansky kraj";362;8375;1287;9662;NA;271624;1649;2021-01-04;37665
2021-01-03;"Nitriansky kraj";42;84;20;104;NA;271624;62;2021-01-03;36016
2021-01-02;"Nitriansky kraj";249;1090;26;1116;NA;271624;275;2021-01-02;35954
2021-01-01;"Nitriansky kraj";119;781;95;876;NA;271624;214;2021-01-01;35679
2020-12-31;"Nitriansky kraj";786;7646;962;8608;NA;271624;1748;2020-12-31;35465
2020-12-30;"Nitriansky kraj";1094;9619;1165;10784;NA;271624;2259;2020-12-30;33717
2020-12-29;"Nitriansky kraj";607;8028;1245;9273;NA;271624;1852;2020-12-29;31458
2020-12-28;"Nitriansky kraj";83;6804;1220;8024;NA;271624;1303;2020-12-28;29606
2020-12-27;"Nitriansky kraj";22;60;8;68;NA;271624;30;2020-12-27;28303
2020-12-26;"Nitriansky kraj";54;297;56;353;NA;271624;110;2020-12-26;28273
2020-12-25;"Nitriansky kraj";35;60;11;71;NA;271624;46;2020-12-25;28163
2020-12-24;"Nitriansky kraj";514;1861;176;2037;NA;271624;690;2020-12-24;28117
2020-12-23;"Nitriansky kraj";349;14679;782;15461;NA;271624;1131;2020-12-23;27427
2020-12-22;"Nitriansky kraj";673;10623;949;11572;NA;271624;1622;2020-12-22;26296
2020-12-21;"Nitriansky kraj";128;7587;931;8518;NA;271624;1059;2020-12-21;24674
2020-12-20;"Nitriansky kraj";77;50;10;60;NA;271624;87;2020-12-20;23615
2020-12-19;"Nitriansky kraj";262;2259;159;2418;NA;271624;421;2020-12-19;23528
2020-12-18;"Nitriansky kraj";512;7946;518;8464;NA;271624;1030;2020-12-18;23107
2020-12-17;"Nitriansky kraj";586;6519;486;7005;NA;271624;1072;2020-12-17;22077
2020-12-16;"Nitriansky kraj";357;8097;500;8597;NA;271624;857;2020-12-16;21005
2020-12-15;"Nitriansky kraj";461;9084;750;9834;NA;271624;1211;2020-12-15;20148
2020-12-14;"Nitriansky kraj";217;7816;797;8613;NA;271624;1014;2020-12-14;18937
2020-12-13;"Nitriansky kraj";12;69;6;75;NA;271624;18;2020-12-13;17923
2020-12-12;"Nitriansky kraj";341;1832;125;1957;NA;271624;466;2020-12-12;17905
2020-12-11;"Nitriansky kraj";409;5117;384;5501;NA;271624;793;2020-12-11;17439
2020-12-10;"Nitriansky kraj";360;5239;345;5584;NA;271624;705;2020-12-10;16646
2020-12-09;"Nitriansky kraj";362;5494;529;6023;NA;271624;891;2020-12-09;15941
2020-12-08;"Nitriansky kraj";340;8168;548;8716;NA;271624;888;2020-12-08;15050
2020-12-07;"Nitriansky kraj";139;6243;573;6816;NA;271624;712;2020-12-07;14162
2020-12-06;"Nitriansky kraj";15;89;4;93;NA;271624;19;2020-12-06;13450
2020-12-05;"Nitriansky kraj";136;1388;19;1407;NA;271624;155;2020-12-05;13431
2020-12-04;"Nitriansky kraj";232;2884;74;2958;NA;271624;306;2020-12-04;13276
2020-12-03;"Nitriansky kraj";248;2471;110;2581;NA;271624;358;2020-12-03;12970
2020-12-02;"Nitriansky kraj";252;2580;151;2731;NA;271624;403;2020-12-02;12612
2020-12-01;"Nitriansky kraj";331;2891;131;3022;NA;271624;462;2020-12-01;12209
2020-11-30;"Nitriansky kraj";91;4228;188;4416;NA;271624;279;2020-11-30;11747
2020-11-29;"Nitriansky kraj";3;634;42;676;NA;271624;45;2020-11-29;11468
2020-11-28;"Nitriansky kraj";135;892;31;923;NA;271624;166;2020-11-28;11423
2020-11-27;"Nitriansky kraj";177;2069;73;2142;NA;271624;250;2020-11-27;11257
2020-11-26;"Nitriansky kraj";191;2813;80;2893;NA;271624;271;2020-11-26;11007
2020-11-25;"Nitriansky kraj";325;2478;91;2569;NA;271624;416;2020-11-25;10736
2020-11-24;"Nitriansky kraj";147;1641;64;1705;NA;271624;211;2020-11-24;10320
2020-11-23;"Nitriansky kraj";102;9891;212;10103;NA;271624;314;2020-11-23;10109
2020-11-22;"Nitriansky kraj";7;1176;25;1201;NA;271624;32;2020-11-22;9795
2020-11-21;"Nitriansky kraj";86;1083;38;1121;NA;271624;124;2020-11-21;9763
2020-11-20;"Nitriansky kraj";264;4180;103;4283;NA;271624;367;2020-11-20;9639
2020-11-19;"Nitriansky kraj";185;3065;134;3199;NA;271624;319;2020-11-19;9272
2020-11-18;"Nitriansky kraj";188;2214;79;2293;NA;271624;267;2020-11-18;8953
2020-11-17;"Nitriansky kraj";178;596;29;625;NA;271624;207;2020-11-17;8686
2020-11-16;"Nitriansky kraj";139;1877;75;1952;NA;271624;214;2020-11-16;8479
2020-11-15;"Nitriansky kraj";14;180;5;185;NA;271624;19;2020-11-15;8265
2020-11-14;"Nitriansky kraj";114;1131;32;1163;NA;271624;146;2020-11-14;8246
2020-11-13;"Nitriansky kraj";210;936;46;982;NA;271624;256;2020-11-13;8100
2020-11-12;"Nitriansky kraj";256;1195;35;1230;NA;271624;291;2020-11-12;7844
2020-11-11;"Nitriansky kraj";279;1247;22;1269;NA;271624;301;2020-11-11;7553
2020-11-10;"Nitriansky kraj";192;2623;39;2662;NA;271624;231;2020-11-10;7252
2020-11-09;"Nitriansky kraj";128;3136;43;3179;NA;271624;171;2020-11-09;7021
2020-11-08;"Nitriansky kraj";43;1462;32;1494;NA;271624;75;2020-11-08;6850
2020-11-07;"Nitriansky kraj";130;1046;4;1050;NA;271624;134;2020-11-07;6775
2020-11-06;"Nitriansky kraj";210;2264;32;2296;NA;271624;242;2020-11-06;6641
2020-11-05;"Nitriansky kraj";178;313;14;327;NA;271624;192;2020-11-05;6399
2020-11-04;"Nitriansky kraj";211;297;16;313;NA;271624;227;2020-11-04;6207
2020-11-03;"Nitriansky kraj";216;435;25;460;NA;271624;241;2020-11-03;5980
2020-11-02;"Nitriansky kraj";171;4208;46;4254;NA;271624;217;2020-11-02;5739
2020-11-01;"Nitriansky kraj";130;2546;27;2573;NA;271624;157;2020-11-01;5522
2020-10-31;"Nitriansky kraj";261;10466;134;10600;NA;271624;395;2020-10-31;5365
2020-10-30;"Nitriansky kraj";204;2593;42;2635;NA;271624;246;2020-10-30;4970
2020-10-29;"Nitriansky kraj";293;841;39;880;NA;271624;332;2020-10-29;4724
2020-10-28;"Nitriansky kraj";216;608;59;667;NA;271624;275;2020-10-28;4392
2020-10-27;"Nitriansky kraj";296;550;47;597;NA;271624;343;2020-10-27;4117
2020-10-26;"Nitriansky kraj";69;633;56;689;NA;271624;125;2020-10-26;3774
2020-10-25;"Nitriansky kraj";50;62;8;70;NA;271624;58;2020-10-25;3649
2020-10-24;"Nitriansky kraj";169;237;11;248;NA;271624;180;2020-10-24;3591
2020-10-23;"Nitriansky kraj";91;762;41;803;NA;271624;132;2020-10-23;3411
2022-03-28;"Prešovský kraj";946;0;0;0;251331;350962;946;2022-03-28;350962
2022-03-27;"Prešovský kraj";256;227;39;266;NA;350962;295;2022-03-27;350016
2022-03-26;"Prešovský kraj";719;327;63;390;NA;350962;782;2022-03-26;349721
2022-03-25;"Prešovský kraj";895;1029;169;1198;NA;350962;1064;2022-03-25;348939
2022-03-24;"Prešovský kraj";909;2097;185;2282;NA;350962;1094;2022-03-24;347875
2022-03-23;"Prešovský kraj";1291;2100;195;2295;NA;350962;1486;2022-03-23;346781
2022-03-22;"Prešovský kraj";1398;2200;180;2380;NA;350962;1578;2022-03-22;345295
2022-03-21;"Prešovský kraj";1234;2887;270;3157;NA;350962;1504;2022-03-21;343717
2022-03-20;"Prešovský kraj";262;781;120;901;NA;350962;382;2022-03-20;342213
2022-03-19;"Prešovský kraj";802;887;106;993;NA;350962;908;2022-03-19;341831
2022-03-18;"Prešovský kraj";1217;2092;221;2313;NA;350962;1438;2022-03-18;340923
2022-03-17;"Prešovský kraj";1118;2425;178;2603;NA;350962;1296;2022-03-17;339485
2022-03-16;"Prešovský kraj";1585;2072;212;2284;NA;350962;1797;2022-03-16;338189
2022-03-15;"Prešovský kraj";1460;2311;209;2520;NA;350962;1669;2022-03-15;336392
2022-03-14;"Prešovský kraj";1438;3305;380;3685;NA;350962;1818;2022-03-14;334723
2022-03-13;"Prešovský kraj";432;1045;190;1235;NA;350962;622;2022-03-13;332905
2022-03-12;"Prešovský kraj";1150;857;117;974;NA;350962;1267;2022-03-12;332283
2022-03-11;"Prešovský kraj";1271;2550;287;2837;NA;350962;1558;2022-03-11;331016
2022-03-10;"Prešovský kraj";1114;2576;278;2854;NA;350962;1392;2022-03-10;329458
2022-03-09;"Prešovský kraj";1477;2811;345;3156;NA;350962;1822;2022-03-09;328066
2022-03-08;"Prešovský kraj";1716;2996;308;3304;NA;350962;2024;2022-03-08;326244
2022-03-07;"Prešovský kraj";1326;4193;509;4702;NA;350962;1835;2022-03-07;324220
2022-03-06;"Prešovský kraj";278;1650;232;1882;NA;350962;510;2022-03-06;322385
2022-03-05;"Prešovský kraj";785;1194;136;1330;NA;350962;921;2022-03-05;321875
2022-03-04;"Prešovský kraj";1263;2809;303;3112;NA;350962;1566;2022-03-04;320954
2022-03-03;"Prešovský kraj";1049;3015;373;3388;NA;350962;1422;2022-03-03;319388
2022-03-02;"Prešovský kraj";1526;2954;335;3289;NA;350962;1861;2022-03-02;317966
2022-03-01;"Prešovský kraj";1612;3298;338;3636;NA;350962;1950;2022-03-01;316105
2022-02-28;"Prešovský kraj";1234;4963;538;5501;NA;350962;1772;2022-02-28;314155
2022-02-27;"Prešovský kraj";523;1467;278;1745;NA;350962;801;2022-02-27;312383
2022-02-26;"Prešovský kraj";867;1317;167;1484;NA;350962;1034;2022-02-26;311582
2022-02-25;"Prešovský kraj";1740;2768;346;3114;NA;350962;2086;2022-02-25;310548
2022-02-24;"Prešovský kraj";1435;3301;399;3700;NA;350962;1834;2022-02-24;308462
2022-02-23;"Prešovský kraj";1837;3516;404;3920;NA;350962;2241;2022-02-23;306628
2022-02-22;"Prešovský kraj";2294;3893;407;4300;NA;350962;2701;2022-02-22;304387
2022-02-21;"Prešovský kraj";1609;5165;618;5783;NA;350962;2227;2022-02-21;301686
2022-02-20;"Prešovský kraj";759;1877;319;2196;NA;350962;1078;2022-02-20;299459
2022-02-19;"Prešovský kraj";1535;1556;247;1803;NA;350962;1782;2022-02-19;298381
2022-02-18;"Prešovský kraj";2332;3580;393;3973;NA;350962;2725;2022-02-18;296599
2022-02-17;"Prešovský kraj";2293;3740;457;4197;NA;350962;2750;2022-02-17;293874
2022-02-16;"Prešovský kraj";2494;4049;484;4533;NA;350962;2978;2022-02-16;291124
2022-02-15;"Prešovský kraj";2992;4583;551;5134;NA;350962;3543;2022-02-15;288146
2022-02-14;"Prešovský kraj";2122;6203;845;7048;NA;350962;2967;2022-02-14;284603
2022-02-13;"Prešovský kraj";1338;2452;434;2886;NA;350962;1772;2022-02-13;281636
2022-02-12;"Prešovský kraj";2333;1867;352;2219;NA;350962;2685;2022-02-12;279864
2022-02-11;"Prešovský kraj";2666;3930;520;4450;NA;350962;3186;2022-02-11;277179
2022-02-10;"Prešovský kraj";2977;4516;599;5115;NA;350962;3576;2022-02-10;273993
2022-02-09;"Prešovský kraj";2644;4502;634;5136;NA;350962;3278;2022-02-09;270417
2022-02-08;"Prešovský kraj";3387;4890;651;5541;NA;350962;4038;2022-02-08;267139
2022-02-07;"Prešovský kraj";2132;6919;941;7860;NA;350962;3073;2022-02-07;263101
2022-02-06;"Prešovský kraj";1360;2884;490;3374;NA;350962;1850;2022-02-06;260028
2022-02-05;"Prešovský kraj";2813;1993;334;2327;NA;350962;3147;2022-02-05;258178
2022-02-04;"Prešovský kraj";2944;4556;573;5129;NA;350962;3517;2022-02-04;255031
2022-02-03;"Prešovský kraj";3375;5205;487;5692;NA;350962;3862;2022-02-03;251514
2022-02-02;"Prešovský kraj";3150;5686;562;6248;NA;350962;3712;2022-02-02;247652
2022-02-01;"Prešovský kraj";2791;5693;631;6324;NA;350962;3422;2022-02-01;243940
2022-01-31;"Prešovský kraj";2444;9142;929;10071;NA;350962;3373;2022-01-31;240518
2022-01-30;"Prešovský kraj";1311;3437;495;3932;NA;350962;1806;2022-01-30;237145
2022-01-29;"Prešovský kraj";2291;1949;282;2231;NA;350962;2573;2022-01-29;235339
2022-01-28;"Prešovský kraj";2473;4784;486;5270;NA;350962;2959;2022-01-28;232766
2022-01-27;"Prešovský kraj";2353;4558;412;4970;NA;350962;2765;2022-01-27;229807
2022-01-26;"Prešovský kraj";2311;5628;405;6033;NA;350962;2716;2022-01-26;227042
2022-01-25;"Prešovský kraj";2127;5284;346;5630;NA;350962;2473;2022-01-25;224326
2022-01-24;"Prešovský kraj";1324;7619;410;8029;NA;350962;1734;2022-01-24;221853
2022-01-23;"Prešovský kraj";262;3584;218;3802;NA;350962;480;2022-01-23;220119
2022-01-22;"Prešovský kraj";1448;1764;157;1921;NA;350962;1605;2022-01-22;219639
2022-01-21;"Prešovský kraj";1128;4312;196;4508;NA;350962;1324;2022-01-21;218034
2022-01-20;"Prešovský kraj";1184;4012;156;4168;NA;350962;1340;2022-01-20;216710
2022-01-19;"Prešovský kraj";822;4781;173;4954;NA;350962;995;2022-01-19;215370
2022-01-18;"Prešovský kraj";1032;4918;163;5081;NA;350962;1195;2022-01-18;214375
2022-01-17;"Prešovský kraj";784;7143;150;7293;NA;350962;934;2022-01-17;213180
2022-01-16;"Prešovský kraj";113;3113;98;3211;NA;350962;211;2022-01-16;212246
2022-01-15;"Prešovský kraj";675;1546;64;1610;NA;350962;739;2022-01-15;212035
2022-01-14;"Prešovský kraj";202;3792;78;3870;NA;350962;280;2022-01-14;211296
2022-01-13;"Prešovský kraj";252;3550;89;3639;NA;350962;341;2022-01-13;211016
2022-01-12;"Prešovský kraj";431;4183;77;4260;NA;350962;508;2022-01-12;210675
2022-01-11;"Prešovský kraj";438;4812;80;4892;NA;350962;518;2022-01-11;210167
2022-01-10;"Prešovský kraj";469;7561;135;7696;NA;350962;604;2022-01-10;209649
2022-01-09;"Prešovský kraj";114;4129;78;4207;NA;350962;192;2022-01-09;209045
2022-01-08;"Prešovský kraj";291;2097;39;2136;NA;350962;330;2022-01-08;208853
2022-01-07;"Prešovský kraj";370;3882;106;3988;NA;350962;476;2022-01-07;208523
2022-01-06;"Prešovský kraj";104;1000;43;1043;NA;350962;147;2022-01-06;208047
2022-01-05;"Prešovský kraj";373;4752;100;4852;NA;350962;473;2022-01-05;207900
2022-01-04;"Prešovský kraj";428;4558;77;4635;NA;350962;505;2022-01-04;207427
2022-01-03;"Prešovský kraj";390;6868;105;6973;NA;350962;495;2022-01-03;206922
2022-01-02;"Prešovský kraj";158;3180;75;3255;NA;350962;233;2022-01-02;206427
2022-01-01;"Prešovský kraj";55;379;8;387;NA;350962;63;2022-01-01;206194
2021-12-31;"Prešovský kraj";220;2178;77;2255;NA;350962;297;2021-12-31;206131
2021-12-30;"Prešovský kraj";230;2985;81;3066;NA;350962;311;2021-12-30;205834
2021-12-29;"Prešovský kraj";298;3924;73;3997;NA;350962;371;2021-12-29;205523
2021-12-28;"Prešovský kraj";365;3625;60;3685;NA;350962;425;2021-12-28;205152
2021-12-27;"Prešovský kraj";593;5336;93;5429;NA;350962;686;2021-12-27;204727
2021-12-26;"Prešovský kraj";112;1584;62;1646;NA;350962;174;2021-12-26;204041
2021-12-25;"Prešovský kraj";12;600;29;629;NA;350962;41;2021-12-25;203867
2021-12-24;"Prešovský kraj";27;463;26;489;NA;350962;53;2021-12-24;203826
2021-12-23;"Prešovský kraj";623;3125;76;3201;NA;350962;699;2021-12-23;203773
2021-12-22;"Prešovský kraj";234;3600;86;3686;NA;350962;320;2021-12-22;203074
2021-12-21;"Prešovský kraj";520;4571;78;4649;NA;350962;598;2021-12-21;202754
2021-12-20;"Prešovský kraj";371;7190;107;7297;NA;350962;478;2021-12-20;202156
2021-12-19;"Prešovský kraj";110;3166;74;3240;NA;350962;184;2021-12-19;201678
2021-12-18;"Prešovský kraj";313;1562;61;1623;NA;350962;374;2021-12-18;201494
2021-12-17;"Prešovský kraj";429;4482;96;4578;NA;350962;525;2021-12-17;201120
2021-12-16;"Prešovský kraj";401;4557;95;4652;NA;350962;496;2021-12-16;200595
2021-12-15;"Prešovský kraj";473;4499;79;4578;NA;350962;552;2021-12-15;200099
2021-12-14;"Prešovský kraj";662;5468;125;5593;NA;350962;787;2021-12-14;199547
2021-12-13;"Prešovský kraj";588;8085;175;8260;NA;350962;763;2021-12-13;198760
2021-12-12;"Prešovský kraj";160;3852;106;3958;NA;350962;266;2021-12-12;197997
2021-12-11;"Prešovský kraj";483;2040;91;2131;NA;350962;574;2021-12-11;197731
2021-12-10;"Prešovský kraj";649;5018;140;5158;NA;350962;789;2021-12-10;197157
2021-12-09;"Prešovský kraj";669;4702;135;4837;NA;350962;804;2021-12-09;196368
2021-12-08;"Prešovský kraj";944;4794;167;4961;NA;350962;1111;2021-12-08;195564
2021-12-07;"Prešovský kraj";1217;5853;188;6041;NA;350962;1405;2021-12-07;194453
2021-12-06;"Prešovský kraj";784;8604;247;8851;NA;350962;1031;2021-12-06;193048
2021-12-05;"Prešovský kraj";145;4439;133;4572;NA;350962;278;2021-12-05;192017
2021-12-04;"Prešovský kraj";1025;2290;127;2417;NA;350962;1152;2021-12-04;191739
2021-12-03;"Prešovský kraj";1040;5268;231;5499;NA;350962;1271;2021-12-03;190587
2021-12-02;"Prešovský kraj";2255;5291;183;5474;NA;350962;2438;2021-12-02;189316
2021-12-01;"Prešovský kraj";826;5267;239;5506;NA;350962;1065;2021-12-01;186878
2021-11-30;"Prešovský kraj";1123;6651;265;6916;NA;350962;1388;2021-11-30;185813
2021-11-29;"Prešovský kraj";583;11478;473;11951;NA;350962;1056;2021-11-29;184425
2021-11-28;"Prešovský kraj";919;5898;234;6132;NA;350962;1153;2021-11-28;183369
2021-11-27;"Prešovský kraj";884;2977;219;3196;NA;350962;1103;2021-11-27;182216
2021-11-26;"Prešovský kraj";1311;5890;328;6218;NA;350962;1639;2021-11-26;181113
2021-11-25;"Prešovský kraj";1285;5051;307;5358;NA;350962;1592;2021-11-25;179474
2021-11-24;"Prešovský kraj";1209;6120;357;6477;NA;350962;1566;2021-11-24;177882
2021-11-23;"Prešovský kraj";1099;6631;314;6945;NA;350962;1413;2021-11-23;176316
2021-11-22;"Prešovský kraj";905;8209;529;8738;NA;350962;1434;2021-11-22;174903
2021-11-21;"Prešovský kraj";950;3766;316;4082;NA;350962;1266;2021-11-21;173469
2021-11-20;"Prešovský kraj";1372;2193;222;2415;NA;350962;1594;2021-11-20;172203
2021-11-19;"Prešovský kraj";1629;5864;452;6316;NA;350962;2081;2021-11-19;170609
2021-11-18;"Prešovský kraj";823;6696;518;7214;NA;350962;1341;2021-11-18;168528
2021-11-17;"Prešovský kraj";1648;1336;148;1484;NA;350962;1796;2021-11-17;167187
2021-11-16;"Prešovský kraj";1346;5511;398;5909;NA;350962;1744;2021-11-16;165391
2021-11-15;"Prešovský kraj";897;7804;577;8381;NA;350962;1474;2021-11-15;163647
2021-11-14;"Prešovský kraj";603;3168;311;3479;NA;350962;914;2021-11-14;162173
2021-11-13;"Prešovský kraj";1255;2068;262;2330;NA;350962;1517;2021-11-13;161259
2021-11-12;"Prešovský kraj";1358;5236;371;5607;NA;350962;1729;2021-11-12;159742
2021-11-11;"Prešovský kraj";1218;5087;438;5525;NA;350962;1656;2021-11-11;158013
2021-11-10;"Prešovský kraj";1278;4966;380;5346;NA;350962;1658;2021-11-10;156357
2021-11-09;"Prešovský kraj";1038;5431;407;5838;NA;350962;1445;2021-11-09;154699
2021-11-08;"Prešovský kraj";1068;6987;574;7561;NA;350962;1642;2021-11-08;153254
2021-11-07;"Prešovský kraj";421;2500;242;2742;NA;350962;663;2021-11-07;151612
2021-11-06;"Prešovský kraj";1389;1899;234;2133;NA;350962;1623;2021-11-06;150949
2021-11-05;"Prešovský kraj";1080;4974;367;5341;NA;350962;1447;2021-11-05;149326
2021-11-04;"Prešovský kraj";1743;5162;322;5484;NA;350962;2065;2021-11-04;147879
2021-11-03;"Prešovský kraj";1326;5337;387;5724;NA;350962;1713;2021-11-03;145814
2021-11-02;"Prešovský kraj";1002;7553;556;8109;NA;350962;1558;2021-11-02;144101
2021-11-01;"Prešovský kraj";347;1402;131;1533;NA;350962;478;2021-11-01;142543
2021-10-31;"Prešovský kraj";447;2045;210;2255;NA;350962;657;2021-10-31;142065
2021-10-30;"Prešovský kraj";1148;1928;183;2111;NA;350962;1331;2021-10-30;141408
2021-10-29;"Prešovský kraj";1360;4460;253;4713;NA;350962;1613;2021-10-29;140077
2021-10-28;"Prešovský kraj";960;4500;300;4800;NA;350962;1260;2021-10-28;138464
2021-10-27;"Prešovský kraj";1444;4325;221;4546;NA;350962;1665;2021-10-27;137204
2021-10-26;"Prešovský kraj";940;5125;217;5342;NA;350962;1157;2021-10-26;135539
2021-10-25;"Prešovský kraj";673;6077;348;6425;NA;350962;1021;2021-10-25;134382
2021-10-24;"Prešovský kraj";110;2180;149;2329;NA;350962;259;2021-10-24;133361
2021-10-23;"Prešovský kraj";1145;1928;141;2069;NA;350962;1286;2021-10-23;133102
2021-10-22;"Prešovský kraj";792;4876;177;5053;NA;350962;969;2021-10-22;131816
2021-10-21;"Prešovský kraj";901;4738;191;4929;NA;350962;1092;2021-10-21;130847
2021-10-20;"Prešovský kraj";833;4199;195;4394;NA;350962;1028;2021-10-20;129755
2021-10-19;"Prešovský kraj";830;4728;175;4903;NA;350962;1005;2021-10-19;128727
2021-10-18;"Prešovský kraj";454;5752;240;5992;NA;350962;694;2021-10-18;127722
2021-10-17;"Prešovský kraj";181;2430;131;2561;NA;350962;312;2021-10-17;127028
2021-10-16;"Prešovský kraj";561;1924;94;2018;NA;350962;655;2021-10-16;126716
2021-10-15;"Prešovský kraj";533;4735;107;4842;NA;350962;640;2021-10-15;126061
2021-10-14;"Prešovský kraj";506;3948;85;4033;NA;350962;591;2021-10-14;125421
2021-10-13;"Prešovský kraj";549;3794;98;3892;NA;350962;647;2021-10-13;124830
2021-10-12;"Prešovský kraj";520;3966;101;4067;NA;350962;621;2021-10-12;124183
2021-10-11;"Prešovský kraj";433;5421;131;5552;NA;350962;564;2021-10-11;123562
2021-10-10;"Prešovský kraj";78;2099;64;2163;NA;350962;142;2021-10-10;122998
2021-10-09;"Prešovský kraj";311;2077;47;2124;NA;350962;358;2021-10-09;122856
2021-10-08;"Prešovský kraj";636;4934;94;5028;NA;350962;730;2021-10-08;122498
2021-10-07;"Prešovský kraj";487;3919;101;4020;NA;350962;588;2021-10-07;121768
2021-10-06;"Prešovský kraj";296;3851;104;3955;NA;350962;400;2021-10-06;121180
2021-10-05;"Prešovský kraj";430;4151;90;4241;NA;350962;520;2021-10-05;120780
2021-10-04;"Prešovský kraj";353;5569;125;5694;NA;350962;478;2021-10-04;120260
2021-10-03;"Prešovský kraj";19;2324;47;2371;NA;350962;66;2021-10-03;119782
2021-10-02;"Prešovský kraj";269;2238;58;2296;NA;350962;327;2021-10-02;119716
2021-10-01;"Prešovský kraj";325;4997;63;5060;NA;350962;388;2021-10-01;119389
2021-09-30;"Prešovský kraj";265;4044;83;4127;NA;350962;348;2021-09-30;119001
2021-09-29;"Prešovský kraj";381;3825;55;3880;NA;350962;436;2021-09-29;118653
2021-09-28;"Prešovský kraj";312;4714;69;4783;NA;350962;381;2021-09-28;118217
2021-09-27;"Prešovský kraj";257;5062;104;5166;NA;350962;361;2021-09-27;117836
2021-09-26;"Prešovský kraj";8;2422;67;2489;NA;350962;75;2021-09-26;117475
2021-09-25;"Prešovský kraj";134;2540;46;2586;NA;350962;180;2021-09-25;117400
2021-09-24;"Prešovský kraj";297;4822;61;4883;NA;350962;358;2021-09-24;117220
2021-09-23;"Prešovský kraj";109;4105;45;4150;NA;350962;154;2021-09-23;116862
2021-09-22;"Prešovský kraj";177;3836;41;3877;NA;350962;218;2021-09-22;116708
2021-09-21;"Prešovský kraj";219;5059;66;5125;NA;350962;285;2021-09-21;116490
2021-09-20;"Prešovský kraj";180;5183;68;5251;NA;350962;248;2021-09-20;116205
2021-09-19;"Prešovský kraj";7;2726;30;2756;NA;350962;37;2021-09-19;115957
2021-09-18;"Prešovský kraj";169;2406;37;2443;NA;350962;206;2021-09-18;115920
2021-09-17;"Prešovský kraj";157;4402;52;4454;NA;350962;209;2021-09-17;115714
2021-09-16;"Prešovský kraj";146;4371;71;4442;NA;350962;217;2021-09-16;115505
2021-09-15;"Prešovský kraj";68;701;19;720;NA;350962;87;2021-09-15;115288
2021-09-14;"Prešovský kraj";133;3369;38;3407;NA;350962;171;2021-09-14;115201
2021-09-13;"Prešovský kraj";105;4225;37;4262;NA;350962;142;2021-09-13;115030
2021-09-12;"Prešovský kraj";4;1776;29;1805;NA;350962;33;2021-09-12;114888
2021-09-11;"Prešovský kraj";65;2012;24;2036;NA;350962;89;2021-09-11;114855
2021-09-10;"Prešovský kraj";105;3241;30;3271;NA;350962;135;2021-09-10;114766
2021-09-09;"Prešovský kraj";29;3090;27;3117;NA;350962;56;2021-09-09;114631
2021-09-08;"Prešovský kraj";73;2444;20;2464;NA;350962;93;2021-09-08;114575
2021-09-07;"Prešovský kraj";82;2449;24;2473;NA;350962;106;2021-09-07;114482
2021-09-06;"Prešovský kraj";61;3282;20;3302;NA;350962;81;2021-09-06;114376
2021-09-05;"Prešovský kraj";5;1338;11;1349;NA;350962;16;2021-09-05;114295
2021-09-04;"Prešovský kraj";27;1864;14;1878;NA;350962;41;2021-09-04;114279
2021-09-03;"Prešovský kraj";39;2976;15;2991;NA;350962;54;2021-09-03;114238
2021-09-02;"Prešovský kraj";39;2558;20;2578;NA;350962;59;2021-09-02;114184
2021-09-01;"Prešovský kraj";14;575;6;581;NA;350962;20;2021-09-01;114125
2021-08-31;"Prešovský kraj";47;2438;13;2451;NA;350962;60;2021-08-31;114105
2021-08-30;"Prešovský kraj";23;2827;19;2846;NA;350962;42;2021-08-30;114045
2021-08-29;"Prešovský kraj";3;781;1;782;NA;350962;4;2021-08-29;114003
2021-08-28;"Prešovský kraj";5;2101;8;2109;NA;350962;13;2021-08-28;113999
2021-08-27;"Prešovský kraj";32;3084;8;3092;NA;350962;40;2021-08-27;113986
2021-08-26;"Prešovský kraj";13;2094;8;2102;NA;350962;21;2021-08-26;113946
2021-08-25;"Prešovský kraj";18;1947;4;1951;NA;350962;22;2021-08-25;113925
2021-08-24;"Prešovský kraj";10;2138;5;2143;NA;350962;15;2021-08-24;113903
2021-08-23;"Prešovský kraj";16;2576;6;2582;NA;350962;22;2021-08-23;113888
2021-08-22;"Prešovský kraj";0;1440;6;1446;NA;350962;6;2021-08-22;113866
2021-08-21;"Prešovský kraj";28;2018;4;2022;NA;350962;32;2021-08-21;113860
2021-08-20;"Prešovský kraj";15;2906;7;2913;NA;350962;22;2021-08-20;113828
2021-08-19;"Prešovský kraj";22;2242;8;2250;NA;350962;30;2021-08-19;113806
2021-08-18;"Prešovský kraj";6;1752;11;1763;NA;350962;17;2021-08-18;113776
2021-08-17;"Prešovský kraj";29;1829;6;1835;NA;350962;35;2021-08-17;113759
2021-08-16;"Prešovský kraj";11;2524;7;2531;NA;350962;18;2021-08-16;113724
2021-08-15;"Prešovský kraj";0;896;2;898;NA;350962;2;2021-08-15;113706
2021-08-14;"Prešovský kraj";14;1662;1;1663;NA;350962;15;2021-08-14;113704
2021-08-13;"Prešovský kraj";24;1646;12;1658;NA;350962;36;2021-08-13;113689
2021-08-12;"Prešovský kraj";9;1752;3;1755;NA;350962;12;2021-08-12;113653
2021-08-11;"Prešovský kraj";15;1193;3;1196;NA;350962;18;2021-08-11;113641
2021-08-10;"Prešovský kraj";10;1102;4;1106;NA;350962;14;2021-08-10;113623
2021-08-09;"Prešovský kraj";13;2156;4;2160;NA;350962;17;2021-08-09;113609
2021-08-08;"Prešovský kraj";2;675;2;677;NA;350962;4;2021-08-08;113592
2021-08-07;"Prešovský kraj";5;1114;3;1117;NA;350962;8;2021-08-07;113588
2021-08-06;"Prešovský kraj";9;1459;4;1463;NA;350962;13;2021-08-06;113580
2021-08-05;"Prešovský kraj";9;1370;2;1372;NA;350962;11;2021-08-05;113567
2021-08-04;"Prešovský kraj";6;1007;1;1008;NA;350962;7;2021-08-04;113556
2021-08-03;"Prešovský kraj";8;976;1;977;NA;350962;9;2021-08-03;113549
2021-08-02;"Prešovský kraj";5;1477;6;1483;NA;350962;11;2021-08-02;113540
2021-08-01;"Prešovský kraj";0;738;2;740;NA;350962;2;2021-08-01;113529
2021-07-31;"Prešovský kraj";20;1080;0;1080;NA;350962;20;2021-07-31;113527
2021-07-30;"Prešovský kraj";2;1518;1;1519;NA;350962;3;2021-07-30;113507
2021-07-29;"Prešovský kraj";6;1302;1;1303;NA;350962;7;2021-07-29;113504
2021-07-28;"Prešovský kraj";6;1106;1;1107;NA;350962;7;2021-07-28;113497
2021-07-27;"Prešovský kraj";5;1140;2;1142;NA;350962;7;2021-07-27;113490
2021-07-26;"Prešovský kraj";12;1583;1;1584;NA;350962;13;2021-07-26;113483
2021-07-25;"Prešovský kraj";0;687;1;688;NA;350962;1;2021-07-25;113470
2021-07-24;"Prešovský kraj";8;1040;0;1040;NA;350962;8;2021-07-24;113469
2021-07-23;"Prešovský kraj";8;1608;1;1609;NA;350962;9;2021-07-23;113461
2021-07-22;"Prešovský kraj";13;1431;10;1441;NA;350962;23;2021-07-22;113452
2021-07-21;"Prešovský kraj";5;1076;1;1077;NA;350962;6;2021-07-21;113429
2021-07-20;"Prešovský kraj";4;1064;0;1064;NA;350962;4;2021-07-20;113423
2021-07-19;"Prešovský kraj";2;1644;4;1648;NA;350962;6;2021-07-19;113419
2021-07-18;"Prešovský kraj";1;647;0;647;NA;350962;1;2021-07-18;113413
2021-07-17;"Prešovský kraj";6;1245;1;1246;NA;350962;7;2021-07-17;113412
2021-07-16;"Prešovský kraj";4;1558;2;1560;NA;350962;6;2021-07-16;113405
2021-07-15;"Prešovský kraj";5;1310;4;1314;NA;350962;9;2021-07-15;113399
2021-07-14;"Prešovský kraj";1;1051;2;1053;NA;350962;3;2021-07-14;113390
2021-07-13;"Prešovský kraj";1;1071;2;1073;NA;350962;3;2021-07-13;113387
2021-07-12;"Prešovský kraj";1;1949;2;1951;NA;350962;3;2021-07-12;113384
2021-07-11;"Prešovský kraj";0;660;1;661;NA;350962;1;2021-07-11;113381
2021-07-10;"Prešovský kraj";4;1229;2;1231;NA;350962;6;2021-07-10;113380
2021-07-09;"Prešovský kraj";6;1957;1;1958;NA;350962;7;2021-07-09;113374
2021-07-08;"Prešovský kraj";5;1192;0;1192;NA;350962;5;2021-07-08;113367
2021-07-07;"Prešovský kraj";7;1468;3;1471;NA;350962;10;2021-07-07;113362
2021-07-06;"Prešovský kraj";5;1423;2;1425;NA;350962;7;2021-07-06;113352
2021-07-05;"Prešovský kraj";2;645;0;645;NA;350962;2;2021-07-05;113345
2021-07-04;"Prešovský kraj";0;788;0;788;NA;350962;0;2021-07-04;113343
2021-07-03;"Prešovský kraj";2;1391;0;1391;NA;350962;2;2021-07-03;113343
2021-07-02;"Prešovský kraj";4;1796;0;1796;NA;350962;4;2021-07-02;113341
2021-07-01;"Prešovský kraj";2;1590;1;1591;NA;350962;3;2021-07-01;113337
2021-06-30;"Prešovský kraj";3;8829;4;8833;NA;350962;7;2021-06-30;113334
2021-06-29;"Prešovský kraj";1;4935;3;4938;NA;350962;4;2021-06-29;113327
2021-06-28;"Prešovský kraj";5;6109;2;6111;NA;350962;7;2021-06-28;113323
2021-06-27;"Prešovský kraj";0;3852;1;3853;NA;350962;1;2021-06-27;113316
2021-06-26;"Prešovský kraj";4;5815;1;5816;NA;350962;5;2021-06-26;113315
2021-06-25;"Prešovský kraj";7;7321;4;7325;NA;350962;11;2021-06-25;113310
2021-06-24;"Prešovský kraj";10;5406;5;5411;NA;350962;15;2021-06-24;113299
2021-06-23;"Prešovský kraj";4;5124;2;5126;NA;350962;6;2021-06-23;113284
2021-06-22;"Prešovský kraj";5;5143;1;5144;NA;350962;6;2021-06-22;113278
2021-06-21;"Prešovský kraj";13;7033;6;7039;NA;350962;19;2021-06-21;113272
2021-06-20;"Prešovský kraj";0;5204;3;5207;NA;350962;3;2021-06-20;113253
2021-06-19;"Prešovský kraj";1;7349;5;7354;NA;350962;6;2021-06-19;113250
2021-06-18;"Prešovský kraj";9;8682;10;8692;NA;350962;19;2021-06-18;113244
2021-06-17;"Prešovský kraj";9;6548;5;6553;NA;350962;14;2021-06-17;113225
2021-06-16;"Prešovský kraj";6;6422;3;6425;NA;350962;9;2021-06-16;113211
2021-06-15;"Prešovský kraj";2;5709;4;5713;NA;350962;6;2021-06-15;113202
2021-06-14;"Prešovský kraj";5;8229;13;8242;NA;350962;18;2021-06-14;113196
2021-06-13;"Prešovský kraj";1;6455;7;6462;NA;350962;8;2021-06-13;113178
2021-06-12;"Prešovský kraj";3;8904;9;8913;NA;350962;12;2021-06-12;113170
2021-06-11;"Prešovský kraj";21;9877;9;9886;NA;350962;30;2021-06-11;113158
2021-06-10;"Prešovský kraj";11;6512;10;6522;NA;350962;21;2021-06-10;113128
2021-06-09;"Prešovský kraj";16;6375;3;6378;NA;350962;19;2021-06-09;113107
2021-06-08;"Prešovský kraj";31;6495;12;6507;NA;350962;43;2021-06-08;113088
2021-06-07;"Prešovský kraj";11;9111;15;9126;NA;350962;26;2021-06-07;113045
2021-06-06;"Prešovský kraj";0;8016;5;8021;NA;350962;5;2021-06-06;113019
2021-06-05;"Prešovský kraj";17;10248;15;10263;NA;350962;32;2021-06-05;113014
2021-06-04;"Prešovský kraj";26;10375;18;10393;NA;350962;44;2021-06-04;112982
2021-06-03;"Prešovský kraj";14;6820;16;6836;NA;350962;30;2021-06-03;112938
2021-06-02;"Prešovský kraj";47;7372;14;7386;NA;350962;61;2021-06-02;112908
2021-06-01;"Prešovský kraj";15;6926;14;6940;NA;350962;29;2021-06-01;112847
2021-05-31;"Prešovský kraj";27;9951;22;9973;NA;350962;49;2021-05-31;112818
2021-05-30;"Prešovský kraj";2;9717;14;9731;NA;350962;16;2021-05-30;112769
2021-05-29;"Prešovský kraj";23;12733;24;12757;NA;350962;47;2021-05-29;112753
2021-05-28;"Prešovský kraj";30;12468;19;12487;NA;350962;49;2021-05-28;112706
2021-05-27;"Prešovský kraj";16;7653;37;7690;NA;350962;53;2021-05-27;112657
2021-05-26;"Prešovský kraj";32;8140;23;8163;NA;350962;55;2021-05-26;112604
2021-05-25;"Prešovský kraj";38;8690;20;8710;NA;350962;58;2021-05-25;112549
2021-05-24;"Prešovský kraj";17;13298;37;13335;NA;350962;54;2021-05-24;112491
2021-05-23;"Prešovský kraj";3;11947;20;11967;NA;350962;23;2021-05-23;112437
2021-05-22;"Prešovský kraj";11;14422;44;14466;NA;350962;55;2021-05-22;112414
2021-05-21;"Prešovský kraj";44;13803;24;13827;NA;350962;68;2021-05-21;112359
2021-05-20;"Prešovský kraj";13;9437;29;9466;NA;350962;42;2021-05-20;112291
2021-05-19;"Prešovský kraj";60;10756;36;10792;NA;350962;96;2021-05-19;112249
2021-05-18;"Prešovský kraj";44;9062;27;9089;NA;350962;71;2021-05-18;112153
2021-05-17;"Prešovský kraj";60;12856;47;12903;NA;350962;107;2021-05-17;112082
2021-05-16;"Prešovský kraj";20;16302;66;16368;NA;350962;86;2021-05-16;111975
2021-05-15;"Prešovský kraj";20;24604;81;24685;NA;350962;101;2021-05-15;111889
2021-05-14;"Prešovský kraj";49;18671;68;18739;NA;350962;117;2021-05-14;111788
2021-05-13;"Prešovský kraj";54;11166;71;11237;NA;350962;125;2021-05-13;111671
2021-05-12;"Prešovský kraj";59;10822;39;10861;NA;350962;98;2021-05-12;111546
2021-05-11;"Prešovský kraj";61;10728;48;10776;NA;350962;109;2021-05-11;111448
2021-05-10;"Prešovský kraj";79;15726;67;15793;NA;350962;146;2021-05-10;111339
2021-05-09;"Prešovský kraj";54;21658;82;21740;NA;350962;136;2021-05-09;111193
2021-05-08;"Prešovský kraj";39;23050;52;23102;NA;350962;91;2021-05-08;111057
2021-05-07;"Prešovský kraj";81;23543;66;23609;NA;350962;147;2021-05-07;110966
2021-05-06;"Prešovský kraj";107;12924;66;12990;NA;350962;173;2021-05-06;110819
2021-05-05;"Prešovský kraj";60;12808;84;12892;NA;350962;144;2021-05-05;110646
2021-05-04;"Prešovský kraj";203;13470;67;13537;NA;350962;270;2021-05-04;110502
2021-05-03;"Prešovský kraj";68;18458;109;18567;NA;350962;177;2021-05-03;110232
2021-05-02;"Prešovský kraj";29;36676;102;36778;NA;350962;131;2021-05-02;110055
2021-05-01;"Prešovský kraj";70;57153;183;57336;NA;350962;253;2021-05-01;109924
2021-04-30;"Prešovský kraj";135;39333;118;39451;NA;350962;253;2021-04-30;109671
2021-04-29;"Prešovský kraj";110;16635;97;16732;NA;350962;207;2021-04-29;109418
2021-04-28;"Prešovský kraj";122;18671;89;18760;NA;350962;211;2021-04-28;109211
2021-04-27;"Prešovský kraj";154;19994;120;20114;NA;350962;274;2021-04-27;109000
2021-04-26;"Prešovský kraj";99;27241;123;27364;NA;350962;222;2021-04-26;108726
2021-04-25;"Prešovský kraj";9;52776;156;52932;NA;350962;165;2021-04-25;108504
2021-04-24;"Prešovský kraj";61;85698;243;85941;NA;350962;304;2021-04-24;108339
2021-04-23;"Prešovský kraj";171;40365;137;40502;NA;350962;308;2021-04-23;108035
2021-04-22;"Prešovský kraj";86;18104;125;18229;NA;350962;211;2021-04-22;107727
2021-04-21;"Prešovský kraj";144;21550;139;21689;NA;350962;283;2021-04-21;107516
2021-04-20;"Prešovský kraj";115;23346;128;23474;NA;350962;243;2021-04-20;107233
2021-04-19;"Prešovský kraj";106;29133;145;29278;NA;350962;251;2021-04-19;106990
2021-04-18;"Prešovský kraj";4;51824;129;51953;NA;350962;133;2021-04-18;106739
2021-04-17;"Prešovský kraj";119;97970;238;98208;NA;350962;357;2021-04-17;106606
2021-04-16;"Prešovský kraj";135;40989;146;41135;NA;350962;281;2021-04-16;106249
2021-04-15;"Prešovský kraj";112;20179;137;20316;NA;350962;249;2021-04-15;105968
2021-04-14;"Prešovský kraj";199;23332;130;23462;NA;350962;329;2021-04-14;105719
2021-04-13;"Prešovský kraj";180;23907;116;24023;NA;350962;296;2021-04-13;105390
2021-04-12;"Prešovský kraj";172;30152;175;30327;NA;350962;347;2021-04-12;105094
2021-04-11;"Prešovský kraj";11;49955;187;50142;NA;350962;198;2021-04-11;104747
2021-04-10;"Prešovský kraj";94;90181;297;90478;NA;350962;391;2021-04-10;104549
2021-04-09;"Prešovský kraj";255;37163;200;37363;NA;350962;455;2021-04-09;104158
2021-04-08;"Prešovský kraj";192;18893;157;19050;NA;350962;349;2021-04-08;103703
2021-04-07;"Prešovský kraj";314;27797;154;27951;NA;350962;468;2021-04-07;103354
2021-04-06;"Prešovský kraj";231;41711;268;41979;NA;350962;499;2021-04-06;102886
2021-04-05;"Prešovský kraj";54;18454;132;18586;NA;350962;186;2021-04-05;102387
2021-04-04;"Prešovský kraj";31;18569;91;18660;NA;350962;122;2021-04-04;102201
2021-04-03;"Prešovský kraj";104;90664;321;90985;NA;350962;425;2021-04-03;102079
2021-04-02;"Prešovský kraj";194;23381;134;23515;NA;350962;328;2021-04-02;101654
2021-04-01;"Prešovský kraj";256;42879;195;43074;NA;350962;451;2021-04-01;101326
2021-03-31;"Prešovský kraj";311;30176;227;30403;NA;350962;538;2021-03-31;100875
2021-03-30;"Prešovský kraj";374;20751;203;20954;NA;350962;577;2021-03-30;100337
2021-03-29;"Prešovský kraj";219;28188;229;28417;NA;350962;448;2021-03-29;99760
2021-03-28;"Prešovský kraj";26;46811;256;47067;NA;350962;282;2021-03-28;99312
2021-03-27;"Prešovský kraj";181;88673;372;89045;NA;350962;553;2021-03-27;99030
2021-03-26;"Prešovský kraj";310;47751;299;48050;NA;350962;609;2021-03-26;98477
2021-03-25;"Prešovský kraj";248;22281;213;22494;NA;350962;461;2021-03-25;97868
2021-03-24;"Prešovský kraj";381;19590;213;19803;NA;350962;594;2021-03-24;97407
2021-03-23;"Prešovský kraj";241;20351;255;20606;NA;350962;496;2021-03-23;96813
2021-03-22;"Prešovský kraj";299;28634;287;28921;NA;350962;586;2021-03-22;96317
2021-03-21;"Prešovský kraj";32;49439;266;49705;NA;350962;298;2021-03-21;95731
2021-03-20;"Prešovský kraj";180;92529;426;92955;NA;350962;606;2021-03-20;95433
2021-03-19;"Prešovský kraj";373;46582;326;46908;NA;350962;699;2021-03-19;94827
2021-03-18;"Prešovský kraj";251;21721;217;21938;NA;350962;468;2021-03-18;94128
2021-03-17;"Prešovský kraj";331;20887;231;21118;NA;350962;562;2021-03-17;93660
2021-03-16;"Prešovský kraj";461;21094;278;21372;NA;350962;739;2021-03-16;93098
2021-03-15;"Prešovský kraj";370;28813;324;29137;NA;350962;694;2021-03-15;92359
2021-03-14;"Prešovský kraj";52;50410;356;50766;NA;350962;408;2021-03-14;91665
2021-03-13;"Prešovský kraj";200;94768;531;95299;NA;350962;731;2021-03-13;91257
2021-03-12;"Prešovský kraj";425;47691;368;48059;NA;350962;793;2021-03-12;90526
2021-03-11;"Prešovský kraj";463;22059;253;22312;NA;350962;716;2021-03-11;89733
2021-03-10;"Prešovský kraj";325;20821;293;21114;NA;350962;618;2021-03-10;89017
2021-03-09;"Prešovský kraj";505;21496;288;21784;NA;350962;793;2021-03-09;88399
2021-03-08;"Prešovský kraj";314;28903;333;29236;NA;350962;647;2021-03-08;87606
2021-03-07;"Prešovský kraj";19;48328;388;48716;NA;350962;407;2021-03-07;86959
2021-03-06;"Prešovský kraj";193;97527;591;98118;NA;350962;784;2021-03-06;86552
2021-03-05;"Prešovský kraj";497;46054;397;46451;NA;350962;894;2021-03-05;85768
2021-03-04;"Prešovský kraj";372;22670;359;23029;NA;350962;731;2021-03-04;84874
2021-03-03;"Prešovský kraj";397;21623;333;21956;NA;350962;730;2021-03-03;84143
2021-03-02;"Prešovský kraj";421;22682;357;23039;NA;350962;778;2021-03-02;83413
2021-03-01;"Prešovský kraj";303;27716;406;28122;NA;350962;709;2021-03-01;82635
2021-02-28;"Prešovský kraj";75;45000;387;45387;NA;350962;462;2021-02-28;81926
2021-02-27;"Prešovský kraj";273;90231;734;90965;NA;350962;1007;2021-02-27;81464
2021-02-26;"Prešovský kraj";455;41340;438;41778;NA;350962;893;2021-02-26;80457
2021-02-25;"Prešovský kraj";270;19496;337;19833;NA;350962;607;2021-02-25;79564
2021-02-24;"Prešovský kraj";328;19026;377;19403;NA;350962;705;2021-02-24;78957
2021-02-23;"Prešovský kraj";430;21277;345;21622;NA;350962;775;2021-02-23;78252
2021-02-22;"Prešovský kraj";351;27180;356;27536;NA;350962;707;2021-02-22;77477
2021-02-21;"Prešovský kraj";66;31453;301;31754;NA;350962;367;2021-02-21;76770
2021-02-20;"Prešovský kraj";129;71413;517;71930;NA;350962;646;2021-02-20;76403
2021-02-19;"Prešovský kraj";381;38995;430;39425;NA;350962;811;2021-02-19;75757
2021-02-18;"Prešovský kraj";268;16960;322;17282;NA;350962;590;2021-02-18;74946
2021-02-17;"Prešovský kraj";293;17392;246;17638;NA;350962;539;2021-02-17;74356
2021-02-16;"Prešovský kraj";422;18862;265;19127;NA;350962;687;2021-02-16;73817
2021-02-15;"Prešovský kraj";211;31366;303;31669;NA;350962;514;2021-02-15;73130
2021-02-14;"Prešovský kraj";27;39387;321;39708;NA;350962;348;2021-02-14;72616
2021-02-13;"Prešovský kraj";157;74747;402;75149;NA;350962;559;2021-02-13;72268
2021-02-12;"Prešovský kraj";308;38758;365;39123;NA;350962;673;2021-02-12;71709
2021-02-11;"Prešovský kraj";218;16207;238;16445;NA;350962;456;2021-02-11;71036
2021-02-10;"Prešovský kraj";220;18542;282;18824;NA;350962;502;2021-02-10;70580
2021-02-09;"Prešovský kraj";323;21497;370;21867;NA;350962;693;2021-02-09;70078
2021-02-08;"Prešovský kraj";161;36924;261;37185;NA;350962;422;2021-02-08;69385
2021-02-07;"Prešovský kraj";21;34227;209;34436;NA;350962;230;2021-02-07;68963
2021-02-06;"Prešovský kraj";176;69164;360;69524;NA;350962;536;2021-02-06;68733
2021-02-05;"Prešovský kraj";177;31271;262;31533;NA;350962;439;2021-02-05;68197
2021-02-04;"Prešovský kraj";176;13080;237;13317;NA;350962;413;2021-02-04;67758
2021-02-03;"Prešovský kraj";251;8421;236;8657;NA;350962;487;2021-02-03;67345
2021-02-02;"Prešovský kraj";249;11769;264;12033;NA;350962;513;2021-02-02;66858
2021-02-01;"Prešovský kraj";220;16059;316;16375;NA;350962;536;2021-02-01;66345
2021-01-31;"Prešovský kraj";42;10587;107;10694;NA;350962;149;2021-01-31;65809
2021-01-30;"Prešovský kraj";142;23939;215;24154;NA;350962;357;2021-01-30;65660
2021-01-29;"Prešovský kraj";185;17924;326;18250;NA;350962;511;2021-01-29;65303
2021-01-28;"Prešovský kraj";311;7348;150;7498;NA;350962;461;2021-01-28;64792
2021-01-27;"Prešovský kraj";153;9730;147;9877;NA;350962;300;2021-01-27;64331
2021-01-26;"Prešovský kraj";252;16653;151;16804;NA;350962;403;2021-01-26;64031
2021-01-25;"Prešovský kraj";196;30092;253;30345;NA;350962;449;2021-01-25;63628
2021-01-24;"Prešovský kraj";12;45706;304;46010;NA;350962;316;2021-01-24;63179
2021-01-23;"Prešovský kraj";189;96883;487;97370;NA;350962;676;2021-01-23;62863
2021-01-22;"Prešovský kraj";187;35383;261;35644;NA;350962;448;2021-01-22;62187
2021-01-21;"Prešovský kraj";187;20434;212;20646;NA;350962;399;2021-01-21;61739
2021-01-20;"Prešovský kraj";253;14782;195;14977;NA;350962;448;2021-01-20;61340
2021-01-19;"Prešovský kraj";281;12329;305;12634;NA;350962;586;2021-01-19;60892
2021-01-18;"Prešovský kraj";203;10422;336;10758;NA;350962;539;2021-01-18;60306
2021-01-17;"Prešovský kraj";107;14391;1008;15399;NA;350962;1115;2021-01-17;59767
2021-01-16;"Prešovský kraj";72;1838;81;1919;NA;350962;153;2021-01-16;58652
2021-01-15;"Prešovský kraj";159;7033;257;7290;NA;350962;416;2021-01-15;58499
2021-01-14;"Prešovský kraj";268;5534;256;5790;NA;350962;524;2021-01-14;58083
2021-01-13;"Prešovský kraj";342;5649;226;5875;NA;350962;568;2021-01-13;57559
2021-01-12;"Prešovský kraj";455;8251;386;8637;NA;350962;841;2021-01-12;56991
2021-01-11;"Prešovský kraj";343;8149;471;8620;NA;350962;814;2021-01-11;56150
2021-01-10;"Prešovský kraj";63;476;23;499;NA;350962;86;2021-01-10;55336
2021-01-09;"Prešovský kraj";439;2248;125;2373;NA;350962;564;2021-01-09;55250
2021-01-08;"Prešovský kraj";430;10416;561;10977;NA;350962;991;2021-01-08;54686
2021-01-07;"Prešovský kraj";268;7432;622;8054;NA;350962;890;2021-01-07;53695
2021-01-06;"Prešovský kraj";315;1484;134;1618;NA;350962;449;2021-01-06;52805
2021-01-05;"Prešovský kraj";655;11275;976;12251;NA;350962;1631;2021-01-05;52356
2021-01-04;"Prešovský kraj";371;16845;1789;18634;NA;350962;2160;2021-01-04;50725
2021-01-03;"Prešovský kraj";89;459;41;500;NA;350962;130;2021-01-03;48565
2021-01-02;"Prešovský kraj";65;1556;160;1716;NA;350962;225;2021-01-02;48435
2021-01-01;"Prešovský kraj";174;956;71;1027;NA;350962;245;2021-01-01;48210
2020-12-31;"Prešovský kraj";640;11959;783;12742;NA;350962;1423;2020-12-31;47965
2020-12-30;"Prešovský kraj";729;8729;769;9498;NA;350962;1498;2020-12-30;46542
2020-12-29;"Prešovský kraj";435;9273;949;10222;NA;350962;1384;2020-12-29;45044
2020-12-28;"Prešovský kraj";393;9046;1079;10125;NA;350962;1472;2020-12-28;43660
2020-12-27;"Prešovský kraj";40;613;45;658;NA;350962;85;2020-12-27;42188
2020-12-26;"Prešovský kraj";64;176;12;188;NA;350962;76;2020-12-26;42103
2020-12-25;"Prešovský kraj";208;274;11;285;NA;350962;219;2020-12-25;42027
2020-12-24;"Prešovský kraj";452;1214;85;1299;NA;350962;537;2020-12-24;41808
2020-12-23;"Prešovský kraj";361;11006;618;11624;NA;350962;979;2020-12-23;41271
2020-12-22;"Prešovský kraj";439;9023;695;9718;NA;350962;1134;2020-12-22;40292
2020-12-21;"Prešovský kraj";432;9577;847;10424;NA;350962;1279;2020-12-21;39158
2020-12-20;"Prešovský kraj";184;396;20;416;NA;350962;204;2020-12-20;37879
2020-12-19;"Prešovský kraj";276;1658;151;1809;NA;350962;427;2020-12-19;37675
2020-12-18;"Prešovský kraj";396;8246;566;8812;NA;350962;962;2020-12-18;37248
2020-12-17;"Prešovský kraj";427;10505;866;11371;NA;350962;1293;2020-12-17;36286
2020-12-16;"Prešovský kraj";466;5613;473;6086;NA;350962;939;2020-12-16;34993
2020-12-15;"Prešovský kraj";411;5406;574;5980;NA;350962;985;2020-12-15;34054
2020-12-14;"Prešovský kraj";334;5538;477;6015;NA;350962;811;2020-12-14;33069
2020-12-13;"Prešovský kraj";89;29;8;37;NA;350962;97;2020-12-13;32258
2020-12-12;"Prešovský kraj";319;2474;166;2640;NA;350962;485;2020-12-12;32161
2020-12-11;"Prešovský kraj";560;5602;402;6004;NA;350962;962;2020-12-11;31676
2020-12-10;"Prešovský kraj";337;5019;423;5442;NA;350962;760;2020-12-10;30714
2020-12-09;"Prešovský kraj";358;4357;314;4671;NA;350962;672;2020-12-09;29954
2020-12-08;"Prešovský kraj";350;6629;651;7280;NA;350962;1001;2020-12-08;29282
2020-12-07;"Prešovský kraj";309;4345;327;4672;NA;350962;636;2020-12-07;28281
2020-12-06;"Prešovský kraj";59;655;26;681;NA;350962;85;2020-12-06;27645
2020-12-05;"Prešovský kraj";218;984;87;1071;NA;350962;305;2020-12-05;27560
2020-12-04;"Prešovský kraj";352;5070;293;5363;NA;350962;645;2020-12-04;27255
2020-12-03;"Prešovský kraj";284;2456;179;2635;NA;350962;463;2020-12-03;26610
2020-12-02;"Prešovský kraj";232;2830;225;3055;NA;350962;457;2020-12-02;26147
2020-12-01;"Prešovský kraj";281;1884;196;2080;NA;350962;477;2020-12-01;25690
2020-11-30;"Prešovský kraj";196;5333;97;5430;NA;350962;293;2020-11-30;25213
2020-11-29;"Prešovský kraj";27;379;42;421;NA;350962;69;2020-11-29;24920
2020-11-28;"Prešovský kraj";199;772;77;849;NA;350962;276;2020-11-28;24851
2020-11-27;"Prešovský kraj";232;2350;130;2480;NA;350962;362;2020-11-27;24575
2020-11-26;"Prešovský kraj";263;3014;329;3343;NA;350962;592;2020-11-26;24213
2020-11-25;"Prešovský kraj";302;2174;103;2277;NA;350962;405;2020-11-25;23621
2020-11-24;"Prešovský kraj";365;1777;156;1933;NA;350962;521;2020-11-24;23216
2020-11-23;"Prešovský kraj";164;1099;60;1159;NA;350962;224;2020-11-23;22695
2020-11-22;"Prešovský kraj";46;44;1;45;NA;350962;47;2020-11-22;22471
2020-11-21;"Prešovský kraj";205;754;62;816;NA;350962;267;2020-11-21;22424
2020-11-20;"Prešovský kraj";363;2258;102;2360;NA;350962;465;2020-11-20;22157
2020-11-19;"Prešovský kraj";359;2096;238;2334;NA;350962;597;2020-11-19;21692
2020-11-18;"Prešovský kraj";270;488;43;531;NA;350962;313;2020-11-18;21095
2020-11-17;"Prešovský kraj";347;205;23;228;NA;350962;370;2020-11-17;20782
2020-11-16;"Prešovský kraj";226;540;58;598;NA;350962;284;2020-11-16;20412
2020-11-15;"Prešovský kraj";186;39;4;43;NA;350962;190;2020-11-15;20128
2020-11-14;"Prešovský kraj";261;54;4;58;NA;350962;265;2020-11-14;19938
2020-11-13;"Prešovský kraj";395;166;8;174;NA;350962;403;2020-11-13;19673
2020-11-12;"Prešovský kraj";397;229;50;279;NA;350962;447;2020-11-12;19270
2020-11-11;"Prešovský kraj";516;161;15;176;NA;350962;531;2020-11-11;18823
2020-11-10;"Prešovský kraj";437;197;9;206;NA;350962;446;2020-11-10;18292
2020-11-09;"Prešovský kraj";190;4110;945;5055;NA;350962;1135;2020-11-09;17846
2020-11-08;"Prešovský kraj";97;2817;32;2849;NA;350962;129;2020-11-08;16711
2020-11-07;"Prešovský kraj";416;8578;81;8659;NA;350962;497;2020-11-07;16582
2020-11-06;"Prešovský kraj";520;4791;76;4867;NA;350962;596;2020-11-06;16085
2020-11-05;"Prešovský kraj";397;180;5;185;NA;350962;402;2020-11-05;15489
2020-11-04;"Prešovský kraj";350;807;8;815;NA;350962;358;2020-11-04;15087
2020-11-03;"Prešovský kraj";565;98;12;110;NA;350962;577;2020-11-03;14729
2020-11-02;"Prešovský kraj";203;4158;1004;5162;NA;350962;1207;2020-11-02;14152
2020-11-01;"Prešovský kraj";386;2906;53;2959;NA;350962;439;2020-11-01;12945
2020-10-31;"Prešovský kraj";315;10497;170;10667;NA;350962;485;2020-10-31;12506
2020-10-30;"Prešovský kraj";552;2949;65;3014;NA;350962;617;2020-10-30;12021
2020-10-29;"Prešovský kraj";594;301;38;339;NA;350962;632;2020-10-29;11404
2020-10-28;"Prešovský kraj";617;291;46;337;NA;350962;663;2020-10-28;10772
2020-10-27;"Prešovský kraj";656;268;34;302;NA;350962;690;2020-10-27;10109
2020-10-26;"Prešovský kraj";137;363;57;420;NA;350962;194;2020-10-26;9419
2020-10-25;"Prešovský kraj";237;346;11;357;NA;350962;248;2020-10-25;9225
2020-10-24;"Prešovský kraj";719;200;12;212;NA;350962;731;2020-10-24;8977
2020-10-23;"Prešovský kraj";251;218;8;226;NA;350962;259;2020-10-23;8246
2022-03-28;"Trenčiansky kraj";673;0;0;0;203461;289582;673;2022-03-28;289582
2022-03-27;"Trenčiansky kraj";167;287;46;333;NA;289582;213;2022-03-27;288909
2022-03-26;"Trenčiansky kraj";513;224;28;252;NA;289582;541;2022-03-26;288696
2022-03-25;"Trenčiansky kraj";534;641;72;713;NA;289582;606;2022-03-25;288155
2022-03-24;"Trenčiansky kraj";712;1112;104;1216;NA;289582;816;2022-03-24;287549
2022-03-23;"Trenčiansky kraj";903;895;93;988;NA;289582;996;2022-03-23;286733
2022-03-22;"Trenčiansky kraj";918;929;114;1043;NA;289582;1032;2022-03-22;285737
2022-03-21;"Trenčiansky kraj";745;1317;198;1515;NA;289582;943;2022-03-21;284705
2022-03-20;"Trenčiansky kraj";334;826;89;915;NA;289582;423;2022-03-20;283762
2022-03-19;"Trenčiansky kraj";560;510;77;587;NA;289582;637;2022-03-19;283339
2022-03-18;"Trenčiansky kraj";884;827;128;955;NA;289582;1012;2022-03-18;282702
2022-03-17;"Trenčiansky kraj";863;991;127;1118;NA;289582;990;2022-03-17;281690
2022-03-16;"Trenčiansky kraj";1147;1128;125;1253;NA;289582;1272;2022-03-16;280700
2022-03-15;"Trenčiansky kraj";1054;1155;122;1277;NA;289582;1176;2022-03-15;279428
2022-03-14;"Trenčiansky kraj";934;2078;253;2331;NA;289582;1187;2022-03-14;278252
2022-03-13;"Trenčiansky kraj";373;698;97;795;NA;289582;470;2022-03-13;277065
2022-03-12;"Trenčiansky kraj";674;550;94;644;NA;289582;768;2022-03-12;276595
2022-03-11;"Trenčiansky kraj";1131;1191;215;1406;NA;289582;1346;2022-03-11;275827
2022-03-10;"Trenčiansky kraj";1087;1178;220;1398;NA;289582;1307;2022-03-10;274481
2022-03-09;"Trenčiansky kraj";1515;1346;236;1582;NA;289582;1751;2022-03-09;273174
2022-03-08;"Trenčiansky kraj";1059;1589;247;1836;NA;289582;1306;2022-03-08;271423
2022-03-07;"Trenčiansky kraj";1079;1920;342;2262;NA;289582;1421;2022-03-07;270117
2022-03-06;"Trenčiansky kraj";354;832;134;966;NA;289582;488;2022-03-06;268696
2022-03-05;"Trenčiansky kraj";583;700;138;838;NA;289582;721;2022-03-05;268208
2022-03-04;"Trenčiansky kraj";1125;1158;204;1362;NA;289582;1329;2022-03-04;267487
2022-03-03;"Trenčiansky kraj";1346;1521;216;1737;NA;289582;1562;2022-03-03;266158
2022-03-02;"Trenčiansky kraj";1345;1548;239;1787;NA;289582;1584;2022-03-02;264596
2022-03-01;"Trenčiansky kraj";1409;1609;299;1908;NA;289582;1708;2022-03-01;263012
2022-02-28;"Trenčiansky kraj";1390;2383;363;2746;NA;289582;1753;2022-02-28;261304
2022-02-27;"Trenčiansky kraj";573;1043;218;1261;NA;289582;791;2022-02-27;259551
2022-02-26;"Trenčiansky kraj";934;784;147;931;NA;289582;1081;2022-02-26;258760
2022-02-25;"Trenčiansky kraj";1460;1422;271;1693;NA;289582;1731;2022-02-25;257679
2022-02-24;"Trenčiansky kraj";1372;2288;274;2562;NA;289582;1646;2022-02-24;255948
2022-02-23;"Trenčiansky kraj";1677;1895;291;2186;NA;289582;1968;2022-02-23;254302
2022-02-22;"Trenčiansky kraj";2073;2075;418;2493;NA;289582;2491;2022-02-22;252334
2022-02-21;"Trenčiansky kraj";2172;3615;547;4162;NA;289582;2719;2022-02-21;249843
2022-02-20;"Trenčiansky kraj";1079;1436;322;1758;NA;289582;1401;2022-02-20;247124
2022-02-19;"Trenčiansky kraj";1168;1008;244;1252;NA;289582;1412;2022-02-19;245723
2022-02-18;"Trenčiansky kraj";2456;2175;440;2615;NA;289582;2896;2022-02-18;244311
2022-02-17;"Trenčiansky kraj";2090;2540;388;2928;NA;289582;2478;2022-02-17;241415
2022-02-16;"Trenčiansky kraj";2928;2286;469;2755;NA;289582;3397;2022-02-16;238937
2022-02-15;"Trenčiansky kraj";2372;2408;534;2942;NA;289582;2906;2022-02-15;235540
2022-02-14;"Trenčiansky kraj";2401;3916;686;4602;NA;289582;3087;2022-02-14;232634
2022-02-13;"Trenčiansky kraj";1357;1777;454;2231;NA;289582;1811;2022-02-13;229547
2022-02-12;"Trenčiansky kraj";1802;1448;277;1725;NA;289582;2079;2022-02-12;227736
2022-02-11;"Trenčiansky kraj";2863;2376;456;2832;NA;289582;3319;2022-02-11;225657
2022-02-10;"Trenčiansky kraj";2853;2529;462;2991;NA;289582;3315;2022-02-10;222338
2022-02-09;"Trenčiansky kraj";2788;4158;559;4717;NA;289582;3347;2022-02-09;219023
2022-02-08;"Trenčiansky kraj";2592;2987;621;3608;NA;289582;3213;2022-02-08;215676
2022-02-07;"Trenčiansky kraj";2787;4732;862;5594;NA;289582;3649;2022-02-07;212463
2022-02-06;"Trenčiansky kraj";1431;2181;472;2653;NA;289582;1903;2022-02-06;208814
2022-02-05;"Trenčiansky kraj";1458;1689;323;2012;NA;289582;1781;2022-02-05;206911
2022-02-04;"Trenčiansky kraj";2480;3036;483;3519;NA;289582;2963;2022-02-04;205130
2022-02-03;"Trenčiansky kraj";2391;3381;462;3843;NA;289582;2853;2022-02-03;202167
2022-02-02;"Trenčiansky kraj";2486;4411;563;4974;NA;289582;3049;2022-02-02;199314
2022-02-01;"Trenčiansky kraj";2359;3701;509;4210;NA;289582;2868;2022-02-01;196265
2022-01-31;"Trenčiansky kraj";1823;7070;627;7697;NA;289582;2450;2022-01-31;193397
2022-01-30;"Trenčiansky kraj";680;2463;319;2782;NA;289582;999;2022-01-30;190947
2022-01-29;"Trenčiansky kraj";1227;1772;227;1999;NA;289582;1454;2022-01-29;189948
2022-01-28;"Trenčiansky kraj";1709;3602;322;3924;NA;289582;2031;2022-01-28;188494
2022-01-27;"Trenčiansky kraj";1533;3414;322;3736;NA;289582;1855;2022-01-27;186463
2022-01-26;"Trenčiansky kraj";1415;4533;311;4844;NA;289582;1726;2022-01-26;184608
2022-01-25;"Trenčiansky kraj";1553;3168;258;3426;NA;289582;1811;2022-01-25;182882
2022-01-24;"Trenčiansky kraj";755;6691;290;6981;NA;289582;1045;2022-01-24;181071
2022-01-23;"Trenčiansky kraj";337;2409;179;2588;NA;289582;516;2022-01-23;180026
2022-01-22;"Trenčiansky kraj";683;1675;103;1778;NA;289582;786;2022-01-22;179510
2022-01-21;"Trenčiansky kraj";576;3394;139;3533;NA;289582;715;2022-01-21;178724
2022-01-20;"Trenčiansky kraj";710;2578;104;2682;NA;289582;814;2022-01-20;178009
2022-01-19;"Trenčiansky kraj";621;3627;111;3738;NA;289582;732;2022-01-19;177195
2022-01-18;"Trenčiansky kraj";579;3455;101;3556;NA;289582;680;2022-01-18;176463
2022-01-17;"Trenčiansky kraj";380;6158;122;6280;NA;289582;502;2022-01-17;175783
2022-01-16;"Trenčiansky kraj";89;2319;72;2391;NA;289582;161;2022-01-16;175281
2022-01-15;"Trenčiansky kraj";194;1345;40;1385;NA;289582;234;2022-01-15;175120
2022-01-14;"Trenčiansky kraj";189;2755;48;2803;NA;289582;237;2022-01-14;174886
2022-01-13;"Trenčiansky kraj";134;3201;62;3263;NA;289582;196;2022-01-13;174649
2022-01-12;"Trenčiansky kraj";346;2953;53;3006;NA;289582;399;2022-01-12;174453
2022-01-11;"Trenčiansky kraj";300;2896;50;2946;NA;289582;350;2022-01-11;174054
2022-01-10;"Trenčiansky kraj";218;6882;81;6963;NA;289582;299;2022-01-10;173704
2022-01-09;"Trenčiansky kraj";40;2808;52;2860;NA;289582;92;2022-01-09;173405
2022-01-08;"Trenčiansky kraj";267;1601;45;1646;NA;289582;312;2022-01-08;173313
2022-01-07;"Trenčiansky kraj";334;2717;64;2781;NA;289582;398;2022-01-07;173001
2022-01-06;"Trenčiansky kraj";75;1111;45;1156;NA;289582;120;2022-01-06;172603
2022-01-05;"Trenčiansky kraj";496;2875;64;2939;NA;289582;560;2022-01-05;172483
2022-01-04;"Trenčiansky kraj";521;3760;73;3833;NA;289582;594;2022-01-04;171923
2022-01-03;"Trenčiansky kraj";357;5680;117;5797;NA;289582;474;2022-01-03;171329
2022-01-02;"Trenčiansky kraj";179;2403;74;2477;NA;289582;253;2022-01-02;170855
2022-01-01;"Trenčiansky kraj";4;526;28;554;NA;289582;32;2022-01-01;170602
2021-12-31;"Trenčiansky kraj";443;1426;77;1503;NA;289582;520;2021-12-31;170570
2021-12-30;"Trenčiansky kraj";370;2351;126;2477;NA;289582;496;2021-12-30;170050
2021-12-29;"Trenčiansky kraj";429;2436;83;2519;NA;289582;512;2021-12-29;169554
2021-12-28;"Trenčiansky kraj";609;2696;108;2804;NA;289582;717;2021-12-28;169042
2021-12-27;"Trenčiansky kraj";546;3200;100;3300;NA;289582;646;2021-12-27;168325
2021-12-26;"Trenčiansky kraj";147;1098;78;1176;NA;289582;225;2021-12-26;167679
2021-12-25;"Trenčiansky kraj";52;503;27;530;NA;289582;79;2021-12-25;167454
2021-12-24;"Trenčiansky kraj";176;652;37;689;NA;289582;213;2021-12-24;167375
2021-12-23;"Trenčiansky kraj";532;2380;103;2483;NA;289582;635;2021-12-23;167162
2021-12-22;"Trenčiansky kraj";512;2546;116;2662;NA;289582;628;2021-12-22;166527
2021-12-21;"Trenčiansky kraj";694;3219;119;3338;NA;289582;813;2021-12-21;165899
2021-12-20;"Trenčiansky kraj";488;6613;200;6813;NA;289582;688;2021-12-20;165086
2021-12-19;"Trenčiansky kraj";202;2574;118;2692;NA;289582;320;2021-12-19;164398
2021-12-18;"Trenčiansky kraj";438;1752;108;1860;NA;289582;546;2021-12-18;164078
2021-12-17;"Trenčiansky kraj";427;4006;135;4141;NA;289582;562;2021-12-17;163532
2021-12-16;"Trenčiansky kraj";649;3169;177;3346;NA;289582;826;2021-12-16;162970
2021-12-15;"Trenčiansky kraj";791;4596;165;4761;NA;289582;956;2021-12-15;162144
2021-12-14;"Trenčiansky kraj";885;3590;139;3729;NA;289582;1024;2021-12-14;161188
2021-12-13;"Trenčiansky kraj";573;7310;247;7557;NA;289582;820;2021-12-13;160164
2021-12-12;"Trenčiansky kraj";306;3156;156;3312;NA;289582;462;2021-12-12;159344
2021-12-11;"Trenčiansky kraj";706;1876;138;2014;NA;289582;844;2021-12-11;158882
2021-12-10;"Trenčiansky kraj";789;3643;199;3842;NA;289582;988;2021-12-10;158038
2021-12-09;"Trenčiansky kraj";967;3847;202;4049;NA;289582;1169;2021-12-09;157050
2021-12-08;"Trenčiansky kraj";1020;4428;201;4629;NA;289582;1221;2021-12-08;155881
2021-12-07;"Trenčiansky kraj";1241;6232;214;6446;NA;289582;1455;2021-12-07;154660
2021-12-06;"Trenčiansky kraj";751;8778;421;9199;NA;289582;1172;2021-12-06;153205
2021-12-05;"Trenčiansky kraj";510;3610;210;3820;NA;289582;720;2021-12-05;152033
2021-12-04;"Trenčiansky kraj";1058;2043;156;2199;NA;289582;1214;2021-12-04;151313
2021-12-03;"Trenčiansky kraj";1272;4379;304;4683;NA;289582;1576;2021-12-03;150099
2021-12-02;"Trenčiansky kraj";2007;4087;263;4350;NA;289582;2270;2021-12-02;148523
2021-12-01;"Trenčiansky kraj";1000;4935;296;5231;NA;289582;1296;2021-12-01;146253
2021-11-30;"Trenčiansky kraj";1086;4702;329;5031;NA;289582;1415;2021-11-30;144957
2021-11-29;"Trenčiansky kraj";1165;10325;540;10865;NA;289582;1705;2021-11-29;143542
2021-11-28;"Trenčiansky kraj";664;5566;308;5874;NA;289582;972;2021-11-28;141837
2021-11-27;"Trenčiansky kraj";1080;2782;301;3083;NA;289582;1381;2021-11-27;140865
2021-11-26;"Trenčiansky kraj";1238;4493;346;4839;NA;289582;1584;2021-11-26;139484
2021-11-25;"Trenčiansky kraj";1018;3590;343;3933;NA;289582;1361;2021-11-25;137900
2021-11-24;"Trenčiansky kraj";1362;5559;466;6025;NA;289582;1828;2021-11-24;136539
2021-11-23;"Trenčiansky kraj";1140;3717;347;4064;NA;289582;1487;2021-11-23;134711
2021-11-22;"Trenčiansky kraj";920;6467;566;7033;NA;289582;1486;2021-11-22;133224
2021-11-21;"Trenčiansky kraj";413;3233;377;3610;NA;289582;790;2021-11-21;131738
2021-11-20;"Trenčiansky kraj";914;2379;341;2720;NA;289582;1255;2021-11-20;130948
2021-11-19;"Trenčiansky kraj";1261;3785;445;4230;NA;289582;1706;2021-11-19;129693
2021-11-18;"Trenčiansky kraj";810;5024;524;5548;NA;289582;1334;2021-11-18;127987
2021-11-17;"Trenčiansky kraj";796;1852;237;2089;NA;289582;1033;2021-11-17;126653
2021-11-16;"Trenčiansky kraj";859;4060;401;4461;NA;289582;1260;2021-11-16;125620
2021-11-15;"Trenčiansky kraj";720;5114;550;5664;NA;289582;1270;2021-11-15;124360
2021-11-14;"Trenčiansky kraj";447;2462;343;2805;NA;289582;790;2021-11-14;123090
2021-11-13;"Trenčiansky kraj";478;1879;254;2133;NA;289582;732;2021-11-13;122300
2021-11-12;"Trenčiansky kraj";784;3855;338;4193;NA;289582;1122;2021-11-12;121568
2021-11-11;"Trenčiansky kraj";805;3561;345;3906;NA;289582;1150;2021-11-11;120446
2021-11-10;"Trenčiansky kraj";647;3358;279;3637;NA;289582;926;2021-11-10;119296
2021-11-09;"Trenčiansky kraj";752;2886;304;3190;NA;289582;1056;2021-11-09;118370
2021-11-08;"Trenčiansky kraj";489;4643;348;4991;NA;289582;837;2021-11-08;117314
2021-11-07;"Trenčiansky kraj";405;2043;220;2263;NA;289582;625;2021-11-07;116477
2021-11-06;"Trenčiansky kraj";542;1755;176;1931;NA;289582;718;2021-11-06;115852
2021-11-05;"Trenčiansky kraj";677;3083;238;3321;NA;289582;915;2021-11-05;115134
2021-11-04;"Trenčiansky kraj";563;2713;229;2942;NA;289582;792;2021-11-04;114219
2021-11-03;"Trenčiansky kraj";619;2955;222;3177;NA;289582;841;2021-11-03;113427
2021-11-02;"Trenčiansky kraj";663;3808;309;4117;NA;289582;972;2021-11-02;112586
2021-11-01;"Trenčiansky kraj";219;1029;101;1130;NA;289582;320;2021-11-01;111614
2021-10-31;"Trenčiansky kraj";151;1462;152;1614;NA;289582;303;2021-10-31;111294
2021-10-30;"Trenčiansky kraj";345;1770;130;1900;NA;289582;475;2021-10-30;110991
2021-10-29;"Trenčiansky kraj";415;2860;129;2989;NA;289582;544;2021-10-29;110516
2021-10-28;"Trenčiansky kraj";429;2653;157;2810;NA;289582;586;2021-10-28;109972
2021-10-27;"Trenčiansky kraj";463;2612;93;2705;NA;289582;556;2021-10-27;109386
2021-10-26;"Trenčiansky kraj";419;2635;133;2768;NA;289582;552;2021-10-26;108830
2021-10-25;"Trenčiansky kraj";192;3370;130;3500;NA;289582;322;2021-10-25;108278
2021-10-24;"Trenčiansky kraj";121;1643;79;1722;NA;289582;200;2021-10-24;107956
2021-10-23;"Trenčiansky kraj";326;1737;64;1801;NA;289582;390;2021-10-23;107756
2021-10-22;"Trenčiansky kraj";358;2694;78;2772;NA;289582;436;2021-10-22;107366
2021-10-21;"Trenčiansky kraj";247;2343;74;2417;NA;289582;321;2021-10-21;106930
2021-10-20;"Trenčiansky kraj";302;2101;70;2171;NA;289582;372;2021-10-20;106609
2021-10-19;"Trenčiansky kraj";227;2847;59;2906;NA;289582;286;2021-10-19;106237
2021-10-18;"Trenčiansky kraj";143;2453;71;2524;NA;289582;214;2021-10-18;105951
2021-10-17;"Trenčiansky kraj";46;1457;31;1488;NA;289582;77;2021-10-17;105737
2021-10-16;"Trenčiansky kraj";76;1671;35;1706;NA;289582;111;2021-10-16;105660
2021-10-15;"Trenčiansky kraj";126;2925;50;2975;NA;289582;176;2021-10-15;105549
2021-10-14;"Trenčiansky kraj";103;1717;27;1744;NA;289582;130;2021-10-14;105373
2021-10-13;"Trenčiansky kraj";171;2656;28;2684;NA;289582;199;2021-10-13;105243
2021-10-12;"Trenčiansky kraj";114;2350;32;2382;NA;289582;146;2021-10-12;105044
2021-10-11;"Trenčiansky kraj";109;2541;48;2589;NA;289582;157;2021-10-11;104898
2021-10-10;"Trenčiansky kraj";17;1487;23;1510;NA;289582;40;2021-10-10;104741
2021-10-09;"Trenčiansky kraj";157;1809;16;1825;NA;289582;173;2021-10-09;104701
2021-10-08;"Trenčiansky kraj";82;3087;37;3124;NA;289582;119;2021-10-08;104528
2021-10-07;"Trenčiansky kraj";107;2039;30;2069;NA;289582;137;2021-10-07;104409
2021-10-06;"Trenčiansky kraj";193;2289;36;2325;NA;289582;229;2021-10-06;104272
2021-10-05;"Trenčiansky kraj";119;2229;40;2269;NA;289582;159;2021-10-05;104043
2021-10-04;"Trenčiansky kraj";105;2769;52;2821;NA;289582;157;2021-10-04;103884
2021-10-03;"Trenčiansky kraj";30;1558;27;1585;NA;289582;57;2021-10-03;103727
2021-10-02;"Trenčiansky kraj";107;1794;35;1829;NA;289582;142;2021-10-02;103670
2021-10-01;"Trenčiansky kraj";119;2690;37;2727;NA;289582;156;2021-10-01;103528
2021-09-30;"Trenčiansky kraj";74;2327;50;2377;NA;289582;124;2021-09-30;103372
2021-09-29;"Trenčiansky kraj";170;2150;30;2180;NA;289582;200;2021-09-29;103248
2021-09-28;"Trenčiansky kraj";95;2267;31;2298;NA;289582;126;2021-09-28;103048
2021-09-27;"Trenčiansky kraj";56;2813;57;2870;NA;289582;113;2021-09-27;102922
2021-09-26;"Trenčiansky kraj";20;1675;33;1708;NA;289582;53;2021-09-26;102809
2021-09-25;"Trenčiansky kraj";76;1674;21;1695;NA;289582;97;2021-09-25;102756
2021-09-24;"Trenčiansky kraj";104;3220;35;3255;NA;289582;139;2021-09-24;102659
2021-09-23;"Trenčiansky kraj";91;2251;27;2278;NA;289582;118;2021-09-23;102520
2021-09-22;"Trenčiansky kraj";90;2146;24;2170;NA;289582;114;2021-09-22;102402
2021-09-21;"Trenčiansky kraj";79;2307;29;2336;NA;289582;108;2021-09-21;102288
2021-09-20;"Trenčiansky kraj";78;2612;37;2649;NA;289582;115;2021-09-20;102180
2021-09-19;"Trenčiansky kraj";11;1571;20;1591;NA;289582;31;2021-09-19;102065
2021-09-18;"Trenčiansky kraj";53;2099;14;2113;NA;289582;67;2021-09-18;102034
2021-09-17;"Trenčiansky kraj";55;3143;26;3169;NA;289582;81;2021-09-17;101967
2021-09-16;"Trenčiansky kraj";52;2160;20;2180;NA;289582;72;2021-09-16;101886
2021-09-15;"Trenčiansky kraj";63;1043;7;1050;NA;289582;70;2021-09-15;101814
2021-09-14;"Trenčiansky kraj";67;2449;25;2474;NA;289582;92;2021-09-14;101744
2021-09-13;"Trenčiansky kraj";33;2271;35;2306;NA;289582;68;2021-09-13;101652
2021-09-12;"Trenčiansky kraj";3;1411;11;1422;NA;289582;14;2021-09-12;101584
2021-09-11;"Trenčiansky kraj";55;1729;6;1735;NA;289582;61;2021-09-11;101570
2021-09-10;"Trenčiansky kraj";49;2246;15;2261;NA;289582;64;2021-09-10;101509
2021-09-09;"Trenčiansky kraj";24;1684;30;1714;NA;289582;54;2021-09-09;101445
2021-09-08;"Trenčiansky kraj";54;1770;15;1785;NA;289582;69;2021-09-08;101391
2021-09-07;"Trenčiansky kraj";43;1393;18;1411;NA;289582;61;2021-09-07;101322
2021-09-06;"Trenčiansky kraj";47;1398;15;1413;NA;289582;62;2021-09-06;101261
2021-09-05;"Trenčiansky kraj";2;966;23;989;NA;289582;25;2021-09-05;101199
2021-09-04;"Trenčiansky kraj";41;925;4;929;NA;289582;45;2021-09-04;101174
2021-09-03;"Trenčiansky kraj";53;1421;15;1436;NA;289582;68;2021-09-03;101129
2021-09-02;"Trenčiansky kraj";7;999;14;1013;NA;289582;21;2021-09-02;101061
2021-09-01;"Trenčiansky kraj";27;431;8;439;NA;289582;35;2021-09-01;101040
2021-08-31;"Trenčiansky kraj";21;1146;15;1161;NA;289582;36;2021-08-31;101005
2021-08-30;"Trenčiansky kraj";32;1166;10;1176;NA;289582;42;2021-08-30;100969
2021-08-29;"Trenčiansky kraj";1;482;11;493;NA;289582;12;2021-08-29;100927
2021-08-28;"Trenčiansky kraj";9;976;10;986;NA;289582;19;2021-08-28;100915
2021-08-27;"Trenčiansky kraj";21;1599;1;1600;NA;289582;22;2021-08-27;100896
2021-08-26;"Trenčiansky kraj";8;992;6;998;NA;289582;14;2021-08-26;100874
2021-08-25;"Trenčiansky kraj";40;875;7;882;NA;289582;47;2021-08-25;100860
2021-08-24;"Trenčiansky kraj";4;822;4;826;NA;289582;8;2021-08-24;100813
2021-08-23;"Trenčiansky kraj";6;1165;17;1182;NA;289582;23;2021-08-23;100805
2021-08-22;"Trenčiansky kraj";0;726;10;736;NA;289582;10;2021-08-22;100782
2021-08-21;"Trenčiansky kraj";5;964;7;971;NA;289582;12;2021-08-21;100772
2021-08-20;"Trenčiansky kraj";15;1537;2;1539;NA;289582;17;2021-08-20;100760
2021-08-19;"Trenčiansky kraj";2;985;2;987;NA;289582;4;2021-08-19;100743
2021-08-18;"Trenčiansky kraj";6;814;7;821;NA;289582;13;2021-08-18;100739
2021-08-17;"Trenčiansky kraj";9;633;1;634;NA;289582;10;2021-08-17;100726
2021-08-16;"Trenčiansky kraj";5;925;3;928;NA;289582;8;2021-08-16;100716
2021-08-15;"Trenčiansky kraj";0;558;1;559;NA;289582;1;2021-08-15;100708
2021-08-14;"Trenčiansky kraj";12;574;6;580;NA;289582;18;2021-08-14;100707
2021-08-13;"Trenčiansky kraj";2;933;0;933;NA;289582;2;2021-08-13;100689
2021-08-12;"Trenčiansky kraj";2;564;3;567;NA;289582;5;2021-08-12;100687
2021-08-11;"Trenčiansky kraj";1;680;0;680;NA;289582;1;2021-08-11;100682
2021-08-10;"Trenčiansky kraj";8;530;1;531;NA;289582;9;2021-08-10;100681
2021-08-09;"Trenčiansky kraj";8;694;1;695;NA;289582;9;2021-08-09;100672
2021-08-08;"Trenčiansky kraj";0;468;0;468;NA;289582;0;2021-08-08;100663
2021-08-07;"Trenčiansky kraj";3;464;0;464;NA;289582;3;2021-08-07;100663
2021-08-06;"Trenčiansky kraj";3;955;1;956;NA;289582;4;2021-08-06;100660
2021-08-05;"Trenčiansky kraj";3;579;1;580;NA;289582;4;2021-08-05;100656
2021-08-04;"Trenčiansky kraj";14;546;3;549;NA;289582;17;2021-08-04;100652
2021-08-03;"Trenčiansky kraj";9;508;5;513;NA;289582;14;2021-08-03;100635
2021-08-02;"Trenčiansky kraj";1;807;2;809;NA;289582;3;2021-08-02;100621
2021-08-01;"Trenčiansky kraj";0;458;1;459;NA;289582;1;2021-08-01;100618
2021-07-31;"Trenčiansky kraj";4;525;2;527;NA;289582;6;2021-07-31;100617
2021-07-30;"Trenčiansky kraj";2;1069;0;1069;NA;289582;2;2021-07-30;100611
2021-07-29;"Trenčiansky kraj";5;708;0;708;NA;289582;5;2021-07-29;100609
2021-07-28;"Trenčiansky kraj";3;517;2;519;NA;289582;5;2021-07-28;100604
2021-07-27;"Trenčiansky kraj";6;551;1;552;NA;289582;7;2021-07-27;100599
2021-07-26;"Trenčiansky kraj";7;772;1;773;NA;289582;8;2021-07-26;100592
2021-07-25;"Trenčiansky kraj";0;487;2;489;NA;289582;2;2021-07-25;100584
2021-07-24;"Trenčiansky kraj";3;643;1;644;NA;289582;4;2021-07-24;100582
2021-07-23;"Trenčiansky kraj";3;1151;0;1151;NA;289582;3;2021-07-23;100578
2021-07-22;"Trenčiansky kraj";2;844;2;846;NA;289582;4;2021-07-22;100575
2021-07-21;"Trenčiansky kraj";8;661;2;663;NA;289582;10;2021-07-21;100571
2021-07-20;"Trenčiansky kraj";4;525;1;526;NA;289582;5;2021-07-20;100561
2021-07-19;"Trenčiansky kraj";0;866;4;870;NA;289582;4;2021-07-19;100556
2021-07-18;"Trenčiansky kraj";0;526;0;526;NA;289582;0;2021-07-18;100552
2021-07-17;"Trenčiansky kraj";3;673;0;673;NA;289582;3;2021-07-17;100552
2021-07-16;"Trenčiansky kraj";4;1122;0;1122;NA;289582;4;2021-07-16;100549
2021-07-15;"Trenčiansky kraj";2;824;0;824;NA;289582;2;2021-07-15;100545
2021-07-14;"Trenčiansky kraj";8;645;0;645;NA;289582;8;2021-07-14;100543
2021-07-13;"Trenčiansky kraj";1;520;3;523;NA;289582;4;2021-07-13;100535
2021-07-12;"Trenčiansky kraj";9;820;2;822;NA;289582;11;2021-07-12;100531
2021-07-11;"Trenčiansky kraj";0;611;2;613;NA;289582;2;2021-07-11;100520
2021-07-10;"Trenčiansky kraj";2;535;0;535;NA;289582;2;2021-07-10;100518
2021-07-09;"Trenčiansky kraj";7;1379;0;1379;NA;289582;7;2021-07-09;100516
2021-07-08;"Trenčiansky kraj";2;815;1;816;NA;289582;3;2021-07-08;100509
2021-07-07;"Trenčiansky kraj";2;928;0;928;NA;289582;2;2021-07-07;100506
2021-07-06;"Trenčiansky kraj";4;1041;1;1042;NA;289582;5;2021-07-06;100504
2021-07-05;"Trenčiansky kraj";1;508;0;508;NA;289582;1;2021-07-05;100499
2021-07-04;"Trenčiansky kraj";0;612;1;613;NA;289582;1;2021-07-04;100498
2021-07-03;"Trenčiansky kraj";3;815;1;816;NA;289582;4;2021-07-03;100497
2021-07-02;"Trenčiansky kraj";5;1583;2;1585;NA;289582;7;2021-07-02;100493
2021-07-01;"Trenčiansky kraj";4;1152;1;1153;NA;289582;5;2021-07-01;100486
2021-06-30;"Trenčiansky kraj";2;7021;6;7027;NA;289582;8;2021-06-30;100481
2021-06-29;"Trenčiansky kraj";4;2773;5;2778;NA;289582;9;2021-06-29;100473
2021-06-28;"Trenčiansky kraj";5;3644;4;3648;NA;289582;9;2021-06-28;100464
2021-06-27;"Trenčiansky kraj";0;2861;1;2862;NA;289582;1;2021-06-27;100455
2021-06-26;"Trenčiansky kraj";1;3547;4;3551;NA;289582;5;2021-06-26;100454
2021-06-25;"Trenčiansky kraj";2;4626;1;4627;NA;289582;3;2021-06-25;100449
2021-06-24;"Trenčiansky kraj";3;3320;4;3324;NA;289582;7;2021-06-24;100446
2021-06-23;"Trenčiansky kraj";4;2808;2;2810;NA;289582;6;2021-06-23;100439
2021-06-22;"Trenčiansky kraj";7;3137;4;3141;NA;289582;11;2021-06-22;100433
2021-06-21;"Trenčiansky kraj";10;3891;4;3895;NA;289582;14;2021-06-21;100422
2021-06-20;"Trenčiansky kraj";0;3579;5;3584;NA;289582;5;2021-06-20;100408
2021-06-19;"Trenčiansky kraj";5;4528;1;4529;NA;289582;6;2021-06-19;100403
2021-06-18;"Trenčiansky kraj";7;6725;7;6732;NA;289582;14;2021-06-18;100397
2021-06-17;"Trenčiansky kraj";0;3469;6;3475;NA;289582;6;2021-06-17;100383
2021-06-16;"Trenčiansky kraj";4;3183;3;3186;NA;289582;7;2021-06-16;100377
2021-06-15;"Trenčiansky kraj";10;3697;2;3699;NA;289582;12;2021-06-15;100370
2021-06-14;"Trenčiansky kraj";10;4805;15;4820;NA;289582;25;2021-06-14;100358
2021-06-13;"Trenčiansky kraj";0;4643;4;4647;NA;289582;4;2021-06-13;100333
2021-06-12;"Trenčiansky kraj";4;5260;8;5268;NA;289582;12;2021-06-12;100329
2021-06-11;"Trenčiansky kraj";10;7365;11;7376;NA;289582;21;2021-06-11;100317
2021-06-10;"Trenčiansky kraj";5;4345;7;4352;NA;289582;12;2021-06-10;100296
2021-06-09;"Trenčiansky kraj";7;3693;7;3700;NA;289582;14;2021-06-09;100284
2021-06-08;"Trenčiansky kraj";21;3965;7;3972;NA;289582;28;2021-06-08;100270
2021-06-07;"Trenčiansky kraj";13;5560;10;5570;NA;289582;23;2021-06-07;100242
2021-06-06;"Trenčiansky kraj";0;5500;10;5510;NA;289582;10;2021-06-06;100219
2021-06-05;"Trenčiansky kraj";7;6511;5;6516;NA;289582;12;2021-06-05;100209
2021-06-04;"Trenčiansky kraj";16;7653;3;7656;NA;289582;19;2021-06-04;100197
2021-06-03;"Trenčiansky kraj";9;4485;10;4495;NA;289582;19;2021-06-03;100178
2021-06-02;"Trenčiansky kraj";28;4329;8;4337;NA;289582;36;2021-06-02;100159
2021-06-01;"Trenčiansky kraj";22;5396;18;5414;NA;289582;40;2021-06-01;100123
2021-05-31;"Trenčiansky kraj";30;6117;24;6141;NA;289582;54;2021-05-31;100083
2021-05-30;"Trenčiansky kraj";0;8258;16;8274;NA;289582;16;2021-05-30;100029
2021-05-29;"Trenčiansky kraj";13;7915;14;7929;NA;289582;27;2021-05-29;100013
2021-05-28;"Trenčiansky kraj";22;8995;25;9020;NA;289582;47;2021-05-28;99986
2021-05-27;"Trenčiansky kraj";6;5205;12;5217;NA;289582;18;2021-05-27;99939
2021-05-26;"Trenčiansky kraj";26;5069;15;5084;NA;289582;41;2021-05-26;99921
2021-05-25;"Trenčiansky kraj";18;6168;24;6192;NA;289582;42;2021-05-25;99880
2021-05-24;"Trenčiansky kraj";19;9292;37;9329;NA;289582;56;2021-05-24;99838
2021-05-23;"Trenčiansky kraj";0;9083;26;9109;NA;289582;26;2021-05-23;99782
2021-05-22;"Trenčiansky kraj";11;11314;21;11335;NA;289582;32;2021-05-22;99756
2021-05-21;"Trenčiansky kraj";23;11572;26;11598;NA;289582;49;2021-05-21;99724
2021-05-20;"Trenčiansky kraj";23;6320;25;6345;NA;289582;48;2021-05-20;99675
2021-05-19;"Trenčiansky kraj";16;5694;32;5726;NA;289582;48;2021-05-19;99627
2021-05-18;"Trenčiansky kraj";26;7779;28;7807;NA;289582;54;2021-05-18;99579
2021-05-17;"Trenčiansky kraj";37;7671;43;7714;NA;289582;80;2021-05-17;99525
2021-05-16;"Trenčiansky kraj";25;15615;41;15656;NA;289582;66;2021-05-16;99445
2021-05-15;"Trenčiansky kraj";3;21237;32;21269;NA;289582;35;2021-05-15;99379
2021-05-14;"Trenčiansky kraj";41;18676;42;18718;NA;289582;83;2021-05-14;99344
2021-05-13;"Trenčiansky kraj";41;8195;24;8219;NA;289582;65;2021-05-13;99261
2021-05-12;"Trenčiansky kraj";41;7409;31;7440;NA;289582;72;2021-05-12;99196
2021-05-11;"Trenčiansky kraj";66;10507;32;10539;NA;289582;98;2021-05-11;99124
2021-05-10;"Trenčiansky kraj";48;12989;55;13044;NA;289582;103;2021-05-10;99026
2021-05-09;"Trenčiansky kraj";52;17737;39;17776;NA;289582;91;2021-05-09;98923
2021-05-08;"Trenčiansky kraj";3;23822;33;23855;NA;289582;36;2021-05-08;98832
2021-05-07;"Trenčiansky kraj";45;23549;56;23605;NA;289582;101;2021-05-07;98796
2021-05-06;"Trenčiansky kraj";26;10771;44;10815;NA;289582;70;2021-05-06;98695
2021-05-05;"Trenčiansky kraj";73;9377;41;9418;NA;289582;114;2021-05-05;98625
2021-05-04;"Trenčiansky kraj";55;12733;53;12786;NA;289582;108;2021-05-04;98511
2021-05-03;"Trenčiansky kraj";60;15331;51;15382;NA;289582;111;2021-05-03;98403
2021-05-02;"Trenčiansky kraj";0;31152;65;31217;NA;289582;65;2021-05-02;98292
2021-05-01;"Trenčiansky kraj";71;56982;60;57042;NA;289582;131;2021-05-01;98227
2021-04-30;"Trenčiansky kraj";77;29427;61;29488;NA;289582;138;2021-04-30;98096
2021-04-29;"Trenčiansky kraj";49;13184;59;13243;NA;289582;108;2021-04-29;97958
2021-04-28;"Trenčiansky kraj";79;12537;52;12589;NA;289582;131;2021-04-28;97850
2021-04-27;"Trenčiansky kraj";107;15527;40;15567;NA;289582;147;2021-04-27;97719
2021-04-26;"Trenčiansky kraj";52;21070;63;21133;NA;289582;115;2021-04-26;97572
2021-04-25;"Trenčiansky kraj";0;34560;48;34608;NA;289582;48;2021-04-25;97457
2021-04-24;"Trenčiansky kraj";76;72398;100;72498;NA;289582;176;2021-04-24;97409
2021-04-23;"Trenčiansky kraj";143;29959;79;30038;NA;289582;222;2021-04-23;97233
2021-04-22;"Trenčiansky kraj";71;13847;64;13911;NA;289582;135;2021-04-22;97011
2021-04-21;"Trenčiansky kraj";79;13000;67;13067;NA;289582;146;2021-04-21;96876
2021-04-20;"Trenčiansky kraj";142;17740;80;17820;NA;289582;222;2021-04-20;96730
2021-04-19;"Trenčiansky kraj";102;22631;103;22734;NA;289582;205;2021-04-19;96508
2021-04-18;"Trenčiansky kraj";3;40879;97;40976;NA;289582;100;2021-04-18;96303
2021-04-17;"Trenčiansky kraj";77;81498;136;81634;NA;289582;213;2021-04-17;96203
2021-04-16;"Trenčiansky kraj";100;31961;90;32051;NA;289582;190;2021-04-16;95990
2021-04-15;"Trenčiansky kraj";71;14479;69;14548;NA;289582;140;2021-04-15;95800
2021-04-14;"Trenčiansky kraj";135;15563;72;15635;NA;289582;207;2021-04-14;95660
2021-04-13;"Trenčiansky kraj";189;18721;75;18796;NA;289582;264;2021-04-13;95453
2021-04-12;"Trenčiansky kraj";97;23743;91;23834;NA;289582;188;2021-04-12;95189
2021-04-11;"Trenčiansky kraj";1;34735;75;34810;NA;289582;76;2021-04-11;95001
2021-04-10;"Trenčiansky kraj";81;83093;145;83238;NA;289582;226;2021-04-10;94925
2021-04-09;"Trenčiansky kraj";120;28014;91;28105;NA;289582;211;2021-04-09;94699
2021-04-08;"Trenčiansky kraj";112;13283;85;13368;NA;289582;197;2021-04-08;94488
2021-04-07;"Trenčiansky kraj";204;17688;123;17811;NA;289582;327;2021-04-07;94291
2021-04-06;"Trenčiansky kraj";157;28567;178;28745;NA;289582;335;2021-04-06;93964
2021-04-05;"Trenčiansky kraj";15;9227;64;9291;NA;289582;79;2021-04-05;93629
2021-04-04;"Trenčiansky kraj";2;20291;85;20376;NA;289582;87;2021-04-04;93550
2021-04-03;"Trenčiansky kraj";86;80473;221;80694;NA;289582;307;2021-04-03;93463
2021-04-02;"Trenčiansky kraj";126;21620;81;21701;NA;289582;207;2021-04-02;93156
2021-04-01;"Trenčiansky kraj";159;32376;139;32515;NA;289582;298;2021-04-01;92949
2021-03-31;"Trenčiansky kraj";198;20100;130;20230;NA;289582;328;2021-03-31;92651
2021-03-30;"Trenčiansky kraj";272;17305;136;17441;NA;289582;408;2021-03-30;92323
2021-03-29;"Trenčiansky kraj";142;19479;170;19649;NA;289582;312;2021-03-29;91915
2021-03-28;"Trenčiansky kraj";3;34759;116;34875;NA;289582;119;2021-03-28;91603
2021-03-27;"Trenčiansky kraj";130;77314;293;77607;NA;289582;423;2021-03-27;91484
2021-03-26;"Trenčiansky kraj";211;35095;157;35252;NA;289582;368;2021-03-26;91061
2021-03-25;"Trenčiansky kraj";184;16580;176;16756;NA;289582;360;2021-03-25;90693
2021-03-24;"Trenčiansky kraj";259;13102;171;13273;NA;289582;430;2021-03-24;90333
2021-03-23;"Trenčiansky kraj";349;17589;174;17763;NA;289582;523;2021-03-23;89903
2021-03-22;"Trenčiansky kraj";141;21116;213;21329;NA;289582;354;2021-03-22;89380
2021-03-21;"Trenčiansky kraj";85;32711;164;32875;NA;289582;249;2021-03-21;89026
2021-03-20;"Trenčiansky kraj";128;80035;322;80357;NA;289582;450;2021-03-20;88777
2021-03-19;"Trenčiansky kraj";231;34783;232;35015;NA;289582;463;2021-03-19;88327
2021-03-18;"Trenčiansky kraj";262;16105;178;16283;NA;289582;440;2021-03-18;87864
2021-03-17;"Trenčiansky kraj";366;13435;164;13599;NA;289582;530;2021-03-17;87424
2021-03-16;"Trenčiansky kraj";450;15282;241;15523;NA;289582;691;2021-03-16;86894
2021-03-15;"Trenčiansky kraj";162;21235;261;21496;NA;289582;423;2021-03-15;86203
2021-03-14;"Trenčiansky kraj";42;34416;238;34654;NA;289582;280;2021-03-14;85780
2021-03-13;"Trenčiansky kraj";270;79186;453;79639;NA;289582;723;2021-03-13;85500
2021-03-12;"Trenčiansky kraj";366;34795;307;35102;NA;289582;673;2021-03-12;84777
2021-03-11;"Trenčiansky kraj";302;15558;213;15771;NA;289582;515;2021-03-11;84104
2021-03-10;"Trenčiansky kraj";402;13585;237;13822;NA;289582;639;2021-03-10;83589
2021-03-09;"Trenčiansky kraj";586;17982;285;18267;NA;289582;871;2021-03-09;82950
2021-03-08;"Trenčiansky kraj";174;21704;363;22067;NA;289582;537;2021-03-08;82079
2021-03-07;"Trenčiansky kraj";4;33660;313;33973;NA;289582;317;2021-03-07;81542
2021-03-06;"Trenčiansky kraj";260;79661;529;80190;NA;289582;789;2021-03-06;81225
2021-03-05;"Trenčiansky kraj";326;32969;415;33384;NA;289582;741;2021-03-05;80436
2021-03-04;"Trenčiansky kraj";323;16821;317;17138;NA;289582;640;2021-03-04;79695
2021-03-03;"Trenčiansky kraj";413;13960;347;14307;NA;289582;760;2021-03-03;79055
2021-03-02;"Trenčiansky kraj";612;17794;344;18138;NA;289582;956;2021-03-02;78295
2021-03-01;"Trenčiansky kraj";217;21104;445;21549;NA;289582;662;2021-03-01;77339
2021-02-28;"Trenčiansky kraj";45;30238;376;30614;NA;289582;421;2021-02-28;76677
2021-02-27;"Trenčiansky kraj";277;78735;686;79421;NA;289582;963;2021-02-27;76256
2021-02-26;"Trenčiansky kraj";420;32940;434;33374;NA;289582;854;2021-02-26;75293
2021-02-25;"Trenčiansky kraj";424;14029;328;14357;NA;289582;752;2021-02-25;74439
2021-02-24;"Trenčiansky kraj";427;12014;399;12413;NA;289582;826;2021-02-24;73687
2021-02-23;"Trenčiansky kraj";577;14904;390;15294;NA;289582;967;2021-02-23;72861
2021-02-22;"Trenčiansky kraj";160;19969;468;20437;NA;289582;628;2021-02-22;71894
2021-02-21;"Trenčiansky kraj";64;29478;392;29870;NA;289582;456;2021-02-21;71266
2021-02-20;"Trenčiansky kraj";274;77840;745;78585;NA;289582;1019;2021-02-20;70810
2021-02-19;"Trenčiansky kraj";272;30260;523;30783;NA;289582;795;2021-02-19;69791
2021-02-18;"Trenčiansky kraj";355;14094;403;14497;NA;289582;758;2021-02-18;68996
2021-02-17;"Trenčiansky kraj";363;11412;376;11788;NA;289582;739;2021-02-17;68238
2021-02-16;"Trenčiansky kraj";488;17761;406;18167;NA;289582;894;2021-02-16;67499
2021-02-15;"Trenčiansky kraj";151;21846;463;22309;NA;289582;614;2021-02-15;66605
2021-02-14;"Trenčiansky kraj";2;31255;324;31579;NA;289582;326;2021-02-14;65991
2021-02-13;"Trenčiansky kraj";274;63006;522;63528;NA;289582;796;2021-02-13;65665
2021-02-12;"Trenčiansky kraj";276;27979;412;28391;NA;289582;688;2021-02-12;64869
2021-02-11;"Trenčiansky kraj";291;11567;323;11890;NA;289582;614;2021-02-11;64181
2021-02-10;"Trenčiansky kraj";304;11408;317;11725;NA;289582;621;2021-02-10;63567
2021-02-09;"Trenčiansky kraj";514;18412;360;18772;NA;289582;874;2021-02-09;62946
2021-02-08;"Trenčiansky kraj";182;26832;430;27262;NA;289582;612;2021-02-08;62072
2021-02-07;"Trenčiansky kraj";31;36781;341;37122;NA;289582;372;2021-02-07;61460
2021-02-06;"Trenčiansky kraj";216;63931;560;64491;NA;289582;776;2021-02-06;61088
2021-02-05;"Trenčiansky kraj";202;18164;367;18531;NA;289582;569;2021-02-05;60312
2021-02-04;"Trenčiansky kraj";266;7253;311;7564;NA;289582;577;2021-02-04;59743
2021-02-03;"Trenčiansky kraj";162;6723;320;7043;NA;289582;482;2021-02-03;59166
2021-02-02;"Trenčiansky kraj";347;8074;381;8455;NA;289582;728;2021-02-02;58684
2021-02-01;"Trenčiansky kraj";167;8921;311;9232;NA;289582;478;2021-02-01;57956
2021-01-31;"Trenčiansky kraj";7;19103;159;19262;NA;289582;166;2021-01-31;57478
2021-01-30;"Trenčiansky kraj";228;38167;332;38499;NA;289582;560;2021-01-30;57312
2021-01-29;"Trenčiansky kraj";214;7590;235;7825;NA;289582;449;2021-01-29;56752
2021-01-28;"Trenčiansky kraj";307;5442;158;5600;NA;289582;465;2021-01-28;56303
2021-01-27;"Trenčiansky kraj";166;4842;181;5023;NA;289582;347;2021-01-27;55838
2021-01-26;"Trenčiansky kraj";303;14589;250;14839;NA;289582;553;2021-01-26;55491
2021-01-25;"Trenčiansky kraj";160;24310;207;24517;NA;289582;367;2021-01-25;54938
2021-01-24;"Trenčiansky kraj";51;38369;282;38651;NA;289582;333;2021-01-24;54571
2021-01-23;"Trenčiansky kraj";206;114125;749;114874;NA;289582;955;2021-01-23;54238
2021-01-22;"Trenčiansky kraj";148;21831;241;22072;NA;289582;389;2021-01-22;53283
2021-01-21;"Trenčiansky kraj";143;8586;166;8752;NA;289582;309;2021-01-21;52894
2021-01-20;"Trenčiansky kraj";181;8189;227;8416;NA;289582;408;2021-01-20;52585
2021-01-19;"Trenčiansky kraj";363;6600;262;6862;NA;289582;625;2021-01-19;52177
2021-01-18;"Trenčiansky kraj";72;4970;321;5291;NA;289582;393;2021-01-18;51552
2021-01-17;"Trenčiansky kraj";124;156;11;167;NA;289582;135;2021-01-17;51159
2021-01-16;"Trenčiansky kraj";39;1288;53;1341;NA;289582;92;2021-01-16;51024
2021-01-15;"Trenčiansky kraj";264;4031;214;4245;NA;289582;478;2021-01-15;50932
2021-01-14;"Trenčiansky kraj";275;3193;189;3382;NA;289582;464;2021-01-14;50454
2021-01-13;"Trenčiansky kraj";222;3893;215;4108;NA;289582;437;2021-01-13;49990
2021-01-12;"Trenčiansky kraj";508;4604;261;4865;NA;289582;769;2021-01-12;49553
2021-01-11;"Trenčiansky kraj";142;4367;354;4721;NA;289582;496;2021-01-11;48784
2021-01-10;"Trenčiansky kraj";89;4969;77;5046;NA;289582;166;2021-01-10;48288
2021-01-09;"Trenčiansky kraj";276;8280;128;8408;NA;289582;404;2021-01-09;48122
2021-01-08;"Trenčiansky kraj";489;6435;484;6919;NA;289582;973;2021-01-08;47718
2021-01-07;"Trenčiansky kraj";420;6138;577;6715;NA;289582;997;2021-01-07;46745
2021-01-06;"Trenčiansky kraj";221;1021;64;1085;NA;289582;285;2021-01-06;45748
2021-01-05;"Trenčiansky kraj";669;5753;706;6459;NA;289582;1375;2021-01-05;45463
2021-01-04;"Trenčiansky kraj";337;5248;782;6030;NA;289582;1119;2021-01-04;44088
2021-01-03;"Trenčiansky kraj";38;114;15;129;NA;289582;53;2021-01-03;42969
2021-01-02;"Trenčiansky kraj";129;196;23;219;NA;289582;152;2021-01-02;42916
2021-01-01;"Trenčiansky kraj";329;347;23;370;NA;289582;352;2021-01-01;42764
2020-12-31;"Trenčiansky kraj";597;4943;557;5500;NA;289582;1154;2020-12-31;42412
2020-12-30;"Trenčiansky kraj";836;7012;762;7774;NA;289582;1598;2020-12-30;41258
2020-12-29;"Trenčiansky kraj";459;6121;1009;7130;NA;289582;1468;2020-12-29;39660
2020-12-28;"Trenčiansky kraj";258;4195;777;4972;NA;289582;1035;2020-12-28;38192
2020-12-27;"Trenčiansky kraj";5;208;36;244;NA;289582;41;2020-12-27;37157
2020-12-26;"Trenčiansky kraj";174;74;10;84;NA;289582;184;2020-12-26;37116
2020-12-25;"Trenčiansky kraj";251;325;47;372;NA;289582;298;2020-12-25;36932
2020-12-24;"Trenčiansky kraj";552;2194;256;2450;NA;289582;808;2020-12-24;36634
2020-12-23;"Trenčiansky kraj";421;6552;661;7213;NA;289582;1082;2020-12-23;35826
2020-12-22;"Trenčiansky kraj";673;5760;694;6454;NA;289582;1367;2020-12-22;34744
2020-12-21;"Trenčiansky kraj";248;13395;979;14374;NA;289582;1227;2020-12-21;33377
2020-12-20;"Trenčiansky kraj";238;12504;292;12796;NA;289582;530;2020-12-20;32150
2020-12-19;"Trenčiansky kraj";341;1611;150;1761;NA;289582;491;2020-12-19;31620
2020-12-18;"Trenčiansky kraj";521;5199;615;5814;NA;289582;1136;2020-12-18;31129
2020-12-17;"Trenčiansky kraj";670;3843;524;4367;NA;289582;1194;2020-12-17;29993
2020-12-16;"Trenčiansky kraj";461;4474;648;5122;NA;289582;1109;2020-12-16;28799
2020-12-15;"Trenčiansky kraj";595;3805;670;4475;NA;289582;1265;2020-12-15;27690
2020-12-14;"Trenčiansky kraj";318;2907;552;3459;NA;289582;870;2020-12-14;26425
2020-12-13;"Trenčiansky kraj";77;49;6;55;NA;289582;83;2020-12-13;25555
2020-12-12;"Trenčiansky kraj";314;1191;136;1327;NA;289582;450;2020-12-12;25472
2020-12-11;"Trenčiansky kraj";751;3773;453;4226;NA;289582;1204;2020-12-11;25022
2020-12-10;"Trenčiansky kraj";271;3354;473;3827;NA;289582;744;2020-12-10;23818
2020-12-09;"Trenčiansky kraj";508;3788;466;4254;NA;289582;974;2020-12-09;23074
2020-12-08;"Trenčiansky kraj";546;3440;522;3962;NA;289582;1068;2020-12-08;22100
2020-12-07;"Trenčiansky kraj";258;3832;468;4300;NA;289582;726;2020-12-07;21032
2020-12-06;"Trenčiansky kraj";114;179;10;189;NA;289582;124;2020-12-06;20306
2020-12-05;"Trenčiansky kraj";223;610;56;666;NA;289582;279;2020-12-05;20182
2020-12-04;"Trenčiansky kraj";253;2943;273;3216;NA;289582;526;2020-12-04;19903
2020-12-03;"Trenčiansky kraj";503;1714;178;1892;NA;289582;681;2020-12-03;19377
2020-12-02;"Trenčiansky kraj";418;1844;232;2076;NA;289582;650;2020-12-02;18696
2020-12-01;"Trenčiansky kraj";321;5642;351;5993;NA;289582;672;2020-12-01;18046
2020-11-30;"Trenčiansky kraj";167;11514;520;12034;NA;289582;687;2020-11-30;17374
2020-11-29;"Trenčiansky kraj";29;30;5;35;NA;289582;34;2020-11-29;16687
2020-11-28;"Trenčiansky kraj";202;1051;93;1144;NA;289582;295;2020-11-28;16653
2020-11-27;"Trenčiansky kraj";330;1888;186;2074;NA;289582;516;2020-11-27;16358
2020-11-26;"Trenčiansky kraj";395;1252;122;1374;NA;289582;517;2020-11-26;15842
2020-11-25;"Trenčiansky kraj";322;1444;160;1604;NA;289582;482;2020-11-25;15325
2020-11-24;"Trenčiansky kraj";348;2553;308;2861;NA;289582;656;2020-11-24;14843
2020-11-23;"Trenčiansky kraj";159;1186;122;1308;NA;289582;281;2020-11-23;14187
2020-11-22;"Trenčiansky kraj";26;30;7;37;NA;289582;33;2020-11-22;13906
2020-11-21;"Trenčiansky kraj";255;1376;69;1445;NA;289582;324;2020-11-21;13873
2020-11-20;"Trenčiansky kraj";316;861;93;954;NA;289582;409;2020-11-20;13549
2020-11-19;"Trenčiansky kraj";316;740;113;853;NA;289582;429;2020-11-19;13140
2020-11-18;"Trenčiansky kraj";233;379;66;445;NA;289582;299;2020-11-18;12711
2020-11-17;"Trenčiansky kraj";222;106;15;121;NA;289582;237;2020-11-17;12412
2020-11-16;"Trenčiansky kraj";245;236;45;281;NA;289582;290;2020-11-16;12175
2020-11-15;"Trenčiansky kraj";109;29;6;35;NA;289582;115;2020-11-15;11885
2020-11-14;"Trenčiansky kraj";190;74;11;85;NA;289582;201;2020-11-14;11770
2020-11-13;"Trenčiansky kraj";308;131;13;144;NA;289582;321;2020-11-13;11569
2020-11-12;"Trenčiansky kraj";324;124;5;129;NA;289582;329;2020-11-12;11248
2020-11-11;"Trenčiansky kraj";366;113;10;123;NA;289582;376;2020-11-11;10919
2020-11-10;"Trenčiansky kraj";277;106;6;112;NA;289582;283;2020-11-10;10543
2020-11-09;"Trenčiansky kraj";115;1407;48;1455;NA;289582;163;2020-11-09;10260
2020-11-08;"Trenčiansky kraj";81;1271;8;1279;NA;289582;89;2020-11-08;10097
2020-11-07;"Trenčiansky kraj";319;3662;59;3721;NA;289582;378;2020-11-07;10008
2020-11-06;"Trenčiansky kraj";383;6893;84;6977;NA;289582;467;2020-11-06;9630
2020-11-05;"Trenčiansky kraj";399;98;15;113;NA;289582;414;2020-11-05;9163
2020-11-04;"Trenčiansky kraj";370;91;9;100;NA;289582;379;2020-11-04;8749
2020-11-03;"Trenčiansky kraj";575;97;8;105;NA;289582;583;2020-11-03;8370
2020-11-02;"Trenčiansky kraj";197;1833;68;1901;NA;289582;265;2020-11-02;7787
2020-11-01;"Trenčiansky kraj";257;808;24;832;NA;289582;281;2020-11-01;7522
2020-10-31;"Trenčiansky kraj";332;4719;82;4801;NA;289582;414;2020-10-31;7241
2020-10-30;"Trenčiansky kraj";299;5283;102;5385;NA;289582;401;2020-10-30;6827
2020-10-29;"Trenčiansky kraj";496;764;68;832;NA;289582;564;2020-10-29;6426
2020-10-28;"Trenčiansky kraj";269;192;33;225;NA;289582;302;2020-10-28;5862
2020-10-27;"Trenčiansky kraj";473;127;27;154;NA;289582;500;2020-10-27;5560
2020-10-26;"Trenčiansky kraj";177;107;36;143;NA;289582;213;2020-10-26;5060
2020-10-25;"Trenčiansky kraj";138;9;5;14;NA;289582;143;2020-10-25;4847
2020-10-24;"Trenčiansky kraj";395;128;6;134;NA;289582;401;2020-10-24;4704
2020-10-23;"Trenčiansky kraj";75;154;8;162;NA;289582;83;2020-10-23;4303
2022-03-28;"Trnavský kraj";623;0;0;0;192980;260887;623;2022-03-28;260887
2022-03-27;"Trnavský kraj";340;79;18;97;NA;260887;358;2022-03-27;260264
2022-03-26;"Trnavský kraj";762;185;27;212;NA;260887;789;2022-03-26;259906
2022-03-25;"Trnavský kraj";859;587;56;643;NA;260887;915;2022-03-25;259117
2022-03-24;"Trnavský kraj";920;589;59;648;NA;260887;979;2022-03-24;258202
2022-03-23;"Trnavský kraj";1112;733;86;819;NA;260887;1198;2022-03-23;257223
2022-03-22;"Trnavský kraj";1096;745;67;812;NA;260887;1163;2022-03-22;256025
2022-03-21;"Trnavský kraj";1096;980;106;1086;NA;260887;1202;2022-03-21;254862
2022-03-20;"Trnavský kraj";229;244;42;286;NA;260887;271;2022-03-20;253660
2022-03-19;"Trnavský kraj";1000;233;55;288;NA;260887;1055;2022-03-19;253389
2022-03-18;"Trnavský kraj";1038;881;107;988;NA;260887;1145;2022-03-18;252334
2022-03-17;"Trnavský kraj";1148;703;86;789;NA;260887;1234;2022-03-17;251189
2022-03-16;"Trnavský kraj";1344;579;84;663;NA;260887;1428;2022-03-16;249955
2022-03-15;"Trnavský kraj";1179;1018;117;1135;NA;260887;1296;2022-03-15;248527
2022-03-14;"Trnavský kraj";890;1500;168;1668;NA;260887;1058;2022-03-14;247231
2022-03-13;"Trnavský kraj";290;411;53;464;NA;260887;343;2022-03-13;246173
2022-03-12;"Trnavský kraj";958;298;39;337;NA;260887;997;2022-03-12;245830
2022-03-11;"Trnavský kraj";961;1001;125;1126;NA;260887;1086;2022-03-11;244833
2022-03-10;"Trnavský kraj";1049;1177;141;1318;NA;260887;1190;2022-03-10;243747
2022-03-09;"Trnavský kraj";1271;1086;150;1236;NA;260887;1421;2022-03-09;242557
2022-03-08;"Trnavský kraj";1393;1299;165;1464;NA;260887;1558;2022-03-08;241136
2022-03-07;"Trnavský kraj";1005;2016;254;2270;NA;260887;1259;2022-03-07;239578
2022-03-06;"Trnavský kraj";395;552;115;667;NA;260887;510;2022-03-06;238319
2022-03-05;"Trnavský kraj";806;461;89;550;NA;260887;895;2022-03-05;237809
2022-03-04;"Trnavský kraj";1028;1043;122;1165;NA;260887;1150;2022-03-04;236914
2022-03-03;"Trnavský kraj";1513;1116;158;1274;NA;260887;1671;2022-03-03;235764
2022-03-02;"Trnavský kraj";1330;1484;189;1673;NA;260887;1519;2022-03-02;234093
2022-03-01;"Trnavský kraj";1527;1321;191;1512;NA;260887;1718;2022-03-01;232574
2022-02-28;"Trnavský kraj";1318;2104;264;2368;NA;260887;1582;2022-02-28;230856
2022-02-27;"Trnavský kraj";386;640;106;746;NA;260887;492;2022-02-27;229274
2022-02-26;"Trnavský kraj";1268;526;112;638;NA;260887;1380;2022-02-26;228782
2022-02-25;"Trnavský kraj";1439;1490;211;1701;NA;260887;1650;2022-02-25;227402
2022-02-24;"Trnavský kraj";1397;1419;183;1602;NA;260887;1580;2022-02-24;225752
2022-02-23;"Trnavský kraj";2032;1668;238;1906;NA;260887;2270;2022-02-23;224172
2022-02-22;"Trnavský kraj";2171;1891;271;2162;NA;260887;2442;2022-02-22;221902
2022-02-21;"Trnavský kraj";1983;2849;438;3287;NA;260887;2421;2022-02-21;219460
2022-02-20;"Trnavský kraj";888;829;186;1015;NA;260887;1074;2022-02-20;217039
2022-02-19;"Trnavský kraj";1838;707;149;856;NA;260887;1987;2022-02-19;215965
2022-02-18;"Trnavský kraj";2132;1723;269;1992;NA;260887;2401;2022-02-18;213978
2022-02-17;"Trnavský kraj";1987;1763;269;2032;NA;260887;2256;2022-02-17;211577
2022-02-16;"Trnavský kraj";2047;1809;317;2126;NA;260887;2364;2022-02-16;209321
2022-02-15;"Trnavský kraj";2228;2412;400;2812;NA;260887;2628;2022-02-15;206957
2022-02-14;"Trnavský kraj";2216;3424;492;3916;NA;260887;2708;2022-02-14;204329
2022-02-13;"Trnavský kraj";805;1129;247;1376;NA;260887;1052;2022-02-13;201621
2022-02-12;"Trnavský kraj";2081;966;175;1141;NA;260887;2256;2022-02-12;200569
2022-02-11;"Trnavský kraj";1665;2158;266;2424;NA;260887;1931;2022-02-11;198313
2022-02-10;"Trnavský kraj";2491;1942;256;2198;NA;260887;2747;2022-02-10;196382
2022-02-09;"Trnavský kraj";2205;2474;365;2839;NA;260887;2570;2022-02-09;193635
2022-02-08;"Trnavský kraj";1758;2352;353;2705;NA;260887;2111;2022-02-08;191065
2022-02-07;"Trnavský kraj";2581;3356;459;3815;NA;260887;3040;2022-02-07;188954
2022-02-06;"Trnavský kraj";1194;1309;276;1585;NA;260887;1470;2022-02-06;185914
2022-02-05;"Trnavský kraj";2165;1102;187;1289;NA;260887;2352;2022-02-05;184444
2022-02-04;"Trnavský kraj";2191;2179;253;2432;NA;260887;2444;2022-02-04;182092
2022-02-03;"Trnavský kraj";2124;3295;347;3642;NA;260887;2471;2022-02-03;179648
2022-02-02;"Trnavský kraj";1812;2684;281;2965;NA;260887;2093;2022-02-02;177177
2022-02-01;"Trnavský kraj";2344;2656;318;2974;NA;260887;2662;2022-02-01;175084
2022-01-31;"Trnavský kraj";1931;5001;489;5490;NA;260887;2420;2022-01-31;172422
2022-01-30;"Trnavský kraj";709;1672;176;1848;NA;260887;885;2022-01-30;170002
2022-01-29;"Trnavský kraj";2136;1174;159;1333;NA;260887;2295;2022-01-29;169117
2022-01-28;"Trnavský kraj";1734;2340;216;2556;NA;260887;1950;2022-01-28;166822
2022-01-27;"Trnavský kraj";1989;2333;246;2579;NA;260887;2235;2022-01-27;164872
2022-01-26;"Trnavský kraj";1906;2730;217;2947;NA;260887;2123;2022-01-26;162637
2022-01-25;"Trnavský kraj";1631;2422;195;2617;NA;260887;1826;2022-01-25;160514
2022-01-24;"Trnavský kraj";999;4194;236;4430;NA;260887;1235;2022-01-24;158688
2022-01-23;"Trnavský kraj";299;1897;105;2002;NA;260887;404;2022-01-23;157453
2022-01-22;"Trnavský kraj";1169;1197;81;1278;NA;260887;1250;2022-01-22;157049
2022-01-21;"Trnavský kraj";830;2134;104;2238;NA;260887;934;2022-01-21;155799
2022-01-20;"Trnavský kraj";917;2511;100;2611;NA;260887;1017;2022-01-20;154865
2022-01-19;"Trnavský kraj";832;2122;84;2206;NA;260887;916;2022-01-19;153848
2022-01-18;"Trnavský kraj";704;2051;74;2125;NA;260887;778;2022-01-18;152932
2022-01-17;"Trnavský kraj";366;3885;87;3972;NA;260887;453;2022-01-17;152154
2022-01-16;"Trnavský kraj";84;1696;44;1740;NA;260887;128;2022-01-16;151701
2022-01-15;"Trnavský kraj";421;1015;33;1048;NA;260887;454;2022-01-15;151573
2022-01-14;"Trnavský kraj";349;2040;50;2090;NA;260887;399;2022-01-14;151119
2022-01-13;"Trnavský kraj";234;2057;52;2109;NA;260887;286;2022-01-13;150720
2022-01-12;"Trnavský kraj";400;1927;35;1962;NA;260887;435;2022-01-12;150434
2022-01-11;"Trnavský kraj";384;2261;33;2294;NA;260887;417;2022-01-11;149999
2022-01-10;"Trnavský kraj";258;4357;71;4428;NA;260887;329;2022-01-10;149582
2022-01-09;"Trnavský kraj";35;1921;22;1943;NA;260887;57;2022-01-09;149253
2022-01-08;"Trnavský kraj";364;1005;29;1034;NA;260887;393;2022-01-08;149196
2022-01-07;"Trnavský kraj";332;1984;47;2031;NA;260887;379;2022-01-07;148803
2022-01-06;"Trnavský kraj";234;830;20;850;NA;260887;254;2022-01-06;148424
2022-01-05;"Trnavský kraj";416;1925;37;1962;NA;260887;453;2022-01-05;148170
2022-01-04;"Trnavský kraj";538;2337;37;2374;NA;260887;575;2022-01-04;147717
2022-01-03;"Trnavský kraj";441;3897;65;3962;NA;260887;506;2022-01-03;147142
2022-01-02;"Trnavský kraj";79;1561;21;1582;NA;260887;100;2022-01-02;146636
2022-01-01;"Trnavský kraj";4;190;7;197;NA;260887;11;2022-01-01;146536
2021-12-31;"Trnavský kraj";485;1246;60;1306;NA;260887;545;2021-12-31;146525
2021-12-30;"Trnavský kraj";401;1927;58;1985;NA;260887;459;2021-12-30;145980
2021-12-29;"Trnavský kraj";401;1756;70;1826;NA;260887;471;2021-12-29;145521
2021-12-28;"Trnavský kraj";633;1742;73;1815;NA;260887;706;2021-12-28;145050
2021-12-27;"Trnavský kraj";463;2814;134;2948;NA;260887;597;2021-12-27;144344
2021-12-26;"Trnavský kraj";253;1019;30;1049;NA;260887;283;2021-12-26;143747
2021-12-25;"Trnavský kraj";104;341;41;382;NA;260887;145;2021-12-25;143464
2021-12-24;"Trnavský kraj";216;369;27;396;NA;260887;243;2021-12-24;143319
2021-12-23;"Trnavský kraj";570;1825;102;1927;NA;260887;672;2021-12-23;143076
2021-12-22;"Trnavský kraj";545;1732;81;1813;NA;260887;626;2021-12-22;142404
2021-12-21;"Trnavský kraj";699;2577;89;2666;NA;260887;788;2021-12-21;141778
2021-12-20;"Trnavský kraj";438;3941;103;4044;NA;260887;541;2021-12-20;140990
2021-12-19;"Trnavský kraj";155;1762;63;1825;NA;260887;218;2021-12-19;140449
2021-12-18;"Trnavský kraj";627;1302;77;1379;NA;260887;704;2021-12-18;140231
2021-12-17;"Trnavský kraj";576;2276;109;2385;NA;260887;685;2021-12-17;139527
2021-12-16;"Trnavský kraj";653;2530;123;2653;NA;260887;776;2021-12-16;138842
2021-12-15;"Trnavský kraj";746;2198;120;2318;NA;260887;866;2021-12-15;138066
2021-12-14;"Trnavský kraj";976;2718;134;2852;NA;260887;1110;2021-12-14;137200
2021-12-13;"Trnavský kraj";521;4857;175;5032;NA;260887;696;2021-12-13;136090
2021-12-12;"Trnavský kraj";337;2117;87;2204;NA;260887;424;2021-12-12;135394
2021-12-11;"Trnavský kraj";720;1324;83;1407;NA;260887;803;2021-12-11;134970
2021-12-10;"Trnavský kraj";702;2909;136;3045;NA;260887;838;2021-12-10;134167
2021-12-09;"Trnavský kraj";926;2313;96;2409;NA;260887;1022;2021-12-09;133329
2021-12-08;"Trnavský kraj";1233;2547;137;2684;NA;260887;1370;2021-12-08;132307
2021-12-07;"Trnavský kraj";1159;3637;174;3811;NA;260887;1333;2021-12-07;130937
2021-12-06;"Trnavský kraj";911;3649;208;3857;NA;260887;1119;2021-12-06;129604
2021-12-05;"Trnavský kraj";269;2303;106;2409;NA;260887;375;2021-12-05;128485
2021-12-04;"Trnavský kraj";1225;1623;115;1738;NA;260887;1340;2021-12-04;128110
2021-12-03;"Trnavský kraj";1246;2998;201;3199;NA;260887;1447;2021-12-03;126770
2021-12-02;"Trnavský kraj";1809;2379;188;2567;NA;260887;1997;2021-12-02;125323
2021-12-01;"Trnavský kraj";738;3011;179;3190;NA;260887;917;2021-12-01;123326
2021-11-30;"Trnavský kraj";1166;4217;202;4419;NA;260887;1368;2021-11-30;122409
2021-11-29;"Trnavský kraj";814;5360;299;5659;NA;260887;1113;2021-11-29;121041
2021-11-28;"Trnavský kraj";482;3087;146;3233;NA;260887;628;2021-11-28;119928
2021-11-27;"Trnavský kraj";1186;2240;206;2446;NA;260887;1392;2021-11-27;119300
2021-11-26;"Trnavský kraj";880;2895;202;3097;NA;260887;1082;2021-11-26;117908
2021-11-25;"Trnavský kraj";1002;2680;158;2838;NA;260887;1160;2021-11-25;116826
2021-11-24;"Trnavský kraj";1060;3442;250;3692;NA;260887;1310;2021-11-24;115666
2021-11-23;"Trnavský kraj";1078;3714;273;3987;NA;260887;1351;2021-11-23;114356
2021-11-22;"Trnavský kraj";696;4028;295;4323;NA;260887;991;2021-11-22;113005
2021-11-21;"Trnavský kraj";298;2270;212;2482;NA;260887;510;2021-11-21;112014
2021-11-20;"Trnavský kraj";826;1529;196;1725;NA;260887;1022;2021-11-20;111504
2021-11-19;"Trnavský kraj";901;3369;315;3684;NA;260887;1216;2021-11-19;110482
2021-11-18;"Trnavský kraj";796;2872;240;3112;NA;260887;1036;2021-11-18;109266
2021-11-17;"Trnavský kraj";769;1201;139;1340;NA;260887;908;2021-11-17;108230
2021-11-16;"Trnavský kraj";591;2755;206;2961;NA;260887;797;2021-11-16;107322
2021-11-15;"Trnavský kraj";606;3350;239;3589;NA;260887;845;2021-11-15;106525
2021-11-14;"Trnavský kraj";236;1579;141;1720;NA;260887;377;2021-11-14;105680
2021-11-13;"Trnavský kraj";815;1314;132;1446;NA;260887;947;2021-11-13;105303
2021-11-12;"Trnavský kraj";563;2585;157;2742;NA;260887;720;2021-11-12;104356
2021-11-11;"Trnavský kraj";512;2426;161;2587;NA;260887;673;2021-11-11;103636
2021-11-10;"Trnavský kraj";590;2315;173;2488;NA;260887;763;2021-11-10;102963
2021-11-09;"Trnavský kraj";585;2538;187;2725;NA;260887;772;2021-11-09;102200
2021-11-08;"Trnavský kraj";357;2715;163;2878;NA;260887;520;2021-11-08;101428
2021-11-07;"Trnavský kraj";162;1349;111;1460;NA;260887;273;2021-11-07;100908
2021-11-06;"Trnavský kraj";391;1287;82;1369;NA;260887;473;2021-11-06;100635
2021-11-05;"Trnavský kraj";447;2202;102;2304;NA;260887;549;2021-11-05;100162
2021-11-04;"Trnavský kraj";432;2289;112;2401;NA;260887;544;2021-11-04;99613
2021-11-03;"Trnavský kraj";420;2091;97;2188;NA;260887;517;2021-11-03;99069
2021-11-02;"Trnavský kraj";365;2777;124;2901;NA;260887;489;2021-11-02;98552
2021-11-01;"Trnavský kraj";220;583;27;610;NA;260887;247;2021-11-01;98063
2021-10-31;"Trnavský kraj";61;887;62;949;NA;260887;123;2021-10-31;97816
2021-10-30;"Trnavský kraj";251;1099;50;1149;NA;260887;301;2021-10-30;97693
2021-10-29;"Trnavský kraj";312;2123;53;2176;NA;260887;365;2021-10-29;97392
2021-10-28;"Trnavský kraj";339;2034;65;2099;NA;260887;404;2021-10-28;97027
2021-10-27;"Trnavský kraj";232;1884;58;1942;NA;260887;290;2021-10-27;96623
2021-10-26;"Trnavský kraj";366;1964;54;2018;NA;260887;420;2021-10-26;96333
2021-10-25;"Trnavský kraj";142;2786;72;2858;NA;260887;214;2021-10-25;95913
2021-10-24;"Trnavský kraj";11;990;30;1020;NA;260887;41;2021-10-24;95699
2021-10-23;"Trnavský kraj";228;1126;27;1153;NA;260887;255;2021-10-23;95658
2021-10-22;"Trnavský kraj";204;2269;51;2320;NA;260887;255;2021-10-22;95403
2021-10-21;"Trnavský kraj";188;1671;46;1717;NA;260887;234;2021-10-21;95148
2021-10-20;"Trnavský kraj";212;1634;47;1681;NA;260887;259;2021-10-20;94914
2021-10-19;"Trnavský kraj";240;1848;30;1878;NA;260887;270;2021-10-19;94655
2021-10-18;"Trnavský kraj";95;2316;72;2388;NA;260887;167;2021-10-18;94385
2021-10-17;"Trnavský kraj";5;1218;17;1235;NA;260887;22;2021-10-17;94218
2021-10-16;"Trnavský kraj";129;1233;17;1250;NA;260887;146;2021-10-16;94196
2021-10-15;"Trnavský kraj";122;2121;24;2145;NA;260887;146;2021-10-15;94050
2021-10-14;"Trnavský kraj";131;1663;24;1687;NA;260887;155;2021-10-14;93904
2021-10-13;"Trnavský kraj";128;2072;23;2095;NA;260887;151;2021-10-13;93749
2021-10-12;"Trnavský kraj";189;2788;38;2826;NA;260887;227;2021-10-12;93598
2021-10-11;"Trnavský kraj";115;2621;35;2656;NA;260887;150;2021-10-11;93371
2021-10-10;"Trnavský kraj";2;993;15;1008;NA;260887;17;2021-10-10;93221
2021-10-09;"Trnavský kraj";151;1099;10;1109;NA;260887;161;2021-10-09;93204
2021-10-08;"Trnavský kraj";106;2326;34;2360;NA;260887;140;2021-10-08;93043
2021-10-07;"Trnavský kraj";151;1744;25;1769;NA;260887;176;2021-10-07;92903
2021-10-06;"Trnavský kraj";122;1929;27;1956;NA;260887;149;2021-10-06;92727
2021-10-05;"Trnavský kraj";220;3726;34;3760;NA;260887;254;2021-10-05;92578
2021-10-04;"Trnavský kraj";54;1963;47;2010;NA;260887;101;2021-10-04;92324
2021-10-03;"Trnavský kraj";1;1106;17;1123;NA;260887;18;2021-10-03;92223
2021-10-02;"Trnavský kraj";52;1055;12;1067;NA;260887;64;2021-10-02;92205
2021-10-01;"Trnavský kraj";113;2243;17;2260;NA;260887;130;2021-10-01;92141
2021-09-30;"Trnavský kraj";109;1872;18;1890;NA;260887;127;2021-09-30;92011
2021-09-29;"Trnavský kraj";83;1331;11;1342;NA;260887;94;2021-09-29;91884
2021-09-28;"Trnavský kraj";135;1934;31;1965;NA;260887;166;2021-09-28;91790
2021-09-27;"Trnavský kraj";80;2084;25;2109;NA;260887;105;2021-09-27;91624
2021-09-26;"Trnavský kraj";2;1048;12;1060;NA;260887;14;2021-09-26;91519
2021-09-25;"Trnavský kraj";61;1105;9;1114;NA;260887;70;2021-09-25;91505
2021-09-24;"Trnavský kraj";41;2229;15;2244;NA;260887;56;2021-09-24;91435
2021-09-23;"Trnavský kraj";89;1691;16;1707;NA;260887;105;2021-09-23;91379
2021-09-22;"Trnavský kraj";119;1706;28;1734;NA;260887;147;2021-09-22;91274
2021-09-21;"Trnavský kraj";108;1505;17;1522;NA;260887;125;2021-09-21;91127
2021-09-20;"Trnavský kraj";50;1652;20;1672;NA;260887;70;2021-09-20;91002
2021-09-19;"Trnavský kraj";2;924;8;932;NA;260887;10;2021-09-19;90932
2021-09-18;"Trnavský kraj";100;982;6;988;NA;260887;106;2021-09-18;90922
2021-09-17;"Trnavský kraj";77;1709;20;1729;NA;260887;97;2021-09-17;90816
2021-09-16;"Trnavský kraj";105;1279;32;1311;NA;260887;137;2021-09-16;90719
2021-09-15;"Trnavský kraj";59;841;5;846;NA;260887;64;2021-09-15;90582
2021-09-14;"Trnavský kraj";38;1583;12;1595;NA;260887;50;2021-09-14;90518
2021-09-13;"Trnavský kraj";56;1410;16;1426;NA;260887;72;2021-09-13;90468
2021-09-12;"Trnavský kraj";0;653;1;654;NA;260887;1;2021-09-12;90396
2021-09-11;"Trnavský kraj";37;971;10;981;NA;260887;47;2021-09-11;90395
2021-09-10;"Trnavský kraj";43;1441;9;1450;NA;260887;52;2021-09-10;90348
2021-09-09;"Trnavský kraj";42;954;13;967;NA;260887;55;2021-09-09;90296
2021-09-08;"Trnavský kraj";65;802;15;817;NA;260887;80;2021-09-08;90241
2021-09-07;"Trnavský kraj";29;844;5;849;NA;260887;34;2021-09-07;90161
2021-09-06;"Trnavský kraj";18;1234;14;1248;NA;260887;32;2021-09-06;90127
2021-09-05;"Trnavský kraj";2;580;4;584;NA;260887;6;2021-09-05;90095
2021-09-04;"Trnavský kraj";17;868;6;874;NA;260887;23;2021-09-04;90089
2021-09-03;"Trnavský kraj";14;1060;5;1065;NA;260887;19;2021-09-03;90066
2021-09-02;"Trnavský kraj";30;830;10;840;NA;260887;40;2021-09-02;90047
2021-09-01;"Trnavský kraj";6;409;4;413;NA;260887;10;2021-09-01;90007
2021-08-31;"Trnavský kraj";13;884;3;887;NA;260887;16;2021-08-31;89997
2021-08-30;"Trnavský kraj";7;904;1;905;NA;260887;8;2021-08-30;89981
2021-08-29;"Trnavský kraj";8;427;1;428;NA;260887;9;2021-08-29;89973
2021-08-28;"Trnavský kraj";17;694;2;696;NA;260887;19;2021-08-28;89964
2021-08-27;"Trnavský kraj";1;1186;4;1190;NA;260887;5;2021-08-27;89945
2021-08-26;"Trnavský kraj";8;713;3;716;NA;260887;11;2021-08-26;89940
2021-08-25;"Trnavský kraj";11;683;6;689;NA;260887;17;2021-08-25;89929
2021-08-24;"Trnavský kraj";7;801;1;802;NA;260887;8;2021-08-24;89912
2021-08-23;"Trnavský kraj";4;844;1;845;NA;260887;5;2021-08-23;89904
2021-08-22;"Trnavský kraj";0;474;0;474;NA;260887;0;2021-08-22;89899
2021-08-21;"Trnavský kraj";8;703;0;703;NA;260887;8;2021-08-21;89899
2021-08-20;"Trnavský kraj";4;1095;4;1099;NA;260887;8;2021-08-20;89891
2021-08-19;"Trnavský kraj";10;881;3;884;NA;260887;13;2021-08-19;89883
2021-08-18;"Trnavský kraj";6;789;2;791;NA;260887;8;2021-08-18;89870
2021-08-17;"Trnavský kraj";7;524;4;528;NA;260887;11;2021-08-17;89862
2021-08-16;"Trnavský kraj";9;966;3;969;NA;260887;12;2021-08-16;89851
2021-08-15;"Trnavský kraj";0;556;1;557;NA;260887;1;2021-08-15;89839
2021-08-14;"Trnavský kraj";10;801;3;804;NA;260887;13;2021-08-14;89838
2021-08-13;"Trnavský kraj";5;1077;6;1083;NA;260887;11;2021-08-13;89825
2021-08-12;"Trnavský kraj";3;666;3;669;NA;260887;6;2021-08-12;89814
2021-08-11;"Trnavský kraj";7;576;2;578;NA;260887;9;2021-08-11;89808
2021-08-10;"Trnavský kraj";3;757;3;760;NA;260887;6;2021-08-10;89799
2021-08-09;"Trnavský kraj";12;808;0;808;NA;260887;12;2021-08-09;89793
2021-08-08;"Trnavský kraj";1;545;0;545;NA;260887;1;2021-08-08;89781
2021-08-07;"Trnavský kraj";9;724;0;724;NA;260887;9;2021-08-07;89780
2021-08-06;"Trnavský kraj";3;988;0;988;NA;260887;3;2021-08-06;89771
2021-08-05;"Trnavský kraj";2;662;1;663;NA;260887;3;2021-08-05;89768
2021-08-04;"Trnavský kraj";1;891;1;892;NA;260887;2;2021-08-04;89765
2021-08-03;"Trnavský kraj";13;645;0;645;NA;260887;13;2021-08-03;89763
2021-08-02;"Trnavský kraj";2;725;1;726;NA;260887;3;2021-08-02;89750
2021-08-01;"Trnavský kraj";0;565;2;567;NA;260887;2;2021-08-01;89747
2021-07-31;"Trnavský kraj";3;886;0;886;NA;260887;3;2021-07-31;89745
2021-07-30;"Trnavský kraj";3;1084;3;1087;NA;260887;6;2021-07-30;89742
2021-07-29;"Trnavský kraj";1;775;0;775;NA;260887;1;2021-07-29;89736
2021-07-28;"Trnavský kraj";5;794;1;795;NA;260887;6;2021-07-28;89735
2021-07-27;"Trnavský kraj";7;623;2;625;NA;260887;9;2021-07-27;89729
2021-07-26;"Trnavský kraj";2;857;2;859;NA;260887;4;2021-07-26;89720
2021-07-25;"Trnavský kraj";0;707;0;707;NA;260887;0;2021-07-25;89716
2021-07-24;"Trnavský kraj";4;828;2;830;NA;260887;6;2021-07-24;89716
2021-07-23;"Trnavský kraj";3;1057;0;1057;NA;260887;3;2021-07-23;89710
2021-07-22;"Trnavský kraj";0;671;2;673;NA;260887;2;2021-07-22;89707
2021-07-21;"Trnavský kraj";2;660;2;662;NA;260887;4;2021-07-21;89705
2021-07-20;"Trnavský kraj";2;593;0;593;NA;260887;2;2021-07-20;89701
2021-07-19;"Trnavský kraj";9;886;0;886;NA;260887;9;2021-07-19;89699
2021-07-18;"Trnavský kraj";0;600;2;602;NA;260887;2;2021-07-18;89690
2021-07-17;"Trnavský kraj";8;796;0;796;NA;260887;8;2021-07-17;89688
2021-07-16;"Trnavský kraj";11;963;0;963;NA;260887;11;2021-07-16;89680
2021-07-15;"Trnavský kraj";4;832;1;833;NA;260887;5;2021-07-15;89669
2021-07-14;"Trnavský kraj";1;699;1;700;NA;260887;2;2021-07-14;89664
2021-07-13;"Trnavský kraj";1;693;1;694;NA;260887;2;2021-07-13;89662
2021-07-12;"Trnavský kraj";4;959;0;959;NA;260887;4;2021-07-12;89660
2021-07-11;"Trnavský kraj";0;692;0;692;NA;260887;0;2021-07-11;89656
2021-07-10;"Trnavský kraj";1;803;0;803;NA;260887;1;2021-07-10;89656
2021-07-09;"Trnavský kraj";3;1262;3;1265;NA;260887;6;2021-07-09;89655
2021-07-08;"Trnavský kraj";4;755;0;755;NA;260887;4;2021-07-08;89649
2021-07-07;"Trnavský kraj";9;924;2;926;NA;260887;11;2021-07-07;89645
2021-07-06;"Trnavský kraj";2;1401;1;1402;NA;260887;3;2021-07-06;89634
2021-07-05;"Trnavský kraj";1;503;2;505;NA;260887;3;2021-07-05;89631
2021-07-04;"Trnavský kraj";0;1129;3;1132;NA;260887;3;2021-07-04;89628
2021-07-03;"Trnavský kraj";4;815;0;815;NA;260887;4;2021-07-03;89625
2021-07-02;"Trnavský kraj";2;1137;2;1139;NA;260887;4;2021-07-02;89621
2021-07-01;"Trnavský kraj";4;487;0;487;NA;260887;4;2021-07-01;89617
2021-06-30;"Trnavský kraj";0;5135;1;5136;NA;260887;1;2021-06-30;89613
2021-06-29;"Trnavský kraj";4;2563;1;2564;NA;260887;5;2021-06-29;89612
2021-06-28;"Trnavský kraj";2;2600;1;2601;NA;260887;3;2021-06-28;89607
2021-06-27;"Trnavský kraj";0;3213;0;3213;NA;260887;0;2021-06-27;89604
2021-06-26;"Trnavský kraj";3;3871;1;3872;NA;260887;4;2021-06-26;89604
2021-06-25;"Trnavský kraj";2;4374;3;4377;NA;260887;5;2021-06-25;89600
2021-06-24;"Trnavský kraj";4;2520;3;2523;NA;260887;7;2021-06-24;89595
2021-06-23;"Trnavský kraj";4;2842;2;2844;NA;260887;6;2021-06-23;89588
2021-06-22;"Trnavský kraj";2;2996;1;2997;NA;260887;3;2021-06-22;89582
2021-06-21;"Trnavský kraj";6;3114;5;3119;NA;260887;11;2021-06-21;89579
2021-06-20;"Trnavský kraj";0;3952;1;3953;NA;260887;1;2021-06-20;89568
2021-06-19;"Trnavský kraj";3;4735;2;4737;NA;260887;5;2021-06-19;89567
2021-06-18;"Trnavský kraj";5;6125;4;6129;NA;260887;9;2021-06-18;89562
2021-06-17;"Trnavský kraj";3;3340;0;3340;NA;260887;3;2021-06-17;89553
2021-06-16;"Trnavský kraj";6;2926;3;2929;NA;260887;9;2021-06-16;89550
2021-06-15;"Trnavský kraj";8;3234;3;3237;NA;260887;11;2021-06-15;89541
2021-06-14;"Trnavský kraj";2;3829;1;3830;NA;260887;3;2021-06-14;89530
2021-06-13;"Trnavský kraj";0;5001;8;5009;NA;260887;8;2021-06-13;89527
2021-06-12;"Trnavský kraj";11;5807;2;5809;NA;260887;13;2021-06-12;89519
2021-06-11;"Trnavský kraj";17;5850;4;5854;NA;260887;21;2021-06-11;89506
2021-06-10;"Trnavský kraj";14;3476;1;3477;NA;260887;15;2021-06-10;89485
2021-06-09;"Trnavský kraj";10;3681;1;3682;NA;260887;11;2021-06-09;89470
2021-06-08;"Trnavský kraj";8;3344;4;3348;NA;260887;12;2021-06-08;89459
2021-06-07;"Trnavský kraj";12;4498;8;4506;NA;260887;20;2021-06-07;89447
2021-06-06;"Trnavský kraj";0;5517;2;5519;NA;260887;2;2021-06-06;89427
2021-06-05;"Trnavský kraj";20;6905;8;6913;NA;260887;28;2021-06-05;89425
2021-06-04;"Trnavský kraj";9;6735;10;6745;NA;260887;19;2021-06-04;89397
2021-06-03;"Trnavský kraj";14;4361;11;4372;NA;260887;25;2021-06-03;89378
2021-06-02;"Trnavský kraj";4;4148;11;4159;NA;260887;15;2021-06-02;89353
2021-06-01;"Trnavský kraj";18;3662;5;3667;NA;260887;23;2021-06-01;89338
2021-05-31;"Trnavský kraj";14;5515;16;5531;NA;260887;30;2021-05-31;89315
2021-05-30;"Trnavský kraj";0;6473;7;6480;NA;260887;7;2021-05-30;89285
2021-05-29;"Trnavský kraj";11;8964;4;8968;NA;260887;15;2021-05-29;89278
2021-05-28;"Trnavský kraj";14;7160;11;7171;NA;260887;25;2021-05-28;89263
2021-05-27;"Trnavský kraj";22;4753;8;4761;NA;260887;30;2021-05-27;89238
2021-05-26;"Trnavský kraj";6;4870;8;4878;NA;260887;14;2021-05-26;89208
2021-05-25;"Trnavský kraj";19;5026;27;5053;NA;260887;46;2021-05-25;89194
2021-05-24;"Trnavský kraj";15;6520;22;6542;NA;260887;37;2021-05-24;89148
2021-05-23;"Trnavský kraj";0;7920;8;7928;NA;260887;8;2021-05-23;89111
2021-05-22;"Trnavský kraj";13;13381;21;13402;NA;260887;34;2021-05-22;89103
2021-05-21;"Trnavský kraj";16;8525;19;8544;NA;260887;35;2021-05-21;89069
2021-05-20;"Trnavský kraj";15;5511;11;5522;NA;260887;26;2021-05-20;89034
2021-05-19;"Trnavský kraj";18;5431;13;5444;NA;260887;31;2021-05-19;89008
2021-05-18;"Trnavský kraj";26;5768;15;5783;NA;260887;41;2021-05-18;88977
2021-05-17;"Trnavský kraj";17;6262;24;6286;NA;260887;41;2021-05-17;88936
2021-05-16;"Trnavský kraj";10;9984;8;9992;NA;260887;18;2021-05-16;88895
2021-05-15;"Trnavský kraj";11;18525;14;18539;NA;260887;25;2021-05-15;88877
2021-05-14;"Trnavský kraj";34;10279;21;10300;NA;260887;55;2021-05-14;88852
2021-05-13;"Trnavský kraj";26;6913;12;6925;NA;260887;38;2021-05-13;88797
2021-05-12;"Trnavský kraj";34;6621;26;6647;NA;260887;60;2021-05-12;88759
2021-05-11;"Trnavský kraj";32;6393;13;6406;NA;260887;45;2021-05-11;88699
2021-05-10;"Trnavský kraj";58;9139;24;9163;NA;260887;82;2021-05-10;88654
2021-05-09;"Trnavský kraj";21;12570;12;12582;NA;260887;33;2021-05-09;88572
2021-05-08;"Trnavský kraj";4;23028;22;23050;NA;260887;26;2021-05-08;88539
2021-05-07;"Trnavský kraj";26;15465;30;15495;NA;260887;56;2021-05-07;88513
2021-05-06;"Trnavský kraj";22;8407;22;8429;NA;260887;44;2021-05-06;88457
2021-05-05;"Trnavský kraj";34;6273;22;6295;NA;260887;56;2021-05-05;88413
2021-05-04;"Trnavský kraj";51;8538;17;8555;NA;260887;68;2021-05-04;88357
2021-05-03;"Trnavský kraj";20;8957;22;8979;NA;260887;42;2021-05-03;88289
2021-05-02;"Trnavský kraj";0;25657;29;25686;NA;260887;29;2021-05-02;88247
2021-05-01;"Trnavský kraj";30;81353;64;81417;NA;260887;94;2021-05-01;88218
2021-04-30;"Trnavský kraj";45;26846;35;26881;NA;260887;80;2021-04-30;88124
2021-04-29;"Trnavský kraj";25;20323;28;20351;NA;260887;53;2021-04-29;88044
2021-04-28;"Trnavský kraj";46;8896;28;8924;NA;260887;74;2021-04-28;87991
2021-04-27;"Trnavský kraj";54;8756;37;8793;NA;260887;91;2021-04-27;87917
2021-04-26;"Trnavský kraj";53;16116;42;16158;NA;260887;95;2021-04-26;87826
2021-04-25;"Trnavský kraj";0;30183;24;30207;NA;260887;24;2021-04-25;87731
2021-04-24;"Trnavský kraj";46;126077;84;126161;NA;260887;130;2021-04-24;87707
2021-04-23;"Trnavský kraj";71;25741;53;25794;NA;260887;124;2021-04-23;87577
2021-04-22;"Trnavský kraj";40;10904;25;10929;NA;260887;65;2021-04-22;87453
2021-04-21;"Trnavský kraj";60;10748;45;10793;NA;260887;105;2021-04-21;87388
2021-04-20;"Trnavský kraj";57;13504;28;13532;NA;260887;85;2021-04-20;87283
2021-04-19;"Trnavský kraj";46;14603;18;14621;NA;260887;64;2021-04-19;87198
2021-04-18;"Trnavský kraj";7;40843;43;40886;NA;260887;50;2021-04-18;87134
2021-04-17;"Trnavský kraj";58;118102;89;118191;NA;260887;147;2021-04-17;87084
2021-04-16;"Trnavský kraj";67;25962;48;26010;NA;260887;115;2021-04-16;86937
2021-04-15;"Trnavský kraj";65;11373;36;11409;NA;260887;101;2021-04-15;86822
2021-04-14;"Trnavský kraj";78;18442;53;18495;NA;260887;131;2021-04-14;86721
2021-04-13;"Trnavský kraj";126;9871;44;9915;NA;260887;170;2021-04-13;86590
2021-04-12;"Trnavský kraj";40;15577;40;15617;NA;260887;80;2021-04-12;86420
2021-04-11;"Trnavský kraj";3;44420;44;44464;NA;260887;47;2021-04-11;86340
2021-04-10;"Trnavský kraj";60;123822;107;123929;NA;260887;167;2021-04-10;86293
2021-04-09;"Trnavský kraj";95;26191;34;26225;NA;260887;129;2021-04-09;86126
2021-04-08;"Trnavský kraj";85;10913;54;10967;NA;260887;139;2021-04-08;85997
2021-04-07;"Trnavský kraj";131;15979;81;16060;NA;260887;212;2021-04-07;85858
2021-04-06;"Trnavský kraj";92;20586;90;20676;NA;260887;182;2021-04-06;85646
2021-04-05;"Trnavský kraj";91;7542;17;7559;NA;260887;108;2021-04-05;85464
2021-04-04;"Trnavský kraj";9;28831;49;28880;NA;260887;58;2021-04-04;85356
2021-04-03;"Trnavský kraj";29;144452;186;144638;NA;260887;215;2021-04-03;85298
2021-04-02;"Trnavský kraj";91;17538;33;17571;NA;260887;124;2021-04-02;85083
2021-04-01;"Trnavský kraj";118;22279;71;22350;NA;260887;189;2021-04-01;84959
2021-03-31;"Trnavský kraj";140;15828;82;15910;NA;260887;222;2021-03-31;84770
2021-03-30;"Trnavský kraj";182;10482;79;10561;NA;260887;261;2021-03-30;84548
2021-03-29;"Trnavský kraj";126;19255;122;19377;NA;260887;248;2021-03-29;84287
2021-03-28;"Trnavský kraj";26;50664;134;50798;NA;260887;160;2021-03-28;84039
2021-03-27;"Trnavský kraj";64;130217;246;130463;NA;260887;310;2021-03-27;83879
2021-03-26;"Trnavský kraj";139;30217;130;30347;NA;260887;269;2021-03-26;83569
2021-03-25;"Trnavský kraj";135;14212;80;14292;NA;260887;215;2021-03-25;83300
2021-03-24;"Trnavský kraj";159;10521;89;10610;NA;260887;248;2021-03-24;83085
2021-03-23;"Trnavský kraj";221;12735;104;12839;NA;260887;325;2021-03-23;82837
2021-03-22;"Trnavský kraj";103;17118;110;17228;NA;260887;213;2021-03-22;82512
2021-03-21;"Trnavský kraj";31;49119;150;49269;NA;260887;181;2021-03-21;82299
2021-03-20;"Trnavský kraj";112;136963;317;137280;NA;260887;429;2021-03-20;82118
2021-03-19;"Trnavský kraj";174;29071;137;29208;NA;260887;311;2021-03-19;81689
2021-03-18;"Trnavský kraj";158;12217;136;12353;NA;260887;294;2021-03-18;81378
2021-03-17;"Trnavský kraj";245;10434;103;10537;NA;260887;348;2021-03-17;81084
2021-03-16;"Trnavský kraj";311;12811;135;12946;NA;260887;446;2021-03-16;80736
2021-03-15;"Trnavský kraj";127;18271;146;18417;NA;260887;273;2021-03-15;80290
2021-03-14;"Trnavský kraj";14;47608;164;47772;NA;260887;178;2021-03-14;80017
2021-03-13;"Trnavský kraj";155;139224;409;139633;NA;260887;564;2021-03-13;79839
2021-03-12;"Trnavský kraj";201;28566;181;28747;NA;260887;382;2021-03-12;79275
2021-03-11;"Trnavský kraj";204;13301;140;13441;NA;260887;344;2021-03-11;78893
2021-03-10;"Trnavský kraj";242;10583;135;10718;NA;260887;377;2021-03-10;78549
2021-03-09;"Trnavský kraj";442;12824;155;12979;NA;260887;597;2021-03-09;78172
2021-03-08;"Trnavský kraj";182;21812;166;21978;NA;260887;348;2021-03-08;77575
2021-03-07;"Trnavský kraj";30;45463;227;45690;NA;260887;257;2021-03-07;77227
2021-03-06;"Trnavský kraj";154;135784;531;136315;NA;260887;685;2021-03-06;76970
2021-03-05;"Trnavský kraj";299;27959;239;28198;NA;260887;538;2021-03-05;76285
2021-03-04;"Trnavský kraj";238;14505;176;14681;NA;260887;414;2021-03-04;75747
2021-03-03;"Trnavský kraj";413;11583;246;11829;NA;260887;659;2021-03-03;75333
2021-03-02;"Trnavský kraj";477;12367;191;12558;NA;260887;668;2021-03-02;74674
2021-03-01;"Trnavský kraj";189;18586;234;18820;NA;260887;423;2021-03-01;74006
2021-02-28;"Trnavský kraj";87;47709;321;48030;NA;260887;408;2021-02-28;73583
2021-02-27;"Trnavský kraj";264;140224;800;141024;NA;260887;1064;2021-02-27;73175
2021-02-26;"Trnavský kraj";362;26637;284;26921;NA;260887;646;2021-02-26;72111
2021-02-25;"Trnavský kraj";433;10490;227;10717;NA;260887;660;2021-02-25;71465
2021-02-24;"Trnavský kraj";407;9113;290;9403;NA;260887;697;2021-02-24;70805
2021-02-23;"Trnavský kraj";469;11322;284;11606;NA;260887;753;2021-02-23;70108
2021-02-22;"Trnavský kraj";206;19901;330;20231;NA;260887;536;2021-02-22;69355
2021-02-21;"Trnavský kraj";38;48221;329;48550;NA;260887;367;2021-02-21;68819
2021-02-20;"Trnavský kraj";273;135835;859;136694;NA;260887;1132;2021-02-20;68452
2021-02-19;"Trnavský kraj";335;26382;366;26748;NA;260887;701;2021-02-19;67320
2021-02-18;"Trnavský kraj";344;11264;348;11612;NA;260887;692;2021-02-18;66619
2021-02-17;"Trnavský kraj";431;8783;416;9199;NA;260887;847;2021-02-17;65927
2021-02-16;"Trnavský kraj";426;11236;294;11530;NA;260887;720;2021-02-16;65080
2021-02-15;"Trnavský kraj";146;18276;326;18602;NA;260887;472;2021-02-15;64360
2021-02-14;"Trnavský kraj";51;57642;495;58137;NA;260887;546;2021-02-14;63888
2021-02-13;"Trnavský kraj";218;137051;994;138045;NA;260887;1212;2021-02-13;63342
2021-02-12;"Trnavský kraj";300;24090;352;24442;NA;260887;652;2021-02-12;62130
2021-02-11;"Trnavský kraj";422;9831;349;10180;NA;260887;771;2021-02-11;61478
2021-02-10;"Trnavský kraj";511;9194;342;9536;NA;260887;853;2021-02-10;60707
2021-02-09;"Trnavský kraj";544;12755;369;13124;NA;260887;913;2021-02-09;59854
2021-02-08;"Trnavský kraj";220;33414;497;33911;NA;260887;717;2021-02-08;58941
2021-02-07;"Trnavský kraj";140;69694;628;70322;NA;260887;768;2021-02-07;58224
2021-02-06;"Trnavský kraj";348;112687;1482;114169;NA;260887;1830;2021-02-06;57456
2021-02-05;"Trnavský kraj";377;16063;373;16436;NA;260887;750;2021-02-05;55626
2021-02-04;"Trnavský kraj";456;7317;456;7773;NA;260887;912;2021-02-04;54876
2021-02-03;"Trnavský kraj";472;6583;434;7017;NA;260887;906;2021-02-03;53964
2021-02-02;"Trnavský kraj";446;14243;424;14667;NA;260887;870;2021-02-02;53058
2021-02-01;"Trnavský kraj";198;38882;679;39561;NA;260887;877;2021-02-01;52188
2021-01-31;"Trnavský kraj";19;64707;822;65529;NA;260887;841;2021-01-31;51311
2021-01-30;"Trnavský kraj";323;111483;1288;112771;NA;260887;1611;2021-01-30;50470
2021-01-29;"Trnavský kraj";421;9689;290;9979;NA;260887;711;2021-01-29;48859
2021-01-28;"Trnavský kraj";389;5817;289;6106;NA;260887;678;2021-01-28;48148
2021-01-27;"Trnavský kraj";433;5554;225;5779;NA;260887;658;2021-01-27;47470
2021-01-26;"Trnavský kraj";565;25411;636;26047;NA;260887;1201;2021-01-26;46812
2021-01-25;"Trnavský kraj";210;41805;620;42425;NA;260887;830;2021-01-25;45611
2021-01-24;"Trnavský kraj";91;66399;779;67178;NA;260887;870;2021-01-24;44781
2021-01-23;"Trnavský kraj";372;113375;1319;114694;NA;260887;1691;2021-01-23;43911
2021-01-22;"Trnavský kraj";217;32755;505;33260;NA;260887;722;2021-01-22;42220
2021-01-21;"Trnavský kraj";311;13913;377;14290;NA;260887;688;2021-01-21;41498
2021-01-20;"Trnavský kraj";503;8685;283;8968;NA;260887;786;2021-01-20;40810
2021-01-19;"Trnavský kraj";415;7013;347;7360;NA;260887;762;2021-01-19;40024
2021-01-18;"Trnavský kraj";247;6690;513;7203;NA;260887;760;2021-01-18;39262
2021-01-17;"Trnavský kraj";128;854;215;1069;NA;260887;343;2021-01-17;38502
2021-01-16;"Trnavský kraj";103;898;24;922;NA;260887;127;2021-01-16;38159
2021-01-15;"Trnavský kraj";278;5467;336;5803;NA;260887;614;2021-01-15;38032
2021-01-14;"Trnavský kraj";452;4001;338;4339;NA;260887;790;2021-01-14;37418
2021-01-13;"Trnavský kraj";457;4751;378;5129;NA;260887;835;2021-01-13;36628
2021-01-12;"Trnavský kraj";469;6860;470;7330;NA;260887;939;2021-01-12;35793
2021-01-11;"Trnavský kraj";370;4587;360;4947;NA;260887;730;2021-01-11;34854
2021-01-10;"Trnavský kraj";71;13;0;13;NA;260887;71;2021-01-10;34124
2021-01-09;"Trnavský kraj";417;1775;100;1875;NA;260887;517;2021-01-09;34053
2021-01-08;"Trnavský kraj";381;6016;506;6522;NA;260887;887;2021-01-08;33536
2021-01-07;"Trnavský kraj";501;3545;329;3874;NA;260887;830;2021-01-07;32649
2021-01-06;"Trnavský kraj";179;758;132;890;NA;260887;311;2021-01-06;31819
2021-01-05;"Trnavský kraj";611;5165;561;5726;NA;260887;1172;2021-01-05;31508
2021-01-04;"Trnavský kraj";302;5556;709;6265;NA;260887;1011;2021-01-04;30336
2021-01-03;"Trnavský kraj";60;53;7;60;NA;260887;67;2021-01-03;29325
2021-01-02;"Trnavský kraj";282;417;32;449;NA;260887;314;2021-01-02;29258
2021-01-01;"Trnavský kraj";143;455;76;531;NA;260887;219;2021-01-01;28944
2020-12-31;"Trnavský kraj";498;8325;820;9145;NA;260887;1318;2020-12-31;28725
2020-12-30;"Trnavský kraj";785;5318;612;5930;NA;260887;1397;2020-12-30;27407
2020-12-29;"Trnavský kraj";322;4913;565;5478;NA;260887;887;2020-12-29;26010
2020-12-28;"Trnavský kraj";213;4900;552;5452;NA;260887;765;2020-12-28;25123
2020-12-27;"Trnavský kraj";27;20;4;24;NA;260887;31;2020-12-27;24358
2020-12-26;"Trnavský kraj";148;44;1;45;NA;260887;149;2020-12-26;24327
2020-12-25;"Trnavský kraj";65;49;5;54;NA;260887;70;2020-12-25;24178
2020-12-24;"Trnavský kraj";333;1359;117;1476;NA;260887;450;2020-12-24;24108
2020-12-23;"Trnavský kraj";210;6672;414;7086;NA;260887;624;2020-12-23;23658
2020-12-22;"Trnavský kraj";311;5427;455;5882;NA;260887;766;2020-12-22;23034
2020-12-21;"Trnavský kraj";328;4092;350;4442;NA;260887;678;2020-12-21;22268
2020-12-20;"Trnavský kraj";134;133;12;145;NA;260887;146;2020-12-20;21590
2020-12-19;"Trnavský kraj";201;1407;103;1510;NA;260887;304;2020-12-19;21444
2020-12-18;"Trnavský kraj";341;4432;334;4766;NA;260887;675;2020-12-18;21140
2020-12-17;"Trnavský kraj";375;4880;414;5294;NA;260887;789;2020-12-17;20465
2020-12-16;"Trnavský kraj";312;4945;383;5328;NA;260887;695;2020-12-16;19676
2020-12-15;"Trnavský kraj";492;6240;598;6838;NA;260887;1090;2020-12-15;18981
2020-12-14;"Trnavský kraj";161;3505;292;3797;NA;260887;453;2020-12-14;17891
2020-12-13;"Trnavský kraj";7;7;0;7;NA;260887;7;2020-12-13;17438
2020-12-12;"Trnavský kraj";254;1456;114;1570;NA;260887;368;2020-12-12;17431
2020-12-11;"Trnavský kraj";384;4289;241;4530;NA;260887;625;2020-12-11;17063
2020-12-10;"Trnavský kraj";183;5197;320;5517;NA;260887;503;2020-12-10;16438
2020-12-09;"Trnavský kraj";521;4199;317;4516;NA;260887;838;2020-12-09;15935
2020-12-08;"Trnavský kraj";281;4090;304;4394;NA;260887;585;2020-12-08;15097
2020-12-07;"Trnavský kraj";178;2895;199;3094;NA;260887;377;2020-12-07;14512
2020-12-06;"Trnavský kraj";46;0;0;0;NA;260887;46;2020-12-06;14135
2020-12-05;"Trnavský kraj";129;2218;41;2259;NA;260887;170;2020-12-05;14089
2020-12-04;"Trnavský kraj";242;3948;158;4106;NA;260887;400;2020-12-04;13919
2020-12-03;"Trnavský kraj";248;2770;190;2960;NA;260887;438;2020-12-03;13519
2020-12-02;"Trnavský kraj";284;4516;176;4692;NA;260887;460;2020-12-02;13081
2020-12-01;"Trnavský kraj";253;3190;205;3395;NA;260887;458;2020-12-01;12621
2020-11-30;"Trnavský kraj";200;7360;186;7546;NA;260887;386;2020-11-30;12163
2020-11-29;"Trnavský kraj";17;738;36;774;NA;260887;53;2020-11-29;11777
2020-11-28;"Trnavský kraj";83;1453;77;1530;NA;260887;160;2020-11-28;11724
2020-11-27;"Trnavský kraj";148;1779;85;1864;NA;260887;233;2020-11-27;11564
2020-11-26;"Trnavský kraj";234;1123;68;1191;NA;260887;302;2020-11-26;11331
2020-11-25;"Trnavský kraj";232;1168;74;1242;NA;260887;306;2020-11-25;11029
2020-11-24;"Trnavský kraj";295;1909;96;2005;NA;260887;391;2020-11-24;10723
2020-11-23;"Trnavský kraj";242;7393;129;7522;NA;260887;371;2020-11-23;10332
2020-11-22;"Trnavský kraj";10;82;9;91;NA;260887;19;2020-11-22;9961
2020-11-21;"Trnavský kraj";129;1354;36;1390;NA;260887;165;2020-11-21;9942
2020-11-20;"Trnavský kraj";246;1154;64;1218;NA;260887;310;2020-11-20;9777
2020-11-19;"Trnavský kraj";157;823;64;887;NA;260887;221;2020-11-19;9467
2020-11-18;"Trnavský kraj";235;822;82;904;NA;260887;317;2020-11-18;9246
2020-11-17;"Trnavský kraj";129;705;74;779;NA;260887;203;2020-11-17;8929
2020-11-16;"Trnavský kraj";187;732;32;764;NA;260887;219;2020-11-16;8726
2020-11-15;"Trnavský kraj";23;73;4;77;NA;260887;27;2020-11-15;8507
2020-11-14;"Trnavský kraj";86;397;12;409;NA;260887;98;2020-11-14;8480
2020-11-13;"Trnavský kraj";219;1312;21;1333;NA;260887;240;2020-11-13;8382
2020-11-12;"Trnavský kraj";162;420;18;438;NA;260887;180;2020-11-12;8142
2020-11-11;"Trnavský kraj";257;392;15;407;NA;260887;272;2020-11-11;7962
2020-11-10;"Trnavský kraj";189;889;30;919;NA;260887;219;2020-11-10;7690
2020-11-09;"Trnavský kraj";196;369;23;392;NA;260887;219;2020-11-09;7471
2020-11-08;"Trnavský kraj";55;400;4;404;NA;260887;59;2020-11-08;7252
2020-11-07;"Trnavský kraj";207;6070;74;6144;NA;260887;281;2020-11-07;7193
2020-11-06;"Trnavský kraj";260;1531;19;1550;NA;260887;279;2020-11-06;6912
2020-11-05;"Trnavský kraj";150;220;27;247;NA;260887;177;2020-11-05;6633
2020-11-04;"Trnavský kraj";188;212;10;222;NA;260887;198;2020-11-04;6456
2020-11-03;"Trnavský kraj";317;127;8;135;NA;260887;325;2020-11-03;6258
2020-11-02;"Trnavský kraj";281;1728;31;1759;NA;260887;312;2020-11-02;5933
2020-11-01;"Trnavský kraj";87;494;27;521;NA;260887;114;2020-11-01;5621
2020-10-31;"Trnavský kraj";259;5024;41;5065;NA;260887;300;2020-10-31;5507
2020-10-30;"Trnavský kraj";198;3784;27;3811;NA;260887;225;2020-10-30;5207
2020-10-29;"Trnavský kraj";273;1461;16;1477;NA;260887;289;2020-10-29;4982
2020-10-28;"Trnavský kraj";319;117;16;133;NA;260887;335;2020-10-28;4693
2020-10-27;"Trnavský kraj";199;461;36;497;NA;260887;235;2020-10-27;4358
2020-10-26;"Trnavský kraj";153;29;2;31;NA;260887;155;2020-10-26;4123
2020-10-25;"Trnavský kraj";95;19;1;20;NA;260887;96;2020-10-25;3968
2020-10-24;"Trnavský kraj";158;109;2;111;NA;260887;160;2020-10-24;3872
2020-10-23;"Trnavský kraj";46;89;4;93;NA;260887;50;2020-10-23;3712
2022-03-28;"Žilinský kraj";825;8;1;9;243341;337074;826;2022-03-28;337074
2022-03-27;"Žilinský kraj";88;253;71;324;NA;337074;159;2022-03-27;336248
2022-03-26;"Žilinský kraj";586;202;46;248;NA;337074;632;2022-03-26;336089
2022-03-25;"Žilinský kraj";601;834;89;923;NA;337074;690;2022-03-25;335457
2022-03-24;"Žilinský kraj";697;1399;94;1493;NA;337074;791;2022-03-24;334767
2022-03-23;"Žilinský kraj";883;896;98;994;NA;337074;981;2022-03-23;333976
2022-03-22;"Žilinský kraj";1102;2485;126;2611;NA;337074;1228;2022-03-22;332995
2022-03-21;"Žilinský kraj";969;1886;156;2042;NA;337074;1125;2022-03-21;331767
2022-03-20;"Žilinský kraj";157;419;79;498;NA;337074;236;2022-03-20;330642
2022-03-19;"Žilinský kraj";479;319;64;383;NA;337074;543;2022-03-19;330406
2022-03-18;"Žilinský kraj";864;773;119;892;NA;337074;983;2022-03-18;329863
2022-03-17;"Žilinský kraj";733;1098;148;1246;NA;337074;881;2022-03-17;328880
2022-03-16;"Žilinský kraj";995;1350;160;1510;NA;337074;1155;2022-03-16;327999
2022-03-15;"Žilinský kraj";1252;2492;206;2698;NA;337074;1458;2022-03-15;326844
2022-03-14;"Žilinský kraj";1138;1510;194;1704;NA;337074;1332;2022-03-14;325386
2022-03-13;"Žilinský kraj";226;503;104;607;NA;337074;330;2022-03-13;324054
2022-03-12;"Žilinský kraj";650;332;92;424;NA;337074;742;2022-03-12;323724
2022-03-11;"Žilinský kraj";824;1730;193;1923;NA;337074;1017;2022-03-11;322982
2022-03-10;"Žilinský kraj";1249;1494;164;1658;NA;337074;1413;2022-03-10;321965
2022-03-09;"Žilinský kraj";1713;1457;206;1663;NA;337074;1919;2022-03-09;320552
2022-03-08;"Žilinský kraj";699;2333;311;2644;NA;337074;1010;2022-03-08;318633
2022-03-07;"Žilinský kraj";1448;2192;294;2486;NA;337074;1742;2022-03-07;317623
2022-03-06;"Žilinský kraj";323;780;206;986;NA;337074;529;2022-03-06;315881
2022-03-05;"Žilinský kraj";576;551;123;674;NA;337074;699;2022-03-05;315352
2022-03-04;"Žilinský kraj";1194;1840;254;2094;NA;337074;1448;2022-03-04;314653
2022-03-03;"Žilinský kraj";1240;1825;244;2069;NA;337074;1484;2022-03-03;313205
2022-03-02;"Žilinský kraj";1194;1772;244;2016;NA;337074;1438;2022-03-02;311721
2022-03-01;"Žilinský kraj";1710;2949;340;3289;NA;337074;2050;2022-03-01;310283
2022-02-28;"Žilinský kraj";1700;2980;355;3335;NA;337074;2055;2022-02-28;308233
2022-02-27;"Žilinský kraj";224;940;221;1161;NA;337074;445;2022-02-27;306178
2022-02-26;"Žilinský kraj";1184;816;171;987;NA;337074;1355;2022-02-26;305733
2022-02-25;"Žilinský kraj";1371;2421;320;2741;NA;337074;1691;2022-02-25;304378
2022-02-24;"Žilinský kraj";1504;2589;314;2903;NA;337074;1818;2022-02-24;302687
2022-02-23;"Žilinský kraj";1766;3298;333;3631;NA;337074;2099;2022-02-23;300869
2022-02-22;"Žilinský kraj";2419;3369;406;3775;NA;337074;2825;2022-02-22;298770
2022-02-21;"Žilinský kraj";2227;4181;573;4754;NA;337074;2800;2022-02-21;295945
2022-02-20;"Žilinský kraj";541;1473;304;1777;NA;337074;845;2022-02-20;293145
2022-02-19;"Žilinský kraj";1656;944;273;1217;NA;337074;1929;2022-02-19;292300
2022-02-18;"Žilinský kraj";1994;3335;439;3774;NA;337074;2433;2022-02-18;290371
2022-02-17;"Žilinský kraj";2274;3013;424;3437;NA;337074;2698;2022-02-17;287938
2022-02-16;"Žilinský kraj";2676;3573;496;4069;NA;337074;3172;2022-02-16;285240
2022-02-15;"Žilinský kraj";2939;4226;604;4830;NA;337074;3543;2022-02-15;282068
2022-02-14;"Žilinský kraj";2955;4182;777;4959;NA;337074;3732;2022-02-14;278525
2022-02-13;"Žilinský kraj";751;1842;464;2306;NA;337074;1215;2022-02-13;274793
2022-02-12;"Žilinský kraj";1771;1431;319;1750;NA;337074;2090;2022-02-12;273578
2022-02-11;"Žilinský kraj";2856;3332;570;3902;NA;337074;3426;2022-02-11;271488
2022-02-10;"Žilinský kraj";2861;3472;583;4055;NA;337074;3444;2022-02-10;268062
2022-02-09;"Žilinský kraj";3365;3863;618;4481;NA;337074;3983;2022-02-09;264618
2022-02-08;"Žilinský kraj";3367;4866;780;5646;NA;337074;4147;2022-02-08;260635
2022-02-07;"Žilinský kraj";3242;5569;913;6482;NA;337074;4155;2022-02-07;256488
2022-02-06;"Žilinský kraj";1389;2587;529;3116;NA;337074;1918;2022-02-06;252333
2022-02-05;"Žilinský kraj";2107;1846;425;2271;NA;337074;2532;2022-02-05;250415
2022-02-04;"Žilinský kraj";3099;4389;631;5020;NA;337074;3730;2022-02-04;247883
2022-02-03;"Žilinský kraj";3201;4122;613;4735;NA;337074;3814;2022-02-03;244153
2022-02-02;"Žilinský kraj";3168;4616;666;5282;NA;337074;3834;2022-02-02;240339
2022-02-01;"Žilinský kraj";3593;5240;694;5934;NA;337074;4287;2022-02-01;236505
2022-01-31;"Žilinský kraj";2145;7492;931;8423;NA;337074;3076;2022-01-31;232218
2022-01-30;"Žilinský kraj";1487;2898;431;3329;NA;337074;1918;2022-01-30;229142
2022-01-29;"Žilinský kraj";2055;2033;365;2398;NA;337074;2420;2022-01-29;227224
2022-01-28;"Žilinský kraj";2572;4800;546;5346;NA;337074;3118;2022-01-28;224804
2022-01-27;"Žilinský kraj";2406;4038;537;4575;NA;337074;2943;2022-01-27;221686
2022-01-26;"Žilinský kraj";2693;5009;516;5525;NA;337074;3209;2022-01-26;218743
2022-01-25;"Žilinský kraj";2595;5626;416;6042;NA;337074;3011;2022-01-25;215534
2022-01-24;"Žilinský kraj";1401;7098;522;7620;NA;337074;1923;2022-01-24;212523
2022-01-23;"Žilinský kraj";654;2923;276;3199;NA;337074;930;2022-01-23;210600
2022-01-22;"Žilinský kraj";1256;1706;206;1912;NA;337074;1462;2022-01-22;209670
2022-01-21;"Žilinský kraj";1188;4187;265;4452;NA;337074;1453;2022-01-21;208208
2022-01-20;"Žilinský kraj";1288;3654;205;3859;NA;337074;1493;2022-01-20;206755
2022-01-19;"Žilinský kraj";1215;4086;206;4292;NA;337074;1421;2022-01-19;205262
2022-01-18;"Žilinský kraj";1191;4213;168;4381;NA;337074;1359;2022-01-18;203841
2022-01-17;"Žilinský kraj";675;6886;256;7142;NA;337074;931;2022-01-17;202482
2022-01-16;"Žilinský kraj";175;2418;106;2524;NA;337074;281;2022-01-16;201551
2022-01-15;"Žilinský kraj";398;1410;70;1480;NA;337074;468;2022-01-15;201270
2022-01-14;"Žilinský kraj";446;3716;106;3822;NA;337074;552;2022-01-14;200802
2022-01-13;"Žilinský kraj";295;2912;78;2990;NA;337074;373;2022-01-13;200250
2022-01-12;"Žilinský kraj";422;3168;72;3240;NA;337074;494;2022-01-12;199877
2022-01-11;"Žilinský kraj";622;4216;57;4273;NA;337074;679;2022-01-11;199383
2022-01-10;"Žilinský kraj";436;6344;102;6446;NA;337074;538;2022-01-10;198704
2022-01-09;"Žilinský kraj";95;2934;54;2988;NA;337074;149;2022-01-09;198166
2022-01-08;"Žilinský kraj";345;1650;45;1695;NA;337074;390;2022-01-08;198017
2022-01-07;"Žilinský kraj";525;4566;75;4641;NA;337074;600;2022-01-07;197627
2022-01-06;"Žilinský kraj";167;1214;40;1254;NA;337074;207;2022-01-06;197027
2022-01-05;"Žilinský kraj";471;3492;75;3567;NA;337074;546;2022-01-05;196820
2022-01-04;"Žilinský kraj";606;3762;87;3849;NA;337074;693;2022-01-04;196274
2022-01-03;"Žilinský kraj";601;6083;116;6199;NA;337074;717;2022-01-03;195581
2022-01-02;"Žilinský kraj";288;2596;85;2681;NA;337074;373;2022-01-02;194864
2022-01-01;"Žilinský kraj";14;439;15;454;NA;337074;29;2022-01-01;194491
2021-12-31;"Žilinský kraj";323;1608;70;1678;NA;337074;393;2021-12-31;194462
2021-12-30;"Žilinský kraj";492;2213;95;2308;NA;337074;587;2021-12-30;194069
2021-12-29;"Žilinský kraj";543;6864;83;6947;NA;337074;626;2021-12-29;193482
2021-12-28;"Žilinský kraj";641;3408;106;3514;NA;337074;747;2021-12-28;192856
2021-12-27;"Žilinský kraj";691;3961;145;4106;NA;337074;836;2021-12-27;192109
2021-12-26;"Žilinský kraj";242;1167;58;1225;NA;337074;300;2021-12-26;191273
2021-12-25;"Žilinský kraj";22;442;45;487;NA;337074;67;2021-12-25;190973
2021-12-24;"Žilinský kraj";98;518;21;539;NA;337074;119;2021-12-24;190906
2021-12-23;"Žilinský kraj";731;2678;105;2783;NA;337074;836;2021-12-23;190787
2021-12-22;"Žilinský kraj";510;2428;77;2505;NA;337074;587;2021-12-22;189951
2021-12-21;"Žilinský kraj";755;3641;102;3743;NA;337074;857;2021-12-21;189364
2021-12-20;"Žilinský kraj";563;4545;125;4670;NA;337074;688;2021-12-20;188507
2021-12-19;"Žilinský kraj";133;2215;90;2305;NA;337074;223;2021-12-19;187819
2021-12-18;"Žilinský kraj";417;1321;70;1391;NA;337074;487;2021-12-18;187596
2021-12-17;"Žilinský kraj";604;3895;127;4022;NA;337074;731;2021-12-17;187109
2021-12-16;"Žilinský kraj";660;3931;109;4040;NA;337074;769;2021-12-16;186378
2021-12-15;"Žilinský kraj";802;3491;122;3613;NA;337074;924;2021-12-15;185609
2021-12-14;"Žilinský kraj";798;4587;129;4716;NA;337074;927;2021-12-14;184685
2021-12-13;"Žilinský kraj";759;7755;212;7967;NA;337074;971;2021-12-13;183758
2021-12-12;"Žilinský kraj";340;2836;114;2950;NA;337074;454;2021-12-12;182787
2021-12-11;"Žilinský kraj";761;1849;112;1961;NA;337074;873;2021-12-11;182333
2021-12-10;"Žilinský kraj";638;4041;136;4177;NA;337074;774;2021-12-10;181460
2021-12-09;"Žilinský kraj";870;5842;161;6003;NA;337074;1031;2021-12-09;180686
2021-12-08;"Žilinský kraj";1018;3215;158;3373;NA;337074;1176;2021-12-08;179655
2021-12-07;"Žilinský kraj";1356;5148;160;5308;NA;337074;1516;2021-12-07;178479
2021-12-06;"Žilinský kraj";919;7441;226;7667;NA;337074;1145;2021-12-06;176963
2021-12-05;"Žilinský kraj";505;3306;134;3440;NA;337074;639;2021-12-05;175818
2021-12-04;"Žilinský kraj";704;1892;153;2045;NA;337074;857;2021-12-04;175179
2021-12-03;"Žilinský kraj";1204;4864;215;5079;NA;337074;1419;2021-12-03;174322
2021-12-02;"Žilinský kraj";1847;4131;199;4330;NA;337074;2046;2021-12-02;172903
2021-12-01;"Žilinský kraj";1183;4073;195;4268;NA;337074;1378;2021-12-01;170857
2021-11-30;"Žilinský kraj";1575;5467;252;5719;NA;337074;1827;2021-11-30;169479
2021-11-29;"Žilinský kraj";1395;9069;358;9427;NA;337074;1753;2021-11-29;167652
2021-11-28;"Žilinský kraj";625;4581;235;4816;NA;337074;860;2021-11-28;165899
2021-11-27;"Žilinský kraj";909;2557;192;2749;NA;337074;1101;2021-11-27;165039
2021-11-26;"Žilinský kraj";1195;6599;344;6943;NA;337074;1539;2021-11-26;163938
2021-11-25;"Žilinský kraj";1281;4701;331;5032;NA;337074;1612;2021-11-25;162399
2021-11-24;"Žilinský kraj";1792;4660;324;4984;NA;337074;2116;2021-11-24;160787
2021-11-23;"Žilinský kraj";1630;4654;353;5007;NA;337074;1983;2021-11-23;158671
2021-11-22;"Žilinský kraj";1126;6699;452;7151;NA;337074;1578;2021-11-22;156688
2021-11-21;"Žilinský kraj";443;2865;260;3125;NA;337074;703;2021-11-21;155110
2021-11-20;"Žilinský kraj";963;2104;241;2345;NA;337074;1204;2021-11-20;154407
2021-11-19;"Žilinský kraj";1281;4622;434;5056;NA;337074;1715;2021-11-19;153203
2021-11-18;"Žilinský kraj";1220;4432;376;4808;NA;337074;1596;2021-11-18;151488
2021-11-17;"Žilinský kraj";1001;1434;149;1583;NA;337074;1150;2021-11-17;149892
2021-11-16;"Žilinský kraj";1197;4058;323;4381;NA;337074;1520;2021-11-16;148742
2021-11-15;"Žilinský kraj";977;5050;476;5526;NA;337074;1453;2021-11-15;147222
2021-11-14;"Žilinský kraj";356;2287;262;2549;NA;337074;618;2021-11-14;145769
2021-11-13;"Žilinský kraj";652;1882;220;2102;NA;337074;872;2021-11-13;145151
2021-11-12;"Žilinský kraj";1027;4291;340;4631;NA;337074;1367;2021-11-12;144279
2021-11-11;"Žilinský kraj";924;4192;272;4464;NA;337074;1196;2021-11-11;142912
2021-11-10;"Žilinský kraj";897;4509;305;4814;NA;337074;1202;2021-11-10;141716
2021-11-09;"Žilinský kraj";1440;4619;256;4875;NA;337074;1696;2021-11-09;140514
2021-11-08;"Žilinský kraj";781;4438;425;4863;NA;337074;1206;2021-11-08;138818
2021-11-07;"Žilinský kraj";304;2130;231;2361;NA;337074;535;2021-11-07;137612
2021-11-06;"Žilinský kraj";741;2150;201;2351;NA;337074;942;2021-11-06;137077
2021-11-05;"Žilinský kraj";1064;4067;235;4302;NA;337074;1299;2021-11-05;136135
2021-11-04;"Žilinský kraj";776;3709;232;3941;NA;337074;1008;2021-11-04;134836
2021-11-03;"Žilinský kraj";1106;5550;338;5888;NA;337074;1444;2021-11-03;133828
2021-11-02;"Žilinský kraj";1136;4451;333;4784;NA;337074;1469;2021-11-02;132384
2021-11-01;"Žilinský kraj";399;1456;137;1593;NA;337074;536;2021-11-01;130915
2021-10-31;"Žilinský kraj";344;1387;145;1532;NA;337074;489;2021-10-31;130379
2021-10-30;"Žilinský kraj";571;1944;161;2105;NA;337074;732;2021-10-30;129890
2021-10-29;"Žilinský kraj";733;3339;194;3533;NA;337074;927;2021-10-29;129158
2021-10-28;"Žilinský kraj";639;4953;247;5200;NA;337074;886;2021-10-28;128231
2021-10-27;"Žilinský kraj";739;3446;173;3619;NA;337074;912;2021-10-27;127345
2021-10-26;"Žilinský kraj";945;4748;216;4964;NA;337074;1161;2021-10-26;126433
2021-10-25;"Žilinský kraj";649;5736;271;6007;NA;337074;920;2021-10-25;125272
2021-10-24;"Žilinský kraj";248;1679;107;1786;NA;337074;355;2021-10-24;124352
2021-10-23;"Žilinský kraj";399;2415;149;2564;NA;337074;548;2021-10-23;123997
2021-10-22;"Žilinský kraj";587;3898;151;4049;NA;337074;738;2021-10-22;123449
2021-10-21;"Žilinský kraj";591;3367;162;3529;NA;337074;753;2021-10-21;122711
2021-10-20;"Žilinský kraj";479;3864;154;4018;NA;337074;633;2021-10-20;121958
2021-10-19;"Žilinský kraj";675;3763;161;3924;NA;337074;836;2021-10-19;121325
2021-10-18;"Žilinský kraj";432;5160;271;5431;NA;337074;703;2021-10-18;120489
2021-10-17;"Žilinský kraj";135;1769;101;1870;NA;337074;236;2021-10-17;119786
2021-10-16;"Žilinský kraj";273;2341;100;2441;NA;337074;373;2021-10-16;119550
2021-10-15;"Žilinský kraj";347;3859;146;4005;NA;337074;493;2021-10-15;119177
2021-10-14;"Žilinský kraj";419;3035;110;3145;NA;337074;529;2021-10-14;118684
2021-10-13;"Žilinský kraj";404;3427;112;3539;NA;337074;516;2021-10-13;118155
2021-10-12;"Žilinský kraj";589;4000;141;4141;NA;337074;730;2021-10-12;117639
2021-10-11;"Žilinský kraj";323;4501;154;4655;NA;337074;477;2021-10-11;116909
2021-10-10;"Žilinský kraj";113;1577;77;1654;NA;337074;190;2021-10-10;116432
2021-10-09;"Žilinský kraj";201;1565;57;1622;NA;337074;258;2021-10-09;116242
2021-10-08;"Žilinský kraj";265;4227;99;4326;NA;337074;364;2021-10-08;115984
2021-10-07;"Žilinský kraj";338;3384;113;3497;NA;337074;451;2021-10-07;115620
2021-10-06;"Žilinský kraj";313;3901;89;3990;NA;337074;402;2021-10-06;115169
2021-10-05;"Žilinský kraj";387;4031;122;4153;NA;337074;509;2021-10-05;114767
2021-10-04;"Žilinský kraj";297;4449;121;4570;NA;337074;418;2021-10-04;114258
2021-10-03;"Žilinský kraj";22;1596;63;1659;NA;337074;85;2021-10-03;113840
2021-10-02;"Žilinský kraj";209;1990;45;2035;NA;337074;254;2021-10-02;113755
2021-10-01;"Žilinský kraj";263;4047;104;4151;NA;337074;367;2021-10-01;113501
2021-09-30;"Žilinský kraj";248;3531;71;3602;NA;337074;319;2021-09-30;113134
2021-09-29;"Žilinský kraj";285;3577;82;3659;NA;337074;367;2021-09-29;112815
2021-09-28;"Žilinský kraj";272;3656;73;3729;NA;337074;345;2021-09-28;112448
2021-09-27;"Žilinský kraj";239;4418;152;4570;NA;337074;391;2021-09-27;112103
2021-09-26;"Žilinský kraj";17;1665;42;1707;NA;337074;59;2021-09-26;111712
2021-09-25;"Žilinský kraj";111;1711;50;1761;NA;337074;161;2021-09-25;111653
2021-09-24;"Žilinský kraj";199;6127;98;6225;NA;337074;297;2021-09-24;111492
2021-09-23;"Žilinský kraj";176;2629;74;2703;NA;337074;250;2021-09-23;111195
2021-09-22;"Žilinský kraj";185;2728;77;2805;NA;337074;262;2021-09-22;110945
2021-09-21;"Žilinský kraj";250;3123;78;3201;NA;337074;328;2021-09-21;110683
2021-09-20;"Žilinský kraj";244;3231;95;3326;NA;337074;339;2021-09-20;110355
2021-09-19;"Žilinský kraj";26;1579;37;1616;NA;337074;63;2021-09-19;110016
2021-09-18;"Žilinský kraj";87;1441;45;1486;NA;337074;132;2021-09-18;109953
2021-09-17;"Žilinský kraj";192;3351;56;3407;NA;337074;248;2021-09-17;109821
2021-09-16;"Žilinský kraj";164;2744;87;2831;NA;337074;251;2021-09-16;109573
2021-09-15;"Žilinský kraj";31;555;11;566;NA;337074;42;2021-09-15;109322
2021-09-14;"Žilinský kraj";155;3268;61;3329;NA;337074;216;2021-09-14;109280
2021-09-13;"Žilinský kraj";81;3250;75;3325;NA;337074;156;2021-09-13;109064
2021-09-12;"Žilinský kraj";9;1138;24;1162;NA;337074;33;2021-09-12;108908
2021-09-11;"Žilinský kraj";47;1322;21;1343;NA;337074;68;2021-09-11;108875
2021-09-10;"Žilinský kraj";66;2439;34;2473;NA;337074;100;2021-09-10;108807
2021-09-09;"Žilinský kraj";56;2352;18;2370;NA;337074;74;2021-09-09;108707
2021-09-08;"Žilinský kraj";68;1560;24;1584;NA;337074;92;2021-09-08;108633
2021-09-07;"Žilinský kraj";72;1806;27;1833;NA;337074;99;2021-09-07;108541
2021-09-06;"Žilinský kraj";31;2381;45;2426;NA;337074;76;2021-09-06;108442
2021-09-05;"Žilinský kraj";11;785;8;793;NA;337074;19;2021-09-05;108366
2021-09-04;"Žilinský kraj";24;1080;5;1085;NA;337074;29;2021-09-04;108347
2021-09-03;"Žilinský kraj";52;2047;28;2075;NA;337074;80;2021-09-03;108318
2021-09-02;"Žilinský kraj";30;1432;22;1454;NA;337074;52;2021-09-02;108238
2021-09-01;"Žilinský kraj";5;461;6;467;NA;337074;11;2021-09-01;108186
2021-08-31;"Žilinský kraj";32;1710;15;1725;NA;337074;47;2021-08-31;108175
2021-08-30;"Žilinský kraj";7;1801;4;1805;NA;337074;11;2021-08-30;108128
2021-08-29;"Žilinský kraj";8;631;5;636;NA;337074;13;2021-08-29;108117
2021-08-28;"Žilinský kraj";2;1005;1;1006;NA;337074;3;2021-08-28;108104
2021-08-27;"Žilinský kraj";13;1765;12;1777;NA;337074;25;2021-08-27;108101
2021-08-26;"Žilinský kraj";17;1636;7;1643;NA;337074;24;2021-08-26;108076
2021-08-25;"Žilinský kraj";9;1203;11;1214;NA;337074;20;2021-08-25;108052
2021-08-24;"Žilinský kraj";6;1395;9;1404;NA;337074;15;2021-08-24;108032
2021-08-23;"Žilinský kraj";11;1877;7;1884;NA;337074;18;2021-08-23;108017
2021-08-22;"Žilinský kraj";2;733;3;736;NA;337074;5;2021-08-22;107999
2021-08-21;"Žilinský kraj";6;1183;2;1185;NA;337074;8;2021-08-21;107994
2021-08-20;"Žilinský kraj";7;2284;5;2289;NA;337074;12;2021-08-20;107986
2021-08-19;"Žilinský kraj";6;1281;3;1284;NA;337074;9;2021-08-19;107974
2021-08-18;"Žilinský kraj";4;1331;7;1338;NA;337074;11;2021-08-18;107965
2021-08-17;"Žilinský kraj";9;1219;3;1222;NA;337074;12;2021-08-17;107954
2021-08-16;"Žilinský kraj";14;1696;5;1701;NA;337074;19;2021-08-16;107942
2021-08-15;"Žilinský kraj";1;880;2;882;NA;337074;3;2021-08-15;107923
2021-08-14;"Žilinský kraj";5;1197;0;1197;NA;337074;5;2021-08-14;107920
2021-08-13;"Žilinský kraj";6;1685;0;1685;NA;337074;6;2021-08-13;107915
2021-08-12;"Žilinský kraj";4;1105;1;1106;NA;337074;5;2021-08-12;107909
2021-08-11;"Žilinský kraj";13;1250;3;1253;NA;337074;16;2021-08-11;107904
2021-08-10;"Žilinský kraj";12;1292;3;1295;NA;337074;15;2021-08-10;107888
2021-08-09;"Žilinský kraj";9;1142;1;1143;NA;337074;10;2021-08-09;107873
2021-08-08;"Žilinský kraj";1;748;5;753;NA;337074;6;2021-08-08;107863
2021-08-07;"Žilinský kraj";7;1192;1;1193;NA;337074;8;2021-08-07;107857
2021-08-06;"Žilinský kraj";1;1347;0;1347;NA;337074;1;2021-08-06;107849
2021-08-05;"Žilinský kraj";7;1148;3;1151;NA;337074;10;2021-08-05;107848
2021-08-04;"Žilinský kraj";12;895;0;895;NA;337074;12;2021-08-04;107838
2021-08-03;"Žilinský kraj";11;918;0;918;NA;337074;11;2021-08-03;107826
2021-08-02;"Žilinský kraj";5;1513;1;1514;NA;337074;6;2021-08-02;107815
2021-08-01;"Žilinský kraj";0;679;2;681;NA;337074;2;2021-08-01;107809
2021-07-31;"Žilinský kraj";4;1114;0;1114;NA;337074;4;2021-07-31;107807
2021-07-30;"Žilinský kraj";3;1671;0;1671;NA;337074;3;2021-07-30;107803
2021-07-29;"Žilinský kraj";1;1299;0;1299;NA;337074;1;2021-07-29;107800
2021-07-28;"Žilinský kraj";4;901;0;901;NA;337074;4;2021-07-28;107799
2021-07-27;"Žilinský kraj";11;1378;0;1378;NA;337074;11;2021-07-27;107795
2021-07-26;"Žilinský kraj";1;1301;1;1302;NA;337074;2;2021-07-26;107784
2021-07-25;"Žilinský kraj";2;828;2;830;NA;337074;4;2021-07-25;107782
2021-07-24;"Žilinský kraj";2;1338;2;1340;NA;337074;4;2021-07-24;107778
2021-07-23;"Žilinský kraj";4;1750;0;1750;NA;337074;4;2021-07-23;107774
2021-07-22;"Žilinský kraj";2;1207;0;1207;NA;337074;2;2021-07-22;107770
2021-07-21;"Žilinský kraj";2;1021;0;1021;NA;337074;2;2021-07-21;107768
2021-07-20;"Žilinský kraj";4;1439;0;1439;NA;337074;4;2021-07-20;107766
2021-07-19;"Žilinský kraj";4;1763;1;1764;NA;337074;5;2021-07-19;107762
2021-07-18;"Žilinský kraj";0;854;1;855;NA;337074;1;2021-07-18;107757
2021-07-17;"Žilinský kraj";0;1350;0;1350;NA;337074;0;2021-07-17;107756
2021-07-16;"Žilinský kraj";2;1767;0;1767;NA;337074;2;2021-07-16;107756
2021-07-15;"Žilinský kraj";2;1577;0;1577;NA;337074;2;2021-07-15;107754
2021-07-14;"Žilinský kraj";5;1042;1;1043;NA;337074;6;2021-07-14;107752
2021-07-13;"Žilinský kraj";3;1709;1;1710;NA;337074;4;2021-07-13;107746
2021-07-12;"Žilinský kraj";3;1325;1;1326;NA;337074;4;2021-07-12;107742
2021-07-11;"Žilinský kraj";2;989;0;989;NA;337074;2;2021-07-11;107738
2021-07-10;"Žilinský kraj";1;1511;4;1515;NA;337074;5;2021-07-10;107736
2021-07-09;"Žilinský kraj";1;2208;1;2209;NA;337074;2;2021-07-09;107731
2021-07-08;"Žilinský kraj";6;1776;3;1779;NA;337074;9;2021-07-08;107729
2021-07-07;"Žilinský kraj";1;1585;3;1588;NA;337074;4;2021-07-07;107720
2021-07-06;"Žilinský kraj";4;1956;0;1956;NA;337074;4;2021-07-06;107716
2021-07-05;"Žilinský kraj";2;1031;1;1032;NA;337074;3;2021-07-05;107712
2021-07-04;"Žilinský kraj";0;1003;0;1003;NA;337074;0;2021-07-04;107709
2021-07-03;"Žilinský kraj";1;1696;2;1698;NA;337074;3;2021-07-03;107709
2021-07-02;"Žilinský kraj";0;3356;2;3358;NA;337074;2;2021-07-02;107706
2021-07-01;"Žilinský kraj";1;1118;0;1118;NA;337074;1;2021-07-01;107704
2021-06-30;"Žilinský kraj";1;10464;6;10470;NA;337074;7;2021-06-30;107703
2021-06-29;"Žilinský kraj";10;5946;0;5946;NA;337074;10;2021-06-29;107696
2021-06-28;"Žilinský kraj";4;6245;2;6247;NA;337074;6;2021-06-28;107686
2021-06-27;"Žilinský kraj";3;4702;1;4703;NA;337074;4;2021-06-27;107680
2021-06-26;"Žilinský kraj";4;5919;0;5919;NA;337074;4;2021-06-26;107676
2021-06-25;"Žilinský kraj";8;9756;5;9761;NA;337074;13;2021-06-25;107672
2021-06-24;"Žilinský kraj";6;5657;3;5660;NA;337074;9;2021-06-24;107659
2021-06-23;"Žilinský kraj";7;5955;10;5965;NA;337074;17;2021-06-23;107650
2021-06-22;"Žilinský kraj";6;5214;8;5222;NA;337074;14;2021-06-22;107633
2021-06-21;"Žilinský kraj";6;6287;8;6295;NA;337074;14;2021-06-21;107619
2021-06-20;"Žilinský kraj";1;5531;8;5539;NA;337074;9;2021-06-20;107605
2021-06-19;"Žilinský kraj";9;8353;2;8355;NA;337074;11;2021-06-19;107596
2021-06-18;"Žilinský kraj";11;10624;12;10636;NA;337074;23;2021-06-18;107585
2021-06-17;"Žilinský kraj";10;6092;12;6104;NA;337074;22;2021-06-17;107562
2021-06-16;"Žilinský kraj";17;5786;11;5797;NA;337074;28;2021-06-16;107540
2021-06-15;"Žilinský kraj";13;5996;13;6009;NA;337074;26;2021-06-15;107512
2021-06-14;"Žilinský kraj";10;7596;21;7617;NA;337074;31;2021-06-14;107486
2021-06-13;"Žilinský kraj";2;6682;9;6691;NA;337074;11;2021-06-13;107455
2021-06-12;"Žilinský kraj";9;8634;11;8645;NA;337074;20;2021-06-12;107444
2021-06-11;"Žilinský kraj";11;11566;14;11580;NA;337074;25;2021-06-11;107424
2021-06-10;"Žilinský kraj";14;6788;14;6802;NA;337074;28;2021-06-10;107399
2021-06-09;"Žilinský kraj";23;5925;14;5939;NA;337074;37;2021-06-09;107371
2021-06-08;"Žilinský kraj";18;6615;16;6631;NA;337074;34;2021-06-08;107334
2021-06-07;"Žilinský kraj";25;8534;21;8555;NA;337074;46;2021-06-07;107300
2021-06-06;"Žilinský kraj";10;8056;27;8083;NA;337074;37;2021-06-06;107254
2021-06-05;"Žilinský kraj";8;9175;10;9185;NA;337074;18;2021-06-05;107217
2021-06-04;"Žilinský kraj";19;12260;34;12294;NA;337074;53;2021-06-04;107199
2021-06-03;"Žilinský kraj";12;7033;33;7066;NA;337074;45;2021-06-03;107146
2021-06-02;"Žilinský kraj";17;7090;28;7118;NA;337074;45;2021-06-02;107101
2021-06-01;"Žilinský kraj";38;8285;46;8331;NA;337074;84;2021-06-01;107056
2021-05-31;"Žilinský kraj";31;9616;59;9675;NA;337074;90;2021-05-31;106972
2021-05-30;"Žilinský kraj";21;9025;35;9060;NA;337074;56;2021-05-30;106882
2021-05-29;"Žilinský kraj";13;11195;23;11218;NA;337074;36;2021-05-29;106826
2021-05-28;"Žilinský kraj";28;13277;30;13307;NA;337074;58;2021-05-28;106790
2021-05-27;"Žilinský kraj";17;8267;39;8306;NA;337074;56;2021-05-27;106732
2021-05-26;"Žilinský kraj";20;8329;25;8354;NA;337074;45;2021-05-26;106676
2021-05-25;"Žilinský kraj";21;9624;38;9662;NA;337074;59;2021-05-25;106631
2021-05-24;"Žilinský kraj";36;11487;57;11544;NA;337074;93;2021-05-24;106572
2021-05-23;"Žilinský kraj";4;10923;56;10979;NA;337074;60;2021-05-23;106479
2021-05-22;"Žilinský kraj";21;11893;28;11921;NA;337074;49;2021-05-22;106419
2021-05-21;"Žilinský kraj";28;15654;50;15704;NA;337074;78;2021-05-21;106370
2021-05-20;"Žilinský kraj";30;9616;30;9646;NA;337074;60;2021-05-20;106292
2021-05-19;"Žilinský kraj";46;8693;41;8734;NA;337074;87;2021-05-19;106232
2021-05-18;"Žilinský kraj";52;10609;44;10653;NA;337074;96;2021-05-18;106145
2021-05-17;"Žilinský kraj";51;12676;84;12760;NA;337074;135;2021-05-17;106049
2021-05-16;"Žilinský kraj";13;14114;42;14156;NA;337074;55;2021-05-16;105914
2021-05-15;"Žilinský kraj";30;18404;35;18439;NA;337074;65;2021-05-15;105859
2021-05-14;"Žilinský kraj";34;21205;82;21287;NA;337074;116;2021-05-14;105794
2021-05-13;"Žilinský kraj";64;11865;51;11916;NA;337074;115;2021-05-13;105678
2021-05-12;"Žilinský kraj";57;10337;51;10388;NA;337074;108;2021-05-12;105563
2021-05-11;"Žilinský kraj";70;12174;51;12225;NA;337074;121;2021-05-11;105455
2021-05-10;"Žilinský kraj";69;16182;72;16254;NA;337074;141;2021-05-10;105334
2021-05-09;"Žilinský kraj";58;20385;77;20462;NA;337074;135;2021-05-09;105193
2021-05-08;"Žilinský kraj";0;24133;63;24196;NA;337074;63;2021-05-08;105058
2021-05-07;"Žilinský kraj";65;26522;87;26609;NA;337074;152;2021-05-07;104995
2021-05-06;"Žilinský kraj";67;16605;72;16677;NA;337074;139;2021-05-06;104843
2021-05-05;"Žilinský kraj";71;13096;73;13169;NA;337074;144;2021-05-05;104704
2021-05-04;"Žilinský kraj";81;16749;80;16829;NA;337074;161;2021-05-04;104560
2021-05-03;"Žilinský kraj";97;20391;111;20502;NA;337074;208;2021-05-03;104399
2021-05-02;"Žilinský kraj";8;28886;64;28950;NA;337074;72;2021-05-02;104191
2021-05-01;"Žilinský kraj";65;55053;105;55158;NA;337074;170;2021-05-01;104119
2021-04-30;"Žilinský kraj";84;44000;117;44117;NA;337074;201;2021-04-30;103949
2021-04-29;"Žilinský kraj";77;24566;101;24667;NA;337074;178;2021-04-29;103748
2021-04-28;"Žilinský kraj";76;19214;91;19305;NA;337074;167;2021-04-28;103570
2021-04-27;"Žilinský kraj";97;21805;110;21915;NA;337074;207;2021-04-27;103403
2021-04-26;"Žilinský kraj";114;27412;136;27548;NA;337074;250;2021-04-26;103196
2021-04-25;"Žilinský kraj";38;35750;82;35832;NA;337074;120;2021-04-25;102946
2021-04-24;"Žilinský kraj";93;78854;157;79011;NA;337074;250;2021-04-24;102826
2021-04-23;"Žilinský kraj";144;49440;153;49593;NA;337074;297;2021-04-23;102576
2021-04-22;"Žilinský kraj";110;25224;132;25356;NA;337074;242;2021-04-22;102279
2021-04-21;"Žilinský kraj";118;20616;145;20761;NA;337074;263;2021-04-21;102037
2021-04-20;"Žilinský kraj";128;23873;136;24009;NA;337074;264;2021-04-20;101774
2021-04-19;"Žilinský kraj";164;32773;210;32983;NA;337074;374;2021-04-19;101510
2021-04-18;"Žilinský kraj";18;36767;91;36858;NA;337074;109;2021-04-18;101136
2021-04-17;"Žilinský kraj";108;89377;156;89533;NA;337074;264;2021-04-17;101027
2021-04-16;"Žilinský kraj";185;47847;208;48055;NA;337074;393;2021-04-16;100763
2021-04-15;"Žilinský kraj";108;24830;130;24960;NA;337074;238;2021-04-15;100370
2021-04-14;"Žilinský kraj";135;23145;145;23290;NA;337074;280;2021-04-14;100132
2021-04-13;"Žilinský kraj";171;25050;135;25185;NA;337074;306;2021-04-13;99852
2021-04-12;"Žilinský kraj";266;30794;189;30983;NA;337074;455;2021-04-12;99546
2021-04-11;"Žilinský kraj";19;37126;107;37233;NA;337074;126;2021-04-11;99091
2021-04-10;"Žilinský kraj";111;86284;237;86521;NA;337074;348;2021-04-10;98965
2021-04-09;"Žilinský kraj";195;41973;206;42179;NA;337074;401;2021-04-09;98617
2021-04-08;"Žilinský kraj";179;24404;141;24545;NA;337074;320;2021-04-08;98216
2021-04-07;"Žilinský kraj";309;28651;174;28825;NA;337074;483;2021-04-07;97896
2021-04-06;"Žilinský kraj";308;40107;301;40408;NA;337074;609;2021-04-06;97413
2021-04-05;"Žilinský kraj";17;14747;140;14887;NA;337074;157;2021-04-05;96804
2021-04-04;"Žilinský kraj";17;16284;69;16353;NA;337074;86;2021-04-04;96647
2021-04-03;"Žilinský kraj";180;100699;403;101102;NA;337074;583;2021-04-03;96561
2021-04-02;"Žilinský kraj";73;22411;83;22494;NA;337074;156;2021-04-02;95978
2021-04-01;"Žilinský kraj";334;43264;240;43504;NA;337074;574;2021-04-01;95822
2021-03-31;"Žilinský kraj";170;31635;247;31882;NA;337074;417;2021-03-31;95248
2021-03-30;"Žilinský kraj";406;26323;243;26566;NA;337074;649;2021-03-30;94831
2021-03-29;"Žilinský kraj";297;28029;268;28297;NA;337074;565;2021-03-29;94182
2021-03-28;"Žilinský kraj";21;36206;239;36445;NA;337074;260;2021-03-28;93617
2021-03-27;"Žilinský kraj";151;89107;353;89460;NA;337074;504;2021-03-27;93357
2021-03-26;"Žilinský kraj";312;51757;330;52087;NA;337074;642;2021-03-26;92853
2021-03-25;"Žilinský kraj";281;27619;214;27833;NA;337074;495;2021-03-25;92211
2021-03-24;"Žilinský kraj";280;21268;260;21528;NA;337074;540;2021-03-24;91716
2021-03-23;"Žilinský kraj";418;23193;278;23471;NA;337074;696;2021-03-23;91176
2021-03-22;"Žilinský kraj";293;29289;314;29603;NA;337074;607;2021-03-22;90480
2021-03-21;"Žilinský kraj";32;33705;227;33932;NA;337074;259;2021-03-21;89873
2021-03-20;"Žilinský kraj";165;93015;497;93512;NA;337074;662;2021-03-20;89614
2021-03-19;"Žilinský kraj";357;51988;414;52402;NA;337074;771;2021-03-19;88952
2021-03-18;"Žilinský kraj";329;28459;294;28753;NA;337074;623;2021-03-18;88181
2021-03-17;"Žilinský kraj";395;21919;269;22188;NA;337074;664;2021-03-17;87558
2021-03-16;"Žilinský kraj";514;24341;317;24658;NA;337074;831;2021-03-16;86894
2021-03-15;"Žilinský kraj";341;29613;419;30032;NA;337074;760;2021-03-15;86063
2021-03-14;"Žilinský kraj";87;34121;267;34388;NA;337074;354;2021-03-14;85303
2021-03-13;"Žilinský kraj";113;93386;581;93967;NA;337074;694;2021-03-13;84949
2021-03-12;"Žilinský kraj";520;52329;411;52740;NA;337074;931;2021-03-12;84255
2021-03-11;"Žilinský kraj";399;28189;302;28491;NA;337074;701;2021-03-11;83324
2021-03-10;"Žilinský kraj";368;22414;378;22792;NA;337074;746;2021-03-10;82623
2021-03-09;"Žilinský kraj";537;24857;316;25173;NA;337074;853;2021-03-09;81877
2021-03-08;"Žilinský kraj";387;30873;458;31331;NA;337074;845;2021-03-08;81024
2021-03-07;"Žilinský kraj";48;33469;290;33759;NA;337074;338;2021-03-07;80179
2021-03-06;"Žilinský kraj";173;92410;589;92999;NA;337074;762;2021-03-06;79841
2021-03-05;"Žilinský kraj";369;51987;484;52471;NA;337074;853;2021-03-05;79079
2021-03-04;"Žilinský kraj";467;30037;377;30414;NA;337074;844;2021-03-04;78226
2021-03-03;"Žilinský kraj";448;26261;394;26655;NA;337074;842;2021-03-03;77382
2021-03-02;"Žilinský kraj";551;25913;378;26291;NA;337074;929;2021-03-02;76540
2021-03-01;"Žilinský kraj";375;30498;441;30939;NA;337074;816;2021-03-01;75611
2021-02-28;"Žilinský kraj";61;34802;327;35129;NA;337074;388;2021-02-28;74795
2021-02-27;"Žilinský kraj";159;83781;639;84420;NA;337074;798;2021-02-27;74407
2021-02-26;"Žilinský kraj";459;47500;508;48008;NA;337074;967;2021-02-26;73609
2021-02-25;"Žilinský kraj";347;30879;393;31272;NA;337074;740;2021-02-25;72642
2021-02-24;"Žilinský kraj";339;18760;395;19155;NA;337074;734;2021-02-24;71902
2021-02-23;"Žilinský kraj";437;22172;418;22590;NA;337074;855;2021-02-23;71168
2021-02-22;"Žilinský kraj";345;29270;438;29708;NA;337074;783;2021-02-22;70313
2021-02-21;"Žilinský kraj";36;28686;322;29008;NA;337074;358;2021-02-21;69530
2021-02-20;"Žilinský kraj";152;89944;671;90615;NA;337074;823;2021-02-20;69172
2021-02-19;"Žilinský kraj";337;45541;417;45958;NA;337074;754;2021-02-19;68349
2021-02-18;"Žilinský kraj";263;24662;337;24999;NA;337074;600;2021-02-18;67595
2021-02-17;"Žilinský kraj";269;17932;355;18287;NA;337074;624;2021-02-17;66995
2021-02-16;"Žilinský kraj";321;24298;325;24623;NA;337074;646;2021-02-16;66371
2021-02-15;"Žilinský kraj";230;30420;311;30731;NA;337074;541;2021-02-15;65725
2021-02-14;"Žilinský kraj";30;28574;231;28805;NA;337074;261;2021-02-14;65184
2021-02-13;"Žilinský kraj";91;69638;453;70091;NA;337074;544;2021-02-13;64923
2021-02-12;"Žilinský kraj";242;43338;336;43674;NA;337074;578;2021-02-12;64379
2021-02-11;"Žilinský kraj";228;23521;300;23821;NA;337074;528;2021-02-11;63801
2021-02-10;"Žilinský kraj";259;17894;267;18161;NA;337074;526;2021-02-10;63273
2021-02-09;"Žilinský kraj";377;24784;274;25058;NA;337074;651;2021-02-09;62747
2021-02-08;"Žilinský kraj";160;41375;390;41765;NA;337074;550;2021-02-08;62096
2021-02-07;"Žilinský kraj";24;46446;252;46698;NA;337074;276;2021-02-07;61546
2021-02-06;"Žilinský kraj";71;72880;367;73247;NA;337074;438;2021-02-06;61270
2021-02-05;"Žilinský kraj";248;31869;323;32192;NA;337074;571;2021-02-05;60832
2021-02-04;"Žilinský kraj";238;13240;258;13498;NA;337074;496;2021-02-04;60261
2021-02-03;"Žilinský kraj";194;9186;255;9441;NA;337074;449;2021-02-03;59765
2021-02-02;"Žilinský kraj";216;9280;272;9552;NA;337074;488;2021-02-02;59316
2021-02-01;"Žilinský kraj";220;19690;370;20060;NA;337074;590;2021-02-01;58828
2021-01-31;"Žilinský kraj";11;2652;27;2679;NA;337074;38;2021-01-31;58238
2021-01-30;"Žilinský kraj";85;18447;187;18634;NA;337074;272;2021-01-30;58200
2021-01-29;"Žilinský kraj";209;22891;304;23195;NA;337074;513;2021-01-29;57928
2021-01-28;"Žilinský kraj";240;5533;172;5705;NA;337074;412;2021-01-28;57415
2021-01-27;"Žilinský kraj";256;6725;119;6844;NA;337074;375;2021-01-27;57003
2021-01-26;"Žilinský kraj";245;49781;348;50129;NA;337074;593;2021-01-26;56628
2021-01-25;"Žilinský kraj";159;21245;150;21395;NA;337074;309;2021-01-25;56035
2021-01-24;"Žilinský kraj";22;55835;268;56103;NA;337074;290;2021-01-24;55726
2021-01-23;"Žilinský kraj";91;101730;444;102174;NA;337074;535;2021-01-23;55436
2021-01-22;"Žilinský kraj";163;32160;237;32397;NA;337074;400;2021-01-22;54901
2021-01-21;"Žilinský kraj";116;19828;181;20009;NA;337074;297;2021-01-21;54501
2021-01-20;"Žilinský kraj";236;17126;159;17285;NA;337074;395;2021-01-20;54204
2021-01-19;"Žilinský kraj";245;15730;285;16015;NA;337074;530;2021-01-19;53809
2021-01-18;"Žilinský kraj";236;12685;326;13011;NA;337074;562;2021-01-18;53279
2021-01-17;"Žilinský kraj";95;147;8;155;NA;337074;103;2021-01-17;52717
2021-01-16;"Žilinský kraj";14;516;31;547;NA;337074;45;2021-01-16;52614
2021-01-15;"Žilinský kraj";248;7486;209;7695;NA;337074;457;2021-01-15;52569
2021-01-14;"Žilinský kraj";166;5319;239;5558;NA;337074;405;2021-01-14;52112
2021-01-13;"Žilinský kraj";247;11263;557;11820;NA;337074;804;2021-01-13;51707
2021-01-12;"Žilinský kraj";376;8410;385;8795;NA;337074;761;2021-01-12;50903
2021-01-11;"Žilinský kraj";351;10058;465;10523;NA;337074;816;2021-01-11;50142
2021-01-10;"Žilinský kraj";38;229;6;235;NA;337074;44;2021-01-10;49326
2021-01-09;"Žilinský kraj";192;1282;60;1342;NA;337074;252;2021-01-09;49282
2021-01-08;"Žilinský kraj";413;8721;462;9183;NA;337074;875;2021-01-08;49030
2021-01-07;"Žilinský kraj";438;23407;1872;25279;NA;337074;2310;2021-01-07;48155
2021-01-06;"Žilinský kraj";145;1076;67;1143;NA;337074;212;2021-01-06;45845
2021-01-05;"Žilinský kraj";717;10227;796;11023;NA;337074;1513;2021-01-05;45633
2021-01-04;"Žilinský kraj";479;9313;893;10206;NA;337074;1372;2021-01-04;44120
2021-01-03;"Žilinský kraj";13;1006;107;1113;NA;337074;120;2021-01-03;42748
2021-01-02;"Žilinský kraj";98;789;91;880;NA;337074;189;2021-01-02;42628
2021-01-01;"Žilinský kraj";118;241;13;254;NA;337074;131;2021-01-01;42439
2020-12-31;"Žilinský kraj";395;9626;784;10410;NA;337074;1179;2020-12-31;42308
2020-12-30;"Žilinský kraj";1038;11781;823;12604;NA;337074;1861;2020-12-30;41129
2020-12-29;"Žilinský kraj";256;10159;979;11138;NA;337074;1235;2020-12-29;39268
2020-12-28;"Žilinský kraj";406;10704;976;11680;NA;337074;1382;2020-12-28;38033
2020-12-27;"Žilinský kraj";40;684;94;778;NA;337074;134;2020-12-27;36651
2020-12-26;"Žilinský kraj";135;593;48;641;NA;337074;183;2020-12-26;36517
2020-12-25;"Žilinský kraj";66;83;9;92;NA;337074;75;2020-12-25;36334
2020-12-24;"Žilinský kraj";643;667;55;722;NA;337074;698;2020-12-24;36259
2020-12-23;"Žilinský kraj";228;16229;975;17204;NA;337074;1203;2020-12-23;35561
2020-12-22;"Žilinský kraj";519;13483;988;14471;NA;337074;1507;2020-12-22;34358
2020-12-21;"Žilinský kraj";444;12429;1078;13507;NA;337074;1522;2020-12-21;32851
2020-12-20;"Žilinský kraj";36;598;80;678;NA;337074;116;2020-12-20;31329
2020-12-19;"Žilinský kraj";208;1678;127;1805;NA;337074;335;2020-12-19;31213
2020-12-18;"Žilinský kraj";333;6553;370;6923;NA;337074;703;2020-12-18;30878
2020-12-17;"Žilinský kraj";500;3922;262;4184;NA;337074;762;2020-12-17;30175
2020-12-16;"Žilinský kraj";333;3815;267;4082;NA;337074;600;2020-12-16;29413
2020-12-15;"Žilinský kraj";528;3729;340;4069;NA;337074;868;2020-12-15;28813
2020-12-14;"Žilinský kraj";321;3884;309;4193;NA;337074;630;2020-12-14;27945
2020-12-13;"Žilinský kraj";26;494;66;560;NA;337074;92;2020-12-13;27315
2020-12-12;"Žilinský kraj";95;767;46;813;NA;337074;141;2020-12-12;27223
2020-12-11;"Žilinský kraj";455;3938;227;4165;NA;337074;682;2020-12-11;27082
2020-12-10;"Žilinský kraj";166;9129;838;9967;NA;337074;1004;2020-12-10;26400
2020-12-09;"Žilinský kraj";392;2169;132;2301;NA;337074;524;2020-12-09;25396
2020-12-08;"Žilinský kraj";331;3127;101;3228;NA;337074;432;2020-12-08;24872
2020-12-07;"Žilinský kraj";348;2746;162;2908;NA;337074;510;2020-12-07;24440
2020-12-06;"Žilinský kraj";15;128;6;134;NA;337074;21;2020-12-06;23930
2020-12-05;"Žilinský kraj";98;781;41;822;NA;337074;139;2020-12-05;23909
2020-12-04;"Žilinský kraj";228;3091;107;3198;NA;337074;335;2020-12-04;23770
2020-12-03;"Žilinský kraj";237;1609;115;1724;NA;337074;352;2020-12-03;23435
2020-12-02;"Žilinský kraj";181;1710;94;1804;NA;337074;275;2020-12-02;23083
2020-12-01;"Žilinský kraj";209;6239;284;6523;NA;337074;493;2020-12-01;22808
2020-11-30;"Žilinský kraj";203;5326;305;5631;NA;337074;508;2020-11-30;22315
2020-11-29;"Žilinský kraj";18;81;7;88;NA;337074;25;2020-11-29;21807
2020-11-28;"Žilinský kraj";99;349;15;364;NA;337074;114;2020-11-28;21782
2020-11-27;"Žilinský kraj";218;904;46;950;NA;337074;264;2020-11-27;21668
2020-11-26;"Žilinský kraj";190;1041;54;1095;NA;337074;244;2020-11-26;21404
2020-11-25;"Žilinský kraj";225;1217;49;1266;NA;337074;274;2020-11-25;21160
2020-11-24;"Žilinský kraj";213;2139;67;2206;NA;337074;280;2020-11-24;20886
2020-11-23;"Žilinský kraj";170;759;44;803;NA;337074;214;2020-11-23;20606
2020-11-22;"Žilinský kraj";11;67;2;69;NA;337074;13;2020-11-22;20392
2020-11-21;"Žilinský kraj";61;505;20;525;NA;337074;81;2020-11-21;20379
2020-11-20;"Žilinský kraj";251;1074;45;1119;NA;337074;296;2020-11-20;20298
2020-11-19;"Žilinský kraj";252;752;61;813;NA;337074;313;2020-11-19;20002
2020-11-18;"Žilinský kraj";346;348;15;363;NA;337074;361;2020-11-18;19689
2020-11-17;"Žilinský kraj";123;490;15;505;NA;337074;138;2020-11-17;19328
2020-11-16;"Žilinský kraj";227;247;15;262;NA;337074;242;2020-11-16;19190
2020-11-15;"Žilinský kraj";63;13;0;13;NA;337074;63;2020-11-15;18948
2020-11-14;"Žilinský kraj";189;1038;11;1049;NA;337074;200;2020-11-14;18885
2020-11-13;"Žilinský kraj";181;125;9;134;NA;337074;190;2020-11-13;18685
2020-11-12;"Žilinský kraj";334;79;2;81;NA;337074;336;2020-11-12;18495
2020-11-11;"Žilinský kraj";489;147;10;157;NA;337074;499;2020-11-11;18159
2020-11-10;"Žilinský kraj";374;519;9;528;NA;337074;383;2020-11-10;17660
2020-11-09;"Žilinský kraj";143;2335;30;2365;NA;337074;173;2020-11-09;17277
2020-11-08;"Žilinský kraj";59;2538;37;2575;NA;337074;96;2020-11-08;17104
2020-11-07;"Žilinský kraj";312;8175;88;8263;NA;337074;400;2020-11-07;17008
2020-11-06;"Žilinský kraj";503;4090;38;4128;NA;337074;541;2020-11-06;16608
2020-11-05;"Žilinský kraj";473;64;4;68;NA;337074;477;2020-11-05;16067
2020-11-04;"Žilinský kraj";423;178;10;188;NA;337074;433;2020-11-04;15590
2020-11-03;"Žilinský kraj";688;889;16;905;NA;337074;704;2020-11-03;15157
2020-11-02;"Žilinský kraj";472;1043;39;1082;NA;337074;511;2020-11-02;14453
2020-11-01;"Žilinský kraj";349;5096;130;5226;NA;337074;479;2020-11-01;13942
2020-10-31;"Žilinský kraj";661;7963;203;8166;NA;337074;864;2020-10-31;13463
2020-10-30;"Žilinský kraj";529;2575;61;2636;NA;337074;590;2020-10-30;12599
2020-10-29;"Žilinský kraj";740;503;17;520;NA;337074;757;2020-10-29;12009
2020-10-28;"Žilinský kraj";635;105;11;116;NA;337074;646;2020-10-28;11252
2020-10-27;"Žilinský kraj";355;154;24;178;NA;337074;379;2020-10-27;10606
2020-10-26;"Žilinský kraj";148;117;28;145;NA;337074;176;2020-10-26;10227
2020-10-25;"Žilinský kraj";436;0;0;0;NA;337074;436;2020-10-25;10051
2020-10-24;"Žilinský kraj";803;0;0;0;NA;337074;803;2020-10-24;9615
2020-10-23;"Žilinský kraj";197;102;13;115;NA;337074;210;2020-10-23;8812
