"Datum";"Region";"PCR_Pos";"Ag_Neg";"Ag_Pos";"Total";"Pocet.potvrdenych";"Potvrdenych";"newcases";"date";"positive"
2022-04-04;"Banskobystrický kraj";553;0;0;0;178220;203663;553;2022-04-04;203663
2022-04-03;"Banskobystrický kraj";66;328;70;398;NA;203663;136;2022-04-03;203110
2022-04-02;"Banskobystrický kraj";208;114;32;146;NA;203663;240;2022-04-02;202974
2022-04-01;"Banskobystrický kraj";529;1186;137;1323;NA;203663;666;2022-04-01;202734
2022-03-31;"Banskobystrický kraj";516;1775;102;1877;NA;203663;618;2022-03-31;202068
2022-03-30;"Banskobystrický kraj";734;1541;125;1666;NA;203663;859;2022-03-30;201450
2022-03-29;"Banskobystrický kraj";666;1380;161;1541;NA;203663;827;2022-03-29;200591
2022-03-28;"Banskobystrický kraj";618;2523;318;2841;NA;203663;936;2022-03-28;199764
2022-03-27;"Banskobystrický kraj";147;686;114;800;NA;203663;261;2022-03-27;198828
2022-03-26;"Banskobystrický kraj";343;150;53;203;NA;203663;396;2022-03-26;198567
2022-03-25;"Banskobystrický kraj";721;1378;192;1570;NA;203663;913;2022-03-25;198171
2022-03-24;"Banskobystrický kraj";769;1789;162;1951;NA;203663;931;2022-03-24;197258
2022-03-23;"Banskobystrický kraj";823;1643;201;1844;NA;203663;1024;2022-03-23;196327
2022-03-22;"Banskobystrický kraj";1148;1703;220;1923;NA;203663;1368;2022-03-22;195303
2022-03-21;"Banskobystrický kraj";879;2711;356;3067;NA;203663;1235;2022-03-21;193935
2022-03-20;"Banskobystrický kraj";172;604;174;778;NA;203663;346;2022-03-20;192700
2022-03-19;"Banskobystrický kraj";529;218;89;307;NA;203663;618;2022-03-19;192354
2022-03-18;"Banskobystrický kraj";819;2081;200;2281;NA;203663;1019;2022-03-18;191736
2022-03-17;"Banskobystrický kraj";981;3476;224;3700;NA;203663;1205;2022-03-17;190717
2022-03-16;"Banskobystrický kraj";1189;1396;235;1631;NA;203663;1424;2022-03-16;189512
2022-03-15;"Banskobystrický kraj";1420;1730;231;1961;NA;203663;1651;2022-03-15;188088
2022-03-14;"Banskobystrický kraj";948;3220;426;3646;NA;203663;1374;2022-03-14;186437
2022-03-13;"Banskobystrický kraj";224;576;216;792;NA;203663;440;2022-03-13;185063
2022-03-12;"Banskobystrický kraj";625;262;94;356;NA;203663;719;2022-03-12;184623
2022-03-11;"Banskobystrický kraj";1144;1817;287;2104;NA;203663;1431;2022-03-11;183904
2022-03-10;"Banskobystrický kraj";1325;2126;311;2437;NA;203663;1636;2022-03-10;182473
2022-03-09;"Banskobystrický kraj";1370;2033;333;2366;NA;203663;1703;2022-03-09;180837
2022-03-08;"Banskobystrický kraj";1738;2327;376;2703;NA;203663;2114;2022-03-08;179134
2022-03-07;"Banskobystrický kraj";1048;4974;604;5578;NA;203663;1652;2022-03-07;177020
2022-03-06;"Banskobystrický kraj";356;1264;278;1542;NA;203663;634;2022-03-06;175368
2022-03-05;"Banskobystrický kraj";745;494;180;674;NA;203663;925;2022-03-05;174734
2022-03-04;"Banskobystrický kraj";1302;2574;391;2965;NA;203663;1693;2022-03-04;173809
2022-03-03;"Banskobystrický kraj";1766;3465;386;3851;NA;203663;2152;2022-03-03;172116
2022-03-02;"Banskobystrický kraj";1515;5604;415;6019;NA;203663;1930;2022-03-02;169964
2022-03-01;"Banskobystrický kraj";1842;3325;396;3721;NA;203663;2238;2022-03-01;168034
2022-02-28;"Banskobystrický kraj";1050;4913;708;5621;NA;203663;1758;2022-02-28;165796
2022-02-27;"Banskobystrický kraj";604;1162;303;1465;NA;203663;907;2022-02-27;164038
2022-02-26;"Banskobystrický kraj";909;528;154;682;NA;203663;1063;2022-02-26;163131
2022-02-25;"Banskobystrický kraj";1591;2518;430;2948;NA;203663;2021;2022-02-25;162068
2022-02-24;"Banskobystrický kraj";1781;3858;404;4262;NA;203663;2185;2022-02-24;160047
2022-02-23;"Banskobystrický kraj";2094;2869;454;3323;NA;203663;2548;2022-02-23;157862
2022-02-22;"Banskobystrický kraj";2195;3736;469;4205;NA;203663;2664;2022-02-22;155314
2022-02-21;"Banskobystrický kraj";1409;5732;806;6538;NA;203663;2215;2022-02-21;152650
2022-02-20;"Banskobystrický kraj";484;1717;423;2140;NA;203663;907;2022-02-20;150435
2022-02-19;"Banskobystrický kraj";1180;774;242;1016;NA;203663;1422;2022-02-19;149528
2022-02-18;"Banskobystrický kraj";2473;3620;541;4161;NA;203663;3014;2022-02-18;148106
2022-02-17;"Banskobystrický kraj";1924;4239;460;4699;NA;203663;2384;2022-02-17;145092
2022-02-16;"Banskobystrický kraj";1856;3635;543;4178;NA;203663;2399;2022-02-16;142708
2022-02-15;"Banskobystrický kraj";2287;4459;584;5043;NA;203663;2871;2022-02-15;140309
2022-02-14;"Banskobystrický kraj";2071;6848;891;7739;NA;203663;2962;2022-02-14;137438
2022-02-13;"Banskobystrický kraj";577;2247;471;2718;NA;203663;1048;2022-02-13;134476
2022-02-12;"Banskobystrický kraj";1308;906;308;1214;NA;203663;1616;2022-02-12;133428
2022-02-11;"Banskobystrický kraj";2684;3818;555;4373;NA;203663;3239;2022-02-11;131812
2022-02-10;"Banskobystrický kraj";1765;5733;567;6300;NA;203663;2332;2022-02-10;128573
2022-02-09;"Banskobystrický kraj";2544;3794;569;4363;NA;203663;3113;2022-02-09;126241
2022-02-08;"Banskobystrický kraj";1806;4418;538;4956;NA;203663;2344;2022-02-08;123128
2022-02-07;"Banskobystrický kraj";1683;7388;728;8116;NA;203663;2411;2022-02-07;120784
2022-02-06;"Banskobystrický kraj";604;2244;392;2636;NA;203663;996;2022-02-06;118373
2022-02-05;"Banskobystrický kraj";1032;1434;233;1667;NA;203663;1265;2022-02-05;117377
2022-02-04;"Banskobystrický kraj";1866;3745;438;4183;NA;203663;2304;2022-02-04;116112
2022-02-03;"Banskobystrický kraj";1561;5433;359;5792;NA;203663;1920;2022-02-03;113808
2022-02-02;"Banskobystrický kraj";1716;4780;395;5175;NA;203663;2111;2022-02-02;111888
2022-02-01;"Banskobystrický kraj";1918;4558;410;4968;NA;203663;2328;2022-02-01;109777
2022-01-31;"Banskobystrický kraj";779;9006;553;9559;NA;203663;1332;2022-01-31;107449
2022-01-30;"Banskobystrický kraj";412;3055;267;3322;NA;203663;679;2022-01-30;106117
2022-01-29;"Banskobystrický kraj";981;1155;174;1329;NA;203663;1155;2022-01-29;105438
2022-01-28;"Banskobystrický kraj";1040;3814;313;4127;NA;203663;1353;2022-01-28;104283
2022-01-27;"Banskobystrický kraj";1035;4955;225;5180;NA;203663;1260;2022-01-27;102930
2022-01-26;"Banskobystrický kraj";1060;4035;213;4248;NA;203663;1273;2022-01-26;101670
2022-01-25;"Banskobystrický kraj";1001;6119;257;6376;NA;203663;1258;2022-01-25;100397
2022-01-24;"Banskobystrický kraj";557;10186;257;10443;NA;203663;814;2022-01-24;99139
2022-01-23;"Banskobystrický kraj";246;3710;129;3839;NA;203663;375;2022-01-23;98325
2022-01-22;"Banskobystrický kraj";411;1077;64;1141;NA;203663;475;2022-01-22;97950
2022-01-21;"Banskobystrický kraj";578;3491;113;3604;NA;203663;691;2022-01-21;97475
2022-01-20;"Banskobystrický kraj";490;3810;91;3901;NA;203663;581;2022-01-20;96784
2022-01-19;"Banskobystrický kraj";421;4173;98;4271;NA;203663;519;2022-01-19;96203
2022-01-18;"Banskobystrický kraj";517;4737;95;4832;NA;203663;612;2022-01-18;95684
2022-01-17;"Banskobystrický kraj";269;8102;114;8216;NA;203663;383;2022-01-17;95072
2022-01-16;"Banskobystrický kraj";63;2746;84;2830;NA;203663;147;2022-01-16;94689
2022-01-15;"Banskobystrický kraj";287;858;16;874;NA;203663;303;2022-01-15;94542
2022-01-14;"Banskobystrický kraj";165;2758;67;2825;NA;203663;232;2022-01-14;94239
2022-01-13;"Banskobystrický kraj";182;3411;57;3468;NA;203663;239;2022-01-13;94007
2022-01-12;"Banskobystrický kraj";241;3787;67;3854;NA;203663;308;2022-01-12;93768
2022-01-11;"Banskobystrický kraj";327;4970;74;5044;NA;203663;401;2022-01-11;93460
2022-01-10;"Banskobystrický kraj";219;8173;113;8286;NA;203663;332;2022-01-10;93059
2022-01-09;"Banskobystrický kraj";54;3514;38;3552;NA;203663;92;2022-01-09;92727
2022-01-08;"Banskobystrický kraj";177;1054;40;1094;NA;203663;217;2022-01-08;92635
2022-01-07;"Banskobystrický kraj";320;3087;86;3173;NA;203663;406;2022-01-07;92418
2022-01-06;"Banskobystrický kraj";101;985;21;1006;NA;203663;122;2022-01-06;92012
2022-01-05;"Banskobystrický kraj";376;2852;67;2919;NA;203663;443;2022-01-05;91890
2022-01-04;"Banskobystrický kraj";458;4197;72;4269;NA;203663;530;2022-01-04;91447
2022-01-03;"Banskobystrický kraj";420;8216;115;8331;NA;203663;535;2022-01-03;90917
2022-01-02;"Banskobystrický kraj";117;2239;95;2334;NA;203663;212;2022-01-02;90382
2022-01-01;"Banskobystrický kraj";33;80;4;84;NA;203663;37;2022-01-01;90170
2022-04-04;"Bratislavský kraj";827;0;0;0;239118;263875;827;2022-04-04;263875
2022-04-03;"Bratislavský kraj";589;708;65;773;NA;263875;654;2022-04-03;263048
2022-04-02;"Bratislavský kraj";863;790;67;857;NA;263875;930;2022-04-02;262394
2022-04-01;"Bratislavský kraj";1381;1838;121;1959;NA;263875;1502;2022-04-01;261464
2022-03-31;"Bratislavský kraj";1305;2685;150;2835;NA;263875;1455;2022-03-31;259962
2022-03-30;"Bratislavský kraj";1516;2102;154;2256;NA;263875;1670;2022-03-30;258507
2022-03-29;"Bratislavský kraj";1327;2536;215;2751;NA;263875;1542;2022-03-29;256837
2022-03-28;"Bratislavský kraj";1275;4142;260;4402;NA;263875;1535;2022-03-28;255295
2022-03-27;"Bratislavský kraj";962;1215;146;1361;NA;263875;1108;2022-03-27;253760
2022-03-26;"Bratislavský kraj";1391;1166;104;1270;NA;263875;1495;2022-03-26;252652
2022-03-25;"Bratislavský kraj";1793;2509;170;2679;NA;263875;1963;2022-03-25;251157
2022-03-24;"Bratislavský kraj";1708;2833;194;3027;NA;263875;1902;2022-03-24;249194
2022-03-23;"Bratislavský kraj";2093;2812;192;3004;NA;263875;2285;2022-03-23;247292
2022-03-22;"Bratislavský kraj";1857;2864;229;3093;NA;263875;2086;2022-03-22;245007
2022-03-21;"Bratislavský kraj";1469;4326;371;4697;NA;263875;1840;2022-03-21;242921
2022-03-20;"Bratislavský kraj";935;1344;175;1519;NA;263875;1110;2022-03-20;241081
2022-03-19;"Bratislavský kraj";1672;1481;136;1617;NA;263875;1808;2022-03-19;239971
2022-03-18;"Bratislavský kraj";1977;2930;208;3138;NA;263875;2185;2022-03-18;238163
2022-03-17;"Bratislavský kraj";2024;3477;245;3722;NA;263875;2269;2022-03-17;235978
2022-03-16;"Bratislavský kraj";1895;2748;257;3005;NA;263875;2152;2022-03-16;233709
2022-03-15;"Bratislavský kraj";1982;3779;338;4117;NA;263875;2320;2022-03-15;231557
2022-03-14;"Bratislavský kraj";1557;4095;342;4437;NA;263875;1899;2022-03-14;229237
2022-03-13;"Bratislavský kraj";738;1311;161;1472;NA;263875;899;2022-03-13;227338
2022-03-12;"Bratislavský kraj";1632;1250;110;1360;NA;263875;1742;2022-03-12;226439
2022-03-11;"Bratislavský kraj";1184;3141;316;3457;NA;263875;1500;2022-03-11;224697
2022-03-10;"Bratislavský kraj";1706;3576;347;3923;NA;263875;2053;2022-03-10;223197
2022-03-09;"Bratislavský kraj";1723;2810;276;3086;NA;263875;1999;2022-03-09;221144
2022-03-08;"Bratislavský kraj";1925;3821;342;4163;NA;263875;2267;2022-03-08;219145
2022-03-07;"Bratislavský kraj";1451;4273;478;4751;NA;263875;1929;2022-03-07;216878
2022-03-06;"Bratislavský kraj";850;1541;213;1754;NA;263875;1063;2022-03-06;214949
2022-03-05;"Bratislavský kraj";1203;1331;178;1509;NA;263875;1381;2022-03-05;213886
2022-03-04;"Bratislavský kraj";1443;2994;307;3301;NA;263875;1750;2022-03-04;212505
2022-03-03;"Bratislavský kraj";1599;3281;328;3609;NA;263875;1927;2022-03-03;210755
2022-03-02;"Bratislavský kraj";1677;2536;309;2845;NA;263875;1986;2022-03-02;208828
2022-03-01;"Bratislavský kraj";1560;3651;341;3992;NA;263875;1901;2022-03-01;206842
2022-02-28;"Bratislavský kraj";1593;4052;472;4524;NA;263875;2065;2022-02-28;204941
2022-02-27;"Bratislavský kraj";1156;1746;227;1973;NA;263875;1383;2022-02-27;202876
2022-02-26;"Bratislavský kraj";1228;1749;209;1958;NA;263875;1437;2022-02-26;201493
2022-02-25;"Bratislavský kraj";1692;3604;323;3927;NA;263875;2015;2022-02-25;200056
2022-02-24;"Bratislavský kraj";1760;3992;324;4316;NA;263875;2084;2022-02-24;198041
2022-02-23;"Bratislavský kraj";2105;3450;393;3843;NA;263875;2498;2022-02-23;195957
2022-02-22;"Bratislavský kraj";2951;4213;384;4597;NA;263875;3335;2022-02-22;193459
2022-02-21;"Bratislavský kraj";781;5116;517;5633;NA;263875;1298;2022-02-21;190124
2022-02-20;"Bratislavský kraj";1314;2005;294;2299;NA;263875;1608;2022-02-20;188826
2022-02-19;"Bratislavský kraj";1510;1929;235;2164;NA;263875;1745;2022-02-19;187218
2022-02-18;"Bratislavský kraj";2315;3835;378;4213;NA;263875;2693;2022-02-18;185473
2022-02-17;"Bratislavský kraj";2279;4412;416;4828;NA;263875;2695;2022-02-17;182780
2022-02-16;"Bratislavský kraj";2137;3749;419;4168;NA;263875;2556;2022-02-16;180085
2022-02-15;"Bratislavský kraj";2276;4894;475;5369;NA;263875;2751;2022-02-15;177529
2022-02-14;"Bratislavský kraj";2700;6170;601;6771;NA;263875;3301;2022-02-14;174778
2022-02-13;"Bratislavský kraj";1343;2248;395;2643;NA;263875;1738;2022-02-13;171477
2022-02-12;"Bratislavský kraj";1872;2273;336;2609;NA;263875;2208;2022-02-12;169739
2022-02-11;"Bratislavský kraj";2431;5054;419;5473;NA;263875;2850;2022-02-11;167531
2022-02-10;"Bratislavský kraj";2595;4563;427;4990;NA;263875;3022;2022-02-10;164681
2022-02-09;"Bratislavský kraj";2414;4706;477;5183;NA;263875;2891;2022-02-09;161659
2022-02-08;"Bratislavský kraj";2878;5134;512;5646;NA;263875;3390;2022-02-08;158768
2022-02-07;"Bratislavský kraj";2636;6970;668;7638;NA;263875;3304;2022-02-07;155378
2022-02-06;"Bratislavský kraj";1680;3005;382;3387;NA;263875;2062;2022-02-06;152074
2022-02-05;"Bratislavský kraj";2156;2456;315;2771;NA;263875;2471;2022-02-05;150012
2022-02-04;"Bratislavský kraj";2586;4679;408;5087;NA;263875;2994;2022-02-04;147541
2022-02-03;"Bratislavský kraj";2540;6005;435;6440;NA;263875;2975;2022-02-03;144547
2022-02-02;"Bratislavský kraj";2655;5035;465;5500;NA;263875;3120;2022-02-02;141572
2022-02-01;"Bratislavský kraj";2758;6001;469;6470;NA;263875;3227;2022-02-01;138452
2022-01-31;"Bratislavský kraj";2172;8357;712;9069;NA;263875;2884;2022-01-31;135225
2022-01-30;"Bratislavský kraj";1418;3314;362;3676;NA;263875;1780;2022-01-30;132341
2022-01-29;"Bratislavský kraj";1762;3138;326;3464;NA;263875;2088;2022-01-29;130561
2022-01-28;"Bratislavský kraj";2237;5047;389;5436;NA;263875;2626;2022-01-28;128473
2022-01-27;"Bratislavský kraj";2014;5975;334;6309;NA;263875;2348;2022-01-27;125847
2022-01-26;"Bratislavský kraj";1792;4895;367;5262;NA;263875;2159;2022-01-26;123499
2022-01-25;"Bratislavský kraj";1933;5551;385;5936;NA;263875;2318;2022-01-25;121340
2022-01-24;"Bratislavský kraj";1173;7911;315;8226;NA;263875;1488;2022-01-24;119022
2022-01-23;"Bratislavský kraj";862;3289;151;3440;NA;263875;1013;2022-01-23;117534
2022-01-22;"Bratislavský kraj";1130;2802;125;2927;NA;263875;1255;2022-01-22;116521
2022-01-21;"Bratislavský kraj";1057;4656;166;4822;NA;263875;1223;2022-01-21;115266
2022-01-20;"Bratislavský kraj";940;4893;146;5039;NA;263875;1086;2022-01-20;114043
2022-01-19;"Bratislavský kraj";857;4618;169;4787;NA;263875;1026;2022-01-19;112957
2022-01-18;"Bratislavský kraj";794;5002;163;5165;NA;263875;957;2022-01-18;111931
2022-01-17;"Bratislavský kraj";534;7242;150;7392;NA;263875;684;2022-01-17;110974
2022-01-16;"Bratislavský kraj";300;2854;77;2931;NA;263875;377;2022-01-16;110290
2022-01-15;"Bratislavský kraj";543;2139;71;2210;NA;263875;614;2022-01-15;109913
2022-01-14;"Bratislavský kraj";356;3692;70;3762;NA;263875;426;2022-01-14;109299
2022-01-13;"Bratislavský kraj";382;4579;82;4661;NA;263875;464;2022-01-13;108873
2022-01-12;"Bratislavský kraj";415;4014;71;4085;NA;263875;486;2022-01-12;108409
2022-01-11;"Bratislavský kraj";407;4910;110;5020;NA;263875;517;2022-01-11;107923
2022-01-10;"Bratislavský kraj";413;6380;101;6481;NA;263875;514;2022-01-10;107406
2022-01-09;"Bratislavský kraj";187;3080;71;3151;NA;263875;258;2022-01-09;106892
2022-01-08;"Bratislavský kraj";323;1951;58;2009;NA;263875;381;2022-01-08;106634
2022-01-07;"Bratislavský kraj";436;3809;100;3909;NA;263875;536;2022-01-07;106253
2022-01-06;"Bratislavský kraj";192;2163;51;2214;NA;263875;243;2022-01-06;105717
2022-01-05;"Bratislavský kraj";426;4047;69;4116;NA;263875;495;2022-01-05;105474
2022-01-04;"Bratislavský kraj";446;4467;101;4568;NA;263875;547;2022-01-04;104979
2022-01-03;"Bratislavský kraj";578;5672;129;5801;NA;263875;707;2022-01-03;104432
2022-01-02;"Bratislavský kraj";198;3137;80;3217;NA;263875;278;2022-01-02;103725
2022-01-01;"Bratislavský kraj";7;1103;36;1139;NA;263875;43;2022-01-01;103447
2022-04-04;"Košický kraj";694;0;0;0;228464;265816;694;2022-04-04;265816
2022-04-03;"Košický kraj";208;289;67;356;NA;265816;275;2022-04-03;265122
2022-04-02;"Košický kraj";331;383;63;446;NA;265816;394;2022-04-02;264847
2022-04-01;"Košický kraj";714;1438;191;1629;NA;265816;905;2022-04-01;264453
2022-03-31;"Košický kraj";745;1763;193;1956;NA;265816;938;2022-03-31;263548
2022-03-30;"Košický kraj";1081;2127;236;2363;NA;265816;1317;2022-03-30;262610
2022-03-29;"Košický kraj";683;2377;317;2694;NA;265816;1000;2022-03-29;261293
2022-03-28;"Košický kraj";886;3359;443;3802;NA;265816;1329;2022-03-28;260293
2022-03-27;"Košický kraj";355;1168;230;1398;NA;265816;585;2022-03-27;258964
2022-03-26;"Košický kraj";593;932;165;1097;NA;265816;758;2022-03-26;258379
2022-03-25;"Košický kraj";958;1819;316;2135;NA;265816;1274;2022-03-25;257621
2022-03-24;"Košický kraj";998;2422;324;2746;NA;265816;1322;2022-03-24;256347
2022-03-23;"Košický kraj";1143;2607;346;2953;NA;265816;1489;2022-03-23;255025
2022-03-22;"Košický kraj";1508;2756;378;3134;NA;265816;1886;2022-03-22;253536
2022-03-21;"Košický kraj";1241;3457;529;3986;NA;265816;1770;2022-03-21;251650
2022-03-20;"Košický kraj";199;1514;318;1832;NA;265816;517;2022-03-20;249880
2022-03-19;"Košický kraj";952;1133;241;1374;NA;265816;1193;2022-03-19;249363
2022-03-18;"Košický kraj";1382;2272;343;2615;NA;265816;1725;2022-03-18;248170
2022-03-17;"Košický kraj";1181;2717;358;3075;NA;265816;1539;2022-03-17;246445
2022-03-16;"Košický kraj";1631;4800;372;5172;NA;265816;2003;2022-03-16;244906
2022-03-15;"Košický kraj";1591;2885;436;3321;NA;265816;2027;2022-03-15;242903
2022-03-14;"Košický kraj";1424;3479;585;4064;NA;265816;2009;2022-03-14;240876
2022-03-13;"Košický kraj";565;1711;375;2086;NA;265816;940;2022-03-13;238867
2022-03-12;"Košický kraj";1227;1263;218;1481;NA;265816;1445;2022-03-12;237927
2022-03-11;"Košický kraj";1451;2815;513;3328;NA;265816;1964;2022-03-11;236482
2022-03-10;"Košický kraj";990;3153;406;3559;NA;265816;1396;2022-03-10;234518
2022-03-09;"Košický kraj";1545;3322;397;3719;NA;265816;1942;2022-03-09;233122
2022-03-08;"Košický kraj";1487;3633;441;4074;NA;265816;1928;2022-03-08;231180
2022-03-07;"Košický kraj";1347;4964;713;5677;NA;265816;2060;2022-03-07;229252
2022-03-06;"Košický kraj";297;1811;372;2183;NA;265816;669;2022-03-06;227192
2022-03-05;"Košický kraj";874;1317;264;1581;NA;265816;1138;2022-03-05;226523
2022-03-04;"Košický kraj";1255;3126;424;3550;NA;265816;1679;2022-03-04;225385
2022-03-03;"Košický kraj";1111;3543;433;3976;NA;265816;1544;2022-03-03;223706
2022-03-02;"Košický kraj";1458;3437;455;3892;NA;265816;1913;2022-03-02;222162
2022-03-01;"Košický kraj";1723;3716;487;4203;NA;265816;2210;2022-03-01;220249
2022-02-28;"Košický kraj";1345;5497;805;6302;NA;265816;2150;2022-02-28;218039
2022-02-27;"Košický kraj";465;2397;440;2837;NA;265816;905;2022-02-27;215889
2022-02-26;"Košický kraj";979;1348;329;1677;NA;265816;1308;2022-02-26;214984
2022-02-25;"Košický kraj";1691;3274;510;3784;NA;265816;2201;2022-02-25;213676
2022-02-24;"Košický kraj";1988;4033;594;4627;NA;265816;2582;2022-02-24;211475
2022-02-23;"Košický kraj";1787;4151;558;4709;NA;265816;2345;2022-02-23;208893
2022-02-22;"Košický kraj";2649;4695;660;5355;NA;265816;3309;2022-02-22;206548
2022-02-21;"Košický kraj";1646;6499;910;7409;NA;265816;2556;2022-02-21;203239
2022-02-20;"Košický kraj";577;2919;578;3497;NA;265816;1155;2022-02-20;200683
2022-02-19;"Košický kraj";1941;2169;409;2578;NA;265816;2350;2022-02-19;199528
2022-02-18;"Košický kraj";2210;4534;640;5174;NA;265816;2850;2022-02-18;197178
2022-02-17;"Košický kraj";2555;4668;675;5343;NA;265816;3230;2022-02-17;194328
2022-02-16;"Košický kraj";2153;5477;736;6213;NA;265816;2889;2022-02-16;191098
2022-02-15;"Košický kraj";2768;5507;830;6337;NA;265816;3598;2022-02-15;188209
2022-02-14;"Košický kraj";2337;8076;1104;9180;NA;265816;3441;2022-02-14;184611
2022-02-13;"Košický kraj";1235;4248;809;5057;NA;265816;2044;2022-02-13;181170
2022-02-12;"Košický kraj";1728;2014;524;2538;NA;265816;2252;2022-02-12;179126
2022-02-11;"Košický kraj";2665;4797;633;5430;NA;265816;3298;2022-02-11;176874
2022-02-10;"Košický kraj";2135;5323;728;6051;NA;265816;2863;2022-02-10;173576
2022-02-09;"Košický kraj";2067;5940;743;6683;NA;265816;2810;2022-02-09;170713
2022-02-08;"Košický kraj";2993;6143;762;6905;NA;265816;3755;2022-02-08;167903
2022-02-07;"Košický kraj";1939;7973;978;8951;NA;265816;2917;2022-02-07;164148
2022-02-06;"Košický kraj";998;4482;680;5162;NA;265816;1678;2022-02-06;161231
2022-02-05;"Košický kraj";2209;2454;434;2888;NA;265816;2643;2022-02-05;159553
2022-02-04;"Košický kraj";2563;5634;632;6266;NA;265816;3195;2022-02-04;156910
2022-02-03;"Košický kraj";1916;6379;659;7038;NA;265816;2575;2022-02-03;153715
2022-02-02;"Košický kraj";2498;6923;629;7552;NA;265816;3127;2022-02-02;151140
2022-02-01;"Košický kraj";2173;6706;678;7384;NA;265816;2851;2022-02-01;148013
2022-01-31;"Košický kraj";2020;9960;841;10801;NA;265816;2861;2022-01-31;145162
2022-01-30;"Košický kraj";1002;5716;541;6257;NA;265816;1543;2022-01-30;142301
2022-01-29;"Košický kraj";1731;2720;387;3107;NA;265816;2118;2022-01-29;140758
2022-01-28;"Košický kraj";1743;5571;492;6063;NA;265816;2235;2022-01-28;138640
2022-01-27;"Košický kraj";1553;5792;413;6205;NA;265816;1966;2022-01-27;136405
2022-01-26;"Košický kraj";1683;5613;399;6012;NA;265816;2082;2022-01-26;134439
2022-01-25;"Košický kraj";1409;6210;404;6614;NA;265816;1813;2022-01-25;132357
2022-01-24;"Košický kraj";1141;8669;431;9100;NA;265816;1572;2022-01-24;130544
2022-01-23;"Košický kraj";516;5418;287;5705;NA;265816;803;2022-01-23;128972
2022-01-22;"Košický kraj";914;2528;177;2705;NA;265816;1091;2022-01-22;128169
2022-01-21;"Košický kraj";589;5194;227;5421;NA;265816;816;2022-01-21;127078
2022-01-20;"Košický kraj";769;5379;200;5579;NA;265816;969;2022-01-20;126262
2022-01-19;"Košický kraj";629;5329;178;5507;NA;265816;807;2022-01-19;125293
2022-01-18;"Košický kraj";716;5758;140;5898;NA;265816;856;2022-01-18;124486
2022-01-17;"Košický kraj";486;9004;187;9191;NA;265816;673;2022-01-17;123630
2022-01-16;"Košický kraj";51;5264;137;5401;NA;265816;188;2022-01-16;122957
2022-01-15;"Košický kraj";422;2208;69;2277;NA;265816;491;2022-01-15;122769
2022-01-14;"Košický kraj";175;4208;93;4301;NA;265816;268;2022-01-14;122278
2022-01-13;"Košický kraj";165;4919;77;4996;NA;265816;242;2022-01-13;122010
2022-01-12;"Košický kraj";295;4609;78;4687;NA;265816;373;2022-01-12;121768
2022-01-11;"Košický kraj";349;5295;70;5365;NA;265816;419;2022-01-11;121395
2022-01-10;"Košický kraj";290;8254;128;8382;NA;265816;418;2022-01-10;120976
2022-01-09;"Košický kraj";230;5838;86;5924;NA;265816;316;2022-01-09;120558
2022-01-08;"Košický kraj";157;2417;57;2474;NA;265816;214;2022-01-08;120242
2022-01-07;"Košický kraj";388;5017;129;5146;NA;265816;517;2022-01-07;120028
2022-01-06;"Košický kraj";118;1576;55;1631;NA;265816;173;2022-01-06;119511
2022-01-05;"Košický kraj";354;5082;102;5184;NA;265816;456;2022-01-05;119338
2022-01-04;"Košický kraj";450;5273;84;5357;NA;265816;534;2022-01-04;118882
2022-01-03;"Košický kraj";439;7970;140;8110;NA;265816;579;2022-01-03;118348
2022-01-02;"Košický kraj";284;4614;109;4723;NA;265816;393;2022-01-02;117769
2022-01-01;"Košický kraj";28;360;18;378;NA;265816;46;2022-01-01;117376
2022-04-04;"Nitriansky kraj";572;0;0;0;179751;208516;572;2022-04-04;208516
2022-04-03;"Nitriansky kraj";199;549;76;625;NA;208516;275;2022-04-03;207944
2022-04-02;"Nitriansky kraj";362;365;37;402;NA;208516;399;2022-04-02;207669
2022-04-01;"Nitriansky kraj";614;1018;121;1139;NA;208516;735;2022-04-01;207270
2022-03-31;"Nitriansky kraj";685;1533;154;1687;NA;208516;839;2022-03-31;206535
2022-03-30;"Nitriansky kraj";751;1205;126;1331;NA;208516;877;2022-03-30;205696
2022-03-29;"Nitriansky kraj";1187;1498;170;1668;NA;208516;1357;2022-03-29;204819
2022-03-28;"Nitriansky kraj";711;1924;274;2198;NA;208516;985;2022-03-28;203462
2022-03-27;"Nitriansky kraj";463;581;135;716;NA;208516;598;2022-03-27;202477
2022-03-26;"Nitriansky kraj";653;399;80;479;NA;208516;733;2022-03-26;201879
2022-03-25;"Nitriansky kraj";918;1116;206;1322;NA;208516;1124;2022-03-25;201146
2022-03-24;"Nitriansky kraj";1391;1234;186;1420;NA;208516;1577;2022-03-24;200022
2022-03-23;"Nitriansky kraj";1401;1428;225;1653;NA;208516;1626;2022-03-23;198445
2022-03-22;"Nitriansky kraj";1360;1533;191;1724;NA;208516;1551;2022-03-22;196819
2022-03-21;"Nitriansky kraj";1304;2098;334;2432;NA;208516;1638;2022-03-21;195268
2022-03-20;"Nitriansky kraj";552;933;226;1159;NA;208516;778;2022-03-20;193630
2022-03-19;"Nitriansky kraj";839;424;146;570;NA;208516;985;2022-03-19;192852
2022-03-18;"Nitriansky kraj";1205;1201;271;1472;NA;208516;1476;2022-03-18;191867
2022-03-17;"Nitriansky kraj";1734;1457;236;1693;NA;208516;1970;2022-03-17;190391
2022-03-16;"Nitriansky kraj";1214;1472;232;1704;NA;208516;1446;2022-03-16;188421
2022-03-15;"Nitriansky kraj";1590;1566;256;1822;NA;208516;1846;2022-03-15;186975
2022-03-14;"Nitriansky kraj";1325;2630;384;3014;NA;208516;1709;2022-03-14;185129
2022-03-13;"Nitriansky kraj";527;992;202;1194;NA;208516;729;2022-03-13;183420
2022-03-12;"Nitriansky kraj";711;739;169;908;NA;208516;880;2022-03-12;182691
2022-03-11;"Nitriansky kraj";1085;1890;365;2255;NA;208516;1450;2022-03-11;181811
2022-03-10;"Nitriansky kraj";1403;2015;313;2328;NA;208516;1716;2022-03-10;180361
2022-03-09;"Nitriansky kraj";1452;2118;323;2441;NA;208516;1775;2022-03-09;178645
2022-03-08;"Nitriansky kraj";1695;2542;350;2892;NA;208516;2045;2022-03-08;176870
2022-03-07;"Nitriansky kraj";1115;3386;521;3907;NA;208516;1636;2022-03-07;174825
2022-03-06;"Nitriansky kraj";566;1509;350;1859;NA;208516;916;2022-03-06;173189
2022-03-05;"Nitriansky kraj";614;1239;214;1453;NA;208516;828;2022-03-05;172273
2022-03-04;"Nitriansky kraj";1315;1597;323;1920;NA;208516;1638;2022-03-04;171445
2022-03-03;"Nitriansky kraj";1405;2944;379;3323;NA;208516;1784;2022-03-03;169807
2022-03-02;"Nitriansky kraj";1417;2717;422;3139;NA;208516;1839;2022-03-02;168023
2022-03-01;"Nitriansky kraj";1380;2422;412;2834;NA;208516;1792;2022-03-01;166184
2022-02-28;"Nitriansky kraj";1577;4819;599;5418;NA;208516;2176;2022-02-28;164392
2022-02-27;"Nitriansky kraj";797;1271;294;1565;NA;208516;1091;2022-02-27;162216
2022-02-26;"Nitriansky kraj";895;799;217;1016;NA;208516;1112;2022-02-26;161125
2022-02-25;"Nitriansky kraj";1400;2314;339;2653;NA;208516;1739;2022-02-25;160013
2022-02-24;"Nitriansky kraj";1592;3586;389;3975;NA;208516;1981;2022-02-24;158274
2022-02-23;"Nitriansky kraj";1885;3930;476;4406;NA;208516;2361;2022-02-23;156293
2022-02-22;"Nitriansky kraj";2323;3849;502;4351;NA;208516;2825;2022-02-22;153932
2022-02-21;"Nitriansky kraj";1593;6250;816;7066;NA;208516;2409;2022-02-21;151107
2022-02-20;"Nitriansky kraj";1049;1987;439;2426;NA;208516;1488;2022-02-20;148698
2022-02-19;"Nitriansky kraj";1084;1341;336;1677;NA;208516;1420;2022-02-19;147210
2022-02-18;"Nitriansky kraj";2021;3277;583;3860;NA;208516;2604;2022-02-18;145790
2022-02-17;"Nitriansky kraj";2134;3890;480;4370;NA;208516;2614;2022-02-17;143186
2022-02-16;"Nitriansky kraj";2152;3945;532;4477;NA;208516;2684;2022-02-16;140572
2022-02-15;"Nitriansky kraj";2093;4069;780;4849;NA;208516;2873;2022-02-15;137888
2022-02-14;"Nitriansky kraj";2094;6253;921;7174;NA;208516;3015;2022-02-14;135015
2022-02-13;"Nitriansky kraj";1146;2832;547;3379;NA;208516;1693;2022-02-13;132000
2022-02-12;"Nitriansky kraj";1301;1171;343;1514;NA;208516;1644;2022-02-12;130307
2022-02-11;"Nitriansky kraj";2042;2942;561;3503;NA;208516;2603;2022-02-11;128663
2022-02-10;"Nitriansky kraj";2374;3366;537;3903;NA;208516;2911;2022-02-10;126060
2022-02-09;"Nitriansky kraj";2133;4802;653;5455;NA;208516;2786;2022-02-09;123149
2022-02-08;"Nitriansky kraj";1801;4935;736;5671;NA;208516;2537;2022-02-08;120363
2022-02-07;"Nitriansky kraj";2240;6803;762;7565;NA;208516;3002;2022-02-07;117826
2022-02-06;"Nitriansky kraj";1309;2690;494;3184;NA;208516;1803;2022-02-06;114824
2022-02-05;"Nitriansky kraj";1609;1504;358;1862;NA;208516;1967;2022-02-05;113021
2022-02-04;"Nitriansky kraj";1848;4185;510;4695;NA;208516;2358;2022-02-04;111054
2022-02-03;"Nitriansky kraj";2425;4186;491;4677;NA;208516;2916;2022-02-03;108696
2022-02-02;"Nitriansky kraj";1903;5318;766;6084;NA;208516;2669;2022-02-02;105780
2022-02-01;"Nitriansky kraj";2288;4717;597;5314;NA;208516;2885;2022-02-01;103111
2022-01-31;"Nitriansky kraj";1329;8991;746;9737;NA;208516;2075;2022-01-31;100226
2022-01-30;"Nitriansky kraj";777;3498;471;3969;NA;208516;1248;2022-01-30;98151
2022-01-29;"Nitriansky kraj";1099;1670;298;1968;NA;208516;1397;2022-01-29;96903
2022-01-28;"Nitriansky kraj";1610;4217;374;4591;NA;208516;1984;2022-01-28;95506
2022-01-27;"Nitriansky kraj";1429;3796;289;4085;NA;208516;1718;2022-01-27;93522
2022-01-26;"Nitriansky kraj";1392;4444;306;4750;NA;208516;1698;2022-01-26;91804
2022-01-25;"Nitriansky kraj";1591;4624;426;5050;NA;208516;2017;2022-01-25;90106
2022-01-24;"Nitriansky kraj";770;7459;359;7818;NA;208516;1129;2022-01-24;88089
2022-01-23;"Nitriansky kraj";327;3109;205;3314;NA;208516;532;2022-01-23;86960
2022-01-22;"Nitriansky kraj";596;1974;153;2127;NA;208516;749;2022-01-22;86428
2022-01-21;"Nitriansky kraj";532;3472;141;3613;NA;208516;673;2022-01-21;85679
2022-01-20;"Nitriansky kraj";737;3537;129;3666;NA;208516;866;2022-01-20;85006
2022-01-19;"Nitriansky kraj";614;4581;121;4702;NA;208516;735;2022-01-19;84140
2022-01-18;"Nitriansky kraj";650;3329;125;3454;NA;208516;775;2022-01-18;83405
2022-01-17;"Nitriansky kraj";439;7781;152;7933;NA;208516;591;2022-01-17;82630
2022-01-16;"Nitriansky kraj";140;3191;71;3262;NA;208516;211;2022-01-16;82039
2022-01-15;"Nitriansky kraj";268;1651;50;1701;NA;208516;318;2022-01-15;81828
2022-01-14;"Nitriansky kraj";167;2900;68;2968;NA;208516;235;2022-01-14;81510
2022-01-13;"Nitriansky kraj";244;3297;53;3350;NA;208516;297;2022-01-13;81275
2022-01-12;"Nitriansky kraj";298;4325;66;4391;NA;208516;364;2022-01-12;80978
2022-01-11;"Nitriansky kraj";424;3990;50;4040;NA;208516;474;2022-01-11;80614
2022-01-10;"Nitriansky kraj";292;7648;71;7719;NA;208516;363;2022-01-10;80140
2022-01-09;"Nitriansky kraj";100;3419;48;3467;NA;208516;148;2022-01-09;79777
2022-01-08;"Nitriansky kraj";206;1352;47;1399;NA;208516;253;2022-01-08;79629
2022-01-07;"Nitriansky kraj";326;2970;74;3044;NA;208516;400;2022-01-07;79376
2022-01-06;"Nitriansky kraj";125;910;33;943;NA;208516;158;2022-01-06;78976
2022-01-05;"Nitriansky kraj";357;4227;66;4293;NA;208516;423;2022-01-05;78818
2022-01-04;"Nitriansky kraj";453;3697;85;3782;NA;208516;538;2022-01-04;78395
2022-01-03;"Nitriansky kraj";353;7361;117;7478;NA;208516;470;2022-01-03;77857
2022-01-02;"Nitriansky kraj";25;3035;95;3130;NA;208516;120;2022-01-02;77387
2022-01-01;"Nitriansky kraj";71;177;9;186;NA;208516;80;2022-01-01;77267
2022-04-04;"Prešovský kraj";804;8;0;8;255609;282732;804;2022-04-04;282732
2022-04-03;"Prešovský kraj";159;416;55;471;NA;282732;214;2022-04-03;281928
2022-04-02;"Prešovský kraj";359;295;39;334;NA;282732;398;2022-04-02;281714
2022-04-01;"Prešovský kraj";621;795;90;885;NA;282732;711;2022-04-01;281316
2022-03-31;"Prešovský kraj";717;2113;120;2233;NA;282732;837;2022-03-31;280605
2022-03-30;"Prešovský kraj";973;1992;143;2135;NA;282732;1116;2022-03-30;279768
2022-03-29;"Prešovský kraj";645;2007;155;2162;NA;282732;800;2022-03-29;278652
2022-03-28;"Prešovský kraj";946;3115;238;3353;NA;282732;1184;2022-03-28;277852
2022-03-27;"Prešovský kraj";256;734;95;829;NA;282732;351;2022-03-27;276668
2022-03-26;"Prešovský kraj";719;663;80;743;NA;282732;799;2022-03-26;276317
2022-03-25;"Prešovský kraj";895;1907;209;2116;NA;282732;1104;2022-03-25;275518
2022-03-24;"Prešovský kraj";909;2099;185;2284;NA;282732;1094;2022-03-24;274414
2022-03-23;"Prešovský kraj";1291;2100;195;2295;NA;282732;1486;2022-03-23;273320
2022-03-22;"Prešovský kraj";1398;2200;180;2380;NA;282732;1578;2022-03-22;271834
2022-03-21;"Prešovský kraj";1234;2891;270;3161;NA;282732;1504;2022-03-21;270256
2022-03-20;"Prešovský kraj";262;781;120;901;NA;282732;382;2022-03-20;268752
2022-03-19;"Prešovský kraj";802;887;106;993;NA;282732;908;2022-03-19;268370
2022-03-18;"Prešovský kraj";1217;2093;221;2314;NA;282732;1438;2022-03-18;267462
2022-03-17;"Prešovský kraj";1118;2436;179;2615;NA;282732;1297;2022-03-17;266024
2022-03-16;"Prešovský kraj";1585;2073;212;2285;NA;282732;1797;2022-03-16;264727
2022-03-15;"Prešovský kraj";1460;2311;209;2520;NA;282732;1669;2022-03-15;262930
2022-03-14;"Prešovský kraj";1438;3310;380;3690;NA;282732;1818;2022-03-14;261261
2022-03-13;"Prešovský kraj";432;1045;190;1235;NA;282732;622;2022-03-13;259443
2022-03-12;"Prešovský kraj";1150;857;117;974;NA;282732;1267;2022-03-12;258821
2022-03-11;"Prešovský kraj";1271;2551;287;2838;NA;282732;1558;2022-03-11;257554
2022-03-10;"Prešovský kraj";1114;2577;278;2855;NA;282732;1392;2022-03-10;255996
2022-03-09;"Prešovský kraj";1477;2813;345;3158;NA;282732;1822;2022-03-09;254604
2022-03-08;"Prešovský kraj";1716;2999;308;3307;NA;282732;2024;2022-03-08;252782
2022-03-07;"Prešovský kraj";1326;4197;509;4706;NA;282732;1835;2022-03-07;250758
2022-03-06;"Prešovský kraj";278;1650;232;1882;NA;282732;510;2022-03-06;248923
2022-03-05;"Prešovský kraj";785;1194;136;1330;NA;282732;921;2022-03-05;248413
2022-03-04;"Prešovský kraj";1263;2812;303;3115;NA;282732;1566;2022-03-04;247492
2022-03-03;"Prešovský kraj";1049;3016;373;3389;NA;282732;1422;2022-03-03;245926
2022-03-02;"Prešovský kraj";1526;2955;335;3290;NA;282732;1861;2022-03-02;244504
2022-03-01;"Prešovský kraj";1612;3302;338;3640;NA;282732;1950;2022-03-01;242643
2022-02-28;"Prešovský kraj";1234;4963;538;5501;NA;282732;1772;2022-02-28;240693
2022-02-27;"Prešovský kraj";523;1467;278;1745;NA;282732;801;2022-02-27;238921
2022-02-26;"Prešovský kraj";867;1317;167;1484;NA;282732;1034;2022-02-26;238120
2022-02-25;"Prešovský kraj";1740;2768;346;3114;NA;282732;2086;2022-02-25;237086
2022-02-24;"Prešovský kraj";1435;3301;399;3700;NA;282732;1834;2022-02-24;235000
2022-02-23;"Prešovský kraj";1837;3516;404;3920;NA;282732;2241;2022-02-23;233166
2022-02-22;"Prešovský kraj";2294;3893;407;4300;NA;282732;2701;2022-02-22;230925
2022-02-21;"Prešovský kraj";1609;5165;618;5783;NA;282732;2227;2022-02-21;228224
2022-02-20;"Prešovský kraj";759;1877;319;2196;NA;282732;1078;2022-02-20;225997
2022-02-19;"Prešovský kraj";1535;1556;247;1803;NA;282732;1782;2022-02-19;224919
2022-02-18;"Prešovský kraj";2332;3580;393;3973;NA;282732;2725;2022-02-18;223137
2022-02-17;"Prešovský kraj";2293;3740;457;4197;NA;282732;2750;2022-02-17;220412
2022-02-16;"Prešovský kraj";2494;4049;484;4533;NA;282732;2978;2022-02-16;217662
2022-02-15;"Prešovský kraj";2992;4583;551;5134;NA;282732;3543;2022-02-15;214684
2022-02-14;"Prešovský kraj";2122;6203;845;7048;NA;282732;2967;2022-02-14;211141
2022-02-13;"Prešovský kraj";1338;2452;434;2886;NA;282732;1772;2022-02-13;208174
2022-02-12;"Prešovský kraj";2333;1867;352;2219;NA;282732;2685;2022-02-12;206402
2022-02-11;"Prešovský kraj";2666;3930;520;4450;NA;282732;3186;2022-02-11;203717
2022-02-10;"Prešovský kraj";2977;4516;599;5115;NA;282732;3576;2022-02-10;200531
2022-02-09;"Prešovský kraj";2644;4502;634;5136;NA;282732;3278;2022-02-09;196955
2022-02-08;"Prešovský kraj";3387;4890;651;5541;NA;282732;4038;2022-02-08;193677
2022-02-07;"Prešovský kraj";2132;6919;941;7860;NA;282732;3073;2022-02-07;189639
2022-02-06;"Prešovský kraj";1360;2884;490;3374;NA;282732;1850;2022-02-06;186566
2022-02-05;"Prešovský kraj";2813;1993;334;2327;NA;282732;3147;2022-02-05;184716
2022-02-04;"Prešovský kraj";2944;4556;573;5129;NA;282732;3517;2022-02-04;181569
2022-02-03;"Prešovský kraj";3375;5205;487;5692;NA;282732;3862;2022-02-03;178052
2022-02-02;"Prešovský kraj";3150;5686;562;6248;NA;282732;3712;2022-02-02;174190
2022-02-01;"Prešovský kraj";2791;5693;631;6324;NA;282732;3422;2022-02-01;170478
2022-01-31;"Prešovský kraj";2444;9142;929;10071;NA;282732;3373;2022-01-31;167056
2022-01-30;"Prešovský kraj";1311;3437;495;3932;NA;282732;1806;2022-01-30;163683
2022-01-29;"Prešovský kraj";2291;1949;282;2231;NA;282732;2573;2022-01-29;161877
2022-01-28;"Prešovský kraj";2473;4784;486;5270;NA;282732;2959;2022-01-28;159304
2022-01-27;"Prešovský kraj";2353;4558;412;4970;NA;282732;2765;2022-01-27;156345
2022-01-26;"Prešovský kraj";2311;5628;405;6033;NA;282732;2716;2022-01-26;153580
2022-01-25;"Prešovský kraj";2127;5284;346;5630;NA;282732;2473;2022-01-25;150864
2022-01-24;"Prešovský kraj";1324;7619;410;8029;NA;282732;1734;2022-01-24;148391
2022-01-23;"Prešovský kraj";262;3584;218;3802;NA;282732;480;2022-01-23;146657
2022-01-22;"Prešovský kraj";1448;1764;157;1921;NA;282732;1605;2022-01-22;146177
2022-01-21;"Prešovský kraj";1128;4312;196;4508;NA;282732;1324;2022-01-21;144572
2022-01-20;"Prešovský kraj";1184;4012;156;4168;NA;282732;1340;2022-01-20;143248
2022-01-19;"Prešovský kraj";822;4781;173;4954;NA;282732;995;2022-01-19;141908
2022-01-18;"Prešovský kraj";1032;4918;163;5081;NA;282732;1195;2022-01-18;140913
2022-01-17;"Prešovský kraj";784;7143;150;7293;NA;282732;934;2022-01-17;139718
2022-01-16;"Prešovský kraj";113;3113;98;3211;NA;282732;211;2022-01-16;138784
2022-01-15;"Prešovský kraj";675;1546;64;1610;NA;282732;739;2022-01-15;138573
2022-01-14;"Prešovský kraj";202;3792;78;3870;NA;282732;280;2022-01-14;137834
2022-01-13;"Prešovský kraj";252;3550;89;3639;NA;282732;341;2022-01-13;137554
2022-01-12;"Prešovský kraj";431;4183;77;4260;NA;282732;508;2022-01-12;137213
2022-01-11;"Prešovský kraj";438;4812;80;4892;NA;282732;518;2022-01-11;136705
2022-01-10;"Prešovský kraj";469;7561;135;7696;NA;282732;604;2022-01-10;136187
2022-01-09;"Prešovský kraj";114;4129;78;4207;NA;282732;192;2022-01-09;135583
2022-01-08;"Prešovský kraj";291;2097;39;2136;NA;282732;330;2022-01-08;135391
2022-01-07;"Prešovský kraj";370;3882;106;3988;NA;282732;476;2022-01-07;135061
2022-01-06;"Prešovský kraj";104;1000;43;1043;NA;282732;147;2022-01-06;134585
2022-01-05;"Prešovský kraj";373;4752;100;4852;NA;282732;473;2022-01-05;134438
2022-01-04;"Prešovský kraj";428;4558;77;4635;NA;282732;505;2022-01-04;133965
2022-01-03;"Prešovský kraj";390;6868;105;6973;NA;282732;495;2022-01-03;133460
2022-01-02;"Prešovský kraj";158;3180;75;3255;NA;282732;233;2022-01-02;132965
2022-01-01;"Prešovský kraj";55;379;8;387;NA;282732;63;2022-01-01;132732
2022-04-04;"Trenčiansky kraj";468;2;0;2;206842;228239;468;2022-04-04;228239
2022-04-03;"Trenčiansky kraj";127;127;23;150;NA;228239;150;2022-04-03;227771
2022-04-02;"Trenčiansky kraj";368;242;34;276;NA;228239;402;2022-04-02;227621
2022-04-01;"Trenčiansky kraj";510;446;41;487;NA;228239;551;2022-04-01;227219
2022-03-31;"Trenčiansky kraj";520;755;79;834;NA;228239;599;2022-03-31;226668
2022-03-30;"Trenčiansky kraj";706;1322;83;1405;NA;228239;789;2022-03-30;226069
2022-03-29;"Trenčiansky kraj";682;899;84;983;NA;228239;766;2022-03-29;225280
2022-03-28;"Trenčiansky kraj";673;1285;118;1403;NA;228239;791;2022-03-28;224514
2022-03-27;"Trenčiansky kraj";167;565;75;640;NA;228239;242;2022-03-27;223723
2022-03-26;"Trenčiansky kraj";513;383;41;424;NA;228239;554;2022-03-26;223481
2022-03-25;"Trenčiansky kraj";534;794;90;884;NA;228239;624;2022-03-25;222927
2022-03-24;"Trenčiansky kraj";712;1114;104;1218;NA;228239;816;2022-03-24;222303
2022-03-23;"Trenčiansky kraj";903;899;93;992;NA;228239;996;2022-03-23;221487
2022-03-22;"Trenčiansky kraj";918;934;114;1048;NA;228239;1032;2022-03-22;220491
2022-03-21;"Trenčiansky kraj";745;1317;198;1515;NA;228239;943;2022-03-21;219459
2022-03-20;"Trenčiansky kraj";334;826;89;915;NA;228239;423;2022-03-20;218516
2022-03-19;"Trenčiansky kraj";560;510;77;587;NA;228239;637;2022-03-19;218093
2022-03-18;"Trenčiansky kraj";884;827;128;955;NA;228239;1012;2022-03-18;217456
2022-03-17;"Trenčiansky kraj";863;991;127;1118;NA;228239;990;2022-03-17;216444
2022-03-16;"Trenčiansky kraj";1147;1128;125;1253;NA;228239;1272;2022-03-16;215454
2022-03-15;"Trenčiansky kraj";1054;1155;122;1277;NA;228239;1176;2022-03-15;214182
2022-03-14;"Trenčiansky kraj";934;2078;253;2331;NA;228239;1187;2022-03-14;213006
2022-03-13;"Trenčiansky kraj";373;698;97;795;NA;228239;470;2022-03-13;211819
2022-03-12;"Trenčiansky kraj";674;550;94;644;NA;228239;768;2022-03-12;211349
2022-03-11;"Trenčiansky kraj";1131;1191;215;1406;NA;228239;1346;2022-03-11;210581
2022-03-10;"Trenčiansky kraj";1087;1178;220;1398;NA;228239;1307;2022-03-10;209235
2022-03-09;"Trenčiansky kraj";1515;1346;236;1582;NA;228239;1751;2022-03-09;207928
2022-03-08;"Trenčiansky kraj";1059;1589;247;1836;NA;228239;1306;2022-03-08;206177
2022-03-07;"Trenčiansky kraj";1079;1920;342;2262;NA;228239;1421;2022-03-07;204871
2022-03-06;"Trenčiansky kraj";354;832;134;966;NA;228239;488;2022-03-06;203450
2022-03-05;"Trenčiansky kraj";583;700;138;838;NA;228239;721;2022-03-05;202962
2022-03-04;"Trenčiansky kraj";1125;1158;204;1362;NA;228239;1329;2022-03-04;202241
2022-03-03;"Trenčiansky kraj";1346;1521;216;1737;NA;228239;1562;2022-03-03;200912
2022-03-02;"Trenčiansky kraj";1345;1548;239;1787;NA;228239;1584;2022-03-02;199350
2022-03-01;"Trenčiansky kraj";1409;1609;299;1908;NA;228239;1708;2022-03-01;197766
2022-02-28;"Trenčiansky kraj";1390;2383;363;2746;NA;228239;1753;2022-02-28;196058
2022-02-27;"Trenčiansky kraj";573;1043;218;1261;NA;228239;791;2022-02-27;194305
2022-02-26;"Trenčiansky kraj";934;784;147;931;NA;228239;1081;2022-02-26;193514
2022-02-25;"Trenčiansky kraj";1460;1422;271;1693;NA;228239;1731;2022-02-25;192433
2022-02-24;"Trenčiansky kraj";1372;2288;274;2562;NA;228239;1646;2022-02-24;190702
2022-02-23;"Trenčiansky kraj";1677;1895;291;2186;NA;228239;1968;2022-02-23;189056
2022-02-22;"Trenčiansky kraj";2073;2075;418;2493;NA;228239;2491;2022-02-22;187088
2022-02-21;"Trenčiansky kraj";2172;3615;547;4162;NA;228239;2719;2022-02-21;184597
2022-02-20;"Trenčiansky kraj";1079;1436;322;1758;NA;228239;1401;2022-02-20;181878
2022-02-19;"Trenčiansky kraj";1168;1008;244;1252;NA;228239;1412;2022-02-19;180477
2022-02-18;"Trenčiansky kraj";2456;2175;440;2615;NA;228239;2896;2022-02-18;179065
2022-02-17;"Trenčiansky kraj";2090;2540;388;2928;NA;228239;2478;2022-02-17;176169
2022-02-16;"Trenčiansky kraj";2928;2286;469;2755;NA;228239;3397;2022-02-16;173691
2022-02-15;"Trenčiansky kraj";2372;2408;534;2942;NA;228239;2906;2022-02-15;170294
2022-02-14;"Trenčiansky kraj";2401;3916;686;4602;NA;228239;3087;2022-02-14;167388
2022-02-13;"Trenčiansky kraj";1357;1777;454;2231;NA;228239;1811;2022-02-13;164301
2022-02-12;"Trenčiansky kraj";1802;1448;277;1725;NA;228239;2079;2022-02-12;162490
2022-02-11;"Trenčiansky kraj";2863;2376;456;2832;NA;228239;3319;2022-02-11;160411
2022-02-10;"Trenčiansky kraj";2853;2529;462;2991;NA;228239;3315;2022-02-10;157092
2022-02-09;"Trenčiansky kraj";2788;4158;559;4717;NA;228239;3347;2022-02-09;153777
2022-02-08;"Trenčiansky kraj";2592;2987;621;3608;NA;228239;3213;2022-02-08;150430
2022-02-07;"Trenčiansky kraj";2787;4732;862;5594;NA;228239;3649;2022-02-07;147217
2022-02-06;"Trenčiansky kraj";1431;2181;472;2653;NA;228239;1903;2022-02-06;143568
2022-02-05;"Trenčiansky kraj";1458;1689;323;2012;NA;228239;1781;2022-02-05;141665
2022-02-04;"Trenčiansky kraj";2480;3036;483;3519;NA;228239;2963;2022-02-04;139884
2022-02-03;"Trenčiansky kraj";2391;3381;462;3843;NA;228239;2853;2022-02-03;136921
2022-02-02;"Trenčiansky kraj";2486;4411;563;4974;NA;228239;3049;2022-02-02;134068
2022-02-01;"Trenčiansky kraj";2359;3701;509;4210;NA;228239;2868;2022-02-01;131019
2022-01-31;"Trenčiansky kraj";1823;7070;627;7697;NA;228239;2450;2022-01-31;128151
2022-01-30;"Trenčiansky kraj";680;2463;319;2782;NA;228239;999;2022-01-30;125701
2022-01-29;"Trenčiansky kraj";1227;1772;227;1999;NA;228239;1454;2022-01-29;124702
2022-01-28;"Trenčiansky kraj";1709;3602;322;3924;NA;228239;2031;2022-01-28;123248
2022-01-27;"Trenčiansky kraj";1533;3414;322;3736;NA;228239;1855;2022-01-27;121217
2022-01-26;"Trenčiansky kraj";1415;4533;311;4844;NA;228239;1726;2022-01-26;119362
2022-01-25;"Trenčiansky kraj";1553;3168;258;3426;NA;228239;1811;2022-01-25;117636
2022-01-24;"Trenčiansky kraj";755;6691;290;6981;NA;228239;1045;2022-01-24;115825
2022-01-23;"Trenčiansky kraj";337;2409;179;2588;NA;228239;516;2022-01-23;114780
2022-01-22;"Trenčiansky kraj";683;1675;103;1778;NA;228239;786;2022-01-22;114264
2022-01-21;"Trenčiansky kraj";576;3394;139;3533;NA;228239;715;2022-01-21;113478
2022-01-20;"Trenčiansky kraj";710;2578;104;2682;NA;228239;814;2022-01-20;112763
2022-01-19;"Trenčiansky kraj";621;3627;111;3738;NA;228239;732;2022-01-19;111949
2022-01-18;"Trenčiansky kraj";579;3455;101;3556;NA;228239;680;2022-01-18;111217
2022-01-17;"Trenčiansky kraj";380;6158;122;6280;NA;228239;502;2022-01-17;110537
2022-01-16;"Trenčiansky kraj";89;2319;72;2391;NA;228239;161;2022-01-16;110035
2022-01-15;"Trenčiansky kraj";194;1345;40;1385;NA;228239;234;2022-01-15;109874
2022-01-14;"Trenčiansky kraj";189;2755;48;2803;NA;228239;237;2022-01-14;109640
2022-01-13;"Trenčiansky kraj";134;3201;62;3263;NA;228239;196;2022-01-13;109403
2022-01-12;"Trenčiansky kraj";346;2953;53;3006;NA;228239;399;2022-01-12;109207
2022-01-11;"Trenčiansky kraj";300;2896;50;2946;NA;228239;350;2022-01-11;108808
2022-01-10;"Trenčiansky kraj";218;6882;81;6963;NA;228239;299;2022-01-10;108458
2022-01-09;"Trenčiansky kraj";40;2808;52;2860;NA;228239;92;2022-01-09;108159
2022-01-08;"Trenčiansky kraj";267;1601;45;1646;NA;228239;312;2022-01-08;108067
2022-01-07;"Trenčiansky kraj";334;2717;64;2781;NA;228239;398;2022-01-07;107755
2022-01-06;"Trenčiansky kraj";75;1111;45;1156;NA;228239;120;2022-01-06;107357
2022-01-05;"Trenčiansky kraj";496;2875;64;2939;NA;228239;560;2022-01-05;107237
2022-01-04;"Trenčiansky kraj";521;3760;73;3833;NA;228239;594;2022-01-04;106677
2022-01-03;"Trenčiansky kraj";357;5680;117;5797;NA;228239;474;2022-01-03;106083
2022-01-02;"Trenčiansky kraj";179;2403;74;2477;NA;228239;253;2022-01-02;105609
2022-01-01;"Trenčiansky kraj";4;526;28;554;NA;228239;32;2022-01-01;105356
2022-04-04;"Trnavský kraj";621;0;0;0;197183;211391;621;2022-04-04;211391
2022-04-03;"Trnavský kraj";35;65;13;78;NA;211391;48;2022-04-03;210770
2022-04-02;"Trnavský kraj";478;112;14;126;NA;211391;492;2022-04-02;210722
2022-04-01;"Trnavský kraj";630;615;63;678;NA;211391;693;2022-04-01;210230
2022-03-31;"Trnavský kraj";709;462;68;530;NA;211391;777;2022-03-31;209537
2022-03-30;"Trnavský kraj";885;464;72;536;NA;211391;957;2022-03-30;208760
2022-03-29;"Trnavský kraj";845;640;69;709;NA;211391;914;2022-03-29;207803
2022-03-28;"Trnavský kraj";623;763;106;869;NA;211391;729;2022-03-28;206889
2022-03-27;"Trnavský kraj";340;175;31;206;NA;211391;371;2022-03-27;206160
2022-03-26;"Trnavský kraj";762;206;33;239;NA;211391;795;2022-03-26;205789
2022-03-25;"Trnavský kraj";859;664;69;733;NA;211391;928;2022-03-25;204994
2022-03-24;"Trnavský kraj";920;626;66;692;NA;211391;986;2022-03-24;204066
2022-03-23;"Trnavský kraj";1112;793;96;889;NA;211391;1208;2022-03-23;203080
2022-03-22;"Trnavský kraj";1096;766;69;835;NA;211391;1165;2022-03-22;201872
2022-03-21;"Trnavský kraj";1096;999;106;1105;NA;211391;1202;2022-03-21;200707
2022-03-20;"Trnavský kraj";229;244;42;286;NA;211391;271;2022-03-20;199505
2022-03-19;"Trnavský kraj";1000;233;55;288;NA;211391;1055;2022-03-19;199234
2022-03-18;"Trnavský kraj";1038;881;107;988;NA;211391;1145;2022-03-18;198179
2022-03-17;"Trnavský kraj";1148;703;86;789;NA;211391;1234;2022-03-17;197034
2022-03-16;"Trnavský kraj";1344;579;84;663;NA;211391;1428;2022-03-16;195800
2022-03-15;"Trnavský kraj";1179;1018;117;1135;NA;211391;1296;2022-03-15;194372
2022-03-14;"Trnavský kraj";890;1517;171;1688;NA;211391;1061;2022-03-14;193076
2022-03-13;"Trnavský kraj";290;411;53;464;NA;211391;343;2022-03-13;192015
2022-03-12;"Trnavský kraj";958;298;39;337;NA;211391;997;2022-03-12;191672
2022-03-11;"Trnavský kraj";961;1021;125;1146;NA;211391;1086;2022-03-11;190675
2022-03-10;"Trnavský kraj";1049;1228;147;1375;NA;211391;1196;2022-03-10;189589
2022-03-09;"Trnavský kraj";1271;1135;157;1292;NA;211391;1428;2022-03-09;188393
2022-03-08;"Trnavský kraj";1393;1347;172;1519;NA;211391;1565;2022-03-08;186965
2022-03-07;"Trnavský kraj";1005;2016;254;2270;NA;211391;1259;2022-03-07;185400
2022-03-06;"Trnavský kraj";395;552;115;667;NA;211391;510;2022-03-06;184141
2022-03-05;"Trnavský kraj";806;461;89;550;NA;211391;895;2022-03-05;183631
2022-03-04;"Trnavský kraj";1028;1043;122;1165;NA;211391;1150;2022-03-04;182736
2022-03-03;"Trnavský kraj";1513;1116;158;1274;NA;211391;1671;2022-03-03;181586
2022-03-02;"Trnavský kraj";1330;1484;189;1673;NA;211391;1519;2022-03-02;179915
2022-03-01;"Trnavský kraj";1527;1321;191;1512;NA;211391;1718;2022-03-01;178396
2022-02-28;"Trnavský kraj";1318;2104;264;2368;NA;211391;1582;2022-02-28;176678
2022-02-27;"Trnavský kraj";386;640;106;746;NA;211391;492;2022-02-27;175096
2022-02-26;"Trnavský kraj";1268;526;112;638;NA;211391;1380;2022-02-26;174604
2022-02-25;"Trnavský kraj";1439;1490;211;1701;NA;211391;1650;2022-02-25;173224
2022-02-24;"Trnavský kraj";1397;1419;183;1602;NA;211391;1580;2022-02-24;171574
2022-02-23;"Trnavský kraj";2032;1668;238;1906;NA;211391;2270;2022-02-23;169994
2022-02-22;"Trnavský kraj";2171;1891;271;2162;NA;211391;2442;2022-02-22;167724
2022-02-21;"Trnavský kraj";1983;2849;438;3287;NA;211391;2421;2022-02-21;165282
2022-02-20;"Trnavský kraj";888;829;186;1015;NA;211391;1074;2022-02-20;162861
2022-02-19;"Trnavský kraj";1838;707;149;856;NA;211391;1987;2022-02-19;161787
2022-02-18;"Trnavský kraj";2132;1723;269;1992;NA;211391;2401;2022-02-18;159800
2022-02-17;"Trnavský kraj";1987;1763;269;2032;NA;211391;2256;2022-02-17;157399
2022-02-16;"Trnavský kraj";2047;1809;317;2126;NA;211391;2364;2022-02-16;155143
2022-02-15;"Trnavský kraj";2228;2412;400;2812;NA;211391;2628;2022-02-15;152779
2022-02-14;"Trnavský kraj";2216;3424;492;3916;NA;211391;2708;2022-02-14;150151
2022-02-13;"Trnavský kraj";805;1129;247;1376;NA;211391;1052;2022-02-13;147443
2022-02-12;"Trnavský kraj";2081;966;175;1141;NA;211391;2256;2022-02-12;146391
2022-02-11;"Trnavský kraj";1665;2158;266;2424;NA;211391;1931;2022-02-11;144135
2022-02-10;"Trnavský kraj";2491;1942;256;2198;NA;211391;2747;2022-02-10;142204
2022-02-09;"Trnavský kraj";2205;2474;365;2839;NA;211391;2570;2022-02-09;139457
2022-02-08;"Trnavský kraj";1758;2352;353;2705;NA;211391;2111;2022-02-08;136887
2022-02-07;"Trnavský kraj";2581;3356;459;3815;NA;211391;3040;2022-02-07;134776
2022-02-06;"Trnavský kraj";1194;1309;276;1585;NA;211391;1470;2022-02-06;131736
2022-02-05;"Trnavský kraj";2165;1102;187;1289;NA;211391;2352;2022-02-05;130266
2022-02-04;"Trnavský kraj";2191;2179;253;2432;NA;211391;2444;2022-02-04;127914
2022-02-03;"Trnavský kraj";2124;3295;347;3642;NA;211391;2471;2022-02-03;125470
2022-02-02;"Trnavský kraj";1812;2684;281;2965;NA;211391;2093;2022-02-02;122999
2022-02-01;"Trnavský kraj";2344;2656;318;2974;NA;211391;2662;2022-02-01;120906
2022-01-31;"Trnavský kraj";1931;5001;489;5490;NA;211391;2420;2022-01-31;118244
2022-01-30;"Trnavský kraj";709;1672;176;1848;NA;211391;885;2022-01-30;115824
2022-01-29;"Trnavský kraj";2136;1174;159;1333;NA;211391;2295;2022-01-29;114939
2022-01-28;"Trnavský kraj";1734;2340;216;2556;NA;211391;1950;2022-01-28;112644
2022-01-27;"Trnavský kraj";1989;2333;246;2579;NA;211391;2235;2022-01-27;110694
2022-01-26;"Trnavský kraj";1906;2730;217;2947;NA;211391;2123;2022-01-26;108459
2022-01-25;"Trnavský kraj";1631;2422;195;2617;NA;211391;1826;2022-01-25;106336
2022-01-24;"Trnavský kraj";999;4194;236;4430;NA;211391;1235;2022-01-24;104510
2022-01-23;"Trnavský kraj";299;1897;105;2002;NA;211391;404;2022-01-23;103275
2022-01-22;"Trnavský kraj";1169;1197;81;1278;NA;211391;1250;2022-01-22;102871
2022-01-21;"Trnavský kraj";830;2134;104;2238;NA;211391;934;2022-01-21;101621
2022-01-20;"Trnavský kraj";917;2511;100;2611;NA;211391;1017;2022-01-20;100687
2022-01-19;"Trnavský kraj";832;2122;84;2206;NA;211391;916;2022-01-19;99670
2022-01-18;"Trnavský kraj";704;2051;74;2125;NA;211391;778;2022-01-18;98754
2022-01-17;"Trnavský kraj";366;3885;87;3972;NA;211391;453;2022-01-17;97976
2022-01-16;"Trnavský kraj";84;1696;44;1740;NA;211391;128;2022-01-16;97523
2022-01-15;"Trnavský kraj";421;1015;33;1048;NA;211391;454;2022-01-15;97395
2022-01-14;"Trnavský kraj";349;2040;50;2090;NA;211391;399;2022-01-14;96941
2022-01-13;"Trnavský kraj";234;2057;52;2109;NA;211391;286;2022-01-13;96542
2022-01-12;"Trnavský kraj";400;1927;35;1962;NA;211391;435;2022-01-12;96256
2022-01-11;"Trnavský kraj";384;2261;33;2294;NA;211391;417;2022-01-11;95821
2022-01-10;"Trnavský kraj";258;4357;71;4428;NA;211391;329;2022-01-10;95404
2022-01-09;"Trnavský kraj";35;1921;22;1943;NA;211391;57;2022-01-09;95075
2022-01-08;"Trnavský kraj";364;1005;29;1034;NA;211391;393;2022-01-08;95018
2022-01-07;"Trnavský kraj";332;1984;47;2031;NA;211391;379;2022-01-07;94625
2022-01-06;"Trnavský kraj";234;830;20;850;NA;211391;254;2022-01-06;94246
2022-01-05;"Trnavský kraj";416;1925;37;1962;NA;211391;453;2022-01-05;93992
2022-01-04;"Trnavský kraj";538;2337;37;2374;NA;211391;575;2022-01-04;93539
2022-01-03;"Trnavský kraj";441;3897;65;3962;NA;211391;506;2022-01-03;92964
2022-01-02;"Trnavský kraj";79;1561;21;1582;NA;211391;100;2022-01-02;92458
2022-01-01;"Trnavský kraj";4;190;7;197;NA;211391;11;2022-01-01;92358
2022-04-04;"Žilinský kraj";605;41;0;41;246909;272729;605;2022-04-04;272729
2022-04-03;"Žilinský kraj";82;188;31;219;NA;272729;113;2022-04-03;272124
2022-04-02;"Žilinský kraj";289;201;26;227;NA;272729;315;2022-04-02;272011
2022-04-01;"Žilinský kraj";592;919;54;973;NA;272729;646;2022-04-01;271696
2022-03-31;"Žilinský kraj";557;821;83;904;NA;272729;640;2022-03-31;271050
2022-03-30;"Žilinský kraj";688;1611;91;1702;NA;272729;779;2022-03-30;270410
2022-03-29;"Žilinský kraj";755;897;97;994;NA;272729;852;2022-03-29;269631
2022-03-28;"Žilinský kraj";825;1700;132;1832;NA;272729;957;2022-03-28;268779
2022-03-27;"Žilinský kraj";88;395;86;481;NA;272729;174;2022-03-27;267822
2022-03-26;"Žilinský kraj";586;213;49;262;NA;272729;635;2022-03-26;267648
2022-03-25;"Žilinský kraj";601;866;100;966;NA;272729;701;2022-03-25;267013
2022-03-24;"Žilinský kraj";697;1404;95;1499;NA;272729;792;2022-03-24;266312
2022-03-23;"Žilinský kraj";883;906;102;1008;NA;272729;985;2022-03-23;265520
2022-03-22;"Žilinský kraj";1102;2492;127;2619;NA;272729;1229;2022-03-22;264535
2022-03-21;"Žilinský kraj";969;1892;158;2050;NA;272729;1127;2022-03-21;263306
2022-03-20;"Žilinský kraj";157;419;79;498;NA;272729;236;2022-03-20;262179
2022-03-19;"Žilinský kraj";479;319;64;383;NA;272729;543;2022-03-19;261943
2022-03-18;"Žilinský kraj";864;773;119;892;NA;272729;983;2022-03-18;261400
2022-03-17;"Žilinský kraj";733;1098;148;1246;NA;272729;881;2022-03-17;260417
2022-03-16;"Žilinský kraj";995;1350;160;1510;NA;272729;1155;2022-03-16;259536
2022-03-15;"Žilinský kraj";1252;2492;206;2698;NA;272729;1458;2022-03-15;258381
2022-03-14;"Žilinský kraj";1138;1510;194;1704;NA;272729;1332;2022-03-14;256923
2022-03-13;"Žilinský kraj";226;503;104;607;NA;272729;330;2022-03-13;255591
2022-03-12;"Žilinský kraj";650;332;92;424;NA;272729;742;2022-03-12;255261
2022-03-11;"Žilinský kraj";824;1730;193;1923;NA;272729;1017;2022-03-11;254519
2022-03-10;"Žilinský kraj";1249;1494;164;1658;NA;272729;1413;2022-03-10;253502
2022-03-09;"Žilinský kraj";1713;1457;206;1663;NA;272729;1919;2022-03-09;252089
2022-03-08;"Žilinský kraj";699;2333;311;2644;NA;272729;1010;2022-03-08;250170
2022-03-07;"Žilinský kraj";1448;2192;294;2486;NA;272729;1742;2022-03-07;249160
2022-03-06;"Žilinský kraj";323;780;206;986;NA;272729;529;2022-03-06;247418
2022-03-05;"Žilinský kraj";576;551;123;674;NA;272729;699;2022-03-05;246889
2022-03-04;"Žilinský kraj";1194;1840;254;2094;NA;272729;1448;2022-03-04;246190
2022-03-03;"Žilinský kraj";1240;1825;244;2069;NA;272729;1484;2022-03-03;244742
2022-03-02;"Žilinský kraj";1194;1772;244;2016;NA;272729;1438;2022-03-02;243258
2022-03-01;"Žilinský kraj";1710;2949;340;3289;NA;272729;2050;2022-03-01;241820
2022-02-28;"Žilinský kraj";1700;2980;355;3335;NA;272729;2055;2022-02-28;239770
2022-02-27;"Žilinský kraj";224;940;221;1161;NA;272729;445;2022-02-27;237715
2022-02-26;"Žilinský kraj";1184;816;171;987;NA;272729;1355;2022-02-26;237270
2022-02-25;"Žilinský kraj";1371;2421;320;2741;NA;272729;1691;2022-02-25;235915
2022-02-24;"Žilinský kraj";1504;2589;314;2903;NA;272729;1818;2022-02-24;234224
2022-02-23;"Žilinský kraj";1766;3298;333;3631;NA;272729;2099;2022-02-23;232406
2022-02-22;"Žilinský kraj";2419;3369;406;3775;NA;272729;2825;2022-02-22;230307
2022-02-21;"Žilinský kraj";2227;4181;573;4754;NA;272729;2800;2022-02-21;227482
2022-02-20;"Žilinský kraj";541;1473;304;1777;NA;272729;845;2022-02-20;224682
2022-02-19;"Žilinský kraj";1656;944;273;1217;NA;272729;1929;2022-02-19;223837
2022-02-18;"Žilinský kraj";1994;3335;439;3774;NA;272729;2433;2022-02-18;221908
2022-02-17;"Žilinský kraj";2274;3013;424;3437;NA;272729;2698;2022-02-17;219475
2022-02-16;"Žilinský kraj";2676;3573;496;4069;NA;272729;3172;2022-02-16;216777
2022-02-15;"Žilinský kraj";2939;4226;604;4830;NA;272729;3543;2022-02-15;213605
2022-02-14;"Žilinský kraj";2955;4182;777;4959;NA;272729;3732;2022-02-14;210062
2022-02-13;"Žilinský kraj";751;1842;464;2306;NA;272729;1215;2022-02-13;206330
2022-02-12;"Žilinský kraj";1771;1431;319;1750;NA;272729;2090;2022-02-12;205115
2022-02-11;"Žilinský kraj";2856;3332;570;3902;NA;272729;3426;2022-02-11;203025
2022-02-10;"Žilinský kraj";2861;3472;583;4055;NA;272729;3444;2022-02-10;199599
2022-02-09;"Žilinský kraj";3365;3863;618;4481;NA;272729;3983;2022-02-09;196155
2022-02-08;"Žilinský kraj";3367;4866;780;5646;NA;272729;4147;2022-02-08;192172
2022-02-07;"Žilinský kraj";3242;5569;913;6482;NA;272729;4155;2022-02-07;188025
2022-02-06;"Žilinský kraj";1389;2587;529;3116;NA;272729;1918;2022-02-06;183870
2022-02-05;"Žilinský kraj";2107;1846;425;2271;NA;272729;2532;2022-02-05;181952
2022-02-04;"Žilinský kraj";3099;4389;631;5020;NA;272729;3730;2022-02-04;179420
2022-02-03;"Žilinský kraj";3201;4122;613;4735;NA;272729;3814;2022-02-03;175690
2022-02-02;"Žilinský kraj";3168;4616;666;5282;NA;272729;3834;2022-02-02;171876
2022-02-01;"Žilinský kraj";3593;5240;694;5934;NA;272729;4287;2022-02-01;168042
2022-01-31;"Žilinský kraj";2145;7492;931;8423;NA;272729;3076;2022-01-31;163755
2022-01-30;"Žilinský kraj";1487;2898;431;3329;NA;272729;1918;2022-01-30;160679
2022-01-29;"Žilinský kraj";2055;2033;365;2398;NA;272729;2420;2022-01-29;158761
2022-01-28;"Žilinský kraj";2572;4800;546;5346;NA;272729;3118;2022-01-28;156341
2022-01-27;"Žilinský kraj";2406;4038;537;4575;NA;272729;2943;2022-01-27;153223
2022-01-26;"Žilinský kraj";2693;5009;516;5525;NA;272729;3209;2022-01-26;150280
2022-01-25;"Žilinský kraj";2595;5626;416;6042;NA;272729;3011;2022-01-25;147071
2022-01-24;"Žilinský kraj";1401;7098;522;7620;NA;272729;1923;2022-01-24;144060
2022-01-23;"Žilinský kraj";654;2923;276;3199;NA;272729;930;2022-01-23;142137
2022-01-22;"Žilinský kraj";1256;1706;206;1912;NA;272729;1462;2022-01-22;141207
2022-01-21;"Žilinský kraj";1188;4187;265;4452;NA;272729;1453;2022-01-21;139745
2022-01-20;"Žilinský kraj";1288;3654;205;3859;NA;272729;1493;2022-01-20;138292
2022-01-19;"Žilinský kraj";1215;4086;206;4292;NA;272729;1421;2022-01-19;136799
2022-01-18;"Žilinský kraj";1191;4213;168;4381;NA;272729;1359;2022-01-18;135378
2022-01-17;"Žilinský kraj";675;6886;256;7142;NA;272729;931;2022-01-17;134019
2022-01-16;"Žilinský kraj";175;2418;106;2524;NA;272729;281;2022-01-16;133088
2022-01-15;"Žilinský kraj";398;1410;70;1480;NA;272729;468;2022-01-15;132807
2022-01-14;"Žilinský kraj";446;3716;106;3822;NA;272729;552;2022-01-14;132339
2022-01-13;"Žilinský kraj";295;2912;78;2990;NA;272729;373;2022-01-13;131787
2022-01-12;"Žilinský kraj";422;3168;72;3240;NA;272729;494;2022-01-12;131414
2022-01-11;"Žilinský kraj";622;4216;57;4273;NA;272729;679;2022-01-11;130920
2022-01-10;"Žilinský kraj";436;6344;102;6446;NA;272729;538;2022-01-10;130241
2022-01-09;"Žilinský kraj";95;2934;54;2988;NA;272729;149;2022-01-09;129703
2022-01-08;"Žilinský kraj";345;1650;45;1695;NA;272729;390;2022-01-08;129554
2022-01-07;"Žilinský kraj";525;4566;75;4641;NA;272729;600;2022-01-07;129164
2022-01-06;"Žilinský kraj";167;1214;40;1254;NA;272729;207;2022-01-06;128564
2022-01-05;"Žilinský kraj";471;3492;75;3567;NA;272729;546;2022-01-05;128357
2022-01-04;"Žilinský kraj";606;3762;87;3849;NA;272729;693;2022-01-04;127811
2022-01-03;"Žilinský kraj";601;6083;116;6199;NA;272729;717;2022-01-03;127118
2022-01-02;"Žilinský kraj";288;2596;85;2681;NA;272729;373;2022-01-02;126401
2022-01-01;"Žilinský kraj";14;439;15;454;NA;272729;29;2022-01-01;126028
