"Datum";"Region";"PCR_Pos";"Ag_Neg";"Ag_Pos";"Total";"Pocet.potvrdenych";"Potvrdenych";"newcases";"date";"positive"
2022-06-15;"Banskobystrický kraj";17;62;1;63;183323;274801;18;2022-06-15;274801
2022-06-14;"Banskobystrický kraj";12;527;0;527;NA;274801;12;2022-06-14;274783
2022-06-13;"Banskobystrický kraj";34;210;7;217;NA;274801;41;2022-06-13;274771
2022-06-12;"Banskobystrický kraj";0;45;3;48;NA;274801;3;2022-06-12;274730
2022-06-11;"Banskobystrický kraj";2;2;2;4;NA;274801;4;2022-06-11;274727
2022-06-10;"Banskobystrický kraj";24;133;3;136;NA;274801;27;2022-06-10;274723
2022-06-09;"Banskobystrický kraj";8;320;2;322;NA;274801;10;2022-06-09;274696
2022-06-08;"Banskobystrický kraj";25;292;10;302;NA;274801;35;2022-06-08;274686
2022-06-07;"Banskobystrický kraj";13;323;6;329;NA;274801;19;2022-06-07;274651
2022-06-06;"Banskobystrický kraj";15;987;6;993;NA;274801;21;2022-06-06;274632
2022-06-05;"Banskobystrický kraj";4;35;2;37;NA;274801;6;2022-06-05;274611
2022-06-04;"Banskobystrický kraj";3;18;0;18;NA;274801;3;2022-06-04;274605
2022-06-03;"Banskobystrický kraj";10;257;3;260;NA;274801;13;2022-06-03;274602
2022-06-02;"Banskobystrický kraj";11;564;1;565;NA;274801;12;2022-06-02;274589
2022-06-01;"Banskobystrický kraj";11;351;5;356;NA;274801;16;2022-06-01;274577
2022-05-31;"Banskobystrický kraj";9;319;1;320;NA;274801;10;2022-05-31;274561
2022-05-30;"Banskobystrický kraj";12;788;1;789;NA;274801;13;2022-05-30;274551
2022-05-29;"Banskobystrický kraj";0;33;0;33;NA;274801;0;2022-05-29;274538
2022-05-28;"Banskobystrický kraj";3;11;0;11;NA;274801;3;2022-05-28;274538
2022-05-27;"Banskobystrický kraj";7;230;5;235;NA;274801;12;2022-05-27;274535
2022-05-26;"Banskobystrický kraj";4;281;4;285;NA;274801;8;2022-05-26;274523
2022-05-25;"Banskobystrický kraj";14;236;4;240;NA;274801;18;2022-05-25;274515
2022-05-24;"Banskobystrický kraj";14;253;4;257;NA;274801;18;2022-05-24;274497
2022-05-23;"Banskobystrický kraj";12;552;6;558;NA;274801;18;2022-05-23;274479
2022-05-22;"Banskobystrický kraj";1;32;2;34;NA;274801;3;2022-05-22;274461
2022-05-21;"Banskobystrický kraj";9;13;1;14;NA;274801;10;2022-05-21;274458
2022-05-20;"Banskobystrický kraj";17;199;8;207;NA;274801;25;2022-05-20;274448
2022-05-19;"Banskobystrický kraj";6;384;4;388;NA;274801;10;2022-05-19;274423
2022-05-18;"Banskobystrický kraj";23;210;8;218;NA;274801;31;2022-05-18;274413
2022-05-17;"Banskobystrický kraj";6;295;7;302;NA;274801;13;2022-05-17;274382
2022-05-16;"Banskobystrický kraj";22;620;16;636;NA;274801;38;2022-05-16;274369
2022-05-15;"Banskobystrický kraj";4;27;1;28;NA;274801;5;2022-05-15;274331
2022-05-14;"Banskobystrický kraj";4;17;0;17;NA;274801;4;2022-05-14;274326
2022-05-13;"Banskobystrický kraj";32;324;6;330;NA;274801;38;2022-05-13;274322
2022-05-12;"Banskobystrický kraj";16;517;15;532;NA;274801;31;2022-05-12;274284
2022-05-11;"Banskobystrický kraj";19;376;9;385;NA;274801;28;2022-05-11;274253
2022-05-10;"Banskobystrický kraj";49;268;11;279;NA;274801;60;2022-05-10;274225
2022-05-09;"Banskobystrický kraj";35;714;24;738;NA;274801;59;2022-05-09;274165
2022-05-08;"Banskobystrický kraj";1;64;0;64;NA;274801;1;2022-05-08;274106
2022-05-07;"Banskobystrický kraj";6;111;1;112;NA;274801;7;2022-05-07;274105
2022-05-06;"Banskobystrický kraj";51;278;6;284;NA;274801;57;2022-05-06;274098
2022-05-05;"Banskobystrický kraj";41;556;11;567;NA;274801;52;2022-05-05;274041
2022-05-04;"Banskobystrický kraj";45;498;14;512;NA;274801;59;2022-05-04;273989
2022-05-03;"Banskobystrický kraj";60;421;5;426;NA;274801;65;2022-05-03;273930
2022-05-02;"Banskobystrický kraj";48;1063;38;1101;NA;274801;86;2022-05-02;273865
2022-05-01;"Banskobystrický kraj";12;69;1;70;NA;274801;13;2022-05-01;273779
2022-04-30;"Banskobystrický kraj";31;82;5;87;NA;274801;36;2022-04-30;273766
2022-04-29;"Banskobystrický kraj";57;681;16;697;NA;274801;73;2022-04-29;273730
2022-04-28;"Banskobystrický kraj";72;972;20;992;NA;274801;92;2022-04-28;273657
2022-04-27;"Banskobystrický kraj";85;907;29;936;NA;274801;114;2022-04-27;273565
2022-04-26;"Banskobystrický kraj";97;720;18;738;NA;274801;115;2022-04-26;273451
2022-04-25;"Banskobystrický kraj";148;1463;33;1496;NA;274801;181;2022-04-25;273336
2022-04-24;"Banskobystrický kraj";16;139;5;144;NA;274801;21;2022-04-24;273155
2022-04-23;"Banskobystrický kraj";110;64;9;73;NA;274801;119;2022-04-23;273134
2022-04-22;"Banskobystrický kraj";140;1044;32;1076;NA;274801;172;2022-04-22;273015
2022-04-21;"Banskobystrický kraj";154;1228;41;1269;NA;274801;195;2022-04-21;272843
2022-04-20;"Banskobystrický kraj";243;2052;141;2193;NA;274801;384;2022-04-20;272648
2022-04-19;"Banskobystrický kraj";209;1976;94;2070;NA;274801;303;2022-04-19;272264
2022-04-18;"Banskobystrický kraj";25;113;7;120;NA;274801;32;2022-04-18;271961
2022-04-17;"Banskobystrický kraj";105;54;3;57;NA;274801;108;2022-04-17;271929
2022-04-16;"Banskobystrický kraj";58;96;12;108;NA;274801;70;2022-04-16;271821
2022-04-15;"Banskobystrický kraj";44;106;5;111;NA;274801;49;2022-04-15;271751
2022-04-14;"Banskobystrický kraj";230;1095;31;1126;NA;274801;261;2022-04-14;271702
2022-04-13;"Banskobystrický kraj";212;932;60;992;NA;274801;272;2022-04-13;271441
2022-04-12;"Banskobystrický kraj";242;1066;60;1126;NA;274801;302;2022-04-12;271169
2022-04-11;"Banskobystrický kraj";300;2346;99;2445;NA;274801;399;2022-04-11;270867
2022-04-10;"Banskobystrický kraj";62;260;28;288;NA;274801;90;2022-04-10;270468
2022-04-09;"Banskobystrický kraj";147;112;16;128;NA;274801;163;2022-04-09;270378
2022-04-08;"Banskobystrický kraj";284;1193;95;1288;NA;274801;379;2022-04-08;270215
2022-04-07;"Banskobystrický kraj";298;1622;74;1696;NA;274801;372;2022-04-07;269836
2022-04-06;"Banskobystrický kraj";505;1191;89;1280;NA;274801;594;2022-04-06;269464
2022-04-05;"Banskobystrický kraj";458;1359;84;1443;NA;274801;542;2022-04-05;268870
2022-04-04;"Banskobystrický kraj";553;2810;177;2987;NA;274801;730;2022-04-04;268328
2022-04-03;"Banskobystrický kraj";66;441;83;524;NA;274801;149;2022-04-03;267598
2022-04-02;"Banskobystrický kraj";208;133;34;167;NA;274801;242;2022-04-02;267449
2022-04-01;"Banskobystrický kraj";529;1195;137;1332;NA;274801;666;2022-04-01;267207
2022-03-31;"Banskobystrický kraj";516;1798;102;1900;NA;274801;618;2022-03-31;266541
2022-03-30;"Banskobystrický kraj";734;1541;125;1666;NA;274801;859;2022-03-30;265923
2022-03-29;"Banskobystrický kraj";666;1406;161;1567;NA;274801;827;2022-03-29;265064
2022-03-28;"Banskobystrický kraj";618;2523;318;2841;NA;274801;936;2022-03-28;264237
2022-03-27;"Banskobystrický kraj";147;687;114;801;NA;274801;261;2022-03-27;263301
2022-03-26;"Banskobystrický kraj";343;150;53;203;NA;274801;396;2022-03-26;263040
2022-03-25;"Banskobystrický kraj";721;1382;192;1574;NA;274801;913;2022-03-25;262644
2022-03-24;"Banskobystrický kraj";769;1789;162;1951;NA;274801;931;2022-03-24;261731
2022-03-23;"Banskobystrický kraj";823;1643;201;1844;NA;274801;1024;2022-03-23;260800
2022-03-22;"Banskobystrický kraj";1148;1703;220;1923;NA;274801;1368;2022-03-22;259776
2022-03-21;"Banskobystrický kraj";879;2711;356;3067;NA;274801;1235;2022-03-21;258408
2022-03-20;"Banskobystrický kraj";172;605;174;779;NA;274801;346;2022-03-20;257173
2022-03-19;"Banskobystrický kraj";529;218;89;307;NA;274801;618;2022-03-19;256827
2022-03-18;"Banskobystrický kraj";819;2081;200;2281;NA;274801;1019;2022-03-18;256209
2022-03-17;"Banskobystrický kraj";981;3476;224;3700;NA;274801;1205;2022-03-17;255190
2022-03-16;"Banskobystrický kraj";1189;1396;235;1631;NA;274801;1424;2022-03-16;253985
2022-03-15;"Banskobystrický kraj";1420;1730;231;1961;NA;274801;1651;2022-03-15;252561
2022-03-14;"Banskobystrický kraj";948;3270;426;3696;NA;274801;1374;2022-03-14;250910
2022-03-13;"Banskobystrický kraj";224;577;216;793;NA;274801;440;2022-03-13;249536
2022-03-12;"Banskobystrický kraj";625;262;94;356;NA;274801;719;2022-03-12;249096
2022-03-11;"Banskobystrický kraj";1144;1817;287;2104;NA;274801;1431;2022-03-11;248377
2022-03-10;"Banskobystrický kraj";1325;2126;311;2437;NA;274801;1636;2022-03-10;246946
2022-03-09;"Banskobystrický kraj";1370;2036;333;2369;NA;274801;1703;2022-03-09;245310
2022-03-08;"Banskobystrický kraj";1738;2329;376;2705;NA;274801;2114;2022-03-08;243607
2022-03-07;"Banskobystrický kraj";1048;4977;604;5581;NA;274801;1652;2022-03-07;241493
2022-03-06;"Banskobystrický kraj";356;1265;278;1543;NA;274801;634;2022-03-06;239841
2022-03-05;"Banskobystrický kraj";745;497;180;677;NA;274801;925;2022-03-05;239207
2022-03-04;"Banskobystrický kraj";1302;2576;391;2967;NA;274801;1693;2022-03-04;238282
2022-03-03;"Banskobystrický kraj";1766;3466;386;3852;NA;274801;2152;2022-03-03;236589
2022-03-02;"Banskobystrický kraj";1515;5604;415;6019;NA;274801;1930;2022-03-02;234437
2022-03-01;"Banskobystrický kraj";1842;3325;396;3721;NA;274801;2238;2022-03-01;232507
2022-02-28;"Banskobystrický kraj";1050;4913;708;5621;NA;274801;1758;2022-02-28;230269
2022-02-27;"Banskobystrický kraj";604;1162;303;1465;NA;274801;907;2022-02-27;228511
2022-02-26;"Banskobystrický kraj";909;528;154;682;NA;274801;1063;2022-02-26;227604
2022-02-25;"Banskobystrický kraj";1591;2519;430;2949;NA;274801;2021;2022-02-25;226541
2022-02-24;"Banskobystrický kraj";1781;3858;404;4262;NA;274801;2185;2022-02-24;224520
2022-02-23;"Banskobystrický kraj";2094;2869;454;3323;NA;274801;2548;2022-02-23;222335
2022-02-22;"Banskobystrický kraj";2195;3737;469;4206;NA;274801;2664;2022-02-22;219787
2022-02-21;"Banskobystrický kraj";1409;5733;806;6539;NA;274801;2215;2022-02-21;217123
2022-02-20;"Banskobystrický kraj";484;1717;423;2140;NA;274801;907;2022-02-20;214908
2022-02-19;"Banskobystrický kraj";1180;774;242;1016;NA;274801;1422;2022-02-19;214001
2022-02-18;"Banskobystrický kraj";2473;3620;541;4161;NA;274801;3014;2022-02-18;212579
2022-02-17;"Banskobystrický kraj";1924;4324;460;4784;NA;274801;2384;2022-02-17;209565
2022-02-16;"Banskobystrický kraj";1856;3635;543;4178;NA;274801;2399;2022-02-16;207181
2022-02-15;"Banskobystrický kraj";2287;4460;584;5044;NA;274801;2871;2022-02-15;204782
2022-02-14;"Banskobystrický kraj";2071;6848;891;7739;NA;274801;2962;2022-02-14;201911
2022-02-13;"Banskobystrický kraj";577;2247;471;2718;NA;274801;1048;2022-02-13;198949
2022-02-12;"Banskobystrický kraj";1308;906;308;1214;NA;274801;1616;2022-02-12;197901
2022-02-11;"Banskobystrický kraj";2684;3845;555;4400;NA;274801;3239;2022-02-11;196285
2022-02-10;"Banskobystrický kraj";1765;5733;567;6300;NA;274801;2332;2022-02-10;193046
2022-02-09;"Banskobystrický kraj";2544;3794;569;4363;NA;274801;3113;2022-02-09;190714
2022-02-08;"Banskobystrický kraj";1806;4418;538;4956;NA;274801;2344;2022-02-08;187601
2022-02-07;"Banskobystrický kraj";1683;7388;728;8116;NA;274801;2411;2022-02-07;185257
2022-02-06;"Banskobystrický kraj";604;2244;392;2636;NA;274801;996;2022-02-06;182846
2022-02-05;"Banskobystrický kraj";1032;1434;233;1667;NA;274801;1265;2022-02-05;181850
2022-02-04;"Banskobystrický kraj";1866;3745;438;4183;NA;274801;2304;2022-02-04;180585
2022-02-03;"Banskobystrický kraj";1561;5433;359;5792;NA;274801;1920;2022-02-03;178281
2022-02-02;"Banskobystrický kraj";1716;4793;395;5188;NA;274801;2111;2022-02-02;176361
2022-02-01;"Banskobystrický kraj";1918;4558;410;4968;NA;274801;2328;2022-02-01;174250
2022-01-31;"Banskobystrický kraj";779;9006;553;9559;NA;274801;1332;2022-01-31;171922
2022-01-30;"Banskobystrický kraj";412;3055;267;3322;NA;274801;679;2022-01-30;170590
2022-01-29;"Banskobystrický kraj";981;1155;174;1329;NA;274801;1155;2022-01-29;169911
2022-01-28;"Banskobystrický kraj";1040;3814;313;4127;NA;274801;1353;2022-01-28;168756
2022-01-27;"Banskobystrický kraj";1035;4955;225;5180;NA;274801;1260;2022-01-27;167403
2022-01-26;"Banskobystrický kraj";1060;4035;213;4248;NA;274801;1273;2022-01-26;166143
2022-01-25;"Banskobystrický kraj";1001;6119;257;6376;NA;274801;1258;2022-01-25;164870
2022-01-24;"Banskobystrický kraj";557;10186;257;10443;NA;274801;814;2022-01-24;163612
2022-01-23;"Banskobystrický kraj";246;3710;129;3839;NA;274801;375;2022-01-23;162798
2022-01-22;"Banskobystrický kraj";411;1077;64;1141;NA;274801;475;2022-01-22;162423
2022-01-21;"Banskobystrický kraj";578;3491;113;3604;NA;274801;691;2022-01-21;161948
2022-01-20;"Banskobystrický kraj";490;3810;91;3901;NA;274801;581;2022-01-20;161257
2022-01-19;"Banskobystrický kraj";421;4173;98;4271;NA;274801;519;2022-01-19;160676
2022-01-18;"Banskobystrický kraj";517;4737;95;4832;NA;274801;612;2022-01-18;160157
2022-01-17;"Banskobystrický kraj";269;8102;114;8216;NA;274801;383;2022-01-17;159545
2022-01-16;"Banskobystrický kraj";63;2746;84;2830;NA;274801;147;2022-01-16;159162
2022-01-15;"Banskobystrický kraj";287;858;16;874;NA;274801;303;2022-01-15;159015
2022-01-14;"Banskobystrický kraj";165;2758;67;2825;NA;274801;232;2022-01-14;158712
2022-01-13;"Banskobystrický kraj";182;3411;57;3468;NA;274801;239;2022-01-13;158480
2022-01-12;"Banskobystrický kraj";241;3787;67;3854;NA;274801;308;2022-01-12;158241
2022-01-11;"Banskobystrický kraj";327;4970;74;5044;NA;274801;401;2022-01-11;157933
2022-01-10;"Banskobystrický kraj";219;8173;113;8286;NA;274801;332;2022-01-10;157532
2022-01-09;"Banskobystrický kraj";54;3514;38;3552;NA;274801;92;2022-01-09;157200
2022-01-08;"Banskobystrický kraj";177;1054;40;1094;NA;274801;217;2022-01-08;157108
2022-01-07;"Banskobystrický kraj";320;3087;86;3173;NA;274801;406;2022-01-07;156891
2022-01-06;"Banskobystrický kraj";101;985;21;1006;NA;274801;122;2022-01-06;156485
2022-01-05;"Banskobystrický kraj";376;2852;67;2919;NA;274801;443;2022-01-05;156363
2022-01-04;"Banskobystrický kraj";458;4197;72;4269;NA;274801;530;2022-01-04;155920
2022-01-03;"Banskobystrický kraj";420;8216;115;8331;NA;274801;535;2022-01-03;155390
2022-01-02;"Banskobystrický kraj";117;2239;95;2334;NA;274801;212;2022-01-02;154855
2022-01-01;"Banskobystrický kraj";33;112;4;116;NA;274801;37;2022-01-01;154643
2021-12-31;"Banskobystrický kraj";628;1803;68;1871;NA;274801;696;2021-12-31;154606
2021-12-30;"Banskobystrický kraj";616;2833;88;2921;NA;274801;704;2021-12-30;153910
2021-12-29;"Banskobystrický kraj";780;2448;83;2531;NA;274801;863;2021-12-29;153206
2021-12-28;"Banskobystrický kraj";984;2902;95;2997;NA;274801;1079;2021-12-28;152343
2021-12-27;"Banskobystrický kraj";794;5029;203;5232;NA;274801;997;2021-12-27;151264
2021-12-26;"Banskobystrický kraj";152;1245;62;1307;NA;274801;214;2021-12-26;150267
2021-12-25;"Banskobystrický kraj";214;373;45;418;NA;274801;259;2021-12-25;150053
2021-12-24;"Banskobystrický kraj";232;213;10;223;NA;274801;242;2021-12-24;149794
2021-12-23;"Banskobystrický kraj";858;3501;107;3608;NA;274801;965;2021-12-23;149552
2021-12-22;"Banskobystrický kraj";786;3394;106;3500;NA;274801;892;2021-12-22;148587
2021-12-21;"Banskobystrický kraj";1016;4173;88;4261;NA;274801;1104;2021-12-21;147695
2021-12-20;"Banskobystrický kraj";848;7610;186;7796;NA;274801;1034;2021-12-20;146591
2021-12-19;"Banskobystrický kraj";78;2681;87;2768;NA;274801;165;2021-12-19;145557
2021-12-18;"Banskobystrický kraj";666;1036;67;1103;NA;274801;733;2021-12-18;145392
2021-12-17;"Banskobystrický kraj";930;3805;102;3907;NA;274801;1032;2021-12-17;144659
2021-12-16;"Banskobystrický kraj";998;4278;116;4394;NA;274801;1114;2021-12-16;143627
2021-12-15;"Banskobystrický kraj";1108;4772;102;4874;NA;274801;1210;2021-12-15;142513
2021-12-14;"Banskobystrický kraj";1458;4614;108;4722;NA;274801;1566;2021-12-14;141303
2021-12-13;"Banskobystrický kraj";940;8201;222;8423;NA;274801;1162;2021-12-13;139737
2021-12-12;"Banskobystrický kraj";322;3332;101;3433;NA;274801;423;2021-12-12;138575
2021-12-11;"Banskobystrický kraj";1136;1166;82;1248;NA;274801;1218;2021-12-11;138152
2021-12-10;"Banskobystrický kraj";1462;4033;185;4218;NA;274801;1647;2021-12-10;136934
2021-12-09;"Banskobystrický kraj";1304;4381;139;4520;NA;274801;1443;2021-12-09;135287
2021-12-08;"Banskobystrický kraj";2174;4100;169;4269;NA;274801;2343;2021-12-08;133844
2021-12-07;"Banskobystrický kraj";2208;5410;201;5611;NA;274801;2409;2021-12-07;131501
2021-12-06;"Banskobystrický kraj";1294;9113;324;9437;NA;274801;1618;2021-12-06;129092
2021-12-05;"Banskobystrický kraj";434;3425;155;3580;NA;274801;589;2021-12-05;127474
2021-12-04;"Banskobystrický kraj";1308;1334;131;1465;NA;274801;1439;2021-12-04;126885
2021-12-03;"Banskobystrický kraj";2234;5057;246;5303;NA;274801;2480;2021-12-03;125446
2021-12-02;"Banskobystrický kraj";3420;5259;258;5517;NA;274801;3678;2021-12-02;122966
2021-12-01;"Banskobystrický kraj";1894;4753;264;5017;NA;274801;2158;2021-12-01;119288
2021-11-30;"Banskobystrický kraj";2532;6543;245;6788;NA;274801;2777;2021-11-30;117130
2021-11-29;"Banskobystrický kraj";1182;10653;468;11121;NA;274801;1650;2021-11-29;114353
2021-11-28;"Banskobystrický kraj";836;4289;216;4505;NA;274801;1052;2021-11-28;112703
2021-11-27;"Banskobystrický kraj";1654;1781;208;1989;NA;274801;1862;2021-11-27;111651
2021-11-26;"Banskobystrický kraj";1926;4771;354;5125;NA;274801;2280;2021-11-26;109789
2021-11-25;"Banskobystrický kraj";2220;5911;350;6261;NA;274801;2570;2021-11-25;107509
2021-11-24;"Banskobystrický kraj";2774;5956;330;6286;NA;274801;3104;2021-11-24;104939
2021-11-23;"Banskobystrický kraj";2872;6082;377;6459;NA;274801;3249;2021-11-23;101835
2021-11-22;"Banskobystrický kraj";978;8727;579;9306;NA;274801;1557;2021-11-22;98586
2021-11-21;"Banskobystrický kraj";816;4109;307;4416;NA;274801;1123;2021-11-21;97029
2021-11-20;"Banskobystrický kraj";1970;1758;199;1957;NA;274801;2169;2021-11-20;95906
2021-11-19;"Banskobystrický kraj";2012;4886;470;5356;NA;274801;2482;2021-11-19;93737
2021-11-18;"Banskobystrický kraj";1958;8037;620;8657;NA;274801;2578;2021-11-18;91255
2021-11-17;"Banskobystrický kraj";1544;1051;147;1198;NA;274801;1691;2021-11-17;88677
2021-11-16;"Banskobystrický kraj";2260;5473;453;5926;NA;274801;2713;2021-11-16;86986
2021-11-15;"Banskobystrický kraj";1498;7884;588;8472;NA;274801;2086;2021-11-15;84273
2021-11-14;"Banskobystrický kraj";622;2629;302;2931;NA;274801;924;2021-11-14;82187
2021-11-13;"Banskobystrický kraj";1522;1471;214;1685;NA;274801;1736;2021-11-13;81263
2021-11-12;"Banskobystrický kraj";1944;5019;434;5453;NA;274801;2378;2021-11-12;79527
2021-11-11;"Banskobystrický kraj";2046;5584;345;5929;NA;274801;2391;2021-11-11;77149
2021-11-10;"Banskobystrický kraj";1900;4713;333;5046;NA;274801;2233;2021-11-10;74758
2021-11-09;"Banskobystrický kraj";1842;4616;283;4899;NA;274801;2125;2021-11-09;72525
2021-11-08;"Banskobystrický kraj";1038;7249;488;7737;NA;274801;1526;2021-11-08;70400
2021-11-07;"Banskobystrický kraj";920;2479;258;2737;NA;274801;1178;2021-11-07;68874
2021-11-06;"Banskobystrický kraj";1010;1344;170;1514;NA;274801;1180;2021-11-06;67696
2021-11-05;"Banskobystrický kraj";1994;4773;342;5115;NA;274801;2336;2021-11-05;66516
2021-11-04;"Banskobystrický kraj";2172;4811;248;5059;NA;274801;2420;2021-11-04;64180
2021-11-03;"Banskobystrický kraj";1952;4825;330;5155;NA;274801;2282;2021-11-03;61760
2021-11-02;"Banskobystrický kraj";1076;5709;492;6201;NA;274801;1568;2021-11-02;59478
2021-11-01;"Banskobystrický kraj";780;1178;132;1310;NA;274801;912;2021-11-01;57910
2021-10-31;"Banskobystrický kraj";300;1700;210;1910;NA;274801;510;2021-10-31;56998
2021-10-30;"Banskobystrický kraj";898;1508;140;1648;NA;274801;1038;2021-10-30;56488
2021-10-29;"Banskobystrický kraj";1560;4178;286;4464;NA;274801;1846;2021-10-29;55450
2021-10-28;"Banskobystrický kraj";1488;4182;247;4429;NA;274801;1735;2021-10-28;53604
2021-10-27;"Banskobystrický kraj";1328;4577;233;4810;NA;274801;1561;2021-10-27;51869
2021-10-26;"Banskobystrický kraj";1400;3673;187;3860;NA;274801;1587;2021-10-26;50308
2021-10-25;"Banskobystrický kraj";752;5478;257;5735;NA;274801;1009;2021-10-25;48721
2021-10-24;"Banskobystrický kraj";322;1707;143;1850;NA;274801;465;2021-10-24;47712
2021-10-23;"Banskobystrický kraj";476;1286;79;1365;NA;274801;555;2021-10-23;47247
2021-10-22;"Banskobystrický kraj";1060;3816;185;4001;NA;274801;1245;2021-10-22;46692
2021-10-21;"Banskobystrický kraj";832;4128;140;4268;NA;274801;972;2021-10-21;45447
2021-10-20;"Banskobystrický kraj";774;3615;123;3738;NA;274801;897;2021-10-20;44475
2021-10-19;"Banskobystrický kraj";838;4094;103;4197;NA;274801;941;2021-10-19;43578
2021-10-18;"Banskobystrický kraj";324;5286;175;5461;NA;274801;499;2021-10-18;42637
2021-10-17;"Banskobystrický kraj";52;1555;71;1626;NA;274801;123;2021-10-17;42138
2021-10-16;"Banskobystrický kraj";324;1387;50;1437;NA;274801;374;2021-10-16;42015
2021-10-15;"Banskobystrický kraj";374;3693;81;3774;NA;274801;455;2021-10-15;41641
2021-10-14;"Banskobystrický kraj";396;3705;47;3752;NA;274801;443;2021-10-14;41186
2021-10-13;"Banskobystrický kraj";434;3068;55;3123;NA;274801;489;2021-10-13;40743
2021-10-12;"Banskobystrický kraj";602;3743;59;3802;NA;274801;661;2021-10-12;40254
2021-10-11;"Banskobystrický kraj";256;4734;96;4830;NA;274801;352;2021-10-11;39593
2021-10-10;"Banskobystrický kraj";52;1815;53;1868;NA;274801;105;2021-10-10;39241
2021-10-09;"Banskobystrický kraj";146;1122;27;1149;NA;274801;173;2021-10-09;39136
2021-10-08;"Banskobystrický kraj";478;3027;61;3088;NA;274801;539;2021-10-08;38963
2021-10-07;"Banskobystrický kraj";358;3437;42;3479;NA;274801;400;2021-10-07;38424
2021-10-06;"Banskobystrický kraj";272;3862;48;3910;NA;274801;320;2021-10-06;38024
2021-10-05;"Banskobystrický kraj";418;2979;54;3033;NA;274801;472;2021-10-05;37704
2021-10-04;"Banskobystrický kraj";252;3725;64;3789;NA;274801;316;2021-10-04;37232
2021-10-03;"Banskobystrický kraj";22;1407;34;1441;NA;274801;56;2021-10-03;36916
2021-10-02;"Banskobystrický kraj";132;1042;26;1068;NA;274801;158;2021-10-02;36860
2021-10-01;"Banskobystrický kraj";316;3228;51;3279;NA;274801;367;2021-10-01;36702
2021-09-30;"Banskobystrický kraj";240;3362;30;3392;NA;274801;270;2021-09-30;36335
2021-09-29;"Banskobystrický kraj";236;2626;40;2666;NA;274801;276;2021-09-29;36065
2021-09-28;"Banskobystrický kraj";224;3061;45;3106;NA;274801;269;2021-09-28;35789
2021-09-27;"Banskobystrický kraj";180;4456;72;4528;NA;274801;252;2021-09-27;35520
2021-09-26;"Banskobystrický kraj";34;1498;31;1529;NA;274801;65;2021-09-26;35268
2021-09-25;"Banskobystrický kraj";34;1481;7;1488;NA;274801;41;2021-09-25;35203
2021-09-24;"Banskobystrický kraj";196;4254;32;4286;NA;274801;228;2021-09-24;35162
2021-09-23;"Banskobystrický kraj";126;3019;13;3032;NA;274801;139;2021-09-23;34934
2021-09-22;"Banskobystrický kraj";150;2442;19;2461;NA;274801;169;2021-09-22;34795
2021-09-21;"Banskobystrický kraj";250;2976;20;2996;NA;274801;270;2021-09-21;34626
2021-09-20;"Banskobystrický kraj";90;3951;30;3981;NA;274801;120;2021-09-20;34356
2021-09-19;"Banskobystrický kraj";12;1456;24;1480;NA;274801;36;2021-09-19;34236
2021-09-18;"Banskobystrický kraj";88;1318;15;1333;NA;274801;103;2021-09-18;34200
2021-09-17;"Banskobystrický kraj";146;3485;32;3517;NA;274801;178;2021-09-17;34097
2021-09-16;"Banskobystrický kraj";190;3019;29;3048;NA;274801;219;2021-09-16;33919
2021-09-15;"Banskobystrický kraj";44;394;1;395;NA;274801;45;2021-09-15;33700
2021-09-14;"Banskobystrický kraj";190;2508;28;2536;NA;274801;218;2021-09-14;33655
2021-09-13;"Banskobystrický kraj";58;3206;28;3234;NA;274801;86;2021-09-13;33437
2021-09-12;"Banskobystrický kraj";14;958;15;973;NA;274801;29;2021-09-12;33351
2021-09-11;"Banskobystrický kraj";62;865;11;876;NA;274801;73;2021-09-11;33322
2021-09-10;"Banskobystrický kraj";118;2250;24;2274;NA;274801;142;2021-09-10;33249
2021-09-09;"Banskobystrický kraj";92;2011;17;2028;NA;274801;109;2021-09-09;33107
2021-09-08;"Banskobystrický kraj";92;1713;27;1740;NA;274801;119;2021-09-08;32998
2021-09-07;"Banskobystrický kraj";54;1422;21;1443;NA;274801;75;2021-09-07;32879
2021-09-06;"Banskobystrický kraj";52;2570;13;2583;NA;274801;65;2021-09-06;32804
2021-09-05;"Banskobystrický kraj";18;742;2;744;NA;274801;20;2021-09-05;32739
2021-09-04;"Banskobystrický kraj";28;745;10;755;NA;274801;38;2021-09-04;32719
2021-09-03;"Banskobystrický kraj";98;2116;22;2138;NA;274801;120;2021-09-03;32681
2021-09-02;"Banskobystrický kraj";38;1730;25;1755;NA;274801;63;2021-09-02;32561
2021-09-01;"Banskobystrický kraj";12;230;6;236;NA;274801;18;2021-09-01;32498
2021-08-31;"Banskobystrický kraj";36;1406;13;1419;NA;274801;49;2021-08-31;32480
2021-08-30;"Banskobystrický kraj";46;1867;10;1877;NA;274801;56;2021-08-30;32431
2021-08-29;"Banskobystrický kraj";0;351;5;356;NA;274801;5;2021-08-29;32375
2021-08-28;"Banskobystrický kraj";18;827;5;832;NA;274801;23;2021-08-28;32370
2021-08-27;"Banskobystrický kraj";14;1608;12;1620;NA;274801;26;2021-08-27;32347
2021-08-26;"Banskobystrický kraj";14;1161;2;1163;NA;274801;16;2021-08-26;32321
2021-08-25;"Banskobystrický kraj";12;1052;1;1053;NA;274801;13;2021-08-25;32305
2021-08-24;"Banskobystrický kraj";24;1117;1;1118;NA;274801;25;2021-08-24;32292
2021-08-23;"Banskobystrický kraj";14;1368;5;1373;NA;274801;19;2021-08-23;32267
2021-08-22;"Banskobystrický kraj";0;773;2;775;NA;274801;2;2021-08-22;32248
2021-08-21;"Banskobystrický kraj";6;793;1;794;NA;274801;7;2021-08-21;32246
2021-08-20;"Banskobystrický kraj";10;1616;4;1620;NA;274801;14;2021-08-20;32239
2021-08-19;"Banskobystrický kraj";8;1092;3;1095;NA;274801;11;2021-08-19;32225
2021-08-18;"Banskobystrický kraj";2;1044;1;1045;NA;274801;3;2021-08-18;32214
2021-08-17;"Banskobystrický kraj";24;890;0;890;NA;274801;24;2021-08-17;32211
2021-08-16;"Banskobystrický kraj";14;1321;3;1324;NA;274801;17;2021-08-16;32187
2021-08-15;"Banskobystrický kraj";0;366;3;369;NA;274801;3;2021-08-15;32170
2021-08-14;"Banskobystrický kraj";12;435;1;436;NA;274801;13;2021-08-14;32167
2021-08-13;"Banskobystrický kraj";22;898;0;898;NA;274801;22;2021-08-13;32154
2021-08-12;"Banskobystrický kraj";20;951;1;952;NA;274801;21;2021-08-12;32132
2021-08-11;"Banskobystrický kraj";14;575;3;578;NA;274801;17;2021-08-11;32111
2021-08-10;"Banskobystrický kraj";14;678;2;680;NA;274801;16;2021-08-10;32094
2021-08-09;"Banskobystrický kraj";18;1064;0;1064;NA;274801;18;2021-08-09;32078
2021-08-08;"Banskobystrický kraj";8;335;1;336;NA;274801;9;2021-08-08;32060
2021-08-07;"Banskobystrický kraj";0;308;4;312;NA;274801;4;2021-08-07;32051
2021-08-06;"Banskobystrický kraj";10;929;2;931;NA;274801;12;2021-08-06;32047
2021-08-05;"Banskobystrický kraj";4;838;1;839;NA;274801;5;2021-08-05;32035
2021-08-04;"Banskobystrický kraj";4;579;1;580;NA;274801;5;2021-08-04;32030
2021-08-03;"Banskobystrický kraj";8;743;0;743;NA;274801;8;2021-08-03;32025
2021-08-02;"Banskobystrický kraj";12;934;0;934;NA;274801;12;2021-08-02;32017
2021-08-01;"Banskobystrický kraj";0;271;0;271;NA;274801;0;2021-08-01;32005
2021-07-31;"Banskobystrický kraj";2;370;4;374;NA;274801;6;2021-07-31;32005
2021-07-30;"Banskobystrický kraj";54;928;2;930;NA;274801;56;2021-07-30;31999
2021-07-29;"Banskobystrický kraj";4;890;1;891;NA;274801;5;2021-07-29;31943
2021-07-28;"Banskobystrický kraj";8;520;1;521;NA;274801;9;2021-07-28;31938
2021-07-27;"Banskobystrický kraj";30;1092;0;1092;NA;274801;30;2021-07-27;31929
2021-07-26;"Banskobystrický kraj";4;911;1;912;NA;274801;5;2021-07-26;31899
2021-07-25;"Banskobystrický kraj";0;367;1;368;NA;274801;1;2021-07-25;31894
2021-07-24;"Banskobystrický kraj";4;298;0;298;NA;274801;4;2021-07-24;31893
2021-07-23;"Banskobystrický kraj";14;840;0;840;NA;274801;14;2021-07-23;31889
2021-07-22;"Banskobystrický kraj";10;727;3;730;NA;274801;13;2021-07-22;31875
2021-07-21;"Banskobystrický kraj";4;560;0;560;NA;274801;4;2021-07-21;31862
2021-07-20;"Banskobystrický kraj";12;885;2;887;NA;274801;14;2021-07-20;31858
2021-07-19;"Banskobystrický kraj";2;854;3;857;NA;274801;5;2021-07-19;31844
2021-07-18;"Banskobystrický kraj";0;377;1;378;NA;274801;1;2021-07-18;31839
2021-07-17;"Banskobystrický kraj";2;324;0;324;NA;274801;2;2021-07-17;31838
2021-07-16;"Banskobystrický kraj";6;974;1;975;NA;274801;7;2021-07-16;31836
2021-07-15;"Banskobystrický kraj";2;1038;0;1038;NA;274801;2;2021-07-15;31829
2021-07-14;"Banskobystrický kraj";6;765;0;765;NA;274801;6;2021-07-14;31827
2021-07-13;"Banskobystrický kraj";4;695;0;695;NA;274801;4;2021-07-13;31821
2021-07-12;"Banskobystrický kraj";2;1057;0;1057;NA;274801;2;2021-07-12;31817
2021-07-11;"Banskobystrický kraj";0;446;0;446;NA;274801;0;2021-07-11;31815
2021-07-10;"Banskobystrický kraj";4;368;0;368;NA;274801;4;2021-07-10;31815
2021-07-09;"Banskobystrický kraj";6;1209;0;1209;NA;274801;6;2021-07-09;31811
2021-07-08;"Banskobystrický kraj";0;1083;1;1084;NA;274801;1;2021-07-08;31805
2021-07-07;"Banskobystrický kraj";2;798;0;798;NA;274801;2;2021-07-07;31804
2021-07-06;"Banskobystrický kraj";12;1365;0;1365;NA;274801;12;2021-07-06;31802
2021-07-05;"Banskobystrický kraj";4;392;1;393;NA;274801;5;2021-07-05;31790
2021-07-04;"Banskobystrický kraj";0;318;0;318;NA;274801;0;2021-07-04;31785
2021-07-03;"Banskobystrický kraj";2;413;1;414;NA;274801;3;2021-07-03;31785
2021-07-02;"Banskobystrický kraj";6;1045;0;1045;NA;274801;6;2021-07-02;31782
2021-07-01;"Banskobystrický kraj";0;705;1;706;NA;274801;1;2021-07-01;31776
2021-06-30;"Banskobystrický kraj";6;7607;1;7608;NA;274801;7;2021-06-30;31775
2021-06-29;"Banskobystrický kraj";4;4642;1;4643;NA;274801;5;2021-06-29;31768
2021-06-28;"Banskobystrický kraj";6;5695;1;5696;NA;274801;7;2021-06-28;31763
2021-06-27;"Banskobystrický kraj";0;4369;5;4374;NA;274801;5;2021-06-27;31756
2021-06-26;"Banskobystrický kraj";0;4289;4;4293;NA;274801;4;2021-06-26;31751
2021-06-25;"Banskobystrický kraj";4;6717;2;6719;NA;274801;6;2021-06-25;31747
2021-06-24;"Banskobystrický kraj";12;4585;2;4587;NA;274801;14;2021-06-24;31741
2021-06-23;"Banskobystrický kraj";8;4947;0;4947;NA;274801;8;2021-06-23;31727
2021-06-22;"Banskobystrický kraj";14;4527;0;4527;NA;274801;14;2021-06-22;31719
2021-06-21;"Banskobystrický kraj";12;5836;8;5844;NA;274801;20;2021-06-21;31705
2021-06-20;"Banskobystrický kraj";0;5055;7;5062;NA;274801;7;2021-06-20;31685
2021-06-19;"Banskobystrický kraj";0;5639;4;5643;NA;274801;4;2021-06-19;31678
2021-06-18;"Banskobystrický kraj";8;7642;1;7643;NA;274801;9;2021-06-18;31674
2021-06-17;"Banskobystrický kraj";4;5245;3;5248;NA;274801;7;2021-06-17;31665
2021-06-16;"Banskobystrický kraj";20;5951;5;5956;NA;274801;25;2021-06-16;31658
2021-06-15;"Banskobystrický kraj";18;5576;6;5582;NA;274801;24;2021-06-15;31633
2021-06-14;"Banskobystrický kraj";16;6922;7;6929;NA;274801;23;2021-06-14;31609
2021-06-13;"Banskobystrický kraj";0;6407;7;6414;NA;274801;7;2021-06-13;31586
2021-06-12;"Banskobystrický kraj";6;6338;6;6344;NA;274801;12;2021-06-12;31579
2021-06-11;"Banskobystrický kraj";10;9693;15;9708;NA;274801;25;2021-06-11;31567
2021-06-10;"Banskobystrický kraj";20;5726;8;5734;NA;274801;28;2021-06-10;31542
2021-06-09;"Banskobystrický kraj";18;5720;4;5724;NA;274801;22;2021-06-09;31514
2021-06-08;"Banskobystrický kraj";30;5645;10;5655;NA;274801;40;2021-06-08;31492
2021-06-07;"Banskobystrický kraj";8;7582;21;7603;NA;274801;29;2021-06-07;31452
2021-06-06;"Banskobystrický kraj";2;7497;12;7509;NA;274801;14;2021-06-06;31423
2021-06-05;"Banskobystrický kraj";30;7531;9;7540;NA;274801;39;2021-06-05;31409
2021-06-04;"Banskobystrický kraj";4;9352;14;9366;NA;274801;18;2021-06-04;31370
2021-06-03;"Banskobystrický kraj";16;6507;24;6531;NA;274801;40;2021-06-03;31352
2021-06-02;"Banskobystrický kraj";14;6837;6;6843;NA;274801;20;2021-06-02;31312
2021-06-01;"Banskobystrický kraj";24;7146;14;7160;NA;274801;38;2021-06-01;31292
2021-05-31;"Banskobystrický kraj";8;9546;31;9577;NA;274801;39;2021-05-31;31254
2021-05-30;"Banskobystrický kraj";6;8959;19;8978;NA;274801;25;2021-05-30;31215
2021-05-29;"Banskobystrický kraj";22;9763;18;9781;NA;274801;40;2021-05-29;31190
2021-05-28;"Banskobystrický kraj";26;11908;27;11935;NA;274801;53;2021-05-28;31150
2021-05-27;"Banskobystrický kraj";14;8760;12;8772;NA;274801;26;2021-05-27;31097
2021-05-26;"Banskobystrický kraj";36;7905;17;7922;NA;274801;53;2021-05-26;31071
2021-05-25;"Banskobystrický kraj";54;8951;30;8981;NA;274801;84;2021-05-25;31018
2021-05-24;"Banskobystrický kraj";18;12472;44;12516;NA;274801;62;2021-05-24;30934
2021-05-23;"Banskobystrický kraj";0;9798;27;9825;NA;274801;27;2021-05-23;30872
2021-05-22;"Banskobystrický kraj";40;9608;26;9634;NA;274801;66;2021-05-22;30845
2021-05-21;"Banskobystrický kraj";44;12796;25;12821;NA;274801;69;2021-05-21;30779
2021-05-20;"Banskobystrický kraj";28;8994;25;9019;NA;274801;53;2021-05-20;30710
2021-05-19;"Banskobystrický kraj";84;8608;21;8629;NA;274801;105;2021-05-19;30657
2021-05-18;"Banskobystrický kraj";54;9450;25;9475;NA;274801;79;2021-05-18;30552
2021-05-17;"Banskobystrický kraj";22;13399;33;13432;NA;274801;55;2021-05-17;30473
2021-05-16;"Banskobystrický kraj";30;14072;26;14098;NA;274801;56;2021-05-16;30418
2021-05-15;"Banskobystrický kraj";22;15356;29;15385;NA;274801;51;2021-05-15;30362
2021-05-14;"Banskobystrický kraj";70;18939;45;18984;NA;274801;115;2021-05-14;30311
2021-05-13;"Banskobystrický kraj";74;10605;40;10645;NA;274801;114;2021-05-13;30196
2021-05-12;"Banskobystrický kraj";62;10860;45;10905;NA;274801;107;2021-05-12;30082
2021-05-11;"Banskobystrický kraj";84;11328;48;11376;NA;274801;132;2021-05-11;29975
2021-05-10;"Banskobystrický kraj";56;17621;68;17689;NA;274801;124;2021-05-10;29843
2021-05-09;"Banskobystrický kraj";50;21902;68;21970;NA;274801;118;2021-05-09;29719
2021-05-08;"Banskobystrický kraj";22;14285;26;14311;NA;274801;48;2021-05-08;29601
2021-05-07;"Banskobystrický kraj";82;21809;78;21887;NA;274801;160;2021-05-07;29553
2021-05-06;"Banskobystrický kraj";72;12254;70;12324;NA;274801;142;2021-05-06;29393
2021-05-05;"Banskobystrický kraj";68;12595;63;12658;NA;274801;131;2021-05-05;29251
2021-05-04;"Banskobystrický kraj";166;13888;47;13935;NA;274801;213;2021-05-04;29120
2021-05-03;"Banskobystrický kraj";60;20875;80;20955;NA;274801;140;2021-05-03;28907
2021-05-02;"Banskobystrický kraj";12;33040;60;33100;NA;274801;72;2021-05-02;28767
2021-05-01;"Banskobystrický kraj";108;36903;67;36970;NA;274801;175;2021-05-01;28695
2021-04-30;"Banskobystrický kraj";76;34957;86;35043;NA;274801;162;2021-04-30;28520
2021-04-29;"Banskobystrický kraj";110;16839;68;16907;NA;274801;178;2021-04-29;28358
2021-04-28;"Banskobystrický kraj";132;17959;67;18026;NA;274801;199;2021-04-28;28180
2021-04-27;"Banskobystrický kraj";140;19152;73;19225;NA;274801;213;2021-04-27;27981
2021-04-26;"Banskobystrický kraj";68;28517;101;28618;NA;274801;169;2021-04-26;27768
2021-04-25;"Banskobystrický kraj";28;40601;106;40707;NA;274801;134;2021-04-25;27599
2021-04-24;"Banskobystrický kraj";80;51944;98;52042;NA;274801;178;2021-04-24;27465
2021-04-23;"Banskobystrický kraj";156;37922;88;38010;NA;274801;244;2021-04-23;27287
2021-04-22;"Banskobystrický kraj";102;17415;57;17472;NA;274801;159;2021-04-22;27043
2021-04-21;"Banskobystrický kraj";152;19218;94;19312;NA;274801;246;2021-04-21;26884
2021-04-20;"Banskobystrický kraj";232;21234;98;21332;NA;274801;330;2021-04-20;26638
2021-04-19;"Banskobystrický kraj";96;31408;105;31513;NA;274801;201;2021-04-19;26308
2021-04-18;"Banskobystrický kraj";32;43375;90;43465;NA;274801;122;2021-04-18;26107
2021-04-17;"Banskobystrický kraj";84;64939;92;65031;NA;274801;176;2021-04-17;25985
2021-04-16;"Banskobystrický kraj";144;37307;100;37407;NA;274801;244;2021-04-16;25809
2021-04-15;"Banskobystrický kraj";134;20127;83;20210;NA;274801;217;2021-04-15;25565
2021-04-14;"Banskobystrický kraj";138;21260;86;21346;NA;274801;224;2021-04-14;25348
2021-04-13;"Banskobystrický kraj";260;23076;77;23153;NA;274801;337;2021-04-13;25124
2021-04-12;"Banskobystrický kraj";120;32272;130;32402;NA;274801;250;2021-04-12;24787
2021-04-11;"Banskobystrický kraj";0;41367;88;41455;NA;274801;88;2021-04-11;24537
2021-04-10;"Banskobystrický kraj";112;64728;141;64869;NA;274801;253;2021-04-10;24449
2021-04-09;"Banskobystrický kraj";212;31570;118;31688;NA;274801;330;2021-04-09;24196
2021-04-08;"Banskobystrický kraj";264;19000;148;19148;NA;274801;412;2021-04-08;23866
2021-04-07;"Banskobystrický kraj";452;25121;94;25215;NA;274801;546;2021-04-07;23454
2021-04-06;"Banskobystrický kraj";186;42496;187;42683;NA;274801;373;2021-04-06;22908
2021-04-05;"Banskobystrický kraj";30;11797;87;11884;NA;274801;117;2021-04-05;22535
2021-04-04;"Banskobystrický kraj";48;19683;79;19762;NA;274801;127;2021-04-04;22418
2021-04-03;"Banskobystrický kraj";10;72553;211;72764;NA;274801;221;2021-04-03;22291
2021-04-02;"Banskobystrický kraj";142;13455;66;13521;NA;274801;208;2021-04-02;22070
2021-04-01;"Banskobystrický kraj";342;39407;200;39607;NA;274801;542;2021-04-01;21862
2021-03-31;"Banskobystrický kraj";294;25543;161;25704;NA;274801;455;2021-03-31;21320
2021-03-30;"Banskobystrický kraj";334;21442;159;21601;NA;274801;493;2021-03-30;20865
2021-03-29;"Banskobystrický kraj";238;29492;218;29710;NA;274801;456;2021-03-29;20372
2021-03-28;"Banskobystrický kraj";50;40610;189;40799;NA;274801;239;2021-03-28;19916
2021-03-27;"Banskobystrický kraj";170;63414;260;63674;NA;274801;430;2021-03-27;19677
2021-03-26;"Banskobystrický kraj";244;43671;240;43911;NA;274801;484;2021-03-26;19247
2021-03-25;"Banskobystrický kraj";240;21598;240;21838;NA;274801;480;2021-03-25;18763
2021-03-24;"Banskobystrický kraj";400;19337;227;19564;NA;274801;627;2021-03-24;18283
2021-03-23;"Banskobystrický kraj";482;21541;257;21798;NA;274801;739;2021-03-23;17656
2021-03-22;"Banskobystrický kraj";130;30480;274;30754;NA;274801;404;2021-03-22;16917
2021-03-21;"Banskobystrický kraj";62;40039;280;40319;NA;274801;342;2021-03-21;16513
2021-03-20;"Banskobystrický kraj";238;67926;383;68309;NA;274801;621;2021-03-20;16171
2021-03-19;"Banskobystrický kraj";480;44038;306;44344;NA;274801;786;2021-03-19;15550
2021-03-18;"Banskobystrický kraj";320;22469;273;22742;NA;274801;593;2021-03-18;14764
2021-03-17;"Banskobystrický kraj";524;21573;245;21818;NA;274801;769;2021-03-17;14171
2021-03-16;"Banskobystrický kraj";680;23349;224;23573;NA;274801;904;2021-03-16;13402
2021-03-15;"Banskobystrický kraj";190;32306;366;32672;NA;274801;556;2021-03-15;12498
2021-03-14;"Banskobystrický kraj";78;39212;218;39430;NA;274801;296;2021-03-14;11942
2021-03-13;"Banskobystrický kraj";418;67463;395;67858;NA;274801;813;2021-03-13;11646
2021-03-12;"Banskobystrický kraj";412;41444;330;41774;NA;274801;742;2021-03-12;10833
2021-03-11;"Banskobystrický kraj";456;21338;274;21612;NA;274801;730;2021-03-11;10091
2021-03-10;"Banskobystrický kraj";520;20408;241;20649;NA;274801;761;2021-03-10;9361
2021-03-09;"Banskobystrický kraj";704;21790;284;22074;NA;274801;988;2021-03-09;8600
2021-03-08;"Banskobystrický kraj";382;31471;427;31898;NA;274801;809;2021-03-08;7612
2021-03-07;"Banskobystrický kraj";120;39191;295;39486;NA;274801;415;2021-03-07;6803
2021-03-06;"Banskobystrický kraj";328;70897;410;71307;NA;274801;738;2021-03-06;6388
2021-03-05;"Banskobystrický kraj";442;42336;389;42725;NA;274801;831;2021-03-05;5650
2021-03-04;"Banskobystrický kraj";452;22009;334;22343;NA;274801;786;2021-03-04;4819
2021-03-03;"Banskobystrický kraj";634;21949;331;22280;NA;274801;965;2021-03-03;4033
2021-03-02;"Banskobystrický kraj";582;23160;354;23514;NA;274801;936;2021-03-02;3068
2021-03-01;"Banskobystrický kraj";302;31773;434;32207;NA;274801;736;2021-03-01;2132
2021-02-28;"Banskobystrický kraj";90;38665;336;39001;NA;274801;426;2021-02-28;1396
2021-02-27;"Banskobystrický kraj";578;66667;529;67196;NA;274801;1107;2021-02-27;970
2021-02-26;"Banskobystrický kraj";652;39674;468;40142;NA;274801;1120;2021-02-26;-137
2021-02-25;"Banskobystrický kraj";750;18081;366;18447;NA;274801;1116;2021-02-25;-1257
2021-02-24;"Banskobystrický kraj";664;16735;373;17108;NA;274801;1037;2021-02-24;-2373
2021-02-23;"Banskobystrický kraj";924;19932;439;20371;NA;274801;1363;2021-02-23;-3410
2021-02-22;"Banskobystrický kraj";134;28643;598;29241;NA;274801;732;2021-02-22;-4773
2021-02-21;"Banskobystrický kraj";136;37619;444;38063;NA;274801;580;2021-02-21;-5505
2021-02-20;"Banskobystrický kraj";560;68851;598;69449;NA;274801;1158;2021-02-20;-6085
2021-02-19;"Banskobystrický kraj";840;39888;511;40399;NA;274801;1351;2021-02-19;-7243
2021-02-18;"Banskobystrický kraj";482;18618;396;19014;NA;274801;878;2021-02-18;-8594
2021-02-17;"Banskobystrický kraj";830;16740;389;17129;NA;274801;1219;2021-02-17;-9472
2021-02-16;"Banskobystrický kraj";676;19731;368;20099;NA;274801;1044;2021-02-16;-10691
2021-02-15;"Banskobystrický kraj";236;35835;591;36426;NA;274801;827;2021-02-15;-11735
2021-02-14;"Banskobystrický kraj";120;31894;386;32280;NA;274801;506;2021-02-14;-12562
2021-02-13;"Banskobystrický kraj";404;53889;492;54381;NA;274801;896;2021-02-13;-13068
2021-02-12;"Banskobystrický kraj";624;37270;533;37803;NA;274801;1157;2021-02-12;-13964
2021-02-11;"Banskobystrický kraj";610;21196;386;21582;NA;274801;996;2021-02-11;-15121
2021-02-10;"Banskobystrický kraj";666;14790;344;15134;NA;274801;1010;2021-02-10;-16117
2021-02-09;"Banskobystrický kraj";658;18504;362;18866;NA;274801;1020;2021-02-09;-17127
2021-02-08;"Banskobystrický kraj";206;49716;695;50411;NA;274801;901;2021-02-08;-18147
2021-02-07;"Banskobystrický kraj";140;37659;335;37994;NA;274801;475;2021-02-07;-19048
2021-02-06;"Banskobystrický kraj";356;69388;570;69958;NA;274801;926;2021-02-06;-19523
2021-02-05;"Banskobystrický kraj";564;24577;363;24940;NA;274801;927;2021-02-05;-20449
2021-02-04;"Banskobystrický kraj";480;14367;430;14797;NA;274801;910;2021-02-04;-21376
2021-02-03;"Banskobystrický kraj";700;9459;255;9714;NA;274801;955;2021-02-03;-22286
2021-02-02;"Banskobystrický kraj";554;15741;334;16075;NA;274801;888;2021-02-02;-23241
2021-02-01;"Banskobystrický kraj";150;24346;489;24835;NA;274801;639;2021-02-01;-24129
2021-01-31;"Banskobystrický kraj";68;19983;201;20184;NA;274801;269;2021-01-31;-24768
2021-01-30;"Banskobystrický kraj";326;63896;525;64421;NA;274801;851;2021-01-30;-25037
2021-01-29;"Banskobystrický kraj";392;17368;274;17642;NA;274801;666;2021-01-29;-25888
2021-01-28;"Banskobystrický kraj";436;15613;382;15995;NA;274801;818;2021-01-28;-26554
2021-01-27;"Banskobystrický kraj";382;8132;200;8332;NA;274801;582;2021-01-27;-27372
2021-01-26;"Banskobystrický kraj";476;19795;283;20078;NA;274801;759;2021-01-26;-27954
2021-01-25;"Banskobystrický kraj";164;33666;412;34078;NA;274801;576;2021-01-25;-28713
2021-01-24;"Banskobystrický kraj";76;35587;278;35865;NA;274801;354;2021-01-24;-29289
2021-01-23;"Banskobystrický kraj";284;89058;523;89581;NA;274801;807;2021-01-23;-29643
2021-01-22;"Banskobystrický kraj";350;25887;355;26242;NA;274801;705;2021-01-22;-30450
2021-01-21;"Banskobystrický kraj";388;17063;279;17342;NA;274801;667;2021-01-21;-31155
2021-01-20;"Banskobystrický kraj";462;9142;186;9328;NA;274801;648;2021-01-20;-31822
2021-01-19;"Banskobystrický kraj";426;10708;311;11019;NA;274801;737;2021-01-19;-32470
2021-01-18;"Banskobystrický kraj";188;7402;401;7803;NA;274801;589;2021-01-18;-33207
2021-01-17;"Banskobystrický kraj";220;8154;77;8231;NA;274801;297;2021-01-17;-33796
2021-01-16;"Banskobystrický kraj";116;2274;57;2331;NA;274801;173;2021-01-16;-34093
2021-01-15;"Banskobystrický kraj";328;7673;217;7890;NA;274801;545;2021-01-15;-34266
2021-01-14;"Banskobystrický kraj";440;5760;325;6085;NA;274801;765;2021-01-14;-34811
2021-01-13;"Banskobystrický kraj";470;5974;217;6191;NA;274801;687;2021-01-13;-35576
2021-01-12;"Banskobystrický kraj";388;6600;290;6890;NA;274801;678;2021-01-12;-36263
2021-01-11;"Banskobystrický kraj";152;8231;481;8712;NA;274801;633;2021-01-11;-36941
2021-01-10;"Banskobystrický kraj";220;433;4;437;NA;274801;224;2021-01-10;-37574
2021-01-09;"Banskobystrický kraj";594;2378;81;2459;NA;274801;675;2021-01-09;-37798
2021-01-08;"Banskobystrický kraj";870;9805;443;10248;NA;274801;1313;2021-01-08;-38473
2021-01-07;"Banskobystrický kraj";254;6322;366;6688;NA;274801;620;2021-01-07;-39786
2021-01-06;"Banskobystrický kraj";610;3374;185;3559;NA;274801;795;2021-01-06;-40406
2021-01-05;"Banskobystrický kraj";744;7349;533;7882;NA;274801;1277;2021-01-05;-41201
2021-01-04;"Banskobystrický kraj";260;7087;700;7787;NA;274801;960;2021-01-04;-42478
2021-01-03;"Banskobystrický kraj";398;320;19;339;NA;274801;417;2021-01-03;-43438
2021-01-02;"Banskobystrický kraj";246;702;85;787;NA;274801;331;2021-01-02;-43855
2021-01-01;"Banskobystrický kraj";440;1958;132;2090;NA;274801;572;2021-01-01;-44186
2020-12-31;"Banskobystrický kraj";998;7679;633;8312;NA;274801;1631;2020-12-31;-44758
2020-12-30;"Banskobystrický kraj";1186;7407;541;7948;NA;274801;1727;2020-12-30;-46389
2020-12-29;"Banskobystrický kraj";480;7876;660;8536;NA;274801;1140;2020-12-29;-48116
2020-12-28;"Banskobystrický kraj";262;6120;720;6840;NA;274801;982;2020-12-28;-49256
2020-12-27;"Banskobystrický kraj";232;541;25;566;NA;274801;257;2020-12-27;-50238
2020-12-26;"Banskobystrický kraj";122;295;35;330;NA;274801;157;2020-12-26;-50495
2020-12-25;"Banskobystrický kraj";130;888;10;898;NA;274801;140;2020-12-25;-50652
2020-12-24;"Banskobystrický kraj";904;3685;135;3820;NA;274801;1039;2020-12-24;-50792
2020-12-23;"Banskobystrický kraj";736;9892;473;10365;NA;274801;1209;2020-12-23;-51831
2020-12-22;"Banskobystrický kraj";614;8468;619;9087;NA;274801;1233;2020-12-22;-53040
2020-12-21;"Banskobystrický kraj";572;4922;455;5377;NA;274801;1027;2020-12-21;-54273
2020-12-20;"Banskobystrický kraj";310;250;14;264;NA;274801;324;2020-12-20;-55300
2020-12-19;"Banskobystrický kraj";340;3084;138;3222;NA;274801;478;2020-12-19;-55624
2020-12-18;"Banskobystrický kraj";864;5959;331;6290;NA;274801;1195;2020-12-18;-56102
2020-12-17;"Banskobystrický kraj";936;8753;653;9406;NA;274801;1589;2020-12-17;-57297
2020-12-16;"Banskobystrický kraj";758;10184;567;10751;NA;274801;1325;2020-12-16;-58886
2020-12-15;"Banskobystrický kraj";672;5281;425;5706;NA;274801;1097;2020-12-15;-60211
2020-12-14;"Banskobystrický kraj";296;4012;259;4271;NA;274801;555;2020-12-14;-61308
2020-12-13;"Banskobystrický kraj";244;142;1;143;NA;274801;245;2020-12-13;-61863
2020-12-12;"Banskobystrický kraj";274;2714;138;2852;NA;274801;412;2020-12-12;-62108
2020-12-11;"Banskobystrický kraj";936;6633;362;6995;NA;274801;1298;2020-12-11;-62520
2020-12-10;"Banskobystrický kraj";386;5501;369;5870;NA;274801;755;2020-12-10;-63818
2020-12-09;"Banskobystrický kraj";323;3941;205;4146;NA;274801;528;2020-12-09;-64573
2020-12-08;"Banskobystrický kraj";256;3782;272;4054;NA;274801;528;2020-12-08;-65101
2020-12-07;"Banskobystrický kraj";175;2633;177;2810;NA;274801;352;2020-12-07;-65629
2020-12-06;"Banskobystrický kraj";121;507;11;518;NA;274801;132;2020-12-06;-65981
2020-12-05;"Banskobystrický kraj";109;1099;34;1133;NA;274801;143;2020-12-05;-66113
2020-12-04;"Banskobystrický kraj";339;3828;174;4002;NA;274801;513;2020-12-04;-66256
2020-12-03;"Banskobystrický kraj";240;3193;234;3427;NA;274801;474;2020-12-03;-66769
2020-12-02;"Banskobystrický kraj";217;4442;186;4628;NA;274801;403;2020-12-02;-67243
2020-12-01;"Banskobystrický kraj";215;2702;134;2836;NA;274801;349;2020-12-01;-67646
2020-11-30;"Banskobystrický kraj";74;4314;241;4555;NA;274801;315;2020-11-30;-67995
2020-11-29;"Banskobystrický kraj";19;208;7;215;NA;274801;26;2020-11-29;-68310
2020-11-28;"Banskobystrický kraj";81;1408;55;1463;NA;274801;136;2020-11-28;-68336
2020-11-27;"Banskobystrický kraj";219;2566;123;2689;NA;274801;342;2020-11-27;-68472
2020-11-26;"Banskobystrický kraj";208;2124;93;2217;NA;274801;301;2020-11-26;-68814
2020-11-25;"Banskobystrický kraj";170;1952;86;2038;NA;274801;256;2020-11-25;-69115
2020-11-24;"Banskobystrický kraj";166;2566;69;2635;NA;274801;235;2020-11-24;-69371
2020-11-23;"Banskobystrický kraj";66;10147;193;10340;NA;274801;259;2020-11-23;-69606
2020-11-22;"Banskobystrický kraj";38;104;1;105;NA;274801;39;2020-11-22;-69865
2020-11-21;"Banskobystrický kraj";52;904;14;918;NA;274801;66;2020-11-21;-69904
2020-11-20;"Banskobystrický kraj";127;2005;107;2112;NA;274801;234;2020-11-20;-69970
2020-11-19;"Banskobystrický kraj";170;1218;82;1300;NA;274801;252;2020-11-19;-70204
2020-11-18;"Banskobystrický kraj";153;698;65;763;NA;274801;218;2020-11-18;-70456
2020-11-17;"Banskobystrický kraj";52;578;35;613;NA;274801;87;2020-11-17;-70674
2020-11-16;"Banskobystrický kraj";106;470;25;495;NA;274801;131;2020-11-16;-70761
2020-11-15;"Banskobystrický kraj";52;301;4;305;NA;274801;56;2020-11-15;-70892
2020-11-14;"Banskobystrický kraj";73;305;2;307;NA;274801;75;2020-11-14;-70948
2020-11-13;"Banskobystrický kraj";157;552;11;563;NA;274801;168;2020-11-13;-71023
2020-11-12;"Banskobystrický kraj";218;952;44;996;NA;274801;262;2020-11-12;-71191
2020-11-11;"Banskobystrický kraj";224;437;9;446;NA;274801;233;2020-11-11;-71453
2020-11-10;"Banskobystrický kraj";263;463;18;481;NA;274801;281;2020-11-10;-71686
2020-11-09;"Banskobystrický kraj";80;2678;31;2709;NA;274801;111;2020-11-09;-71967
2020-11-08;"Banskobystrický kraj";82;981;16;997;NA;274801;98;2020-11-08;-72078
2020-11-07;"Banskobystrický kraj";164;8828;94;8922;NA;274801;258;2020-11-07;-72176
2020-11-06;"Banskobystrický kraj";227;2496;16;2512;NA;274801;243;2020-11-06;-72434
2020-11-05;"Banskobystrický kraj";240;290;33;323;NA;274801;273;2020-11-05;-72677
2020-11-04;"Banskobystrický kraj";254;1366;13;1379;NA;274801;267;2020-11-04;-72950
2020-11-03;"Banskobystrický kraj";246;1332;4;1336;NA;274801;250;2020-11-03;-73217
2020-11-02;"Banskobystrický kraj";90;2909;65;2974;NA;274801;155;2020-11-02;-73467
2020-11-01;"Banskobystrický kraj";101;2671;42;2713;NA;274801;143;2020-11-01;-73622
2020-10-31;"Banskobystrický kraj";199;13516;116;13632;NA;274801;315;2020-10-31;-73765
2020-10-30;"Banskobystrický kraj";254;2829;20;2849;NA;274801;274;2020-10-30;-74080
2020-10-29;"Banskobystrický kraj";372;969;42;1011;NA;274801;414;2020-10-29;-74354
2020-10-28;"Banskobystrický kraj";285;302;30;332;NA;274801;315;2020-10-28;-74768
2020-10-27;"Banskobystrický kraj";266;654;40;694;NA;274801;306;2020-10-27;-75083
2020-10-26;"Banskobystrický kraj";38;234;29;263;NA;274801;67;2020-10-26;-75389
2020-10-25;"Banskobystrický kraj";50;140;11;151;NA;274801;61;2020-10-25;-75456
2020-10-24;"Banskobystrický kraj";315;114;12;126;NA;274801;327;2020-10-24;-75517
2020-10-23;"Banskobystrický kraj";231;230;29;259;NA;274801;260;2020-10-23;-75844
2020-10-22;"Banskobystrický kraj";264;253;24;277;NA;274801;288;2020-10-22;-76104
2020-10-21;"Banskobystrický kraj";209;266;3;269;NA;274801;212;2020-10-21;-76392
2020-10-20;"Banskobystrický kraj";210;66;3;69;NA;274801;213;2020-10-20;-76604
2020-10-19;"Banskobystrický kraj";27;73;12;85;NA;274801;39;2020-10-19;-76817
2020-10-18;"Banskobystrický kraj";49;0;0;0;NA;274801;49;2020-10-18;-76856
2020-10-17;"Banskobystrický kraj";91;0;0;0;NA;274801;91;2020-10-17;-76905
2020-10-16;"Banskobystrický kraj";224;37;3;40;NA;274801;227;2020-10-16;-76996
2020-10-15;"Banskobystrický kraj";133;29;1;30;NA;274801;134;2020-10-15;-77223
2020-10-14;"Banskobystrický kraj";139;31;1;32;NA;274801;140;2020-10-14;-77357
2020-10-13;"Banskobystrický kraj";151;169;11;180;NA;274801;162;2020-10-13;-77497
2020-10-12;"Banskobystrický kraj";11;110;4;114;NA;274801;15;2020-10-12;-77659
2020-10-11;"Banskobystrický kraj";14;0;0;0;NA;274801;14;2020-10-11;-77674
2020-10-10;"Banskobystrický kraj";53;0;0;0;NA;274801;53;2020-10-10;-77688
2020-10-09;"Banskobystrický kraj";128;0;0;0;NA;274801;128;2020-10-09;-77741
2020-10-08;"Banskobystrický kraj";99;0;0;0;NA;274801;99;2020-10-08;-77869
2020-10-07;"Banskobystrický kraj";124;0;0;0;NA;274801;124;2020-10-07;-77968
2020-10-06;"Banskobystrický kraj";68;0;0;0;NA;274801;68;2020-10-06;-78092
2020-10-05;"Banskobystrický kraj";49;0;0;0;NA;274801;49;2020-10-05;-78160
2020-10-04;"Banskobystrický kraj";8;0;0;0;NA;274801;8;2020-10-04;-78209
2020-10-03;"Banskobystrický kraj";37;0;0;0;NA;274801;37;2020-10-03;-78217
2020-10-02;"Banskobystrický kraj";74;0;0;0;NA;274801;74;2020-10-02;-78254
2020-10-01;"Banskobystrický kraj";49;16;0;16;NA;274801;49;2020-10-01;-78328
2020-09-30;"Banskobystrický kraj";60;0;0;0;NA;274801;60;2020-09-30;-78377
2020-09-29;"Banskobystrický kraj";24;0;0;0;NA;274801;24;2020-09-29;-78437
2020-09-28;"Banskobystrický kraj";0;0;0;0;NA;274801;0;2020-09-28;-78461
2020-09-27;"Banskobystrický kraj";20;0;0;0;NA;274801;20;2020-09-27;-78461
2020-09-26;"Banskobystrický kraj";24;0;0;0;NA;274801;24;2020-09-26;-78481
2020-09-25;"Banskobystrický kraj";29;0;0;0;NA;274801;29;2020-09-25;-78505
2020-09-24;"Banskobystrický kraj";25;0;0;0;NA;274801;25;2020-09-24;-78534
2020-09-23;"Banskobystrický kraj";17;0;0;0;NA;274801;17;2020-09-23;-78559
2020-09-22;"Banskobystrický kraj";25;0;0;0;NA;274801;25;2020-09-22;-78576
2020-09-21;"Banskobystrický kraj";3;0;0;0;NA;274801;3;2020-09-21;-78601
2020-09-20;"Banskobystrický kraj";0;0;0;0;NA;274801;0;2020-09-20;-78604
2020-09-19;"Banskobystrický kraj";3;0;0;0;NA;274801;3;2020-09-19;-78604
2020-09-18;"Banskobystrický kraj";24;0;0;0;NA;274801;24;2020-09-18;-78607
2020-09-17;"Banskobystrický kraj";14;0;0;0;NA;274801;14;2020-09-17;-78631
2020-09-16;"Banskobystrický kraj";6;0;0;0;NA;274801;6;2020-09-16;-78645
2020-09-15;"Banskobystrický kraj";2;0;0;0;NA;274801;2;2020-09-15;-78651
2020-09-14;"Banskobystrický kraj";13;0;0;0;NA;274801;13;2020-09-14;-78653
2020-09-13;"Banskobystrický kraj";1;0;0;0;NA;274801;1;2020-09-13;-78666
2020-09-12;"Banskobystrický kraj";5;0;0;0;NA;274801;5;2020-09-12;-78667
2020-09-11;"Banskobystrický kraj";19;0;0;0;NA;274801;19;2020-09-11;-78672
2020-09-10;"Banskobystrický kraj";11;0;0;0;NA;274801;11;2020-09-10;-78691
2020-09-09;"Banskobystrický kraj";13;0;0;0;NA;274801;13;2020-09-09;-78702
2020-09-08;"Banskobystrický kraj";5;0;0;0;NA;274801;5;2020-09-08;-78715
2020-09-07;"Banskobystrický kraj";2;0;0;0;NA;274801;2;2020-09-07;-78720
2020-09-06;"Banskobystrický kraj";0;0;0;0;NA;274801;0;2020-09-06;-78722
2020-09-05;"Banskobystrický kraj";0;0;0;0;NA;274801;0;2020-09-05;-78722
2020-09-04;"Banskobystrický kraj";9;0;0;0;NA;274801;9;2020-09-04;-78722
2020-09-03;"Banskobystrický kraj";5;0;0;0;NA;274801;5;2020-09-03;-78731
2020-09-02;"Banskobystrický kraj";6;0;0;0;NA;274801;6;2020-09-02;-78736
2020-09-01;"Banskobystrický kraj";2;0;0;0;NA;274801;2;2020-09-01;-78742
2020-08-31;"Banskobystrický kraj";6;0;0;0;NA;274801;6;2020-08-31;-78744
2020-08-30;"Banskobystrický kraj";0;0;0;0;NA;274801;0;2020-08-30;-78750
2020-08-29;"Banskobystrický kraj";1;0;0;0;NA;274801;1;2020-08-29;-78750
2020-08-28;"Banskobystrický kraj";3;0;0;0;NA;274801;3;2020-08-28;-78751
2020-08-27;"Banskobystrický kraj";1;0;0;0;NA;274801;1;2020-08-27;-78754
2020-08-26;"Banskobystrický kraj";2;0;0;0;NA;274801;2;2020-08-26;-78755
2020-08-25;"Banskobystrický kraj";2;0;0;0;NA;274801;2;2020-08-25;-78757
2020-08-24;"Banskobystrický kraj";0;0;0;0;NA;274801;0;2020-08-24;-78759
2020-08-23;"Banskobystrický kraj";0;0;0;0;NA;274801;0;2020-08-23;-78759
2020-08-22;"Banskobystrický kraj";0;0;0;0;NA;274801;0;2020-08-22;-78759
2020-08-21;"Banskobystrický kraj";4;0;0;0;NA;274801;4;2020-08-21;-78759
2020-08-20;"Banskobystrický kraj";1;0;0;0;NA;274801;1;2020-08-20;-78763
2020-08-19;"Banskobystrický kraj";4;0;0;0;NA;274801;4;2020-08-19;-78764
2020-08-18;"Banskobystrický kraj";0;0;0;0;NA;274801;0;2020-08-18;-78768
2020-08-17;"Banskobystrický kraj";1;0;0;0;NA;274801;1;2020-08-17;-78768
2020-08-16;"Banskobystrický kraj";0;0;0;0;NA;274801;0;2020-08-16;-78769
2020-08-15;"Banskobystrický kraj";0;0;0;0;NA;274801;0;2020-08-15;-78769
2020-08-14;"Banskobystrický kraj";5;0;0;0;NA;274801;5;2020-08-14;-78769
2020-08-13;"Banskobystrický kraj";0;0;0;0;NA;274801;0;2020-08-13;-78774
2020-08-12;"Banskobystrický kraj";0;0;0;0;NA;274801;0;2020-08-12;-78774
2020-08-11;"Banskobystrický kraj";2;0;0;0;NA;274801;2;2020-08-11;-78774
2020-08-10;"Banskobystrický kraj";3;0;0;0;NA;274801;3;2020-08-10;-78776
2020-08-09;"Banskobystrický kraj";0;0;0;0;NA;274801;0;2020-08-09;-78779
2020-08-08;"Banskobystrický kraj";2;0;0;0;NA;274801;2;2020-08-08;-78779
2020-08-07;"Banskobystrický kraj";1;0;0;0;NA;274801;1;2020-08-07;-78781
2020-08-06;"Banskobystrický kraj";1;0;0;0;NA;274801;1;2020-08-06;-78782
2020-08-05;"Banskobystrický kraj";0;0;0;0;NA;274801;0;2020-08-05;-78783
2020-08-04;"Banskobystrický kraj";3;0;0;0;NA;274801;3;2020-08-04;-78783
2020-08-03;"Banskobystrický kraj";0;0;0;0;NA;274801;0;2020-08-03;-78786
2020-08-02;"Banskobystrický kraj";0;0;0;0;NA;274801;0;2020-08-02;-78786
2020-08-01;"Banskobystrický kraj";1;0;0;0;NA;274801;1;2020-08-01;-78786
2020-07-31;"Banskobystrický kraj";2;0;0;0;NA;274801;2;2020-07-31;-78787
2020-07-30;"Banskobystrický kraj";1;0;0;0;NA;274801;1;2020-07-30;-78789
2020-07-29;"Banskobystrický kraj";0;0;0;0;NA;274801;0;2020-07-29;-78790
2020-07-28;"Banskobystrický kraj";2;0;0;0;NA;274801;2;2020-07-28;-78790
2020-07-27;"Banskobystrický kraj";3;0;0;0;NA;274801;3;2020-07-27;-78792
2020-07-26;"Banskobystrický kraj";0;0;0;0;NA;274801;0;2020-07-26;-78795
2020-07-25;"Banskobystrický kraj";0;0;0;0;NA;274801;0;2020-07-25;-78795
2020-07-24;"Banskobystrický kraj";9;0;0;0;NA;274801;9;2020-07-24;-78795
2020-07-23;"Banskobystrický kraj";0;0;0;0;NA;274801;0;2020-07-23;-78804
2020-07-22;"Banskobystrický kraj";3;0;0;0;NA;274801;3;2020-07-22;-78804
2020-07-21;"Banskobystrický kraj";3;0;0;0;NA;274801;3;2020-07-21;-78807
2020-07-20;"Banskobystrický kraj";1;0;0;0;NA;274801;1;2020-07-20;-78810
2020-07-19;"Banskobystrický kraj";1;0;0;0;NA;274801;1;2020-07-19;-78811
2020-07-18;"Banskobystrický kraj";0;0;0;0;NA;274801;0;2020-07-18;-78812
2020-07-17;"Banskobystrický kraj";2;0;0;0;NA;274801;2;2020-07-17;-78812
2020-07-16;"Banskobystrický kraj";1;0;0;0;NA;274801;1;2020-07-16;-78814
2020-07-15;"Banskobystrický kraj";4;0;0;0;NA;274801;4;2020-07-15;-78815
2020-07-14;"Banskobystrický kraj";2;0;0;0;NA;274801;2;2020-07-14;-78819
2020-07-13;"Banskobystrický kraj";1;0;0;0;NA;274801;1;2020-07-13;-78821
2020-07-12;"Banskobystrický kraj";0;0;0;0;NA;274801;0;2020-07-12;-78822
2020-07-11;"Banskobystrický kraj";0;0;0;0;NA;274801;0;2020-07-11;-78822
2020-07-10;"Banskobystrický kraj";3;0;0;0;NA;274801;3;2020-07-10;-78822
2020-07-09;"Banskobystrický kraj";9;0;0;0;NA;274801;9;2020-07-09;-78825
2020-07-08;"Banskobystrický kraj";0;0;0;0;NA;274801;0;2020-07-08;-78834
2020-07-07;"Banskobystrický kraj";4;0;0;0;NA;274801;4;2020-07-07;-78834
2020-07-06;"Banskobystrický kraj";0;0;0;0;NA;274801;0;2020-07-06;-78838
2020-07-05;"Banskobystrický kraj";0;0;0;0;NA;274801;0;2020-07-05;-78838
2020-07-04;"Banskobystrický kraj";1;0;0;0;NA;274801;1;2020-07-04;-78838
2020-07-03;"Banskobystrický kraj";4;0;0;0;NA;274801;4;2020-07-03;-78839
2020-07-02;"Banskobystrický kraj";0;0;0;0;NA;274801;0;2020-07-02;-78843
2020-07-01;"Banskobystrický kraj";1;0;0;0;NA;274801;1;2020-07-01;-78843
2020-06-30;"Banskobystrický kraj";0;12;0;12;NA;274801;0;2020-06-30;-78844
2020-06-29;"Banskobystrický kraj";0;0;0;0;NA;274801;0;2020-06-29;-78844
2020-06-28;"Banskobystrický kraj";0;0;0;0;NA;274801;0;2020-06-28;-78844
2020-06-27;"Banskobystrický kraj";0;0;0;0;NA;274801;0;2020-06-27;-78844
2020-06-26;"Banskobystrický kraj";0;0;0;0;NA;274801;0;2020-06-26;-78844
2020-06-25;"Banskobystrický kraj";1;0;0;0;NA;274801;1;2020-06-25;-78844
2020-06-24;"Banskobystrický kraj";0;0;0;0;NA;274801;0;2020-06-24;-78845
2020-06-23;"Banskobystrický kraj";6;0;0;0;NA;274801;6;2020-06-23;-78845
2020-06-22;"Banskobystrický kraj";0;0;0;0;NA;274801;0;2020-06-22;-78851
2020-06-21;"Banskobystrický kraj";0;0;0;0;NA;274801;0;2020-06-21;-78851
2020-06-20;"Banskobystrický kraj";0;0;0;0;NA;274801;0;2020-06-20;-78851
2020-06-19;"Banskobystrický kraj";2;0;0;0;NA;274801;2;2020-06-19;-78851
2020-06-18;"Banskobystrický kraj";10;0;0;0;NA;274801;10;2020-06-18;-78853
2020-06-17;"Banskobystrický kraj";1;0;0;0;NA;274801;1;2020-06-17;-78863
2020-06-16;"Banskobystrický kraj";0;0;0;0;NA;274801;0;2020-06-16;-78864
2020-06-14;"Banskobystrický kraj";2;0;0;0;NA;274801;2;2020-06-14;-78864
2020-06-13;"Banskobystrický kraj";2;0;0;0;NA;274801;2;2020-06-13;-78866
2020-06-12;"Banskobystrický kraj";0;0;0;0;NA;274801;0;2020-06-12;-78868
2020-06-11;"Banskobystrický kraj";1;0;0;0;NA;274801;1;2020-06-11;-78868
2020-06-10;"Banskobystrický kraj";0;0;0;0;NA;274801;0;2020-06-10;-78869
2020-06-09;"Banskobystrický kraj";0;0;0;0;NA;274801;0;2020-06-09;-78869
2020-06-08;"Banskobystrický kraj";0;0;0;0;NA;274801;0;2020-06-08;-78869
2020-06-07;"Banskobystrický kraj";0;0;0;0;NA;274801;0;2020-06-07;-78869
2020-06-05;"Banskobystrický kraj";2;0;0;0;NA;274801;2;2020-06-05;-78869
2020-06-03;"Banskobystrický kraj";0;0;0;0;NA;274801;0;2020-06-03;-78871
2020-06-02;"Banskobystrický kraj";0;0;0;0;NA;274801;0;2020-06-02;-78871
2020-05-31;"Banskobystrický kraj";0;0;0;0;NA;274801;0;2020-05-31;-78871
2020-05-29;"Banskobystrický kraj";0;0;0;0;NA;274801;0;2020-05-29;-78871
2020-05-27;"Banskobystrický kraj";1;0;0;0;NA;274801;1;2020-05-27;-78871
2020-05-26;"Banskobystrický kraj";0;0;0;0;NA;274801;0;2020-05-26;-78872
2020-05-25;"Banskobystrický kraj";0;0;0;0;NA;274801;0;2020-05-25;-78872
2020-05-24;"Banskobystrický kraj";0;0;0;0;NA;274801;0;2020-05-24;-78872
2020-05-23;"Banskobystrický kraj";1;0;0;0;NA;274801;1;2020-05-23;-78872
2020-05-22;"Banskobystrický kraj";0;0;0;0;NA;274801;0;2020-05-22;-78873
2020-05-21;"Banskobystrický kraj";0;0;0;0;NA;274801;0;2020-05-21;-78873
2020-05-20;"Banskobystrický kraj";1;0;0;0;NA;274801;1;2020-05-20;-78873
2020-05-19;"Banskobystrický kraj";0;0;0;0;NA;274801;0;2020-05-19;-78874
2020-05-17;"Banskobystrický kraj";0;0;0;0;NA;274801;0;2020-05-17;-78874
2020-05-16;"Banskobystrický kraj";0;0;0;0;NA;274801;0;2020-05-16;-78874
2020-05-15;"Banskobystrický kraj";0;0;0;0;NA;274801;0;2020-05-15;-78874
2020-05-14;"Banskobystrický kraj";0;0;0;0;NA;274801;0;2020-05-14;-78874
2020-05-13;"Banskobystrický kraj";0;0;0;0;NA;274801;0;2020-05-13;-78874
2020-05-12;"Banskobystrický kraj";1;0;0;0;NA;274801;1;2020-05-12;-78874
2020-05-11;"Banskobystrický kraj";0;0;0;0;NA;274801;0;2020-05-11;-78875
2020-05-09;"Banskobystrický kraj";0;0;0;0;NA;274801;0;2020-05-09;-78875
2020-05-07;"Banskobystrický kraj";2;0;0;0;NA;274801;2;2020-05-07;-78875
2020-05-06;"Banskobystrický kraj";1;0;0;0;NA;274801;1;2020-05-06;-78877
2020-05-05;"Banskobystrický kraj";2;0;0;0;NA;274801;2;2020-05-05;-78878
2020-05-04;"Banskobystrický kraj";0;0;0;0;NA;274801;0;2020-05-04;-78880
2020-05-03;"Banskobystrický kraj";0;0;0;0;NA;274801;0;2020-05-03;-78880
2020-05-02;"Banskobystrický kraj";0;0;0;0;NA;274801;0;2020-05-02;-78880
2020-05-01;"Banskobystrický kraj";0;0;0;0;NA;274801;0;2020-05-01;-78880
2020-04-30;"Banskobystrický kraj";1;0;0;0;NA;274801;1;2020-04-30;-78880
2020-04-29;"Banskobystrický kraj";1;0;0;0;NA;274801;1;2020-04-29;-78881
2020-04-28;"Banskobystrický kraj";0;0;0;0;NA;274801;0;2020-04-28;-78882
2020-04-27;"Banskobystrický kraj";0;0;0;0;NA;274801;0;2020-04-27;-78882
2020-04-26;"Banskobystrický kraj";0;0;0;0;NA;274801;0;2020-04-26;-78882
2020-04-25;"Banskobystrický kraj";2;0;0;0;NA;274801;2;2020-04-25;-78882
2020-04-24;"Banskobystrický kraj";3;0;0;0;NA;274801;3;2020-04-24;-78884
2020-04-23;"Banskobystrický kraj";2;0;0;0;NA;274801;2;2020-04-23;-78887
2020-04-22;"Banskobystrický kraj";2;0;0;0;NA;274801;2;2020-04-22;-78889
2020-04-21;"Banskobystrický kraj";2;0;0;0;NA;274801;2;2020-04-21;-78891
2020-04-20;"Banskobystrický kraj";0;0;0;0;NA;274801;0;2020-04-20;-78893
2020-04-19;"Banskobystrický kraj";0;0;0;0;NA;274801;0;2020-04-19;-78893
2020-04-18;"Banskobystrický kraj";8;0;0;0;NA;274801;8;2020-04-18;-78893
2020-04-17;"Banskobystrický kraj";2;0;0;0;NA;274801;2;2020-04-17;-78901
2020-04-16;"Banskobystrický kraj";0;0;0;0;NA;274801;0;2020-04-16;-78903
2020-04-15;"Banskobystrický kraj";10;0;0;0;NA;274801;10;2020-04-15;-78903
2020-04-14;"Banskobystrický kraj";0;0;0;0;NA;274801;0;2020-04-14;-78913
2020-04-13;"Banskobystrický kraj";2;0;0;0;NA;274801;2;2020-04-13;-78913
2020-04-12;"Banskobystrický kraj";4;0;0;0;NA;274801;4;2020-04-12;-78915
2020-04-11;"Banskobystrický kraj";1;0;0;0;NA;274801;1;2020-04-11;-78919
2020-04-10;"Banskobystrický kraj";0;0;0;0;NA;274801;0;2020-04-10;-78920
2020-04-09;"Banskobystrický kraj";2;0;0;0;NA;274801;2;2020-04-09;-78920
2020-04-08;"Banskobystrický kraj";0;0;0;0;NA;274801;0;2020-04-08;-78922
2020-04-07;"Banskobystrický kraj";4;0;0;0;NA;274801;4;2020-04-07;-78922
2020-04-06;"Banskobystrický kraj";10;0;0;0;NA;274801;10;2020-04-06;-78926
2020-04-05;"Banskobystrický kraj";9;0;0;0;NA;274801;9;2020-04-05;-78936
2020-04-04;"Banskobystrický kraj";0;0;0;0;NA;274801;0;2020-04-04;-78945
2020-04-03;"Banskobystrický kraj";2;0;0;0;NA;274801;2;2020-04-03;-78945
2020-04-02;"Banskobystrický kraj";2;0;0;0;NA;274801;2;2020-04-02;-78947
2020-04-01;"Banskobystrický kraj";5;0;0;0;NA;274801;5;2020-04-01;-78949
2020-03-31;"Banskobystrický kraj";3;0;0;0;NA;274801;3;2020-03-31;-78954
2020-03-30;"Banskobystrický kraj";1;0;0;0;NA;274801;1;2020-03-30;-78957
2020-03-29;"Banskobystrický kraj";2;0;0;0;NA;274801;2;2020-03-29;-78958
2020-03-28;"Banskobystrický kraj";1;0;0;0;NA;274801;1;2020-03-28;-78960
2020-03-27;"Banskobystrický kraj";1;0;0;0;NA;274801;1;2020-03-27;-78961
2020-03-26;"Banskobystrický kraj";1;0;0;0;NA;274801;1;2020-03-26;-78962
2020-03-25;"Banskobystrický kraj";0;0;0;0;NA;274801;0;2020-03-25;-78963
2020-03-24;"Banskobystrický kraj";1;0;0;0;NA;274801;1;2020-03-24;-78963
2020-03-23;"Banskobystrický kraj";1;0;0;0;NA;274801;1;2020-03-23;-78964
2020-03-22;"Banskobystrický kraj";0;0;0;0;NA;274801;0;2020-03-22;-78965
2020-03-21;"Banskobystrický kraj";3;0;0;0;NA;274801;3;2020-03-21;-78965
2020-03-20;"Banskobystrický kraj";0;0;0;0;NA;274801;0;2020-03-20;-78968
2020-03-19;"Banskobystrický kraj";2;0;0;0;NA;274801;2;2020-03-19;-78968
2020-03-18;"Banskobystrický kraj";1;0;0;0;NA;274801;1;2020-03-18;-78970
2020-03-17;"Banskobystrický kraj";1;0;0;0;NA;274801;1;2020-03-17;-78971
2020-03-16;"Banskobystrický kraj";0;0;0;0;NA;274801;0;2020-03-16;-78972
2020-03-15;"Banskobystrický kraj";1;0;0;0;NA;274801;1;2020-03-15;-78972
2020-03-14;"Banskobystrický kraj";0;0;0;0;NA;274801;0;2020-03-14;-78973
2020-03-13;"Banskobystrický kraj";1;0;0;0;NA;274801;1;2020-03-13;-78973
2020-03-12;"Banskobystrický kraj";0;0;0;0;NA;274801;0;2020-03-12;-78974
2020-03-11;"Banskobystrický kraj";0;0;0;0;NA;274801;0;2020-03-11;-78974
2020-03-09;"Banskobystrický kraj";0;0;0;0;NA;274801;0;2020-03-09;-78974
2020-03-08;"Banskobystrický kraj";0;0;0;0;NA;274801;0;2020-03-08;-78974
2020-03-07;"Banskobystrický kraj";0;0;0;0;NA;274801;0;2020-03-07;-78974
2020-03-06;"Banskobystrický kraj";0;0;0;0;NA;274801;0;2020-03-06;-78974
2022-06-15;"Bratislavský kraj";37;91;5;96;252108;345669;42;2022-06-15;345669
2022-06-14;"Bratislavský kraj";66;297;14;311;NA;345669;80;2022-06-14;345627
2022-06-13;"Bratislavský kraj";56;405;18;423;NA;345669;74;2022-06-13;345547
2022-06-12;"Bratislavský kraj";19;237;20;257;NA;345669;39;2022-06-12;345473
2022-06-11;"Bratislavský kraj";29;315;9;324;NA;345669;38;2022-06-11;345434
2022-06-10;"Bratislavský kraj";41;263;3;266;NA;345669;44;2022-06-10;345396
2022-06-09;"Bratislavský kraj";66;491;10;501;NA;345669;76;2022-06-09;345352
2022-06-08;"Bratislavský kraj";46;623;18;641;NA;345669;64;2022-06-08;345276
2022-06-07;"Bratislavský kraj";39;641;9;650;NA;345669;48;2022-06-07;345212
2022-06-06;"Bratislavský kraj";43;786;7;793;NA;345669;50;2022-06-06;345164
2022-06-05;"Bratislavský kraj";16;223;8;231;NA;345669;24;2022-06-05;345114
2022-06-04;"Bratislavský kraj";22;227;9;236;NA;345669;31;2022-06-04;345090
2022-06-03;"Bratislavský kraj";32;611;15;626;NA;345669;47;2022-06-03;345059
2022-06-02;"Bratislavský kraj";34;784;18;802;NA;345669;52;2022-06-02;345012
2022-06-01;"Bratislavský kraj";39;694;15;709;NA;345669;54;2022-06-01;344960
2022-05-31;"Bratislavský kraj";34;735;16;751;NA;345669;50;2022-05-31;344906
2022-05-30;"Bratislavský kraj";36;792;11;803;NA;345669;47;2022-05-30;344856
2022-05-29;"Bratislavský kraj";20;251;5;256;NA;345669;25;2022-05-29;344809
2022-05-28;"Bratislavský kraj";30;242;6;248;NA;345669;36;2022-05-28;344784
2022-05-27;"Bratislavský kraj";48;672;14;686;NA;345669;62;2022-05-27;344748
2022-05-26;"Bratislavský kraj";46;851;12;863;NA;345669;58;2022-05-26;344686
2022-05-25;"Bratislavský kraj";36;700;7;707;NA;345669;43;2022-05-25;344628
2022-05-24;"Bratislavský kraj";46;874;11;885;NA;345669;57;2022-05-24;344585
2022-05-23;"Bratislavský kraj";66;819;11;830;NA;345669;77;2022-05-23;344528
2022-05-22;"Bratislavský kraj";25;288;4;292;NA;345669;29;2022-05-22;344451
2022-05-21;"Bratislavský kraj";35;258;6;264;NA;345669;41;2022-05-21;344422
2022-05-20;"Bratislavský kraj";39;907;2;909;NA;345669;41;2022-05-20;344381
2022-05-19;"Bratislavský kraj";50;928;11;939;NA;345669;61;2022-05-19;344340
2022-05-18;"Bratislavský kraj";66;763;10;773;NA;345669;76;2022-05-18;344279
2022-05-17;"Bratislavský kraj";49;903;15;918;NA;345669;64;2022-05-17;344203
2022-05-16;"Bratislavský kraj";56;989;16;1005;NA;345669;72;2022-05-16;344139
2022-05-15;"Bratislavský kraj";16;316;5;321;NA;345669;21;2022-05-15;344067
2022-05-14;"Bratislavský kraj";33;410;11;421;NA;345669;44;2022-05-14;344046
2022-05-13;"Bratislavský kraj";63;962;8;970;NA;345669;71;2022-05-13;344002
2022-05-12;"Bratislavský kraj";59;936;13;949;NA;345669;72;2022-05-12;343931
2022-05-11;"Bratislavský kraj";89;988;17;1005;NA;345669;106;2022-05-11;343859
2022-05-10;"Bratislavský kraj";82;1004;17;1021;NA;345669;99;2022-05-10;343753
2022-05-09;"Bratislavský kraj";89;1108;36;1144;NA;345669;125;2022-05-09;343654
2022-05-08;"Bratislavský kraj";31;360;7;367;NA;345669;38;2022-05-08;343529
2022-05-07;"Bratislavský kraj";79;349;8;357;NA;345669;87;2022-05-07;343491
2022-05-06;"Bratislavský kraj";89;1043;14;1057;NA;345669;103;2022-05-06;343404
2022-05-05;"Bratislavský kraj";137;1136;11;1147;NA;345669;148;2022-05-05;343301
2022-05-04;"Bratislavský kraj";153;1159;28;1187;NA;345669;181;2022-05-04;343153
2022-05-03;"Bratislavský kraj";137;1206;29;1235;NA;345669;166;2022-05-03;342972
2022-05-02;"Bratislavský kraj";174;2123;51;2174;NA;345669;225;2022-05-02;342806
2022-05-01;"Bratislavský kraj";54;655;15;670;NA;345669;69;2022-05-01;342581
2022-04-30;"Bratislavský kraj";178;705;9;714;NA;345669;187;2022-04-30;342512
2022-04-29;"Bratislavský kraj";192;1911;34;1945;NA;345669;226;2022-04-29;342325
2022-04-28;"Bratislavský kraj";206;1731;21;1752;NA;345669;227;2022-04-28;342099
2022-04-27;"Bratislavský kraj";188;1875;24;1899;NA;345669;212;2022-04-27;341872
2022-04-26;"Bratislavský kraj";292;1786;37;1823;NA;345669;329;2022-04-26;341660
2022-04-25;"Bratislavský kraj";199;2342;46;2388;NA;345669;245;2022-04-25;341331
2022-04-24;"Bratislavský kraj";126;815;31;846;NA;345669;157;2022-04-24;341086
2022-04-23;"Bratislavský kraj";216;760;18;778;NA;345669;234;2022-04-23;340929
2022-04-22;"Bratislavský kraj";343;1780;43;1823;NA;345669;386;2022-04-22;340695
2022-04-21;"Bratislavský kraj";359;1933;59;1992;NA;345669;418;2022-04-21;340309
2022-04-20;"Bratislavský kraj";543;2153;48;2201;NA;345669;591;2022-04-20;339891
2022-04-19;"Bratislavský kraj";253;2891;99;2990;NA;345669;352;2022-04-19;339300
2022-04-18;"Bratislavský kraj";174;710;26;736;NA;345669;200;2022-04-18;338948
2022-04-17;"Bratislavský kraj";315;655;27;682;NA;345669;342;2022-04-17;338748
2022-04-16;"Bratislavský kraj";170;761;33;794;NA;345669;203;2022-04-16;338406
2022-04-15;"Bratislavský kraj";281;835;25;860;NA;345669;306;2022-04-15;338203
2022-04-14;"Bratislavský kraj";538;1896;63;1959;NA;345669;601;2022-04-14;337897
2022-04-13;"Bratislavský kraj";555;1917;47;1964;NA;345669;602;2022-04-13;337296
2022-04-12;"Bratislavský kraj";612;2239;68;2307;NA;345669;680;2022-04-12;336694
2022-04-11;"Bratislavský kraj";514;2967;105;3072;NA;345669;619;2022-04-11;336014
2022-04-10;"Bratislavský kraj";293;963;63;1026;NA;345669;356;2022-04-10;335395
2022-04-09;"Bratislavský kraj";610;898;43;941;NA;345669;653;2022-04-09;335039
2022-04-08;"Bratislavský kraj";668;1746;82;1828;NA;345669;750;2022-04-08;334386
2022-04-07;"Bratislavský kraj";833;2348;96;2444;NA;345669;929;2022-04-07;333636
2022-04-06;"Bratislavský kraj";865;2042;100;2142;NA;345669;965;2022-04-06;332707
2022-04-05;"Bratislavský kraj";914;2358;127;2485;NA;345669;1041;2022-04-05;331742
2022-04-04;"Bratislavský kraj";827;3232;167;3399;NA;345669;994;2022-04-04;330701
2022-04-03;"Bratislavský kraj";589;1031;70;1101;NA;345669;659;2022-04-03;329707
2022-04-02;"Bratislavský kraj";863;1128;75;1203;NA;345669;938;2022-04-02;329048
2022-04-01;"Bratislavský kraj";1381;2274;128;2402;NA;345669;1509;2022-04-01;328110
2022-03-31;"Bratislavský kraj";1305;2861;154;3015;NA;345669;1459;2022-03-31;326601
2022-03-30;"Bratislavský kraj";1516;2133;161;2294;NA;345669;1677;2022-03-30;325142
2022-03-29;"Bratislavský kraj";1327;2570;216;2786;NA;345669;1543;2022-03-29;323465
2022-03-28;"Bratislavský kraj";1275;4214;267;4481;NA;345669;1542;2022-03-28;321922
2022-03-27;"Bratislavský kraj";962;1236;151;1387;NA;345669;1113;2022-03-27;320380
2022-03-26;"Bratislavský kraj";1391;1170;105;1275;NA;345669;1496;2022-03-26;319267
2022-03-25;"Bratislavský kraj";1793;2513;170;2683;NA;345669;1963;2022-03-25;317771
2022-03-24;"Bratislavský kraj";1708;2866;197;3063;NA;345669;1905;2022-03-24;315808
2022-03-23;"Bratislavský kraj";2093;2832;200;3032;NA;345669;2293;2022-03-23;313903
2022-03-22;"Bratislavský kraj";1857;2889;236;3125;NA;345669;2093;2022-03-22;311610
2022-03-21;"Bratislavský kraj";1469;4361;383;4744;NA;345669;1852;2022-03-21;309517
2022-03-20;"Bratislavský kraj";935;1359;181;1540;NA;345669;1116;2022-03-20;307665
2022-03-19;"Bratislavský kraj";1672;1510;142;1652;NA;345669;1814;2022-03-19;306549
2022-03-18;"Bratislavský kraj";1977;2942;209;3151;NA;345669;2186;2022-03-18;304735
2022-03-17;"Bratislavský kraj";2024;3501;253;3754;NA;345669;2277;2022-03-17;302549
2022-03-16;"Bratislavský kraj";1895;2773;265;3038;NA;345669;2160;2022-03-16;300272
2022-03-15;"Bratislavský kraj";1982;3813;343;4156;NA;345669;2325;2022-03-15;298112
2022-03-14;"Bratislavský kraj";1557;4138;348;4486;NA;345669;1905;2022-03-14;295787
2022-03-13;"Bratislavský kraj";738;1324;166;1490;NA;345669;904;2022-03-13;293882
2022-03-12;"Bratislavský kraj";1632;1264;110;1374;NA;345669;1742;2022-03-12;292978
2022-03-11;"Bratislavský kraj";1184;3161;318;3479;NA;345669;1502;2022-03-11;291236
2022-03-10;"Bratislavský kraj";1706;3603;355;3958;NA;345669;2061;2022-03-10;289734
2022-03-09;"Bratislavský kraj";1723;2818;276;3094;NA;345669;1999;2022-03-09;287673
2022-03-08;"Bratislavský kraj";1925;3830;342;4172;NA;345669;2267;2022-03-08;285674
2022-03-07;"Bratislavský kraj";1451;4303;486;4789;NA;345669;1937;2022-03-07;283407
2022-03-06;"Bratislavský kraj";850;1557;217;1774;NA;345669;1067;2022-03-06;281470
2022-03-05;"Bratislavský kraj";1203;1345;183;1528;NA;345669;1386;2022-03-05;280403
2022-03-04;"Bratislavský kraj";1443;3024;309;3333;NA;345669;1752;2022-03-04;279017
2022-03-03;"Bratislavský kraj";1599;3287;330;3617;NA;345669;1929;2022-03-03;277265
2022-03-02;"Bratislavský kraj";1677;2555;319;2874;NA;345669;1996;2022-03-02;275336
2022-03-01;"Bratislavský kraj";1560;3676;344;4020;NA;345669;1904;2022-03-01;273340
2022-02-28;"Bratislavský kraj";1593;4052;472;4524;NA;345669;2065;2022-02-28;271436
2022-02-27;"Bratislavský kraj";1156;1746;227;1973;NA;345669;1383;2022-02-27;269371
2022-02-26;"Bratislavský kraj";1228;1749;209;1958;NA;345669;1437;2022-02-26;267988
2022-02-25;"Bratislavský kraj";1692;3604;323;3927;NA;345669;2015;2022-02-25;266551
2022-02-24;"Bratislavský kraj";1760;3992;324;4316;NA;345669;2084;2022-02-24;264536
2022-02-23;"Bratislavský kraj";2105;3450;393;3843;NA;345669;2498;2022-02-23;262452
2022-02-22;"Bratislavský kraj";2951;4213;384;4597;NA;345669;3335;2022-02-22;259954
2022-02-21;"Bratislavský kraj";781;5116;517;5633;NA;345669;1298;2022-02-21;256619
2022-02-20;"Bratislavský kraj";1314;2005;294;2299;NA;345669;1608;2022-02-20;255321
2022-02-19;"Bratislavský kraj";1510;1929;235;2164;NA;345669;1745;2022-02-19;253713
2022-02-18;"Bratislavský kraj";2315;3835;378;4213;NA;345669;2693;2022-02-18;251968
2022-02-17;"Bratislavský kraj";2279;4412;416;4828;NA;345669;2695;2022-02-17;249275
2022-02-16;"Bratislavský kraj";2137;3749;419;4168;NA;345669;2556;2022-02-16;246580
2022-02-15;"Bratislavský kraj";2276;4894;475;5369;NA;345669;2751;2022-02-15;244024
2022-02-14;"Bratislavský kraj";2700;6170;601;6771;NA;345669;3301;2022-02-14;241273
2022-02-13;"Bratislavský kraj";1343;2248;395;2643;NA;345669;1738;2022-02-13;237972
2022-02-12;"Bratislavský kraj";1872;2273;336;2609;NA;345669;2208;2022-02-12;236234
2022-02-11;"Bratislavský kraj";2431;5054;419;5473;NA;345669;2850;2022-02-11;234026
2022-02-10;"Bratislavský kraj";2595;4563;427;4990;NA;345669;3022;2022-02-10;231176
2022-02-09;"Bratislavský kraj";2414;4706;477;5183;NA;345669;2891;2022-02-09;228154
2022-02-08;"Bratislavský kraj";2878;5134;512;5646;NA;345669;3390;2022-02-08;225263
2022-02-07;"Bratislavský kraj";2636;6970;668;7638;NA;345669;3304;2022-02-07;221873
2022-02-06;"Bratislavský kraj";1680;3005;382;3387;NA;345669;2062;2022-02-06;218569
2022-02-05;"Bratislavský kraj";2156;2456;315;2771;NA;345669;2471;2022-02-05;216507
2022-02-04;"Bratislavský kraj";2586;4679;408;5087;NA;345669;2994;2022-02-04;214036
2022-02-03;"Bratislavský kraj";2540;6005;435;6440;NA;345669;2975;2022-02-03;211042
2022-02-02;"Bratislavský kraj";2655;5035;465;5500;NA;345669;3120;2022-02-02;208067
2022-02-01;"Bratislavský kraj";2758;6001;469;6470;NA;345669;3227;2022-02-01;204947
2022-01-31;"Bratislavský kraj";2172;8357;712;9069;NA;345669;2884;2022-01-31;201720
2022-01-30;"Bratislavský kraj";1418;3314;362;3676;NA;345669;1780;2022-01-30;198836
2022-01-29;"Bratislavský kraj";1762;3138;326;3464;NA;345669;2088;2022-01-29;197056
2022-01-28;"Bratislavský kraj";2237;5047;389;5436;NA;345669;2626;2022-01-28;194968
2022-01-27;"Bratislavský kraj";2014;5975;334;6309;NA;345669;2348;2022-01-27;192342
2022-01-26;"Bratislavský kraj";1792;4895;367;5262;NA;345669;2159;2022-01-26;189994
2022-01-25;"Bratislavský kraj";1933;5551;385;5936;NA;345669;2318;2022-01-25;187835
2022-01-24;"Bratislavský kraj";1173;7911;315;8226;NA;345669;1488;2022-01-24;185517
2022-01-23;"Bratislavský kraj";862;3289;151;3440;NA;345669;1013;2022-01-23;184029
2022-01-22;"Bratislavský kraj";1130;2802;125;2927;NA;345669;1255;2022-01-22;183016
2022-01-21;"Bratislavský kraj";1057;4656;166;4822;NA;345669;1223;2022-01-21;181761
2022-01-20;"Bratislavský kraj";940;4893;146;5039;NA;345669;1086;2022-01-20;180538
2022-01-19;"Bratislavský kraj";857;4618;169;4787;NA;345669;1026;2022-01-19;179452
2022-01-18;"Bratislavský kraj";794;5002;163;5165;NA;345669;957;2022-01-18;178426
2022-01-17;"Bratislavský kraj";534;7242;150;7392;NA;345669;684;2022-01-17;177469
2022-01-16;"Bratislavský kraj";300;2854;77;2931;NA;345669;377;2022-01-16;176785
2022-01-15;"Bratislavský kraj";543;2139;71;2210;NA;345669;614;2022-01-15;176408
2022-01-14;"Bratislavský kraj";356;3692;70;3762;NA;345669;426;2022-01-14;175794
2022-01-13;"Bratislavský kraj";382;4579;82;4661;NA;345669;464;2022-01-13;175368
2022-01-12;"Bratislavský kraj";415;4014;71;4085;NA;345669;486;2022-01-12;174904
2022-01-11;"Bratislavský kraj";407;4910;110;5020;NA;345669;517;2022-01-11;174418
2022-01-10;"Bratislavský kraj";413;6380;101;6481;NA;345669;514;2022-01-10;173901
2022-01-09;"Bratislavský kraj";187;3080;71;3151;NA;345669;258;2022-01-09;173387
2022-01-08;"Bratislavský kraj";323;1951;58;2009;NA;345669;381;2022-01-08;173129
2022-01-07;"Bratislavský kraj";436;3809;100;3909;NA;345669;536;2022-01-07;172748
2022-01-06;"Bratislavský kraj";192;2163;51;2214;NA;345669;243;2022-01-06;172212
2022-01-05;"Bratislavský kraj";426;4047;69;4116;NA;345669;495;2022-01-05;171969
2022-01-04;"Bratislavský kraj";446;4467;101;4568;NA;345669;547;2022-01-04;171474
2022-01-03;"Bratislavský kraj";578;5672;129;5801;NA;345669;707;2022-01-03;170927
2022-01-02;"Bratislavský kraj";198;3137;80;3217;NA;345669;278;2022-01-02;170220
2022-01-01;"Bratislavský kraj";7;1103;36;1139;NA;345669;43;2022-01-01;169942
2021-12-31;"Bratislavský kraj";742;3443;92;3535;NA;345669;834;2021-12-31;169899
2021-12-30;"Bratislavský kraj";936;3619;119;3738;NA;345669;1055;2021-12-30;169065
2021-12-29;"Bratislavský kraj";808;3598;85;3683;NA;345669;893;2021-12-29;168010
2021-12-28;"Bratislavský kraj";1156;4329;121;4450;NA;345669;1277;2021-12-28;167117
2021-12-27;"Bratislavský kraj";1312;4693;108;4801;NA;345669;1420;2021-12-27;165840
2021-12-26;"Bratislavský kraj";396;2549;83;2632;NA;345669;479;2021-12-26;164420
2021-12-25;"Bratislavský kraj";68;1160;53;1213;NA;345669;121;2021-12-25;163941
2021-12-24;"Bratislavský kraj";342;2214;55;2269;NA;345669;397;2021-12-24;163820
2021-12-23;"Bratislavský kraj";1356;4134;115;4249;NA;345669;1471;2021-12-23;163423
2021-12-22;"Bratislavský kraj";1150;4919;118;5037;NA;345669;1268;2021-12-22;161952
2021-12-21;"Bratislavský kraj";1250;5628;167;5795;NA;345669;1417;2021-12-21;160684
2021-12-20;"Bratislavský kraj";1056;6163;158;6321;NA;345669;1214;2021-12-20;159267
2021-12-19;"Bratislavský kraj";500;3042;98;3140;NA;345669;598;2021-12-19;158053
2021-12-18;"Bratislavský kraj";1056;2654;103;2757;NA;345669;1159;2021-12-18;157455
2021-12-17;"Bratislavský kraj";1366;4917;145;5062;NA;345669;1511;2021-12-17;156296
2021-12-16;"Bratislavský kraj";1460;5576;162;5738;NA;345669;1622;2021-12-16;154785
2021-12-15;"Bratislavský kraj";1762;4884;158;5042;NA;345669;1920;2021-12-15;153163
2021-12-14;"Bratislavský kraj";1738;5397;179;5576;NA;345669;1917;2021-12-14;151243
2021-12-13;"Bratislavský kraj";1296;7614;239;7853;NA;345669;1535;2021-12-13;149326
2021-12-12;"Bratislavský kraj";1068;3474;129;3603;NA;345669;1197;2021-12-12;147791
2021-12-11;"Bratislavský kraj";1396;2377;153;2530;NA;345669;1549;2021-12-11;146594
2021-12-10;"Bratislavský kraj";1592;4728;186;4914;NA;345669;1778;2021-12-10;145045
2021-12-09;"Bratislavský kraj";2080;4152;174;4326;NA;345669;2254;2021-12-09;143267
2021-12-08;"Bratislavský kraj";2344;4602;196;4798;NA;345669;2540;2021-12-08;141013
2021-12-07;"Bratislavský kraj";2472;5173;257;5430;NA;345669;2729;2021-12-07;138473
2021-12-06;"Bratislavský kraj";2868;8714;312;9026;NA;345669;3180;2021-12-06;135744
2021-12-05;"Bratislavský kraj";1266;3874;197;4071;NA;345669;1463;2021-12-05;132564
2021-12-04;"Bratislavský kraj";1872;4332;195;4527;NA;345669;2067;2021-12-04;131101
2021-12-03;"Bratislavský kraj";2444;4351;269;4620;NA;345669;2713;2021-12-03;129034
2021-12-02;"Bratislavský kraj";4106;5097;311;5408;NA;345669;4417;2021-12-02;126321
2021-12-01;"Bratislavský kraj";2322;9058;295;9353;NA;345669;2617;2021-12-01;121904
2021-11-30;"Bratislavský kraj";2884;6508;355;6863;NA;345669;3239;2021-11-30;119287
2021-11-29;"Bratislavský kraj";1726;8823;452;9275;NA;345669;2178;2021-11-29;116048
2021-11-28;"Bratislavský kraj";1234;5102;295;5397;NA;345669;1529;2021-11-28;113870
2021-11-27;"Bratislavský kraj";2052;3497;329;3826;NA;345669;2381;2021-11-27;112341
2021-11-26;"Bratislavský kraj";2692;5483;422;5905;NA;345669;3114;2021-11-26;109960
2021-11-25;"Bratislavský kraj";2830;6383;451;6834;NA;345669;3281;2021-11-25;106846
2021-11-24;"Bratislavský kraj";2572;6849;467;7316;NA;345669;3039;2021-11-24;103565
2021-11-23;"Bratislavský kraj";3302;6351;433;6784;NA;345669;3735;2021-11-23;100526
2021-11-22;"Bratislavský kraj";2394;8722;584;9306;NA;345669;2978;2021-11-22;96791
2021-11-21;"Bratislavský kraj";1404;4324;320;4644;NA;345669;1724;2021-11-21;93813
2021-11-20;"Bratislavský kraj";2010;3514;360;3874;NA;345669;2370;2021-11-20;92089
2021-11-19;"Bratislavský kraj";2888;5927;549;6476;NA;345669;3437;2021-11-19;89719
2021-11-18;"Bratislavský kraj";2104;6358;548;6906;NA;345669;2652;2021-11-18;86282
2021-11-17;"Bratislavský kraj";1664;2439;308;2747;NA;345669;1972;2021-11-17;83630
2021-11-16;"Bratislavský kraj";2134;5792;443;6235;NA;345669;2577;2021-11-16;81658
2021-11-15;"Bratislavský kraj";2028;6330;519;6849;NA;345669;2547;2021-11-15;79081
2021-11-14;"Bratislavský kraj";896;3202;335;3537;NA;345669;1231;2021-11-14;76534
2021-11-13;"Bratislavský kraj";1174;3251;313;3564;NA;345669;1487;2021-11-13;75303
2021-11-12;"Bratislavský kraj";1712;5723;357;6080;NA;345669;2069;2021-11-12;73816
2021-11-11;"Bratislavský kraj";1574;6028;355;6383;NA;345669;1929;2021-11-11;71747
2021-11-10;"Bratislavský kraj";1680;5903;385;6288;NA;345669;2065;2021-11-10;69818
2021-11-09;"Bratislavský kraj";1878;5733;350;6083;NA;345669;2228;2021-11-09;67753
2021-11-08;"Bratislavský kraj";1158;5641;404;6045;NA;345669;1562;2021-11-08;65525
2021-11-07;"Bratislavský kraj";726;2836;244;3080;NA;345669;970;2021-11-07;63963
2021-11-06;"Bratislavský kraj";1076;2901;243;3144;NA;345669;1319;2021-11-06;62993
2021-11-05;"Bratislavský kraj";1602;5640;318;5958;NA;345669;1920;2021-11-05;61674
2021-11-04;"Bratislavský kraj";1536;5233;273;5506;NA;345669;1809;2021-11-04;59754
2021-11-03;"Bratislavský kraj";1381;5120;290;5410;NA;345669;1671;2021-11-03;57945
2021-11-02;"Bratislavský kraj";844;6356;327;6683;NA;345669;1171;2021-11-02;56274
2021-11-01;"Bratislavský kraj";790;1733;136;1869;NA;345669;926;2021-11-01;55103
2021-10-31;"Bratislavský kraj";418;2280;163;2443;NA;345669;581;2021-10-31;54177
2021-10-30;"Bratislavský kraj";858;2138;118;2256;NA;345669;976;2021-10-30;53596
2021-10-29;"Bratislavský kraj";890;4757;219;4976;NA;345669;1109;2021-10-29;52620
2021-10-28;"Bratislavský kraj";744;4777;179;4956;NA;345669;923;2021-10-28;51511
2021-10-27;"Bratislavský kraj";752;4522;164;4686;NA;345669;916;2021-10-27;50588
2021-10-26;"Bratislavský kraj";922;4492;188;4680;NA;345669;1110;2021-10-26;49672
2021-10-25;"Bratislavský kraj";758;5347;192;5539;NA;345669;950;2021-10-25;48562
2021-10-24;"Bratislavský kraj";228;2369;91;2460;NA;345669;319;2021-10-24;47612
2021-10-23;"Bratislavský kraj";602;2666;91;2757;NA;345669;693;2021-10-23;47293
2021-10-22;"Bratislavský kraj";618;4466;122;4588;NA;345669;740;2021-10-22;46600
2021-10-21;"Bratislavský kraj";488;4544;101;4645;NA;345669;589;2021-10-21;45860
2021-10-20;"Bratislavský kraj";524;3897;95;3992;NA;345669;619;2021-10-20;45271
2021-10-19;"Bratislavský kraj";520;4116;68;4184;NA;345669;588;2021-10-19;44652
2021-10-18;"Bratislavský kraj";500;5014;114;5128;NA;345669;614;2021-10-18;44064
2021-10-17;"Bratislavský kraj";108;2460;73;2533;NA;345669;181;2021-10-17;43450
2021-10-16;"Bratislavský kraj";370;2687;63;2750;NA;345669;433;2021-10-16;43269
2021-10-15;"Bratislavský kraj";338;4200;64;4264;NA;345669;402;2021-10-15;42836
2021-10-14;"Bratislavský kraj";346;4714;61;4775;NA;345669;407;2021-10-14;42434
2021-10-13;"Bratislavský kraj";286;3671;76;3747;NA;345669;362;2021-10-13;42027
2021-10-12;"Bratislavský kraj";366;4037;78;4115;NA;345669;444;2021-10-12;41665
2021-10-11;"Bratislavský kraj";382;4798;88;4886;NA;345669;470;2021-10-11;41221
2021-10-10;"Bratislavský kraj";58;2176;43;2219;NA;345669;101;2021-10-10;40751
2021-10-09;"Bratislavský kraj";282;2419;34;2453;NA;345669;316;2021-10-09;40650
2021-10-08;"Bratislavský kraj";260;4511;63;4574;NA;345669;323;2021-10-08;40334
2021-10-07;"Bratislavský kraj";184;4137;61;4198;NA;345669;245;2021-10-07;40011
2021-10-06;"Bratislavský kraj";294;4028;68;4096;NA;345669;362;2021-10-06;39766
2021-10-05;"Bratislavský kraj";328;4468;70;4538;NA;345669;398;2021-10-05;39404
2021-10-04;"Bratislavský kraj";258;4653;79;4732;NA;345669;337;2021-10-04;39006
2021-10-03;"Bratislavský kraj";82;2144;42;2186;NA;345669;124;2021-10-03;38669
2021-10-02;"Bratislavský kraj";208;2605;40;2645;NA;345669;248;2021-10-02;38545
2021-10-01;"Bratislavský kraj";216;4818;57;4875;NA;345669;273;2021-10-01;38297
2021-09-30;"Bratislavský kraj";180;3854;60;3914;NA;345669;240;2021-09-30;38024
2021-09-29;"Bratislavský kraj";230;3508;58;3566;NA;345669;288;2021-09-29;37784
2021-09-28;"Bratislavský kraj";288;4003;48;4051;NA;345669;336;2021-09-28;37496
2021-09-27;"Bratislavský kraj";246;4427;70;4497;NA;345669;316;2021-09-27;37160
2021-09-26;"Bratislavský kraj";64;2194;31;2225;NA;345669;95;2021-09-26;36844
2021-09-25;"Bratislavský kraj";170;2742;38;2780;NA;345669;208;2021-09-25;36749
2021-09-24;"Bratislavský kraj";164;4212;59;4271;NA;345669;223;2021-09-24;36541
2021-09-23;"Bratislavský kraj";180;3975;51;4026;NA;345669;231;2021-09-23;36318
2021-09-22;"Bratislavský kraj";168;3757;63;3820;NA;345669;231;2021-09-22;36087
2021-09-21;"Bratislavský kraj";190;3574;39;3613;NA;345669;229;2021-09-21;35856
2021-09-20;"Bratislavský kraj";168;3937;31;3968;NA;345669;199;2021-09-20;35627
2021-09-19;"Bratislavský kraj";62;1850;28;1878;NA;345669;90;2021-09-19;35428
2021-09-18;"Bratislavský kraj";120;1989;19;2008;NA;345669;139;2021-09-18;35338
2021-09-17;"Bratislavský kraj";174;3443;27;3470;NA;345669;201;2021-09-17;35199
2021-09-16;"Bratislavský kraj";114;3781;43;3824;NA;345669;157;2021-09-16;34998
2021-09-15;"Bratislavský kraj";82;1104;21;1125;NA;345669;103;2021-09-15;34841
2021-09-14;"Bratislavský kraj";156;3518;31;3549;NA;345669;187;2021-09-14;34738
2021-09-13;"Bratislavský kraj";94;3191;28;3219;NA;345669;122;2021-09-13;34551
2021-09-12;"Bratislavský kraj";26;1713;21;1734;NA;345669;47;2021-09-12;34429
2021-09-11;"Bratislavský kraj";72;2064;13;2077;NA;345669;85;2021-09-11;34382
2021-09-10;"Bratislavský kraj";94;3628;18;3646;NA;345669;112;2021-09-10;34297
2021-09-09;"Bratislavský kraj";100;3010;30;3040;NA;345669;130;2021-09-09;34185
2021-09-08;"Bratislavský kraj";112;2925;20;2945;NA;345669;132;2021-09-08;34055
2021-09-07;"Bratislavský kraj";100;3272;18;3290;NA;345669;118;2021-09-07;33923
2021-09-06;"Bratislavský kraj";126;2821;29;2850;NA;345669;155;2021-09-06;33805
2021-09-05;"Bratislavský kraj";20;1682;14;1696;NA;345669;34;2021-09-05;33650
2021-09-04;"Bratislavský kraj";82;2612;11;2623;NA;345669;93;2021-09-04;33616
2021-09-03;"Bratislavský kraj";110;3016;14;3030;NA;345669;124;2021-09-03;33523
2021-09-02;"Bratislavský kraj";70;2423;23;2446;NA;345669;93;2021-09-02;33399
2021-09-01;"Bratislavský kraj";32;929;9;938;NA;345669;41;2021-09-01;33306
2021-08-31;"Bratislavský kraj";56;5197;22;5219;NA;345669;78;2021-08-31;33265
2021-08-30;"Bratislavský kraj";48;2403;13;2416;NA;345669;61;2021-08-30;33187
2021-08-29;"Bratislavský kraj";22;1016;6;1022;NA;345669;28;2021-08-29;33126
2021-08-28;"Bratislavský kraj";48;1714;11;1725;NA;345669;59;2021-08-28;33098
2021-08-27;"Bratislavský kraj";38;2850;9;2859;NA;345669;47;2021-08-27;33039
2021-08-26;"Bratislavský kraj";30;2382;19;2401;NA;345669;49;2021-08-26;32992
2021-08-25;"Bratislavský kraj";58;1888;10;1898;NA;345669;68;2021-08-25;32943
2021-08-24;"Bratislavský kraj";44;1785;4;1789;NA;345669;48;2021-08-24;32875
2021-08-23;"Bratislavský kraj";42;2183;7;2190;NA;345669;49;2021-08-23;32827
2021-08-22;"Bratislavský kraj";10;1383;8;1391;NA;345669;18;2021-08-22;32778
2021-08-21;"Bratislavský kraj";36;1681;4;1685;NA;345669;40;2021-08-21;32760
2021-08-20;"Bratislavský kraj";54;2747;19;2766;NA;345669;73;2021-08-20;32720
2021-08-19;"Bratislavský kraj";30;2122;9;2131;NA;345669;39;2021-08-19;32647
2021-08-18;"Bratislavský kraj";32;1659;11;1670;NA;345669;43;2021-08-18;32608
2021-08-17;"Bratislavský kraj";36;1608;5;1613;NA;345669;41;2021-08-17;32565
2021-08-16;"Bratislavský kraj";36;2559;12;2571;NA;345669;48;2021-08-16;32524
2021-08-15;"Bratislavský kraj";6;1169;6;1175;NA;345669;12;2021-08-15;32476
2021-08-14;"Bratislavský kraj";22;1519;4;1523;NA;345669;26;2021-08-14;32464
2021-08-13;"Bratislavský kraj";64;2634;7;2641;NA;345669;71;2021-08-13;32438
2021-08-12;"Bratislavský kraj";32;1824;9;1833;NA;345669;41;2021-08-12;32367
2021-08-11;"Bratislavský kraj";44;1621;5;1626;NA;345669;49;2021-08-11;32326
2021-08-10;"Bratislavský kraj";30;1630;7;1637;NA;345669;37;2021-08-10;32277
2021-08-09;"Bratislavský kraj";70;1927;9;1936;NA;345669;79;2021-08-09;32240
2021-08-08;"Bratislavský kraj";6;1152;4;1156;NA;345669;10;2021-08-08;32161
2021-08-07;"Bratislavský kraj";12;1572;9;1581;NA;345669;21;2021-08-07;32151
2021-08-06;"Bratislavský kraj";18;2510;10;2520;NA;345669;28;2021-08-06;32130
2021-08-05;"Bratislavský kraj";20;1651;7;1658;NA;345669;27;2021-08-05;32102
2021-08-04;"Bratislavský kraj";18;1578;0;1578;NA;345669;18;2021-08-04;32075
2021-08-03;"Bratislavský kraj";22;1507;5;1512;NA;345669;27;2021-08-03;32057
2021-08-02;"Bratislavský kraj";30;1749;11;1760;NA;345669;41;2021-08-02;32030
2021-08-01;"Bratislavský kraj";8;1224;8;1232;NA;345669;16;2021-08-01;31989
2021-07-31;"Bratislavský kraj";14;1623;2;1625;NA;345669;16;2021-07-31;31973
2021-07-30;"Bratislavský kraj";30;2540;7;2547;NA;345669;37;2021-07-30;31957
2021-07-29;"Bratislavský kraj";38;1790;7;1797;NA;345669;45;2021-07-29;31920
2021-07-28;"Bratislavský kraj";16;1538;11;1549;NA;345669;27;2021-07-28;31875
2021-07-27;"Bratislavský kraj";18;1476;5;1481;NA;345669;23;2021-07-27;31848
2021-07-26;"Bratislavský kraj";34;1806;7;1813;NA;345669;41;2021-07-26;31825
2021-07-25;"Bratislavský kraj";8;1411;2;1413;NA;345669;10;2021-07-25;31784
2021-07-24;"Bratislavský kraj";18;1732;3;1735;NA;345669;21;2021-07-24;31774
2021-07-23;"Bratislavský kraj";12;2400;3;2403;NA;345669;15;2021-07-23;31753
2021-07-22;"Bratislavský kraj";24;1944;6;1950;NA;345669;30;2021-07-22;31738
2021-07-21;"Bratislavský kraj";10;1860;6;1866;NA;345669;16;2021-07-21;31708
2021-07-20;"Bratislavský kraj";38;1559;1;1560;NA;345669;39;2021-07-20;31692
2021-07-19;"Bratislavský kraj";30;2259;3;2262;NA;345669;33;2021-07-19;31653
2021-07-18;"Bratislavský kraj";4;1462;3;1465;NA;345669;7;2021-07-18;31620
2021-07-17;"Bratislavský kraj";6;1870;2;1872;NA;345669;8;2021-07-17;31613
2021-07-16;"Bratislavský kraj";16;2834;4;2838;NA;345669;20;2021-07-16;31605
2021-07-15;"Bratislavský kraj";10;1677;0;1677;NA;345669;10;2021-07-15;31585
2021-07-14;"Bratislavský kraj";10;1904;3;1907;NA;345669;13;2021-07-14;31575
2021-07-13;"Bratislavský kraj";8;1584;4;1588;NA;345669;12;2021-07-13;31562
2021-07-12;"Bratislavský kraj";12;1780;5;1785;NA;345669;17;2021-07-12;31550
2021-07-11;"Bratislavský kraj";6;1896;3;1899;NA;345669;9;2021-07-11;31533
2021-07-10;"Bratislavský kraj";10;2240;3;2243;NA;345669;13;2021-07-10;31524
2021-07-09;"Bratislavský kraj";26;3546;7;3553;NA;345669;33;2021-07-09;31511
2021-07-08;"Bratislavský kraj";18;2433;4;2437;NA;345669;22;2021-07-08;31478
2021-07-07;"Bratislavský kraj";10;2792;4;2796;NA;345669;14;2021-07-07;31456
2021-07-06;"Bratislavský kraj";38;2771;4;2775;NA;345669;42;2021-07-06;31442
2021-07-05;"Bratislavský kraj";10;2481;5;2486;NA;345669;15;2021-07-05;31400
2021-07-04;"Bratislavský kraj";6;1824;2;1826;NA;345669;8;2021-07-04;31385
2021-07-03;"Bratislavský kraj";16;2205;5;2210;NA;345669;21;2021-07-03;31377
2021-07-02;"Bratislavský kraj";8;2227;4;2231;NA;345669;12;2021-07-02;31356
2021-07-01;"Bratislavský kraj";12;1809;5;1814;NA;345669;17;2021-07-01;31344
2021-06-30;"Bratislavský kraj";4;11548;11;11559;NA;345669;15;2021-06-30;31327
2021-06-29;"Bratislavský kraj";10;6831;7;6838;NA;345669;17;2021-06-29;31312
2021-06-28;"Bratislavský kraj";32;6654;24;6678;NA;345669;56;2021-06-28;31295
2021-06-27;"Bratislavský kraj";8;6689;11;6700;NA;345669;19;2021-06-27;31239
2021-06-26;"Bratislavský kraj";6;8741;6;8747;NA;345669;12;2021-06-26;31220
2021-06-25;"Bratislavský kraj";14;10285;15;10300;NA;345669;29;2021-06-25;31208
2021-06-24;"Bratislavský kraj";6;7384;16;7400;NA;345669;22;2021-06-24;31179
2021-06-23;"Bratislavský kraj";8;7346;12;7358;NA;345669;20;2021-06-23;31157
2021-06-22;"Bratislavský kraj";12;7244;10;7254;NA;345669;22;2021-06-22;31137
2021-06-21;"Bratislavský kraj";10;7641;9;7650;NA;345669;19;2021-06-21;31115
2021-06-20;"Bratislavský kraj";0;7369;5;7374;NA;345669;5;2021-06-20;31096
2021-06-19;"Bratislavský kraj";6;9226;4;9230;NA;345669;10;2021-06-19;31091
2021-06-18;"Bratislavský kraj";10;12763;9;12772;NA;345669;19;2021-06-18;31081
2021-06-17;"Bratislavský kraj";6;8625;13;8638;NA;345669;19;2021-06-17;31062
2021-06-16;"Bratislavský kraj";6;7105;4;7109;NA;345669;10;2021-06-16;31043
2021-06-15;"Bratislavský kraj";14;7309;17;7326;NA;345669;31;2021-06-15;31033
2021-06-14;"Bratislavský kraj";8;8231;9;8240;NA;345669;17;2021-06-14;31002
2021-06-13;"Bratislavský kraj";4;8791;11;8802;NA;345669;15;2021-06-13;30985
2021-06-12;"Bratislavský kraj";8;11152;11;11163;NA;345669;19;2021-06-12;30970
2021-06-11;"Bratislavský kraj";18;13644;21;13665;NA;345669;39;2021-06-11;30951
2021-06-10;"Bratislavský kraj";24;8637;15;8652;NA;345669;39;2021-06-10;30912
2021-06-09;"Bratislavský kraj";24;7596;12;7608;NA;345669;36;2021-06-09;30873
2021-06-08;"Bratislavský kraj";26;7907;29;7936;NA;345669;55;2021-06-08;30837
2021-06-07;"Bratislavský kraj";26;9247;43;9290;NA;345669;69;2021-06-07;30782
2021-06-06;"Bratislavský kraj";6;10350;20;10370;NA;345669;26;2021-06-06;30713
2021-06-05;"Bratislavský kraj";4;12692;15;12707;NA;345669;19;2021-06-05;30687
2021-06-04;"Bratislavský kraj";20;13846;31;13877;NA;345669;51;2021-06-04;30668
2021-06-03;"Bratislavský kraj";24;9615;19;9634;NA;345669;43;2021-06-03;30617
2021-06-02;"Bratislavský kraj";20;8684;17;8701;NA;345669;37;2021-06-02;30574
2021-06-01;"Bratislavský kraj";6;8812;25;8837;NA;345669;31;2021-06-01;30537
2021-05-31;"Bratislavský kraj";36;11248;32;11280;NA;345669;68;2021-05-31;30506
2021-05-30;"Bratislavský kraj";2;11758;17;11775;NA;345669;19;2021-05-30;30438
2021-05-29;"Bratislavský kraj";8;12245;8;12253;NA;345669;16;2021-05-29;30419
2021-05-28;"Bratislavský kraj";28;15865;23;15888;NA;345669;51;2021-05-28;30403
2021-05-27;"Bratislavský kraj";10;11321;18;11339;NA;345669;28;2021-05-27;30352
2021-05-26;"Bratislavský kraj";40;10709;17;10726;NA;345669;57;2021-05-26;30324
2021-05-25;"Bratislavský kraj";38;11864;31;11895;NA;345669;69;2021-05-25;30267
2021-05-24;"Bratislavský kraj";24;12966;23;12989;NA;345669;47;2021-05-24;30198
2021-05-23;"Bratislavský kraj";14;13074;24;13098;NA;345669;38;2021-05-23;30151
2021-05-22;"Bratislavský kraj";12;14044;22;14066;NA;345669;34;2021-05-22;30113
2021-05-21;"Bratislavský kraj";30;18996;22;19018;NA;345669;52;2021-05-21;30079
2021-05-20;"Bratislavský kraj";30;14112;17;14129;NA;345669;47;2021-05-20;30027
2021-05-19;"Bratislavský kraj";42;11958;24;11982;NA;345669;66;2021-05-19;29980
2021-05-18;"Bratislavský kraj";28;13005;33;13038;NA;345669;61;2021-05-18;29914
2021-05-17;"Bratislavský kraj";30;13854;29;13883;NA;345669;59;2021-05-17;29853
2021-05-16;"Bratislavský kraj";24;19797;32;19829;NA;345669;56;2021-05-16;29794
2021-05-15;"Bratislavský kraj";2;18113;30;18143;NA;345669;32;2021-05-15;29738
2021-05-14;"Bratislavský kraj";30;22228;30;22258;NA;345669;60;2021-05-14;29706
2021-05-13;"Bratislavský kraj";18;16211;17;16228;NA;345669;35;2021-05-13;29646
2021-05-12;"Bratislavský kraj";22;14638;28;14666;NA;345669;50;2021-05-12;29611
2021-05-11;"Bratislavský kraj";58;16741;32;16773;NA;345669;90;2021-05-11;29561
2021-05-10;"Bratislavský kraj";54;19991;64;20055;NA;345669;118;2021-05-10;29471
2021-05-09;"Bratislavský kraj";18;29358;32;29390;NA;345669;50;2021-05-09;29353
2021-05-08;"Bratislavský kraj";10;19451;24;19475;NA;345669;34;2021-05-08;29303
2021-05-07;"Bratislavský kraj";64;28211;65;28276;NA;345669;129;2021-05-07;29269
2021-05-06;"Bratislavský kraj";38;20079;52;20131;NA;345669;90;2021-05-06;29140
2021-05-05;"Bratislavský kraj";58;15526;31;15557;NA;345669;89;2021-05-05;29050
2021-05-04;"Bratislavský kraj";92;19143;53;19196;NA;345669;145;2021-05-04;28961
2021-05-03;"Bratislavský kraj";74;22322;64;22386;NA;345669;138;2021-05-03;28816
2021-05-02;"Bratislavský kraj";76;43064;75;43139;NA;345669;151;2021-05-02;28678
2021-05-01;"Bratislavský kraj";22;39905;40;39945;NA;345669;62;2021-05-01;28527
2021-04-30;"Bratislavský kraj";86;47403;82;47485;NA;345669;168;2021-04-30;28465
2021-04-29;"Bratislavský kraj";96;30257;96;30353;NA;345669;192;2021-04-29;28297
2021-04-28;"Bratislavský kraj";80;28905;78;28983;NA;345669;158;2021-04-28;28105
2021-04-27;"Bratislavský kraj";82;30168;52;30220;NA;345669;134;2021-04-27;27947
2021-04-26;"Bratislavský kraj";118;34733;97;34830;NA;345669;215;2021-04-26;27813
2021-04-25;"Bratislavský kraj";16;57615;74;57689;NA;345669;90;2021-04-25;27598
2021-04-24;"Bratislavský kraj";56;74858;66;74924;NA;345669;122;2021-04-24;27508
2021-04-23;"Bratislavský kraj";140;48614;62;48676;NA;345669;202;2021-04-23;27386
2021-04-22;"Bratislavský kraj";78;31037;72;31109;NA;345669;150;2021-04-22;27184
2021-04-21;"Bratislavský kraj";96;30442;62;30504;NA;345669;158;2021-04-21;27034
2021-04-20;"Bratislavský kraj";116;35216;63;35279;NA;345669;179;2021-04-20;26876
2021-04-19;"Bratislavský kraj";96;39500;80;39580;NA;345669;176;2021-04-19;26697
2021-04-18;"Bratislavský kraj";70;62300;76;62376;NA;345669;146;2021-04-18;26521
2021-04-17;"Bratislavský kraj";26;80359;111;80470;NA;345669;137;2021-04-17;26375
2021-04-16;"Bratislavský kraj";124;47296;80;47376;NA;345669;204;2021-04-16;26238
2021-04-15;"Bratislavský kraj";68;32176;74;32250;NA;345669;142;2021-04-15;26034
2021-04-14;"Bratislavský kraj";130;33961;88;34049;NA;345669;218;2021-04-14;25892
2021-04-13;"Bratislavský kraj";164;35512;82;35594;NA;345669;246;2021-04-13;25674
2021-04-12;"Bratislavský kraj";154;42286;115;42401;NA;345669;269;2021-04-12;25428
2021-04-11;"Bratislavský kraj";84;61151;123;61274;NA;345669;207;2021-04-11;25159
2021-04-10;"Bratislavský kraj";28;77874;167;78041;NA;345669;195;2021-04-10;24952
2021-04-09;"Bratislavský kraj";144;41556;97;41653;NA;345669;241;2021-04-09;24757
2021-04-08;"Bratislavský kraj";142;28866;95;28961;NA;345669;237;2021-04-08;24516
2021-04-07;"Bratislavský kraj";192;38061;101;38162;NA;345669;293;2021-04-07;24279
2021-04-06;"Bratislavský kraj";188;56204;179;56383;NA;345669;367;2021-04-06;23986
2021-04-05;"Bratislavský kraj";170;18538;85;18623;NA;345669;255;2021-04-05;23619
2021-04-04;"Bratislavský kraj";74;29225;75;29300;NA;345669;149;2021-04-04;23364
2021-04-03;"Bratislavský kraj";104;79865;220;80085;NA;345669;324;2021-04-03;23215
2021-04-02;"Bratislavský kraj";66;23790;104;23894;NA;345669;170;2021-04-02;22891
2021-04-01;"Bratislavský kraj";238;57388;159;57547;NA;345669;397;2021-04-01;22721
2021-03-31;"Bratislavský kraj";210;46371;177;46548;NA;345669;387;2021-03-31;22324
2021-03-30;"Bratislavský kraj";200;39599;144;39743;NA;345669;344;2021-03-30;21937
2021-03-29;"Bratislavský kraj";306;40364;178;40542;NA;345669;484;2021-03-29;21593
2021-03-28;"Bratislavský kraj";118;53372;137;53509;NA;345669;255;2021-03-28;21109
2021-03-27;"Bratislavský kraj";106;79834;240;80074;NA;345669;346;2021-03-27;20854
2021-03-26;"Bratislavský kraj";228;56108;191;56299;NA;345669;419;2021-03-26;20508
2021-03-25;"Bratislavský kraj";152;36859;172;37031;NA;345669;324;2021-03-25;20089
2021-03-24;"Bratislavský kraj";240;30567;201;30768;NA;345669;441;2021-03-24;19765
2021-03-23;"Bratislavský kraj";276;36438;190;36628;NA;345669;466;2021-03-23;19324
2021-03-22;"Bratislavský kraj";220;42756;220;42976;NA;345669;440;2021-03-22;18858
2021-03-21;"Bratislavský kraj";108;61299;212;61511;NA;345669;320;2021-03-21;18418
2021-03-20;"Bratislavský kraj";118;73300;228;73528;NA;345669;346;2021-03-20;18098
2021-03-19;"Bratislavský kraj";278;54576;257;54833;NA;345669;535;2021-03-19;17752
2021-03-18;"Bratislavský kraj";284;34611;192;34803;NA;345669;476;2021-03-18;17217
2021-03-17;"Bratislavský kraj";354;30482;217;30699;NA;345669;571;2021-03-17;16741
2021-03-16;"Bratislavský kraj";516;36798;287;37085;NA;345669;803;2021-03-16;16170
2021-03-15;"Bratislavský kraj";360;38226;255;38481;NA;345669;615;2021-03-15;15367
2021-03-14;"Bratislavský kraj";150;52611;275;52886;NA;345669;425;2021-03-14;14752
2021-03-13;"Bratislavský kraj";220;81405;341;81746;NA;345669;561;2021-03-13;14327
2021-03-12;"Bratislavský kraj";304;55233;312;55545;NA;345669;616;2021-03-12;13766
2021-03-11;"Bratislavský kraj";356;34678;286;34964;NA;345669;642;2021-03-11;13150
2021-03-10;"Bratislavský kraj";328;31061;280;31341;NA;345669;608;2021-03-10;12508
2021-03-09;"Bratislavský kraj";484;37687;267;37954;NA;345669;751;2021-03-09;11900
2021-03-08;"Bratislavský kraj";510;41199;348;41547;NA;345669;858;2021-03-08;11149
2021-03-07;"Bratislavský kraj";284;52812;301;53113;NA;345669;585;2021-03-07;10291
2021-03-06;"Bratislavský kraj";158;71821;415;72236;NA;345669;573;2021-03-06;9706
2021-03-05;"Bratislavský kraj";476;50653;293;50946;NA;345669;769;2021-03-05;9133
2021-03-04;"Bratislavský kraj";408;34544;344;34888;NA;345669;752;2021-03-04;8364
2021-03-03;"Bratislavský kraj";500;30527;364;30891;NA;345669;864;2021-03-03;7612
2021-03-02;"Bratislavský kraj";534;39735;388;40123;NA;345669;922;2021-03-02;6748
2021-03-01;"Bratislavský kraj";640;38222;432;38654;NA;345669;1072;2021-03-01;5826
2021-02-28;"Bratislavský kraj";368;50323;323;50646;NA;345669;691;2021-02-28;4754
2021-02-27;"Bratislavský kraj";302;76580;464;77044;NA;345669;766;2021-02-27;4063
2021-02-26;"Bratislavský kraj";554;47326;401;47727;NA;345669;955;2021-02-26;3297
2021-02-25;"Bratislavský kraj";554;28769;405;29174;NA;345669;959;2021-02-25;2342
2021-02-24;"Bratislavský kraj";434;27095;412;27507;NA;345669;846;2021-02-24;1383
2021-02-23;"Bratislavský kraj";514;31297;395;31692;NA;345669;909;2021-02-23;537
2021-02-22;"Bratislavský kraj";706;36607;483;37090;NA;345669;1189;2021-02-22;-372
2021-02-21;"Bratislavský kraj";370;54150;396;54546;NA;345669;766;2021-02-21;-1561
2021-02-20;"Bratislavský kraj";334;74814;550;75364;NA;345669;884;2021-02-20;-2327
2021-02-19;"Bratislavský kraj";560;44882;416;45298;NA;345669;976;2021-02-19;-3211
2021-02-18;"Bratislavský kraj";526;26379;371;26750;NA;345669;897;2021-02-18;-4187
2021-02-17;"Bratislavský kraj";528;22820;316;23136;NA;345669;844;2021-02-17;-5084
2021-02-16;"Bratislavský kraj";578;28262;352;28614;NA;345669;930;2021-02-16;-5928
2021-02-15;"Bratislavský kraj";496;36893;396;37289;NA;345669;892;2021-02-15;-6858
2021-02-14;"Bratislavský kraj";306;47948;323;48271;NA;345669;629;2021-02-14;-7750
2021-02-13;"Bratislavský kraj";346;68589;515;69104;NA;345669;861;2021-02-13;-8379
2021-02-12;"Bratislavský kraj";564;35729;327;36056;NA;345669;891;2021-02-12;-9240
2021-02-11;"Bratislavský kraj";674;24565;285;24850;NA;345669;959;2021-02-11;-10131
2021-02-10;"Bratislavský kraj";628;22944;356;23300;NA;345669;984;2021-02-10;-11090
2021-02-09;"Bratislavský kraj";576;36565;454;37019;NA;345669;1030;2021-02-09;-12074
2021-02-08;"Bratislavský kraj";968;31896;397;32293;NA;345669;1365;2021-02-08;-13104
2021-02-07;"Bratislavský kraj";486;51290;425;51715;NA;345669;911;2021-02-07;-14469
2021-02-06;"Bratislavský kraj";232;61682;501;62183;NA;345669;733;2021-02-06;-15380
2021-02-05;"Bratislavský kraj";654;27033;375;27408;NA;345669;1029;2021-02-05;-16113
2021-02-04;"Bratislavský kraj";1110;17260;348;17608;NA;345669;1458;2021-02-04;-17142
2021-02-03;"Bratislavský kraj";322;13020;352;13372;NA;345669;674;2021-02-03;-18600
2021-02-02;"Bratislavský kraj";794;25947;480;26427;NA;345669;1274;2021-02-02;-19274
2021-02-01;"Bratislavský kraj";442;35541;513;36054;NA;345669;955;2021-02-01;-20548
2021-01-31;"Bratislavský kraj";360;35693;425;36118;NA;345669;785;2021-01-31;-21503
2021-01-30;"Bratislavský kraj";620;49588;521;50109;NA;345669;1141;2021-01-30;-22288
2021-01-29;"Bratislavský kraj";688;16568;344;16912;NA;345669;1032;2021-01-29;-23429
2021-01-28;"Bratislavský kraj";614;10715;297;11012;NA;345669;911;2021-01-28;-24461
2021-01-27;"Bratislavský kraj";672;22222;345;22567;NA;345669;1017;2021-01-27;-25372
2021-01-26;"Bratislavský kraj";594;21894;300;22194;NA;345669;894;2021-01-26;-26389
2021-01-25;"Bratislavský kraj";712;23335;249;23584;NA;345669;961;2021-01-25;-27283
2021-01-24;"Bratislavský kraj";350;37903;404;38307;NA;345669;754;2021-01-24;-28244
2021-01-23;"Bratislavský kraj";792;79453;690;80143;NA;345669;1482;2021-01-23;-28998
2021-01-22;"Bratislavský kraj";398;42055;365;42420;NA;345669;763;2021-01-22;-30480
2021-01-21;"Bratislavský kraj";510;105746;1317;107063;NA;345669;1827;2021-01-21;-31243
2021-01-20;"Bratislavský kraj";720;27289;452;27741;NA;345669;1172;2021-01-20;-33070
2021-01-19;"Bratislavský kraj";750;15318;346;15664;NA;345669;1096;2021-01-19;-34242
2021-01-18;"Bratislavský kraj";714;12533;707;13240;NA;345669;1421;2021-01-18;-35338
2021-01-17;"Bratislavský kraj";488;482;26;508;NA;345669;514;2021-01-17;-36759
2021-01-16;"Bratislavský kraj";140;3016;156;3172;NA;345669;296;2021-01-16;-37273
2021-01-15;"Bratislavský kraj";502;7896;256;8152;NA;345669;758;2021-01-15;-37569
2021-01-14;"Bratislavský kraj";726;8523;273;8796;NA;345669;999;2021-01-14;-38327
2021-01-13;"Bratislavský kraj";672;8490;327;8817;NA;345669;999;2021-01-13;-39326
2021-01-12;"Bratislavský kraj";900;10509;455;10964;NA;345669;1355;2021-01-12;-40325
2021-01-11;"Bratislavský kraj";794;19863;364;20227;NA;345669;1158;2021-01-11;-41680
2021-01-10;"Bratislavský kraj";504;1507;79;1586;NA;345669;583;2021-01-10;-42838
2021-01-09;"Bratislavský kraj";702;4721;277;4998;NA;345669;979;2021-01-09;-43421
2021-01-08;"Bratislavský kraj";1112;10045;436;10481;NA;345669;1548;2021-01-08;-44400
2021-01-07;"Bratislavský kraj";1074;6872;352;7224;NA;345669;1426;2021-01-07;-45948
2021-01-06;"Bratislavský kraj";542;3329;216;3545;NA;345669;758;2021-01-06;-47374
2021-01-05;"Bratislavský kraj";1238;10635;814;11449;NA;345669;2052;2021-01-05;-48132
2021-01-04;"Bratislavský kraj";1202;8226;538;8764;NA;345669;1740;2021-01-04;-50184
2021-01-03;"Bratislavský kraj";154;433;41;474;NA;345669;195;2021-01-03;-51924
2021-01-02;"Bratislavský kraj";370;462;57;519;NA;345669;427;2021-01-02;-52119
2021-01-01;"Bratislavský kraj";470;3277;131;3408;NA;345669;601;2021-01-01;-52546
2020-12-31;"Bratislavský kraj";1850;14135;519;14654;NA;345669;2369;2020-12-31;-53147
2020-12-30;"Bratislavský kraj";1300;9164;533;9697;NA;345669;1833;2020-12-30;-55516
2020-12-29;"Bratislavský kraj";606;10108;699;10807;NA;345669;1305;2020-12-29;-57349
2020-12-28;"Bratislavský kraj";510;7784;473;8257;NA;345669;983;2020-12-28;-58654
2020-12-27;"Bratislavský kraj";320;709;76;785;NA;345669;396;2020-12-27;-59637
2020-12-26;"Bratislavský kraj";150;480;27;507;NA;345669;177;2020-12-26;-60033
2020-12-25;"Bratislavský kraj";228;503;38;541;NA;345669;266;2020-12-25;-60210
2020-12-24;"Bratislavský kraj";1072;3367;104;3471;NA;345669;1176;2020-12-24;-60476
2020-12-23;"Bratislavský kraj";832;12590;447;13037;NA;345669;1279;2020-12-23;-61652
2020-12-22;"Bratislavský kraj";654;14587;699;15286;NA;345669;1353;2020-12-22;-62931
2020-12-21;"Bratislavský kraj";784;14972;1946;16918;NA;345669;2730;2020-12-21;-64284
2020-12-20;"Bratislavský kraj";360;797;57;854;NA;345669;417;2020-12-20;-67014
2020-12-19;"Bratislavský kraj";792;3314;130;3444;NA;345669;922;2020-12-19;-67431
2020-12-18;"Bratislavský kraj";612;9938;345;10283;NA;345669;957;2020-12-18;-68353
2020-12-17;"Bratislavský kraj";1004;9739;386;10125;NA;345669;1390;2020-12-17;-69310
2020-12-16;"Bratislavský kraj";564;10201;418;10619;NA;345669;982;2020-12-16;-70700
2020-12-15;"Bratislavský kraj";846;10450;454;10904;NA;345669;1300;2020-12-15;-71682
2020-12-14;"Bratislavský kraj";558;6793;261;7054;NA;345669;819;2020-12-14;-72982
2020-12-13;"Bratislavský kraj";250;139;10;149;NA;345669;260;2020-12-13;-73801
2020-12-12;"Bratislavský kraj";722;3886;157;4043;NA;345669;879;2020-12-12;-74061
2020-12-11;"Bratislavský kraj";652;6824;235;7059;NA;345669;887;2020-12-11;-74940
2020-12-10;"Bratislavský kraj";395;5279;166;5445;NA;345669;561;2020-12-10;-75827
2020-12-09;"Bratislavský kraj";382;4778;177;4955;NA;345669;559;2020-12-09;-76388
2020-12-08;"Bratislavský kraj";234;6243;207;6450;NA;345669;441;2020-12-08;-76947
2020-12-07;"Bratislavský kraj";272;4639;152;4791;NA;345669;424;2020-12-07;-77388
2020-12-06;"Bratislavský kraj";61;1625;52;1677;NA;345669;113;2020-12-06;-77812
2020-12-05;"Bratislavský kraj";266;2221;41;2262;NA;345669;307;2020-12-05;-77925
2020-12-04;"Bratislavský kraj";200;4954;99;5053;NA;345669;299;2020-12-04;-78232
2020-12-03;"Bratislavský kraj";213;5672;95;5767;NA;345669;308;2020-12-03;-78531
2020-12-02;"Bratislavský kraj";205;3462;103;3565;NA;345669;308;2020-12-02;-78839
2020-12-01;"Bratislavský kraj";255;3889;172;4061;NA;345669;427;2020-12-01;-79147
2020-11-30;"Bratislavský kraj";152;2153;121;2274;NA;345669;273;2020-11-30;-79574
2020-11-29;"Bratislavský kraj";52;201;24;225;NA;345669;76;2020-11-29;-79847
2020-11-28;"Bratislavský kraj";232;2624;33;2657;NA;345669;265;2020-11-28;-79923
2020-11-27;"Bratislavský kraj";54;2540;64;2604;NA;345669;118;2020-11-27;-80188
2020-11-26;"Bratislavský kraj";129;1976;60;2036;NA;345669;189;2020-11-26;-80306
2020-11-25;"Bratislavský kraj";140;1770;47;1817;NA;345669;187;2020-11-25;-80495
2020-11-24;"Bratislavský kraj";81;2988;67;3055;NA;345669;148;2020-11-24;-80682
2020-11-23;"Bratislavský kraj";67;7083;58;7141;NA;345669;125;2020-11-23;-80830
2020-11-22;"Bratislavský kraj";36;81;7;88;NA;345669;43;2020-11-22;-80955
2020-11-21;"Bratislavský kraj";109;2126;47;2173;NA;345669;156;2020-11-21;-80998
2020-11-20;"Bratislavský kraj";118;2876;48;2924;NA;345669;166;2020-11-20;-81154
2020-11-19;"Bratislavský kraj";173;987;29;1016;NA;345669;202;2020-11-19;-81320
2020-11-18;"Bratislavský kraj";118;616;75;691;NA;345669;193;2020-11-18;-81522
2020-11-17;"Bratislavský kraj";108;928;23;951;NA;345669;131;2020-11-17;-81715
2020-11-16;"Bratislavský kraj";82;651;9;660;NA;345669;91;2020-11-16;-81846
2020-11-15;"Bratislavský kraj";47;236;0;236;NA;345669;47;2020-11-15;-81937
2020-11-14;"Bratislavský kraj";53;1834;15;1849;NA;345669;68;2020-11-14;-81984
2020-11-13;"Bratislavský kraj";94;2096;21;2117;NA;345669;115;2020-11-13;-82052
2020-11-12;"Bratislavský kraj";141;1727;6;1733;NA;345669;147;2020-11-12;-82167
2020-11-11;"Bratislavský kraj";159;1429;12;1441;NA;345669;171;2020-11-11;-82314
2020-11-10;"Bratislavský kraj";136;805;14;819;NA;345669;150;2020-11-10;-82485
2020-11-09;"Bratislavský kraj";70;616;8;624;NA;345669;78;2020-11-09;-82635
2020-11-08;"Bratislavský kraj";82;869;6;875;NA;345669;88;2020-11-08;-82713
2020-11-07;"Bratislavský kraj";88;4039;17;4056;NA;345669;105;2020-11-07;-82801
2020-11-06;"Bratislavský kraj";281;6441;25;6466;NA;345669;306;2020-11-06;-82906
2020-11-05;"Bratislavský kraj";175;476;11;487;NA;345669;186;2020-11-05;-83212
2020-11-04;"Bratislavský kraj";65;411;10;421;NA;345669;75;2020-11-04;-83398
2020-11-03;"Bratislavský kraj";251;1085;12;1097;NA;345669;263;2020-11-03;-83473
2020-11-02;"Bratislavský kraj";202;3365;22;3387;NA;345669;224;2020-11-02;-83736
2020-11-01;"Bratislavský kraj";227;8694;39;8733;NA;345669;266;2020-11-01;-83960
2020-10-31;"Bratislavský kraj";173;22407;123;22530;NA;345669;296;2020-10-31;-84226
2020-10-30;"Bratislavský kraj";158;17350;138;17488;NA;345669;296;2020-10-30;-84522
2020-10-29;"Bratislavský kraj";262;116;4;120;NA;345669;266;2020-10-29;-84818
2020-10-28;"Bratislavský kraj";220;260;15;275;NA;345669;235;2020-10-28;-85084
2020-10-27;"Bratislavský kraj";256;145;4;149;NA;345669;260;2020-10-27;-85319
2020-10-26;"Bratislavský kraj";123;229;11;240;NA;345669;134;2020-10-26;-85579
2020-10-25;"Bratislavský kraj";152;33;2;35;NA;345669;154;2020-10-25;-85713
2020-10-24;"Bratislavský kraj";170;221;6;227;NA;345669;176;2020-10-24;-85867
2020-10-23;"Bratislavský kraj";151;144;8;152;NA;345669;159;2020-10-23;-86043
2020-10-22;"Bratislavský kraj";192;204;15;219;NA;345669;207;2020-10-22;-86202
2020-10-21;"Bratislavský kraj";66;90;6;96;NA;345669;72;2020-10-21;-86409
2020-10-20;"Bratislavský kraj";183;97;4;101;NA;345669;187;2020-10-20;-86481
2020-10-19;"Bratislavský kraj";148;80;3;83;NA;345669;151;2020-10-19;-86668
2020-10-18;"Bratislavský kraj";75;92;0;92;NA;345669;75;2020-10-18;-86819
2020-10-17;"Bratislavský kraj";136;0;0;0;NA;345669;136;2020-10-17;-86894
2020-10-16;"Bratislavský kraj";103;14;1;15;NA;345669;104;2020-10-16;-87030
2020-10-15;"Bratislavský kraj";135;6;1;7;NA;345669;136;2020-10-15;-87134
2020-10-14;"Bratislavský kraj";127;4;0;4;NA;345669;127;2020-10-14;-87270
2020-10-13;"Bratislavský kraj";86;108;8;116;NA;345669;94;2020-10-13;-87397
2020-10-12;"Bratislavský kraj";46;0;0;0;NA;345669;46;2020-10-12;-87491
2020-10-11;"Bratislavský kraj";80;0;0;0;NA;345669;80;2020-10-11;-87537
2020-10-10;"Bratislavský kraj";55;0;0;0;NA;345669;55;2020-10-10;-87617
2020-10-09;"Bratislavský kraj";148;0;0;0;NA;345669;148;2020-10-09;-87672
2020-10-08;"Bratislavský kraj";100;0;0;0;NA;345669;100;2020-10-08;-87820
2020-10-07;"Bratislavský kraj";107;0;0;0;NA;345669;107;2020-10-07;-87920
2020-10-06;"Bratislavský kraj";108;0;0;0;NA;345669;108;2020-10-06;-88027
2020-10-05;"Bratislavský kraj";30;0;0;0;NA;345669;30;2020-10-05;-88135
2020-10-04;"Bratislavský kraj";49;0;0;0;NA;345669;49;2020-10-04;-88165
2020-10-03;"Bratislavský kraj";82;0;0;0;NA;345669;82;2020-10-03;-88214
2020-10-02;"Bratislavský kraj";101;0;0;0;NA;345669;101;2020-10-02;-88296
2020-10-01;"Bratislavský kraj";72;0;0;0;NA;345669;72;2020-10-01;-88397
2020-09-30;"Bratislavský kraj";91;0;0;0;NA;345669;91;2020-09-30;-88469
2020-09-29;"Bratislavský kraj";74;0;0;0;NA;345669;74;2020-09-29;-88560
2020-09-28;"Bratislavský kraj";29;0;0;0;NA;345669;29;2020-09-28;-88634
2020-09-27;"Bratislavský kraj";48;0;0;0;NA;345669;48;2020-09-27;-88663
2020-09-26;"Bratislavský kraj";86;0;0;0;NA;345669;86;2020-09-26;-88711
2020-09-25;"Bratislavský kraj";97;0;0;0;NA;345669;97;2020-09-25;-88797
2020-09-24;"Bratislavský kraj";73;0;0;0;NA;345669;73;2020-09-24;-88894
2020-09-23;"Bratislavský kraj";55;0;0;0;NA;345669;55;2020-09-23;-88967
2020-09-22;"Bratislavský kraj";81;0;0;0;NA;345669;81;2020-09-22;-89022
2020-09-21;"Bratislavský kraj";32;0;0;0;NA;345669;32;2020-09-21;-89103
2020-09-20;"Bratislavský kraj";25;0;0;0;NA;345669;25;2020-09-20;-89135
2020-09-19;"Bratislavský kraj";59;0;0;0;NA;345669;59;2020-09-19;-89160
2020-09-18;"Bratislavský kraj";42;0;0;0;NA;345669;42;2020-09-18;-89219
2020-09-17;"Bratislavský kraj";52;0;0;0;NA;345669;52;2020-09-17;-89261
2020-09-16;"Bratislavský kraj";32;0;0;0;NA;345669;32;2020-09-16;-89313
2020-09-15;"Bratislavský kraj";26;0;0;0;NA;345669;26;2020-09-15;-89345
2020-09-14;"Bratislavský kraj";24;0;0;0;NA;345669;24;2020-09-14;-89371
2020-09-13;"Bratislavský kraj";11;0;0;0;NA;345669;11;2020-09-13;-89395
2020-09-12;"Bratislavský kraj";24;0;0;0;NA;345669;24;2020-09-12;-89406
2020-09-11;"Bratislavský kraj";50;0;0;0;NA;345669;50;2020-09-11;-89430
2020-09-10;"Bratislavský kraj";47;0;0;0;NA;345669;47;2020-09-10;-89480
2020-09-09;"Bratislavský kraj";40;0;0;0;NA;345669;40;2020-09-09;-89527
2020-09-08;"Bratislavský kraj";58;0;0;0;NA;345669;58;2020-09-08;-89567
2020-09-07;"Bratislavský kraj";39;0;0;0;NA;345669;39;2020-09-07;-89625
2020-09-06;"Bratislavský kraj";11;0;0;0;NA;345669;11;2020-09-06;-89664
2020-09-05;"Bratislavský kraj";37;0;0;0;NA;345669;37;2020-09-05;-89675
2020-09-04;"Bratislavský kraj";87;0;0;0;NA;345669;87;2020-09-04;-89712
2020-09-03;"Bratislavský kraj";51;0;0;0;NA;345669;51;2020-09-03;-89799
2020-09-02;"Bratislavský kraj";50;0;0;0;NA;345669;50;2020-09-02;-89850
2020-09-01;"Bratislavský kraj";16;0;0;0;NA;345669;16;2020-09-01;-89900
2020-08-31;"Bratislavský kraj";19;0;0;0;NA;345669;19;2020-08-31;-89916
2020-08-30;"Bratislavský kraj";9;0;0;0;NA;345669;9;2020-08-30;-89935
2020-08-29;"Bratislavský kraj";12;0;0;0;NA;345669;12;2020-08-29;-89944
2020-08-28;"Bratislavský kraj";35;0;0;0;NA;345669;35;2020-08-28;-89956
2020-08-27;"Bratislavský kraj";33;0;0;0;NA;345669;33;2020-08-27;-89991
2020-08-26;"Bratislavský kraj";27;0;0;0;NA;345669;27;2020-08-26;-90024
2020-08-25;"Bratislavský kraj";29;0;0;0;NA;345669;29;2020-08-25;-90051
2020-08-24;"Bratislavský kraj";6;0;0;0;NA;345669;6;2020-08-24;-90080
2020-08-23;"Bratislavský kraj";45;0;0;0;NA;345669;45;2020-08-23;-90086
2020-08-22;"Bratislavský kraj";13;0;0;0;NA;345669;13;2020-08-22;-90131
2020-08-21;"Bratislavský kraj";46;0;0;0;NA;345669;46;2020-08-21;-90144
2020-08-20;"Bratislavský kraj";41;0;0;0;NA;345669;41;2020-08-20;-90190
2020-08-19;"Bratislavský kraj";27;0;0;0;NA;345669;27;2020-08-19;-90231
2020-08-18;"Bratislavský kraj";47;0;0;0;NA;345669;47;2020-08-18;-90258
2020-08-17;"Bratislavský kraj";2;0;0;0;NA;345669;2;2020-08-17;-90305
2020-08-16;"Bratislavský kraj";3;0;0;0;NA;345669;3;2020-08-16;-90307
2020-08-15;"Bratislavský kraj";18;0;0;0;NA;345669;18;2020-08-15;-90310
2020-08-14;"Bratislavský kraj";16;0;0;0;NA;345669;16;2020-08-14;-90328
2020-08-13;"Bratislavský kraj";12;0;0;0;NA;345669;12;2020-08-13;-90344
2020-08-12;"Bratislavský kraj";10;0;0;0;NA;345669;10;2020-08-12;-90356
2020-08-11;"Bratislavský kraj";23;0;0;0;NA;345669;23;2020-08-11;-90366
2020-08-10;"Bratislavský kraj";2;0;0;0;NA;345669;2;2020-08-10;-90389
2020-08-09;"Bratislavský kraj";2;0;0;0;NA;345669;2;2020-08-09;-90391
2020-08-08;"Bratislavský kraj";1;0;0;0;NA;345669;1;2020-08-08;-90393
2020-08-07;"Bratislavský kraj";9;0;0;0;NA;345669;9;2020-08-07;-90394
2020-08-06;"Bratislavský kraj";15;0;0;0;NA;345669;15;2020-08-06;-90403
2020-08-05;"Bratislavský kraj";11;0;0;0;NA;345669;11;2020-08-05;-90418
2020-08-04;"Bratislavský kraj";21;0;0;0;NA;345669;21;2020-08-04;-90429
2020-08-03;"Bratislavský kraj";7;0;0;0;NA;345669;7;2020-08-03;-90450
2020-08-02;"Bratislavský kraj";0;0;0;0;NA;345669;0;2020-08-02;-90457
2020-08-01;"Bratislavský kraj";0;0;0;0;NA;345669;0;2020-08-01;-90457
2020-07-31;"Bratislavský kraj";14;0;0;0;NA;345669;14;2020-07-31;-90457
2020-07-30;"Bratislavský kraj";6;0;0;0;NA;345669;6;2020-07-30;-90471
2020-07-29;"Bratislavský kraj";7;0;0;0;NA;345669;7;2020-07-29;-90477
2020-07-28;"Bratislavský kraj";14;0;0;0;NA;345669;14;2020-07-28;-90484
2020-07-27;"Bratislavský kraj";3;0;0;0;NA;345669;3;2020-07-27;-90498
2020-07-26;"Bratislavský kraj";0;0;0;0;NA;345669;0;2020-07-26;-90501
2020-07-25;"Bratislavský kraj";8;0;0;0;NA;345669;8;2020-07-25;-90501
2020-07-24;"Bratislavský kraj";2;0;0;0;NA;345669;2;2020-07-24;-90509
2020-07-23;"Bratislavský kraj";8;0;0;0;NA;345669;8;2020-07-23;-90511
2020-07-22;"Bratislavský kraj";11;0;0;0;NA;345669;11;2020-07-22;-90519
2020-07-21;"Bratislavský kraj";8;0;0;0;NA;345669;8;2020-07-21;-90530
2020-07-20;"Bratislavský kraj";12;0;0;0;NA;345669;12;2020-07-20;-90538
2020-07-19;"Bratislavský kraj";0;0;0;0;NA;345669;0;2020-07-19;-90550
2020-07-18;"Bratislavský kraj";2;0;0;0;NA;345669;2;2020-07-18;-90550
2020-07-17;"Bratislavský kraj";2;0;0;0;NA;345669;2;2020-07-17;-90552
2020-07-16;"Bratislavský kraj";6;0;0;0;NA;345669;6;2020-07-16;-90554
2020-07-15;"Bratislavský kraj";3;0;0;0;NA;345669;3;2020-07-15;-90560
2020-07-14;"Bratislavský kraj";2;0;0;0;NA;345669;2;2020-07-14;-90563
2020-07-13;"Bratislavský kraj";2;0;0;0;NA;345669;2;2020-07-13;-90565
2020-07-12;"Bratislavský kraj";0;0;0;0;NA;345669;0;2020-07-12;-90567
2020-07-11;"Bratislavský kraj";0;0;0;0;NA;345669;0;2020-07-11;-90567
2020-07-10;"Bratislavský kraj";8;0;0;0;NA;345669;8;2020-07-10;-90567
2020-07-09;"Bratislavský kraj";2;0;0;0;NA;345669;2;2020-07-09;-90575
2020-07-08;"Bratislavský kraj";11;0;0;0;NA;345669;11;2020-07-08;-90577
2020-07-07;"Bratislavský kraj";5;0;0;0;NA;345669;5;2020-07-07;-90588
2020-07-06;"Bratislavský kraj";1;0;0;0;NA;345669;1;2020-07-06;-90593
2020-07-05;"Bratislavský kraj";0;0;0;0;NA;345669;0;2020-07-05;-90594
2020-07-04;"Bratislavský kraj";3;0;0;0;NA;345669;3;2020-07-04;-90594
2020-07-03;"Bratislavský kraj";1;0;0;0;NA;345669;1;2020-07-03;-90597
2020-07-02;"Bratislavský kraj";0;0;0;0;NA;345669;0;2020-07-02;-90598
2020-07-01;"Bratislavský kraj";7;0;0;0;NA;345669;7;2020-07-01;-90598
2020-06-30;"Bratislavský kraj";3;0;0;0;NA;345669;3;2020-06-30;-90605
2020-06-29;"Bratislavský kraj";1;0;0;0;NA;345669;1;2020-06-29;-90608
2020-06-28;"Bratislavský kraj";0;0;0;0;NA;345669;0;2020-06-28;-90609
2020-06-27;"Bratislavský kraj";1;0;0;0;NA;345669;1;2020-06-27;-90609
2020-06-26;"Bratislavský kraj";6;0;0;0;NA;345669;6;2020-06-26;-90610
2020-06-25;"Bratislavský kraj";0;0;0;0;NA;345669;0;2020-06-25;-90616
2020-06-24;"Bratislavský kraj";3;0;0;0;NA;345669;3;2020-06-24;-90616
2020-06-23;"Bratislavský kraj";0;0;0;0;NA;345669;0;2020-06-23;-90619
2020-06-22;"Bratislavský kraj";1;0;0;0;NA;345669;1;2020-06-22;-90619
2020-06-21;"Bratislavský kraj";0;0;0;0;NA;345669;0;2020-06-21;-90620
2020-06-20;"Bratislavský kraj";0;0;0;0;NA;345669;0;2020-06-20;-90620
2020-06-19;"Bratislavský kraj";3;0;0;0;NA;345669;3;2020-06-19;-90620
2020-06-18;"Bratislavský kraj";0;0;0;0;NA;345669;0;2020-06-18;-90623
2020-06-17;"Bratislavský kraj";0;0;0;0;NA;345669;0;2020-06-17;-90623
2020-06-16;"Bratislavský kraj";0;0;0;0;NA;345669;0;2020-06-16;-90623
2020-06-14;"Bratislavský kraj";2;0;0;0;NA;345669;2;2020-06-14;-90623
2020-06-13;"Bratislavský kraj";1;0;0;0;NA;345669;1;2020-06-13;-90625
2020-06-12;"Bratislavský kraj";2;0;0;0;NA;345669;2;2020-06-12;-90626
2020-06-11;"Bratislavský kraj";0;0;0;0;NA;345669;0;2020-06-11;-90628
2020-06-10;"Bratislavský kraj";0;0;0;0;NA;345669;0;2020-06-10;-90628
2020-06-09;"Bratislavský kraj";0;0;0;0;NA;345669;0;2020-06-09;-90628
2020-06-08;"Bratislavský kraj";1;0;0;0;NA;345669;1;2020-06-08;-90628
2020-06-07;"Bratislavský kraj";0;0;0;0;NA;345669;0;2020-06-07;-90629
2020-06-05;"Bratislavský kraj";0;0;0;0;NA;345669;0;2020-06-05;-90629
2020-06-03;"Bratislavský kraj";1;0;0;0;NA;345669;1;2020-06-03;-90629
2020-06-02;"Bratislavský kraj";0;0;0;0;NA;345669;0;2020-06-02;-90630
2020-05-31;"Bratislavský kraj";0;0;0;0;NA;345669;0;2020-05-31;-90630
2020-05-29;"Bratislavský kraj";0;0;0;0;NA;345669;0;2020-05-29;-90630
2020-05-27;"Bratislavský kraj";1;0;0;0;NA;345669;1;2020-05-27;-90630
2020-05-26;"Bratislavský kraj";0;0;0;0;NA;345669;0;2020-05-26;-90631
2020-05-25;"Bratislavský kraj";0;0;0;0;NA;345669;0;2020-05-25;-90631
2020-05-24;"Bratislavský kraj";0;0;0;0;NA;345669;0;2020-05-24;-90631
2020-05-23;"Bratislavský kraj";2;0;0;0;NA;345669;2;2020-05-23;-90631
2020-05-22;"Bratislavský kraj";0;0;0;0;NA;345669;0;2020-05-22;-90633
2020-05-21;"Bratislavský kraj";0;0;0;0;NA;345669;0;2020-05-21;-90633
2020-05-20;"Bratislavský kraj";0;0;0;0;NA;345669;0;2020-05-20;-90633
2020-05-19;"Bratislavský kraj";0;0;0;0;NA;345669;0;2020-05-19;-90633
2020-05-17;"Bratislavský kraj";0;0;0;0;NA;345669;0;2020-05-17;-90633
2020-05-16;"Bratislavský kraj";0;0;0;0;NA;345669;0;2020-05-16;-90633
2020-05-15;"Bratislavský kraj";0;0;0;0;NA;345669;0;2020-05-15;-90633
2020-05-14;"Bratislavský kraj";0;0;0;0;NA;345669;0;2020-05-14;-90633
2020-05-13;"Bratislavský kraj";0;0;0;0;NA;345669;0;2020-05-13;-90633
2020-05-12;"Bratislavský kraj";2;0;0;0;NA;345669;2;2020-05-12;-90633
2020-05-11;"Bratislavský kraj";0;0;0;0;NA;345669;0;2020-05-11;-90635
2020-05-09;"Bratislavský kraj";0;0;0;0;NA;345669;0;2020-05-09;-90635
2020-05-07;"Bratislavský kraj";1;0;0;0;NA;345669;1;2020-05-07;-90635
2020-05-06;"Bratislavský kraj";3;0;0;0;NA;345669;3;2020-05-06;-90636
2020-05-05;"Bratislavský kraj";0;0;0;0;NA;345669;0;2020-05-05;-90639
2020-05-04;"Bratislavský kraj";0;0;0;0;NA;345669;0;2020-05-04;-90639
2020-05-03;"Bratislavský kraj";2;0;0;0;NA;345669;2;2020-05-03;-90639
2020-05-02;"Bratislavský kraj";0;0;0;0;NA;345669;0;2020-05-02;-90641
2020-05-01;"Bratislavský kraj";0;0;0;0;NA;345669;0;2020-05-01;-90641
2020-04-30;"Bratislavský kraj";5;0;0;0;NA;345669;5;2020-04-30;-90641
2020-04-29;"Bratislavský kraj";0;0;0;0;NA;345669;0;2020-04-29;-90646
2020-04-28;"Bratislavský kraj";2;0;0;0;NA;345669;2;2020-04-28;-90646
2020-04-27;"Bratislavský kraj";0;0;0;0;NA;345669;0;2020-04-27;-90648
2020-04-26;"Bratislavský kraj";1;0;0;0;NA;345669;1;2020-04-26;-90648
2020-04-25;"Bratislavský kraj";0;0;0;0;NA;345669;0;2020-04-25;-90649
2020-04-24;"Bratislavský kraj";2;0;0;0;NA;345669;2;2020-04-24;-90649
2020-04-23;"Bratislavský kraj";6;0;0;0;NA;345669;6;2020-04-23;-90651
2020-04-22;"Bratislavský kraj";11;0;0;0;NA;345669;11;2020-04-22;-90657
2020-04-21;"Bratislavský kraj";4;0;0;0;NA;345669;4;2020-04-21;-90668
2020-04-20;"Bratislavský kraj";0;0;0;0;NA;345669;0;2020-04-20;-90672
2020-04-19;"Bratislavský kraj";4;0;0;0;NA;345669;4;2020-04-19;-90672
2020-04-18;"Bratislavský kraj";5;0;0;0;NA;345669;5;2020-04-18;-90676
2020-04-17;"Bratislavský kraj";6;0;0;0;NA;345669;6;2020-04-17;-90681
2020-04-16;"Bratislavský kraj";15;0;0;0;NA;345669;15;2020-04-16;-90687
2020-04-15;"Bratislavský kraj";11;0;0;0;NA;345669;11;2020-04-15;-90702
2020-04-14;"Bratislavský kraj";19;0;0;0;NA;345669;19;2020-04-14;-90713
2020-04-13;"Bratislavský kraj";53;0;0;0;NA;345669;53;2020-04-13;-90732
2020-04-12;"Bratislavský kraj";3;0;0;0;NA;345669;3;2020-04-12;-90785
2020-04-11;"Bratislavský kraj";1;0;0;0;NA;345669;1;2020-04-11;-90788
2020-04-10;"Bratislavský kraj";8;0;0;0;NA;345669;8;2020-04-10;-90789
2020-04-09;"Bratislavský kraj";3;0;0;0;NA;345669;3;2020-04-09;-90797
2020-04-08;"Bratislavský kraj";3;0;0;0;NA;345669;3;2020-04-08;-90800
2020-04-07;"Bratislavský kraj";24;0;0;0;NA;345669;24;2020-04-07;-90803
2020-04-06;"Bratislavský kraj";5;0;0;0;NA;345669;5;2020-04-06;-90827
2020-04-05;"Bratislavský kraj";6;0;0;0;NA;345669;6;2020-04-05;-90832
2020-04-04;"Bratislavský kraj";2;0;0;0;NA;345669;2;2020-04-04;-90838
2020-04-03;"Bratislavský kraj";1;0;0;0;NA;345669;1;2020-04-03;-90840
2020-04-02;"Bratislavský kraj";2;0;0;0;NA;345669;2;2020-04-02;-90841
2020-04-01;"Bratislavský kraj";5;0;0;0;NA;345669;5;2020-04-01;-90843
2020-03-31;"Bratislavský kraj";19;0;0;0;NA;345669;19;2020-03-31;-90848
2020-03-30;"Bratislavský kraj";6;0;0;0;NA;345669;6;2020-03-30;-90867
2020-03-29;"Bratislavský kraj";8;0;0;0;NA;345669;8;2020-03-29;-90873
2020-03-28;"Bratislavský kraj";4;0;0;0;NA;345669;4;2020-03-28;-90881
2020-03-27;"Bratislavský kraj";3;0;0;0;NA;345669;3;2020-03-27;-90885
2020-03-26;"Bratislavský kraj";15;0;0;0;NA;345669;15;2020-03-26;-90888
2020-03-25;"Bratislavský kraj";1;0;0;0;NA;345669;1;2020-03-25;-90903
2020-03-24;"Bratislavský kraj";4;0;0;0;NA;345669;4;2020-03-24;-90904
2020-03-23;"Bratislavský kraj";9;0;0;0;NA;345669;9;2020-03-23;-90908
2020-03-22;"Bratislavský kraj";2;0;0;0;NA;345669;2;2020-03-22;-90917
2020-03-21;"Bratislavský kraj";22;0;0;0;NA;345669;22;2020-03-21;-90919
2020-03-20;"Bratislavský kraj";3;0;0;0;NA;345669;3;2020-03-20;-90941
2020-03-19;"Bratislavský kraj";4;0;0;0;NA;345669;4;2020-03-19;-90944
2020-03-18;"Bratislavský kraj";3;0;0;0;NA;345669;3;2020-03-18;-90948
2020-03-17;"Bratislavský kraj";13;0;0;0;NA;345669;13;2020-03-17;-90951
2020-03-16;"Bratislavský kraj";1;0;0;0;NA;345669;1;2020-03-16;-90964
2020-03-15;"Bratislavský kraj";4;0;0;0;NA;345669;4;2020-03-15;-90965
2020-03-14;"Bratislavský kraj";9;0;0;0;NA;345669;9;2020-03-14;-90969
2020-03-13;"Bratislavský kraj";2;0;0;0;NA;345669;2;2020-03-13;-90978
2020-03-12;"Bratislavský kraj";8;0;0;0;NA;345669;8;2020-03-12;-90980
2020-03-11;"Bratislavský kraj";3;0;0;0;NA;345669;3;2020-03-11;-90988
2020-03-09;"Bratislavský kraj";0;0;0;0;NA;345669;0;2020-03-09;-90991
2020-03-08;"Bratislavský kraj";2;0;0;0;NA;345669;2;2020-03-08;-90991
2020-03-07;"Bratislavský kraj";2;0;0;0;NA;345669;2;2020-03-07;-90993
2020-03-06;"Bratislavský kraj";1;0;0;0;NA;345669;1;2020-03-06;-90995
2022-06-15;"Košický kraj";27;122;14;136;236353;347106;41;2022-06-15;347106
2022-06-14;"Košický kraj";19;158;14;172;NA;347106;33;2022-06-14;347065
2022-06-13;"Košický kraj";21;246;16;262;NA;347106;37;2022-06-13;347032
2022-06-12;"Košický kraj";4;47;8;55;NA;347106;12;2022-06-12;346995
2022-06-11;"Košický kraj";13;27;3;30;NA;347106;16;2022-06-11;346983
2022-06-10;"Košický kraj";15;189;17;206;NA;347106;32;2022-06-10;346967
2022-06-09;"Košický kraj";15;123;4;127;NA;347106;19;2022-06-09;346935
2022-06-08;"Košický kraj";21;184;13;197;NA;347106;34;2022-06-08;346916
2022-06-07;"Košický kraj";24;2676;4;2680;NA;347106;28;2022-06-07;346882
2022-06-06;"Košický kraj";15;404;29;433;NA;347106;44;2022-06-06;346854
2022-06-05;"Košický kraj";6;69;3;72;NA;347106;9;2022-06-05;346810
2022-06-04;"Košický kraj";16;39;1;40;NA;347106;17;2022-06-04;346801
2022-06-03;"Košický kraj";14;183;13;196;NA;347106;27;2022-06-03;346784
2022-06-02;"Košický kraj";12;383;18;401;NA;347106;30;2022-06-02;346757
2022-06-01;"Košický kraj";22;283;17;300;NA;347106;39;2022-06-01;346727
2022-05-31;"Košický kraj";28;248;11;259;NA;347106;39;2022-05-31;346688
2022-05-30;"Košický kraj";18;778;25;803;NA;347106;43;2022-05-30;346649
2022-05-29;"Košický kraj";5;74;6;80;NA;347106;11;2022-05-29;346606
2022-05-28;"Košický kraj";10;40;4;44;NA;347106;14;2022-05-28;346595
2022-05-27;"Košický kraj";21;164;7;171;NA;347106;28;2022-05-27;346581
2022-05-26;"Košický kraj";27;219;16;235;NA;347106;43;2022-05-26;346553
2022-05-25;"Košický kraj";40;235;10;245;NA;347106;50;2022-05-25;346510
2022-05-24;"Košický kraj";20;248;12;260;NA;347106;32;2022-05-24;346460
2022-05-23;"Košický kraj";20;721;40;761;NA;347106;60;2022-05-23;346428
2022-05-22;"Košický kraj";2;52;9;61;NA;347106;11;2022-05-22;346368
2022-05-21;"Košický kraj";16;52;4;56;NA;347106;20;2022-05-21;346357
2022-05-20;"Košický kraj";30;237;12;249;NA;347106;42;2022-05-20;346337
2022-05-19;"Košický kraj";35;488;13;501;NA;347106;48;2022-05-19;346295
2022-05-18;"Košický kraj";48;257;11;268;NA;347106;59;2022-05-18;346247
2022-05-17;"Košický kraj";49;361;17;378;NA;347106;66;2022-05-17;346188
2022-05-16;"Košický kraj";22;422;29;451;NA;347106;51;2022-05-16;346122
2022-05-15;"Košický kraj";10;205;21;226;NA;347106;31;2022-05-15;346071
2022-05-14;"Košický kraj";38;181;18;199;NA;347106;56;2022-05-14;346040
2022-05-13;"Košický kraj";63;459;32;491;NA;347106;95;2022-05-13;345984
2022-05-12;"Košický kraj";54;393;25;418;NA;347106;79;2022-05-12;345889
2022-05-11;"Košický kraj";44;602;40;642;NA;347106;84;2022-05-11;345810
2022-05-10;"Košický kraj";47;421;41;462;NA;347106;88;2022-05-10;345726
2022-05-09;"Košický kraj";33;663;59;722;NA;347106;92;2022-05-09;345638
2022-05-08;"Košický kraj";9;230;22;252;NA;347106;31;2022-05-08;345546
2022-05-07;"Košický kraj";36;242;16;258;NA;347106;52;2022-05-07;345515
2022-05-06;"Košický kraj";73;453;42;495;NA;347106;115;2022-05-06;345463
2022-05-05;"Košický kraj";66;571;42;613;NA;347106;108;2022-05-05;345348
2022-05-04;"Košický kraj";56;528;40;568;NA;347106;96;2022-05-04;345240
2022-05-03;"Košický kraj";104;776;46;822;NA;347106;150;2022-05-03;345144
2022-05-02;"Košický kraj";97;1285;106;1391;NA;347106;203;2022-05-02;344994
2022-05-01;"Košický kraj";16;249;34;283;NA;347106;50;2022-05-01;344791
2022-04-30;"Košický kraj";106;308;28;336;NA;347106;134;2022-04-30;344741
2022-04-29;"Košický kraj";124;843;49;892;NA;347106;173;2022-04-29;344607
2022-04-28;"Košický kraj";108;1107;72;1179;NA;347106;180;2022-04-28;344434
2022-04-27;"Košický kraj";184;1266;54;1320;NA;347106;238;2022-04-27;344254
2022-04-26;"Košický kraj";160;1786;78;1864;NA;347106;238;2022-04-26;344016
2022-04-25;"Košický kraj";208;1912;121;2033;NA;347106;329;2022-04-25;343778
2022-04-24;"Košický kraj";43;553;59;612;NA;347106;102;2022-04-24;343449
2022-04-23;"Košický kraj";183;497;46;543;NA;347106;229;2022-04-23;343347
2022-04-22;"Košický kraj";237;1202;80;1282;NA;347106;317;2022-04-22;343118
2022-04-21;"Košický kraj";169;1571;110;1681;NA;347106;279;2022-04-21;342801
2022-04-20;"Košický kraj";331;1796;91;1887;NA;347106;422;2022-04-20;342522
2022-04-19;"Košický kraj";306;2580;181;2761;NA;347106;487;2022-04-19;342100
2022-04-18;"Košický kraj";63;715;60;775;NA;347106;123;2022-04-18;341613
2022-04-17;"Košický kraj";163;305;32;337;NA;347106;195;2022-04-17;341490
2022-04-16;"Košický kraj";129;540;88;628;NA;347106;217;2022-04-16;341295
2022-04-15;"Košický kraj";65;410;25;435;NA;347106;90;2022-04-15;341078
2022-04-14;"Košický kraj";364;1677;106;1783;NA;347106;470;2022-04-14;340988
2022-04-13;"Košický kraj";417;1889;104;1993;NA;347106;521;2022-04-13;340518
2022-04-12;"Košický kraj";254;1713;136;1849;NA;347106;390;2022-04-12;339997
2022-04-11;"Košický kraj";418;2765;184;2949;NA;347106;602;2022-04-11;339607
2022-04-10;"Košický kraj";164;795;66;861;NA;347106;230;2022-04-10;339005
2022-04-09;"Košický kraj";210;623;55;678;NA;347106;265;2022-04-09;338775
2022-04-08;"Košický kraj";373;1705;151;1856;NA;347106;524;2022-04-08;338510
2022-04-07;"Košický kraj";428;2176;173;2349;NA;347106;601;2022-04-07;337986
2022-04-06;"Košický kraj";580;1845;172;2017;NA;347106;752;2022-04-06;337385
2022-04-05;"Košický kraj";721;1818;187;2005;NA;347106;908;2022-04-05;336633
2022-04-04;"Košický kraj";694;3029;326;3355;NA;347106;1020;2022-04-04;335725
2022-04-03;"Košický kraj";208;861;136;997;NA;347106;344;2022-04-03;334705
2022-04-02;"Košický kraj";331;628;86;714;NA;347106;417;2022-04-02;334361
2022-04-01;"Košický kraj";714;1919;227;2146;NA;347106;941;2022-04-01;333944
2022-03-31;"Košický kraj";745;1899;205;2104;NA;347106;950;2022-03-31;333003
2022-03-30;"Košický kraj";1081;2171;241;2412;NA;347106;1322;2022-03-30;332053
2022-03-29;"Košický kraj";683;2337;310;2647;NA;347106;993;2022-03-29;330731
2022-03-28;"Košický kraj";886;3310;435;3745;NA;347106;1321;2022-03-28;329738
2022-03-27;"Košický kraj";355;1168;230;1398;NA;347106;585;2022-03-27;328417
2022-03-26;"Košický kraj";593;940;165;1105;NA;347106;758;2022-03-26;327832
2022-03-25;"Košický kraj";958;1831;316;2147;NA;347106;1274;2022-03-25;327074
2022-03-24;"Košický kraj";998;2433;328;2761;NA;347106;1326;2022-03-24;325800
2022-03-23;"Košický kraj";1143;2615;348;2963;NA;347106;1491;2022-03-23;324474
2022-03-22;"Košický kraj";1508;2766;378;3144;NA;347106;1886;2022-03-22;322983
2022-03-21;"Košický kraj";1241;3484;530;4014;NA;347106;1771;2022-03-21;321097
2022-03-20;"Košický kraj";199;1514;318;1832;NA;347106;517;2022-03-20;319326
2022-03-19;"Košický kraj";952;1133;241;1374;NA;347106;1193;2022-03-19;318809
2022-03-18;"Košický kraj";1382;2278;343;2621;NA;347106;1725;2022-03-18;317616
2022-03-17;"Košický kraj";1181;2717;358;3075;NA;347106;1539;2022-03-17;315891
2022-03-16;"Košický kraj";1631;4800;372;5172;NA;347106;2003;2022-03-16;314352
2022-03-15;"Košický kraj";1591;2889;436;3325;NA;347106;2027;2022-03-15;312349
2022-03-14;"Košický kraj";1424;3479;585;4064;NA;347106;2009;2022-03-14;310322
2022-03-13;"Košický kraj";565;1711;375;2086;NA;347106;940;2022-03-13;308313
2022-03-12;"Košický kraj";1227;1263;218;1481;NA;347106;1445;2022-03-12;307373
2022-03-11;"Košický kraj";1451;2815;513;3328;NA;347106;1964;2022-03-11;305928
2022-03-10;"Košický kraj";990;3158;406;3564;NA;347106;1396;2022-03-10;303964
2022-03-09;"Košický kraj";1545;3322;397;3719;NA;347106;1942;2022-03-09;302568
2022-03-08;"Košický kraj";1487;3633;441;4074;NA;347106;1928;2022-03-08;300626
2022-03-07;"Košický kraj";1347;4968;713;5681;NA;347106;2060;2022-03-07;298698
2022-03-06;"Košický kraj";297;1811;372;2183;NA;347106;669;2022-03-06;296638
2022-03-05;"Košický kraj";874;1317;264;1581;NA;347106;1138;2022-03-05;295969
2022-03-04;"Košický kraj";1255;3130;424;3554;NA;347106;1679;2022-03-04;294831
2022-03-03;"Košický kraj";1111;3543;433;3976;NA;347106;1544;2022-03-03;293152
2022-03-02;"Košický kraj";1458;3437;455;3892;NA;347106;1913;2022-03-02;291608
2022-03-01;"Košický kraj";1723;3720;487;4207;NA;347106;2210;2022-03-01;289695
2022-02-28;"Košický kraj";1345;5497;805;6302;NA;347106;2150;2022-02-28;287485
2022-02-27;"Košický kraj";465;2397;440;2837;NA;347106;905;2022-02-27;285335
2022-02-26;"Košický kraj";979;1348;329;1677;NA;347106;1308;2022-02-26;284430
2022-02-25;"Košický kraj";1691;3274;510;3784;NA;347106;2201;2022-02-25;283122
2022-02-24;"Košický kraj";1988;4033;594;4627;NA;347106;2582;2022-02-24;280921
2022-02-23;"Košický kraj";1787;4151;558;4709;NA;347106;2345;2022-02-23;278339
2022-02-22;"Košický kraj";2649;4695;660;5355;NA;347106;3309;2022-02-22;275994
2022-02-21;"Košický kraj";1646;6499;910;7409;NA;347106;2556;2022-02-21;272685
2022-02-20;"Košický kraj";577;2919;578;3497;NA;347106;1155;2022-02-20;270129
2022-02-19;"Košický kraj";1941;2169;409;2578;NA;347106;2350;2022-02-19;268974
2022-02-18;"Košický kraj";2210;4534;640;5174;NA;347106;2850;2022-02-18;266624
2022-02-17;"Košický kraj";2555;4668;675;5343;NA;347106;3230;2022-02-17;263774
2022-02-16;"Košický kraj";2153;5477;736;6213;NA;347106;2889;2022-02-16;260544
2022-02-15;"Košický kraj";2768;5507;830;6337;NA;347106;3598;2022-02-15;257655
2022-02-14;"Košický kraj";2337;8076;1104;9180;NA;347106;3441;2022-02-14;254057
2022-02-13;"Košický kraj";1235;4248;809;5057;NA;347106;2044;2022-02-13;250616
2022-02-12;"Košický kraj";1728;2014;524;2538;NA;347106;2252;2022-02-12;248572
2022-02-11;"Košický kraj";2665;4797;633;5430;NA;347106;3298;2022-02-11;246320
2022-02-10;"Košický kraj";2135;5323;728;6051;NA;347106;2863;2022-02-10;243022
2022-02-09;"Košický kraj";2067;5940;743;6683;NA;347106;2810;2022-02-09;240159
2022-02-08;"Košický kraj";2993;6143;762;6905;NA;347106;3755;2022-02-08;237349
2022-02-07;"Košický kraj";1939;7973;978;8951;NA;347106;2917;2022-02-07;233594
2022-02-06;"Košický kraj";998;4482;680;5162;NA;347106;1678;2022-02-06;230677
2022-02-05;"Košický kraj";2209;2454;434;2888;NA;347106;2643;2022-02-05;228999
2022-02-04;"Košický kraj";2563;5634;632;6266;NA;347106;3195;2022-02-04;226356
2022-02-03;"Košický kraj";1916;6379;659;7038;NA;347106;2575;2022-02-03;223161
2022-02-02;"Košický kraj";2498;6923;629;7552;NA;347106;3127;2022-02-02;220586
2022-02-01;"Košický kraj";2173;6706;678;7384;NA;347106;2851;2022-02-01;217459
2022-01-31;"Košický kraj";2020;9960;841;10801;NA;347106;2861;2022-01-31;214608
2022-01-30;"Košický kraj";1002;5716;541;6257;NA;347106;1543;2022-01-30;211747
2022-01-29;"Košický kraj";1731;2720;387;3107;NA;347106;2118;2022-01-29;210204
2022-01-28;"Košický kraj";1743;5571;492;6063;NA;347106;2235;2022-01-28;208086
2022-01-27;"Košický kraj";1553;5792;413;6205;NA;347106;1966;2022-01-27;205851
2022-01-26;"Košický kraj";1683;5613;399;6012;NA;347106;2082;2022-01-26;203885
2022-01-25;"Košický kraj";1409;6210;404;6614;NA;347106;1813;2022-01-25;201803
2022-01-24;"Košický kraj";1141;8669;431;9100;NA;347106;1572;2022-01-24;199990
2022-01-23;"Košický kraj";516;5418;287;5705;NA;347106;803;2022-01-23;198418
2022-01-22;"Košický kraj";914;2528;177;2705;NA;347106;1091;2022-01-22;197615
2022-01-21;"Košický kraj";589;5194;227;5421;NA;347106;816;2022-01-21;196524
2022-01-20;"Košický kraj";769;5379;200;5579;NA;347106;969;2022-01-20;195708
2022-01-19;"Košický kraj";629;5329;178;5507;NA;347106;807;2022-01-19;194739
2022-01-18;"Košický kraj";716;5758;140;5898;NA;347106;856;2022-01-18;193932
2022-01-17;"Košický kraj";486;9004;187;9191;NA;347106;673;2022-01-17;193076
2022-01-16;"Košický kraj";51;5264;137;5401;NA;347106;188;2022-01-16;192403
2022-01-15;"Košický kraj";422;2208;69;2277;NA;347106;491;2022-01-15;192215
2022-01-14;"Košický kraj";175;4208;93;4301;NA;347106;268;2022-01-14;191724
2022-01-13;"Košický kraj";165;4919;77;4996;NA;347106;242;2022-01-13;191456
2022-01-12;"Košický kraj";295;4609;78;4687;NA;347106;373;2022-01-12;191214
2022-01-11;"Košický kraj";349;5295;70;5365;NA;347106;419;2022-01-11;190841
2022-01-10;"Košický kraj";290;8254;128;8382;NA;347106;418;2022-01-10;190422
2022-01-09;"Košický kraj";230;5838;86;5924;NA;347106;316;2022-01-09;190004
2022-01-08;"Košický kraj";157;2417;57;2474;NA;347106;214;2022-01-08;189688
2022-01-07;"Košický kraj";388;5017;129;5146;NA;347106;517;2022-01-07;189474
2022-01-06;"Košický kraj";118;1576;55;1631;NA;347106;173;2022-01-06;188957
2022-01-05;"Košický kraj";354;5082;102;5184;NA;347106;456;2022-01-05;188784
2022-01-04;"Košický kraj";450;5273;84;5357;NA;347106;534;2022-01-04;188328
2022-01-03;"Košický kraj";439;7970;140;8110;NA;347106;579;2022-01-03;187794
2022-01-02;"Košický kraj";284;4614;109;4723;NA;347106;393;2022-01-02;187215
2022-01-01;"Košický kraj";28;360;18;378;NA;347106;46;2022-01-01;186822
2021-12-31;"Košický kraj";244;2999;86;3085;NA;347106;330;2021-12-31;186776
2021-12-30;"Košický kraj";802;3949;118;4067;NA;347106;920;2021-12-30;186446
2021-12-29;"Košický kraj";756;4194;111;4305;NA;347106;867;2021-12-29;185526
2021-12-28;"Košický kraj";1018;4450;125;4575;NA;347106;1143;2021-12-28;184659
2021-12-27;"Košický kraj";990;6822;205;7027;NA;347106;1195;2021-12-27;183516
2021-12-26;"Košický kraj";218;2510;115;2625;NA;347106;333;2021-12-26;182321
2021-12-25;"Košický kraj";60;644;43;687;NA;347106;103;2021-12-25;181988
2021-12-24;"Košický kraj";190;1055;50;1105;NA;347106;240;2021-12-24;181885
2021-12-23;"Košický kraj";1288;4479;131;4610;NA;347106;1419;2021-12-23;181645
2021-12-22;"Košický kraj";448;4309;106;4415;NA;347106;554;2021-12-22;180226
2021-12-21;"Košický kraj";1088;6491;138;6629;NA;347106;1226;2021-12-21;179672
2021-12-20;"Košický kraj";928;8630;196;8826;NA;347106;1124;2021-12-20;178446
2021-12-19;"Košický kraj";274;5447;177;5624;NA;347106;451;2021-12-19;177322
2021-12-18;"Košický kraj";828;2555;102;2657;NA;347106;930;2021-12-18;176871
2021-12-17;"Košický kraj";856;4832;145;4977;NA;347106;1001;2021-12-17;175941
2021-12-16;"Košický kraj";952;5845;168;6013;NA;347106;1120;2021-12-16;174940
2021-12-15;"Košický kraj";1016;5956;172;6128;NA;347106;1188;2021-12-15;173820
2021-12-14;"Košický kraj";1914;5789;172;5961;NA;347106;2086;2021-12-14;172632
2021-12-13;"Košický kraj";1358;9657;248;9905;NA;347106;1606;2021-12-13;170546
2021-12-12;"Košický kraj";486;6657;198;6855;NA;347106;684;2021-12-12;168940
2021-12-11;"Košický kraj";1038;2996;134;3130;NA;347106;1172;2021-12-11;168256
2021-12-10;"Košický kraj";1872;5465;185;5650;NA;347106;2057;2021-12-10;167084
2021-12-09;"Košický kraj";1510;5779;198;5977;NA;347106;1708;2021-12-09;165027
2021-12-08;"Košický kraj";2190;6574;275;6849;NA;347106;2465;2021-12-08;163319
2021-12-07;"Košický kraj";2424;6323;267;6590;NA;347106;2691;2021-12-07;160854
2021-12-06;"Košický kraj";1808;10627;313;10940;NA;347106;2121;2021-12-06;158163
2021-12-05;"Košický kraj";808;7756;263;8019;NA;347106;1071;2021-12-05;156042
2021-12-04;"Košický kraj";2014;3097;180;3277;NA;347106;2194;2021-12-04;154971
2021-12-03;"Košický kraj";2676;6065;271;6336;NA;347106;2947;2021-12-03;152777
2021-12-02;"Košický kraj";4418;5654;302;5956;NA;347106;4720;2021-12-02;149830
2021-12-01;"Košický kraj";2032;6483;388;6871;NA;347106;2420;2021-12-01;145110
2021-11-30;"Košický kraj";2250;8173;471;8644;NA;347106;2721;2021-11-30;142690
2021-11-29;"Košický kraj";1986;14057;634;14691;NA;347106;2620;2021-11-29;139969
2021-11-28;"Košický kraj";1944;10211;473;10684;NA;347106;2417;2021-11-28;137349
2021-11-27;"Košický kraj";2206;3566;219;3785;NA;347106;2425;2021-11-27;134932
2021-11-26;"Košický kraj";2790;6059;383;6442;NA;347106;3173;2021-11-26;132507
2021-11-25;"Košický kraj";2746;7016;499;7515;NA;347106;3245;2021-11-25;129334
2021-11-24;"Košický kraj";2388;7067;473;7540;NA;347106;2861;2021-11-24;126089
2021-11-23;"Košický kraj";2356;7185;488;7673;NA;347106;2844;2021-11-23;123228
2021-11-22;"Košický kraj";1722;10709;741;11450;NA;347106;2463;2021-11-22;120384
2021-11-21;"Košický kraj";1970;7394;657;8051;NA;347106;2627;2021-11-21;117921
2021-11-20;"Košický kraj";2166;2859;295;3154;NA;347106;2461;2021-11-20;115294
2021-11-19;"Košický kraj";2156;7543;516;8059;NA;347106;2672;2021-11-19;112833
2021-11-18;"Košický kraj";2122;9410;719;10129;NA;347106;2841;2021-11-18;110161
2021-11-17;"Košický kraj";2638;2824;262;3086;NA;347106;2900;2021-11-17;107320
2021-11-16;"Košický kraj";2968;7135;543;7678;NA;347106;3511;2021-11-16;104420
2021-11-15;"Košický kraj";1804;10812;754;11566;NA;347106;2558;2021-11-15;100909
2021-11-14;"Košický kraj";1430;5756;455;6211;NA;347106;1885;2021-11-14;98351
2021-11-13;"Košický kraj";1738;2686;312;2998;NA;347106;2050;2021-11-13;96466
2021-11-12;"Košický kraj";2264;5616;410;6026;NA;347106;2674;2021-11-12;94416
2021-11-11;"Košický kraj";2070;6139;460;6599;NA;347106;2530;2021-11-11;91742
2021-11-10;"Košický kraj";1866;6633;497;7130;NA;347106;2363;2021-11-10;89212
2021-11-09;"Košický kraj";1934;5540;389;5929;NA;347106;2323;2021-11-09;86849
2021-11-08;"Košický kraj";1402;7838;601;8439;NA;347106;2003;2021-11-08;84526
2021-11-07;"Košický kraj";1382;4578;425;5003;NA;347106;1807;2021-11-07;82523
2021-11-06;"Košický kraj";1992;2276;217;2493;NA;347106;2209;2021-11-06;80716
2021-11-05;"Košický kraj";2058;4905;367;5272;NA;347106;2425;2021-11-05;78507
2021-11-04;"Košický kraj";2000;5354;360;5714;NA;347106;2360;2021-11-04;76082
2021-11-03;"Košický kraj";2102;5749;361;6110;NA;347106;2463;2021-11-03;73722
2021-11-02;"Košický kraj";1830;8775;566;9341;NA;347106;2396;2021-11-02;71259
2021-11-01;"Košický kraj";362;1999;265;2264;NA;347106;627;2021-11-01;68863
2021-10-31;"Košický kraj";770;2337;227;2564;NA;347106;997;2021-10-31;68236
2021-10-30;"Košický kraj";1282;2380;180;2560;NA;347106;1462;2021-10-30;67239
2021-10-29;"Košický kraj";1500;4608;289;4897;NA;347106;1789;2021-10-29;65777
2021-10-28;"Košický kraj";1646;5115;255;5370;NA;347106;1901;2021-10-28;63988
2021-10-27;"Košický kraj";1446;4831;259;5090;NA;347106;1705;2021-10-27;62087
2021-10-26;"Košický kraj";1236;5049;225;5274;NA;347106;1461;2021-10-26;60382
2021-10-25;"Košický kraj";536;6747;292;7039;NA;347106;828;2021-10-25;58921
2021-10-24;"Košický kraj";340;3447;205;3652;NA;347106;545;2021-10-24;58093
2021-10-23;"Košický kraj";794;1953;86;2039;NA;347106;880;2021-10-23;57548
2021-10-22;"Košický kraj";948;4679;130;4809;NA;347106;1078;2021-10-22;56668
2021-10-21;"Košický kraj";1338;5094;172;5266;NA;347106;1510;2021-10-21;55590
2021-10-20;"Košický kraj";796;4963;152;5115;NA;347106;948;2021-10-20;54080
2021-10-19;"Košický kraj";1158;4870;161;5031;NA;347106;1319;2021-10-19;53132
2021-10-18;"Košický kraj";360;7090;171;7261;NA;347106;531;2021-10-18;51813
2021-10-17;"Košický kraj";140;3614;125;3739;NA;347106;265;2021-10-17;51282
2021-10-16;"Košický kraj";624;1839;40;1879;NA;347106;664;2021-10-16;51017
2021-10-15;"Košický kraj";624;4530;77;4607;NA;347106;701;2021-10-15;50353
2021-10-14;"Košický kraj";654;4652;95;4747;NA;347106;749;2021-10-14;49652
2021-10-13;"Košický kraj";336;4168;88;4256;NA;347106;424;2021-10-13;48903
2021-10-12;"Košický kraj";782;4119;75;4194;NA;347106;857;2021-10-12;48479
2021-10-11;"Košický kraj";238;6351;121;6472;NA;347106;359;2021-10-11;47622
2021-10-10;"Košický kraj";208;2921;63;2984;NA;347106;271;2021-10-10;47263
2021-10-09;"Košický kraj";222;1687;43;1730;NA;347106;265;2021-10-09;46992
2021-10-08;"Košický kraj";548;4143;68;4211;NA;347106;616;2021-10-08;46727
2021-10-07;"Košický kraj";554;4399;74;4473;NA;347106;628;2021-10-07;46111
2021-10-06;"Košický kraj";356;4369;89;4458;NA;347106;445;2021-10-06;45483
2021-10-05;"Košický kraj";690;4542;78;4620;NA;347106;768;2021-10-05;45038
2021-10-04;"Košický kraj";244;6094;110;6204;NA;347106;354;2021-10-04;44270
2021-10-03;"Košický kraj";266;3176;74;3250;NA;347106;340;2021-10-03;43916
2021-10-02;"Košický kraj";248;2567;41;2608;NA;347106;289;2021-10-02;43576
2021-10-01;"Košický kraj";362;4251;73;4324;NA;347106;435;2021-10-01;43287
2021-09-30;"Košický kraj";488;4780;71;4851;NA;347106;559;2021-09-30;42852
2021-09-29;"Košický kraj";366;3824;64;3888;NA;347106;430;2021-09-29;42293
2021-09-28;"Košický kraj";606;4339;80;4419;NA;347106;686;2021-09-28;41863
2021-09-27;"Košický kraj";234;6358;77;6435;NA;347106;311;2021-09-27;41177
2021-09-26;"Košický kraj";26;2809;44;2853;NA;347106;70;2021-09-26;40866
2021-09-25;"Košický kraj";324;2521;35;2556;NA;347106;359;2021-09-25;40796
2021-09-24;"Košický kraj";366;4756;43;4799;NA;347106;409;2021-09-24;40437
2021-09-23;"Košický kraj";284;3880;51;3931;NA;347106;335;2021-09-23;40028
2021-09-22;"Košický kraj";302;4436;52;4488;NA;347106;354;2021-09-22;39693
2021-09-21;"Košický kraj";468;4441;44;4485;NA;347106;512;2021-09-21;39339
2021-09-20;"Košický kraj";316;6017;73;6090;NA;347106;389;2021-09-20;38827
2021-09-19;"Košický kraj";30;2487;30;2517;NA;347106;60;2021-09-19;38438
2021-09-18;"Košický kraj";374;2504;24;2528;NA;347106;398;2021-09-18;38378
2021-09-17;"Košický kraj";242;4797;41;4838;NA;347106;283;2021-09-17;37980
2021-09-16;"Košický kraj";456;4503;71;4574;NA;347106;527;2021-09-16;37697
2021-09-15;"Košický kraj";104;989;16;1005;NA;347106;120;2021-09-15;37170
2021-09-14;"Košický kraj";284;3456;47;3503;NA;347106;331;2021-09-14;37050
2021-09-13;"Košický kraj";192;4949;48;4997;NA;347106;240;2021-09-13;36719
2021-09-12;"Košický kraj";28;2003;31;2034;NA;347106;59;2021-09-12;36479
2021-09-11;"Košický kraj";210;2186;19;2205;NA;347106;229;2021-09-11;36420
2021-09-10;"Košický kraj";250;4293;42;4335;NA;347106;292;2021-09-10;36191
2021-09-09;"Košický kraj";230;3226;30;3256;NA;347106;260;2021-09-09;35899
2021-09-08;"Košický kraj";172;2753;36;2789;NA;347106;208;2021-09-08;35639
2021-09-07;"Košický kraj";158;2686;53;2739;NA;347106;211;2021-09-07;35431
2021-09-06;"Košický kraj";82;2786;36;2822;NA;347106;118;2021-09-06;35220
2021-09-05;"Košický kraj";104;1393;18;1411;NA;347106;122;2021-09-05;35102
2021-09-04;"Košický kraj";74;1678;12;1690;NA;347106;86;2021-09-04;34980
2021-09-03;"Košický kraj";94;2913;35;2948;NA;347106;129;2021-09-03;34894
2021-09-02;"Košický kraj";112;2686;26;2712;NA;347106;138;2021-09-02;34765
2021-09-01;"Košický kraj";190;629;13;642;NA;347106;203;2021-09-01;34627
2021-08-31;"Košický kraj";60;2525;22;2547;NA;347106;82;2021-08-31;34424
2021-08-30;"Košický kraj";16;2404;28;2432;NA;347106;44;2021-08-30;34342
2021-08-29;"Košický kraj";32;603;1;604;NA;347106;33;2021-08-29;34298
2021-08-28;"Košický kraj";28;2103;11;2114;NA;347106;39;2021-08-28;34265
2021-08-27;"Košický kraj";44;2908;16;2924;NA;347106;60;2021-08-27;34226
2021-08-26;"Košický kraj";38;2292;13;2305;NA;347106;51;2021-08-26;34166
2021-08-25;"Košický kraj";66;2010;6;2016;NA;347106;72;2021-08-25;34115
2021-08-24;"Košický kraj";28;2337;3;2340;NA;347106;31;2021-08-24;34043
2021-08-23;"Košický kraj";66;2461;5;2466;NA;347106;71;2021-08-23;34012
2021-08-22;"Košický kraj";8;1457;8;1465;NA;347106;16;2021-08-22;33941
2021-08-21;"Košický kraj";70;2134;5;2139;NA;347106;75;2021-08-21;33925
2021-08-20;"Košický kraj";26;3215;5;3220;NA;347106;31;2021-08-20;33850
2021-08-19;"Košický kraj";28;2178;6;2184;NA;347106;34;2021-08-19;33819
2021-08-18;"Košický kraj";60;1827;8;1835;NA;347106;68;2021-08-18;33785
2021-08-17;"Košický kraj";48;1619;3;1622;NA;347106;51;2021-08-17;33717
2021-08-16;"Košický kraj";6;2236;10;2246;NA;347106;16;2021-08-16;33666
2021-08-15;"Košický kraj";2;778;5;783;NA;347106;7;2021-08-15;33650
2021-08-14;"Košický kraj";30;1222;1;1223;NA;347106;31;2021-08-14;33643
2021-08-13;"Košický kraj";28;1928;8;1936;NA;347106;36;2021-08-13;33612
2021-08-12;"Košický kraj";20;1248;3;1251;NA;347106;23;2021-08-12;33576
2021-08-11;"Košický kraj";12;1368;5;1373;NA;347106;17;2021-08-11;33553
2021-08-10;"Košický kraj";20;1352;8;1360;NA;347106;28;2021-08-10;33536
2021-08-09;"Košický kraj";24;1651;3;1654;NA;347106;27;2021-08-09;33508
2021-08-08;"Košický kraj";16;688;1;689;NA;347106;17;2021-08-08;33481
2021-08-07;"Košický kraj";6;1125;3;1128;NA;347106;9;2021-08-07;33464
2021-08-06;"Košický kraj";18;1614;6;1620;NA;347106;24;2021-08-06;33455
2021-08-05;"Košický kraj";52;1254;6;1260;NA;347106;58;2021-08-05;33431
2021-08-04;"Košický kraj";16;1373;5;1378;NA;347106;21;2021-08-04;33373
2021-08-03;"Košický kraj";66;1121;3;1124;NA;347106;69;2021-08-03;33352
2021-08-02;"Košický kraj";12;1702;8;1710;NA;347106;20;2021-08-02;33283
2021-08-01;"Košický kraj";2;662;1;663;NA;347106;3;2021-08-01;33263
2021-07-31;"Košický kraj";34;1153;2;1155;NA;347106;36;2021-07-31;33260
2021-07-30;"Košický kraj";24;1657;7;1664;NA;347106;31;2021-07-30;33224
2021-07-29;"Košický kraj";14;1242;5;1247;NA;347106;19;2021-07-29;33193
2021-07-28;"Košický kraj";30;956;5;961;NA;347106;35;2021-07-28;33174
2021-07-27;"Košický kraj";34;1180;7;1187;NA;347106;41;2021-07-27;33139
2021-07-26;"Košický kraj";6;1666;9;1675;NA;347106;15;2021-07-26;33098
2021-07-25;"Košický kraj";0;719;3;722;NA;347106;3;2021-07-25;33083
2021-07-24;"Košický kraj";36;996;4;1000;NA;347106;40;2021-07-24;33080
2021-07-23;"Košický kraj";18;1524;5;1529;NA;347106;23;2021-07-23;33040
2021-07-22;"Košický kraj";2;1254;4;1258;NA;347106;6;2021-07-22;33017
2021-07-21;"Košický kraj";8;1117;3;1120;NA;347106;11;2021-07-21;33011
2021-07-20;"Košický kraj";12;1355;1;1356;NA;347106;13;2021-07-20;33000
2021-07-19;"Košický kraj";4;1517;2;1519;NA;347106;6;2021-07-19;32987
2021-07-18;"Košický kraj";0;644;0;644;NA;347106;0;2021-07-18;32981
2021-07-17;"Košický kraj";6;1101;5;1106;NA;347106;11;2021-07-17;32981
2021-07-16;"Košický kraj";6;1609;4;1613;NA;347106;10;2021-07-16;32970
2021-07-15;"Košický kraj";8;1383;4;1387;NA;347106;12;2021-07-15;32960
2021-07-14;"Košický kraj";4;1175;4;1179;NA;347106;8;2021-07-14;32948
2021-07-13;"Košický kraj";8;1331;1;1332;NA;347106;9;2021-07-13;32940
2021-07-12;"Košický kraj";6;1894;3;1897;NA;347106;9;2021-07-12;32931
2021-07-11;"Košický kraj";2;537;2;539;NA;347106;4;2021-07-11;32922
2021-07-10;"Košický kraj";18;1167;0;1167;NA;347106;18;2021-07-10;32918
2021-07-09;"Košický kraj";10;2005;5;2010;NA;347106;15;2021-07-09;32900
2021-07-08;"Košický kraj";26;1282;2;1284;NA;347106;28;2021-07-08;32885
2021-07-07;"Košický kraj";12;1524;1;1525;NA;347106;13;2021-07-07;32857
2021-07-06;"Košický kraj";8;1886;2;1888;NA;347106;10;2021-07-06;32844
2021-07-05;"Košický kraj";2;573;1;574;NA;347106;3;2021-07-05;32834
2021-07-04;"Košický kraj";0;482;2;484;NA;347106;2;2021-07-04;32831
2021-07-03;"Košický kraj";4;1227;0;1227;NA;347106;4;2021-07-03;32829
2021-07-02;"Košický kraj";4;1883;3;1886;NA;347106;7;2021-07-02;32825
2021-07-01;"Košický kraj";0;1211;2;1213;NA;347106;2;2021-07-01;32818
2021-06-30;"Košický kraj";10;9306;7;9313;NA;347106;17;2021-06-30;32816
2021-06-29;"Košický kraj";12;5692;7;5699;NA;347106;19;2021-06-29;32799
2021-06-28;"Košický kraj";10;6129;2;6131;NA;347106;12;2021-06-28;32780
2021-06-27;"Košický kraj";16;4636;3;4639;NA;347106;19;2021-06-27;32768
2021-06-26;"Košický kraj";8;5699;14;5713;NA;347106;22;2021-06-26;32749
2021-06-25;"Košický kraj";10;6981;2;6983;NA;347106;12;2021-06-25;32727
2021-06-24;"Košický kraj";2;5072;3;5075;NA;347106;5;2021-06-24;32715
2021-06-23;"Košický kraj";16;5373;3;5376;NA;347106;19;2021-06-23;32710
2021-06-22;"Košický kraj";2;5269;3;5272;NA;347106;5;2021-06-22;32691
2021-06-21;"Košický kraj";10;6830;11;6841;NA;347106;21;2021-06-21;32686
2021-06-20;"Košický kraj";0;4882;6;4888;NA;347106;6;2021-06-20;32665
2021-06-19;"Košický kraj";14;6473;1;6474;NA;347106;15;2021-06-19;32659
2021-06-18;"Košický kraj";8;7969;8;7977;NA;347106;16;2021-06-18;32644
2021-06-17;"Košický kraj";12;6128;3;6131;NA;347106;15;2021-06-17;32628
2021-06-16;"Košický kraj";22;6059;7;6066;NA;347106;29;2021-06-16;32613
2021-06-15;"Košický kraj";24;6301;2;6303;NA;347106;26;2021-06-15;32584
2021-06-14;"Košický kraj";20;7076;9;7085;NA;347106;29;2021-06-14;32558
2021-06-13;"Košický kraj";14;6948;8;6956;NA;347106;22;2021-06-13;32529
2021-06-12;"Košický kraj";14;7485;9;7494;NA;347106;23;2021-06-12;32507
2021-06-11;"Košický kraj";30;8973;6;8979;NA;347106;36;2021-06-11;32484
2021-06-10;"Košický kraj";22;6588;16;6604;NA;347106;38;2021-06-10;32448
2021-06-09;"Košický kraj";74;6056;7;6063;NA;347106;81;2021-06-09;32410
2021-06-08;"Košický kraj";66;7019;13;7032;NA;347106;79;2021-06-08;32329
2021-06-07;"Košický kraj";22;8106;22;8128;NA;347106;44;2021-06-07;32250
2021-06-06;"Košický kraj";2;7843;7;7850;NA;347106;9;2021-06-06;32206
2021-06-05;"Košický kraj";42;9286;3;9289;NA;347106;45;2021-06-05;32197
2021-06-04;"Košický kraj";52;11418;20;11438;NA;347106;72;2021-06-04;32152
2021-06-03;"Košický kraj";46;6467;14;6481;NA;347106;60;2021-06-03;32080
2021-06-02;"Košický kraj";30;7180;24;7204;NA;347106;54;2021-06-02;32020
2021-06-01;"Košický kraj";26;7562;10;7572;NA;347106;36;2021-06-01;31966
2021-05-31;"Košický kraj";26;9256;18;9274;NA;347106;44;2021-05-31;31930
2021-05-30;"Košický kraj";6;11215;10;11225;NA;347106;16;2021-05-30;31886
2021-05-29;"Košický kraj";50;10942;22;10964;NA;347106;72;2021-05-29;31870
2021-05-28;"Košický kraj";34;13055;29;13084;NA;347106;63;2021-05-28;31798
2021-05-27;"Košický kraj";38;7924;26;7950;NA;347106;64;2021-05-27;31735
2021-05-26;"Košický kraj";70;8118;27;8145;NA;347106;97;2021-05-26;31671
2021-05-25;"Košický kraj";66;9296;29;9325;NA;347106;95;2021-05-25;31574
2021-05-24;"Košický kraj";20;10855;27;10882;NA;347106;47;2021-05-24;31479
2021-05-23;"Košický kraj";8;12151;15;12166;NA;347106;23;2021-05-23;31432
2021-05-22;"Košický kraj";54;12601;19;12620;NA;347106;73;2021-05-22;31409
2021-05-21;"Košický kraj";48;14910;27;14937;NA;347106;75;2021-05-21;31336
2021-05-20;"Košický kraj";40;9422;28;9450;NA;347106;68;2021-05-20;31261
2021-05-19;"Košický kraj";60;10421;21;10442;NA;347106;81;2021-05-19;31193
2021-05-18;"Košický kraj";68;10254;36;10290;NA;347106;104;2021-05-18;31112
2021-05-17;"Košický kraj";40;12686;38;12724;NA;347106;78;2021-05-17;31008
2021-05-16;"Košický kraj";74;17865;20;17885;NA;347106;94;2021-05-16;30930
2021-05-15;"Košický kraj";44;25602;28;25630;NA;347106;72;2021-05-15;30836
2021-05-14;"Košický kraj";64;21824;42;21866;NA;347106;106;2021-05-14;30764
2021-05-13;"Košický kraj";78;10172;32;10204;NA;347106;110;2021-05-13;30658
2021-05-12;"Košický kraj";170;10868;33;10901;NA;347106;203;2021-05-12;30548
2021-05-11;"Košický kraj";136;11166;32;11198;NA;347106;168;2021-05-11;30345
2021-05-10;"Košický kraj";50;17044;42;17086;NA;347106;92;2021-05-10;30177
2021-05-09;"Košický kraj";168;25594;55;25649;NA;347106;223;2021-05-09;30085
2021-05-08;"Košický kraj";36;23399;23;23422;NA;347106;59;2021-05-08;29862
2021-05-07;"Košický kraj";102;24497;57;24554;NA;347106;159;2021-05-07;29803
2021-05-06;"Košický kraj";110;11847;43;11890;NA;347106;153;2021-05-06;29644
2021-05-05;"Košický kraj";46;12124;35;12159;NA;347106;81;2021-05-05;29491
2021-05-04;"Košický kraj";286;13562;38;13600;NA;347106;324;2021-05-04;29410
2021-05-03;"Košický kraj";74;16944;68;17012;NA;347106;142;2021-05-03;29086
2021-05-02;"Košický kraj";90;36096;56;36152;NA;347106;146;2021-05-02;28944
2021-05-01;"Košický kraj";108;52075;76;52151;NA;347106;184;2021-05-01;28798
2021-04-30;"Košický kraj";118;44602;94;44696;NA;347106;212;2021-04-30;28614
2021-04-29;"Košický kraj";152;17014;53;17067;NA;347106;205;2021-04-29;28402
2021-04-28;"Košický kraj";198;17970;52;18022;NA;347106;250;2021-04-28;28197
2021-04-27;"Košický kraj";216;20670;43;20713;NA;347106;259;2021-04-27;27947
2021-04-26;"Košický kraj";78;25915;96;26011;NA;347106;174;2021-04-26;27688
2021-04-25;"Košický kraj";46;48355;57;48412;NA;347106;103;2021-04-25;27514
2021-04-24;"Košický kraj";136;90124;114;90238;NA;347106;250;2021-04-24;27411
2021-04-23;"Košický kraj";220;41232;72;41304;NA;347106;292;2021-04-23;27161
2021-04-22;"Košický kraj";112;16772;44;16816;NA;347106;156;2021-04-22;26869
2021-04-21;"Košický kraj";228;19519;61;19580;NA;347106;289;2021-04-21;26713
2021-04-20;"Košický kraj";162;25432;63;25495;NA;347106;225;2021-04-20;26424
2021-04-19;"Košický kraj";186;29950;108;30058;NA;347106;294;2021-04-19;26199
2021-04-18;"Košický kraj";20;48913;82;48995;NA;347106;102;2021-04-18;25905
2021-04-17;"Košický kraj";374;83856;103;83959;NA;347106;477;2021-04-17;25803
2021-04-16;"Košický kraj";166;41568;127;41695;NA;347106;293;2021-04-16;25326
2021-04-15;"Košický kraj";208;18522;93;18615;NA;347106;301;2021-04-15;25033
2021-04-14;"Košický kraj";238;20089;64;20153;NA;347106;302;2021-04-14;24732
2021-04-13;"Košický kraj";162;23175;120;23295;NA;347106;282;2021-04-13;24430
2021-04-12;"Košický kraj";258;26573;124;26697;NA;347106;382;2021-04-12;24148
2021-04-11;"Košický kraj";58;46949;80;47029;NA;347106;138;2021-04-11;23766
2021-04-10;"Košický kraj";276;100114;183;100297;NA;347106;459;2021-04-10;23628
2021-04-09;"Košický kraj";336;35206;133;35339;NA;347106;469;2021-04-09;23169
2021-04-08;"Košický kraj";162;18530;90;18620;NA;347106;252;2021-04-08;22700
2021-04-07;"Košický kraj";464;28027;194;28221;NA;347106;658;2021-04-07;22448
2021-04-06;"Košický kraj";242;36495;164;36659;NA;347106;406;2021-04-06;21790
2021-04-05;"Košický kraj";38;14361;66;14427;NA;347106;104;2021-04-05;21384
2021-04-04;"Košický kraj";66;15089;66;15155;NA;347106;132;2021-04-04;21280
2021-04-03;"Košický kraj";276;97664;241;97905;NA;347106;517;2021-04-03;21148
2021-04-02;"Košický kraj";256;24515;76;24591;NA;347106;332;2021-04-02;20631
2021-04-01;"Košický kraj";330;46151;156;46307;NA;347106;486;2021-04-01;20299
2021-03-31;"Košický kraj";320;29659;124;29783;NA;347106;444;2021-03-31;19813
2021-03-30;"Košický kraj";458;24038;163;24201;NA;347106;621;2021-03-30;19369
2021-03-29;"Košický kraj";156;28843;194;29037;NA;347106;350;2021-03-29;18748
2021-03-28;"Košický kraj";78;44263;128;44391;NA;347106;206;2021-03-28;18398
2021-03-27;"Košický kraj";444;96602;265;96867;NA;347106;709;2021-03-27;18192
2021-03-26;"Košický kraj";466;45252;202;45454;NA;347106;668;2021-03-26;17483
2021-03-25;"Košický kraj";266;23804;175;23979;NA;347106;441;2021-03-25;16815
2021-03-24;"Košický kraj";330;20696;155;20851;NA;347106;485;2021-03-24;16374
2021-03-23;"Košický kraj";404;22434;192;22626;NA;347106;596;2021-03-23;15889
2021-03-22;"Košický kraj";338;26890;228;27118;NA;347106;566;2021-03-22;15293
2021-03-21;"Košický kraj";218;46746;167;46913;NA;347106;385;2021-03-21;14727
2021-03-20;"Košický kraj";252;101334;311;101645;NA;347106;563;2021-03-20;14342
2021-03-19;"Košický kraj";410;45632;260;45892;NA;347106;670;2021-03-19;13779
2021-03-18;"Košický kraj";548;23827;212;24039;NA;347106;760;2021-03-18;13109
2021-03-17;"Košický kraj";354;21548;195;21743;NA;347106;549;2021-03-17;12349
2021-03-16;"Košický kraj";772;23454;226;23680;NA;347106;998;2021-03-16;11800
2021-03-15;"Košický kraj";346;27900;297;28197;NA;347106;643;2021-03-15;10802
2021-03-14;"Košický kraj";290;44354;220;44574;NA;347106;510;2021-03-14;10159
2021-03-13;"Košický kraj";292;103790;483;104273;NA;347106;775;2021-03-13;9649
2021-03-12;"Košický kraj";732;47871;321;48192;NA;347106;1053;2021-03-12;8874
2021-03-11;"Košický kraj";792;23229;263;23492;NA;347106;1055;2021-03-11;7821
2021-03-10;"Košický kraj";242;22205;269;22474;NA;347106;511;2021-03-10;6766
2021-03-09;"Košický kraj";1352;24509;300;24809;NA;347106;1652;2021-03-09;6255
2021-03-08;"Košický kraj";1118;29852;344;30196;NA;347106;1462;2021-03-08;4603
2021-03-07;"Košický kraj";90;44230;299;44529;NA;347106;389;2021-03-07;3141
2021-03-06;"Košický kraj";354;105598;532;106130;NA;347106;886;2021-03-06;2752
2021-03-05;"Košický kraj";878;45567;424;45991;NA;347106;1302;2021-03-05;1866
2021-03-04;"Košický kraj";834;23862;320;24182;NA;347106;1154;2021-03-04;564
2021-03-03;"Košický kraj";780;23169;298;23467;NA;347106;1078;2021-03-03;-590
2021-03-02;"Košický kraj";928;24158;368;24526;NA;347106;1296;2021-03-02;-1668
2021-03-01;"Košický kraj";778;30013;514;30527;NA;347106;1292;2021-03-01;-2964
2021-02-28;"Košický kraj";530;43053;334;43387;NA;347106;864;2021-02-28;-4256
2021-02-27;"Košický kraj";602;100559;784;101343;NA;347106;1386;2021-02-27;-5120
2021-02-26;"Košický kraj";880;45466;492;45958;NA;347106;1372;2021-02-26;-6506
2021-02-25;"Košický kraj";662;19872;342;20214;NA;347106;1004;2021-02-25;-7878
2021-02-24;"Košický kraj";526;18751;505;19256;NA;347106;1031;2021-02-24;-8882
2021-02-23;"Košický kraj";1284;21605;341;21946;NA;347106;1625;2021-02-23;-9913
2021-02-22;"Košický kraj";724;30858;434;31292;NA;347106;1158;2021-02-22;-11538
2021-02-21;"Košický kraj";340;40464;385;40849;NA;347106;725;2021-02-21;-12696
2021-02-20;"Košický kraj";566;92550;770;93320;NA;347106;1336;2021-02-20;-13421
2021-02-19;"Košický kraj";1014;41579;583;42162;NA;347106;1597;2021-02-19;-14757
2021-02-18;"Košický kraj";794;18442;345;18787;NA;347106;1139;2021-02-18;-16354
2021-02-17;"Košický kraj";644;18080;387;18467;NA;347106;1031;2021-02-17;-17493
2021-02-16;"Košický kraj";1200;22111;463;22574;NA;347106;1663;2021-02-16;-18524
2021-02-15;"Košický kraj";432;27633;419;28052;NA;347106;851;2021-02-15;-20187
2021-02-14;"Košický kraj";482;56743;524;57267;NA;347106;1006;2021-02-14;-21038
2021-02-13;"Košický kraj";412;93745;765;94510;NA;347106;1177;2021-02-13;-22044
2021-02-12;"Košický kraj";896;49924;611;50535;NA;347106;1507;2021-02-12;-23221
2021-02-11;"Košický kraj";870;14524;323;14847;NA;347106;1193;2021-02-11;-24728
2021-02-10;"Košický kraj";720;18475;431;18906;NA;347106;1151;2021-02-10;-25921
2021-02-09;"Košický kraj";1088;24841;463;25304;NA;347106;1551;2021-02-09;-27072
2021-02-08;"Košický kraj";474;24836;392;25228;NA;347106;866;2021-02-08;-28623
2021-02-07;"Košický kraj";416;56897;612;57509;NA;347106;1028;2021-02-07;-29489
2021-02-06;"Košický kraj";636;104357;884;105241;NA;347106;1520;2021-02-06;-30517
2021-02-05;"Košický kraj";768;43186;494;43680;NA;347106;1262;2021-02-05;-32037
2021-02-04;"Košický kraj";782;14512;371;14883;NA;347106;1153;2021-02-04;-33299
2021-02-03;"Košický kraj";592;12599;339;12938;NA;347106;931;2021-02-03;-34452
2021-02-02;"Košický kraj";946;43883;1212;45095;NA;347106;2158;2021-02-02;-35383
2021-02-01;"Košický kraj";830;21984;362;22346;NA;347106;1192;2021-02-01;-37541
2021-01-31;"Košický kraj";284;54690;617;55307;NA;347106;901;2021-01-31;-38733
2021-01-30;"Košický kraj";640;76722;661;77383;NA;347106;1301;2021-01-30;-39634
2021-01-29;"Košický kraj";622;37164;466;37630;NA;347106;1088;2021-01-29;-40935
2021-01-28;"Košický kraj";1080;9006;244;9250;NA;347106;1324;2021-01-28;-42023
2021-01-27;"Košický kraj";530;7575;211;7786;NA;347106;741;2021-01-27;-43347
2021-01-26;"Košický kraj";1060;14210;245;14455;NA;347106;1305;2021-01-26;-44088
2021-01-25;"Košický kraj";452;26431;413;26844;NA;347106;865;2021-01-25;-45393
2021-01-24;"Košický kraj";300;44419;581;45000;NA;347106;881;2021-01-24;-46258
2021-01-23;"Košický kraj";464;82705;857;83562;NA;347106;1321;2021-01-23;-47139
2021-01-22;"Košický kraj";632;19997;265;20262;NA;347106;897;2021-01-22;-48460
2021-01-21;"Košický kraj";548;14053;159;14212;NA;347106;707;2021-01-21;-49357
2021-01-20;"Košický kraj";748;10844;201;11045;NA;347106;949;2021-01-20;-50064
2021-01-19;"Košický kraj";496;9717;181;9898;NA;347106;677;2021-01-19;-51013
2021-01-18;"Košický kraj";666;7659;262;7921;NA;347106;928;2021-01-18;-51690
2021-01-17;"Košický kraj";310;535;14;549;NA;347106;324;2021-01-17;-52618
2021-01-16;"Košický kraj";306;1403;47;1450;NA;347106;353;2021-01-16;-52942
2021-01-15;"Košický kraj";616;6443;213;6656;NA;347106;829;2021-01-15;-53295
2021-01-14;"Košický kraj";716;5471;221;5692;NA;347106;937;2021-01-14;-54124
2021-01-13;"Košický kraj";842;4897;226;5123;NA;347106;1068;2021-01-13;-55061
2021-01-12;"Košický kraj";964;6473;237;6710;NA;347106;1201;2021-01-12;-56129
2021-01-11;"Košický kraj";618;7553;286;7839;NA;347106;904;2021-01-11;-57330
2021-01-10;"Košický kraj";386;136;6;142;NA;347106;392;2021-01-10;-58234
2021-01-09;"Košický kraj";938;1134;45;1179;NA;347106;983;2021-01-09;-58626
2021-01-08;"Košický kraj";1102;7106;348;7454;NA;347106;1450;2021-01-08;-59609
2021-01-07;"Košický kraj";502;5853;398;6251;NA;347106;900;2021-01-07;-61059
2021-01-06;"Košický kraj";884;429;33;462;NA;347106;917;2021-01-06;-61959
2021-01-05;"Košický kraj";1168;7633;527;8160;NA;347106;1695;2021-01-05;-62876
2021-01-04;"Košický kraj";814;6479;660;7139;NA;347106;1474;2021-01-04;-64571
2021-01-03;"Košický kraj";236;661;22;683;NA;347106;258;2021-01-03;-66045
2021-01-02;"Košický kraj";176;440;52;492;NA;347106;228;2021-01-02;-66303
2021-01-01;"Košický kraj";796;725;49;774;NA;347106;845;2021-01-01;-66531
2020-12-31;"Košický kraj";1250;7509;453;7962;NA;347106;1703;2020-12-31;-67376
2020-12-30;"Košický kraj";1180;6076;395;6471;NA;347106;1575;2020-12-30;-69079
2020-12-29;"Košický kraj";838;7454;596;8050;NA;347106;1434;2020-12-29;-70654
2020-12-28;"Košický kraj";712;7933;756;8689;NA;347106;1468;2020-12-28;-72088
2020-12-27;"Košický kraj";318;147;16;163;NA;347106;334;2020-12-27;-73556
2020-12-26;"Košický kraj";326;274;23;297;NA;347106;349;2020-12-26;-73890
2020-12-25;"Košický kraj";474;140;10;150;NA;347106;484;2020-12-25;-74239
2020-12-24;"Košický kraj";1128;1470;90;1560;NA;347106;1218;2020-12-24;-74723
2020-12-23;"Košický kraj";608;7339;327;7666;NA;347106;935;2020-12-23;-75941
2020-12-22;"Košický kraj";876;7284;429;7713;NA;347106;1305;2020-12-22;-76876
2020-12-21;"Košický kraj";810;6703;504;7207;NA;347106;1314;2020-12-21;-78181
2020-12-20;"Košický kraj";430;73;11;84;NA;347106;441;2020-12-20;-79495
2020-12-19;"Košický kraj";414;1309;63;1372;NA;347106;477;2020-12-19;-79936
2020-12-18;"Košický kraj";620;7707;292;7999;NA;347106;912;2020-12-18;-80413
2020-12-17;"Košický kraj";926;5101;253;5354;NA;347106;1179;2020-12-17;-81325
2020-12-16;"Košický kraj";910;5725;295;6020;NA;347106;1205;2020-12-16;-82504
2020-12-15;"Košický kraj";638;4787;327;5114;NA;347106;965;2020-12-15;-83709
2020-12-14;"Košický kraj";512;2905;225;3130;NA;347106;737;2020-12-14;-84674
2020-12-13;"Košický kraj";94;181;2;183;NA;347106;96;2020-12-13;-85411
2020-12-12;"Košický kraj";738;1587;118;1705;NA;347106;856;2020-12-12;-85507
2020-12-11;"Košický kraj";708;5328;256;5584;NA;347106;964;2020-12-11;-86363
2020-12-10;"Košický kraj";380;3987;174;4161;NA;347106;554;2020-12-10;-87327
2020-12-09;"Košický kraj";279;3786;166;3952;NA;347106;445;2020-12-09;-87881
2020-12-08;"Košický kraj";226;4105;355;4460;NA;347106;581;2020-12-08;-88326
2020-12-07;"Košický kraj";270;2383;106;2489;NA;347106;376;2020-12-07;-88907
2020-12-06;"Košický kraj";121;482;33;515;NA;347106;154;2020-12-06;-89283
2020-12-05;"Košický kraj";90;1096;48;1144;NA;347106;138;2020-12-05;-89437
2020-12-04;"Košický kraj";224;2680;82;2762;NA;347106;306;2020-12-04;-89575
2020-12-03;"Košický kraj";211;7717;173;7890;NA;347106;384;2020-12-03;-89881
2020-12-02;"Košický kraj";193;8132;496;8628;NA;347106;689;2020-12-02;-90265
2020-12-01;"Košický kraj";178;2237;124;2361;NA;347106;302;2020-12-01;-90954
2020-11-30;"Košický kraj";171;3598;59;3657;NA;347106;230;2020-11-30;-91256
2020-11-29;"Košický kraj";31;325;17;342;NA;347106;48;2020-11-29;-91486
2020-11-28;"Košický kraj";69;721;52;773;NA;347106;121;2020-11-28;-91534
2020-11-27;"Košický kraj";149;2921;78;2999;NA;347106;227;2020-11-27;-91655
2020-11-26;"Košický kraj";239;1234;60;1294;NA;347106;299;2020-11-26;-91882
2020-11-25;"Košický kraj";237;1785;123;1908;NA;347106;360;2020-11-25;-92181
2020-11-24;"Košický kraj";196;1976;67;2043;NA;347106;263;2020-11-24;-92541
2020-11-23;"Košický kraj";51;4115;63;4178;NA;347106;114;2020-11-23;-92804
2020-11-22;"Košický kraj";57;57;5;62;NA;347106;62;2020-11-22;-92918
2020-11-21;"Košický kraj";87;858;36;894;NA;347106;123;2020-11-21;-92980
2020-11-20;"Košický kraj";176;3084;49;3133;NA;347106;225;2020-11-20;-93103
2020-11-19;"Košický kraj";206;1736;48;1784;NA;347106;254;2020-11-19;-93328
2020-11-18;"Košický kraj";122;532;17;549;NA;347106;139;2020-11-18;-93582
2020-11-17;"Košický kraj";152;82;9;91;NA;347106;161;2020-11-17;-93721
2020-11-16;"Košický kraj";114;596;27;623;NA;347106;141;2020-11-16;-93882
2020-11-15;"Košický kraj";15;338;7;345;NA;347106;22;2020-11-15;-94023
2020-11-14;"Košický kraj";234;520;12;532;NA;347106;246;2020-11-14;-94045
2020-11-13;"Košický kraj";207;664;29;693;NA;347106;236;2020-11-13;-94291
2020-11-12;"Košický kraj";192;736;13;749;NA;347106;205;2020-11-12;-94527
2020-11-11;"Košický kraj";301;593;7;600;NA;347106;308;2020-11-11;-94732
2020-11-10;"Košický kraj";190;541;11;552;NA;347106;201;2020-11-10;-95040
2020-11-09;"Košický kraj";129;380;17;397;NA;347106;146;2020-11-09;-95241
2020-11-08;"Košický kraj";78;1306;8;1314;NA;347106;86;2020-11-08;-95387
2020-11-07;"Košický kraj";192;3909;22;3931;NA;347106;214;2020-11-07;-95473
2020-11-06;"Košický kraj";195;5310;34;5344;NA;347106;229;2020-11-06;-95687
2020-11-05;"Košický kraj";342;330;31;361;NA;347106;373;2020-11-05;-95916
2020-11-04;"Košický kraj";101;154;6;160;NA;347106;107;2020-11-04;-96289
2020-11-03;"Košický kraj";358;1122;13;1135;NA;347106;371;2020-11-03;-96396
2020-11-02;"Košický kraj";111;6125;56;6181;NA;347106;167;2020-11-02;-96767
2020-11-01;"Košický kraj";346;6522;34;6556;NA;347106;380;2020-11-01;-96934
2020-10-31;"Košický kraj";82;14035;106;14141;NA;347106;188;2020-10-31;-97314
2020-10-30;"Košický kraj";379;2835;27;2862;NA;347106;406;2020-10-30;-97502
2020-10-29;"Košický kraj";333;983;13;996;NA;347106;346;2020-10-29;-97908
2020-10-28;"Košický kraj";224;305;13;318;NA;347106;237;2020-10-28;-98254
2020-10-27;"Košický kraj";386;439;21;460;NA;347106;407;2020-10-27;-98491
2020-10-26;"Košický kraj";56;212;12;224;NA;347106;68;2020-10-26;-98898
2020-10-25;"Košický kraj";154;79;2;81;NA;347106;156;2020-10-25;-98966
2020-10-24;"Košický kraj";313;118;16;134;NA;347106;329;2020-10-24;-99122
2020-10-23;"Košický kraj";315;331;8;339;NA;347106;323;2020-10-23;-99451
2020-10-22;"Košický kraj";349;530;16;546;NA;347106;365;2020-10-22;-99774
2020-10-21;"Košický kraj";129;84;2;86;NA;347106;131;2020-10-21;-100139
2020-10-20;"Košický kraj";181;14;1;15;NA;347106;182;2020-10-20;-100270
2020-10-19;"Košický kraj";64;38;1;39;NA;347106;65;2020-10-19;-100452
2020-10-18;"Košický kraj";158;0;0;0;NA;347106;158;2020-10-18;-100517
2020-10-17;"Košický kraj";142;0;0;0;NA;347106;142;2020-10-17;-100675
2020-10-16;"Košický kraj";206;19;0;19;NA;347106;206;2020-10-16;-100817
2020-10-15;"Košický kraj";177;19;5;24;NA;347106;182;2020-10-15;-101023
2020-10-14;"Košický kraj";211;8;0;8;NA;347106;211;2020-10-14;-101205
2020-10-13;"Košický kraj";179;80;3;83;NA;347106;182;2020-10-13;-101416
2020-10-12;"Košický kraj";74;0;0;0;NA;347106;74;2020-10-12;-101598
2020-10-11;"Košický kraj";121;0;0;0;NA;347106;121;2020-10-11;-101672
2020-10-10;"Košický kraj";70;0;0;0;NA;347106;70;2020-10-10;-101793
2020-10-09;"Košický kraj";188;0;0;0;NA;347106;188;2020-10-09;-101863
2020-10-08;"Košický kraj";102;0;0;0;NA;347106;102;2020-10-08;-102051
2020-10-07;"Košický kraj";158;0;0;0;NA;347106;158;2020-10-07;-102153
2020-10-06;"Košický kraj";70;0;0;0;NA;347106;70;2020-10-06;-102311
2020-10-05;"Košický kraj";39;0;0;0;NA;347106;39;2020-10-05;-102381
2020-10-04;"Košický kraj";45;0;0;0;NA;347106;45;2020-10-04;-102420
2020-10-03;"Košický kraj";105;0;0;0;NA;347106;105;2020-10-03;-102465
2020-10-02;"Košický kraj";57;0;0;0;NA;347106;57;2020-10-02;-102570
2020-10-01;"Košický kraj";69;0;0;0;NA;347106;69;2020-10-01;-102627
2020-09-30;"Košický kraj";95;0;0;0;NA;347106;95;2020-09-30;-102696
2020-09-29;"Košický kraj";75;0;0;0;NA;347106;75;2020-09-29;-102791
2020-09-28;"Košický kraj";19;0;0;0;NA;347106;19;2020-09-28;-102866
2020-09-27;"Košický kraj";21;0;0;0;NA;347106;21;2020-09-27;-102885
2020-09-26;"Košický kraj";53;0;0;0;NA;347106;53;2020-09-26;-102906
2020-09-25;"Košický kraj";72;0;0;0;NA;347106;72;2020-09-25;-102959
2020-09-24;"Košický kraj";35;0;0;0;NA;347106;35;2020-09-24;-103031
2020-09-23;"Košický kraj";23;0;0;0;NA;347106;23;2020-09-23;-103066
2020-09-22;"Košický kraj";39;0;0;0;NA;347106;39;2020-09-22;-103089
2020-09-21;"Košický kraj";5;0;0;0;NA;347106;5;2020-09-21;-103128
2020-09-20;"Košický kraj";3;0;0;0;NA;347106;3;2020-09-20;-103133
2020-09-19;"Košický kraj";13;0;0;0;NA;347106;13;2020-09-19;-103136
2020-09-18;"Košický kraj";20;0;0;0;NA;347106;20;2020-09-18;-103149
2020-09-17;"Košický kraj";22;0;0;0;NA;347106;22;2020-09-17;-103169
2020-09-16;"Košický kraj";12;0;0;0;NA;347106;12;2020-09-16;-103191
2020-09-15;"Košický kraj";10;0;0;0;NA;347106;10;2020-09-15;-103203
2020-09-14;"Košický kraj";6;0;0;0;NA;347106;6;2020-09-14;-103213
2020-09-13;"Košický kraj";3;0;0;0;NA;347106;3;2020-09-13;-103219
2020-09-12;"Košický kraj";16;0;0;0;NA;347106;16;2020-09-12;-103222
2020-09-11;"Košický kraj";20;0;0;0;NA;347106;20;2020-09-11;-103238
2020-09-10;"Košický kraj";11;0;0;0;NA;347106;11;2020-09-10;-103258
2020-09-09;"Košický kraj";37;0;0;0;NA;347106;37;2020-09-09;-103269
2020-09-08;"Košický kraj";10;0;0;0;NA;347106;10;2020-09-08;-103306
2020-09-07;"Košický kraj";4;0;0;0;NA;347106;4;2020-09-07;-103316
2020-09-06;"Košický kraj";2;0;0;0;NA;347106;2;2020-09-06;-103320
2020-09-05;"Košický kraj";10;0;0;0;NA;347106;10;2020-09-05;-103322
2020-09-04;"Košický kraj";14;0;0;0;NA;347106;14;2020-09-04;-103332
2020-09-03;"Košický kraj";22;0;0;0;NA;347106;22;2020-09-03;-103346
2020-09-02;"Košický kraj";13;0;0;0;NA;347106;13;2020-09-02;-103368
2020-09-01;"Košický kraj";21;0;0;0;NA;347106;21;2020-09-01;-103381
2020-08-31;"Košický kraj";9;0;0;0;NA;347106;9;2020-08-31;-103402
2020-08-30;"Košický kraj";21;0;0;0;NA;347106;21;2020-08-30;-103411
2020-08-29;"Košický kraj";1;0;0;0;NA;347106;1;2020-08-29;-103432
2020-08-28;"Košický kraj";19;0;0;0;NA;347106;19;2020-08-28;-103433
2020-08-27;"Košický kraj";15;0;0;0;NA;347106;15;2020-08-27;-103452
2020-08-26;"Košický kraj";8;0;0;0;NA;347106;8;2020-08-26;-103467
2020-08-25;"Košický kraj";23;0;0;0;NA;347106;23;2020-08-25;-103475
2020-08-24;"Košický kraj";6;0;0;0;NA;347106;6;2020-08-24;-103498
2020-08-23;"Košický kraj";8;0;0;0;NA;347106;8;2020-08-23;-103504
2020-08-22;"Košický kraj";13;0;0;0;NA;347106;13;2020-08-22;-103512
2020-08-21;"Košický kraj";10;0;0;0;NA;347106;10;2020-08-21;-103525
2020-08-20;"Košický kraj";10;0;0;0;NA;347106;10;2020-08-20;-103535
2020-08-19;"Košický kraj";3;0;0;0;NA;347106;3;2020-08-19;-103545
2020-08-18;"Košický kraj";7;0;0;0;NA;347106;7;2020-08-18;-103548
2020-08-17;"Košický kraj";2;0;0;0;NA;347106;2;2020-08-17;-103555
2020-08-16;"Košický kraj";2;0;0;0;NA;347106;2;2020-08-16;-103557
2020-08-15;"Košický kraj";3;0;0;0;NA;347106;3;2020-08-15;-103559
2020-08-14;"Košický kraj";1;0;0;0;NA;347106;1;2020-08-14;-103562
2020-08-13;"Košický kraj";3;0;0;0;NA;347106;3;2020-08-13;-103563
2020-08-12;"Košický kraj";12;0;0;0;NA;347106;12;2020-08-12;-103566
2020-08-11;"Košický kraj";5;0;0;0;NA;347106;5;2020-08-11;-103578
2020-08-10;"Košický kraj";1;0;0;0;NA;347106;1;2020-08-10;-103583
2020-08-09;"Košický kraj";0;0;0;0;NA;347106;0;2020-08-09;-103584
2020-08-08;"Košický kraj";5;0;0;0;NA;347106;5;2020-08-08;-103584
2020-08-07;"Košický kraj";7;0;0;0;NA;347106;7;2020-08-07;-103589
2020-08-06;"Košický kraj";3;0;0;0;NA;347106;3;2020-08-06;-103596
2020-08-05;"Košický kraj";4;0;0;0;NA;347106;4;2020-08-05;-103599
2020-08-04;"Košický kraj";1;0;0;0;NA;347106;1;2020-08-04;-103603
2020-08-03;"Košický kraj";1;0;0;0;NA;347106;1;2020-08-03;-103604
2020-08-02;"Košický kraj";0;0;0;0;NA;347106;0;2020-08-02;-103605
2020-08-01;"Košický kraj";0;0;0;0;NA;347106;0;2020-08-01;-103605
2020-07-31;"Košický kraj";0;0;0;0;NA;347106;0;2020-07-31;-103605
2020-07-30;"Košický kraj";2;0;0;0;NA;347106;2;2020-07-30;-103605
2020-07-29;"Košický kraj";1;0;0;0;NA;347106;1;2020-07-29;-103607
2020-07-28;"Košický kraj";9;0;0;0;NA;347106;9;2020-07-28;-103608
2020-07-27;"Košický kraj";4;0;0;0;NA;347106;4;2020-07-27;-103617
2020-07-26;"Košický kraj";0;0;0;0;NA;347106;0;2020-07-26;-103621
2020-07-25;"Košický kraj";2;0;0;0;NA;347106;2;2020-07-25;-103621
2020-07-24;"Košický kraj";2;0;0;0;NA;347106;2;2020-07-24;-103623
2020-07-23;"Košický kraj";1;0;0;0;NA;347106;1;2020-07-23;-103625
2020-07-22;"Košický kraj";1;0;0;0;NA;347106;1;2020-07-22;-103626
2020-07-21;"Košický kraj";0;0;0;0;NA;347106;0;2020-07-21;-103627
2020-07-20;"Košický kraj";0;0;0;0;NA;347106;0;2020-07-20;-103627
2020-07-19;"Košický kraj";0;0;0;0;NA;347106;0;2020-07-19;-103627
2020-07-18;"Košický kraj";1;0;0;0;NA;347106;1;2020-07-18;-103627
2020-07-17;"Košický kraj";1;0;0;0;NA;347106;1;2020-07-17;-103628
2020-07-16;"Košický kraj";0;0;0;0;NA;347106;0;2020-07-16;-103629
2020-07-15;"Košický kraj";2;0;0;0;NA;347106;2;2020-07-15;-103629
2020-07-14;"Košický kraj";1;0;0;0;NA;347106;1;2020-07-14;-103631
2020-07-13;"Košický kraj";1;0;0;0;NA;347106;1;2020-07-13;-103632
2020-07-12;"Košický kraj";0;0;0;0;NA;347106;0;2020-07-12;-103633
2020-07-11;"Košický kraj";0;0;0;0;NA;347106;0;2020-07-11;-103633
2020-07-10;"Košický kraj";1;0;0;0;NA;347106;1;2020-07-10;-103633
2020-07-09;"Košický kraj";1;0;0;0;NA;347106;1;2020-07-09;-103634
2020-07-08;"Košický kraj";12;0;0;0;NA;347106;12;2020-07-08;-103635
2020-07-07;"Košický kraj";0;0;0;0;NA;347106;0;2020-07-07;-103647
2020-07-06;"Košický kraj";0;0;0;0;NA;347106;0;2020-07-06;-103647
2020-07-05;"Košický kraj";0;0;0;0;NA;347106;0;2020-07-05;-103647
2020-07-04;"Košický kraj";0;0;0;0;NA;347106;0;2020-07-04;-103647
2020-07-03;"Košický kraj";1;0;0;0;NA;347106;1;2020-07-03;-103647
2020-07-02;"Košický kraj";0;0;0;0;NA;347106;0;2020-07-02;-103648
2020-07-01;"Košický kraj";1;0;0;0;NA;347106;1;2020-07-01;-103648
2020-06-30;"Košický kraj";0;0;0;0;NA;347106;0;2020-06-30;-103649
2020-06-29;"Košický kraj";0;0;0;0;NA;347106;0;2020-06-29;-103649
2020-06-28;"Košický kraj";0;0;0;0;NA;347106;0;2020-06-28;-103649
2020-06-27;"Košický kraj";0;0;0;0;NA;347106;0;2020-06-27;-103649
2020-06-26;"Košický kraj";0;0;0;0;NA;347106;0;2020-06-26;-103649
2020-06-25;"Košický kraj";3;0;0;0;NA;347106;3;2020-06-25;-103649
2020-06-24;"Košický kraj";3;0;0;0;NA;347106;3;2020-06-24;-103652
2020-06-23;"Košický kraj";3;0;0;0;NA;347106;3;2020-06-23;-103655
2020-06-22;"Košický kraj";0;0;0;0;NA;347106;0;2020-06-22;-103658
2020-06-21;"Košický kraj";0;0;0;0;NA;347106;0;2020-06-21;-103658
2020-06-20;"Košický kraj";0;0;0;0;NA;347106;0;2020-06-20;-103658
2020-06-19;"Košický kraj";0;0;0;0;NA;347106;0;2020-06-19;-103658
2020-06-18;"Košický kraj";1;0;0;0;NA;347106;1;2020-06-18;-103658
2020-06-17;"Košický kraj";0;0;0;0;NA;347106;0;2020-06-17;-103659
2020-06-16;"Košický kraj";2;0;0;0;NA;347106;2;2020-06-16;-103659
2020-06-14;"Košický kraj";0;0;0;0;NA;347106;0;2020-06-14;-103661
2020-06-13;"Košický kraj";0;0;0;0;NA;347106;0;2020-06-13;-103661
2020-06-12;"Košický kraj";0;0;0;0;NA;347106;0;2020-06-12;-103661
2020-06-11;"Košický kraj";0;0;0;0;NA;347106;0;2020-06-11;-103661
2020-06-10;"Košický kraj";6;0;0;0;NA;347106;6;2020-06-10;-103661
2020-06-09;"Košický kraj";0;0;0;0;NA;347106;0;2020-06-09;-103667
2020-06-08;"Košický kraj";0;0;0;0;NA;347106;0;2020-06-08;-103667
2020-06-07;"Košický kraj";2;0;0;0;NA;347106;2;2020-06-07;-103667
2020-06-05;"Košický kraj";0;0;0;0;NA;347106;0;2020-06-05;-103669
2020-06-03;"Košický kraj";0;0;0;0;NA;347106;0;2020-06-03;-103669
2020-06-02;"Košický kraj";1;0;0;0;NA;347106;1;2020-06-02;-103669
2020-05-31;"Košický kraj";0;0;0;0;NA;347106;0;2020-05-31;-103670
2020-05-29;"Košický kraj";1;0;0;0;NA;347106;1;2020-05-29;-103670
2020-05-27;"Košický kraj";0;0;0;0;NA;347106;0;2020-05-27;-103671
2020-05-26;"Košický kraj";1;0;0;0;NA;347106;1;2020-05-26;-103671
2020-05-25;"Košický kraj";1;0;0;0;NA;347106;1;2020-05-25;-103672
2020-05-24;"Košický kraj";0;0;0;0;NA;347106;0;2020-05-24;-103673
2020-05-23;"Košický kraj";0;0;0;0;NA;347106;0;2020-05-23;-103673
2020-05-22;"Košický kraj";0;0;0;0;NA;347106;0;2020-05-22;-103673
2020-05-21;"Košický kraj";0;0;0;0;NA;347106;0;2020-05-21;-103673
2020-05-20;"Košický kraj";3;0;0;0;NA;347106;3;2020-05-20;-103673
2020-05-19;"Košický kraj";0;0;0;0;NA;347106;0;2020-05-19;-103676
2020-05-17;"Košický kraj";1;0;0;0;NA;347106;1;2020-05-17;-103676
2020-05-16;"Košický kraj";1;0;0;0;NA;347106;1;2020-05-16;-103677
2020-05-15;"Košický kraj";10;0;0;0;NA;347106;10;2020-05-15;-103678
2020-05-14;"Košický kraj";1;0;0;0;NA;347106;1;2020-05-14;-103688
2020-05-13;"Košický kraj";6;0;0;0;NA;347106;6;2020-05-13;-103689
2020-05-12;"Košický kraj";0;0;0;0;NA;347106;0;2020-05-12;-103695
2020-05-11;"Košický kraj";0;0;0;0;NA;347106;0;2020-05-11;-103695
2020-05-09;"Košický kraj";0;0;0;0;NA;347106;0;2020-05-09;-103695
2020-05-07;"Košický kraj";0;0;0;0;NA;347106;0;2020-05-07;-103695
2020-05-06;"Košický kraj";1;0;0;0;NA;347106;1;2020-05-06;-103695
2020-05-05;"Košický kraj";0;0;0;0;NA;347106;0;2020-05-05;-103696
2020-05-04;"Košický kraj";0;0;0;0;NA;347106;0;2020-05-04;-103696
2020-05-03;"Košický kraj";0;0;0;0;NA;347106;0;2020-05-03;-103696
2020-05-02;"Košický kraj";1;0;0;0;NA;347106;1;2020-05-02;-103696
2020-05-01;"Košický kraj";0;0;0;0;NA;347106;0;2020-05-01;-103697
2020-04-30;"Košický kraj";1;0;0;0;NA;347106;1;2020-04-30;-103697
2020-04-29;"Košický kraj";1;0;0;0;NA;347106;1;2020-04-29;-103698
2020-04-28;"Košický kraj";1;0;0;0;NA;347106;1;2020-04-28;-103699
2020-04-27;"Košický kraj";1;0;0;0;NA;347106;1;2020-04-27;-103700
2020-04-26;"Košický kraj";0;0;0;0;NA;347106;0;2020-04-26;-103701
2020-04-25;"Košický kraj";0;0;0;0;NA;347106;0;2020-04-25;-103701
2020-04-24;"Košický kraj";3;0;0;0;NA;347106;3;2020-04-24;-103701
2020-04-23;"Košický kraj";4;0;0;0;NA;347106;4;2020-04-23;-103704
2020-04-22;"Košický kraj";21;0;0;0;NA;347106;21;2020-04-22;-103708
2020-04-21;"Košický kraj";4;0;0;0;NA;347106;4;2020-04-21;-103729
2020-04-20;"Košický kraj";0;0;0;0;NA;347106;0;2020-04-20;-103733
2020-04-19;"Košický kraj";1;0;0;0;NA;347106;1;2020-04-19;-103733
2020-04-18;"Košický kraj";2;0;0;0;NA;347106;2;2020-04-18;-103734
2020-04-17;"Košický kraj";7;0;0;0;NA;347106;7;2020-04-17;-103736
2020-04-16;"Košický kraj";29;0;0;0;NA;347106;29;2020-04-16;-103743
2020-04-15;"Košický kraj";50;0;0;0;NA;347106;50;2020-04-15;-103772
2020-04-14;"Košický kraj";4;0;0;0;NA;347106;4;2020-04-14;-103822
2020-04-13;"Košický kraj";5;0;0;0;NA;347106;5;2020-04-13;-103826
2020-04-12;"Košický kraj";4;0;0;0;NA;347106;4;2020-04-12;-103831
2020-04-11;"Košický kraj";2;0;0;0;NA;347106;2;2020-04-11;-103835
2020-04-10;"Košický kraj";1;0;0;0;NA;347106;1;2020-04-10;-103837
2020-04-09;"Košický kraj";4;0;0;0;NA;347106;4;2020-04-09;-103838
2020-04-08;"Košický kraj";5;0;0;0;NA;347106;5;2020-04-08;-103842
2020-04-07;"Košický kraj";34;0;0;0;NA;347106;34;2020-04-07;-103847
2020-04-06;"Košický kraj";6;0;0;0;NA;347106;6;2020-04-06;-103881
2020-04-05;"Košický kraj";4;0;0;0;NA;347106;4;2020-04-05;-103887
2020-04-04;"Košický kraj";5;0;0;0;NA;347106;5;2020-04-04;-103891
2020-04-03;"Košický kraj";4;0;0;0;NA;347106;4;2020-04-03;-103896
2020-04-02;"Košický kraj";3;0;0;0;NA;347106;3;2020-04-02;-103900
2020-04-01;"Košický kraj";3;0;0;0;NA;347106;3;2020-04-01;-103903
2020-03-31;"Košický kraj";1;0;0;0;NA;347106;1;2020-03-31;-103906
2020-03-30;"Košický kraj";5;0;0;0;NA;347106;5;2020-03-30;-103907
2020-03-29;"Košický kraj";0;0;0;0;NA;347106;0;2020-03-29;-103912
2020-03-28;"Košický kraj";1;0;0;0;NA;347106;1;2020-03-28;-103912
2020-03-27;"Košický kraj";1;0;0;0;NA;347106;1;2020-03-27;-103913
2020-03-26;"Košický kraj";3;0;0;0;NA;347106;3;2020-03-26;-103914
2020-03-25;"Košický kraj";2;0;0;0;NA;347106;2;2020-03-25;-103917
2020-03-24;"Košický kraj";0;0;0;0;NA;347106;0;2020-03-24;-103919
2020-03-23;"Košický kraj";2;0;0;0;NA;347106;2;2020-03-23;-103919
2020-03-22;"Košický kraj";0;0;0;0;NA;347106;0;2020-03-22;-103921
2020-03-21;"Košický kraj";3;0;0;0;NA;347106;3;2020-03-21;-103921
2020-03-20;"Košický kraj";1;0;0;0;NA;347106;1;2020-03-20;-103924
2020-03-19;"Košický kraj";0;0;0;0;NA;347106;0;2020-03-19;-103925
2020-03-18;"Košický kraj";0;0;0;0;NA;347106;0;2020-03-18;-103925
2020-03-17;"Košický kraj";0;0;0;0;NA;347106;0;2020-03-17;-103925
2020-03-16;"Košický kraj";3;0;0;0;NA;347106;3;2020-03-16;-103925
2020-03-15;"Košický kraj";1;0;0;0;NA;347106;1;2020-03-15;-103928
2020-03-14;"Košický kraj";0;0;0;0;NA;347106;0;2020-03-14;-103929
2020-03-13;"Košický kraj";2;0;0;0;NA;347106;2;2020-03-13;-103929
2020-03-12;"Košický kraj";0;0;0;0;NA;347106;0;2020-03-12;-103931
2020-03-11;"Košický kraj";0;0;0;0;NA;347106;0;2020-03-11;-103931
2020-03-09;"Košický kraj";1;0;0;0;NA;347106;1;2020-03-09;-103931
2020-03-08;"Košický kraj";0;0;0;0;NA;347106;0;2020-03-08;-103932
2020-03-07;"Košický kraj";0;0;0;0;NA;347106;0;2020-03-07;-103932
2020-03-06;"Košický kraj";0;0;0;0;NA;347106;0;2020-03-06;-103932
2022-06-15;"Nitriansky kraj";13;61;5;66;185933;284672;18;2022-06-15;284672
2022-06-14;"Nitriansky kraj";19;157;1;158;NA;284672;20;2022-06-14;284654
2022-06-13;"Nitriansky kraj";15;101;5;106;NA;284672;20;2022-06-13;284634
2022-06-12;"Nitriansky kraj";2;36;0;36;NA;284672;2;2022-06-12;284614
2022-06-11;"Nitriansky kraj";3;10;0;10;NA;284672;3;2022-06-11;284612
2022-06-10;"Nitriansky kraj";8;49;3;52;NA;284672;11;2022-06-10;284609
2022-06-09;"Nitriansky kraj";10;129;6;135;NA;284672;16;2022-06-09;284598
2022-06-08;"Nitriansky kraj";14;64;6;70;NA;284672;20;2022-06-08;284582
2022-06-07;"Nitriansky kraj";15;58;4;62;NA;284672;19;2022-06-07;284562
2022-06-06;"Nitriansky kraj";14;117;2;119;NA;284672;16;2022-06-06;284543
2022-06-05;"Nitriansky kraj";0;36;0;36;NA;284672;0;2022-06-05;284527
2022-06-04;"Nitriansky kraj";2;8;0;8;NA;284672;2;2022-06-04;284527
2022-06-03;"Nitriansky kraj";4;70;2;72;NA;284672;6;2022-06-03;284525
2022-06-02;"Nitriansky kraj";1;111;0;111;NA;284672;1;2022-06-02;284519
2022-06-01;"Nitriansky kraj";15;95;2;97;NA;284672;17;2022-06-01;284518
2022-05-31;"Nitriansky kraj";17;73;1;74;NA;284672;18;2022-05-31;284501
2022-05-30;"Nitriansky kraj";14;162;4;166;NA;284672;18;2022-05-30;284483
2022-05-29;"Nitriansky kraj";0;47;0;47;NA;284672;0;2022-05-29;284465
2022-05-28;"Nitriansky kraj";3;16;1;17;NA;284672;4;2022-05-28;284465
2022-05-27;"Nitriansky kraj";9;90;5;95;NA;284672;14;2022-05-27;284461
2022-05-26;"Nitriansky kraj";17;183;3;186;NA;284672;20;2022-05-26;284447
2022-05-25;"Nitriansky kraj";14;172;8;180;NA;284672;22;2022-05-25;284427
2022-05-24;"Nitriansky kraj";14;138;1;139;NA;284672;15;2022-05-24;284405
2022-05-23;"Nitriansky kraj";10;229;6;235;NA;284672;16;2022-05-23;284390
2022-05-22;"Nitriansky kraj";1;78;0;78;NA;284672;1;2022-05-22;284374
2022-05-21;"Nitriansky kraj";9;109;7;116;NA;284672;16;2022-05-21;284373
2022-05-20;"Nitriansky kraj";19;78;2;80;NA;284672;21;2022-05-20;284357
2022-05-19;"Nitriansky kraj";16;132;2;134;NA;284672;18;2022-05-19;284336
2022-05-18;"Nitriansky kraj";18;250;5;255;NA;284672;23;2022-05-18;284318
2022-05-17;"Nitriansky kraj";25;173;3;176;NA;284672;28;2022-05-17;284295
2022-05-16;"Nitriansky kraj";39;246;7;253;NA;284672;46;2022-05-16;284267
2022-05-15;"Nitriansky kraj";8;70;3;73;NA;284672;11;2022-05-15;284221
2022-05-14;"Nitriansky kraj";12;26;1;27;NA;284672;13;2022-05-14;284210
2022-05-13;"Nitriansky kraj";39;146;10;156;NA;284672;49;2022-05-13;284197
2022-05-12;"Nitriansky kraj";18;150;10;160;NA;284672;28;2022-05-12;284148
2022-05-11;"Nitriansky kraj";35;204;9;213;NA;284672;44;2022-05-11;284120
2022-05-10;"Nitriansky kraj";26;201;5;206;NA;284672;31;2022-05-10;284076
2022-05-09;"Nitriansky kraj";38;283;11;294;NA;284672;49;2022-05-09;284045
2022-05-08;"Nitriansky kraj";0;95;8;103;NA;284672;8;2022-05-08;283996
2022-05-07;"Nitriansky kraj";11;27;1;28;NA;284672;12;2022-05-07;283988
2022-05-06;"Nitriansky kraj";47;186;8;194;NA;284672;55;2022-05-06;283976
2022-05-05;"Nitriansky kraj";45;261;8;269;NA;284672;53;2022-05-05;283921
2022-05-04;"Nitriansky kraj";59;298;18;316;NA;284672;77;2022-05-04;283868
2022-05-03;"Nitriansky kraj";65;319;9;328;NA;284672;74;2022-05-03;283791
2022-05-02;"Nitriansky kraj";69;650;30;680;NA;284672;99;2022-05-02;283717
2022-05-01;"Nitriansky kraj";12;194;8;202;NA;284672;20;2022-05-01;283618
2022-04-30;"Nitriansky kraj";64;206;10;216;NA;284672;74;2022-04-30;283598
2022-04-29;"Nitriansky kraj";93;582;14;596;NA;284672;107;2022-04-29;283524
2022-04-28;"Nitriansky kraj";93;841;19;860;NA;284672;112;2022-04-28;283417
2022-04-27;"Nitriansky kraj";126;731;24;755;NA;284672;150;2022-04-27;283305
2022-04-26;"Nitriansky kraj";156;885;29;914;NA;284672;185;2022-04-26;283155
2022-04-25;"Nitriansky kraj";136;1120;52;1172;NA;284672;188;2022-04-25;282970
2022-04-24;"Nitriansky kraj";48;296;12;308;NA;284672;60;2022-04-24;282782
2022-04-23;"Nitriansky kraj";79;250;5;255;NA;284672;84;2022-04-23;282722
2022-04-22;"Nitriansky kraj";101;748;26;774;NA;284672;127;2022-04-22;282638
2022-04-21;"Nitriansky kraj";219;803;15;818;NA;284672;234;2022-04-21;282511
2022-04-20;"Nitriansky kraj";194;1014;33;1047;NA;284672;227;2022-04-20;282277
2022-04-19;"Nitriansky kraj";234;2112;83;2195;NA;284672;317;2022-04-19;282050
2022-04-18;"Nitriansky kraj";111;520;14;534;NA;284672;125;2022-04-18;281733
2022-04-17;"Nitriansky kraj";136;258;8;266;NA;284672;144;2022-04-17;281608
2022-04-16;"Nitriansky kraj";87;362;24;386;NA;284672;111;2022-04-16;281464
2022-04-15;"Nitriansky kraj";105;402;10;412;NA;284672;115;2022-04-15;281353
2022-04-14;"Nitriansky kraj";255;721;32;753;NA;284672;287;2022-04-14;281238
2022-04-13;"Nitriansky kraj";223;909;60;969;NA;284672;283;2022-04-13;280951
2022-04-12;"Nitriansky kraj";291;1043;60;1103;NA;284672;351;2022-04-12;280668
2022-04-11;"Nitriansky kraj";278;1676;101;1777;NA;284672;379;2022-04-11;280317
2022-04-10;"Nitriansky kraj";154;512;43;555;NA;284672;197;2022-04-10;279938
2022-04-09;"Nitriansky kraj";176;391;29;420;NA;284672;205;2022-04-09;279741
2022-04-08;"Nitriansky kraj";363;1071;76;1147;NA;284672;439;2022-04-08;279536
2022-04-07;"Nitriansky kraj";427;1298;115;1413;NA;284672;542;2022-04-07;279097
2022-04-06;"Nitriansky kraj";406;1191;98;1289;NA;284672;504;2022-04-06;278555
2022-04-05;"Nitriansky kraj";783;1195;110;1305;NA;284672;893;2022-04-05;278051
2022-04-04;"Nitriansky kraj";572;1577;152;1729;NA;284672;724;2022-04-04;277158
2022-04-03;"Nitriansky kraj";199;918;98;1016;NA;284672;297;2022-04-03;276434
2022-04-02;"Nitriansky kraj";362;450;45;495;NA;284672;407;2022-04-02;276137
2022-04-01;"Nitriansky kraj";614;1283;129;1412;NA;284672;743;2022-04-01;275730
2022-03-31;"Nitriansky kraj";685;1558;159;1717;NA;284672;844;2022-03-31;274987
2022-03-30;"Nitriansky kraj";751;1239;132;1371;NA;284672;883;2022-03-30;274143
2022-03-29;"Nitriansky kraj";1187;1523;175;1698;NA;284672;1362;2022-03-29;273260
2022-03-28;"Nitriansky kraj";711;1959;288;2247;NA;284672;999;2022-03-28;271898
2022-03-27;"Nitriansky kraj";463;790;148;938;NA;284672;611;2022-03-27;270899
2022-03-26;"Nitriansky kraj";653;408;83;491;NA;284672;736;2022-03-26;270288
2022-03-25;"Nitriansky kraj";918;1134;220;1354;NA;284672;1138;2022-03-25;269552
2022-03-24;"Nitriansky kraj";1391;1262;194;1456;NA;284672;1585;2022-03-24;268414
2022-03-23;"Nitriansky kraj";1401;1461;232;1693;NA;284672;1633;2022-03-23;266829
2022-03-22;"Nitriansky kraj";1360;1553;199;1752;NA;284672;1559;2022-03-22;265196
2022-03-21;"Nitriansky kraj";1304;2138;351;2489;NA;284672;1655;2022-03-21;263637
2022-03-20;"Nitriansky kraj";552;933;226;1159;NA;284672;778;2022-03-20;261982
2022-03-19;"Nitriansky kraj";839;424;146;570;NA;284672;985;2022-03-19;261204
2022-03-18;"Nitriansky kraj";1205;1207;271;1478;NA;284672;1476;2022-03-18;260219
2022-03-17;"Nitriansky kraj";1734;1473;236;1709;NA;284672;1970;2022-03-17;258743
2022-03-16;"Nitriansky kraj";1214;1477;232;1709;NA;284672;1446;2022-03-16;256773
2022-03-15;"Nitriansky kraj";1590;1566;256;1822;NA;284672;1846;2022-03-15;255327
2022-03-14;"Nitriansky kraj";1325;2636;384;3020;NA;284672;1709;2022-03-14;253481
2022-03-13;"Nitriansky kraj";527;992;202;1194;NA;284672;729;2022-03-13;251772
2022-03-12;"Nitriansky kraj";711;739;169;908;NA;284672;880;2022-03-12;251043
2022-03-11;"Nitriansky kraj";1085;1897;365;2262;NA;284672;1450;2022-03-11;250163
2022-03-10;"Nitriansky kraj";1403;2015;313;2328;NA;284672;1716;2022-03-10;248713
2022-03-09;"Nitriansky kraj";1452;2121;323;2444;NA;284672;1775;2022-03-09;246997
2022-03-08;"Nitriansky kraj";1695;2542;350;2892;NA;284672;2045;2022-03-08;245222
2022-03-07;"Nitriansky kraj";1115;3392;521;3913;NA;284672;1636;2022-03-07;243177
2022-03-06;"Nitriansky kraj";566;1509;350;1859;NA;284672;916;2022-03-06;241541
2022-03-05;"Nitriansky kraj";614;1239;214;1453;NA;284672;828;2022-03-05;240625
2022-03-04;"Nitriansky kraj";1315;1602;323;1925;NA;284672;1638;2022-03-04;239797
2022-03-03;"Nitriansky kraj";1405;2944;379;3323;NA;284672;1784;2022-03-03;238159
2022-03-02;"Nitriansky kraj";1417;2723;422;3145;NA;284672;1839;2022-03-02;236375
2022-03-01;"Nitriansky kraj";1380;2422;412;2834;NA;284672;1792;2022-03-01;234536
2022-02-28;"Nitriansky kraj";1577;4825;599;5424;NA;284672;2176;2022-02-28;232744
2022-02-27;"Nitriansky kraj";797;1271;294;1565;NA;284672;1091;2022-02-27;230568
2022-02-26;"Nitriansky kraj";895;799;217;1016;NA;284672;1112;2022-02-26;229477
2022-02-25;"Nitriansky kraj";1400;2321;339;2660;NA;284672;1739;2022-02-25;228365
2022-02-24;"Nitriansky kraj";1592;3586;389;3975;NA;284672;1981;2022-02-24;226626
2022-02-23;"Nitriansky kraj";1885;3936;476;4412;NA;284672;2361;2022-02-23;224645
2022-02-22;"Nitriansky kraj";2323;3849;502;4351;NA;284672;2825;2022-02-22;222284
2022-02-21;"Nitriansky kraj";1593;6255;816;7071;NA;284672;2409;2022-02-21;219459
2022-02-20;"Nitriansky kraj";1049;1987;439;2426;NA;284672;1488;2022-02-20;217050
2022-02-19;"Nitriansky kraj";1084;1341;336;1677;NA;284672;1420;2022-02-19;215562
2022-02-18;"Nitriansky kraj";2021;3284;583;3867;NA;284672;2604;2022-02-18;214142
2022-02-17;"Nitriansky kraj";2134;3890;480;4370;NA;284672;2614;2022-02-17;211538
2022-02-16;"Nitriansky kraj";2152;3948;532;4480;NA;284672;2684;2022-02-16;208924
2022-02-15;"Nitriansky kraj";2093;4069;780;4849;NA;284672;2873;2022-02-15;206240
2022-02-14;"Nitriansky kraj";2094;6258;921;7179;NA;284672;3015;2022-02-14;203367
2022-02-13;"Nitriansky kraj";1146;2832;547;3379;NA;284672;1693;2022-02-13;200352
2022-02-12;"Nitriansky kraj";1301;1171;343;1514;NA;284672;1644;2022-02-12;198659
2022-02-11;"Nitriansky kraj";2042;2949;561;3510;NA;284672;2603;2022-02-11;197015
2022-02-10;"Nitriansky kraj";2374;3366;537;3903;NA;284672;2911;2022-02-10;194412
2022-02-09;"Nitriansky kraj";2133;4808;653;5461;NA;284672;2786;2022-02-09;191501
2022-02-08;"Nitriansky kraj";1801;4935;736;5671;NA;284672;2537;2022-02-08;188715
2022-02-07;"Nitriansky kraj";2240;6807;762;7569;NA;284672;3002;2022-02-07;186178
2022-02-06;"Nitriansky kraj";1309;2690;494;3184;NA;284672;1803;2022-02-06;183176
2022-02-05;"Nitriansky kraj";1609;1504;358;1862;NA;284672;1967;2022-02-05;181373
2022-02-04;"Nitriansky kraj";1848;4189;510;4699;NA;284672;2358;2022-02-04;179406
2022-02-03;"Nitriansky kraj";2425;4186;491;4677;NA;284672;2916;2022-02-03;177048
2022-02-02;"Nitriansky kraj";1903;5326;766;6092;NA;284672;2669;2022-02-02;174132
2022-02-01;"Nitriansky kraj";2288;4717;597;5314;NA;284672;2885;2022-02-01;171463
2022-01-31;"Nitriansky kraj";1329;8991;746;9737;NA;284672;2075;2022-01-31;168578
2022-01-30;"Nitriansky kraj";777;3498;471;3969;NA;284672;1248;2022-01-30;166503
2022-01-29;"Nitriansky kraj";1099;1670;298;1968;NA;284672;1397;2022-01-29;165255
2022-01-28;"Nitriansky kraj";1610;4217;374;4591;NA;284672;1984;2022-01-28;163858
2022-01-27;"Nitriansky kraj";1429;3796;289;4085;NA;284672;1718;2022-01-27;161874
2022-01-26;"Nitriansky kraj";1392;4450;306;4756;NA;284672;1698;2022-01-26;160156
2022-01-25;"Nitriansky kraj";1591;4624;426;5050;NA;284672;2017;2022-01-25;158458
2022-01-24;"Nitriansky kraj";770;7462;359;7821;NA;284672;1129;2022-01-24;156441
2022-01-23;"Nitriansky kraj";327;3109;205;3314;NA;284672;532;2022-01-23;155312
2022-01-22;"Nitriansky kraj";596;1974;153;2127;NA;284672;749;2022-01-22;154780
2022-01-21;"Nitriansky kraj";532;3476;141;3617;NA;284672;673;2022-01-21;154031
2022-01-20;"Nitriansky kraj";737;3537;129;3666;NA;284672;866;2022-01-20;153358
2022-01-19;"Nitriansky kraj";614;4587;121;4708;NA;284672;735;2022-01-19;152492
2022-01-18;"Nitriansky kraj";650;3329;125;3454;NA;284672;775;2022-01-18;151757
2022-01-17;"Nitriansky kraj";439;7784;152;7936;NA;284672;591;2022-01-17;150982
2022-01-16;"Nitriansky kraj";140;3191;71;3262;NA;284672;211;2022-01-16;150391
2022-01-15;"Nitriansky kraj";268;1651;50;1701;NA;284672;318;2022-01-15;150180
2022-01-14;"Nitriansky kraj";167;2906;68;2974;NA;284672;235;2022-01-14;149862
2022-01-13;"Nitriansky kraj";244;3297;53;3350;NA;284672;297;2022-01-13;149627
2022-01-12;"Nitriansky kraj";298;4329;66;4395;NA;284672;364;2022-01-12;149330
2022-01-11;"Nitriansky kraj";424;3990;50;4040;NA;284672;474;2022-01-11;148966
2022-01-10;"Nitriansky kraj";292;7654;71;7725;NA;284672;363;2022-01-10;148492
2022-01-09;"Nitriansky kraj";100;3419;48;3467;NA;284672;148;2022-01-09;148129
2022-01-08;"Nitriansky kraj";206;1352;47;1399;NA;284672;253;2022-01-08;147981
2022-01-07;"Nitriansky kraj";326;2976;74;3050;NA;284672;400;2022-01-07;147728
2022-01-06;"Nitriansky kraj";125;910;33;943;NA;284672;158;2022-01-06;147328
2022-01-05;"Nitriansky kraj";357;4232;66;4298;NA;284672;423;2022-01-05;147170
2022-01-04;"Nitriansky kraj";453;3697;85;3782;NA;284672;538;2022-01-04;146747
2022-01-03;"Nitriansky kraj";353;7378;117;7495;NA;284672;470;2022-01-03;146209
2022-01-02;"Nitriansky kraj";25;3035;95;3130;NA;284672;120;2022-01-02;145739
2022-01-01;"Nitriansky kraj";71;177;9;186;NA;284672;80;2022-01-01;145619
2021-12-31;"Nitriansky kraj";764;1506;69;1575;NA;284672;833;2021-12-31;145539
2021-12-30;"Nitriansky kraj";650;3330;89;3419;NA;284672;739;2021-12-30;144706
2021-12-29;"Nitriansky kraj";694;2371;61;2432;NA;284672;755;2021-12-29;143967
2021-12-28;"Nitriansky kraj";1256;2501;88;2589;NA;284672;1344;2021-12-28;143212
2021-12-27;"Nitriansky kraj";804;4253;169;4422;NA;284672;973;2021-12-27;141868
2021-12-26;"Nitriansky kraj";168;1039;53;1092;NA;284672;221;2021-12-26;140895
2021-12-25;"Nitriansky kraj";44;499;31;530;NA;284672;75;2021-12-25;140674
2021-12-24;"Nitriansky kraj";350;448;26;474;NA;284672;376;2021-12-24;140599
2021-12-23;"Nitriansky kraj";944;3420;110;3530;NA;284672;1054;2021-12-23;140223
2021-12-22;"Nitriansky kraj";796;3517;95;3612;NA;284672;891;2021-12-22;139169
2021-12-21;"Nitriansky kraj";1470;2913;93;3006;NA;284672;1563;2021-12-21;138278
2021-12-20;"Nitriansky kraj";814;6754;169;6923;NA;284672;983;2021-12-20;136715
2021-12-19;"Nitriansky kraj";396;3587;98;3685;NA;284672;494;2021-12-19;135732
2021-12-18;"Nitriansky kraj";722;1456;96;1552;NA;284672;818;2021-12-18;135238
2021-12-17;"Nitriansky kraj";818;4934;153;5087;NA;284672;971;2021-12-17;134420
2021-12-16;"Nitriansky kraj";858;4230;144;4374;NA;284672;1002;2021-12-16;133449
2021-12-15;"Nitriansky kraj";1278;5682;143;5825;NA;284672;1421;2021-12-15;132447
2021-12-14;"Nitriansky kraj";1814;4720;200;4920;NA;284672;2014;2021-12-14;131026
2021-12-13;"Nitriansky kraj";1048;7388;291;7679;NA;284672;1339;2021-12-13;129012
2021-12-12;"Nitriansky kraj";578;3893;174;4067;NA;284672;752;2021-12-12;127673
2021-12-11;"Nitriansky kraj";916;1754;121;1875;NA;284672;1037;2021-12-11;126921
2021-12-10;"Nitriansky kraj";1182;4868;177;5045;NA;284672;1359;2021-12-10;125884
2021-12-09;"Nitriansky kraj";1482;3428;202;3630;NA;284672;1684;2021-12-09;124525
2021-12-08;"Nitriansky kraj";1908;5136;200;5336;NA;284672;2108;2021-12-08;122841
2021-12-07;"Nitriansky kraj";1800;4045;197;4242;NA;284672;1997;2021-12-07;120733
2021-12-06;"Nitriansky kraj";1398;8196;339;8535;NA;284672;1737;2021-12-06;118736
2021-12-05;"Nitriansky kraj";674;4314;192;4506;NA;284672;866;2021-12-05;116999
2021-12-04;"Nitriansky kraj";1516;2045;180;2225;NA;284672;1696;2021-12-04;116133
2021-12-03;"Nitriansky kraj";1840;5783;237;6020;NA;284672;2077;2021-12-03;114437
2021-12-02;"Nitriansky kraj";2776;3898;267;4165;NA;284672;3043;2021-12-02;112360
2021-12-01;"Nitriansky kraj";1964;4107;261;4368;NA;284672;2225;2021-12-01;109317
2021-11-30;"Nitriansky kraj";1502;5575;241;5816;NA;284672;1743;2021-11-30;107092
2021-11-29;"Nitriansky kraj";1330;10167;500;10667;NA;284672;1830;2021-11-29;105349
2021-11-28;"Nitriansky kraj";714;6214;300;6514;NA;284672;1014;2021-11-28;103519
2021-11-27;"Nitriansky kraj";1120;2879;281;3160;NA;284672;1401;2021-11-27;102505
2021-11-26;"Nitriansky kraj";1648;5529;290;5819;NA;284672;1938;2021-11-26;101104
2021-11-25;"Nitriansky kraj";1694;4154;342;4496;NA;284672;2036;2021-11-25;99166
2021-11-24;"Nitriansky kraj";1750;4422;325;4747;NA;284672;2075;2021-11-24;97130
2021-11-23;"Nitriansky kraj";2206;5148;353;5501;NA;284672;2559;2021-11-23;95055
2021-11-22;"Nitriansky kraj";1090;7126;465;7591;NA;284672;1555;2021-11-22;92496
2021-11-21;"Nitriansky kraj";690;3410;314;3724;NA;284672;1004;2021-11-21;90941
2021-11-20;"Nitriansky kraj";1158;1865;252;2117;NA;284672;1410;2021-11-20;89937
2021-11-19;"Nitriansky kraj";1142;4256;349;4605;NA;284672;1491;2021-11-19;88527
2021-11-18;"Nitriansky kraj";1354;4883;420;5303;NA;284672;1774;2021-11-18;87036
2021-11-17;"Nitriansky kraj";958;1622;207;1829;NA;284672;1165;2021-11-17;85262
2021-11-16;"Nitriansky kraj";1336;3882;266;4148;NA;284672;1602;2021-11-16;84097
2021-11-15;"Nitriansky kraj";1112;6033;440;6473;NA;284672;1552;2021-11-15;82495
2021-11-14;"Nitriansky kraj";458;2796;259;3055;NA;284672;717;2021-11-14;80943
2021-11-13;"Nitriansky kraj";774;1473;201;1674;NA;284672;975;2021-11-13;80226
2021-11-12;"Nitriansky kraj";1104;3096;270;3366;NA;284672;1374;2021-11-12;79251
2021-11-11;"Nitriansky kraj";1078;3545;238;3783;NA;284672;1316;2021-11-11;77877
2021-11-10;"Nitriansky kraj";822;3494;234;3728;NA;284672;1056;2021-11-10;76561
2021-11-09;"Nitriansky kraj";826;3313;210;3523;NA;284672;1036;2021-11-09;75505
2021-11-08;"Nitriansky kraj";928;4936;331;5267;NA;284672;1259;2021-11-08;74469
2021-11-07;"Nitriansky kraj";418;2074;161;2235;NA;284672;579;2021-11-07;73210
2021-11-06;"Nitriansky kraj";472;1407;114;1521;NA;284672;586;2021-11-06;72631
2021-11-05;"Nitriansky kraj";814;2583;185;2768;NA;284672;999;2021-11-05;72045
2021-11-04;"Nitriansky kraj";874;3083;168;3251;NA;284672;1042;2021-11-04;71046
2021-11-03;"Nitriansky kraj";1050;2891;157;3048;NA;284672;1207;2021-11-03;70004
2021-11-02;"Nitriansky kraj";640;4279;239;4518;NA;284672;879;2021-11-02;68797
2021-11-01;"Nitriansky kraj";272;712;61;773;NA;284672;333;2021-11-01;67918
2021-10-31;"Nitriansky kraj";218;1234;114;1348;NA;284672;332;2021-10-31;67585
2021-10-30;"Nitriansky kraj";404;1218;82;1300;NA;284672;486;2021-10-30;67253
2021-10-29;"Nitriansky kraj";694;2481;120;2601;NA;284672;814;2021-10-29;66767
2021-10-28;"Nitriansky kraj";562;2603;95;2698;NA;284672;657;2021-10-28;65953
2021-10-27;"Nitriansky kraj";680;2923;112;3035;NA;284672;792;2021-10-27;65296
2021-10-26;"Nitriansky kraj";594;2926;117;3043;NA;284672;711;2021-10-26;64504
2021-10-25;"Nitriansky kraj";342;3599;124;3723;NA;284672;466;2021-10-25;63793
2021-10-24;"Nitriansky kraj";116;1914;74;1988;NA;284672;190;2021-10-24;63327
2021-10-23;"Nitriansky kraj";346;1815;77;1892;NA;284672;423;2021-10-23;63137
2021-10-22;"Nitriansky kraj";404;2216;68;2284;NA;284672;472;2021-10-22;62714
2021-10-21;"Nitriansky kraj";428;2793;65;2858;NA;284672;493;2021-10-21;62242
2021-10-20;"Nitriansky kraj";436;2328;74;2402;NA;284672;510;2021-10-20;61749
2021-10-19;"Nitriansky kraj";500;2929;65;2994;NA;284672;565;2021-10-19;61239
2021-10-18;"Nitriansky kraj";162;3259;90;3349;NA;284672;252;2021-10-18;60674
2021-10-17;"Nitriansky kraj";72;3010;92;3102;NA;284672;164;2021-10-17;60422
2021-10-16;"Nitriansky kraj";74;1477;38;1515;NA;284672;112;2021-10-16;60258
2021-10-15;"Nitriansky kraj";290;2653;34;2687;NA;284672;324;2021-10-15;60146
2021-10-14;"Nitriansky kraj";190;2389;30;2419;NA;284672;220;2021-10-14;59822
2021-10-13;"Nitriansky kraj";182;2248;36;2284;NA;284672;218;2021-10-13;59602
2021-10-12;"Nitriansky kraj";238;2905;34;2939;NA;284672;272;2021-10-12;59384
2021-10-11;"Nitriansky kraj";182;2703;42;2745;NA;284672;224;2021-10-11;59112
2021-10-10;"Nitriansky kraj";66;1527;22;1549;NA;284672;88;2021-10-10;58888
2021-10-09;"Nitriansky kraj";34;1395;17;1412;NA;284672;51;2021-10-09;58800
2021-10-08;"Nitriansky kraj";122;3004;37;3041;NA;284672;159;2021-10-08;58749
2021-10-07;"Nitriansky kraj";118;2829;30;2859;NA;284672;148;2021-10-07;58590
2021-10-06;"Nitriansky kraj";132;2657;28;2685;NA;284672;160;2021-10-06;58442
2021-10-05;"Nitriansky kraj";194;2536;32;2568;NA;284672;226;2021-10-05;58282
2021-10-04;"Nitriansky kraj";112;3263;49;3312;NA;284672;161;2021-10-04;58056
2021-10-03;"Nitriansky kraj";20;1591;24;1615;NA;284672;44;2021-10-03;57895
2021-10-02;"Nitriansky kraj";92;1567;20;1587;NA;284672;112;2021-10-02;57851
2021-10-01;"Nitriansky kraj";52;2860;34;2894;NA;284672;86;2021-10-01;57739
2021-09-30;"Nitriansky kraj";132;2468;15;2483;NA;284672;147;2021-09-30;57653
2021-09-29;"Nitriansky kraj";184;2266;16;2282;NA;284672;200;2021-09-29;57506
2021-09-28;"Nitriansky kraj";172;2893;27;2920;NA;284672;199;2021-09-28;57306
2021-09-27;"Nitriansky kraj";100;3633;41;3674;NA;284672;141;2021-09-27;57107
2021-09-26;"Nitriansky kraj";24;1635;20;1655;NA;284672;44;2021-09-26;56966
2021-09-25;"Nitriansky kraj";86;1456;20;1476;NA;284672;106;2021-09-25;56922
2021-09-24;"Nitriansky kraj";70;2783;15;2798;NA;284672;85;2021-09-24;56816
2021-09-23;"Nitriansky kraj";138;2503;20;2523;NA;284672;158;2021-09-23;56731
2021-09-22;"Nitriansky kraj";136;2380;17;2397;NA;284672;153;2021-09-22;56573
2021-09-21;"Nitriansky kraj";140;2684;30;2714;NA;284672;170;2021-09-21;56420
2021-09-20;"Nitriansky kraj";82;2497;21;2518;NA;284672;103;2021-09-20;56250
2021-09-19;"Nitriansky kraj";32;1553;20;1573;NA;284672;52;2021-09-19;56147
2021-09-18;"Nitriansky kraj";84;1421;19;1440;NA;284672;103;2021-09-18;56095
2021-09-17;"Nitriansky kraj";108;2757;30;2787;NA;284672;138;2021-09-17;55992
2021-09-16;"Nitriansky kraj";110;2499;44;2543;NA;284672;154;2021-09-16;55854
2021-09-15;"Nitriansky kraj";68;538;12;550;NA;284672;80;2021-09-15;55700
2021-09-14;"Nitriansky kraj";104;1821;20;1841;NA;284672;124;2021-09-14;55620
2021-09-13;"Nitriansky kraj";54;2373;27;2400;NA;284672;81;2021-09-13;55496
2021-09-12;"Nitriansky kraj";8;1182;17;1199;NA;284672;25;2021-09-12;55415
2021-09-11;"Nitriansky kraj";72;1181;8;1189;NA;284672;80;2021-09-11;55390
2021-09-10;"Nitriansky kraj";50;2133;12;2145;NA;284672;62;2021-09-10;55310
2021-09-09;"Nitriansky kraj";30;1611;20;1631;NA;284672;50;2021-09-09;55248
2021-09-08;"Nitriansky kraj";60;1463;22;1485;NA;284672;82;2021-09-08;55198
2021-09-07;"Nitriansky kraj";70;1460;9;1469;NA;284672;79;2021-09-07;55116
2021-09-06;"Nitriansky kraj";38;1668;27;1695;NA;284672;65;2021-09-06;55037
2021-09-05;"Nitriansky kraj";20;1007;8;1015;NA;284672;28;2021-09-05;54972
2021-09-04;"Nitriansky kraj";36;1119;10;1129;NA;284672;46;2021-09-04;54944
2021-09-03;"Nitriansky kraj";40;1743;17;1760;NA;284672;57;2021-09-03;54898
2021-09-02;"Nitriansky kraj";32;1389;14;1403;NA;284672;46;2021-09-02;54841
2021-09-01;"Nitriansky kraj";18;337;2;339;NA;284672;20;2021-09-01;54795
2021-08-31;"Nitriansky kraj";20;1360;6;1366;NA;284672;26;2021-08-31;54775
2021-08-30;"Nitriansky kraj";16;1381;10;1391;NA;284672;26;2021-08-30;54749
2021-08-29;"Nitriansky kraj";4;450;1;451;NA;284672;5;2021-08-29;54723
2021-08-28;"Nitriansky kraj";10;1071;3;1074;NA;284672;13;2021-08-28;54718
2021-08-27;"Nitriansky kraj";14;1804;4;1808;NA;284672;18;2021-08-27;54705
2021-08-26;"Nitriansky kraj";4;1255;6;1261;NA;284672;10;2021-08-26;54687
2021-08-25;"Nitriansky kraj";30;1087;3;1090;NA;284672;33;2021-08-25;54677
2021-08-24;"Nitriansky kraj";12;990;2;992;NA;284672;14;2021-08-24;54644
2021-08-23;"Nitriansky kraj";26;1271;4;1275;NA;284672;30;2021-08-23;54630
2021-08-22;"Nitriansky kraj";0;1167;3;1170;NA;284672;3;2021-08-22;54600
2021-08-21;"Nitriansky kraj";2;853;2;855;NA;284672;4;2021-08-21;54597
2021-08-20;"Nitriansky kraj";16;1580;5;1585;NA;284672;21;2021-08-20;54593
2021-08-19;"Nitriansky kraj";22;1167;4;1171;NA;284672;26;2021-08-19;54572
2021-08-18;"Nitriansky kraj";16;1180;7;1187;NA;284672;23;2021-08-18;54546
2021-08-17;"Nitriansky kraj";8;1035;3;1038;NA;284672;11;2021-08-17;54523
2021-08-16;"Nitriansky kraj";14;1129;4;1133;NA;284672;18;2021-08-16;54512
2021-08-15;"Nitriansky kraj";4;662;1;663;NA;284672;5;2021-08-15;54494
2021-08-14;"Nitriansky kraj";2;878;5;883;NA;284672;7;2021-08-14;54489
2021-08-13;"Nitriansky kraj";0;957;1;958;NA;284672;1;2021-08-13;54482
2021-08-12;"Nitriansky kraj";10;765;0;765;NA;284672;10;2021-08-12;54481
2021-08-11;"Nitriansky kraj";6;527;1;528;NA;284672;7;2021-08-11;54471
2021-08-10;"Nitriansky kraj";6;570;1;571;NA;284672;7;2021-08-10;54464
2021-08-09;"Nitriansky kraj";6;992;1;993;NA;284672;7;2021-08-09;54457
2021-08-08;"Nitriansky kraj";0;668;1;669;NA;284672;1;2021-08-08;54450
2021-08-07;"Nitriansky kraj";0;557;1;558;NA;284672;1;2021-08-07;54449
2021-08-06;"Nitriansky kraj";10;799;0;799;NA;284672;10;2021-08-06;54448
2021-08-05;"Nitriansky kraj";12;612;0;612;NA;284672;12;2021-08-05;54438
2021-08-04;"Nitriansky kraj";2;497;2;499;NA;284672;4;2021-08-04;54426
2021-08-03;"Nitriansky kraj";10;1455;0;1455;NA;284672;10;2021-08-03;54422
2021-08-02;"Nitriansky kraj";2;683;4;687;NA;284672;6;2021-08-02;54412
2021-08-01;"Nitriansky kraj";2;606;0;606;NA;284672;2;2021-08-01;54406
2021-07-31;"Nitriansky kraj";2;514;1;515;NA;284672;3;2021-07-31;54404
2021-07-30;"Nitriansky kraj";4;827;0;827;NA;284672;4;2021-07-30;54401
2021-07-29;"Nitriansky kraj";6;720;2;722;NA;284672;8;2021-07-29;54397
2021-07-28;"Nitriansky kraj";8;598;0;598;NA;284672;8;2021-07-28;54389
2021-07-27;"Nitriansky kraj";24;602;1;603;NA;284672;25;2021-07-27;54381
2021-07-26;"Nitriansky kraj";14;970;1;971;NA;284672;15;2021-07-26;54356
2021-07-25;"Nitriansky kraj";2;654;1;655;NA;284672;3;2021-07-25;54341
2021-07-24;"Nitriansky kraj";0;620;0;620;NA;284672;0;2021-07-24;54338
2021-07-23;"Nitriansky kraj";6;851;1;852;NA;284672;7;2021-07-23;54338
2021-07-22;"Nitriansky kraj";10;689;0;689;NA;284672;10;2021-07-22;54331
2021-07-21;"Nitriansky kraj";12;650;2;652;NA;284672;14;2021-07-21;54321
2021-07-20;"Nitriansky kraj";2;527;1;528;NA;284672;3;2021-07-20;54307
2021-07-19;"Nitriansky kraj";4;965;0;965;NA;284672;4;2021-07-19;54304
2021-07-18;"Nitriansky kraj";2;747;0;747;NA;284672;2;2021-07-18;54300
2021-07-17;"Nitriansky kraj";10;612;0;612;NA;284672;10;2021-07-17;54298
2021-07-16;"Nitriansky kraj";4;876;0;876;NA;284672;4;2021-07-16;54288
2021-07-15;"Nitriansky kraj";22;708;0;708;NA;284672;22;2021-07-15;54284
2021-07-14;"Nitriansky kraj";8;646;0;646;NA;284672;8;2021-07-14;54262
2021-07-13;"Nitriansky kraj";4;697;2;699;NA;284672;6;2021-07-13;54254
2021-07-12;"Nitriansky kraj";2;819;0;819;NA;284672;2;2021-07-12;54248
2021-07-11;"Nitriansky kraj";2;961;0;961;NA;284672;2;2021-07-11;54246
2021-07-10;"Nitriansky kraj";2;630;0;630;NA;284672;2;2021-07-10;54244
2021-07-09;"Nitriansky kraj";6;1000;0;1000;NA;284672;6;2021-07-09;54242
2021-07-08;"Nitriansky kraj";0;683;0;683;NA;284672;0;2021-07-08;54236
2021-07-07;"Nitriansky kraj";4;935;2;937;NA;284672;6;2021-07-07;54236
2021-07-06;"Nitriansky kraj";2;1269;1;1270;NA;284672;3;2021-07-06;54230
2021-07-05;"Nitriansky kraj";2;507;0;507;NA;284672;2;2021-07-05;54227
2021-07-04;"Nitriansky kraj";0;821;1;822;NA;284672;1;2021-07-04;54225
2021-07-03;"Nitriansky kraj";0;611;0;611;NA;284672;0;2021-07-03;54224
2021-07-02;"Nitriansky kraj";0;1259;0;1259;NA;284672;0;2021-07-02;54224
2021-07-01;"Nitriansky kraj";0;369;1;370;NA;284672;1;2021-07-01;54224
2021-06-30;"Nitriansky kraj";2;6777;2;6779;NA;284672;4;2021-06-30;54223
2021-06-29;"Nitriansky kraj";2;3536;0;3536;NA;284672;2;2021-06-29;54219
2021-06-28;"Nitriansky kraj";6;4393;0;4393;NA;284672;6;2021-06-28;54217
2021-06-27;"Nitriansky kraj";0;3263;0;3263;NA;284672;0;2021-06-27;54211
2021-06-26;"Nitriansky kraj";2;4979;3;4982;NA;284672;5;2021-06-26;54211
2021-06-25;"Nitriansky kraj";16;5182;1;5183;NA;284672;17;2021-06-25;54206
2021-06-24;"Nitriansky kraj";2;3354;0;3354;NA;284672;2;2021-06-24;54189
2021-06-23;"Nitriansky kraj";2;3033;0;3033;NA;284672;2;2021-06-23;54187
2021-06-22;"Nitriansky kraj";2;3240;3;3243;NA;284672;5;2021-06-22;54185
2021-06-21;"Nitriansky kraj";16;5362;8;5370;NA;284672;24;2021-06-21;54180
2021-06-20;"Nitriansky kraj";0;4437;6;4443;NA;284672;6;2021-06-20;54156
2021-06-19;"Nitriansky kraj";0;5983;4;5987;NA;284672;4;2021-06-19;54150
2021-06-18;"Nitriansky kraj";8;6453;3;6456;NA;284672;11;2021-06-18;54146
2021-06-17;"Nitriansky kraj";10;4152;1;4153;NA;284672;11;2021-06-17;54135
2021-06-16;"Nitriansky kraj";8;3694;3;3697;NA;284672;11;2021-06-16;54124
2021-06-15;"Nitriansky kraj";2;3995;0;3995;NA;284672;2;2021-06-15;54113
2021-06-14;"Nitriansky kraj";0;5875;3;5878;NA;284672;3;2021-06-14;54111
2021-06-13;"Nitriansky kraj";0;6073;3;6076;NA;284672;3;2021-06-13;54108
2021-06-12;"Nitriansky kraj";2;8293;1;8294;NA;284672;3;2021-06-12;54105
2021-06-11;"Nitriansky kraj";6;6891;4;6895;NA;284672;10;2021-06-11;54102
2021-06-10;"Nitriansky kraj";14;4539;1;4540;NA;284672;15;2021-06-10;54092
2021-06-09;"Nitriansky kraj";4;4706;2;4708;NA;284672;6;2021-06-09;54077
2021-06-08;"Nitriansky kraj";16;4239;3;4242;NA;284672;19;2021-06-08;54071
2021-06-07;"Nitriansky kraj";12;5841;8;5849;NA;284672;20;2021-06-07;54052
2021-06-06;"Nitriansky kraj";0;6981;4;6985;NA;284672;4;2021-06-06;54032
2021-06-05;"Nitriansky kraj";12;9089;9;9098;NA;284672;21;2021-06-05;54028
2021-06-04;"Nitriansky kraj";18;7639;5;7644;NA;284672;23;2021-06-04;54007
2021-06-03;"Nitriansky kraj";4;5064;6;5070;NA;284672;10;2021-06-03;53984
2021-06-02;"Nitriansky kraj";22;5119;11;5130;NA;284672;33;2021-06-02;53974
2021-06-01;"Nitriansky kraj";6;4862;2;4864;NA;284672;8;2021-06-01;53941
2021-05-31;"Nitriansky kraj";16;8933;8;8941;NA;284672;24;2021-05-31;53933
2021-05-30;"Nitriansky kraj";2;9067;8;9075;NA;284672;10;2021-05-30;53909
2021-05-29;"Nitriansky kraj";4;13610;7;13617;NA;284672;11;2021-05-29;53899
2021-05-28;"Nitriansky kraj";20;8872;6;8878;NA;284672;26;2021-05-28;53888
2021-05-27;"Nitriansky kraj";8;6164;5;6169;NA;284672;13;2021-05-27;53862
2021-05-26;"Nitriansky kraj";22;8509;10;8519;NA;284672;32;2021-05-26;53849
2021-05-25;"Nitriansky kraj";30;7350;8;7358;NA;284672;38;2021-05-25;53817
2021-05-24;"Nitriansky kraj";28;9816;17;9833;NA;284672;45;2021-05-24;53779
2021-05-23;"Nitriansky kraj";2;9456;13;9469;NA;284672;15;2021-05-23;53734
2021-05-22;"Nitriansky kraj";14;16939;11;16950;NA;284672;25;2021-05-22;53719
2021-05-21;"Nitriansky kraj";36;10632;15;10647;NA;284672;51;2021-05-21;53694
2021-05-20;"Nitriansky kraj";16;7185;7;7192;NA;284672;23;2021-05-20;53643
2021-05-19;"Nitriansky kraj";40;6787;14;6801;NA;284672;54;2021-05-19;53620
2021-05-18;"Nitriansky kraj";46;7797;18;7815;NA;284672;64;2021-05-18;53566
2021-05-17;"Nitriansky kraj";44;9774;20;9794;NA;284672;64;2021-05-17;53502
2021-05-16;"Nitriansky kraj";8;13830;15;13845;NA;284672;23;2021-05-16;53438
2021-05-15;"Nitriansky kraj";10;25389;23;25412;NA;284672;33;2021-05-15;53415
2021-05-14;"Nitriansky kraj";36;13385;23;13408;NA;284672;59;2021-05-14;53382
2021-05-13;"Nitriansky kraj";48;8289;19;8308;NA;284672;67;2021-05-13;53323
2021-05-12;"Nitriansky kraj";20;7682;26;7708;NA;284672;46;2021-05-12;53256
2021-05-11;"Nitriansky kraj";72;8169;13;8182;NA;284672;85;2021-05-11;53210
2021-05-10;"Nitriansky kraj";32;13800;42;13842;NA;284672;74;2021-05-10;53125
2021-05-09;"Nitriansky kraj";16;21879;35;21914;NA;284672;51;2021-05-09;53051
2021-05-08;"Nitriansky kraj";0;24318;29;24347;NA;284672;29;2021-05-08;53000
2021-05-07;"Nitriansky kraj";64;14915;20;14935;NA;284672;84;2021-05-07;52971
2021-05-06;"Nitriansky kraj";60;9463;20;9483;NA;284672;80;2021-05-06;52887
2021-05-05;"Nitriansky kraj";38;8527;23;8550;NA;284672;61;2021-05-05;52807
2021-05-04;"Nitriansky kraj";92;9385;27;9412;NA;284672;119;2021-05-04;52746
2021-05-03;"Nitriansky kraj";64;14490;44;14534;NA;284672;108;2021-05-03;52627
2021-05-02;"Nitriansky kraj";8;31751;46;31797;NA;284672;54;2021-05-02;52519
2021-05-01;"Nitriansky kraj";46;60451;43;60494;NA;284672;89;2021-05-01;52465
2021-04-30;"Nitriansky kraj";56;31803;53;31856;NA;284672;109;2021-04-30;52376
2021-04-29;"Nitriansky kraj";54;14265;34;14299;NA;284672;88;2021-04-29;52267
2021-04-28;"Nitriansky kraj";72;14716;45;14761;NA;284672;117;2021-04-28;52179
2021-04-27;"Nitriansky kraj";102;13154;35;13189;NA;284672;137;2021-04-27;52062
2021-04-26;"Nitriansky kraj";76;21029;44;21073;NA;284672;120;2021-04-26;51925
2021-04-25;"Nitriansky kraj";14;44312;46;44358;NA;284672;60;2021-04-25;51805
2021-04-24;"Nitriansky kraj";46;93455;72;93527;NA;284672;118;2021-04-24;51745
2021-04-23;"Nitriansky kraj";108;35145;51;35196;NA;284672;159;2021-04-23;51627
2021-04-22;"Nitriansky kraj";64;15435;44;15479;NA;284672;108;2021-04-22;51468
2021-04-21;"Nitriansky kraj";76;14228;45;14273;NA;284672;121;2021-04-21;51360
2021-04-20;"Nitriansky kraj";134;16058;51;16109;NA;284672;185;2021-04-20;51239
2021-04-19;"Nitriansky kraj";70;24819;59;24878;NA;284672;129;2021-04-19;51054
2021-04-18;"Nitriansky kraj";0;39569;27;39596;NA;284672;27;2021-04-18;50925
2021-04-17;"Nitriansky kraj";68;92102;82;92184;NA;284672;150;2021-04-17;50898
2021-04-16;"Nitriansky kraj";92;32348;37;32385;NA;284672;129;2021-04-16;50748
2021-04-15;"Nitriansky kraj";150;16215;52;16267;NA;284672;202;2021-04-15;50619
2021-04-14;"Nitriansky kraj";86;15303;42;15345;NA;284672;128;2021-04-14;50417
2021-04-13;"Nitriansky kraj";220;15104;44;15148;NA;284672;264;2021-04-13;50289
2021-04-12;"Nitriansky kraj";58;22817;50;22867;NA;284672;108;2021-04-12;50025
2021-04-11;"Nitriansky kraj";2;37537;31;37568;NA;284672;33;2021-04-11;49917
2021-04-10;"Nitriansky kraj";70;95851;115;95966;NA;284672;185;2021-04-10;49884
2021-04-09;"Nitriansky kraj";138;30669;58;30727;NA;284672;196;2021-04-09;49699
2021-04-08;"Nitriansky kraj";142;15361;36;15397;NA;284672;178;2021-04-08;49503
2021-04-07;"Nitriansky kraj";128;18541;47;18588;NA;284672;175;2021-04-07;49325
2021-04-06;"Nitriansky kraj";130;33218;112;33330;NA;284672;242;2021-04-06;49150
2021-04-05;"Nitriansky kraj";74;12673;48;12721;NA;284672;122;2021-04-05;48908
2021-04-04;"Nitriansky kraj";10;17887;35;17922;NA;284672;45;2021-04-04;48786
2021-04-03;"Nitriansky kraj";52;85465;153;85618;NA;284672;205;2021-04-03;48741
2021-04-02;"Nitriansky kraj";64;18743;46;18789;NA;284672;110;2021-04-02;48536
2021-04-01;"Nitriansky kraj";126;24640;83;24723;NA;284672;209;2021-04-01;48426
2021-03-31;"Nitriansky kraj";146;21752;94;21846;NA;284672;240;2021-03-31;48217
2021-03-30;"Nitriansky kraj";250;17122;83;17205;NA;284672;333;2021-03-30;47977
2021-03-29;"Nitriansky kraj";162;25139;100;25239;NA;284672;262;2021-03-29;47644
2021-03-28;"Nitriansky kraj";12;45581;106;45687;NA;284672;118;2021-03-28;47382
2021-03-27;"Nitriansky kraj";78;104104;174;104278;NA;284672;252;2021-03-27;47264
2021-03-26;"Nitriansky kraj";180;40444;115;40559;NA;284672;295;2021-03-26;47012
2021-03-25;"Nitriansky kraj";190;19219;94;19313;NA;284672;284;2021-03-25;46717
2021-03-24;"Nitriansky kraj";180;14787;91;14878;NA;284672;271;2021-03-24;46433
2021-03-23;"Nitriansky kraj";334;16753;66;16819;NA;284672;400;2021-03-23;46162
2021-03-22;"Nitriansky kraj";202;24886;125;25011;NA;284672;327;2021-03-22;45762
2021-03-21;"Nitriansky kraj";54;42773;99;42872;NA;284672;153;2021-03-21;45435
2021-03-20;"Nitriansky kraj";72;100640;207;100847;NA;284672;279;2021-03-20;45282
2021-03-19;"Nitriansky kraj";152;37312;102;37414;NA;284672;254;2021-03-19;45003
2021-03-18;"Nitriansky kraj";206;20051;113;20164;NA;284672;319;2021-03-18;44749
2021-03-17;"Nitriansky kraj";174;15839;127;15966;NA;284672;301;2021-03-17;44430
2021-03-16;"Nitriansky kraj";344;18085;121;18206;NA;284672;465;2021-03-16;44129
2021-03-15;"Nitriansky kraj";260;24481;165;24646;NA;284672;425;2021-03-15;43664
2021-03-14;"Nitriansky kraj";6;45770;107;45877;NA;284672;113;2021-03-14;43239
2021-03-13;"Nitriansky kraj";130;112573;242;112815;NA;284672;372;2021-03-13;43126
2021-03-12;"Nitriansky kraj";254;40777;159;40936;NA;284672;413;2021-03-12;42754
2021-03-11;"Nitriansky kraj";262;18686;130;18816;NA;284672;392;2021-03-11;42341
2021-03-10;"Nitriansky kraj";192;17422;143;17565;NA;284672;335;2021-03-10;41949
2021-03-09;"Nitriansky kraj";520;17635;149;17784;NA;284672;669;2021-03-09;41614
2021-03-08;"Nitriansky kraj";290;27214;172;27386;NA;284672;462;2021-03-08;40945
2021-03-07;"Nitriansky kraj";96;46867;185;47052;NA;284672;281;2021-03-07;40483
2021-03-06;"Nitriansky kraj";172;112027;327;112354;NA;284672;499;2021-03-06;40202
2021-03-05;"Nitriansky kraj";266;39068;200;39268;NA;284672;466;2021-03-05;39703
2021-03-04;"Nitriansky kraj";352;18340;173;18513;NA;284672;525;2021-03-04;39237
2021-03-03;"Nitriansky kraj";344;17210;177;17387;NA;284672;521;2021-03-03;38712
2021-03-02;"Nitriansky kraj";548;21003;366;21369;NA;284672;914;2021-03-02;38191
2021-03-01;"Nitriansky kraj";266;27881;279;28160;NA;284672;545;2021-03-01;37277
2021-02-28;"Nitriansky kraj";160;40866;218;41084;NA;284672;378;2021-02-28;36732
2021-02-27;"Nitriansky kraj";202;106352;496;106848;NA;284672;698;2021-02-27;36354
2021-02-26;"Nitriansky kraj";218;36788;308;37096;NA;284672;526;2021-02-26;35656
2021-02-25;"Nitriansky kraj";376;15243;212;15455;NA;284672;588;2021-02-25;35130
2021-02-24;"Nitriansky kraj";250;13833;260;14093;NA;284672;510;2021-02-24;34542
2021-02-23;"Nitriansky kraj";546;15402;273;15675;NA;284672;819;2021-02-23;34032
2021-02-22;"Nitriansky kraj";308;26478;330;26808;NA;284672;638;2021-02-22;33213
2021-02-21;"Nitriansky kraj";44;43664;320;43984;NA;284672;364;2021-02-21;32575
2021-02-20;"Nitriansky kraj";256;109038;586;109624;NA;284672;842;2021-02-20;32211
2021-02-19;"Nitriansky kraj";346;36849;328;37177;NA;284672;674;2021-02-19;31369
2021-02-18;"Nitriansky kraj";404;17045;275;17320;NA;284672;679;2021-02-18;30695
2021-02-17;"Nitriansky kraj";396;12080;310;12390;NA;284672;706;2021-02-17;30016
2021-02-16;"Nitriansky kraj";568;16066;288;16354;NA;284672;856;2021-02-16;29310
2021-02-15;"Nitriansky kraj";244;28636;474;29110;NA;284672;718;2021-02-15;28454
2021-02-14;"Nitriansky kraj";16;49392;315;49707;NA;284672;331;2021-02-14;27736
2021-02-13;"Nitriansky kraj";254;110294;690;110984;NA;284672;944;2021-02-13;27405
2021-02-12;"Nitriansky kraj";324;33405;407;33812;NA;284672;731;2021-02-12;26461
2021-02-11;"Nitriansky kraj";390;12406;270;12676;NA;284672;660;2021-02-11;25730
2021-02-10;"Nitriansky kraj";372;17770;644;18414;NA;284672;1016;2021-02-10;25070
2021-02-09;"Nitriansky kraj";520;18530;385;18915;NA;284672;905;2021-02-09;24054
2021-02-08;"Nitriansky kraj";354;37530;569;38099;NA;284672;923;2021-02-08;23149
2021-02-07;"Nitriansky kraj";40;52307;513;52820;NA;284672;553;2021-02-07;22226
2021-02-06;"Nitriansky kraj";258;101439;764;102203;NA;284672;1022;2021-02-06;21673
2021-02-05;"Nitriansky kraj";488;26137;491;26628;NA;284672;979;2021-02-05;20651
2021-02-04;"Nitriansky kraj";616;15681;512;16193;NA;284672;1128;2021-02-04;19672
2021-02-03;"Nitriansky kraj";382;13459;382;13841;NA;284672;764;2021-02-03;18544
2021-02-02;"Nitriansky kraj";654;17880;382;18262;NA;284672;1036;2021-02-02;17780
2021-02-01;"Nitriansky kraj";442;24002;460;24462;NA;284672;902;2021-02-01;16744
2021-01-31;"Nitriansky kraj";18;46215;507;46722;NA;284672;525;2021-01-31;15842
2021-01-30;"Nitriansky kraj";304;99241;1090;100331;NA;284672;1394;2021-01-30;15317
2021-01-29;"Nitriansky kraj";604;22461;477;22938;NA;284672;1081;2021-01-29;13923
2021-01-28;"Nitriansky kraj";538;11370;398;11768;NA;284672;936;2021-01-28;12842
2021-01-27;"Nitriansky kraj";470;6758;299;7057;NA;284672;769;2021-01-27;11906
2021-01-26;"Nitriansky kraj";690;16015;454;16469;NA;284672;1144;2021-01-26;11137
2021-01-25;"Nitriansky kraj";402;21909;434;22343;NA;284672;836;2021-01-25;9993
2021-01-24;"Nitriansky kraj";24;79041;897;79938;NA;284672;921;2021-01-24;9157
2021-01-23;"Nitriansky kraj";554;97845;1446;99291;NA;284672;2000;2021-01-23;8236
2021-01-22;"Nitriansky kraj";278;35924;619;36543;NA;284672;897;2021-01-22;6236
2021-01-21;"Nitriansky kraj";610;14649;412;15061;NA;284672;1022;2021-01-21;5339
2021-01-20;"Nitriansky kraj";652;11991;625;12616;NA;284672;1277;2021-01-20;4317
2021-01-19;"Nitriansky kraj";688;11015;633;11648;NA;284672;1321;2021-01-19;3040
2021-01-18;"Nitriansky kraj";734;8901;519;9420;NA;284672;1253;2021-01-18;1719
2021-01-17;"Nitriansky kraj";194;15061;275;15336;NA;284672;469;2021-01-17;466
2021-01-16;"Nitriansky kraj";128;36838;679;37517;NA;284672;807;2021-01-16;-3
2021-01-15;"Nitriansky kraj";746;15940;474;16414;NA;284672;1220;2021-01-15;-810
2021-01-14;"Nitriansky kraj";1254;10577;452;11029;NA;284672;1706;2021-01-14;-2030
2021-01-13;"Nitriansky kraj";1326;9234;484;9718;NA;284672;1810;2021-01-13;-3736
2021-01-12;"Nitriansky kraj";1284;8805;545;9350;NA;284672;1829;2021-01-12;-5546
2021-01-11;"Nitriansky kraj";844;8347;513;8860;NA;284672;1357;2021-01-11;-7375
2021-01-10;"Nitriansky kraj";88;19841;730;20571;NA;284672;818;2021-01-10;-8732
2021-01-09;"Nitriansky kraj";1064;36823;1071;37894;NA;284672;2135;2021-01-09;-9550
2021-01-08;"Nitriansky kraj";1634;14001;691;14692;NA;284672;2325;2021-01-08;-11685
2021-01-07;"Nitriansky kraj";876;10121;795;10916;NA;284672;1671;2021-01-07;-14010
2021-01-06;"Nitriansky kraj";518;3192;197;3389;NA;284672;715;2021-01-06;-15681
2021-01-05;"Nitriansky kraj";1464;8918;1208;10126;NA;284672;2672;2021-01-05;-16396
2021-01-04;"Nitriansky kraj";724;8409;1287;9696;NA;284672;2011;2021-01-04;-19068
2021-01-03;"Nitriansky kraj";84;84;20;104;NA;284672;104;2021-01-03;-21079
2021-01-02;"Nitriansky kraj";498;1090;26;1116;NA;284672;524;2021-01-02;-21183
2021-01-01;"Nitriansky kraj";238;781;95;876;NA;284672;333;2021-01-01;-21707
2020-12-31;"Nitriansky kraj";1572;7646;962;8608;NA;284672;2534;2020-12-31;-22040
2020-12-30;"Nitriansky kraj";2188;9619;1165;10784;NA;284672;3353;2020-12-30;-24574
2020-12-29;"Nitriansky kraj";1214;8028;1245;9273;NA;284672;2459;2020-12-29;-27927
2020-12-28;"Nitriansky kraj";166;6804;1220;8024;NA;284672;1386;2020-12-28;-30386
2020-12-27;"Nitriansky kraj";44;60;8;68;NA;284672;52;2020-12-27;-31772
2020-12-26;"Nitriansky kraj";108;297;56;353;NA;284672;164;2020-12-26;-31824
2020-12-25;"Nitriansky kraj";70;60;11;71;NA;284672;81;2020-12-25;-31988
2020-12-24;"Nitriansky kraj";1028;1861;176;2037;NA;284672;1204;2020-12-24;-32069
2020-12-23;"Nitriansky kraj";698;14679;782;15461;NA;284672;1480;2020-12-23;-33273
2020-12-22;"Nitriansky kraj";1346;10623;949;11572;NA;284672;2295;2020-12-22;-34753
2020-12-21;"Nitriansky kraj";256;7587;931;8518;NA;284672;1187;2020-12-21;-37048
2020-12-20;"Nitriansky kraj";154;50;10;60;NA;284672;164;2020-12-20;-38235
2020-12-19;"Nitriansky kraj";524;2259;159;2418;NA;284672;683;2020-12-19;-38399
2020-12-18;"Nitriansky kraj";1024;7946;518;8464;NA;284672;1542;2020-12-18;-39082
2020-12-17;"Nitriansky kraj";1172;6519;486;7005;NA;284672;1658;2020-12-17;-40624
2020-12-16;"Nitriansky kraj";714;8097;500;8597;NA;284672;1214;2020-12-16;-42282
2020-12-15;"Nitriansky kraj";922;9084;750;9834;NA;284672;1672;2020-12-15;-43496
2020-12-14;"Nitriansky kraj";434;7816;797;8613;NA;284672;1231;2020-12-14;-45168
2020-12-13;"Nitriansky kraj";24;69;6;75;NA;284672;30;2020-12-13;-46399
2020-12-12;"Nitriansky kraj";682;1832;125;1957;NA;284672;807;2020-12-12;-46429
2020-12-11;"Nitriansky kraj";818;5117;384;5501;NA;284672;1202;2020-12-11;-47236
2020-12-10;"Nitriansky kraj";520;5239;345;5584;NA;284672;865;2020-12-10;-48438
2020-12-09;"Nitriansky kraj";362;5494;529;6023;NA;284672;891;2020-12-09;-49303
2020-12-08;"Nitriansky kraj";340;8168;548;8716;NA;284672;888;2020-12-08;-50194
2020-12-07;"Nitriansky kraj";139;6243;573;6816;NA;284672;712;2020-12-07;-51082
2020-12-06;"Nitriansky kraj";15;89;4;93;NA;284672;19;2020-12-06;-51794
2020-12-05;"Nitriansky kraj";136;1388;19;1407;NA;284672;155;2020-12-05;-51813
2020-12-04;"Nitriansky kraj";232;2884;74;2958;NA;284672;306;2020-12-04;-51968
2020-12-03;"Nitriansky kraj";248;2471;110;2581;NA;284672;358;2020-12-03;-52274
2020-12-02;"Nitriansky kraj";252;2580;151;2731;NA;284672;403;2020-12-02;-52632
2020-12-01;"Nitriansky kraj";331;2891;131;3022;NA;284672;462;2020-12-01;-53035
2020-11-30;"Nitriansky kraj";91;4228;188;4416;NA;284672;279;2020-11-30;-53497
2020-11-29;"Nitriansky kraj";3;634;42;676;NA;284672;45;2020-11-29;-53776
2020-11-28;"Nitriansky kraj";135;892;31;923;NA;284672;166;2020-11-28;-53821
2020-11-27;"Nitriansky kraj";177;2069;73;2142;NA;284672;250;2020-11-27;-53987
2020-11-26;"Nitriansky kraj";191;2813;80;2893;NA;284672;271;2020-11-26;-54237
2020-11-25;"Nitriansky kraj";325;2478;91;2569;NA;284672;416;2020-11-25;-54508
2020-11-24;"Nitriansky kraj";147;1641;64;1705;NA;284672;211;2020-11-24;-54924
2020-11-23;"Nitriansky kraj";102;9891;212;10103;NA;284672;314;2020-11-23;-55135
2020-11-22;"Nitriansky kraj";7;1176;25;1201;NA;284672;32;2020-11-22;-55449
2020-11-21;"Nitriansky kraj";86;1083;38;1121;NA;284672;124;2020-11-21;-55481
2020-11-20;"Nitriansky kraj";264;4180;103;4283;NA;284672;367;2020-11-20;-55605
2020-11-19;"Nitriansky kraj";185;3065;134;3199;NA;284672;319;2020-11-19;-55972
2020-11-18;"Nitriansky kraj";188;2214;79;2293;NA;284672;267;2020-11-18;-56291
2020-11-17;"Nitriansky kraj";178;596;29;625;NA;284672;207;2020-11-17;-56558
2020-11-16;"Nitriansky kraj";139;1877;75;1952;NA;284672;214;2020-11-16;-56765
2020-11-15;"Nitriansky kraj";14;180;5;185;NA;284672;19;2020-11-15;-56979
2020-11-14;"Nitriansky kraj";114;1131;32;1163;NA;284672;146;2020-11-14;-56998
2020-11-13;"Nitriansky kraj";210;936;46;982;NA;284672;256;2020-11-13;-57144
2020-11-12;"Nitriansky kraj";256;1195;35;1230;NA;284672;291;2020-11-12;-57400
2020-11-11;"Nitriansky kraj";279;1247;22;1269;NA;284672;301;2020-11-11;-57691
2020-11-10;"Nitriansky kraj";192;2623;39;2662;NA;284672;231;2020-11-10;-57992
2020-11-09;"Nitriansky kraj";128;3136;43;3179;NA;284672;171;2020-11-09;-58223
2020-11-08;"Nitriansky kraj";43;1462;32;1494;NA;284672;75;2020-11-08;-58394
2020-11-07;"Nitriansky kraj";130;1046;4;1050;NA;284672;134;2020-11-07;-58469
2020-11-06;"Nitriansky kraj";210;2264;32;2296;NA;284672;242;2020-11-06;-58603
2020-11-05;"Nitriansky kraj";178;313;14;327;NA;284672;192;2020-11-05;-58845
2020-11-04;"Nitriansky kraj";211;297;16;313;NA;284672;227;2020-11-04;-59037
2020-11-03;"Nitriansky kraj";216;435;25;460;NA;284672;241;2020-11-03;-59264
2020-11-02;"Nitriansky kraj";171;4208;46;4254;NA;284672;217;2020-11-02;-59505
2020-11-01;"Nitriansky kraj";130;2546;27;2573;NA;284672;157;2020-11-01;-59722
2020-10-31;"Nitriansky kraj";261;10466;134;10600;NA;284672;395;2020-10-31;-59879
2020-10-30;"Nitriansky kraj";204;2593;42;2635;NA;284672;246;2020-10-30;-60274
2020-10-29;"Nitriansky kraj";293;841;39;880;NA;284672;332;2020-10-29;-60520
2020-10-28;"Nitriansky kraj";216;608;59;667;NA;284672;275;2020-10-28;-60852
2020-10-27;"Nitriansky kraj";296;550;47;597;NA;284672;343;2020-10-27;-61127
2020-10-26;"Nitriansky kraj";69;633;56;689;NA;284672;125;2020-10-26;-61470
2020-10-25;"Nitriansky kraj";50;62;8;70;NA;284672;58;2020-10-25;-61595
2020-10-24;"Nitriansky kraj";169;237;11;248;NA;284672;180;2020-10-24;-61653
2020-10-23;"Nitriansky kraj";282;762;41;803;NA;284672;323;2020-10-23;-61833
2020-10-22;"Nitriansky kraj";137;444;39;483;NA;284672;176;2020-10-22;-62156
2020-10-21;"Nitriansky kraj";146;208;3;211;NA;284672;149;2020-10-21;-62332
2020-10-20;"Nitriansky kraj";197;78;6;84;NA;284672;203;2020-10-20;-62481
2020-10-19;"Nitriansky kraj";148;79;1;80;NA;284672;149;2020-10-19;-62684
2020-10-18;"Nitriansky kraj";22;0;0;0;NA;284672;22;2020-10-18;-62833
2020-10-17;"Nitriansky kraj";67;0;0;0;NA;284672;67;2020-10-17;-62855
2020-10-16;"Nitriansky kraj";133;28;3;31;NA;284672;136;2020-10-16;-62922
2020-10-15;"Nitriansky kraj";106;31;2;33;NA;284672;108;2020-10-15;-63058
2020-10-14;"Nitriansky kraj";80;22;4;26;NA;284672;84;2020-10-14;-63166
2020-10-13;"Nitriansky kraj";101;82;2;84;NA;284672;103;2020-10-13;-63250
2020-10-12;"Nitriansky kraj";36;0;0;0;NA;284672;36;2020-10-12;-63353
2020-10-11;"Nitriansky kraj";8;0;0;0;NA;284672;8;2020-10-11;-63389
2020-10-10;"Nitriansky kraj";107;0;0;0;NA;284672;107;2020-10-10;-63397
2020-10-09;"Nitriansky kraj";120;0;0;0;NA;284672;120;2020-10-09;-63504
2020-10-08;"Nitriansky kraj";132;0;0;0;NA;284672;132;2020-10-08;-63624
2020-10-07;"Nitriansky kraj";81;0;0;0;NA;284672;81;2020-10-07;-63756
2020-10-06;"Nitriansky kraj";48;0;0;0;NA;284672;48;2020-10-06;-63837
2020-10-05;"Nitriansky kraj";20;0;0;0;NA;284672;20;2020-10-05;-63885
2020-10-04;"Nitriansky kraj";17;0;0;0;NA;284672;17;2020-10-04;-63905
2020-10-03;"Nitriansky kraj";96;0;0;0;NA;284672;96;2020-10-03;-63922
2020-10-02;"Nitriansky kraj";108;0;0;0;NA;284672;108;2020-10-02;-64018
2020-10-01;"Nitriansky kraj";95;0;0;0;NA;284672;95;2020-10-01;-64126
2020-09-30;"Nitriansky kraj";100;0;0;0;NA;284672;100;2020-09-30;-64221
2020-09-29;"Nitriansky kraj";50;0;0;0;NA;284672;50;2020-09-29;-64321
2020-09-28;"Nitriansky kraj";22;0;0;0;NA;284672;22;2020-09-28;-64371
2020-09-27;"Nitriansky kraj";16;0;0;0;NA;284672;16;2020-09-27;-64393
2020-09-26;"Nitriansky kraj";64;0;0;0;NA;284672;64;2020-09-26;-64409
2020-09-25;"Nitriansky kraj";90;0;0;0;NA;284672;90;2020-09-25;-64473
2020-09-24;"Nitriansky kraj";51;0;0;0;NA;284672;51;2020-09-24;-64563
2020-09-23;"Nitriansky kraj";70;0;0;0;NA;284672;70;2020-09-23;-64614
2020-09-22;"Nitriansky kraj";18;0;0;0;NA;284672;18;2020-09-22;-64684
2020-09-21;"Nitriansky kraj";10;0;0;0;NA;284672;10;2020-09-21;-64702
2020-09-20;"Nitriansky kraj";4;0;0;0;NA;284672;4;2020-09-20;-64712
2020-09-19;"Nitriansky kraj";14;0;0;0;NA;284672;14;2020-09-19;-64716
2020-09-18;"Nitriansky kraj";19;0;0;0;NA;284672;19;2020-09-18;-64730
2020-09-17;"Nitriansky kraj";30;0;0;0;NA;284672;30;2020-09-17;-64749
2020-09-16;"Nitriansky kraj";6;0;0;0;NA;284672;6;2020-09-16;-64779
2020-09-15;"Nitriansky kraj";19;0;0;0;NA;284672;19;2020-09-15;-64785
2020-09-14;"Nitriansky kraj";28;0;0;0;NA;284672;28;2020-09-14;-64804
2020-09-13;"Nitriansky kraj";3;0;0;0;NA;284672;3;2020-09-13;-64832
2020-09-12;"Nitriansky kraj";12;0;0;0;NA;284672;12;2020-09-12;-64835
2020-09-11;"Nitriansky kraj";23;0;0;0;NA;284672;23;2020-09-11;-64847
2020-09-10;"Nitriansky kraj";29;0;0;0;NA;284672;29;2020-09-10;-64870
2020-09-09;"Nitriansky kraj";19;0;0;0;NA;284672;19;2020-09-09;-64899
2020-09-08;"Nitriansky kraj";17;0;0;0;NA;284672;17;2020-09-08;-64918
2020-09-07;"Nitriansky kraj";17;0;0;0;NA;284672;17;2020-09-07;-64935
2020-09-06;"Nitriansky kraj";0;0;0;0;NA;284672;0;2020-09-06;-64952
2020-09-05;"Nitriansky kraj";22;0;0;0;NA;284672;22;2020-09-05;-64952
2020-09-04;"Nitriansky kraj";34;0;0;0;NA;284672;34;2020-09-04;-64974
2020-09-03;"Nitriansky kraj";15;0;0;0;NA;284672;15;2020-09-03;-65008
2020-09-02;"Nitriansky kraj";15;0;0;0;NA;284672;15;2020-09-02;-65023
2020-09-01;"Nitriansky kraj";2;0;0;0;NA;284672;2;2020-09-01;-65038
2020-08-31;"Nitriansky kraj";12;0;0;0;NA;284672;12;2020-08-31;-65040
2020-08-30;"Nitriansky kraj";1;0;0;0;NA;284672;1;2020-08-30;-65052
2020-08-29;"Nitriansky kraj";7;46;0;46;NA;284672;7;2020-08-29;-65053
2020-08-28;"Nitriansky kraj";12;0;0;0;NA;284672;12;2020-08-28;-65060
2020-08-27;"Nitriansky kraj";12;0;0;0;NA;284672;12;2020-08-27;-65072
2020-08-26;"Nitriansky kraj";4;0;0;0;NA;284672;4;2020-08-26;-65084
2020-08-25;"Nitriansky kraj";8;0;0;0;NA;284672;8;2020-08-25;-65088
2020-08-24;"Nitriansky kraj";1;0;0;0;NA;284672;1;2020-08-24;-65096
2020-08-23;"Nitriansky kraj";1;0;0;0;NA;284672;1;2020-08-23;-65097
2020-08-22;"Nitriansky kraj";2;0;0;0;NA;284672;2;2020-08-22;-65098
2020-08-21;"Nitriansky kraj";0;0;0;0;NA;284672;0;2020-08-21;-65100
2020-08-20;"Nitriansky kraj";7;0;0;0;NA;284672;7;2020-08-20;-65100
2020-08-19;"Nitriansky kraj";1;0;0;0;NA;284672;1;2020-08-19;-65107
2020-08-18;"Nitriansky kraj";2;0;0;0;NA;284672;2;2020-08-18;-65108
2020-08-17;"Nitriansky kraj";1;0;0;0;NA;284672;1;2020-08-17;-65110
2020-08-16;"Nitriansky kraj";0;0;0;0;NA;284672;0;2020-08-16;-65111
2020-08-15;"Nitriansky kraj";2;0;0;0;NA;284672;2;2020-08-15;-65111
2020-08-14;"Nitriansky kraj";1;0;0;0;NA;284672;1;2020-08-14;-65113
2020-08-13;"Nitriansky kraj";4;0;0;0;NA;284672;4;2020-08-13;-65114
2020-08-12;"Nitriansky kraj";0;0;0;0;NA;284672;0;2020-08-12;-65118
2020-08-11;"Nitriansky kraj";1;0;0;0;NA;284672;1;2020-08-11;-65118
2020-08-10;"Nitriansky kraj";0;0;0;0;NA;284672;0;2020-08-10;-65119
2020-08-09;"Nitriansky kraj";0;0;0;0;NA;284672;0;2020-08-09;-65119
2020-08-08;"Nitriansky kraj";0;0;0;0;NA;284672;0;2020-08-08;-65119
2020-08-07;"Nitriansky kraj";4;0;0;0;NA;284672;4;2020-08-07;-65119
2020-08-06;"Nitriansky kraj";4;0;0;0;NA;284672;4;2020-08-06;-65123
2020-08-05;"Nitriansky kraj";0;0;0;0;NA;284672;0;2020-08-05;-65127
2020-08-04;"Nitriansky kraj";7;0;0;0;NA;284672;7;2020-08-04;-65127
2020-08-03;"Nitriansky kraj";0;0;0;0;NA;284672;0;2020-08-03;-65134
2020-08-02;"Nitriansky kraj";0;0;0;0;NA;284672;0;2020-08-02;-65134
2020-08-01;"Nitriansky kraj";0;0;0;0;NA;284672;0;2020-08-01;-65134
2020-07-31;"Nitriansky kraj";0;0;0;0;NA;284672;0;2020-07-31;-65134
2020-07-30;"Nitriansky kraj";0;0;0;0;NA;284672;0;2020-07-30;-65134
2020-07-29;"Nitriansky kraj";0;0;0;0;NA;284672;0;2020-07-29;-65134
2020-07-28;"Nitriansky kraj";0;0;0;0;NA;284672;0;2020-07-28;-65134
2020-07-27;"Nitriansky kraj";0;0;0;0;NA;284672;0;2020-07-27;-65134
2020-07-26;"Nitriansky kraj";0;0;0;0;NA;284672;0;2020-07-26;-65134
2020-07-25;"Nitriansky kraj";0;0;0;0;NA;284672;0;2020-07-25;-65134
2020-07-24;"Nitriansky kraj";1;0;0;0;NA;284672;1;2020-07-24;-65134
2020-07-23;"Nitriansky kraj";3;0;0;0;NA;284672;3;2020-07-23;-65135
2020-07-22;"Nitriansky kraj";2;0;0;0;NA;284672;2;2020-07-22;-65138
2020-07-21;"Nitriansky kraj";14;0;0;0;NA;284672;14;2020-07-21;-65140
2020-07-20;"Nitriansky kraj";11;0;0;0;NA;284672;11;2020-07-20;-65154
2020-07-19;"Nitriansky kraj";0;0;0;0;NA;284672;0;2020-07-19;-65165
2020-07-18;"Nitriansky kraj";0;0;0;0;NA;284672;0;2020-07-18;-65165
2020-07-17;"Nitriansky kraj";0;0;0;0;NA;284672;0;2020-07-17;-65165
2020-07-16;"Nitriansky kraj";4;0;0;0;NA;284672;4;2020-07-16;-65165
2020-07-15;"Nitriansky kraj";5;0;0;0;NA;284672;5;2020-07-15;-65169
2020-07-14;"Nitriansky kraj";0;0;0;0;NA;284672;0;2020-07-14;-65174
2020-07-13;"Nitriansky kraj";0;0;0;0;NA;284672;0;2020-07-13;-65174
2020-07-12;"Nitriansky kraj";0;0;0;0;NA;284672;0;2020-07-12;-65174
2020-07-11;"Nitriansky kraj";0;0;0;0;NA;284672;0;2020-07-11;-65174
2020-07-10;"Nitriansky kraj";0;0;0;0;NA;284672;0;2020-07-10;-65174
2020-07-09;"Nitriansky kraj";1;0;0;0;NA;284672;1;2020-07-09;-65174
2020-07-08;"Nitriansky kraj";2;0;0;0;NA;284672;2;2020-07-08;-65175
2020-07-07;"Nitriansky kraj";0;0;0;0;NA;284672;0;2020-07-07;-65177
2020-07-06;"Nitriansky kraj";0;0;0;0;NA;284672;0;2020-07-06;-65177
2020-07-05;"Nitriansky kraj";0;0;0;0;NA;284672;0;2020-07-05;-65177
2020-07-04;"Nitriansky kraj";0;0;0;0;NA;284672;0;2020-07-04;-65177
2020-07-03;"Nitriansky kraj";0;0;0;0;NA;284672;0;2020-07-03;-65177
2020-07-02;"Nitriansky kraj";0;0;0;0;NA;284672;0;2020-07-02;-65177
2020-07-01;"Nitriansky kraj";3;0;0;0;NA;284672;3;2020-07-01;-65177
2020-06-30;"Nitriansky kraj";0;0;0;0;NA;284672;0;2020-06-30;-65180
2020-06-29;"Nitriansky kraj";0;0;0;0;NA;284672;0;2020-06-29;-65180
2020-06-28;"Nitriansky kraj";0;0;0;0;NA;284672;0;2020-06-28;-65180
2020-06-27;"Nitriansky kraj";0;0;0;0;NA;284672;0;2020-06-27;-65180
2020-06-26;"Nitriansky kraj";0;0;0;0;NA;284672;0;2020-06-26;-65180
2020-06-25;"Nitriansky kraj";0;0;0;0;NA;284672;0;2020-06-25;-65180
2020-06-24;"Nitriansky kraj";1;0;0;0;NA;284672;1;2020-06-24;-65180
2020-06-23;"Nitriansky kraj";0;0;0;0;NA;284672;0;2020-06-23;-65181
2020-06-22;"Nitriansky kraj";0;0;0;0;NA;284672;0;2020-06-22;-65181
2020-06-21;"Nitriansky kraj";0;0;0;0;NA;284672;0;2020-06-21;-65181
2020-06-20;"Nitriansky kraj";0;0;0;0;NA;284672;0;2020-06-20;-65181
2020-06-19;"Nitriansky kraj";0;0;0;0;NA;284672;0;2020-06-19;-65181
2020-06-18;"Nitriansky kraj";0;0;0;0;NA;284672;0;2020-06-18;-65181
2020-06-17;"Nitriansky kraj";0;0;0;0;NA;284672;0;2020-06-17;-65181
2020-06-16;"Nitriansky kraj";0;0;0;0;NA;284672;0;2020-06-16;-65181
2020-06-14;"Nitriansky kraj";0;0;0;0;NA;284672;0;2020-06-14;-65181
2020-06-13;"Nitriansky kraj";0;0;0;0;NA;284672;0;2020-06-13;-65181
2020-06-12;"Nitriansky kraj";0;0;0;0;NA;284672;0;2020-06-12;-65181
2020-06-11;"Nitriansky kraj";0;0;0;0;NA;284672;0;2020-06-11;-65181
2020-06-10;"Nitriansky kraj";1;0;0;0;NA;284672;1;2020-06-10;-65181
2020-06-09;"Nitriansky kraj";1;0;0;0;NA;284672;1;2020-06-09;-65182
2020-06-08;"Nitriansky kraj";0;0;0;0;NA;284672;0;2020-06-08;-65183
2020-06-07;"Nitriansky kraj";0;0;0;0;NA;284672;0;2020-06-07;-65183
2020-06-05;"Nitriansky kraj";0;0;0;0;NA;284672;0;2020-06-05;-65183
2020-06-03;"Nitriansky kraj";0;0;0;0;NA;284672;0;2020-06-03;-65183
2020-06-02;"Nitriansky kraj";1;0;0;0;NA;284672;1;2020-06-02;-65183
2020-05-31;"Nitriansky kraj";0;0;0;0;NA;284672;0;2020-05-31;-65184
2020-05-29;"Nitriansky kraj";0;0;0;0;NA;284672;0;2020-05-29;-65184
2020-05-27;"Nitriansky kraj";0;0;0;0;NA;284672;0;2020-05-27;-65184
2020-05-26;"Nitriansky kraj";0;0;0;0;NA;284672;0;2020-05-26;-65184
2020-05-25;"Nitriansky kraj";0;0;0;0;NA;284672;0;2020-05-25;-65184
2020-05-24;"Nitriansky kraj";2;0;0;0;NA;284672;2;2020-05-24;-65184
2020-05-23;"Nitriansky kraj";0;0;0;0;NA;284672;0;2020-05-23;-65186
2020-05-22;"Nitriansky kraj";1;0;0;0;NA;284672;1;2020-05-22;-65186
2020-05-21;"Nitriansky kraj";0;0;0;0;NA;284672;0;2020-05-21;-65187
2020-05-20;"Nitriansky kraj";0;0;0;0;NA;284672;0;2020-05-20;-65187
2020-05-19;"Nitriansky kraj";0;0;0;0;NA;284672;0;2020-05-19;-65187
2020-05-17;"Nitriansky kraj";0;0;0;0;NA;284672;0;2020-05-17;-65187
2020-05-16;"Nitriansky kraj";0;0;0;0;NA;284672;0;2020-05-16;-65187
2020-05-15;"Nitriansky kraj";1;0;0;0;NA;284672;1;2020-05-15;-65187
2020-05-14;"Nitriansky kraj";0;0;0;0;NA;284672;0;2020-05-14;-65188
2020-05-13;"Nitriansky kraj";0;0;0;0;NA;284672;0;2020-05-13;-65188
2020-05-12;"Nitriansky kraj";0;0;0;0;NA;284672;0;2020-05-12;-65188
2020-05-11;"Nitriansky kraj";2;0;0;0;NA;284672;2;2020-05-11;-65188
2020-05-09;"Nitriansky kraj";0;0;0;0;NA;284672;0;2020-05-09;-65190
2020-05-07;"Nitriansky kraj";1;0;0;0;NA;284672;1;2020-05-07;-65190
2020-05-06;"Nitriansky kraj";9;0;0;0;NA;284672;9;2020-05-06;-65191
2020-05-05;"Nitriansky kraj";0;0;0;0;NA;284672;0;2020-05-05;-65200
2020-05-04;"Nitriansky kraj";5;0;0;0;NA;284672;5;2020-05-04;-65200
2020-05-03;"Nitriansky kraj";2;0;0;0;NA;284672;2;2020-05-03;-65205
2020-05-02;"Nitriansky kraj";0;0;0;0;NA;284672;0;2020-05-02;-65207
2020-05-01;"Nitriansky kraj";1;0;0;0;NA;284672;1;2020-05-01;-65207
2020-04-30;"Nitriansky kraj";0;0;0;0;NA;284672;0;2020-04-30;-65208
2020-04-29;"Nitriansky kraj";0;0;0;0;NA;284672;0;2020-04-29;-65208
2020-04-28;"Nitriansky kraj";1;0;0;0;NA;284672;1;2020-04-28;-65208
2020-04-27;"Nitriansky kraj";0;0;0;0;NA;284672;0;2020-04-27;-65209
2020-04-26;"Nitriansky kraj";0;0;0;0;NA;284672;0;2020-04-26;-65209
2020-04-25;"Nitriansky kraj";0;0;0;0;NA;284672;0;2020-04-25;-65209
2020-04-24;"Nitriansky kraj";0;0;0;0;NA;284672;0;2020-04-24;-65209
2020-04-23;"Nitriansky kraj";3;0;0;0;NA;284672;3;2020-04-23;-65209
2020-04-22;"Nitriansky kraj";16;0;0;0;NA;284672;16;2020-04-22;-65212
2020-04-21;"Nitriansky kraj";6;0;0;0;NA;284672;6;2020-04-21;-65228
2020-04-20;"Nitriansky kraj";5;0;0;0;NA;284672;5;2020-04-20;-65234
2020-04-19;"Nitriansky kraj";0;0;0;0;NA;284672;0;2020-04-19;-65239
2020-04-18;"Nitriansky kraj";0;0;0;0;NA;284672;0;2020-04-18;-65239
2020-04-17;"Nitriansky kraj";7;0;0;0;NA;284672;7;2020-04-17;-65239
2020-04-16;"Nitriansky kraj";0;0;0;0;NA;284672;0;2020-04-16;-65246
2020-04-15;"Nitriansky kraj";6;0;0;0;NA;284672;6;2020-04-15;-65246
2020-04-14;"Nitriansky kraj";2;0;0;0;NA;284672;2;2020-04-14;-65252
2020-04-13;"Nitriansky kraj";1;0;0;0;NA;284672;1;2020-04-13;-65254
2020-04-12;"Nitriansky kraj";3;0;0;0;NA;284672;3;2020-04-12;-65255
2020-04-11;"Nitriansky kraj";1;0;0;0;NA;284672;1;2020-04-11;-65258
2020-04-10;"Nitriansky kraj";1;0;0;0;NA;284672;1;2020-04-10;-65259
2020-04-09;"Nitriansky kraj";0;0;0;0;NA;284672;0;2020-04-09;-65260
2020-04-08;"Nitriansky kraj";2;0;0;0;NA;284672;2;2020-04-08;-65260
2020-04-07;"Nitriansky kraj";3;0;0;0;NA;284672;3;2020-04-07;-65262
2020-04-06;"Nitriansky kraj";4;0;0;0;NA;284672;4;2020-04-06;-65265
2020-04-05;"Nitriansky kraj";5;0;0;0;NA;284672;5;2020-04-05;-65269
2020-04-04;"Nitriansky kraj";0;0;0;0;NA;284672;0;2020-04-04;-65274
2020-04-03;"Nitriansky kraj";0;0;0;0;NA;284672;0;2020-04-03;-65274
2020-04-02;"Nitriansky kraj";1;0;0;0;NA;284672;1;2020-04-02;-65274
2020-04-01;"Nitriansky kraj";0;0;0;0;NA;284672;0;2020-04-01;-65275
2020-03-31;"Nitriansky kraj";3;0;0;0;NA;284672;3;2020-03-31;-65275
2020-03-30;"Nitriansky kraj";3;0;0;0;NA;284672;3;2020-03-30;-65278
2020-03-29;"Nitriansky kraj";3;0;0;0;NA;284672;3;2020-03-29;-65281
2020-03-28;"Nitriansky kraj";1;0;0;0;NA;284672;1;2020-03-28;-65284
2020-03-27;"Nitriansky kraj";1;0;0;0;NA;284672;1;2020-03-27;-65285
2020-03-26;"Nitriansky kraj";1;0;0;0;NA;284672;1;2020-03-26;-65286
2020-03-25;"Nitriansky kraj";1;0;0;0;NA;284672;1;2020-03-25;-65287
2020-03-24;"Nitriansky kraj";0;0;0;0;NA;284672;0;2020-03-24;-65288
2020-03-23;"Nitriansky kraj";2;0;0;0;NA;284672;2;2020-03-23;-65288
2020-03-22;"Nitriansky kraj";2;0;0;0;NA;284672;2;2020-03-22;-65290
2020-03-21;"Nitriansky kraj";2;0;0;0;NA;284672;2;2020-03-21;-65292
2020-03-20;"Nitriansky kraj";1;0;0;0;NA;284672;1;2020-03-20;-65294
2020-03-19;"Nitriansky kraj";1;0;0;0;NA;284672;1;2020-03-19;-65295
2020-03-18;"Nitriansky kraj";2;0;0;0;NA;284672;2;2020-03-18;-65296
2020-03-17;"Nitriansky kraj";1;0;0;0;NA;284672;1;2020-03-17;-65298
2020-03-16;"Nitriansky kraj";0;0;0;0;NA;284672;0;2020-03-16;-65299
2020-03-15;"Nitriansky kraj";4;0;0;0;NA;284672;4;2020-03-15;-65299
2020-03-14;"Nitriansky kraj";1;0;0;0;NA;284672;1;2020-03-14;-65303
2020-03-13;"Nitriansky kraj";0;0;0;0;NA;284672;0;2020-03-13;-65304
2020-03-12;"Nitriansky kraj";0;0;0;0;NA;284672;0;2020-03-12;-65304
2020-03-11;"Nitriansky kraj";0;0;0;0;NA;284672;0;2020-03-11;-65304
2020-03-09;"Nitriansky kraj";0;0;0;0;NA;284672;0;2020-03-09;-65304
2020-03-08;"Nitriansky kraj";0;0;0;0;NA;284672;0;2020-03-08;-65304
2020-03-07;"Nitriansky kraj";0;0;0;0;NA;284672;0;2020-03-07;-65304
2020-03-06;"Nitriansky kraj";0;0;0;0;NA;284672;0;2020-03-06;-65304
2022-06-15;"Prešovský kraj";36;127;9;136;263203;366252;45;2022-06-15;366252
2022-06-14;"Prešovský kraj";28;194;11;205;NA;366252;39;2022-06-14;366207
2022-06-13;"Prešovský kraj";20;370;36;406;NA;366252;56;2022-06-13;366168
2022-06-12;"Prešovský kraj";1;97;2;99;NA;366252;3;2022-06-12;366112
2022-06-11;"Prešovský kraj";8;33;0;33;NA;366252;8;2022-06-11;366109
2022-06-10;"Prešovský kraj";36;171;6;177;NA;366252;42;2022-06-10;366101
2022-06-09;"Prešovský kraj";26;223;4;227;NA;366252;30;2022-06-09;366059
2022-06-08;"Prešovský kraj";28;218;4;222;NA;366252;32;2022-06-08;366029
2022-06-07;"Prešovský kraj";29;226;10;236;NA;366252;39;2022-06-07;365997
2022-06-06;"Prešovský kraj";28;436;26;462;NA;366252;54;2022-06-06;365958
2022-06-05;"Prešovský kraj";0;35;2;37;NA;366252;2;2022-06-05;365904
2022-06-04;"Prešovský kraj";13;39;3;42;NA;366252;16;2022-06-04;365902
2022-06-03;"Prešovský kraj";26;133;13;146;NA;366252;39;2022-06-03;365886
2022-06-02;"Prešovský kraj";22;223;11;234;NA;366252;33;2022-06-02;365847
2022-06-01;"Prešovský kraj";28;274;7;281;NA;366252;35;2022-06-01;365814
2022-05-31;"Prešovský kraj";15;241;3;244;NA;366252;18;2022-05-31;365779
2022-05-30;"Prešovský kraj";12;493;31;524;NA;366252;43;2022-05-30;365761
2022-05-29;"Prešovský kraj";1;48;3;51;NA;366252;4;2022-05-29;365718
2022-05-28;"Prešovský kraj";18;44;1;45;NA;366252;19;2022-05-28;365714
2022-05-27;"Prešovský kraj";25;131;12;143;NA;366252;37;2022-05-27;365695
2022-05-26;"Prešovský kraj";26;314;19;333;NA;366252;45;2022-05-26;365658
2022-05-25;"Prešovský kraj";22;236;11;247;NA;366252;33;2022-05-25;365613
2022-05-24;"Prešovský kraj";31;273;18;291;NA;366252;49;2022-05-24;365580
2022-05-23;"Prešovský kraj";27;623;38;661;NA;366252;65;2022-05-23;365531
2022-05-22;"Prešovský kraj";4;44;2;46;NA;366252;6;2022-05-22;365466
2022-05-21;"Prešovský kraj";19;92;0;92;NA;366252;19;2022-05-21;365460
2022-05-20;"Prešovský kraj";31;343;22;365;NA;366252;53;2022-05-20;365441
2022-05-19;"Prešovský kraj";21;272;7;279;NA;366252;28;2022-05-19;365388
2022-05-18;"Prešovský kraj";42;285;8;293;NA;366252;50;2022-05-18;365360
2022-05-17;"Prešovský kraj";31;288;13;301;NA;366252;44;2022-05-17;365310
2022-05-16;"Prešovský kraj";28;549;57;606;NA;366252;85;2022-05-16;365266
2022-05-15;"Prešovský kraj";4;95;8;103;NA;366252;12;2022-05-15;365181
2022-05-14;"Prešovský kraj";30;134;5;139;NA;366252;35;2022-05-14;365169
2022-05-13;"Prešovský kraj";33;314;13;327;NA;366252;46;2022-05-13;365134
2022-05-12;"Prešovský kraj";38;352;19;371;NA;366252;57;2022-05-12;365088
2022-05-11;"Prešovský kraj";51;348;16;364;NA;366252;67;2022-05-11;365031
2022-05-10;"Prešovský kraj";80;630;43;673;NA;366252;123;2022-05-10;364964
2022-05-09;"Prešovský kraj";28;566;45;611;NA;366252;73;2022-05-09;364841
2022-05-08;"Prešovský kraj";3;105;5;110;NA;366252;8;2022-05-08;364768
2022-05-07;"Prešovský kraj";27;122;8;130;NA;366252;35;2022-05-07;364760
2022-05-06;"Prešovský kraj";52;476;32;508;NA;366252;84;2022-05-06;364725
2022-05-05;"Prešovský kraj";58;409;17;426;NA;366252;75;2022-05-05;364641
2022-05-04;"Prešovský kraj";61;588;48;636;NA;366252;109;2022-05-04;364566
2022-05-03;"Prešovský kraj";96;846;28;874;NA;366252;124;2022-05-03;364457
2022-05-02;"Prešovský kraj";112;839;42;881;NA;366252;154;2022-05-02;364333
2022-05-01;"Prešovský kraj";13;164;12;176;NA;366252;25;2022-05-01;364179
2022-04-30;"Prešovský kraj";117;287;13;300;NA;366252;130;2022-04-30;364154
2022-04-29;"Prešovský kraj";150;841;31;872;NA;366252;181;2022-04-29;364024
2022-04-28;"Prešovský kraj";96;856;34;890;NA;366252;130;2022-04-28;363843
2022-04-27;"Prešovský kraj";177;1061;32;1093;NA;366252;209;2022-04-27;363713
2022-04-26;"Prešovský kraj";197;1106;38;1144;NA;366252;235;2022-04-26;363504
2022-04-25;"Prešovský kraj";229;1343;54;1397;NA;366252;283;2022-04-25;363269
2022-04-24;"Prešovský kraj";56;279;8;287;NA;366252;64;2022-04-24;362986
2022-04-23;"Prešovský kraj";121;277;11;288;NA;366252;132;2022-04-23;362922
2022-04-22;"Prešovský kraj";226;908;41;949;NA;366252;267;2022-04-22;362790
2022-04-21;"Prešovský kraj";193;1340;38;1378;NA;366252;231;2022-04-21;362523
2022-04-20;"Prešovský kraj";305;1236;40;1276;NA;366252;345;2022-04-20;362292
2022-04-19;"Prešovský kraj";332;1489;68;1557;NA;366252;400;2022-04-19;361947
2022-04-18;"Prešovský kraj";74;299;43;342;NA;366252;117;2022-04-18;361547
2022-04-17;"Prešovský kraj";117;172;10;182;NA;366252;127;2022-04-17;361430
2022-04-16;"Prešovský kraj";93;285;30;315;NA;366252;123;2022-04-16;361303
2022-04-15;"Prešovský kraj";125;207;1;208;NA;366252;126;2022-04-15;361180
2022-04-14;"Prešovský kraj";303;934;47;981;NA;366252;350;2022-04-14;361054
2022-04-13;"Prešovský kraj";352;1093;54;1147;NA;366252;406;2022-04-13;360704
2022-04-12;"Prešovský kraj";208;1222;58;1280;NA;366252;266;2022-04-12;360298
2022-04-11;"Prešovský kraj";437;1983;104;2087;NA;366252;541;2022-04-11;360032
2022-04-10;"Prešovský kraj";97;421;40;461;NA;366252;137;2022-04-10;359491
2022-04-09;"Prešovský kraj";234;346;42;388;NA;366252;276;2022-04-09;359354
2022-04-08;"Prešovský kraj";368;1290;86;1376;NA;366252;454;2022-04-08;359078
2022-04-07;"Prešovský kraj";442;1324;82;1406;NA;366252;524;2022-04-07;358624
2022-04-06;"Prešovský kraj";582;1297;96;1393;NA;366252;678;2022-04-06;358100
2022-04-05;"Prešovský kraj";596;1734;99;1833;NA;366252;695;2022-04-05;357422
2022-04-04;"Prešovský kraj";804;2064;169;2233;NA;366252;973;2022-04-04;356727
2022-04-03;"Prešovský kraj";159;579;76;655;NA;366252;235;2022-04-03;355754
2022-04-02;"Prešovský kraj";359;408;41;449;NA;366252;400;2022-04-02;355519
2022-04-01;"Prešovský kraj";621;1407;120;1527;NA;366252;741;2022-04-01;355119
2022-03-31;"Prešovský kraj";717;2187;132;2319;NA;366252;849;2022-03-31;354378
2022-03-30;"Prešovský kraj";973;2061;154;2215;NA;366252;1127;2022-03-30;353529
2022-03-29;"Prešovský kraj";645;2078;164;2242;NA;366252;809;2022-03-29;352402
2022-03-28;"Prešovský kraj";946;3199;256;3455;NA;366252;1202;2022-03-28;351593
2022-03-27;"Prešovský kraj";256;793;101;894;NA;366252;357;2022-03-27;350391
2022-03-26;"Prešovský kraj";719;663;80;743;NA;366252;799;2022-03-26;350034
2022-03-25;"Prešovský kraj";895;1956;227;2183;NA;366252;1122;2022-03-25;349235
2022-03-24;"Prešovský kraj";909;2153;200;2353;NA;366252;1109;2022-03-24;348113
2022-03-23;"Prešovský kraj";1291;2147;209;2356;NA;366252;1500;2022-03-23;347004
2022-03-22;"Prešovský kraj";1398;2251;192;2443;NA;366252;1590;2022-03-22;345504
2022-03-21;"Prešovský kraj";1234;3002;290;3292;NA;366252;1524;2022-03-21;343914
2022-03-20;"Prešovský kraj";262;813;130;943;NA;366252;392;2022-03-20;342390
2022-03-19;"Prešovský kraj";802;902;115;1017;NA;366252;917;2022-03-19;341998
2022-03-18;"Prešovský kraj";1217;2105;225;2330;NA;366252;1442;2022-03-18;341081
2022-03-17;"Prešovský kraj";1118;2446;182;2628;NA;366252;1300;2022-03-17;339639
2022-03-16;"Prešovský kraj";1585;2084;222;2306;NA;366252;1807;2022-03-16;338339
2022-03-15;"Prešovský kraj";1460;2329;217;2546;NA;366252;1677;2022-03-15;336532
2022-03-14;"Prešovský kraj";1438;3310;380;3690;NA;366252;1818;2022-03-14;334855
2022-03-13;"Prešovský kraj";432;1045;190;1235;NA;366252;622;2022-03-13;333037
2022-03-12;"Prešovský kraj";1150;857;117;974;NA;366252;1267;2022-03-12;332415
2022-03-11;"Prešovský kraj";1271;2553;287;2840;NA;366252;1558;2022-03-11;331148
2022-03-10;"Prešovský kraj";1114;2577;278;2855;NA;366252;1392;2022-03-10;329590
2022-03-09;"Prešovský kraj";1477;2815;345;3160;NA;366252;1822;2022-03-09;328198
2022-03-08;"Prešovský kraj";1716;2999;308;3307;NA;366252;2024;2022-03-08;326376
2022-03-07;"Prešovský kraj";1326;4197;509;4706;NA;366252;1835;2022-03-07;324352
2022-03-06;"Prešovský kraj";278;1650;232;1882;NA;366252;510;2022-03-06;322517
2022-03-05;"Prešovský kraj";785;1194;136;1330;NA;366252;921;2022-03-05;322007
2022-03-04;"Prešovský kraj";1263;2812;303;3115;NA;366252;1566;2022-03-04;321086
2022-03-03;"Prešovský kraj";1049;3016;373;3389;NA;366252;1422;2022-03-03;319520
2022-03-02;"Prešovský kraj";1526;2955;335;3290;NA;366252;1861;2022-03-02;318098
2022-03-01;"Prešovský kraj";1612;3302;338;3640;NA;366252;1950;2022-03-01;316237
2022-02-28;"Prešovský kraj";1234;4963;538;5501;NA;366252;1772;2022-02-28;314287
2022-02-27;"Prešovský kraj";523;1467;278;1745;NA;366252;801;2022-02-27;312515
2022-02-26;"Prešovský kraj";867;1317;167;1484;NA;366252;1034;2022-02-26;311714
2022-02-25;"Prešovský kraj";1740;2768;346;3114;NA;366252;2086;2022-02-25;310680
2022-02-24;"Prešovský kraj";1435;3301;399;3700;NA;366252;1834;2022-02-24;308594
2022-02-23;"Prešovský kraj";1837;3516;404;3920;NA;366252;2241;2022-02-23;306760
2022-02-22;"Prešovský kraj";2294;3893;407;4300;NA;366252;2701;2022-02-22;304519
2022-02-21;"Prešovský kraj";1609;5165;618;5783;NA;366252;2227;2022-02-21;301818
2022-02-20;"Prešovský kraj";759;1877;319;2196;NA;366252;1078;2022-02-20;299591
2022-02-19;"Prešovský kraj";1535;1556;247;1803;NA;366252;1782;2022-02-19;298513
2022-02-18;"Prešovský kraj";2332;3580;393;3973;NA;366252;2725;2022-02-18;296731
2022-02-17;"Prešovský kraj";2293;3740;457;4197;NA;366252;2750;2022-02-17;294006
2022-02-16;"Prešovský kraj";2494;4049;484;4533;NA;366252;2978;2022-02-16;291256
2022-02-15;"Prešovský kraj";2992;4583;551;5134;NA;366252;3543;2022-02-15;288278
2022-02-14;"Prešovský kraj";2122;6203;845;7048;NA;366252;2967;2022-02-14;284735
2022-02-13;"Prešovský kraj";1338;2452;434;2886;NA;366252;1772;2022-02-13;281768
2022-02-12;"Prešovský kraj";2333;1867;352;2219;NA;366252;2685;2022-02-12;279996
2022-02-11;"Prešovský kraj";2666;3931;520;4451;NA;366252;3186;2022-02-11;277311
2022-02-10;"Prešovský kraj";2977;4518;599;5117;NA;366252;3576;2022-02-10;274125
2022-02-09;"Prešovský kraj";2644;4502;634;5136;NA;366252;3278;2022-02-09;270549
2022-02-08;"Prešovský kraj";3387;4890;651;5541;NA;366252;4038;2022-02-08;267271
2022-02-07;"Prešovský kraj";2132;6920;941;7861;NA;366252;3073;2022-02-07;263233
2022-02-06;"Prešovský kraj";1360;2884;490;3374;NA;366252;1850;2022-02-06;260160
2022-02-05;"Prešovský kraj";2813;1993;334;2327;NA;366252;3147;2022-02-05;258310
2022-02-04;"Prešovský kraj";2944;4556;573;5129;NA;366252;3517;2022-02-04;255163
2022-02-03;"Prešovský kraj";3375;5205;487;5692;NA;366252;3862;2022-02-03;251646
2022-02-02;"Prešovský kraj";3150;5686;562;6248;NA;366252;3712;2022-02-02;247784
2022-02-01;"Prešovský kraj";2791;5694;631;6325;NA;366252;3422;2022-02-01;244072
2022-01-31;"Prešovský kraj";2444;9142;929;10071;NA;366252;3373;2022-01-31;240650
2022-01-30;"Prešovský kraj";1311;3437;495;3932;NA;366252;1806;2022-01-30;237277
2022-01-29;"Prešovský kraj";2291;1949;282;2231;NA;366252;2573;2022-01-29;235471
2022-01-28;"Prešovský kraj";2473;4784;486;5270;NA;366252;2959;2022-01-28;232898
2022-01-27;"Prešovský kraj";2353;4558;412;4970;NA;366252;2765;2022-01-27;229939
2022-01-26;"Prešovský kraj";2311;5628;405;6033;NA;366252;2716;2022-01-26;227174
2022-01-25;"Prešovský kraj";2127;5284;346;5630;NA;366252;2473;2022-01-25;224458
2022-01-24;"Prešovský kraj";1324;7619;410;8029;NA;366252;1734;2022-01-24;221985
2022-01-23;"Prešovský kraj";262;3584;218;3802;NA;366252;480;2022-01-23;220251
2022-01-22;"Prešovský kraj";1448;1764;157;1921;NA;366252;1605;2022-01-22;219771
2022-01-21;"Prešovský kraj";1128;4312;196;4508;NA;366252;1324;2022-01-21;218166
2022-01-20;"Prešovský kraj";1184;4012;156;4168;NA;366252;1340;2022-01-20;216842
2022-01-19;"Prešovský kraj";822;4781;173;4954;NA;366252;995;2022-01-19;215502
2022-01-18;"Prešovský kraj";1032;4918;163;5081;NA;366252;1195;2022-01-18;214507
2022-01-17;"Prešovský kraj";784;7143;150;7293;NA;366252;934;2022-01-17;213312
2022-01-16;"Prešovský kraj";113;3113;98;3211;NA;366252;211;2022-01-16;212378
2022-01-15;"Prešovský kraj";675;1546;64;1610;NA;366252;739;2022-01-15;212167
2022-01-14;"Prešovský kraj";202;3792;78;3870;NA;366252;280;2022-01-14;211428
2022-01-13;"Prešovský kraj";252;3550;89;3639;NA;366252;341;2022-01-13;211148
2022-01-12;"Prešovský kraj";431;4183;77;4260;NA;366252;508;2022-01-12;210807
2022-01-11;"Prešovský kraj";438;4812;80;4892;NA;366252;518;2022-01-11;210299
2022-01-10;"Prešovský kraj";469;7561;135;7696;NA;366252;604;2022-01-10;209781
2022-01-09;"Prešovský kraj";114;4129;78;4207;NA;366252;192;2022-01-09;209177
2022-01-08;"Prešovský kraj";291;2097;39;2136;NA;366252;330;2022-01-08;208985
2022-01-07;"Prešovský kraj";370;3882;106;3988;NA;366252;476;2022-01-07;208655
2022-01-06;"Prešovský kraj";104;1000;43;1043;NA;366252;147;2022-01-06;208179
2022-01-05;"Prešovský kraj";373;4752;100;4852;NA;366252;473;2022-01-05;208032
2022-01-04;"Prešovský kraj";428;4558;77;4635;NA;366252;505;2022-01-04;207559
2022-01-03;"Prešovský kraj";390;6868;105;6973;NA;366252;495;2022-01-03;207054
2022-01-02;"Prešovský kraj";158;3180;75;3255;NA;366252;233;2022-01-02;206559
2022-01-01;"Prešovský kraj";55;379;8;387;NA;366252;63;2022-01-01;206326
2021-12-31;"Prešovský kraj";440;2217;77;2294;NA;366252;517;2021-12-31;206263
2021-12-30;"Prešovský kraj";460;2985;81;3066;NA;366252;541;2021-12-30;205746
2021-12-29;"Prešovský kraj";596;3924;73;3997;NA;366252;669;2021-12-29;205205
2021-12-28;"Prešovský kraj";730;3625;60;3685;NA;366252;790;2021-12-28;204536
2021-12-27;"Prešovský kraj";1186;5336;93;5429;NA;366252;1279;2021-12-27;203746
2021-12-26;"Prešovský kraj";224;1584;62;1646;NA;366252;286;2021-12-26;202467
2021-12-25;"Prešovský kraj";24;600;29;629;NA;366252;53;2021-12-25;202181
2021-12-24;"Prešovský kraj";54;463;26;489;NA;366252;80;2021-12-24;202128
2021-12-23;"Prešovský kraj";1246;3125;76;3201;NA;366252;1322;2021-12-23;202048
2021-12-22;"Prešovský kraj";468;3600;86;3686;NA;366252;554;2021-12-22;200726
2021-12-21;"Prešovský kraj";1040;4571;78;4649;NA;366252;1118;2021-12-21;200172
2021-12-20;"Prešovský kraj";742;7190;107;7297;NA;366252;849;2021-12-20;199054
2021-12-19;"Prešovský kraj";220;3166;74;3240;NA;366252;294;2021-12-19;198205
2021-12-18;"Prešovský kraj";626;1562;61;1623;NA;366252;687;2021-12-18;197911
2021-12-17;"Prešovský kraj";858;4482;96;4578;NA;366252;954;2021-12-17;197224
2021-12-16;"Prešovský kraj";802;4557;95;4652;NA;366252;897;2021-12-16;196270
2021-12-15;"Prešovský kraj";946;4499;79;4578;NA;366252;1025;2021-12-15;195373
2021-12-14;"Prešovský kraj";1324;5468;125;5593;NA;366252;1449;2021-12-14;194348
2021-12-13;"Prešovský kraj";1176;8085;175;8260;NA;366252;1351;2021-12-13;192899
2021-12-12;"Prešovský kraj";320;3852;106;3958;NA;366252;426;2021-12-12;191548
2021-12-11;"Prešovský kraj";966;2040;91;2131;NA;366252;1057;2021-12-11;191122
2021-12-10;"Prešovský kraj";1298;5018;140;5158;NA;366252;1438;2021-12-10;190065
2021-12-09;"Prešovský kraj";1338;4702;135;4837;NA;366252;1473;2021-12-09;188627
2021-12-08;"Prešovský kraj";1888;4794;167;4961;NA;366252;2055;2021-12-08;187154
2021-12-07;"Prešovský kraj";2434;5853;188;6041;NA;366252;2622;2021-12-07;185099
2021-12-06;"Prešovský kraj";1568;8604;247;8851;NA;366252;1815;2021-12-06;182477
2021-12-05;"Prešovský kraj";290;4439;133;4572;NA;366252;423;2021-12-05;180662
2021-12-04;"Prešovský kraj";2050;2290;127;2417;NA;366252;2177;2021-12-04;180239
2021-12-03;"Prešovský kraj";2080;5268;231;5499;NA;366252;2311;2021-12-03;178062
2021-12-02;"Prešovský kraj";4510;5291;183;5474;NA;366252;4693;2021-12-02;175751
2021-12-01;"Prešovský kraj";1652;5267;239;5506;NA;366252;1891;2021-12-01;171058
2021-11-30;"Prešovský kraj";2246;6651;265;6916;NA;366252;2511;2021-11-30;169167
2021-11-29;"Prešovský kraj";1166;11478;473;11951;NA;366252;1639;2021-11-29;166656
2021-11-28;"Prešovský kraj";1838;5898;234;6132;NA;366252;2072;2021-11-28;165017
2021-11-27;"Prešovský kraj";1768;2977;219;3196;NA;366252;1987;2021-11-27;162945
2021-11-26;"Prešovský kraj";2622;5890;328;6218;NA;366252;2950;2021-11-26;160958
2021-11-25;"Prešovský kraj";2570;5051;307;5358;NA;366252;2877;2021-11-25;158008
2021-11-24;"Prešovský kraj";2418;6120;357;6477;NA;366252;2775;2021-11-24;155131
2021-11-23;"Prešovský kraj";2198;6631;314;6945;NA;366252;2512;2021-11-23;152356
2021-11-22;"Prešovský kraj";1810;8209;529;8738;NA;366252;2339;2021-11-22;149844
2021-11-21;"Prešovský kraj";1900;3766;316;4082;NA;366252;2216;2021-11-21;147505
2021-11-20;"Prešovský kraj";2744;2193;222;2415;NA;366252;2966;2021-11-20;145289
2021-11-19;"Prešovský kraj";3258;5864;452;6316;NA;366252;3710;2021-11-19;142323
2021-11-18;"Prešovský kraj";1646;6696;518;7214;NA;366252;2164;2021-11-18;138613
2021-11-17;"Prešovský kraj";3296;1336;148;1484;NA;366252;3444;2021-11-17;136449
2021-11-16;"Prešovský kraj";2692;5511;398;5909;NA;366252;3090;2021-11-16;133005
2021-11-15;"Prešovský kraj";1794;7804;577;8381;NA;366252;2371;2021-11-15;129915
2021-11-14;"Prešovský kraj";1206;3168;311;3479;NA;366252;1517;2021-11-14;127544
2021-11-13;"Prešovský kraj";2510;2068;262;2330;NA;366252;2772;2021-11-13;126027
2021-11-12;"Prešovský kraj";2716;5236;371;5607;NA;366252;3087;2021-11-12;123255
2021-11-11;"Prešovský kraj";2436;5087;438;5525;NA;366252;2874;2021-11-11;120168
2021-11-10;"Prešovský kraj";2556;4966;380;5346;NA;366252;2936;2021-11-10;117294
2021-11-09;"Prešovský kraj";2076;5431;407;5838;NA;366252;2483;2021-11-09;114358
2021-11-08;"Prešovský kraj";2136;6987;574;7561;NA;366252;2710;2021-11-08;111875
2021-11-07;"Prešovský kraj";842;2500;242;2742;NA;366252;1084;2021-11-07;109165
2021-11-06;"Prešovský kraj";2778;1899;234;2133;NA;366252;3012;2021-11-06;108081
2021-11-05;"Prešovský kraj";2160;4974;367;5341;NA;366252;2527;2021-11-05;105069
2021-11-04;"Prešovský kraj";3486;5162;322;5484;NA;366252;3808;2021-11-04;102542
2021-11-03;"Prešovský kraj";2651;5337;387;5724;NA;366252;3038;2021-11-03;98734
2021-11-02;"Prešovský kraj";2004;7553;556;8109;NA;366252;2560;2021-11-02;95696
2021-11-01;"Prešovský kraj";694;1402;131;1533;NA;366252;825;2021-11-01;93136
2021-10-31;"Prešovský kraj";894;2045;210;2255;NA;366252;1104;2021-10-31;92311
2021-10-30;"Prešovský kraj";2296;1928;183;2111;NA;366252;2479;2021-10-30;91207
2021-10-29;"Prešovský kraj";2720;4460;253;4713;NA;366252;2973;2021-10-29;88728
2021-10-28;"Prešovský kraj";1920;4500;300;4800;NA;366252;2220;2021-10-28;85755
2021-10-27;"Prešovský kraj";2888;4325;221;4546;NA;366252;3109;2021-10-27;83535
2021-10-26;"Prešovský kraj";1880;5125;217;5342;NA;366252;2097;2021-10-26;80426
2021-10-25;"Prešovský kraj";1346;6077;348;6425;NA;366252;1694;2021-10-25;78329
2021-10-24;"Prešovský kraj";220;2180;149;2329;NA;366252;369;2021-10-24;76635
2021-10-23;"Prešovský kraj";2290;1928;141;2069;NA;366252;2431;2021-10-23;76266
2021-10-22;"Prešovský kraj";1584;4876;177;5053;NA;366252;1761;2021-10-22;73835
2021-10-21;"Prešovský kraj";1802;4738;191;4929;NA;366252;1993;2021-10-21;72074
2021-10-20;"Prešovský kraj";1666;4199;195;4394;NA;366252;1861;2021-10-20;70081
2021-10-19;"Prešovský kraj";1660;4728;175;4903;NA;366252;1835;2021-10-19;68220
2021-10-18;"Prešovský kraj";908;5752;240;5992;NA;366252;1148;2021-10-18;66385
2021-10-17;"Prešovský kraj";362;2430;131;2561;NA;366252;493;2021-10-17;65237
2021-10-16;"Prešovský kraj";1122;1924;94;2018;NA;366252;1216;2021-10-16;64744
2021-10-15;"Prešovský kraj";1066;4735;107;4842;NA;366252;1173;2021-10-15;63528
2021-10-14;"Prešovský kraj";1012;3948;85;4033;NA;366252;1097;2021-10-14;62355
2021-10-13;"Prešovský kraj";1098;3794;98;3892;NA;366252;1196;2021-10-13;61258
2021-10-12;"Prešovský kraj";1040;3966;101;4067;NA;366252;1141;2021-10-12;60062
2021-10-11;"Prešovský kraj";866;5421;131;5552;NA;366252;997;2021-10-11;58921
2021-10-10;"Prešovský kraj";156;2099;64;2163;NA;366252;220;2021-10-10;57924
2021-10-09;"Prešovský kraj";622;2077;47;2124;NA;366252;669;2021-10-09;57704
2021-10-08;"Prešovský kraj";1272;4934;94;5028;NA;366252;1366;2021-10-08;57035
2021-10-07;"Prešovský kraj";974;3919;101;4020;NA;366252;1075;2021-10-07;55669
2021-10-06;"Prešovský kraj";592;3851;104;3955;NA;366252;696;2021-10-06;54594
2021-10-05;"Prešovský kraj";860;4151;90;4241;NA;366252;950;2021-10-05;53898
2021-10-04;"Prešovský kraj";706;5569;125;5694;NA;366252;831;2021-10-04;52948
2021-10-03;"Prešovský kraj";38;2324;47;2371;NA;366252;85;2021-10-03;52117
2021-10-02;"Prešovský kraj";538;2238;58;2296;NA;366252;596;2021-10-02;52032
2021-10-01;"Prešovský kraj";650;4997;63;5060;NA;366252;713;2021-10-01;51436
2021-09-30;"Prešovský kraj";530;4044;83;4127;NA;366252;613;2021-09-30;50723
2021-09-29;"Prešovský kraj";762;3825;55;3880;NA;366252;817;2021-09-29;50110
2021-09-28;"Prešovský kraj";624;4714;69;4783;NA;366252;693;2021-09-28;49293
2021-09-27;"Prešovský kraj";514;5062;104;5166;NA;366252;618;2021-09-27;48600
2021-09-26;"Prešovský kraj";16;2422;67;2489;NA;366252;83;2021-09-26;47982
2021-09-25;"Prešovský kraj";268;2540;46;2586;NA;366252;314;2021-09-25;47899
2021-09-24;"Prešovský kraj";594;4822;61;4883;NA;366252;655;2021-09-24;47585
2021-09-23;"Prešovský kraj";218;4105;45;4150;NA;366252;263;2021-09-23;46930
2021-09-22;"Prešovský kraj";354;3836;41;3877;NA;366252;395;2021-09-22;46667
2021-09-21;"Prešovský kraj";438;5059;66;5125;NA;366252;504;2021-09-21;46272
2021-09-20;"Prešovský kraj";360;5183;68;5251;NA;366252;428;2021-09-20;45768
2021-09-19;"Prešovský kraj";14;2726;30;2756;NA;366252;44;2021-09-19;45340
2021-09-18;"Prešovský kraj";338;2406;37;2443;NA;366252;375;2021-09-18;45296
2021-09-17;"Prešovský kraj";314;4402;52;4454;NA;366252;366;2021-09-17;44921
2021-09-16;"Prešovský kraj";292;4371;71;4442;NA;366252;363;2021-09-16;44555
2021-09-15;"Prešovský kraj";136;701;19;720;NA;366252;155;2021-09-15;44192
2021-09-14;"Prešovský kraj";266;3369;38;3407;NA;366252;304;2021-09-14;44037
2021-09-13;"Prešovský kraj";210;4225;37;4262;NA;366252;247;2021-09-13;43733
2021-09-12;"Prešovský kraj";8;1776;29;1805;NA;366252;37;2021-09-12;43486
2021-09-11;"Prešovský kraj";130;2012;24;2036;NA;366252;154;2021-09-11;43449
2021-09-10;"Prešovský kraj";210;3241;30;3271;NA;366252;240;2021-09-10;43295
2021-09-09;"Prešovský kraj";58;3090;27;3117;NA;366252;85;2021-09-09;43055
2021-09-08;"Prešovský kraj";146;2444;20;2464;NA;366252;166;2021-09-08;42970
2021-09-07;"Prešovský kraj";164;2449;24;2473;NA;366252;188;2021-09-07;42804
2021-09-06;"Prešovský kraj";122;3282;20;3302;NA;366252;142;2021-09-06;42616
2021-09-05;"Prešovský kraj";10;1338;11;1349;NA;366252;21;2021-09-05;42474
2021-09-04;"Prešovský kraj";54;1864;14;1878;NA;366252;68;2021-09-04;42453
2021-09-03;"Prešovský kraj";78;2976;15;2991;NA;366252;93;2021-09-03;42385
2021-09-02;"Prešovský kraj";78;2558;20;2578;NA;366252;98;2021-09-02;42292
2021-09-01;"Prešovský kraj";28;575;6;581;NA;366252;34;2021-09-01;42194
2021-08-31;"Prešovský kraj";94;2438;13;2451;NA;366252;107;2021-08-31;42160
2021-08-30;"Prešovský kraj";46;2827;19;2846;NA;366252;65;2021-08-30;42053
2021-08-29;"Prešovský kraj";6;781;1;782;NA;366252;7;2021-08-29;41988
2021-08-28;"Prešovský kraj";10;2101;8;2109;NA;366252;18;2021-08-28;41981
2021-08-27;"Prešovský kraj";64;3084;8;3092;NA;366252;72;2021-08-27;41963
2021-08-26;"Prešovský kraj";26;2094;8;2102;NA;366252;34;2021-08-26;41891
2021-08-25;"Prešovský kraj";36;1947;4;1951;NA;366252;40;2021-08-25;41857
2021-08-24;"Prešovský kraj";20;2138;5;2143;NA;366252;25;2021-08-24;41817
2021-08-23;"Prešovský kraj";32;2576;6;2582;NA;366252;38;2021-08-23;41792
2021-08-22;"Prešovský kraj";0;1440;6;1446;NA;366252;6;2021-08-22;41754
2021-08-21;"Prešovský kraj";56;2018;4;2022;NA;366252;60;2021-08-21;41748
2021-08-20;"Prešovský kraj";30;2906;7;2913;NA;366252;37;2021-08-20;41688
2021-08-19;"Prešovský kraj";44;2242;8;2250;NA;366252;52;2021-08-19;41651
2021-08-18;"Prešovský kraj";12;1752;11;1763;NA;366252;23;2021-08-18;41599
2021-08-17;"Prešovský kraj";58;1829;6;1835;NA;366252;64;2021-08-17;41576
2021-08-16;"Prešovský kraj";22;2524;7;2531;NA;366252;29;2021-08-16;41512
2021-08-15;"Prešovský kraj";0;896;2;898;NA;366252;2;2021-08-15;41483
2021-08-14;"Prešovský kraj";28;1662;1;1663;NA;366252;29;2021-08-14;41481
2021-08-13;"Prešovský kraj";48;1646;12;1658;NA;366252;60;2021-08-13;41452
2021-08-12;"Prešovský kraj";18;1752;3;1755;NA;366252;21;2021-08-12;41392
2021-08-11;"Prešovský kraj";30;1193;3;1196;NA;366252;33;2021-08-11;41371
2021-08-10;"Prešovský kraj";20;1102;4;1106;NA;366252;24;2021-08-10;41338
2021-08-09;"Prešovský kraj";26;2156;4;2160;NA;366252;30;2021-08-09;41314
2021-08-08;"Prešovský kraj";4;675;2;677;NA;366252;6;2021-08-08;41284
2021-08-07;"Prešovský kraj";10;1114;3;1117;NA;366252;13;2021-08-07;41278
2021-08-06;"Prešovský kraj";18;1459;4;1463;NA;366252;22;2021-08-06;41265
2021-08-05;"Prešovský kraj";18;1370;2;1372;NA;366252;20;2021-08-05;41243
2021-08-04;"Prešovský kraj";12;1007;1;1008;NA;366252;13;2021-08-04;41223
2021-08-03;"Prešovský kraj";16;976;1;977;NA;366252;17;2021-08-03;41210
2021-08-02;"Prešovský kraj";10;1477;6;1483;NA;366252;16;2021-08-02;41193
2021-08-01;"Prešovský kraj";0;738;2;740;NA;366252;2;2021-08-01;41177
2021-07-31;"Prešovský kraj";40;1080;0;1080;NA;366252;40;2021-07-31;41175
2021-07-30;"Prešovský kraj";4;1518;1;1519;NA;366252;5;2021-07-30;41135
2021-07-29;"Prešovský kraj";12;1302;1;1303;NA;366252;13;2021-07-29;41130
2021-07-28;"Prešovský kraj";12;1106;1;1107;NA;366252;13;2021-07-28;41117
2021-07-27;"Prešovský kraj";10;1140;2;1142;NA;366252;12;2021-07-27;41104
2021-07-26;"Prešovský kraj";24;1583;1;1584;NA;366252;25;2021-07-26;41092
2021-07-25;"Prešovský kraj";0;687;1;688;NA;366252;1;2021-07-25;41067
2021-07-24;"Prešovský kraj";16;1040;0;1040;NA;366252;16;2021-07-24;41066
2021-07-23;"Prešovský kraj";16;1608;1;1609;NA;366252;17;2021-07-23;41050
2021-07-22;"Prešovský kraj";26;1431;10;1441;NA;366252;36;2021-07-22;41033
2021-07-21;"Prešovský kraj";10;1076;1;1077;NA;366252;11;2021-07-21;40997
2021-07-20;"Prešovský kraj";8;1064;0;1064;NA;366252;8;2021-07-20;40986
2021-07-19;"Prešovský kraj";4;1644;4;1648;NA;366252;8;2021-07-19;40978
2021-07-18;"Prešovský kraj";2;647;0;647;NA;366252;2;2021-07-18;40970
2021-07-17;"Prešovský kraj";12;1245;1;1246;NA;366252;13;2021-07-17;40968
2021-07-16;"Prešovský kraj";8;1558;2;1560;NA;366252;10;2021-07-16;40955
2021-07-15;"Prešovský kraj";10;1310;4;1314;NA;366252;14;2021-07-15;40945
2021-07-14;"Prešovský kraj";2;1051;2;1053;NA;366252;4;2021-07-14;40931
2021-07-13;"Prešovský kraj";2;1071;2;1073;NA;366252;4;2021-07-13;40927
2021-07-12;"Prešovský kraj";2;1949;2;1951;NA;366252;4;2021-07-12;40923
2021-07-11;"Prešovský kraj";0;660;1;661;NA;366252;1;2021-07-11;40919
2021-07-10;"Prešovský kraj";8;1229;2;1231;NA;366252;10;2021-07-10;40918
2021-07-09;"Prešovský kraj";12;1957;1;1958;NA;366252;13;2021-07-09;40908
2021-07-08;"Prešovský kraj";10;1192;0;1192;NA;366252;10;2021-07-08;40895
2021-07-07;"Prešovský kraj";14;1468;3;1471;NA;366252;17;2021-07-07;40885
2021-07-06;"Prešovský kraj";10;1423;2;1425;NA;366252;12;2021-07-06;40868
2021-07-05;"Prešovský kraj";4;645;0;645;NA;366252;4;2021-07-05;40856
2021-07-04;"Prešovský kraj";0;788;0;788;NA;366252;0;2021-07-04;40852
2021-07-03;"Prešovský kraj";4;1391;0;1391;NA;366252;4;2021-07-03;40852
2021-07-02;"Prešovský kraj";8;1796;0;1796;NA;366252;8;2021-07-02;40848
2021-07-01;"Prešovský kraj";4;1590;1;1591;NA;366252;5;2021-07-01;40840
2021-06-30;"Prešovský kraj";6;8829;4;8833;NA;366252;10;2021-06-30;40835
2021-06-29;"Prešovský kraj";2;4935;3;4938;NA;366252;5;2021-06-29;40825
2021-06-28;"Prešovský kraj";10;6109;2;6111;NA;366252;12;2021-06-28;40820
2021-06-27;"Prešovský kraj";0;3852;1;3853;NA;366252;1;2021-06-27;40808
2021-06-26;"Prešovský kraj";8;5815;1;5816;NA;366252;9;2021-06-26;40807
2021-06-25;"Prešovský kraj";14;7321;4;7325;NA;366252;18;2021-06-25;40798
2021-06-24;"Prešovský kraj";20;5406;5;5411;NA;366252;25;2021-06-24;40780
2021-06-23;"Prešovský kraj";8;5124;2;5126;NA;366252;10;2021-06-23;40755
2021-06-22;"Prešovský kraj";10;5143;1;5144;NA;366252;11;2021-06-22;40745
2021-06-21;"Prešovský kraj";26;7033;6;7039;NA;366252;32;2021-06-21;40734
2021-06-20;"Prešovský kraj";0;5204;3;5207;NA;366252;3;2021-06-20;40702
2021-06-19;"Prešovský kraj";2;7349;5;7354;NA;366252;7;2021-06-19;40699
2021-06-18;"Prešovský kraj";18;8682;10;8692;NA;366252;28;2021-06-18;40692
2021-06-17;"Prešovský kraj";18;6548;5;6553;NA;366252;23;2021-06-17;40664
2021-06-16;"Prešovský kraj";12;6422;3;6425;NA;366252;15;2021-06-16;40641
2021-06-15;"Prešovský kraj";4;5709;4;5713;NA;366252;8;2021-06-15;40626
2021-06-14;"Prešovský kraj";10;8229;13;8242;NA;366252;23;2021-06-14;40618
2021-06-13;"Prešovský kraj";2;6455;7;6462;NA;366252;9;2021-06-13;40595
2021-06-12;"Prešovský kraj";6;8904;9;8913;NA;366252;15;2021-06-12;40586
2021-06-11;"Prešovský kraj";42;9877;9;9886;NA;366252;51;2021-06-11;40571
2021-06-10;"Prešovský kraj";22;6512;10;6522;NA;366252;32;2021-06-10;40520
2021-06-09;"Prešovský kraj";32;6375;3;6378;NA;366252;35;2021-06-09;40488
2021-06-08;"Prešovský kraj";62;6495;12;6507;NA;366252;74;2021-06-08;40453
2021-06-07;"Prešovský kraj";22;9111;15;9126;NA;366252;37;2021-06-07;40379
2021-06-06;"Prešovský kraj";0;8016;5;8021;NA;366252;5;2021-06-06;40342
2021-06-05;"Prešovský kraj";34;10248;15;10263;NA;366252;49;2021-06-05;40337
2021-06-04;"Prešovský kraj";52;10375;18;10393;NA;366252;70;2021-06-04;40288
2021-06-03;"Prešovský kraj";28;6820;16;6836;NA;366252;44;2021-06-03;40218
2021-06-02;"Prešovský kraj";94;7372;14;7386;NA;366252;108;2021-06-02;40174
2021-06-01;"Prešovský kraj";30;6926;14;6940;NA;366252;44;2021-06-01;40066
2021-05-31;"Prešovský kraj";54;9951;22;9973;NA;366252;76;2021-05-31;40022
2021-05-30;"Prešovský kraj";4;9717;14;9731;NA;366252;18;2021-05-30;39946
2021-05-29;"Prešovský kraj";46;12733;24;12757;NA;366252;70;2021-05-29;39928
2021-05-28;"Prešovský kraj";60;12468;19;12487;NA;366252;79;2021-05-28;39858
2021-05-27;"Prešovský kraj";32;7653;37;7690;NA;366252;69;2021-05-27;39779
2021-05-26;"Prešovský kraj";64;8140;23;8163;NA;366252;87;2021-05-26;39710
2021-05-25;"Prešovský kraj";76;8690;20;8710;NA;366252;96;2021-05-25;39623
2021-05-24;"Prešovský kraj";34;13298;37;13335;NA;366252;71;2021-05-24;39527
2021-05-23;"Prešovský kraj";6;11947;20;11967;NA;366252;26;2021-05-23;39456
2021-05-22;"Prešovský kraj";22;14422;44;14466;NA;366252;66;2021-05-22;39430
2021-05-21;"Prešovský kraj";88;13803;24;13827;NA;366252;112;2021-05-21;39364
2021-05-20;"Prešovský kraj";26;9437;29;9466;NA;366252;55;2021-05-20;39252
2021-05-19;"Prešovský kraj";120;10756;36;10792;NA;366252;156;2021-05-19;39197
2021-05-18;"Prešovský kraj";88;9062;27;9089;NA;366252;115;2021-05-18;39041
2021-05-17;"Prešovský kraj";120;12856;47;12903;NA;366252;167;2021-05-17;38926
2021-05-16;"Prešovský kraj";40;16302;66;16368;NA;366252;106;2021-05-16;38759
2021-05-15;"Prešovský kraj";40;24604;81;24685;NA;366252;121;2021-05-15;38653
2021-05-14;"Prešovský kraj";98;18671;68;18739;NA;366252;166;2021-05-14;38532
2021-05-13;"Prešovský kraj";108;11166;71;11237;NA;366252;179;2021-05-13;38366
2021-05-12;"Prešovský kraj";118;10822;39;10861;NA;366252;157;2021-05-12;38187
2021-05-11;"Prešovský kraj";122;10728;48;10776;NA;366252;170;2021-05-11;38030
2021-05-10;"Prešovský kraj";158;15726;67;15793;NA;366252;225;2021-05-10;37860
2021-05-09;"Prešovský kraj";108;21658;82;21740;NA;366252;190;2021-05-09;37635
2021-05-08;"Prešovský kraj";78;23050;52;23102;NA;366252;130;2021-05-08;37445
2021-05-07;"Prešovský kraj";162;23543;66;23609;NA;366252;228;2021-05-07;37315
2021-05-06;"Prešovský kraj";214;12924;66;12990;NA;366252;280;2021-05-06;37087
2021-05-05;"Prešovský kraj";120;12808;84;12892;NA;366252;204;2021-05-05;36807
2021-05-04;"Prešovský kraj";406;13470;67;13537;NA;366252;473;2021-05-04;36603
2021-05-03;"Prešovský kraj";136;18458;109;18567;NA;366252;245;2021-05-03;36130
2021-05-02;"Prešovský kraj";58;36676;102;36778;NA;366252;160;2021-05-02;35885
2021-05-01;"Prešovský kraj";140;57153;183;57336;NA;366252;323;2021-05-01;35725
2021-04-30;"Prešovský kraj";270;39333;118;39451;NA;366252;388;2021-04-30;35402
2021-04-29;"Prešovský kraj";220;16635;97;16732;NA;366252;317;2021-04-29;35014
2021-04-28;"Prešovský kraj";244;18671;89;18760;NA;366252;333;2021-04-28;34697
2021-04-27;"Prešovský kraj";308;19994;120;20114;NA;366252;428;2021-04-27;34364
2021-04-26;"Prešovský kraj";198;27241;123;27364;NA;366252;321;2021-04-26;33936
2021-04-25;"Prešovský kraj";18;52776;156;52932;NA;366252;174;2021-04-25;33615
2021-04-24;"Prešovský kraj";122;85698;243;85941;NA;366252;365;2021-04-24;33441
2021-04-23;"Prešovský kraj";342;40365;137;40502;NA;366252;479;2021-04-23;33076
2021-04-22;"Prešovský kraj";172;18104;125;18229;NA;366252;297;2021-04-22;32597
2021-04-21;"Prešovský kraj";288;21550;139;21689;NA;366252;427;2021-04-21;32300
2021-04-20;"Prešovský kraj";230;23346;128;23474;NA;366252;358;2021-04-20;31873
2021-04-19;"Prešovský kraj";212;29133;145;29278;NA;366252;357;2021-04-19;31515
2021-04-18;"Prešovský kraj";8;51824;129;51953;NA;366252;137;2021-04-18;31158
2021-04-17;"Prešovský kraj";238;97970;238;98208;NA;366252;476;2021-04-17;31021
2021-04-16;"Prešovský kraj";270;40989;146;41135;NA;366252;416;2021-04-16;30545
2021-04-15;"Prešovský kraj";224;20179;137;20316;NA;366252;361;2021-04-15;30129
2021-04-14;"Prešovský kraj";398;23332;130;23462;NA;366252;528;2021-04-14;29768
2021-04-13;"Prešovský kraj";360;23907;116;24023;NA;366252;476;2021-04-13;29240
2021-04-12;"Prešovský kraj";344;30152;175;30327;NA;366252;519;2021-04-12;28764
2021-04-11;"Prešovský kraj";22;49955;187;50142;NA;366252;209;2021-04-11;28245
2021-04-10;"Prešovský kraj";188;90181;297;90478;NA;366252;485;2021-04-10;28036
2021-04-09;"Prešovský kraj";510;37163;200;37363;NA;366252;710;2021-04-09;27551
2021-04-08;"Prešovský kraj";384;18893;157;19050;NA;366252;541;2021-04-08;26841
2021-04-07;"Prešovský kraj";628;27797;154;27951;NA;366252;782;2021-04-07;26300
2021-04-06;"Prešovský kraj";462;41711;268;41979;NA;366252;730;2021-04-06;25518
2021-04-05;"Prešovský kraj";108;18454;132;18586;NA;366252;240;2021-04-05;24788
2021-04-04;"Prešovský kraj";62;18569;91;18660;NA;366252;153;2021-04-04;24548
2021-04-03;"Prešovský kraj";208;90664;321;90985;NA;366252;529;2021-04-03;24395
2021-04-02;"Prešovský kraj";388;23381;134;23515;NA;366252;522;2021-04-02;23866
2021-04-01;"Prešovský kraj";512;42879;195;43074;NA;366252;707;2021-04-01;23344
2021-03-31;"Prešovský kraj";622;30176;227;30403;NA;366252;849;2021-03-31;22637
2021-03-30;"Prešovský kraj";748;20751;203;20954;NA;366252;951;2021-03-30;21788
2021-03-29;"Prešovský kraj";438;28188;229;28417;NA;366252;667;2021-03-29;20837
2021-03-28;"Prešovský kraj";52;46811;256;47067;NA;366252;308;2021-03-28;20170
2021-03-27;"Prešovský kraj";362;88673;372;89045;NA;366252;734;2021-03-27;19862
2021-03-26;"Prešovský kraj";620;47751;299;48050;NA;366252;919;2021-03-26;19128
2021-03-25;"Prešovský kraj";496;22281;213;22494;NA;366252;709;2021-03-25;18209
2021-03-24;"Prešovský kraj";762;19590;213;19803;NA;366252;975;2021-03-24;17500
2021-03-23;"Prešovský kraj";482;20351;255;20606;NA;366252;737;2021-03-23;16525
2021-03-22;"Prešovský kraj";598;28634;287;28921;NA;366252;885;2021-03-22;15788
2021-03-21;"Prešovský kraj";64;49439;266;49705;NA;366252;330;2021-03-21;14903
2021-03-20;"Prešovský kraj";360;92529;426;92955;NA;366252;786;2021-03-20;14573
2021-03-19;"Prešovský kraj";746;46582;326;46908;NA;366252;1072;2021-03-19;13787
2021-03-18;"Prešovský kraj";502;21721;217;21938;NA;366252;719;2021-03-18;12715
2021-03-17;"Prešovský kraj";662;20887;231;21118;NA;366252;893;2021-03-17;11996
2021-03-16;"Prešovský kraj";922;21094;278;21372;NA;366252;1200;2021-03-16;11103
2021-03-15;"Prešovský kraj";740;28813;324;29137;NA;366252;1064;2021-03-15;9903
2021-03-14;"Prešovský kraj";104;50410;356;50766;NA;366252;460;2021-03-14;8839
2021-03-13;"Prešovský kraj";400;94768;531;95299;NA;366252;931;2021-03-13;8379
2021-03-12;"Prešovský kraj";850;47691;368;48059;NA;366252;1218;2021-03-12;7448
2021-03-11;"Prešovský kraj";926;22059;253;22312;NA;366252;1179;2021-03-11;6230
2021-03-10;"Prešovský kraj";650;20821;293;21114;NA;366252;943;2021-03-10;5051
2021-03-09;"Prešovský kraj";1010;21496;288;21784;NA;366252;1298;2021-03-09;4108
2021-03-08;"Prešovský kraj";628;28903;333;29236;NA;366252;961;2021-03-08;2810
2021-03-07;"Prešovský kraj";38;48328;388;48716;NA;366252;426;2021-03-07;1849
2021-03-06;"Prešovský kraj";386;97527;591;98118;NA;366252;977;2021-03-06;1423
2021-03-05;"Prešovský kraj";994;46054;397;46451;NA;366252;1391;2021-03-05;446
2021-03-04;"Prešovský kraj";744;22670;359;23029;NA;366252;1103;2021-03-04;-945
2021-03-03;"Prešovský kraj";794;21623;333;21956;NA;366252;1127;2021-03-03;-2048
2021-03-02;"Prešovský kraj";842;22682;357;23039;NA;366252;1199;2021-03-02;-3175
2021-03-01;"Prešovský kraj";606;27716;406;28122;NA;366252;1012;2021-03-01;-4374
2021-02-28;"Prešovský kraj";150;45000;387;45387;NA;366252;537;2021-02-28;-5386
2021-02-27;"Prešovský kraj";546;90231;734;90965;NA;366252;1280;2021-02-27;-5923
2021-02-26;"Prešovský kraj";910;41340;438;41778;NA;366252;1348;2021-02-26;-7203
2021-02-25;"Prešovský kraj";540;19496;337;19833;NA;366252;877;2021-02-25;-8551
2021-02-24;"Prešovský kraj";656;19026;377;19403;NA;366252;1033;2021-02-24;-9428
2021-02-23;"Prešovský kraj";860;21277;345;21622;NA;366252;1205;2021-02-23;-10461
2021-02-22;"Prešovský kraj";702;27180;356;27536;NA;366252;1058;2021-02-22;-11666
2021-02-21;"Prešovský kraj";132;31453;301;31754;NA;366252;433;2021-02-21;-12724
2021-02-20;"Prešovský kraj";258;71413;517;71930;NA;366252;775;2021-02-20;-13157
2021-02-19;"Prešovský kraj";762;38995;430;39425;NA;366252;1192;2021-02-19;-13932
2021-02-18;"Prešovský kraj";536;16960;322;17282;NA;366252;858;2021-02-18;-15124
2021-02-17;"Prešovský kraj";586;17392;246;17638;NA;366252;832;2021-02-17;-15982
2021-02-16;"Prešovský kraj";844;18862;265;19127;NA;366252;1109;2021-02-16;-16814
2021-02-15;"Prešovský kraj";422;31366;303;31669;NA;366252;725;2021-02-15;-17923
2021-02-14;"Prešovský kraj";54;39387;321;39708;NA;366252;375;2021-02-14;-18648
2021-02-13;"Prešovský kraj";314;74747;402;75149;NA;366252;716;2021-02-13;-19023
2021-02-12;"Prešovský kraj";616;38758;365;39123;NA;366252;981;2021-02-12;-19739
2021-02-11;"Prešovský kraj";436;16218;239;16457;NA;366252;675;2021-02-11;-20720
2021-02-10;"Prešovský kraj";440;18542;282;18824;NA;366252;722;2021-02-10;-21395
2021-02-09;"Prešovský kraj";646;21497;370;21867;NA;366252;1016;2021-02-09;-22117
2021-02-08;"Prešovský kraj";322;36924;261;37185;NA;366252;583;2021-02-08;-23133
2021-02-07;"Prešovský kraj";42;34227;209;34436;NA;366252;251;2021-02-07;-23716
2021-02-06;"Prešovský kraj";352;69164;360;69524;NA;366252;712;2021-02-06;-23967
2021-02-05;"Prešovský kraj";354;31271;262;31533;NA;366252;616;2021-02-05;-24679
2021-02-04;"Prešovský kraj";352;13080;237;13317;NA;366252;589;2021-02-04;-25295
2021-02-03;"Prešovský kraj";502;8421;236;8657;NA;366252;738;2021-02-03;-25884
2021-02-02;"Prešovský kraj";498;11769;264;12033;NA;366252;762;2021-02-02;-26622
2021-02-01;"Prešovský kraj";440;16059;316;16375;NA;366252;756;2021-02-01;-27384
2021-01-31;"Prešovský kraj";84;10587;107;10694;NA;366252;191;2021-01-31;-28140
2021-01-30;"Prešovský kraj";284;23939;215;24154;NA;366252;499;2021-01-30;-28331
2021-01-29;"Prešovský kraj";370;17924;326;18250;NA;366252;696;2021-01-29;-28830
2021-01-28;"Prešovský kraj";622;7348;150;7498;NA;366252;772;2021-01-28;-29526
2021-01-27;"Prešovský kraj";306;9730;147;9877;NA;366252;453;2021-01-27;-30298
2021-01-26;"Prešovský kraj";504;16653;151;16804;NA;366252;655;2021-01-26;-30751
2021-01-25;"Prešovský kraj";392;30092;253;30345;NA;366252;645;2021-01-25;-31406
2021-01-24;"Prešovský kraj";24;45706;304;46010;NA;366252;328;2021-01-24;-32051
2021-01-23;"Prešovský kraj";378;96883;487;97370;NA;366252;865;2021-01-23;-32379
2021-01-22;"Prešovský kraj";374;35383;261;35644;NA;366252;635;2021-01-22;-33244
2021-01-21;"Prešovský kraj";374;20434;212;20646;NA;366252;586;2021-01-21;-33879
2021-01-20;"Prešovský kraj";506;14782;195;14977;NA;366252;701;2021-01-20;-34465
2021-01-19;"Prešovský kraj";562;12329;305;12634;NA;366252;867;2021-01-19;-35166
2021-01-18;"Prešovský kraj";406;10422;336;10758;NA;366252;742;2021-01-18;-36033
2021-01-17;"Prešovský kraj";214;14391;1008;15399;NA;366252;1222;2021-01-17;-36775
2021-01-16;"Prešovský kraj";144;1838;81;1919;NA;366252;225;2021-01-16;-37997
2021-01-15;"Prešovský kraj";318;7033;257;7290;NA;366252;575;2021-01-15;-38222
2021-01-14;"Prešovský kraj";536;5534;256;5790;NA;366252;792;2021-01-14;-38797
2021-01-13;"Prešovský kraj";684;5649;226;5875;NA;366252;910;2021-01-13;-39589
2021-01-12;"Prešovský kraj";910;8251;386;8637;NA;366252;1296;2021-01-12;-40499
2021-01-11;"Prešovský kraj";686;8149;471;8620;NA;366252;1157;2021-01-11;-41795
2021-01-10;"Prešovský kraj";126;476;23;499;NA;366252;149;2021-01-10;-42952
2021-01-09;"Prešovský kraj";878;2248;125;2373;NA;366252;1003;2021-01-09;-43101
2021-01-08;"Prešovský kraj";860;10416;561;10977;NA;366252;1421;2021-01-08;-44104
2021-01-07;"Prešovský kraj";536;7432;622;8054;NA;366252;1158;2021-01-07;-45525
2021-01-06;"Prešovský kraj";630;1484;134;1618;NA;366252;764;2021-01-06;-46683
2021-01-05;"Prešovský kraj";1310;11275;976;12251;NA;366252;2286;2021-01-05;-47447
2021-01-04;"Prešovský kraj";742;16845;1789;18634;NA;366252;2531;2021-01-04;-49733
2021-01-03;"Prešovský kraj";178;459;41;500;NA;366252;219;2021-01-03;-52264
2021-01-02;"Prešovský kraj";130;1556;160;1716;NA;366252;290;2021-01-02;-52483
2021-01-01;"Prešovský kraj";348;956;71;1027;NA;366252;419;2021-01-01;-52773
2020-12-31;"Prešovský kraj";1280;11959;783;12742;NA;366252;2063;2020-12-31;-53192
2020-12-30;"Prešovský kraj";1458;8729;769;9498;NA;366252;2227;2020-12-30;-55255
2020-12-29;"Prešovský kraj";870;9273;949;10222;NA;366252;1819;2020-12-29;-57482
2020-12-28;"Prešovský kraj";786;9046;1079;10125;NA;366252;1865;2020-12-28;-59301
2020-12-27;"Prešovský kraj";80;613;45;658;NA;366252;125;2020-12-27;-61166
2020-12-26;"Prešovský kraj";128;176;12;188;NA;366252;140;2020-12-26;-61291
2020-12-25;"Prešovský kraj";416;274;11;285;NA;366252;427;2020-12-25;-61431
2020-12-24;"Prešovský kraj";904;1214;85;1299;NA;366252;989;2020-12-24;-61858
2020-12-23;"Prešovský kraj";722;11006;618;11624;NA;366252;1340;2020-12-23;-62847
2020-12-22;"Prešovský kraj";878;9023;695;9718;NA;366252;1573;2020-12-22;-64187
2020-12-21;"Prešovský kraj";864;9577;847;10424;NA;366252;1711;2020-12-21;-65760
2020-12-20;"Prešovský kraj";368;396;20;416;NA;366252;388;2020-12-20;-67471
2020-12-19;"Prešovský kraj";552;1658;151;1809;NA;366252;703;2020-12-19;-67859
2020-12-18;"Prešovský kraj";792;8246;566;8812;NA;366252;1358;2020-12-18;-68562
2020-12-17;"Prešovský kraj";854;10505;866;11371;NA;366252;1720;2020-12-17;-69920
2020-12-16;"Prešovský kraj";932;5613;473;6086;NA;366252;1405;2020-12-16;-71640
2020-12-15;"Prešovský kraj";822;5406;574;5980;NA;366252;1396;2020-12-15;-73045
2020-12-14;"Prešovský kraj";668;5538;477;6015;NA;366252;1145;2020-12-14;-74441
2020-12-13;"Prešovský kraj";178;29;8;37;NA;366252;186;2020-12-13;-75586
2020-12-12;"Prešovský kraj";638;2474;166;2640;NA;366252;804;2020-12-12;-75772
2020-12-11;"Prešovský kraj";1120;5602;402;6004;NA;366252;1522;2020-12-11;-76576
2020-12-10;"Prešovský kraj";465;5019;423;5442;NA;366252;888;2020-12-10;-78098
2020-12-09;"Prešovský kraj";358;4357;314;4671;NA;366252;672;2020-12-09;-78986
2020-12-08;"Prešovský kraj";350;6629;651;7280;NA;366252;1001;2020-12-08;-79658
2020-12-07;"Prešovský kraj";309;4345;327;4672;NA;366252;636;2020-12-07;-80659
2020-12-06;"Prešovský kraj";59;655;26;681;NA;366252;85;2020-12-06;-81295
2020-12-05;"Prešovský kraj";218;984;87;1071;NA;366252;305;2020-12-05;-81380
2020-12-04;"Prešovský kraj";352;5070;293;5363;NA;366252;645;2020-12-04;-81685
2020-12-03;"Prešovský kraj";284;2456;179;2635;NA;366252;463;2020-12-03;-82330
2020-12-02;"Prešovský kraj";232;2830;225;3055;NA;366252;457;2020-12-02;-82793
2020-12-01;"Prešovský kraj";281;1884;196;2080;NA;366252;477;2020-12-01;-83250
2020-11-30;"Prešovský kraj";196;5333;97;5430;NA;366252;293;2020-11-30;-83727
2020-11-29;"Prešovský kraj";27;379;42;421;NA;366252;69;2020-11-29;-84020
2020-11-28;"Prešovský kraj";199;772;77;849;NA;366252;276;2020-11-28;-84089
2020-11-27;"Prešovský kraj";232;2350;130;2480;NA;366252;362;2020-11-27;-84365
2020-11-26;"Prešovský kraj";263;3014;329;3343;NA;366252;592;2020-11-26;-84727
2020-11-25;"Prešovský kraj";302;2174;103;2277;NA;366252;405;2020-11-25;-85319
2020-11-24;"Prešovský kraj";365;1777;156;1933;NA;366252;521;2020-11-24;-85724
2020-11-23;"Prešovský kraj";164;1099;60;1159;NA;366252;224;2020-11-23;-86245
2020-11-22;"Prešovský kraj";46;44;1;45;NA;366252;47;2020-11-22;-86469
2020-11-21;"Prešovský kraj";205;754;62;816;NA;366252;267;2020-11-21;-86516
2020-11-20;"Prešovský kraj";363;2258;102;2360;NA;366252;465;2020-11-20;-86783
2020-11-19;"Prešovský kraj";359;2096;238;2334;NA;366252;597;2020-11-19;-87248
2020-11-18;"Prešovský kraj";270;488;43;531;NA;366252;313;2020-11-18;-87845
2020-11-17;"Prešovský kraj";347;205;23;228;NA;366252;370;2020-11-17;-88158
2020-11-16;"Prešovský kraj";226;540;58;598;NA;366252;284;2020-11-16;-88528
2020-11-15;"Prešovský kraj";186;39;4;43;NA;366252;190;2020-11-15;-88812
2020-11-14;"Prešovský kraj";261;54;4;58;NA;366252;265;2020-11-14;-89002
2020-11-13;"Prešovský kraj";395;166;8;174;NA;366252;403;2020-11-13;-89267
2020-11-12;"Prešovský kraj";397;229;50;279;NA;366252;447;2020-11-12;-89670
2020-11-11;"Prešovský kraj";516;161;15;176;NA;366252;531;2020-11-11;-90117
2020-11-10;"Prešovský kraj";437;197;9;206;NA;366252;446;2020-11-10;-90648
2020-11-09;"Prešovský kraj";190;4110;945;5055;NA;366252;1135;2020-11-09;-91094
2020-11-08;"Prešovský kraj";97;2817;32;2849;NA;366252;129;2020-11-08;-92229
2020-11-07;"Prešovský kraj";416;8578;81;8659;NA;366252;497;2020-11-07;-92358
2020-11-06;"Prešovský kraj";520;4791;76;4867;NA;366252;596;2020-11-06;-92855
2020-11-05;"Prešovský kraj";397;180;5;185;NA;366252;402;2020-11-05;-93451
2020-11-04;"Prešovský kraj";350;807;8;815;NA;366252;358;2020-11-04;-93853
2020-11-03;"Prešovský kraj";565;98;12;110;NA;366252;577;2020-11-03;-94211
2020-11-02;"Prešovský kraj";203;4158;1004;5162;NA;366252;1207;2020-11-02;-94788
2020-11-01;"Prešovský kraj";386;2906;53;2959;NA;366252;439;2020-11-01;-95995
2020-10-31;"Prešovský kraj";315;10497;170;10667;NA;366252;485;2020-10-31;-96434
2020-10-30;"Prešovský kraj";552;2949;65;3014;NA;366252;617;2020-10-30;-96919
2020-10-29;"Prešovský kraj";594;301;38;339;NA;366252;632;2020-10-29;-97536
2020-10-28;"Prešovský kraj";617;291;46;337;NA;366252;663;2020-10-28;-98168
2020-10-27;"Prešovský kraj";656;268;34;302;NA;366252;690;2020-10-27;-98831
2020-10-26;"Prešovský kraj";137;363;57;420;NA;366252;194;2020-10-26;-99521
2020-10-25;"Prešovský kraj";237;346;11;357;NA;366252;248;2020-10-25;-99715
2020-10-24;"Prešovský kraj";719;200;12;212;NA;366252;731;2020-10-24;-99963
2020-10-23;"Prešovský kraj";750;218;8;226;NA;366252;758;2020-10-23;-100694
2020-10-22;"Prešovský kraj";646;396;30;426;NA;366252;676;2020-10-22;-101452
2020-10-21;"Prešovský kraj";383;58;8;66;NA;366252;391;2020-10-21;-102128
2020-10-20;"Prešovský kraj";493;65;7;72;NA;366252;500;2020-10-20;-102519
2020-10-19;"Prešovský kraj";140;235;15;250;NA;366252;155;2020-10-19;-103019
2020-10-18;"Prešovský kraj";209;0;0;0;NA;366252;209;2020-10-18;-103174
2020-10-17;"Prešovský kraj";342;0;0;0;NA;366252;342;2020-10-17;-103383
2020-10-16;"Prešovský kraj";388;57;3;60;NA;366252;391;2020-10-16;-103725
2020-10-15;"Prešovský kraj";435;85;18;103;NA;366252;453;2020-10-15;-104116
2020-10-14;"Prešovský kraj";451;54;10;64;NA;366252;461;2020-10-14;-104569
2020-10-13;"Prešovský kraj";264;50;6;56;NA;366252;270;2020-10-13;-105030
2020-10-12;"Prešovský kraj";214;334;35;369;NA;366252;249;2020-10-12;-105300
2020-10-11;"Prešovský kraj";127;0;0;0;NA;366252;127;2020-10-11;-105549
2020-10-10;"Prešovský kraj";248;0;0;0;NA;366252;248;2020-10-10;-105676
2020-10-09;"Prešovský kraj";406;0;0;0;NA;366252;406;2020-10-09;-105924
2020-10-08;"Prešovský kraj";245;0;0;0;NA;366252;245;2020-10-08;-106330
2020-10-07;"Prešovský kraj";244;0;0;0;NA;366252;244;2020-10-07;-106575
2020-10-06;"Prešovský kraj";166;0;0;0;NA;366252;166;2020-10-06;-106819
2020-10-05;"Prešovský kraj";84;0;0;0;NA;366252;84;2020-10-05;-106985
2020-10-04;"Prešovský kraj";118;0;0;0;NA;366252;118;2020-10-04;-107069
2020-10-03;"Prešovský kraj";204;0;0;0;NA;366252;204;2020-10-03;-107187
2020-10-02;"Prešovský kraj";149;0;0;0;NA;366252;149;2020-10-02;-107391
2020-10-01;"Prešovský kraj";136;0;0;0;NA;366252;136;2020-10-01;-107540
2020-09-30;"Prešovský kraj";121;0;0;0;NA;366252;121;2020-09-30;-107676
2020-09-29;"Prešovský kraj";156;0;0;0;NA;366252;156;2020-09-29;-107797
2020-09-28;"Prešovský kraj";51;0;0;0;NA;366252;51;2020-09-28;-107953
2020-09-27;"Prešovský kraj";10;0;0;0;NA;366252;10;2020-09-27;-108004
2020-09-26;"Prešovský kraj";72;0;0;0;NA;366252;72;2020-09-26;-108014
2020-09-25;"Prešovský kraj";91;0;0;0;NA;366252;91;2020-09-25;-108086
2020-09-24;"Prešovský kraj";52;0;0;0;NA;366252;52;2020-09-24;-108177
2020-09-23;"Prešovský kraj";55;0;0;0;NA;366252;55;2020-09-23;-108229
2020-09-22;"Prešovský kraj";29;0;0;0;NA;366252;29;2020-09-22;-108284
2020-09-21;"Prešovský kraj";14;0;0;0;NA;366252;14;2020-09-21;-108313
2020-09-20;"Prešovský kraj";5;0;0;0;NA;366252;5;2020-09-20;-108327
2020-09-19;"Prešovský kraj";12;0;0;0;NA;366252;12;2020-09-19;-108332
2020-09-18;"Prešovský kraj";29;0;0;0;NA;366252;29;2020-09-18;-108344
2020-09-17;"Prešovský kraj";25;0;0;0;NA;366252;25;2020-09-17;-108373
2020-09-16;"Prešovský kraj";8;0;0;0;NA;366252;8;2020-09-16;-108398
2020-09-15;"Prešovský kraj";10;0;0;0;NA;366252;10;2020-09-15;-108406
2020-09-14;"Prešovský kraj";47;0;0;0;NA;366252;47;2020-09-14;-108416
2020-09-13;"Prešovský kraj";3;0;0;0;NA;366252;3;2020-09-13;-108463
2020-09-12;"Prešovský kraj";4;0;0;0;NA;366252;4;2020-09-12;-108466
2020-09-11;"Prešovský kraj";15;0;0;0;NA;366252;15;2020-09-11;-108470
2020-09-10;"Prešovský kraj";10;0;0;0;NA;366252;10;2020-09-10;-108485
2020-09-09;"Prešovský kraj";21;0;0;0;NA;366252;21;2020-09-09;-108495
2020-09-08;"Prešovský kraj";23;0;0;0;NA;366252;23;2020-09-08;-108516
2020-09-07;"Prešovský kraj";5;0;0;0;NA;366252;5;2020-09-07;-108539
2020-09-06;"Prešovský kraj";3;0;0;0;NA;366252;3;2020-09-06;-108544
2020-09-05;"Prešovský kraj";7;0;0;0;NA;366252;7;2020-09-05;-108547
2020-09-04;"Prešovský kraj";24;0;0;0;NA;366252;24;2020-09-04;-108554
2020-09-03;"Prešovský kraj";8;0;0;0;NA;366252;8;2020-09-03;-108578
2020-09-02;"Prešovský kraj";9;0;0;0;NA;366252;9;2020-09-02;-108586
2020-09-01;"Prešovský kraj";6;0;0;0;NA;366252;6;2020-09-01;-108595
2020-08-31;"Prešovský kraj";3;0;0;0;NA;366252;3;2020-08-31;-108601
2020-08-30;"Prešovský kraj";6;0;0;0;NA;366252;6;2020-08-30;-108604
2020-08-29;"Prešovský kraj";4;0;0;0;NA;366252;4;2020-08-29;-108610
2020-08-28;"Prešovský kraj";6;0;0;0;NA;366252;6;2020-08-28;-108614
2020-08-27;"Prešovský kraj";7;0;0;0;NA;366252;7;2020-08-27;-108620
2020-08-26;"Prešovský kraj";22;0;0;0;NA;366252;22;2020-08-26;-108627
2020-08-25;"Prešovský kraj";1;0;0;0;NA;366252;1;2020-08-25;-108649
2020-08-24;"Prešovský kraj";5;0;0;0;NA;366252;5;2020-08-24;-108650
2020-08-23;"Prešovský kraj";3;0;0;0;NA;366252;3;2020-08-23;-108655
2020-08-22;"Prešovský kraj";3;0;0;0;NA;366252;3;2020-08-22;-108658
2020-08-21;"Prešovský kraj";11;0;0;0;NA;366252;11;2020-08-21;-108661
2020-08-20;"Prešovský kraj";8;0;0;0;NA;366252;8;2020-08-20;-108672
2020-08-19;"Prešovský kraj";8;0;0;0;NA;366252;8;2020-08-19;-108680
2020-08-18;"Prešovský kraj";6;0;0;0;NA;366252;6;2020-08-18;-108688
2020-08-17;"Prešovský kraj";1;0;0;0;NA;366252;1;2020-08-17;-108694
2020-08-16;"Prešovský kraj";0;0;0;0;NA;366252;0;2020-08-16;-108695
2020-08-15;"Prešovský kraj";8;0;0;0;NA;366252;8;2020-08-15;-108695
2020-08-14;"Prešovský kraj";6;0;0;0;NA;366252;6;2020-08-14;-108703
2020-08-13;"Prešovský kraj";8;0;0;0;NA;366252;8;2020-08-13;-108709
2020-08-12;"Prešovský kraj";19;0;0;0;NA;366252;19;2020-08-12;-108717
2020-08-11;"Prešovský kraj";3;0;0;0;NA;366252;3;2020-08-11;-108736
2020-08-10;"Prešovský kraj";0;0;0;0;NA;366252;0;2020-08-10;-108739
2020-08-09;"Prešovský kraj";0;0;0;0;NA;366252;0;2020-08-09;-108739
2020-08-08;"Prešovský kraj";2;0;0;0;NA;366252;2;2020-08-08;-108739
2020-08-07;"Prešovský kraj";6;0;0;0;NA;366252;6;2020-08-07;-108741
2020-08-06;"Prešovský kraj";2;0;0;0;NA;366252;2;2020-08-06;-108747
2020-08-05;"Prešovský kraj";8;0;0;0;NA;366252;8;2020-08-05;-108749
2020-08-04;"Prešovský kraj";5;0;0;0;NA;366252;5;2020-08-04;-108757
2020-08-03;"Prešovský kraj";4;0;0;0;NA;366252;4;2020-08-03;-108762
2020-08-02;"Prešovský kraj";6;0;0;0;NA;366252;6;2020-08-02;-108766
2020-08-01;"Prešovský kraj";0;0;0;0;NA;366252;0;2020-08-01;-108772
2020-07-31;"Prešovský kraj";2;0;0;0;NA;366252;2;2020-07-31;-108772
2020-07-30;"Prešovský kraj";6;0;0;0;NA;366252;6;2020-07-30;-108774
2020-07-29;"Prešovský kraj";5;0;0;0;NA;366252;5;2020-07-29;-108780
2020-07-28;"Prešovský kraj";0;0;0;0;NA;366252;0;2020-07-28;-108785
2020-07-27;"Prešovský kraj";1;0;0;0;NA;366252;1;2020-07-27;-108785
2020-07-26;"Prešovský kraj";1;0;0;0;NA;366252;1;2020-07-26;-108786
2020-07-25;"Prešovský kraj";21;0;0;0;NA;366252;21;2020-07-25;-108787
2020-07-24;"Prešovský kraj";1;0;0;0;NA;366252;1;2020-07-24;-108808
2020-07-23;"Prešovský kraj";5;0;0;0;NA;366252;5;2020-07-23;-108809
2020-07-22;"Prešovský kraj";1;0;0;0;NA;366252;1;2020-07-22;-108814
2020-07-21;"Prešovský kraj";2;0;0;0;NA;366252;2;2020-07-21;-108815
2020-07-20;"Prešovský kraj";1;0;0;0;NA;366252;1;2020-07-20;-108817
2020-07-19;"Prešovský kraj";0;0;0;0;NA;366252;0;2020-07-19;-108818
2020-07-18;"Prešovský kraj";0;0;0;0;NA;366252;0;2020-07-18;-108818
2020-07-17;"Prešovský kraj";3;0;0;0;NA;366252;3;2020-07-17;-108818
2020-07-16;"Prešovský kraj";1;0;0;0;NA;366252;1;2020-07-16;-108821
2020-07-15;"Prešovský kraj";5;0;0;0;NA;366252;5;2020-07-15;-108822
2020-07-14;"Prešovský kraj";5;0;0;0;NA;366252;5;2020-07-14;-108827
2020-07-13;"Prešovský kraj";1;0;0;0;NA;366252;1;2020-07-13;-108832
2020-07-12;"Prešovský kraj";1;0;0;0;NA;366252;1;2020-07-12;-108833
2020-07-11;"Prešovský kraj";6;0;0;0;NA;366252;6;2020-07-11;-108834
2020-07-10;"Prešovský kraj";5;0;0;0;NA;366252;5;2020-07-10;-108840
2020-07-09;"Prešovský kraj";2;0;0;0;NA;366252;2;2020-07-09;-108845
2020-07-08;"Prešovský kraj";14;0;0;0;NA;366252;14;2020-07-08;-108847
2020-07-07;"Prešovský kraj";2;0;0;0;NA;366252;2;2020-07-07;-108861
2020-07-06;"Prešovský kraj";0;0;0;0;NA;366252;0;2020-07-06;-108863
2020-07-05;"Prešovský kraj";0;0;0;0;NA;366252;0;2020-07-05;-108863
2020-07-04;"Prešovský kraj";1;0;0;0;NA;366252;1;2020-07-04;-108863
2020-07-03;"Prešovský kraj";3;0;0;0;NA;366252;3;2020-07-03;-108864
2020-07-02;"Prešovský kraj";0;0;0;0;NA;366252;0;2020-07-02;-108867
2020-07-01;"Prešovský kraj";0;0;0;0;NA;366252;0;2020-07-01;-108867
2020-06-30;"Prešovský kraj";7;0;0;0;NA;366252;7;2020-06-30;-108867
2020-06-29;"Prešovský kraj";0;0;0;0;NA;366252;0;2020-06-29;-108874
2020-06-28;"Prešovský kraj";0;0;0;0;NA;366252;0;2020-06-28;-108874
2020-06-27;"Prešovský kraj";3;0;0;0;NA;366252;3;2020-06-27;-108874
2020-06-26;"Prešovský kraj";3;0;0;0;NA;366252;3;2020-06-26;-108877
2020-06-25;"Prešovský kraj";0;0;0;0;NA;366252;0;2020-06-25;-108880
2020-06-24;"Prešovský kraj";4;0;0;0;NA;366252;4;2020-06-24;-108880
2020-06-23;"Prešovský kraj";0;0;0;0;NA;366252;0;2020-06-23;-108884
2020-06-22;"Prešovský kraj";0;0;0;0;NA;366252;0;2020-06-22;-108884
2020-06-21;"Prešovský kraj";0;0;0;0;NA;366252;0;2020-06-21;-108884
2020-06-20;"Prešovský kraj";0;0;0;0;NA;366252;0;2020-06-20;-108884
2020-06-19;"Prešovský kraj";1;0;0;0;NA;366252;1;2020-06-19;-108884
2020-06-18;"Prešovský kraj";0;0;0;0;NA;366252;0;2020-06-18;-108885
2020-06-17;"Prešovský kraj";0;0;0;0;NA;366252;0;2020-06-17;-108885
2020-06-16;"Prešovský kraj";6;0;0;0;NA;366252;6;2020-06-16;-108885
2020-06-14;"Prešovský kraj";0;0;0;0;NA;366252;0;2020-06-14;-108891
2020-06-13;"Prešovský kraj";0;0;0;0;NA;366252;0;2020-06-13;-108891
2020-06-12;"Prešovský kraj";1;0;0;0;NA;366252;1;2020-06-12;-108891
2020-06-11;"Prešovský kraj";0;0;0;0;NA;366252;0;2020-06-11;-108892
2020-06-10;"Prešovský kraj";0;0;0;0;NA;366252;0;2020-06-10;-108892
2020-06-09;"Prešovský kraj";0;0;0;0;NA;366252;0;2020-06-09;-108892
2020-06-08;"Prešovský kraj";0;0;0;0;NA;366252;0;2020-06-08;-108892
2020-06-07;"Prešovský kraj";0;0;0;0;NA;366252;0;2020-06-07;-108892
2020-06-05;"Prešovský kraj";0;0;0;0;NA;366252;0;2020-06-05;-108892
2020-06-03;"Prešovský kraj";0;0;0;0;NA;366252;0;2020-06-03;-108892
2020-06-02;"Prešovský kraj";1;0;0;0;NA;366252;1;2020-06-02;-108892
2020-05-31;"Prešovský kraj";1;0;0;0;NA;366252;1;2020-05-31;-108893
2020-05-29;"Prešovský kraj";0;0;0;0;NA;366252;0;2020-05-29;-108894
2020-05-27;"Prešovský kraj";0;0;0;0;NA;366252;0;2020-05-27;-108894
2020-05-26;"Prešovský kraj";0;0;0;0;NA;366252;0;2020-05-26;-108894
2020-05-25;"Prešovský kraj";0;0;0;0;NA;366252;0;2020-05-25;-108894
2020-05-24;"Prešovský kraj";0;0;0;0;NA;366252;0;2020-05-24;-108894
2020-05-23;"Prešovský kraj";0;0;0;0;NA;366252;0;2020-05-23;-108894
2020-05-22;"Prešovský kraj";0;0;0;0;NA;366252;0;2020-05-22;-108894
2020-05-21;"Prešovský kraj";1;0;0;0;NA;366252;1;2020-05-21;-108894
2020-05-20;"Prešovský kraj";0;0;0;0;NA;366252;0;2020-05-20;-108895
2020-05-19;"Prešovský kraj";0;0;0;0;NA;366252;0;2020-05-19;-108895
2020-05-17;"Prešovský kraj";0;0;0;0;NA;366252;0;2020-05-17;-108895
2020-05-16;"Prešovský kraj";0;0;0;0;NA;366252;0;2020-05-16;-108895
2020-05-15;"Prešovský kraj";0;0;0;0;NA;366252;0;2020-05-15;-108895
2020-05-14;"Prešovský kraj";0;0;0;0;NA;366252;0;2020-05-14;-108895
2020-05-13;"Prešovský kraj";1;0;0;0;NA;366252;1;2020-05-13;-108895
2020-05-12;"Prešovský kraj";0;0;0;0;NA;366252;0;2020-05-12;-108896
2020-05-11;"Prešovský kraj";1;0;0;0;NA;366252;1;2020-05-11;-108896
2020-05-09;"Prešovský kraj";0;0;0;0;NA;366252;0;2020-05-09;-108897
2020-05-07;"Prešovský kraj";0;0;0;0;NA;366252;0;2020-05-07;-108897
2020-05-06;"Prešovský kraj";0;0;0;0;NA;366252;0;2020-05-06;-108897
2020-05-05;"Prešovský kraj";1;0;0;0;NA;366252;1;2020-05-05;-108897
2020-05-04;"Prešovský kraj";0;0;0;0;NA;366252;0;2020-05-04;-108898
2020-05-03;"Prešovský kraj";0;0;0;0;NA;366252;0;2020-05-03;-108898
2020-05-02;"Prešovský kraj";0;0;0;0;NA;366252;0;2020-05-02;-108898
2020-05-01;"Prešovský kraj";2;0;0;0;NA;366252;2;2020-05-01;-108898
2020-04-30;"Prešovský kraj";0;0;0;0;NA;366252;0;2020-04-30;-108900
2020-04-29;"Prešovský kraj";1;0;0;0;NA;366252;1;2020-04-29;-108900
2020-04-28;"Prešovský kraj";1;0;0;0;NA;366252;1;2020-04-28;-108901
2020-04-27;"Prešovský kraj";2;0;0;0;NA;366252;2;2020-04-27;-108902
2020-04-26;"Prešovský kraj";0;0;0;0;NA;366252;0;2020-04-26;-108904
2020-04-25;"Prešovský kraj";0;0;0;0;NA;366252;0;2020-04-25;-108904
2020-04-24;"Prešovský kraj";0;0;0;0;NA;366252;0;2020-04-24;-108904
2020-04-23;"Prešovský kraj";2;0;0;0;NA;366252;2;2020-04-23;-108904
2020-04-22;"Prešovský kraj";11;0;0;0;NA;366252;11;2020-04-22;-108906
2020-04-21;"Prešovský kraj";12;0;0;0;NA;366252;12;2020-04-21;-108917
2020-04-20;"Prešovský kraj";2;0;0;0;NA;366252;2;2020-04-20;-108929
2020-04-19;"Prešovský kraj";4;0;0;0;NA;366252;4;2020-04-19;-108931
2020-04-18;"Prešovský kraj";1;0;0;0;NA;366252;1;2020-04-18;-108935
2020-04-17;"Prešovský kraj";4;0;0;0;NA;366252;4;2020-04-17;-108936
2020-04-16;"Prešovský kraj";9;0;0;0;NA;366252;9;2020-04-16;-108940
2020-04-15;"Prešovský kraj";21;0;0;0;NA;366252;21;2020-04-15;-108949
2020-04-14;"Prešovský kraj";1;0;0;0;NA;366252;1;2020-04-14;-108970
2020-04-13;"Prešovský kraj";2;0;0;0;NA;366252;2;2020-04-13;-108971
2020-04-12;"Prešovský kraj";6;0;0;0;NA;366252;6;2020-04-12;-108973
2020-04-11;"Prešovský kraj";4;0;0;0;NA;366252;4;2020-04-11;-108979
2020-04-10;"Prešovský kraj";0;0;0;0;NA;366252;0;2020-04-10;-108983
2020-04-09;"Prešovský kraj";1;0;0;0;NA;366252;1;2020-04-09;-108983
2020-04-08;"Prešovský kraj";0;0;0;0;NA;366252;0;2020-04-08;-108984
2020-04-07;"Prešovský kraj";7;0;0;0;NA;366252;7;2020-04-07;-108984
2020-04-06;"Prešovský kraj";10;0;0;0;NA;366252;10;2020-04-06;-108991
2020-04-05;"Prešovský kraj";13;0;0;0;NA;366252;13;2020-04-05;-109001
2020-04-04;"Prešovský kraj";1;0;0;0;NA;366252;1;2020-04-04;-109014
2020-04-03;"Prešovský kraj";4;0;0;0;NA;366252;4;2020-04-03;-109015
2020-04-02;"Prešovský kraj";6;0;0;0;NA;366252;6;2020-04-02;-109019
2020-04-01;"Prešovský kraj";6;0;0;0;NA;366252;6;2020-04-01;-109025
2020-03-31;"Prešovský kraj";6;0;0;0;NA;366252;6;2020-03-31;-109031
2020-03-30;"Prešovský kraj";2;0;0;0;NA;366252;2;2020-03-30;-109037
2020-03-29;"Prešovský kraj";2;0;0;0;NA;366252;2;2020-03-29;-109039
2020-03-28;"Prešovský kraj";2;0;0;0;NA;366252;2;2020-03-28;-109041
2020-03-27;"Prešovský kraj";1;0;0;0;NA;366252;1;2020-03-27;-109043
2020-03-26;"Prešovský kraj";8;0;0;0;NA;366252;8;2020-03-26;-109044
2020-03-25;"Prešovský kraj";1;0;0;0;NA;366252;1;2020-03-25;-109052
2020-03-24;"Prešovský kraj";4;0;0;0;NA;366252;4;2020-03-24;-109053
2020-03-23;"Prešovský kraj";0;0;0;0;NA;366252;0;2020-03-23;-109057
2020-03-22;"Prešovský kraj";1;0;0;0;NA;366252;1;2020-03-22;-109057
2020-03-21;"Prešovský kraj";2;0;0;0;NA;366252;2;2020-03-21;-109058
2020-03-20;"Prešovský kraj";3;0;0;0;NA;366252;3;2020-03-20;-109060
2020-03-19;"Prešovský kraj";2;0;0;0;NA;366252;2;2020-03-19;-109063
2020-03-18;"Prešovský kraj";1;0;0;0;NA;366252;1;2020-03-18;-109065
2020-03-17;"Prešovský kraj";1;0;0;0;NA;366252;1;2020-03-17;-109066
2020-03-16;"Prešovský kraj";4;0;0;0;NA;366252;4;2020-03-16;-109067
2020-03-15;"Prešovský kraj";0;0;0;0;NA;366252;0;2020-03-15;-109071
2020-03-14;"Prešovský kraj";1;0;0;0;NA;366252;1;2020-03-14;-109071
2020-03-13;"Prešovský kraj";0;0;0;0;NA;366252;0;2020-03-13;-109072
2020-03-12;"Prešovský kraj";0;0;0;0;NA;366252;0;2020-03-12;-109072
2020-03-11;"Prešovský kraj";0;0;0;0;NA;366252;0;2020-03-11;-109072
2020-03-09;"Prešovský kraj";0;0;0;0;NA;366252;0;2020-03-09;-109072
2020-03-08;"Prešovský kraj";0;0;0;0;NA;366252;0;2020-03-08;-109072
2020-03-07;"Prešovský kraj";0;0;0;0;NA;366252;0;2020-03-07;-109072
2020-03-06;"Prešovský kraj";0;0;0;0;NA;366252;0;2020-03-06;-109072
2022-06-15;"Trenčiansky kraj";20;56;1;57;212863;303201;21;2022-06-15;303201
2022-06-14;"Trenčiansky kraj";13;66;4;70;NA;303201;17;2022-06-14;303180
2022-06-13;"Trenčiansky kraj";20;80;8;88;NA;303201;28;2022-06-13;303163
2022-06-12;"Trenčiansky kraj";0;42;2;44;NA;303201;2;2022-06-12;303135
2022-06-11;"Trenčiansky kraj";6;26;2;28;NA;303201;8;2022-06-11;303133
2022-06-10;"Trenčiansky kraj";19;66;4;70;NA;303201;23;2022-06-10;303125
2022-06-09;"Trenčiansky kraj";14;58;4;62;NA;303201;18;2022-06-09;303102
2022-06-08;"Trenčiansky kraj";20;91;6;97;NA;303201;26;2022-06-08;303084
2022-06-07;"Trenčiansky kraj";18;77;8;85;NA;303201;26;2022-06-07;303058
2022-06-06;"Trenčiansky kraj";23;93;14;107;NA;303201;37;2022-06-06;303032
2022-06-05;"Trenčiansky kraj";0;316;20;336;NA;303201;20;2022-06-05;302995
2022-06-04;"Trenčiansky kraj";10;31;1;32;NA;303201;11;2022-06-04;302975
2022-06-03;"Trenčiansky kraj";15;71;8;79;NA;303201;23;2022-06-03;302964
2022-06-02;"Trenčiansky kraj";14;70;3;73;NA;303201;17;2022-06-02;302941
2022-06-01;"Trenčiansky kraj";12;118;7;125;NA;303201;19;2022-06-01;302924
2022-05-31;"Trenčiansky kraj";12;147;3;150;NA;303201;15;2022-05-31;302905
2022-05-30;"Trenčiansky kraj";13;212;7;219;NA;303201;20;2022-05-30;302890
2022-05-29;"Trenčiansky kraj";1;61;2;63;NA;303201;3;2022-05-29;302870
2022-05-28;"Trenčiansky kraj";3;30;0;30;NA;303201;3;2022-05-28;302867
2022-05-27;"Trenčiansky kraj";15;205;10;215;NA;303201;25;2022-05-27;302864
2022-05-26;"Trenčiansky kraj";21;83;6;89;NA;303201;27;2022-05-26;302839
2022-05-25;"Trenčiansky kraj";9;144;10;154;NA;303201;19;2022-05-25;302812
2022-05-24;"Trenčiansky kraj";21;165;5;170;NA;303201;26;2022-05-24;302793
2022-05-23;"Trenčiansky kraj";15;217;11;228;NA;303201;26;2022-05-23;302767
2022-05-22;"Trenčiansky kraj";1;55;3;58;NA;303201;4;2022-05-22;302741
2022-05-21;"Trenčiansky kraj";10;63;5;68;NA;303201;15;2022-05-21;302737
2022-05-20;"Trenčiansky kraj";26;157;12;169;NA;303201;38;2022-05-20;302722
2022-05-19;"Trenčiansky kraj";46;159;9;168;NA;303201;55;2022-05-19;302684
2022-05-18;"Trenčiansky kraj";24;169;9;178;NA;303201;33;2022-05-18;302629
2022-05-17;"Trenčiansky kraj";31;152;8;160;NA;303201;39;2022-05-17;302596
2022-05-16;"Trenčiansky kraj";19;235;20;255;NA;303201;39;2022-05-16;302557
2022-05-15;"Trenčiansky kraj";1;64;0;64;NA;303201;1;2022-05-15;302518
2022-05-14;"Trenčiansky kraj";31;63;4;67;NA;303201;35;2022-05-14;302517
2022-05-13;"Trenčiansky kraj";24;174;12;186;NA;303201;36;2022-05-13;302482
2022-05-12;"Trenčiansky kraj";29;189;13;202;NA;303201;42;2022-05-12;302446
2022-05-11;"Trenčiansky kraj";30;166;14;180;NA;303201;44;2022-05-11;302404
2022-05-10;"Trenčiansky kraj";46;171;19;190;NA;303201;65;2022-05-10;302360
2022-05-09;"Trenčiansky kraj";39;289;21;310;NA;303201;60;2022-05-09;302295
2022-05-08;"Trenčiansky kraj";3;82;7;89;NA;303201;10;2022-05-08;302235
2022-05-07;"Trenčiansky kraj";22;72;5;77;NA;303201;27;2022-05-07;302225
2022-05-06;"Trenčiansky kraj";52;297;17;314;NA;303201;69;2022-05-06;302198
2022-05-05;"Trenčiansky kraj";53;149;8;157;NA;303201;61;2022-05-05;302129
2022-05-04;"Trenčiansky kraj";43;247;12;259;NA;303201;55;2022-05-04;302068
2022-05-03;"Trenčiansky kraj";79;207;15;222;NA;303201;94;2022-05-03;302013
2022-05-02;"Trenčiansky kraj";57;585;19;604;NA;303201;76;2022-05-02;301919
2022-05-01;"Trenčiansky kraj";14;162;5;167;NA;303201;19;2022-05-01;301843
2022-04-30;"Trenčiansky kraj";75;173;4;177;NA;303201;79;2022-04-30;301824
2022-04-29;"Trenčiansky kraj";106;273;16;289;NA;303201;122;2022-04-29;301745
2022-04-28;"Trenčiansky kraj";87;502;12;514;NA;303201;99;2022-04-28;301623
2022-04-27;"Trenčiansky kraj";115;408;34;442;NA;303201;149;2022-04-27;301524
2022-04-26;"Trenčiansky kraj";151;375;10;385;NA;303201;161;2022-04-26;301375
2022-04-25;"Trenčiansky kraj";106;611;29;640;NA;303201;135;2022-04-25;301214
2022-04-24;"Trenčiansky kraj";32;215;13;228;NA;303201;45;2022-04-24;301079
2022-04-23;"Trenčiansky kraj";104;210;11;221;NA;303201;115;2022-04-23;301034
2022-04-22;"Trenčiansky kraj";122;456;32;488;NA;303201;154;2022-04-22;300919
2022-04-21;"Trenčiansky kraj";191;516;18;534;NA;303201;209;2022-04-21;300765
2022-04-20;"Trenčiansky kraj";269;460;23;483;NA;303201;292;2022-04-20;300556
2022-04-19;"Trenčiansky kraj";180;802;39;841;NA;303201;219;2022-04-19;300264
2022-04-18;"Trenčiansky kraj";107;242;15;257;NA;303201;122;2022-04-18;300045
2022-04-17;"Trenčiansky kraj";154;314;14;328;NA;303201;168;2022-04-17;299923
2022-04-16;"Trenčiansky kraj";51;297;10;307;NA;303201;61;2022-04-16;299755
2022-04-15;"Trenčiansky kraj";71;313;12;325;NA;303201;83;2022-04-15;299694
2022-04-14;"Trenčiansky kraj";235;702;36;738;NA;303201;271;2022-04-14;299611
2022-04-13;"Trenčiansky kraj";288;512;39;551;NA;303201;327;2022-04-13;299340
2022-04-12;"Trenčiansky kraj";293;744;52;796;NA;303201;345;2022-04-12;299013
2022-04-11;"Trenčiansky kraj";349;634;61;695;NA;303201;410;2022-04-11;298668
2022-04-10;"Trenčiansky kraj";110;440;28;468;NA;303201;138;2022-04-10;298258
2022-04-09;"Trenčiansky kraj";234;269;24;293;NA;303201;258;2022-04-09;298120
2022-04-08;"Trenčiansky kraj";301;475;27;502;NA;303201;328;2022-04-08;297862
2022-04-07;"Trenčiansky kraj";381;592;68;660;NA;303201;449;2022-04-07;297534
2022-04-06;"Trenčiansky kraj";416;680;78;758;NA;303201;494;2022-04-06;297085
2022-04-05;"Trenčiansky kraj";499;614;65;679;NA;303201;564;2022-04-05;296591
2022-04-04;"Trenčiansky kraj";468;948;95;1043;NA;303201;563;2022-04-04;296027
2022-04-03;"Trenčiansky kraj";127;373;46;419;NA;303201;173;2022-04-03;295464
2022-04-02;"Trenčiansky kraj";368;404;59;463;NA;303201;427;2022-04-02;295291
2022-04-01;"Trenčiansky kraj";510;630;65;695;NA;303201;575;2022-04-01;294864
2022-03-31;"Trenčiansky kraj";520;1013;97;1110;NA;303201;617;2022-03-31;294289
2022-03-30;"Trenčiansky kraj";706;1494;87;1581;NA;303201;793;2022-03-30;293672
2022-03-29;"Trenčiansky kraj";682;1077;97;1174;NA;303201;779;2022-03-29;292879
2022-03-28;"Trenčiansky kraj";673;1727;140;1867;NA;303201;813;2022-03-28;292100
2022-03-27;"Trenčiansky kraj";167;596;86;682;NA;303201;253;2022-03-27;291287
2022-03-26;"Trenčiansky kraj";513;395;43;438;NA;303201;556;2022-03-26;291034
2022-03-25;"Trenčiansky kraj";534;937;93;1030;NA;303201;627;2022-03-25;290478
2022-03-24;"Trenčiansky kraj";712;1266;106;1372;NA;303201;818;2022-03-24;289851
2022-03-23;"Trenčiansky kraj";903;1047;97;1144;NA;303201;1000;2022-03-23;289033
2022-03-22;"Trenčiansky kraj";918;1078;116;1194;NA;303201;1034;2022-03-22;288033
2022-03-21;"Trenčiansky kraj";745;1753;219;1972;NA;303201;964;2022-03-21;286999
2022-03-20;"Trenčiansky kraj";334;826;89;915;NA;303201;423;2022-03-20;286035
2022-03-19;"Trenčiansky kraj";560;510;77;587;NA;303201;637;2022-03-19;285612
2022-03-18;"Trenčiansky kraj";884;972;135;1107;NA;303201;1019;2022-03-18;284975
2022-03-17;"Trenčiansky kraj";863;1156;137;1293;NA;303201;1000;2022-03-17;283956
2022-03-16;"Trenčiansky kraj";1147;1303;129;1432;NA;303201;1276;2022-03-16;282956
2022-03-15;"Trenčiansky kraj";1054;1325;124;1449;NA;303201;1178;2022-03-15;281680
2022-03-14;"Trenčiansky kraj";934;2642;273;2915;NA;303201;1207;2022-03-14;280502
2022-03-13;"Trenčiansky kraj";373;698;97;795;NA;303201;470;2022-03-13;279295
2022-03-12;"Trenčiansky kraj";674;550;94;644;NA;303201;768;2022-03-12;278825
2022-03-11;"Trenčiansky kraj";1131;1379;222;1601;NA;303201;1353;2022-03-11;278057
2022-03-10;"Trenčiansky kraj";1087;1363;226;1589;NA;303201;1313;2022-03-10;276704
2022-03-09;"Trenčiansky kraj";1515;1517;240;1757;NA;303201;1755;2022-03-09;275391
2022-03-08;"Trenčiansky kraj";1059;1755;253;2008;NA;303201;1312;2022-03-08;273636
2022-03-07;"Trenčiansky kraj";1079;2457;360;2817;NA;303201;1439;2022-03-07;272324
2022-03-06;"Trenčiansky kraj";354;832;134;966;NA;303201;488;2022-03-06;270885
2022-03-05;"Trenčiansky kraj";583;700;138;838;NA;303201;721;2022-03-05;270397
2022-03-04;"Trenčiansky kraj";1125;1337;210;1547;NA;303201;1335;2022-03-04;269676
2022-03-03;"Trenčiansky kraj";1346;1710;223;1933;NA;303201;1569;2022-03-03;268341
2022-03-02;"Trenčiansky kraj";1345;1739;245;1984;NA;303201;1590;2022-03-02;266772
2022-03-01;"Trenčiansky kraj";1409;1805;309;2114;NA;303201;1718;2022-03-01;265182
2022-02-28;"Trenčiansky kraj";1390;2932;468;3400;NA;303201;1858;2022-02-28;263464
2022-02-27;"Trenčiansky kraj";573;1043;218;1261;NA;303201;791;2022-02-27;261606
2022-02-26;"Trenčiansky kraj";934;784;147;931;NA;303201;1081;2022-02-26;260815
2022-02-25;"Trenčiansky kraj";1460;1788;341;2129;NA;303201;1801;2022-02-25;259734
2022-02-24;"Trenčiansky kraj";1372;2468;309;2777;NA;303201;1681;2022-02-24;257933
2022-02-23;"Trenčiansky kraj";1677;2084;322;2406;NA;303201;1999;2022-02-23;256252
2022-02-22;"Trenčiansky kraj";2073;2270;451;2721;NA;303201;2524;2022-02-22;254253
2022-02-21;"Trenčiansky kraj";2172;4194;645;4839;NA;303201;2817;2022-02-21;251729
2022-02-20;"Trenčiansky kraj";1079;1436;322;1758;NA;303201;1401;2022-02-20;248912
2022-02-19;"Trenčiansky kraj";1168;1008;244;1252;NA;303201;1412;2022-02-19;247511
2022-02-18;"Trenčiansky kraj";2456;2369;477;2846;NA;303201;2933;2022-02-18;246099
2022-02-17;"Trenčiansky kraj";2090;2733;427;3160;NA;303201;2517;2022-02-17;243166
2022-02-16;"Trenčiansky kraj";2928;2478;512;2990;NA;303201;3440;2022-02-16;240649
2022-02-15;"Trenčiansky kraj";2372;2603;572;3175;NA;303201;2944;2022-02-15;237209
2022-02-14;"Trenčiansky kraj";2401;4489;728;5217;NA;303201;3129;2022-02-14;234265
2022-02-13;"Trenčiansky kraj";1357;1777;454;2231;NA;303201;1811;2022-02-13;231136
2022-02-12;"Trenčiansky kraj";1802;1448;277;1725;NA;303201;2079;2022-02-12;229325
2022-02-11;"Trenčiansky kraj";2863;2567;495;3062;NA;303201;3358;2022-02-11;227246
2022-02-10;"Trenčiansky kraj";2853;2717;504;3221;NA;303201;3357;2022-02-10;223888
2022-02-09;"Trenčiansky kraj";2788;4356;600;4956;NA;303201;3388;2022-02-09;220531
2022-02-08;"Trenčiansky kraj";2592;3182;660;3842;NA;303201;3252;2022-02-08;217143
2022-02-07;"Trenčiansky kraj";2787;5303;981;6284;NA;303201;3768;2022-02-07;213891
2022-02-06;"Trenčiansky kraj";1431;2181;472;2653;NA;303201;1903;2022-02-06;210123
2022-02-05;"Trenčiansky kraj";1458;1689;323;2012;NA;303201;1781;2022-02-05;208220
2022-02-04;"Trenčiansky kraj";2480;3226;524;3750;NA;303201;3004;2022-02-04;206439
2022-02-03;"Trenčiansky kraj";2391;3566;500;4066;NA;303201;2891;2022-02-03;203435
2022-02-02;"Trenčiansky kraj";2486;4591;602;5193;NA;303201;3088;2022-02-02;200544
2022-02-01;"Trenčiansky kraj";2359;3754;552;4306;NA;303201;2911;2022-02-01;197456
2022-01-31;"Trenčiansky kraj";1823;7493;752;8245;NA;303201;2575;2022-01-31;194545
2022-01-30;"Trenčiansky kraj";680;2463;319;2782;NA;303201;999;2022-01-30;191970
2022-01-29;"Trenčiansky kraj";1227;1772;227;1999;NA;303201;1454;2022-01-29;190971
2022-01-28;"Trenčiansky kraj";1709;3747;366;4113;NA;303201;2075;2022-01-28;189517
2022-01-27;"Trenčiansky kraj";1533;3562;368;3930;NA;303201;1901;2022-01-27;187442
2022-01-26;"Trenčiansky kraj";1415;4674;356;5030;NA;303201;1771;2022-01-26;185541
2022-01-25;"Trenčiansky kraj";1553;3307;299;3606;NA;303201;1852;2022-01-25;183770
2022-01-24;"Trenčiansky kraj";755;7090;328;7418;NA;303201;1083;2022-01-24;181918
2022-01-23;"Trenčiansky kraj";337;2409;179;2588;NA;303201;516;2022-01-23;180835
2022-01-22;"Trenčiansky kraj";683;1675;103;1778;NA;303201;786;2022-01-22;180319
2022-01-21;"Trenčiansky kraj";576;3522;174;3696;NA;303201;750;2022-01-21;179533
2022-01-20;"Trenčiansky kraj";710;2713;137;2850;NA;303201;847;2022-01-20;178783
2022-01-19;"Trenčiansky kraj";621;3765;142;3907;NA;303201;763;2022-01-19;177936
2022-01-18;"Trenčiansky kraj";579;3596;135;3731;NA;303201;714;2022-01-18;177173
2022-01-17;"Trenčiansky kraj";380;6550;210;6760;NA;303201;590;2022-01-17;176459
2022-01-16;"Trenčiansky kraj";89;2319;72;2391;NA;303201;161;2022-01-16;175869
2022-01-15;"Trenčiansky kraj";194;1345;40;1385;NA;303201;234;2022-01-15;175708
2022-01-14;"Trenčiansky kraj";189;2890;79;2969;NA;303201;268;2022-01-14;175474
2022-01-13;"Trenčiansky kraj";134;3329;87;3416;NA;303201;221;2022-01-13;175206
2022-01-12;"Trenčiansky kraj";346;3073;82;3155;NA;303201;428;2022-01-12;174985
2022-01-11;"Trenčiansky kraj";300;3028;80;3108;NA;303201;380;2022-01-11;174557
2022-01-10;"Trenčiansky kraj";218;7272;150;7422;NA;303201;368;2022-01-10;174177
2022-01-09;"Trenčiansky kraj";40;2808;52;2860;NA;303201;92;2022-01-09;173809
2022-01-08;"Trenčiansky kraj";267;1601;45;1646;NA;303201;312;2022-01-08;173717
2022-01-07;"Trenčiansky kraj";334;2968;103;3071;NA;303201;437;2022-01-07;173405
2022-01-06;"Trenčiansky kraj";75;1111;45;1156;NA;303201;120;2022-01-06;172968
2022-01-05;"Trenčiansky kraj";496;3004;84;3088;NA;303201;580;2022-01-05;172848
2022-01-04;"Trenčiansky kraj";521;3890;91;3981;NA;303201;612;2022-01-04;172268
2022-01-03;"Trenčiansky kraj";357;5970;144;6114;NA;303201;501;2022-01-03;171656
2022-01-02;"Trenčiansky kraj";179;2403;74;2477;NA;303201;253;2022-01-02;171155
2022-01-01;"Trenčiansky kraj";4;526;28;554;NA;303201;32;2022-01-01;170902
2021-12-31;"Trenčiansky kraj";886;1478;82;1560;NA;303201;968;2021-12-31;170870
2021-12-30;"Trenčiansky kraj";740;2400;129;2529;NA;303201;869;2021-12-30;169902
2021-12-29;"Trenčiansky kraj";858;2483;87;2570;NA;303201;945;2021-12-29;169033
2021-12-28;"Trenčiansky kraj";1218;2741;111;2852;NA;303201;1329;2021-12-28;168088
2021-12-27;"Trenčiansky kraj";1092;3348;115;3463;NA;303201;1207;2021-12-27;166759
2021-12-26;"Trenčiansky kraj";294;1098;78;1176;NA;303201;372;2021-12-26;165552
2021-12-25;"Trenčiansky kraj";104;503;27;530;NA;303201;131;2021-12-25;165180
2021-12-24;"Trenčiansky kraj";352;652;37;689;NA;303201;389;2021-12-24;165049
2021-12-23;"Trenčiansky kraj";1064;2431;108;2539;NA;303201;1172;2021-12-23;164660
2021-12-22;"Trenčiansky kraj";1024;2595;119;2714;NA;303201;1143;2021-12-22;163488
2021-12-21;"Trenčiansky kraj";1388;3266;123;3389;NA;303201;1511;2021-12-21;162345
2021-12-20;"Trenčiansky kraj";976;6754;210;6964;NA;303201;1186;2021-12-20;160834
2021-12-19;"Trenčiansky kraj";404;2574;118;2692;NA;303201;522;2021-12-19;159648
2021-12-18;"Trenčiansky kraj";876;1752;108;1860;NA;303201;984;2021-12-18;159126
2021-12-17;"Trenčiansky kraj";854;4054;137;4191;NA;303201;991;2021-12-17;158142
2021-12-16;"Trenčiansky kraj";1298;3214;180;3394;NA;303201;1478;2021-12-16;157151
2021-12-15;"Trenčiansky kraj";1582;4645;167;4812;NA;303201;1749;2021-12-15;155673
2021-12-14;"Trenčiansky kraj";1770;3640;142;3782;NA;303201;1912;2021-12-14;153924
2021-12-13;"Trenčiansky kraj";1146;7458;256;7714;NA;303201;1402;2021-12-13;152012
2021-12-12;"Trenčiansky kraj";612;3156;156;3312;NA;303201;768;2021-12-12;150610
2021-12-11;"Trenčiansky kraj";1412;1876;138;2014;NA;303201;1550;2021-12-11;149842
2021-12-10;"Trenčiansky kraj";1578;3694;201;3895;NA;303201;1779;2021-12-10;148292
2021-12-09;"Trenčiansky kraj";1934;3897;203;4100;NA;303201;2137;2021-12-09;146513
2021-12-08;"Trenčiansky kraj";2040;4475;203;4678;NA;303201;2243;2021-12-08;144376
2021-12-07;"Trenčiansky kraj";2482;6281;217;6498;NA;303201;2699;2021-12-07;142133
2021-12-06;"Trenčiansky kraj";1502;8923;430;9353;NA;303201;1932;2021-12-06;139434
2021-12-05;"Trenčiansky kraj";1020;3610;210;3820;NA;303201;1230;2021-12-05;137502
2021-12-04;"Trenčiansky kraj";2116;2043;156;2199;NA;303201;2272;2021-12-04;136272
2021-12-03;"Trenčiansky kraj";2544;4427;306;4733;NA;303201;2850;2021-12-03;134000
2021-12-02;"Trenčiansky kraj";4014;4132;265;4397;NA;303201;4279;2021-12-02;131150
2021-12-01;"Trenčiansky kraj";2000;4977;299;5276;NA;303201;2299;2021-12-01;126871
2021-11-30;"Trenčiansky kraj";2172;4743;332;5075;NA;303201;2504;2021-11-30;124572
2021-11-29;"Trenčiansky kraj";2330;10434;551;10985;NA;303201;2881;2021-11-29;122068
2021-11-28;"Trenčiansky kraj";1328;5566;308;5874;NA;303201;1636;2021-11-28;119187
2021-11-27;"Trenčiansky kraj";2160;2782;301;3083;NA;303201;2461;2021-11-27;117551
2021-11-26;"Trenčiansky kraj";2476;4529;350;4879;NA;303201;2826;2021-11-26;115090
2021-11-25;"Trenčiansky kraj";2036;3622;348;3970;NA;303201;2384;2021-11-25;112264
2021-11-24;"Trenčiansky kraj";2724;5596;472;6068;NA;303201;3196;2021-11-24;109880
2021-11-23;"Trenčiansky kraj";2280;3755;351;4106;NA;303201;2631;2021-11-23;106684
2021-11-22;"Trenčiansky kraj";1840;6562;568;7130;NA;303201;2408;2021-11-22;104053
2021-11-21;"Trenčiansky kraj";826;3233;377;3610;NA;303201;1203;2021-11-21;101645
2021-11-20;"Trenčiansky kraj";1828;2379;341;2720;NA;303201;2169;2021-11-20;100442
2021-11-19;"Trenčiansky kraj";2522;3817;448;4265;NA;303201;2970;2021-11-19;98273
2021-11-18;"Trenčiansky kraj";1620;5085;529;5614;NA;303201;2149;2021-11-18;95303
2021-11-17;"Trenčiansky kraj";1592;1852;237;2089;NA;303201;1829;2021-11-17;93154
2021-11-16;"Trenčiansky kraj";1718;4095;403;4498;NA;303201;2121;2021-11-16;91325
2021-11-15;"Trenčiansky kraj";1440;5206;557;5763;NA;303201;1997;2021-11-15;89204
2021-11-14;"Trenčiansky kraj";894;2462;343;2805;NA;303201;1237;2021-11-14;87207
2021-11-13;"Trenčiansky kraj";956;1879;254;2133;NA;303201;1210;2021-11-13;85970
2021-11-12;"Trenčiansky kraj";1568;3884;341;4225;NA;303201;1909;2021-11-12;84760
2021-11-11;"Trenčiansky kraj";1610;3594;347;3941;NA;303201;1957;2021-11-11;82851
2021-11-10;"Trenčiansky kraj";1294;3389;282;3671;NA;303201;1576;2021-11-10;80894
2021-11-09;"Trenčiansky kraj";1504;2915;306;3221;NA;303201;1810;2021-11-09;79318
2021-11-08;"Trenčiansky kraj";978;4724;355;5079;NA;303201;1333;2021-11-08;77508
2021-11-07;"Trenčiansky kraj";810;2043;220;2263;NA;303201;1030;2021-11-07;76175
2021-11-06;"Trenčiansky kraj";1084;1755;176;1931;NA;303201;1260;2021-11-06;75145
2021-11-05;"Trenčiansky kraj";1354;3108;240;3348;NA;303201;1594;2021-11-05;73885
2021-11-04;"Trenčiansky kraj";1126;2741;232;2973;NA;303201;1358;2021-11-04;72291
2021-11-03;"Trenčiansky kraj";1238;2981;225;3206;NA;303201;1463;2021-11-03;70933
2021-11-02;"Trenčiansky kraj";1326;3884;313;4197;NA;303201;1639;2021-11-02;69470
2021-11-01;"Trenčiansky kraj";438;1029;101;1130;NA;303201;539;2021-11-01;67831
2021-10-31;"Trenčiansky kraj";302;1462;152;1614;NA;303201;454;2021-10-31;67292
2021-10-30;"Trenčiansky kraj";690;1770;130;1900;NA;303201;820;2021-10-30;66838
2021-10-29;"Trenčiansky kraj";830;2885;130;3015;NA;303201;960;2021-10-29;66018
2021-10-28;"Trenčiansky kraj";858;2682;159;2841;NA;303201;1017;2021-10-28;65058
2021-10-27;"Trenčiansky kraj";926;2640;94;2734;NA;303201;1020;2021-10-27;64041
2021-10-26;"Trenčiansky kraj";838;2657;135;2792;NA;303201;973;2021-10-26;63021
2021-10-25;"Trenčiansky kraj";384;3431;134;3565;NA;303201;518;2021-10-25;62048
2021-10-24;"Trenčiansky kraj";242;1643;79;1722;NA;303201;321;2021-10-24;61530
2021-10-23;"Trenčiansky kraj";652;1737;64;1801;NA;303201;716;2021-10-23;61209
2021-10-22;"Trenčiansky kraj";716;2722;80;2802;NA;303201;796;2021-10-22;60493
2021-10-21;"Trenčiansky kraj";494;2369;76;2445;NA;303201;570;2021-10-21;59697
2021-10-20;"Trenčiansky kraj";604;2124;71;2195;NA;303201;675;2021-10-20;59127
2021-10-19;"Trenčiansky kraj";454;2866;61;2927;NA;303201;515;2021-10-19;58452
2021-10-18;"Trenčiansky kraj";286;2522;73;2595;NA;303201;359;2021-10-18;57937
2021-10-17;"Trenčiansky kraj";92;1457;31;1488;NA;303201;123;2021-10-17;57578
2021-10-16;"Trenčiansky kraj";152;1671;35;1706;NA;303201;187;2021-10-16;57455
2021-10-15;"Trenčiansky kraj";252;2970;52;3022;NA;303201;304;2021-10-15;57268
2021-10-14;"Trenčiansky kraj";206;1717;27;1744;NA;303201;233;2021-10-14;56964
2021-10-13;"Trenčiansky kraj";342;2672;28;2700;NA;303201;370;2021-10-13;56731
2021-10-12;"Trenčiansky kraj";228;2364;33;2397;NA;303201;261;2021-10-12;56361
2021-10-11;"Trenčiansky kraj";218;2571;50;2621;NA;303201;268;2021-10-11;56100
2021-10-10;"Trenčiansky kraj";34;1487;23;1510;NA;303201;57;2021-10-10;55832
2021-10-09;"Trenčiansky kraj";314;1809;16;1825;NA;303201;330;2021-10-09;55775
2021-10-08;"Trenčiansky kraj";164;3100;38;3138;NA;303201;202;2021-10-08;55445
2021-10-07;"Trenčiansky kraj";214;2054;32;2086;NA;303201;246;2021-10-07;55243
2021-10-06;"Trenčiansky kraj";386;2300;37;2337;NA;303201;423;2021-10-06;54997
2021-10-05;"Trenčiansky kraj";238;2236;42;2278;NA;303201;280;2021-10-05;54574
2021-10-04;"Trenčiansky kraj";210;2775;53;2828;NA;303201;263;2021-10-04;54294
2021-10-03;"Trenčiansky kraj";60;1558;27;1585;NA;303201;87;2021-10-03;54031
2021-10-02;"Trenčiansky kraj";214;1794;35;1829;NA;303201;249;2021-10-02;53944
2021-10-01;"Trenčiansky kraj";238;2692;37;2729;NA;303201;275;2021-10-01;53695
2021-09-30;"Trenčiansky kraj";148;2329;50;2379;NA;303201;198;2021-09-30;53420
2021-09-29;"Trenčiansky kraj";340;2151;30;2181;NA;303201;370;2021-09-29;53222
2021-09-28;"Trenčiansky kraj";190;2270;31;2301;NA;303201;221;2021-09-28;52852
2021-09-27;"Trenčiansky kraj";112;2819;57;2876;NA;303201;169;2021-09-27;52631
2021-09-26;"Trenčiansky kraj";40;1675;33;1708;NA;303201;73;2021-09-26;52462
2021-09-25;"Trenčiansky kraj";152;1674;21;1695;NA;303201;173;2021-09-25;52389
2021-09-24;"Trenčiansky kraj";208;3222;35;3257;NA;303201;243;2021-09-24;52216
2021-09-23;"Trenčiansky kraj";182;2252;27;2279;NA;303201;209;2021-09-23;51973
2021-09-22;"Trenčiansky kraj";180;2147;24;2171;NA;303201;204;2021-09-22;51764
2021-09-21;"Trenčiansky kraj";158;2309;29;2338;NA;303201;187;2021-09-21;51560
2021-09-20;"Trenčiansky kraj";156;2615;37;2652;NA;303201;193;2021-09-20;51373
2021-09-19;"Trenčiansky kraj";22;1571;20;1591;NA;303201;42;2021-09-19;51180
2021-09-18;"Trenčiansky kraj";106;2099;14;2113;NA;303201;120;2021-09-18;51138
2021-09-17;"Trenčiansky kraj";110;3144;26;3170;NA;303201;136;2021-09-17;51018
2021-09-16;"Trenčiansky kraj";104;2164;20;2184;NA;303201;124;2021-09-16;50882
2021-09-15;"Trenčiansky kraj";126;1043;7;1050;NA;303201;133;2021-09-15;50758
2021-09-14;"Trenčiansky kraj";134;2450;25;2475;NA;303201;159;2021-09-14;50625
2021-09-13;"Trenčiansky kraj";66;2276;35;2311;NA;303201;101;2021-09-13;50466
2021-09-12;"Trenčiansky kraj";6;1411;11;1422;NA;303201;17;2021-09-12;50365
2021-09-11;"Trenčiansky kraj";110;1729;6;1735;NA;303201;116;2021-09-11;50348
2021-09-10;"Trenčiansky kraj";98;2248;15;2263;NA;303201;113;2021-09-10;50232
2021-09-09;"Trenčiansky kraj";48;1685;30;1715;NA;303201;78;2021-09-09;50119
2021-09-08;"Trenčiansky kraj";108;1773;15;1788;NA;303201;123;2021-09-08;50041
2021-09-07;"Trenčiansky kraj";86;1395;18;1413;NA;303201;104;2021-09-07;49918
2021-09-06;"Trenčiansky kraj";94;1401;15;1416;NA;303201;109;2021-09-06;49814
2021-09-05;"Trenčiansky kraj";4;966;23;989;NA;303201;27;2021-09-05;49705
2021-09-04;"Trenčiansky kraj";82;925;4;929;NA;303201;86;2021-09-04;49678
2021-09-03;"Trenčiansky kraj";106;1422;15;1437;NA;303201;121;2021-09-03;49592
2021-09-02;"Trenčiansky kraj";14;1001;14;1015;NA;303201;28;2021-09-02;49471
2021-09-01;"Trenčiansky kraj";54;431;8;439;NA;303201;62;2021-09-01;49443
2021-08-31;"Trenčiansky kraj";42;1146;15;1161;NA;303201;57;2021-08-31;49381
2021-08-30;"Trenčiansky kraj";64;1168;10;1178;NA;303201;74;2021-08-30;49324
2021-08-29;"Trenčiansky kraj";2;482;11;493;NA;303201;13;2021-08-29;49250
2021-08-28;"Trenčiansky kraj";18;976;10;986;NA;303201;28;2021-08-28;49237
2021-08-27;"Trenčiansky kraj";42;1599;1;1600;NA;303201;43;2021-08-27;49209
2021-08-26;"Trenčiansky kraj";16;993;6;999;NA;303201;22;2021-08-26;49166
2021-08-25;"Trenčiansky kraj";80;875;7;882;NA;303201;87;2021-08-25;49144
2021-08-24;"Trenčiansky kraj";8;822;4;826;NA;303201;12;2021-08-24;49057
2021-08-23;"Trenčiansky kraj";12;1165;17;1182;NA;303201;29;2021-08-23;49045
2021-08-22;"Trenčiansky kraj";0;726;10;736;NA;303201;10;2021-08-22;49016
2021-08-21;"Trenčiansky kraj";10;964;7;971;NA;303201;17;2021-08-21;49006
2021-08-20;"Trenčiansky kraj";30;1538;2;1540;NA;303201;32;2021-08-20;48989
2021-08-19;"Trenčiansky kraj";4;986;2;988;NA;303201;6;2021-08-19;48957
2021-08-18;"Trenčiansky kraj";12;816;7;823;NA;303201;19;2021-08-18;48951
2021-08-17;"Trenčiansky kraj";18;634;1;635;NA;303201;19;2021-08-17;48932
2021-08-16;"Trenčiansky kraj";10;929;3;932;NA;303201;13;2021-08-16;48913
2021-08-15;"Trenčiansky kraj";0;558;1;559;NA;303201;1;2021-08-15;48900
2021-08-14;"Trenčiansky kraj";24;574;6;580;NA;303201;30;2021-08-14;48899
2021-08-13;"Trenčiansky kraj";4;934;0;934;NA;303201;4;2021-08-13;48869
2021-08-12;"Trenčiansky kraj";4;566;3;569;NA;303201;7;2021-08-12;48865
2021-08-11;"Trenčiansky kraj";2;683;0;683;NA;303201;2;2021-08-11;48858
2021-08-10;"Trenčiansky kraj";16;532;1;533;NA;303201;17;2021-08-10;48856
2021-08-09;"Trenčiansky kraj";16;698;1;699;NA;303201;17;2021-08-09;48839
2021-08-08;"Trenčiansky kraj";0;468;0;468;NA;303201;0;2021-08-08;48822
2021-08-07;"Trenčiansky kraj";6;464;0;464;NA;303201;6;2021-08-07;48822
2021-08-06;"Trenčiansky kraj";6;956;1;957;NA;303201;7;2021-08-06;48816
2021-08-05;"Trenčiansky kraj";6;582;1;583;NA;303201;7;2021-08-05;48809
2021-08-04;"Trenčiansky kraj";28;549;3;552;NA;303201;31;2021-08-04;48802
2021-08-03;"Trenčiansky kraj";18;510;5;515;NA;303201;23;2021-08-03;48771
2021-08-02;"Trenčiansky kraj";2;811;2;813;NA;303201;4;2021-08-02;48748
2021-08-01;"Trenčiansky kraj";0;514;1;515;NA;303201;1;2021-08-01;48744
2021-07-31;"Trenčiansky kraj";8;525;2;527;NA;303201;10;2021-07-31;48743
2021-07-30;"Trenčiansky kraj";4;1071;0;1071;NA;303201;4;2021-07-30;48733
2021-07-29;"Trenčiansky kraj";10;710;0;710;NA;303201;10;2021-07-29;48729
2021-07-28;"Trenčiansky kraj";6;521;2;523;NA;303201;8;2021-07-28;48719
2021-07-27;"Trenčiansky kraj";12;553;1;554;NA;303201;13;2021-07-27;48711
2021-07-26;"Trenčiansky kraj";14;781;1;782;NA;303201;15;2021-07-26;48698
2021-07-25;"Trenčiansky kraj";0;487;2;489;NA;303201;2;2021-07-25;48683
2021-07-24;"Trenčiansky kraj";6;643;1;644;NA;303201;7;2021-07-24;48681
2021-07-23;"Trenčiansky kraj";6;1154;0;1154;NA;303201;6;2021-07-23;48674
2021-07-22;"Trenčiansky kraj";4;849;2;851;NA;303201;6;2021-07-22;48668
2021-07-21;"Trenčiansky kraj";16;667;2;669;NA;303201;18;2021-07-21;48662
2021-07-20;"Trenčiansky kraj";8;530;1;531;NA;303201;9;2021-07-20;48644
2021-07-19;"Trenčiansky kraj";0;878;4;882;NA;303201;4;2021-07-19;48635
2021-07-18;"Trenčiansky kraj";0;526;0;526;NA;303201;0;2021-07-18;48631
2021-07-17;"Trenčiansky kraj";6;673;0;673;NA;303201;6;2021-07-17;48631
2021-07-16;"Trenčiansky kraj";8;1126;0;1126;NA;303201;8;2021-07-16;48625
2021-07-15;"Trenčiansky kraj";4;830;0;830;NA;303201;4;2021-07-15;48617
2021-07-14;"Trenčiansky kraj";16;665;1;666;NA;303201;17;2021-07-14;48613
2021-07-13;"Trenčiansky kraj";2;528;3;531;NA;303201;5;2021-07-13;48596
2021-07-12;"Trenčiansky kraj";18;827;3;830;NA;303201;21;2021-07-12;48591
2021-07-11;"Trenčiansky kraj";0;611;2;613;NA;303201;2;2021-07-11;48570
2021-07-10;"Trenčiansky kraj";4;535;0;535;NA;303201;4;2021-07-10;48568
2021-07-09;"Trenčiansky kraj";14;1387;2;1389;NA;303201;16;2021-07-09;48564
2021-07-08;"Trenčiansky kraj";4;824;1;825;NA;303201;5;2021-07-08;48548
2021-07-07;"Trenčiansky kraj";4;943;1;944;NA;303201;5;2021-07-07;48543
2021-07-06;"Trenčiansky kraj";8;1046;2;1048;NA;303201;10;2021-07-06;48538
2021-07-05;"Trenčiansky kraj";2;516;0;516;NA;303201;2;2021-07-05;48528
2021-07-04;"Trenčiansky kraj";0;612;1;613;NA;303201;1;2021-07-04;48526
2021-07-03;"Trenčiansky kraj";6;815;1;816;NA;303201;7;2021-07-03;48525
2021-07-02;"Trenčiansky kraj";10;1590;2;1592;NA;303201;12;2021-07-02;48518
2021-07-01;"Trenčiansky kraj";8;1173;1;1174;NA;303201;9;2021-07-01;48506
2021-06-30;"Trenčiansky kraj";4;7021;6;7027;NA;303201;10;2021-06-30;48497
2021-06-29;"Trenčiansky kraj";8;2773;5;2778;NA;303201;13;2021-06-29;48487
2021-06-28;"Trenčiansky kraj";10;3672;9;3681;NA;303201;19;2021-06-28;48474
2021-06-27;"Trenčiansky kraj";0;2861;1;2862;NA;303201;1;2021-06-27;48455
2021-06-26;"Trenčiansky kraj";2;3547;4;3551;NA;303201;6;2021-06-26;48454
2021-06-25;"Trenčiansky kraj";4;4635;2;4637;NA;303201;6;2021-06-25;48448
2021-06-24;"Trenčiansky kraj";6;3320;4;3324;NA;303201;10;2021-06-24;48442
2021-06-23;"Trenčiansky kraj";8;2808;2;2810;NA;303201;10;2021-06-23;48432
2021-06-22;"Trenčiansky kraj";14;3137;4;3141;NA;303201;18;2021-06-22;48422
2021-06-21;"Trenčiansky kraj";20;3891;4;3895;NA;303201;24;2021-06-21;48404
2021-06-20;"Trenčiansky kraj";0;3579;5;3584;NA;303201;5;2021-06-20;48380
2021-06-19;"Trenčiansky kraj";10;4528;1;4529;NA;303201;11;2021-06-19;48375
2021-06-18;"Trenčiansky kraj";14;6725;7;6732;NA;303201;21;2021-06-18;48364
2021-06-17;"Trenčiansky kraj";0;3469;6;3475;NA;303201;6;2021-06-17;48343
2021-06-16;"Trenčiansky kraj";8;3183;3;3186;NA;303201;11;2021-06-16;48337
2021-06-15;"Trenčiansky kraj";20;3697;2;3699;NA;303201;22;2021-06-15;48326
2021-06-14;"Trenčiansky kraj";20;4805;15;4820;NA;303201;35;2021-06-14;48304
2021-06-13;"Trenčiansky kraj";0;4643;4;4647;NA;303201;4;2021-06-13;48269
2021-06-12;"Trenčiansky kraj";8;5260;8;5268;NA;303201;16;2021-06-12;48265
2021-06-11;"Trenčiansky kraj";20;7365;11;7376;NA;303201;31;2021-06-11;48249
2021-06-10;"Trenčiansky kraj";10;4345;7;4352;NA;303201;17;2021-06-10;48218
2021-06-09;"Trenčiansky kraj";14;3693;7;3700;NA;303201;21;2021-06-09;48201
2021-06-08;"Trenčiansky kraj";42;3965;7;3972;NA;303201;49;2021-06-08;48180
2021-06-07;"Trenčiansky kraj";26;5560;10;5570;NA;303201;36;2021-06-07;48131
2021-06-06;"Trenčiansky kraj";0;5500;10;5510;NA;303201;10;2021-06-06;48095
2021-06-05;"Trenčiansky kraj";14;6511;5;6516;NA;303201;19;2021-06-05;48085
2021-06-04;"Trenčiansky kraj";32;7653;3;7656;NA;303201;35;2021-06-04;48066
2021-06-03;"Trenčiansky kraj";18;4485;10;4495;NA;303201;28;2021-06-03;48031
2021-06-02;"Trenčiansky kraj";56;4329;8;4337;NA;303201;64;2021-06-02;48003
2021-06-01;"Trenčiansky kraj";44;5396;18;5414;NA;303201;62;2021-06-01;47939
2021-05-31;"Trenčiansky kraj";60;6117;24;6141;NA;303201;84;2021-05-31;47877
2021-05-30;"Trenčiansky kraj";0;8258;16;8274;NA;303201;16;2021-05-30;47793
2021-05-29;"Trenčiansky kraj";26;7915;14;7929;NA;303201;40;2021-05-29;47777
2021-05-28;"Trenčiansky kraj";44;8995;25;9020;NA;303201;69;2021-05-28;47737
2021-05-27;"Trenčiansky kraj";12;5205;12;5217;NA;303201;24;2021-05-27;47668
2021-05-26;"Trenčiansky kraj";52;5069;15;5084;NA;303201;67;2021-05-26;47644
2021-05-25;"Trenčiansky kraj";36;6168;24;6192;NA;303201;60;2021-05-25;47577
2021-05-24;"Trenčiansky kraj";38;9292;37;9329;NA;303201;75;2021-05-24;47517
2021-05-23;"Trenčiansky kraj";0;9083;26;9109;NA;303201;26;2021-05-23;47442
2021-05-22;"Trenčiansky kraj";22;11314;21;11335;NA;303201;43;2021-05-22;47416
2021-05-21;"Trenčiansky kraj";46;11572;26;11598;NA;303201;72;2021-05-21;47373
2021-05-20;"Trenčiansky kraj";46;6320;25;6345;NA;303201;71;2021-05-20;47301
2021-05-19;"Trenčiansky kraj";32;5694;32;5726;NA;303201;64;2021-05-19;47230
2021-05-18;"Trenčiansky kraj";52;7779;28;7807;NA;303201;80;2021-05-18;47166
2021-05-17;"Trenčiansky kraj";74;7671;43;7714;NA;303201;117;2021-05-17;47086
2021-05-16;"Trenčiansky kraj";50;15615;41;15656;NA;303201;91;2021-05-16;46969
2021-05-15;"Trenčiansky kraj";6;21237;32;21269;NA;303201;38;2021-05-15;46878
2021-05-14;"Trenčiansky kraj";82;18676;42;18718;NA;303201;124;2021-05-14;46840
2021-05-13;"Trenčiansky kraj";82;8195;24;8219;NA;303201;106;2021-05-13;46716
2021-05-12;"Trenčiansky kraj";82;7409;31;7440;NA;303201;113;2021-05-12;46610
2021-05-11;"Trenčiansky kraj";132;10507;32;10539;NA;303201;164;2021-05-11;46497
2021-05-10;"Trenčiansky kraj";96;12989;55;13044;NA;303201;151;2021-05-10;46333
2021-05-09;"Trenčiansky kraj";104;17737;39;17776;NA;303201;143;2021-05-09;46182
2021-05-08;"Trenčiansky kraj";6;23822;33;23855;NA;303201;39;2021-05-08;46039
2021-05-07;"Trenčiansky kraj";90;23549;56;23605;NA;303201;146;2021-05-07;46000
2021-05-06;"Trenčiansky kraj";52;10771;44;10815;NA;303201;96;2021-05-06;45854
2021-05-05;"Trenčiansky kraj";146;9377;41;9418;NA;303201;187;2021-05-05;45758
2021-05-04;"Trenčiansky kraj";110;12733;53;12786;NA;303201;163;2021-05-04;45571
2021-05-03;"Trenčiansky kraj";120;15331;51;15382;NA;303201;171;2021-05-03;45408
2021-05-02;"Trenčiansky kraj";0;31152;65;31217;NA;303201;65;2021-05-02;45237
2021-05-01;"Trenčiansky kraj";142;56982;60;57042;NA;303201;202;2021-05-01;45172
2021-04-30;"Trenčiansky kraj";154;29427;61;29488;NA;303201;215;2021-04-30;44970
2021-04-29;"Trenčiansky kraj";98;13184;59;13243;NA;303201;157;2021-04-29;44755
2021-04-28;"Trenčiansky kraj";158;12537;52;12589;NA;303201;210;2021-04-28;44598
2021-04-27;"Trenčiansky kraj";214;15527;40;15567;NA;303201;254;2021-04-27;44388
2021-04-26;"Trenčiansky kraj";104;21070;63;21133;NA;303201;167;2021-04-26;44134
2021-04-25;"Trenčiansky kraj";0;34560;48;34608;NA;303201;48;2021-04-25;43967
2021-04-24;"Trenčiansky kraj";152;72398;100;72498;NA;303201;252;2021-04-24;43919
2021-04-23;"Trenčiansky kraj";286;29959;79;30038;NA;303201;365;2021-04-23;43667
2021-04-22;"Trenčiansky kraj";142;13847;64;13911;NA;303201;206;2021-04-22;43302
2021-04-21;"Trenčiansky kraj";158;13000;67;13067;NA;303201;225;2021-04-21;43096
2021-04-20;"Trenčiansky kraj";284;17740;80;17820;NA;303201;364;2021-04-20;42871
2021-04-19;"Trenčiansky kraj";204;22631;103;22734;NA;303201;307;2021-04-19;42507
2021-04-18;"Trenčiansky kraj";6;40879;97;40976;NA;303201;103;2021-04-18;42200
2021-04-17;"Trenčiansky kraj";154;81498;136;81634;NA;303201;290;2021-04-17;42097
2021-04-16;"Trenčiansky kraj";200;31961;90;32051;NA;303201;290;2021-04-16;41807
2021-04-15;"Trenčiansky kraj";142;14479;69;14548;NA;303201;211;2021-04-15;41517
2021-04-14;"Trenčiansky kraj";270;15563;72;15635;NA;303201;342;2021-04-14;41306
2021-04-13;"Trenčiansky kraj";378;18721;75;18796;NA;303201;453;2021-04-13;40964
2021-04-12;"Trenčiansky kraj";194;23743;91;23834;NA;303201;285;2021-04-12;40511
2021-04-11;"Trenčiansky kraj";2;34735;75;34810;NA;303201;77;2021-04-11;40226
2021-04-10;"Trenčiansky kraj";162;83093;145;83238;NA;303201;307;2021-04-10;40149
2021-04-09;"Trenčiansky kraj";240;28014;91;28105;NA;303201;331;2021-04-09;39842
2021-04-08;"Trenčiansky kraj";224;13283;85;13368;NA;303201;309;2021-04-08;39511
2021-04-07;"Trenčiansky kraj";408;17688;123;17811;NA;303201;531;2021-04-07;39202
2021-04-06;"Trenčiansky kraj";314;28567;178;28745;NA;303201;492;2021-04-06;38671
2021-04-05;"Trenčiansky kraj";30;9227;64;9291;NA;303201;94;2021-04-05;38179
2021-04-04;"Trenčiansky kraj";4;20291;85;20376;NA;303201;89;2021-04-04;38085
2021-04-03;"Trenčiansky kraj";172;80473;221;80694;NA;303201;393;2021-04-03;37996
2021-04-02;"Trenčiansky kraj";252;21620;81;21701;NA;303201;333;2021-04-02;37603
2021-04-01;"Trenčiansky kraj";318;32376;139;32515;NA;303201;457;2021-04-01;37270
2021-03-31;"Trenčiansky kraj";396;20100;130;20230;NA;303201;526;2021-03-31;36813
2021-03-30;"Trenčiansky kraj";544;17305;136;17441;NA;303201;680;2021-03-30;36287
2021-03-29;"Trenčiansky kraj";284;19479;170;19649;NA;303201;454;2021-03-29;35607
2021-03-28;"Trenčiansky kraj";6;34759;116;34875;NA;303201;122;2021-03-28;35153
2021-03-27;"Trenčiansky kraj";260;77314;293;77607;NA;303201;553;2021-03-27;35031
2021-03-26;"Trenčiansky kraj";422;35095;157;35252;NA;303201;579;2021-03-26;34478
2021-03-25;"Trenčiansky kraj";368;16580;176;16756;NA;303201;544;2021-03-25;33899
2021-03-24;"Trenčiansky kraj";518;13102;171;13273;NA;303201;689;2021-03-24;33355
2021-03-23;"Trenčiansky kraj";698;17589;174;17763;NA;303201;872;2021-03-23;32666
2021-03-22;"Trenčiansky kraj";282;21116;213;21329;NA;303201;495;2021-03-22;31794
2021-03-21;"Trenčiansky kraj";170;32711;164;32875;NA;303201;334;2021-03-21;31299
2021-03-20;"Trenčiansky kraj";256;80035;322;80357;NA;303201;578;2021-03-20;30965
2021-03-19;"Trenčiansky kraj";462;34783;232;35015;NA;303201;694;2021-03-19;30387
2021-03-18;"Trenčiansky kraj";524;16105;178;16283;NA;303201;702;2021-03-18;29693
2021-03-17;"Trenčiansky kraj";732;13435;164;13599;NA;303201;896;2021-03-17;28991
2021-03-16;"Trenčiansky kraj";900;15282;241;15523;NA;303201;1141;2021-03-16;28095
2021-03-15;"Trenčiansky kraj";324;21235;261;21496;NA;303201;585;2021-03-15;26954
2021-03-14;"Trenčiansky kraj";84;34416;238;34654;NA;303201;322;2021-03-14;26369
2021-03-13;"Trenčiansky kraj";540;79186;453;79639;NA;303201;993;2021-03-13;26047
2021-03-12;"Trenčiansky kraj";732;34795;307;35102;NA;303201;1039;2021-03-12;25054
2021-03-11;"Trenčiansky kraj";604;15558;213;15771;NA;303201;817;2021-03-11;24015
2021-03-10;"Trenčiansky kraj";804;13585;237;13822;NA;303201;1041;2021-03-10;23198
2021-03-09;"Trenčiansky kraj";1172;17982;285;18267;NA;303201;1457;2021-03-09;22157
2021-03-08;"Trenčiansky kraj";348;21704;363;22067;NA;303201;711;2021-03-08;20700
2021-03-07;"Trenčiansky kraj";8;33660;313;33973;NA;303201;321;2021-03-07;19989
2021-03-06;"Trenčiansky kraj";520;79661;529;80190;NA;303201;1049;2021-03-06;19668
2021-03-05;"Trenčiansky kraj";652;32969;415;33384;NA;303201;1067;2021-03-05;18619
2021-03-04;"Trenčiansky kraj";646;16821;317;17138;NA;303201;963;2021-03-04;17552
2021-03-03;"Trenčiansky kraj";826;13960;347;14307;NA;303201;1173;2021-03-03;16589
2021-03-02;"Trenčiansky kraj";1224;17794;344;18138;NA;303201;1568;2021-03-02;15416
2021-03-01;"Trenčiansky kraj";434;21104;445;21549;NA;303201;879;2021-03-01;13848
2021-02-28;"Trenčiansky kraj";90;30238;376;30614;NA;303201;466;2021-02-28;12969
2021-02-27;"Trenčiansky kraj";554;78735;686;79421;NA;303201;1240;2021-02-27;12503
2021-02-26;"Trenčiansky kraj";840;32940;434;33374;NA;303201;1274;2021-02-26;11263
2021-02-25;"Trenčiansky kraj";848;14029;328;14357;NA;303201;1176;2021-02-25;9989
2021-02-24;"Trenčiansky kraj";854;12014;399;12413;NA;303201;1253;2021-02-24;8813
2021-02-23;"Trenčiansky kraj";1154;14904;390;15294;NA;303201;1544;2021-02-23;7560
2021-02-22;"Trenčiansky kraj";320;19969;468;20437;NA;303201;788;2021-02-22;6016
2021-02-21;"Trenčiansky kraj";128;29478;392;29870;NA;303201;520;2021-02-21;5228
2021-02-20;"Trenčiansky kraj";548;77840;745;78585;NA;303201;1293;2021-02-20;4708
2021-02-19;"Trenčiansky kraj";544;30260;523;30783;NA;303201;1067;2021-02-19;3415
2021-02-18;"Trenčiansky kraj";710;14094;403;14497;NA;303201;1113;2021-02-18;2348
2021-02-17;"Trenčiansky kraj";726;11412;376;11788;NA;303201;1102;2021-02-17;1235
2021-02-16;"Trenčiansky kraj";976;17761;406;18167;NA;303201;1382;2021-02-16;133
2021-02-15;"Trenčiansky kraj";302;21846;463;22309;NA;303201;765;2021-02-15;-1249
2021-02-14;"Trenčiansky kraj";4;31255;324;31579;NA;303201;328;2021-02-14;-2014
2021-02-13;"Trenčiansky kraj";548;63006;522;63528;NA;303201;1070;2021-02-13;-2342
2021-02-12;"Trenčiansky kraj";552;27979;412;28391;NA;303201;964;2021-02-12;-3412
2021-02-11;"Trenčiansky kraj";582;11567;323;11890;NA;303201;905;2021-02-11;-4376
2021-02-10;"Trenčiansky kraj";608;11408;317;11725;NA;303201;925;2021-02-10;-5281
2021-02-09;"Trenčiansky kraj";1028;18412;360;18772;NA;303201;1388;2021-02-09;-6206
2021-02-08;"Trenčiansky kraj";364;26832;430;27262;NA;303201;794;2021-02-08;-7594
2021-02-07;"Trenčiansky kraj";62;36781;341;37122;NA;303201;403;2021-02-07;-8388
2021-02-06;"Trenčiansky kraj";432;63931;560;64491;NA;303201;992;2021-02-06;-8791
2021-02-05;"Trenčiansky kraj";404;18164;367;18531;NA;303201;771;2021-02-05;-9783
2021-02-04;"Trenčiansky kraj";532;7253;311;7564;NA;303201;843;2021-02-04;-10554
2021-02-03;"Trenčiansky kraj";324;6723;320;7043;NA;303201;644;2021-02-03;-11397
2021-02-02;"Trenčiansky kraj";694;8074;381;8455;NA;303201;1075;2021-02-02;-12041
2021-02-01;"Trenčiansky kraj";334;8921;311;9232;NA;303201;645;2021-02-01;-13116
2021-01-31;"Trenčiansky kraj";14;19103;159;19262;NA;303201;173;2021-01-31;-13761
2021-01-30;"Trenčiansky kraj";456;38167;332;38499;NA;303201;788;2021-01-30;-13934
2021-01-29;"Trenčiansky kraj";428;7590;235;7825;NA;303201;663;2021-01-29;-14722
2021-01-28;"Trenčiansky kraj";614;5442;158;5600;NA;303201;772;2021-01-28;-15385
2021-01-27;"Trenčiansky kraj";332;4842;181;5023;NA;303201;513;2021-01-27;-16157
2021-01-26;"Trenčiansky kraj";606;14589;250;14839;NA;303201;856;2021-01-26;-16670
2021-01-25;"Trenčiansky kraj";320;24310;207;24517;NA;303201;527;2021-01-25;-17526
2021-01-24;"Trenčiansky kraj";102;38369;282;38651;NA;303201;384;2021-01-24;-18053
2021-01-23;"Trenčiansky kraj";412;114125;749;114874;NA;303201;1161;2021-01-23;-18437
2021-01-22;"Trenčiansky kraj";296;21831;241;22072;NA;303201;537;2021-01-22;-19598
2021-01-21;"Trenčiansky kraj";286;8586;166;8752;NA;303201;452;2021-01-21;-20135
2021-01-20;"Trenčiansky kraj";362;8189;227;8416;NA;303201;589;2021-01-20;-20587
2021-01-19;"Trenčiansky kraj";726;6600;262;6862;NA;303201;988;2021-01-19;-21176
2021-01-18;"Trenčiansky kraj";144;4970;321;5291;NA;303201;465;2021-01-18;-22164
2021-01-17;"Trenčiansky kraj";248;156;11;167;NA;303201;259;2021-01-17;-22629
2021-01-16;"Trenčiansky kraj";78;1288;53;1341;NA;303201;131;2021-01-16;-22888
2021-01-15;"Trenčiansky kraj";528;4031;214;4245;NA;303201;742;2021-01-15;-23019
2021-01-14;"Trenčiansky kraj";550;3193;189;3382;NA;303201;739;2021-01-14;-23761
2021-01-13;"Trenčiansky kraj";444;3893;215;4108;NA;303201;659;2021-01-13;-24500
2021-01-12;"Trenčiansky kraj";1016;4604;261;4865;NA;303201;1277;2021-01-12;-25159
2021-01-11;"Trenčiansky kraj";284;4367;354;4721;NA;303201;638;2021-01-11;-26436
2021-01-10;"Trenčiansky kraj";178;4969;77;5046;NA;303201;255;2021-01-10;-27074
2021-01-09;"Trenčiansky kraj";552;8280;128;8408;NA;303201;680;2021-01-09;-27329
2021-01-08;"Trenčiansky kraj";978;6435;484;6919;NA;303201;1462;2021-01-08;-28009
2021-01-07;"Trenčiansky kraj";840;6138;577;6715;NA;303201;1417;2021-01-07;-29471
2021-01-06;"Trenčiansky kraj";442;1021;64;1085;NA;303201;506;2021-01-06;-30888
2021-01-05;"Trenčiansky kraj";1338;5753;706;6459;NA;303201;2044;2021-01-05;-31394
2021-01-04;"Trenčiansky kraj";674;5248;782;6030;NA;303201;1456;2021-01-04;-33438
2021-01-03;"Trenčiansky kraj";76;114;15;129;NA;303201;91;2021-01-03;-34894
2021-01-02;"Trenčiansky kraj";258;196;23;219;NA;303201;281;2021-01-02;-34985
2021-01-01;"Trenčiansky kraj";658;347;23;370;NA;303201;681;2021-01-01;-35266
2020-12-31;"Trenčiansky kraj";1194;4943;557;5500;NA;303201;1751;2020-12-31;-35947
2020-12-30;"Trenčiansky kraj";1672;7012;762;7774;NA;303201;2434;2020-12-30;-37698
2020-12-29;"Trenčiansky kraj";918;6121;1009;7130;NA;303201;1927;2020-12-29;-40132
2020-12-28;"Trenčiansky kraj";516;4195;777;4972;NA;303201;1293;2020-12-28;-42059
2020-12-27;"Trenčiansky kraj";10;208;36;244;NA;303201;46;2020-12-27;-43352
2020-12-26;"Trenčiansky kraj";348;74;10;84;NA;303201;358;2020-12-26;-43398
2020-12-25;"Trenčiansky kraj";502;325;47;372;NA;303201;549;2020-12-25;-43756
2020-12-24;"Trenčiansky kraj";1104;2194;256;2450;NA;303201;1360;2020-12-24;-44305
2020-12-23;"Trenčiansky kraj";842;6552;661;7213;NA;303201;1503;2020-12-23;-45665
2020-12-22;"Trenčiansky kraj";1346;5760;694;6454;NA;303201;2040;2020-12-22;-47168
2020-12-21;"Trenčiansky kraj";496;13395;979;14374;NA;303201;1475;2020-12-21;-49208
2020-12-20;"Trenčiansky kraj";476;12504;292;12796;NA;303201;768;2020-12-20;-50683
2020-12-19;"Trenčiansky kraj";682;1611;150;1761;NA;303201;832;2020-12-19;-51451
2020-12-18;"Trenčiansky kraj";1042;5199;615;5814;NA;303201;1657;2020-12-18;-52283
2020-12-17;"Trenčiansky kraj";1340;3843;524;4367;NA;303201;1864;2020-12-17;-53940
2020-12-16;"Trenčiansky kraj";922;4474;648;5122;NA;303201;1570;2020-12-16;-55804
2020-12-15;"Trenčiansky kraj";1190;3805;670;4475;NA;303201;1860;2020-12-15;-57374
2020-12-14;"Trenčiansky kraj";636;2907;552;3459;NA;303201;1188;2020-12-14;-59234
2020-12-13;"Trenčiansky kraj";154;49;6;55;NA;303201;160;2020-12-13;-60422
2020-12-12;"Trenčiansky kraj";628;1191;136;1327;NA;303201;764;2020-12-12;-60582
2020-12-11;"Trenčiansky kraj";1502;3773;453;4226;NA;303201;1955;2020-12-11;-61346
2020-12-10;"Trenčiansky kraj";371;3354;473;3827;NA;303201;844;2020-12-10;-63301
2020-12-09;"Trenčiansky kraj";508;3788;466;4254;NA;303201;974;2020-12-09;-64145
2020-12-08;"Trenčiansky kraj";546;3440;522;3962;NA;303201;1068;2020-12-08;-65119
2020-12-07;"Trenčiansky kraj";258;3832;468;4300;NA;303201;726;2020-12-07;-66187
2020-12-06;"Trenčiansky kraj";114;179;10;189;NA;303201;124;2020-12-06;-66913
2020-12-05;"Trenčiansky kraj";223;610;56;666;NA;303201;279;2020-12-05;-67037
2020-12-04;"Trenčiansky kraj";253;2943;273;3216;NA;303201;526;2020-12-04;-67316
2020-12-03;"Trenčiansky kraj";503;1714;178;1892;NA;303201;681;2020-12-03;-67842
2020-12-02;"Trenčiansky kraj";418;1844;232;2076;NA;303201;650;2020-12-02;-68523
2020-12-01;"Trenčiansky kraj";321;5642;351;5993;NA;303201;672;2020-12-01;-69173
2020-11-30;"Trenčiansky kraj";167;11514;520;12034;NA;303201;687;2020-11-30;-69845
2020-11-29;"Trenčiansky kraj";29;30;5;35;NA;303201;34;2020-11-29;-70532
2020-11-28;"Trenčiansky kraj";202;1051;93;1144;NA;303201;295;2020-11-28;-70566
2020-11-27;"Trenčiansky kraj";330;1888;186;2074;NA;303201;516;2020-11-27;-70861
2020-11-26;"Trenčiansky kraj";395;1252;122;1374;NA;303201;517;2020-11-26;-71377
2020-11-25;"Trenčiansky kraj";322;1444;160;1604;NA;303201;482;2020-11-25;-71894
2020-11-24;"Trenčiansky kraj";348;2553;308;2861;NA;303201;656;2020-11-24;-72376
2020-11-23;"Trenčiansky kraj";159;1186;122;1308;NA;303201;281;2020-11-23;-73032
2020-11-22;"Trenčiansky kraj";26;30;7;37;NA;303201;33;2020-11-22;-73313
2020-11-21;"Trenčiansky kraj";255;1376;69;1445;NA;303201;324;2020-11-21;-73346
2020-11-20;"Trenčiansky kraj";316;861;93;954;NA;303201;409;2020-11-20;-73670
2020-11-19;"Trenčiansky kraj";316;740;113;853;NA;303201;429;2020-11-19;-74079
2020-11-18;"Trenčiansky kraj";233;379;66;445;NA;303201;299;2020-11-18;-74508
2020-11-17;"Trenčiansky kraj";222;106;15;121;NA;303201;237;2020-11-17;-74807
2020-11-16;"Trenčiansky kraj";245;236;45;281;NA;303201;290;2020-11-16;-75044
2020-11-15;"Trenčiansky kraj";109;29;6;35;NA;303201;115;2020-11-15;-75334
2020-11-14;"Trenčiansky kraj";190;74;11;85;NA;303201;201;2020-11-14;-75449
2020-11-13;"Trenčiansky kraj";308;131;13;144;NA;303201;321;2020-11-13;-75650
2020-11-12;"Trenčiansky kraj";324;124;5;129;NA;303201;329;2020-11-12;-75971
2020-11-11;"Trenčiansky kraj";366;113;10;123;NA;303201;376;2020-11-11;-76300
2020-11-10;"Trenčiansky kraj";277;106;6;112;NA;303201;283;2020-11-10;-76676
2020-11-09;"Trenčiansky kraj";115;1407;48;1455;NA;303201;163;2020-11-09;-76959
2020-11-08;"Trenčiansky kraj";81;1271;8;1279;NA;303201;89;2020-11-08;-77122
2020-11-07;"Trenčiansky kraj";319;3662;59;3721;NA;303201;378;2020-11-07;-77211
2020-11-06;"Trenčiansky kraj";383;6893;84;6977;NA;303201;467;2020-11-06;-77589
2020-11-05;"Trenčiansky kraj";399;98;15;113;NA;303201;414;2020-11-05;-78056
2020-11-04;"Trenčiansky kraj";370;91;9;100;NA;303201;379;2020-11-04;-78470
2020-11-03;"Trenčiansky kraj";575;97;8;105;NA;303201;583;2020-11-03;-78849
2020-11-02;"Trenčiansky kraj";197;1833;68;1901;NA;303201;265;2020-11-02;-79432
2020-11-01;"Trenčiansky kraj";257;808;24;832;NA;303201;281;2020-11-01;-79697
2020-10-31;"Trenčiansky kraj";332;4719;82;4801;NA;303201;414;2020-10-31;-79978
2020-10-30;"Trenčiansky kraj";299;5283;102;5385;NA;303201;401;2020-10-30;-80392
2020-10-29;"Trenčiansky kraj";496;764;68;832;NA;303201;564;2020-10-29;-80793
2020-10-28;"Trenčiansky kraj";269;192;33;225;NA;303201;302;2020-10-28;-81357
2020-10-27;"Trenčiansky kraj";473;127;27;154;NA;303201;500;2020-10-27;-81659
2020-10-26;"Trenčiansky kraj";177;107;36;143;NA;303201;213;2020-10-26;-82159
2020-10-25;"Trenčiansky kraj";138;9;5;14;NA;303201;143;2020-10-25;-82372
2020-10-24;"Trenčiansky kraj";395;128;6;134;NA;303201;401;2020-10-24;-82515
2020-10-23;"Trenčiansky kraj";301;154;8;162;NA;303201;309;2020-10-23;-82916
2020-10-22;"Trenčiansky kraj";273;82;12;94;NA;303201;285;2020-10-22;-83225
2020-10-21;"Trenčiansky kraj";183;53;9;62;NA;303201;192;2020-10-21;-83510
2020-10-20;"Trenčiansky kraj";212;47;6;53;NA;303201;218;2020-10-20;-83702
2020-10-19;"Trenčiansky kraj";41;83;25;108;NA;303201;66;2020-10-19;-83920
2020-10-18;"Trenčiansky kraj";104;0;0;0;NA;303201;104;2020-10-18;-83986
2020-10-17;"Trenčiansky kraj";157;0;0;0;NA;303201;157;2020-10-17;-84090
2020-10-16;"Trenčiansky kraj";225;42;6;48;NA;303201;231;2020-10-16;-84247
2020-10-15;"Trenčiansky kraj";255;39;4;43;NA;303201;259;2020-10-15;-84478
2020-10-14;"Trenčiansky kraj";162;42;7;49;NA;303201;169;2020-10-14;-84737
2020-10-13;"Trenčiansky kraj";124;105;12;117;NA;303201;136;2020-10-13;-84906
2020-10-12;"Trenčiansky kraj";55;0;0;0;NA;303201;55;2020-10-12;-85042
2020-10-11;"Trenčiansky kraj";73;0;0;0;NA;303201;73;2020-10-11;-85097
2020-10-10;"Trenčiansky kraj";180;0;0;0;NA;303201;180;2020-10-10;-85170
2020-10-09;"Trenčiansky kraj";198;0;0;0;NA;303201;198;2020-10-09;-85350
2020-10-08;"Trenčiansky kraj";115;0;0;0;NA;303201;115;2020-10-08;-85548
2020-10-07;"Trenčiansky kraj";75;0;0;0;NA;303201;75;2020-10-07;-85663
2020-10-06;"Trenčiansky kraj";72;0;0;0;NA;303201;72;2020-10-06;-85738
2020-10-05;"Trenčiansky kraj";32;0;0;0;NA;303201;32;2020-10-05;-85810
2020-10-04;"Trenčiansky kraj";37;0;0;0;NA;303201;37;2020-10-04;-85842
2020-10-03;"Trenčiansky kraj";79;0;0;0;NA;303201;79;2020-10-03;-85879
2020-10-02;"Trenčiansky kraj";69;0;0;0;NA;303201;69;2020-10-02;-85958
2020-10-01;"Trenčiansky kraj";58;0;0;0;NA;303201;58;2020-10-01;-86027
2020-09-30;"Trenčiansky kraj";76;0;0;0;NA;303201;76;2020-09-30;-86085
2020-09-29;"Trenčiansky kraj";43;0;0;0;NA;303201;43;2020-09-29;-86161
2020-09-28;"Trenčiansky kraj";7;0;0;0;NA;303201;7;2020-09-28;-86204
2020-09-27;"Trenčiansky kraj";12;0;0;0;NA;303201;12;2020-09-27;-86211
2020-09-26;"Trenčiansky kraj";37;0;0;0;NA;303201;37;2020-09-26;-86223
2020-09-25;"Trenčiansky kraj";72;0;0;0;NA;303201;72;2020-09-25;-86260
2020-09-24;"Trenčiansky kraj";41;0;0;0;NA;303201;41;2020-09-24;-86332
2020-09-23;"Trenčiansky kraj";32;0;0;0;NA;303201;32;2020-09-23;-86373
2020-09-22;"Trenčiansky kraj";26;0;0;0;NA;303201;26;2020-09-22;-86405
2020-09-21;"Trenčiansky kraj";23;0;0;0;NA;303201;23;2020-09-21;-86431
2020-09-20;"Trenčiansky kraj";21;0;0;0;NA;303201;21;2020-09-20;-86454
2020-09-19;"Trenčiansky kraj";20;0;0;0;NA;303201;20;2020-09-19;-86475
2020-09-18;"Trenčiansky kraj";41;0;0;0;NA;303201;41;2020-09-18;-86495
2020-09-17;"Trenčiansky kraj";20;0;0;0;NA;303201;20;2020-09-17;-86536
2020-09-16;"Trenčiansky kraj";14;0;0;0;NA;303201;14;2020-09-16;-86556
2020-09-15;"Trenčiansky kraj";8;0;0;0;NA;303201;8;2020-09-15;-86570
2020-09-14;"Trenčiansky kraj";5;0;0;0;NA;303201;5;2020-09-14;-86578
2020-09-13;"Trenčiansky kraj";12;0;0;0;NA;303201;12;2020-09-13;-86583
2020-09-12;"Trenčiansky kraj";2;0;0;0;NA;303201;2;2020-09-12;-86595
2020-09-11;"Trenčiansky kraj";27;0;0;0;NA;303201;27;2020-09-11;-86597
2020-09-10;"Trenčiansky kraj";15;0;0;0;NA;303201;15;2020-09-10;-86624
2020-09-09;"Trenčiansky kraj";11;0;0;0;NA;303201;11;2020-09-09;-86639
2020-09-08;"Trenčiansky kraj";12;0;0;0;NA;303201;12;2020-09-08;-86650
2020-09-07;"Trenčiansky kraj";6;0;0;0;NA;303201;6;2020-09-07;-86662
2020-09-06;"Trenčiansky kraj";1;0;0;0;NA;303201;1;2020-09-06;-86668
2020-09-05;"Trenčiansky kraj";3;0;0;0;NA;303201;3;2020-09-05;-86669
2020-09-04;"Trenčiansky kraj";9;0;0;0;NA;303201;9;2020-09-04;-86672
2020-09-03;"Trenčiansky kraj";10;0;0;0;NA;303201;10;2020-09-03;-86681
2020-09-02;"Trenčiansky kraj";5;0;0;0;NA;303201;5;2020-09-02;-86691
2020-09-01;"Trenčiansky kraj";1;0;0;0;NA;303201;1;2020-09-01;-86696
2020-08-31;"Trenčiansky kraj";12;0;0;0;NA;303201;12;2020-08-31;-86697
2020-08-30;"Trenčiansky kraj";0;0;0;0;NA;303201;0;2020-08-30;-86709
2020-08-29;"Trenčiansky kraj";1;0;0;0;NA;303201;1;2020-08-29;-86709
2020-08-28;"Trenčiansky kraj";12;0;0;0;NA;303201;12;2020-08-28;-86710
2020-08-27;"Trenčiansky kraj";10;0;0;0;NA;303201;10;2020-08-27;-86722
2020-08-26;"Trenčiansky kraj";15;0;0;0;NA;303201;15;2020-08-26;-86732
2020-08-25;"Trenčiansky kraj";12;0;0;0;NA;303201;12;2020-08-25;-86747
2020-08-24;"Trenčiansky kraj";4;0;0;0;NA;303201;4;2020-08-24;-86759
2020-08-23;"Trenčiansky kraj";5;0;0;0;NA;303201;5;2020-08-23;-86763
2020-08-22;"Trenčiansky kraj";6;0;0;0;NA;303201;6;2020-08-22;-86768
2020-08-21;"Trenčiansky kraj";6;0;0;0;NA;303201;6;2020-08-21;-86774
2020-08-20;"Trenčiansky kraj";20;0;0;0;NA;303201;20;2020-08-20;-86780
2020-08-19;"Trenčiansky kraj";17;0;0;0;NA;303201;17;2020-08-19;-86800
2020-08-18;"Trenčiansky kraj";9;0;0;0;NA;303201;9;2020-08-18;-86817
2020-08-17;"Trenčiansky kraj";4;0;0;0;NA;303201;4;2020-08-17;-86826
2020-08-16;"Trenčiansky kraj";0;0;0;0;NA;303201;0;2020-08-16;-86830
2020-08-15;"Trenčiansky kraj";9;0;0;0;NA;303201;9;2020-08-15;-86830
2020-08-14;"Trenčiansky kraj";15;0;0;0;NA;303201;15;2020-08-14;-86839
2020-08-13;"Trenčiansky kraj";23;0;0;0;NA;303201;23;2020-08-13;-86854
2020-08-12;"Trenčiansky kraj";6;0;0;0;NA;303201;6;2020-08-12;-86877
2020-08-11;"Trenčiansky kraj";7;0;0;0;NA;303201;7;2020-08-11;-86883
2020-08-10;"Trenčiansky kraj";9;0;0;0;NA;303201;9;2020-08-10;-86890
2020-08-09;"Trenčiansky kraj";1;0;0;0;NA;303201;1;2020-08-09;-86899
2020-08-08;"Trenčiansky kraj";4;0;0;0;NA;303201;4;2020-08-08;-86900
2020-08-07;"Trenčiansky kraj";4;0;0;0;NA;303201;4;2020-08-07;-86904
2020-08-06;"Trenčiansky kraj";13;0;0;0;NA;303201;13;2020-08-06;-86908
2020-08-05;"Trenčiansky kraj";39;0;0;0;NA;303201;39;2020-08-05;-86921
2020-08-04;"Trenčiansky kraj";9;0;0;0;NA;303201;9;2020-08-04;-86960
2020-08-03;"Trenčiansky kraj";0;0;0;0;NA;303201;0;2020-08-03;-86969
2020-08-02;"Trenčiansky kraj";2;0;0;0;NA;303201;2;2020-08-02;-86969
2020-08-01;"Trenčiansky kraj";6;0;0;0;NA;303201;6;2020-08-01;-86971
2020-07-31;"Trenčiansky kraj";16;0;0;0;NA;303201;16;2020-07-31;-86977
2020-07-30;"Trenčiansky kraj";4;0;0;0;NA;303201;4;2020-07-30;-86993
2020-07-29;"Trenčiansky kraj";5;0;0;0;NA;303201;5;2020-07-29;-86997
2020-07-28;"Trenčiansky kraj";11;0;0;0;NA;303201;11;2020-07-28;-87002
2020-07-27;"Trenčiansky kraj";4;0;0;0;NA;303201;4;2020-07-27;-87013
2020-07-26;"Trenčiansky kraj";1;0;0;0;NA;303201;1;2020-07-26;-87017
2020-07-25;"Trenčiansky kraj";7;0;0;0;NA;303201;7;2020-07-25;-87018
2020-07-24;"Trenčiansky kraj";5;0;0;0;NA;303201;5;2020-07-24;-87025
2020-07-23;"Trenčiansky kraj";10;0;0;0;NA;303201;10;2020-07-23;-87030
2020-07-22;"Trenčiansky kraj";11;0;0;0;NA;303201;11;2020-07-22;-87040
2020-07-21;"Trenčiansky kraj";6;0;0;0;NA;303201;6;2020-07-21;-87051
2020-07-20;"Trenčiansky kraj";13;0;0;0;NA;303201;13;2020-07-20;-87057
2020-07-19;"Trenčiansky kraj";0;0;0;0;NA;303201;0;2020-07-19;-87070
2020-07-18;"Trenčiansky kraj";0;0;0;0;NA;303201;0;2020-07-18;-87070
2020-07-17;"Trenčiansky kraj";1;0;0;0;NA;303201;1;2020-07-17;-87070
2020-07-16;"Trenčiansky kraj";0;0;0;0;NA;303201;0;2020-07-16;-87071
2020-07-15;"Trenčiansky kraj";2;0;0;0;NA;303201;2;2020-07-15;-87071
2020-07-14;"Trenčiansky kraj";8;0;0;0;NA;303201;8;2020-07-14;-87073
2020-07-13;"Trenčiansky kraj";1;0;0;0;NA;303201;1;2020-07-13;-87081
2020-07-12;"Trenčiansky kraj";0;0;0;0;NA;303201;0;2020-07-12;-87082
2020-07-11;"Trenčiansky kraj";0;0;0;0;NA;303201;0;2020-07-11;-87082
2020-07-10;"Trenčiansky kraj";3;0;0;0;NA;303201;3;2020-07-10;-87082
2020-07-09;"Trenčiansky kraj";2;0;0;0;NA;303201;2;2020-07-09;-87085
2020-07-08;"Trenčiansky kraj";1;0;0;0;NA;303201;1;2020-07-08;-87087
2020-07-07;"Trenčiansky kraj";9;0;0;0;NA;303201;9;2020-07-07;-87088
2020-07-06;"Trenčiansky kraj";1;0;0;0;NA;303201;1;2020-07-06;-87097
2020-07-05;"Trenčiansky kraj";1;0;0;0;NA;303201;1;2020-07-05;-87098
2020-07-04;"Trenčiansky kraj";0;0;0;0;NA;303201;0;2020-07-04;-87099
2020-07-03;"Trenčiansky kraj";2;0;0;0;NA;303201;2;2020-07-03;-87099
2020-07-02;"Trenčiansky kraj";10;0;0;0;NA;303201;10;2020-07-02;-87101
2020-07-01;"Trenčiansky kraj";1;0;0;0;NA;303201;1;2020-07-01;-87111
2020-06-30;"Trenčiansky kraj";6;0;0;0;NA;303201;6;2020-06-30;-87112
2020-06-29;"Trenčiansky kraj";1;0;0;0;NA;303201;1;2020-06-29;-87118
2020-06-28;"Trenčiansky kraj";0;0;0;0;NA;303201;0;2020-06-28;-87119
2020-06-27;"Trenčiansky kraj";0;0;0;0;NA;303201;0;2020-06-27;-87119
2020-06-26;"Trenčiansky kraj";0;0;0;0;NA;303201;0;2020-06-26;-87119
2020-06-25;"Trenčiansky kraj";2;0;0;0;NA;303201;2;2020-06-25;-87119
2020-06-24;"Trenčiansky kraj";1;0;0;0;NA;303201;1;2020-06-24;-87121
2020-06-23;"Trenčiansky kraj";0;0;0;0;NA;303201;0;2020-06-23;-87122
2020-06-22;"Trenčiansky kraj";0;0;0;0;NA;303201;0;2020-06-22;-87122
2020-06-21;"Trenčiansky kraj";0;0;0;0;NA;303201;0;2020-06-21;-87122
2020-06-20;"Trenčiansky kraj";0;0;0;0;NA;303201;0;2020-06-20;-87122
2020-06-19;"Trenčiansky kraj";0;0;0;0;NA;303201;0;2020-06-19;-87122
2020-06-18;"Trenčiansky kraj";0;0;0;0;NA;303201;0;2020-06-18;-87122
2020-06-17;"Trenčiansky kraj";0;0;0;0;NA;303201;0;2020-06-17;-87122
2020-06-16;"Trenčiansky kraj";0;0;0;0;NA;303201;0;2020-06-16;-87122
2020-06-14;"Trenčiansky kraj";0;0;0;0;NA;303201;0;2020-06-14;-87122
2020-06-13;"Trenčiansky kraj";0;0;0;0;NA;303201;0;2020-06-13;-87122
2020-06-12;"Trenčiansky kraj";0;0;0;0;NA;303201;0;2020-06-12;-87122
2020-06-11;"Trenčiansky kraj";0;0;0;0;NA;303201;0;2020-06-11;-87122
2020-06-10;"Trenčiansky kraj";1;0;0;0;NA;303201;1;2020-06-10;-87122
2020-06-09;"Trenčiansky kraj";0;0;0;0;NA;303201;0;2020-06-09;-87123
2020-06-08;"Trenčiansky kraj";0;0;0;0;NA;303201;0;2020-06-08;-87123
2020-06-07;"Trenčiansky kraj";0;0;0;0;NA;303201;0;2020-06-07;-87123
2020-06-05;"Trenčiansky kraj";0;0;0;0;NA;303201;0;2020-06-05;-87123
2020-06-03;"Trenčiansky kraj";0;0;0;0;NA;303201;0;2020-06-03;-87123
2020-06-02;"Trenčiansky kraj";0;0;0;0;NA;303201;0;2020-06-02;-87123
2020-05-31;"Trenčiansky kraj";0;0;0;0;NA;303201;0;2020-05-31;-87123
2020-05-29;"Trenčiansky kraj";0;0;0;0;NA;303201;0;2020-05-29;-87123
2020-05-27;"Trenčiansky kraj";2;0;0;0;NA;303201;2;2020-05-27;-87123
2020-05-26;"Trenčiansky kraj";0;0;0;0;NA;303201;0;2020-05-26;-87125
2020-05-25;"Trenčiansky kraj";0;0;0;0;NA;303201;0;2020-05-25;-87125
2020-05-24;"Trenčiansky kraj";0;0;0;0;NA;303201;0;2020-05-24;-87125
2020-05-23;"Trenčiansky kraj";0;0;0;0;NA;303201;0;2020-05-23;-87125
2020-05-22;"Trenčiansky kraj";0;0;0;0;NA;303201;0;2020-05-22;-87125
2020-05-21;"Trenčiansky kraj";0;0;0;0;NA;303201;0;2020-05-21;-87125
2020-05-20;"Trenčiansky kraj";0;0;0;0;NA;303201;0;2020-05-20;-87125
2020-05-19;"Trenčiansky kraj";0;0;0;0;NA;303201;0;2020-05-19;-87125
2020-05-17;"Trenčiansky kraj";0;0;0;0;NA;303201;0;2020-05-17;-87125
2020-05-16;"Trenčiansky kraj";0;0;0;0;NA;303201;0;2020-05-16;-87125
2020-05-15;"Trenčiansky kraj";1;0;0;0;NA;303201;1;2020-05-15;-87125
2020-05-14;"Trenčiansky kraj";2;0;0;0;NA;303201;2;2020-05-14;-87126
2020-05-13;"Trenčiansky kraj";1;0;0;0;NA;303201;1;2020-05-13;-87128
2020-05-12;"Trenčiansky kraj";1;0;0;0;NA;303201;1;2020-05-12;-87129
2020-05-11;"Trenčiansky kraj";3;0;0;0;NA;303201;3;2020-05-11;-87130
2020-05-09;"Trenčiansky kraj";2;0;0;0;NA;303201;2;2020-05-09;-87133
2020-05-07;"Trenčiansky kraj";6;0;0;0;NA;303201;6;2020-05-07;-87135
2020-05-06;"Trenčiansky kraj";0;0;0;0;NA;303201;0;2020-05-06;-87141
2020-05-05;"Trenčiansky kraj";2;0;0;0;NA;303201;2;2020-05-05;-87141
2020-05-04;"Trenčiansky kraj";0;0;0;0;NA;303201;0;2020-05-04;-87143
2020-05-03;"Trenčiansky kraj";0;0;0;0;NA;303201;0;2020-05-03;-87143
2020-05-02;"Trenčiansky kraj";0;0;0;0;NA;303201;0;2020-05-02;-87143
2020-05-01;"Trenčiansky kraj";0;0;0;0;NA;303201;0;2020-05-01;-87143
2020-04-30;"Trenčiansky kraj";0;0;0;0;NA;303201;0;2020-04-30;-87143
2020-04-29;"Trenčiansky kraj";2;0;0;0;NA;303201;2;2020-04-29;-87143
2020-04-28;"Trenčiansky kraj";1;0;0;0;NA;303201;1;2020-04-28;-87145
2020-04-27;"Trenčiansky kraj";0;0;0;0;NA;303201;0;2020-04-27;-87146
2020-04-26;"Trenčiansky kraj";1;0;0;0;NA;303201;1;2020-04-26;-87146
2020-04-25;"Trenčiansky kraj";0;0;0;0;NA;303201;0;2020-04-25;-87147
2020-04-24;"Trenčiansky kraj";0;0;0;0;NA;303201;0;2020-04-24;-87147
2020-04-23;"Trenčiansky kraj";11;0;0;0;NA;303201;11;2020-04-23;-87147
2020-04-22;"Trenčiansky kraj";1;0;0;0;NA;303201;1;2020-04-22;-87158
2020-04-21;"Trenčiansky kraj";11;0;0;0;NA;303201;11;2020-04-21;-87159
2020-04-20;"Trenčiansky kraj";15;0;0;0;NA;303201;15;2020-04-20;-87170
2020-04-19;"Trenčiansky kraj";2;0;0;0;NA;303201;2;2020-04-19;-87185
2020-04-18;"Trenčiansky kraj";3;0;0;0;NA;303201;3;2020-04-18;-87187
2020-04-17;"Trenčiansky kraj";4;0;0;0;NA;303201;4;2020-04-17;-87190
2020-04-16;"Trenčiansky kraj";10;0;0;0;NA;303201;10;2020-04-16;-87194
2020-04-15;"Trenčiansky kraj";4;0;0;0;NA;303201;4;2020-04-15;-87204
2020-04-14;"Trenčiansky kraj";0;0;0;0;NA;303201;0;2020-04-14;-87208
2020-04-13;"Trenčiansky kraj";1;0;0;0;NA;303201;1;2020-04-13;-87208
2020-04-12;"Trenčiansky kraj";2;0;0;0;NA;303201;2;2020-04-12;-87209
2020-04-11;"Trenčiansky kraj";3;0;0;0;NA;303201;3;2020-04-11;-87211
2020-04-10;"Trenčiansky kraj";0;0;0;0;NA;303201;0;2020-04-10;-87214
2020-04-09;"Trenčiansky kraj";0;0;0;0;NA;303201;0;2020-04-09;-87214
2020-04-08;"Trenčiansky kraj";2;0;0;0;NA;303201;2;2020-04-08;-87214
2020-04-07;"Trenčiansky kraj";18;0;0;0;NA;303201;18;2020-04-07;-87216
2020-04-06;"Trenčiansky kraj";0;0;0;0;NA;303201;0;2020-04-06;-87234
2020-04-05;"Trenčiansky kraj";3;0;0;0;NA;303201;3;2020-04-05;-87234
2020-04-04;"Trenčiansky kraj";5;0;0;0;NA;303201;5;2020-04-04;-87237
2020-04-03;"Trenčiansky kraj";4;0;0;0;NA;303201;4;2020-04-03;-87242
2020-04-02;"Trenčiansky kraj";1;0;0;0;NA;303201;1;2020-04-02;-87246
2020-04-01;"Trenčiansky kraj";3;0;0;0;NA;303201;3;2020-04-01;-87247
2020-03-31;"Trenčiansky kraj";1;0;0;0;NA;303201;1;2020-03-31;-87250
2020-03-30;"Trenčiansky kraj";3;0;0;0;NA;303201;3;2020-03-30;-87251
2020-03-29;"Trenčiansky kraj";6;0;0;0;NA;303201;6;2020-03-29;-87254
2020-03-28;"Trenčiansky kraj";9;0;0;0;NA;303201;9;2020-03-28;-87260
2020-03-27;"Trenčiansky kraj";2;0;0;0;NA;303201;2;2020-03-27;-87269
2020-03-26;"Trenčiansky kraj";6;0;0;0;NA;303201;6;2020-03-26;-87271
2020-03-25;"Trenčiansky kraj";3;0;0;0;NA;303201;3;2020-03-25;-87277
2020-03-24;"Trenčiansky kraj";1;0;0;0;NA;303201;1;2020-03-24;-87280
2020-03-23;"Trenčiansky kraj";0;0;0;0;NA;303201;0;2020-03-23;-87281
2020-03-22;"Trenčiansky kraj";0;0;0;0;NA;303201;0;2020-03-22;-87281
2020-03-21;"Trenčiansky kraj";2;0;0;0;NA;303201;2;2020-03-21;-87281
2020-03-20;"Trenčiansky kraj";2;0;0;0;NA;303201;2;2020-03-20;-87283
2020-03-19;"Trenčiansky kraj";8;0;0;0;NA;303201;8;2020-03-19;-87285
2020-03-18;"Trenčiansky kraj";0;0;0;0;NA;303201;0;2020-03-18;-87293
2020-03-17;"Trenčiansky kraj";0;0;0;0;NA;303201;0;2020-03-17;-87293
2020-03-16;"Trenčiansky kraj";1;0;0;0;NA;303201;1;2020-03-16;-87293
2020-03-15;"Trenčiansky kraj";5;0;0;0;NA;303201;5;2020-03-15;-87294
2020-03-14;"Trenčiansky kraj";0;0;0;0;NA;303201;0;2020-03-14;-87299
2020-03-13;"Trenčiansky kraj";0;0;0;0;NA;303201;0;2020-03-13;-87299
2020-03-12;"Trenčiansky kraj";1;0;0;0;NA;303201;1;2020-03-12;-87299
2020-03-11;"Trenčiansky kraj";0;0;0;0;NA;303201;0;2020-03-11;-87300
2020-03-09;"Trenčiansky kraj";0;0;0;0;NA;303201;0;2020-03-09;-87300
2020-03-08;"Trenčiansky kraj";0;0;0;0;NA;303201;0;2020-03-08;-87300
2020-03-07;"Trenčiansky kraj";0;0;0;0;NA;303201;0;2020-03-07;-87300
2020-03-06;"Trenčiansky kraj";0;0;0;0;NA;303201;0;2020-03-06;-87300
2022-06-15;"Trnavský kraj";8;52;2;54;203723;273140;10;2022-06-15;273140
2022-06-14;"Trnavský kraj";32;149;0;149;NA;273140;32;2022-06-14;273130
2022-06-13;"Trnavský kraj";25;149;6;155;NA;273140;31;2022-06-13;273098
2022-06-12;"Trnavský kraj";1;27;1;28;NA;273140;2;2022-06-12;273067
2022-06-11;"Trnavský kraj";7;30;0;30;NA;273140;7;2022-06-11;273065
2022-06-10;"Trnavský kraj";10;128;2;130;NA;273140;12;2022-06-10;273058
2022-06-09;"Trnavský kraj";15;127;2;129;NA;273140;17;2022-06-09;273046
2022-06-08;"Trnavský kraj";18;114;2;116;NA;273140;20;2022-06-08;273029
2022-06-07;"Trnavský kraj";19;135;2;137;NA;273140;21;2022-06-07;273009
2022-06-06;"Trnavský kraj";9;188;2;190;NA;273140;11;2022-06-06;272988
2022-06-05;"Trnavský kraj";0;29;1;30;NA;273140;1;2022-06-05;272977
2022-06-04;"Trnavský kraj";7;23;0;23;NA;273140;7;2022-06-04;272976
2022-06-03;"Trnavský kraj";14;132;0;132;NA;273140;14;2022-06-03;272969
2022-06-02;"Trnavský kraj";15;140;3;143;NA;273140;18;2022-06-02;272955
2022-06-01;"Trnavský kraj";7;114;9;123;NA;273140;16;2022-06-01;272937
2022-05-31;"Trnavský kraj";13;145;3;148;NA;273140;16;2022-05-31;272921
2022-05-30;"Trnavský kraj";16;173;1;174;NA;273140;17;2022-05-30;272905
2022-05-29;"Trnavský kraj";0;40;1;41;NA;273140;1;2022-05-29;272888
2022-05-28;"Trnavský kraj";10;43;1;44;NA;273140;11;2022-05-28;272887
2022-05-27;"Trnavský kraj";14;168;3;171;NA;273140;17;2022-05-27;272876
2022-05-26;"Trnavský kraj";9;147;4;151;NA;273140;13;2022-05-26;272859
2022-05-25;"Trnavský kraj";13;159;3;162;NA;273140;16;2022-05-25;272846
2022-05-24;"Trnavský kraj";13;114;1;115;NA;273140;14;2022-05-24;272830
2022-05-23;"Trnavský kraj";17;235;13;248;NA;273140;30;2022-05-23;272816
2022-05-22;"Trnavský kraj";0;50;0;50;NA;273140;0;2022-05-22;272786
2022-05-21;"Trnavský kraj";7;33;1;34;NA;273140;8;2022-05-21;272786
2022-05-20;"Trnavský kraj";12;103;3;106;NA;273140;15;2022-05-20;272778
2022-05-19;"Trnavský kraj";18;125;1;126;NA;273140;19;2022-05-19;272763
2022-05-18;"Trnavský kraj";13;137;7;144;NA;273140;20;2022-05-18;272744
2022-05-17;"Trnavský kraj";16;196;6;202;NA;273140;22;2022-05-17;272724
2022-05-16;"Trnavský kraj";34;206;5;211;NA;273140;39;2022-05-16;272702
2022-05-15;"Trnavský kraj";5;33;2;35;NA;273140;7;2022-05-15;272663
2022-05-14;"Trnavský kraj";16;68;1;69;NA;273140;17;2022-05-14;272656
2022-05-13;"Trnavský kraj";41;203;4;207;NA;273140;45;2022-05-13;272639
2022-05-12;"Trnavský kraj";9;127;6;133;NA;273140;15;2022-05-12;272594
2022-05-11;"Trnavský kraj";41;188;7;195;NA;273140;48;2022-05-11;272579
2022-05-10;"Trnavský kraj";39;184;4;188;NA;273140;43;2022-05-10;272531
2022-05-09;"Trnavský kraj";35;258;15;273;NA;273140;50;2022-05-09;272488
2022-05-08;"Trnavský kraj";4;44;0;44;NA;273140;4;2022-05-08;272438
2022-05-07;"Trnavský kraj";26;39;6;45;NA;273140;32;2022-05-07;272434
2022-05-06;"Trnavský kraj";42;248;10;258;NA;273140;52;2022-05-06;272402
2022-05-05;"Trnavský kraj";49;182;9;191;NA;273140;58;2022-05-05;272350
2022-05-04;"Trnavský kraj";76;179;8;187;NA;273140;84;2022-05-04;272292
2022-05-03;"Trnavský kraj";97;186;4;190;NA;273140;101;2022-05-03;272208
2022-05-02;"Trnavský kraj";104;287;10;297;NA;273140;114;2022-05-02;272107
2022-05-01;"Trnavský kraj";14;60;1;61;NA;273140;15;2022-05-01;271993
2022-04-30;"Trnavský kraj";53;46;3;49;NA;273140;56;2022-04-30;271978
2022-04-29;"Trnavský kraj";84;172;7;179;NA;273140;91;2022-04-29;271922
2022-04-28;"Trnavský kraj";147;326;12;338;NA;273140;159;2022-04-28;271831
2022-04-27;"Trnavský kraj";125;457;24;481;NA;273140;149;2022-04-27;271672
2022-04-26;"Trnavský kraj";135;213;9;222;NA;273140;144;2022-04-26;271523
2022-04-25;"Trnavský kraj";154;354;15;369;NA;273140;169;2022-04-25;271379
2022-04-24;"Trnavský kraj";41;60;6;66;NA;273140;47;2022-04-24;271210
2022-04-23;"Trnavský kraj";130;119;8;127;NA;273140;138;2022-04-23;271163
2022-04-22;"Trnavský kraj";157;393;20;413;NA;273140;177;2022-04-22;271025
2022-04-21;"Trnavský kraj";238;540;16;556;NA;273140;254;2022-04-21;270848
2022-04-20;"Trnavský kraj";164;390;25;415;NA;273140;189;2022-04-20;270594
2022-04-19;"Trnavský kraj";223;536;31;567;NA;273140;254;2022-04-19;270405
2022-04-18;"Trnavský kraj";66;63;9;72;NA;273140;75;2022-04-18;270151
2022-04-17;"Trnavský kraj";116;65;4;69;NA;273140;120;2022-04-17;270076
2022-04-16;"Trnavský kraj";99;103;9;112;NA;273140;108;2022-04-16;269956
2022-04-15;"Trnavský kraj";193;113;2;115;NA;273140;195;2022-04-15;269848
2022-04-14;"Trnavský kraj";237;610;42;652;NA;273140;279;2022-04-14;269653
2022-04-13;"Trnavský kraj";298;385;26;411;NA;273140;324;2022-04-13;269374
2022-04-12;"Trnavský kraj";358;492;39;531;NA;273140;397;2022-04-12;269050
2022-04-11;"Trnavský kraj";265;601;37;638;NA;273140;302;2022-04-11;268653
2022-04-10;"Trnavský kraj";124;128;19;147;NA;273140;143;2022-04-10;268351
2022-04-09;"Trnavský kraj";324;66;5;71;NA;273140;329;2022-04-09;268208
2022-04-08;"Trnavský kraj";380;388;43;431;NA;273140;423;2022-04-08;267879
2022-04-07;"Trnavský kraj";405;363;33;396;NA;273140;438;2022-04-07;267456
2022-04-06;"Trnavský kraj";485;380;35;415;NA;273140;520;2022-04-06;267018
2022-04-05;"Trnavský kraj";549;401;49;450;NA;273140;598;2022-04-05;266498
2022-04-04;"Trnavský kraj";621;707;90;797;NA;273140;711;2022-04-04;265900
2022-04-03;"Trnavský kraj";35;126;22;148;NA;273140;57;2022-04-03;265189
2022-04-02;"Trnavský kraj";478;113;14;127;NA;273140;492;2022-04-02;265132
2022-04-01;"Trnavský kraj";630;643;65;708;NA;273140;695;2022-04-01;264640
2022-03-31;"Trnavský kraj";709;483;69;552;NA;273140;778;2022-03-31;263945
2022-03-30;"Trnavský kraj";885;518;75;593;NA;273140;960;2022-03-30;263167
2022-03-29;"Trnavský kraj";845;667;75;742;NA;273140;920;2022-03-29;262207
2022-03-28;"Trnavský kraj";623;795;117;912;NA;273140;740;2022-03-28;261287
2022-03-27;"Trnavský kraj";340;185;39;224;NA;273140;379;2022-03-27;260547
2022-03-26;"Trnavský kraj";762;214;36;250;NA;273140;798;2022-03-26;260168
2022-03-25;"Trnavský kraj";859;664;69;733;NA;273140;928;2022-03-25;259370
2022-03-24;"Trnavský kraj";920;638;73;711;NA;273140;993;2022-03-24;258442
2022-03-23;"Trnavský kraj";1112;794;96;890;NA;273140;1208;2022-03-23;257449
2022-03-22;"Trnavský kraj";1096;767;70;837;NA;273140;1166;2022-03-22;256241
2022-03-21;"Trnavský kraj";1096;1025;113;1138;NA;273140;1209;2022-03-21;255075
2022-03-20;"Trnavský kraj";229;262;46;308;NA;273140;275;2022-03-20;253866
2022-03-19;"Trnavský kraj";1000;237;57;294;NA;273140;1057;2022-03-19;253591
2022-03-18;"Trnavský kraj";1038;907;107;1014;NA;273140;1145;2022-03-18;252534
2022-03-17;"Trnavský kraj";1148;721;93;814;NA;273140;1241;2022-03-17;251389
2022-03-16;"Trnavský kraj";1344;602;87;689;NA;273140;1431;2022-03-16;250148
2022-03-15;"Trnavský kraj";1179;1037;122;1159;NA;273140;1301;2022-03-15;248717
2022-03-14;"Trnavský kraj";890;1545;177;1722;NA;273140;1067;2022-03-14;247416
2022-03-13;"Trnavský kraj";290;422;57;479;NA;273140;347;2022-03-13;246349
2022-03-12;"Trnavský kraj";958;589;113;702;NA;273140;1071;2022-03-12;246002
2022-03-11;"Trnavský kraj";961;1038;126;1164;NA;273140;1087;2022-03-11;244931
2022-03-10;"Trnavský kraj";1049;1247;150;1397;NA;273140;1199;2022-03-10;243844
2022-03-09;"Trnavský kraj";1271;1159;161;1320;NA;273140;1432;2022-03-09;242645
2022-03-08;"Trnavský kraj";1393;1361;179;1540;NA;273140;1572;2022-03-08;241213
2022-03-07;"Trnavský kraj";1005;2051;263;2314;NA;273140;1268;2022-03-07;239641
2022-03-06;"Trnavský kraj";395;565;118;683;NA;273140;513;2022-03-06;238373
2022-03-05;"Trnavský kraj";806;475;90;565;NA;273140;896;2022-03-05;237860
2022-03-04;"Trnavský kraj";1028;1063;126;1189;NA;273140;1154;2022-03-04;236964
2022-03-03;"Trnavský kraj";1513;1135;168;1303;NA;273140;1681;2022-03-03;235810
2022-03-02;"Trnavský kraj";1330;1513;194;1707;NA;273140;1524;2022-03-02;234129
2022-03-01;"Trnavský kraj";1527;1351;201;1552;NA;273140;1728;2022-03-01;232605
2022-02-28;"Trnavský kraj";1318;2105;264;2369;NA;273140;1582;2022-02-28;230877
2022-02-27;"Trnavský kraj";386;640;106;746;NA;273140;492;2022-02-27;229295
2022-02-26;"Trnavský kraj";1268;526;112;638;NA;273140;1380;2022-02-26;228803
2022-02-25;"Trnavský kraj";1439;1491;211;1702;NA;273140;1650;2022-02-25;227423
2022-02-24;"Trnavský kraj";1397;1421;183;1604;NA;273140;1580;2022-02-24;225773
2022-02-23;"Trnavský kraj";2032;1668;240;1908;NA;273140;2272;2022-02-23;224193
2022-02-22;"Trnavský kraj";2171;1891;271;2162;NA;273140;2442;2022-02-22;221921
2022-02-21;"Trnavský kraj";1983;2849;438;3287;NA;273140;2421;2022-02-21;219479
2022-02-20;"Trnavský kraj";888;830;187;1017;NA;273140;1075;2022-02-20;217058
2022-02-19;"Trnavský kraj";1838;712;149;861;NA;273140;1987;2022-02-19;215983
2022-02-18;"Trnavský kraj";2132;1733;269;2002;NA;273140;2401;2022-02-18;213996
2022-02-17;"Trnavský kraj";1987;1764;269;2033;NA;273140;2256;2022-02-17;211595
2022-02-16;"Trnavský kraj";2047;1809;317;2126;NA;273140;2364;2022-02-16;209339
2022-02-15;"Trnavský kraj";2228;2412;400;2812;NA;273140;2628;2022-02-15;206975
2022-02-14;"Trnavský kraj";2216;3425;492;3917;NA;273140;2708;2022-02-14;204347
2022-02-13;"Trnavský kraj";805;1129;247;1376;NA;273140;1052;2022-02-13;201639
2022-02-12;"Trnavský kraj";2081;966;175;1141;NA;273140;2256;2022-02-12;200587
2022-02-11;"Trnavský kraj";1665;2158;266;2424;NA;273140;1931;2022-02-11;198331
2022-02-10;"Trnavský kraj";2491;1942;256;2198;NA;273140;2747;2022-02-10;196400
2022-02-09;"Trnavský kraj";2205;2474;365;2839;NA;273140;2570;2022-02-09;193653
2022-02-08;"Trnavský kraj";1758;2352;353;2705;NA;273140;2111;2022-02-08;191083
2022-02-07;"Trnavský kraj";2581;3356;459;3815;NA;273140;3040;2022-02-07;188972
2022-02-06;"Trnavský kraj";1194;1309;276;1585;NA;273140;1470;2022-02-06;185932
2022-02-05;"Trnavský kraj";2165;1102;187;1289;NA;273140;2352;2022-02-05;184462
2022-02-04;"Trnavský kraj";2191;2179;253;2432;NA;273140;2444;2022-02-04;182110
2022-02-03;"Trnavský kraj";2124;3295;347;3642;NA;273140;2471;2022-02-03;179666
2022-02-02;"Trnavský kraj";1812;2684;281;2965;NA;273140;2093;2022-02-02;177195
2022-02-01;"Trnavský kraj";2344;2656;318;2974;NA;273140;2662;2022-02-01;175102
2022-01-31;"Trnavský kraj";1931;5001;489;5490;NA;273140;2420;2022-01-31;172440
2022-01-30;"Trnavský kraj";709;1672;176;1848;NA;273140;885;2022-01-30;170020
2022-01-29;"Trnavský kraj";2136;1174;159;1333;NA;273140;2295;2022-01-29;169135
2022-01-28;"Trnavský kraj";1734;2340;216;2556;NA;273140;1950;2022-01-28;166840
2022-01-27;"Trnavský kraj";1989;2333;246;2579;NA;273140;2235;2022-01-27;164890
2022-01-26;"Trnavský kraj";1906;2730;217;2947;NA;273140;2123;2022-01-26;162655
2022-01-25;"Trnavský kraj";1631;2422;195;2617;NA;273140;1826;2022-01-25;160532
2022-01-24;"Trnavský kraj";999;4194;236;4430;NA;273140;1235;2022-01-24;158706
2022-01-23;"Trnavský kraj";299;1897;105;2002;NA;273140;404;2022-01-23;157471
2022-01-22;"Trnavský kraj";1169;1197;81;1278;NA;273140;1250;2022-01-22;157067
2022-01-21;"Trnavský kraj";830;2134;104;2238;NA;273140;934;2022-01-21;155817
2022-01-20;"Trnavský kraj";917;2511;100;2611;NA;273140;1017;2022-01-20;154883
2022-01-19;"Trnavský kraj";832;2122;84;2206;NA;273140;916;2022-01-19;153866
2022-01-18;"Trnavský kraj";704;2051;74;2125;NA;273140;778;2022-01-18;152950
2022-01-17;"Trnavský kraj";366;3885;87;3972;NA;273140;453;2022-01-17;152172
2022-01-16;"Trnavský kraj";84;1696;44;1740;NA;273140;128;2022-01-16;151719
2022-01-15;"Trnavský kraj";421;1015;33;1048;NA;273140;454;2022-01-15;151591
2022-01-14;"Trnavský kraj";349;2040;50;2090;NA;273140;399;2022-01-14;151137
2022-01-13;"Trnavský kraj";234;2057;52;2109;NA;273140;286;2022-01-13;150738
2022-01-12;"Trnavský kraj";400;1927;35;1962;NA;273140;435;2022-01-12;150452
2022-01-11;"Trnavský kraj";384;2261;33;2294;NA;273140;417;2022-01-11;150017
2022-01-10;"Trnavský kraj";258;4357;71;4428;NA;273140;329;2022-01-10;149600
2022-01-09;"Trnavský kraj";35;1921;22;1943;NA;273140;57;2022-01-09;149271
2022-01-08;"Trnavský kraj";364;1005;29;1034;NA;273140;393;2022-01-08;149214
2022-01-07;"Trnavský kraj";332;1984;47;2031;NA;273140;379;2022-01-07;148821
2022-01-06;"Trnavský kraj";234;830;20;850;NA;273140;254;2022-01-06;148442
2022-01-05;"Trnavský kraj";416;1925;37;1962;NA;273140;453;2022-01-05;148188
2022-01-04;"Trnavský kraj";538;2337;37;2374;NA;273140;575;2022-01-04;147735
2022-01-03;"Trnavský kraj";441;3897;65;3962;NA;273140;506;2022-01-03;147160
2022-01-02;"Trnavský kraj";79;1561;21;1582;NA;273140;100;2022-01-02;146654
2022-01-01;"Trnavský kraj";4;190;7;197;NA;273140;11;2022-01-01;146554
2021-12-31;"Trnavský kraj";970;1246;60;1306;NA;273140;1030;2021-12-31;146543
2021-12-30;"Trnavský kraj";802;1927;58;1985;NA;273140;860;2021-12-30;145513
2021-12-29;"Trnavský kraj";802;1756;70;1826;NA;273140;872;2021-12-29;144653
2021-12-28;"Trnavský kraj";1266;1742;73;1815;NA;273140;1339;2021-12-28;143781
2021-12-27;"Trnavský kraj";926;2814;134;2948;NA;273140;1060;2021-12-27;142442
2021-12-26;"Trnavský kraj";506;1019;30;1049;NA;273140;536;2021-12-26;141382
2021-12-25;"Trnavský kraj";208;341;41;382;NA;273140;249;2021-12-25;140846
2021-12-24;"Trnavský kraj";432;369;27;396;NA;273140;459;2021-12-24;140597
2021-12-23;"Trnavský kraj";1140;1825;102;1927;NA;273140;1242;2021-12-23;140138
2021-12-22;"Trnavský kraj";1090;1732;81;1813;NA;273140;1171;2021-12-22;138896
2021-12-21;"Trnavský kraj";1398;2577;89;2666;NA;273140;1487;2021-12-21;137725
2021-12-20;"Trnavský kraj";876;3941;103;4044;NA;273140;979;2021-12-20;136238
2021-12-19;"Trnavský kraj";310;1762;63;1825;NA;273140;373;2021-12-19;135259
2021-12-18;"Trnavský kraj";1254;1302;77;1379;NA;273140;1331;2021-12-18;134886
2021-12-17;"Trnavský kraj";1152;2276;109;2385;NA;273140;1261;2021-12-17;133555
2021-12-16;"Trnavský kraj";1306;2530;123;2653;NA;273140;1429;2021-12-16;132294
2021-12-15;"Trnavský kraj";1492;2198;120;2318;NA;273140;1612;2021-12-15;130865
2021-12-14;"Trnavský kraj";1952;2718;134;2852;NA;273140;2086;2021-12-14;129253
2021-12-13;"Trnavský kraj";1042;4857;175;5032;NA;273140;1217;2021-12-13;127167
2021-12-12;"Trnavský kraj";674;2117;87;2204;NA;273140;761;2021-12-12;125950
2021-12-11;"Trnavský kraj";1440;1324;83;1407;NA;273140;1523;2021-12-11;125189
2021-12-10;"Trnavský kraj";1404;2909;136;3045;NA;273140;1540;2021-12-10;123666
2021-12-09;"Trnavský kraj";1852;2313;96;2409;NA;273140;1948;2021-12-09;122126
2021-12-08;"Trnavský kraj";2466;2547;137;2684;NA;273140;2603;2021-12-08;120178
2021-12-07;"Trnavský kraj";2318;3637;174;3811;NA;273140;2492;2021-12-07;117575
2021-12-06;"Trnavský kraj";1822;3649;208;3857;NA;273140;2030;2021-12-06;115083
2021-12-05;"Trnavský kraj";538;2303;106;2409;NA;273140;644;2021-12-05;113053
2021-12-04;"Trnavský kraj";2450;1623;115;1738;NA;273140;2565;2021-12-04;112409
2021-12-03;"Trnavský kraj";2492;2998;201;3199;NA;273140;2693;2021-12-03;109844
2021-12-02;"Trnavský kraj";3618;2379;188;2567;NA;273140;3806;2021-12-02;107151
2021-12-01;"Trnavský kraj";1476;3011;179;3190;NA;273140;1655;2021-12-01;103345
2021-11-30;"Trnavský kraj";2332;4217;202;4419;NA;273140;2534;2021-11-30;101690
2021-11-29;"Trnavský kraj";1628;5360;299;5659;NA;273140;1927;2021-11-29;99156
2021-11-28;"Trnavský kraj";964;3087;146;3233;NA;273140;1110;2021-11-28;97229
2021-11-27;"Trnavský kraj";2372;2240;206;2446;NA;273140;2578;2021-11-27;96119
2021-11-26;"Trnavský kraj";1760;2895;202;3097;NA;273140;1962;2021-11-26;93541
2021-11-25;"Trnavský kraj";2004;2680;158;2838;NA;273140;2162;2021-11-25;91579
2021-11-24;"Trnavský kraj";2120;3442;250;3692;NA;273140;2370;2021-11-24;89417
2021-11-23;"Trnavský kraj";2156;3714;273;3987;NA;273140;2429;2021-11-23;87047
2021-11-22;"Trnavský kraj";1392;4028;295;4323;NA;273140;1687;2021-11-22;84618
2021-11-21;"Trnavský kraj";596;2270;212;2482;NA;273140;808;2021-11-21;82931
2021-11-20;"Trnavský kraj";1652;1529;196;1725;NA;273140;1848;2021-11-20;82123
2021-11-19;"Trnavský kraj";1802;3369;315;3684;NA;273140;2117;2021-11-19;80275
2021-11-18;"Trnavský kraj";1592;2872;240;3112;NA;273140;1832;2021-11-18;78158
2021-11-17;"Trnavský kraj";1538;1201;139;1340;NA;273140;1677;2021-11-17;76326
2021-11-16;"Trnavský kraj";1182;2755;206;2961;NA;273140;1388;2021-11-16;74649
2021-11-15;"Trnavský kraj";1212;3350;239;3589;NA;273140;1451;2021-11-15;73261
2021-11-14;"Trnavský kraj";472;1579;141;1720;NA;273140;613;2021-11-14;71810
2021-11-13;"Trnavský kraj";1630;1314;132;1446;NA;273140;1762;2021-11-13;71197
2021-11-12;"Trnavský kraj";1126;2585;157;2742;NA;273140;1283;2021-11-12;69435
2021-11-11;"Trnavský kraj";1024;2426;161;2587;NA;273140;1185;2021-11-11;68152
2021-11-10;"Trnavský kraj";1180;2315;173;2488;NA;273140;1353;2021-11-10;66967
2021-11-09;"Trnavský kraj";1170;2538;187;2725;NA;273140;1357;2021-11-09;65614
2021-11-08;"Trnavský kraj";714;2715;163;2878;NA;273140;877;2021-11-08;64257
2021-11-07;"Trnavský kraj";324;1349;111;1460;NA;273140;435;2021-11-07;63380
2021-11-06;"Trnavský kraj";782;1287;82;1369;NA;273140;864;2021-11-06;62945
2021-11-05;"Trnavský kraj";894;2202;102;2304;NA;273140;996;2021-11-05;62081
2021-11-04;"Trnavský kraj";864;2289;112;2401;NA;273140;976;2021-11-04;61085
2021-11-03;"Trnavský kraj";840;2091;97;2188;NA;273140;937;2021-11-03;60109
2021-11-02;"Trnavský kraj";730;2777;124;2901;NA;273140;854;2021-11-02;59172
2021-11-01;"Trnavský kraj";440;583;27;610;NA;273140;467;2021-11-01;58318
2021-10-31;"Trnavský kraj";122;887;62;949;NA;273140;184;2021-10-31;57851
2021-10-30;"Trnavský kraj";502;1099;50;1149;NA;273140;552;2021-10-30;57667
2021-10-29;"Trnavský kraj";624;2123;53;2176;NA;273140;677;2021-10-29;57115
2021-10-28;"Trnavský kraj";678;2034;65;2099;NA;273140;743;2021-10-28;56438
2021-10-27;"Trnavský kraj";464;1884;58;1942;NA;273140;522;2021-10-27;55695
2021-10-26;"Trnavský kraj";732;1964;54;2018;NA;273140;786;2021-10-26;55173
2021-10-25;"Trnavský kraj";284;2786;72;2858;NA;273140;356;2021-10-25;54387
2021-10-24;"Trnavský kraj";22;990;30;1020;NA;273140;52;2021-10-24;54031
2021-10-23;"Trnavský kraj";456;1126;27;1153;NA;273140;483;2021-10-23;53979
2021-10-22;"Trnavský kraj";408;2269;51;2320;NA;273140;459;2021-10-22;53496
2021-10-21;"Trnavský kraj";376;1671;46;1717;NA;273140;422;2021-10-21;53037
2021-10-20;"Trnavský kraj";424;1634;47;1681;NA;273140;471;2021-10-20;52615
2021-10-19;"Trnavský kraj";480;1848;30;1878;NA;273140;510;2021-10-19;52144
2021-10-18;"Trnavský kraj";190;2316;72;2388;NA;273140;262;2021-10-18;51634
2021-10-17;"Trnavský kraj";10;1218;17;1235;NA;273140;27;2021-10-17;51372
2021-10-16;"Trnavský kraj";258;1233;17;1250;NA;273140;275;2021-10-16;51345
2021-10-15;"Trnavský kraj";244;2121;24;2145;NA;273140;268;2021-10-15;51070
2021-10-14;"Trnavský kraj";262;1663;24;1687;NA;273140;286;2021-10-14;50802
2021-10-13;"Trnavský kraj";256;2072;23;2095;NA;273140;279;2021-10-13;50516
2021-10-12;"Trnavský kraj";378;2788;38;2826;NA;273140;416;2021-10-12;50237
2021-10-11;"Trnavský kraj";230;2621;35;2656;NA;273140;265;2021-10-11;49821
2021-10-10;"Trnavský kraj";4;993;15;1008;NA;273140;19;2021-10-10;49556
2021-10-09;"Trnavský kraj";302;1099;10;1109;NA;273140;312;2021-10-09;49537
2021-10-08;"Trnavský kraj";212;2326;34;2360;NA;273140;246;2021-10-08;49225
2021-10-07;"Trnavský kraj";302;1744;25;1769;NA;273140;327;2021-10-07;48979
2021-10-06;"Trnavský kraj";244;1929;27;1956;NA;273140;271;2021-10-06;48652
2021-10-05;"Trnavský kraj";440;3726;34;3760;NA;273140;474;2021-10-05;48381
2021-10-04;"Trnavský kraj";108;1963;47;2010;NA;273140;155;2021-10-04;47907
2021-10-03;"Trnavský kraj";2;1106;17;1123;NA;273140;19;2021-10-03;47752
2021-10-02;"Trnavský kraj";104;1055;12;1067;NA;273140;116;2021-10-02;47733
2021-10-01;"Trnavský kraj";226;2243;17;2260;NA;273140;243;2021-10-01;47617
2021-09-30;"Trnavský kraj";218;1872;18;1890;NA;273140;236;2021-09-30;47374
2021-09-29;"Trnavský kraj";166;1331;11;1342;NA;273140;177;2021-09-29;47138
2021-09-28;"Trnavský kraj";270;1934;31;1965;NA;273140;301;2021-09-28;46961
2021-09-27;"Trnavský kraj";160;2084;25;2109;NA;273140;185;2021-09-27;46660
2021-09-26;"Trnavský kraj";4;1048;12;1060;NA;273140;16;2021-09-26;46475
2021-09-25;"Trnavský kraj";122;1105;9;1114;NA;273140;131;2021-09-25;46459
2021-09-24;"Trnavský kraj";82;2229;15;2244;NA;273140;97;2021-09-24;46328
2021-09-23;"Trnavský kraj";178;1691;16;1707;NA;273140;194;2021-09-23;46231
2021-09-22;"Trnavský kraj";238;1706;28;1734;NA;273140;266;2021-09-22;46037
2021-09-21;"Trnavský kraj";216;1505;17;1522;NA;273140;233;2021-09-21;45771
2021-09-20;"Trnavský kraj";100;1652;20;1672;NA;273140;120;2021-09-20;45538
2021-09-19;"Trnavský kraj";4;924;8;932;NA;273140;12;2021-09-19;45418
2021-09-18;"Trnavský kraj";200;982;6;988;NA;273140;206;2021-09-18;45406
2021-09-17;"Trnavský kraj";154;1709;20;1729;NA;273140;174;2021-09-17;45200
2021-09-16;"Trnavský kraj";210;1279;32;1311;NA;273140;242;2021-09-16;45026
2021-09-15;"Trnavský kraj";118;841;5;846;NA;273140;123;2021-09-15;44784
2021-09-14;"Trnavský kraj";76;1583;12;1595;NA;273140;88;2021-09-14;44661
2021-09-13;"Trnavský kraj";112;1410;16;1426;NA;273140;128;2021-09-13;44573
2021-09-12;"Trnavský kraj";0;653;1;654;NA;273140;1;2021-09-12;44445
2021-09-11;"Trnavský kraj";74;971;10;981;NA;273140;84;2021-09-11;44444
2021-09-10;"Trnavský kraj";86;1441;9;1450;NA;273140;95;2021-09-10;44360
2021-09-09;"Trnavský kraj";84;954;13;967;NA;273140;97;2021-09-09;44265
2021-09-08;"Trnavský kraj";130;802;15;817;NA;273140;145;2021-09-08;44168
2021-09-07;"Trnavský kraj";58;844;5;849;NA;273140;63;2021-09-07;44023
2021-09-06;"Trnavský kraj";36;1234;14;1248;NA;273140;50;2021-09-06;43960
2021-09-05;"Trnavský kraj";4;580;4;584;NA;273140;8;2021-09-05;43910
2021-09-04;"Trnavský kraj";34;868;6;874;NA;273140;40;2021-09-04;43902
2021-09-03;"Trnavský kraj";28;1060;5;1065;NA;273140;33;2021-09-03;43862
2021-09-02;"Trnavský kraj";60;830;10;840;NA;273140;70;2021-09-02;43829
2021-09-01;"Trnavský kraj";12;409;4;413;NA;273140;16;2021-09-01;43759
2021-08-31;"Trnavský kraj";26;884;3;887;NA;273140;29;2021-08-31;43743
2021-08-30;"Trnavský kraj";14;904;1;905;NA;273140;15;2021-08-30;43714
2021-08-29;"Trnavský kraj";16;427;1;428;NA;273140;17;2021-08-29;43699
2021-08-28;"Trnavský kraj";34;694;2;696;NA;273140;36;2021-08-28;43682
2021-08-27;"Trnavský kraj";2;1186;4;1190;NA;273140;6;2021-08-27;43646
2021-08-26;"Trnavský kraj";16;713;3;716;NA;273140;19;2021-08-26;43640
2021-08-25;"Trnavský kraj";22;683;6;689;NA;273140;28;2021-08-25;43621
2021-08-24;"Trnavský kraj";14;801;1;802;NA;273140;15;2021-08-24;43593
2021-08-23;"Trnavský kraj";8;844;1;845;NA;273140;9;2021-08-23;43578
2021-08-22;"Trnavský kraj";0;474;0;474;NA;273140;0;2021-08-22;43569
2021-08-21;"Trnavský kraj";16;703;0;703;NA;273140;16;2021-08-21;43569
2021-08-20;"Trnavský kraj";8;1095;4;1099;NA;273140;12;2021-08-20;43553
2021-08-19;"Trnavský kraj";20;881;3;884;NA;273140;23;2021-08-19;43541
2021-08-18;"Trnavský kraj";12;789;2;791;NA;273140;14;2021-08-18;43518
2021-08-17;"Trnavský kraj";14;524;4;528;NA;273140;18;2021-08-17;43504
2021-08-16;"Trnavský kraj";18;966;3;969;NA;273140;21;2021-08-16;43486
2021-08-15;"Trnavský kraj";0;556;1;557;NA;273140;1;2021-08-15;43465
2021-08-14;"Trnavský kraj";20;801;3;804;NA;273140;23;2021-08-14;43464
2021-08-13;"Trnavský kraj";10;1077;6;1083;NA;273140;16;2021-08-13;43441
2021-08-12;"Trnavský kraj";6;666;3;669;NA;273140;9;2021-08-12;43425
2021-08-11;"Trnavský kraj";14;576;2;578;NA;273140;16;2021-08-11;43416
2021-08-10;"Trnavský kraj";6;757;3;760;NA;273140;9;2021-08-10;43400
2021-08-09;"Trnavský kraj";24;808;0;808;NA;273140;24;2021-08-09;43391
2021-08-08;"Trnavský kraj";2;545;0;545;NA;273140;2;2021-08-08;43367
2021-08-07;"Trnavský kraj";18;724;0;724;NA;273140;18;2021-08-07;43365
2021-08-06;"Trnavský kraj";6;988;0;988;NA;273140;6;2021-08-06;43347
2021-08-05;"Trnavský kraj";4;662;1;663;NA;273140;5;2021-08-05;43341
2021-08-04;"Trnavský kraj";2;891;1;892;NA;273140;3;2021-08-04;43336
2021-08-03;"Trnavský kraj";26;645;0;645;NA;273140;26;2021-08-03;43333
2021-08-02;"Trnavský kraj";4;725;1;726;NA;273140;5;2021-08-02;43307
2021-08-01;"Trnavský kraj";0;565;2;567;NA;273140;2;2021-08-01;43302
2021-07-31;"Trnavský kraj";6;886;0;886;NA;273140;6;2021-07-31;43300
2021-07-30;"Trnavský kraj";6;1084;3;1087;NA;273140;9;2021-07-30;43294
2021-07-29;"Trnavský kraj";2;775;0;775;NA;273140;2;2021-07-29;43285
2021-07-28;"Trnavský kraj";10;794;1;795;NA;273140;11;2021-07-28;43283
2021-07-27;"Trnavský kraj";14;623;2;625;NA;273140;16;2021-07-27;43272
2021-07-26;"Trnavský kraj";4;857;2;859;NA;273140;6;2021-07-26;43256
2021-07-25;"Trnavský kraj";0;707;0;707;NA;273140;0;2021-07-25;43250
2021-07-24;"Trnavský kraj";8;828;2;830;NA;273140;10;2021-07-24;43250
2021-07-23;"Trnavský kraj";6;1057;0;1057;NA;273140;6;2021-07-23;43240
2021-07-22;"Trnavský kraj";0;671;2;673;NA;273140;2;2021-07-22;43234
2021-07-21;"Trnavský kraj";4;660;2;662;NA;273140;6;2021-07-21;43232
2021-07-20;"Trnavský kraj";4;593;0;593;NA;273140;4;2021-07-20;43226
2021-07-19;"Trnavský kraj";18;886;0;886;NA;273140;18;2021-07-19;43222
2021-07-18;"Trnavský kraj";0;600;2;602;NA;273140;2;2021-07-18;43204
2021-07-17;"Trnavský kraj";16;796;0;796;NA;273140;16;2021-07-17;43202
2021-07-16;"Trnavský kraj";22;963;0;963;NA;273140;22;2021-07-16;43186
2021-07-15;"Trnavský kraj";8;832;1;833;NA;273140;9;2021-07-15;43164
2021-07-14;"Trnavský kraj";2;699;1;700;NA;273140;3;2021-07-14;43155
2021-07-13;"Trnavský kraj";2;693;1;694;NA;273140;3;2021-07-13;43152
2021-07-12;"Trnavský kraj";8;959;0;959;NA;273140;8;2021-07-12;43149
2021-07-11;"Trnavský kraj";0;692;0;692;NA;273140;0;2021-07-11;43141
2021-07-10;"Trnavský kraj";2;803;0;803;NA;273140;2;2021-07-10;43141
2021-07-09;"Trnavský kraj";6;1262;3;1265;NA;273140;9;2021-07-09;43139
2021-07-08;"Trnavský kraj";8;755;0;755;NA;273140;8;2021-07-08;43130
2021-07-07;"Trnavský kraj";18;924;2;926;NA;273140;20;2021-07-07;43122
2021-07-06;"Trnavský kraj";4;1401;1;1402;NA;273140;5;2021-07-06;43102
2021-07-05;"Trnavský kraj";2;503;2;505;NA;273140;4;2021-07-05;43097
2021-07-04;"Trnavský kraj";0;1129;3;1132;NA;273140;3;2021-07-04;43093
2021-07-03;"Trnavský kraj";8;815;0;815;NA;273140;8;2021-07-03;43090
2021-07-02;"Trnavský kraj";4;1137;2;1139;NA;273140;6;2021-07-02;43082
2021-07-01;"Trnavský kraj";8;487;0;487;NA;273140;8;2021-07-01;43076
2021-06-30;"Trnavský kraj";0;5135;1;5136;NA;273140;1;2021-06-30;43068
2021-06-29;"Trnavský kraj";8;2563;1;2564;NA;273140;9;2021-06-29;43067
2021-06-28;"Trnavský kraj";4;2600;1;2601;NA;273140;5;2021-06-28;43058
2021-06-27;"Trnavský kraj";0;3213;0;3213;NA;273140;0;2021-06-27;43053
2021-06-26;"Trnavský kraj";6;3871;1;3872;NA;273140;7;2021-06-26;43053
2021-06-25;"Trnavský kraj";4;4374;3;4377;NA;273140;7;2021-06-25;43046
2021-06-24;"Trnavský kraj";8;2520;3;2523;NA;273140;11;2021-06-24;43039
2021-06-23;"Trnavský kraj";8;2842;2;2844;NA;273140;10;2021-06-23;43028
2021-06-22;"Trnavský kraj";4;2996;1;2997;NA;273140;5;2021-06-22;43018
2021-06-21;"Trnavský kraj";12;3114;5;3119;NA;273140;17;2021-06-21;43013
2021-06-20;"Trnavský kraj";0;3952;1;3953;NA;273140;1;2021-06-20;42996
2021-06-19;"Trnavský kraj";6;4735;2;4737;NA;273140;8;2021-06-19;42995
2021-06-18;"Trnavský kraj";10;6125;4;6129;NA;273140;14;2021-06-18;42987
2021-06-17;"Trnavský kraj";6;3340;0;3340;NA;273140;6;2021-06-17;42973
2021-06-16;"Trnavský kraj";12;2926;3;2929;NA;273140;15;2021-06-16;42967
2021-06-15;"Trnavský kraj";16;3234;3;3237;NA;273140;19;2021-06-15;42952
2021-06-14;"Trnavský kraj";4;3829;1;3830;NA;273140;5;2021-06-14;42933
2021-06-13;"Trnavský kraj";0;5001;8;5009;NA;273140;8;2021-06-13;42928
2021-06-12;"Trnavský kraj";22;5807;2;5809;NA;273140;24;2021-06-12;42920
2021-06-11;"Trnavský kraj";34;5850;4;5854;NA;273140;38;2021-06-11;42896
2021-06-10;"Trnavský kraj";28;3476;1;3477;NA;273140;29;2021-06-10;42858
2021-06-09;"Trnavský kraj";20;3685;1;3686;NA;273140;21;2021-06-09;42829
2021-06-08;"Trnavský kraj";16;3344;4;3348;NA;273140;20;2021-06-08;42808
2021-06-07;"Trnavský kraj";24;4498;8;4506;NA;273140;32;2021-06-07;42788
2021-06-06;"Trnavský kraj";0;5517;2;5519;NA;273140;2;2021-06-06;42756
2021-06-05;"Trnavský kraj";40;6905;8;6913;NA;273140;48;2021-06-05;42754
2021-06-04;"Trnavský kraj";18;6735;10;6745;NA;273140;28;2021-06-04;42706
2021-06-03;"Trnavský kraj";28;4361;11;4372;NA;273140;39;2021-06-03;42678
2021-06-02;"Trnavský kraj";8;4148;11;4159;NA;273140;19;2021-06-02;42639
2021-06-01;"Trnavský kraj";36;3662;5;3667;NA;273140;41;2021-06-01;42620
2021-05-31;"Trnavský kraj";28;5515;16;5531;NA;273140;44;2021-05-31;42579
2021-05-30;"Trnavský kraj";0;6473;7;6480;NA;273140;7;2021-05-30;42535
2021-05-29;"Trnavský kraj";22;8964;4;8968;NA;273140;26;2021-05-29;42528
2021-05-28;"Trnavský kraj";28;7160;11;7171;NA;273140;39;2021-05-28;42502
2021-05-27;"Trnavský kraj";44;4753;8;4761;NA;273140;52;2021-05-27;42463
2021-05-26;"Trnavský kraj";12;4870;8;4878;NA;273140;20;2021-05-26;42411
2021-05-25;"Trnavský kraj";38;5026;27;5053;NA;273140;65;2021-05-25;42391
2021-05-24;"Trnavský kraj";30;6520;22;6542;NA;273140;52;2021-05-24;42326
2021-05-23;"Trnavský kraj";0;7920;8;7928;NA;273140;8;2021-05-23;42274
2021-05-22;"Trnavský kraj";26;13381;21;13402;NA;273140;47;2021-05-22;42266
2021-05-21;"Trnavský kraj";32;8525;19;8544;NA;273140;51;2021-05-21;42219
2021-05-20;"Trnavský kraj";30;5511;11;5522;NA;273140;41;2021-05-20;42168
2021-05-19;"Trnavský kraj";36;5431;13;5444;NA;273140;49;2021-05-19;42127
2021-05-18;"Trnavský kraj";52;5768;15;5783;NA;273140;67;2021-05-18;42078
2021-05-17;"Trnavský kraj";34;6262;24;6286;NA;273140;58;2021-05-17;42011
2021-05-16;"Trnavský kraj";20;9984;8;9992;NA;273140;28;2021-05-16;41953
2021-05-15;"Trnavský kraj";22;18525;14;18539;NA;273140;36;2021-05-15;41925
2021-05-14;"Trnavský kraj";68;10279;21;10300;NA;273140;89;2021-05-14;41889
2021-05-13;"Trnavský kraj";52;6913;12;6925;NA;273140;64;2021-05-13;41800
2021-05-12;"Trnavský kraj";68;6621;26;6647;NA;273140;94;2021-05-12;41736
2021-05-11;"Trnavský kraj";64;6393;13;6406;NA;273140;77;2021-05-11;41642
2021-05-10;"Trnavský kraj";116;9139;24;9163;NA;273140;140;2021-05-10;41565
2021-05-09;"Trnavský kraj";42;12570;12;12582;NA;273140;54;2021-05-09;41425
2021-05-08;"Trnavský kraj";8;23028;22;23050;NA;273140;30;2021-05-08;41371
2021-05-07;"Trnavský kraj";52;15465;30;15495;NA;273140;82;2021-05-07;41341
2021-05-06;"Trnavský kraj";44;8407;22;8429;NA;273140;66;2021-05-06;41259
2021-05-05;"Trnavský kraj";68;6273;22;6295;NA;273140;90;2021-05-05;41193
2021-05-04;"Trnavský kraj";102;8538;17;8555;NA;273140;119;2021-05-04;41103
2021-05-03;"Trnavský kraj";40;8957;22;8979;NA;273140;62;2021-05-03;40984
2021-05-02;"Trnavský kraj";0;25657;29;25686;NA;273140;29;2021-05-02;40922
2021-05-01;"Trnavský kraj";60;81353;64;81417;NA;273140;124;2021-05-01;40893
2021-04-30;"Trnavský kraj";90;26846;35;26881;NA;273140;125;2021-04-30;40769
2021-04-29;"Trnavský kraj";50;20323;28;20351;NA;273140;78;2021-04-29;40644
2021-04-28;"Trnavský kraj";92;8896;28;8924;NA;273140;120;2021-04-28;40566
2021-04-27;"Trnavský kraj";108;8756;37;8793;NA;273140;145;2021-04-27;40446
2021-04-26;"Trnavský kraj";106;16116;42;16158;NA;273140;148;2021-04-26;40301
2021-04-25;"Trnavský kraj";0;30183;24;30207;NA;273140;24;2021-04-25;40153
2021-04-24;"Trnavský kraj";92;126077;84;126161;NA;273140;176;2021-04-24;40129
2021-04-23;"Trnavský kraj";142;25741;53;25794;NA;273140;195;2021-04-23;39953
2021-04-22;"Trnavský kraj";80;10904;25;10929;NA;273140;105;2021-04-22;39758
2021-04-21;"Trnavský kraj";120;10748;45;10793;NA;273140;165;2021-04-21;39653
2021-04-20;"Trnavský kraj";114;13504;28;13532;NA;273140;142;2021-04-20;39488
2021-04-19;"Trnavský kraj";92;14603;18;14621;NA;273140;110;2021-04-19;39346
2021-04-18;"Trnavský kraj";14;40843;43;40886;NA;273140;57;2021-04-18;39236
2021-04-17;"Trnavský kraj";116;118102;89;118191;NA;273140;205;2021-04-17;39179
2021-04-16;"Trnavský kraj";134;25962;48;26010;NA;273140;182;2021-04-16;38974
2021-04-15;"Trnavský kraj";130;11373;36;11409;NA;273140;166;2021-04-15;38792
2021-04-14;"Trnavský kraj";156;18442;53;18495;NA;273140;209;2021-04-14;38626
2021-04-13;"Trnavský kraj";252;9871;44;9915;NA;273140;296;2021-04-13;38417
2021-04-12;"Trnavský kraj";80;15577;40;15617;NA;273140;120;2021-04-12;38121
2021-04-11;"Trnavský kraj";6;44420;44;44464;NA;273140;50;2021-04-11;38001
2021-04-10;"Trnavský kraj";120;123822;107;123929;NA;273140;227;2021-04-10;37951
2021-04-09;"Trnavský kraj";190;26191;34;26225;NA;273140;224;2021-04-09;37724
2021-04-08;"Trnavský kraj";170;10913;54;10967;NA;273140;224;2021-04-08;37500
2021-04-07;"Trnavský kraj";262;15979;81;16060;NA;273140;343;2021-04-07;37276
2021-04-06;"Trnavský kraj";184;20586;90;20676;NA;273140;274;2021-04-06;36933
2021-04-05;"Trnavský kraj";182;7542;17;7559;NA;273140;199;2021-04-05;36659
2021-04-04;"Trnavský kraj";18;28831;49;28880;NA;273140;67;2021-04-04;36460
2021-04-03;"Trnavský kraj";58;144452;186;144638;NA;273140;244;2021-04-03;36393
2021-04-02;"Trnavský kraj";182;17538;33;17571;NA;273140;215;2021-04-02;36149
2021-04-01;"Trnavský kraj";236;22279;71;22350;NA;273140;307;2021-04-01;35934
2021-03-31;"Trnavský kraj";280;15828;82;15910;NA;273140;362;2021-03-31;35627
2021-03-30;"Trnavský kraj";364;10482;79;10561;NA;273140;443;2021-03-30;35265
2021-03-29;"Trnavský kraj";252;19255;122;19377;NA;273140;374;2021-03-29;34822
2021-03-28;"Trnavský kraj";52;50664;134;50798;NA;273140;186;2021-03-28;34448
2021-03-27;"Trnavský kraj";128;130217;246;130463;NA;273140;374;2021-03-27;34262
2021-03-26;"Trnavský kraj";278;30217;130;30347;NA;273140;408;2021-03-26;33888
2021-03-25;"Trnavský kraj";270;14212;80;14292;NA;273140;350;2021-03-25;33480
2021-03-24;"Trnavský kraj";318;10521;89;10610;NA;273140;407;2021-03-24;33130
2021-03-23;"Trnavský kraj";442;12735;104;12839;NA;273140;546;2021-03-23;32723
2021-03-22;"Trnavský kraj";206;17118;110;17228;NA;273140;316;2021-03-22;32177
2021-03-21;"Trnavský kraj";62;49119;150;49269;NA;273140;212;2021-03-21;31861
2021-03-20;"Trnavský kraj";224;136963;317;137280;NA;273140;541;2021-03-20;31649
2021-03-19;"Trnavský kraj";348;29071;137;29208;NA;273140;485;2021-03-19;31108
2021-03-18;"Trnavský kraj";316;12217;136;12353;NA;273140;452;2021-03-18;30623
2021-03-17;"Trnavský kraj";490;10434;103;10537;NA;273140;593;2021-03-17;30171
2021-03-16;"Trnavský kraj";622;12811;135;12946;NA;273140;757;2021-03-16;29578
2021-03-15;"Trnavský kraj";254;18271;146;18417;NA;273140;400;2021-03-15;28821
2021-03-14;"Trnavský kraj";28;47608;164;47772;NA;273140;192;2021-03-14;28421
2021-03-13;"Trnavský kraj";310;139224;409;139633;NA;273140;719;2021-03-13;28229
2021-03-12;"Trnavský kraj";402;28566;181;28747;NA;273140;583;2021-03-12;27510
2021-03-11;"Trnavský kraj";408;13301;140;13441;NA;273140;548;2021-03-11;26927
2021-03-10;"Trnavský kraj";484;10583;135;10718;NA;273140;619;2021-03-10;26379
2021-03-09;"Trnavský kraj";884;12824;155;12979;NA;273140;1039;2021-03-09;25760
2021-03-08;"Trnavský kraj";364;21812;166;21978;NA;273140;530;2021-03-08;24721
2021-03-07;"Trnavský kraj";60;45463;227;45690;NA;273140;287;2021-03-07;24191
2021-03-06;"Trnavský kraj";308;135784;531;136315;NA;273140;839;2021-03-06;23904
2021-03-05;"Trnavský kraj";598;27959;239;28198;NA;273140;837;2021-03-05;23065
2021-03-04;"Trnavský kraj";476;14505;176;14681;NA;273140;652;2021-03-04;22228
2021-03-03;"Trnavský kraj";826;11583;246;11829;NA;273140;1072;2021-03-03;21576
2021-03-02;"Trnavský kraj";954;12367;191;12558;NA;273140;1145;2021-03-02;20504
2021-03-01;"Trnavský kraj";378;18586;234;18820;NA;273140;612;2021-03-01;19359
2021-02-28;"Trnavský kraj";174;47709;321;48030;NA;273140;495;2021-02-28;18747
2021-02-27;"Trnavský kraj";528;140224;800;141024;NA;273140;1328;2021-02-27;18252
2021-02-26;"Trnavský kraj";724;26637;284;26921;NA;273140;1008;2021-02-26;16924
2021-02-25;"Trnavský kraj";866;10490;227;10717;NA;273140;1093;2021-02-25;15916
2021-02-24;"Trnavský kraj";814;9113;290;9403;NA;273140;1104;2021-02-24;14823
2021-02-23;"Trnavský kraj";938;11322;284;11606;NA;273140;1222;2021-02-23;13719
2021-02-22;"Trnavský kraj";412;19901;330;20231;NA;273140;742;2021-02-22;12497
2021-02-21;"Trnavský kraj";76;48221;329;48550;NA;273140;405;2021-02-21;11755
2021-02-20;"Trnavský kraj";546;135835;859;136694;NA;273140;1405;2021-02-20;11350
2021-02-19;"Trnavský kraj";670;26382;366;26748;NA;273140;1036;2021-02-19;9945
2021-02-18;"Trnavský kraj";688;11264;348;11612;NA;273140;1036;2021-02-18;8909
2021-02-17;"Trnavský kraj";862;8783;416;9199;NA;273140;1278;2021-02-17;7873
2021-02-16;"Trnavský kraj";852;11236;294;11530;NA;273140;1146;2021-02-16;6595
2021-02-15;"Trnavský kraj";292;18276;326;18602;NA;273140;618;2021-02-15;5449
2021-02-14;"Trnavský kraj";102;57642;495;58137;NA;273140;597;2021-02-14;4831
2021-02-13;"Trnavský kraj";436;137051;994;138045;NA;273140;1430;2021-02-13;4234
2021-02-12;"Trnavský kraj";600;24090;352;24442;NA;273140;952;2021-02-12;2804
2021-02-11;"Trnavský kraj";844;9831;349;10180;NA;273140;1193;2021-02-11;1852
2021-02-10;"Trnavský kraj";1022;9194;342;9536;NA;273140;1364;2021-02-10;659
2021-02-09;"Trnavský kraj";1088;12755;369;13124;NA;273140;1457;2021-02-09;-705
2021-02-08;"Trnavský kraj";440;33414;497;33911;NA;273140;937;2021-02-08;-2162
2021-02-07;"Trnavský kraj";280;69694;628;70322;NA;273140;908;2021-02-07;-3099
2021-02-06;"Trnavský kraj";696;112687;1482;114169;NA;273140;2178;2021-02-06;-4007
2021-02-05;"Trnavský kraj";754;16063;373;16436;NA;273140;1127;2021-02-05;-6185
2021-02-04;"Trnavský kraj";912;7317;456;7773;NA;273140;1368;2021-02-04;-7312
2021-02-03;"Trnavský kraj";944;6583;434;7017;NA;273140;1378;2021-02-03;-8680
2021-02-02;"Trnavský kraj";892;14243;424;14667;NA;273140;1316;2021-02-02;-10058
2021-02-01;"Trnavský kraj";396;38882;679;39561;NA;273140;1075;2021-02-01;-11374
2021-01-31;"Trnavský kraj";38;64707;822;65529;NA;273140;860;2021-01-31;-12449
2021-01-30;"Trnavský kraj";646;111483;1288;112771;NA;273140;1934;2021-01-30;-13309
2021-01-29;"Trnavský kraj";842;9689;290;9979;NA;273140;1132;2021-01-29;-15243
2021-01-28;"Trnavský kraj";778;5817;289;6106;NA;273140;1067;2021-01-28;-16375
2021-01-27;"Trnavský kraj";866;5554;225;5779;NA;273140;1091;2021-01-27;-17442
2021-01-26;"Trnavský kraj";1130;25411;636;26047;NA;273140;1766;2021-01-26;-18533
2021-01-25;"Trnavský kraj";420;41805;620;42425;NA;273140;1040;2021-01-25;-20299
2021-01-24;"Trnavský kraj";182;66399;779;67178;NA;273140;961;2021-01-24;-21339
2021-01-23;"Trnavský kraj";744;113375;1319;114694;NA;273140;2063;2021-01-23;-22300
2021-01-22;"Trnavský kraj";434;32755;505;33260;NA;273140;939;2021-01-22;-24363
2021-01-21;"Trnavský kraj";622;13913;377;14290;NA;273140;999;2021-01-21;-25302
2021-01-20;"Trnavský kraj";1006;8685;283;8968;NA;273140;1289;2021-01-20;-26301
2021-01-19;"Trnavský kraj";830;7013;347;7360;NA;273140;1177;2021-01-19;-27590
2021-01-18;"Trnavský kraj";494;6690;513;7203;NA;273140;1007;2021-01-18;-28767
2021-01-17;"Trnavský kraj";256;854;215;1069;NA;273140;471;2021-01-17;-29774
2021-01-16;"Trnavský kraj";206;898;24;922;NA;273140;230;2021-01-16;-30245
2021-01-15;"Trnavský kraj";556;5467;336;5803;NA;273140;892;2021-01-15;-30475
2021-01-14;"Trnavský kraj";904;4001;338;4339;NA;273140;1242;2021-01-14;-31367
2021-01-13;"Trnavský kraj";914;4751;378;5129;NA;273140;1292;2021-01-13;-32609
2021-01-12;"Trnavský kraj";938;6860;470;7330;NA;273140;1408;2021-01-12;-33901
2021-01-11;"Trnavský kraj";740;4587;360;4947;NA;273140;1100;2021-01-11;-35309
2021-01-10;"Trnavský kraj";142;13;0;13;NA;273140;142;2021-01-10;-36409
2021-01-09;"Trnavský kraj";834;1775;100;1875;NA;273140;934;2021-01-09;-36551
2021-01-08;"Trnavský kraj";762;6016;506;6522;NA;273140;1268;2021-01-08;-37485
2021-01-07;"Trnavský kraj";1002;3545;329;3874;NA;273140;1331;2021-01-07;-38753
2021-01-06;"Trnavský kraj";358;758;132;890;NA;273140;490;2021-01-06;-40084
2021-01-05;"Trnavský kraj";1222;5165;561;5726;NA;273140;1783;2021-01-05;-40574
2021-01-04;"Trnavský kraj";604;5556;709;6265;NA;273140;1313;2021-01-04;-42357
2021-01-03;"Trnavský kraj";120;53;7;60;NA;273140;127;2021-01-03;-43670
2021-01-02;"Trnavský kraj";564;417;32;449;NA;273140;596;2021-01-02;-43797
2021-01-01;"Trnavský kraj";286;455;76;531;NA;273140;362;2021-01-01;-44393
2020-12-31;"Trnavský kraj";996;8325;820;9145;NA;273140;1816;2020-12-31;-44755
2020-12-30;"Trnavský kraj";1570;5318;612;5930;NA;273140;2182;2020-12-30;-46571
2020-12-29;"Trnavský kraj";644;4913;565;5478;NA;273140;1209;2020-12-29;-48753
2020-12-28;"Trnavský kraj";426;4900;552;5452;NA;273140;978;2020-12-28;-49962
2020-12-27;"Trnavský kraj";54;20;4;24;NA;273140;58;2020-12-27;-50940
2020-12-26;"Trnavský kraj";296;44;1;45;NA;273140;297;2020-12-26;-50998
2020-12-25;"Trnavský kraj";130;49;5;54;NA;273140;135;2020-12-25;-51295
2020-12-24;"Trnavský kraj";666;1359;117;1476;NA;273140;783;2020-12-24;-51430
2020-12-23;"Trnavský kraj";420;6672;414;7086;NA;273140;834;2020-12-23;-52213
2020-12-22;"Trnavský kraj";622;5427;455;5882;NA;273140;1077;2020-12-22;-53047
2020-12-21;"Trnavský kraj";656;4092;350;4442;NA;273140;1006;2020-12-21;-54124
2020-12-20;"Trnavský kraj";268;133;12;145;NA;273140;280;2020-12-20;-55130
2020-12-19;"Trnavský kraj";402;1407;103;1510;NA;273140;505;2020-12-19;-55410
2020-12-18;"Trnavský kraj";682;4432;334;4766;NA;273140;1016;2020-12-18;-55915
2020-12-17;"Trnavský kraj";750;4880;414;5294;NA;273140;1164;2020-12-17;-56931
2020-12-16;"Trnavský kraj";624;4945;383;5328;NA;273140;1007;2020-12-16;-58095
2020-12-15;"Trnavský kraj";984;6240;598;6838;NA;273140;1582;2020-12-15;-59102
2020-12-14;"Trnavský kraj";322;3505;292;3797;NA;273140;614;2020-12-14;-60684
2020-12-13;"Trnavský kraj";14;7;0;7;NA;273140;14;2020-12-13;-61298
2020-12-12;"Trnavský kraj";508;1456;114;1570;NA;273140;622;2020-12-12;-61312
2020-12-11;"Trnavský kraj";768;4289;241;4530;NA;273140;1009;2020-12-11;-61934
2020-12-10;"Trnavský kraj";245;5197;320;5517;NA;273140;565;2020-12-10;-62943
2020-12-09;"Trnavský kraj";521;4199;317;4516;NA;273140;838;2020-12-09;-63508
2020-12-08;"Trnavský kraj";281;4090;304;4394;NA;273140;585;2020-12-08;-64346
2020-12-07;"Trnavský kraj";178;2895;199;3094;NA;273140;377;2020-12-07;-64931
2020-12-06;"Trnavský kraj";46;0;0;0;NA;273140;46;2020-12-06;-65308
2020-12-05;"Trnavský kraj";129;2218;41;2259;NA;273140;170;2020-12-05;-65354
2020-12-04;"Trnavský kraj";242;3948;158;4106;NA;273140;400;2020-12-04;-65524
2020-12-03;"Trnavský kraj";248;2770;190;2960;NA;273140;438;2020-12-03;-65924
2020-12-02;"Trnavský kraj";284;4516;176;4692;NA;273140;460;2020-12-02;-66362
2020-12-01;"Trnavský kraj";253;3190;205;3395;NA;273140;458;2020-12-01;-66822
2020-11-30;"Trnavský kraj";200;7360;186;7546;NA;273140;386;2020-11-30;-67280
2020-11-29;"Trnavský kraj";17;738;36;774;NA;273140;53;2020-11-29;-67666
2020-11-28;"Trnavský kraj";83;1453;77;1530;NA;273140;160;2020-11-28;-67719
2020-11-27;"Trnavský kraj";148;1779;85;1864;NA;273140;233;2020-11-27;-67879
2020-11-26;"Trnavský kraj";234;1123;68;1191;NA;273140;302;2020-11-26;-68112
2020-11-25;"Trnavský kraj";232;1168;74;1242;NA;273140;306;2020-11-25;-68414
2020-11-24;"Trnavský kraj";295;1909;96;2005;NA;273140;391;2020-11-24;-68720
2020-11-23;"Trnavský kraj";242;7393;129;7522;NA;273140;371;2020-11-23;-69111
2020-11-22;"Trnavský kraj";10;82;9;91;NA;273140;19;2020-11-22;-69482
2020-11-21;"Trnavský kraj";129;1354;36;1390;NA;273140;165;2020-11-21;-69501
2020-11-20;"Trnavský kraj";246;1154;64;1218;NA;273140;310;2020-11-20;-69666
2020-11-19;"Trnavský kraj";157;823;64;887;NA;273140;221;2020-11-19;-69976
2020-11-18;"Trnavský kraj";235;822;82;904;NA;273140;317;2020-11-18;-70197
2020-11-17;"Trnavský kraj";129;705;74;779;NA;273140;203;2020-11-17;-70514
2020-11-16;"Trnavský kraj";187;732;32;764;NA;273140;219;2020-11-16;-70717
2020-11-15;"Trnavský kraj";23;73;4;77;NA;273140;27;2020-11-15;-70936
2020-11-14;"Trnavský kraj";86;397;12;409;NA;273140;98;2020-11-14;-70963
2020-11-13;"Trnavský kraj";219;1312;21;1333;NA;273140;240;2020-11-13;-71061
2020-11-12;"Trnavský kraj";162;420;18;438;NA;273140;180;2020-11-12;-71301
2020-11-11;"Trnavský kraj";257;392;15;407;NA;273140;272;2020-11-11;-71481
2020-11-10;"Trnavský kraj";189;889;30;919;NA;273140;219;2020-11-10;-71753
2020-11-09;"Trnavský kraj";196;369;23;392;NA;273140;219;2020-11-09;-71972
2020-11-08;"Trnavský kraj";55;400;4;404;NA;273140;59;2020-11-08;-72191
2020-11-07;"Trnavský kraj";207;6070;74;6144;NA;273140;281;2020-11-07;-72250
2020-11-06;"Trnavský kraj";260;1531;19;1550;NA;273140;279;2020-11-06;-72531
2020-11-05;"Trnavský kraj";150;220;27;247;NA;273140;177;2020-11-05;-72810
2020-11-04;"Trnavský kraj";188;212;10;222;NA;273140;198;2020-11-04;-72987
2020-11-03;"Trnavský kraj";317;127;8;135;NA;273140;325;2020-11-03;-73185
2020-11-02;"Trnavský kraj";281;1728;31;1759;NA;273140;312;2020-11-02;-73510
2020-11-01;"Trnavský kraj";87;494;27;521;NA;273140;114;2020-11-01;-73822
2020-10-31;"Trnavský kraj";259;5024;41;5065;NA;273140;300;2020-10-31;-73936
2020-10-30;"Trnavský kraj";198;3784;27;3811;NA;273140;225;2020-10-30;-74236
2020-10-29;"Trnavský kraj";273;1461;16;1477;NA;273140;289;2020-10-29;-74461
2020-10-28;"Trnavský kraj";319;117;16;133;NA;273140;335;2020-10-28;-74750
2020-10-27;"Trnavský kraj";199;461;36;497;NA;273140;235;2020-10-27;-75085
2020-10-26;"Trnavský kraj";153;29;2;31;NA;273140;155;2020-10-26;-75320
2020-10-25;"Trnavský kraj";95;19;1;20;NA;273140;96;2020-10-25;-75475
2020-10-24;"Trnavský kraj";158;109;2;111;NA;273140;160;2020-10-24;-75571
2020-10-23;"Trnavský kraj";201;89;4;93;NA;273140;205;2020-10-23;-75731
2020-10-22;"Trnavský kraj";195;55;2;57;NA;273140;197;2020-10-22;-75936
2020-10-21;"Trnavský kraj";134;73;3;76;NA;273140;137;2020-10-21;-76133
2020-10-20;"Trnavský kraj";202;82;3;85;NA;273140;205;2020-10-20;-76270
2020-10-19;"Trnavský kraj";67;55;0;55;NA;273140;67;2020-10-19;-76475
2020-10-18;"Trnavský kraj";84;0;0;0;NA;273140;84;2020-10-18;-76542
2020-10-17;"Trnavský kraj";123;0;0;0;NA;273140;123;2020-10-17;-76626
2020-10-16;"Trnavský kraj";86;45;2;47;NA;273140;88;2020-10-16;-76749
2020-10-15;"Trnavský kraj";155;66;2;68;NA;273140;157;2020-10-15;-76837
2020-10-14;"Trnavský kraj";236;468;3;471;NA;273140;239;2020-10-14;-76994
2020-10-13;"Trnavský kraj";138;16;2;18;NA;273140;140;2020-10-13;-77233
2020-10-12;"Trnavský kraj";33;41;1;42;NA;273140;34;2020-10-12;-77373
2020-10-11;"Trnavský kraj";31;0;0;0;NA;273140;31;2020-10-11;-77407
2020-10-10;"Trnavský kraj";128;0;0;0;NA;273140;128;2020-10-10;-77438
2020-10-09;"Trnavský kraj";156;0;0;0;NA;273140;156;2020-10-09;-77566
2020-10-08;"Trnavský kraj";153;0;0;0;NA;273140;153;2020-10-08;-77722
2020-10-07;"Trnavský kraj";80;0;0;0;NA;273140;80;2020-10-07;-77875
2020-10-06;"Trnavský kraj";112;0;0;0;NA;273140;112;2020-10-06;-77955
2020-10-05;"Trnavský kraj";33;0;0;0;NA;273140;33;2020-10-05;-78067
2020-10-04;"Trnavský kraj";44;0;0;0;NA;273140;44;2020-10-04;-78100
2020-10-03;"Trnavský kraj";60;0;0;0;NA;273140;60;2020-10-03;-78144
2020-10-02;"Trnavský kraj";41;0;0;0;NA;273140;41;2020-10-02;-78204
2020-10-01;"Trnavský kraj";53;0;0;0;NA;273140;53;2020-10-01;-78245
2020-09-30;"Trnavský kraj";91;0;0;0;NA;273140;91;2020-09-30;-78298
2020-09-29;"Trnavský kraj";40;0;0;0;NA;273140;40;2020-09-29;-78389
2020-09-28;"Trnavský kraj";69;0;0;0;NA;273140;69;2020-09-28;-78429
2020-09-27;"Trnavský kraj";30;0;0;0;NA;273140;30;2020-09-27;-78498
2020-09-26;"Trnavský kraj";46;0;0;0;NA;273140;46;2020-09-26;-78528
2020-09-25;"Trnavský kraj";32;0;0;0;NA;273140;32;2020-09-25;-78574
2020-09-24;"Trnavský kraj";42;0;0;0;NA;273140;42;2020-09-24;-78606
2020-09-23;"Trnavský kraj";43;0;0;0;NA;273140;43;2020-09-23;-78648
2020-09-22;"Trnavský kraj";55;0;0;0;NA;273140;55;2020-09-22;-78691
2020-09-21;"Trnavský kraj";41;0;0;0;NA;273140;41;2020-09-21;-78746
2020-09-20;"Trnavský kraj";17;0;0;0;NA;273140;17;2020-09-20;-78787
2020-09-19;"Trnavský kraj";4;0;0;0;NA;273140;4;2020-09-19;-78804
2020-09-18;"Trnavský kraj";33;0;0;0;NA;273140;33;2020-09-18;-78808
2020-09-17;"Trnavský kraj";42;0;0;0;NA;273140;42;2020-09-17;-78841
2020-09-16;"Trnavský kraj";49;0;0;0;NA;273140;49;2020-09-16;-78883
2020-09-15;"Trnavský kraj";5;0;0;0;NA;273140;5;2020-09-15;-78932
2020-09-14;"Trnavský kraj";26;0;0;0;NA;273140;26;2020-09-14;-78937
2020-09-13;"Trnavský kraj";9;0;0;0;NA;273140;9;2020-09-13;-78963
2020-09-12;"Trnavský kraj";12;0;0;0;NA;273140;12;2020-09-12;-78972
2020-09-11;"Trnavský kraj";16;0;0;0;NA;273140;16;2020-09-11;-78984
2020-09-10;"Trnavský kraj";32;0;0;0;NA;273140;32;2020-09-10;-79000
2020-09-09;"Trnavský kraj";14;0;0;0;NA;273140;14;2020-09-09;-79032
2020-09-08;"Trnavský kraj";11;0;0;0;NA;273140;11;2020-09-08;-79046
2020-09-07;"Trnavský kraj";7;0;0;0;NA;273140;7;2020-09-07;-79057
2020-09-06;"Trnavský kraj";5;0;0;0;NA;273140;5;2020-09-06;-79064
2020-09-05;"Trnavský kraj";7;0;0;0;NA;273140;7;2020-09-05;-79069
2020-09-04;"Trnavský kraj";16;0;0;0;NA;273140;16;2020-09-04;-79076
2020-09-03;"Trnavský kraj";8;0;0;0;NA;273140;8;2020-09-03;-79092
2020-09-02;"Trnavský kraj";7;0;0;0;NA;273140;7;2020-09-02;-79100
2020-09-01;"Trnavský kraj";1;0;0;0;NA;273140;1;2020-09-01;-79107
2020-08-31;"Trnavský kraj";6;0;0;0;NA;273140;6;2020-08-31;-79108
2020-08-30;"Trnavský kraj";1;0;0;0;NA;273140;1;2020-08-30;-79114
2020-08-29;"Trnavský kraj";3;0;0;0;NA;273140;3;2020-08-29;-79115
2020-08-28;"Trnavský kraj";14;0;0;0;NA;273140;14;2020-08-28;-79118
2020-08-27;"Trnavský kraj";6;0;0;0;NA;273140;6;2020-08-27;-79132
2020-08-26;"Trnavský kraj";4;0;0;0;NA;273140;4;2020-08-26;-79138
2020-08-25;"Trnavský kraj";7;0;0;0;NA;273140;7;2020-08-25;-79142
2020-08-24;"Trnavský kraj";1;0;0;0;NA;273140;1;2020-08-24;-79149
2020-08-23;"Trnavský kraj";6;0;0;0;NA;273140;6;2020-08-23;-79150
2020-08-22;"Trnavský kraj";3;0;0;0;NA;273140;3;2020-08-22;-79156
2020-08-21;"Trnavský kraj";4;0;0;0;NA;273140;4;2020-08-21;-79159
2020-08-20;"Trnavský kraj";23;0;0;0;NA;273140;23;2020-08-20;-79163
2020-08-19;"Trnavský kraj";13;0;0;0;NA;273140;13;2020-08-19;-79186
2020-08-18;"Trnavský kraj";20;0;0;0;NA;273140;20;2020-08-18;-79199
2020-08-17;"Trnavský kraj";3;0;0;0;NA;273140;3;2020-08-17;-79219
2020-08-16;"Trnavský kraj";0;0;0;0;NA;273140;0;2020-08-16;-79222
2020-08-15;"Trnavský kraj";7;0;0;0;NA;273140;7;2020-08-15;-79222
2020-08-14;"Trnavský kraj";6;0;0;0;NA;273140;6;2020-08-14;-79229
2020-08-13;"Trnavský kraj";10;0;0;0;NA;273140;10;2020-08-13;-79235
2020-08-12;"Trnavský kraj";2;0;0;0;NA;273140;2;2020-08-12;-79245
2020-08-11;"Trnavský kraj";30;0;0;0;NA;273140;30;2020-08-11;-79247
2020-08-10;"Trnavský kraj";0;0;0;0;NA;273140;0;2020-08-10;-79277
2020-08-09;"Trnavský kraj";0;0;0;0;NA;273140;0;2020-08-09;-79277
2020-08-08;"Trnavský kraj";13;0;0;0;NA;273140;13;2020-08-08;-79277
2020-08-07;"Trnavský kraj";4;0;0;0;NA;273140;4;2020-08-07;-79290
2020-08-06;"Trnavský kraj";4;0;0;0;NA;273140;4;2020-08-06;-79294
2020-08-05;"Trnavský kraj";0;0;0;0;NA;273140;0;2020-08-05;-79298
2020-08-04;"Trnavský kraj";1;0;0;0;NA;273140;1;2020-08-04;-79298
2020-08-03;"Trnavský kraj";2;0;0;0;NA;273140;2;2020-08-03;-79299
2020-08-02;"Trnavský kraj";1;0;0;0;NA;273140;1;2020-08-02;-79301
2020-08-01;"Trnavský kraj";0;0;0;0;NA;273140;0;2020-08-01;-79302
2020-07-31;"Trnavský kraj";7;0;0;0;NA;273140;7;2020-07-31;-79302
2020-07-30;"Trnavský kraj";6;0;0;0;NA;273140;6;2020-07-30;-79309
2020-07-29;"Trnavský kraj";0;0;0;0;NA;273140;0;2020-07-29;-79315
2020-07-28;"Trnavský kraj";1;0;0;0;NA;273140;1;2020-07-28;-79315
2020-07-27;"Trnavský kraj";2;0;0;0;NA;273140;2;2020-07-27;-79316
2020-07-26;"Trnavský kraj";0;0;0;0;NA;273140;0;2020-07-26;-79318
2020-07-25;"Trnavský kraj";0;0;0;0;NA;273140;0;2020-07-25;-79318
2020-07-24;"Trnavský kraj";1;0;0;0;NA;273140;1;2020-07-24;-79318
2020-07-23;"Trnavský kraj";2;0;0;0;NA;273140;2;2020-07-23;-79319
2020-07-22;"Trnavský kraj";1;0;0;0;NA;273140;1;2020-07-22;-79321
2020-07-21;"Trnavský kraj";2;0;0;0;NA;273140;2;2020-07-21;-79322
2020-07-20;"Trnavský kraj";0;0;0;0;NA;273140;0;2020-07-20;-79324
2020-07-19;"Trnavský kraj";0;0;0;0;NA;273140;0;2020-07-19;-79324
2020-07-18;"Trnavský kraj";0;0;0;0;NA;273140;0;2020-07-18;-79324
2020-07-17;"Trnavský kraj";0;0;0;0;NA;273140;0;2020-07-17;-79324
2020-07-16;"Trnavský kraj";0;0;0;0;NA;273140;0;2020-07-16;-79324
2020-07-15;"Trnavský kraj";1;0;0;0;NA;273140;1;2020-07-15;-79324
2020-07-14;"Trnavský kraj";0;0;0;0;NA;273140;0;2020-07-14;-79325
2020-07-13;"Trnavský kraj";0;0;0;0;NA;273140;0;2020-07-13;-79325
2020-07-12;"Trnavský kraj";0;0;0;0;NA;273140;0;2020-07-12;-79325
2020-07-11;"Trnavský kraj";0;0;0;0;NA;273140;0;2020-07-11;-79325
2020-07-10;"Trnavský kraj";0;0;0;0;NA;273140;0;2020-07-10;-79325
2020-07-09;"Trnavský kraj";0;0;0;0;NA;273140;0;2020-07-09;-79325
2020-07-08;"Trnavský kraj";3;0;0;0;NA;273140;3;2020-07-08;-79325
2020-07-07;"Trnavský kraj";4;0;0;0;NA;273140;4;2020-07-07;-79328
2020-07-06;"Trnavský kraj";0;0;0;0;NA;273140;0;2020-07-06;-79332
2020-07-05;"Trnavský kraj";0;0;0;0;NA;273140;0;2020-07-05;-79332
2020-07-04;"Trnavský kraj";0;0;0;0;NA;273140;0;2020-07-04;-79332
2020-07-03;"Trnavský kraj";0;0;0;0;NA;273140;0;2020-07-03;-79332
2020-07-02;"Trnavský kraj";3;0;0;0;NA;273140;3;2020-07-02;-79332
2020-07-01;"Trnavský kraj";0;0;0;0;NA;273140;0;2020-07-01;-79335
2020-06-30;"Trnavský kraj";0;0;0;0;NA;273140;0;2020-06-30;-79335
2020-06-29;"Trnavský kraj";0;0;0;0;NA;273140;0;2020-06-29;-79335
2020-06-28;"Trnavský kraj";0;0;0;0;NA;273140;0;2020-06-28;-79335
2020-06-27;"Trnavský kraj";0;0;0;0;NA;273140;0;2020-06-27;-79335
2020-06-26;"Trnavský kraj";0;0;0;0;NA;273140;0;2020-06-26;-79335
2020-06-25;"Trnavský kraj";0;0;0;0;NA;273140;0;2020-06-25;-79335
2020-06-24;"Trnavský kraj";0;0;0;0;NA;273140;0;2020-06-24;-79335
2020-06-23;"Trnavský kraj";0;0;0;0;NA;273140;0;2020-06-23;-79335
2020-06-22;"Trnavský kraj";0;0;0;0;NA;273140;0;2020-06-22;-79335
2020-06-21;"Trnavský kraj";0;0;0;0;NA;273140;0;2020-06-21;-79335
2020-06-20;"Trnavský kraj";0;0;0;0;NA;273140;0;2020-06-20;-79335
2020-06-19;"Trnavský kraj";0;0;0;0;NA;273140;0;2020-06-19;-79335
2020-06-18;"Trnavský kraj";2;0;0;0;NA;273140;2;2020-06-18;-79335
2020-06-17;"Trnavský kraj";0;0;0;0;NA;273140;0;2020-06-17;-79337
2020-06-16;"Trnavský kraj";0;0;0;0;NA;273140;0;2020-06-16;-79337
2020-06-14;"Trnavský kraj";0;0;0;0;NA;273140;0;2020-06-14;-79337
2020-06-13;"Trnavský kraj";0;0;0;0;NA;273140;0;2020-06-13;-79337
2020-06-12;"Trnavský kraj";0;0;0;0;NA;273140;0;2020-06-12;-79337
2020-06-11;"Trnavský kraj";0;0;0;0;NA;273140;0;2020-06-11;-79337
2020-06-10;"Trnavský kraj";0;0;0;0;NA;273140;0;2020-06-10;-79337
2020-06-09;"Trnavský kraj";0;0;0;0;NA;273140;0;2020-06-09;-79337
2020-06-08;"Trnavský kraj";0;0;0;0;NA;273140;0;2020-06-08;-79337
2020-06-07;"Trnavský kraj";0;0;0;0;NA;273140;0;2020-06-07;-79337
2020-06-05;"Trnavský kraj";0;0;0;0;NA;273140;0;2020-06-05;-79337
2020-06-03;"Trnavský kraj";0;0;0;0;NA;273140;0;2020-06-03;-79337
2020-06-02;"Trnavský kraj";0;0;0;0;NA;273140;0;2020-06-02;-79337
2020-05-31;"Trnavský kraj";0;0;0;0;NA;273140;0;2020-05-31;-79337
2020-05-29;"Trnavský kraj";0;0;0;0;NA;273140;0;2020-05-29;-79337
2020-05-27;"Trnavský kraj";0;0;0;0;NA;273140;0;2020-05-27;-79337
2020-05-26;"Trnavský kraj";0;0;0;0;NA;273140;0;2020-05-26;-79337
2020-05-25;"Trnavský kraj";1;0;0;0;NA;273140;1;2020-05-25;-79337
2020-05-24;"Trnavský kraj";0;0;0;0;NA;273140;0;2020-05-24;-79338
2020-05-23;"Trnavský kraj";2;0;0;0;NA;273140;2;2020-05-23;-79338
2020-05-22;"Trnavský kraj";0;0;0;0;NA;273140;0;2020-05-22;-79340
2020-05-21;"Trnavský kraj";0;0;0;0;NA;273140;0;2020-05-21;-79340
2020-05-20;"Trnavský kraj";2;0;0;0;NA;273140;2;2020-05-20;-79340
2020-05-19;"Trnavský kraj";0;0;0;0;NA;273140;0;2020-05-19;-79342
2020-05-17;"Trnavský kraj";0;0;0;0;NA;273140;0;2020-05-17;-79342
2020-05-16;"Trnavský kraj";0;0;0;0;NA;273140;0;2020-05-16;-79342
2020-05-15;"Trnavský kraj";1;0;0;0;NA;273140;1;2020-05-15;-79342
2020-05-14;"Trnavský kraj";0;0;0;0;NA;273140;0;2020-05-14;-79343
2020-05-13;"Trnavský kraj";0;0;0;0;NA;273140;0;2020-05-13;-79343
2020-05-12;"Trnavský kraj";0;0;0;0;NA;273140;0;2020-05-12;-79343
2020-05-11;"Trnavský kraj";2;0;0;0;NA;273140;2;2020-05-11;-79343
2020-05-09;"Trnavský kraj";0;0;0;0;NA;273140;0;2020-05-09;-79345
2020-05-07;"Trnavský kraj";0;0;0;0;NA;273140;0;2020-05-07;-79345
2020-05-06;"Trnavský kraj";0;0;0;0;NA;273140;0;2020-05-06;-79345
2020-05-05;"Trnavský kraj";0;0;0;0;NA;273140;0;2020-05-05;-79345
2020-05-04;"Trnavský kraj";0;0;0;0;NA;273140;0;2020-05-04;-79345
2020-05-03;"Trnavský kraj";0;0;0;0;NA;273140;0;2020-05-03;-79345
2020-05-02;"Trnavský kraj";0;0;0;0;NA;273140;0;2020-05-02;-79345
2020-05-01;"Trnavský kraj";0;0;0;0;NA;273140;0;2020-05-01;-79345
2020-04-30;"Trnavský kraj";0;0;0;0;NA;273140;0;2020-04-30;-79345
2020-04-29;"Trnavský kraj";0;0;0;0;NA;273140;0;2020-04-29;-79345
2020-04-28;"Trnavský kraj";1;0;0;0;NA;273140;1;2020-04-28;-79345
2020-04-27;"Trnavský kraj";0;0;0;0;NA;273140;0;2020-04-27;-79346
2020-04-26;"Trnavský kraj";0;0;0;0;NA;273140;0;2020-04-26;-79346
2020-04-25;"Trnavský kraj";2;0;0;0;NA;273140;2;2020-04-25;-79346
2020-04-24;"Trnavský kraj";4;0;0;0;NA;273140;4;2020-04-24;-79348
2020-04-23;"Trnavský kraj";5;0;0;0;NA;273140;5;2020-04-23;-79352
2020-04-22;"Trnavský kraj";10;0;0;0;NA;273140;10;2020-04-22;-79357
2020-04-21;"Trnavský kraj";5;0;0;0;NA;273140;5;2020-04-21;-79367
2020-04-20;"Trnavský kraj";0;0;0;0;NA;273140;0;2020-04-20;-79372
2020-04-19;"Trnavský kraj";1;0;0;0;NA;273140;1;2020-04-19;-79372
2020-04-18;"Trnavský kraj";4;0;0;0;NA;273140;4;2020-04-18;-79373
2020-04-17;"Trnavský kraj";7;0;0;0;NA;273140;7;2020-04-17;-79377
2020-04-16;"Trnavský kraj";5;0;0;0;NA;273140;5;2020-04-16;-79384
2020-04-15;"Trnavský kraj";5;0;0;0;NA;273140;5;2020-04-15;-79389
2020-04-14;"Trnavský kraj";1;0;0;0;NA;273140;1;2020-04-14;-79394
2020-04-13;"Trnavský kraj";0;0;0;0;NA;273140;0;2020-04-13;-79395
2020-04-12;"Trnavský kraj";0;0;0;0;NA;273140;0;2020-04-12;-79395
2020-04-11;"Trnavský kraj";0;0;0;0;NA;273140;0;2020-04-11;-79395
2020-04-10;"Trnavský kraj";2;0;0;0;NA;273140;2;2020-04-10;-79395
2020-04-09;"Trnavský kraj";3;0;0;0;NA;273140;3;2020-04-09;-79397
2020-04-08;"Trnavský kraj";4;0;0;0;NA;273140;4;2020-04-08;-79400
2020-04-07;"Trnavský kraj";6;0;0;0;NA;273140;6;2020-04-07;-79404
2020-04-06;"Trnavský kraj";6;0;0;0;NA;273140;6;2020-04-06;-79410
2020-04-05;"Trnavský kraj";1;0;0;0;NA;273140;1;2020-04-05;-79416
2020-04-04;"Trnavský kraj";1;0;0;0;NA;273140;1;2020-04-04;-79417
2020-04-03;"Trnavský kraj";3;0;0;0;NA;273140;3;2020-04-03;-79418
2020-04-02;"Trnavský kraj";4;0;0;0;NA;273140;4;2020-04-02;-79421
2020-04-01;"Trnavský kraj";0;0;0;0;NA;273140;0;2020-04-01;-79425
2020-03-31;"Trnavský kraj";3;0;0;0;NA;273140;3;2020-03-31;-79425
2020-03-30;"Trnavský kraj";4;0;0;0;NA;273140;4;2020-03-30;-79428
2020-03-29;"Trnavský kraj";1;0;0;0;NA;273140;1;2020-03-29;-79432
2020-03-28;"Trnavský kraj";3;0;0;0;NA;273140;3;2020-03-28;-79433
2020-03-27;"Trnavský kraj";5;0;0;0;NA;273140;5;2020-03-27;-79436
2020-03-26;"Trnavský kraj";5;0;0;0;NA;273140;5;2020-03-26;-79441
2020-03-25;"Trnavský kraj";1;0;0;0;NA;273140;1;2020-03-25;-79446
2020-03-24;"Trnavský kraj";0;0;0;0;NA;273140;0;2020-03-24;-79447
2020-03-23;"Trnavský kraj";2;0;0;0;NA;273140;2;2020-03-23;-79447
2020-03-22;"Trnavský kraj";1;0;0;0;NA;273140;1;2020-03-22;-79449
2020-03-21;"Trnavský kraj";5;0;0;0;NA;273140;5;2020-03-21;-79450
2020-03-20;"Trnavský kraj";0;0;0;0;NA;273140;0;2020-03-20;-79455
2020-03-19;"Trnavský kraj";0;0;0;0;NA;273140;0;2020-03-19;-79455
2020-03-18;"Trnavský kraj";0;0;0;0;NA;273140;0;2020-03-18;-79455
2020-03-17;"Trnavský kraj";3;0;0;0;NA;273140;3;2020-03-17;-79455
2020-03-16;"Trnavský kraj";1;0;0;0;NA;273140;1;2020-03-16;-79458
2020-03-15;"Trnavský kraj";0;0;0;0;NA;273140;0;2020-03-15;-79459
2020-03-14;"Trnavský kraj";0;0;0;0;NA;273140;0;2020-03-14;-79459
2020-03-13;"Trnavský kraj";1;0;0;0;NA;273140;1;2020-03-13;-79459
2020-03-12;"Trnavský kraj";1;0;0;0;NA;273140;1;2020-03-12;-79460
2020-03-11;"Trnavský kraj";0;0;0;0;NA;273140;0;2020-03-11;-79461
2020-03-09;"Trnavský kraj";0;0;0;0;NA;273140;0;2020-03-09;-79461
2020-03-08;"Trnavský kraj";0;0;0;0;NA;273140;0;2020-03-08;-79461
2020-03-07;"Trnavský kraj";0;0;0;0;NA;273140;0;2020-03-07;-79461
2020-03-06;"Trnavský kraj";0;0;0;0;NA;273140;0;2020-03-06;-79461
2022-06-15;"Žilinský kraj";19;132;7;139;254310;350767;26;2022-06-15;350767
2022-06-14;"Žilinský kraj";24;221;10;231;NA;350767;34;2022-06-14;350741
2022-06-13;"Žilinský kraj";15;296;8;304;NA;350767;23;2022-06-13;350707
2022-06-12;"Žilinský kraj";1;52;1;53;NA;350767;2;2022-06-12;350684
2022-06-11;"Žilinský kraj";0;70;2;72;NA;350767;2;2022-06-11;350682
2022-06-10;"Žilinský kraj";12;244;8;252;NA;350767;20;2022-06-10;350680
2022-06-09;"Žilinský kraj";14;389;7;396;NA;350767;21;2022-06-09;350660
2022-06-08;"Žilinský kraj";22;173;6;179;NA;350767;28;2022-06-08;350639
2022-06-07;"Žilinský kraj";17;246;5;251;NA;350767;22;2022-06-07;350611
2022-06-06;"Žilinský kraj";20;483;9;492;NA;350767;29;2022-06-06;350589
2022-06-05;"Žilinský kraj";2;64;4;68;NA;350767;6;2022-06-05;350560
2022-06-04;"Žilinský kraj";5;88;1;89;NA;350767;6;2022-06-04;350554
2022-06-03;"Žilinský kraj";18;135;8;143;NA;350767;26;2022-06-03;350548
2022-06-02;"Žilinský kraj";8;224;4;228;NA;350767;12;2022-06-02;350522
2022-06-01;"Žilinský kraj";14;264;4;268;NA;350767;18;2022-06-01;350510
2022-05-31;"Žilinský kraj";14;245;7;252;NA;350767;21;2022-05-31;350492
2022-05-30;"Žilinský kraj";24;278;6;284;NA;350767;30;2022-05-30;350471
2022-05-29;"Žilinský kraj";1;117;0;117;NA;350767;1;2022-05-29;350441
2022-05-28;"Žilinský kraj";9;81;1;82;NA;350767;10;2022-05-28;350440
2022-05-27;"Žilinský kraj";11;239;4;243;NA;350767;15;2022-05-27;350430
2022-05-26;"Žilinský kraj";14;377;4;381;NA;350767;18;2022-05-26;350415
2022-05-25;"Žilinský kraj";24;157;10;167;NA;350767;34;2022-05-25;350397
2022-05-24;"Žilinský kraj";20;313;7;320;NA;350767;27;2022-05-24;350363
2022-05-23;"Žilinský kraj";29;364;9;373;NA;350767;38;2022-05-23;350336
2022-05-22;"Žilinský kraj";4;150;6;156;NA;350767;10;2022-05-22;350298
2022-05-21;"Žilinský kraj";13;91;0;91;NA;350767;13;2022-05-21;350288
2022-05-20;"Žilinský kraj";27;227;15;242;NA;350767;42;2022-05-20;350275
2022-05-19;"Žilinský kraj";22;324;7;331;NA;350767;29;2022-05-19;350233
2022-05-18;"Žilinský kraj";28;253;26;279;NA;350767;54;2022-05-18;350204
2022-05-17;"Žilinský kraj";46;288;11;299;NA;350767;57;2022-05-17;350150
2022-05-16;"Žilinský kraj";42;383;21;404;NA;350767;63;2022-05-16;350093
2022-05-15;"Žilinský kraj";1;128;7;135;NA;350767;8;2022-05-15;350030
2022-05-14;"Žilinský kraj";15;284;18;302;NA;350767;33;2022-05-14;350022
2022-05-13;"Žilinský kraj";40;385;26;411;NA;350767;66;2022-05-13;349989
2022-05-12;"Žilinský kraj";28;1081;24;1105;NA;350767;52;2022-05-12;349923
2022-05-11;"Žilinský kraj";41;501;24;525;NA;350767;65;2022-05-11;349871
2022-05-10;"Žilinský kraj";74;355;26;381;NA;350767;100;2022-05-10;349806
2022-05-09;"Žilinský kraj";52;515;49;564;NA;350767;101;2022-05-09;349706
2022-05-08;"Žilinský kraj";2;131;10;141;NA;350767;12;2022-05-08;349605
2022-05-07;"Žilinský kraj";27;257;27;284;NA;350767;54;2022-05-07;349593
2022-05-06;"Žilinský kraj";83;268;29;297;NA;350767;112;2022-05-06;349539
2022-05-05;"Žilinský kraj";55;527;30;557;NA;350767;85;2022-05-05;349427
2022-05-04;"Žilinský kraj";60;518;69;587;NA;350767;129;2022-05-04;349342
2022-05-03;"Žilinský kraj";108;537;34;571;NA;350767;142;2022-05-03;349213
2022-05-02;"Žilinský kraj";104;711;41;752;NA;350767;145;2022-05-02;349071
2022-05-01;"Žilinský kraj";15;124;9;133;NA;350767;24;2022-05-01;348926
2022-04-30;"Žilinský kraj";113;372;24;396;NA;350767;137;2022-04-30;348902
2022-04-29;"Žilinský kraj";127;842;29;871;NA;350767;156;2022-04-29;348765
2022-04-28;"Žilinský kraj";117;613;47;660;NA;350767;164;2022-04-28;348609
2022-04-27;"Žilinský kraj";125;874;16;890;NA;350767;141;2022-04-27;348445
2022-04-26;"Žilinský kraj";207;725;30;755;NA;350767;237;2022-04-26;348304
2022-04-25;"Žilinský kraj";218;1155;79;1234;NA;350767;297;2022-04-25;348067
2022-04-24;"Žilinský kraj";8;251;20;271;NA;350767;28;2022-04-24;347770
2022-04-23;"Žilinský kraj";212;391;22;413;NA;350767;234;2022-04-23;347742
2022-04-22;"Žilinský kraj";126;548;35;583;NA;350767;161;2022-04-22;347508
2022-04-21;"Žilinský kraj";218;781;63;844;NA;350767;281;2022-04-21;347347
2022-04-20;"Žilinský kraj";366;915;52;967;NA;350767;418;2022-04-20;347066
2022-04-19;"Žilinský kraj";346;1852;79;1931;NA;350767;425;2022-04-19;346648
2022-04-18;"Žilinský kraj";84;368;27;395;NA;350767;111;2022-04-18;346223
2022-04-17;"Žilinský kraj";157;175;13;188;NA;350767;170;2022-04-17;346112
2022-04-16;"Žilinský kraj";111;282;54;336;NA;350767;165;2022-04-16;345942
2022-04-15;"Žilinský kraj";43;223;11;234;NA;350767;54;2022-04-15;345777
2022-04-14;"Žilinský kraj";315;1195;53;1248;NA;350767;368;2022-04-14;345723
2022-04-13;"Žilinský kraj";331;1101;39;1140;NA;350767;370;2022-04-13;345355
2022-04-12;"Žilinský kraj";280;1079;42;1121;NA;350767;322;2022-04-12;344985
2022-04-11;"Žilinský kraj";453;1335;87;1422;NA;350767;540;2022-04-11;344663
2022-04-10;"Žilinský kraj";20;313;26;339;NA;350767;46;2022-04-10;344123
2022-04-09;"Žilinský kraj";233;261;38;299;NA;350767;271;2022-04-09;344077
2022-04-08;"Žilinský kraj";368;762;50;812;NA;350767;418;2022-04-08;343806
2022-04-07;"Žilinský kraj";359;797;54;851;NA;350767;413;2022-04-07;343388
2022-04-06;"Žilinský kraj";541;1030;69;1099;NA;350767;610;2022-04-06;342975
2022-04-05;"Žilinský kraj";699;1038;78;1116;NA;350767;777;2022-04-05;342365
2022-04-04;"Žilinský kraj";605;1340;110;1450;NA;350767;715;2022-04-04;341588
2022-04-03;"Žilinský kraj";82;268;34;302;NA;350767;116;2022-04-03;340873
2022-04-02;"Žilinský kraj";289;224;33;257;NA;350767;322;2022-04-02;340757
2022-04-01;"Žilinský kraj";592;943;60;1003;NA;350767;652;2022-04-01;340435
2022-03-31;"Žilinský kraj";557;863;92;955;NA;350767;649;2022-03-31;339783
2022-03-30;"Žilinský kraj";688;1644;102;1746;NA;350767;790;2022-03-30;339134
2022-03-29;"Žilinský kraj";755;917;103;1020;NA;350767;858;2022-03-29;338344
2022-03-28;"Žilinský kraj";825;1744;141;1885;NA;350767;966;2022-03-28;337486
2022-03-27;"Žilinský kraj";88;414;91;505;NA;350767;179;2022-03-27;336520
2022-03-26;"Žilinský kraj";586;224;53;277;NA;350767;639;2022-03-26;336341
2022-03-25;"Žilinský kraj";601;866;100;966;NA;350767;701;2022-03-25;335702
2022-03-24;"Žilinský kraj";697;1433;100;1533;NA;350767;797;2022-03-24;335001
2022-03-23;"Žilinský kraj";883;940;103;1043;NA;350767;986;2022-03-23;334204
2022-03-22;"Žilinský kraj";1102;2516;136;2652;NA;350767;1238;2022-03-22;333218
2022-03-21;"Žilinský kraj";969;1921;163;2084;NA;350767;1132;2022-03-21;331980
2022-03-20;"Žilinský kraj";157;438;88;526;NA;350767;245;2022-03-20;330848
2022-03-19;"Žilinský kraj";479;340;69;409;NA;350767;548;2022-03-19;330603
2022-03-18;"Žilinský kraj";864;773;119;892;NA;350767;983;2022-03-18;330055
2022-03-17;"Žilinský kraj";733;1120;154;1274;NA;350767;887;2022-03-17;329072
2022-03-16;"Žilinský kraj";995;1371;165;1536;NA;350767;1160;2022-03-16;328185
2022-03-15;"Žilinský kraj";1252;2522;215;2737;NA;350767;1467;2022-03-15;327025
2022-03-14;"Žilinský kraj";1138;1546;209;1755;NA;350767;1347;2022-03-14;325558
2022-03-13;"Žilinský kraj";226;522;112;634;NA;350767;338;2022-03-13;324211
2022-03-12;"Žilinský kraj";650;346;94;440;NA;350767;744;2022-03-12;323873
2022-03-11;"Žilinský kraj";824;1755;197;1952;NA;350767;1021;2022-03-11;323129
2022-03-10;"Žilinský kraj";1249;1519;169;1688;NA;350767;1418;2022-03-10;322108
2022-03-09;"Žilinský kraj";1713;1457;206;1663;NA;350767;1919;2022-03-09;320690
2022-03-08;"Žilinský kraj";699;2333;311;2644;NA;350767;1010;2022-03-08;318771
2022-03-07;"Žilinský kraj";1448;2225;300;2525;NA;350767;1748;2022-03-07;317761
2022-03-06;"Žilinský kraj";323;797;211;1008;NA;350767;534;2022-03-06;316013
2022-03-05;"Žilinský kraj";576;572;129;701;NA;350767;705;2022-03-05;315479
2022-03-04;"Žilinský kraj";1194;1884;264;2148;NA;350767;1458;2022-03-04;314774
2022-03-03;"Žilinský kraj";1240;1852;247;2099;NA;350767;1487;2022-03-03;313316
2022-03-02;"Žilinský kraj";1194;1798;250;2048;NA;350767;1444;2022-03-02;311829
2022-03-01;"Žilinský kraj";1710;2974;347;3321;NA;350767;2057;2022-03-01;310385
2022-02-28;"Žilinský kraj";1700;2980;355;3335;NA;350767;2055;2022-02-28;308328
2022-02-27;"Žilinský kraj";224;940;221;1161;NA;350767;445;2022-02-27;306273
2022-02-26;"Žilinský kraj";1184;816;171;987;NA;350767;1355;2022-02-26;305828
2022-02-25;"Žilinský kraj";1371;2421;320;2741;NA;350767;1691;2022-02-25;304473
2022-02-24;"Žilinský kraj";1504;2589;314;2903;NA;350767;1818;2022-02-24;302782
2022-02-23;"Žilinský kraj";1766;3298;333;3631;NA;350767;2099;2022-02-23;300964
2022-02-22;"Žilinský kraj";2419;3369;406;3775;NA;350767;2825;2022-02-22;298865
2022-02-21;"Žilinský kraj";2227;4183;573;4756;NA;350767;2800;2022-02-21;296040
2022-02-20;"Žilinský kraj";541;1473;304;1777;NA;350767;845;2022-02-20;293240
2022-02-19;"Žilinský kraj";1656;944;273;1217;NA;350767;1929;2022-02-19;292395
2022-02-18;"Žilinský kraj";1994;3339;439;3778;NA;350767;2433;2022-02-18;290466
2022-02-17;"Žilinský kraj";2274;3019;424;3443;NA;350767;2698;2022-02-17;288033
2022-02-16;"Žilinský kraj";2676;3579;496;4075;NA;350767;3172;2022-02-16;285335
2022-02-15;"Žilinský kraj";2939;4226;604;4830;NA;350767;3543;2022-02-15;282163
2022-02-14;"Žilinský kraj";2955;4182;777;4959;NA;350767;3732;2022-02-14;278620
2022-02-13;"Žilinský kraj";751;1842;464;2306;NA;350767;1215;2022-02-13;274888
2022-02-12;"Žilinský kraj";1771;1431;319;1750;NA;350767;2090;2022-02-12;273673
2022-02-11;"Žilinský kraj";2856;3332;570;3902;NA;350767;3426;2022-02-11;271583
2022-02-10;"Žilinský kraj";2861;3472;583;4055;NA;350767;3444;2022-02-10;268157
2022-02-09;"Žilinský kraj";3365;3863;618;4481;NA;350767;3983;2022-02-09;264713
2022-02-08;"Žilinský kraj";3367;4866;780;5646;NA;350767;4147;2022-02-08;260730
2022-02-07;"Žilinský kraj";3242;5569;913;6482;NA;350767;4155;2022-02-07;256583
2022-02-06;"Žilinský kraj";1389;2587;529;3116;NA;350767;1918;2022-02-06;252428
2022-02-05;"Žilinský kraj";2107;1846;425;2271;NA;350767;2532;2022-02-05;250510
2022-02-04;"Žilinský kraj";3099;4389;631;5020;NA;350767;3730;2022-02-04;247978
2022-02-03;"Žilinský kraj";3201;4122;613;4735;NA;350767;3814;2022-02-03;244248
2022-02-02;"Žilinský kraj";3168;4616;666;5282;NA;350767;3834;2022-02-02;240434
2022-02-01;"Žilinský kraj";3593;5240;694;5934;NA;350767;4287;2022-02-01;236600
2022-01-31;"Žilinský kraj";2145;7492;931;8423;NA;350767;3076;2022-01-31;232313
2022-01-30;"Žilinský kraj";1487;2898;431;3329;NA;350767;1918;2022-01-30;229237
2022-01-29;"Žilinský kraj";2055;2033;365;2398;NA;350767;2420;2022-01-29;227319
2022-01-28;"Žilinský kraj";2572;4800;546;5346;NA;350767;3118;2022-01-28;224899
2022-01-27;"Žilinský kraj";2406;4038;537;4575;NA;350767;2943;2022-01-27;221781
2022-01-26;"Žilinský kraj";2693;5009;516;5525;NA;350767;3209;2022-01-26;218838
2022-01-25;"Žilinský kraj";2595;5626;416;6042;NA;350767;3011;2022-01-25;215629
2022-01-24;"Žilinský kraj";1401;7098;522;7620;NA;350767;1923;2022-01-24;212618
2022-01-23;"Žilinský kraj";654;2923;276;3199;NA;350767;930;2022-01-23;210695
2022-01-22;"Žilinský kraj";1256;1706;206;1912;NA;350767;1462;2022-01-22;209765
2022-01-21;"Žilinský kraj";1188;4187;265;4452;NA;350767;1453;2022-01-21;208303
2022-01-20;"Žilinský kraj";1288;3654;205;3859;NA;350767;1493;2022-01-20;206850
2022-01-19;"Žilinský kraj";1215;4086;206;4292;NA;350767;1421;2022-01-19;205357
2022-01-18;"Žilinský kraj";1191;4213;168;4381;NA;350767;1359;2022-01-18;203936
2022-01-17;"Žilinský kraj";675;6886;256;7142;NA;350767;931;2022-01-17;202577
2022-01-16;"Žilinský kraj";175;2418;106;2524;NA;350767;281;2022-01-16;201646
2022-01-15;"Žilinský kraj";398;1410;70;1480;NA;350767;468;2022-01-15;201365
2022-01-14;"Žilinský kraj";446;3716;106;3822;NA;350767;552;2022-01-14;200897
2022-01-13;"Žilinský kraj";295;2912;78;2990;NA;350767;373;2022-01-13;200345
2022-01-12;"Žilinský kraj";422;3168;72;3240;NA;350767;494;2022-01-12;199972
2022-01-11;"Žilinský kraj";622;4216;57;4273;NA;350767;679;2022-01-11;199478
2022-01-10;"Žilinský kraj";436;6344;102;6446;NA;350767;538;2022-01-10;198799
2022-01-09;"Žilinský kraj";95;2934;54;2988;NA;350767;149;2022-01-09;198261
2022-01-08;"Žilinský kraj";345;1650;45;1695;NA;350767;390;2022-01-08;198112
2022-01-07;"Žilinský kraj";525;4566;75;4641;NA;350767;600;2022-01-07;197722
2022-01-06;"Žilinský kraj";167;1214;40;1254;NA;350767;207;2022-01-06;197122
2022-01-05;"Žilinský kraj";471;3492;75;3567;NA;350767;546;2022-01-05;196915
2022-01-04;"Žilinský kraj";606;3762;87;3849;NA;350767;693;2022-01-04;196369
2022-01-03;"Žilinský kraj";601;6083;116;6199;NA;350767;717;2022-01-03;195676
2022-01-02;"Žilinský kraj";288;2596;85;2681;NA;350767;373;2022-01-02;194959
2022-01-01;"Žilinský kraj";14;439;15;454;NA;350767;29;2022-01-01;194586
2021-12-31;"Žilinský kraj";646;1608;70;1678;NA;350767;716;2021-12-31;194557
2021-12-30;"Žilinský kraj";984;2213;95;2308;NA;350767;1079;2021-12-30;193841
2021-12-29;"Žilinský kraj";1086;6864;83;6947;NA;350767;1169;2021-12-29;192762
2021-12-28;"Žilinský kraj";1282;3408;106;3514;NA;350767;1388;2021-12-28;191593
2021-12-27;"Žilinský kraj";1382;3961;145;4106;NA;350767;1527;2021-12-27;190205
2021-12-26;"Žilinský kraj";484;1167;58;1225;NA;350767;542;2021-12-26;188678
2021-12-25;"Žilinský kraj";44;442;45;487;NA;350767;89;2021-12-25;188136
2021-12-24;"Žilinský kraj";196;518;21;539;NA;350767;217;2021-12-24;188047
2021-12-23;"Žilinský kraj";1462;2678;105;2783;NA;350767;1567;2021-12-23;187830
2021-12-22;"Žilinský kraj";1020;2428;77;2505;NA;350767;1097;2021-12-22;186263
2021-12-21;"Žilinský kraj";1510;3641;102;3743;NA;350767;1612;2021-12-21;185166
2021-12-20;"Žilinský kraj";1126;4545;125;4670;NA;350767;1251;2021-12-20;183554
2021-12-19;"Žilinský kraj";266;2215;90;2305;NA;350767;356;2021-12-19;182303
2021-12-18;"Žilinský kraj";834;1321;70;1391;NA;350767;904;2021-12-18;181947
2021-12-17;"Žilinský kraj";1208;3895;127;4022;NA;350767;1335;2021-12-17;181043
2021-12-16;"Žilinský kraj";1320;3931;109;4040;NA;350767;1429;2021-12-16;179708
2021-12-15;"Žilinský kraj";1604;3491;122;3613;NA;350767;1726;2021-12-15;178279
2021-12-14;"Žilinský kraj";1596;4587;129;4716;NA;350767;1725;2021-12-14;176553
2021-12-13;"Žilinský kraj";1518;7755;212;7967;NA;350767;1730;2021-12-13;174828
2021-12-12;"Žilinský kraj";680;2836;114;2950;NA;350767;794;2021-12-12;173098
2021-12-11;"Žilinský kraj";1522;1849;112;1961;NA;350767;1634;2021-12-11;172304
2021-12-10;"Žilinský kraj";1276;4041;136;4177;NA;350767;1412;2021-12-10;170670
2021-12-09;"Žilinský kraj";1740;5842;161;6003;NA;350767;1901;2021-12-09;169258
2021-12-08;"Žilinský kraj";2036;3215;158;3373;NA;350767;2194;2021-12-08;167357
2021-12-07;"Žilinský kraj";2712;5148;160;5308;NA;350767;2872;2021-12-07;165163
2021-12-06;"Žilinský kraj";1838;7441;226;7667;NA;350767;2064;2021-12-06;162291
2021-12-05;"Žilinský kraj";1010;3306;134;3440;NA;350767;1144;2021-12-05;160227
2021-12-04;"Žilinský kraj";1408;1892;153;2045;NA;350767;1561;2021-12-04;159083
2021-12-03;"Žilinský kraj";2408;4864;215;5079;NA;350767;2623;2021-12-03;157522
2021-12-02;"Žilinský kraj";3694;4131;199;4330;NA;350767;3893;2021-12-02;154899
2021-12-01;"Žilinský kraj";2366;4073;195;4268;NA;350767;2561;2021-12-01;151006
2021-11-30;"Žilinský kraj";3150;5467;252;5719;NA;350767;3402;2021-11-30;148445
2021-11-29;"Žilinský kraj";2790;9069;358;9427;NA;350767;3148;2021-11-29;145043
2021-11-28;"Žilinský kraj";1250;4581;235;4816;NA;350767;1485;2021-11-28;141895
2021-11-27;"Žilinský kraj";1818;2557;192;2749;NA;350767;2010;2021-11-27;140410
2021-11-26;"Žilinský kraj";2390;6599;344;6943;NA;350767;2734;2021-11-26;138400
2021-11-25;"Žilinský kraj";2562;4701;331;5032;NA;350767;2893;2021-11-25;135666
2021-11-24;"Žilinský kraj";3584;4660;324;4984;NA;350767;3908;2021-11-24;132773
2021-11-23;"Žilinský kraj";3260;4654;353;5007;NA;350767;3613;2021-11-23;128865
2021-11-22;"Žilinský kraj";2252;6699;452;7151;NA;350767;2704;2021-11-22;125252
2021-11-21;"Žilinský kraj";886;2865;260;3125;NA;350767;1146;2021-11-21;122548
2021-11-20;"Žilinský kraj";1926;2104;241;2345;NA;350767;2167;2021-11-20;121402
2021-11-19;"Žilinský kraj";2562;4622;434;5056;NA;350767;2996;2021-11-19;119235
2021-11-18;"Žilinský kraj";2440;4432;376;4808;NA;350767;2816;2021-11-18;116239
2021-11-17;"Žilinský kraj";2002;1434;149;1583;NA;350767;2151;2021-11-17;113423
2021-11-16;"Žilinský kraj";2394;4058;323;4381;NA;350767;2717;2021-11-16;111272
2021-11-15;"Žilinský kraj";1954;5050;476;5526;NA;350767;2430;2021-11-15;108555
2021-11-14;"Žilinský kraj";712;2287;262;2549;NA;350767;974;2021-11-14;106125
2021-11-13;"Žilinský kraj";1304;1882;220;2102;NA;350767;1524;2021-11-13;105151
2021-11-12;"Žilinský kraj";2054;4291;340;4631;NA;350767;2394;2021-11-12;103627
2021-11-11;"Žilinský kraj";1848;4192;272;4464;NA;350767;2120;2021-11-11;101233
2021-11-10;"Žilinský kraj";1794;4509;305;4814;NA;350767;2099;2021-11-10;99113
2021-11-09;"Žilinský kraj";2880;4619;256;4875;NA;350767;3136;2021-11-09;97014
2021-11-08;"Žilinský kraj";1562;4438;425;4863;NA;350767;1987;2021-11-08;93878
2021-11-07;"Žilinský kraj";608;2130;231;2361;NA;350767;839;2021-11-07;91891
2021-11-06;"Žilinský kraj";1482;2150;201;2351;NA;350767;1683;2021-11-06;91052
2021-11-05;"Žilinský kraj";2128;4067;235;4302;NA;350767;2363;2021-11-05;89369
2021-11-04;"Žilinský kraj";1552;3709;232;3941;NA;350767;1784;2021-11-04;87006
2021-11-03;"Žilinský kraj";2212;5550;338;5888;NA;350767;2550;2021-11-03;85222
2021-11-02;"Žilinský kraj";2272;4451;333;4784;NA;350767;2605;2021-11-02;82672
2021-11-01;"Žilinský kraj";798;1456;137;1593;NA;350767;935;2021-11-01;80067
2021-10-31;"Žilinský kraj";688;1387;145;1532;NA;350767;833;2021-10-31;79132
2021-10-30;"Žilinský kraj";1142;1944;161;2105;NA;350767;1303;2021-10-30;78299
2021-10-29;"Žilinský kraj";1466;3339;194;3533;NA;350767;1660;2021-10-29;76996
2021-10-28;"Žilinský kraj";1278;4953;247;5200;NA;350767;1525;2021-10-28;75336
2021-10-27;"Žilinský kraj";1478;3446;173;3619;NA;350767;1651;2021-10-27;73811
2021-10-26;"Žilinský kraj";1890;4748;216;4964;NA;350767;2106;2021-10-26;72160
2021-10-25;"Žilinský kraj";1298;5736;271;6007;NA;350767;1569;2021-10-25;70054
2021-10-24;"Žilinský kraj";496;1679;107;1786;NA;350767;603;2021-10-24;68485
2021-10-23;"Žilinský kraj";798;2415;149;2564;NA;350767;947;2021-10-23;67882
2021-10-22;"Žilinský kraj";1174;3898;151;4049;NA;350767;1325;2021-10-22;66935
2021-10-21;"Žilinský kraj";1182;3367;162;3529;NA;350767;1344;2021-10-21;65610
2021-10-20;"Žilinský kraj";958;3864;154;4018;NA;350767;1112;2021-10-20;64266
2021-10-19;"Žilinský kraj";1350;3763;161;3924;NA;350767;1511;2021-10-19;63154
2021-10-18;"Žilinský kraj";864;5160;271;5431;NA;350767;1135;2021-10-18;61643
2021-10-17;"Žilinský kraj";270;1769;101;1870;NA;350767;371;2021-10-17;60508
2021-10-16;"Žilinský kraj";546;2341;100;2441;NA;350767;646;2021-10-16;60137
2021-10-15;"Žilinský kraj";694;3859;146;4005;NA;350767;840;2021-10-15;59491
2021-10-14;"Žilinský kraj";838;3035;110;3145;NA;350767;948;2021-10-14;58651
2021-10-13;"Žilinský kraj";808;3427;112;3539;NA;350767;920;2021-10-13;57703
2021-10-12;"Žilinský kraj";1178;4000;141;4141;NA;350767;1319;2021-10-12;56783
2021-10-11;"Žilinský kraj";646;4501;154;4655;NA;350767;800;2021-10-11;55464
2021-10-10;"Žilinský kraj";226;1577;77;1654;NA;350767;303;2021-10-10;54664
2021-10-09;"Žilinský kraj";402;1565;57;1622;NA;350767;459;2021-10-09;54361
2021-10-08;"Žilinský kraj";530;4227;99;4326;NA;350767;629;2021-10-08;53902
2021-10-07;"Žilinský kraj";676;3384;113;3497;NA;350767;789;2021-10-07;53273
2021-10-06;"Žilinský kraj";626;3901;89;3990;NA;350767;715;2021-10-06;52484
2021-10-05;"Žilinský kraj";774;4031;122;4153;NA;350767;896;2021-10-05;51769
2021-10-04;"Žilinský kraj";594;4449;121;4570;NA;350767;715;2021-10-04;50873
2021-10-03;"Žilinský kraj";44;1596;63;1659;NA;350767;107;2021-10-03;50158
2021-10-02;"Žilinský kraj";418;1990;45;2035;NA;350767;463;2021-10-02;50051
2021-10-01;"Žilinský kraj";526;4047;104;4151;NA;350767;630;2021-10-01;49588
2021-09-30;"Žilinský kraj";496;3531;71;3602;NA;350767;567;2021-09-30;48958
2021-09-29;"Žilinský kraj";570;3577;82;3659;NA;350767;652;2021-09-29;48391
2021-09-28;"Žilinský kraj";544;3656;73;3729;NA;350767;617;2021-09-28;47739
2021-09-27;"Žilinský kraj";478;4418;152;4570;NA;350767;630;2021-09-27;47122
2021-09-26;"Žilinský kraj";34;1665;42;1707;NA;350767;76;2021-09-26;46492
2021-09-25;"Žilinský kraj";222;1711;50;1761;NA;350767;272;2021-09-25;46416
2021-09-24;"Žilinský kraj";398;6137;98;6235;NA;350767;496;2021-09-24;46144
2021-09-23;"Žilinský kraj";352;2629;74;2703;NA;350767;426;2021-09-23;45648
2021-09-22;"Žilinský kraj";370;2728;77;2805;NA;350767;447;2021-09-22;45222
2021-09-21;"Žilinský kraj";500;3123;78;3201;NA;350767;578;2021-09-21;44775
2021-09-20;"Žilinský kraj";488;3231;95;3326;NA;350767;583;2021-09-20;44197
2021-09-19;"Žilinský kraj";52;1579;37;1616;NA;350767;89;2021-09-19;43614
2021-09-18;"Žilinský kraj";174;1441;45;1486;NA;350767;219;2021-09-18;43525
2021-09-17;"Žilinský kraj";384;3351;56;3407;NA;350767;440;2021-09-17;43306
2021-09-16;"Žilinský kraj";328;2744;87;2831;NA;350767;415;2021-09-16;42866
2021-09-15;"Žilinský kraj";62;555;11;566;NA;350767;73;2021-09-15;42451
2021-09-14;"Žilinský kraj";310;3268;61;3329;NA;350767;371;2021-09-14;42378
2021-09-13;"Žilinský kraj";162;3250;75;3325;NA;350767;237;2021-09-13;42007
2021-09-12;"Žilinský kraj";18;1138;24;1162;NA;350767;42;2021-09-12;41770
2021-09-11;"Žilinský kraj";94;1322;21;1343;NA;350767;115;2021-09-11;41728
2021-09-10;"Žilinský kraj";132;2439;34;2473;NA;350767;166;2021-09-10;41613
2021-09-09;"Žilinský kraj";112;2352;18;2370;NA;350767;130;2021-09-09;41447
2021-09-08;"Žilinský kraj";136;1560;24;1584;NA;350767;160;2021-09-08;41317
2021-09-07;"Žilinský kraj";144;1806;27;1833;NA;350767;171;2021-09-07;41157
2021-09-06;"Žilinský kraj";62;2381;45;2426;NA;350767;107;2021-09-06;40986
2021-09-05;"Žilinský kraj";22;785;8;793;NA;350767;30;2021-09-05;40879
2021-09-04;"Žilinský kraj";48;1080;5;1085;NA;350767;53;2021-09-04;40849
2021-09-03;"Žilinský kraj";104;2047;28;2075;NA;350767;132;2021-09-03;40796
2021-09-02;"Žilinský kraj";60;1432;22;1454;NA;350767;82;2021-09-02;40664
2021-09-01;"Žilinský kraj";10;461;6;467;NA;350767;16;2021-09-01;40582
2021-08-31;"Žilinský kraj";64;1710;15;1725;NA;350767;79;2021-08-31;40566
2021-08-30;"Žilinský kraj";14;1801;4;1805;NA;350767;18;2021-08-30;40487
2021-08-29;"Žilinský kraj";16;631;5;636;NA;350767;21;2021-08-29;40469
2021-08-28;"Žilinský kraj";4;1005;1;1006;NA;350767;5;2021-08-28;40448
2021-08-27;"Žilinský kraj";26;1765;12;1777;NA;350767;38;2021-08-27;40443
2021-08-26;"Žilinský kraj";34;1636;7;1643;NA;350767;41;2021-08-26;40405
2021-08-25;"Žilinský kraj";18;1203;11;1214;NA;350767;29;2021-08-25;40364
2021-08-24;"Žilinský kraj";12;1395;9;1404;NA;350767;21;2021-08-24;40335
2021-08-23;"Žilinský kraj";22;1877;7;1884;NA;350767;29;2021-08-23;40314
2021-08-22;"Žilinský kraj";4;733;3;736;NA;350767;7;2021-08-22;40285
2021-08-21;"Žilinský kraj";12;1183;2;1185;NA;350767;14;2021-08-21;40278
2021-08-20;"Žilinský kraj";14;2284;5;2289;NA;350767;19;2021-08-20;40264
2021-08-19;"Žilinský kraj";12;1281;3;1284;NA;350767;15;2021-08-19;40245
2021-08-18;"Žilinský kraj";8;1331;7;1338;NA;350767;15;2021-08-18;40230
2021-08-17;"Žilinský kraj";18;1219;3;1222;NA;350767;21;2021-08-17;40215
2021-08-16;"Žilinský kraj";28;1696;5;1701;NA;350767;33;2021-08-16;40194
2021-08-15;"Žilinský kraj";2;880;2;882;NA;350767;4;2021-08-15;40161
2021-08-14;"Žilinský kraj";10;1197;0;1197;NA;350767;10;2021-08-14;40157
2021-08-13;"Žilinský kraj";12;1685;0;1685;NA;350767;12;2021-08-13;40147
2021-08-12;"Žilinský kraj";8;1105;1;1106;NA;350767;9;2021-08-12;40135
2021-08-11;"Žilinský kraj";26;1250;3;1253;NA;350767;29;2021-08-11;40126
2021-08-10;"Žilinský kraj";24;1292;3;1295;NA;350767;27;2021-08-10;40097
2021-08-09;"Žilinský kraj";18;1142;1;1143;NA;350767;19;2021-08-09;40070
2021-08-08;"Žilinský kraj";2;748;5;753;NA;350767;7;2021-08-08;40051
2021-08-07;"Žilinský kraj";14;1192;1;1193;NA;350767;15;2021-08-07;40044
2021-08-06;"Žilinský kraj";2;1347;0;1347;NA;350767;2;2021-08-06;40029
2021-08-05;"Žilinský kraj";14;1148;3;1151;NA;350767;17;2021-08-05;40027
2021-08-04;"Žilinský kraj";24;895;0;895;NA;350767;24;2021-08-04;40010
2021-08-03;"Žilinský kraj";22;918;0;918;NA;350767;22;2021-08-03;39986
2021-08-02;"Žilinský kraj";10;1513;1;1514;NA;350767;11;2021-08-02;39964
2021-08-01;"Žilinský kraj";0;679;2;681;NA;350767;2;2021-08-01;39953
2021-07-31;"Žilinský kraj";8;1114;0;1114;NA;350767;8;2021-07-31;39951
2021-07-30;"Žilinský kraj";6;1671;0;1671;NA;350767;6;2021-07-30;39943
2021-07-29;"Žilinský kraj";2;1299;0;1299;NA;350767;2;2021-07-29;39937
2021-07-28;"Žilinský kraj";8;901;0;901;NA;350767;8;2021-07-28;39935
2021-07-27;"Žilinský kraj";22;1378;0;1378;NA;350767;22;2021-07-27;39927
2021-07-26;"Žilinský kraj";2;1301;1;1302;NA;350767;3;2021-07-26;39905
2021-07-25;"Žilinský kraj";4;828;2;830;NA;350767;6;2021-07-25;39902
2021-07-24;"Žilinský kraj";4;1338;2;1340;NA;350767;6;2021-07-24;39896
2021-07-23;"Žilinský kraj";8;1750;0;1750;NA;350767;8;2021-07-23;39890
2021-07-22;"Žilinský kraj";4;1207;0;1207;NA;350767;4;2021-07-22;39882
2021-07-21;"Žilinský kraj";4;1021;0;1021;NA;350767;4;2021-07-21;39878
2021-07-20;"Žilinský kraj";8;1439;0;1439;NA;350767;8;2021-07-20;39874
2021-07-19;"Žilinský kraj";8;1763;1;1764;NA;350767;9;2021-07-19;39866
2021-07-18;"Žilinský kraj";0;854;1;855;NA;350767;1;2021-07-18;39857
2021-07-17;"Žilinský kraj";0;1350;0;1350;NA;350767;0;2021-07-17;39856
2021-07-16;"Žilinský kraj";4;1767;0;1767;NA;350767;4;2021-07-16;39856
2021-07-15;"Žilinský kraj";4;1577;0;1577;NA;350767;4;2021-07-15;39852
2021-07-14;"Žilinský kraj";10;1042;1;1043;NA;350767;11;2021-07-14;39848
2021-07-13;"Žilinský kraj";6;1709;1;1710;NA;350767;7;2021-07-13;39837
2021-07-12;"Žilinský kraj";6;1325;1;1326;NA;350767;7;2021-07-12;39830
2021-07-11;"Žilinský kraj";4;989;0;989;NA;350767;4;2021-07-11;39823
2021-07-10;"Žilinský kraj";2;1511;4;1515;NA;350767;6;2021-07-10;39819
2021-07-09;"Žilinský kraj";2;2208;1;2209;NA;350767;3;2021-07-09;39813
2021-07-08;"Žilinský kraj";12;1776;3;1779;NA;350767;15;2021-07-08;39810
2021-07-07;"Žilinský kraj";2;1585;3;1588;NA;350767;5;2021-07-07;39795
2021-07-06;"Žilinský kraj";8;1956;0;1956;NA;350767;8;2021-07-06;39790
2021-07-05;"Žilinský kraj";4;1031;1;1032;NA;350767;5;2021-07-05;39782
2021-07-04;"Žilinský kraj";0;1003;0;1003;NA;350767;0;2021-07-04;39777
2021-07-03;"Žilinský kraj";2;1696;2;1698;NA;350767;4;2021-07-03;39777
2021-07-02;"Žilinský kraj";0;3356;2;3358;NA;350767;2;2021-07-02;39773
2021-07-01;"Žilinský kraj";2;1118;0;1118;NA;350767;2;2021-07-01;39771
2021-06-30;"Žilinský kraj";2;10464;6;10470;NA;350767;8;2021-06-30;39769
2021-06-29;"Žilinský kraj";20;5946;0;5946;NA;350767;20;2021-06-29;39761
2021-06-28;"Žilinský kraj";8;6245;2;6247;NA;350767;10;2021-06-28;39741
2021-06-27;"Žilinský kraj";6;4702;1;4703;NA;350767;7;2021-06-27;39731
2021-06-26;"Žilinský kraj";8;5919;0;5919;NA;350767;8;2021-06-26;39724
2021-06-25;"Žilinský kraj";16;9756;5;9761;NA;350767;21;2021-06-25;39716
2021-06-24;"Žilinský kraj";12;5657;3;5660;NA;350767;15;2021-06-24;39695
2021-06-23;"Žilinský kraj";14;5955;10;5965;NA;350767;24;2021-06-23;39680
2021-06-22;"Žilinský kraj";12;5214;8;5222;NA;350767;20;2021-06-22;39656
2021-06-21;"Žilinský kraj";12;6287;8;6295;NA;350767;20;2021-06-21;39636
2021-06-20;"Žilinský kraj";2;5531;8;5539;NA;350767;10;2021-06-20;39616
2021-06-19;"Žilinský kraj";18;8353;2;8355;NA;350767;20;2021-06-19;39606
2021-06-18;"Žilinský kraj";22;10624;12;10636;NA;350767;34;2021-06-18;39586
2021-06-17;"Žilinský kraj";20;6092;12;6104;NA;350767;32;2021-06-17;39552
2021-06-16;"Žilinský kraj";34;5786;11;5797;NA;350767;45;2021-06-16;39520
2021-06-15;"Žilinský kraj";26;5996;13;6009;NA;350767;39;2021-06-15;39475
2021-06-14;"Žilinský kraj";20;7596;21;7617;NA;350767;41;2021-06-14;39436
2021-06-13;"Žilinský kraj";4;6682;9;6691;NA;350767;13;2021-06-13;39395
2021-06-12;"Žilinský kraj";18;8634;11;8645;NA;350767;29;2021-06-12;39382
2021-06-11;"Žilinský kraj";22;11566;14;11580;NA;350767;36;2021-06-11;39353
2021-06-10;"Žilinský kraj";28;6788;14;6802;NA;350767;42;2021-06-10;39317
2021-06-09;"Žilinský kraj";46;5925;14;5939;NA;350767;60;2021-06-09;39275
2021-06-08;"Žilinský kraj";36;6615;16;6631;NA;350767;52;2021-06-08;39215
2021-06-07;"Žilinský kraj";50;8534;21;8555;NA;350767;71;2021-06-07;39163
2021-06-06;"Žilinský kraj";20;8056;27;8083;NA;350767;47;2021-06-06;39092
2021-06-05;"Žilinský kraj";16;9175;10;9185;NA;350767;26;2021-06-05;39045
2021-06-04;"Žilinský kraj";38;12260;34;12294;NA;350767;72;2021-06-04;39019
2021-06-03;"Žilinský kraj";24;7033;33;7066;NA;350767;57;2021-06-03;38947
2021-06-02;"Žilinský kraj";34;7103;28;7131;NA;350767;62;2021-06-02;38890
2021-06-01;"Žilinský kraj";76;8285;46;8331;NA;350767;122;2021-06-01;38828
2021-05-31;"Žilinský kraj";62;9616;59;9675;NA;350767;121;2021-05-31;38706
2021-05-30;"Žilinský kraj";42;9025;35;9060;NA;350767;77;2021-05-30;38585
2021-05-29;"Žilinský kraj";26;11195;23;11218;NA;350767;49;2021-05-29;38508
2021-05-28;"Žilinský kraj";56;13277;30;13307;NA;350767;86;2021-05-28;38459
2021-05-27;"Žilinský kraj";34;8267;39;8306;NA;350767;73;2021-05-27;38373
2021-05-26;"Žilinský kraj";40;8329;25;8354;NA;350767;65;2021-05-26;38300
2021-05-25;"Žilinský kraj";42;9624;38;9662;NA;350767;80;2021-05-25;38235
2021-05-24;"Žilinský kraj";72;11487;57;11544;NA;350767;129;2021-05-24;38155
2021-05-23;"Žilinský kraj";8;10923;56;10979;NA;350767;64;2021-05-23;38026
2021-05-22;"Žilinský kraj";42;11893;28;11921;NA;350767;70;2021-05-22;37962
2021-05-21;"Žilinský kraj";56;15654;50;15704;NA;350767;106;2021-05-21;37892
2021-05-20;"Žilinský kraj";60;9616;30;9646;NA;350767;90;2021-05-20;37786
2021-05-19;"Žilinský kraj";92;8693;41;8734;NA;350767;133;2021-05-19;37696
2021-05-18;"Žilinský kraj";104;10609;44;10653;NA;350767;148;2021-05-18;37563
2021-05-17;"Žilinský kraj";102;12676;84;12760;NA;350767;186;2021-05-17;37415
2021-05-16;"Žilinský kraj";26;14114;42;14156;NA;350767;68;2021-05-16;37229
2021-05-15;"Žilinský kraj";60;18404;35;18439;NA;350767;95;2021-05-15;37161
2021-05-14;"Žilinský kraj";68;21205;82;21287;NA;350767;150;2021-05-14;37066
2021-05-13;"Žilinský kraj";128;11865;51;11916;NA;350767;179;2021-05-13;36916
2021-05-12;"Žilinský kraj";114;10337;51;10388;NA;350767;165;2021-05-12;36737
2021-05-11;"Žilinský kraj";140;12174;51;12225;NA;350767;191;2021-05-11;36572
2021-05-10;"Žilinský kraj";138;16182;72;16254;NA;350767;210;2021-05-10;36381
2021-05-09;"Žilinský kraj";116;20385;77;20462;NA;350767;193;2021-05-09;36171
2021-05-08;"Žilinský kraj";0;24133;63;24196;NA;350767;63;2021-05-08;35978
2021-05-07;"Žilinský kraj";130;26522;87;26609;NA;350767;217;2021-05-07;35915
2021-05-06;"Žilinský kraj";134;16615;72;16687;NA;350767;206;2021-05-06;35698
2021-05-05;"Žilinský kraj";142;13096;73;13169;NA;350767;215;2021-05-05;35492
2021-05-04;"Žilinský kraj";162;16749;80;16829;NA;350767;242;2021-05-04;35277
2021-05-03;"Žilinský kraj";194;20391;111;20502;NA;350767;305;2021-05-03;35035
2021-05-02;"Žilinský kraj";16;28886;64;28950;NA;350767;80;2021-05-02;34730
2021-05-01;"Žilinský kraj";130;55053;105;55158;NA;350767;235;2021-05-01;34650
2021-04-30;"Žilinský kraj";168;44000;117;44117;NA;350767;285;2021-04-30;34415
2021-04-29;"Žilinský kraj";154;24566;101;24667;NA;350767;255;2021-04-29;34130
2021-04-28;"Žilinský kraj";152;19214;91;19305;NA;350767;243;2021-04-28;33875
2021-04-27;"Žilinský kraj";194;21805;110;21915;NA;350767;304;2021-04-27;33632
2021-04-26;"Žilinský kraj";228;27412;136;27548;NA;350767;364;2021-04-26;33328
2021-04-25;"Žilinský kraj";76;35750;82;35832;NA;350767;158;2021-04-25;32964
2021-04-24;"Žilinský kraj";186;78854;157;79011;NA;350767;343;2021-04-24;32806
2021-04-23;"Žilinský kraj";288;49440;153;49593;NA;350767;441;2021-04-23;32463
2021-04-22;"Žilinský kraj";220;25247;132;25379;NA;350767;352;2021-04-22;32022
2021-04-21;"Žilinský kraj";236;20616;145;20761;NA;350767;381;2021-04-21;31670
2021-04-20;"Žilinský kraj";256;23873;136;24009;NA;350767;392;2021-04-20;31289
2021-04-19;"Žilinský kraj";328;32773;210;32983;NA;350767;538;2021-04-19;30897
2021-04-18;"Žilinský kraj";36;36767;91;36858;NA;350767;127;2021-04-18;30359
2021-04-17;"Žilinský kraj";216;89377;156;89533;NA;350767;372;2021-04-17;30232
2021-04-16;"Žilinský kraj";370;47847;208;48055;NA;350767;578;2021-04-16;29860
2021-04-15;"Žilinský kraj";216;24830;130;24960;NA;350767;346;2021-04-15;29282
2021-04-14;"Žilinský kraj";270;23145;145;23290;NA;350767;415;2021-04-14;28936
2021-04-13;"Žilinský kraj";342;25050;135;25185;NA;350767;477;2021-04-13;28521
2021-04-12;"Žilinský kraj";532;30794;189;30983;NA;350767;721;2021-04-12;28044
2021-04-11;"Žilinský kraj";38;37126;107;37233;NA;350767;145;2021-04-11;27323
2021-04-10;"Žilinský kraj";222;86284;237;86521;NA;350767;459;2021-04-10;27178
2021-04-09;"Žilinský kraj";390;41973;206;42179;NA;350767;596;2021-04-09;26719
2021-04-08;"Žilinský kraj";358;24434;141;24575;NA;350767;499;2021-04-08;26123
2021-04-07;"Žilinský kraj";618;28651;174;28825;NA;350767;792;2021-04-07;25624
2021-04-06;"Žilinský kraj";616;40107;301;40408;NA;350767;917;2021-04-06;24832
2021-04-05;"Žilinský kraj";34;14747;140;14887;NA;350767;174;2021-04-05;23915
2021-04-04;"Žilinský kraj";34;16284;69;16353;NA;350767;103;2021-04-04;23741
2021-04-03;"Žilinský kraj";360;100699;403;101102;NA;350767;763;2021-04-03;23638
2021-04-02;"Žilinský kraj";146;22411;83;22494;NA;350767;229;2021-04-02;22875
2021-04-01;"Žilinský kraj";668;43264;240;43504;NA;350767;908;2021-04-01;22646
2021-03-31;"Žilinský kraj";340;31635;247;31882;NA;350767;587;2021-03-31;21738
2021-03-30;"Žilinský kraj";812;26323;243;26566;NA;350767;1055;2021-03-30;21151
2021-03-29;"Žilinský kraj";594;28029;268;28297;NA;350767;862;2021-03-29;20096
2021-03-28;"Žilinský kraj";42;36206;239;36445;NA;350767;281;2021-03-28;19234
2021-03-27;"Žilinský kraj";302;89107;353;89460;NA;350767;655;2021-03-27;18953
2021-03-26;"Žilinský kraj";624;51757;330;52087;NA;350767;954;2021-03-26;18298
2021-03-25;"Žilinský kraj";562;27619;214;27833;NA;350767;776;2021-03-25;17344
2021-03-24;"Žilinský kraj";560;21268;260;21528;NA;350767;820;2021-03-24;16568
2021-03-23;"Žilinský kraj";836;23193;278;23471;NA;350767;1114;2021-03-23;15748
2021-03-22;"Žilinský kraj";586;29289;314;29603;NA;350767;900;2021-03-22;14634
2021-03-21;"Žilinský kraj";64;33705;227;33932;NA;350767;291;2021-03-21;13734
2021-03-20;"Žilinský kraj";330;93015;497;93512;NA;350767;827;2021-03-20;13443
2021-03-19;"Žilinský kraj";714;51988;414;52402;NA;350767;1128;2021-03-19;12616
2021-03-18;"Žilinský kraj";658;28459;294;28753;NA;350767;952;2021-03-18;11488
2021-03-17;"Žilinský kraj";790;21919;269;22188;NA;350767;1059;2021-03-17;10536
2021-03-16;"Žilinský kraj";1028;24341;317;24658;NA;350767;1345;2021-03-16;9477
2021-03-15;"Žilinský kraj";682;29613;419;30032;NA;350767;1101;2021-03-15;8132
2021-03-14;"Žilinský kraj";174;34121;267;34388;NA;350767;441;2021-03-14;7031
2021-03-13;"Žilinský kraj";226;93386;581;93967;NA;350767;807;2021-03-13;6590
2021-03-12;"Žilinský kraj";1040;52329;411;52740;NA;350767;1451;2021-03-12;5783
2021-03-11;"Žilinský kraj";798;28189;302;28491;NA;350767;1100;2021-03-11;4332
2021-03-10;"Žilinský kraj";736;22414;378;22792;NA;350767;1114;2021-03-10;3232
2021-03-09;"Žilinský kraj";1074;24857;316;25173;NA;350767;1390;2021-03-09;2118
2021-03-08;"Žilinský kraj";774;30873;458;31331;NA;350767;1232;2021-03-08;728
2021-03-07;"Žilinský kraj";96;33469;290;33759;NA;350767;386;2021-03-07;-504
2021-03-06;"Žilinský kraj";346;92410;589;92999;NA;350767;935;2021-03-06;-890
2021-03-05;"Žilinský kraj";738;51987;484;52471;NA;350767;1222;2021-03-05;-1825
2021-03-04;"Žilinský kraj";934;30037;377;30414;NA;350767;1311;2021-03-04;-3047
2021-03-03;"Žilinský kraj";896;26261;394;26655;NA;350767;1290;2021-03-03;-4358
2021-03-02;"Žilinský kraj";1102;25913;378;26291;NA;350767;1480;2021-03-02;-5648
2021-03-01;"Žilinský kraj";750;30498;441;30939;NA;350767;1191;2021-03-01;-7128
2021-02-28;"Žilinský kraj";122;34802;327;35129;NA;350767;449;2021-02-28;-8319
2021-02-27;"Žilinský kraj";318;83781;639;84420;NA;350767;957;2021-02-27;-8768
2021-02-26;"Žilinský kraj";918;47500;508;48008;NA;350767;1426;2021-02-26;-9725
2021-02-25;"Žilinský kraj";694;30879;393;31272;NA;350767;1087;2021-02-25;-11151
2021-02-24;"Žilinský kraj";678;18760;395;19155;NA;350767;1073;2021-02-24;-12238
2021-02-23;"Žilinský kraj";874;22172;418;22590;NA;350767;1292;2021-02-23;-13311
2021-02-22;"Žilinský kraj";690;29270;438;29708;NA;350767;1128;2021-02-22;-14603
2021-02-21;"Žilinský kraj";72;28686;322;29008;NA;350767;394;2021-02-21;-15731
2021-02-20;"Žilinský kraj";304;89944;671;90615;NA;350767;975;2021-02-20;-16125
2021-02-19;"Žilinský kraj";674;45541;417;45958;NA;350767;1091;2021-02-19;-17100
2021-02-18;"Žilinský kraj";526;24662;337;24999;NA;350767;863;2021-02-18;-18191
2021-02-17;"Žilinský kraj";538;17932;355;18287;NA;350767;893;2021-02-17;-19054
2021-02-16;"Žilinský kraj";642;24298;325;24623;NA;350767;967;2021-02-16;-19947
2021-02-15;"Žilinský kraj";460;30420;311;30731;NA;350767;771;2021-02-15;-20914
2021-02-14;"Žilinský kraj";60;28723;231;28954;NA;350767;291;2021-02-14;-21685
2021-02-13;"Žilinský kraj";182;69638;453;70091;NA;350767;635;2021-02-13;-21976
2021-02-12;"Žilinský kraj";484;43338;336;43674;NA;350767;820;2021-02-12;-22611
2021-02-11;"Žilinský kraj";456;23521;300;23821;NA;350767;756;2021-02-11;-23431
2021-02-10;"Žilinský kraj";518;17894;267;18161;NA;350767;785;2021-02-10;-24187
2021-02-09;"Žilinský kraj";754;24784;274;25058;NA;350767;1028;2021-02-09;-24972
2021-02-08;"Žilinský kraj";320;41375;390;41765;NA;350767;710;2021-02-08;-26000
2021-02-07;"Žilinský kraj";48;46446;252;46698;NA;350767;300;2021-02-07;-26710
2021-02-06;"Žilinský kraj";142;72880;367;73247;NA;350767;509;2021-02-06;-27010
2021-02-05;"Žilinský kraj";496;31869;323;32192;NA;350767;819;2021-02-05;-27519
2021-02-04;"Žilinský kraj";476;13240;258;13498;NA;350767;734;2021-02-04;-28338
2021-02-03;"Žilinský kraj";388;9186;255;9441;NA;350767;643;2021-02-03;-29072
2021-02-02;"Žilinský kraj";432;9280;272;9552;NA;350767;704;2021-02-02;-29715
2021-02-01;"Žilinský kraj";440;19690;370;20060;NA;350767;810;2021-02-01;-30419
2021-01-31;"Žilinský kraj";22;2652;27;2679;NA;350767;49;2021-01-31;-31229
2021-01-30;"Žilinský kraj";170;18447;187;18634;NA;350767;357;2021-01-30;-31278
2021-01-29;"Žilinský kraj";418;22891;304;23195;NA;350767;722;2021-01-29;-31635
2021-01-28;"Žilinský kraj";480;5533;172;5705;NA;350767;652;2021-01-28;-32357
2021-01-27;"Žilinský kraj";512;6725;119;6844;NA;350767;631;2021-01-27;-33009
2021-01-26;"Žilinský kraj";490;49781;348;50129;NA;350767;838;2021-01-26;-33640
2021-01-25;"Žilinský kraj";318;21245;150;21395;NA;350767;468;2021-01-25;-34478
2021-01-24;"Žilinský kraj";44;55835;268;56103;NA;350767;312;2021-01-24;-34946
2021-01-23;"Žilinský kraj";182;101730;444;102174;NA;350767;626;2021-01-23;-35258
2021-01-22;"Žilinský kraj";326;32160;237;32397;NA;350767;563;2021-01-22;-35884
2021-01-21;"Žilinský kraj";232;19828;181;20009;NA;350767;413;2021-01-21;-36447
2021-01-20;"Žilinský kraj";472;17126;159;17285;NA;350767;631;2021-01-20;-36860
2021-01-19;"Žilinský kraj";490;15730;285;16015;NA;350767;775;2021-01-19;-37491
2021-01-18;"Žilinský kraj";472;12685;326;13011;NA;350767;798;2021-01-18;-38266
2021-01-17;"Žilinský kraj";190;147;8;155;NA;350767;198;2021-01-17;-39064
2021-01-16;"Žilinský kraj";28;516;31;547;NA;350767;59;2021-01-16;-39262
2021-01-15;"Žilinský kraj";496;7486;209;7695;NA;350767;705;2021-01-15;-39321
2021-01-14;"Žilinský kraj";332;5319;239;5558;NA;350767;571;2021-01-14;-40026
2021-01-13;"Žilinský kraj";494;11263;557;11820;NA;350767;1051;2021-01-13;-40597
2021-01-12;"Žilinský kraj";752;8410;385;8795;NA;350767;1137;2021-01-12;-41648
2021-01-11;"Žilinský kraj";702;10058;465;10523;NA;350767;1167;2021-01-11;-42785
2021-01-10;"Žilinský kraj";76;229;6;235;NA;350767;82;2021-01-10;-43952
2021-01-09;"Žilinský kraj";384;1282;60;1342;NA;350767;444;2021-01-09;-44034
2021-01-08;"Žilinský kraj";826;8721;462;9183;NA;350767;1288;2021-01-08;-44478
2021-01-07;"Žilinský kraj";876;23407;1872;25279;NA;350767;2748;2021-01-07;-45766
2021-01-06;"Žilinský kraj";290;1076;67;1143;NA;350767;357;2021-01-06;-48514
2021-01-05;"Žilinský kraj";1434;10227;796;11023;NA;350767;2230;2021-01-05;-48871
2021-01-04;"Žilinský kraj";958;9313;893;10206;NA;350767;1851;2021-01-04;-51101
2021-01-03;"Žilinský kraj";26;1006;107;1113;NA;350767;133;2021-01-03;-52952
2021-01-02;"Žilinský kraj";196;789;91;880;NA;350767;287;2021-01-02;-53085
2021-01-01;"Žilinský kraj";236;241;13;254;NA;350767;249;2021-01-01;-53372
2020-12-31;"Žilinský kraj";790;9626;784;10410;NA;350767;1574;2020-12-31;-53621
2020-12-30;"Žilinský kraj";2076;11781;823;12604;NA;350767;2899;2020-12-30;-55195
2020-12-29;"Žilinský kraj";512;10159;979;11138;NA;350767;1491;2020-12-29;-58094
2020-12-28;"Žilinský kraj";812;10704;976;11680;NA;350767;1788;2020-12-28;-59585
2020-12-27;"Žilinský kraj";80;684;94;778;NA;350767;174;2020-12-27;-61373
2020-12-26;"Žilinský kraj";270;593;48;641;NA;350767;318;2020-12-26;-61547
2020-12-25;"Žilinský kraj";132;83;9;92;NA;350767;141;2020-12-25;-61865
2020-12-24;"Žilinský kraj";1286;667;55;722;NA;350767;1341;2020-12-24;-62006
2020-12-23;"Žilinský kraj";456;16229;975;17204;NA;350767;1431;2020-12-23;-63347
2020-12-22;"Žilinský kraj";1038;13483;988;14471;NA;350767;2026;2020-12-22;-64778
2020-12-21;"Žilinský kraj";888;12429;1078;13507;NA;350767;1966;2020-12-21;-66804
2020-12-20;"Žilinský kraj";72;598;80;678;NA;350767;152;2020-12-20;-68770
2020-12-19;"Žilinský kraj";416;1678;127;1805;NA;350767;543;2020-12-19;-68922
2020-12-18;"Žilinský kraj";666;6553;370;6923;NA;350767;1036;2020-12-18;-69465
2020-12-17;"Žilinský kraj";1000;3922;262;4184;NA;350767;1262;2020-12-17;-70501
2020-12-16;"Žilinský kraj";666;3815;267;4082;NA;350767;933;2020-12-16;-71763
2020-12-15;"Žilinský kraj";1056;3729;340;4069;NA;350767;1396;2020-12-15;-72696
2020-12-14;"Žilinský kraj";642;3884;309;4193;NA;350767;951;2020-12-14;-74092
2020-12-13;"Žilinský kraj";52;494;66;560;NA;350767;118;2020-12-13;-75043
2020-12-12;"Žilinský kraj";190;767;46;813;NA;350767;236;2020-12-12;-75161
2020-12-11;"Žilinský kraj";910;3938;227;4165;NA;350767;1137;2020-12-11;-75397
2020-12-10;"Žilinský kraj";232;9129;838;9967;NA;350767;1070;2020-12-10;-76534
2020-12-09;"Žilinský kraj";392;2169;132;2301;NA;350767;524;2020-12-09;-77604
2020-12-08;"Žilinský kraj";331;3127;101;3228;NA;350767;432;2020-12-08;-78128
2020-12-07;"Žilinský kraj";348;2746;162;2908;NA;350767;510;2020-12-07;-78560
2020-12-06;"Žilinský kraj";15;128;6;134;NA;350767;21;2020-12-06;-79070
2020-12-05;"Žilinský kraj";98;781;41;822;NA;350767;139;2020-12-05;-79091
2020-12-04;"Žilinský kraj";228;3091;107;3198;NA;350767;335;2020-12-04;-79230
2020-12-03;"Žilinský kraj";237;1609;115;1724;NA;350767;352;2020-12-03;-79565
2020-12-02;"Žilinský kraj";181;1710;94;1804;NA;350767;275;2020-12-02;-79917
2020-12-01;"Žilinský kraj";209;6239;284;6523;NA;350767;493;2020-12-01;-80192
2020-11-30;"Žilinský kraj";203;5326;305;5631;NA;350767;508;2020-11-30;-80685
2020-11-29;"Žilinský kraj";18;81;7;88;NA;350767;25;2020-11-29;-81193
2020-11-28;"Žilinský kraj";99;349;15;364;NA;350767;114;2020-11-28;-81218
2020-11-27;"Žilinský kraj";218;904;46;950;NA;350767;264;2020-11-27;-81332
2020-11-26;"Žilinský kraj";190;1041;54;1095;NA;350767;244;2020-11-26;-81596
2020-11-25;"Žilinský kraj";225;1217;49;1266;NA;350767;274;2020-11-25;-81840
2020-11-24;"Žilinský kraj";213;2139;67;2206;NA;350767;280;2020-11-24;-82114
2020-11-23;"Žilinský kraj";170;759;44;803;NA;350767;214;2020-11-23;-82394
2020-11-22;"Žilinský kraj";11;67;2;69;NA;350767;13;2020-11-22;-82608
2020-11-21;"Žilinský kraj";61;505;20;525;NA;350767;81;2020-11-21;-82621
2020-11-20;"Žilinský kraj";251;1074;45;1119;NA;350767;296;2020-11-20;-82702
2020-11-19;"Žilinský kraj";252;752;61;813;NA;350767;313;2020-11-19;-82998
2020-11-18;"Žilinský kraj";346;348;15;363;NA;350767;361;2020-11-18;-83311
2020-11-17;"Žilinský kraj";123;490;15;505;NA;350767;138;2020-11-17;-83672
2020-11-16;"Žilinský kraj";227;247;15;262;NA;350767;242;2020-11-16;-83810
2020-11-15;"Žilinský kraj";63;13;0;13;NA;350767;63;2020-11-15;-84052
2020-11-14;"Žilinský kraj";189;1038;11;1049;NA;350767;200;2020-11-14;-84115
2020-11-13;"Žilinský kraj";181;125;9;134;NA;350767;190;2020-11-13;-84315
2020-11-12;"Žilinský kraj";334;79;2;81;NA;350767;336;2020-11-12;-84505
2020-11-11;"Žilinský kraj";489;147;10;157;NA;350767;499;2020-11-11;-84841
2020-11-10;"Žilinský kraj";374;519;9;528;NA;350767;383;2020-11-10;-85340
2020-11-09;"Žilinský kraj";143;2335;30;2365;NA;350767;173;2020-11-09;-85723
2020-11-08;"Žilinský kraj";59;2538;37;2575;NA;350767;96;2020-11-08;-85896
2020-11-07;"Žilinský kraj";312;8175;88;8263;NA;350767;400;2020-11-07;-85992
2020-11-06;"Žilinský kraj";503;4090;38;4128;NA;350767;541;2020-11-06;-86392
2020-11-05;"Žilinský kraj";473;64;4;68;NA;350767;477;2020-11-05;-86933
2020-11-04;"Žilinský kraj";423;178;10;188;NA;350767;433;2020-11-04;-87410
2020-11-03;"Žilinský kraj";688;889;16;905;NA;350767;704;2020-11-03;-87843
2020-11-02;"Žilinský kraj";472;1043;39;1082;NA;350767;511;2020-11-02;-88547
2020-11-01;"Žilinský kraj";349;5096;130;5226;NA;350767;479;2020-11-01;-89058
2020-10-31;"Žilinský kraj";661;7963;203;8166;NA;350767;864;2020-10-31;-89537
2020-10-30;"Žilinský kraj";529;2575;61;2636;NA;350767;590;2020-10-30;-90401
2020-10-29;"Žilinský kraj";740;503;17;520;NA;350767;757;2020-10-29;-90991
2020-10-28;"Žilinský kraj";635;105;11;116;NA;350767;646;2020-10-28;-91748
2020-10-27;"Žilinský kraj";355;154;24;178;NA;350767;379;2020-10-27;-92394
2020-10-26;"Žilinský kraj";148;117;28;145;NA;350767;176;2020-10-26;-92773
2020-10-25;"Žilinský kraj";436;0;0;0;NA;350767;436;2020-10-25;-92949
2020-10-24;"Žilinský kraj";803;0;0;0;NA;350767;803;2020-10-24;-93385
2020-10-23;"Žilinský kraj";659;102;13;115;NA;350767;672;2020-10-23;-94188
2020-10-22;"Žilinský kraj";525;33;3;36;NA;350767;528;2020-10-22;-94860
2020-10-21;"Žilinský kraj";478;74;14;88;NA;350767;492;2020-10-21;-95388
2020-10-20;"Žilinský kraj";524;127;8;135;NA;350767;532;2020-10-20;-95880
2020-10-19;"Žilinský kraj";70;80;12;92;NA;350767;82;2020-10-19;-96412
2020-10-18;"Žilinský kraj";159;0;0;0;NA;350767;159;2020-10-18;-96494
2020-10-17;"Žilinský kraj";509;0;0;0;NA;350767;509;2020-10-17;-96653
2020-10-16;"Žilinský kraj";603;51;9;60;NA;350767;612;2020-10-16;-97162
2020-10-15;"Žilinský kraj";679;61;3;64;NA;350767;682;2020-10-15;-97774
2020-10-14;"Žilinský kraj";523;269;6;275;NA;350767;529;2020-10-14;-98456
2020-10-13;"Žilinský kraj";367;458;40;498;NA;350767;407;2020-10-13;-98985
2020-10-12;"Žilinský kraj";62;0;0;0;NA;350767;62;2020-10-12;-99392
2020-10-11;"Žilinský kraj";50;0;0;0;NA;350767;50;2020-10-11;-99454
2020-10-10;"Žilinský kraj";213;0;0;0;NA;350767;213;2020-10-10;-99504
2020-10-09;"Žilinský kraj";543;0;0;0;NA;350767;543;2020-10-09;-99717
2020-10-08;"Žilinský kraj";238;0;0;0;NA;350767;238;2020-10-08;-100260
2020-10-07;"Žilinský kraj";168;0;0;0;NA;350767;168;2020-10-07;-100498
2020-10-06;"Žilinský kraj";233;0;0;0;NA;350767;233;2020-10-06;-100666
2020-10-05;"Žilinský kraj";33;0;0;0;NA;350767;33;2020-10-05;-100899
2020-10-04;"Žilinský kraj";35;0;0;0;NA;350767;35;2020-10-04;-100932
2020-10-03;"Žilinský kraj";155;0;0;0;NA;350767;155;2020-10-03;-100967
2020-10-02;"Žilinský kraj";105;0;0;0;NA;350767;105;2020-10-02;-101122
2020-10-01;"Žilinský kraj";147;0;0;0;NA;350767;147;2020-10-01;-101227
2020-09-30;"Žilinský kraj";163;0;0;0;NA;350767;163;2020-09-30;-101374
2020-09-29;"Žilinský kraj";105;0;0;0;NA;350767;105;2020-09-29;-101537
2020-09-28;"Žilinský kraj";34;0;0;0;NA;350767;34;2020-09-28;-101642
2020-09-27;"Žilinský kraj";108;0;0;0;NA;350767;108;2020-09-27;-101676
2020-09-26;"Žilinský kraj";96;0;0;0;NA;350767;96;2020-09-26;-101784
2020-09-25;"Žilinský kraj";69;0;0;0;NA;350767;69;2020-09-25;-101880
2020-09-24;"Žilinský kraj";100;0;0;0;NA;350767;100;2020-09-24;-101949
2020-09-23;"Žilinský kraj";65;0;0;0;NA;350767;65;2020-09-23;-102049
2020-09-22;"Žilinský kraj";65;0;0;0;NA;350767;65;2020-09-22;-102114
2020-09-21;"Žilinský kraj";47;0;0;0;NA;350767;47;2020-09-21;-102179
2020-09-20;"Žilinský kraj";4;0;0;0;NA;350767;4;2020-09-20;-102226
2020-09-19;"Žilinský kraj";6;0;0;0;NA;350767;6;2020-09-19;-102230
2020-09-18;"Žilinský kraj";82;0;0;0;NA;350767;82;2020-09-18;-102236
2020-09-17;"Žilinský kraj";30;0;0;0;NA;350767;30;2020-09-17;-102318
2020-09-16;"Žilinský kraj";34;0;0;0;NA;350767;34;2020-09-16;-102348
2020-09-15;"Žilinský kraj";12;0;0;0;NA;350767;12;2020-09-15;-102382
2020-09-14;"Žilinský kraj";39;0;0;0;NA;350767;39;2020-09-14;-102394
2020-09-13;"Žilinský kraj";6;0;0;0;NA;350767;6;2020-09-13;-102433
2020-09-12;"Žilinský kraj";4;0;0;0;NA;350767;4;2020-09-12;-102439
2020-09-11;"Žilinský kraj";31;0;0;0;NA;350767;31;2020-09-11;-102443
2020-09-10;"Žilinský kraj";31;12;0;12;NA;350767;31;2020-09-10;-102474
2020-09-09;"Žilinský kraj";23;0;0;0;NA;350767;23;2020-09-09;-102505
2020-09-08;"Žilinský kraj";25;0;0;0;NA;350767;25;2020-09-08;-102528
2020-09-07;"Žilinský kraj";11;0;0;0;NA;350767;11;2020-09-07;-102553
2020-09-06;"Žilinský kraj";0;0;0;0;NA;350767;0;2020-09-06;-102564
2020-09-05;"Žilinský kraj";2;0;0;0;NA;350767;2;2020-09-05;-102564
2020-09-04;"Žilinský kraj";33;0;0;0;NA;350767;33;2020-09-04;-102566
2020-09-03;"Žilinský kraj";18;0;0;0;NA;350767;18;2020-09-03;-102599
2020-09-02;"Žilinský kraj";16;0;0;0;NA;350767;16;2020-09-02;-102617
2020-09-01;"Žilinský kraj";4;0;0;0;NA;350767;4;2020-09-01;-102633
2020-08-31;"Žilinský kraj";5;0;0;0;NA;350767;5;2020-08-31;-102637
2020-08-30;"Žilinský kraj";3;0;0;0;NA;350767;3;2020-08-30;-102642
2020-08-29;"Žilinský kraj";5;0;0;0;NA;350767;5;2020-08-29;-102645
2020-08-28;"Žilinský kraj";13;0;0;0;NA;350767;13;2020-08-28;-102650
2020-08-27;"Žilinský kraj";18;0;0;0;NA;350767;18;2020-08-27;-102663
2020-08-26;"Žilinský kraj";8;0;0;0;NA;350767;8;2020-08-26;-102681
2020-08-25;"Žilinský kraj";2;0;0;0;NA;350767;2;2020-08-25;-102689
2020-08-24;"Žilinský kraj";5;0;0;0;NA;350767;5;2020-08-24;-102691
2020-08-23;"Žilinský kraj";0;0;0;0;NA;350767;0;2020-08-23;-102696
2020-08-22;"Žilinský kraj";0;0;0;0;NA;350767;0;2020-08-22;-102696
2020-08-21;"Žilinský kraj";10;0;0;0;NA;350767;10;2020-08-21;-102696
2020-08-20;"Žilinský kraj";13;0;0;0;NA;350767;13;2020-08-20;-102706
2020-08-19;"Žilinský kraj";7;0;0;0;NA;350767;7;2020-08-19;-102719
2020-08-18;"Žilinský kraj";9;0;0;0;NA;350767;9;2020-08-18;-102726
2020-08-17;"Žilinský kraj";1;0;0;0;NA;350767;1;2020-08-17;-102735
2020-08-16;"Žilinský kraj";0;0;0;0;NA;350767;0;2020-08-16;-102736
2020-08-15;"Žilinský kraj";0;0;0;0;NA;350767;0;2020-08-15;-102736
2020-08-14;"Žilinský kraj";4;0;0;0;NA;350767;4;2020-08-14;-102736
2020-08-13;"Žilinský kraj";2;0;0;0;NA;350767;2;2020-08-13;-102740
2020-08-12;"Žilinský kraj";0;0;0;0;NA;350767;0;2020-08-12;-102742
2020-08-11;"Žilinský kraj";4;0;0;0;NA;350767;4;2020-08-11;-102742
2020-08-10;"Žilinský kraj";1;0;0;0;NA;350767;1;2020-08-10;-102746
2020-08-09;"Žilinský kraj";0;0;0;0;NA;350767;0;2020-08-09;-102747
2020-08-08;"Žilinský kraj";3;0;0;0;NA;350767;3;2020-08-08;-102747
2020-08-07;"Žilinský kraj";8;0;0;0;NA;350767;8;2020-08-07;-102750
2020-08-06;"Žilinský kraj";1;0;0;0;NA;350767;1;2020-08-06;-102758
2020-08-05;"Žilinský kraj";1;0;0;0;NA;350767;1;2020-08-05;-102759
2020-08-04;"Žilinský kraj";2;0;0;0;NA;350767;2;2020-08-04;-102760
2020-08-03;"Žilinský kraj";0;0;0;0;NA;350767;0;2020-08-03;-102762
2020-08-02;"Žilinský kraj";1;0;0;0;NA;350767;1;2020-08-02;-102762
2020-08-01;"Žilinský kraj";0;0;0;0;NA;350767;0;2020-08-01;-102763
2020-07-31;"Žilinský kraj";4;0;0;0;NA;350767;4;2020-07-31;-102763
2020-07-30;"Žilinský kraj";2;0;0;0;NA;350767;2;2020-07-30;-102767
2020-07-29;"Žilinský kraj";2;0;0;0;NA;350767;2;2020-07-29;-102769
2020-07-28;"Žilinský kraj";4;0;0;0;NA;350767;4;2020-07-28;-102771
2020-07-27;"Žilinský kraj";6;0;0;0;NA;350767;6;2020-07-27;-102775
2020-07-26;"Žilinský kraj";0;0;0;0;NA;350767;0;2020-07-26;-102781
2020-07-25;"Žilinský kraj";0;0;0;0;NA;350767;0;2020-07-25;-102781
2020-07-24;"Žilinský kraj";2;0;0;0;NA;350767;2;2020-07-24;-102781
2020-07-23;"Žilinský kraj";0;0;0;0;NA;350767;0;2020-07-23;-102783
2020-07-22;"Žilinský kraj";1;0;0;0;NA;350767;1;2020-07-22;-102783
2020-07-21;"Žilinský kraj";2;0;0;0;NA;350767;2;2020-07-21;-102784
2020-07-20;"Žilinský kraj";3;0;0;0;NA;350767;3;2020-07-20;-102786
2020-07-19;"Žilinský kraj";0;0;0;0;NA;350767;0;2020-07-19;-102789
2020-07-18;"Žilinský kraj";0;0;0;0;NA;350767;0;2020-07-18;-102789
2020-07-17;"Žilinský kraj";2;0;0;0;NA;350767;2;2020-07-17;-102789
2020-07-16;"Žilinský kraj";2;0;0;0;NA;350767;2;2020-07-16;-102791
2020-07-15;"Žilinský kraj";2;0;0;0;NA;350767;2;2020-07-15;-102793
2020-07-14;"Žilinský kraj";1;0;0;0;NA;350767;1;2020-07-14;-102795
2020-07-13;"Žilinský kraj";0;0;0;0;NA;350767;0;2020-07-13;-102796
2020-07-12;"Žilinský kraj";0;0;0;0;NA;350767;0;2020-07-12;-102796
2020-07-11;"Žilinský kraj";2;0;0;0;NA;350767;2;2020-07-11;-102796
2020-07-10;"Žilinský kraj";3;0;0;0;NA;350767;3;2020-07-10;-102798
2020-07-09;"Žilinský kraj";2;0;0;0;NA;350767;2;2020-07-09;-102801
2020-07-08;"Žilinský kraj";10;0;0;0;NA;350767;10;2020-07-08;-102803
2020-07-07;"Žilinský kraj";7;0;0;0;NA;350767;7;2020-07-07;-102813
2020-07-06;"Žilinský kraj";0;0;0;0;NA;350767;0;2020-07-06;-102820
2020-07-05;"Žilinský kraj";0;0;0;0;NA;350767;0;2020-07-05;-102820
2020-07-04;"Žilinský kraj";10;0;0;0;NA;350767;10;2020-07-04;-102820
2020-07-03;"Žilinský kraj";18;0;0;0;NA;350767;18;2020-07-03;-102830
2020-07-02;"Žilinský kraj";7;0;0;0;NA;350767;7;2020-07-02;-102848
2020-07-01;"Žilinský kraj";0;0;0;0;NA;350767;0;2020-07-01;-102855
2020-06-30;"Žilinský kraj";4;0;0;0;NA;350767;4;2020-06-30;-102855
2020-06-29;"Žilinský kraj";0;0;0;0;NA;350767;0;2020-06-29;-102859
2020-06-28;"Žilinský kraj";1;0;0;0;NA;350767;1;2020-06-28;-102859
2020-06-27;"Žilinský kraj";3;0;0;0;NA;350767;3;2020-06-27;-102860
2020-06-26;"Žilinský kraj";5;0;0;0;NA;350767;5;2020-06-26;-102863
2020-06-25;"Žilinský kraj";7;0;0;0;NA;350767;7;2020-06-25;-102868
2020-06-24;"Žilinský kraj";11;0;0;0;NA;350767;11;2020-06-24;-102875
2020-06-23;"Žilinský kraj";9;0;0;0;NA;350767;9;2020-06-23;-102886
2020-06-22;"Žilinský kraj";0;0;0;0;NA;350767;0;2020-06-22;-102895
2020-06-21;"Žilinský kraj";1;0;0;0;NA;350767;1;2020-06-21;-102895
2020-06-20;"Žilinský kraj";1;0;0;0;NA;350767;1;2020-06-20;-102896
2020-06-19;"Žilinský kraj";4;0;0;0;NA;350767;4;2020-06-19;-102897
2020-06-18;"Žilinský kraj";1;0;0;0;NA;350767;1;2020-06-18;-102901
2020-06-17;"Žilinský kraj";0;0;0;0;NA;350767;0;2020-06-17;-102902
2020-06-16;"Žilinský kraj";1;0;0;0;NA;350767;1;2020-06-16;-102902
2020-06-14;"Žilinský kraj";0;0;0;0;NA;350767;0;2020-06-14;-102903
2020-06-13;"Žilinský kraj";0;0;0;0;NA;350767;0;2020-06-13;-102903
2020-06-12;"Žilinský kraj";0;0;0;0;NA;350767;0;2020-06-12;-102903
2020-06-11;"Žilinský kraj";0;0;0;0;NA;350767;0;2020-06-11;-102903
2020-06-10;"Žilinský kraj";0;0;0;0;NA;350767;0;2020-06-10;-102903
2020-06-09;"Žilinský kraj";1;0;0;0;NA;350767;1;2020-06-09;-102903
2020-06-08;"Žilinský kraj";0;0;0;0;NA;350767;0;2020-06-08;-102904
2020-06-07;"Žilinský kraj";0;0;0;0;NA;350767;0;2020-06-07;-102904
2020-06-05;"Žilinský kraj";0;0;0;0;NA;350767;0;2020-06-05;-102904
2020-06-03;"Žilinský kraj";0;0;0;0;NA;350767;0;2020-06-03;-102904
2020-06-02;"Žilinský kraj";0;0;0;0;NA;350767;0;2020-06-02;-102904
2020-05-31;"Žilinský kraj";0;0;0;0;NA;350767;0;2020-05-31;-102904
2020-05-29;"Žilinský kraj";0;0;0;0;NA;350767;0;2020-05-29;-102904
2020-05-27;"Žilinský kraj";1;0;0;0;NA;350767;1;2020-05-27;-102904
2020-05-26;"Žilinský kraj";1;0;0;0;NA;350767;1;2020-05-26;-102905
2020-05-25;"Žilinský kraj";0;0;0;0;NA;350767;0;2020-05-25;-102906
2020-05-24;"Žilinský kraj";0;0;0;0;NA;350767;0;2020-05-24;-102906
2020-05-23;"Žilinský kraj";0;0;0;0;NA;350767;0;2020-05-23;-102906
2020-05-22;"Žilinský kraj";0;0;0;0;NA;350767;0;2020-05-22;-102906
2020-05-21;"Žilinský kraj";0;0;0;0;NA;350767;0;2020-05-21;-102906
2020-05-20;"Žilinský kraj";0;0;0;0;NA;350767;0;2020-05-20;-102906
2020-05-19;"Žilinský kraj";1;0;0;0;NA;350767;1;2020-05-19;-102906
2020-05-17;"Žilinský kraj";0;0;0;0;NA;350767;0;2020-05-17;-102907
2020-05-16;"Žilinský kraj";0;0;0;0;NA;350767;0;2020-05-16;-102907
2020-05-15;"Žilinský kraj";0;0;0;0;NA;350767;0;2020-05-15;-102907
2020-05-14;"Žilinský kraj";0;0;0;0;NA;350767;0;2020-05-14;-102907
2020-05-13;"Žilinský kraj";0;0;0;0;NA;350767;0;2020-05-13;-102907
2020-05-12;"Žilinský kraj";0;0;0;0;NA;350767;0;2020-05-12;-102907
2020-05-11;"Žilinský kraj";0;0;0;0;NA;350767;0;2020-05-11;-102907
2020-05-09;"Žilinský kraj";0;0;0;0;NA;350767;0;2020-05-09;-102907
2020-05-07;"Žilinský kraj";0;0;0;0;NA;350767;0;2020-05-07;-102907
2020-05-06;"Žilinský kraj";2;0;0;0;NA;350767;2;2020-05-06;-102907
2020-05-05;"Žilinský kraj";3;0;0;0;NA;350767;3;2020-05-05;-102909
2020-05-04;"Žilinský kraj";3;0;0;0;NA;350767;3;2020-05-04;-102912
2020-05-03;"Žilinský kraj";1;0;0;0;NA;350767;1;2020-05-03;-102915
2020-05-02;"Žilinský kraj";0;0;0;0;NA;350767;0;2020-05-02;-102916
2020-05-01;"Žilinský kraj";1;0;0;0;NA;350767;1;2020-05-01;-102916
2020-04-30;"Žilinský kraj";0;0;0;0;NA;350767;0;2020-04-30;-102917
2020-04-29;"Žilinský kraj";0;0;0;0;NA;350767;0;2020-04-29;-102917
2020-04-28;"Žilinský kraj";0;0;0;0;NA;350767;0;2020-04-28;-102917
2020-04-27;"Žilinský kraj";0;0;0;0;NA;350767;0;2020-04-27;-102917
2020-04-26;"Žilinský kraj";0;0;0;0;NA;350767;0;2020-04-26;-102917
2020-04-25;"Žilinský kraj";2;0;0;0;NA;350767;2;2020-04-25;-102917
2020-04-24;"Žilinský kraj";1;0;0;0;NA;350767;1;2020-04-24;-102919
2020-04-23;"Žilinský kraj";2;0;0;0;NA;350767;2;2020-04-23;-102920
2020-04-22;"Žilinský kraj";9;0;0;0;NA;350767;9;2020-04-22;-102922
2020-04-21;"Žilinský kraj";1;0;0;0;NA;350767;1;2020-04-21;-102931
2020-04-20;"Žilinský kraj";4;0;0;0;NA;350767;4;2020-04-20;-102932
2020-04-19;"Žilinský kraj";0;0;0;0;NA;350767;0;2020-04-19;-102936
2020-04-18;"Žilinský kraj";49;0;0;0;NA;350767;49;2020-04-18;-102936
2020-04-17;"Žilinský kraj";3;0;0;0;NA;350767;3;2020-04-17;-102985
2020-04-16;"Žilinský kraj";4;0;0;0;NA;350767;4;2020-04-16;-102988
2020-04-15;"Žilinský kraj";7;0;0;0;NA;350767;7;2020-04-15;-102992
2020-04-14;"Žilinský kraj";1;0;0;0;NA;350767;1;2020-04-14;-102999
2020-04-13;"Žilinský kraj";2;0;0;0;NA;350767;2;2020-04-13;-103000
2020-04-12;"Žilinský kraj";5;0;0;0;NA;350767;5;2020-04-12;-103002
2020-04-11;"Žilinský kraj";2;0;0;0;NA;350767;2;2020-04-11;-103007
2020-04-10;"Žilinský kraj";1;0;0;0;NA;350767;1;2020-04-10;-103009
2020-04-09;"Žilinský kraj";1;0;0;0;NA;350767;1;2020-04-09;-103010
2020-04-08;"Žilinský kraj";3;0;0;0;NA;350767;3;2020-04-08;-103011
2020-04-07;"Žilinský kraj";5;0;0;0;NA;350767;5;2020-04-07;-103014
2020-04-06;"Žilinský kraj";6;0;0;0;NA;350767;6;2020-04-06;-103019
2020-04-05;"Žilinský kraj";8;0;0;0;NA;350767;8;2020-04-05;-103025
2020-04-04;"Žilinský kraj";0;0;0;0;NA;350767;0;2020-04-04;-103033
2020-04-03;"Žilinský kraj";3;0;0;0;NA;350767;3;2020-04-03;-103033
2020-04-02;"Žilinský kraj";5;0;0;0;NA;350767;5;2020-04-02;-103036
2020-04-01;"Žilinský kraj";4;0;0;0;NA;350767;4;2020-04-01;-103041
2020-03-31;"Žilinský kraj";1;0;0;0;NA;350767;1;2020-03-31;-103045
2020-03-30;"Žilinský kraj";3;0;0;0;NA;350767;3;2020-03-30;-103046
2020-03-29;"Žilinský kraj";0;0;0;0;NA;350767;0;2020-03-29;-103049
2020-03-28;"Žilinský kraj";1;0;0;0;NA;350767;1;2020-03-28;-103049
2020-03-27;"Žilinský kraj";9;0;0;0;NA;350767;9;2020-03-27;-103050
2020-03-26;"Žilinský kraj";4;0;0;0;NA;350767;4;2020-03-26;-103059
2020-03-25;"Žilinský kraj";1;0;0;0;NA;350767;1;2020-03-25;-103063
2020-03-24;"Žilinský kraj";2;0;0;0;NA;350767;2;2020-03-24;-103064
2020-03-23;"Žilinský kraj";3;0;0;0;NA;350767;3;2020-03-23;-103066
2020-03-22;"Žilinský kraj";1;0;0;0;NA;350767;1;2020-03-22;-103069
2020-03-21;"Žilinský kraj";2;0;0;0;NA;350767;2;2020-03-21;-103070
2020-03-20;"Žilinský kraj";4;0;0;0;NA;350767;4;2020-03-20;-103072
2020-03-19;"Žilinský kraj";2;0;0;0;NA;350767;2;2020-03-19;-103076
2020-03-18;"Žilinský kraj";1;0;0;0;NA;350767;1;2020-03-18;-103078
2020-03-17;"Žilinský kraj";5;0;0;0;NA;350767;5;2020-03-17;-103079
2020-03-16;"Žilinský kraj";1;0;0;0;NA;350767;1;2020-03-16;-103084
2020-03-15;"Žilinský kraj";2;0;0;0;NA;350767;2;2020-03-15;-103085
2020-03-14;"Žilinský kraj";1;0;0;0;NA;350767;1;2020-03-14;-103087
2020-03-13;"Žilinský kraj";5;0;0;0;NA;350767;5;2020-03-13;-103088
2020-03-12;"Žilinský kraj";1;0;0;0;NA;350767;1;2020-03-12;-103093
2020-03-11;"Žilinský kraj";0;0;0;0;NA;350767;0;2020-03-11;-103094
2020-03-09;"Žilinský kraj";1;0;0;0;NA;350767;1;2020-03-09;-103094
2020-03-08;"Žilinský kraj";0;0;0;0;NA;350767;0;2020-03-08;-103095
2020-03-07;"Žilinský kraj";0;0;0;0;NA;350767;0;2020-03-07;-103095
2020-03-06;"Žilinský kraj";0;0;0;0;NA;350767;0;2020-03-06;-103095
