"Datum";"Region";"PCR_Pos";"Ag_Neg";"Ag_Pos";"Total";"Pocet.potvrdenych";"Potvrdenych";"newcases";"date";"positive"
2022-03-28;"Banskobystrický kraj";618;0;0;0;174948;263867;618;2022-03-28;263867
2022-03-27;"Banskobystrický kraj";147;332;104;436;NA;263867;251;2022-03-27;263249
2022-03-26;"Banskobystrický kraj";343;120;52;172;NA;263867;395;2022-03-26;262998
2022-03-25;"Banskobystrický kraj";721;1355;189;1544;NA;263867;910;2022-03-25;262603
2022-03-24;"Banskobystrický kraj";769;1773;161;1934;NA;263867;930;2022-03-24;261693
2022-03-23;"Banskobystrický kraj";823;1635;209;1844;NA;263867;1032;2022-03-23;260763
2022-03-22;"Banskobystrický kraj";1148;1703;220;1923;NA;263867;1368;2022-03-22;259731
2022-03-21;"Banskobystrický kraj";879;2709;356;3065;NA;263867;1235;2022-03-21;258363
2022-03-20;"Banskobystrický kraj";172;604;174;778;NA;263867;346;2022-03-20;257128
2022-03-19;"Banskobystrický kraj";529;218;89;307;NA;263867;618;2022-03-19;256782
2022-03-18;"Banskobystrický kraj";819;2081;200;2281;NA;263867;1019;2022-03-18;256164
2022-03-17;"Banskobystrický kraj";981;3476;224;3700;NA;263867;1205;2022-03-17;255145
2022-03-16;"Banskobystrický kraj";1189;1396;235;1631;NA;263867;1424;2022-03-16;253940
2022-03-15;"Banskobystrický kraj";1420;1730;231;1961;NA;263867;1651;2022-03-15;252516
2022-03-14;"Banskobystrický kraj";948;3220;426;3646;NA;263867;1374;2022-03-14;250865
2022-03-13;"Banskobystrický kraj";224;576;216;792;NA;263867;440;2022-03-13;249491
2022-03-12;"Banskobystrický kraj";625;262;94;356;NA;263867;719;2022-03-12;249051
2022-03-11;"Banskobystrický kraj";1144;1816;287;2103;NA;263867;1431;2022-03-11;248332
2022-03-10;"Banskobystrický kraj";1325;2126;311;2437;NA;263867;1636;2022-03-10;246901
2022-03-09;"Banskobystrický kraj";1370;2033;333;2366;NA;263867;1703;2022-03-09;245265
2022-03-08;"Banskobystrický kraj";1738;2327;376;2703;NA;263867;2114;2022-03-08;243562
2022-03-07;"Banskobystrický kraj";1048;4974;603;5577;NA;263867;1651;2022-03-07;241448
2022-03-06;"Banskobystrický kraj";356;1264;278;1542;NA;263867;634;2022-03-06;239797
2022-03-05;"Banskobystrický kraj";745;494;180;674;NA;263867;925;2022-03-05;239163
2022-03-04;"Banskobystrický kraj";1302;2574;390;2964;NA;263867;1692;2022-03-04;238238
2022-03-03;"Banskobystrický kraj";1766;3463;386;3849;NA;263867;2152;2022-03-03;236546
2022-03-02;"Banskobystrický kraj";1515;5604;415;6019;NA;263867;1930;2022-03-02;234394
2022-03-01;"Banskobystrický kraj";1842;3325;396;3721;NA;263867;2238;2022-03-01;232464
2022-02-28;"Banskobystrický kraj";1050;4913;708;5621;NA;263867;1758;2022-02-28;230226
2022-02-27;"Banskobystrický kraj";604;1162;303;1465;NA;263867;907;2022-02-27;228468
2022-02-26;"Banskobystrický kraj";909;528;154;682;NA;263867;1063;2022-02-26;227561
2022-02-25;"Banskobystrický kraj";1591;2517;430;2947;NA;263867;2021;2022-02-25;226498
2022-02-24;"Banskobystrický kraj";1781;3857;404;4261;NA;263867;2185;2022-02-24;224477
2022-02-23;"Banskobystrický kraj";2094;2869;454;3323;NA;263867;2548;2022-02-23;222292
2022-02-22;"Banskobystrický kraj";2195;3736;469;4205;NA;263867;2664;2022-02-22;219744
2022-02-21;"Banskobystrický kraj";1409;5732;806;6538;NA;263867;2215;2022-02-21;217080
2022-02-20;"Banskobystrický kraj";484;1717;423;2140;NA;263867;907;2022-02-20;214865
2022-02-19;"Banskobystrický kraj";1180;774;242;1016;NA;263867;1422;2022-02-19;213958
2022-02-18;"Banskobystrický kraj";2473;3620;541;4161;NA;263867;3014;2022-02-18;212536
2022-02-17;"Banskobystrický kraj";1924;4239;460;4699;NA;263867;2384;2022-02-17;209522
2022-02-16;"Banskobystrický kraj";1856;3633;543;4176;NA;263867;2399;2022-02-16;207138
2022-02-15;"Banskobystrický kraj";2287;4459;584;5043;NA;263867;2871;2022-02-15;204739
2022-02-14;"Banskobystrický kraj";2071;6844;891;7735;NA;263867;2962;2022-02-14;201868
2022-02-13;"Banskobystrický kraj";577;2247;471;2718;NA;263867;1048;2022-02-13;198906
2022-02-12;"Banskobystrický kraj";1308;906;308;1214;NA;263867;1616;2022-02-12;197858
2022-02-11;"Banskobystrický kraj";2684;3817;555;4372;NA;263867;3239;2022-02-11;196242
2022-02-10;"Banskobystrický kraj";1765;5732;567;6299;NA;263867;2332;2022-02-10;193003
2022-02-09;"Banskobystrický kraj";2544;3794;569;4363;NA;263867;3113;2022-02-09;190671
2022-02-08;"Banskobystrický kraj";1806;4417;538;4955;NA;263867;2344;2022-02-08;187558
2022-02-07;"Banskobystrický kraj";1683;7386;728;8114;NA;263867;2411;2022-02-07;185214
2022-02-06;"Banskobystrický kraj";604;2244;392;2636;NA;263867;996;2022-02-06;182803
2022-02-05;"Banskobystrický kraj";1032;1434;233;1667;NA;263867;1265;2022-02-05;181807
2022-02-04;"Banskobystrický kraj";1866;3745;438;4183;NA;263867;2304;2022-02-04;180542
2022-02-03;"Banskobystrický kraj";1561;5433;359;5792;NA;263867;1920;2022-02-03;178238
2022-02-02;"Banskobystrický kraj";1716;4780;395;5175;NA;263867;2111;2022-02-02;176318
2022-02-01;"Banskobystrický kraj";1918;4558;410;4968;NA;263867;2328;2022-02-01;174207
2022-01-31;"Banskobystrický kraj";779;9006;553;9559;NA;263867;1332;2022-01-31;171879
2022-01-30;"Banskobystrický kraj";412;3055;267;3322;NA;263867;679;2022-01-30;170547
2022-01-29;"Banskobystrický kraj";981;1155;174;1329;NA;263867;1155;2022-01-29;169868
2022-01-28;"Banskobystrický kraj";1040;3814;313;4127;NA;263867;1353;2022-01-28;168713
2022-01-27;"Banskobystrický kraj";1035;4955;225;5180;NA;263867;1260;2022-01-27;167360
2022-01-26;"Banskobystrický kraj";1060;4035;213;4248;NA;263867;1273;2022-01-26;166100
2022-01-25;"Banskobystrický kraj";1001;6118;257;6375;NA;263867;1258;2022-01-25;164827
2022-01-24;"Banskobystrický kraj";557;10186;257;10443;NA;263867;814;2022-01-24;163569
2022-01-23;"Banskobystrický kraj";246;3710;129;3839;NA;263867;375;2022-01-23;162755
2022-01-22;"Banskobystrický kraj";411;1077;64;1141;NA;263867;475;2022-01-22;162380
2022-01-21;"Banskobystrický kraj";578;3491;113;3604;NA;263867;691;2022-01-21;161905
2022-01-20;"Banskobystrický kraj";490;3809;91;3900;NA;263867;581;2022-01-20;161214
2022-01-19;"Banskobystrický kraj";421;4173;98;4271;NA;263867;519;2022-01-19;160633
2022-01-18;"Banskobystrický kraj";517;4737;95;4832;NA;263867;612;2022-01-18;160114
2022-01-17;"Banskobystrický kraj";269;8102;114;8216;NA;263867;383;2022-01-17;159502
2022-01-16;"Banskobystrický kraj";63;2746;84;2830;NA;263867;147;2022-01-16;159119
2022-01-15;"Banskobystrický kraj";287;858;16;874;NA;263867;303;2022-01-15;158972
2022-01-14;"Banskobystrický kraj";165;2758;67;2825;NA;263867;232;2022-01-14;158669
2022-01-13;"Banskobystrický kraj";182;3411;57;3468;NA;263867;239;2022-01-13;158437
2022-01-12;"Banskobystrický kraj";241;3787;67;3854;NA;263867;308;2022-01-12;158198
2022-01-11;"Banskobystrický kraj";327;4970;74;5044;NA;263867;401;2022-01-11;157890
2022-01-10;"Banskobystrický kraj";219;7978;108;8086;NA;263867;327;2022-01-10;157489
2022-01-09;"Banskobystrický kraj";54;3514;38;3552;NA;263867;92;2022-01-09;157162
2022-01-08;"Banskobystrický kraj";177;1054;40;1094;NA;263867;217;2022-01-08;157070
2022-01-07;"Banskobystrický kraj";320;3087;86;3173;NA;263867;406;2022-01-07;156853
2022-01-06;"Banskobystrický kraj";101;985;21;1006;NA;263867;122;2022-01-06;156447
2022-01-05;"Banskobystrický kraj";376;2852;67;2919;NA;263867;443;2022-01-05;156325
2022-01-04;"Banskobystrický kraj";458;4197;72;4269;NA;263867;530;2022-01-04;155882
2022-01-03;"Banskobystrický kraj";420;8216;115;8331;NA;263867;535;2022-01-03;155352
2022-01-02;"Banskobystrický kraj";117;2239;95;2334;NA;263867;212;2022-01-02;154817
2022-01-01;"Banskobystrický kraj";33;80;4;84;NA;263867;37;2022-01-01;154605
2021-12-31;"Banskobystrický kraj";314;1803;68;1871;NA;263867;382;2021-12-31;154568
2021-12-30;"Banskobystrický kraj";308;2833;88;2921;NA;263867;396;2021-12-30;154186
2021-12-29;"Banskobystrický kraj";390;2448;83;2531;NA;263867;473;2021-12-29;153790
2021-12-28;"Banskobystrický kraj";492;2902;95;2997;NA;263867;587;2021-12-28;153317
2021-12-27;"Banskobystrický kraj";397;5029;203;5232;NA;263867;600;2021-12-27;152730
2021-12-26;"Banskobystrický kraj";76;1245;62;1307;NA;263867;138;2021-12-26;152130
2021-12-25;"Banskobystrický kraj";107;373;45;418;NA;263867;152;2021-12-25;151992
2021-12-24;"Banskobystrický kraj";116;213;10;223;NA;263867;126;2021-12-24;151840
2021-12-23;"Banskobystrický kraj";429;3501;107;3608;NA;263867;536;2021-12-23;151714
2021-12-22;"Banskobystrický kraj";393;3394;106;3500;NA;263867;499;2021-12-22;151178
2021-12-21;"Banskobystrický kraj";508;4173;88;4261;NA;263867;596;2021-12-21;150679
2021-12-20;"Banskobystrický kraj";424;7610;186;7796;NA;263867;610;2021-12-20;150083
2021-12-19;"Banskobystrický kraj";39;2681;87;2768;NA;263867;126;2021-12-19;149473
2021-12-18;"Banskobystrický kraj";333;1036;67;1103;NA;263867;400;2021-12-18;149347
2021-12-17;"Banskobystrický kraj";465;3805;102;3907;NA;263867;567;2021-12-17;148947
2021-12-16;"Banskobystrický kraj";499;4278;116;4394;NA;263867;615;2021-12-16;148380
2021-12-15;"Banskobystrický kraj";554;4772;102;4874;NA;263867;656;2021-12-15;147765
2021-12-14;"Banskobystrický kraj";729;4614;108;4722;NA;263867;837;2021-12-14;147109
2021-12-13;"Banskobystrický kraj";470;8201;222;8423;NA;263867;692;2021-12-13;146272
2021-12-12;"Banskobystrický kraj";161;3332;101;3433;NA;263867;262;2021-12-12;145580
2021-12-11;"Banskobystrický kraj";568;1166;82;1248;NA;263867;650;2021-12-11;145318
2021-12-10;"Banskobystrický kraj";731;4033;185;4218;NA;263867;916;2021-12-10;144668
2021-12-09;"Banskobystrický kraj";652;4381;139;4520;NA;263867;791;2021-12-09;143752
2021-12-08;"Banskobystrický kraj";1087;4100;169;4269;NA;263867;1256;2021-12-08;142961
2021-12-07;"Banskobystrický kraj";1104;5410;201;5611;NA;263867;1305;2021-12-07;141705
2021-12-06;"Banskobystrický kraj";647;9113;324;9437;NA;263867;971;2021-12-06;140400
2021-12-05;"Banskobystrický kraj";217;3425;155;3580;NA;263867;372;2021-12-05;139429
2021-12-04;"Banskobystrický kraj";654;1334;131;1465;NA;263867;785;2021-12-04;139057
2021-12-03;"Banskobystrický kraj";1117;5057;246;5303;NA;263867;1363;2021-12-03;138272
2021-12-02;"Banskobystrický kraj";1710;5259;258;5517;NA;263867;1968;2021-12-02;136909
2021-12-01;"Banskobystrický kraj";947;4753;264;5017;NA;263867;1211;2021-12-01;134941
2021-11-30;"Banskobystrický kraj";1266;6543;245;6788;NA;263867;1511;2021-11-30;133730
2021-11-29;"Banskobystrický kraj";591;10653;468;11121;NA;263867;1059;2021-11-29;132219
2021-11-28;"Banskobystrický kraj";418;4289;216;4505;NA;263867;634;2021-11-28;131160
2021-11-27;"Banskobystrický kraj";827;1781;208;1989;NA;263867;1035;2021-11-27;130526
2021-11-26;"Banskobystrický kraj";963;4771;354;5125;NA;263867;1317;2021-11-26;129491
2021-11-25;"Banskobystrický kraj";1110;5911;350;6261;NA;263867;1460;2021-11-25;128174
2021-11-24;"Banskobystrický kraj";1387;5956;330;6286;NA;263867;1717;2021-11-24;126714
2021-11-23;"Banskobystrický kraj";1436;6082;377;6459;NA;263867;1813;2021-11-23;124997
2021-11-22;"Banskobystrický kraj";489;8727;579;9306;NA;263867;1068;2021-11-22;123184
2021-11-21;"Banskobystrický kraj";408;4109;307;4416;NA;263867;715;2021-11-21;122116
2021-11-20;"Banskobystrický kraj";985;1758;199;1957;NA;263867;1184;2021-11-20;121401
2021-11-19;"Banskobystrický kraj";1006;4886;470;5356;NA;263867;1476;2021-11-19;120217
2021-11-18;"Banskobystrický kraj";979;8037;620;8657;NA;263867;1599;2021-11-18;118741
2021-11-17;"Banskobystrický kraj";772;1051;147;1198;NA;263867;919;2021-11-17;117142
2021-11-16;"Banskobystrický kraj";1130;5473;453;5926;NA;263867;1583;2021-11-16;116223
2021-11-15;"Banskobystrický kraj";749;7884;588;8472;NA;263867;1337;2021-11-15;114640
2021-11-14;"Banskobystrický kraj";311;2629;302;2931;NA;263867;613;2021-11-14;113303
2021-11-13;"Banskobystrický kraj";761;1471;214;1685;NA;263867;975;2021-11-13;112690
2021-11-12;"Banskobystrický kraj";972;5019;434;5453;NA;263867;1406;2021-11-12;111715
2021-11-11;"Banskobystrický kraj";1023;5584;345;5929;NA;263867;1368;2021-11-11;110309
2021-11-10;"Banskobystrický kraj";950;4713;333;5046;NA;263867;1283;2021-11-10;108941
2021-11-09;"Banskobystrický kraj";921;4616;283;4899;NA;263867;1204;2021-11-09;107658
2021-11-08;"Banskobystrický kraj";519;7249;488;7737;NA;263867;1007;2021-11-08;106454
2021-11-07;"Banskobystrický kraj";460;2479;258;2737;NA;263867;718;2021-11-07;105447
2021-11-06;"Banskobystrický kraj";505;1344;170;1514;NA;263867;675;2021-11-06;104729
2021-11-05;"Banskobystrický kraj";997;4773;342;5115;NA;263867;1339;2021-11-05;104054
2021-11-04;"Banskobystrický kraj";1086;4811;248;5059;NA;263867;1334;2021-11-04;102715
2021-11-03;"Banskobystrický kraj";976;4825;330;5155;NA;263867;1306;2021-11-03;101381
2021-11-02;"Banskobystrický kraj";538;5709;492;6201;NA;263867;1030;2021-11-02;100075
2021-11-01;"Banskobystrický kraj";390;1178;132;1310;NA;263867;522;2021-11-01;99045
2021-10-31;"Banskobystrický kraj";150;1700;210;1910;NA;263867;360;2021-10-31;98523
2021-10-30;"Banskobystrický kraj";449;1508;140;1648;NA;263867;589;2021-10-30;98163
2021-10-29;"Banskobystrický kraj";780;4178;286;4464;NA;263867;1066;2021-10-29;97574
2021-10-28;"Banskobystrický kraj";744;4182;247;4429;NA;263867;991;2021-10-28;96508
2021-10-27;"Banskobystrický kraj";664;4577;233;4810;NA;263867;897;2021-10-27;95517
2021-10-26;"Banskobystrický kraj";700;3673;187;3860;NA;263867;887;2021-10-26;94620
2021-10-25;"Banskobystrický kraj";376;5478;257;5735;NA;263867;633;2021-10-25;93733
2021-10-24;"Banskobystrický kraj";161;1707;143;1850;NA;263867;304;2021-10-24;93100
2021-10-23;"Banskobystrický kraj";238;1286;79;1365;NA;263867;317;2021-10-23;92796
2021-10-22;"Banskobystrický kraj";530;3816;185;4001;NA;263867;715;2021-10-22;92479
2021-10-21;"Banskobystrický kraj";416;4128;140;4268;NA;263867;556;2021-10-21;91764
2021-10-20;"Banskobystrický kraj";387;3615;123;3738;NA;263867;510;2021-10-20;91208
2021-10-19;"Banskobystrický kraj";419;4094;103;4197;NA;263867;522;2021-10-19;90698
2021-10-18;"Banskobystrický kraj";162;5286;175;5461;NA;263867;337;2021-10-18;90176
2021-10-17;"Banskobystrický kraj";26;1555;71;1626;NA;263867;97;2021-10-17;89839
2021-10-16;"Banskobystrický kraj";162;1387;50;1437;NA;263867;212;2021-10-16;89742
2021-10-15;"Banskobystrický kraj";187;3693;81;3774;NA;263867;268;2021-10-15;89530
2021-10-14;"Banskobystrický kraj";198;3705;47;3752;NA;263867;245;2021-10-14;89262
2021-10-13;"Banskobystrický kraj";217;3068;55;3123;NA;263867;272;2021-10-13;89017
2021-10-12;"Banskobystrický kraj";301;3743;59;3802;NA;263867;360;2021-10-12;88745
2021-10-11;"Banskobystrický kraj";128;4734;96;4830;NA;263867;224;2021-10-11;88385
2021-10-10;"Banskobystrický kraj";26;1815;53;1868;NA;263867;79;2021-10-10;88161
2021-10-09;"Banskobystrický kraj";73;1122;27;1149;NA;263867;100;2021-10-09;88082
2021-10-08;"Banskobystrický kraj";239;3027;61;3088;NA;263867;300;2021-10-08;87982
2021-10-07;"Banskobystrický kraj";179;3437;42;3479;NA;263867;221;2021-10-07;87682
2021-10-06;"Banskobystrický kraj";136;3862;48;3910;NA;263867;184;2021-10-06;87461
2021-10-05;"Banskobystrický kraj";209;2979;54;3033;NA;263867;263;2021-10-05;87277
2021-10-04;"Banskobystrický kraj";126;3725;64;3789;NA;263867;190;2021-10-04;87014
2021-10-03;"Banskobystrický kraj";11;1407;34;1441;NA;263867;45;2021-10-03;86824
2021-10-02;"Banskobystrický kraj";66;1042;26;1068;NA;263867;92;2021-10-02;86779
2021-10-01;"Banskobystrický kraj";158;3228;51;3279;NA;263867;209;2021-10-01;86687
2021-09-30;"Banskobystrický kraj";120;3362;30;3392;NA;263867;150;2021-09-30;86478
2021-09-29;"Banskobystrický kraj";118;2626;40;2666;NA;263867;158;2021-09-29;86328
2021-09-28;"Banskobystrický kraj";112;3061;45;3106;NA;263867;157;2021-09-28;86170
2021-09-27;"Banskobystrický kraj";90;4456;72;4528;NA;263867;162;2021-09-27;86013
2021-09-26;"Banskobystrický kraj";17;1498;31;1529;NA;263867;48;2021-09-26;85851
2021-09-25;"Banskobystrický kraj";17;1481;7;1488;NA;263867;24;2021-09-25;85803
2021-09-24;"Banskobystrický kraj";98;4254;32;4286;NA;263867;130;2021-09-24;85779
2021-09-23;"Banskobystrický kraj";63;3019;13;3032;NA;263867;76;2021-09-23;85649
2021-09-22;"Banskobystrický kraj";75;2442;19;2461;NA;263867;94;2021-09-22;85573
2021-09-21;"Banskobystrický kraj";125;2976;20;2996;NA;263867;145;2021-09-21;85479
2021-09-20;"Banskobystrický kraj";45;3951;30;3981;NA;263867;75;2021-09-20;85334
2021-09-19;"Banskobystrický kraj";6;1456;24;1480;NA;263867;30;2021-09-19;85259
2021-09-18;"Banskobystrický kraj";44;1318;15;1333;NA;263867;59;2021-09-18;85229
2021-09-17;"Banskobystrický kraj";73;3485;32;3517;NA;263867;105;2021-09-17;85170
2021-09-16;"Banskobystrický kraj";95;3019;29;3048;NA;263867;124;2021-09-16;85065
2021-09-15;"Banskobystrický kraj";22;394;1;395;NA;263867;23;2021-09-15;84941
2021-09-14;"Banskobystrický kraj";95;2508;28;2536;NA;263867;123;2021-09-14;84918
2021-09-13;"Banskobystrický kraj";29;3206;28;3234;NA;263867;57;2021-09-13;84795
2021-09-12;"Banskobystrický kraj";7;958;15;973;NA;263867;22;2021-09-12;84738
2021-09-11;"Banskobystrický kraj";31;865;11;876;NA;263867;42;2021-09-11;84716
2021-09-10;"Banskobystrický kraj";59;2250;24;2274;NA;263867;83;2021-09-10;84674
2021-09-09;"Banskobystrický kraj";46;2011;17;2028;NA;263867;63;2021-09-09;84591
2021-09-08;"Banskobystrický kraj";46;1713;27;1740;NA;263867;73;2021-09-08;84528
2021-09-07;"Banskobystrický kraj";27;1422;21;1443;NA;263867;48;2021-09-07;84455
2021-09-06;"Banskobystrický kraj";26;2570;13;2583;NA;263867;39;2021-09-06;84407
2021-09-05;"Banskobystrický kraj";9;742;2;744;NA;263867;11;2021-09-05;84368
2021-09-04;"Banskobystrický kraj";14;745;10;755;NA;263867;24;2021-09-04;84357
2021-09-03;"Banskobystrický kraj";49;2116;22;2138;NA;263867;71;2021-09-03;84333
2021-09-02;"Banskobystrický kraj";19;1730;25;1755;NA;263867;44;2021-09-02;84262
2021-09-01;"Banskobystrický kraj";6;230;6;236;NA;263867;12;2021-09-01;84218
2021-08-31;"Banskobystrický kraj";18;1406;13;1419;NA;263867;31;2021-08-31;84206
2021-08-30;"Banskobystrický kraj";23;1867;10;1877;NA;263867;33;2021-08-30;84175
2021-08-29;"Banskobystrický kraj";0;351;5;356;NA;263867;5;2021-08-29;84142
2021-08-28;"Banskobystrický kraj";9;827;5;832;NA;263867;14;2021-08-28;84137
2021-08-27;"Banskobystrický kraj";7;1608;12;1620;NA;263867;19;2021-08-27;84123
2021-08-26;"Banskobystrický kraj";7;1161;2;1163;NA;263867;9;2021-08-26;84104
2021-08-25;"Banskobystrický kraj";6;1052;1;1053;NA;263867;7;2021-08-25;84095
2021-08-24;"Banskobystrický kraj";12;1117;1;1118;NA;263867;13;2021-08-24;84088
2021-08-23;"Banskobystrický kraj";7;1368;5;1373;NA;263867;12;2021-08-23;84075
2021-08-22;"Banskobystrický kraj";0;773;2;775;NA;263867;2;2021-08-22;84063
2021-08-21;"Banskobystrický kraj";3;793;1;794;NA;263867;4;2021-08-21;84061
2021-08-20;"Banskobystrický kraj";5;1616;4;1620;NA;263867;9;2021-08-20;84057
2021-08-19;"Banskobystrický kraj";4;1092;3;1095;NA;263867;7;2021-08-19;84048
2021-08-18;"Banskobystrický kraj";1;1044;1;1045;NA;263867;2;2021-08-18;84041
2021-08-17;"Banskobystrický kraj";12;890;0;890;NA;263867;12;2021-08-17;84039
2021-08-16;"Banskobystrický kraj";7;1321;3;1324;NA;263867;10;2021-08-16;84027
2021-08-15;"Banskobystrický kraj";0;366;3;369;NA;263867;3;2021-08-15;84017
2021-08-14;"Banskobystrický kraj";6;435;1;436;NA;263867;7;2021-08-14;84014
2021-08-13;"Banskobystrický kraj";11;898;0;898;NA;263867;11;2021-08-13;84007
2021-08-12;"Banskobystrický kraj";10;951;1;952;NA;263867;11;2021-08-12;83996
2021-08-11;"Banskobystrický kraj";7;575;3;578;NA;263867;10;2021-08-11;83985
2021-08-10;"Banskobystrický kraj";7;678;2;680;NA;263867;9;2021-08-10;83975
2021-08-09;"Banskobystrický kraj";9;1064;0;1064;NA;263867;9;2021-08-09;83966
2021-08-08;"Banskobystrický kraj";4;335;1;336;NA;263867;5;2021-08-08;83957
2021-08-07;"Banskobystrický kraj";0;308;4;312;NA;263867;4;2021-08-07;83952
2021-08-06;"Banskobystrický kraj";5;929;2;931;NA;263867;7;2021-08-06;83948
2021-08-05;"Banskobystrický kraj";2;838;1;839;NA;263867;3;2021-08-05;83941
2021-08-04;"Banskobystrický kraj";2;579;1;580;NA;263867;3;2021-08-04;83938
2021-08-03;"Banskobystrický kraj";4;743;0;743;NA;263867;4;2021-08-03;83935
2021-08-02;"Banskobystrický kraj";6;934;0;934;NA;263867;6;2021-08-02;83931
2021-08-01;"Banskobystrický kraj";0;271;0;271;NA;263867;0;2021-08-01;83925
2021-07-31;"Banskobystrický kraj";1;370;4;374;NA;263867;5;2021-07-31;83925
2021-07-30;"Banskobystrický kraj";27;928;2;930;NA;263867;29;2021-07-30;83920
2021-07-29;"Banskobystrický kraj";2;890;1;891;NA;263867;3;2021-07-29;83891
2021-07-28;"Banskobystrický kraj";4;520;1;521;NA;263867;5;2021-07-28;83888
2021-07-27;"Banskobystrický kraj";15;1092;0;1092;NA;263867;15;2021-07-27;83883
2021-07-26;"Banskobystrický kraj";2;911;1;912;NA;263867;3;2021-07-26;83868
2021-07-25;"Banskobystrický kraj";0;367;1;368;NA;263867;1;2021-07-25;83865
2021-07-24;"Banskobystrický kraj";2;298;0;298;NA;263867;2;2021-07-24;83864
2021-07-23;"Banskobystrický kraj";7;840;0;840;NA;263867;7;2021-07-23;83862
2021-07-22;"Banskobystrický kraj";5;727;3;730;NA;263867;8;2021-07-22;83855
2021-07-21;"Banskobystrický kraj";2;560;0;560;NA;263867;2;2021-07-21;83847
2021-07-20;"Banskobystrický kraj";6;885;2;887;NA;263867;8;2021-07-20;83845
2021-07-19;"Banskobystrický kraj";1;854;3;857;NA;263867;4;2021-07-19;83837
2021-07-18;"Banskobystrický kraj";0;377;1;378;NA;263867;1;2021-07-18;83833
2021-07-17;"Banskobystrický kraj";1;324;0;324;NA;263867;1;2021-07-17;83832
2021-07-16;"Banskobystrický kraj";3;974;1;975;NA;263867;4;2021-07-16;83831
2021-07-15;"Banskobystrický kraj";1;1038;0;1038;NA;263867;1;2021-07-15;83827
2021-07-14;"Banskobystrický kraj";3;765;0;765;NA;263867;3;2021-07-14;83826
2021-07-13;"Banskobystrický kraj";2;695;0;695;NA;263867;2;2021-07-13;83823
2021-07-12;"Banskobystrický kraj";1;1057;0;1057;NA;263867;1;2021-07-12;83821
2021-07-11;"Banskobystrický kraj";0;446;0;446;NA;263867;0;2021-07-11;83820
2021-07-10;"Banskobystrický kraj";2;368;0;368;NA;263867;2;2021-07-10;83820
2021-07-09;"Banskobystrický kraj";3;1209;0;1209;NA;263867;3;2021-07-09;83818
2021-07-08;"Banskobystrický kraj";0;1083;1;1084;NA;263867;1;2021-07-08;83815
2021-07-07;"Banskobystrický kraj";1;798;0;798;NA;263867;1;2021-07-07;83814
2021-07-06;"Banskobystrický kraj";6;1365;0;1365;NA;263867;6;2021-07-06;83813
2021-07-05;"Banskobystrický kraj";2;392;1;393;NA;263867;3;2021-07-05;83807
2021-07-04;"Banskobystrický kraj";0;318;0;318;NA;263867;0;2021-07-04;83804
2021-07-03;"Banskobystrický kraj";1;413;1;414;NA;263867;2;2021-07-03;83804
2021-07-02;"Banskobystrický kraj";3;1045;0;1045;NA;263867;3;2021-07-02;83802
2021-07-01;"Banskobystrický kraj";0;705;1;706;NA;263867;1;2021-07-01;83799
2021-06-30;"Banskobystrický kraj";3;7607;1;7608;NA;263867;4;2021-06-30;83798
2021-06-29;"Banskobystrický kraj";2;4642;1;4643;NA;263867;3;2021-06-29;83794
2021-06-28;"Banskobystrický kraj";3;5695;1;5696;NA;263867;4;2021-06-28;83791
2021-06-27;"Banskobystrický kraj";0;4369;5;4374;NA;263867;5;2021-06-27;83787
2021-06-26;"Banskobystrický kraj";0;4289;4;4293;NA;263867;4;2021-06-26;83782
2021-06-25;"Banskobystrický kraj";2;6717;2;6719;NA;263867;4;2021-06-25;83778
2021-06-24;"Banskobystrický kraj";6;4585;2;4587;NA;263867;8;2021-06-24;83774
2021-06-23;"Banskobystrický kraj";4;4947;0;4947;NA;263867;4;2021-06-23;83766
2021-06-22;"Banskobystrický kraj";7;4527;0;4527;NA;263867;7;2021-06-22;83762
2021-06-21;"Banskobystrický kraj";6;5836;8;5844;NA;263867;14;2021-06-21;83755
2021-06-20;"Banskobystrický kraj";0;5055;7;5062;NA;263867;7;2021-06-20;83741
2021-06-19;"Banskobystrický kraj";0;5639;4;5643;NA;263867;4;2021-06-19;83734
2021-06-18;"Banskobystrický kraj";4;7642;1;7643;NA;263867;5;2021-06-18;83730
2021-06-17;"Banskobystrický kraj";2;5245;3;5248;NA;263867;5;2021-06-17;83725
2021-06-16;"Banskobystrický kraj";10;5951;5;5956;NA;263867;15;2021-06-16;83720
2021-06-15;"Banskobystrický kraj";9;5576;6;5582;NA;263867;15;2021-06-15;83705
2021-06-14;"Banskobystrický kraj";8;6922;7;6929;NA;263867;15;2021-06-14;83690
2021-06-13;"Banskobystrický kraj";0;6407;7;6414;NA;263867;7;2021-06-13;83675
2021-06-12;"Banskobystrický kraj";3;6338;6;6344;NA;263867;9;2021-06-12;83668
2021-06-11;"Banskobystrický kraj";5;9693;15;9708;NA;263867;20;2021-06-11;83659
2021-06-10;"Banskobystrický kraj";10;5726;8;5734;NA;263867;18;2021-06-10;83639
2021-06-09;"Banskobystrický kraj";9;5720;4;5724;NA;263867;13;2021-06-09;83621
2021-06-08;"Banskobystrický kraj";15;5645;10;5655;NA;263867;25;2021-06-08;83608
2021-06-07;"Banskobystrický kraj";4;7582;21;7603;NA;263867;25;2021-06-07;83583
2021-06-06;"Banskobystrický kraj";1;7497;12;7509;NA;263867;13;2021-06-06;83558
2021-06-05;"Banskobystrický kraj";15;7531;9;7540;NA;263867;24;2021-06-05;83545
2021-06-04;"Banskobystrický kraj";2;9352;14;9366;NA;263867;16;2021-06-04;83521
2021-06-03;"Banskobystrický kraj";8;6507;24;6531;NA;263867;32;2021-06-03;83505
2021-06-02;"Banskobystrický kraj";7;6837;6;6843;NA;263867;13;2021-06-02;83473
2021-06-01;"Banskobystrický kraj";12;7146;14;7160;NA;263867;26;2021-06-01;83460
2021-05-31;"Banskobystrický kraj";4;9546;31;9577;NA;263867;35;2021-05-31;83434
2021-05-30;"Banskobystrický kraj";3;8959;19;8978;NA;263867;22;2021-05-30;83399
2021-05-29;"Banskobystrický kraj";11;9763;18;9781;NA;263867;29;2021-05-29;83377
2021-05-28;"Banskobystrický kraj";13;11905;27;11932;NA;263867;40;2021-05-28;83348
2021-05-27;"Banskobystrický kraj";7;8760;12;8772;NA;263867;19;2021-05-27;83308
2021-05-26;"Banskobystrický kraj";18;7905;17;7922;NA;263867;35;2021-05-26;83289
2021-05-25;"Banskobystrický kraj";27;8951;30;8981;NA;263867;57;2021-05-25;83254
2021-05-24;"Banskobystrický kraj";9;12469;44;12513;NA;263867;53;2021-05-24;83197
2021-05-23;"Banskobystrický kraj";0;9798;27;9825;NA;263867;27;2021-05-23;83144
2021-05-22;"Banskobystrický kraj";20;9608;26;9634;NA;263867;46;2021-05-22;83117
2021-05-21;"Banskobystrický kraj";22;12796;25;12821;NA;263867;47;2021-05-21;83071
2021-05-20;"Banskobystrický kraj";14;8994;25;9019;NA;263867;39;2021-05-20;83024
2021-05-19;"Banskobystrický kraj";42;8608;21;8629;NA;263867;63;2021-05-19;82985
2021-05-18;"Banskobystrický kraj";27;9450;25;9475;NA;263867;52;2021-05-18;82922
2021-05-17;"Banskobystrický kraj";11;13399;33;13432;NA;263867;44;2021-05-17;82870
2021-05-16;"Banskobystrický kraj";15;14072;26;14098;NA;263867;41;2021-05-16;82826
2021-05-15;"Banskobystrický kraj";11;15356;29;15385;NA;263867;40;2021-05-15;82785
2021-05-14;"Banskobystrický kraj";35;18939;45;18984;NA;263867;80;2021-05-14;82745
2021-05-13;"Banskobystrický kraj";37;10605;40;10645;NA;263867;77;2021-05-13;82665
2021-05-12;"Banskobystrický kraj";31;10857;45;10902;NA;263867;76;2021-05-12;82588
2021-05-11;"Banskobystrický kraj";42;11325;48;11373;NA;263867;90;2021-05-11;82512
2021-05-10;"Banskobystrický kraj";28;17621;68;17689;NA;263867;96;2021-05-10;82422
2021-05-09;"Banskobystrický kraj";25;21902;68;21970;NA;263867;93;2021-05-09;82326
2021-05-08;"Banskobystrický kraj";11;14285;26;14311;NA;263867;37;2021-05-08;82233
2021-05-07;"Banskobystrický kraj";41;21806;78;21884;NA;263867;119;2021-05-07;82196
2021-05-06;"Banskobystrický kraj";36;12251;70;12321;NA;263867;106;2021-05-06;82077
2021-05-05;"Banskobystrický kraj";34;12592;63;12655;NA;263867;97;2021-05-05;81971
2021-05-04;"Banskobystrický kraj";83;13888;47;13935;NA;263867;130;2021-05-04;81874
2021-05-03;"Banskobystrický kraj";30;20872;80;20952;NA;263867;110;2021-05-03;81744
2021-05-02;"Banskobystrický kraj";6;33040;60;33100;NA;263867;66;2021-05-02;81634
2021-05-01;"Banskobystrický kraj";54;36900;67;36967;NA;263867;121;2021-05-01;81568
2021-04-30;"Banskobystrický kraj";38;34957;86;35043;NA;263867;124;2021-04-30;81447
2021-04-29;"Banskobystrický kraj";55;16839;68;16907;NA;263867;123;2021-04-29;81323
2021-04-28;"Banskobystrický kraj";66;17959;67;18026;NA;263867;133;2021-04-28;81200
2021-04-27;"Banskobystrický kraj";70;19152;73;19225;NA;263867;143;2021-04-27;81067
2021-04-26;"Banskobystrický kraj";34;28517;101;28618;NA;263867;135;2021-04-26;80924
2021-04-25;"Banskobystrický kraj";14;40601;106;40707;NA;263867;120;2021-04-25;80789
2021-04-24;"Banskobystrický kraj";40;51944;98;52042;NA;263867;138;2021-04-24;80669
2021-04-23;"Banskobystrický kraj";78;37922;88;38010;NA;263867;166;2021-04-23;80531
2021-04-22;"Banskobystrický kraj";51;17415;57;17472;NA;263867;108;2021-04-22;80365
2021-04-21;"Banskobystrický kraj";76;19218;94;19312;NA;263867;170;2021-04-21;80257
2021-04-20;"Banskobystrický kraj";116;21234;98;21332;NA;263867;214;2021-04-20;80087
2021-04-19;"Banskobystrický kraj";48;31408;105;31513;NA;263867;153;2021-04-19;79873
2021-04-18;"Banskobystrický kraj";16;43375;90;43465;NA;263867;106;2021-04-18;79720
2021-04-17;"Banskobystrický kraj";42;64939;92;65031;NA;263867;134;2021-04-17;79614
2021-04-16;"Banskobystrický kraj";72;37307;100;37407;NA;263867;172;2021-04-16;79480
2021-04-15;"Banskobystrický kraj";67;20127;83;20210;NA;263867;150;2021-04-15;79308
2021-04-14;"Banskobystrický kraj";69;21260;86;21346;NA;263867;155;2021-04-14;79158
2021-04-13;"Banskobystrický kraj";130;23076;77;23153;NA;263867;207;2021-04-13;79003
2021-04-12;"Banskobystrický kraj";60;32272;130;32402;NA;263867;190;2021-04-12;78796
2021-04-11;"Banskobystrický kraj";0;41367;88;41455;NA;263867;88;2021-04-11;78606
2021-04-10;"Banskobystrický kraj";56;64728;141;64869;NA;263867;197;2021-04-10;78518
2021-04-09;"Banskobystrický kraj";106;31570;118;31688;NA;263867;224;2021-04-09;78321
2021-04-08;"Banskobystrický kraj";132;19000;148;19148;NA;263867;280;2021-04-08;78097
2021-04-07;"Banskobystrický kraj";226;25121;94;25215;NA;263867;320;2021-04-07;77817
2021-04-06;"Banskobystrický kraj";93;42496;187;42683;NA;263867;280;2021-04-06;77497
2021-04-05;"Banskobystrický kraj";15;11797;87;11884;NA;263867;102;2021-04-05;77217
2021-04-04;"Banskobystrický kraj";24;19683;79;19762;NA;263867;103;2021-04-04;77115
2021-04-03;"Banskobystrický kraj";5;72553;211;72764;NA;263867;216;2021-04-03;77012
2021-04-02;"Banskobystrický kraj";71;13455;66;13521;NA;263867;137;2021-04-02;76796
2021-04-01;"Banskobystrický kraj";171;39407;200;39607;NA;263867;371;2021-04-01;76659
2021-03-31;"Banskobystrický kraj";147;25543;161;25704;NA;263867;308;2021-03-31;76288
2021-03-30;"Banskobystrický kraj";167;21442;159;21601;NA;263867;326;2021-03-30;75980
2021-03-29;"Banskobystrický kraj";119;29492;218;29710;NA;263867;337;2021-03-29;75654
2021-03-28;"Banskobystrický kraj";25;40610;189;40799;NA;263867;214;2021-03-28;75317
2021-03-27;"Banskobystrický kraj";85;63414;260;63674;NA;263867;345;2021-03-27;75103
2021-03-26;"Banskobystrický kraj";122;43671;240;43911;NA;263867;362;2021-03-26;74758
2021-03-25;"Banskobystrický kraj";120;21598;240;21838;NA;263867;360;2021-03-25;74396
2021-03-24;"Banskobystrický kraj";200;19337;227;19564;NA;263867;427;2021-03-24;74036
2021-03-23;"Banskobystrický kraj";241;21541;257;21798;NA;263867;498;2021-03-23;73609
2021-03-22;"Banskobystrický kraj";65;30480;274;30754;NA;263867;339;2021-03-22;73111
2021-03-21;"Banskobystrický kraj";31;40039;280;40319;NA;263867;311;2021-03-21;72772
2021-03-20;"Banskobystrický kraj";119;67926;383;68309;NA;263867;502;2021-03-20;72461
2021-03-19;"Banskobystrický kraj";240;44038;306;44344;NA;263867;546;2021-03-19;71959
2021-03-18;"Banskobystrický kraj";160;22469;273;22742;NA;263867;433;2021-03-18;71413
2021-03-17;"Banskobystrický kraj";262;21573;245;21818;NA;263867;507;2021-03-17;70980
2021-03-16;"Banskobystrický kraj";340;23349;224;23573;NA;263867;564;2021-03-16;70473
2021-03-15;"Banskobystrický kraj";95;32306;366;32672;NA;263867;461;2021-03-15;69909
2021-03-14;"Banskobystrický kraj";39;39212;218;39430;NA;263867;257;2021-03-14;69448
2021-03-13;"Banskobystrický kraj";209;67463;395;67858;NA;263867;604;2021-03-13;69191
2021-03-12;"Banskobystrický kraj";206;41444;330;41774;NA;263867;536;2021-03-12;68587
2021-03-11;"Banskobystrický kraj";228;21338;274;21612;NA;263867;502;2021-03-11;68051
2021-03-10;"Banskobystrický kraj";260;20400;238;20638;NA;263867;498;2021-03-10;67549
2021-03-09;"Banskobystrický kraj";352;21790;284;22074;NA;263867;636;2021-03-09;67051
2021-03-08;"Banskobystrický kraj";191;31471;427;31898;NA;263867;618;2021-03-08;66415
2021-03-07;"Banskobystrický kraj";60;39191;295;39486;NA;263867;355;2021-03-07;65797
2021-03-06;"Banskobystrický kraj";164;70897;410;71307;NA;263867;574;2021-03-06;65442
2021-03-05;"Banskobystrický kraj";221;42336;389;42725;NA;263867;610;2021-03-05;64868
2021-03-04;"Banskobystrický kraj";226;22009;334;22343;NA;263867;560;2021-03-04;64258
2021-03-03;"Banskobystrický kraj";317;21949;331;22280;NA;263867;648;2021-03-03;63698
2021-03-02;"Banskobystrický kraj";291;23160;354;23514;NA;263867;645;2021-03-02;63050
2021-03-01;"Banskobystrický kraj";151;31773;434;32207;NA;263867;585;2021-03-01;62405
2021-02-28;"Banskobystrický kraj";45;38665;336;39001;NA;263867;381;2021-02-28;61820
2021-02-27;"Banskobystrický kraj";289;66667;529;67196;NA;263867;818;2021-02-27;61439
2021-02-26;"Banskobystrický kraj";326;39674;468;40142;NA;263867;794;2021-02-26;60621
2021-02-25;"Banskobystrický kraj";375;18081;366;18447;NA;263867;741;2021-02-25;59827
2021-02-24;"Banskobystrický kraj";332;16735;373;17108;NA;263867;705;2021-02-24;59086
2021-02-23;"Banskobystrický kraj";462;19932;439;20371;NA;263867;901;2021-02-23;58381
2021-02-22;"Banskobystrický kraj";67;28643;598;29241;NA;263867;665;2021-02-22;57480
2021-02-21;"Banskobystrický kraj";68;37619;444;38063;NA;263867;512;2021-02-21;56815
2021-02-20;"Banskobystrický kraj";280;68851;598;69449;NA;263867;878;2021-02-20;56303
2021-02-19;"Banskobystrický kraj";420;39888;511;40399;NA;263867;931;2021-02-19;55425
2021-02-18;"Banskobystrický kraj";241;18618;396;19014;NA;263867;637;2021-02-18;54494
2021-02-17;"Banskobystrický kraj";415;16740;389;17129;NA;263867;804;2021-02-17;53857
2021-02-16;"Banskobystrický kraj";338;19731;368;20099;NA;263867;706;2021-02-16;53053
2021-02-15;"Banskobystrický kraj";118;35835;591;36426;NA;263867;709;2021-02-15;52347
2021-02-14;"Banskobystrický kraj";60;31894;386;32280;NA;263867;446;2021-02-14;51638
2021-02-13;"Banskobystrický kraj";202;53889;492;54381;NA;263867;694;2021-02-13;51192
2021-02-12;"Banskobystrický kraj";312;37270;533;37803;NA;263867;845;2021-02-12;50498
2021-02-11;"Banskobystrický kraj";305;21196;386;21582;NA;263867;691;2021-02-11;49653
2021-02-10;"Banskobystrický kraj";333;14790;344;15134;NA;263867;677;2021-02-10;48962
2021-02-09;"Banskobystrický kraj";329;18504;362;18866;NA;263867;691;2021-02-09;48285
2021-02-08;"Banskobystrický kraj";103;49716;695;50411;NA;263867;798;2021-02-08;47594
2021-02-07;"Banskobystrický kraj";70;37659;335;37994;NA;263867;405;2021-02-07;46796
2021-02-06;"Banskobystrický kraj";178;69388;570;69958;NA;263867;748;2021-02-06;46391
2021-02-05;"Banskobystrický kraj";282;24577;363;24940;NA;263867;645;2021-02-05;45643
2021-02-04;"Banskobystrický kraj";240;14367;430;14797;NA;263867;670;2021-02-04;44998
2021-02-03;"Banskobystrický kraj";350;9459;255;9714;NA;263867;605;2021-02-03;44328
2021-02-02;"Banskobystrický kraj";277;15741;334;16075;NA;263867;611;2021-02-02;43723
2021-02-01;"Banskobystrický kraj";75;24346;489;24835;NA;263867;564;2021-02-01;43112
2021-01-31;"Banskobystrický kraj";34;19983;201;20184;NA;263867;235;2021-01-31;42548
2021-01-30;"Banskobystrický kraj";163;63896;525;64421;NA;263867;688;2021-01-30;42313
2021-01-29;"Banskobystrický kraj";196;17368;274;17642;NA;263867;470;2021-01-29;41625
2021-01-28;"Banskobystrický kraj";218;15613;382;15995;NA;263867;600;2021-01-28;41155
2021-01-27;"Banskobystrický kraj";191;8132;200;8332;NA;263867;391;2021-01-27;40555
2021-01-26;"Banskobystrický kraj";238;19795;283;20078;NA;263867;521;2021-01-26;40164
2021-01-25;"Banskobystrický kraj";82;33666;412;34078;NA;263867;494;2021-01-25;39643
2021-01-24;"Banskobystrický kraj";38;35587;278;35865;NA;263867;316;2021-01-24;39149
2021-01-23;"Banskobystrický kraj";142;89058;523;89581;NA;263867;665;2021-01-23;38833
2021-01-22;"Banskobystrický kraj";175;25887;355;26242;NA;263867;530;2021-01-22;38168
2021-01-21;"Banskobystrický kraj";194;17063;279;17342;NA;263867;473;2021-01-21;37638
2021-01-20;"Banskobystrický kraj";231;9142;186;9328;NA;263867;417;2021-01-20;37165
2021-01-19;"Banskobystrický kraj";213;10708;311;11019;NA;263867;524;2021-01-19;36748
2021-01-18;"Banskobystrický kraj";94;7402;401;7803;NA;263867;495;2021-01-18;36224
2021-01-17;"Banskobystrický kraj";110;8154;77;8231;NA;263867;187;2021-01-17;35729
2021-01-16;"Banskobystrický kraj";58;2274;57;2331;NA;263867;115;2021-01-16;35542
2021-01-15;"Banskobystrický kraj";164;7673;217;7890;NA;263867;381;2021-01-15;35427
2021-01-14;"Banskobystrický kraj";220;5760;325;6085;NA;263867;545;2021-01-14;35046
2021-01-13;"Banskobystrický kraj";235;5974;217;6191;NA;263867;452;2021-01-13;34501
2021-01-12;"Banskobystrický kraj";194;6600;290;6890;NA;263867;484;2021-01-12;34049
2021-01-11;"Banskobystrický kraj";76;8231;481;8712;NA;263867;557;2021-01-11;33565
2021-01-10;"Banskobystrický kraj";110;433;4;437;NA;263867;114;2021-01-10;33008
2021-01-09;"Banskobystrický kraj";297;2378;81;2459;NA;263867;378;2021-01-09;32894
2021-01-08;"Banskobystrický kraj";435;9805;443;10248;NA;263867;878;2021-01-08;32516
2021-01-07;"Banskobystrický kraj";127;6322;366;6688;NA;263867;493;2021-01-07;31638
2021-01-06;"Banskobystrický kraj";305;3374;185;3559;NA;263867;490;2021-01-06;31145
2021-01-05;"Banskobystrický kraj";372;7349;533;7882;NA;263867;905;2021-01-05;30655
2021-01-04;"Banskobystrický kraj";130;7087;700;7787;NA;263867;830;2021-01-04;29750
2021-01-03;"Banskobystrický kraj";199;320;19;339;NA;263867;218;2021-01-03;28920
2021-01-02;"Banskobystrický kraj";123;702;85;787;NA;263867;208;2021-01-02;28702
2021-01-01;"Banskobystrický kraj";220;1958;132;2090;NA;263867;352;2021-01-01;28494
2020-12-31;"Banskobystrický kraj";499;7679;633;8312;NA;263867;1132;2020-12-31;28142
2020-12-30;"Banskobystrický kraj";593;7407;541;7948;NA;263867;1134;2020-12-30;27010
2020-12-29;"Banskobystrický kraj";240;7876;660;8536;NA;263867;900;2020-12-29;25876
2020-12-28;"Banskobystrický kraj";131;6120;720;6840;NA;263867;851;2020-12-28;24976
2020-12-27;"Banskobystrický kraj";116;541;25;566;NA;263867;141;2020-12-27;24125
2020-12-26;"Banskobystrický kraj";61;295;35;330;NA;263867;96;2020-12-26;23984
2020-12-25;"Banskobystrický kraj";65;888;10;898;NA;263867;75;2020-12-25;23888
2020-12-24;"Banskobystrický kraj";452;3685;135;3820;NA;263867;587;2020-12-24;23813
2020-12-23;"Banskobystrický kraj";368;9892;473;10365;NA;263867;841;2020-12-23;23226
2020-12-22;"Banskobystrický kraj";307;8468;619;9087;NA;263867;926;2020-12-22;22385
2020-12-21;"Banskobystrický kraj";286;4922;455;5377;NA;263867;741;2020-12-21;21459
2020-12-20;"Banskobystrický kraj";155;250;14;264;NA;263867;169;2020-12-20;20718
2020-12-19;"Banskobystrický kraj";170;3084;138;3222;NA;263867;308;2020-12-19;20549
2020-12-18;"Banskobystrický kraj";432;5959;331;6290;NA;263867;763;2020-12-18;20241
2020-12-17;"Banskobystrický kraj";468;8753;653;9406;NA;263867;1121;2020-12-17;19478
2020-12-16;"Banskobystrický kraj";379;10184;567;10751;NA;263867;946;2020-12-16;18357
2020-12-15;"Banskobystrický kraj";336;5281;425;5706;NA;263867;761;2020-12-15;17411
2020-12-14;"Banskobystrický kraj";148;4012;259;4271;NA;263867;407;2020-12-14;16650
2020-12-13;"Banskobystrický kraj";122;142;1;143;NA;263867;123;2020-12-13;16243
2020-12-12;"Banskobystrický kraj";137;2714;138;2852;NA;263867;275;2020-12-12;16120
2020-12-11;"Banskobystrický kraj";468;6633;362;6995;NA;263867;830;2020-12-11;15845
2020-12-10;"Banskobystrický kraj";280;5501;369;5870;NA;263867;649;2020-12-10;15015
2020-12-09;"Banskobystrický kraj";323;3941;205;4146;NA;263867;528;2020-12-09;14366
2020-12-08;"Banskobystrický kraj";256;3782;272;4054;NA;263867;528;2020-12-08;13838
2020-12-07;"Banskobystrický kraj";175;2633;177;2810;NA;263867;352;2020-12-07;13310
2020-12-06;"Banskobystrický kraj";121;507;11;518;NA;263867;132;2020-12-06;12958
2020-12-05;"Banskobystrický kraj";109;1099;34;1133;NA;263867;143;2020-12-05;12826
2020-12-04;"Banskobystrický kraj";339;3828;174;4002;NA;263867;513;2020-12-04;12683
2020-12-03;"Banskobystrický kraj";240;3193;234;3427;NA;263867;474;2020-12-03;12170
2020-12-02;"Banskobystrický kraj";217;4442;186;4628;NA;263867;403;2020-12-02;11696
2020-12-01;"Banskobystrický kraj";215;2702;134;2836;NA;263867;349;2020-12-01;11293
2020-11-30;"Banskobystrický kraj";74;4314;241;4555;NA;263867;315;2020-11-30;10944
2020-11-29;"Banskobystrický kraj";19;208;7;215;NA;263867;26;2020-11-29;10629
2020-11-28;"Banskobystrický kraj";81;1408;55;1463;NA;263867;136;2020-11-28;10603
2020-11-27;"Banskobystrický kraj";219;2566;123;2689;NA;263867;342;2020-11-27;10467
2020-11-26;"Banskobystrický kraj";208;2124;93;2217;NA;263867;301;2020-11-26;10125
2020-11-25;"Banskobystrický kraj";170;1952;86;2038;NA;263867;256;2020-11-25;9824
2020-11-24;"Banskobystrický kraj";166;2566;69;2635;NA;263867;235;2020-11-24;9568
2020-11-23;"Banskobystrický kraj";66;10147;193;10340;NA;263867;259;2020-11-23;9333
2020-11-22;"Banskobystrický kraj";38;104;1;105;NA;263867;39;2020-11-22;9074
2020-11-21;"Banskobystrický kraj";52;904;14;918;NA;263867;66;2020-11-21;9035
2020-11-20;"Banskobystrický kraj";127;2005;107;2112;NA;263867;234;2020-11-20;8969
2020-11-19;"Banskobystrický kraj";170;1218;82;1300;NA;263867;252;2020-11-19;8735
2020-11-18;"Banskobystrický kraj";153;698;65;763;NA;263867;218;2020-11-18;8483
2020-11-17;"Banskobystrický kraj";52;578;35;613;NA;263867;87;2020-11-17;8265
2020-11-16;"Banskobystrický kraj";106;470;25;495;NA;263867;131;2020-11-16;8178
2020-11-15;"Banskobystrický kraj";52;301;4;305;NA;263867;56;2020-11-15;8047
2020-11-14;"Banskobystrický kraj";73;305;2;307;NA;263867;75;2020-11-14;7991
2020-11-13;"Banskobystrický kraj";157;552;11;563;NA;263867;168;2020-11-13;7916
2020-11-12;"Banskobystrický kraj";218;952;44;996;NA;263867;262;2020-11-12;7748
2020-11-11;"Banskobystrický kraj";224;437;9;446;NA;263867;233;2020-11-11;7486
2020-11-10;"Banskobystrický kraj";263;463;18;481;NA;263867;281;2020-11-10;7253
2020-11-09;"Banskobystrický kraj";80;2678;31;2709;NA;263867;111;2020-11-09;6972
2020-11-08;"Banskobystrický kraj";82;981;16;997;NA;263867;98;2020-11-08;6861
2020-11-07;"Banskobystrický kraj";164;8828;94;8922;NA;263867;258;2020-11-07;6763
2020-11-06;"Banskobystrický kraj";227;2496;16;2512;NA;263867;243;2020-11-06;6505
2020-11-05;"Banskobystrický kraj";240;290;33;323;NA;263867;273;2020-11-05;6262
2020-11-04;"Banskobystrický kraj";254;1366;13;1379;NA;263867;267;2020-11-04;5989
2020-11-03;"Banskobystrický kraj";246;1332;4;1336;NA;263867;250;2020-11-03;5722
2020-11-02;"Banskobystrický kraj";90;2909;65;2974;NA;263867;155;2020-11-02;5472
2020-11-01;"Banskobystrický kraj";101;2671;42;2713;NA;263867;143;2020-11-01;5317
2020-10-31;"Banskobystrický kraj";199;13516;116;13632;NA;263867;315;2020-10-31;5174
2020-10-30;"Banskobystrický kraj";254;2829;20;2849;NA;263867;274;2020-10-30;4859
2020-10-29;"Banskobystrický kraj";372;969;42;1011;NA;263867;414;2020-10-29;4585
2020-10-28;"Banskobystrický kraj";285;302;30;332;NA;263867;315;2020-10-28;4171
2020-10-27;"Banskobystrický kraj";266;654;40;694;NA;263867;306;2020-10-27;3856
2020-10-26;"Banskobystrický kraj";38;234;29;263;NA;263867;67;2020-10-26;3550
2020-10-25;"Banskobystrický kraj";50;140;11;151;NA;263867;61;2020-10-25;3483
2020-10-24;"Banskobystrický kraj";315;114;12;126;NA;263867;327;2020-10-24;3422
2020-10-23;"Banskobystrický kraj";231;230;29;259;NA;263867;260;2020-10-23;3095
2020-10-22;"Banskobystrický kraj";264;253;24;277;NA;263867;288;2020-10-22;2835
2020-10-21;"Banskobystrický kraj";102;266;3;269;NA;263867;105;2020-10-21;2547
2022-03-28;"Bratislavský kraj";1275;0;0;0;231310;321454;1275;2022-03-28;321454
2022-03-27;"Bratislavský kraj";962;885;130;1015;NA;321454;1092;2022-03-27;320179
2022-03-26;"Bratislavský kraj";1391;828;89;917;NA;321454;1480;2022-03-26;319087
2022-03-25;"Bratislavský kraj";1793;2154;158;2312;NA;321454;1951;2022-03-25;317607
2022-03-24;"Bratislavský kraj";1708;2564;190;2754;NA;321454;1898;2022-03-24;315656
2022-03-23;"Bratislavský kraj";2093;2781;189;2970;NA;321454;2282;2022-03-23;313758
2022-03-22;"Bratislavský kraj";1857;2848;221;3069;NA;321454;2078;2022-03-22;311476
2022-03-21;"Bratislavský kraj";1469;4326;371;4697;NA;321454;1840;2022-03-21;309398
2022-03-20;"Bratislavský kraj";935;1344;175;1519;NA;321454;1110;2022-03-20;307558
2022-03-19;"Bratislavský kraj";1672;1481;136;1617;NA;321454;1808;2022-03-19;306448
2022-03-18;"Bratislavský kraj";1977;2930;208;3138;NA;321454;2185;2022-03-18;304640
2022-03-17;"Bratislavský kraj";2024;3477;245;3722;NA;321454;2269;2022-03-17;302455
2022-03-16;"Bratislavský kraj";1895;2748;257;3005;NA;321454;2152;2022-03-16;300186
2022-03-15;"Bratislavský kraj";1982;3779;338;4117;NA;321454;2320;2022-03-15;298034
2022-03-14;"Bratislavský kraj";1557;4095;342;4437;NA;321454;1899;2022-03-14;295714
2022-03-13;"Bratislavský kraj";738;1311;161;1472;NA;321454;899;2022-03-13;293815
2022-03-12;"Bratislavský kraj";1632;1250;110;1360;NA;321454;1742;2022-03-12;292916
2022-03-11;"Bratislavský kraj";1184;3141;316;3457;NA;321454;1500;2022-03-11;291174
2022-03-10;"Bratislavský kraj";1706;3576;347;3923;NA;321454;2053;2022-03-10;289674
2022-03-09;"Bratislavský kraj";1723;2810;276;3086;NA;321454;1999;2022-03-09;287621
2022-03-08;"Bratislavský kraj";1925;3821;342;4163;NA;321454;2267;2022-03-08;285622
2022-03-07;"Bratislavský kraj";1451;4273;478;4751;NA;321454;1929;2022-03-07;283355
2022-03-06;"Bratislavský kraj";850;1541;213;1754;NA;321454;1063;2022-03-06;281426
2022-03-05;"Bratislavský kraj";1203;1331;178;1509;NA;321454;1381;2022-03-05;280363
2022-03-04;"Bratislavský kraj";1443;2994;307;3301;NA;321454;1750;2022-03-04;278982
2022-03-03;"Bratislavský kraj";1599;3281;328;3609;NA;321454;1927;2022-03-03;277232
2022-03-02;"Bratislavský kraj";1677;2536;309;2845;NA;321454;1986;2022-03-02;275305
2022-03-01;"Bratislavský kraj";1560;3651;341;3992;NA;321454;1901;2022-03-01;273319
2022-02-28;"Bratislavský kraj";1593;4052;472;4524;NA;321454;2065;2022-02-28;271418
2022-02-27;"Bratislavský kraj";1156;1746;227;1973;NA;321454;1383;2022-02-27;269353
2022-02-26;"Bratislavský kraj";1228;1749;209;1958;NA;321454;1437;2022-02-26;267970
2022-02-25;"Bratislavský kraj";1692;3604;323;3927;NA;321454;2015;2022-02-25;266533
2022-02-24;"Bratislavský kraj";1760;3992;324;4316;NA;321454;2084;2022-02-24;264518
2022-02-23;"Bratislavský kraj";2105;3450;393;3843;NA;321454;2498;2022-02-23;262434
2022-02-22;"Bratislavský kraj";2951;4213;384;4597;NA;321454;3335;2022-02-22;259936
2022-02-21;"Bratislavský kraj";781;5116;517;5633;NA;321454;1298;2022-02-21;256601
2022-02-20;"Bratislavský kraj";1314;2005;294;2299;NA;321454;1608;2022-02-20;255303
2022-02-19;"Bratislavský kraj";1510;1929;235;2164;NA;321454;1745;2022-02-19;253695
2022-02-18;"Bratislavský kraj";2315;3835;378;4213;NA;321454;2693;2022-02-18;251950
2022-02-17;"Bratislavský kraj";2279;4412;416;4828;NA;321454;2695;2022-02-17;249257
2022-02-16;"Bratislavský kraj";2137;3749;419;4168;NA;321454;2556;2022-02-16;246562
2022-02-15;"Bratislavský kraj";2276;4894;475;5369;NA;321454;2751;2022-02-15;244006
2022-02-14;"Bratislavský kraj";2700;6170;601;6771;NA;321454;3301;2022-02-14;241255
2022-02-13;"Bratislavský kraj";1343;2248;395;2643;NA;321454;1738;2022-02-13;237954
2022-02-12;"Bratislavský kraj";1872;2273;336;2609;NA;321454;2208;2022-02-12;236216
2022-02-11;"Bratislavský kraj";2431;5054;419;5473;NA;321454;2850;2022-02-11;234008
2022-02-10;"Bratislavský kraj";2595;4563;427;4990;NA;321454;3022;2022-02-10;231158
2022-02-09;"Bratislavský kraj";2414;4706;477;5183;NA;321454;2891;2022-02-09;228136
2022-02-08;"Bratislavský kraj";2878;5134;512;5646;NA;321454;3390;2022-02-08;225245
2022-02-07;"Bratislavský kraj";2636;6970;668;7638;NA;321454;3304;2022-02-07;221855
2022-02-06;"Bratislavský kraj";1680;3005;382;3387;NA;321454;2062;2022-02-06;218551
2022-02-05;"Bratislavský kraj";2156;2456;315;2771;NA;321454;2471;2022-02-05;216489
2022-02-04;"Bratislavský kraj";2586;4679;408;5087;NA;321454;2994;2022-02-04;214018
2022-02-03;"Bratislavský kraj";2540;6005;435;6440;NA;321454;2975;2022-02-03;211024
2022-02-02;"Bratislavský kraj";2655;5035;465;5500;NA;321454;3120;2022-02-02;208049
2022-02-01;"Bratislavský kraj";2758;6001;469;6470;NA;321454;3227;2022-02-01;204929
2022-01-31;"Bratislavský kraj";2172;8357;712;9069;NA;321454;2884;2022-01-31;201702
2022-01-30;"Bratislavský kraj";1418;3314;362;3676;NA;321454;1780;2022-01-30;198818
2022-01-29;"Bratislavský kraj";1762;3138;326;3464;NA;321454;2088;2022-01-29;197038
2022-01-28;"Bratislavský kraj";2237;5047;389;5436;NA;321454;2626;2022-01-28;194950
2022-01-27;"Bratislavský kraj";2014;5975;334;6309;NA;321454;2348;2022-01-27;192324
2022-01-26;"Bratislavský kraj";1792;4895;367;5262;NA;321454;2159;2022-01-26;189976
2022-01-25;"Bratislavský kraj";1933;5551;385;5936;NA;321454;2318;2022-01-25;187817
2022-01-24;"Bratislavský kraj";1173;7911;315;8226;NA;321454;1488;2022-01-24;185499
2022-01-23;"Bratislavský kraj";862;3289;151;3440;NA;321454;1013;2022-01-23;184011
2022-01-22;"Bratislavský kraj";1130;2802;125;2927;NA;321454;1255;2022-01-22;182998
2022-01-21;"Bratislavský kraj";1057;4656;166;4822;NA;321454;1223;2022-01-21;181743
2022-01-20;"Bratislavský kraj";940;4893;146;5039;NA;321454;1086;2022-01-20;180520
2022-01-19;"Bratislavský kraj";857;4618;169;4787;NA;321454;1026;2022-01-19;179434
2022-01-18;"Bratislavský kraj";794;5002;163;5165;NA;321454;957;2022-01-18;178408
2022-01-17;"Bratislavský kraj";534;7242;150;7392;NA;321454;684;2022-01-17;177451
2022-01-16;"Bratislavský kraj";300;2854;77;2931;NA;321454;377;2022-01-16;176767
2022-01-15;"Bratislavský kraj";543;2139;71;2210;NA;321454;614;2022-01-15;176390
2022-01-14;"Bratislavský kraj";356;3692;70;3762;NA;321454;426;2022-01-14;175776
2022-01-13;"Bratislavský kraj";382;4579;82;4661;NA;321454;464;2022-01-13;175350
2022-01-12;"Bratislavský kraj";415;4014;71;4085;NA;321454;486;2022-01-12;174886
2022-01-11;"Bratislavský kraj";407;4910;110;5020;NA;321454;517;2022-01-11;174400
2022-01-10;"Bratislavský kraj";413;6380;101;6481;NA;321454;514;2022-01-10;173883
2022-01-09;"Bratislavský kraj";187;3080;71;3151;NA;321454;258;2022-01-09;173369
2022-01-08;"Bratislavský kraj";323;1951;58;2009;NA;321454;381;2022-01-08;173111
2022-01-07;"Bratislavský kraj";436;3809;100;3909;NA;321454;536;2022-01-07;172730
2022-01-06;"Bratislavský kraj";192;2163;51;2214;NA;321454;243;2022-01-06;172194
2022-01-05;"Bratislavský kraj";426;4047;69;4116;NA;321454;495;2022-01-05;171951
2022-01-04;"Bratislavský kraj";446;4467;101;4568;NA;321454;547;2022-01-04;171456
2022-01-03;"Bratislavský kraj";578;5672;129;5801;NA;321454;707;2022-01-03;170909
2022-01-02;"Bratislavský kraj";198;3137;80;3217;NA;321454;278;2022-01-02;170202
2022-01-01;"Bratislavský kraj";7;1103;36;1139;NA;321454;43;2022-01-01;169924
2021-12-31;"Bratislavský kraj";371;3443;92;3535;NA;321454;463;2021-12-31;169881
2021-12-30;"Bratislavský kraj";468;3619;119;3738;NA;321454;587;2021-12-30;169418
2021-12-29;"Bratislavský kraj";404;3598;85;3683;NA;321454;489;2021-12-29;168831
2021-12-28;"Bratislavský kraj";578;4329;121;4450;NA;321454;699;2021-12-28;168342
2021-12-27;"Bratislavský kraj";656;4693;108;4801;NA;321454;764;2021-12-27;167643
2021-12-26;"Bratislavský kraj";198;2549;83;2632;NA;321454;281;2021-12-26;166879
2021-12-25;"Bratislavský kraj";34;1160;53;1213;NA;321454;87;2021-12-25;166598
2021-12-24;"Bratislavský kraj";171;2214;55;2269;NA;321454;226;2021-12-24;166511
2021-12-23;"Bratislavský kraj";678;4134;115;4249;NA;321454;793;2021-12-23;166285
2021-12-22;"Bratislavský kraj";575;4919;118;5037;NA;321454;693;2021-12-22;165492
2021-12-21;"Bratislavský kraj";625;5628;167;5795;NA;321454;792;2021-12-21;164799
2021-12-20;"Bratislavský kraj";528;6163;158;6321;NA;321454;686;2021-12-20;164007
2021-12-19;"Bratislavský kraj";250;3042;98;3140;NA;321454;348;2021-12-19;163321
2021-12-18;"Bratislavský kraj";528;2654;103;2757;NA;321454;631;2021-12-18;162973
2021-12-17;"Bratislavský kraj";683;4917;145;5062;NA;321454;828;2021-12-17;162342
2021-12-16;"Bratislavský kraj";730;5576;162;5738;NA;321454;892;2021-12-16;161514
2021-12-15;"Bratislavský kraj";881;4884;158;5042;NA;321454;1039;2021-12-15;160622
2021-12-14;"Bratislavský kraj";869;5397;179;5576;NA;321454;1048;2021-12-14;159583
2021-12-13;"Bratislavský kraj";648;7614;239;7853;NA;321454;887;2021-12-13;158535
2021-12-12;"Bratislavský kraj";534;3474;129;3603;NA;321454;663;2021-12-12;157648
2021-12-11;"Bratislavský kraj";698;2377;153;2530;NA;321454;851;2021-12-11;156985
2021-12-10;"Bratislavský kraj";796;4728;186;4914;NA;321454;982;2021-12-10;156134
2021-12-09;"Bratislavský kraj";1040;4152;174;4326;NA;321454;1214;2021-12-09;155152
2021-12-08;"Bratislavský kraj";1172;4602;196;4798;NA;321454;1368;2021-12-08;153938
2021-12-07;"Bratislavský kraj";1236;5173;257;5430;NA;321454;1493;2021-12-07;152570
2021-12-06;"Bratislavský kraj";1434;8714;312;9026;NA;321454;1746;2021-12-06;151077
2021-12-05;"Bratislavský kraj";633;3874;197;4071;NA;321454;830;2021-12-05;149331
2021-12-04;"Bratislavský kraj";936;4332;195;4527;NA;321454;1131;2021-12-04;148501
2021-12-03;"Bratislavský kraj";1222;4351;269;4620;NA;321454;1491;2021-12-03;147370
2021-12-02;"Bratislavský kraj";2053;5097;311;5408;NA;321454;2364;2021-12-02;145879
2021-12-01;"Bratislavský kraj";1161;9058;295;9353;NA;321454;1456;2021-12-01;143515
2021-11-30;"Bratislavský kraj";1442;6508;355;6863;NA;321454;1797;2021-11-30;142059
2021-11-29;"Bratislavský kraj";863;8823;452;9275;NA;321454;1315;2021-11-29;140262
2021-11-28;"Bratislavský kraj";617;5102;295;5397;NA;321454;912;2021-11-28;138947
2021-11-27;"Bratislavský kraj";1026;3497;329;3826;NA;321454;1355;2021-11-27;138035
2021-11-26;"Bratislavský kraj";1346;5483;422;5905;NA;321454;1768;2021-11-26;136680
2021-11-25;"Bratislavský kraj";1415;6383;451;6834;NA;321454;1866;2021-11-25;134912
2021-11-24;"Bratislavský kraj";1286;6849;467;7316;NA;321454;1753;2021-11-24;133046
2021-11-23;"Bratislavský kraj";1651;6351;433;6784;NA;321454;2084;2021-11-23;131293
2021-11-22;"Bratislavský kraj";1197;8722;584;9306;NA;321454;1781;2021-11-22;129209
2021-11-21;"Bratislavský kraj";702;4324;320;4644;NA;321454;1022;2021-11-21;127428
2021-11-20;"Bratislavský kraj";1005;3514;360;3874;NA;321454;1365;2021-11-20;126406
2021-11-19;"Bratislavský kraj";1444;5927;549;6476;NA;321454;1993;2021-11-19;125041
2021-11-18;"Bratislavský kraj";1052;6358;548;6906;NA;321454;1600;2021-11-18;123048
2021-11-17;"Bratislavský kraj";832;2439;308;2747;NA;321454;1140;2021-11-17;121448
2021-11-16;"Bratislavský kraj";1067;5792;443;6235;NA;321454;1510;2021-11-16;120308
2021-11-15;"Bratislavský kraj";1014;6330;519;6849;NA;321454;1533;2021-11-15;118798
2021-11-14;"Bratislavský kraj";448;3202;335;3537;NA;321454;783;2021-11-14;117265
2021-11-13;"Bratislavský kraj";587;3251;313;3564;NA;321454;900;2021-11-13;116482
2021-11-12;"Bratislavský kraj";856;5723;357;6080;NA;321454;1213;2021-11-12;115582
2021-11-11;"Bratislavský kraj";787;6028;355;6383;NA;321454;1142;2021-11-11;114369
2021-11-10;"Bratislavský kraj";840;5903;385;6288;NA;321454;1225;2021-11-10;113227
2021-11-09;"Bratislavský kraj";939;5733;350;6083;NA;321454;1289;2021-11-09;112002
2021-11-08;"Bratislavský kraj";579;5641;404;6045;NA;321454;983;2021-11-08;110713
2021-11-07;"Bratislavský kraj";363;2836;244;3080;NA;321454;607;2021-11-07;109730
2021-11-06;"Bratislavský kraj";538;2901;243;3144;NA;321454;781;2021-11-06;109123
2021-11-05;"Bratislavský kraj";801;5640;318;5958;NA;321454;1119;2021-11-05;108342
2021-11-04;"Bratislavský kraj";768;5233;273;5506;NA;321454;1041;2021-11-04;107223
2021-11-03;"Bratislavský kraj";690;5120;290;5410;NA;321454;980;2021-11-03;106182
2021-11-02;"Bratislavský kraj";422;6356;327;6683;NA;321454;749;2021-11-02;105202
2021-11-01;"Bratislavský kraj";395;1733;136;1869;NA;321454;531;2021-11-01;104453
2021-10-31;"Bratislavský kraj";209;2280;163;2443;NA;321454;372;2021-10-31;103922
2021-10-30;"Bratislavský kraj";429;2138;118;2256;NA;321454;547;2021-10-30;103550
2021-10-29;"Bratislavský kraj";445;4757;219;4976;NA;321454;664;2021-10-29;103003
2021-10-28;"Bratislavský kraj";372;4777;179;4956;NA;321454;551;2021-10-28;102339
2021-10-27;"Bratislavský kraj";376;4522;164;4686;NA;321454;540;2021-10-27;101788
2021-10-26;"Bratislavský kraj";461;4492;188;4680;NA;321454;649;2021-10-26;101248
2021-10-25;"Bratislavský kraj";379;5347;192;5539;NA;321454;571;2021-10-25;100599
2021-10-24;"Bratislavský kraj";114;2369;91;2460;NA;321454;205;2021-10-24;100028
2021-10-23;"Bratislavský kraj";301;2666;91;2757;NA;321454;392;2021-10-23;99823
2021-10-22;"Bratislavský kraj";309;4466;122;4588;NA;321454;431;2021-10-22;99431
2021-10-21;"Bratislavský kraj";244;4544;101;4645;NA;321454;345;2021-10-21;99000
2021-10-20;"Bratislavský kraj";262;3897;95;3992;NA;321454;357;2021-10-20;98655
2021-10-19;"Bratislavský kraj";260;4116;68;4184;NA;321454;328;2021-10-19;98298
2021-10-18;"Bratislavský kraj";250;5014;114;5128;NA;321454;364;2021-10-18;97970
2021-10-17;"Bratislavský kraj";54;2460;73;2533;NA;321454;127;2021-10-17;97606
2021-10-16;"Bratislavský kraj";185;2687;63;2750;NA;321454;248;2021-10-16;97479
2021-10-15;"Bratislavský kraj";169;4200;64;4264;NA;321454;233;2021-10-15;97231
2021-10-14;"Bratislavský kraj";173;4714;61;4775;NA;321454;234;2021-10-14;96998
2021-10-13;"Bratislavský kraj";143;3671;76;3747;NA;321454;219;2021-10-13;96764
2021-10-12;"Bratislavský kraj";183;4037;78;4115;NA;321454;261;2021-10-12;96545
2021-10-11;"Bratislavský kraj";191;4798;88;4886;NA;321454;279;2021-10-11;96284
2021-10-10;"Bratislavský kraj";29;2176;43;2219;NA;321454;72;2021-10-10;96005
2021-10-09;"Bratislavský kraj";141;2419;34;2453;NA;321454;175;2021-10-09;95933
2021-10-08;"Bratislavský kraj";130;4511;63;4574;NA;321454;193;2021-10-08;95758
2021-10-07;"Bratislavský kraj";92;4137;61;4198;NA;321454;153;2021-10-07;95565
2021-10-06;"Bratislavský kraj";147;4028;68;4096;NA;321454;215;2021-10-06;95412
2021-10-05;"Bratislavský kraj";164;4468;70;4538;NA;321454;234;2021-10-05;95197
2021-10-04;"Bratislavský kraj";129;4653;79;4732;NA;321454;208;2021-10-04;94963
2021-10-03;"Bratislavský kraj";41;2144;42;2186;NA;321454;83;2021-10-03;94755
2021-10-02;"Bratislavský kraj";104;2605;40;2645;NA;321454;144;2021-10-02;94672
2021-10-01;"Bratislavský kraj";108;4818;57;4875;NA;321454;165;2021-10-01;94528
2021-09-30;"Bratislavský kraj";90;3854;60;3914;NA;321454;150;2021-09-30;94363
2021-09-29;"Bratislavský kraj";115;3508;58;3566;NA;321454;173;2021-09-29;94213
2021-09-28;"Bratislavský kraj";144;4003;48;4051;NA;321454;192;2021-09-28;94040
2021-09-27;"Bratislavský kraj";123;4427;70;4497;NA;321454;193;2021-09-27;93848
2021-09-26;"Bratislavský kraj";32;2194;31;2225;NA;321454;63;2021-09-26;93655
2021-09-25;"Bratislavský kraj";85;2742;38;2780;NA;321454;123;2021-09-25;93592
2021-09-24;"Bratislavský kraj";82;4212;59;4271;NA;321454;141;2021-09-24;93469
2021-09-23;"Bratislavský kraj";90;3975;51;4026;NA;321454;141;2021-09-23;93328
2021-09-22;"Bratislavský kraj";84;3757;63;3820;NA;321454;147;2021-09-22;93187
2021-09-21;"Bratislavský kraj";95;3574;39;3613;NA;321454;134;2021-09-21;93040
2021-09-20;"Bratislavský kraj";84;3937;31;3968;NA;321454;115;2021-09-20;92906
2021-09-19;"Bratislavský kraj";31;1850;28;1878;NA;321454;59;2021-09-19;92791
2021-09-18;"Bratislavský kraj";60;1989;19;2008;NA;321454;79;2021-09-18;92732
2021-09-17;"Bratislavský kraj";87;3443;27;3470;NA;321454;114;2021-09-17;92653
2021-09-16;"Bratislavský kraj";57;3781;43;3824;NA;321454;100;2021-09-16;92539
2021-09-15;"Bratislavský kraj";41;1104;21;1125;NA;321454;62;2021-09-15;92439
2021-09-14;"Bratislavský kraj";78;3518;31;3549;NA;321454;109;2021-09-14;92377
2021-09-13;"Bratislavský kraj";47;3191;28;3219;NA;321454;75;2021-09-13;92268
2021-09-12;"Bratislavský kraj";13;1713;21;1734;NA;321454;34;2021-09-12;92193
2021-09-11;"Bratislavský kraj";36;2064;13;2077;NA;321454;49;2021-09-11;92159
2021-09-10;"Bratislavský kraj";47;3628;18;3646;NA;321454;65;2021-09-10;92110
2021-09-09;"Bratislavský kraj";50;3010;30;3040;NA;321454;80;2021-09-09;92045
2021-09-08;"Bratislavský kraj";56;2925;20;2945;NA;321454;76;2021-09-08;91965
2021-09-07;"Bratislavský kraj";50;3272;18;3290;NA;321454;68;2021-09-07;91889
2021-09-06;"Bratislavský kraj";63;2821;29;2850;NA;321454;92;2021-09-06;91821
2021-09-05;"Bratislavský kraj";10;1682;14;1696;NA;321454;24;2021-09-05;91729
2021-09-04;"Bratislavský kraj";41;2612;11;2623;NA;321454;52;2021-09-04;91705
2021-09-03;"Bratislavský kraj";55;3016;14;3030;NA;321454;69;2021-09-03;91653
2021-09-02;"Bratislavský kraj";35;2423;23;2446;NA;321454;58;2021-09-02;91584
2021-09-01;"Bratislavský kraj";16;929;9;938;NA;321454;25;2021-09-01;91526
2021-08-31;"Bratislavský kraj";28;5197;22;5219;NA;321454;50;2021-08-31;91501
2021-08-30;"Bratislavský kraj";24;2403;13;2416;NA;321454;37;2021-08-30;91451
2021-08-29;"Bratislavský kraj";11;1016;6;1022;NA;321454;17;2021-08-29;91414
2021-08-28;"Bratislavský kraj";24;1714;11;1725;NA;321454;35;2021-08-28;91397
2021-08-27;"Bratislavský kraj";19;2850;9;2859;NA;321454;28;2021-08-27;91362
2021-08-26;"Bratislavský kraj";15;2382;19;2401;NA;321454;34;2021-08-26;91334
2021-08-25;"Bratislavský kraj";29;1888;10;1898;NA;321454;39;2021-08-25;91300
2021-08-24;"Bratislavský kraj";22;1785;4;1789;NA;321454;26;2021-08-24;91261
2021-08-23;"Bratislavský kraj";21;2183;7;2190;NA;321454;28;2021-08-23;91235
2021-08-22;"Bratislavský kraj";5;1383;8;1391;NA;321454;13;2021-08-22;91207
2021-08-21;"Bratislavský kraj";18;1681;4;1685;NA;321454;22;2021-08-21;91194
2021-08-20;"Bratislavský kraj";27;2747;19;2766;NA;321454;46;2021-08-20;91172
2021-08-19;"Bratislavský kraj";15;2122;9;2131;NA;321454;24;2021-08-19;91126
2021-08-18;"Bratislavský kraj";16;1659;11;1670;NA;321454;27;2021-08-18;91102
2021-08-17;"Bratislavský kraj";18;1608;5;1613;NA;321454;23;2021-08-17;91075
2021-08-16;"Bratislavský kraj";18;2559;12;2571;NA;321454;30;2021-08-16;91052
2021-08-15;"Bratislavský kraj";3;1169;6;1175;NA;321454;9;2021-08-15;91022
2021-08-14;"Bratislavský kraj";11;1519;4;1523;NA;321454;15;2021-08-14;91013
2021-08-13;"Bratislavský kraj";32;2634;7;2641;NA;321454;39;2021-08-13;90998
2021-08-12;"Bratislavský kraj";16;1824;9;1833;NA;321454;25;2021-08-12;90959
2021-08-11;"Bratislavský kraj";22;1621;5;1626;NA;321454;27;2021-08-11;90934
2021-08-10;"Bratislavský kraj";15;1630;7;1637;NA;321454;22;2021-08-10;90907
2021-08-09;"Bratislavský kraj";35;1927;9;1936;NA;321454;44;2021-08-09;90885
2021-08-08;"Bratislavský kraj";3;1152;4;1156;NA;321454;7;2021-08-08;90841
2021-08-07;"Bratislavský kraj";6;1572;9;1581;NA;321454;15;2021-08-07;90834
2021-08-06;"Bratislavský kraj";9;2510;10;2520;NA;321454;19;2021-08-06;90819
2021-08-05;"Bratislavský kraj";10;1651;7;1658;NA;321454;17;2021-08-05;90800
2021-08-04;"Bratislavský kraj";9;1578;0;1578;NA;321454;9;2021-08-04;90783
2021-08-03;"Bratislavský kraj";11;1507;5;1512;NA;321454;16;2021-08-03;90774
2021-08-02;"Bratislavský kraj";15;1749;11;1760;NA;321454;26;2021-08-02;90758
2021-08-01;"Bratislavský kraj";4;1224;8;1232;NA;321454;12;2021-08-01;90732
2021-07-31;"Bratislavský kraj";7;1623;2;1625;NA;321454;9;2021-07-31;90720
2021-07-30;"Bratislavský kraj";15;2540;7;2547;NA;321454;22;2021-07-30;90711
2021-07-29;"Bratislavský kraj";19;1790;7;1797;NA;321454;26;2021-07-29;90689
2021-07-28;"Bratislavský kraj";8;1538;11;1549;NA;321454;19;2021-07-28;90663
2021-07-27;"Bratislavský kraj";9;1476;5;1481;NA;321454;14;2021-07-27;90644
2021-07-26;"Bratislavský kraj";17;1806;7;1813;NA;321454;24;2021-07-26;90630
2021-07-25;"Bratislavský kraj";4;1411;2;1413;NA;321454;6;2021-07-25;90606
2021-07-24;"Bratislavský kraj";9;1732;3;1735;NA;321454;12;2021-07-24;90600
2021-07-23;"Bratislavský kraj";6;2400;3;2403;NA;321454;9;2021-07-23;90588
2021-07-22;"Bratislavský kraj";12;1944;6;1950;NA;321454;18;2021-07-22;90579
2021-07-21;"Bratislavský kraj";5;1860;6;1866;NA;321454;11;2021-07-21;90561
2021-07-20;"Bratislavský kraj";19;1559;1;1560;NA;321454;20;2021-07-20;90550
2021-07-19;"Bratislavský kraj";15;2259;3;2262;NA;321454;18;2021-07-19;90530
2021-07-18;"Bratislavský kraj";2;1462;3;1465;NA;321454;5;2021-07-18;90512
2021-07-17;"Bratislavský kraj";3;1870;2;1872;NA;321454;5;2021-07-17;90507
2021-07-16;"Bratislavský kraj";8;2834;4;2838;NA;321454;12;2021-07-16;90502
2021-07-15;"Bratislavský kraj";5;1677;0;1677;NA;321454;5;2021-07-15;90490
2021-07-14;"Bratislavský kraj";5;1904;3;1907;NA;321454;8;2021-07-14;90485
2021-07-13;"Bratislavský kraj";4;1584;4;1588;NA;321454;8;2021-07-13;90477
2021-07-12;"Bratislavský kraj";6;1780;5;1785;NA;321454;11;2021-07-12;90469
2021-07-11;"Bratislavský kraj";3;1896;3;1899;NA;321454;6;2021-07-11;90458
2021-07-10;"Bratislavský kraj";5;2240;3;2243;NA;321454;8;2021-07-10;90452
2021-07-09;"Bratislavský kraj";13;3546;7;3553;NA;321454;20;2021-07-09;90444
2021-07-08;"Bratislavský kraj";9;2433;4;2437;NA;321454;13;2021-07-08;90424
2021-07-07;"Bratislavský kraj";5;2792;4;2796;NA;321454;9;2021-07-07;90411
2021-07-06;"Bratislavský kraj";19;2771;4;2775;NA;321454;23;2021-07-06;90402
2021-07-05;"Bratislavský kraj";5;2481;5;2486;NA;321454;10;2021-07-05;90379
2021-07-04;"Bratislavský kraj";3;1824;2;1826;NA;321454;5;2021-07-04;90369
2021-07-03;"Bratislavský kraj";8;2205;5;2210;NA;321454;13;2021-07-03;90364
2021-07-02;"Bratislavský kraj";4;2227;4;2231;NA;321454;8;2021-07-02;90351
2021-07-01;"Bratislavský kraj";6;1809;5;1814;NA;321454;11;2021-07-01;90343
2021-06-30;"Bratislavský kraj";2;11548;11;11559;NA;321454;13;2021-06-30;90332
2021-06-29;"Bratislavský kraj";5;6831;7;6838;NA;321454;12;2021-06-29;90319
2021-06-28;"Bratislavský kraj";16;6654;24;6678;NA;321454;40;2021-06-28;90307
2021-06-27;"Bratislavský kraj";4;6689;11;6700;NA;321454;15;2021-06-27;90267
2021-06-26;"Bratislavský kraj";3;8741;6;8747;NA;321454;9;2021-06-26;90252
2021-06-25;"Bratislavský kraj";7;10285;15;10300;NA;321454;22;2021-06-25;90243
2021-06-24;"Bratislavský kraj";3;7384;16;7400;NA;321454;19;2021-06-24;90221
2021-06-23;"Bratislavský kraj";4;7346;12;7358;NA;321454;16;2021-06-23;90202
2021-06-22;"Bratislavský kraj";6;7244;10;7254;NA;321454;16;2021-06-22;90186
2021-06-21;"Bratislavský kraj";5;7641;9;7650;NA;321454;14;2021-06-21;90170
2021-06-20;"Bratislavský kraj";0;7369;5;7374;NA;321454;5;2021-06-20;90156
2021-06-19;"Bratislavský kraj";3;9226;4;9230;NA;321454;7;2021-06-19;90151
2021-06-18;"Bratislavský kraj";5;12763;9;12772;NA;321454;14;2021-06-18;90144
2021-06-17;"Bratislavský kraj";3;8625;13;8638;NA;321454;16;2021-06-17;90130
2021-06-16;"Bratislavský kraj";3;7105;4;7109;NA;321454;7;2021-06-16;90114
2021-06-15;"Bratislavský kraj";7;7309;17;7326;NA;321454;24;2021-06-15;90107
2021-06-14;"Bratislavský kraj";4;8231;9;8240;NA;321454;13;2021-06-14;90083
2021-06-13;"Bratislavský kraj";2;8791;11;8802;NA;321454;13;2021-06-13;90070
2021-06-12;"Bratislavský kraj";4;11152;11;11163;NA;321454;15;2021-06-12;90057
2021-06-11;"Bratislavský kraj";9;13644;21;13665;NA;321454;30;2021-06-11;90042
2021-06-10;"Bratislavský kraj";12;8637;15;8652;NA;321454;27;2021-06-10;90012
2021-06-09;"Bratislavský kraj";12;7596;12;7608;NA;321454;24;2021-06-09;89985
2021-06-08;"Bratislavský kraj";13;7907;29;7936;NA;321454;42;2021-06-08;89961
2021-06-07;"Bratislavský kraj";13;9247;43;9290;NA;321454;56;2021-06-07;89919
2021-06-06;"Bratislavský kraj";3;10350;20;10370;NA;321454;23;2021-06-06;89863
2021-06-05;"Bratislavský kraj";2;12692;15;12707;NA;321454;17;2021-06-05;89840
2021-06-04;"Bratislavský kraj";10;13846;31;13877;NA;321454;41;2021-06-04;89823
2021-06-03;"Bratislavský kraj";12;9615;19;9634;NA;321454;31;2021-06-03;89782
2021-06-02;"Bratislavský kraj";10;8684;17;8701;NA;321454;27;2021-06-02;89751
2021-06-01;"Bratislavský kraj";3;8812;25;8837;NA;321454;28;2021-06-01;89724
2021-05-31;"Bratislavský kraj";18;11248;32;11280;NA;321454;50;2021-05-31;89696
2021-05-30;"Bratislavský kraj";1;11758;17;11775;NA;321454;18;2021-05-30;89646
2021-05-29;"Bratislavský kraj";4;12245;8;12253;NA;321454;12;2021-05-29;89628
2021-05-28;"Bratislavský kraj";14;15865;23;15888;NA;321454;37;2021-05-28;89616
2021-05-27;"Bratislavský kraj";5;11321;18;11339;NA;321454;23;2021-05-27;89579
2021-05-26;"Bratislavský kraj";20;10709;17;10726;NA;321454;37;2021-05-26;89556
2021-05-25;"Bratislavský kraj";19;11864;31;11895;NA;321454;50;2021-05-25;89519
2021-05-24;"Bratislavský kraj";12;12966;23;12989;NA;321454;35;2021-05-24;89469
2021-05-23;"Bratislavský kraj";7;13074;24;13098;NA;321454;31;2021-05-23;89434
2021-05-22;"Bratislavský kraj";6;14044;22;14066;NA;321454;28;2021-05-22;89403
2021-05-21;"Bratislavský kraj";15;18996;22;19018;NA;321454;37;2021-05-21;89375
2021-05-20;"Bratislavský kraj";15;14112;17;14129;NA;321454;32;2021-05-20;89338
2021-05-19;"Bratislavský kraj";21;11958;24;11982;NA;321454;45;2021-05-19;89306
2021-05-18;"Bratislavský kraj";14;13005;33;13038;NA;321454;47;2021-05-18;89261
2021-05-17;"Bratislavský kraj";15;13854;29;13883;NA;321454;44;2021-05-17;89214
2021-05-16;"Bratislavský kraj";12;19797;32;19829;NA;321454;44;2021-05-16;89170
2021-05-15;"Bratislavský kraj";1;18113;30;18143;NA;321454;31;2021-05-15;89126
2021-05-14;"Bratislavský kraj";15;22228;30;22258;NA;321454;45;2021-05-14;89095
2021-05-13;"Bratislavský kraj";9;16211;17;16228;NA;321454;26;2021-05-13;89050
2021-05-12;"Bratislavský kraj";11;14638;28;14666;NA;321454;39;2021-05-12;89024
2021-05-11;"Bratislavský kraj";29;16741;32;16773;NA;321454;61;2021-05-11;88985
2021-05-10;"Bratislavský kraj";27;19991;64;20055;NA;321454;91;2021-05-10;88924
2021-05-09;"Bratislavský kraj";9;29358;32;29390;NA;321454;41;2021-05-09;88833
2021-05-08;"Bratislavský kraj";5;19451;24;19475;NA;321454;29;2021-05-08;88792
2021-05-07;"Bratislavský kraj";32;28211;65;28276;NA;321454;97;2021-05-07;88763
2021-05-06;"Bratislavský kraj";19;20079;52;20131;NA;321454;71;2021-05-06;88666
2021-05-05;"Bratislavský kraj";29;15526;31;15557;NA;321454;60;2021-05-05;88595
2021-05-04;"Bratislavský kraj";46;19143;53;19196;NA;321454;99;2021-05-04;88535
2021-05-03;"Bratislavský kraj";37;22322;64;22386;NA;321454;101;2021-05-03;88436
2021-05-02;"Bratislavský kraj";38;43064;75;43139;NA;321454;113;2021-05-02;88335
2021-05-01;"Bratislavský kraj";11;39905;40;39945;NA;321454;51;2021-05-01;88222
2021-04-30;"Bratislavský kraj";43;47403;82;47485;NA;321454;125;2021-04-30;88171
2021-04-29;"Bratislavský kraj";48;30257;96;30353;NA;321454;144;2021-04-29;88046
2021-04-28;"Bratislavský kraj";40;28905;78;28983;NA;321454;118;2021-04-28;87902
2021-04-27;"Bratislavský kraj";41;30168;52;30220;NA;321454;93;2021-04-27;87784
2021-04-26;"Bratislavský kraj";59;34733;97;34830;NA;321454;156;2021-04-26;87691
2021-04-25;"Bratislavský kraj";8;57615;74;57689;NA;321454;82;2021-04-25;87535
2021-04-24;"Bratislavský kraj";28;74858;66;74924;NA;321454;94;2021-04-24;87453
2021-04-23;"Bratislavský kraj";70;48614;62;48676;NA;321454;132;2021-04-23;87359
2021-04-22;"Bratislavský kraj";39;31037;72;31109;NA;321454;111;2021-04-22;87227
2021-04-21;"Bratislavský kraj";48;30442;62;30504;NA;321454;110;2021-04-21;87116
2021-04-20;"Bratislavský kraj";58;35216;63;35279;NA;321454;121;2021-04-20;87006
2021-04-19;"Bratislavský kraj";48;39500;80;39580;NA;321454;128;2021-04-19;86885
2021-04-18;"Bratislavský kraj";35;62300;76;62376;NA;321454;111;2021-04-18;86757
2021-04-17;"Bratislavský kraj";13;80359;111;80470;NA;321454;124;2021-04-17;86646
2021-04-16;"Bratislavský kraj";62;47296;80;47376;NA;321454;142;2021-04-16;86522
2021-04-15;"Bratislavský kraj";34;32176;74;32250;NA;321454;108;2021-04-15;86380
2021-04-14;"Bratislavský kraj";65;33961;88;34049;NA;321454;153;2021-04-14;86272
2021-04-13;"Bratislavský kraj";82;35512;82;35594;NA;321454;164;2021-04-13;86119
2021-04-12;"Bratislavský kraj";77;42286;115;42401;NA;321454;192;2021-04-12;85955
2021-04-11;"Bratislavský kraj";42;61151;123;61274;NA;321454;165;2021-04-11;85763
2021-04-10;"Bratislavský kraj";14;77874;167;78041;NA;321454;181;2021-04-10;85598
2021-04-09;"Bratislavský kraj";72;41556;97;41653;NA;321454;169;2021-04-09;85417
2021-04-08;"Bratislavský kraj";71;28866;95;28961;NA;321454;166;2021-04-08;85248
2021-04-07;"Bratislavský kraj";96;38061;101;38162;NA;321454;197;2021-04-07;85082
2021-04-06;"Bratislavský kraj";94;56204;179;56383;NA;321454;273;2021-04-06;84885
2021-04-05;"Bratislavský kraj";85;18538;85;18623;NA;321454;170;2021-04-05;84612
2021-04-04;"Bratislavský kraj";37;29225;75;29300;NA;321454;112;2021-04-04;84442
2021-04-03;"Bratislavský kraj";52;79865;220;80085;NA;321454;272;2021-04-03;84330
2021-04-02;"Bratislavský kraj";33;23790;104;23894;NA;321454;137;2021-04-02;84058
2021-04-01;"Bratislavský kraj";119;57388;159;57547;NA;321454;278;2021-04-01;83921
2021-03-31;"Bratislavský kraj";105;46371;177;46548;NA;321454;282;2021-03-31;83643
2021-03-30;"Bratislavský kraj";100;39599;144;39743;NA;321454;244;2021-03-30;83361
2021-03-29;"Bratislavský kraj";153;40364;178;40542;NA;321454;331;2021-03-29;83117
2021-03-28;"Bratislavský kraj";59;53372;137;53509;NA;321454;196;2021-03-28;82786
2021-03-27;"Bratislavský kraj";53;79834;240;80074;NA;321454;293;2021-03-27;82590
2021-03-26;"Bratislavský kraj";114;56108;191;56299;NA;321454;305;2021-03-26;82297
2021-03-25;"Bratislavský kraj";76;36859;172;37031;NA;321454;248;2021-03-25;81992
2021-03-24;"Bratislavský kraj";120;30567;201;30768;NA;321454;321;2021-03-24;81744
2021-03-23;"Bratislavský kraj";138;36438;190;36628;NA;321454;328;2021-03-23;81423
2021-03-22;"Bratislavský kraj";110;42756;220;42976;NA;321454;330;2021-03-22;81095
2021-03-21;"Bratislavský kraj";54;61299;212;61511;NA;321454;266;2021-03-21;80765
2021-03-20;"Bratislavský kraj";59;73300;228;73528;NA;321454;287;2021-03-20;80499
2021-03-19;"Bratislavský kraj";139;54576;257;54833;NA;321454;396;2021-03-19;80212
2021-03-18;"Bratislavský kraj";142;34611;192;34803;NA;321454;334;2021-03-18;79816
2021-03-17;"Bratislavský kraj";177;30482;217;30699;NA;321454;394;2021-03-17;79482
2021-03-16;"Bratislavský kraj";258;36798;287;37085;NA;321454;545;2021-03-16;79088
2021-03-15;"Bratislavský kraj";180;38226;255;38481;NA;321454;435;2021-03-15;78543
2021-03-14;"Bratislavský kraj";75;52611;275;52886;NA;321454;350;2021-03-14;78108
2021-03-13;"Bratislavský kraj";110;81405;341;81746;NA;321454;451;2021-03-13;77758
2021-03-12;"Bratislavský kraj";152;55233;312;55545;NA;321454;464;2021-03-12;77307
2021-03-11;"Bratislavský kraj";178;34678;286;34964;NA;321454;464;2021-03-11;76843
2021-03-10;"Bratislavský kraj";164;31061;280;31341;NA;321454;444;2021-03-10;76379
2021-03-09;"Bratislavský kraj";242;37687;267;37954;NA;321454;509;2021-03-09;75935
2021-03-08;"Bratislavský kraj";255;41199;348;41547;NA;321454;603;2021-03-08;75426
2021-03-07;"Bratislavský kraj";142;52812;301;53113;NA;321454;443;2021-03-07;74823
2021-03-06;"Bratislavský kraj";79;71821;415;72236;NA;321454;494;2021-03-06;74380
2021-03-05;"Bratislavský kraj";238;50653;293;50946;NA;321454;531;2021-03-05;73886
2021-03-04;"Bratislavský kraj";204;34544;344;34888;NA;321454;548;2021-03-04;73355
2021-03-03;"Bratislavský kraj";250;30527;364;30891;NA;321454;614;2021-03-03;72807
2021-03-02;"Bratislavský kraj";267;39735;388;40123;NA;321454;655;2021-03-02;72193
2021-03-01;"Bratislavský kraj";320;38222;432;38654;NA;321454;752;2021-03-01;71538
2021-02-28;"Bratislavský kraj";184;50323;323;50646;NA;321454;507;2021-02-28;70786
2021-02-27;"Bratislavský kraj";151;76580;464;77044;NA;321454;615;2021-02-27;70279
2021-02-26;"Bratislavský kraj";277;47326;401;47727;NA;321454;678;2021-02-26;69664
2021-02-25;"Bratislavský kraj";277;28769;405;29174;NA;321454;682;2021-02-25;68986
2021-02-24;"Bratislavský kraj";217;27095;412;27507;NA;321454;629;2021-02-24;68304
2021-02-23;"Bratislavský kraj";257;31297;395;31692;NA;321454;652;2021-02-23;67675
2021-02-22;"Bratislavský kraj";353;36607;483;37090;NA;321454;836;2021-02-22;67023
2021-02-21;"Bratislavský kraj";185;54150;396;54546;NA;321454;581;2021-02-21;66187
2021-02-20;"Bratislavský kraj";167;74814;550;75364;NA;321454;717;2021-02-20;65606
2021-02-19;"Bratislavský kraj";280;44882;416;45298;NA;321454;696;2021-02-19;64889
2021-02-18;"Bratislavský kraj";263;26379;371;26750;NA;321454;634;2021-02-18;64193
2021-02-17;"Bratislavský kraj";264;22820;316;23136;NA;321454;580;2021-02-17;63559
2021-02-16;"Bratislavský kraj";289;28262;352;28614;NA;321454;641;2021-02-16;62979
2021-02-15;"Bratislavský kraj";248;36893;396;37289;NA;321454;644;2021-02-15;62338
2021-02-14;"Bratislavský kraj";153;47948;323;48271;NA;321454;476;2021-02-14;61694
2021-02-13;"Bratislavský kraj";173;68589;515;69104;NA;321454;688;2021-02-13;61218
2021-02-12;"Bratislavský kraj";282;35729;327;36056;NA;321454;609;2021-02-12;60530
2021-02-11;"Bratislavský kraj";337;24565;285;24850;NA;321454;622;2021-02-11;59921
2021-02-10;"Bratislavský kraj";314;22944;356;23300;NA;321454;670;2021-02-10;59299
2021-02-09;"Bratislavský kraj";288;36565;454;37019;NA;321454;742;2021-02-09;58629
2021-02-08;"Bratislavský kraj";484;31896;397;32293;NA;321454;881;2021-02-08;57887
2021-02-07;"Bratislavský kraj";243;51290;425;51715;NA;321454;668;2021-02-07;57006
2021-02-06;"Bratislavský kraj";116;61682;501;62183;NA;321454;617;2021-02-06;56338
2021-02-05;"Bratislavský kraj";327;27033;375;27408;NA;321454;702;2021-02-05;55721
2021-02-04;"Bratislavský kraj";555;17260;348;17608;NA;321454;903;2021-02-04;55019
2021-02-03;"Bratislavský kraj";161;13020;352;13372;NA;321454;513;2021-02-03;54116
2021-02-02;"Bratislavský kraj";397;25947;480;26427;NA;321454;877;2021-02-02;53603
2021-02-01;"Bratislavský kraj";221;35541;513;36054;NA;321454;734;2021-02-01;52726
2021-01-31;"Bratislavský kraj";180;35693;425;36118;NA;321454;605;2021-01-31;51992
2021-01-30;"Bratislavský kraj";310;49588;521;50109;NA;321454;831;2021-01-30;51387
2021-01-29;"Bratislavský kraj";344;16568;344;16912;NA;321454;688;2021-01-29;50556
2021-01-28;"Bratislavský kraj";307;10715;297;11012;NA;321454;604;2021-01-28;49868
2021-01-27;"Bratislavský kraj";336;22222;345;22567;NA;321454;681;2021-01-27;49264
2021-01-26;"Bratislavský kraj";297;21894;300;22194;NA;321454;597;2021-01-26;48583
2021-01-25;"Bratislavský kraj";356;23335;249;23584;NA;321454;605;2021-01-25;47986
2021-01-24;"Bratislavský kraj";175;37903;404;38307;NA;321454;579;2021-01-24;47381
2021-01-23;"Bratislavský kraj";396;79453;690;80143;NA;321454;1086;2021-01-23;46802
2021-01-22;"Bratislavský kraj";199;42055;365;42420;NA;321454;564;2021-01-22;45716
2021-01-21;"Bratislavský kraj";255;105746;1317;107063;NA;321454;1572;2021-01-21;45152
2021-01-20;"Bratislavský kraj";360;27289;452;27741;NA;321454;812;2021-01-20;43580
2021-01-19;"Bratislavský kraj";375;15318;346;15664;NA;321454;721;2021-01-19;42768
2021-01-18;"Bratislavský kraj";357;12533;707;13240;NA;321454;1064;2021-01-18;42047
2021-01-17;"Bratislavský kraj";244;482;26;508;NA;321454;270;2021-01-17;40983
2021-01-16;"Bratislavský kraj";70;3016;156;3172;NA;321454;226;2021-01-16;40713
2021-01-15;"Bratislavský kraj";251;7896;256;8152;NA;321454;507;2021-01-15;40487
2021-01-14;"Bratislavský kraj";363;8523;273;8796;NA;321454;636;2021-01-14;39980
2021-01-13;"Bratislavský kraj";336;8490;327;8817;NA;321454;663;2021-01-13;39344
2021-01-12;"Bratislavský kraj";450;10509;455;10964;NA;321454;905;2021-01-12;38681
2021-01-11;"Bratislavský kraj";397;19863;364;20227;NA;321454;761;2021-01-11;37776
2021-01-10;"Bratislavský kraj";252;1507;79;1586;NA;321454;331;2021-01-10;37015
2021-01-09;"Bratislavský kraj";351;4721;277;4998;NA;321454;628;2021-01-09;36684
2021-01-08;"Bratislavský kraj";556;10045;436;10481;NA;321454;992;2021-01-08;36056
2021-01-07;"Bratislavský kraj";537;6872;352;7224;NA;321454;889;2021-01-07;35064
2021-01-06;"Bratislavský kraj";271;3329;216;3545;NA;321454;487;2021-01-06;34175
2021-01-05;"Bratislavský kraj";619;10635;814;11449;NA;321454;1433;2021-01-05;33688
2021-01-04;"Bratislavský kraj";601;8226;538;8764;NA;321454;1139;2021-01-04;32255
2021-01-03;"Bratislavský kraj";77;433;41;474;NA;321454;118;2021-01-03;31116
2021-01-02;"Bratislavský kraj";185;462;57;519;NA;321454;242;2021-01-02;30998
2021-01-01;"Bratislavský kraj";235;3277;131;3408;NA;321454;366;2021-01-01;30756
2020-12-31;"Bratislavský kraj";925;14135;519;14654;NA;321454;1444;2020-12-31;30390
2020-12-30;"Bratislavský kraj";650;9164;533;9697;NA;321454;1183;2020-12-30;28946
2020-12-29;"Bratislavský kraj";303;10108;699;10807;NA;321454;1002;2020-12-29;27763
2020-12-28;"Bratislavský kraj";255;7784;473;8257;NA;321454;728;2020-12-28;26761
2020-12-27;"Bratislavský kraj";160;709;76;785;NA;321454;236;2020-12-27;26033
2020-12-26;"Bratislavský kraj";75;480;27;507;NA;321454;102;2020-12-26;25797
2020-12-25;"Bratislavský kraj";114;503;38;541;NA;321454;152;2020-12-25;25695
2020-12-24;"Bratislavský kraj";536;3367;104;3471;NA;321454;640;2020-12-24;25543
2020-12-23;"Bratislavský kraj";416;12590;447;13037;NA;321454;863;2020-12-23;24903
2020-12-22;"Bratislavský kraj";327;14587;699;15286;NA;321454;1026;2020-12-22;24040
2020-12-21;"Bratislavský kraj";392;14972;1946;16918;NA;321454;2338;2020-12-21;23014
2020-12-20;"Bratislavský kraj";180;797;57;854;NA;321454;237;2020-12-20;20676
2020-12-19;"Bratislavský kraj";396;3314;130;3444;NA;321454;526;2020-12-19;20439
2020-12-18;"Bratislavský kraj";306;9938;345;10283;NA;321454;651;2020-12-18;19913
2020-12-17;"Bratislavský kraj";502;9739;386;10125;NA;321454;888;2020-12-17;19262
2020-12-16;"Bratislavský kraj";282;10201;418;10619;NA;321454;700;2020-12-16;18374
2020-12-15;"Bratislavský kraj";423;10450;454;10904;NA;321454;877;2020-12-15;17674
2020-12-14;"Bratislavský kraj";279;6793;261;7054;NA;321454;540;2020-12-14;16797
2020-12-13;"Bratislavský kraj";125;139;10;149;NA;321454;135;2020-12-13;16257
2020-12-12;"Bratislavský kraj";361;3886;157;4043;NA;321454;518;2020-12-12;16122
2020-12-11;"Bratislavský kraj";326;6824;235;7059;NA;321454;561;2020-12-11;15604
2020-12-10;"Bratislavský kraj";286;5279;166;5445;NA;321454;452;2020-12-10;15043
2020-12-09;"Bratislavský kraj";382;4778;177;4955;NA;321454;559;2020-12-09;14591
2020-12-08;"Bratislavský kraj";234;6243;207;6450;NA;321454;441;2020-12-08;14032
2020-12-07;"Bratislavský kraj";272;4639;152;4791;NA;321454;424;2020-12-07;13591
2020-12-06;"Bratislavský kraj";61;1625;52;1677;NA;321454;113;2020-12-06;13167
2020-12-05;"Bratislavský kraj";266;2221;41;2262;NA;321454;307;2020-12-05;13054
2020-12-04;"Bratislavský kraj";200;4954;99;5053;NA;321454;299;2020-12-04;12747
2020-12-03;"Bratislavský kraj";213;5672;95;5767;NA;321454;308;2020-12-03;12448
2020-12-02;"Bratislavský kraj";205;3462;103;3565;NA;321454;308;2020-12-02;12140
2020-12-01;"Bratislavský kraj";255;3889;172;4061;NA;321454;427;2020-12-01;11832
2020-11-30;"Bratislavský kraj";152;2153;121;2274;NA;321454;273;2020-11-30;11405
2020-11-29;"Bratislavský kraj";52;201;24;225;NA;321454;76;2020-11-29;11132
2020-11-28;"Bratislavský kraj";232;2624;33;2657;NA;321454;265;2020-11-28;11056
2020-11-27;"Bratislavský kraj";54;2540;64;2604;NA;321454;118;2020-11-27;10791
2020-11-26;"Bratislavský kraj";129;1976;60;2036;NA;321454;189;2020-11-26;10673
2020-11-25;"Bratislavský kraj";140;1770;47;1817;NA;321454;187;2020-11-25;10484
2020-11-24;"Bratislavský kraj";81;2988;67;3055;NA;321454;148;2020-11-24;10297
2020-11-23;"Bratislavský kraj";67;7083;58;7141;NA;321454;125;2020-11-23;10149
2020-11-22;"Bratislavský kraj";36;81;7;88;NA;321454;43;2020-11-22;10024
2020-11-21;"Bratislavský kraj";109;2126;47;2173;NA;321454;156;2020-11-21;9981
2020-11-20;"Bratislavský kraj";118;2876;48;2924;NA;321454;166;2020-11-20;9825
2020-11-19;"Bratislavský kraj";173;987;29;1016;NA;321454;202;2020-11-19;9659
2020-11-18;"Bratislavský kraj";118;616;75;691;NA;321454;193;2020-11-18;9457
2020-11-17;"Bratislavský kraj";108;928;23;951;NA;321454;131;2020-11-17;9264
2020-11-16;"Bratislavský kraj";82;651;9;660;NA;321454;91;2020-11-16;9133
2020-11-15;"Bratislavský kraj";47;236;0;236;NA;321454;47;2020-11-15;9042
2020-11-14;"Bratislavský kraj";53;1834;15;1849;NA;321454;68;2020-11-14;8995
2020-11-13;"Bratislavský kraj";94;2096;21;2117;NA;321454;115;2020-11-13;8927
2020-11-12;"Bratislavský kraj";141;1727;6;1733;NA;321454;147;2020-11-12;8812
2020-11-11;"Bratislavský kraj";159;1429;12;1441;NA;321454;171;2020-11-11;8665
2020-11-10;"Bratislavský kraj";136;805;14;819;NA;321454;150;2020-11-10;8494
2020-11-09;"Bratislavský kraj";70;616;8;624;NA;321454;78;2020-11-09;8344
2020-11-08;"Bratislavský kraj";82;869;6;875;NA;321454;88;2020-11-08;8266
2020-11-07;"Bratislavský kraj";88;4039;17;4056;NA;321454;105;2020-11-07;8178
2020-11-06;"Bratislavský kraj";281;6441;25;6466;NA;321454;306;2020-11-06;8073
2020-11-05;"Bratislavský kraj";175;476;11;487;NA;321454;186;2020-11-05;7767
2020-11-04;"Bratislavský kraj";65;411;10;421;NA;321454;75;2020-11-04;7581
2020-11-03;"Bratislavský kraj";251;1085;12;1097;NA;321454;263;2020-11-03;7506
2020-11-02;"Bratislavský kraj";202;3365;22;3387;NA;321454;224;2020-11-02;7243
2020-11-01;"Bratislavský kraj";227;8694;39;8733;NA;321454;266;2020-11-01;7019
2020-10-31;"Bratislavský kraj";173;22407;123;22530;NA;321454;296;2020-10-31;6753
2020-10-30;"Bratislavský kraj";158;17350;138;17488;NA;321454;296;2020-10-30;6457
2020-10-29;"Bratislavský kraj";262;116;4;120;NA;321454;266;2020-10-29;6161
2020-10-28;"Bratislavský kraj";220;260;15;275;NA;321454;235;2020-10-28;5895
2020-10-27;"Bratislavský kraj";256;145;4;149;NA;321454;260;2020-10-27;5660
2020-10-26;"Bratislavský kraj";123;229;11;240;NA;321454;134;2020-10-26;5400
2020-10-25;"Bratislavský kraj";152;33;2;35;NA;321454;154;2020-10-25;5266
2020-10-24;"Bratislavský kraj";170;221;6;227;NA;321454;176;2020-10-24;5112
2020-10-23;"Bratislavský kraj";151;144;8;152;NA;321454;159;2020-10-23;4936
2020-10-22;"Bratislavský kraj";192;204;15;219;NA;321454;207;2020-10-22;4777
2020-10-21;"Bratislavský kraj";40;90;6;96;NA;321454;46;2020-10-21;4570
2022-03-28;"Košický kraj";886;0;0;0;224008;328998;886;2022-03-28;328998
2022-03-27;"Košický kraj";355;585;166;751;NA;328998;521;2022-03-27;328112
2022-03-26;"Košický kraj";593;518;112;630;NA;328998;705;2022-03-26;327591
2022-03-25;"Košický kraj";958;1198;236;1434;NA;328998;1194;2022-03-25;326886
2022-03-24;"Košický kraj";998;2331;354;2685;NA;328998;1352;2022-03-24;325692
2022-03-23;"Košický kraj";1143;2585;342;2927;NA;328998;1485;2022-03-23;324340
2022-03-22;"Košický kraj";1508;2725;372;3097;NA;328998;1880;2022-03-22;322855
2022-03-21;"Košický kraj";1241;3427;518;3945;NA;328998;1759;2022-03-21;320975
2022-03-20;"Košický kraj";199;1496;309;1805;NA;328998;508;2022-03-20;319216
2022-03-19;"Košický kraj";952;1122;235;1357;NA;328998;1187;2022-03-19;318708
2022-03-18;"Košický kraj";1382;2086;326;2412;NA;328998;1708;2022-03-18;317521
2022-03-17;"Košický kraj";1181;2696;347;3043;NA;328998;1528;2022-03-17;315813
2022-03-16;"Košický kraj";1631;4782;365;5147;NA;328998;1996;2022-03-16;314285
2022-03-15;"Košický kraj";1591;2859;425;3284;NA;328998;2016;2022-03-15;312289
2022-03-14;"Košický kraj";1424;3466;560;4026;NA;328998;1984;2022-03-14;310273
2022-03-13;"Košický kraj";565;1699;361;2060;NA;328998;926;2022-03-13;308289
2022-03-12;"Košický kraj";1227;1263;218;1481;NA;328998;1445;2022-03-12;307363
2022-03-11;"Košický kraj";1451;2815;513;3328;NA;328998;1964;2022-03-11;305918
2022-03-10;"Košický kraj";990;3153;406;3559;NA;328998;1396;2022-03-10;303954
2022-03-09;"Košický kraj";1545;3322;397;3719;NA;328998;1942;2022-03-09;302558
2022-03-08;"Košický kraj";1487;3633;441;4074;NA;328998;1928;2022-03-08;300616
2022-03-07;"Košický kraj";1347;4964;713;5677;NA;328998;2060;2022-03-07;298688
2022-03-06;"Košický kraj";297;1811;372;2183;NA;328998;669;2022-03-06;296628
2022-03-05;"Košický kraj";874;1317;264;1581;NA;328998;1138;2022-03-05;295959
2022-03-04;"Košický kraj";1255;3126;424;3550;NA;328998;1679;2022-03-04;294821
2022-03-03;"Košický kraj";1111;3543;433;3976;NA;328998;1544;2022-03-03;293142
2022-03-02;"Košický kraj";1458;3437;455;3892;NA;328998;1913;2022-03-02;291598
2022-03-01;"Košický kraj";1723;3716;487;4203;NA;328998;2210;2022-03-01;289685
2022-02-28;"Košický kraj";1345;5497;805;6302;NA;328998;2150;2022-02-28;287475
2022-02-27;"Košický kraj";465;2397;440;2837;NA;328998;905;2022-02-27;285325
2022-02-26;"Košický kraj";979;1348;329;1677;NA;328998;1308;2022-02-26;284420
2022-02-25;"Košický kraj";1691;3274;510;3784;NA;328998;2201;2022-02-25;283112
2022-02-24;"Košický kraj";1988;4033;594;4627;NA;328998;2582;2022-02-24;280911
2022-02-23;"Košický kraj";1787;4151;558;4709;NA;328998;2345;2022-02-23;278329
2022-02-22;"Košický kraj";2649;4695;660;5355;NA;328998;3309;2022-02-22;275984
2022-02-21;"Košický kraj";1646;6499;910;7409;NA;328998;2556;2022-02-21;272675
2022-02-20;"Košický kraj";577;2919;578;3497;NA;328998;1155;2022-02-20;270119
2022-02-19;"Košický kraj";1941;2169;409;2578;NA;328998;2350;2022-02-19;268964
2022-02-18;"Košický kraj";2210;4534;640;5174;NA;328998;2850;2022-02-18;266614
2022-02-17;"Košický kraj";2555;4668;675;5343;NA;328998;3230;2022-02-17;263764
2022-02-16;"Košický kraj";2153;5477;736;6213;NA;328998;2889;2022-02-16;260534
2022-02-15;"Košický kraj";2768;5507;830;6337;NA;328998;3598;2022-02-15;257645
2022-02-14;"Košický kraj";2337;8076;1104;9180;NA;328998;3441;2022-02-14;254047
2022-02-13;"Košický kraj";1235;4248;809;5057;NA;328998;2044;2022-02-13;250606
2022-02-12;"Košický kraj";1728;2014;524;2538;NA;328998;2252;2022-02-12;248562
2022-02-11;"Košický kraj";2665;4797;633;5430;NA;328998;3298;2022-02-11;246310
2022-02-10;"Košický kraj";2135;5323;728;6051;NA;328998;2863;2022-02-10;243012
2022-02-09;"Košický kraj";2067;5940;743;6683;NA;328998;2810;2022-02-09;240149
2022-02-08;"Košický kraj";2993;6143;762;6905;NA;328998;3755;2022-02-08;237339
2022-02-07;"Košický kraj";1939;7973;978;8951;NA;328998;2917;2022-02-07;233584
2022-02-06;"Košický kraj";998;4482;680;5162;NA;328998;1678;2022-02-06;230667
2022-02-05;"Košický kraj";2209;2454;434;2888;NA;328998;2643;2022-02-05;228989
2022-02-04;"Košický kraj";2563;5634;632;6266;NA;328998;3195;2022-02-04;226346
2022-02-03;"Košický kraj";1916;6379;659;7038;NA;328998;2575;2022-02-03;223151
2022-02-02;"Košický kraj";2498;6923;629;7552;NA;328998;3127;2022-02-02;220576
2022-02-01;"Košický kraj";2173;6706;678;7384;NA;328998;2851;2022-02-01;217449
2022-01-31;"Košický kraj";2020;9960;841;10801;NA;328998;2861;2022-01-31;214598
2022-01-30;"Košický kraj";1002;5716;541;6257;NA;328998;1543;2022-01-30;211737
2022-01-29;"Košický kraj";1731;2720;387;3107;NA;328998;2118;2022-01-29;210194
2022-01-28;"Košický kraj";1743;5571;492;6063;NA;328998;2235;2022-01-28;208076
2022-01-27;"Košický kraj";1553;5792;413;6205;NA;328998;1966;2022-01-27;205841
2022-01-26;"Košický kraj";1683;5613;399;6012;NA;328998;2082;2022-01-26;203875
2022-01-25;"Košický kraj";1409;6210;404;6614;NA;328998;1813;2022-01-25;201793
2022-01-24;"Košický kraj";1141;8669;431;9100;NA;328998;1572;2022-01-24;199980
2022-01-23;"Košický kraj";516;5418;287;5705;NA;328998;803;2022-01-23;198408
2022-01-22;"Košický kraj";914;2528;177;2705;NA;328998;1091;2022-01-22;197605
2022-01-21;"Košický kraj";589;5194;227;5421;NA;328998;816;2022-01-21;196514
2022-01-20;"Košický kraj";769;5379;200;5579;NA;328998;969;2022-01-20;195698
2022-01-19;"Košický kraj";629;5329;178;5507;NA;328998;807;2022-01-19;194729
2022-01-18;"Košický kraj";716;5758;140;5898;NA;328998;856;2022-01-18;193922
2022-01-17;"Košický kraj";486;9004;187;9191;NA;328998;673;2022-01-17;193066
2022-01-16;"Košický kraj";51;5264;137;5401;NA;328998;188;2022-01-16;192393
2022-01-15;"Košický kraj";422;2208;69;2277;NA;328998;491;2022-01-15;192205
2022-01-14;"Košický kraj";175;4208;93;4301;NA;328998;268;2022-01-14;191714
2022-01-13;"Košický kraj";165;4919;77;4996;NA;328998;242;2022-01-13;191446
2022-01-12;"Košický kraj";295;4609;78;4687;NA;328998;373;2022-01-12;191204
2022-01-11;"Košický kraj";349;5295;70;5365;NA;328998;419;2022-01-11;190831
2022-01-10;"Košický kraj";290;8254;128;8382;NA;328998;418;2022-01-10;190412
2022-01-09;"Košický kraj";230;5838;86;5924;NA;328998;316;2022-01-09;189994
2022-01-08;"Košický kraj";157;2417;57;2474;NA;328998;214;2022-01-08;189678
2022-01-07;"Košický kraj";388;5017;129;5146;NA;328998;517;2022-01-07;189464
2022-01-06;"Košický kraj";118;1576;55;1631;NA;328998;173;2022-01-06;188947
2022-01-05;"Košický kraj";354;5082;102;5184;NA;328998;456;2022-01-05;188774
2022-01-04;"Košický kraj";450;5273;84;5357;NA;328998;534;2022-01-04;188318
2022-01-03;"Košický kraj";439;7970;140;8110;NA;328998;579;2022-01-03;187784
2022-01-02;"Košický kraj";284;4614;109;4723;NA;328998;393;2022-01-02;187205
2022-01-01;"Košický kraj";28;360;18;378;NA;328998;46;2022-01-01;186812
2021-12-31;"Košický kraj";122;2999;86;3085;NA;328998;208;2021-12-31;186766
2021-12-30;"Košický kraj";401;3949;118;4067;NA;328998;519;2021-12-30;186558
2021-12-29;"Košický kraj";378;4194;111;4305;NA;328998;489;2021-12-29;186039
2021-12-28;"Košický kraj";509;4450;125;4575;NA;328998;634;2021-12-28;185550
2021-12-27;"Košický kraj";495;6822;205;7027;NA;328998;700;2021-12-27;184916
2021-12-26;"Košický kraj";109;2510;115;2625;NA;328998;224;2021-12-26;184216
2021-12-25;"Košický kraj";30;644;43;687;NA;328998;73;2021-12-25;183992
2021-12-24;"Košický kraj";95;1055;50;1105;NA;328998;145;2021-12-24;183919
2021-12-23;"Košický kraj";644;4479;131;4610;NA;328998;775;2021-12-23;183774
2021-12-22;"Košický kraj";224;4309;106;4415;NA;328998;330;2021-12-22;182999
2021-12-21;"Košický kraj";544;6491;138;6629;NA;328998;682;2021-12-21;182669
2021-12-20;"Košický kraj";464;8630;196;8826;NA;328998;660;2021-12-20;181987
2021-12-19;"Košický kraj";137;5447;177;5624;NA;328998;314;2021-12-19;181327
2021-12-18;"Košický kraj";414;2555;102;2657;NA;328998;516;2021-12-18;181013
2021-12-17;"Košický kraj";428;4832;145;4977;NA;328998;573;2021-12-17;180497
2021-12-16;"Košický kraj";476;5845;168;6013;NA;328998;644;2021-12-16;179924
2021-12-15;"Košický kraj";508;5956;172;6128;NA;328998;680;2021-12-15;179280
2021-12-14;"Košický kraj";957;5789;172;5961;NA;328998;1129;2021-12-14;178600
2021-12-13;"Košický kraj";679;9657;248;9905;NA;328998;927;2021-12-13;177471
2021-12-12;"Košický kraj";243;6657;198;6855;NA;328998;441;2021-12-12;176544
2021-12-11;"Košický kraj";519;2996;134;3130;NA;328998;653;2021-12-11;176103
2021-12-10;"Košický kraj";936;5465;185;5650;NA;328998;1121;2021-12-10;175450
2021-12-09;"Košický kraj";755;5779;198;5977;NA;328998;953;2021-12-09;174329
2021-12-08;"Košický kraj";1095;6574;275;6849;NA;328998;1370;2021-12-08;173376
2021-12-07;"Košický kraj";1212;6323;267;6590;NA;328998;1479;2021-12-07;172006
2021-12-06;"Košický kraj";904;10627;313;10940;NA;328998;1217;2021-12-06;170527
2021-12-05;"Košický kraj";404;7756;263;8019;NA;328998;667;2021-12-05;169310
2021-12-04;"Košický kraj";1007;3097;180;3277;NA;328998;1187;2021-12-04;168643
2021-12-03;"Košický kraj";1338;6065;271;6336;NA;328998;1609;2021-12-03;167456
2021-12-02;"Košický kraj";2209;5654;302;5956;NA;328998;2511;2021-12-02;165847
2021-12-01;"Košický kraj";1016;6483;388;6871;NA;328998;1404;2021-12-01;163336
2021-11-30;"Košický kraj";1125;8173;471;8644;NA;328998;1596;2021-11-30;161932
2021-11-29;"Košický kraj";993;14057;634;14691;NA;328998;1627;2021-11-29;160336
2021-11-28;"Košický kraj";972;10211;473;10684;NA;328998;1445;2021-11-28;158709
2021-11-27;"Košický kraj";1103;3566;219;3785;NA;328998;1322;2021-11-27;157264
2021-11-26;"Košický kraj";1395;6059;383;6442;NA;328998;1778;2021-11-26;155942
2021-11-25;"Košický kraj";1373;7016;499;7515;NA;328998;1872;2021-11-25;154164
2021-11-24;"Košický kraj";1194;7067;473;7540;NA;328998;1667;2021-11-24;152292
2021-11-23;"Košický kraj";1178;7185;488;7673;NA;328998;1666;2021-11-23;150625
2021-11-22;"Košický kraj";861;10709;741;11450;NA;328998;1602;2021-11-22;148959
2021-11-21;"Košický kraj";985;7394;657;8051;NA;328998;1642;2021-11-21;147357
2021-11-20;"Košický kraj";1083;2859;295;3154;NA;328998;1378;2021-11-20;145715
2021-11-19;"Košický kraj";1078;7543;516;8059;NA;328998;1594;2021-11-19;144337
2021-11-18;"Košický kraj";1061;9410;719;10129;NA;328998;1780;2021-11-18;142743
2021-11-17;"Košický kraj";1319;2824;262;3086;NA;328998;1581;2021-11-17;140963
2021-11-16;"Košický kraj";1484;7135;543;7678;NA;328998;2027;2021-11-16;139382
2021-11-15;"Košický kraj";902;10812;754;11566;NA;328998;1656;2021-11-15;137355
2021-11-14;"Košický kraj";715;5756;455;6211;NA;328998;1170;2021-11-14;135699
2021-11-13;"Košický kraj";869;2686;312;2998;NA;328998;1181;2021-11-13;134529
2021-11-12;"Košický kraj";1132;5616;410;6026;NA;328998;1542;2021-11-12;133348
2021-11-11;"Košický kraj";1035;6139;460;6599;NA;328998;1495;2021-11-11;131806
2021-11-10;"Košický kraj";933;6633;497;7130;NA;328998;1430;2021-11-10;130311
2021-11-09;"Košický kraj";967;5540;389;5929;NA;328998;1356;2021-11-09;128881
2021-11-08;"Košický kraj";701;7838;601;8439;NA;328998;1302;2021-11-08;127525
2021-11-07;"Košický kraj";691;4578;425;5003;NA;328998;1116;2021-11-07;126223
2021-11-06;"Košický kraj";996;2276;217;2493;NA;328998;1213;2021-11-06;125107
2021-11-05;"Košický kraj";1029;4905;367;5272;NA;328998;1396;2021-11-05;123894
2021-11-04;"Košický kraj";1000;5354;360;5714;NA;328998;1360;2021-11-04;122498
2021-11-03;"Košický kraj";1051;5749;361;6110;NA;328998;1412;2021-11-03;121138
2021-11-02;"Košický kraj";915;8775;566;9341;NA;328998;1481;2021-11-02;119726
2021-11-01;"Košický kraj";181;1999;265;2264;NA;328998;446;2021-11-01;118245
2021-10-31;"Košický kraj";385;2337;227;2564;NA;328998;612;2021-10-31;117799
2021-10-30;"Košický kraj";641;2380;180;2560;NA;328998;821;2021-10-30;117187
2021-10-29;"Košický kraj";750;4608;289;4897;NA;328998;1039;2021-10-29;116366
2021-10-28;"Košický kraj";823;5115;255;5370;NA;328998;1078;2021-10-28;115327
2021-10-27;"Košický kraj";723;4831;259;5090;NA;328998;982;2021-10-27;114249
2021-10-26;"Košický kraj";618;5049;225;5274;NA;328998;843;2021-10-26;113267
2021-10-25;"Košický kraj";268;6747;292;7039;NA;328998;560;2021-10-25;112424
2021-10-24;"Košický kraj";170;3447;205;3652;NA;328998;375;2021-10-24;111864
2021-10-23;"Košický kraj";397;1953;86;2039;NA;328998;483;2021-10-23;111489
2021-10-22;"Košický kraj";474;4679;130;4809;NA;328998;604;2021-10-22;111006
2021-10-21;"Košický kraj";669;5094;172;5266;NA;328998;841;2021-10-21;110402
2021-10-20;"Košický kraj";398;4963;152;5115;NA;328998;550;2021-10-20;109561
2021-10-19;"Košický kraj";579;4870;161;5031;NA;328998;740;2021-10-19;109011
2021-10-18;"Košický kraj";180;7090;171;7261;NA;328998;351;2021-10-18;108271
2021-10-17;"Košický kraj";70;3614;125;3739;NA;328998;195;2021-10-17;107920
2021-10-16;"Košický kraj";312;1839;40;1879;NA;328998;352;2021-10-16;107725
2021-10-15;"Košický kraj";312;4530;77;4607;NA;328998;389;2021-10-15;107373
2021-10-14;"Košický kraj";327;4652;95;4747;NA;328998;422;2021-10-14;106984
2021-10-13;"Košický kraj";168;4168;88;4256;NA;328998;256;2021-10-13;106562
2021-10-12;"Košický kraj";391;4119;75;4194;NA;328998;466;2021-10-12;106306
2021-10-11;"Košický kraj";119;6351;121;6472;NA;328998;240;2021-10-11;105840
2021-10-10;"Košický kraj";104;2921;63;2984;NA;328998;167;2021-10-10;105600
2021-10-09;"Košický kraj";111;1687;43;1730;NA;328998;154;2021-10-09;105433
2021-10-08;"Košický kraj";274;4143;68;4211;NA;328998;342;2021-10-08;105279
2021-10-07;"Košický kraj";277;4399;74;4473;NA;328998;351;2021-10-07;104937
2021-10-06;"Košický kraj";178;4369;89;4458;NA;328998;267;2021-10-06;104586
2021-10-05;"Košický kraj";345;4542;78;4620;NA;328998;423;2021-10-05;104319
2021-10-04;"Košický kraj";122;6094;110;6204;NA;328998;232;2021-10-04;103896
2021-10-03;"Košický kraj";133;3176;74;3250;NA;328998;207;2021-10-03;103664
2021-10-02;"Košický kraj";124;2567;41;2608;NA;328998;165;2021-10-02;103457
2021-10-01;"Košický kraj";181;4251;73;4324;NA;328998;254;2021-10-01;103292
2021-09-30;"Košický kraj";244;4780;71;4851;NA;328998;315;2021-09-30;103038
2021-09-29;"Košický kraj";183;3824;64;3888;NA;328998;247;2021-09-29;102723
2021-09-28;"Košický kraj";303;4339;80;4419;NA;328998;383;2021-09-28;102476
2021-09-27;"Košický kraj";117;6358;77;6435;NA;328998;194;2021-09-27;102093
2021-09-26;"Košický kraj";13;2809;44;2853;NA;328998;57;2021-09-26;101899
2021-09-25;"Košický kraj";162;2521;35;2556;NA;328998;197;2021-09-25;101842
2021-09-24;"Košický kraj";183;4756;43;4799;NA;328998;226;2021-09-24;101645
2021-09-23;"Košický kraj";142;3880;51;3931;NA;328998;193;2021-09-23;101419
2021-09-22;"Košický kraj";151;4436;52;4488;NA;328998;203;2021-09-22;101226
2021-09-21;"Košický kraj";234;4441;44;4485;NA;328998;278;2021-09-21;101023
2021-09-20;"Košický kraj";158;6017;73;6090;NA;328998;231;2021-09-20;100745
2021-09-19;"Košický kraj";15;2487;30;2517;NA;328998;45;2021-09-19;100514
2021-09-18;"Košický kraj";187;2504;24;2528;NA;328998;211;2021-09-18;100469
2021-09-17;"Košický kraj";121;4797;41;4838;NA;328998;162;2021-09-17;100258
2021-09-16;"Košický kraj";228;4503;71;4574;NA;328998;299;2021-09-16;100096
2021-09-15;"Košický kraj";52;989;16;1005;NA;328998;68;2021-09-15;99797
2021-09-14;"Košický kraj";142;3456;47;3503;NA;328998;189;2021-09-14;99729
2021-09-13;"Košický kraj";96;4949;48;4997;NA;328998;144;2021-09-13;99540
2021-09-12;"Košický kraj";14;2003;31;2034;NA;328998;45;2021-09-12;99396
2021-09-11;"Košický kraj";105;2186;19;2205;NA;328998;124;2021-09-11;99351
2021-09-10;"Košický kraj";125;4293;42;4335;NA;328998;167;2021-09-10;99227
2021-09-09;"Košický kraj";115;3226;30;3256;NA;328998;145;2021-09-09;99060
2021-09-08;"Košický kraj";86;2753;36;2789;NA;328998;122;2021-09-08;98915
2021-09-07;"Košický kraj";79;2686;53;2739;NA;328998;132;2021-09-07;98793
2021-09-06;"Košický kraj";41;2786;36;2822;NA;328998;77;2021-09-06;98661
2021-09-05;"Košický kraj";52;1393;18;1411;NA;328998;70;2021-09-05;98584
2021-09-04;"Košický kraj";37;1678;12;1690;NA;328998;49;2021-09-04;98514
2021-09-03;"Košický kraj";47;2913;35;2948;NA;328998;82;2021-09-03;98465
2021-09-02;"Košický kraj";56;2686;26;2712;NA;328998;82;2021-09-02;98383
2021-09-01;"Košický kraj";95;629;13;642;NA;328998;108;2021-09-01;98301
2021-08-31;"Košický kraj";30;2525;22;2547;NA;328998;52;2021-08-31;98193
2021-08-30;"Košický kraj";8;2404;28;2432;NA;328998;36;2021-08-30;98141
2021-08-29;"Košický kraj";16;603;1;604;NA;328998;17;2021-08-29;98105
2021-08-28;"Košický kraj";14;2103;11;2114;NA;328998;25;2021-08-28;98088
2021-08-27;"Košický kraj";22;2908;16;2924;NA;328998;38;2021-08-27;98063
2021-08-26;"Košický kraj";19;2292;13;2305;NA;328998;32;2021-08-26;98025
2021-08-25;"Košický kraj";33;2010;6;2016;NA;328998;39;2021-08-25;97993
2021-08-24;"Košický kraj";14;2337;3;2340;NA;328998;17;2021-08-24;97954
2021-08-23;"Košický kraj";33;2461;5;2466;NA;328998;38;2021-08-23;97937
2021-08-22;"Košický kraj";4;1457;8;1465;NA;328998;12;2021-08-22;97899
2021-08-21;"Košický kraj";35;2134;5;2139;NA;328998;40;2021-08-21;97887
2021-08-20;"Košický kraj";13;3215;5;3220;NA;328998;18;2021-08-20;97847
2021-08-19;"Košický kraj";14;2178;6;2184;NA;328998;20;2021-08-19;97829
2021-08-18;"Košický kraj";30;1827;8;1835;NA;328998;38;2021-08-18;97809
2021-08-17;"Košický kraj";24;1619;3;1622;NA;328998;27;2021-08-17;97771
2021-08-16;"Košický kraj";3;2236;10;2246;NA;328998;13;2021-08-16;97744
2021-08-15;"Košický kraj";1;778;5;783;NA;328998;6;2021-08-15;97731
2021-08-14;"Košický kraj";15;1222;1;1223;NA;328998;16;2021-08-14;97725
2021-08-13;"Košický kraj";14;1928;8;1936;NA;328998;22;2021-08-13;97709
2021-08-12;"Košický kraj";10;1248;3;1251;NA;328998;13;2021-08-12;97687
2021-08-11;"Košický kraj";6;1368;5;1373;NA;328998;11;2021-08-11;97674
2021-08-10;"Košický kraj";10;1352;8;1360;NA;328998;18;2021-08-10;97663
2021-08-09;"Košický kraj";12;1651;3;1654;NA;328998;15;2021-08-09;97645
2021-08-08;"Košický kraj";8;688;1;689;NA;328998;9;2021-08-08;97630
2021-08-07;"Košický kraj";3;1125;3;1128;NA;328998;6;2021-08-07;97621
2021-08-06;"Košický kraj";9;1614;6;1620;NA;328998;15;2021-08-06;97615
2021-08-05;"Košický kraj";26;1254;6;1260;NA;328998;32;2021-08-05;97600
2021-08-04;"Košický kraj";8;1373;5;1378;NA;328998;13;2021-08-04;97568
2021-08-03;"Košický kraj";33;1121;3;1124;NA;328998;36;2021-08-03;97555
2021-08-02;"Košický kraj";6;1702;8;1710;NA;328998;14;2021-08-02;97519
2021-08-01;"Košický kraj";1;662;1;663;NA;328998;2;2021-08-01;97505
2021-07-31;"Košický kraj";17;1153;2;1155;NA;328998;19;2021-07-31;97503
2021-07-30;"Košický kraj";12;1657;7;1664;NA;328998;19;2021-07-30;97484
2021-07-29;"Košický kraj";7;1242;5;1247;NA;328998;12;2021-07-29;97465
2021-07-28;"Košický kraj";15;956;5;961;NA;328998;20;2021-07-28;97453
2021-07-27;"Košický kraj";17;1180;7;1187;NA;328998;24;2021-07-27;97433
2021-07-26;"Košický kraj";3;1666;9;1675;NA;328998;12;2021-07-26;97409
2021-07-25;"Košický kraj";0;719;3;722;NA;328998;3;2021-07-25;97397
2021-07-24;"Košický kraj";18;996;4;1000;NA;328998;22;2021-07-24;97394
2021-07-23;"Košický kraj";9;1524;5;1529;NA;328998;14;2021-07-23;97372
2021-07-22;"Košický kraj";1;1254;4;1258;NA;328998;5;2021-07-22;97358
2021-07-21;"Košický kraj";4;1117;3;1120;NA;328998;7;2021-07-21;97353
2021-07-20;"Košický kraj";6;1355;1;1356;NA;328998;7;2021-07-20;97346
2021-07-19;"Košický kraj";2;1517;2;1519;NA;328998;4;2021-07-19;97339
2021-07-18;"Košický kraj";0;644;0;644;NA;328998;0;2021-07-18;97335
2021-07-17;"Košický kraj";3;1101;5;1106;NA;328998;8;2021-07-17;97335
2021-07-16;"Košický kraj";3;1609;4;1613;NA;328998;7;2021-07-16;97327
2021-07-15;"Košický kraj";4;1383;4;1387;NA;328998;8;2021-07-15;97320
2021-07-14;"Košický kraj";2;1175;4;1179;NA;328998;6;2021-07-14;97312
2021-07-13;"Košický kraj";4;1331;1;1332;NA;328998;5;2021-07-13;97306
2021-07-12;"Košický kraj";3;1894;3;1897;NA;328998;6;2021-07-12;97301
2021-07-11;"Košický kraj";1;537;2;539;NA;328998;3;2021-07-11;97295
2021-07-10;"Košický kraj";9;1167;0;1167;NA;328998;9;2021-07-10;97292
2021-07-09;"Košický kraj";5;2005;5;2010;NA;328998;10;2021-07-09;97283
2021-07-08;"Košický kraj";13;1282;2;1284;NA;328998;15;2021-07-08;97273
2021-07-07;"Košický kraj";6;1524;1;1525;NA;328998;7;2021-07-07;97258
2021-07-06;"Košický kraj";4;1886;2;1888;NA;328998;6;2021-07-06;97251
2021-07-05;"Košický kraj";1;573;1;574;NA;328998;2;2021-07-05;97245
2021-07-04;"Košický kraj";0;482;2;484;NA;328998;2;2021-07-04;97243
2021-07-03;"Košický kraj";2;1227;0;1227;NA;328998;2;2021-07-03;97241
2021-07-02;"Košický kraj";2;1883;3;1886;NA;328998;5;2021-07-02;97239
2021-07-01;"Košický kraj";0;1211;2;1213;NA;328998;2;2021-07-01;97234
2021-06-30;"Košický kraj";5;9306;7;9313;NA;328998;12;2021-06-30;97232
2021-06-29;"Košický kraj";6;5692;7;5699;NA;328998;13;2021-06-29;97220
2021-06-28;"Košický kraj";5;6129;2;6131;NA;328998;7;2021-06-28;97207
2021-06-27;"Košický kraj";8;4636;3;4639;NA;328998;11;2021-06-27;97200
2021-06-26;"Košický kraj";4;5699;14;5713;NA;328998;18;2021-06-26;97189
2021-06-25;"Košický kraj";5;6981;2;6983;NA;328998;7;2021-06-25;97171
2021-06-24;"Košický kraj";1;5072;3;5075;NA;328998;4;2021-06-24;97164
2021-06-23;"Košický kraj";8;5373;3;5376;NA;328998;11;2021-06-23;97160
2021-06-22;"Košický kraj";1;5269;3;5272;NA;328998;4;2021-06-22;97149
2021-06-21;"Košický kraj";5;6830;11;6841;NA;328998;16;2021-06-21;97145
2021-06-20;"Košický kraj";0;4882;6;4888;NA;328998;6;2021-06-20;97129
2021-06-19;"Košický kraj";7;6473;1;6474;NA;328998;8;2021-06-19;97123
2021-06-18;"Košický kraj";4;7969;8;7977;NA;328998;12;2021-06-18;97115
2021-06-17;"Košický kraj";6;6128;3;6131;NA;328998;9;2021-06-17;97103
2021-06-16;"Košický kraj";11;6059;7;6066;NA;328998;18;2021-06-16;97094
2021-06-15;"Košický kraj";12;6301;2;6303;NA;328998;14;2021-06-15;97076
2021-06-14;"Košický kraj";10;7076;9;7085;NA;328998;19;2021-06-14;97062
2021-06-13;"Košický kraj";7;6948;8;6956;NA;328998;15;2021-06-13;97043
2021-06-12;"Košický kraj";7;7485;9;7494;NA;328998;16;2021-06-12;97028
2021-06-11;"Košický kraj";15;8973;6;8979;NA;328998;21;2021-06-11;97012
2021-06-10;"Košický kraj";11;6588;16;6604;NA;328998;27;2021-06-10;96991
2021-06-09;"Košický kraj";37;6056;7;6063;NA;328998;44;2021-06-09;96964
2021-06-08;"Košický kraj";33;7019;13;7032;NA;328998;46;2021-06-08;96920
2021-06-07;"Košický kraj";11;8106;22;8128;NA;328998;33;2021-06-07;96874
2021-06-06;"Košický kraj";1;7843;7;7850;NA;328998;8;2021-06-06;96841
2021-06-05;"Košický kraj";21;9286;3;9289;NA;328998;24;2021-06-05;96833
2021-06-04;"Košický kraj";26;11418;20;11438;NA;328998;46;2021-06-04;96809
2021-06-03;"Košický kraj";23;6467;14;6481;NA;328998;37;2021-06-03;96763
2021-06-02;"Košický kraj";15;7180;24;7204;NA;328998;39;2021-06-02;96726
2021-06-01;"Košický kraj";13;7562;10;7572;NA;328998;23;2021-06-01;96687
2021-05-31;"Košický kraj";13;9256;18;9274;NA;328998;31;2021-05-31;96664
2021-05-30;"Košický kraj";3;11215;10;11225;NA;328998;13;2021-05-30;96633
2021-05-29;"Košický kraj";25;10942;22;10964;NA;328998;47;2021-05-29;96620
2021-05-28;"Košický kraj";17;13055;29;13084;NA;328998;46;2021-05-28;96573
2021-05-27;"Košický kraj";19;7924;26;7950;NA;328998;45;2021-05-27;96527
2021-05-26;"Košický kraj";35;8118;27;8145;NA;328998;62;2021-05-26;96482
2021-05-25;"Košický kraj";33;9296;29;9325;NA;328998;62;2021-05-25;96420
2021-05-24;"Košický kraj";10;10855;27;10882;NA;328998;37;2021-05-24;96358
2021-05-23;"Košický kraj";4;12151;15;12166;NA;328998;19;2021-05-23;96321
2021-05-22;"Košický kraj";27;12601;19;12620;NA;328998;46;2021-05-22;96302
2021-05-21;"Košický kraj";24;14910;27;14937;NA;328998;51;2021-05-21;96256
2021-05-20;"Košický kraj";20;9422;28;9450;NA;328998;48;2021-05-20;96205
2021-05-19;"Košický kraj";30;10421;21;10442;NA;328998;51;2021-05-19;96157
2021-05-18;"Košický kraj";34;10254;36;10290;NA;328998;70;2021-05-18;96106
2021-05-17;"Košický kraj";20;12686;38;12724;NA;328998;58;2021-05-17;96036
2021-05-16;"Košický kraj";37;17865;20;17885;NA;328998;57;2021-05-16;95978
2021-05-15;"Košický kraj";22;25602;28;25630;NA;328998;50;2021-05-15;95921
2021-05-14;"Košický kraj";32;21824;42;21866;NA;328998;74;2021-05-14;95871
2021-05-13;"Košický kraj";39;10172;32;10204;NA;328998;71;2021-05-13;95797
2021-05-12;"Košický kraj";85;10868;33;10901;NA;328998;118;2021-05-12;95726
2021-05-11;"Košický kraj";68;11166;32;11198;NA;328998;100;2021-05-11;95608
2021-05-10;"Košický kraj";25;17044;42;17086;NA;328998;67;2021-05-10;95508
2021-05-09;"Košický kraj";84;25594;55;25649;NA;328998;139;2021-05-09;95441
2021-05-08;"Košický kraj";18;23399;23;23422;NA;328998;41;2021-05-08;95302
2021-05-07;"Košický kraj";51;24497;57;24554;NA;328998;108;2021-05-07;95261
2021-05-06;"Košický kraj";55;11847;43;11890;NA;328998;98;2021-05-06;95153
2021-05-05;"Košický kraj";23;12124;35;12159;NA;328998;58;2021-05-05;95055
2021-05-04;"Košický kraj";143;13562;38;13600;NA;328998;181;2021-05-04;94997
2021-05-03;"Košický kraj";37;16944;68;17012;NA;328998;105;2021-05-03;94816
2021-05-02;"Košický kraj";45;36096;56;36152;NA;328998;101;2021-05-02;94711
2021-05-01;"Košický kraj";54;52075;76;52151;NA;328998;130;2021-05-01;94610
2021-04-30;"Košický kraj";59;44602;94;44696;NA;328998;153;2021-04-30;94480
2021-04-29;"Košický kraj";76;17014;53;17067;NA;328998;129;2021-04-29;94327
2021-04-28;"Košický kraj";99;17970;52;18022;NA;328998;151;2021-04-28;94198
2021-04-27;"Košický kraj";108;20670;43;20713;NA;328998;151;2021-04-27;94047
2021-04-26;"Košický kraj";39;25915;96;26011;NA;328998;135;2021-04-26;93896
2021-04-25;"Košický kraj";23;48355;57;48412;NA;328998;80;2021-04-25;93761
2021-04-24;"Košický kraj";68;90124;114;90238;NA;328998;182;2021-04-24;93681
2021-04-23;"Košický kraj";110;41232;72;41304;NA;328998;182;2021-04-23;93499
2021-04-22;"Košický kraj";56;16772;44;16816;NA;328998;100;2021-04-22;93317
2021-04-21;"Košický kraj";114;19519;61;19580;NA;328998;175;2021-04-21;93217
2021-04-20;"Košický kraj";81;25432;63;25495;NA;328998;144;2021-04-20;93042
2021-04-19;"Košický kraj";93;29950;108;30058;NA;328998;201;2021-04-19;92898
2021-04-18;"Košický kraj";10;48913;82;48995;NA;328998;92;2021-04-18;92697
2021-04-17;"Košický kraj";187;83856;103;83959;NA;328998;290;2021-04-17;92605
2021-04-16;"Košický kraj";83;41568;127;41695;NA;328998;210;2021-04-16;92315
2021-04-15;"Košický kraj";104;18522;93;18615;NA;328998;197;2021-04-15;92105
2021-04-14;"Košický kraj";119;20089;64;20153;NA;328998;183;2021-04-14;91908
2021-04-13;"Košický kraj";81;23175;120;23295;NA;328998;201;2021-04-13;91725
2021-04-12;"Košický kraj";129;26573;124;26697;NA;328998;253;2021-04-12;91524
2021-04-11;"Košický kraj";29;46949;80;47029;NA;328998;109;2021-04-11;91271
2021-04-10;"Košický kraj";138;100114;183;100297;NA;328998;321;2021-04-10;91162
2021-04-09;"Košický kraj";168;35206;133;35339;NA;328998;301;2021-04-09;90841
2021-04-08;"Košický kraj";81;18530;90;18620;NA;328998;171;2021-04-08;90540
2021-04-07;"Košický kraj";232;28027;194;28221;NA;328998;426;2021-04-07;90369
2021-04-06;"Košický kraj";121;36495;164;36659;NA;328998;285;2021-04-06;89943
2021-04-05;"Košický kraj";19;14361;66;14427;NA;328998;85;2021-04-05;89658
2021-04-04;"Košický kraj";33;15089;66;15155;NA;328998;99;2021-04-04;89573
2021-04-03;"Košický kraj";138;97664;241;97905;NA;328998;379;2021-04-03;89474
2021-04-02;"Košický kraj";128;24515;76;24591;NA;328998;204;2021-04-02;89095
2021-04-01;"Košický kraj";165;46151;156;46307;NA;328998;321;2021-04-01;88891
2021-03-31;"Košický kraj";160;29659;124;29783;NA;328998;284;2021-03-31;88570
2021-03-30;"Košický kraj";229;24038;163;24201;NA;328998;392;2021-03-30;88286
2021-03-29;"Košický kraj";78;28843;194;29037;NA;328998;272;2021-03-29;87894
2021-03-28;"Košický kraj";39;44263;128;44391;NA;328998;167;2021-03-28;87622
2021-03-27;"Košický kraj";222;96602;265;96867;NA;328998;487;2021-03-27;87455
2021-03-26;"Košický kraj";233;45252;202;45454;NA;328998;435;2021-03-26;86968
2021-03-25;"Košický kraj";133;23804;175;23979;NA;328998;308;2021-03-25;86533
2021-03-24;"Košický kraj";165;20696;155;20851;NA;328998;320;2021-03-24;86225
2021-03-23;"Košický kraj";202;22434;192;22626;NA;328998;394;2021-03-23;85905
2021-03-22;"Košický kraj";169;26890;228;27118;NA;328998;397;2021-03-22;85511
2021-03-21;"Košický kraj";109;46746;167;46913;NA;328998;276;2021-03-21;85114
2021-03-20;"Košický kraj";126;101334;311;101645;NA;328998;437;2021-03-20;84838
2021-03-19;"Košický kraj";205;45632;260;45892;NA;328998;465;2021-03-19;84401
2021-03-18;"Košický kraj";274;23827;212;24039;NA;328998;486;2021-03-18;83936
2021-03-17;"Košický kraj";177;21548;195;21743;NA;328998;372;2021-03-17;83450
2021-03-16;"Košický kraj";386;23454;226;23680;NA;328998;612;2021-03-16;83078
2021-03-15;"Košický kraj";173;27900;297;28197;NA;328998;470;2021-03-15;82466
2021-03-14;"Košický kraj";145;44354;220;44574;NA;328998;365;2021-03-14;81996
2021-03-13;"Košický kraj";146;103790;483;104273;NA;328998;629;2021-03-13;81631
2021-03-12;"Košický kraj";366;47871;321;48192;NA;328998;687;2021-03-12;81002
2021-03-11;"Košický kraj";396;23229;263;23492;NA;328998;659;2021-03-11;80315
2021-03-10;"Košický kraj";121;22205;269;22474;NA;328998;390;2021-03-10;79656
2021-03-09;"Košický kraj";676;24509;300;24809;NA;328998;976;2021-03-09;79266
2021-03-08;"Košický kraj";559;29852;344;30196;NA;328998;903;2021-03-08;78290
2021-03-07;"Košický kraj";45;44230;299;44529;NA;328998;344;2021-03-07;77387
2021-03-06;"Košický kraj";177;105598;532;106130;NA;328998;709;2021-03-06;77043
2021-03-05;"Košický kraj";439;45567;424;45991;NA;328998;863;2021-03-05;76334
2021-03-04;"Košický kraj";417;23862;320;24182;NA;328998;737;2021-03-04;75471
2021-03-03;"Košický kraj";390;23169;298;23467;NA;328998;688;2021-03-03;74734
2021-03-02;"Košický kraj";464;24158;368;24526;NA;328998;832;2021-03-02;74046
2021-03-01;"Košický kraj";389;30013;514;30527;NA;328998;903;2021-03-01;73214
2021-02-28;"Košický kraj";265;43053;334;43387;NA;328998;599;2021-02-28;72311
2021-02-27;"Košický kraj";301;100559;784;101343;NA;328998;1085;2021-02-27;71712
2021-02-26;"Košický kraj";440;45466;492;45958;NA;328998;932;2021-02-26;70627
2021-02-25;"Košický kraj";331;19872;342;20214;NA;328998;673;2021-02-25;69695
2021-02-24;"Košický kraj";263;18751;505;19256;NA;328998;768;2021-02-24;69022
2021-02-23;"Košický kraj";642;21605;341;21946;NA;328998;983;2021-02-23;68254
2021-02-22;"Košický kraj";362;30858;434;31292;NA;328998;796;2021-02-22;67271
2021-02-21;"Košický kraj";170;40464;385;40849;NA;328998;555;2021-02-21;66475
2021-02-20;"Košický kraj";283;92550;770;93320;NA;328998;1053;2021-02-20;65920
2021-02-19;"Košický kraj";507;41579;583;42162;NA;328998;1090;2021-02-19;64867
2021-02-18;"Košický kraj";397;18442;345;18787;NA;328998;742;2021-02-18;63777
2021-02-17;"Košický kraj";322;18080;387;18467;NA;328998;709;2021-02-17;63035
2021-02-16;"Košický kraj";600;22111;463;22574;NA;328998;1063;2021-02-16;62326
2021-02-15;"Košický kraj";216;27633;419;28052;NA;328998;635;2021-02-15;61263
2021-02-14;"Košický kraj";241;56743;524;57267;NA;328998;765;2021-02-14;60628
2021-02-13;"Košický kraj";206;93745;765;94510;NA;328998;971;2021-02-13;59863
2021-02-12;"Košický kraj";448;49924;611;50535;NA;328998;1059;2021-02-12;58892
2021-02-11;"Košický kraj";435;14524;323;14847;NA;328998;758;2021-02-11;57833
2021-02-10;"Košický kraj";360;18475;431;18906;NA;328998;791;2021-02-10;57075
2021-02-09;"Košický kraj";544;24841;463;25304;NA;328998;1007;2021-02-09;56284
2021-02-08;"Košický kraj";237;24836;392;25228;NA;328998;629;2021-02-08;55277
2021-02-07;"Košický kraj";208;56897;612;57509;NA;328998;820;2021-02-07;54648
2021-02-06;"Košický kraj";318;104357;884;105241;NA;328998;1202;2021-02-06;53828
2021-02-05;"Košický kraj";384;43186;494;43680;NA;328998;878;2021-02-05;52626
2021-02-04;"Košický kraj";391;14512;371;14883;NA;328998;762;2021-02-04;51748
2021-02-03;"Košický kraj";296;12599;339;12938;NA;328998;635;2021-02-03;50986
2021-02-02;"Košický kraj";473;43883;1212;45095;NA;328998;1685;2021-02-02;50351
2021-02-01;"Košický kraj";415;21984;362;22346;NA;328998;777;2021-02-01;48666
2021-01-31;"Košický kraj";142;54690;617;55307;NA;328998;759;2021-01-31;47889
2021-01-30;"Košický kraj";320;76722;661;77383;NA;328998;981;2021-01-30;47130
2021-01-29;"Košický kraj";311;37164;466;37630;NA;328998;777;2021-01-29;46149
2021-01-28;"Košický kraj";540;9006;244;9250;NA;328998;784;2021-01-28;45372
2021-01-27;"Košický kraj";265;7575;211;7786;NA;328998;476;2021-01-27;44588
2021-01-26;"Košický kraj";530;14210;245;14455;NA;328998;775;2021-01-26;44112
2021-01-25;"Košický kraj";226;26431;413;26844;NA;328998;639;2021-01-25;43337
2021-01-24;"Košický kraj";150;44419;581;45000;NA;328998;731;2021-01-24;42698
2021-01-23;"Košický kraj";232;82705;857;83562;NA;328998;1089;2021-01-23;41967
2021-01-22;"Košický kraj";316;19997;265;20262;NA;328998;581;2021-01-22;40878
2021-01-21;"Košický kraj";274;14053;159;14212;NA;328998;433;2021-01-21;40297
2021-01-20;"Košický kraj";374;10844;201;11045;NA;328998;575;2021-01-20;39864
2021-01-19;"Košický kraj";248;9717;181;9898;NA;328998;429;2021-01-19;39289
2021-01-18;"Košický kraj";333;7659;262;7921;NA;328998;595;2021-01-18;38860
2021-01-17;"Košický kraj";155;535;14;549;NA;328998;169;2021-01-17;38265
2021-01-16;"Košický kraj";153;1403;47;1450;NA;328998;200;2021-01-16;38096
2021-01-15;"Košický kraj";308;6443;213;6656;NA;328998;521;2021-01-15;37896
2021-01-14;"Košický kraj";358;5471;221;5692;NA;328998;579;2021-01-14;37375
2021-01-13;"Košický kraj";421;4897;226;5123;NA;328998;647;2021-01-13;36796
2021-01-12;"Košický kraj";482;6473;237;6710;NA;328998;719;2021-01-12;36149
2021-01-11;"Košický kraj";309;7553;286;7839;NA;328998;595;2021-01-11;35430
2021-01-10;"Košický kraj";193;136;6;142;NA;328998;199;2021-01-10;34835
2021-01-09;"Košický kraj";469;1134;45;1179;NA;328998;514;2021-01-09;34636
2021-01-08;"Košický kraj";551;7106;348;7454;NA;328998;899;2021-01-08;34122
2021-01-07;"Košický kraj";251;5853;398;6251;NA;328998;649;2021-01-07;33223
2021-01-06;"Košický kraj";442;429;33;462;NA;328998;475;2021-01-06;32574
2021-01-05;"Košický kraj";584;7633;527;8160;NA;328998;1111;2021-01-05;32099
2021-01-04;"Košický kraj";407;6479;660;7139;NA;328998;1067;2021-01-04;30988
2021-01-03;"Košický kraj";118;661;22;683;NA;328998;140;2021-01-03;29921
2021-01-02;"Košický kraj";88;440;52;492;NA;328998;140;2021-01-02;29781
2021-01-01;"Košický kraj";398;725;49;774;NA;328998;447;2021-01-01;29641
2020-12-31;"Košický kraj";625;7509;453;7962;NA;328998;1078;2020-12-31;29194
2020-12-30;"Košický kraj";590;6076;395;6471;NA;328998;985;2020-12-30;28116
2020-12-29;"Košický kraj";419;7454;596;8050;NA;328998;1015;2020-12-29;27131
2020-12-28;"Košický kraj";356;7933;756;8689;NA;328998;1112;2020-12-28;26116
2020-12-27;"Košický kraj";159;147;16;163;NA;328998;175;2020-12-27;25004
2020-12-26;"Košický kraj";163;274;23;297;NA;328998;186;2020-12-26;24829
2020-12-25;"Košický kraj";237;140;10;150;NA;328998;247;2020-12-25;24643
2020-12-24;"Košický kraj";564;1470;90;1560;NA;328998;654;2020-12-24;24396
2020-12-23;"Košický kraj";304;7339;327;7666;NA;328998;631;2020-12-23;23742
2020-12-22;"Košický kraj";438;7284;429;7713;NA;328998;867;2020-12-22;23111
2020-12-21;"Košický kraj";405;6703;504;7207;NA;328998;909;2020-12-21;22244
2020-12-20;"Košický kraj";215;73;11;84;NA;328998;226;2020-12-20;21335
2020-12-19;"Košický kraj";207;1309;63;1372;NA;328998;270;2020-12-19;21109
2020-12-18;"Košický kraj";310;7707;292;7999;NA;328998;602;2020-12-18;20839
2020-12-17;"Košický kraj";463;5101;253;5354;NA;328998;716;2020-12-17;20237
2020-12-16;"Košický kraj";455;5725;295;6020;NA;328998;750;2020-12-16;19521
2020-12-15;"Košický kraj";319;4787;327;5114;NA;328998;646;2020-12-15;18771
2020-12-14;"Košický kraj";256;2905;225;3130;NA;328998;481;2020-12-14;18125
2020-12-13;"Košický kraj";47;181;2;183;NA;328998;49;2020-12-13;17644
2020-12-12;"Košický kraj";369;1587;118;1705;NA;328998;487;2020-12-12;17595
2020-12-11;"Košický kraj";354;5328;256;5584;NA;328998;610;2020-12-11;17108
2020-12-10;"Košický kraj";283;3987;174;4161;NA;328998;457;2020-12-10;16498
2020-12-09;"Košický kraj";279;3786;166;3952;NA;328998;445;2020-12-09;16041
2020-12-08;"Košický kraj";226;4105;355;4460;NA;328998;581;2020-12-08;15596
2020-12-07;"Košický kraj";270;2383;106;2489;NA;328998;376;2020-12-07;15015
2020-12-06;"Košický kraj";121;482;33;515;NA;328998;154;2020-12-06;14639
2020-12-05;"Košický kraj";90;1096;48;1144;NA;328998;138;2020-12-05;14485
2020-12-04;"Košický kraj";224;2680;82;2762;NA;328998;306;2020-12-04;14347
2020-12-03;"Košický kraj";211;7717;173;7890;NA;328998;384;2020-12-03;14041
2020-12-02;"Košický kraj";193;8132;496;8628;NA;328998;689;2020-12-02;13657
2020-12-01;"Košický kraj";178;2237;124;2361;NA;328998;302;2020-12-01;12968
2020-11-30;"Košický kraj";171;3598;59;3657;NA;328998;230;2020-11-30;12666
2020-11-29;"Košický kraj";31;325;17;342;NA;328998;48;2020-11-29;12436
2020-11-28;"Košický kraj";69;721;52;773;NA;328998;121;2020-11-28;12388
2020-11-27;"Košický kraj";149;2921;78;2999;NA;328998;227;2020-11-27;12267
2020-11-26;"Košický kraj";239;1234;60;1294;NA;328998;299;2020-11-26;12040
2020-11-25;"Košický kraj";237;1785;123;1908;NA;328998;360;2020-11-25;11741
2020-11-24;"Košický kraj";196;1976;67;2043;NA;328998;263;2020-11-24;11381
2020-11-23;"Košický kraj";51;4115;63;4178;NA;328998;114;2020-11-23;11118
2020-11-22;"Košický kraj";57;57;5;62;NA;328998;62;2020-11-22;11004
2020-11-21;"Košický kraj";87;858;36;894;NA;328998;123;2020-11-21;10942
2020-11-20;"Košický kraj";176;3084;49;3133;NA;328998;225;2020-11-20;10819
2020-11-19;"Košický kraj";206;1736;48;1784;NA;328998;254;2020-11-19;10594
2020-11-18;"Košický kraj";122;532;17;549;NA;328998;139;2020-11-18;10340
2020-11-17;"Košický kraj";152;82;9;91;NA;328998;161;2020-11-17;10201
2020-11-16;"Košický kraj";114;596;27;623;NA;328998;141;2020-11-16;10040
2020-11-15;"Košický kraj";15;338;7;345;NA;328998;22;2020-11-15;9899
2020-11-14;"Košický kraj";234;520;12;532;NA;328998;246;2020-11-14;9877
2020-11-13;"Košický kraj";207;664;29;693;NA;328998;236;2020-11-13;9631
2020-11-12;"Košický kraj";192;736;13;749;NA;328998;205;2020-11-12;9395
2020-11-11;"Košický kraj";301;593;7;600;NA;328998;308;2020-11-11;9190
2020-11-10;"Košický kraj";190;541;11;552;NA;328998;201;2020-11-10;8882
2020-11-09;"Košický kraj";129;380;17;397;NA;328998;146;2020-11-09;8681
2020-11-08;"Košický kraj";78;1306;8;1314;NA;328998;86;2020-11-08;8535
2020-11-07;"Košický kraj";192;3909;22;3931;NA;328998;214;2020-11-07;8449
2020-11-06;"Košický kraj";195;5310;34;5344;NA;328998;229;2020-11-06;8235
2020-11-05;"Košický kraj";342;330;31;361;NA;328998;373;2020-11-05;8006
2020-11-04;"Košický kraj";101;154;6;160;NA;328998;107;2020-11-04;7633
2020-11-03;"Košický kraj";358;1122;13;1135;NA;328998;371;2020-11-03;7526
2020-11-02;"Košický kraj";111;6125;56;6181;NA;328998;167;2020-11-02;7155
2020-11-01;"Košický kraj";346;6522;34;6556;NA;328998;380;2020-11-01;6988
2020-10-31;"Košický kraj";82;14035;106;14141;NA;328998;188;2020-10-31;6608
2020-10-30;"Košický kraj";379;2835;27;2862;NA;328998;406;2020-10-30;6420
2020-10-29;"Košický kraj";333;983;13;996;NA;328998;346;2020-10-29;6014
2020-10-28;"Košický kraj";224;305;13;318;NA;328998;237;2020-10-28;5668
2020-10-27;"Košický kraj";386;439;21;460;NA;328998;407;2020-10-27;5431
2020-10-26;"Košický kraj";56;212;12;224;NA;328998;68;2020-10-26;5024
2020-10-25;"Košický kraj";154;79;2;81;NA;328998;156;2020-10-25;4956
2020-10-24;"Košický kraj";313;118;16;134;NA;328998;329;2020-10-24;4800
2020-10-23;"Košický kraj";315;331;8;339;NA;328998;323;2020-10-23;4471
2020-10-22;"Košický kraj";349;530;16;546;NA;328998;365;2020-10-22;4148
2020-10-21;"Košický kraj";76;84;2;86;NA;328998;78;2020-10-21;3783
2022-03-28;"Nitriansky kraj";711;0;0;0;175381;271666;711;2022-03-28;271666
2022-03-27;"Nitriansky kraj";463;312;82;394;NA;271666;545;2022-03-27;270955
2022-03-26;"Nitriansky kraj";653;243;67;310;NA;271666;720;2022-03-26;270410
2022-03-25;"Nitriansky kraj";918;938;189;1127;NA;271666;1107;2022-03-25;269690
2022-03-24;"Nitriansky kraj";1391;1234;186;1420;NA;271666;1577;2022-03-24;268583
2022-03-23;"Nitriansky kraj";1401;1490;455;1945;NA;271666;1856;2022-03-23;267006
2022-03-22;"Nitriansky kraj";1360;1533;191;1724;NA;271666;1551;2022-03-22;265150
2022-03-21;"Nitriansky kraj";1304;2086;332;2418;NA;271666;1636;2022-03-21;263599
2022-03-20;"Nitriansky kraj";552;933;226;1159;NA;271666;778;2022-03-20;261963
2022-03-19;"Nitriansky kraj";839;424;146;570;NA;271666;985;2022-03-19;261185
2022-03-18;"Nitriansky kraj";1205;1201;271;1472;NA;271666;1476;2022-03-18;260200
2022-03-17;"Nitriansky kraj";1734;1457;236;1693;NA;271666;1970;2022-03-17;258724
2022-03-16;"Nitriansky kraj";1214;1472;232;1704;NA;271666;1446;2022-03-16;256754
2022-03-15;"Nitriansky kraj";1590;1566;256;1822;NA;271666;1846;2022-03-15;255308
2022-03-14;"Nitriansky kraj";1325;2630;384;3014;NA;271666;1709;2022-03-14;253462
2022-03-13;"Nitriansky kraj";527;992;202;1194;NA;271666;729;2022-03-13;251753
2022-03-12;"Nitriansky kraj";711;739;169;908;NA;271666;880;2022-03-12;251024
2022-03-11;"Nitriansky kraj";1085;1890;365;2255;NA;271666;1450;2022-03-11;250144
2022-03-10;"Nitriansky kraj";1403;2015;313;2328;NA;271666;1716;2022-03-10;248694
2022-03-09;"Nitriansky kraj";1452;2118;323;2441;NA;271666;1775;2022-03-09;246978
2022-03-08;"Nitriansky kraj";1695;2542;350;2892;NA;271666;2045;2022-03-08;245203
2022-03-07;"Nitriansky kraj";1115;3386;521;3907;NA;271666;1636;2022-03-07;243158
2022-03-06;"Nitriansky kraj";566;1509;350;1859;NA;271666;916;2022-03-06;241522
2022-03-05;"Nitriansky kraj";614;1239;214;1453;NA;271666;828;2022-03-05;240606
2022-03-04;"Nitriansky kraj";1315;1597;323;1920;NA;271666;1638;2022-03-04;239778
2022-03-03;"Nitriansky kraj";1405;2944;379;3323;NA;271666;1784;2022-03-03;238140
2022-03-02;"Nitriansky kraj";1417;2717;422;3139;NA;271666;1839;2022-03-02;236356
2022-03-01;"Nitriansky kraj";1380;2422;412;2834;NA;271666;1792;2022-03-01;234517
2022-02-28;"Nitriansky kraj";1577;4819;599;5418;NA;271666;2176;2022-02-28;232725
2022-02-27;"Nitriansky kraj";797;1271;294;1565;NA;271666;1091;2022-02-27;230549
2022-02-26;"Nitriansky kraj";895;799;217;1016;NA;271666;1112;2022-02-26;229458
2022-02-25;"Nitriansky kraj";1400;2314;339;2653;NA;271666;1739;2022-02-25;228346
2022-02-24;"Nitriansky kraj";1592;3586;389;3975;NA;271666;1981;2022-02-24;226607
2022-02-23;"Nitriansky kraj";1885;3930;476;4406;NA;271666;2361;2022-02-23;224626
2022-02-22;"Nitriansky kraj";2323;3849;502;4351;NA;271666;2825;2022-02-22;222265
2022-02-21;"Nitriansky kraj";1593;6250;816;7066;NA;271666;2409;2022-02-21;219440
2022-02-20;"Nitriansky kraj";1049;1987;439;2426;NA;271666;1488;2022-02-20;217031
2022-02-19;"Nitriansky kraj";1084;1341;336;1677;NA;271666;1420;2022-02-19;215543
2022-02-18;"Nitriansky kraj";2021;3277;583;3860;NA;271666;2604;2022-02-18;214123
2022-02-17;"Nitriansky kraj";2134;3890;480;4370;NA;271666;2614;2022-02-17;211519
2022-02-16;"Nitriansky kraj";2152;3945;532;4477;NA;271666;2684;2022-02-16;208905
2022-02-15;"Nitriansky kraj";2093;4069;780;4849;NA;271666;2873;2022-02-15;206221
2022-02-14;"Nitriansky kraj";2094;6253;921;7174;NA;271666;3015;2022-02-14;203348
2022-02-13;"Nitriansky kraj";1146;2832;547;3379;NA;271666;1693;2022-02-13;200333
2022-02-12;"Nitriansky kraj";1301;1171;343;1514;NA;271666;1644;2022-02-12;198640
2022-02-11;"Nitriansky kraj";2042;2942;561;3503;NA;271666;2603;2022-02-11;196996
2022-02-10;"Nitriansky kraj";2374;3366;537;3903;NA;271666;2911;2022-02-10;194393
2022-02-09;"Nitriansky kraj";2133;4802;653;5455;NA;271666;2786;2022-02-09;191482
2022-02-08;"Nitriansky kraj";1801;4935;736;5671;NA;271666;2537;2022-02-08;188696
2022-02-07;"Nitriansky kraj";2240;6803;762;7565;NA;271666;3002;2022-02-07;186159
2022-02-06;"Nitriansky kraj";1309;2690;494;3184;NA;271666;1803;2022-02-06;183157
2022-02-05;"Nitriansky kraj";1609;1504;358;1862;NA;271666;1967;2022-02-05;181354
2022-02-04;"Nitriansky kraj";1848;4185;510;4695;NA;271666;2358;2022-02-04;179387
2022-02-03;"Nitriansky kraj";2425;4186;491;4677;NA;271666;2916;2022-02-03;177029
2022-02-02;"Nitriansky kraj";1903;5318;766;6084;NA;271666;2669;2022-02-02;174113
2022-02-01;"Nitriansky kraj";2288;4717;597;5314;NA;271666;2885;2022-02-01;171444
2022-01-31;"Nitriansky kraj";1329;8991;746;9737;NA;271666;2075;2022-01-31;168559
2022-01-30;"Nitriansky kraj";777;3498;471;3969;NA;271666;1248;2022-01-30;166484
2022-01-29;"Nitriansky kraj";1099;1670;298;1968;NA;271666;1397;2022-01-29;165236
2022-01-28;"Nitriansky kraj";1610;4217;374;4591;NA;271666;1984;2022-01-28;163839
2022-01-27;"Nitriansky kraj";1429;3796;289;4085;NA;271666;1718;2022-01-27;161855
2022-01-26;"Nitriansky kraj";1392;4444;306;4750;NA;271666;1698;2022-01-26;160137
2022-01-25;"Nitriansky kraj";1591;4624;426;5050;NA;271666;2017;2022-01-25;158439
2022-01-24;"Nitriansky kraj";770;7459;359;7818;NA;271666;1129;2022-01-24;156422
2022-01-23;"Nitriansky kraj";327;3109;205;3314;NA;271666;532;2022-01-23;155293
2022-01-22;"Nitriansky kraj";596;1974;153;2127;NA;271666;749;2022-01-22;154761
2022-01-21;"Nitriansky kraj";532;3472;141;3613;NA;271666;673;2022-01-21;154012
2022-01-20;"Nitriansky kraj";737;3537;129;3666;NA;271666;866;2022-01-20;153339
2022-01-19;"Nitriansky kraj";614;4581;121;4702;NA;271666;735;2022-01-19;152473
2022-01-18;"Nitriansky kraj";650;3329;125;3454;NA;271666;775;2022-01-18;151738
2022-01-17;"Nitriansky kraj";439;7781;152;7933;NA;271666;591;2022-01-17;150963
2022-01-16;"Nitriansky kraj";140;3191;71;3262;NA;271666;211;2022-01-16;150372
2022-01-15;"Nitriansky kraj";268;1651;50;1701;NA;271666;318;2022-01-15;150161
2022-01-14;"Nitriansky kraj";167;2900;68;2968;NA;271666;235;2022-01-14;149843
2022-01-13;"Nitriansky kraj";244;3297;53;3350;NA;271666;297;2022-01-13;149608
2022-01-12;"Nitriansky kraj";298;4325;66;4391;NA;271666;364;2022-01-12;149311
2022-01-11;"Nitriansky kraj";424;3990;50;4040;NA;271666;474;2022-01-11;148947
2022-01-10;"Nitriansky kraj";292;7648;71;7719;NA;271666;363;2022-01-10;148473
2022-01-09;"Nitriansky kraj";100;3419;48;3467;NA;271666;148;2022-01-09;148110
2022-01-08;"Nitriansky kraj";206;1352;47;1399;NA;271666;253;2022-01-08;147962
2022-01-07;"Nitriansky kraj";326;2970;74;3044;NA;271666;400;2022-01-07;147709
2022-01-06;"Nitriansky kraj";125;910;33;943;NA;271666;158;2022-01-06;147309
2022-01-05;"Nitriansky kraj";357;4227;66;4293;NA;271666;423;2022-01-05;147151
2022-01-04;"Nitriansky kraj";453;3697;85;3782;NA;271666;538;2022-01-04;146728
2022-01-03;"Nitriansky kraj";353;7361;117;7478;NA;271666;470;2022-01-03;146190
2022-01-02;"Nitriansky kraj";25;3035;95;3130;NA;271666;120;2022-01-02;145720
2022-01-01;"Nitriansky kraj";71;177;9;186;NA;271666;80;2022-01-01;145600
2021-12-31;"Nitriansky kraj";382;1506;69;1575;NA;271666;451;2021-12-31;145520
2021-12-30;"Nitriansky kraj";325;3330;89;3419;NA;271666;414;2021-12-30;145069
2021-12-29;"Nitriansky kraj";347;2371;61;2432;NA;271666;408;2021-12-29;144655
2021-12-28;"Nitriansky kraj";628;2501;88;2589;NA;271666;716;2021-12-28;144247
2021-12-27;"Nitriansky kraj";402;4253;169;4422;NA;271666;571;2021-12-27;143531
2021-12-26;"Nitriansky kraj";84;1039;53;1092;NA;271666;137;2021-12-26;142960
2021-12-25;"Nitriansky kraj";22;499;31;530;NA;271666;53;2021-12-25;142823
2021-12-24;"Nitriansky kraj";175;448;26;474;NA;271666;201;2021-12-24;142770
2021-12-23;"Nitriansky kraj";472;3420;110;3530;NA;271666;582;2021-12-23;142569
2021-12-22;"Nitriansky kraj";398;3517;95;3612;NA;271666;493;2021-12-22;141987
2021-12-21;"Nitriansky kraj";735;2913;93;3006;NA;271666;828;2021-12-21;141494
2021-12-20;"Nitriansky kraj";407;6754;169;6923;NA;271666;576;2021-12-20;140666
2021-12-19;"Nitriansky kraj";198;3587;98;3685;NA;271666;296;2021-12-19;140090
2021-12-18;"Nitriansky kraj";361;1456;96;1552;NA;271666;457;2021-12-18;139794
2021-12-17;"Nitriansky kraj";409;4934;153;5087;NA;271666;562;2021-12-17;139337
2021-12-16;"Nitriansky kraj";429;4230;144;4374;NA;271666;573;2021-12-16;138775
2021-12-15;"Nitriansky kraj";639;5682;143;5825;NA;271666;782;2021-12-15;138202
2021-12-14;"Nitriansky kraj";907;4720;200;4920;NA;271666;1107;2021-12-14;137420
2021-12-13;"Nitriansky kraj";524;7388;291;7679;NA;271666;815;2021-12-13;136313
2021-12-12;"Nitriansky kraj";289;3893;174;4067;NA;271666;463;2021-12-12;135498
2021-12-11;"Nitriansky kraj";458;1754;121;1875;NA;271666;579;2021-12-11;135035
2021-12-10;"Nitriansky kraj";591;4868;177;5045;NA;271666;768;2021-12-10;134456
2021-12-09;"Nitriansky kraj";741;3428;202;3630;NA;271666;943;2021-12-09;133688
2021-12-08;"Nitriansky kraj";954;5136;200;5336;NA;271666;1154;2021-12-08;132745
2021-12-07;"Nitriansky kraj";900;4045;197;4242;NA;271666;1097;2021-12-07;131591
2021-12-06;"Nitriansky kraj";699;8196;339;8535;NA;271666;1038;2021-12-06;130494
2021-12-05;"Nitriansky kraj";337;4314;192;4506;NA;271666;529;2021-12-05;129456
2021-12-04;"Nitriansky kraj";758;2045;180;2225;NA;271666;938;2021-12-04;128927
2021-12-03;"Nitriansky kraj";920;5783;237;6020;NA;271666;1157;2021-12-03;127989
2021-12-02;"Nitriansky kraj";1388;3898;267;4165;NA;271666;1655;2021-12-02;126832
2021-12-01;"Nitriansky kraj";982;4107;261;4368;NA;271666;1243;2021-12-01;125177
2021-11-30;"Nitriansky kraj";751;5575;241;5816;NA;271666;992;2021-11-30;123934
2021-11-29;"Nitriansky kraj";665;10153;499;10652;NA;271666;1164;2021-11-29;122942
2021-11-28;"Nitriansky kraj";357;6214;300;6514;NA;271666;657;2021-11-28;121778
2021-11-27;"Nitriansky kraj";560;2879;281;3160;NA;271666;841;2021-11-27;121121
2021-11-26;"Nitriansky kraj";824;5529;290;5819;NA;271666;1114;2021-11-26;120280
2021-11-25;"Nitriansky kraj";847;4154;342;4496;NA;271666;1189;2021-11-25;119166
2021-11-24;"Nitriansky kraj";875;4422;325;4747;NA;271666;1200;2021-11-24;117977
2021-11-23;"Nitriansky kraj";1103;5148;353;5501;NA;271666;1456;2021-11-23;116777
2021-11-22;"Nitriansky kraj";545;7105;465;7570;NA;271666;1010;2021-11-22;115321
2021-11-21;"Nitriansky kraj";345;3410;314;3724;NA;271666;659;2021-11-21;114311
2021-11-20;"Nitriansky kraj";579;1865;252;2117;NA;271666;831;2021-11-20;113652
2021-11-19;"Nitriansky kraj";571;4256;349;4605;NA;271666;920;2021-11-19;112821
2021-11-18;"Nitriansky kraj";677;4883;420;5303;NA;271666;1097;2021-11-18;111901
2021-11-17;"Nitriansky kraj";479;1622;207;1829;NA;271666;686;2021-11-17;110804
2021-11-16;"Nitriansky kraj";668;3882;266;4148;NA;271666;934;2021-11-16;110118
2021-11-15;"Nitriansky kraj";556;6033;440;6473;NA;271666;996;2021-11-15;109184
2021-11-14;"Nitriansky kraj";229;2796;259;3055;NA;271666;488;2021-11-14;108188
2021-11-13;"Nitriansky kraj";387;1473;201;1674;NA;271666;588;2021-11-13;107700
2021-11-12;"Nitriansky kraj";552;3096;270;3366;NA;271666;822;2021-11-12;107112
2021-11-11;"Nitriansky kraj";539;3545;238;3783;NA;271666;777;2021-11-11;106290
2021-11-10;"Nitriansky kraj";411;3494;234;3728;NA;271666;645;2021-11-10;105513
2021-11-09;"Nitriansky kraj";413;3313;210;3523;NA;271666;623;2021-11-09;104868
2021-11-08;"Nitriansky kraj";464;4936;331;5267;NA;271666;795;2021-11-08;104245
2021-11-07;"Nitriansky kraj";209;2074;161;2235;NA;271666;370;2021-11-07;103450
2021-11-06;"Nitriansky kraj";236;1407;114;1521;NA;271666;350;2021-11-06;103080
2021-11-05;"Nitriansky kraj";407;2583;185;2768;NA;271666;592;2021-11-05;102730
2021-11-04;"Nitriansky kraj";437;3083;168;3251;NA;271666;605;2021-11-04;102138
2021-11-03;"Nitriansky kraj";525;2891;157;3048;NA;271666;682;2021-11-03;101533
2021-11-02;"Nitriansky kraj";320;4279;239;4518;NA;271666;559;2021-11-02;100851
2021-11-01;"Nitriansky kraj";136;712;61;773;NA;271666;197;2021-11-01;100292
2021-10-31;"Nitriansky kraj";109;1234;114;1348;NA;271666;223;2021-10-31;100095
2021-10-30;"Nitriansky kraj";202;1218;82;1300;NA;271666;284;2021-10-30;99872
2021-10-29;"Nitriansky kraj";347;2481;120;2601;NA;271666;467;2021-10-29;99588
2021-10-28;"Nitriansky kraj";281;2603;95;2698;NA;271666;376;2021-10-28;99121
2021-10-27;"Nitriansky kraj";340;2923;112;3035;NA;271666;452;2021-10-27;98745
2021-10-26;"Nitriansky kraj";297;2926;117;3043;NA;271666;414;2021-10-26;98293
2021-10-25;"Nitriansky kraj";171;3599;124;3723;NA;271666;295;2021-10-25;97879
2021-10-24;"Nitriansky kraj";58;1914;74;1988;NA;271666;132;2021-10-24;97584
2021-10-23;"Nitriansky kraj";173;1815;77;1892;NA;271666;250;2021-10-23;97452
2021-10-22;"Nitriansky kraj";202;2216;68;2284;NA;271666;270;2021-10-22;97202
2021-10-21;"Nitriansky kraj";214;2793;65;2858;NA;271666;279;2021-10-21;96932
2021-10-20;"Nitriansky kraj";218;2328;74;2402;NA;271666;292;2021-10-20;96653
2021-10-19;"Nitriansky kraj";250;2929;65;2994;NA;271666;315;2021-10-19;96361
2021-10-18;"Nitriansky kraj";81;3259;90;3349;NA;271666;171;2021-10-18;96046
2021-10-17;"Nitriansky kraj";36;3010;92;3102;NA;271666;128;2021-10-17;95875
2021-10-16;"Nitriansky kraj";37;1477;38;1515;NA;271666;75;2021-10-16;95747
2021-10-15;"Nitriansky kraj";145;2653;34;2687;NA;271666;179;2021-10-15;95672
2021-10-14;"Nitriansky kraj";95;2389;30;2419;NA;271666;125;2021-10-14;95493
2021-10-13;"Nitriansky kraj";91;2248;36;2284;NA;271666;127;2021-10-13;95368
2021-10-12;"Nitriansky kraj";119;2905;34;2939;NA;271666;153;2021-10-12;95241
2021-10-11;"Nitriansky kraj";91;2703;42;2745;NA;271666;133;2021-10-11;95088
2021-10-10;"Nitriansky kraj";33;1527;22;1549;NA;271666;55;2021-10-10;94955
2021-10-09;"Nitriansky kraj";17;1395;17;1412;NA;271666;34;2021-10-09;94900
2021-10-08;"Nitriansky kraj";61;3004;37;3041;NA;271666;98;2021-10-08;94866
2021-10-07;"Nitriansky kraj";59;2829;30;2859;NA;271666;89;2021-10-07;94768
2021-10-06;"Nitriansky kraj";66;2657;28;2685;NA;271666;94;2021-10-06;94679
2021-10-05;"Nitriansky kraj";97;2536;32;2568;NA;271666;129;2021-10-05;94585
2021-10-04;"Nitriansky kraj";56;3263;49;3312;NA;271666;105;2021-10-04;94456
2021-10-03;"Nitriansky kraj";10;1591;24;1615;NA;271666;34;2021-10-03;94351
2021-10-02;"Nitriansky kraj";46;1567;20;1587;NA;271666;66;2021-10-02;94317
2021-10-01;"Nitriansky kraj";26;2860;34;2894;NA;271666;60;2021-10-01;94251
2021-09-30;"Nitriansky kraj";66;2468;15;2483;NA;271666;81;2021-09-30;94191
2021-09-29;"Nitriansky kraj";92;2266;16;2282;NA;271666;108;2021-09-29;94110
2021-09-28;"Nitriansky kraj";86;2893;27;2920;NA;271666;113;2021-09-28;94002
2021-09-27;"Nitriansky kraj";50;3633;41;3674;NA;271666;91;2021-09-27;93889
2021-09-26;"Nitriansky kraj";12;1635;20;1655;NA;271666;32;2021-09-26;93798
2021-09-25;"Nitriansky kraj";43;1456;20;1476;NA;271666;63;2021-09-25;93766
2021-09-24;"Nitriansky kraj";35;2783;15;2798;NA;271666;50;2021-09-24;93703
2021-09-23;"Nitriansky kraj";69;2503;20;2523;NA;271666;89;2021-09-23;93653
2021-09-22;"Nitriansky kraj";68;2380;17;2397;NA;271666;85;2021-09-22;93564
2021-09-21;"Nitriansky kraj";70;2684;30;2714;NA;271666;100;2021-09-21;93479
2021-09-20;"Nitriansky kraj";41;2497;21;2518;NA;271666;62;2021-09-20;93379
2021-09-19;"Nitriansky kraj";16;1553;20;1573;NA;271666;36;2021-09-19;93317
2021-09-18;"Nitriansky kraj";42;1421;19;1440;NA;271666;61;2021-09-18;93281
2021-09-17;"Nitriansky kraj";54;2757;30;2787;NA;271666;84;2021-09-17;93220
2021-09-16;"Nitriansky kraj";55;2499;44;2543;NA;271666;99;2021-09-16;93136
2021-09-15;"Nitriansky kraj";34;538;12;550;NA;271666;46;2021-09-15;93037
2021-09-14;"Nitriansky kraj";52;1821;20;1841;NA;271666;72;2021-09-14;92991
2021-09-13;"Nitriansky kraj";27;2373;27;2400;NA;271666;54;2021-09-13;92919
2021-09-12;"Nitriansky kraj";4;1182;17;1199;NA;271666;21;2021-09-12;92865
2021-09-11;"Nitriansky kraj";36;1181;8;1189;NA;271666;44;2021-09-11;92844
2021-09-10;"Nitriansky kraj";25;2133;12;2145;NA;271666;37;2021-09-10;92800
2021-09-09;"Nitriansky kraj";15;1611;20;1631;NA;271666;35;2021-09-09;92763
2021-09-08;"Nitriansky kraj";30;1463;22;1485;NA;271666;52;2021-09-08;92728
2021-09-07;"Nitriansky kraj";35;1460;9;1469;NA;271666;44;2021-09-07;92676
2021-09-06;"Nitriansky kraj";19;1668;27;1695;NA;271666;46;2021-09-06;92632
2021-09-05;"Nitriansky kraj";10;1007;8;1015;NA;271666;18;2021-09-05;92586
2021-09-04;"Nitriansky kraj";18;1119;10;1129;NA;271666;28;2021-09-04;92568
2021-09-03;"Nitriansky kraj";20;1743;17;1760;NA;271666;37;2021-09-03;92540
2021-09-02;"Nitriansky kraj";16;1389;14;1403;NA;271666;30;2021-09-02;92503
2021-09-01;"Nitriansky kraj";9;337;2;339;NA;271666;11;2021-09-01;92473
2021-08-31;"Nitriansky kraj";10;1360;6;1366;NA;271666;16;2021-08-31;92462
2021-08-30;"Nitriansky kraj";8;1381;10;1391;NA;271666;18;2021-08-30;92446
2021-08-29;"Nitriansky kraj";2;450;1;451;NA;271666;3;2021-08-29;92428
2021-08-28;"Nitriansky kraj";5;1071;3;1074;NA;271666;8;2021-08-28;92425
2021-08-27;"Nitriansky kraj";7;1804;4;1808;NA;271666;11;2021-08-27;92417
2021-08-26;"Nitriansky kraj";2;1255;6;1261;NA;271666;8;2021-08-26;92406
2021-08-25;"Nitriansky kraj";15;1087;3;1090;NA;271666;18;2021-08-25;92398
2021-08-24;"Nitriansky kraj";6;990;2;992;NA;271666;8;2021-08-24;92380
2021-08-23;"Nitriansky kraj";13;1271;4;1275;NA;271666;17;2021-08-23;92372
2021-08-22;"Nitriansky kraj";0;1167;3;1170;NA;271666;3;2021-08-22;92355
2021-08-21;"Nitriansky kraj";1;853;2;855;NA;271666;3;2021-08-21;92352
2021-08-20;"Nitriansky kraj";8;1580;5;1585;NA;271666;13;2021-08-20;92349
2021-08-19;"Nitriansky kraj";11;1167;4;1171;NA;271666;15;2021-08-19;92336
2021-08-18;"Nitriansky kraj";8;1180;7;1187;NA;271666;15;2021-08-18;92321
2021-08-17;"Nitriansky kraj";4;1035;3;1038;NA;271666;7;2021-08-17;92306
2021-08-16;"Nitriansky kraj";7;1129;4;1133;NA;271666;11;2021-08-16;92299
2021-08-15;"Nitriansky kraj";2;662;1;663;NA;271666;3;2021-08-15;92288
2021-08-14;"Nitriansky kraj";1;878;5;883;NA;271666;6;2021-08-14;92285
2021-08-13;"Nitriansky kraj";0;957;1;958;NA;271666;1;2021-08-13;92279
2021-08-12;"Nitriansky kraj";5;765;0;765;NA;271666;5;2021-08-12;92278
2021-08-11;"Nitriansky kraj";3;527;1;528;NA;271666;4;2021-08-11;92273
2021-08-10;"Nitriansky kraj";3;570;1;571;NA;271666;4;2021-08-10;92269
2021-08-09;"Nitriansky kraj";3;992;1;993;NA;271666;4;2021-08-09;92265
2021-08-08;"Nitriansky kraj";0;668;1;669;NA;271666;1;2021-08-08;92261
2021-08-07;"Nitriansky kraj";0;557;1;558;NA;271666;1;2021-08-07;92260
2021-08-06;"Nitriansky kraj";5;799;0;799;NA;271666;5;2021-08-06;92259
2021-08-05;"Nitriansky kraj";6;612;0;612;NA;271666;6;2021-08-05;92254
2021-08-04;"Nitriansky kraj";1;497;2;499;NA;271666;3;2021-08-04;92248
2021-08-03;"Nitriansky kraj";5;1455;0;1455;NA;271666;5;2021-08-03;92245
2021-08-02;"Nitriansky kraj";1;683;4;687;NA;271666;5;2021-08-02;92240
2021-08-01;"Nitriansky kraj";1;606;0;606;NA;271666;1;2021-08-01;92235
2021-07-31;"Nitriansky kraj";1;514;1;515;NA;271666;2;2021-07-31;92234
2021-07-30;"Nitriansky kraj";2;827;0;827;NA;271666;2;2021-07-30;92232
2021-07-29;"Nitriansky kraj";3;720;2;722;NA;271666;5;2021-07-29;92230
2021-07-28;"Nitriansky kraj";4;598;0;598;NA;271666;4;2021-07-28;92225
2021-07-27;"Nitriansky kraj";12;602;1;603;NA;271666;13;2021-07-27;92221
2021-07-26;"Nitriansky kraj";7;970;1;971;NA;271666;8;2021-07-26;92208
2021-07-25;"Nitriansky kraj";1;654;1;655;NA;271666;2;2021-07-25;92200
2021-07-24;"Nitriansky kraj";0;620;0;620;NA;271666;0;2021-07-24;92198
2021-07-23;"Nitriansky kraj";3;851;1;852;NA;271666;4;2021-07-23;92198
2021-07-22;"Nitriansky kraj";5;689;0;689;NA;271666;5;2021-07-22;92194
2021-07-21;"Nitriansky kraj";6;650;2;652;NA;271666;8;2021-07-21;92189
2021-07-20;"Nitriansky kraj";1;527;1;528;NA;271666;2;2021-07-20;92181
2021-07-19;"Nitriansky kraj";2;965;0;965;NA;271666;2;2021-07-19;92179
2021-07-18;"Nitriansky kraj";1;747;0;747;NA;271666;1;2021-07-18;92177
2021-07-17;"Nitriansky kraj";5;612;0;612;NA;271666;5;2021-07-17;92176
2021-07-16;"Nitriansky kraj";2;876;0;876;NA;271666;2;2021-07-16;92171
2021-07-15;"Nitriansky kraj";11;708;0;708;NA;271666;11;2021-07-15;92169
2021-07-14;"Nitriansky kraj";4;646;0;646;NA;271666;4;2021-07-14;92158
2021-07-13;"Nitriansky kraj";2;697;2;699;NA;271666;4;2021-07-13;92154
2021-07-12;"Nitriansky kraj";1;819;0;819;NA;271666;1;2021-07-12;92150
2021-07-11;"Nitriansky kraj";1;961;0;961;NA;271666;1;2021-07-11;92149
2021-07-10;"Nitriansky kraj";1;630;0;630;NA;271666;1;2021-07-10;92148
2021-07-09;"Nitriansky kraj";3;1000;0;1000;NA;271666;3;2021-07-09;92147
2021-07-08;"Nitriansky kraj";0;683;0;683;NA;271666;0;2021-07-08;92144
2021-07-07;"Nitriansky kraj";2;935;2;937;NA;271666;4;2021-07-07;92144
2021-07-06;"Nitriansky kraj";1;1269;1;1270;NA;271666;2;2021-07-06;92140
2021-07-05;"Nitriansky kraj";1;507;0;507;NA;271666;1;2021-07-05;92138
2021-07-04;"Nitriansky kraj";0;821;1;822;NA;271666;1;2021-07-04;92137
2021-07-03;"Nitriansky kraj";0;611;0;611;NA;271666;0;2021-07-03;92136
2021-07-02;"Nitriansky kraj";0;1259;0;1259;NA;271666;0;2021-07-02;92136
2021-07-01;"Nitriansky kraj";0;369;1;370;NA;271666;1;2021-07-01;92136
2021-06-30;"Nitriansky kraj";1;6777;2;6779;NA;271666;3;2021-06-30;92135
2021-06-29;"Nitriansky kraj";1;3536;0;3536;NA;271666;1;2021-06-29;92132
2021-06-28;"Nitriansky kraj";3;4393;0;4393;NA;271666;3;2021-06-28;92131
2021-06-27;"Nitriansky kraj";0;3263;0;3263;NA;271666;0;2021-06-27;92128
2021-06-26;"Nitriansky kraj";1;4979;3;4982;NA;271666;4;2021-06-26;92128
2021-06-25;"Nitriansky kraj";8;5182;1;5183;NA;271666;9;2021-06-25;92124
2021-06-24;"Nitriansky kraj";1;3354;0;3354;NA;271666;1;2021-06-24;92115
2021-06-23;"Nitriansky kraj";1;3033;0;3033;NA;271666;1;2021-06-23;92114
2021-06-22;"Nitriansky kraj";1;3240;3;3243;NA;271666;4;2021-06-22;92113
2021-06-21;"Nitriansky kraj";8;5362;8;5370;NA;271666;16;2021-06-21;92109
2021-06-20;"Nitriansky kraj";0;4437;6;4443;NA;271666;6;2021-06-20;92093
2021-06-19;"Nitriansky kraj";0;5983;4;5987;NA;271666;4;2021-06-19;92087
2021-06-18;"Nitriansky kraj";4;6453;3;6456;NA;271666;7;2021-06-18;92083
2021-06-17;"Nitriansky kraj";5;4152;1;4153;NA;271666;6;2021-06-17;92076
2021-06-16;"Nitriansky kraj";4;3694;3;3697;NA;271666;7;2021-06-16;92070
2021-06-15;"Nitriansky kraj";1;3995;0;3995;NA;271666;1;2021-06-15;92063
2021-06-14;"Nitriansky kraj";0;5875;3;5878;NA;271666;3;2021-06-14;92062
2021-06-13;"Nitriansky kraj";0;6073;3;6076;NA;271666;3;2021-06-13;92059
2021-06-12;"Nitriansky kraj";1;8293;1;8294;NA;271666;2;2021-06-12;92056
2021-06-11;"Nitriansky kraj";3;6891;4;6895;NA;271666;7;2021-06-11;92054
2021-06-10;"Nitriansky kraj";7;4539;1;4540;NA;271666;8;2021-06-10;92047
2021-06-09;"Nitriansky kraj";2;4706;2;4708;NA;271666;4;2021-06-09;92039
2021-06-08;"Nitriansky kraj";8;4239;3;4242;NA;271666;11;2021-06-08;92035
2021-06-07;"Nitriansky kraj";6;5841;8;5849;NA;271666;14;2021-06-07;92024
2021-06-06;"Nitriansky kraj";0;6981;4;6985;NA;271666;4;2021-06-06;92010
2021-06-05;"Nitriansky kraj";6;9089;9;9098;NA;271666;15;2021-06-05;92006
2021-06-04;"Nitriansky kraj";9;7639;5;7644;NA;271666;14;2021-06-04;91991
2021-06-03;"Nitriansky kraj";2;5064;6;5070;NA;271666;8;2021-06-03;91977
2021-06-02;"Nitriansky kraj";11;5119;11;5130;NA;271666;22;2021-06-02;91969
2021-06-01;"Nitriansky kraj";3;4847;2;4849;NA;271666;5;2021-06-01;91947
2021-05-31;"Nitriansky kraj";8;8933;8;8941;NA;271666;16;2021-05-31;91942
2021-05-30;"Nitriansky kraj";1;9067;8;9075;NA;271666;9;2021-05-30;91926
2021-05-29;"Nitriansky kraj";2;13610;7;13617;NA;271666;9;2021-05-29;91917
2021-05-28;"Nitriansky kraj";10;8872;6;8878;NA;271666;16;2021-05-28;91908
2021-05-27;"Nitriansky kraj";4;6164;5;6169;NA;271666;9;2021-05-27;91892
2021-05-26;"Nitriansky kraj";11;8509;10;8519;NA;271666;21;2021-05-26;91883
2021-05-25;"Nitriansky kraj";15;7350;8;7358;NA;271666;23;2021-05-25;91862
2021-05-24;"Nitriansky kraj";14;9816;17;9833;NA;271666;31;2021-05-24;91839
2021-05-23;"Nitriansky kraj";1;9456;13;9469;NA;271666;14;2021-05-23;91808
2021-05-22;"Nitriansky kraj";7;16939;11;16950;NA;271666;18;2021-05-22;91794
2021-05-21;"Nitriansky kraj";18;10632;15;10647;NA;271666;33;2021-05-21;91776
2021-05-20;"Nitriansky kraj";8;7185;7;7192;NA;271666;15;2021-05-20;91743
2021-05-19;"Nitriansky kraj";20;6787;14;6801;NA;271666;34;2021-05-19;91728
2021-05-18;"Nitriansky kraj";23;7797;18;7815;NA;271666;41;2021-05-18;91694
2021-05-17;"Nitriansky kraj";22;9774;20;9794;NA;271666;42;2021-05-17;91653
2021-05-16;"Nitriansky kraj";4;13830;15;13845;NA;271666;19;2021-05-16;91611
2021-05-15;"Nitriansky kraj";5;25389;23;25412;NA;271666;28;2021-05-15;91592
2021-05-14;"Nitriansky kraj";18;13385;23;13408;NA;271666;41;2021-05-14;91564
2021-05-13;"Nitriansky kraj";24;8289;19;8308;NA;271666;43;2021-05-13;91523
2021-05-12;"Nitriansky kraj";10;7682;26;7708;NA;271666;36;2021-05-12;91480
2021-05-11;"Nitriansky kraj";36;8169;13;8182;NA;271666;49;2021-05-11;91444
2021-05-10;"Nitriansky kraj";16;13800;42;13842;NA;271666;58;2021-05-10;91395
2021-05-09;"Nitriansky kraj";8;21879;35;21914;NA;271666;43;2021-05-09;91337
2021-05-08;"Nitriansky kraj";0;24318;29;24347;NA;271666;29;2021-05-08;91294
2021-05-07;"Nitriansky kraj";32;14915;20;14935;NA;271666;52;2021-05-07;91265
2021-05-06;"Nitriansky kraj";30;9463;20;9483;NA;271666;50;2021-05-06;91213
2021-05-05;"Nitriansky kraj";19;8527;23;8550;NA;271666;42;2021-05-05;91163
2021-05-04;"Nitriansky kraj";46;9385;27;9412;NA;271666;73;2021-05-04;91121
2021-05-03;"Nitriansky kraj";32;14490;44;14534;NA;271666;76;2021-05-03;91048
2021-05-02;"Nitriansky kraj";4;31751;46;31797;NA;271666;50;2021-05-02;90972
2021-05-01;"Nitriansky kraj";23;60451;43;60494;NA;271666;66;2021-05-01;90922
2021-04-30;"Nitriansky kraj";28;31803;53;31856;NA;271666;81;2021-04-30;90856
2021-04-29;"Nitriansky kraj";27;14265;34;14299;NA;271666;61;2021-04-29;90775
2021-04-28;"Nitriansky kraj";36;14716;45;14761;NA;271666;81;2021-04-28;90714
2021-04-27;"Nitriansky kraj";51;13154;35;13189;NA;271666;86;2021-04-27;90633
2021-04-26;"Nitriansky kraj";38;21029;44;21073;NA;271666;82;2021-04-26;90547
2021-04-25;"Nitriansky kraj";7;44312;46;44358;NA;271666;53;2021-04-25;90465
2021-04-24;"Nitriansky kraj";23;93455;72;93527;NA;271666;95;2021-04-24;90412
2021-04-23;"Nitriansky kraj";54;35145;51;35196;NA;271666;105;2021-04-23;90317
2021-04-22;"Nitriansky kraj";32;15435;44;15479;NA;271666;76;2021-04-22;90212
2021-04-21;"Nitriansky kraj";38;14228;45;14273;NA;271666;83;2021-04-21;90136
2021-04-20;"Nitriansky kraj";67;16058;51;16109;NA;271666;118;2021-04-20;90053
2021-04-19;"Nitriansky kraj";35;24819;59;24878;NA;271666;94;2021-04-19;89935
2021-04-18;"Nitriansky kraj";0;39569;27;39596;NA;271666;27;2021-04-18;89841
2021-04-17;"Nitriansky kraj";34;92102;82;92184;NA;271666;116;2021-04-17;89814
2021-04-16;"Nitriansky kraj";46;32348;37;32385;NA;271666;83;2021-04-16;89698
2021-04-15;"Nitriansky kraj";75;16215;52;16267;NA;271666;127;2021-04-15;89615
2021-04-14;"Nitriansky kraj";43;15303;42;15345;NA;271666;85;2021-04-14;89488
2021-04-13;"Nitriansky kraj";110;15104;44;15148;NA;271666;154;2021-04-13;89403
2021-04-12;"Nitriansky kraj";29;22817;50;22867;NA;271666;79;2021-04-12;89249
2021-04-11;"Nitriansky kraj";1;37537;31;37568;NA;271666;32;2021-04-11;89170
2021-04-10;"Nitriansky kraj";35;95851;115;95966;NA;271666;150;2021-04-10;89138
2021-04-09;"Nitriansky kraj";69;30669;58;30727;NA;271666;127;2021-04-09;88988
2021-04-08;"Nitriansky kraj";71;15361;36;15397;NA;271666;107;2021-04-08;88861
2021-04-07;"Nitriansky kraj";64;18541;47;18588;NA;271666;111;2021-04-07;88754
2021-04-06;"Nitriansky kraj";65;33218;112;33330;NA;271666;177;2021-04-06;88643
2021-04-05;"Nitriansky kraj";37;12673;48;12721;NA;271666;85;2021-04-05;88466
2021-04-04;"Nitriansky kraj";5;17887;35;17922;NA;271666;40;2021-04-04;88381
2021-04-03;"Nitriansky kraj";26;85465;153;85618;NA;271666;179;2021-04-03;88341
2021-04-02;"Nitriansky kraj";32;18743;46;18789;NA;271666;78;2021-04-02;88162
2021-04-01;"Nitriansky kraj";63;24610;83;24693;NA;271666;146;2021-04-01;88084
2021-03-31;"Nitriansky kraj";73;21752;94;21846;NA;271666;167;2021-03-31;87938
2021-03-30;"Nitriansky kraj";125;17122;83;17205;NA;271666;208;2021-03-30;87771
2021-03-29;"Nitriansky kraj";81;25139;100;25239;NA;271666;181;2021-03-29;87563
2021-03-28;"Nitriansky kraj";6;45581;106;45687;NA;271666;112;2021-03-28;87382
2021-03-27;"Nitriansky kraj";39;104104;174;104278;NA;271666;213;2021-03-27;87270
2021-03-26;"Nitriansky kraj";90;40444;115;40559;NA;271666;205;2021-03-26;87057
2021-03-25;"Nitriansky kraj";95;19219;94;19313;NA;271666;189;2021-03-25;86852
2021-03-24;"Nitriansky kraj";90;14787;91;14878;NA;271666;181;2021-03-24;86663
2021-03-23;"Nitriansky kraj";167;16753;66;16819;NA;271666;233;2021-03-23;86482
2021-03-22;"Nitriansky kraj";101;24886;125;25011;NA;271666;226;2021-03-22;86249
2021-03-21;"Nitriansky kraj";27;42773;99;42872;NA;271666;126;2021-03-21;86023
2021-03-20;"Nitriansky kraj";36;100640;207;100847;NA;271666;243;2021-03-20;85897
2021-03-19;"Nitriansky kraj";76;37312;102;37414;NA;271666;178;2021-03-19;85654
2021-03-18;"Nitriansky kraj";103;20051;113;20164;NA;271666;216;2021-03-18;85476
2021-03-17;"Nitriansky kraj";87;15839;127;15966;NA;271666;214;2021-03-17;85260
2021-03-16;"Nitriansky kraj";172;18085;121;18206;NA;271666;293;2021-03-16;85046
2021-03-15;"Nitriansky kraj";130;24481;165;24646;NA;271666;295;2021-03-15;84753
2021-03-14;"Nitriansky kraj";3;45770;107;45877;NA;271666;110;2021-03-14;84458
2021-03-13;"Nitriansky kraj";65;112573;242;112815;NA;271666;307;2021-03-13;84348
2021-03-12;"Nitriansky kraj";127;40777;159;40936;NA;271666;286;2021-03-12;84041
2021-03-11;"Nitriansky kraj";131;18686;130;18816;NA;271666;261;2021-03-11;83755
2021-03-10;"Nitriansky kraj";96;17422;143;17565;NA;271666;239;2021-03-10;83494
2021-03-09;"Nitriansky kraj";260;17635;149;17784;NA;271666;409;2021-03-09;83255
2021-03-08;"Nitriansky kraj";145;27214;172;27386;NA;271666;317;2021-03-08;82846
2021-03-07;"Nitriansky kraj";48;46867;185;47052;NA;271666;233;2021-03-07;82529
2021-03-06;"Nitriansky kraj";86;112027;327;112354;NA;271666;413;2021-03-06;82296
2021-03-05;"Nitriansky kraj";133;39068;200;39268;NA;271666;333;2021-03-05;81883
2021-03-04;"Nitriansky kraj";176;18340;173;18513;NA;271666;349;2021-03-04;81550
2021-03-03;"Nitriansky kraj";172;17210;177;17387;NA;271666;349;2021-03-03;81201
2021-03-02;"Nitriansky kraj";274;21003;366;21369;NA;271666;640;2021-03-02;80852
2021-03-01;"Nitriansky kraj";133;27881;279;28160;NA;271666;412;2021-03-01;80212
2021-02-28;"Nitriansky kraj";80;40866;218;41084;NA;271666;298;2021-02-28;79800
2021-02-27;"Nitriansky kraj";101;106352;496;106848;NA;271666;597;2021-02-27;79502
2021-02-26;"Nitriansky kraj";109;36788;308;37096;NA;271666;417;2021-02-26;78905
2021-02-25;"Nitriansky kraj";188;15243;212;15455;NA;271666;400;2021-02-25;78488
2021-02-24;"Nitriansky kraj";125;13833;260;14093;NA;271666;385;2021-02-24;78088
2021-02-23;"Nitriansky kraj";273;15402;273;15675;NA;271666;546;2021-02-23;77703
2021-02-22;"Nitriansky kraj";154;26478;330;26808;NA;271666;484;2021-02-22;77157
2021-02-21;"Nitriansky kraj";22;43664;320;43984;NA;271666;342;2021-02-21;76673
2021-02-20;"Nitriansky kraj";128;109038;586;109624;NA;271666;714;2021-02-20;76331
2021-02-19;"Nitriansky kraj";173;36849;328;37177;NA;271666;501;2021-02-19;75617
2021-02-18;"Nitriansky kraj";202;17045;275;17320;NA;271666;477;2021-02-18;75116
2021-02-17;"Nitriansky kraj";198;12080;310;12390;NA;271666;508;2021-02-17;74639
2021-02-16;"Nitriansky kraj";284;16066;288;16354;NA;271666;572;2021-02-16;74131
2021-02-15;"Nitriansky kraj";122;28636;474;29110;NA;271666;596;2021-02-15;73559
2021-02-14;"Nitriansky kraj";8;49392;315;49707;NA;271666;323;2021-02-14;72963
2021-02-13;"Nitriansky kraj";127;110294;690;110984;NA;271666;817;2021-02-13;72640
2021-02-12;"Nitriansky kraj";162;33405;407;33812;NA;271666;569;2021-02-12;71823
2021-02-11;"Nitriansky kraj";195;12406;270;12676;NA;271666;465;2021-02-11;71254
2021-02-10;"Nitriansky kraj";186;17770;644;18414;NA;271666;830;2021-02-10;70789
2021-02-09;"Nitriansky kraj";260;18530;385;18915;NA;271666;645;2021-02-09;69959
2021-02-08;"Nitriansky kraj";177;37530;569;38099;NA;271666;746;2021-02-08;69314
2021-02-07;"Nitriansky kraj";20;52307;513;52820;NA;271666;533;2021-02-07;68568
2021-02-06;"Nitriansky kraj";129;101439;764;102203;NA;271666;893;2021-02-06;68035
2021-02-05;"Nitriansky kraj";244;26137;491;26628;NA;271666;735;2021-02-05;67142
2021-02-04;"Nitriansky kraj";308;15681;512;16193;NA;271666;820;2021-02-04;66407
2021-02-03;"Nitriansky kraj";191;13459;382;13841;NA;271666;573;2021-02-03;65587
2021-02-02;"Nitriansky kraj";327;17880;382;18262;NA;271666;709;2021-02-02;65014
2021-02-01;"Nitriansky kraj";221;24002;460;24462;NA;271666;681;2021-02-01;64305
2021-01-31;"Nitriansky kraj";9;46215;507;46722;NA;271666;516;2021-01-31;63624
2021-01-30;"Nitriansky kraj";152;99241;1090;100331;NA;271666;1242;2021-01-30;63108
2021-01-29;"Nitriansky kraj";302;22461;477;22938;NA;271666;779;2021-01-29;61866
2021-01-28;"Nitriansky kraj";269;11370;398;11768;NA;271666;667;2021-01-28;61087
2021-01-27;"Nitriansky kraj";235;6758;299;7057;NA;271666;534;2021-01-27;60420
2021-01-26;"Nitriansky kraj";345;16015;454;16469;NA;271666;799;2021-01-26;59886
2021-01-25;"Nitriansky kraj";201;21909;434;22343;NA;271666;635;2021-01-25;59087
2021-01-24;"Nitriansky kraj";12;79041;897;79938;NA;271666;909;2021-01-24;58452
2021-01-23;"Nitriansky kraj";277;97845;1446;99291;NA;271666;1723;2021-01-23;57543
2021-01-22;"Nitriansky kraj";139;35924;619;36543;NA;271666;758;2021-01-22;55820
2021-01-21;"Nitriansky kraj";305;14649;412;15061;NA;271666;717;2021-01-21;55062
2021-01-20;"Nitriansky kraj";326;11991;625;12616;NA;271666;951;2021-01-20;54345
2021-01-19;"Nitriansky kraj";344;11015;633;11648;NA;271666;977;2021-01-19;53394
2021-01-18;"Nitriansky kraj";367;8901;519;9420;NA;271666;886;2021-01-18;52417
2021-01-17;"Nitriansky kraj";97;15061;275;15336;NA;271666;372;2021-01-17;51531
2021-01-16;"Nitriansky kraj";64;36838;679;37517;NA;271666;743;2021-01-16;51159
2021-01-15;"Nitriansky kraj";373;15940;474;16414;NA;271666;847;2021-01-15;50416
2021-01-14;"Nitriansky kraj";627;10577;452;11029;NA;271666;1079;2021-01-14;49569
2021-01-13;"Nitriansky kraj";663;9234;484;9718;NA;271666;1147;2021-01-13;48490
2021-01-12;"Nitriansky kraj";642;8805;545;9350;NA;271666;1187;2021-01-12;47343
2021-01-11;"Nitriansky kraj";422;8347;513;8860;NA;271666;935;2021-01-11;46156
2021-01-10;"Nitriansky kraj";44;19841;730;20571;NA;271666;774;2021-01-10;45221
2021-01-09;"Nitriansky kraj";532;36823;1071;37894;NA;271666;1603;2021-01-09;44447
2021-01-08;"Nitriansky kraj";817;14001;691;14692;NA;271666;1508;2021-01-08;42844
2021-01-07;"Nitriansky kraj";438;10121;795;10916;NA;271666;1233;2021-01-07;41336
2021-01-06;"Nitriansky kraj";259;3192;197;3389;NA;271666;456;2021-01-06;40103
2021-01-05;"Nitriansky kraj";732;8918;1208;10126;NA;271666;1940;2021-01-05;39647
2021-01-04;"Nitriansky kraj";362;8375;1287;9662;NA;271666;1649;2021-01-04;37707
2021-01-03;"Nitriansky kraj";42;84;20;104;NA;271666;62;2021-01-03;36058
2021-01-02;"Nitriansky kraj";249;1090;26;1116;NA;271666;275;2021-01-02;35996
2021-01-01;"Nitriansky kraj";119;781;95;876;NA;271666;214;2021-01-01;35721
2020-12-31;"Nitriansky kraj";786;7646;962;8608;NA;271666;1748;2020-12-31;35507
2020-12-30;"Nitriansky kraj";1094;9619;1165;10784;NA;271666;2259;2020-12-30;33759
2020-12-29;"Nitriansky kraj";607;8028;1245;9273;NA;271666;1852;2020-12-29;31500
2020-12-28;"Nitriansky kraj";83;6804;1220;8024;NA;271666;1303;2020-12-28;29648
2020-12-27;"Nitriansky kraj";22;60;8;68;NA;271666;30;2020-12-27;28345
2020-12-26;"Nitriansky kraj";54;297;56;353;NA;271666;110;2020-12-26;28315
2020-12-25;"Nitriansky kraj";35;60;11;71;NA;271666;46;2020-12-25;28205
2020-12-24;"Nitriansky kraj";514;1861;176;2037;NA;271666;690;2020-12-24;28159
2020-12-23;"Nitriansky kraj";349;14679;782;15461;NA;271666;1131;2020-12-23;27469
2020-12-22;"Nitriansky kraj";673;10623;949;11572;NA;271666;1622;2020-12-22;26338
2020-12-21;"Nitriansky kraj";128;7587;931;8518;NA;271666;1059;2020-12-21;24716
2020-12-20;"Nitriansky kraj";77;50;10;60;NA;271666;87;2020-12-20;23657
2020-12-19;"Nitriansky kraj";262;2259;159;2418;NA;271666;421;2020-12-19;23570
2020-12-18;"Nitriansky kraj";512;7946;518;8464;NA;271666;1030;2020-12-18;23149
2020-12-17;"Nitriansky kraj";586;6519;486;7005;NA;271666;1072;2020-12-17;22119
2020-12-16;"Nitriansky kraj";357;8097;500;8597;NA;271666;857;2020-12-16;21047
2020-12-15;"Nitriansky kraj";461;9084;750;9834;NA;271666;1211;2020-12-15;20190
2020-12-14;"Nitriansky kraj";217;7816;797;8613;NA;271666;1014;2020-12-14;18979
2020-12-13;"Nitriansky kraj";12;69;6;75;NA;271666;18;2020-12-13;17965
2020-12-12;"Nitriansky kraj";341;1832;125;1957;NA;271666;466;2020-12-12;17947
2020-12-11;"Nitriansky kraj";409;5117;384;5501;NA;271666;793;2020-12-11;17481
2020-12-10;"Nitriansky kraj";360;5239;345;5584;NA;271666;705;2020-12-10;16688
2020-12-09;"Nitriansky kraj";362;5494;529;6023;NA;271666;891;2020-12-09;15983
2020-12-08;"Nitriansky kraj";340;8168;548;8716;NA;271666;888;2020-12-08;15092
2020-12-07;"Nitriansky kraj";139;6243;573;6816;NA;271666;712;2020-12-07;14204
2020-12-06;"Nitriansky kraj";15;89;4;93;NA;271666;19;2020-12-06;13492
2020-12-05;"Nitriansky kraj";136;1388;19;1407;NA;271666;155;2020-12-05;13473
2020-12-04;"Nitriansky kraj";232;2884;74;2958;NA;271666;306;2020-12-04;13318
2020-12-03;"Nitriansky kraj";248;2471;110;2581;NA;271666;358;2020-12-03;13012
2020-12-02;"Nitriansky kraj";252;2580;151;2731;NA;271666;403;2020-12-02;12654
2020-12-01;"Nitriansky kraj";331;2891;131;3022;NA;271666;462;2020-12-01;12251
2020-11-30;"Nitriansky kraj";91;4228;188;4416;NA;271666;279;2020-11-30;11789
2020-11-29;"Nitriansky kraj";3;634;42;676;NA;271666;45;2020-11-29;11510
2020-11-28;"Nitriansky kraj";135;892;31;923;NA;271666;166;2020-11-28;11465
2020-11-27;"Nitriansky kraj";177;2069;73;2142;NA;271666;250;2020-11-27;11299
2020-11-26;"Nitriansky kraj";191;2813;80;2893;NA;271666;271;2020-11-26;11049
2020-11-25;"Nitriansky kraj";325;2478;91;2569;NA;271666;416;2020-11-25;10778
2020-11-24;"Nitriansky kraj";147;1641;64;1705;NA;271666;211;2020-11-24;10362
2020-11-23;"Nitriansky kraj";102;9891;212;10103;NA;271666;314;2020-11-23;10151
2020-11-22;"Nitriansky kraj";7;1176;25;1201;NA;271666;32;2020-11-22;9837
2020-11-21;"Nitriansky kraj";86;1083;38;1121;NA;271666;124;2020-11-21;9805
2020-11-20;"Nitriansky kraj";264;4180;103;4283;NA;271666;367;2020-11-20;9681
2020-11-19;"Nitriansky kraj";185;3065;134;3199;NA;271666;319;2020-11-19;9314
2020-11-18;"Nitriansky kraj";188;2214;79;2293;NA;271666;267;2020-11-18;8995
2020-11-17;"Nitriansky kraj";178;596;29;625;NA;271666;207;2020-11-17;8728
2020-11-16;"Nitriansky kraj";139;1877;75;1952;NA;271666;214;2020-11-16;8521
2020-11-15;"Nitriansky kraj";14;180;5;185;NA;271666;19;2020-11-15;8307
2020-11-14;"Nitriansky kraj";114;1131;32;1163;NA;271666;146;2020-11-14;8288
2020-11-13;"Nitriansky kraj";210;936;46;982;NA;271666;256;2020-11-13;8142
2020-11-12;"Nitriansky kraj";256;1195;35;1230;NA;271666;291;2020-11-12;7886
2020-11-11;"Nitriansky kraj";279;1247;22;1269;NA;271666;301;2020-11-11;7595
2020-11-10;"Nitriansky kraj";192;2623;39;2662;NA;271666;231;2020-11-10;7294
2020-11-09;"Nitriansky kraj";128;3136;43;3179;NA;271666;171;2020-11-09;7063
2020-11-08;"Nitriansky kraj";43;1462;32;1494;NA;271666;75;2020-11-08;6892
2020-11-07;"Nitriansky kraj";130;1046;4;1050;NA;271666;134;2020-11-07;6817
2020-11-06;"Nitriansky kraj";210;2264;32;2296;NA;271666;242;2020-11-06;6683
2020-11-05;"Nitriansky kraj";178;313;14;327;NA;271666;192;2020-11-05;6441
2020-11-04;"Nitriansky kraj";211;297;16;313;NA;271666;227;2020-11-04;6249
2020-11-03;"Nitriansky kraj";216;435;25;460;NA;271666;241;2020-11-03;6022
2020-11-02;"Nitriansky kraj";171;4208;46;4254;NA;271666;217;2020-11-02;5781
2020-11-01;"Nitriansky kraj";130;2546;27;2573;NA;271666;157;2020-11-01;5564
2020-10-31;"Nitriansky kraj";261;10466;134;10600;NA;271666;395;2020-10-31;5407
2020-10-30;"Nitriansky kraj";204;2593;42;2635;NA;271666;246;2020-10-30;5012
2020-10-29;"Nitriansky kraj";293;841;39;880;NA;271666;332;2020-10-29;4766
2020-10-28;"Nitriansky kraj";216;608;59;667;NA;271666;275;2020-10-28;4434
2020-10-27;"Nitriansky kraj";296;550;47;597;NA;271666;343;2020-10-27;4159
2020-10-26;"Nitriansky kraj";69;633;56;689;NA;271666;125;2020-10-26;3816
2020-10-25;"Nitriansky kraj";50;62;8;70;NA;271666;58;2020-10-25;3691
2020-10-24;"Nitriansky kraj";169;237;11;248;NA;271666;180;2020-10-24;3633
2020-10-23;"Nitriansky kraj";282;762;41;803;NA;271666;323;2020-10-23;3453
2020-10-22;"Nitriansky kraj";137;444;39;483;NA;271666;176;2020-10-22;3130
2020-10-21;"Nitriansky kraj";69;208;3;211;NA;271666;72;2020-10-21;2954
2022-03-28;"Prešovský kraj";946;0;0;0;251331;351000;946;2022-03-28;351000
2022-03-27;"Prešovský kraj";256;227;39;266;NA;351000;295;2022-03-27;350054
2022-03-26;"Prešovský kraj";719;327;63;390;NA;351000;782;2022-03-26;349759
2022-03-25;"Prešovský kraj";895;1029;169;1198;NA;351000;1064;2022-03-25;348977
2022-03-24;"Prešovský kraj";909;2097;185;2282;NA;351000;1094;2022-03-24;347913
2022-03-23;"Prešovský kraj";1291;2100;195;2295;NA;351000;1486;2022-03-23;346819
2022-03-22;"Prešovský kraj";1398;2200;180;2380;NA;351000;1578;2022-03-22;345333
2022-03-21;"Prešovský kraj";1234;2887;270;3157;NA;351000;1504;2022-03-21;343755
2022-03-20;"Prešovský kraj";262;781;120;901;NA;351000;382;2022-03-20;342251
2022-03-19;"Prešovský kraj";802;887;106;993;NA;351000;908;2022-03-19;341869
2022-03-18;"Prešovský kraj";1217;2092;221;2313;NA;351000;1438;2022-03-18;340961
2022-03-17;"Prešovský kraj";1118;2425;178;2603;NA;351000;1296;2022-03-17;339523
2022-03-16;"Prešovský kraj";1585;2072;212;2284;NA;351000;1797;2022-03-16;338227
2022-03-15;"Prešovský kraj";1460;2311;209;2520;NA;351000;1669;2022-03-15;336430
2022-03-14;"Prešovský kraj";1438;3305;380;3685;NA;351000;1818;2022-03-14;334761
2022-03-13;"Prešovský kraj";432;1045;190;1235;NA;351000;622;2022-03-13;332943
2022-03-12;"Prešovský kraj";1150;857;117;974;NA;351000;1267;2022-03-12;332321
2022-03-11;"Prešovský kraj";1271;2550;287;2837;NA;351000;1558;2022-03-11;331054
2022-03-10;"Prešovský kraj";1114;2576;278;2854;NA;351000;1392;2022-03-10;329496
2022-03-09;"Prešovský kraj";1477;2811;345;3156;NA;351000;1822;2022-03-09;328104
2022-03-08;"Prešovský kraj";1716;2996;308;3304;NA;351000;2024;2022-03-08;326282
2022-03-07;"Prešovský kraj";1326;4193;509;4702;NA;351000;1835;2022-03-07;324258
2022-03-06;"Prešovský kraj";278;1650;232;1882;NA;351000;510;2022-03-06;322423
2022-03-05;"Prešovský kraj";785;1194;136;1330;NA;351000;921;2022-03-05;321913
2022-03-04;"Prešovský kraj";1263;2809;303;3112;NA;351000;1566;2022-03-04;320992
2022-03-03;"Prešovský kraj";1049;3015;373;3388;NA;351000;1422;2022-03-03;319426
2022-03-02;"Prešovský kraj";1526;2954;335;3289;NA;351000;1861;2022-03-02;318004
2022-03-01;"Prešovský kraj";1612;3298;338;3636;NA;351000;1950;2022-03-01;316143
2022-02-28;"Prešovský kraj";1234;4963;538;5501;NA;351000;1772;2022-02-28;314193
2022-02-27;"Prešovský kraj";523;1467;278;1745;NA;351000;801;2022-02-27;312421
2022-02-26;"Prešovský kraj";867;1317;167;1484;NA;351000;1034;2022-02-26;311620
2022-02-25;"Prešovský kraj";1740;2768;346;3114;NA;351000;2086;2022-02-25;310586
2022-02-24;"Prešovský kraj";1435;3301;399;3700;NA;351000;1834;2022-02-24;308500
2022-02-23;"Prešovský kraj";1837;3516;404;3920;NA;351000;2241;2022-02-23;306666
2022-02-22;"Prešovský kraj";2294;3893;407;4300;NA;351000;2701;2022-02-22;304425
2022-02-21;"Prešovský kraj";1609;5165;618;5783;NA;351000;2227;2022-02-21;301724
2022-02-20;"Prešovský kraj";759;1877;319;2196;NA;351000;1078;2022-02-20;299497
2022-02-19;"Prešovský kraj";1535;1556;247;1803;NA;351000;1782;2022-02-19;298419
2022-02-18;"Prešovský kraj";2332;3580;393;3973;NA;351000;2725;2022-02-18;296637
2022-02-17;"Prešovský kraj";2293;3740;457;4197;NA;351000;2750;2022-02-17;293912
2022-02-16;"Prešovský kraj";2494;4049;484;4533;NA;351000;2978;2022-02-16;291162
2022-02-15;"Prešovský kraj";2992;4583;551;5134;NA;351000;3543;2022-02-15;288184
2022-02-14;"Prešovský kraj";2122;6203;845;7048;NA;351000;2967;2022-02-14;284641
2022-02-13;"Prešovský kraj";1338;2452;434;2886;NA;351000;1772;2022-02-13;281674
2022-02-12;"Prešovský kraj";2333;1867;352;2219;NA;351000;2685;2022-02-12;279902
2022-02-11;"Prešovský kraj";2666;3930;520;4450;NA;351000;3186;2022-02-11;277217
2022-02-10;"Prešovský kraj";2977;4516;599;5115;NA;351000;3576;2022-02-10;274031
2022-02-09;"Prešovský kraj";2644;4502;634;5136;NA;351000;3278;2022-02-09;270455
2022-02-08;"Prešovský kraj";3387;4890;651;5541;NA;351000;4038;2022-02-08;267177
2022-02-07;"Prešovský kraj";2132;6919;941;7860;NA;351000;3073;2022-02-07;263139
2022-02-06;"Prešovský kraj";1360;2884;490;3374;NA;351000;1850;2022-02-06;260066
2022-02-05;"Prešovský kraj";2813;1993;334;2327;NA;351000;3147;2022-02-05;258216
2022-02-04;"Prešovský kraj";2944;4556;573;5129;NA;351000;3517;2022-02-04;255069
2022-02-03;"Prešovský kraj";3375;5205;487;5692;NA;351000;3862;2022-02-03;251552
2022-02-02;"Prešovský kraj";3150;5686;562;6248;NA;351000;3712;2022-02-02;247690
2022-02-01;"Prešovský kraj";2791;5693;631;6324;NA;351000;3422;2022-02-01;243978
2022-01-31;"Prešovský kraj";2444;9142;929;10071;NA;351000;3373;2022-01-31;240556
2022-01-30;"Prešovský kraj";1311;3437;495;3932;NA;351000;1806;2022-01-30;237183
2022-01-29;"Prešovský kraj";2291;1949;282;2231;NA;351000;2573;2022-01-29;235377
2022-01-28;"Prešovský kraj";2473;4784;486;5270;NA;351000;2959;2022-01-28;232804
2022-01-27;"Prešovský kraj";2353;4558;412;4970;NA;351000;2765;2022-01-27;229845
2022-01-26;"Prešovský kraj";2311;5628;405;6033;NA;351000;2716;2022-01-26;227080
2022-01-25;"Prešovský kraj";2127;5284;346;5630;NA;351000;2473;2022-01-25;224364
2022-01-24;"Prešovský kraj";1324;7619;410;8029;NA;351000;1734;2022-01-24;221891
2022-01-23;"Prešovský kraj";262;3584;218;3802;NA;351000;480;2022-01-23;220157
2022-01-22;"Prešovský kraj";1448;1764;157;1921;NA;351000;1605;2022-01-22;219677
2022-01-21;"Prešovský kraj";1128;4312;196;4508;NA;351000;1324;2022-01-21;218072
2022-01-20;"Prešovský kraj";1184;4012;156;4168;NA;351000;1340;2022-01-20;216748
2022-01-19;"Prešovský kraj";822;4781;173;4954;NA;351000;995;2022-01-19;215408
2022-01-18;"Prešovský kraj";1032;4918;163;5081;NA;351000;1195;2022-01-18;214413
2022-01-17;"Prešovský kraj";784;7143;150;7293;NA;351000;934;2022-01-17;213218
2022-01-16;"Prešovský kraj";113;3113;98;3211;NA;351000;211;2022-01-16;212284
2022-01-15;"Prešovský kraj";675;1546;64;1610;NA;351000;739;2022-01-15;212073
2022-01-14;"Prešovský kraj";202;3792;78;3870;NA;351000;280;2022-01-14;211334
2022-01-13;"Prešovský kraj";252;3550;89;3639;NA;351000;341;2022-01-13;211054
2022-01-12;"Prešovský kraj";431;4183;77;4260;NA;351000;508;2022-01-12;210713
2022-01-11;"Prešovský kraj";438;4812;80;4892;NA;351000;518;2022-01-11;210205
2022-01-10;"Prešovský kraj";469;7561;135;7696;NA;351000;604;2022-01-10;209687
2022-01-09;"Prešovský kraj";114;4129;78;4207;NA;351000;192;2022-01-09;209083
2022-01-08;"Prešovský kraj";291;2097;39;2136;NA;351000;330;2022-01-08;208891
2022-01-07;"Prešovský kraj";370;3882;106;3988;NA;351000;476;2022-01-07;208561
2022-01-06;"Prešovský kraj";104;1000;43;1043;NA;351000;147;2022-01-06;208085
2022-01-05;"Prešovský kraj";373;4752;100;4852;NA;351000;473;2022-01-05;207938
2022-01-04;"Prešovský kraj";428;4558;77;4635;NA;351000;505;2022-01-04;207465
2022-01-03;"Prešovský kraj";390;6868;105;6973;NA;351000;495;2022-01-03;206960
2022-01-02;"Prešovský kraj";158;3180;75;3255;NA;351000;233;2022-01-02;206465
2022-01-01;"Prešovský kraj";55;379;8;387;NA;351000;63;2022-01-01;206232
2021-12-31;"Prešovský kraj";220;2178;77;2255;NA;351000;297;2021-12-31;206169
2021-12-30;"Prešovský kraj";230;2985;81;3066;NA;351000;311;2021-12-30;205872
2021-12-29;"Prešovský kraj";298;3924;73;3997;NA;351000;371;2021-12-29;205561
2021-12-28;"Prešovský kraj";365;3625;60;3685;NA;351000;425;2021-12-28;205190
2021-12-27;"Prešovský kraj";593;5336;93;5429;NA;351000;686;2021-12-27;204765
2021-12-26;"Prešovský kraj";112;1584;62;1646;NA;351000;174;2021-12-26;204079
2021-12-25;"Prešovský kraj";12;600;29;629;NA;351000;41;2021-12-25;203905
2021-12-24;"Prešovský kraj";27;463;26;489;NA;351000;53;2021-12-24;203864
2021-12-23;"Prešovský kraj";623;3125;76;3201;NA;351000;699;2021-12-23;203811
2021-12-22;"Prešovský kraj";234;3600;86;3686;NA;351000;320;2021-12-22;203112
2021-12-21;"Prešovský kraj";520;4571;78;4649;NA;351000;598;2021-12-21;202792
2021-12-20;"Prešovský kraj";371;7190;107;7297;NA;351000;478;2021-12-20;202194
2021-12-19;"Prešovský kraj";110;3166;74;3240;NA;351000;184;2021-12-19;201716
2021-12-18;"Prešovský kraj";313;1562;61;1623;NA;351000;374;2021-12-18;201532
2021-12-17;"Prešovský kraj";429;4482;96;4578;NA;351000;525;2021-12-17;201158
2021-12-16;"Prešovský kraj";401;4557;95;4652;NA;351000;496;2021-12-16;200633
2021-12-15;"Prešovský kraj";473;4499;79;4578;NA;351000;552;2021-12-15;200137
2021-12-14;"Prešovský kraj";662;5468;125;5593;NA;351000;787;2021-12-14;199585
2021-12-13;"Prešovský kraj";588;8085;175;8260;NA;351000;763;2021-12-13;198798
2021-12-12;"Prešovský kraj";160;3852;106;3958;NA;351000;266;2021-12-12;198035
2021-12-11;"Prešovský kraj";483;2040;91;2131;NA;351000;574;2021-12-11;197769
2021-12-10;"Prešovský kraj";649;5018;140;5158;NA;351000;789;2021-12-10;197195
2021-12-09;"Prešovský kraj";669;4702;135;4837;NA;351000;804;2021-12-09;196406
2021-12-08;"Prešovský kraj";944;4794;167;4961;NA;351000;1111;2021-12-08;195602
2021-12-07;"Prešovský kraj";1217;5853;188;6041;NA;351000;1405;2021-12-07;194491
2021-12-06;"Prešovský kraj";784;8604;247;8851;NA;351000;1031;2021-12-06;193086
2021-12-05;"Prešovský kraj";145;4439;133;4572;NA;351000;278;2021-12-05;192055
2021-12-04;"Prešovský kraj";1025;2290;127;2417;NA;351000;1152;2021-12-04;191777
2021-12-03;"Prešovský kraj";1040;5268;231;5499;NA;351000;1271;2021-12-03;190625
2021-12-02;"Prešovský kraj";2255;5291;183;5474;NA;351000;2438;2021-12-02;189354
2021-12-01;"Prešovský kraj";826;5267;239;5506;NA;351000;1065;2021-12-01;186916
2021-11-30;"Prešovský kraj";1123;6651;265;6916;NA;351000;1388;2021-11-30;185851
2021-11-29;"Prešovský kraj";583;11478;473;11951;NA;351000;1056;2021-11-29;184463
2021-11-28;"Prešovský kraj";919;5898;234;6132;NA;351000;1153;2021-11-28;183407
2021-11-27;"Prešovský kraj";884;2977;219;3196;NA;351000;1103;2021-11-27;182254
2021-11-26;"Prešovský kraj";1311;5890;328;6218;NA;351000;1639;2021-11-26;181151
2021-11-25;"Prešovský kraj";1285;5051;307;5358;NA;351000;1592;2021-11-25;179512
2021-11-24;"Prešovský kraj";1209;6120;357;6477;NA;351000;1566;2021-11-24;177920
2021-11-23;"Prešovský kraj";1099;6631;314;6945;NA;351000;1413;2021-11-23;176354
2021-11-22;"Prešovský kraj";905;8209;529;8738;NA;351000;1434;2021-11-22;174941
2021-11-21;"Prešovský kraj";950;3766;316;4082;NA;351000;1266;2021-11-21;173507
2021-11-20;"Prešovský kraj";1372;2193;222;2415;NA;351000;1594;2021-11-20;172241
2021-11-19;"Prešovský kraj";1629;5864;452;6316;NA;351000;2081;2021-11-19;170647
2021-11-18;"Prešovský kraj";823;6696;518;7214;NA;351000;1341;2021-11-18;168566
2021-11-17;"Prešovský kraj";1648;1336;148;1484;NA;351000;1796;2021-11-17;167225
2021-11-16;"Prešovský kraj";1346;5511;398;5909;NA;351000;1744;2021-11-16;165429
2021-11-15;"Prešovský kraj";897;7804;577;8381;NA;351000;1474;2021-11-15;163685
2021-11-14;"Prešovský kraj";603;3168;311;3479;NA;351000;914;2021-11-14;162211
2021-11-13;"Prešovský kraj";1255;2068;262;2330;NA;351000;1517;2021-11-13;161297
2021-11-12;"Prešovský kraj";1358;5236;371;5607;NA;351000;1729;2021-11-12;159780
2021-11-11;"Prešovský kraj";1218;5087;438;5525;NA;351000;1656;2021-11-11;158051
2021-11-10;"Prešovský kraj";1278;4966;380;5346;NA;351000;1658;2021-11-10;156395
2021-11-09;"Prešovský kraj";1038;5431;407;5838;NA;351000;1445;2021-11-09;154737
2021-11-08;"Prešovský kraj";1068;6987;574;7561;NA;351000;1642;2021-11-08;153292
2021-11-07;"Prešovský kraj";421;2500;242;2742;NA;351000;663;2021-11-07;151650
2021-11-06;"Prešovský kraj";1389;1899;234;2133;NA;351000;1623;2021-11-06;150987
2021-11-05;"Prešovský kraj";1080;4974;367;5341;NA;351000;1447;2021-11-05;149364
2021-11-04;"Prešovský kraj";1743;5162;322;5484;NA;351000;2065;2021-11-04;147917
2021-11-03;"Prešovský kraj";1326;5337;387;5724;NA;351000;1713;2021-11-03;145852
2021-11-02;"Prešovský kraj";1002;7553;556;8109;NA;351000;1558;2021-11-02;144139
2021-11-01;"Prešovský kraj";347;1402;131;1533;NA;351000;478;2021-11-01;142581
2021-10-31;"Prešovský kraj";447;2045;210;2255;NA;351000;657;2021-10-31;142103
2021-10-30;"Prešovský kraj";1148;1928;183;2111;NA;351000;1331;2021-10-30;141446
2021-10-29;"Prešovský kraj";1360;4460;253;4713;NA;351000;1613;2021-10-29;140115
2021-10-28;"Prešovský kraj";960;4500;300;4800;NA;351000;1260;2021-10-28;138502
2021-10-27;"Prešovský kraj";1444;4325;221;4546;NA;351000;1665;2021-10-27;137242
2021-10-26;"Prešovský kraj";940;5125;217;5342;NA;351000;1157;2021-10-26;135577
2021-10-25;"Prešovský kraj";673;6077;348;6425;NA;351000;1021;2021-10-25;134420
2021-10-24;"Prešovský kraj";110;2180;149;2329;NA;351000;259;2021-10-24;133399
2021-10-23;"Prešovský kraj";1145;1928;141;2069;NA;351000;1286;2021-10-23;133140
2021-10-22;"Prešovský kraj";792;4876;177;5053;NA;351000;969;2021-10-22;131854
2021-10-21;"Prešovský kraj";901;4738;191;4929;NA;351000;1092;2021-10-21;130885
2021-10-20;"Prešovský kraj";833;4199;195;4394;NA;351000;1028;2021-10-20;129793
2021-10-19;"Prešovský kraj";830;4728;175;4903;NA;351000;1005;2021-10-19;128765
2021-10-18;"Prešovský kraj";454;5752;240;5992;NA;351000;694;2021-10-18;127760
2021-10-17;"Prešovský kraj";181;2430;131;2561;NA;351000;312;2021-10-17;127066
2021-10-16;"Prešovský kraj";561;1924;94;2018;NA;351000;655;2021-10-16;126754
2021-10-15;"Prešovský kraj";533;4735;107;4842;NA;351000;640;2021-10-15;126099
2021-10-14;"Prešovský kraj";506;3948;85;4033;NA;351000;591;2021-10-14;125459
2021-10-13;"Prešovský kraj";549;3794;98;3892;NA;351000;647;2021-10-13;124868
2021-10-12;"Prešovský kraj";520;3966;101;4067;NA;351000;621;2021-10-12;124221
2021-10-11;"Prešovský kraj";433;5421;131;5552;NA;351000;564;2021-10-11;123600
2021-10-10;"Prešovský kraj";78;2099;64;2163;NA;351000;142;2021-10-10;123036
2021-10-09;"Prešovský kraj";311;2077;47;2124;NA;351000;358;2021-10-09;122894
2021-10-08;"Prešovský kraj";636;4934;94;5028;NA;351000;730;2021-10-08;122536
2021-10-07;"Prešovský kraj";487;3919;101;4020;NA;351000;588;2021-10-07;121806
2021-10-06;"Prešovský kraj";296;3851;104;3955;NA;351000;400;2021-10-06;121218
2021-10-05;"Prešovský kraj";430;4151;90;4241;NA;351000;520;2021-10-05;120818
2021-10-04;"Prešovský kraj";353;5569;125;5694;NA;351000;478;2021-10-04;120298
2021-10-03;"Prešovský kraj";19;2324;47;2371;NA;351000;66;2021-10-03;119820
2021-10-02;"Prešovský kraj";269;2238;58;2296;NA;351000;327;2021-10-02;119754
2021-10-01;"Prešovský kraj";325;4997;63;5060;NA;351000;388;2021-10-01;119427
2021-09-30;"Prešovský kraj";265;4044;83;4127;NA;351000;348;2021-09-30;119039
2021-09-29;"Prešovský kraj";381;3825;55;3880;NA;351000;436;2021-09-29;118691
2021-09-28;"Prešovský kraj";312;4714;69;4783;NA;351000;381;2021-09-28;118255
2021-09-27;"Prešovský kraj";257;5062;104;5166;NA;351000;361;2021-09-27;117874
2021-09-26;"Prešovský kraj";8;2422;67;2489;NA;351000;75;2021-09-26;117513
2021-09-25;"Prešovský kraj";134;2540;46;2586;NA;351000;180;2021-09-25;117438
2021-09-24;"Prešovský kraj";297;4822;61;4883;NA;351000;358;2021-09-24;117258
2021-09-23;"Prešovský kraj";109;4105;45;4150;NA;351000;154;2021-09-23;116900
2021-09-22;"Prešovský kraj";177;3836;41;3877;NA;351000;218;2021-09-22;116746
2021-09-21;"Prešovský kraj";219;5059;66;5125;NA;351000;285;2021-09-21;116528
2021-09-20;"Prešovský kraj";180;5183;68;5251;NA;351000;248;2021-09-20;116243
2021-09-19;"Prešovský kraj";7;2726;30;2756;NA;351000;37;2021-09-19;115995
2021-09-18;"Prešovský kraj";169;2406;37;2443;NA;351000;206;2021-09-18;115958
2021-09-17;"Prešovský kraj";157;4402;52;4454;NA;351000;209;2021-09-17;115752
2021-09-16;"Prešovský kraj";146;4371;71;4442;NA;351000;217;2021-09-16;115543
2021-09-15;"Prešovský kraj";68;701;19;720;NA;351000;87;2021-09-15;115326
2021-09-14;"Prešovský kraj";133;3369;38;3407;NA;351000;171;2021-09-14;115239
2021-09-13;"Prešovský kraj";105;4225;37;4262;NA;351000;142;2021-09-13;115068
2021-09-12;"Prešovský kraj";4;1776;29;1805;NA;351000;33;2021-09-12;114926
2021-09-11;"Prešovský kraj";65;2012;24;2036;NA;351000;89;2021-09-11;114893
2021-09-10;"Prešovský kraj";105;3241;30;3271;NA;351000;135;2021-09-10;114804
2021-09-09;"Prešovský kraj";29;3090;27;3117;NA;351000;56;2021-09-09;114669
2021-09-08;"Prešovský kraj";73;2444;20;2464;NA;351000;93;2021-09-08;114613
2021-09-07;"Prešovský kraj";82;2449;24;2473;NA;351000;106;2021-09-07;114520
2021-09-06;"Prešovský kraj";61;3282;20;3302;NA;351000;81;2021-09-06;114414
2021-09-05;"Prešovský kraj";5;1338;11;1349;NA;351000;16;2021-09-05;114333
2021-09-04;"Prešovský kraj";27;1864;14;1878;NA;351000;41;2021-09-04;114317
2021-09-03;"Prešovský kraj";39;2976;15;2991;NA;351000;54;2021-09-03;114276
2021-09-02;"Prešovský kraj";39;2558;20;2578;NA;351000;59;2021-09-02;114222
2021-09-01;"Prešovský kraj";14;575;6;581;NA;351000;20;2021-09-01;114163
2021-08-31;"Prešovský kraj";47;2438;13;2451;NA;351000;60;2021-08-31;114143
2021-08-30;"Prešovský kraj";23;2827;19;2846;NA;351000;42;2021-08-30;114083
2021-08-29;"Prešovský kraj";3;781;1;782;NA;351000;4;2021-08-29;114041
2021-08-28;"Prešovský kraj";5;2101;8;2109;NA;351000;13;2021-08-28;114037
2021-08-27;"Prešovský kraj";32;3084;8;3092;NA;351000;40;2021-08-27;114024
2021-08-26;"Prešovský kraj";13;2094;8;2102;NA;351000;21;2021-08-26;113984
2021-08-25;"Prešovský kraj";18;1947;4;1951;NA;351000;22;2021-08-25;113963
2021-08-24;"Prešovský kraj";10;2138;5;2143;NA;351000;15;2021-08-24;113941
2021-08-23;"Prešovský kraj";16;2576;6;2582;NA;351000;22;2021-08-23;113926
2021-08-22;"Prešovský kraj";0;1440;6;1446;NA;351000;6;2021-08-22;113904
2021-08-21;"Prešovský kraj";28;2018;4;2022;NA;351000;32;2021-08-21;113898
2021-08-20;"Prešovský kraj";15;2906;7;2913;NA;351000;22;2021-08-20;113866
2021-08-19;"Prešovský kraj";22;2242;8;2250;NA;351000;30;2021-08-19;113844
2021-08-18;"Prešovský kraj";6;1752;11;1763;NA;351000;17;2021-08-18;113814
2021-08-17;"Prešovský kraj";29;1829;6;1835;NA;351000;35;2021-08-17;113797
2021-08-16;"Prešovský kraj";11;2524;7;2531;NA;351000;18;2021-08-16;113762
2021-08-15;"Prešovský kraj";0;896;2;898;NA;351000;2;2021-08-15;113744
2021-08-14;"Prešovský kraj";14;1662;1;1663;NA;351000;15;2021-08-14;113742
2021-08-13;"Prešovský kraj";24;1646;12;1658;NA;351000;36;2021-08-13;113727
2021-08-12;"Prešovský kraj";9;1752;3;1755;NA;351000;12;2021-08-12;113691
2021-08-11;"Prešovský kraj";15;1193;3;1196;NA;351000;18;2021-08-11;113679
2021-08-10;"Prešovský kraj";10;1102;4;1106;NA;351000;14;2021-08-10;113661
2021-08-09;"Prešovský kraj";13;2156;4;2160;NA;351000;17;2021-08-09;113647
2021-08-08;"Prešovský kraj";2;675;2;677;NA;351000;4;2021-08-08;113630
2021-08-07;"Prešovský kraj";5;1114;3;1117;NA;351000;8;2021-08-07;113626
2021-08-06;"Prešovský kraj";9;1459;4;1463;NA;351000;13;2021-08-06;113618
2021-08-05;"Prešovský kraj";9;1370;2;1372;NA;351000;11;2021-08-05;113605
2021-08-04;"Prešovský kraj";6;1007;1;1008;NA;351000;7;2021-08-04;113594
2021-08-03;"Prešovský kraj";8;976;1;977;NA;351000;9;2021-08-03;113587
2021-08-02;"Prešovský kraj";5;1477;6;1483;NA;351000;11;2021-08-02;113578
2021-08-01;"Prešovský kraj";0;738;2;740;NA;351000;2;2021-08-01;113567
2021-07-31;"Prešovský kraj";20;1080;0;1080;NA;351000;20;2021-07-31;113565
2021-07-30;"Prešovský kraj";2;1518;1;1519;NA;351000;3;2021-07-30;113545
2021-07-29;"Prešovský kraj";6;1302;1;1303;NA;351000;7;2021-07-29;113542
2021-07-28;"Prešovský kraj";6;1106;1;1107;NA;351000;7;2021-07-28;113535
2021-07-27;"Prešovský kraj";5;1140;2;1142;NA;351000;7;2021-07-27;113528
2021-07-26;"Prešovský kraj";12;1583;1;1584;NA;351000;13;2021-07-26;113521
2021-07-25;"Prešovský kraj";0;687;1;688;NA;351000;1;2021-07-25;113508
2021-07-24;"Prešovský kraj";8;1040;0;1040;NA;351000;8;2021-07-24;113507
2021-07-23;"Prešovský kraj";8;1608;1;1609;NA;351000;9;2021-07-23;113499
2021-07-22;"Prešovský kraj";13;1431;10;1441;NA;351000;23;2021-07-22;113490
2021-07-21;"Prešovský kraj";5;1076;1;1077;NA;351000;6;2021-07-21;113467
2021-07-20;"Prešovský kraj";4;1064;0;1064;NA;351000;4;2021-07-20;113461
2021-07-19;"Prešovský kraj";2;1644;4;1648;NA;351000;6;2021-07-19;113457
2021-07-18;"Prešovský kraj";1;647;0;647;NA;351000;1;2021-07-18;113451
2021-07-17;"Prešovský kraj";6;1245;1;1246;NA;351000;7;2021-07-17;113450
2021-07-16;"Prešovský kraj";4;1558;2;1560;NA;351000;6;2021-07-16;113443
2021-07-15;"Prešovský kraj";5;1310;4;1314;NA;351000;9;2021-07-15;113437
2021-07-14;"Prešovský kraj";1;1051;2;1053;NA;351000;3;2021-07-14;113428
2021-07-13;"Prešovský kraj";1;1071;2;1073;NA;351000;3;2021-07-13;113425
2021-07-12;"Prešovský kraj";1;1949;2;1951;NA;351000;3;2021-07-12;113422
2021-07-11;"Prešovský kraj";0;660;1;661;NA;351000;1;2021-07-11;113419
2021-07-10;"Prešovský kraj";4;1229;2;1231;NA;351000;6;2021-07-10;113418
2021-07-09;"Prešovský kraj";6;1957;1;1958;NA;351000;7;2021-07-09;113412
2021-07-08;"Prešovský kraj";5;1192;0;1192;NA;351000;5;2021-07-08;113405
2021-07-07;"Prešovský kraj";7;1468;3;1471;NA;351000;10;2021-07-07;113400
2021-07-06;"Prešovský kraj";5;1423;2;1425;NA;351000;7;2021-07-06;113390
2021-07-05;"Prešovský kraj";2;645;0;645;NA;351000;2;2021-07-05;113383
2021-07-04;"Prešovský kraj";0;788;0;788;NA;351000;0;2021-07-04;113381
2021-07-03;"Prešovský kraj";2;1391;0;1391;NA;351000;2;2021-07-03;113381
2021-07-02;"Prešovský kraj";4;1796;0;1796;NA;351000;4;2021-07-02;113379
2021-07-01;"Prešovský kraj";2;1590;1;1591;NA;351000;3;2021-07-01;113375
2021-06-30;"Prešovský kraj";3;8829;4;8833;NA;351000;7;2021-06-30;113372
2021-06-29;"Prešovský kraj";1;4935;3;4938;NA;351000;4;2021-06-29;113365
2021-06-28;"Prešovský kraj";5;6109;2;6111;NA;351000;7;2021-06-28;113361
2021-06-27;"Prešovský kraj";0;3852;1;3853;NA;351000;1;2021-06-27;113354
2021-06-26;"Prešovský kraj";4;5815;1;5816;NA;351000;5;2021-06-26;113353
2021-06-25;"Prešovský kraj";7;7321;4;7325;NA;351000;11;2021-06-25;113348
2021-06-24;"Prešovský kraj";10;5406;5;5411;NA;351000;15;2021-06-24;113337
2021-06-23;"Prešovský kraj";4;5124;2;5126;NA;351000;6;2021-06-23;113322
2021-06-22;"Prešovský kraj";5;5143;1;5144;NA;351000;6;2021-06-22;113316
2021-06-21;"Prešovský kraj";13;7033;6;7039;NA;351000;19;2021-06-21;113310
2021-06-20;"Prešovský kraj";0;5204;3;5207;NA;351000;3;2021-06-20;113291
2021-06-19;"Prešovský kraj";1;7349;5;7354;NA;351000;6;2021-06-19;113288
2021-06-18;"Prešovský kraj";9;8682;10;8692;NA;351000;19;2021-06-18;113282
2021-06-17;"Prešovský kraj";9;6548;5;6553;NA;351000;14;2021-06-17;113263
2021-06-16;"Prešovský kraj";6;6422;3;6425;NA;351000;9;2021-06-16;113249
2021-06-15;"Prešovský kraj";2;5709;4;5713;NA;351000;6;2021-06-15;113240
2021-06-14;"Prešovský kraj";5;8229;13;8242;NA;351000;18;2021-06-14;113234
2021-06-13;"Prešovský kraj";1;6455;7;6462;NA;351000;8;2021-06-13;113216
2021-06-12;"Prešovský kraj";3;8904;9;8913;NA;351000;12;2021-06-12;113208
2021-06-11;"Prešovský kraj";21;9877;9;9886;NA;351000;30;2021-06-11;113196
2021-06-10;"Prešovský kraj";11;6512;10;6522;NA;351000;21;2021-06-10;113166
2021-06-09;"Prešovský kraj";16;6375;3;6378;NA;351000;19;2021-06-09;113145
2021-06-08;"Prešovský kraj";31;6495;12;6507;NA;351000;43;2021-06-08;113126
2021-06-07;"Prešovský kraj";11;9111;15;9126;NA;351000;26;2021-06-07;113083
2021-06-06;"Prešovský kraj";0;8016;5;8021;NA;351000;5;2021-06-06;113057
2021-06-05;"Prešovský kraj";17;10248;15;10263;NA;351000;32;2021-06-05;113052
2021-06-04;"Prešovský kraj";26;10375;18;10393;NA;351000;44;2021-06-04;113020
2021-06-03;"Prešovský kraj";14;6820;16;6836;NA;351000;30;2021-06-03;112976
2021-06-02;"Prešovský kraj";47;7372;14;7386;NA;351000;61;2021-06-02;112946
2021-06-01;"Prešovský kraj";15;6926;14;6940;NA;351000;29;2021-06-01;112885
2021-05-31;"Prešovský kraj";27;9951;22;9973;NA;351000;49;2021-05-31;112856
2021-05-30;"Prešovský kraj";2;9717;14;9731;NA;351000;16;2021-05-30;112807
2021-05-29;"Prešovský kraj";23;12733;24;12757;NA;351000;47;2021-05-29;112791
2021-05-28;"Prešovský kraj";30;12468;19;12487;NA;351000;49;2021-05-28;112744
2021-05-27;"Prešovský kraj";16;7653;37;7690;NA;351000;53;2021-05-27;112695
2021-05-26;"Prešovský kraj";32;8140;23;8163;NA;351000;55;2021-05-26;112642
2021-05-25;"Prešovský kraj";38;8690;20;8710;NA;351000;58;2021-05-25;112587
2021-05-24;"Prešovský kraj";17;13298;37;13335;NA;351000;54;2021-05-24;112529
2021-05-23;"Prešovský kraj";3;11947;20;11967;NA;351000;23;2021-05-23;112475
2021-05-22;"Prešovský kraj";11;14422;44;14466;NA;351000;55;2021-05-22;112452
2021-05-21;"Prešovský kraj";44;13803;24;13827;NA;351000;68;2021-05-21;112397
2021-05-20;"Prešovský kraj";13;9437;29;9466;NA;351000;42;2021-05-20;112329
2021-05-19;"Prešovský kraj";60;10756;36;10792;NA;351000;96;2021-05-19;112287
2021-05-18;"Prešovský kraj";44;9062;27;9089;NA;351000;71;2021-05-18;112191
2021-05-17;"Prešovský kraj";60;12856;47;12903;NA;351000;107;2021-05-17;112120
2021-05-16;"Prešovský kraj";20;16302;66;16368;NA;351000;86;2021-05-16;112013
2021-05-15;"Prešovský kraj";20;24604;81;24685;NA;351000;101;2021-05-15;111927
2021-05-14;"Prešovský kraj";49;18671;68;18739;NA;351000;117;2021-05-14;111826
2021-05-13;"Prešovský kraj";54;11166;71;11237;NA;351000;125;2021-05-13;111709
2021-05-12;"Prešovský kraj";59;10822;39;10861;NA;351000;98;2021-05-12;111584
2021-05-11;"Prešovský kraj";61;10728;48;10776;NA;351000;109;2021-05-11;111486
2021-05-10;"Prešovský kraj";79;15726;67;15793;NA;351000;146;2021-05-10;111377
2021-05-09;"Prešovský kraj";54;21658;82;21740;NA;351000;136;2021-05-09;111231
2021-05-08;"Prešovský kraj";39;23050;52;23102;NA;351000;91;2021-05-08;111095
2021-05-07;"Prešovský kraj";81;23543;66;23609;NA;351000;147;2021-05-07;111004
2021-05-06;"Prešovský kraj";107;12924;66;12990;NA;351000;173;2021-05-06;110857
2021-05-05;"Prešovský kraj";60;12808;84;12892;NA;351000;144;2021-05-05;110684
2021-05-04;"Prešovský kraj";203;13470;67;13537;NA;351000;270;2021-05-04;110540
2021-05-03;"Prešovský kraj";68;18458;109;18567;NA;351000;177;2021-05-03;110270
2021-05-02;"Prešovský kraj";29;36676;102;36778;NA;351000;131;2021-05-02;110093
2021-05-01;"Prešovský kraj";70;57153;183;57336;NA;351000;253;2021-05-01;109962
2021-04-30;"Prešovský kraj";135;39333;118;39451;NA;351000;253;2021-04-30;109709
2021-04-29;"Prešovský kraj";110;16635;97;16732;NA;351000;207;2021-04-29;109456
2021-04-28;"Prešovský kraj";122;18671;89;18760;NA;351000;211;2021-04-28;109249
2021-04-27;"Prešovský kraj";154;19994;120;20114;NA;351000;274;2021-04-27;109038
2021-04-26;"Prešovský kraj";99;27241;123;27364;NA;351000;222;2021-04-26;108764
2021-04-25;"Prešovský kraj";9;52776;156;52932;NA;351000;165;2021-04-25;108542
2021-04-24;"Prešovský kraj";61;85698;243;85941;NA;351000;304;2021-04-24;108377
2021-04-23;"Prešovský kraj";171;40365;137;40502;NA;351000;308;2021-04-23;108073
2021-04-22;"Prešovský kraj";86;18104;125;18229;NA;351000;211;2021-04-22;107765
2021-04-21;"Prešovský kraj";144;21550;139;21689;NA;351000;283;2021-04-21;107554
2021-04-20;"Prešovský kraj";115;23346;128;23474;NA;351000;243;2021-04-20;107271
2021-04-19;"Prešovský kraj";106;29133;145;29278;NA;351000;251;2021-04-19;107028
2021-04-18;"Prešovský kraj";4;51824;129;51953;NA;351000;133;2021-04-18;106777
2021-04-17;"Prešovský kraj";119;97970;238;98208;NA;351000;357;2021-04-17;106644
2021-04-16;"Prešovský kraj";135;40989;146;41135;NA;351000;281;2021-04-16;106287
2021-04-15;"Prešovský kraj";112;20179;137;20316;NA;351000;249;2021-04-15;106006
2021-04-14;"Prešovský kraj";199;23332;130;23462;NA;351000;329;2021-04-14;105757
2021-04-13;"Prešovský kraj";180;23907;116;24023;NA;351000;296;2021-04-13;105428
2021-04-12;"Prešovský kraj";172;30152;175;30327;NA;351000;347;2021-04-12;105132
2021-04-11;"Prešovský kraj";11;49955;187;50142;NA;351000;198;2021-04-11;104785
2021-04-10;"Prešovský kraj";94;90181;297;90478;NA;351000;391;2021-04-10;104587
2021-04-09;"Prešovský kraj";255;37163;200;37363;NA;351000;455;2021-04-09;104196
2021-04-08;"Prešovský kraj";192;18893;157;19050;NA;351000;349;2021-04-08;103741
2021-04-07;"Prešovský kraj";314;27797;154;27951;NA;351000;468;2021-04-07;103392
2021-04-06;"Prešovský kraj";231;41711;268;41979;NA;351000;499;2021-04-06;102924
2021-04-05;"Prešovský kraj";54;18454;132;18586;NA;351000;186;2021-04-05;102425
2021-04-04;"Prešovský kraj";31;18569;91;18660;NA;351000;122;2021-04-04;102239
2021-04-03;"Prešovský kraj";104;90664;321;90985;NA;351000;425;2021-04-03;102117
2021-04-02;"Prešovský kraj";194;23381;134;23515;NA;351000;328;2021-04-02;101692
2021-04-01;"Prešovský kraj";256;42879;195;43074;NA;351000;451;2021-04-01;101364
2021-03-31;"Prešovský kraj";311;30176;227;30403;NA;351000;538;2021-03-31;100913
2021-03-30;"Prešovský kraj";374;20751;203;20954;NA;351000;577;2021-03-30;100375
2021-03-29;"Prešovský kraj";219;28188;229;28417;NA;351000;448;2021-03-29;99798
2021-03-28;"Prešovský kraj";26;46811;256;47067;NA;351000;282;2021-03-28;99350
2021-03-27;"Prešovský kraj";181;88673;372;89045;NA;351000;553;2021-03-27;99068
2021-03-26;"Prešovský kraj";310;47751;299;48050;NA;351000;609;2021-03-26;98515
2021-03-25;"Prešovský kraj";248;22281;213;22494;NA;351000;461;2021-03-25;97906
2021-03-24;"Prešovský kraj";381;19590;213;19803;NA;351000;594;2021-03-24;97445
2021-03-23;"Prešovský kraj";241;20351;255;20606;NA;351000;496;2021-03-23;96851
2021-03-22;"Prešovský kraj";299;28634;287;28921;NA;351000;586;2021-03-22;96355
2021-03-21;"Prešovský kraj";32;49439;266;49705;NA;351000;298;2021-03-21;95769
2021-03-20;"Prešovský kraj";180;92529;426;92955;NA;351000;606;2021-03-20;95471
2021-03-19;"Prešovský kraj";373;46582;326;46908;NA;351000;699;2021-03-19;94865
2021-03-18;"Prešovský kraj";251;21721;217;21938;NA;351000;468;2021-03-18;94166
2021-03-17;"Prešovský kraj";331;20887;231;21118;NA;351000;562;2021-03-17;93698
2021-03-16;"Prešovský kraj";461;21094;278;21372;NA;351000;739;2021-03-16;93136
2021-03-15;"Prešovský kraj";370;28813;324;29137;NA;351000;694;2021-03-15;92397
2021-03-14;"Prešovský kraj";52;50410;356;50766;NA;351000;408;2021-03-14;91703
2021-03-13;"Prešovský kraj";200;94768;531;95299;NA;351000;731;2021-03-13;91295
2021-03-12;"Prešovský kraj";425;47691;368;48059;NA;351000;793;2021-03-12;90564
2021-03-11;"Prešovský kraj";463;22059;253;22312;NA;351000;716;2021-03-11;89771
2021-03-10;"Prešovský kraj";325;20821;293;21114;NA;351000;618;2021-03-10;89055
2021-03-09;"Prešovský kraj";505;21496;288;21784;NA;351000;793;2021-03-09;88437
2021-03-08;"Prešovský kraj";314;28903;333;29236;NA;351000;647;2021-03-08;87644
2021-03-07;"Prešovský kraj";19;48328;388;48716;NA;351000;407;2021-03-07;86997
2021-03-06;"Prešovský kraj";193;97527;591;98118;NA;351000;784;2021-03-06;86590
2021-03-05;"Prešovský kraj";497;46054;397;46451;NA;351000;894;2021-03-05;85806
2021-03-04;"Prešovský kraj";372;22670;359;23029;NA;351000;731;2021-03-04;84912
2021-03-03;"Prešovský kraj";397;21623;333;21956;NA;351000;730;2021-03-03;84181
2021-03-02;"Prešovský kraj";421;22682;357;23039;NA;351000;778;2021-03-02;83451
2021-03-01;"Prešovský kraj";303;27716;406;28122;NA;351000;709;2021-03-01;82673
2021-02-28;"Prešovský kraj";75;45000;387;45387;NA;351000;462;2021-02-28;81964
2021-02-27;"Prešovský kraj";273;90231;734;90965;NA;351000;1007;2021-02-27;81502
2021-02-26;"Prešovský kraj";455;41340;438;41778;NA;351000;893;2021-02-26;80495
2021-02-25;"Prešovský kraj";270;19496;337;19833;NA;351000;607;2021-02-25;79602
2021-02-24;"Prešovský kraj";328;19026;377;19403;NA;351000;705;2021-02-24;78995
2021-02-23;"Prešovský kraj";430;21277;345;21622;NA;351000;775;2021-02-23;78290
2021-02-22;"Prešovský kraj";351;27180;356;27536;NA;351000;707;2021-02-22;77515
2021-02-21;"Prešovský kraj";66;31453;301;31754;NA;351000;367;2021-02-21;76808
2021-02-20;"Prešovský kraj";129;71413;517;71930;NA;351000;646;2021-02-20;76441
2021-02-19;"Prešovský kraj";381;38995;430;39425;NA;351000;811;2021-02-19;75795
2021-02-18;"Prešovský kraj";268;16960;322;17282;NA;351000;590;2021-02-18;74984
2021-02-17;"Prešovský kraj";293;17392;246;17638;NA;351000;539;2021-02-17;74394
2021-02-16;"Prešovský kraj";422;18862;265;19127;NA;351000;687;2021-02-16;73855
2021-02-15;"Prešovský kraj";211;31366;303;31669;NA;351000;514;2021-02-15;73168
2021-02-14;"Prešovský kraj";27;39387;321;39708;NA;351000;348;2021-02-14;72654
2021-02-13;"Prešovský kraj";157;74747;402;75149;NA;351000;559;2021-02-13;72306
2021-02-12;"Prešovský kraj";308;38758;365;39123;NA;351000;673;2021-02-12;71747
2021-02-11;"Prešovský kraj";218;16207;238;16445;NA;351000;456;2021-02-11;71074
2021-02-10;"Prešovský kraj";220;18542;282;18824;NA;351000;502;2021-02-10;70618
2021-02-09;"Prešovský kraj";323;21497;370;21867;NA;351000;693;2021-02-09;70116
2021-02-08;"Prešovský kraj";161;36924;261;37185;NA;351000;422;2021-02-08;69423
2021-02-07;"Prešovský kraj";21;34227;209;34436;NA;351000;230;2021-02-07;69001
2021-02-06;"Prešovský kraj";176;69164;360;69524;NA;351000;536;2021-02-06;68771
2021-02-05;"Prešovský kraj";177;31271;262;31533;NA;351000;439;2021-02-05;68235
2021-02-04;"Prešovský kraj";176;13080;237;13317;NA;351000;413;2021-02-04;67796
2021-02-03;"Prešovský kraj";251;8421;236;8657;NA;351000;487;2021-02-03;67383
2021-02-02;"Prešovský kraj";249;11769;264;12033;NA;351000;513;2021-02-02;66896
2021-02-01;"Prešovský kraj";220;16059;316;16375;NA;351000;536;2021-02-01;66383
2021-01-31;"Prešovský kraj";42;10587;107;10694;NA;351000;149;2021-01-31;65847
2021-01-30;"Prešovský kraj";142;23939;215;24154;NA;351000;357;2021-01-30;65698
2021-01-29;"Prešovský kraj";185;17924;326;18250;NA;351000;511;2021-01-29;65341
2021-01-28;"Prešovský kraj";311;7348;150;7498;NA;351000;461;2021-01-28;64830
2021-01-27;"Prešovský kraj";153;9730;147;9877;NA;351000;300;2021-01-27;64369
2021-01-26;"Prešovský kraj";252;16653;151;16804;NA;351000;403;2021-01-26;64069
2021-01-25;"Prešovský kraj";196;30092;253;30345;NA;351000;449;2021-01-25;63666
2021-01-24;"Prešovský kraj";12;45706;304;46010;NA;351000;316;2021-01-24;63217
2021-01-23;"Prešovský kraj";189;96883;487;97370;NA;351000;676;2021-01-23;62901
2021-01-22;"Prešovský kraj";187;35383;261;35644;NA;351000;448;2021-01-22;62225
2021-01-21;"Prešovský kraj";187;20434;212;20646;NA;351000;399;2021-01-21;61777
2021-01-20;"Prešovský kraj";253;14782;195;14977;NA;351000;448;2021-01-20;61378
2021-01-19;"Prešovský kraj";281;12329;305;12634;NA;351000;586;2021-01-19;60930
2021-01-18;"Prešovský kraj";203;10422;336;10758;NA;351000;539;2021-01-18;60344
2021-01-17;"Prešovský kraj";107;14391;1008;15399;NA;351000;1115;2021-01-17;59805
2021-01-16;"Prešovský kraj";72;1838;81;1919;NA;351000;153;2021-01-16;58690
2021-01-15;"Prešovský kraj";159;7033;257;7290;NA;351000;416;2021-01-15;58537
2021-01-14;"Prešovský kraj";268;5534;256;5790;NA;351000;524;2021-01-14;58121
2021-01-13;"Prešovský kraj";342;5649;226;5875;NA;351000;568;2021-01-13;57597
2021-01-12;"Prešovský kraj";455;8251;386;8637;NA;351000;841;2021-01-12;57029
2021-01-11;"Prešovský kraj";343;8149;471;8620;NA;351000;814;2021-01-11;56188
2021-01-10;"Prešovský kraj";63;476;23;499;NA;351000;86;2021-01-10;55374
2021-01-09;"Prešovský kraj";439;2248;125;2373;NA;351000;564;2021-01-09;55288
2021-01-08;"Prešovský kraj";430;10416;561;10977;NA;351000;991;2021-01-08;54724
2021-01-07;"Prešovský kraj";268;7432;622;8054;NA;351000;890;2021-01-07;53733
2021-01-06;"Prešovský kraj";315;1484;134;1618;NA;351000;449;2021-01-06;52843
2021-01-05;"Prešovský kraj";655;11275;976;12251;NA;351000;1631;2021-01-05;52394
2021-01-04;"Prešovský kraj";371;16845;1789;18634;NA;351000;2160;2021-01-04;50763
2021-01-03;"Prešovský kraj";89;459;41;500;NA;351000;130;2021-01-03;48603
2021-01-02;"Prešovský kraj";65;1556;160;1716;NA;351000;225;2021-01-02;48473
2021-01-01;"Prešovský kraj";174;956;71;1027;NA;351000;245;2021-01-01;48248
2020-12-31;"Prešovský kraj";640;11959;783;12742;NA;351000;1423;2020-12-31;48003
2020-12-30;"Prešovský kraj";729;8729;769;9498;NA;351000;1498;2020-12-30;46580
2020-12-29;"Prešovský kraj";435;9273;949;10222;NA;351000;1384;2020-12-29;45082
2020-12-28;"Prešovský kraj";393;9046;1079;10125;NA;351000;1472;2020-12-28;43698
2020-12-27;"Prešovský kraj";40;613;45;658;NA;351000;85;2020-12-27;42226
2020-12-26;"Prešovský kraj";64;176;12;188;NA;351000;76;2020-12-26;42141
2020-12-25;"Prešovský kraj";208;274;11;285;NA;351000;219;2020-12-25;42065
2020-12-24;"Prešovský kraj";452;1214;85;1299;NA;351000;537;2020-12-24;41846
2020-12-23;"Prešovský kraj";361;11006;618;11624;NA;351000;979;2020-12-23;41309
2020-12-22;"Prešovský kraj";439;9023;695;9718;NA;351000;1134;2020-12-22;40330
2020-12-21;"Prešovský kraj";432;9577;847;10424;NA;351000;1279;2020-12-21;39196
2020-12-20;"Prešovský kraj";184;396;20;416;NA;351000;204;2020-12-20;37917
2020-12-19;"Prešovský kraj";276;1658;151;1809;NA;351000;427;2020-12-19;37713
2020-12-18;"Prešovský kraj";396;8246;566;8812;NA;351000;962;2020-12-18;37286
2020-12-17;"Prešovský kraj";427;10505;866;11371;NA;351000;1293;2020-12-17;36324
2020-12-16;"Prešovský kraj";466;5613;473;6086;NA;351000;939;2020-12-16;35031
2020-12-15;"Prešovský kraj";411;5406;574;5980;NA;351000;985;2020-12-15;34092
2020-12-14;"Prešovský kraj";334;5538;477;6015;NA;351000;811;2020-12-14;33107
2020-12-13;"Prešovský kraj";89;29;8;37;NA;351000;97;2020-12-13;32296
2020-12-12;"Prešovský kraj";319;2474;166;2640;NA;351000;485;2020-12-12;32199
2020-12-11;"Prešovský kraj";560;5602;402;6004;NA;351000;962;2020-12-11;31714
2020-12-10;"Prešovský kraj";337;5019;423;5442;NA;351000;760;2020-12-10;30752
2020-12-09;"Prešovský kraj";358;4357;314;4671;NA;351000;672;2020-12-09;29992
2020-12-08;"Prešovský kraj";350;6629;651;7280;NA;351000;1001;2020-12-08;29320
2020-12-07;"Prešovský kraj";309;4345;327;4672;NA;351000;636;2020-12-07;28319
2020-12-06;"Prešovský kraj";59;655;26;681;NA;351000;85;2020-12-06;27683
2020-12-05;"Prešovský kraj";218;984;87;1071;NA;351000;305;2020-12-05;27598
2020-12-04;"Prešovský kraj";352;5070;293;5363;NA;351000;645;2020-12-04;27293
2020-12-03;"Prešovský kraj";284;2456;179;2635;NA;351000;463;2020-12-03;26648
2020-12-02;"Prešovský kraj";232;2830;225;3055;NA;351000;457;2020-12-02;26185
2020-12-01;"Prešovský kraj";281;1884;196;2080;NA;351000;477;2020-12-01;25728
2020-11-30;"Prešovský kraj";196;5333;97;5430;NA;351000;293;2020-11-30;25251
2020-11-29;"Prešovský kraj";27;379;42;421;NA;351000;69;2020-11-29;24958
2020-11-28;"Prešovský kraj";199;772;77;849;NA;351000;276;2020-11-28;24889
2020-11-27;"Prešovský kraj";232;2350;130;2480;NA;351000;362;2020-11-27;24613
2020-11-26;"Prešovský kraj";263;3014;329;3343;NA;351000;592;2020-11-26;24251
2020-11-25;"Prešovský kraj";302;2174;103;2277;NA;351000;405;2020-11-25;23659
2020-11-24;"Prešovský kraj";365;1777;156;1933;NA;351000;521;2020-11-24;23254
2020-11-23;"Prešovský kraj";164;1099;60;1159;NA;351000;224;2020-11-23;22733
2020-11-22;"Prešovský kraj";46;44;1;45;NA;351000;47;2020-11-22;22509
2020-11-21;"Prešovský kraj";205;754;62;816;NA;351000;267;2020-11-21;22462
2020-11-20;"Prešovský kraj";363;2258;102;2360;NA;351000;465;2020-11-20;22195
2020-11-19;"Prešovský kraj";359;2096;238;2334;NA;351000;597;2020-11-19;21730
2020-11-18;"Prešovský kraj";270;488;43;531;NA;351000;313;2020-11-18;21133
2020-11-17;"Prešovský kraj";347;205;23;228;NA;351000;370;2020-11-17;20820
2020-11-16;"Prešovský kraj";226;540;58;598;NA;351000;284;2020-11-16;20450
2020-11-15;"Prešovský kraj";186;39;4;43;NA;351000;190;2020-11-15;20166
2020-11-14;"Prešovský kraj";261;54;4;58;NA;351000;265;2020-11-14;19976
2020-11-13;"Prešovský kraj";395;166;8;174;NA;351000;403;2020-11-13;19711
2020-11-12;"Prešovský kraj";397;229;50;279;NA;351000;447;2020-11-12;19308
2020-11-11;"Prešovský kraj";516;161;15;176;NA;351000;531;2020-11-11;18861
2020-11-10;"Prešovský kraj";437;197;9;206;NA;351000;446;2020-11-10;18330
2020-11-09;"Prešovský kraj";190;4110;945;5055;NA;351000;1135;2020-11-09;17884
2020-11-08;"Prešovský kraj";97;2817;32;2849;NA;351000;129;2020-11-08;16749
2020-11-07;"Prešovský kraj";416;8578;81;8659;NA;351000;497;2020-11-07;16620
2020-11-06;"Prešovský kraj";520;4791;76;4867;NA;351000;596;2020-11-06;16123
2020-11-05;"Prešovský kraj";397;180;5;185;NA;351000;402;2020-11-05;15527
2020-11-04;"Prešovský kraj";350;807;8;815;NA;351000;358;2020-11-04;15125
2020-11-03;"Prešovský kraj";565;98;12;110;NA;351000;577;2020-11-03;14767
2020-11-02;"Prešovský kraj";203;4158;1004;5162;NA;351000;1207;2020-11-02;14190
2020-11-01;"Prešovský kraj";386;2906;53;2959;NA;351000;439;2020-11-01;12983
2020-10-31;"Prešovský kraj";315;10497;170;10667;NA;351000;485;2020-10-31;12544
2020-10-30;"Prešovský kraj";552;2949;65;3014;NA;351000;617;2020-10-30;12059
2020-10-29;"Prešovský kraj";594;301;38;339;NA;351000;632;2020-10-29;11442
2020-10-28;"Prešovský kraj";617;291;46;337;NA;351000;663;2020-10-28;10810
2020-10-27;"Prešovský kraj";656;268;34;302;NA;351000;690;2020-10-27;10147
2020-10-26;"Prešovský kraj";137;363;57;420;NA;351000;194;2020-10-26;9457
2020-10-25;"Prešovský kraj";237;346;11;357;NA;351000;248;2020-10-25;9263
2020-10-24;"Prešovský kraj";719;200;12;212;NA;351000;731;2020-10-24;9015
2020-10-23;"Prešovský kraj";750;218;8;226;NA;351000;758;2020-10-23;8284
2020-10-22;"Prešovský kraj";646;396;30;426;NA;351000;676;2020-10-22;7526
2020-10-21;"Prešovský kraj";219;58;8;66;NA;351000;227;2020-10-21;6850
2022-03-28;"Trenčiansky kraj";673;0;0;0;203461;289603;673;2022-03-28;289603
2022-03-27;"Trenčiansky kraj";167;287;46;333;NA;289603;213;2022-03-27;288930
2022-03-26;"Trenčiansky kraj";513;224;28;252;NA;289603;541;2022-03-26;288717
2022-03-25;"Trenčiansky kraj";534;641;72;713;NA;289603;606;2022-03-25;288176
2022-03-24;"Trenčiansky kraj";712;1112;104;1216;NA;289603;816;2022-03-24;287570
2022-03-23;"Trenčiansky kraj";903;895;93;988;NA;289603;996;2022-03-23;286754
2022-03-22;"Trenčiansky kraj";918;929;114;1043;NA;289603;1032;2022-03-22;285758
2022-03-21;"Trenčiansky kraj";745;1317;198;1515;NA;289603;943;2022-03-21;284726
2022-03-20;"Trenčiansky kraj";334;826;89;915;NA;289603;423;2022-03-20;283783
2022-03-19;"Trenčiansky kraj";560;510;77;587;NA;289603;637;2022-03-19;283360
2022-03-18;"Trenčiansky kraj";884;827;128;955;NA;289603;1012;2022-03-18;282723
2022-03-17;"Trenčiansky kraj";863;991;127;1118;NA;289603;990;2022-03-17;281711
2022-03-16;"Trenčiansky kraj";1147;1128;125;1253;NA;289603;1272;2022-03-16;280721
2022-03-15;"Trenčiansky kraj";1054;1155;122;1277;NA;289603;1176;2022-03-15;279449
2022-03-14;"Trenčiansky kraj";934;2078;253;2331;NA;289603;1187;2022-03-14;278273
2022-03-13;"Trenčiansky kraj";373;698;97;795;NA;289603;470;2022-03-13;277086
2022-03-12;"Trenčiansky kraj";674;550;94;644;NA;289603;768;2022-03-12;276616
2022-03-11;"Trenčiansky kraj";1131;1191;215;1406;NA;289603;1346;2022-03-11;275848
2022-03-10;"Trenčiansky kraj";1087;1178;220;1398;NA;289603;1307;2022-03-10;274502
2022-03-09;"Trenčiansky kraj";1515;1346;236;1582;NA;289603;1751;2022-03-09;273195
2022-03-08;"Trenčiansky kraj";1059;1589;247;1836;NA;289603;1306;2022-03-08;271444
2022-03-07;"Trenčiansky kraj";1079;1920;342;2262;NA;289603;1421;2022-03-07;270138
2022-03-06;"Trenčiansky kraj";354;832;134;966;NA;289603;488;2022-03-06;268717
2022-03-05;"Trenčiansky kraj";583;700;138;838;NA;289603;721;2022-03-05;268229
2022-03-04;"Trenčiansky kraj";1125;1158;204;1362;NA;289603;1329;2022-03-04;267508
2022-03-03;"Trenčiansky kraj";1346;1521;216;1737;NA;289603;1562;2022-03-03;266179
2022-03-02;"Trenčiansky kraj";1345;1548;239;1787;NA;289603;1584;2022-03-02;264617
2022-03-01;"Trenčiansky kraj";1409;1609;299;1908;NA;289603;1708;2022-03-01;263033
2022-02-28;"Trenčiansky kraj";1390;2383;363;2746;NA;289603;1753;2022-02-28;261325
2022-02-27;"Trenčiansky kraj";573;1043;218;1261;NA;289603;791;2022-02-27;259572
2022-02-26;"Trenčiansky kraj";934;784;147;931;NA;289603;1081;2022-02-26;258781
2022-02-25;"Trenčiansky kraj";1460;1422;271;1693;NA;289603;1731;2022-02-25;257700
2022-02-24;"Trenčiansky kraj";1372;2288;274;2562;NA;289603;1646;2022-02-24;255969
2022-02-23;"Trenčiansky kraj";1677;1895;291;2186;NA;289603;1968;2022-02-23;254323
2022-02-22;"Trenčiansky kraj";2073;2075;418;2493;NA;289603;2491;2022-02-22;252355
2022-02-21;"Trenčiansky kraj";2172;3615;547;4162;NA;289603;2719;2022-02-21;249864
2022-02-20;"Trenčiansky kraj";1079;1436;322;1758;NA;289603;1401;2022-02-20;247145
2022-02-19;"Trenčiansky kraj";1168;1008;244;1252;NA;289603;1412;2022-02-19;245744
2022-02-18;"Trenčiansky kraj";2456;2175;440;2615;NA;289603;2896;2022-02-18;244332
2022-02-17;"Trenčiansky kraj";2090;2540;388;2928;NA;289603;2478;2022-02-17;241436
2022-02-16;"Trenčiansky kraj";2928;2286;469;2755;NA;289603;3397;2022-02-16;238958
2022-02-15;"Trenčiansky kraj";2372;2408;534;2942;NA;289603;2906;2022-02-15;235561
2022-02-14;"Trenčiansky kraj";2401;3916;686;4602;NA;289603;3087;2022-02-14;232655
2022-02-13;"Trenčiansky kraj";1357;1777;454;2231;NA;289603;1811;2022-02-13;229568
2022-02-12;"Trenčiansky kraj";1802;1448;277;1725;NA;289603;2079;2022-02-12;227757
2022-02-11;"Trenčiansky kraj";2863;2376;456;2832;NA;289603;3319;2022-02-11;225678
2022-02-10;"Trenčiansky kraj";2853;2529;462;2991;NA;289603;3315;2022-02-10;222359
2022-02-09;"Trenčiansky kraj";2788;4158;559;4717;NA;289603;3347;2022-02-09;219044
2022-02-08;"Trenčiansky kraj";2592;2987;621;3608;NA;289603;3213;2022-02-08;215697
2022-02-07;"Trenčiansky kraj";2787;4732;862;5594;NA;289603;3649;2022-02-07;212484
2022-02-06;"Trenčiansky kraj";1431;2181;472;2653;NA;289603;1903;2022-02-06;208835
2022-02-05;"Trenčiansky kraj";1458;1689;323;2012;NA;289603;1781;2022-02-05;206932
2022-02-04;"Trenčiansky kraj";2480;3036;483;3519;NA;289603;2963;2022-02-04;205151
2022-02-03;"Trenčiansky kraj";2391;3381;462;3843;NA;289603;2853;2022-02-03;202188
2022-02-02;"Trenčiansky kraj";2486;4411;563;4974;NA;289603;3049;2022-02-02;199335
2022-02-01;"Trenčiansky kraj";2359;3701;509;4210;NA;289603;2868;2022-02-01;196286
2022-01-31;"Trenčiansky kraj";1823;7070;627;7697;NA;289603;2450;2022-01-31;193418
2022-01-30;"Trenčiansky kraj";680;2463;319;2782;NA;289603;999;2022-01-30;190968
2022-01-29;"Trenčiansky kraj";1227;1772;227;1999;NA;289603;1454;2022-01-29;189969
2022-01-28;"Trenčiansky kraj";1709;3602;322;3924;NA;289603;2031;2022-01-28;188515
2022-01-27;"Trenčiansky kraj";1533;3414;322;3736;NA;289603;1855;2022-01-27;186484
2022-01-26;"Trenčiansky kraj";1415;4533;311;4844;NA;289603;1726;2022-01-26;184629
2022-01-25;"Trenčiansky kraj";1553;3168;258;3426;NA;289603;1811;2022-01-25;182903
2022-01-24;"Trenčiansky kraj";755;6691;290;6981;NA;289603;1045;2022-01-24;181092
2022-01-23;"Trenčiansky kraj";337;2409;179;2588;NA;289603;516;2022-01-23;180047
2022-01-22;"Trenčiansky kraj";683;1675;103;1778;NA;289603;786;2022-01-22;179531
2022-01-21;"Trenčiansky kraj";576;3394;139;3533;NA;289603;715;2022-01-21;178745
2022-01-20;"Trenčiansky kraj";710;2578;104;2682;NA;289603;814;2022-01-20;178030
2022-01-19;"Trenčiansky kraj";621;3627;111;3738;NA;289603;732;2022-01-19;177216
2022-01-18;"Trenčiansky kraj";579;3455;101;3556;NA;289603;680;2022-01-18;176484
2022-01-17;"Trenčiansky kraj";380;6158;122;6280;NA;289603;502;2022-01-17;175804
2022-01-16;"Trenčiansky kraj";89;2319;72;2391;NA;289603;161;2022-01-16;175302
2022-01-15;"Trenčiansky kraj";194;1345;40;1385;NA;289603;234;2022-01-15;175141
2022-01-14;"Trenčiansky kraj";189;2755;48;2803;NA;289603;237;2022-01-14;174907
2022-01-13;"Trenčiansky kraj";134;3201;62;3263;NA;289603;196;2022-01-13;174670
2022-01-12;"Trenčiansky kraj";346;2953;53;3006;NA;289603;399;2022-01-12;174474
2022-01-11;"Trenčiansky kraj";300;2896;50;2946;NA;289603;350;2022-01-11;174075
2022-01-10;"Trenčiansky kraj";218;6882;81;6963;NA;289603;299;2022-01-10;173725
2022-01-09;"Trenčiansky kraj";40;2808;52;2860;NA;289603;92;2022-01-09;173426
2022-01-08;"Trenčiansky kraj";267;1601;45;1646;NA;289603;312;2022-01-08;173334
2022-01-07;"Trenčiansky kraj";334;2717;64;2781;NA;289603;398;2022-01-07;173022
2022-01-06;"Trenčiansky kraj";75;1111;45;1156;NA;289603;120;2022-01-06;172624
2022-01-05;"Trenčiansky kraj";496;2875;64;2939;NA;289603;560;2022-01-05;172504
2022-01-04;"Trenčiansky kraj";521;3760;73;3833;NA;289603;594;2022-01-04;171944
2022-01-03;"Trenčiansky kraj";357;5680;117;5797;NA;289603;474;2022-01-03;171350
2022-01-02;"Trenčiansky kraj";179;2403;74;2477;NA;289603;253;2022-01-02;170876
2022-01-01;"Trenčiansky kraj";4;526;28;554;NA;289603;32;2022-01-01;170623
2021-12-31;"Trenčiansky kraj";443;1426;77;1503;NA;289603;520;2021-12-31;170591
2021-12-30;"Trenčiansky kraj";370;2351;126;2477;NA;289603;496;2021-12-30;170071
2021-12-29;"Trenčiansky kraj";429;2436;83;2519;NA;289603;512;2021-12-29;169575
2021-12-28;"Trenčiansky kraj";609;2696;108;2804;NA;289603;717;2021-12-28;169063
2021-12-27;"Trenčiansky kraj";546;3200;100;3300;NA;289603;646;2021-12-27;168346
2021-12-26;"Trenčiansky kraj";147;1098;78;1176;NA;289603;225;2021-12-26;167700
2021-12-25;"Trenčiansky kraj";52;503;27;530;NA;289603;79;2021-12-25;167475
2021-12-24;"Trenčiansky kraj";176;652;37;689;NA;289603;213;2021-12-24;167396
2021-12-23;"Trenčiansky kraj";532;2380;103;2483;NA;289603;635;2021-12-23;167183
2021-12-22;"Trenčiansky kraj";512;2546;116;2662;NA;289603;628;2021-12-22;166548
2021-12-21;"Trenčiansky kraj";694;3219;119;3338;NA;289603;813;2021-12-21;165920
2021-12-20;"Trenčiansky kraj";488;6613;200;6813;NA;289603;688;2021-12-20;165107
2021-12-19;"Trenčiansky kraj";202;2574;118;2692;NA;289603;320;2021-12-19;164419
2021-12-18;"Trenčiansky kraj";438;1752;108;1860;NA;289603;546;2021-12-18;164099
2021-12-17;"Trenčiansky kraj";427;4006;135;4141;NA;289603;562;2021-12-17;163553
2021-12-16;"Trenčiansky kraj";649;3169;177;3346;NA;289603;826;2021-12-16;162991
2021-12-15;"Trenčiansky kraj";791;4596;165;4761;NA;289603;956;2021-12-15;162165
2021-12-14;"Trenčiansky kraj";885;3590;139;3729;NA;289603;1024;2021-12-14;161209
2021-12-13;"Trenčiansky kraj";573;7310;247;7557;NA;289603;820;2021-12-13;160185
2021-12-12;"Trenčiansky kraj";306;3156;156;3312;NA;289603;462;2021-12-12;159365
2021-12-11;"Trenčiansky kraj";706;1876;138;2014;NA;289603;844;2021-12-11;158903
2021-12-10;"Trenčiansky kraj";789;3643;199;3842;NA;289603;988;2021-12-10;158059
2021-12-09;"Trenčiansky kraj";967;3847;202;4049;NA;289603;1169;2021-12-09;157071
2021-12-08;"Trenčiansky kraj";1020;4428;201;4629;NA;289603;1221;2021-12-08;155902
2021-12-07;"Trenčiansky kraj";1241;6232;214;6446;NA;289603;1455;2021-12-07;154681
2021-12-06;"Trenčiansky kraj";751;8778;421;9199;NA;289603;1172;2021-12-06;153226
2021-12-05;"Trenčiansky kraj";510;3610;210;3820;NA;289603;720;2021-12-05;152054
2021-12-04;"Trenčiansky kraj";1058;2043;156;2199;NA;289603;1214;2021-12-04;151334
2021-12-03;"Trenčiansky kraj";1272;4379;304;4683;NA;289603;1576;2021-12-03;150120
2021-12-02;"Trenčiansky kraj";2007;4087;263;4350;NA;289603;2270;2021-12-02;148544
2021-12-01;"Trenčiansky kraj";1000;4935;296;5231;NA;289603;1296;2021-12-01;146274
2021-11-30;"Trenčiansky kraj";1086;4702;329;5031;NA;289603;1415;2021-11-30;144978
2021-11-29;"Trenčiansky kraj";1165;10325;540;10865;NA;289603;1705;2021-11-29;143563
2021-11-28;"Trenčiansky kraj";664;5566;308;5874;NA;289603;972;2021-11-28;141858
2021-11-27;"Trenčiansky kraj";1080;2782;301;3083;NA;289603;1381;2021-11-27;140886
2021-11-26;"Trenčiansky kraj";1238;4493;346;4839;NA;289603;1584;2021-11-26;139505
2021-11-25;"Trenčiansky kraj";1018;3590;343;3933;NA;289603;1361;2021-11-25;137921
2021-11-24;"Trenčiansky kraj";1362;5559;466;6025;NA;289603;1828;2021-11-24;136560
2021-11-23;"Trenčiansky kraj";1140;3717;347;4064;NA;289603;1487;2021-11-23;134732
2021-11-22;"Trenčiansky kraj";920;6467;566;7033;NA;289603;1486;2021-11-22;133245
2021-11-21;"Trenčiansky kraj";413;3233;377;3610;NA;289603;790;2021-11-21;131759
2021-11-20;"Trenčiansky kraj";914;2379;341;2720;NA;289603;1255;2021-11-20;130969
2021-11-19;"Trenčiansky kraj";1261;3785;445;4230;NA;289603;1706;2021-11-19;129714
2021-11-18;"Trenčiansky kraj";810;5024;524;5548;NA;289603;1334;2021-11-18;128008
2021-11-17;"Trenčiansky kraj";796;1852;237;2089;NA;289603;1033;2021-11-17;126674
2021-11-16;"Trenčiansky kraj";859;4060;401;4461;NA;289603;1260;2021-11-16;125641
2021-11-15;"Trenčiansky kraj";720;5114;550;5664;NA;289603;1270;2021-11-15;124381
2021-11-14;"Trenčiansky kraj";447;2462;343;2805;NA;289603;790;2021-11-14;123111
2021-11-13;"Trenčiansky kraj";478;1879;254;2133;NA;289603;732;2021-11-13;122321
2021-11-12;"Trenčiansky kraj";784;3855;338;4193;NA;289603;1122;2021-11-12;121589
2021-11-11;"Trenčiansky kraj";805;3561;345;3906;NA;289603;1150;2021-11-11;120467
2021-11-10;"Trenčiansky kraj";647;3358;279;3637;NA;289603;926;2021-11-10;119317
2021-11-09;"Trenčiansky kraj";752;2886;304;3190;NA;289603;1056;2021-11-09;118391
2021-11-08;"Trenčiansky kraj";489;4643;348;4991;NA;289603;837;2021-11-08;117335
2021-11-07;"Trenčiansky kraj";405;2043;220;2263;NA;289603;625;2021-11-07;116498
2021-11-06;"Trenčiansky kraj";542;1755;176;1931;NA;289603;718;2021-11-06;115873
2021-11-05;"Trenčiansky kraj";677;3083;238;3321;NA;289603;915;2021-11-05;115155
2021-11-04;"Trenčiansky kraj";563;2713;229;2942;NA;289603;792;2021-11-04;114240
2021-11-03;"Trenčiansky kraj";619;2955;222;3177;NA;289603;841;2021-11-03;113448
2021-11-02;"Trenčiansky kraj";663;3808;309;4117;NA;289603;972;2021-11-02;112607
2021-11-01;"Trenčiansky kraj";219;1029;101;1130;NA;289603;320;2021-11-01;111635
2021-10-31;"Trenčiansky kraj";151;1462;152;1614;NA;289603;303;2021-10-31;111315
2021-10-30;"Trenčiansky kraj";345;1770;130;1900;NA;289603;475;2021-10-30;111012
2021-10-29;"Trenčiansky kraj";415;2860;129;2989;NA;289603;544;2021-10-29;110537
2021-10-28;"Trenčiansky kraj";429;2653;157;2810;NA;289603;586;2021-10-28;109993
2021-10-27;"Trenčiansky kraj";463;2612;93;2705;NA;289603;556;2021-10-27;109407
2021-10-26;"Trenčiansky kraj";419;2635;133;2768;NA;289603;552;2021-10-26;108851
2021-10-25;"Trenčiansky kraj";192;3370;130;3500;NA;289603;322;2021-10-25;108299
2021-10-24;"Trenčiansky kraj";121;1643;79;1722;NA;289603;200;2021-10-24;107977
2021-10-23;"Trenčiansky kraj";326;1737;64;1801;NA;289603;390;2021-10-23;107777
2021-10-22;"Trenčiansky kraj";358;2694;78;2772;NA;289603;436;2021-10-22;107387
2021-10-21;"Trenčiansky kraj";247;2343;74;2417;NA;289603;321;2021-10-21;106951
2021-10-20;"Trenčiansky kraj";302;2101;70;2171;NA;289603;372;2021-10-20;106630
2021-10-19;"Trenčiansky kraj";227;2847;59;2906;NA;289603;286;2021-10-19;106258
2021-10-18;"Trenčiansky kraj";143;2453;71;2524;NA;289603;214;2021-10-18;105972
2021-10-17;"Trenčiansky kraj";46;1457;31;1488;NA;289603;77;2021-10-17;105758
2021-10-16;"Trenčiansky kraj";76;1671;35;1706;NA;289603;111;2021-10-16;105681
2021-10-15;"Trenčiansky kraj";126;2925;50;2975;NA;289603;176;2021-10-15;105570
2021-10-14;"Trenčiansky kraj";103;1717;27;1744;NA;289603;130;2021-10-14;105394
2021-10-13;"Trenčiansky kraj";171;2656;28;2684;NA;289603;199;2021-10-13;105264
2021-10-12;"Trenčiansky kraj";114;2350;32;2382;NA;289603;146;2021-10-12;105065
2021-10-11;"Trenčiansky kraj";109;2541;48;2589;NA;289603;157;2021-10-11;104919
2021-10-10;"Trenčiansky kraj";17;1487;23;1510;NA;289603;40;2021-10-10;104762
2021-10-09;"Trenčiansky kraj";157;1809;16;1825;NA;289603;173;2021-10-09;104722
2021-10-08;"Trenčiansky kraj";82;3087;37;3124;NA;289603;119;2021-10-08;104549
2021-10-07;"Trenčiansky kraj";107;2039;30;2069;NA;289603;137;2021-10-07;104430
2021-10-06;"Trenčiansky kraj";193;2289;36;2325;NA;289603;229;2021-10-06;104293
2021-10-05;"Trenčiansky kraj";119;2229;40;2269;NA;289603;159;2021-10-05;104064
2021-10-04;"Trenčiansky kraj";105;2769;52;2821;NA;289603;157;2021-10-04;103905
2021-10-03;"Trenčiansky kraj";30;1558;27;1585;NA;289603;57;2021-10-03;103748
2021-10-02;"Trenčiansky kraj";107;1794;35;1829;NA;289603;142;2021-10-02;103691
2021-10-01;"Trenčiansky kraj";119;2690;37;2727;NA;289603;156;2021-10-01;103549
2021-09-30;"Trenčiansky kraj";74;2327;50;2377;NA;289603;124;2021-09-30;103393
2021-09-29;"Trenčiansky kraj";170;2150;30;2180;NA;289603;200;2021-09-29;103269
2021-09-28;"Trenčiansky kraj";95;2267;31;2298;NA;289603;126;2021-09-28;103069
2021-09-27;"Trenčiansky kraj";56;2813;57;2870;NA;289603;113;2021-09-27;102943
2021-09-26;"Trenčiansky kraj";20;1675;33;1708;NA;289603;53;2021-09-26;102830
2021-09-25;"Trenčiansky kraj";76;1674;21;1695;NA;289603;97;2021-09-25;102777
2021-09-24;"Trenčiansky kraj";104;3220;35;3255;NA;289603;139;2021-09-24;102680
2021-09-23;"Trenčiansky kraj";91;2251;27;2278;NA;289603;118;2021-09-23;102541
2021-09-22;"Trenčiansky kraj";90;2146;24;2170;NA;289603;114;2021-09-22;102423
2021-09-21;"Trenčiansky kraj";79;2307;29;2336;NA;289603;108;2021-09-21;102309
2021-09-20;"Trenčiansky kraj";78;2612;37;2649;NA;289603;115;2021-09-20;102201
2021-09-19;"Trenčiansky kraj";11;1571;20;1591;NA;289603;31;2021-09-19;102086
2021-09-18;"Trenčiansky kraj";53;2099;14;2113;NA;289603;67;2021-09-18;102055
2021-09-17;"Trenčiansky kraj";55;3143;26;3169;NA;289603;81;2021-09-17;101988
2021-09-16;"Trenčiansky kraj";52;2160;20;2180;NA;289603;72;2021-09-16;101907
2021-09-15;"Trenčiansky kraj";63;1043;7;1050;NA;289603;70;2021-09-15;101835
2021-09-14;"Trenčiansky kraj";67;2449;25;2474;NA;289603;92;2021-09-14;101765
2021-09-13;"Trenčiansky kraj";33;2271;35;2306;NA;289603;68;2021-09-13;101673
2021-09-12;"Trenčiansky kraj";3;1411;11;1422;NA;289603;14;2021-09-12;101605
2021-09-11;"Trenčiansky kraj";55;1729;6;1735;NA;289603;61;2021-09-11;101591
2021-09-10;"Trenčiansky kraj";49;2246;15;2261;NA;289603;64;2021-09-10;101530
2021-09-09;"Trenčiansky kraj";24;1684;30;1714;NA;289603;54;2021-09-09;101466
2021-09-08;"Trenčiansky kraj";54;1770;15;1785;NA;289603;69;2021-09-08;101412
2021-09-07;"Trenčiansky kraj";43;1393;18;1411;NA;289603;61;2021-09-07;101343
2021-09-06;"Trenčiansky kraj";47;1398;15;1413;NA;289603;62;2021-09-06;101282
2021-09-05;"Trenčiansky kraj";2;966;23;989;NA;289603;25;2021-09-05;101220
2021-09-04;"Trenčiansky kraj";41;925;4;929;NA;289603;45;2021-09-04;101195
2021-09-03;"Trenčiansky kraj";53;1421;15;1436;NA;289603;68;2021-09-03;101150
2021-09-02;"Trenčiansky kraj";7;999;14;1013;NA;289603;21;2021-09-02;101082
2021-09-01;"Trenčiansky kraj";27;431;8;439;NA;289603;35;2021-09-01;101061
2021-08-31;"Trenčiansky kraj";21;1146;15;1161;NA;289603;36;2021-08-31;101026
2021-08-30;"Trenčiansky kraj";32;1166;10;1176;NA;289603;42;2021-08-30;100990
2021-08-29;"Trenčiansky kraj";1;482;11;493;NA;289603;12;2021-08-29;100948
2021-08-28;"Trenčiansky kraj";9;976;10;986;NA;289603;19;2021-08-28;100936
2021-08-27;"Trenčiansky kraj";21;1599;1;1600;NA;289603;22;2021-08-27;100917
2021-08-26;"Trenčiansky kraj";8;992;6;998;NA;289603;14;2021-08-26;100895
2021-08-25;"Trenčiansky kraj";40;875;7;882;NA;289603;47;2021-08-25;100881
2021-08-24;"Trenčiansky kraj";4;822;4;826;NA;289603;8;2021-08-24;100834
2021-08-23;"Trenčiansky kraj";6;1165;17;1182;NA;289603;23;2021-08-23;100826
2021-08-22;"Trenčiansky kraj";0;726;10;736;NA;289603;10;2021-08-22;100803
2021-08-21;"Trenčiansky kraj";5;964;7;971;NA;289603;12;2021-08-21;100793
2021-08-20;"Trenčiansky kraj";15;1537;2;1539;NA;289603;17;2021-08-20;100781
2021-08-19;"Trenčiansky kraj";2;985;2;987;NA;289603;4;2021-08-19;100764
2021-08-18;"Trenčiansky kraj";6;814;7;821;NA;289603;13;2021-08-18;100760
2021-08-17;"Trenčiansky kraj";9;633;1;634;NA;289603;10;2021-08-17;100747
2021-08-16;"Trenčiansky kraj";5;925;3;928;NA;289603;8;2021-08-16;100737
2021-08-15;"Trenčiansky kraj";0;558;1;559;NA;289603;1;2021-08-15;100729
2021-08-14;"Trenčiansky kraj";12;574;6;580;NA;289603;18;2021-08-14;100728
2021-08-13;"Trenčiansky kraj";2;933;0;933;NA;289603;2;2021-08-13;100710
2021-08-12;"Trenčiansky kraj";2;564;3;567;NA;289603;5;2021-08-12;100708
2021-08-11;"Trenčiansky kraj";1;680;0;680;NA;289603;1;2021-08-11;100703
2021-08-10;"Trenčiansky kraj";8;530;1;531;NA;289603;9;2021-08-10;100702
2021-08-09;"Trenčiansky kraj";8;694;1;695;NA;289603;9;2021-08-09;100693
2021-08-08;"Trenčiansky kraj";0;468;0;468;NA;289603;0;2021-08-08;100684
2021-08-07;"Trenčiansky kraj";3;464;0;464;NA;289603;3;2021-08-07;100684
2021-08-06;"Trenčiansky kraj";3;955;1;956;NA;289603;4;2021-08-06;100681
2021-08-05;"Trenčiansky kraj";3;579;1;580;NA;289603;4;2021-08-05;100677
2021-08-04;"Trenčiansky kraj";14;546;3;549;NA;289603;17;2021-08-04;100673
2021-08-03;"Trenčiansky kraj";9;508;5;513;NA;289603;14;2021-08-03;100656
2021-08-02;"Trenčiansky kraj";1;807;2;809;NA;289603;3;2021-08-02;100642
2021-08-01;"Trenčiansky kraj";0;458;1;459;NA;289603;1;2021-08-01;100639
2021-07-31;"Trenčiansky kraj";4;525;2;527;NA;289603;6;2021-07-31;100638
2021-07-30;"Trenčiansky kraj";2;1069;0;1069;NA;289603;2;2021-07-30;100632
2021-07-29;"Trenčiansky kraj";5;708;0;708;NA;289603;5;2021-07-29;100630
2021-07-28;"Trenčiansky kraj";3;517;2;519;NA;289603;5;2021-07-28;100625
2021-07-27;"Trenčiansky kraj";6;551;1;552;NA;289603;7;2021-07-27;100620
2021-07-26;"Trenčiansky kraj";7;772;1;773;NA;289603;8;2021-07-26;100613
2021-07-25;"Trenčiansky kraj";0;487;2;489;NA;289603;2;2021-07-25;100605
2021-07-24;"Trenčiansky kraj";3;643;1;644;NA;289603;4;2021-07-24;100603
2021-07-23;"Trenčiansky kraj";3;1151;0;1151;NA;289603;3;2021-07-23;100599
2021-07-22;"Trenčiansky kraj";2;844;2;846;NA;289603;4;2021-07-22;100596
2021-07-21;"Trenčiansky kraj";8;661;2;663;NA;289603;10;2021-07-21;100592
2021-07-20;"Trenčiansky kraj";4;525;1;526;NA;289603;5;2021-07-20;100582
2021-07-19;"Trenčiansky kraj";0;866;4;870;NA;289603;4;2021-07-19;100577
2021-07-18;"Trenčiansky kraj";0;526;0;526;NA;289603;0;2021-07-18;100573
2021-07-17;"Trenčiansky kraj";3;673;0;673;NA;289603;3;2021-07-17;100573
2021-07-16;"Trenčiansky kraj";4;1122;0;1122;NA;289603;4;2021-07-16;100570
2021-07-15;"Trenčiansky kraj";2;824;0;824;NA;289603;2;2021-07-15;100566
2021-07-14;"Trenčiansky kraj";8;645;0;645;NA;289603;8;2021-07-14;100564
2021-07-13;"Trenčiansky kraj";1;520;3;523;NA;289603;4;2021-07-13;100556
2021-07-12;"Trenčiansky kraj";9;820;2;822;NA;289603;11;2021-07-12;100552
2021-07-11;"Trenčiansky kraj";0;611;2;613;NA;289603;2;2021-07-11;100541
2021-07-10;"Trenčiansky kraj";2;535;0;535;NA;289603;2;2021-07-10;100539
2021-07-09;"Trenčiansky kraj";7;1379;0;1379;NA;289603;7;2021-07-09;100537
2021-07-08;"Trenčiansky kraj";2;815;1;816;NA;289603;3;2021-07-08;100530
2021-07-07;"Trenčiansky kraj";2;928;0;928;NA;289603;2;2021-07-07;100527
2021-07-06;"Trenčiansky kraj";4;1041;1;1042;NA;289603;5;2021-07-06;100525
2021-07-05;"Trenčiansky kraj";1;508;0;508;NA;289603;1;2021-07-05;100520
2021-07-04;"Trenčiansky kraj";0;612;1;613;NA;289603;1;2021-07-04;100519
2021-07-03;"Trenčiansky kraj";3;815;1;816;NA;289603;4;2021-07-03;100518
2021-07-02;"Trenčiansky kraj";5;1583;2;1585;NA;289603;7;2021-07-02;100514
2021-07-01;"Trenčiansky kraj";4;1152;1;1153;NA;289603;5;2021-07-01;100507
2021-06-30;"Trenčiansky kraj";2;7021;6;7027;NA;289603;8;2021-06-30;100502
2021-06-29;"Trenčiansky kraj";4;2773;5;2778;NA;289603;9;2021-06-29;100494
2021-06-28;"Trenčiansky kraj";5;3644;4;3648;NA;289603;9;2021-06-28;100485
2021-06-27;"Trenčiansky kraj";0;2861;1;2862;NA;289603;1;2021-06-27;100476
2021-06-26;"Trenčiansky kraj";1;3547;4;3551;NA;289603;5;2021-06-26;100475
2021-06-25;"Trenčiansky kraj";2;4626;1;4627;NA;289603;3;2021-06-25;100470
2021-06-24;"Trenčiansky kraj";3;3320;4;3324;NA;289603;7;2021-06-24;100467
2021-06-23;"Trenčiansky kraj";4;2808;2;2810;NA;289603;6;2021-06-23;100460
2021-06-22;"Trenčiansky kraj";7;3137;4;3141;NA;289603;11;2021-06-22;100454
2021-06-21;"Trenčiansky kraj";10;3891;4;3895;NA;289603;14;2021-06-21;100443
2021-06-20;"Trenčiansky kraj";0;3579;5;3584;NA;289603;5;2021-06-20;100429
2021-06-19;"Trenčiansky kraj";5;4528;1;4529;NA;289603;6;2021-06-19;100424
2021-06-18;"Trenčiansky kraj";7;6725;7;6732;NA;289603;14;2021-06-18;100418
2021-06-17;"Trenčiansky kraj";0;3469;6;3475;NA;289603;6;2021-06-17;100404
2021-06-16;"Trenčiansky kraj";4;3183;3;3186;NA;289603;7;2021-06-16;100398
2021-06-15;"Trenčiansky kraj";10;3697;2;3699;NA;289603;12;2021-06-15;100391
2021-06-14;"Trenčiansky kraj";10;4805;15;4820;NA;289603;25;2021-06-14;100379
2021-06-13;"Trenčiansky kraj";0;4643;4;4647;NA;289603;4;2021-06-13;100354
2021-06-12;"Trenčiansky kraj";4;5260;8;5268;NA;289603;12;2021-06-12;100350
2021-06-11;"Trenčiansky kraj";10;7365;11;7376;NA;289603;21;2021-06-11;100338
2021-06-10;"Trenčiansky kraj";5;4345;7;4352;NA;289603;12;2021-06-10;100317
2021-06-09;"Trenčiansky kraj";7;3693;7;3700;NA;289603;14;2021-06-09;100305
2021-06-08;"Trenčiansky kraj";21;3965;7;3972;NA;289603;28;2021-06-08;100291
2021-06-07;"Trenčiansky kraj";13;5560;10;5570;NA;289603;23;2021-06-07;100263
2021-06-06;"Trenčiansky kraj";0;5500;10;5510;NA;289603;10;2021-06-06;100240
2021-06-05;"Trenčiansky kraj";7;6511;5;6516;NA;289603;12;2021-06-05;100230
2021-06-04;"Trenčiansky kraj";16;7653;3;7656;NA;289603;19;2021-06-04;100218
2021-06-03;"Trenčiansky kraj";9;4485;10;4495;NA;289603;19;2021-06-03;100199
2021-06-02;"Trenčiansky kraj";28;4329;8;4337;NA;289603;36;2021-06-02;100180
2021-06-01;"Trenčiansky kraj";22;5396;18;5414;NA;289603;40;2021-06-01;100144
2021-05-31;"Trenčiansky kraj";30;6117;24;6141;NA;289603;54;2021-05-31;100104
2021-05-30;"Trenčiansky kraj";0;8258;16;8274;NA;289603;16;2021-05-30;100050
2021-05-29;"Trenčiansky kraj";13;7915;14;7929;NA;289603;27;2021-05-29;100034
2021-05-28;"Trenčiansky kraj";22;8995;25;9020;NA;289603;47;2021-05-28;100007
2021-05-27;"Trenčiansky kraj";6;5205;12;5217;NA;289603;18;2021-05-27;99960
2021-05-26;"Trenčiansky kraj";26;5069;15;5084;NA;289603;41;2021-05-26;99942
2021-05-25;"Trenčiansky kraj";18;6168;24;6192;NA;289603;42;2021-05-25;99901
2021-05-24;"Trenčiansky kraj";19;9292;37;9329;NA;289603;56;2021-05-24;99859
2021-05-23;"Trenčiansky kraj";0;9083;26;9109;NA;289603;26;2021-05-23;99803
2021-05-22;"Trenčiansky kraj";11;11314;21;11335;NA;289603;32;2021-05-22;99777
2021-05-21;"Trenčiansky kraj";23;11572;26;11598;NA;289603;49;2021-05-21;99745
2021-05-20;"Trenčiansky kraj";23;6320;25;6345;NA;289603;48;2021-05-20;99696
2021-05-19;"Trenčiansky kraj";16;5694;32;5726;NA;289603;48;2021-05-19;99648
2021-05-18;"Trenčiansky kraj";26;7779;28;7807;NA;289603;54;2021-05-18;99600
2021-05-17;"Trenčiansky kraj";37;7671;43;7714;NA;289603;80;2021-05-17;99546
2021-05-16;"Trenčiansky kraj";25;15615;41;15656;NA;289603;66;2021-05-16;99466
2021-05-15;"Trenčiansky kraj";3;21237;32;21269;NA;289603;35;2021-05-15;99400
2021-05-14;"Trenčiansky kraj";41;18676;42;18718;NA;289603;83;2021-05-14;99365
2021-05-13;"Trenčiansky kraj";41;8195;24;8219;NA;289603;65;2021-05-13;99282
2021-05-12;"Trenčiansky kraj";41;7409;31;7440;NA;289603;72;2021-05-12;99217
2021-05-11;"Trenčiansky kraj";66;10507;32;10539;NA;289603;98;2021-05-11;99145
2021-05-10;"Trenčiansky kraj";48;12989;55;13044;NA;289603;103;2021-05-10;99047
2021-05-09;"Trenčiansky kraj";52;17737;39;17776;NA;289603;91;2021-05-09;98944
2021-05-08;"Trenčiansky kraj";3;23822;33;23855;NA;289603;36;2021-05-08;98853
2021-05-07;"Trenčiansky kraj";45;23549;56;23605;NA;289603;101;2021-05-07;98817
2021-05-06;"Trenčiansky kraj";26;10771;44;10815;NA;289603;70;2021-05-06;98716
2021-05-05;"Trenčiansky kraj";73;9377;41;9418;NA;289603;114;2021-05-05;98646
2021-05-04;"Trenčiansky kraj";55;12733;53;12786;NA;289603;108;2021-05-04;98532
2021-05-03;"Trenčiansky kraj";60;15331;51;15382;NA;289603;111;2021-05-03;98424
2021-05-02;"Trenčiansky kraj";0;31152;65;31217;NA;289603;65;2021-05-02;98313
2021-05-01;"Trenčiansky kraj";71;56982;60;57042;NA;289603;131;2021-05-01;98248
2021-04-30;"Trenčiansky kraj";77;29427;61;29488;NA;289603;138;2021-04-30;98117
2021-04-29;"Trenčiansky kraj";49;13184;59;13243;NA;289603;108;2021-04-29;97979
2021-04-28;"Trenčiansky kraj";79;12537;52;12589;NA;289603;131;2021-04-28;97871
2021-04-27;"Trenčiansky kraj";107;15527;40;15567;NA;289603;147;2021-04-27;97740
2021-04-26;"Trenčiansky kraj";52;21070;63;21133;NA;289603;115;2021-04-26;97593
2021-04-25;"Trenčiansky kraj";0;34560;48;34608;NA;289603;48;2021-04-25;97478
2021-04-24;"Trenčiansky kraj";76;72398;100;72498;NA;289603;176;2021-04-24;97430
2021-04-23;"Trenčiansky kraj";143;29959;79;30038;NA;289603;222;2021-04-23;97254
2021-04-22;"Trenčiansky kraj";71;13847;64;13911;NA;289603;135;2021-04-22;97032
2021-04-21;"Trenčiansky kraj";79;13000;67;13067;NA;289603;146;2021-04-21;96897
2021-04-20;"Trenčiansky kraj";142;17740;80;17820;NA;289603;222;2021-04-20;96751
2021-04-19;"Trenčiansky kraj";102;22631;103;22734;NA;289603;205;2021-04-19;96529
2021-04-18;"Trenčiansky kraj";3;40879;97;40976;NA;289603;100;2021-04-18;96324
2021-04-17;"Trenčiansky kraj";77;81498;136;81634;NA;289603;213;2021-04-17;96224
2021-04-16;"Trenčiansky kraj";100;31961;90;32051;NA;289603;190;2021-04-16;96011
2021-04-15;"Trenčiansky kraj";71;14479;69;14548;NA;289603;140;2021-04-15;95821
2021-04-14;"Trenčiansky kraj";135;15563;72;15635;NA;289603;207;2021-04-14;95681
2021-04-13;"Trenčiansky kraj";189;18721;75;18796;NA;289603;264;2021-04-13;95474
2021-04-12;"Trenčiansky kraj";97;23743;91;23834;NA;289603;188;2021-04-12;95210
2021-04-11;"Trenčiansky kraj";1;34735;75;34810;NA;289603;76;2021-04-11;95022
2021-04-10;"Trenčiansky kraj";81;83093;145;83238;NA;289603;226;2021-04-10;94946
2021-04-09;"Trenčiansky kraj";120;28014;91;28105;NA;289603;211;2021-04-09;94720
2021-04-08;"Trenčiansky kraj";112;13283;85;13368;NA;289603;197;2021-04-08;94509
2021-04-07;"Trenčiansky kraj";204;17688;123;17811;NA;289603;327;2021-04-07;94312
2021-04-06;"Trenčiansky kraj";157;28567;178;28745;NA;289603;335;2021-04-06;93985
2021-04-05;"Trenčiansky kraj";15;9227;64;9291;NA;289603;79;2021-04-05;93650
2021-04-04;"Trenčiansky kraj";2;20291;85;20376;NA;289603;87;2021-04-04;93571
2021-04-03;"Trenčiansky kraj";86;80473;221;80694;NA;289603;307;2021-04-03;93484
2021-04-02;"Trenčiansky kraj";126;21620;81;21701;NA;289603;207;2021-04-02;93177
2021-04-01;"Trenčiansky kraj";159;32376;139;32515;NA;289603;298;2021-04-01;92970
2021-03-31;"Trenčiansky kraj";198;20100;130;20230;NA;289603;328;2021-03-31;92672
2021-03-30;"Trenčiansky kraj";272;17305;136;17441;NA;289603;408;2021-03-30;92344
2021-03-29;"Trenčiansky kraj";142;19479;170;19649;NA;289603;312;2021-03-29;91936
2021-03-28;"Trenčiansky kraj";3;34759;116;34875;NA;289603;119;2021-03-28;91624
2021-03-27;"Trenčiansky kraj";130;77314;293;77607;NA;289603;423;2021-03-27;91505
2021-03-26;"Trenčiansky kraj";211;35095;157;35252;NA;289603;368;2021-03-26;91082
2021-03-25;"Trenčiansky kraj";184;16580;176;16756;NA;289603;360;2021-03-25;90714
2021-03-24;"Trenčiansky kraj";259;13102;171;13273;NA;289603;430;2021-03-24;90354
2021-03-23;"Trenčiansky kraj";349;17589;174;17763;NA;289603;523;2021-03-23;89924
2021-03-22;"Trenčiansky kraj";141;21116;213;21329;NA;289603;354;2021-03-22;89401
2021-03-21;"Trenčiansky kraj";85;32711;164;32875;NA;289603;249;2021-03-21;89047
2021-03-20;"Trenčiansky kraj";128;80035;322;80357;NA;289603;450;2021-03-20;88798
2021-03-19;"Trenčiansky kraj";231;34783;232;35015;NA;289603;463;2021-03-19;88348
2021-03-18;"Trenčiansky kraj";262;16105;178;16283;NA;289603;440;2021-03-18;87885
2021-03-17;"Trenčiansky kraj";366;13435;164;13599;NA;289603;530;2021-03-17;87445
2021-03-16;"Trenčiansky kraj";450;15282;241;15523;NA;289603;691;2021-03-16;86915
2021-03-15;"Trenčiansky kraj";162;21235;261;21496;NA;289603;423;2021-03-15;86224
2021-03-14;"Trenčiansky kraj";42;34416;238;34654;NA;289603;280;2021-03-14;85801
2021-03-13;"Trenčiansky kraj";270;79186;453;79639;NA;289603;723;2021-03-13;85521
2021-03-12;"Trenčiansky kraj";366;34795;307;35102;NA;289603;673;2021-03-12;84798
2021-03-11;"Trenčiansky kraj";302;15558;213;15771;NA;289603;515;2021-03-11;84125
2021-03-10;"Trenčiansky kraj";402;13585;237;13822;NA;289603;639;2021-03-10;83610
2021-03-09;"Trenčiansky kraj";586;17982;285;18267;NA;289603;871;2021-03-09;82971
2021-03-08;"Trenčiansky kraj";174;21704;363;22067;NA;289603;537;2021-03-08;82100
2021-03-07;"Trenčiansky kraj";4;33660;313;33973;NA;289603;317;2021-03-07;81563
2021-03-06;"Trenčiansky kraj";260;79661;529;80190;NA;289603;789;2021-03-06;81246
2021-03-05;"Trenčiansky kraj";326;32969;415;33384;NA;289603;741;2021-03-05;80457
2021-03-04;"Trenčiansky kraj";323;16821;317;17138;NA;289603;640;2021-03-04;79716
2021-03-03;"Trenčiansky kraj";413;13960;347;14307;NA;289603;760;2021-03-03;79076
2021-03-02;"Trenčiansky kraj";612;17794;344;18138;NA;289603;956;2021-03-02;78316
2021-03-01;"Trenčiansky kraj";217;21104;445;21549;NA;289603;662;2021-03-01;77360
2021-02-28;"Trenčiansky kraj";45;30238;376;30614;NA;289603;421;2021-02-28;76698
2021-02-27;"Trenčiansky kraj";277;78735;686;79421;NA;289603;963;2021-02-27;76277
2021-02-26;"Trenčiansky kraj";420;32940;434;33374;NA;289603;854;2021-02-26;75314
2021-02-25;"Trenčiansky kraj";424;14029;328;14357;NA;289603;752;2021-02-25;74460
2021-02-24;"Trenčiansky kraj";427;12014;399;12413;NA;289603;826;2021-02-24;73708
2021-02-23;"Trenčiansky kraj";577;14904;390;15294;NA;289603;967;2021-02-23;72882
2021-02-22;"Trenčiansky kraj";160;19969;468;20437;NA;289603;628;2021-02-22;71915
2021-02-21;"Trenčiansky kraj";64;29478;392;29870;NA;289603;456;2021-02-21;71287
2021-02-20;"Trenčiansky kraj";274;77840;745;78585;NA;289603;1019;2021-02-20;70831
2021-02-19;"Trenčiansky kraj";272;30260;523;30783;NA;289603;795;2021-02-19;69812
2021-02-18;"Trenčiansky kraj";355;14094;403;14497;NA;289603;758;2021-02-18;69017
2021-02-17;"Trenčiansky kraj";363;11412;376;11788;NA;289603;739;2021-02-17;68259
2021-02-16;"Trenčiansky kraj";488;17761;406;18167;NA;289603;894;2021-02-16;67520
2021-02-15;"Trenčiansky kraj";151;21846;463;22309;NA;289603;614;2021-02-15;66626
2021-02-14;"Trenčiansky kraj";2;31255;324;31579;NA;289603;326;2021-02-14;66012
2021-02-13;"Trenčiansky kraj";274;63006;522;63528;NA;289603;796;2021-02-13;65686
2021-02-12;"Trenčiansky kraj";276;27979;412;28391;NA;289603;688;2021-02-12;64890
2021-02-11;"Trenčiansky kraj";291;11567;323;11890;NA;289603;614;2021-02-11;64202
2021-02-10;"Trenčiansky kraj";304;11408;317;11725;NA;289603;621;2021-02-10;63588
2021-02-09;"Trenčiansky kraj";514;18412;360;18772;NA;289603;874;2021-02-09;62967
2021-02-08;"Trenčiansky kraj";182;26832;430;27262;NA;289603;612;2021-02-08;62093
2021-02-07;"Trenčiansky kraj";31;36781;341;37122;NA;289603;372;2021-02-07;61481
2021-02-06;"Trenčiansky kraj";216;63931;560;64491;NA;289603;776;2021-02-06;61109
2021-02-05;"Trenčiansky kraj";202;18164;367;18531;NA;289603;569;2021-02-05;60333
2021-02-04;"Trenčiansky kraj";266;7253;311;7564;NA;289603;577;2021-02-04;59764
2021-02-03;"Trenčiansky kraj";162;6723;320;7043;NA;289603;482;2021-02-03;59187
2021-02-02;"Trenčiansky kraj";347;8074;381;8455;NA;289603;728;2021-02-02;58705
2021-02-01;"Trenčiansky kraj";167;8921;311;9232;NA;289603;478;2021-02-01;57977
2021-01-31;"Trenčiansky kraj";7;19103;159;19262;NA;289603;166;2021-01-31;57499
2021-01-30;"Trenčiansky kraj";228;38167;332;38499;NA;289603;560;2021-01-30;57333
2021-01-29;"Trenčiansky kraj";214;7590;235;7825;NA;289603;449;2021-01-29;56773
2021-01-28;"Trenčiansky kraj";307;5442;158;5600;NA;289603;465;2021-01-28;56324
2021-01-27;"Trenčiansky kraj";166;4842;181;5023;NA;289603;347;2021-01-27;55859
2021-01-26;"Trenčiansky kraj";303;14589;250;14839;NA;289603;553;2021-01-26;55512
2021-01-25;"Trenčiansky kraj";160;24310;207;24517;NA;289603;367;2021-01-25;54959
2021-01-24;"Trenčiansky kraj";51;38369;282;38651;NA;289603;333;2021-01-24;54592
2021-01-23;"Trenčiansky kraj";206;114125;749;114874;NA;289603;955;2021-01-23;54259
2021-01-22;"Trenčiansky kraj";148;21831;241;22072;NA;289603;389;2021-01-22;53304
2021-01-21;"Trenčiansky kraj";143;8586;166;8752;NA;289603;309;2021-01-21;52915
2021-01-20;"Trenčiansky kraj";181;8189;227;8416;NA;289603;408;2021-01-20;52606
2021-01-19;"Trenčiansky kraj";363;6600;262;6862;NA;289603;625;2021-01-19;52198
2021-01-18;"Trenčiansky kraj";72;4970;321;5291;NA;289603;393;2021-01-18;51573
2021-01-17;"Trenčiansky kraj";124;156;11;167;NA;289603;135;2021-01-17;51180
2021-01-16;"Trenčiansky kraj";39;1288;53;1341;NA;289603;92;2021-01-16;51045
2021-01-15;"Trenčiansky kraj";264;4031;214;4245;NA;289603;478;2021-01-15;50953
2021-01-14;"Trenčiansky kraj";275;3193;189;3382;NA;289603;464;2021-01-14;50475
2021-01-13;"Trenčiansky kraj";222;3893;215;4108;NA;289603;437;2021-01-13;50011
2021-01-12;"Trenčiansky kraj";508;4604;261;4865;NA;289603;769;2021-01-12;49574
2021-01-11;"Trenčiansky kraj";142;4367;354;4721;NA;289603;496;2021-01-11;48805
2021-01-10;"Trenčiansky kraj";89;4969;77;5046;NA;289603;166;2021-01-10;48309
2021-01-09;"Trenčiansky kraj";276;8280;128;8408;NA;289603;404;2021-01-09;48143
2021-01-08;"Trenčiansky kraj";489;6435;484;6919;NA;289603;973;2021-01-08;47739
2021-01-07;"Trenčiansky kraj";420;6138;577;6715;NA;289603;997;2021-01-07;46766
2021-01-06;"Trenčiansky kraj";221;1021;64;1085;NA;289603;285;2021-01-06;45769
2021-01-05;"Trenčiansky kraj";669;5753;706;6459;NA;289603;1375;2021-01-05;45484
2021-01-04;"Trenčiansky kraj";337;5248;782;6030;NA;289603;1119;2021-01-04;44109
2021-01-03;"Trenčiansky kraj";38;114;15;129;NA;289603;53;2021-01-03;42990
2021-01-02;"Trenčiansky kraj";129;196;23;219;NA;289603;152;2021-01-02;42937
2021-01-01;"Trenčiansky kraj";329;347;23;370;NA;289603;352;2021-01-01;42785
2020-12-31;"Trenčiansky kraj";597;4943;557;5500;NA;289603;1154;2020-12-31;42433
2020-12-30;"Trenčiansky kraj";836;7012;762;7774;NA;289603;1598;2020-12-30;41279
2020-12-29;"Trenčiansky kraj";459;6121;1009;7130;NA;289603;1468;2020-12-29;39681
2020-12-28;"Trenčiansky kraj";258;4195;777;4972;NA;289603;1035;2020-12-28;38213
2020-12-27;"Trenčiansky kraj";5;208;36;244;NA;289603;41;2020-12-27;37178
2020-12-26;"Trenčiansky kraj";174;74;10;84;NA;289603;184;2020-12-26;37137
2020-12-25;"Trenčiansky kraj";251;325;47;372;NA;289603;298;2020-12-25;36953
2020-12-24;"Trenčiansky kraj";552;2194;256;2450;NA;289603;808;2020-12-24;36655
2020-12-23;"Trenčiansky kraj";421;6552;661;7213;NA;289603;1082;2020-12-23;35847
2020-12-22;"Trenčiansky kraj";673;5760;694;6454;NA;289603;1367;2020-12-22;34765
2020-12-21;"Trenčiansky kraj";248;13395;979;14374;NA;289603;1227;2020-12-21;33398
2020-12-20;"Trenčiansky kraj";238;12504;292;12796;NA;289603;530;2020-12-20;32171
2020-12-19;"Trenčiansky kraj";341;1611;150;1761;NA;289603;491;2020-12-19;31641
2020-12-18;"Trenčiansky kraj";521;5199;615;5814;NA;289603;1136;2020-12-18;31150
2020-12-17;"Trenčiansky kraj";670;3843;524;4367;NA;289603;1194;2020-12-17;30014
2020-12-16;"Trenčiansky kraj";461;4474;648;5122;NA;289603;1109;2020-12-16;28820
2020-12-15;"Trenčiansky kraj";595;3805;670;4475;NA;289603;1265;2020-12-15;27711
2020-12-14;"Trenčiansky kraj";318;2907;552;3459;NA;289603;870;2020-12-14;26446
2020-12-13;"Trenčiansky kraj";77;49;6;55;NA;289603;83;2020-12-13;25576
2020-12-12;"Trenčiansky kraj";314;1191;136;1327;NA;289603;450;2020-12-12;25493
2020-12-11;"Trenčiansky kraj";751;3773;453;4226;NA;289603;1204;2020-12-11;25043
2020-12-10;"Trenčiansky kraj";271;3354;473;3827;NA;289603;744;2020-12-10;23839
2020-12-09;"Trenčiansky kraj";508;3788;466;4254;NA;289603;974;2020-12-09;23095
2020-12-08;"Trenčiansky kraj";546;3440;522;3962;NA;289603;1068;2020-12-08;22121
2020-12-07;"Trenčiansky kraj";258;3832;468;4300;NA;289603;726;2020-12-07;21053
2020-12-06;"Trenčiansky kraj";114;179;10;189;NA;289603;124;2020-12-06;20327
2020-12-05;"Trenčiansky kraj";223;610;56;666;NA;289603;279;2020-12-05;20203
2020-12-04;"Trenčiansky kraj";253;2943;273;3216;NA;289603;526;2020-12-04;19924
2020-12-03;"Trenčiansky kraj";503;1714;178;1892;NA;289603;681;2020-12-03;19398
2020-12-02;"Trenčiansky kraj";418;1844;232;2076;NA;289603;650;2020-12-02;18717
2020-12-01;"Trenčiansky kraj";321;5642;351;5993;NA;289603;672;2020-12-01;18067
2020-11-30;"Trenčiansky kraj";167;11514;520;12034;NA;289603;687;2020-11-30;17395
2020-11-29;"Trenčiansky kraj";29;30;5;35;NA;289603;34;2020-11-29;16708
2020-11-28;"Trenčiansky kraj";202;1051;93;1144;NA;289603;295;2020-11-28;16674
2020-11-27;"Trenčiansky kraj";330;1888;186;2074;NA;289603;516;2020-11-27;16379
2020-11-26;"Trenčiansky kraj";395;1252;122;1374;NA;289603;517;2020-11-26;15863
2020-11-25;"Trenčiansky kraj";322;1444;160;1604;NA;289603;482;2020-11-25;15346
2020-11-24;"Trenčiansky kraj";348;2553;308;2861;NA;289603;656;2020-11-24;14864
2020-11-23;"Trenčiansky kraj";159;1186;122;1308;NA;289603;281;2020-11-23;14208
2020-11-22;"Trenčiansky kraj";26;30;7;37;NA;289603;33;2020-11-22;13927
2020-11-21;"Trenčiansky kraj";255;1376;69;1445;NA;289603;324;2020-11-21;13894
2020-11-20;"Trenčiansky kraj";316;861;93;954;NA;289603;409;2020-11-20;13570
2020-11-19;"Trenčiansky kraj";316;740;113;853;NA;289603;429;2020-11-19;13161
2020-11-18;"Trenčiansky kraj";233;379;66;445;NA;289603;299;2020-11-18;12732
2020-11-17;"Trenčiansky kraj";222;106;15;121;NA;289603;237;2020-11-17;12433
2020-11-16;"Trenčiansky kraj";245;236;45;281;NA;289603;290;2020-11-16;12196
2020-11-15;"Trenčiansky kraj";109;29;6;35;NA;289603;115;2020-11-15;11906
2020-11-14;"Trenčiansky kraj";190;74;11;85;NA;289603;201;2020-11-14;11791
2020-11-13;"Trenčiansky kraj";308;131;13;144;NA;289603;321;2020-11-13;11590
2020-11-12;"Trenčiansky kraj";324;124;5;129;NA;289603;329;2020-11-12;11269
2020-11-11;"Trenčiansky kraj";366;113;10;123;NA;289603;376;2020-11-11;10940
2020-11-10;"Trenčiansky kraj";277;106;6;112;NA;289603;283;2020-11-10;10564
2020-11-09;"Trenčiansky kraj";115;1407;48;1455;NA;289603;163;2020-11-09;10281
2020-11-08;"Trenčiansky kraj";81;1271;8;1279;NA;289603;89;2020-11-08;10118
2020-11-07;"Trenčiansky kraj";319;3662;59;3721;NA;289603;378;2020-11-07;10029
2020-11-06;"Trenčiansky kraj";383;6893;84;6977;NA;289603;467;2020-11-06;9651
2020-11-05;"Trenčiansky kraj";399;98;15;113;NA;289603;414;2020-11-05;9184
2020-11-04;"Trenčiansky kraj";370;91;9;100;NA;289603;379;2020-11-04;8770
2020-11-03;"Trenčiansky kraj";575;97;8;105;NA;289603;583;2020-11-03;8391
2020-11-02;"Trenčiansky kraj";197;1833;68;1901;NA;289603;265;2020-11-02;7808
2020-11-01;"Trenčiansky kraj";257;808;24;832;NA;289603;281;2020-11-01;7543
2020-10-31;"Trenčiansky kraj";332;4719;82;4801;NA;289603;414;2020-10-31;7262
2020-10-30;"Trenčiansky kraj";299;5283;102;5385;NA;289603;401;2020-10-30;6848
2020-10-29;"Trenčiansky kraj";496;764;68;832;NA;289603;564;2020-10-29;6447
2020-10-28;"Trenčiansky kraj";269;192;33;225;NA;289603;302;2020-10-28;5883
2020-10-27;"Trenčiansky kraj";473;127;27;154;NA;289603;500;2020-10-27;5581
2020-10-26;"Trenčiansky kraj";177;107;36;143;NA;289603;213;2020-10-26;5081
2020-10-25;"Trenčiansky kraj";138;9;5;14;NA;289603;143;2020-10-25;4868
2020-10-24;"Trenčiansky kraj";395;128;6;134;NA;289603;401;2020-10-24;4725
2020-10-23;"Trenčiansky kraj";301;154;8;162;NA;289603;309;2020-10-23;4324
2020-10-22;"Trenčiansky kraj";273;82;12;94;NA;289603;285;2020-10-22;4015
2020-10-21;"Trenčiansky kraj";101;53;9;62;NA;289603;110;2020-10-21;3730
2022-03-28;"Trnavský kraj";623;0;0;0;192980;260892;623;2022-03-28;260892
2022-03-27;"Trnavský kraj";340;79;18;97;NA;260892;358;2022-03-27;260269
2022-03-26;"Trnavský kraj";762;185;27;212;NA;260892;789;2022-03-26;259911
2022-03-25;"Trnavský kraj";859;587;56;643;NA;260892;915;2022-03-25;259122
2022-03-24;"Trnavský kraj";920;589;59;648;NA;260892;979;2022-03-24;258207
2022-03-23;"Trnavský kraj";1112;733;86;819;NA;260892;1198;2022-03-23;257228
2022-03-22;"Trnavský kraj";1096;745;67;812;NA;260892;1163;2022-03-22;256030
2022-03-21;"Trnavský kraj";1096;980;106;1086;NA;260892;1202;2022-03-21;254867
2022-03-20;"Trnavský kraj";229;244;42;286;NA;260892;271;2022-03-20;253665
2022-03-19;"Trnavský kraj";1000;233;55;288;NA;260892;1055;2022-03-19;253394
2022-03-18;"Trnavský kraj";1038;881;107;988;NA;260892;1145;2022-03-18;252339
2022-03-17;"Trnavský kraj";1148;703;86;789;NA;260892;1234;2022-03-17;251194
2022-03-16;"Trnavský kraj";1344;579;84;663;NA;260892;1428;2022-03-16;249960
2022-03-15;"Trnavský kraj";1179;1018;117;1135;NA;260892;1296;2022-03-15;248532
2022-03-14;"Trnavský kraj";890;1500;168;1668;NA;260892;1058;2022-03-14;247236
2022-03-13;"Trnavský kraj";290;411;53;464;NA;260892;343;2022-03-13;246178
2022-03-12;"Trnavský kraj";958;298;39;337;NA;260892;997;2022-03-12;245835
2022-03-11;"Trnavský kraj";961;1001;125;1126;NA;260892;1086;2022-03-11;244838
2022-03-10;"Trnavský kraj";1049;1177;141;1318;NA;260892;1190;2022-03-10;243752
2022-03-09;"Trnavský kraj";1271;1086;150;1236;NA;260892;1421;2022-03-09;242562
2022-03-08;"Trnavský kraj";1393;1299;165;1464;NA;260892;1558;2022-03-08;241141
2022-03-07;"Trnavský kraj";1005;2016;254;2270;NA;260892;1259;2022-03-07;239583
2022-03-06;"Trnavský kraj";395;552;115;667;NA;260892;510;2022-03-06;238324
2022-03-05;"Trnavský kraj";806;461;89;550;NA;260892;895;2022-03-05;237814
2022-03-04;"Trnavský kraj";1028;1043;122;1165;NA;260892;1150;2022-03-04;236919
2022-03-03;"Trnavský kraj";1513;1116;158;1274;NA;260892;1671;2022-03-03;235769
2022-03-02;"Trnavský kraj";1330;1484;189;1673;NA;260892;1519;2022-03-02;234098
2022-03-01;"Trnavský kraj";1527;1321;191;1512;NA;260892;1718;2022-03-01;232579
2022-02-28;"Trnavský kraj";1318;2104;264;2368;NA;260892;1582;2022-02-28;230861
2022-02-27;"Trnavský kraj";386;640;106;746;NA;260892;492;2022-02-27;229279
2022-02-26;"Trnavský kraj";1268;526;112;638;NA;260892;1380;2022-02-26;228787
2022-02-25;"Trnavský kraj";1439;1490;211;1701;NA;260892;1650;2022-02-25;227407
2022-02-24;"Trnavský kraj";1397;1419;183;1602;NA;260892;1580;2022-02-24;225757
2022-02-23;"Trnavský kraj";2032;1668;238;1906;NA;260892;2270;2022-02-23;224177
2022-02-22;"Trnavský kraj";2171;1891;271;2162;NA;260892;2442;2022-02-22;221907
2022-02-21;"Trnavský kraj";1983;2849;438;3287;NA;260892;2421;2022-02-21;219465
2022-02-20;"Trnavský kraj";888;829;186;1015;NA;260892;1074;2022-02-20;217044
2022-02-19;"Trnavský kraj";1838;707;149;856;NA;260892;1987;2022-02-19;215970
2022-02-18;"Trnavský kraj";2132;1723;269;1992;NA;260892;2401;2022-02-18;213983
2022-02-17;"Trnavský kraj";1987;1763;269;2032;NA;260892;2256;2022-02-17;211582
2022-02-16;"Trnavský kraj";2047;1809;317;2126;NA;260892;2364;2022-02-16;209326
2022-02-15;"Trnavský kraj";2228;2412;400;2812;NA;260892;2628;2022-02-15;206962
2022-02-14;"Trnavský kraj";2216;3424;492;3916;NA;260892;2708;2022-02-14;204334
2022-02-13;"Trnavský kraj";805;1129;247;1376;NA;260892;1052;2022-02-13;201626
2022-02-12;"Trnavský kraj";2081;966;175;1141;NA;260892;2256;2022-02-12;200574
2022-02-11;"Trnavský kraj";1665;2158;266;2424;NA;260892;1931;2022-02-11;198318
2022-02-10;"Trnavský kraj";2491;1942;256;2198;NA;260892;2747;2022-02-10;196387
2022-02-09;"Trnavský kraj";2205;2474;365;2839;NA;260892;2570;2022-02-09;193640
2022-02-08;"Trnavský kraj";1758;2352;353;2705;NA;260892;2111;2022-02-08;191070
2022-02-07;"Trnavský kraj";2581;3356;459;3815;NA;260892;3040;2022-02-07;188959
2022-02-06;"Trnavský kraj";1194;1309;276;1585;NA;260892;1470;2022-02-06;185919
2022-02-05;"Trnavský kraj";2165;1102;187;1289;NA;260892;2352;2022-02-05;184449
2022-02-04;"Trnavský kraj";2191;2179;253;2432;NA;260892;2444;2022-02-04;182097
2022-02-03;"Trnavský kraj";2124;3295;347;3642;NA;260892;2471;2022-02-03;179653
2022-02-02;"Trnavský kraj";1812;2684;281;2965;NA;260892;2093;2022-02-02;177182
2022-02-01;"Trnavský kraj";2344;2656;318;2974;NA;260892;2662;2022-02-01;175089
2022-01-31;"Trnavský kraj";1931;5001;489;5490;NA;260892;2420;2022-01-31;172427
2022-01-30;"Trnavský kraj";709;1672;176;1848;NA;260892;885;2022-01-30;170007
2022-01-29;"Trnavský kraj";2136;1174;159;1333;NA;260892;2295;2022-01-29;169122
2022-01-28;"Trnavský kraj";1734;2340;216;2556;NA;260892;1950;2022-01-28;166827
2022-01-27;"Trnavský kraj";1989;2333;246;2579;NA;260892;2235;2022-01-27;164877
2022-01-26;"Trnavský kraj";1906;2730;217;2947;NA;260892;2123;2022-01-26;162642
2022-01-25;"Trnavský kraj";1631;2422;195;2617;NA;260892;1826;2022-01-25;160519
2022-01-24;"Trnavský kraj";999;4194;236;4430;NA;260892;1235;2022-01-24;158693
2022-01-23;"Trnavský kraj";299;1897;105;2002;NA;260892;404;2022-01-23;157458
2022-01-22;"Trnavský kraj";1169;1197;81;1278;NA;260892;1250;2022-01-22;157054
2022-01-21;"Trnavský kraj";830;2134;104;2238;NA;260892;934;2022-01-21;155804
2022-01-20;"Trnavský kraj";917;2511;100;2611;NA;260892;1017;2022-01-20;154870
2022-01-19;"Trnavský kraj";832;2122;84;2206;NA;260892;916;2022-01-19;153853
2022-01-18;"Trnavský kraj";704;2051;74;2125;NA;260892;778;2022-01-18;152937
2022-01-17;"Trnavský kraj";366;3885;87;3972;NA;260892;453;2022-01-17;152159
2022-01-16;"Trnavský kraj";84;1696;44;1740;NA;260892;128;2022-01-16;151706
2022-01-15;"Trnavský kraj";421;1015;33;1048;NA;260892;454;2022-01-15;151578
2022-01-14;"Trnavský kraj";349;2040;50;2090;NA;260892;399;2022-01-14;151124
2022-01-13;"Trnavský kraj";234;2057;52;2109;NA;260892;286;2022-01-13;150725
2022-01-12;"Trnavský kraj";400;1927;35;1962;NA;260892;435;2022-01-12;150439
2022-01-11;"Trnavský kraj";384;2261;33;2294;NA;260892;417;2022-01-11;150004
2022-01-10;"Trnavský kraj";258;4357;71;4428;NA;260892;329;2022-01-10;149587
2022-01-09;"Trnavský kraj";35;1921;22;1943;NA;260892;57;2022-01-09;149258
2022-01-08;"Trnavský kraj";364;1005;29;1034;NA;260892;393;2022-01-08;149201
2022-01-07;"Trnavský kraj";332;1984;47;2031;NA;260892;379;2022-01-07;148808
2022-01-06;"Trnavský kraj";234;830;20;850;NA;260892;254;2022-01-06;148429
2022-01-05;"Trnavský kraj";416;1925;37;1962;NA;260892;453;2022-01-05;148175
2022-01-04;"Trnavský kraj";538;2337;37;2374;NA;260892;575;2022-01-04;147722
2022-01-03;"Trnavský kraj";441;3897;65;3962;NA;260892;506;2022-01-03;147147
2022-01-02;"Trnavský kraj";79;1561;21;1582;NA;260892;100;2022-01-02;146641
2022-01-01;"Trnavský kraj";4;190;7;197;NA;260892;11;2022-01-01;146541
2021-12-31;"Trnavský kraj";485;1246;60;1306;NA;260892;545;2021-12-31;146530
2021-12-30;"Trnavský kraj";401;1927;58;1985;NA;260892;459;2021-12-30;145985
2021-12-29;"Trnavský kraj";401;1756;70;1826;NA;260892;471;2021-12-29;145526
2021-12-28;"Trnavský kraj";633;1742;73;1815;NA;260892;706;2021-12-28;145055
2021-12-27;"Trnavský kraj";463;2814;134;2948;NA;260892;597;2021-12-27;144349
2021-12-26;"Trnavský kraj";253;1019;30;1049;NA;260892;283;2021-12-26;143752
2021-12-25;"Trnavský kraj";104;341;41;382;NA;260892;145;2021-12-25;143469
2021-12-24;"Trnavský kraj";216;369;27;396;NA;260892;243;2021-12-24;143324
2021-12-23;"Trnavský kraj";570;1825;102;1927;NA;260892;672;2021-12-23;143081
2021-12-22;"Trnavský kraj";545;1732;81;1813;NA;260892;626;2021-12-22;142409
2021-12-21;"Trnavský kraj";699;2577;89;2666;NA;260892;788;2021-12-21;141783
2021-12-20;"Trnavský kraj";438;3941;103;4044;NA;260892;541;2021-12-20;140995
2021-12-19;"Trnavský kraj";155;1762;63;1825;NA;260892;218;2021-12-19;140454
2021-12-18;"Trnavský kraj";627;1302;77;1379;NA;260892;704;2021-12-18;140236
2021-12-17;"Trnavský kraj";576;2276;109;2385;NA;260892;685;2021-12-17;139532
2021-12-16;"Trnavský kraj";653;2530;123;2653;NA;260892;776;2021-12-16;138847
2021-12-15;"Trnavský kraj";746;2198;120;2318;NA;260892;866;2021-12-15;138071
2021-12-14;"Trnavský kraj";976;2718;134;2852;NA;260892;1110;2021-12-14;137205
2021-12-13;"Trnavský kraj";521;4857;175;5032;NA;260892;696;2021-12-13;136095
2021-12-12;"Trnavský kraj";337;2117;87;2204;NA;260892;424;2021-12-12;135399
2021-12-11;"Trnavský kraj";720;1324;83;1407;NA;260892;803;2021-12-11;134975
2021-12-10;"Trnavský kraj";702;2909;136;3045;NA;260892;838;2021-12-10;134172
2021-12-09;"Trnavský kraj";926;2313;96;2409;NA;260892;1022;2021-12-09;133334
2021-12-08;"Trnavský kraj";1233;2547;137;2684;NA;260892;1370;2021-12-08;132312
2021-12-07;"Trnavský kraj";1159;3637;174;3811;NA;260892;1333;2021-12-07;130942
2021-12-06;"Trnavský kraj";911;3649;208;3857;NA;260892;1119;2021-12-06;129609
2021-12-05;"Trnavský kraj";269;2303;106;2409;NA;260892;375;2021-12-05;128490
2021-12-04;"Trnavský kraj";1225;1623;115;1738;NA;260892;1340;2021-12-04;128115
2021-12-03;"Trnavský kraj";1246;2998;201;3199;NA;260892;1447;2021-12-03;126775
2021-12-02;"Trnavský kraj";1809;2379;188;2567;NA;260892;1997;2021-12-02;125328
2021-12-01;"Trnavský kraj";738;3011;179;3190;NA;260892;917;2021-12-01;123331
2021-11-30;"Trnavský kraj";1166;4217;202;4419;NA;260892;1368;2021-11-30;122414
2021-11-29;"Trnavský kraj";814;5360;299;5659;NA;260892;1113;2021-11-29;121046
2021-11-28;"Trnavský kraj";482;3087;146;3233;NA;260892;628;2021-11-28;119933
2021-11-27;"Trnavský kraj";1186;2240;206;2446;NA;260892;1392;2021-11-27;119305
2021-11-26;"Trnavský kraj";880;2895;202;3097;NA;260892;1082;2021-11-26;117913
2021-11-25;"Trnavský kraj";1002;2680;158;2838;NA;260892;1160;2021-11-25;116831
2021-11-24;"Trnavský kraj";1060;3442;250;3692;NA;260892;1310;2021-11-24;115671
2021-11-23;"Trnavský kraj";1078;3714;273;3987;NA;260892;1351;2021-11-23;114361
2021-11-22;"Trnavský kraj";696;4028;295;4323;NA;260892;991;2021-11-22;113010
2021-11-21;"Trnavský kraj";298;2270;212;2482;NA;260892;510;2021-11-21;112019
2021-11-20;"Trnavský kraj";826;1529;196;1725;NA;260892;1022;2021-11-20;111509
2021-11-19;"Trnavský kraj";901;3369;315;3684;NA;260892;1216;2021-11-19;110487
2021-11-18;"Trnavský kraj";796;2872;240;3112;NA;260892;1036;2021-11-18;109271
2021-11-17;"Trnavský kraj";769;1201;139;1340;NA;260892;908;2021-11-17;108235
2021-11-16;"Trnavský kraj";591;2755;206;2961;NA;260892;797;2021-11-16;107327
2021-11-15;"Trnavský kraj";606;3350;239;3589;NA;260892;845;2021-11-15;106530
2021-11-14;"Trnavský kraj";236;1579;141;1720;NA;260892;377;2021-11-14;105685
2021-11-13;"Trnavský kraj";815;1314;132;1446;NA;260892;947;2021-11-13;105308
2021-11-12;"Trnavský kraj";563;2585;157;2742;NA;260892;720;2021-11-12;104361
2021-11-11;"Trnavský kraj";512;2426;161;2587;NA;260892;673;2021-11-11;103641
2021-11-10;"Trnavský kraj";590;2315;173;2488;NA;260892;763;2021-11-10;102968
2021-11-09;"Trnavský kraj";585;2538;187;2725;NA;260892;772;2021-11-09;102205
2021-11-08;"Trnavský kraj";357;2715;163;2878;NA;260892;520;2021-11-08;101433
2021-11-07;"Trnavský kraj";162;1349;111;1460;NA;260892;273;2021-11-07;100913
2021-11-06;"Trnavský kraj";391;1287;82;1369;NA;260892;473;2021-11-06;100640
2021-11-05;"Trnavský kraj";447;2202;102;2304;NA;260892;549;2021-11-05;100167
2021-11-04;"Trnavský kraj";432;2289;112;2401;NA;260892;544;2021-11-04;99618
2021-11-03;"Trnavský kraj";420;2091;97;2188;NA;260892;517;2021-11-03;99074
2021-11-02;"Trnavský kraj";365;2777;124;2901;NA;260892;489;2021-11-02;98557
2021-11-01;"Trnavský kraj";220;583;27;610;NA;260892;247;2021-11-01;98068
2021-10-31;"Trnavský kraj";61;887;62;949;NA;260892;123;2021-10-31;97821
2021-10-30;"Trnavský kraj";251;1099;50;1149;NA;260892;301;2021-10-30;97698
2021-10-29;"Trnavský kraj";312;2123;53;2176;NA;260892;365;2021-10-29;97397
2021-10-28;"Trnavský kraj";339;2034;65;2099;NA;260892;404;2021-10-28;97032
2021-10-27;"Trnavský kraj";232;1884;58;1942;NA;260892;290;2021-10-27;96628
2021-10-26;"Trnavský kraj";366;1964;54;2018;NA;260892;420;2021-10-26;96338
2021-10-25;"Trnavský kraj";142;2786;72;2858;NA;260892;214;2021-10-25;95918
2021-10-24;"Trnavský kraj";11;990;30;1020;NA;260892;41;2021-10-24;95704
2021-10-23;"Trnavský kraj";228;1126;27;1153;NA;260892;255;2021-10-23;95663
2021-10-22;"Trnavský kraj";204;2269;51;2320;NA;260892;255;2021-10-22;95408
2021-10-21;"Trnavský kraj";188;1671;46;1717;NA;260892;234;2021-10-21;95153
2021-10-20;"Trnavský kraj";212;1634;47;1681;NA;260892;259;2021-10-20;94919
2021-10-19;"Trnavský kraj";240;1848;30;1878;NA;260892;270;2021-10-19;94660
2021-10-18;"Trnavský kraj";95;2316;72;2388;NA;260892;167;2021-10-18;94390
2021-10-17;"Trnavský kraj";5;1218;17;1235;NA;260892;22;2021-10-17;94223
2021-10-16;"Trnavský kraj";129;1233;17;1250;NA;260892;146;2021-10-16;94201
2021-10-15;"Trnavský kraj";122;2121;24;2145;NA;260892;146;2021-10-15;94055
2021-10-14;"Trnavský kraj";131;1663;24;1687;NA;260892;155;2021-10-14;93909
2021-10-13;"Trnavský kraj";128;2072;23;2095;NA;260892;151;2021-10-13;93754
2021-10-12;"Trnavský kraj";189;2788;38;2826;NA;260892;227;2021-10-12;93603
2021-10-11;"Trnavský kraj";115;2621;35;2656;NA;260892;150;2021-10-11;93376
2021-10-10;"Trnavský kraj";2;993;15;1008;NA;260892;17;2021-10-10;93226
2021-10-09;"Trnavský kraj";151;1099;10;1109;NA;260892;161;2021-10-09;93209
2021-10-08;"Trnavský kraj";106;2326;34;2360;NA;260892;140;2021-10-08;93048
2021-10-07;"Trnavský kraj";151;1744;25;1769;NA;260892;176;2021-10-07;92908
2021-10-06;"Trnavský kraj";122;1929;27;1956;NA;260892;149;2021-10-06;92732
2021-10-05;"Trnavský kraj";220;3726;34;3760;NA;260892;254;2021-10-05;92583
2021-10-04;"Trnavský kraj";54;1963;47;2010;NA;260892;101;2021-10-04;92329
2021-10-03;"Trnavský kraj";1;1106;17;1123;NA;260892;18;2021-10-03;92228
2021-10-02;"Trnavský kraj";52;1055;12;1067;NA;260892;64;2021-10-02;92210
2021-10-01;"Trnavský kraj";113;2243;17;2260;NA;260892;130;2021-10-01;92146
2021-09-30;"Trnavský kraj";109;1872;18;1890;NA;260892;127;2021-09-30;92016
2021-09-29;"Trnavský kraj";83;1331;11;1342;NA;260892;94;2021-09-29;91889
2021-09-28;"Trnavský kraj";135;1934;31;1965;NA;260892;166;2021-09-28;91795
2021-09-27;"Trnavský kraj";80;2084;25;2109;NA;260892;105;2021-09-27;91629
2021-09-26;"Trnavský kraj";2;1048;12;1060;NA;260892;14;2021-09-26;91524
2021-09-25;"Trnavský kraj";61;1105;9;1114;NA;260892;70;2021-09-25;91510
2021-09-24;"Trnavský kraj";41;2229;15;2244;NA;260892;56;2021-09-24;91440
2021-09-23;"Trnavský kraj";89;1691;16;1707;NA;260892;105;2021-09-23;91384
2021-09-22;"Trnavský kraj";119;1706;28;1734;NA;260892;147;2021-09-22;91279
2021-09-21;"Trnavský kraj";108;1505;17;1522;NA;260892;125;2021-09-21;91132
2021-09-20;"Trnavský kraj";50;1652;20;1672;NA;260892;70;2021-09-20;91007
2021-09-19;"Trnavský kraj";2;924;8;932;NA;260892;10;2021-09-19;90937
2021-09-18;"Trnavský kraj";100;982;6;988;NA;260892;106;2021-09-18;90927
2021-09-17;"Trnavský kraj";77;1709;20;1729;NA;260892;97;2021-09-17;90821
2021-09-16;"Trnavský kraj";105;1279;32;1311;NA;260892;137;2021-09-16;90724
2021-09-15;"Trnavský kraj";59;841;5;846;NA;260892;64;2021-09-15;90587
2021-09-14;"Trnavský kraj";38;1583;12;1595;NA;260892;50;2021-09-14;90523
2021-09-13;"Trnavský kraj";56;1410;16;1426;NA;260892;72;2021-09-13;90473
2021-09-12;"Trnavský kraj";0;653;1;654;NA;260892;1;2021-09-12;90401
2021-09-11;"Trnavský kraj";37;971;10;981;NA;260892;47;2021-09-11;90400
2021-09-10;"Trnavský kraj";43;1441;9;1450;NA;260892;52;2021-09-10;90353
2021-09-09;"Trnavský kraj";42;954;13;967;NA;260892;55;2021-09-09;90301
2021-09-08;"Trnavský kraj";65;802;15;817;NA;260892;80;2021-09-08;90246
2021-09-07;"Trnavský kraj";29;844;5;849;NA;260892;34;2021-09-07;90166
2021-09-06;"Trnavský kraj";18;1234;14;1248;NA;260892;32;2021-09-06;90132
2021-09-05;"Trnavský kraj";2;580;4;584;NA;260892;6;2021-09-05;90100
2021-09-04;"Trnavský kraj";17;868;6;874;NA;260892;23;2021-09-04;90094
2021-09-03;"Trnavský kraj";14;1060;5;1065;NA;260892;19;2021-09-03;90071
2021-09-02;"Trnavský kraj";30;830;10;840;NA;260892;40;2021-09-02;90052
2021-09-01;"Trnavský kraj";6;409;4;413;NA;260892;10;2021-09-01;90012
2021-08-31;"Trnavský kraj";13;884;3;887;NA;260892;16;2021-08-31;90002
2021-08-30;"Trnavský kraj";7;904;1;905;NA;260892;8;2021-08-30;89986
2021-08-29;"Trnavský kraj";8;427;1;428;NA;260892;9;2021-08-29;89978
2021-08-28;"Trnavský kraj";17;694;2;696;NA;260892;19;2021-08-28;89969
2021-08-27;"Trnavský kraj";1;1186;4;1190;NA;260892;5;2021-08-27;89950
2021-08-26;"Trnavský kraj";8;713;3;716;NA;260892;11;2021-08-26;89945
2021-08-25;"Trnavský kraj";11;683;6;689;NA;260892;17;2021-08-25;89934
2021-08-24;"Trnavský kraj";7;801;1;802;NA;260892;8;2021-08-24;89917
2021-08-23;"Trnavský kraj";4;844;1;845;NA;260892;5;2021-08-23;89909
2021-08-22;"Trnavský kraj";0;474;0;474;NA;260892;0;2021-08-22;89904
2021-08-21;"Trnavský kraj";8;703;0;703;NA;260892;8;2021-08-21;89904
2021-08-20;"Trnavský kraj";4;1095;4;1099;NA;260892;8;2021-08-20;89896
2021-08-19;"Trnavský kraj";10;881;3;884;NA;260892;13;2021-08-19;89888
2021-08-18;"Trnavský kraj";6;789;2;791;NA;260892;8;2021-08-18;89875
2021-08-17;"Trnavský kraj";7;524;4;528;NA;260892;11;2021-08-17;89867
2021-08-16;"Trnavský kraj";9;966;3;969;NA;260892;12;2021-08-16;89856
2021-08-15;"Trnavský kraj";0;556;1;557;NA;260892;1;2021-08-15;89844
2021-08-14;"Trnavský kraj";10;801;3;804;NA;260892;13;2021-08-14;89843
2021-08-13;"Trnavský kraj";5;1077;6;1083;NA;260892;11;2021-08-13;89830
2021-08-12;"Trnavský kraj";3;666;3;669;NA;260892;6;2021-08-12;89819
2021-08-11;"Trnavský kraj";7;576;2;578;NA;260892;9;2021-08-11;89813
2021-08-10;"Trnavský kraj";3;757;3;760;NA;260892;6;2021-08-10;89804
2021-08-09;"Trnavský kraj";12;808;0;808;NA;260892;12;2021-08-09;89798
2021-08-08;"Trnavský kraj";1;545;0;545;NA;260892;1;2021-08-08;89786
2021-08-07;"Trnavský kraj";9;724;0;724;NA;260892;9;2021-08-07;89785
2021-08-06;"Trnavský kraj";3;988;0;988;NA;260892;3;2021-08-06;89776
2021-08-05;"Trnavský kraj";2;662;1;663;NA;260892;3;2021-08-05;89773
2021-08-04;"Trnavský kraj";1;891;1;892;NA;260892;2;2021-08-04;89770
2021-08-03;"Trnavský kraj";13;645;0;645;NA;260892;13;2021-08-03;89768
2021-08-02;"Trnavský kraj";2;725;1;726;NA;260892;3;2021-08-02;89755
2021-08-01;"Trnavský kraj";0;565;2;567;NA;260892;2;2021-08-01;89752
2021-07-31;"Trnavský kraj";3;886;0;886;NA;260892;3;2021-07-31;89750
2021-07-30;"Trnavský kraj";3;1084;3;1087;NA;260892;6;2021-07-30;89747
2021-07-29;"Trnavský kraj";1;775;0;775;NA;260892;1;2021-07-29;89741
2021-07-28;"Trnavský kraj";5;794;1;795;NA;260892;6;2021-07-28;89740
2021-07-27;"Trnavský kraj";7;623;2;625;NA;260892;9;2021-07-27;89734
2021-07-26;"Trnavský kraj";2;857;2;859;NA;260892;4;2021-07-26;89725
2021-07-25;"Trnavský kraj";0;707;0;707;NA;260892;0;2021-07-25;89721
2021-07-24;"Trnavský kraj";4;828;2;830;NA;260892;6;2021-07-24;89721
2021-07-23;"Trnavský kraj";3;1057;0;1057;NA;260892;3;2021-07-23;89715
2021-07-22;"Trnavský kraj";0;671;2;673;NA;260892;2;2021-07-22;89712
2021-07-21;"Trnavský kraj";2;660;2;662;NA;260892;4;2021-07-21;89710
2021-07-20;"Trnavský kraj";2;593;0;593;NA;260892;2;2021-07-20;89706
2021-07-19;"Trnavský kraj";9;886;0;886;NA;260892;9;2021-07-19;89704
2021-07-18;"Trnavský kraj";0;600;2;602;NA;260892;2;2021-07-18;89695
2021-07-17;"Trnavský kraj";8;796;0;796;NA;260892;8;2021-07-17;89693
2021-07-16;"Trnavský kraj";11;963;0;963;NA;260892;11;2021-07-16;89685
2021-07-15;"Trnavský kraj";4;832;1;833;NA;260892;5;2021-07-15;89674
2021-07-14;"Trnavský kraj";1;699;1;700;NA;260892;2;2021-07-14;89669
2021-07-13;"Trnavský kraj";1;693;1;694;NA;260892;2;2021-07-13;89667
2021-07-12;"Trnavský kraj";4;959;0;959;NA;260892;4;2021-07-12;89665
2021-07-11;"Trnavský kraj";0;692;0;692;NA;260892;0;2021-07-11;89661
2021-07-10;"Trnavský kraj";1;803;0;803;NA;260892;1;2021-07-10;89661
2021-07-09;"Trnavský kraj";3;1262;3;1265;NA;260892;6;2021-07-09;89660
2021-07-08;"Trnavský kraj";4;755;0;755;NA;260892;4;2021-07-08;89654
2021-07-07;"Trnavský kraj";9;924;2;926;NA;260892;11;2021-07-07;89650
2021-07-06;"Trnavský kraj";2;1401;1;1402;NA;260892;3;2021-07-06;89639
2021-07-05;"Trnavský kraj";1;503;2;505;NA;260892;3;2021-07-05;89636
2021-07-04;"Trnavský kraj";0;1129;3;1132;NA;260892;3;2021-07-04;89633
2021-07-03;"Trnavský kraj";4;815;0;815;NA;260892;4;2021-07-03;89630
2021-07-02;"Trnavský kraj";2;1137;2;1139;NA;260892;4;2021-07-02;89626
2021-07-01;"Trnavský kraj";4;487;0;487;NA;260892;4;2021-07-01;89622
2021-06-30;"Trnavský kraj";0;5135;1;5136;NA;260892;1;2021-06-30;89618
2021-06-29;"Trnavský kraj";4;2563;1;2564;NA;260892;5;2021-06-29;89617
2021-06-28;"Trnavský kraj";2;2600;1;2601;NA;260892;3;2021-06-28;89612
2021-06-27;"Trnavský kraj";0;3213;0;3213;NA;260892;0;2021-06-27;89609
2021-06-26;"Trnavský kraj";3;3871;1;3872;NA;260892;4;2021-06-26;89609
2021-06-25;"Trnavský kraj";2;4374;3;4377;NA;260892;5;2021-06-25;89605
2021-06-24;"Trnavský kraj";4;2520;3;2523;NA;260892;7;2021-06-24;89600
2021-06-23;"Trnavský kraj";4;2842;2;2844;NA;260892;6;2021-06-23;89593
2021-06-22;"Trnavský kraj";2;2996;1;2997;NA;260892;3;2021-06-22;89587
2021-06-21;"Trnavský kraj";6;3114;5;3119;NA;260892;11;2021-06-21;89584
2021-06-20;"Trnavský kraj";0;3952;1;3953;NA;260892;1;2021-06-20;89573
2021-06-19;"Trnavský kraj";3;4735;2;4737;NA;260892;5;2021-06-19;89572
2021-06-18;"Trnavský kraj";5;6125;4;6129;NA;260892;9;2021-06-18;89567
2021-06-17;"Trnavský kraj";3;3340;0;3340;NA;260892;3;2021-06-17;89558
2021-06-16;"Trnavský kraj";6;2926;3;2929;NA;260892;9;2021-06-16;89555
2021-06-15;"Trnavský kraj";8;3234;3;3237;NA;260892;11;2021-06-15;89546
2021-06-14;"Trnavský kraj";2;3829;1;3830;NA;260892;3;2021-06-14;89535
2021-06-13;"Trnavský kraj";0;5001;8;5009;NA;260892;8;2021-06-13;89532
2021-06-12;"Trnavský kraj";11;5807;2;5809;NA;260892;13;2021-06-12;89524
2021-06-11;"Trnavský kraj";17;5850;4;5854;NA;260892;21;2021-06-11;89511
2021-06-10;"Trnavský kraj";14;3476;1;3477;NA;260892;15;2021-06-10;89490
2021-06-09;"Trnavský kraj";10;3681;1;3682;NA;260892;11;2021-06-09;89475
2021-06-08;"Trnavský kraj";8;3344;4;3348;NA;260892;12;2021-06-08;89464
2021-06-07;"Trnavský kraj";12;4498;8;4506;NA;260892;20;2021-06-07;89452
2021-06-06;"Trnavský kraj";0;5517;2;5519;NA;260892;2;2021-06-06;89432
2021-06-05;"Trnavský kraj";20;6905;8;6913;NA;260892;28;2021-06-05;89430
2021-06-04;"Trnavský kraj";9;6735;10;6745;NA;260892;19;2021-06-04;89402
2021-06-03;"Trnavský kraj";14;4361;11;4372;NA;260892;25;2021-06-03;89383
2021-06-02;"Trnavský kraj";4;4148;11;4159;NA;260892;15;2021-06-02;89358
2021-06-01;"Trnavský kraj";18;3662;5;3667;NA;260892;23;2021-06-01;89343
2021-05-31;"Trnavský kraj";14;5515;16;5531;NA;260892;30;2021-05-31;89320
2021-05-30;"Trnavský kraj";0;6473;7;6480;NA;260892;7;2021-05-30;89290
2021-05-29;"Trnavský kraj";11;8964;4;8968;NA;260892;15;2021-05-29;89283
2021-05-28;"Trnavský kraj";14;7160;11;7171;NA;260892;25;2021-05-28;89268
2021-05-27;"Trnavský kraj";22;4753;8;4761;NA;260892;30;2021-05-27;89243
2021-05-26;"Trnavský kraj";6;4870;8;4878;NA;260892;14;2021-05-26;89213
2021-05-25;"Trnavský kraj";19;5026;27;5053;NA;260892;46;2021-05-25;89199
2021-05-24;"Trnavský kraj";15;6520;22;6542;NA;260892;37;2021-05-24;89153
2021-05-23;"Trnavský kraj";0;7920;8;7928;NA;260892;8;2021-05-23;89116
2021-05-22;"Trnavský kraj";13;13381;21;13402;NA;260892;34;2021-05-22;89108
2021-05-21;"Trnavský kraj";16;8525;19;8544;NA;260892;35;2021-05-21;89074
2021-05-20;"Trnavský kraj";15;5511;11;5522;NA;260892;26;2021-05-20;89039
2021-05-19;"Trnavský kraj";18;5431;13;5444;NA;260892;31;2021-05-19;89013
2021-05-18;"Trnavský kraj";26;5768;15;5783;NA;260892;41;2021-05-18;88982
2021-05-17;"Trnavský kraj";17;6262;24;6286;NA;260892;41;2021-05-17;88941
2021-05-16;"Trnavský kraj";10;9984;8;9992;NA;260892;18;2021-05-16;88900
2021-05-15;"Trnavský kraj";11;18525;14;18539;NA;260892;25;2021-05-15;88882
2021-05-14;"Trnavský kraj";34;10279;21;10300;NA;260892;55;2021-05-14;88857
2021-05-13;"Trnavský kraj";26;6913;12;6925;NA;260892;38;2021-05-13;88802
2021-05-12;"Trnavský kraj";34;6621;26;6647;NA;260892;60;2021-05-12;88764
2021-05-11;"Trnavský kraj";32;6393;13;6406;NA;260892;45;2021-05-11;88704
2021-05-10;"Trnavský kraj";58;9139;24;9163;NA;260892;82;2021-05-10;88659
2021-05-09;"Trnavský kraj";21;12570;12;12582;NA;260892;33;2021-05-09;88577
2021-05-08;"Trnavský kraj";4;23028;22;23050;NA;260892;26;2021-05-08;88544
2021-05-07;"Trnavský kraj";26;15465;30;15495;NA;260892;56;2021-05-07;88518
2021-05-06;"Trnavský kraj";22;8407;22;8429;NA;260892;44;2021-05-06;88462
2021-05-05;"Trnavský kraj";34;6273;22;6295;NA;260892;56;2021-05-05;88418
2021-05-04;"Trnavský kraj";51;8538;17;8555;NA;260892;68;2021-05-04;88362
2021-05-03;"Trnavský kraj";20;8957;22;8979;NA;260892;42;2021-05-03;88294
2021-05-02;"Trnavský kraj";0;25657;29;25686;NA;260892;29;2021-05-02;88252
2021-05-01;"Trnavský kraj";30;81353;64;81417;NA;260892;94;2021-05-01;88223
2021-04-30;"Trnavský kraj";45;26846;35;26881;NA;260892;80;2021-04-30;88129
2021-04-29;"Trnavský kraj";25;20323;28;20351;NA;260892;53;2021-04-29;88049
2021-04-28;"Trnavský kraj";46;8896;28;8924;NA;260892;74;2021-04-28;87996
2021-04-27;"Trnavský kraj";54;8756;37;8793;NA;260892;91;2021-04-27;87922
2021-04-26;"Trnavský kraj";53;16116;42;16158;NA;260892;95;2021-04-26;87831
2021-04-25;"Trnavský kraj";0;30183;24;30207;NA;260892;24;2021-04-25;87736
2021-04-24;"Trnavský kraj";46;126077;84;126161;NA;260892;130;2021-04-24;87712
2021-04-23;"Trnavský kraj";71;25741;53;25794;NA;260892;124;2021-04-23;87582
2021-04-22;"Trnavský kraj";40;10904;25;10929;NA;260892;65;2021-04-22;87458
2021-04-21;"Trnavský kraj";60;10748;45;10793;NA;260892;105;2021-04-21;87393
2021-04-20;"Trnavský kraj";57;13504;28;13532;NA;260892;85;2021-04-20;87288
2021-04-19;"Trnavský kraj";46;14603;18;14621;NA;260892;64;2021-04-19;87203
2021-04-18;"Trnavský kraj";7;40843;43;40886;NA;260892;50;2021-04-18;87139
2021-04-17;"Trnavský kraj";58;118102;89;118191;NA;260892;147;2021-04-17;87089
2021-04-16;"Trnavský kraj";67;25962;48;26010;NA;260892;115;2021-04-16;86942
2021-04-15;"Trnavský kraj";65;11373;36;11409;NA;260892;101;2021-04-15;86827
2021-04-14;"Trnavský kraj";78;18442;53;18495;NA;260892;131;2021-04-14;86726
2021-04-13;"Trnavský kraj";126;9871;44;9915;NA;260892;170;2021-04-13;86595
2021-04-12;"Trnavský kraj";40;15577;40;15617;NA;260892;80;2021-04-12;86425
2021-04-11;"Trnavský kraj";3;44420;44;44464;NA;260892;47;2021-04-11;86345
2021-04-10;"Trnavský kraj";60;123822;107;123929;NA;260892;167;2021-04-10;86298
2021-04-09;"Trnavský kraj";95;26191;34;26225;NA;260892;129;2021-04-09;86131
2021-04-08;"Trnavský kraj";85;10913;54;10967;NA;260892;139;2021-04-08;86002
2021-04-07;"Trnavský kraj";131;15979;81;16060;NA;260892;212;2021-04-07;85863
2021-04-06;"Trnavský kraj";92;20586;90;20676;NA;260892;182;2021-04-06;85651
2021-04-05;"Trnavský kraj";91;7542;17;7559;NA;260892;108;2021-04-05;85469
2021-04-04;"Trnavský kraj";9;28831;49;28880;NA;260892;58;2021-04-04;85361
2021-04-03;"Trnavský kraj";29;144452;186;144638;NA;260892;215;2021-04-03;85303
2021-04-02;"Trnavský kraj";91;17538;33;17571;NA;260892;124;2021-04-02;85088
2021-04-01;"Trnavský kraj";118;22279;71;22350;NA;260892;189;2021-04-01;84964
2021-03-31;"Trnavský kraj";140;15828;82;15910;NA;260892;222;2021-03-31;84775
2021-03-30;"Trnavský kraj";182;10482;79;10561;NA;260892;261;2021-03-30;84553
2021-03-29;"Trnavský kraj";126;19255;122;19377;NA;260892;248;2021-03-29;84292
2021-03-28;"Trnavský kraj";26;50664;134;50798;NA;260892;160;2021-03-28;84044
2021-03-27;"Trnavský kraj";64;130217;246;130463;NA;260892;310;2021-03-27;83884
2021-03-26;"Trnavský kraj";139;30217;130;30347;NA;260892;269;2021-03-26;83574
2021-03-25;"Trnavský kraj";135;14212;80;14292;NA;260892;215;2021-03-25;83305
2021-03-24;"Trnavský kraj";159;10521;89;10610;NA;260892;248;2021-03-24;83090
2021-03-23;"Trnavský kraj";221;12735;104;12839;NA;260892;325;2021-03-23;82842
2021-03-22;"Trnavský kraj";103;17118;110;17228;NA;260892;213;2021-03-22;82517
2021-03-21;"Trnavský kraj";31;49119;150;49269;NA;260892;181;2021-03-21;82304
2021-03-20;"Trnavský kraj";112;136963;317;137280;NA;260892;429;2021-03-20;82123
2021-03-19;"Trnavský kraj";174;29071;137;29208;NA;260892;311;2021-03-19;81694
2021-03-18;"Trnavský kraj";158;12217;136;12353;NA;260892;294;2021-03-18;81383
2021-03-17;"Trnavský kraj";245;10434;103;10537;NA;260892;348;2021-03-17;81089
2021-03-16;"Trnavský kraj";311;12811;135;12946;NA;260892;446;2021-03-16;80741
2021-03-15;"Trnavský kraj";127;18271;146;18417;NA;260892;273;2021-03-15;80295
2021-03-14;"Trnavský kraj";14;47608;164;47772;NA;260892;178;2021-03-14;80022
2021-03-13;"Trnavský kraj";155;139224;409;139633;NA;260892;564;2021-03-13;79844
2021-03-12;"Trnavský kraj";201;28566;181;28747;NA;260892;382;2021-03-12;79280
2021-03-11;"Trnavský kraj";204;13301;140;13441;NA;260892;344;2021-03-11;78898
2021-03-10;"Trnavský kraj";242;10583;135;10718;NA;260892;377;2021-03-10;78554
2021-03-09;"Trnavský kraj";442;12824;155;12979;NA;260892;597;2021-03-09;78177
2021-03-08;"Trnavský kraj";182;21812;166;21978;NA;260892;348;2021-03-08;77580
2021-03-07;"Trnavský kraj";30;45463;227;45690;NA;260892;257;2021-03-07;77232
2021-03-06;"Trnavský kraj";154;135784;531;136315;NA;260892;685;2021-03-06;76975
2021-03-05;"Trnavský kraj";299;27959;239;28198;NA;260892;538;2021-03-05;76290
2021-03-04;"Trnavský kraj";238;14505;176;14681;NA;260892;414;2021-03-04;75752
2021-03-03;"Trnavský kraj";413;11583;246;11829;NA;260892;659;2021-03-03;75338
2021-03-02;"Trnavský kraj";477;12367;191;12558;NA;260892;668;2021-03-02;74679
2021-03-01;"Trnavský kraj";189;18586;234;18820;NA;260892;423;2021-03-01;74011
2021-02-28;"Trnavský kraj";87;47709;321;48030;NA;260892;408;2021-02-28;73588
2021-02-27;"Trnavský kraj";264;140224;800;141024;NA;260892;1064;2021-02-27;73180
2021-02-26;"Trnavský kraj";362;26637;284;26921;NA;260892;646;2021-02-26;72116
2021-02-25;"Trnavský kraj";433;10490;227;10717;NA;260892;660;2021-02-25;71470
2021-02-24;"Trnavský kraj";407;9113;290;9403;NA;260892;697;2021-02-24;70810
2021-02-23;"Trnavský kraj";469;11322;284;11606;NA;260892;753;2021-02-23;70113
2021-02-22;"Trnavský kraj";206;19901;330;20231;NA;260892;536;2021-02-22;69360
2021-02-21;"Trnavský kraj";38;48221;329;48550;NA;260892;367;2021-02-21;68824
2021-02-20;"Trnavský kraj";273;135835;859;136694;NA;260892;1132;2021-02-20;68457
2021-02-19;"Trnavský kraj";335;26382;366;26748;NA;260892;701;2021-02-19;67325
2021-02-18;"Trnavský kraj";344;11264;348;11612;NA;260892;692;2021-02-18;66624
2021-02-17;"Trnavský kraj";431;8783;416;9199;NA;260892;847;2021-02-17;65932
2021-02-16;"Trnavský kraj";426;11236;294;11530;NA;260892;720;2021-02-16;65085
2021-02-15;"Trnavský kraj";146;18276;326;18602;NA;260892;472;2021-02-15;64365
2021-02-14;"Trnavský kraj";51;57642;495;58137;NA;260892;546;2021-02-14;63893
2021-02-13;"Trnavský kraj";218;137051;994;138045;NA;260892;1212;2021-02-13;63347
2021-02-12;"Trnavský kraj";300;24090;352;24442;NA;260892;652;2021-02-12;62135
2021-02-11;"Trnavský kraj";422;9831;349;10180;NA;260892;771;2021-02-11;61483
2021-02-10;"Trnavský kraj";511;9194;342;9536;NA;260892;853;2021-02-10;60712
2021-02-09;"Trnavský kraj";544;12755;369;13124;NA;260892;913;2021-02-09;59859
2021-02-08;"Trnavský kraj";220;33414;497;33911;NA;260892;717;2021-02-08;58946
2021-02-07;"Trnavský kraj";140;69694;628;70322;NA;260892;768;2021-02-07;58229
2021-02-06;"Trnavský kraj";348;112687;1482;114169;NA;260892;1830;2021-02-06;57461
2021-02-05;"Trnavský kraj";377;16063;373;16436;NA;260892;750;2021-02-05;55631
2021-02-04;"Trnavský kraj";456;7317;456;7773;NA;260892;912;2021-02-04;54881
2021-02-03;"Trnavský kraj";472;6583;434;7017;NA;260892;906;2021-02-03;53969
2021-02-02;"Trnavský kraj";446;14243;424;14667;NA;260892;870;2021-02-02;53063
2021-02-01;"Trnavský kraj";198;38882;679;39561;NA;260892;877;2021-02-01;52193
2021-01-31;"Trnavský kraj";19;64707;822;65529;NA;260892;841;2021-01-31;51316
2021-01-30;"Trnavský kraj";323;111483;1288;112771;NA;260892;1611;2021-01-30;50475
2021-01-29;"Trnavský kraj";421;9689;290;9979;NA;260892;711;2021-01-29;48864
2021-01-28;"Trnavský kraj";389;5817;289;6106;NA;260892;678;2021-01-28;48153
2021-01-27;"Trnavský kraj";433;5554;225;5779;NA;260892;658;2021-01-27;47475
2021-01-26;"Trnavský kraj";565;25411;636;26047;NA;260892;1201;2021-01-26;46817
2021-01-25;"Trnavský kraj";210;41805;620;42425;NA;260892;830;2021-01-25;45616
2021-01-24;"Trnavský kraj";91;66399;779;67178;NA;260892;870;2021-01-24;44786
2021-01-23;"Trnavský kraj";372;113375;1319;114694;NA;260892;1691;2021-01-23;43916
2021-01-22;"Trnavský kraj";217;32755;505;33260;NA;260892;722;2021-01-22;42225
2021-01-21;"Trnavský kraj";311;13913;377;14290;NA;260892;688;2021-01-21;41503
2021-01-20;"Trnavský kraj";503;8685;283;8968;NA;260892;786;2021-01-20;40815
2021-01-19;"Trnavský kraj";415;7013;347;7360;NA;260892;762;2021-01-19;40029
2021-01-18;"Trnavský kraj";247;6690;513;7203;NA;260892;760;2021-01-18;39267
2021-01-17;"Trnavský kraj";128;854;215;1069;NA;260892;343;2021-01-17;38507
2021-01-16;"Trnavský kraj";103;898;24;922;NA;260892;127;2021-01-16;38164
2021-01-15;"Trnavský kraj";278;5467;336;5803;NA;260892;614;2021-01-15;38037
2021-01-14;"Trnavský kraj";452;4001;338;4339;NA;260892;790;2021-01-14;37423
2021-01-13;"Trnavský kraj";457;4751;378;5129;NA;260892;835;2021-01-13;36633
2021-01-12;"Trnavský kraj";469;6860;470;7330;NA;260892;939;2021-01-12;35798
2021-01-11;"Trnavský kraj";370;4587;360;4947;NA;260892;730;2021-01-11;34859
2021-01-10;"Trnavský kraj";71;13;0;13;NA;260892;71;2021-01-10;34129
2021-01-09;"Trnavský kraj";417;1775;100;1875;NA;260892;517;2021-01-09;34058
2021-01-08;"Trnavský kraj";381;6016;506;6522;NA;260892;887;2021-01-08;33541
2021-01-07;"Trnavský kraj";501;3545;329;3874;NA;260892;830;2021-01-07;32654
2021-01-06;"Trnavský kraj";179;758;132;890;NA;260892;311;2021-01-06;31824
2021-01-05;"Trnavský kraj";611;5165;561;5726;NA;260892;1172;2021-01-05;31513
2021-01-04;"Trnavský kraj";302;5556;709;6265;NA;260892;1011;2021-01-04;30341
2021-01-03;"Trnavský kraj";60;53;7;60;NA;260892;67;2021-01-03;29330
2021-01-02;"Trnavský kraj";282;417;32;449;NA;260892;314;2021-01-02;29263
2021-01-01;"Trnavský kraj";143;455;76;531;NA;260892;219;2021-01-01;28949
2020-12-31;"Trnavský kraj";498;8325;820;9145;NA;260892;1318;2020-12-31;28730
2020-12-30;"Trnavský kraj";785;5318;612;5930;NA;260892;1397;2020-12-30;27412
2020-12-29;"Trnavský kraj";322;4913;565;5478;NA;260892;887;2020-12-29;26015
2020-12-28;"Trnavský kraj";213;4900;552;5452;NA;260892;765;2020-12-28;25128
2020-12-27;"Trnavský kraj";27;20;4;24;NA;260892;31;2020-12-27;24363
2020-12-26;"Trnavský kraj";148;44;1;45;NA;260892;149;2020-12-26;24332
2020-12-25;"Trnavský kraj";65;49;5;54;NA;260892;70;2020-12-25;24183
2020-12-24;"Trnavský kraj";333;1359;117;1476;NA;260892;450;2020-12-24;24113
2020-12-23;"Trnavský kraj";210;6672;414;7086;NA;260892;624;2020-12-23;23663
2020-12-22;"Trnavský kraj";311;5427;455;5882;NA;260892;766;2020-12-22;23039
2020-12-21;"Trnavský kraj";328;4092;350;4442;NA;260892;678;2020-12-21;22273
2020-12-20;"Trnavský kraj";134;133;12;145;NA;260892;146;2020-12-20;21595
2020-12-19;"Trnavský kraj";201;1407;103;1510;NA;260892;304;2020-12-19;21449
2020-12-18;"Trnavský kraj";341;4432;334;4766;NA;260892;675;2020-12-18;21145
2020-12-17;"Trnavský kraj";375;4880;414;5294;NA;260892;789;2020-12-17;20470
2020-12-16;"Trnavský kraj";312;4945;383;5328;NA;260892;695;2020-12-16;19681
2020-12-15;"Trnavský kraj";492;6240;598;6838;NA;260892;1090;2020-12-15;18986
2020-12-14;"Trnavský kraj";161;3505;292;3797;NA;260892;453;2020-12-14;17896
2020-12-13;"Trnavský kraj";7;7;0;7;NA;260892;7;2020-12-13;17443
2020-12-12;"Trnavský kraj";254;1456;114;1570;NA;260892;368;2020-12-12;17436
2020-12-11;"Trnavský kraj";384;4289;241;4530;NA;260892;625;2020-12-11;17068
2020-12-10;"Trnavský kraj";183;5197;320;5517;NA;260892;503;2020-12-10;16443
2020-12-09;"Trnavský kraj";521;4199;317;4516;NA;260892;838;2020-12-09;15940
2020-12-08;"Trnavský kraj";281;4090;304;4394;NA;260892;585;2020-12-08;15102
2020-12-07;"Trnavský kraj";178;2895;199;3094;NA;260892;377;2020-12-07;14517
2020-12-06;"Trnavský kraj";46;0;0;0;NA;260892;46;2020-12-06;14140
2020-12-05;"Trnavský kraj";129;2218;41;2259;NA;260892;170;2020-12-05;14094
2020-12-04;"Trnavský kraj";242;3948;158;4106;NA;260892;400;2020-12-04;13924
2020-12-03;"Trnavský kraj";248;2770;190;2960;NA;260892;438;2020-12-03;13524
2020-12-02;"Trnavský kraj";284;4516;176;4692;NA;260892;460;2020-12-02;13086
2020-12-01;"Trnavský kraj";253;3190;205;3395;NA;260892;458;2020-12-01;12626
2020-11-30;"Trnavský kraj";200;7360;186;7546;NA;260892;386;2020-11-30;12168
2020-11-29;"Trnavský kraj";17;738;36;774;NA;260892;53;2020-11-29;11782
2020-11-28;"Trnavský kraj";83;1453;77;1530;NA;260892;160;2020-11-28;11729
2020-11-27;"Trnavský kraj";148;1779;85;1864;NA;260892;233;2020-11-27;11569
2020-11-26;"Trnavský kraj";234;1123;68;1191;NA;260892;302;2020-11-26;11336
2020-11-25;"Trnavský kraj";232;1168;74;1242;NA;260892;306;2020-11-25;11034
2020-11-24;"Trnavský kraj";295;1909;96;2005;NA;260892;391;2020-11-24;10728
2020-11-23;"Trnavský kraj";242;7393;129;7522;NA;260892;371;2020-11-23;10337
2020-11-22;"Trnavský kraj";10;82;9;91;NA;260892;19;2020-11-22;9966
2020-11-21;"Trnavský kraj";129;1354;36;1390;NA;260892;165;2020-11-21;9947
2020-11-20;"Trnavský kraj";246;1154;64;1218;NA;260892;310;2020-11-20;9782
2020-11-19;"Trnavský kraj";157;823;64;887;NA;260892;221;2020-11-19;9472
2020-11-18;"Trnavský kraj";235;822;82;904;NA;260892;317;2020-11-18;9251
2020-11-17;"Trnavský kraj";129;705;74;779;NA;260892;203;2020-11-17;8934
2020-11-16;"Trnavský kraj";187;732;32;764;NA;260892;219;2020-11-16;8731
2020-11-15;"Trnavský kraj";23;73;4;77;NA;260892;27;2020-11-15;8512
2020-11-14;"Trnavský kraj";86;397;12;409;NA;260892;98;2020-11-14;8485
2020-11-13;"Trnavský kraj";219;1312;21;1333;NA;260892;240;2020-11-13;8387
2020-11-12;"Trnavský kraj";162;420;18;438;NA;260892;180;2020-11-12;8147
2020-11-11;"Trnavský kraj";257;392;15;407;NA;260892;272;2020-11-11;7967
2020-11-10;"Trnavský kraj";189;889;30;919;NA;260892;219;2020-11-10;7695
2020-11-09;"Trnavský kraj";196;369;23;392;NA;260892;219;2020-11-09;7476
2020-11-08;"Trnavský kraj";55;400;4;404;NA;260892;59;2020-11-08;7257
2020-11-07;"Trnavský kraj";207;6070;74;6144;NA;260892;281;2020-11-07;7198
2020-11-06;"Trnavský kraj";260;1531;19;1550;NA;260892;279;2020-11-06;6917
2020-11-05;"Trnavský kraj";150;220;27;247;NA;260892;177;2020-11-05;6638
2020-11-04;"Trnavský kraj";188;212;10;222;NA;260892;198;2020-11-04;6461
2020-11-03;"Trnavský kraj";317;127;8;135;NA;260892;325;2020-11-03;6263
2020-11-02;"Trnavský kraj";281;1728;31;1759;NA;260892;312;2020-11-02;5938
2020-11-01;"Trnavský kraj";87;494;27;521;NA;260892;114;2020-11-01;5626
2020-10-31;"Trnavský kraj";259;5024;41;5065;NA;260892;300;2020-10-31;5512
2020-10-30;"Trnavský kraj";198;3784;27;3811;NA;260892;225;2020-10-30;5212
2020-10-29;"Trnavský kraj";273;1461;16;1477;NA;260892;289;2020-10-29;4987
2020-10-28;"Trnavský kraj";319;117;16;133;NA;260892;335;2020-10-28;4698
2020-10-27;"Trnavský kraj";199;461;36;497;NA;260892;235;2020-10-27;4363
2020-10-26;"Trnavský kraj";153;29;2;31;NA;260892;155;2020-10-26;4128
2020-10-25;"Trnavský kraj";95;19;1;20;NA;260892;96;2020-10-25;3973
2020-10-24;"Trnavský kraj";158;109;2;111;NA;260892;160;2020-10-24;3877
2020-10-23;"Trnavský kraj";201;89;4;93;NA;260892;205;2020-10-23;3717
2020-10-22;"Trnavský kraj";195;55;2;57;NA;260892;197;2020-10-22;3512
2020-10-21;"Trnavský kraj";77;73;3;76;NA;260892;80;2020-10-21;3315
2022-03-28;"Žilinský kraj";825;8;1;9;243341;337091;826;2022-03-28;337091
2022-03-27;"Žilinský kraj";88;253;71;324;NA;337091;159;2022-03-27;336265
2022-03-26;"Žilinský kraj";586;202;46;248;NA;337091;632;2022-03-26;336106
2022-03-25;"Žilinský kraj";601;834;89;923;NA;337091;690;2022-03-25;335474
2022-03-24;"Žilinský kraj";697;1399;94;1493;NA;337091;791;2022-03-24;334784
2022-03-23;"Žilinský kraj";883;896;98;994;NA;337091;981;2022-03-23;333993
2022-03-22;"Žilinský kraj";1102;2485;126;2611;NA;337091;1228;2022-03-22;333012
2022-03-21;"Žilinský kraj";969;1886;156;2042;NA;337091;1125;2022-03-21;331784
2022-03-20;"Žilinský kraj";157;419;79;498;NA;337091;236;2022-03-20;330659
2022-03-19;"Žilinský kraj";479;319;64;383;NA;337091;543;2022-03-19;330423
2022-03-18;"Žilinský kraj";864;773;119;892;NA;337091;983;2022-03-18;329880
2022-03-17;"Žilinský kraj";733;1098;148;1246;NA;337091;881;2022-03-17;328897
2022-03-16;"Žilinský kraj";995;1350;160;1510;NA;337091;1155;2022-03-16;328016
2022-03-15;"Žilinský kraj";1252;2492;206;2698;NA;337091;1458;2022-03-15;326861
2022-03-14;"Žilinský kraj";1138;1510;194;1704;NA;337091;1332;2022-03-14;325403
2022-03-13;"Žilinský kraj";226;503;104;607;NA;337091;330;2022-03-13;324071
2022-03-12;"Žilinský kraj";650;332;92;424;NA;337091;742;2022-03-12;323741
2022-03-11;"Žilinský kraj";824;1730;193;1923;NA;337091;1017;2022-03-11;322999
2022-03-10;"Žilinský kraj";1249;1494;164;1658;NA;337091;1413;2022-03-10;321982
2022-03-09;"Žilinský kraj";1713;1457;206;1663;NA;337091;1919;2022-03-09;320569
2022-03-08;"Žilinský kraj";699;2333;311;2644;NA;337091;1010;2022-03-08;318650
2022-03-07;"Žilinský kraj";1448;2192;294;2486;NA;337091;1742;2022-03-07;317640
2022-03-06;"Žilinský kraj";323;780;206;986;NA;337091;529;2022-03-06;315898
2022-03-05;"Žilinský kraj";576;551;123;674;NA;337091;699;2022-03-05;315369
2022-03-04;"Žilinský kraj";1194;1840;254;2094;NA;337091;1448;2022-03-04;314670
2022-03-03;"Žilinský kraj";1240;1825;244;2069;NA;337091;1484;2022-03-03;313222
2022-03-02;"Žilinský kraj";1194;1772;244;2016;NA;337091;1438;2022-03-02;311738
2022-03-01;"Žilinský kraj";1710;2949;340;3289;NA;337091;2050;2022-03-01;310300
2022-02-28;"Žilinský kraj";1700;2980;355;3335;NA;337091;2055;2022-02-28;308250
2022-02-27;"Žilinský kraj";224;940;221;1161;NA;337091;445;2022-02-27;306195
2022-02-26;"Žilinský kraj";1184;816;171;987;NA;337091;1355;2022-02-26;305750
2022-02-25;"Žilinský kraj";1371;2421;320;2741;NA;337091;1691;2022-02-25;304395
2022-02-24;"Žilinský kraj";1504;2589;314;2903;NA;337091;1818;2022-02-24;302704
2022-02-23;"Žilinský kraj";1766;3298;333;3631;NA;337091;2099;2022-02-23;300886
2022-02-22;"Žilinský kraj";2419;3369;406;3775;NA;337091;2825;2022-02-22;298787
2022-02-21;"Žilinský kraj";2227;4181;573;4754;NA;337091;2800;2022-02-21;295962
2022-02-20;"Žilinský kraj";541;1473;304;1777;NA;337091;845;2022-02-20;293162
2022-02-19;"Žilinský kraj";1656;944;273;1217;NA;337091;1929;2022-02-19;292317
2022-02-18;"Žilinský kraj";1994;3335;439;3774;NA;337091;2433;2022-02-18;290388
2022-02-17;"Žilinský kraj";2274;3013;424;3437;NA;337091;2698;2022-02-17;287955
2022-02-16;"Žilinský kraj";2676;3573;496;4069;NA;337091;3172;2022-02-16;285257
2022-02-15;"Žilinský kraj";2939;4226;604;4830;NA;337091;3543;2022-02-15;282085
2022-02-14;"Žilinský kraj";2955;4182;777;4959;NA;337091;3732;2022-02-14;278542
2022-02-13;"Žilinský kraj";751;1842;464;2306;NA;337091;1215;2022-02-13;274810
2022-02-12;"Žilinský kraj";1771;1431;319;1750;NA;337091;2090;2022-02-12;273595
2022-02-11;"Žilinský kraj";2856;3332;570;3902;NA;337091;3426;2022-02-11;271505
2022-02-10;"Žilinský kraj";2861;3472;583;4055;NA;337091;3444;2022-02-10;268079
2022-02-09;"Žilinský kraj";3365;3863;618;4481;NA;337091;3983;2022-02-09;264635
2022-02-08;"Žilinský kraj";3367;4866;780;5646;NA;337091;4147;2022-02-08;260652
2022-02-07;"Žilinský kraj";3242;5569;913;6482;NA;337091;4155;2022-02-07;256505
2022-02-06;"Žilinský kraj";1389;2587;529;3116;NA;337091;1918;2022-02-06;252350
2022-02-05;"Žilinský kraj";2107;1846;425;2271;NA;337091;2532;2022-02-05;250432
2022-02-04;"Žilinský kraj";3099;4389;631;5020;NA;337091;3730;2022-02-04;247900
2022-02-03;"Žilinský kraj";3201;4122;613;4735;NA;337091;3814;2022-02-03;244170
2022-02-02;"Žilinský kraj";3168;4616;666;5282;NA;337091;3834;2022-02-02;240356
2022-02-01;"Žilinský kraj";3593;5240;694;5934;NA;337091;4287;2022-02-01;236522
2022-01-31;"Žilinský kraj";2145;7492;931;8423;NA;337091;3076;2022-01-31;232235
2022-01-30;"Žilinský kraj";1487;2898;431;3329;NA;337091;1918;2022-01-30;229159
2022-01-29;"Žilinský kraj";2055;2033;365;2398;NA;337091;2420;2022-01-29;227241
2022-01-28;"Žilinský kraj";2572;4800;546;5346;NA;337091;3118;2022-01-28;224821
2022-01-27;"Žilinský kraj";2406;4038;537;4575;NA;337091;2943;2022-01-27;221703
2022-01-26;"Žilinský kraj";2693;5009;516;5525;NA;337091;3209;2022-01-26;218760
2022-01-25;"Žilinský kraj";2595;5626;416;6042;NA;337091;3011;2022-01-25;215551
2022-01-24;"Žilinský kraj";1401;7098;522;7620;NA;337091;1923;2022-01-24;212540
2022-01-23;"Žilinský kraj";654;2923;276;3199;NA;337091;930;2022-01-23;210617
2022-01-22;"Žilinský kraj";1256;1706;206;1912;NA;337091;1462;2022-01-22;209687
2022-01-21;"Žilinský kraj";1188;4187;265;4452;NA;337091;1453;2022-01-21;208225
2022-01-20;"Žilinský kraj";1288;3654;205;3859;NA;337091;1493;2022-01-20;206772
2022-01-19;"Žilinský kraj";1215;4086;206;4292;NA;337091;1421;2022-01-19;205279
2022-01-18;"Žilinský kraj";1191;4213;168;4381;NA;337091;1359;2022-01-18;203858
2022-01-17;"Žilinský kraj";675;6886;256;7142;NA;337091;931;2022-01-17;202499
2022-01-16;"Žilinský kraj";175;2418;106;2524;NA;337091;281;2022-01-16;201568
2022-01-15;"Žilinský kraj";398;1410;70;1480;NA;337091;468;2022-01-15;201287
2022-01-14;"Žilinský kraj";446;3716;106;3822;NA;337091;552;2022-01-14;200819
2022-01-13;"Žilinský kraj";295;2912;78;2990;NA;337091;373;2022-01-13;200267
2022-01-12;"Žilinský kraj";422;3168;72;3240;NA;337091;494;2022-01-12;199894
2022-01-11;"Žilinský kraj";622;4216;57;4273;NA;337091;679;2022-01-11;199400
2022-01-10;"Žilinský kraj";436;6344;102;6446;NA;337091;538;2022-01-10;198721
2022-01-09;"Žilinský kraj";95;2934;54;2988;NA;337091;149;2022-01-09;198183
2022-01-08;"Žilinský kraj";345;1650;45;1695;NA;337091;390;2022-01-08;198034
2022-01-07;"Žilinský kraj";525;4566;75;4641;NA;337091;600;2022-01-07;197644
2022-01-06;"Žilinský kraj";167;1214;40;1254;NA;337091;207;2022-01-06;197044
2022-01-05;"Žilinský kraj";471;3492;75;3567;NA;337091;546;2022-01-05;196837
2022-01-04;"Žilinský kraj";606;3762;87;3849;NA;337091;693;2022-01-04;196291
2022-01-03;"Žilinský kraj";601;6083;116;6199;NA;337091;717;2022-01-03;195598
2022-01-02;"Žilinský kraj";288;2596;85;2681;NA;337091;373;2022-01-02;194881
2022-01-01;"Žilinský kraj";14;439;15;454;NA;337091;29;2022-01-01;194508
2021-12-31;"Žilinský kraj";323;1608;70;1678;NA;337091;393;2021-12-31;194479
2021-12-30;"Žilinský kraj";492;2213;95;2308;NA;337091;587;2021-12-30;194086
2021-12-29;"Žilinský kraj";543;6864;83;6947;NA;337091;626;2021-12-29;193499
2021-12-28;"Žilinský kraj";641;3408;106;3514;NA;337091;747;2021-12-28;192873
2021-12-27;"Žilinský kraj";691;3961;145;4106;NA;337091;836;2021-12-27;192126
2021-12-26;"Žilinský kraj";242;1167;58;1225;NA;337091;300;2021-12-26;191290
2021-12-25;"Žilinský kraj";22;442;45;487;NA;337091;67;2021-12-25;190990
2021-12-24;"Žilinský kraj";98;518;21;539;NA;337091;119;2021-12-24;190923
2021-12-23;"Žilinský kraj";731;2678;105;2783;NA;337091;836;2021-12-23;190804
2021-12-22;"Žilinský kraj";510;2428;77;2505;NA;337091;587;2021-12-22;189968
2021-12-21;"Žilinský kraj";755;3641;102;3743;NA;337091;857;2021-12-21;189381
2021-12-20;"Žilinský kraj";563;4545;125;4670;NA;337091;688;2021-12-20;188524
2021-12-19;"Žilinský kraj";133;2215;90;2305;NA;337091;223;2021-12-19;187836
2021-12-18;"Žilinský kraj";417;1321;70;1391;NA;337091;487;2021-12-18;187613
2021-12-17;"Žilinský kraj";604;3895;127;4022;NA;337091;731;2021-12-17;187126
2021-12-16;"Žilinský kraj";660;3931;109;4040;NA;337091;769;2021-12-16;186395
2021-12-15;"Žilinský kraj";802;3491;122;3613;NA;337091;924;2021-12-15;185626
2021-12-14;"Žilinský kraj";798;4587;129;4716;NA;337091;927;2021-12-14;184702
2021-12-13;"Žilinský kraj";759;7755;212;7967;NA;337091;971;2021-12-13;183775
2021-12-12;"Žilinský kraj";340;2836;114;2950;NA;337091;454;2021-12-12;182804
2021-12-11;"Žilinský kraj";761;1849;112;1961;NA;337091;873;2021-12-11;182350
2021-12-10;"Žilinský kraj";638;4041;136;4177;NA;337091;774;2021-12-10;181477
2021-12-09;"Žilinský kraj";870;5842;161;6003;NA;337091;1031;2021-12-09;180703
2021-12-08;"Žilinský kraj";1018;3215;158;3373;NA;337091;1176;2021-12-08;179672
2021-12-07;"Žilinský kraj";1356;5148;160;5308;NA;337091;1516;2021-12-07;178496
2021-12-06;"Žilinský kraj";919;7441;226;7667;NA;337091;1145;2021-12-06;176980
2021-12-05;"Žilinský kraj";505;3306;134;3440;NA;337091;639;2021-12-05;175835
2021-12-04;"Žilinský kraj";704;1892;153;2045;NA;337091;857;2021-12-04;175196
2021-12-03;"Žilinský kraj";1204;4864;215;5079;NA;337091;1419;2021-12-03;174339
2021-12-02;"Žilinský kraj";1847;4131;199;4330;NA;337091;2046;2021-12-02;172920
2021-12-01;"Žilinský kraj";1183;4073;195;4268;NA;337091;1378;2021-12-01;170874
2021-11-30;"Žilinský kraj";1575;5467;252;5719;NA;337091;1827;2021-11-30;169496
2021-11-29;"Žilinský kraj";1395;9069;358;9427;NA;337091;1753;2021-11-29;167669
2021-11-28;"Žilinský kraj";625;4581;235;4816;NA;337091;860;2021-11-28;165916
2021-11-27;"Žilinský kraj";909;2557;192;2749;NA;337091;1101;2021-11-27;165056
2021-11-26;"Žilinský kraj";1195;6599;344;6943;NA;337091;1539;2021-11-26;163955
2021-11-25;"Žilinský kraj";1281;4701;331;5032;NA;337091;1612;2021-11-25;162416
2021-11-24;"Žilinský kraj";1792;4660;324;4984;NA;337091;2116;2021-11-24;160804
2021-11-23;"Žilinský kraj";1630;4654;353;5007;NA;337091;1983;2021-11-23;158688
2021-11-22;"Žilinský kraj";1126;6699;452;7151;NA;337091;1578;2021-11-22;156705
2021-11-21;"Žilinský kraj";443;2865;260;3125;NA;337091;703;2021-11-21;155127
2021-11-20;"Žilinský kraj";963;2104;241;2345;NA;337091;1204;2021-11-20;154424
2021-11-19;"Žilinský kraj";1281;4622;434;5056;NA;337091;1715;2021-11-19;153220
2021-11-18;"Žilinský kraj";1220;4432;376;4808;NA;337091;1596;2021-11-18;151505
2021-11-17;"Žilinský kraj";1001;1434;149;1583;NA;337091;1150;2021-11-17;149909
2021-11-16;"Žilinský kraj";1197;4058;323;4381;NA;337091;1520;2021-11-16;148759
2021-11-15;"Žilinský kraj";977;5050;476;5526;NA;337091;1453;2021-11-15;147239
2021-11-14;"Žilinský kraj";356;2287;262;2549;NA;337091;618;2021-11-14;145786
2021-11-13;"Žilinský kraj";652;1882;220;2102;NA;337091;872;2021-11-13;145168
2021-11-12;"Žilinský kraj";1027;4291;340;4631;NA;337091;1367;2021-11-12;144296
2021-11-11;"Žilinský kraj";924;4192;272;4464;NA;337091;1196;2021-11-11;142929
2021-11-10;"Žilinský kraj";897;4509;305;4814;NA;337091;1202;2021-11-10;141733
2021-11-09;"Žilinský kraj";1440;4619;256;4875;NA;337091;1696;2021-11-09;140531
2021-11-08;"Žilinský kraj";781;4438;425;4863;NA;337091;1206;2021-11-08;138835
2021-11-07;"Žilinský kraj";304;2130;231;2361;NA;337091;535;2021-11-07;137629
2021-11-06;"Žilinský kraj";741;2150;201;2351;NA;337091;942;2021-11-06;137094
2021-11-05;"Žilinský kraj";1064;4067;235;4302;NA;337091;1299;2021-11-05;136152
2021-11-04;"Žilinský kraj";776;3709;232;3941;NA;337091;1008;2021-11-04;134853
2021-11-03;"Žilinský kraj";1106;5550;338;5888;NA;337091;1444;2021-11-03;133845
2021-11-02;"Žilinský kraj";1136;4451;333;4784;NA;337091;1469;2021-11-02;132401
2021-11-01;"Žilinský kraj";399;1456;137;1593;NA;337091;536;2021-11-01;130932
2021-10-31;"Žilinský kraj";344;1387;145;1532;NA;337091;489;2021-10-31;130396
2021-10-30;"Žilinský kraj";571;1944;161;2105;NA;337091;732;2021-10-30;129907
2021-10-29;"Žilinský kraj";733;3339;194;3533;NA;337091;927;2021-10-29;129175
2021-10-28;"Žilinský kraj";639;4953;247;5200;NA;337091;886;2021-10-28;128248
2021-10-27;"Žilinský kraj";739;3446;173;3619;NA;337091;912;2021-10-27;127362
2021-10-26;"Žilinský kraj";945;4748;216;4964;NA;337091;1161;2021-10-26;126450
2021-10-25;"Žilinský kraj";649;5736;271;6007;NA;337091;920;2021-10-25;125289
2021-10-24;"Žilinský kraj";248;1679;107;1786;NA;337091;355;2021-10-24;124369
2021-10-23;"Žilinský kraj";399;2415;149;2564;NA;337091;548;2021-10-23;124014
2021-10-22;"Žilinský kraj";587;3898;151;4049;NA;337091;738;2021-10-22;123466
2021-10-21;"Žilinský kraj";591;3367;162;3529;NA;337091;753;2021-10-21;122728
2021-10-20;"Žilinský kraj";479;3864;154;4018;NA;337091;633;2021-10-20;121975
2021-10-19;"Žilinský kraj";675;3763;161;3924;NA;337091;836;2021-10-19;121342
2021-10-18;"Žilinský kraj";432;5160;271;5431;NA;337091;703;2021-10-18;120506
2021-10-17;"Žilinský kraj";135;1769;101;1870;NA;337091;236;2021-10-17;119803
2021-10-16;"Žilinský kraj";273;2341;100;2441;NA;337091;373;2021-10-16;119567
2021-10-15;"Žilinský kraj";347;3859;146;4005;NA;337091;493;2021-10-15;119194
2021-10-14;"Žilinský kraj";419;3035;110;3145;NA;337091;529;2021-10-14;118701
2021-10-13;"Žilinský kraj";404;3427;112;3539;NA;337091;516;2021-10-13;118172
2021-10-12;"Žilinský kraj";589;4000;141;4141;NA;337091;730;2021-10-12;117656
2021-10-11;"Žilinský kraj";323;4501;154;4655;NA;337091;477;2021-10-11;116926
2021-10-10;"Žilinský kraj";113;1577;77;1654;NA;337091;190;2021-10-10;116449
2021-10-09;"Žilinský kraj";201;1565;57;1622;NA;337091;258;2021-10-09;116259
2021-10-08;"Žilinský kraj";265;4227;99;4326;NA;337091;364;2021-10-08;116001
2021-10-07;"Žilinský kraj";338;3384;113;3497;NA;337091;451;2021-10-07;115637
2021-10-06;"Žilinský kraj";313;3901;89;3990;NA;337091;402;2021-10-06;115186
2021-10-05;"Žilinský kraj";387;4031;122;4153;NA;337091;509;2021-10-05;114784
2021-10-04;"Žilinský kraj";297;4449;121;4570;NA;337091;418;2021-10-04;114275
2021-10-03;"Žilinský kraj";22;1596;63;1659;NA;337091;85;2021-10-03;113857
2021-10-02;"Žilinský kraj";209;1990;45;2035;NA;337091;254;2021-10-02;113772
2021-10-01;"Žilinský kraj";263;4047;104;4151;NA;337091;367;2021-10-01;113518
2021-09-30;"Žilinský kraj";248;3531;71;3602;NA;337091;319;2021-09-30;113151
2021-09-29;"Žilinský kraj";285;3577;82;3659;NA;337091;367;2021-09-29;112832
2021-09-28;"Žilinský kraj";272;3656;73;3729;NA;337091;345;2021-09-28;112465
2021-09-27;"Žilinský kraj";239;4418;152;4570;NA;337091;391;2021-09-27;112120
2021-09-26;"Žilinský kraj";17;1665;42;1707;NA;337091;59;2021-09-26;111729
2021-09-25;"Žilinský kraj";111;1711;50;1761;NA;337091;161;2021-09-25;111670
2021-09-24;"Žilinský kraj";199;6127;98;6225;NA;337091;297;2021-09-24;111509
2021-09-23;"Žilinský kraj";176;2629;74;2703;NA;337091;250;2021-09-23;111212
2021-09-22;"Žilinský kraj";185;2728;77;2805;NA;337091;262;2021-09-22;110962
2021-09-21;"Žilinský kraj";250;3123;78;3201;NA;337091;328;2021-09-21;110700
2021-09-20;"Žilinský kraj";244;3231;95;3326;NA;337091;339;2021-09-20;110372
2021-09-19;"Žilinský kraj";26;1579;37;1616;NA;337091;63;2021-09-19;110033
2021-09-18;"Žilinský kraj";87;1441;45;1486;NA;337091;132;2021-09-18;109970
2021-09-17;"Žilinský kraj";192;3351;56;3407;NA;337091;248;2021-09-17;109838
2021-09-16;"Žilinský kraj";164;2744;87;2831;NA;337091;251;2021-09-16;109590
2021-09-15;"Žilinský kraj";31;555;11;566;NA;337091;42;2021-09-15;109339
2021-09-14;"Žilinský kraj";155;3268;61;3329;NA;337091;216;2021-09-14;109297
2021-09-13;"Žilinský kraj";81;3250;75;3325;NA;337091;156;2021-09-13;109081
2021-09-12;"Žilinský kraj";9;1138;24;1162;NA;337091;33;2021-09-12;108925
2021-09-11;"Žilinský kraj";47;1322;21;1343;NA;337091;68;2021-09-11;108892
2021-09-10;"Žilinský kraj";66;2439;34;2473;NA;337091;100;2021-09-10;108824
2021-09-09;"Žilinský kraj";56;2352;18;2370;NA;337091;74;2021-09-09;108724
2021-09-08;"Žilinský kraj";68;1560;24;1584;NA;337091;92;2021-09-08;108650
2021-09-07;"Žilinský kraj";72;1806;27;1833;NA;337091;99;2021-09-07;108558
2021-09-06;"Žilinský kraj";31;2381;45;2426;NA;337091;76;2021-09-06;108459
2021-09-05;"Žilinský kraj";11;785;8;793;NA;337091;19;2021-09-05;108383
2021-09-04;"Žilinský kraj";24;1080;5;1085;NA;337091;29;2021-09-04;108364
2021-09-03;"Žilinský kraj";52;2047;28;2075;NA;337091;80;2021-09-03;108335
2021-09-02;"Žilinský kraj";30;1432;22;1454;NA;337091;52;2021-09-02;108255
2021-09-01;"Žilinský kraj";5;461;6;467;NA;337091;11;2021-09-01;108203
2021-08-31;"Žilinský kraj";32;1710;15;1725;NA;337091;47;2021-08-31;108192
2021-08-30;"Žilinský kraj";7;1801;4;1805;NA;337091;11;2021-08-30;108145
2021-08-29;"Žilinský kraj";8;631;5;636;NA;337091;13;2021-08-29;108134
2021-08-28;"Žilinský kraj";2;1005;1;1006;NA;337091;3;2021-08-28;108121
2021-08-27;"Žilinský kraj";13;1765;12;1777;NA;337091;25;2021-08-27;108118
2021-08-26;"Žilinský kraj";17;1636;7;1643;NA;337091;24;2021-08-26;108093
2021-08-25;"Žilinský kraj";9;1203;11;1214;NA;337091;20;2021-08-25;108069
2021-08-24;"Žilinský kraj";6;1395;9;1404;NA;337091;15;2021-08-24;108049
2021-08-23;"Žilinský kraj";11;1877;7;1884;NA;337091;18;2021-08-23;108034
2021-08-22;"Žilinský kraj";2;733;3;736;NA;337091;5;2021-08-22;108016
2021-08-21;"Žilinský kraj";6;1183;2;1185;NA;337091;8;2021-08-21;108011
2021-08-20;"Žilinský kraj";7;2284;5;2289;NA;337091;12;2021-08-20;108003
2021-08-19;"Žilinský kraj";6;1281;3;1284;NA;337091;9;2021-08-19;107991
2021-08-18;"Žilinský kraj";4;1331;7;1338;NA;337091;11;2021-08-18;107982
2021-08-17;"Žilinský kraj";9;1219;3;1222;NA;337091;12;2021-08-17;107971
2021-08-16;"Žilinský kraj";14;1696;5;1701;NA;337091;19;2021-08-16;107959
2021-08-15;"Žilinský kraj";1;880;2;882;NA;337091;3;2021-08-15;107940
2021-08-14;"Žilinský kraj";5;1197;0;1197;NA;337091;5;2021-08-14;107937
2021-08-13;"Žilinský kraj";6;1685;0;1685;NA;337091;6;2021-08-13;107932
2021-08-12;"Žilinský kraj";4;1105;1;1106;NA;337091;5;2021-08-12;107926
2021-08-11;"Žilinský kraj";13;1250;3;1253;NA;337091;16;2021-08-11;107921
2021-08-10;"Žilinský kraj";12;1292;3;1295;NA;337091;15;2021-08-10;107905
2021-08-09;"Žilinský kraj";9;1142;1;1143;NA;337091;10;2021-08-09;107890
2021-08-08;"Žilinský kraj";1;748;5;753;NA;337091;6;2021-08-08;107880
2021-08-07;"Žilinský kraj";7;1192;1;1193;NA;337091;8;2021-08-07;107874
2021-08-06;"Žilinský kraj";1;1347;0;1347;NA;337091;1;2021-08-06;107866
2021-08-05;"Žilinský kraj";7;1148;3;1151;NA;337091;10;2021-08-05;107865
2021-08-04;"Žilinský kraj";12;895;0;895;NA;337091;12;2021-08-04;107855
2021-08-03;"Žilinský kraj";11;918;0;918;NA;337091;11;2021-08-03;107843
2021-08-02;"Žilinský kraj";5;1513;1;1514;NA;337091;6;2021-08-02;107832
2021-08-01;"Žilinský kraj";0;679;2;681;NA;337091;2;2021-08-01;107826
2021-07-31;"Žilinský kraj";4;1114;0;1114;NA;337091;4;2021-07-31;107824
2021-07-30;"Žilinský kraj";3;1671;0;1671;NA;337091;3;2021-07-30;107820
2021-07-29;"Žilinský kraj";1;1299;0;1299;NA;337091;1;2021-07-29;107817
2021-07-28;"Žilinský kraj";4;901;0;901;NA;337091;4;2021-07-28;107816
2021-07-27;"Žilinský kraj";11;1378;0;1378;NA;337091;11;2021-07-27;107812
2021-07-26;"Žilinský kraj";1;1301;1;1302;NA;337091;2;2021-07-26;107801
2021-07-25;"Žilinský kraj";2;828;2;830;NA;337091;4;2021-07-25;107799
2021-07-24;"Žilinský kraj";2;1338;2;1340;NA;337091;4;2021-07-24;107795
2021-07-23;"Žilinský kraj";4;1750;0;1750;NA;337091;4;2021-07-23;107791
2021-07-22;"Žilinský kraj";2;1207;0;1207;NA;337091;2;2021-07-22;107787
2021-07-21;"Žilinský kraj";2;1021;0;1021;NA;337091;2;2021-07-21;107785
2021-07-20;"Žilinský kraj";4;1439;0;1439;NA;337091;4;2021-07-20;107783
2021-07-19;"Žilinský kraj";4;1763;1;1764;NA;337091;5;2021-07-19;107779
2021-07-18;"Žilinský kraj";0;854;1;855;NA;337091;1;2021-07-18;107774
2021-07-17;"Žilinský kraj";0;1350;0;1350;NA;337091;0;2021-07-17;107773
2021-07-16;"Žilinský kraj";2;1767;0;1767;NA;337091;2;2021-07-16;107773
2021-07-15;"Žilinský kraj";2;1577;0;1577;NA;337091;2;2021-07-15;107771
2021-07-14;"Žilinský kraj";5;1042;1;1043;NA;337091;6;2021-07-14;107769
2021-07-13;"Žilinský kraj";3;1709;1;1710;NA;337091;4;2021-07-13;107763
2021-07-12;"Žilinský kraj";3;1325;1;1326;NA;337091;4;2021-07-12;107759
2021-07-11;"Žilinský kraj";2;989;0;989;NA;337091;2;2021-07-11;107755
2021-07-10;"Žilinský kraj";1;1511;4;1515;NA;337091;5;2021-07-10;107753
2021-07-09;"Žilinský kraj";1;2208;1;2209;NA;337091;2;2021-07-09;107748
2021-07-08;"Žilinský kraj";6;1776;3;1779;NA;337091;9;2021-07-08;107746
2021-07-07;"Žilinský kraj";1;1585;3;1588;NA;337091;4;2021-07-07;107737
2021-07-06;"Žilinský kraj";4;1956;0;1956;NA;337091;4;2021-07-06;107733
2021-07-05;"Žilinský kraj";2;1031;1;1032;NA;337091;3;2021-07-05;107729
2021-07-04;"Žilinský kraj";0;1003;0;1003;NA;337091;0;2021-07-04;107726
2021-07-03;"Žilinský kraj";1;1696;2;1698;NA;337091;3;2021-07-03;107726
2021-07-02;"Žilinský kraj";0;3356;2;3358;NA;337091;2;2021-07-02;107723
2021-07-01;"Žilinský kraj";1;1118;0;1118;NA;337091;1;2021-07-01;107721
2021-06-30;"Žilinský kraj";1;10464;6;10470;NA;337091;7;2021-06-30;107720
2021-06-29;"Žilinský kraj";10;5946;0;5946;NA;337091;10;2021-06-29;107713
2021-06-28;"Žilinský kraj";4;6245;2;6247;NA;337091;6;2021-06-28;107703
2021-06-27;"Žilinský kraj";3;4702;1;4703;NA;337091;4;2021-06-27;107697
2021-06-26;"Žilinský kraj";4;5919;0;5919;NA;337091;4;2021-06-26;107693
2021-06-25;"Žilinský kraj";8;9756;5;9761;NA;337091;13;2021-06-25;107689
2021-06-24;"Žilinský kraj";6;5657;3;5660;NA;337091;9;2021-06-24;107676
2021-06-23;"Žilinský kraj";7;5955;10;5965;NA;337091;17;2021-06-23;107667
2021-06-22;"Žilinský kraj";6;5214;8;5222;NA;337091;14;2021-06-22;107650
2021-06-21;"Žilinský kraj";6;6287;8;6295;NA;337091;14;2021-06-21;107636
2021-06-20;"Žilinský kraj";1;5531;8;5539;NA;337091;9;2021-06-20;107622
2021-06-19;"Žilinský kraj";9;8353;2;8355;NA;337091;11;2021-06-19;107613
2021-06-18;"Žilinský kraj";11;10624;12;10636;NA;337091;23;2021-06-18;107602
2021-06-17;"Žilinský kraj";10;6092;12;6104;NA;337091;22;2021-06-17;107579
2021-06-16;"Žilinský kraj";17;5786;11;5797;NA;337091;28;2021-06-16;107557
2021-06-15;"Žilinský kraj";13;5996;13;6009;NA;337091;26;2021-06-15;107529
2021-06-14;"Žilinský kraj";10;7596;21;7617;NA;337091;31;2021-06-14;107503
2021-06-13;"Žilinský kraj";2;6682;9;6691;NA;337091;11;2021-06-13;107472
2021-06-12;"Žilinský kraj";9;8634;11;8645;NA;337091;20;2021-06-12;107461
2021-06-11;"Žilinský kraj";11;11566;14;11580;NA;337091;25;2021-06-11;107441
2021-06-10;"Žilinský kraj";14;6788;14;6802;NA;337091;28;2021-06-10;107416
2021-06-09;"Žilinský kraj";23;5925;14;5939;NA;337091;37;2021-06-09;107388
2021-06-08;"Žilinský kraj";18;6615;16;6631;NA;337091;34;2021-06-08;107351
2021-06-07;"Žilinský kraj";25;8534;21;8555;NA;337091;46;2021-06-07;107317
2021-06-06;"Žilinský kraj";10;8056;27;8083;NA;337091;37;2021-06-06;107271
2021-06-05;"Žilinský kraj";8;9175;10;9185;NA;337091;18;2021-06-05;107234
2021-06-04;"Žilinský kraj";19;12260;34;12294;NA;337091;53;2021-06-04;107216
2021-06-03;"Žilinský kraj";12;7033;33;7066;NA;337091;45;2021-06-03;107163
2021-06-02;"Žilinský kraj";17;7090;28;7118;NA;337091;45;2021-06-02;107118
2021-06-01;"Žilinský kraj";38;8285;46;8331;NA;337091;84;2021-06-01;107073
2021-05-31;"Žilinský kraj";31;9616;59;9675;NA;337091;90;2021-05-31;106989
2021-05-30;"Žilinský kraj";21;9025;35;9060;NA;337091;56;2021-05-30;106899
2021-05-29;"Žilinský kraj";13;11195;23;11218;NA;337091;36;2021-05-29;106843
2021-05-28;"Žilinský kraj";28;13277;30;13307;NA;337091;58;2021-05-28;106807
2021-05-27;"Žilinský kraj";17;8267;39;8306;NA;337091;56;2021-05-27;106749
2021-05-26;"Žilinský kraj";20;8329;25;8354;NA;337091;45;2021-05-26;106693
2021-05-25;"Žilinský kraj";21;9624;38;9662;NA;337091;59;2021-05-25;106648
2021-05-24;"Žilinský kraj";36;11487;57;11544;NA;337091;93;2021-05-24;106589
2021-05-23;"Žilinský kraj";4;10923;56;10979;NA;337091;60;2021-05-23;106496
2021-05-22;"Žilinský kraj";21;11893;28;11921;NA;337091;49;2021-05-22;106436
2021-05-21;"Žilinský kraj";28;15654;50;15704;NA;337091;78;2021-05-21;106387
2021-05-20;"Žilinský kraj";30;9616;30;9646;NA;337091;60;2021-05-20;106309
2021-05-19;"Žilinský kraj";46;8693;41;8734;NA;337091;87;2021-05-19;106249
2021-05-18;"Žilinský kraj";52;10609;44;10653;NA;337091;96;2021-05-18;106162
2021-05-17;"Žilinský kraj";51;12676;84;12760;NA;337091;135;2021-05-17;106066
2021-05-16;"Žilinský kraj";13;14114;42;14156;NA;337091;55;2021-05-16;105931
2021-05-15;"Žilinský kraj";30;18404;35;18439;NA;337091;65;2021-05-15;105876
2021-05-14;"Žilinský kraj";34;21205;82;21287;NA;337091;116;2021-05-14;105811
2021-05-13;"Žilinský kraj";64;11865;51;11916;NA;337091;115;2021-05-13;105695
2021-05-12;"Žilinský kraj";57;10337;51;10388;NA;337091;108;2021-05-12;105580
2021-05-11;"Žilinský kraj";70;12174;51;12225;NA;337091;121;2021-05-11;105472
2021-05-10;"Žilinský kraj";69;16182;72;16254;NA;337091;141;2021-05-10;105351
2021-05-09;"Žilinský kraj";58;20385;77;20462;NA;337091;135;2021-05-09;105210
2021-05-08;"Žilinský kraj";0;24133;63;24196;NA;337091;63;2021-05-08;105075
2021-05-07;"Žilinský kraj";65;26522;87;26609;NA;337091;152;2021-05-07;105012
2021-05-06;"Žilinský kraj";67;16605;72;16677;NA;337091;139;2021-05-06;104860
2021-05-05;"Žilinský kraj";71;13096;73;13169;NA;337091;144;2021-05-05;104721
2021-05-04;"Žilinský kraj";81;16749;80;16829;NA;337091;161;2021-05-04;104577
2021-05-03;"Žilinský kraj";97;20391;111;20502;NA;337091;208;2021-05-03;104416
2021-05-02;"Žilinský kraj";8;28886;64;28950;NA;337091;72;2021-05-02;104208
2021-05-01;"Žilinský kraj";65;55053;105;55158;NA;337091;170;2021-05-01;104136
2021-04-30;"Žilinský kraj";84;44000;117;44117;NA;337091;201;2021-04-30;103966
2021-04-29;"Žilinský kraj";77;24566;101;24667;NA;337091;178;2021-04-29;103765
2021-04-28;"Žilinský kraj";76;19214;91;19305;NA;337091;167;2021-04-28;103587
2021-04-27;"Žilinský kraj";97;21805;110;21915;NA;337091;207;2021-04-27;103420
2021-04-26;"Žilinský kraj";114;27412;136;27548;NA;337091;250;2021-04-26;103213
2021-04-25;"Žilinský kraj";38;35750;82;35832;NA;337091;120;2021-04-25;102963
2021-04-24;"Žilinský kraj";93;78854;157;79011;NA;337091;250;2021-04-24;102843
2021-04-23;"Žilinský kraj";144;49440;153;49593;NA;337091;297;2021-04-23;102593
2021-04-22;"Žilinský kraj";110;25224;132;25356;NA;337091;242;2021-04-22;102296
2021-04-21;"Žilinský kraj";118;20616;145;20761;NA;337091;263;2021-04-21;102054
2021-04-20;"Žilinský kraj";128;23873;136;24009;NA;337091;264;2021-04-20;101791
2021-04-19;"Žilinský kraj";164;32773;210;32983;NA;337091;374;2021-04-19;101527
2021-04-18;"Žilinský kraj";18;36767;91;36858;NA;337091;109;2021-04-18;101153
2021-04-17;"Žilinský kraj";108;89377;156;89533;NA;337091;264;2021-04-17;101044
2021-04-16;"Žilinský kraj";185;47847;208;48055;NA;337091;393;2021-04-16;100780
2021-04-15;"Žilinský kraj";108;24830;130;24960;NA;337091;238;2021-04-15;100387
2021-04-14;"Žilinský kraj";135;23145;145;23290;NA;337091;280;2021-04-14;100149
2021-04-13;"Žilinský kraj";171;25050;135;25185;NA;337091;306;2021-04-13;99869
2021-04-12;"Žilinský kraj";266;30794;189;30983;NA;337091;455;2021-04-12;99563
2021-04-11;"Žilinský kraj";19;37126;107;37233;NA;337091;126;2021-04-11;99108
2021-04-10;"Žilinský kraj";111;86284;237;86521;NA;337091;348;2021-04-10;98982
2021-04-09;"Žilinský kraj";195;41973;206;42179;NA;337091;401;2021-04-09;98634
2021-04-08;"Žilinský kraj";179;24404;141;24545;NA;337091;320;2021-04-08;98233
2021-04-07;"Žilinský kraj";309;28651;174;28825;NA;337091;483;2021-04-07;97913
2021-04-06;"Žilinský kraj";308;40107;301;40408;NA;337091;609;2021-04-06;97430
2021-04-05;"Žilinský kraj";17;14747;140;14887;NA;337091;157;2021-04-05;96821
2021-04-04;"Žilinský kraj";17;16284;69;16353;NA;337091;86;2021-04-04;96664
2021-04-03;"Žilinský kraj";180;100699;403;101102;NA;337091;583;2021-04-03;96578
2021-04-02;"Žilinský kraj";73;22411;83;22494;NA;337091;156;2021-04-02;95995
2021-04-01;"Žilinský kraj";334;43264;240;43504;NA;337091;574;2021-04-01;95839
2021-03-31;"Žilinský kraj";170;31635;247;31882;NA;337091;417;2021-03-31;95265
2021-03-30;"Žilinský kraj";406;26323;243;26566;NA;337091;649;2021-03-30;94848
2021-03-29;"Žilinský kraj";297;28029;268;28297;NA;337091;565;2021-03-29;94199
2021-03-28;"Žilinský kraj";21;36206;239;36445;NA;337091;260;2021-03-28;93634
2021-03-27;"Žilinský kraj";151;89107;353;89460;NA;337091;504;2021-03-27;93374
2021-03-26;"Žilinský kraj";312;51757;330;52087;NA;337091;642;2021-03-26;92870
2021-03-25;"Žilinský kraj";281;27619;214;27833;NA;337091;495;2021-03-25;92228
2021-03-24;"Žilinský kraj";280;21268;260;21528;NA;337091;540;2021-03-24;91733
2021-03-23;"Žilinský kraj";418;23193;278;23471;NA;337091;696;2021-03-23;91193
2021-03-22;"Žilinský kraj";293;29289;314;29603;NA;337091;607;2021-03-22;90497
2021-03-21;"Žilinský kraj";32;33705;227;33932;NA;337091;259;2021-03-21;89890
2021-03-20;"Žilinský kraj";165;93015;497;93512;NA;337091;662;2021-03-20;89631
2021-03-19;"Žilinský kraj";357;51988;414;52402;NA;337091;771;2021-03-19;88969
2021-03-18;"Žilinský kraj";329;28459;294;28753;NA;337091;623;2021-03-18;88198
2021-03-17;"Žilinský kraj";395;21919;269;22188;NA;337091;664;2021-03-17;87575
2021-03-16;"Žilinský kraj";514;24341;317;24658;NA;337091;831;2021-03-16;86911
2021-03-15;"Žilinský kraj";341;29613;419;30032;NA;337091;760;2021-03-15;86080
2021-03-14;"Žilinský kraj";87;34121;267;34388;NA;337091;354;2021-03-14;85320
2021-03-13;"Žilinský kraj";113;93386;581;93967;NA;337091;694;2021-03-13;84966
2021-03-12;"Žilinský kraj";520;52329;411;52740;NA;337091;931;2021-03-12;84272
2021-03-11;"Žilinský kraj";399;28189;302;28491;NA;337091;701;2021-03-11;83341
2021-03-10;"Žilinský kraj";368;22414;378;22792;NA;337091;746;2021-03-10;82640
2021-03-09;"Žilinský kraj";537;24857;316;25173;NA;337091;853;2021-03-09;81894
2021-03-08;"Žilinský kraj";387;30873;458;31331;NA;337091;845;2021-03-08;81041
2021-03-07;"Žilinský kraj";48;33469;290;33759;NA;337091;338;2021-03-07;80196
2021-03-06;"Žilinský kraj";173;92410;589;92999;NA;337091;762;2021-03-06;79858
2021-03-05;"Žilinský kraj";369;51987;484;52471;NA;337091;853;2021-03-05;79096
2021-03-04;"Žilinský kraj";467;30037;377;30414;NA;337091;844;2021-03-04;78243
2021-03-03;"Žilinský kraj";448;26261;394;26655;NA;337091;842;2021-03-03;77399
2021-03-02;"Žilinský kraj";551;25913;378;26291;NA;337091;929;2021-03-02;76557
2021-03-01;"Žilinský kraj";375;30498;441;30939;NA;337091;816;2021-03-01;75628
2021-02-28;"Žilinský kraj";61;34802;327;35129;NA;337091;388;2021-02-28;74812
2021-02-27;"Žilinský kraj";159;83781;639;84420;NA;337091;798;2021-02-27;74424
2021-02-26;"Žilinský kraj";459;47500;508;48008;NA;337091;967;2021-02-26;73626
2021-02-25;"Žilinský kraj";347;30879;393;31272;NA;337091;740;2021-02-25;72659
2021-02-24;"Žilinský kraj";339;18760;395;19155;NA;337091;734;2021-02-24;71919
2021-02-23;"Žilinský kraj";437;22172;418;22590;NA;337091;855;2021-02-23;71185
2021-02-22;"Žilinský kraj";345;29270;438;29708;NA;337091;783;2021-02-22;70330
2021-02-21;"Žilinský kraj";36;28686;322;29008;NA;337091;358;2021-02-21;69547
2021-02-20;"Žilinský kraj";152;89944;671;90615;NA;337091;823;2021-02-20;69189
2021-02-19;"Žilinský kraj";337;45541;417;45958;NA;337091;754;2021-02-19;68366
2021-02-18;"Žilinský kraj";263;24662;337;24999;NA;337091;600;2021-02-18;67612
2021-02-17;"Žilinský kraj";269;17932;355;18287;NA;337091;624;2021-02-17;67012
2021-02-16;"Žilinský kraj";321;24298;325;24623;NA;337091;646;2021-02-16;66388
2021-02-15;"Žilinský kraj";230;30420;311;30731;NA;337091;541;2021-02-15;65742
2021-02-14;"Žilinský kraj";30;28574;231;28805;NA;337091;261;2021-02-14;65201
2021-02-13;"Žilinský kraj";91;69638;453;70091;NA;337091;544;2021-02-13;64940
2021-02-12;"Žilinský kraj";242;43338;336;43674;NA;337091;578;2021-02-12;64396
2021-02-11;"Žilinský kraj";228;23521;300;23821;NA;337091;528;2021-02-11;63818
2021-02-10;"Žilinský kraj";259;17894;267;18161;NA;337091;526;2021-02-10;63290
2021-02-09;"Žilinský kraj";377;24784;274;25058;NA;337091;651;2021-02-09;62764
2021-02-08;"Žilinský kraj";160;41375;390;41765;NA;337091;550;2021-02-08;62113
2021-02-07;"Žilinský kraj";24;46446;252;46698;NA;337091;276;2021-02-07;61563
2021-02-06;"Žilinský kraj";71;72880;367;73247;NA;337091;438;2021-02-06;61287
2021-02-05;"Žilinský kraj";248;31869;323;32192;NA;337091;571;2021-02-05;60849
2021-02-04;"Žilinský kraj";238;13240;258;13498;NA;337091;496;2021-02-04;60278
2021-02-03;"Žilinský kraj";194;9186;255;9441;NA;337091;449;2021-02-03;59782
2021-02-02;"Žilinský kraj";216;9280;272;9552;NA;337091;488;2021-02-02;59333
2021-02-01;"Žilinský kraj";220;19690;370;20060;NA;337091;590;2021-02-01;58845
2021-01-31;"Žilinský kraj";11;2652;27;2679;NA;337091;38;2021-01-31;58255
2021-01-30;"Žilinský kraj";85;18447;187;18634;NA;337091;272;2021-01-30;58217
2021-01-29;"Žilinský kraj";209;22891;304;23195;NA;337091;513;2021-01-29;57945
2021-01-28;"Žilinský kraj";240;5533;172;5705;NA;337091;412;2021-01-28;57432
2021-01-27;"Žilinský kraj";256;6725;119;6844;NA;337091;375;2021-01-27;57020
2021-01-26;"Žilinský kraj";245;49781;348;50129;NA;337091;593;2021-01-26;56645
2021-01-25;"Žilinský kraj";159;21245;150;21395;NA;337091;309;2021-01-25;56052
2021-01-24;"Žilinský kraj";22;55835;268;56103;NA;337091;290;2021-01-24;55743
2021-01-23;"Žilinský kraj";91;101730;444;102174;NA;337091;535;2021-01-23;55453
2021-01-22;"Žilinský kraj";163;32160;237;32397;NA;337091;400;2021-01-22;54918
2021-01-21;"Žilinský kraj";116;19828;181;20009;NA;337091;297;2021-01-21;54518
2021-01-20;"Žilinský kraj";236;17126;159;17285;NA;337091;395;2021-01-20;54221
2021-01-19;"Žilinský kraj";245;15730;285;16015;NA;337091;530;2021-01-19;53826
2021-01-18;"Žilinský kraj";236;12685;326;13011;NA;337091;562;2021-01-18;53296
2021-01-17;"Žilinský kraj";95;147;8;155;NA;337091;103;2021-01-17;52734
2021-01-16;"Žilinský kraj";14;516;31;547;NA;337091;45;2021-01-16;52631
2021-01-15;"Žilinský kraj";248;7486;209;7695;NA;337091;457;2021-01-15;52586
2021-01-14;"Žilinský kraj";166;5319;239;5558;NA;337091;405;2021-01-14;52129
2021-01-13;"Žilinský kraj";247;11263;557;11820;NA;337091;804;2021-01-13;51724
2021-01-12;"Žilinský kraj";376;8410;385;8795;NA;337091;761;2021-01-12;50920
2021-01-11;"Žilinský kraj";351;10058;465;10523;NA;337091;816;2021-01-11;50159
2021-01-10;"Žilinský kraj";38;229;6;235;NA;337091;44;2021-01-10;49343
2021-01-09;"Žilinský kraj";192;1282;60;1342;NA;337091;252;2021-01-09;49299
2021-01-08;"Žilinský kraj";413;8721;462;9183;NA;337091;875;2021-01-08;49047
2021-01-07;"Žilinský kraj";438;23407;1872;25279;NA;337091;2310;2021-01-07;48172
2021-01-06;"Žilinský kraj";145;1076;67;1143;NA;337091;212;2021-01-06;45862
2021-01-05;"Žilinský kraj";717;10227;796;11023;NA;337091;1513;2021-01-05;45650
2021-01-04;"Žilinský kraj";479;9313;893;10206;NA;337091;1372;2021-01-04;44137
2021-01-03;"Žilinský kraj";13;1006;107;1113;NA;337091;120;2021-01-03;42765
2021-01-02;"Žilinský kraj";98;789;91;880;NA;337091;189;2021-01-02;42645
2021-01-01;"Žilinský kraj";118;241;13;254;NA;337091;131;2021-01-01;42456
2020-12-31;"Žilinský kraj";395;9626;784;10410;NA;337091;1179;2020-12-31;42325
2020-12-30;"Žilinský kraj";1038;11781;823;12604;NA;337091;1861;2020-12-30;41146
2020-12-29;"Žilinský kraj";256;10159;979;11138;NA;337091;1235;2020-12-29;39285
2020-12-28;"Žilinský kraj";406;10704;976;11680;NA;337091;1382;2020-12-28;38050
2020-12-27;"Žilinský kraj";40;684;94;778;NA;337091;134;2020-12-27;36668
2020-12-26;"Žilinský kraj";135;593;48;641;NA;337091;183;2020-12-26;36534
2020-12-25;"Žilinský kraj";66;83;9;92;NA;337091;75;2020-12-25;36351
2020-12-24;"Žilinský kraj";643;667;55;722;NA;337091;698;2020-12-24;36276
2020-12-23;"Žilinský kraj";228;16229;975;17204;NA;337091;1203;2020-12-23;35578
2020-12-22;"Žilinský kraj";519;13483;988;14471;NA;337091;1507;2020-12-22;34375
2020-12-21;"Žilinský kraj";444;12429;1078;13507;NA;337091;1522;2020-12-21;32868
2020-12-20;"Žilinský kraj";36;598;80;678;NA;337091;116;2020-12-20;31346
2020-12-19;"Žilinský kraj";208;1678;127;1805;NA;337091;335;2020-12-19;31230
2020-12-18;"Žilinský kraj";333;6553;370;6923;NA;337091;703;2020-12-18;30895
2020-12-17;"Žilinský kraj";500;3922;262;4184;NA;337091;762;2020-12-17;30192
2020-12-16;"Žilinský kraj";333;3815;267;4082;NA;337091;600;2020-12-16;29430
2020-12-15;"Žilinský kraj";528;3729;340;4069;NA;337091;868;2020-12-15;28830
2020-12-14;"Žilinský kraj";321;3884;309;4193;NA;337091;630;2020-12-14;27962
2020-12-13;"Žilinský kraj";26;494;66;560;NA;337091;92;2020-12-13;27332
2020-12-12;"Žilinský kraj";95;767;46;813;NA;337091;141;2020-12-12;27240
2020-12-11;"Žilinský kraj";455;3938;227;4165;NA;337091;682;2020-12-11;27099
2020-12-10;"Žilinský kraj";166;9129;838;9967;NA;337091;1004;2020-12-10;26417
2020-12-09;"Žilinský kraj";392;2169;132;2301;NA;337091;524;2020-12-09;25413
2020-12-08;"Žilinský kraj";331;3127;101;3228;NA;337091;432;2020-12-08;24889
2020-12-07;"Žilinský kraj";348;2746;162;2908;NA;337091;510;2020-12-07;24457
2020-12-06;"Žilinský kraj";15;128;6;134;NA;337091;21;2020-12-06;23947
2020-12-05;"Žilinský kraj";98;781;41;822;NA;337091;139;2020-12-05;23926
2020-12-04;"Žilinský kraj";228;3091;107;3198;NA;337091;335;2020-12-04;23787
2020-12-03;"Žilinský kraj";237;1609;115;1724;NA;337091;352;2020-12-03;23452
2020-12-02;"Žilinský kraj";181;1710;94;1804;NA;337091;275;2020-12-02;23100
2020-12-01;"Žilinský kraj";209;6239;284;6523;NA;337091;493;2020-12-01;22825
2020-11-30;"Žilinský kraj";203;5326;305;5631;NA;337091;508;2020-11-30;22332
2020-11-29;"Žilinský kraj";18;81;7;88;NA;337091;25;2020-11-29;21824
2020-11-28;"Žilinský kraj";99;349;15;364;NA;337091;114;2020-11-28;21799
2020-11-27;"Žilinský kraj";218;904;46;950;NA;337091;264;2020-11-27;21685
2020-11-26;"Žilinský kraj";190;1041;54;1095;NA;337091;244;2020-11-26;21421
2020-11-25;"Žilinský kraj";225;1217;49;1266;NA;337091;274;2020-11-25;21177
2020-11-24;"Žilinský kraj";213;2139;67;2206;NA;337091;280;2020-11-24;20903
2020-11-23;"Žilinský kraj";170;759;44;803;NA;337091;214;2020-11-23;20623
2020-11-22;"Žilinský kraj";11;67;2;69;NA;337091;13;2020-11-22;20409
2020-11-21;"Žilinský kraj";61;505;20;525;NA;337091;81;2020-11-21;20396
2020-11-20;"Žilinský kraj";251;1074;45;1119;NA;337091;296;2020-11-20;20315
2020-11-19;"Žilinský kraj";252;752;61;813;NA;337091;313;2020-11-19;20019
2020-11-18;"Žilinský kraj";346;348;15;363;NA;337091;361;2020-11-18;19706
2020-11-17;"Žilinský kraj";123;490;15;505;NA;337091;138;2020-11-17;19345
2020-11-16;"Žilinský kraj";227;247;15;262;NA;337091;242;2020-11-16;19207
2020-11-15;"Žilinský kraj";63;13;0;13;NA;337091;63;2020-11-15;18965
2020-11-14;"Žilinský kraj";189;1038;11;1049;NA;337091;200;2020-11-14;18902
2020-11-13;"Žilinský kraj";181;125;9;134;NA;337091;190;2020-11-13;18702
2020-11-12;"Žilinský kraj";334;79;2;81;NA;337091;336;2020-11-12;18512
2020-11-11;"Žilinský kraj";489;147;10;157;NA;337091;499;2020-11-11;18176
2020-11-10;"Žilinský kraj";374;519;9;528;NA;337091;383;2020-11-10;17677
2020-11-09;"Žilinský kraj";143;2335;30;2365;NA;337091;173;2020-11-09;17294
2020-11-08;"Žilinský kraj";59;2538;37;2575;NA;337091;96;2020-11-08;17121
2020-11-07;"Žilinský kraj";312;8175;88;8263;NA;337091;400;2020-11-07;17025
2020-11-06;"Žilinský kraj";503;4090;38;4128;NA;337091;541;2020-11-06;16625
2020-11-05;"Žilinský kraj";473;64;4;68;NA;337091;477;2020-11-05;16084
2020-11-04;"Žilinský kraj";423;178;10;188;NA;337091;433;2020-11-04;15607
2020-11-03;"Žilinský kraj";688;889;16;905;NA;337091;704;2020-11-03;15174
2020-11-02;"Žilinský kraj";472;1043;39;1082;NA;337091;511;2020-11-02;14470
2020-11-01;"Žilinský kraj";349;5096;130;5226;NA;337091;479;2020-11-01;13959
2020-10-31;"Žilinský kraj";661;7963;203;8166;NA;337091;864;2020-10-31;13480
2020-10-30;"Žilinský kraj";529;2575;61;2636;NA;337091;590;2020-10-30;12616
2020-10-29;"Žilinský kraj";740;503;17;520;NA;337091;757;2020-10-29;12026
2020-10-28;"Žilinský kraj";635;105;11;116;NA;337091;646;2020-10-28;11269
2020-10-27;"Žilinský kraj";355;154;24;178;NA;337091;379;2020-10-27;10623
2020-10-26;"Žilinský kraj";148;117;28;145;NA;337091;176;2020-10-26;10244
2020-10-25;"Žilinský kraj";436;0;0;0;NA;337091;436;2020-10-25;10068
2020-10-24;"Žilinský kraj";803;0;0;0;NA;337091;803;2020-10-24;9632
2020-10-23;"Žilinský kraj";659;102;13;115;NA;337091;672;2020-10-23;8829
2020-10-22;"Žilinský kraj";525;33;3;36;NA;337091;528;2020-10-22;8157
2020-10-21;"Žilinský kraj";275;74;14;88;NA;337091;289;2020-10-21;7629
