"Datum";"Region";"PCR_Pos";"Ag_Neg";"Ag_Pos";"Total";"Pocet.potvrdenych";"Potvrdenych";"newcases";"date";"positive"
2021-12-22;"Banskobystrický kraj";393;0;0;0;87111;150379;393;2021-12-22;150379
2021-12-21;"Banskobystrický kraj";508;0;0;0;NA;150379;508;2021-12-21;149986
2021-12-20;"Banskobystrický kraj";424;49;0;49;NA;150379;424;2021-12-20;149478
2021-12-19;"Banskobystrický kraj";39;1822;61;1883;NA;150379;100;2021-12-19;149054
2021-12-18;"Banskobystrický kraj";333;931;63;994;NA;150379;396;2021-12-18;148954
2021-12-17;"Banskobystrický kraj";465;3445;94;3539;NA;150379;559;2021-12-17;148558
2021-12-16;"Banskobystrický kraj";499;4222;116;4338;NA;150379;615;2021-12-16;147999
2021-12-15;"Banskobystrický kraj";554;4742;102;4844;NA;150379;656;2021-12-15;147384
2021-12-14;"Banskobystrický kraj";729;4581;108;4689;NA;150379;837;2021-12-14;146728
2021-12-13;"Banskobystrický kraj";470;8133;222;8355;NA;150379;692;2021-12-13;145891
2021-12-12;"Banskobystrický kraj";161;3332;101;3433;NA;150379;262;2021-12-12;145199
2021-12-11;"Banskobystrický kraj";568;1166;82;1248;NA;150379;650;2021-12-11;144937
2021-12-10;"Banskobystrický kraj";731;4011;185;4196;NA;150379;916;2021-12-10;144287
2021-12-09;"Banskobystrický kraj";652;4335;139;4474;NA;150379;791;2021-12-09;143371
2021-12-08;"Banskobystrický kraj";1087;4083;169;4252;NA;150379;1256;2021-12-08;142580
2021-12-07;"Banskobystrický kraj";1104;5387;201;5588;NA;150379;1305;2021-12-07;141324
2021-12-06;"Banskobystrický kraj";647;9084;318;9402;NA;150379;965;2021-12-06;140019
2021-12-05;"Banskobystrický kraj";217;3421;152;3573;NA;150379;369;2021-12-05;139054
2021-12-04;"Banskobystrický kraj";654;1334;131;1465;NA;150379;785;2021-12-04;138685
2021-12-03;"Banskobystrický kraj";1117;5016;246;5262;NA;150379;1363;2021-12-03;137900
2021-12-02;"Banskobystrický kraj";1710;5242;258;5500;NA;150379;1968;2021-12-02;136537
2021-12-01;"Banskobystrický kraj";947;4654;259;4913;NA;150379;1206;2021-12-01;134569
2021-11-30;"Banskobystrický kraj";1266;6536;245;6781;NA;150379;1511;2021-11-30;133363
2021-11-29;"Banskobystrický kraj";591;10650;468;11118;NA;150379;1059;2021-11-29;131852
2021-11-28;"Banskobystrický kraj";418;4289;216;4505;NA;150379;634;2021-11-28;130793
2021-11-27;"Banskobystrický kraj";827;1781;208;1989;NA;150379;1035;2021-11-27;130159
2021-11-26;"Banskobystrický kraj";963;4771;354;5125;NA;150379;1317;2021-11-26;129124
2021-11-25;"Banskobystrický kraj";1110;5908;350;6258;NA;150379;1460;2021-11-25;127807
2021-11-24;"Banskobystrický kraj";1387;5947;325;6272;NA;150379;1712;2021-11-24;126347
2021-11-23;"Banskobystrický kraj";1436;6082;377;6459;NA;150379;1813;2021-11-23;124635
2021-11-22;"Banskobystrický kraj";489;8727;579;9306;NA;150379;1068;2021-11-22;122822
2021-11-21;"Banskobystrický kraj";408;4109;305;4414;NA;150379;713;2021-11-21;121754
2021-11-20;"Banskobystrický kraj";985;1758;199;1957;NA;150379;1184;2021-11-20;121041
2021-11-19;"Banskobystrický kraj";1006;4886;470;5356;NA;150379;1476;2021-11-19;119857
2021-11-18;"Banskobystrický kraj";979;8037;618;8655;NA;150379;1597;2021-11-18;118381
2021-11-17;"Banskobystrický kraj";772;1051;147;1198;NA;150379;919;2021-11-17;116784
2021-11-16;"Banskobystrický kraj";1130;5473;453;5926;NA;150379;1583;2021-11-16;115865
2021-11-15;"Banskobystrický kraj";749;7873;588;8461;NA;150379;1337;2021-11-15;114282
2021-11-14;"Banskobystrický kraj";311;2629;302;2931;NA;150379;613;2021-11-14;112945
2021-11-13;"Banskobystrický kraj";761;1471;214;1685;NA;150379;975;2021-11-13;112332
2021-11-12;"Banskobystrický kraj";972;5019;434;5453;NA;150379;1406;2021-11-12;111357
2021-11-11;"Banskobystrický kraj";1023;5571;345;5916;NA;150379;1368;2021-11-11;109951
2021-11-10;"Banskobystrický kraj";950;4699;333;5032;NA;150379;1283;2021-11-10;108583
2021-11-09;"Banskobystrický kraj";921;4603;283;4886;NA;150379;1204;2021-11-09;107300
2021-11-08;"Banskobystrický kraj";519;7234;488;7722;NA;150379;1007;2021-11-08;106096
2021-11-07;"Banskobystrický kraj";460;2479;258;2737;NA;150379;718;2021-11-07;105089
2021-11-06;"Banskobystrický kraj";505;1344;170;1514;NA;150379;675;2021-11-06;104371
2021-11-05;"Banskobystrický kraj";997;4773;342;5115;NA;150379;1339;2021-11-05;103696
2021-11-04;"Banskobystrický kraj";1086;4811;248;5059;NA;150379;1334;2021-11-04;102357
2021-11-03;"Banskobystrický kraj";976;4825;330;5155;NA;150379;1306;2021-11-03;101023
2021-11-02;"Banskobystrický kraj";538;5709;492;6201;NA;150379;1030;2021-11-02;99717
2021-11-01;"Banskobystrický kraj";390;1178;132;1310;NA;150379;522;2021-11-01;98687
2021-10-31;"Banskobystrický kraj";150;1700;210;1910;NA;150379;360;2021-10-31;98165
2021-10-30;"Banskobystrický kraj";449;1508;140;1648;NA;150379;589;2021-10-30;97805
2021-10-29;"Banskobystrický kraj";780;4166;286;4452;NA;150379;1066;2021-10-29;97216
2021-10-28;"Banskobystrický kraj";744;4169;247;4416;NA;150379;991;2021-10-28;96150
2021-10-27;"Banskobystrický kraj";664;4577;233;4810;NA;150379;897;2021-10-27;95159
2021-10-26;"Banskobystrický kraj";700;3673;187;3860;NA;150379;887;2021-10-26;94262
2021-10-25;"Banskobystrický kraj";376;5478;257;5735;NA;150379;633;2021-10-25;93375
2021-10-24;"Banskobystrický kraj";161;1707;143;1850;NA;150379;304;2021-10-24;92742
2021-10-23;"Banskobystrický kraj";238;1286;79;1365;NA;150379;317;2021-10-23;92438
2021-10-22;"Banskobystrický kraj";530;3816;185;4001;NA;150379;715;2021-10-22;92121
2021-10-21;"Banskobystrický kraj";416;4128;140;4268;NA;150379;556;2021-10-21;91406
2021-10-20;"Banskobystrický kraj";387;3615;123;3738;NA;150379;510;2021-10-20;90850
2021-10-19;"Banskobystrický kraj";419;4094;103;4197;NA;150379;522;2021-10-19;90340
2021-10-18;"Banskobystrický kraj";162;5286;175;5461;NA;150379;337;2021-10-18;89818
2021-10-17;"Banskobystrický kraj";26;1555;71;1626;NA;150379;97;2021-10-17;89481
2021-10-16;"Banskobystrický kraj";162;1387;50;1437;NA;150379;212;2021-10-16;89384
2021-10-15;"Banskobystrický kraj";187;3693;81;3774;NA;150379;268;2021-10-15;89172
2021-10-14;"Banskobystrický kraj";198;3705;47;3752;NA;150379;245;2021-10-14;88904
2021-10-13;"Banskobystrický kraj";217;3068;55;3123;NA;150379;272;2021-10-13;88659
2021-10-12;"Banskobystrický kraj";301;3743;59;3802;NA;150379;360;2021-10-12;88387
2021-10-11;"Banskobystrický kraj";128;4734;96;4830;NA;150379;224;2021-10-11;88027
2021-10-10;"Banskobystrický kraj";26;1815;53;1868;NA;150379;79;2021-10-10;87803
2021-10-09;"Banskobystrický kraj";73;1122;27;1149;NA;150379;100;2021-10-09;87724
2021-10-08;"Banskobystrický kraj";239;3027;61;3088;NA;150379;300;2021-10-08;87624
2021-10-07;"Banskobystrický kraj";179;3437;42;3479;NA;150379;221;2021-10-07;87324
2021-10-06;"Banskobystrický kraj";136;3862;48;3910;NA;150379;184;2021-10-06;87103
2021-10-05;"Banskobystrický kraj";209;2979;54;3033;NA;150379;263;2021-10-05;86919
2021-10-04;"Banskobystrický kraj";126;3725;64;3789;NA;150379;190;2021-10-04;86656
2021-10-03;"Banskobystrický kraj";11;1407;34;1441;NA;150379;45;2021-10-03;86466
2021-10-02;"Banskobystrický kraj";66;1042;26;1068;NA;150379;92;2021-10-02;86421
2021-10-01;"Banskobystrický kraj";158;3228;51;3279;NA;150379;209;2021-10-01;86329
2021-09-30;"Banskobystrický kraj";120;3362;30;3392;NA;150379;150;2021-09-30;86120
2021-09-29;"Banskobystrický kraj";118;2626;40;2666;NA;150379;158;2021-09-29;85970
2021-09-28;"Banskobystrický kraj";112;3061;45;3106;NA;150379;157;2021-09-28;85812
2021-09-27;"Banskobystrický kraj";90;4456;72;4528;NA;150379;162;2021-09-27;85655
2021-09-26;"Banskobystrický kraj";17;1498;31;1529;NA;150379;48;2021-09-26;85493
2021-09-25;"Banskobystrický kraj";17;1481;7;1488;NA;150379;24;2021-09-25;85445
2021-09-24;"Banskobystrický kraj";98;4254;32;4286;NA;150379;130;2021-09-24;85421
2021-09-23;"Banskobystrický kraj";63;3019;13;3032;NA;150379;76;2021-09-23;85291
2021-09-22;"Banskobystrický kraj";75;2442;19;2461;NA;150379;94;2021-09-22;85215
2021-09-21;"Banskobystrický kraj";125;2976;20;2996;NA;150379;145;2021-09-21;85121
2021-09-20;"Banskobystrický kraj";45;3951;30;3981;NA;150379;75;2021-09-20;84976
2021-09-19;"Banskobystrický kraj";6;1456;24;1480;NA;150379;30;2021-09-19;84901
2021-09-18;"Banskobystrický kraj";44;1318;15;1333;NA;150379;59;2021-09-18;84871
2021-09-17;"Banskobystrický kraj";73;3485;32;3517;NA;150379;105;2021-09-17;84812
2021-09-16;"Banskobystrický kraj";95;3019;29;3048;NA;150379;124;2021-09-16;84707
2021-09-15;"Banskobystrický kraj";22;394;1;395;NA;150379;23;2021-09-15;84583
2021-09-14;"Banskobystrický kraj";95;2508;28;2536;NA;150379;123;2021-09-14;84560
2021-09-13;"Banskobystrický kraj";29;3206;28;3234;NA;150379;57;2021-09-13;84437
2021-09-12;"Banskobystrický kraj";7;958;15;973;NA;150379;22;2021-09-12;84380
2021-09-11;"Banskobystrický kraj";31;865;11;876;NA;150379;42;2021-09-11;84358
2021-09-10;"Banskobystrický kraj";59;2250;24;2274;NA;150379;83;2021-09-10;84316
2021-09-09;"Banskobystrický kraj";46;2011;17;2028;NA;150379;63;2021-09-09;84233
2021-09-08;"Banskobystrický kraj";46;1713;27;1740;NA;150379;73;2021-09-08;84170
2021-09-07;"Banskobystrický kraj";27;1422;21;1443;NA;150379;48;2021-09-07;84097
2021-09-06;"Banskobystrický kraj";26;2570;13;2583;NA;150379;39;2021-09-06;84049
2021-09-05;"Banskobystrický kraj";9;742;2;744;NA;150379;11;2021-09-05;84010
2021-09-04;"Banskobystrický kraj";14;745;10;755;NA;150379;24;2021-09-04;83999
2021-09-03;"Banskobystrický kraj";49;2116;22;2138;NA;150379;71;2021-09-03;83975
2021-09-02;"Banskobystrický kraj";19;1730;25;1755;NA;150379;44;2021-09-02;83904
2021-09-01;"Banskobystrický kraj";6;230;6;236;NA;150379;12;2021-09-01;83860
2021-08-31;"Banskobystrický kraj";18;1406;13;1419;NA;150379;31;2021-08-31;83848
2021-08-30;"Banskobystrický kraj";23;1867;10;1877;NA;150379;33;2021-08-30;83817
2021-08-29;"Banskobystrický kraj";0;351;5;356;NA;150379;5;2021-08-29;83784
2021-08-28;"Banskobystrický kraj";9;827;5;832;NA;150379;14;2021-08-28;83779
2021-08-27;"Banskobystrický kraj";7;1608;12;1620;NA;150379;19;2021-08-27;83765
2021-08-26;"Banskobystrický kraj";7;1161;2;1163;NA;150379;9;2021-08-26;83746
2021-08-25;"Banskobystrický kraj";6;1052;1;1053;NA;150379;7;2021-08-25;83737
2021-08-24;"Banskobystrický kraj";12;1117;1;1118;NA;150379;13;2021-08-24;83730
2021-08-23;"Banskobystrický kraj";7;1368;5;1373;NA;150379;12;2021-08-23;83717
2021-08-22;"Banskobystrický kraj";0;773;2;775;NA;150379;2;2021-08-22;83705
2021-08-21;"Banskobystrický kraj";3;793;1;794;NA;150379;4;2021-08-21;83703
2021-08-20;"Banskobystrický kraj";5;1616;4;1620;NA;150379;9;2021-08-20;83699
2021-08-19;"Banskobystrický kraj";4;1092;3;1095;NA;150379;7;2021-08-19;83690
2021-08-18;"Banskobystrický kraj";1;1044;1;1045;NA;150379;2;2021-08-18;83683
2021-08-17;"Banskobystrický kraj";12;890;0;890;NA;150379;12;2021-08-17;83681
2021-08-16;"Banskobystrický kraj";7;1321;3;1324;NA;150379;10;2021-08-16;83669
2021-08-15;"Banskobystrický kraj";0;366;3;369;NA;150379;3;2021-08-15;83659
2021-08-14;"Banskobystrický kraj";6;435;1;436;NA;150379;7;2021-08-14;83656
2021-08-13;"Banskobystrický kraj";11;898;0;898;NA;150379;11;2021-08-13;83649
2021-08-12;"Banskobystrický kraj";10;951;1;952;NA;150379;11;2021-08-12;83638
2021-08-11;"Banskobystrický kraj";7;575;3;578;NA;150379;10;2021-08-11;83627
2021-08-10;"Banskobystrický kraj";7;678;2;680;NA;150379;9;2021-08-10;83617
2021-08-09;"Banskobystrický kraj";9;1064;0;1064;NA;150379;9;2021-08-09;83608
2021-08-08;"Banskobystrický kraj";4;335;1;336;NA;150379;5;2021-08-08;83599
2021-08-07;"Banskobystrický kraj";0;308;4;312;NA;150379;4;2021-08-07;83594
2021-08-06;"Banskobystrický kraj";5;929;2;931;NA;150379;7;2021-08-06;83590
2021-08-05;"Banskobystrický kraj";2;838;1;839;NA;150379;3;2021-08-05;83583
2021-08-04;"Banskobystrický kraj";2;579;1;580;NA;150379;3;2021-08-04;83580
2021-08-03;"Banskobystrický kraj";4;743;0;743;NA;150379;4;2021-08-03;83577
2021-08-02;"Banskobystrický kraj";6;934;0;934;NA;150379;6;2021-08-02;83573
2021-08-01;"Banskobystrický kraj";0;271;0;271;NA;150379;0;2021-08-01;83567
2021-07-31;"Banskobystrický kraj";1;370;4;374;NA;150379;5;2021-07-31;83567
2021-07-30;"Banskobystrický kraj";27;928;2;930;NA;150379;29;2021-07-30;83562
2021-07-29;"Banskobystrický kraj";2;890;1;891;NA;150379;3;2021-07-29;83533
2021-07-28;"Banskobystrický kraj";4;520;1;521;NA;150379;5;2021-07-28;83530
2021-07-27;"Banskobystrický kraj";15;1092;0;1092;NA;150379;15;2021-07-27;83525
2021-07-26;"Banskobystrický kraj";2;911;1;912;NA;150379;3;2021-07-26;83510
2021-07-25;"Banskobystrický kraj";0;367;1;368;NA;150379;1;2021-07-25;83507
2021-07-24;"Banskobystrický kraj";2;298;0;298;NA;150379;2;2021-07-24;83506
2021-07-23;"Banskobystrický kraj";7;840;0;840;NA;150379;7;2021-07-23;83504
2021-07-22;"Banskobystrický kraj";5;727;3;730;NA;150379;8;2021-07-22;83497
2021-07-21;"Banskobystrický kraj";2;560;0;560;NA;150379;2;2021-07-21;83489
2021-07-20;"Banskobystrický kraj";6;885;2;887;NA;150379;8;2021-07-20;83487
2021-07-19;"Banskobystrický kraj";1;854;3;857;NA;150379;4;2021-07-19;83479
2021-07-18;"Banskobystrický kraj";0;377;1;378;NA;150379;1;2021-07-18;83475
2021-07-17;"Banskobystrický kraj";1;324;0;324;NA;150379;1;2021-07-17;83474
2021-07-16;"Banskobystrický kraj";3;974;1;975;NA;150379;4;2021-07-16;83473
2021-07-15;"Banskobystrický kraj";1;1038;0;1038;NA;150379;1;2021-07-15;83469
2021-07-14;"Banskobystrický kraj";3;765;0;765;NA;150379;3;2021-07-14;83468
2021-07-13;"Banskobystrický kraj";2;695;0;695;NA;150379;2;2021-07-13;83465
2021-07-12;"Banskobystrický kraj";1;1057;0;1057;NA;150379;1;2021-07-12;83463
2021-07-11;"Banskobystrický kraj";0;446;0;446;NA;150379;0;2021-07-11;83462
2021-07-10;"Banskobystrický kraj";2;368;0;368;NA;150379;2;2021-07-10;83462
2021-07-09;"Banskobystrický kraj";3;1209;0;1209;NA;150379;3;2021-07-09;83460
2021-07-08;"Banskobystrický kraj";0;1083;1;1084;NA;150379;1;2021-07-08;83457
2021-07-07;"Banskobystrický kraj";1;798;0;798;NA;150379;1;2021-07-07;83456
2021-07-06;"Banskobystrický kraj";6;1365;0;1365;NA;150379;6;2021-07-06;83455
2021-07-05;"Banskobystrický kraj";2;392;1;393;NA;150379;3;2021-07-05;83449
2021-07-04;"Banskobystrický kraj";0;318;0;318;NA;150379;0;2021-07-04;83446
2021-07-03;"Banskobystrický kraj";1;413;1;414;NA;150379;2;2021-07-03;83446
2021-07-02;"Banskobystrický kraj";3;1045;0;1045;NA;150379;3;2021-07-02;83444
2021-07-01;"Banskobystrický kraj";0;705;1;706;NA;150379;1;2021-07-01;83441
2021-06-30;"Banskobystrický kraj";3;7607;1;7608;NA;150379;4;2021-06-30;83440
2021-06-29;"Banskobystrický kraj";2;4642;1;4643;NA;150379;3;2021-06-29;83436
2021-06-28;"Banskobystrický kraj";3;5695;1;5696;NA;150379;4;2021-06-28;83433
2021-06-27;"Banskobystrický kraj";0;4369;5;4374;NA;150379;5;2021-06-27;83429
2021-06-26;"Banskobystrický kraj";0;4289;4;4293;NA;150379;4;2021-06-26;83424
2021-06-25;"Banskobystrický kraj";2;6717;2;6719;NA;150379;4;2021-06-25;83420
2021-06-24;"Banskobystrický kraj";6;4585;2;4587;NA;150379;8;2021-06-24;83416
2021-06-23;"Banskobystrický kraj";4;4947;0;4947;NA;150379;4;2021-06-23;83408
2021-06-22;"Banskobystrický kraj";7;4527;0;4527;NA;150379;7;2021-06-22;83404
2021-06-21;"Banskobystrický kraj";6;5836;8;5844;NA;150379;14;2021-06-21;83397
2021-06-20;"Banskobystrický kraj";0;5055;7;5062;NA;150379;7;2021-06-20;83383
2021-06-19;"Banskobystrický kraj";0;5639;4;5643;NA;150379;4;2021-06-19;83376
2021-06-18;"Banskobystrický kraj";4;7642;1;7643;NA;150379;5;2021-06-18;83372
2021-06-17;"Banskobystrický kraj";2;5245;3;5248;NA;150379;5;2021-06-17;83367
2021-06-16;"Banskobystrický kraj";10;5951;5;5956;NA;150379;15;2021-06-16;83362
2021-06-15;"Banskobystrický kraj";9;5576;6;5582;NA;150379;15;2021-06-15;83347
2021-06-14;"Banskobystrický kraj";8;6922;7;6929;NA;150379;15;2021-06-14;83332
2021-06-13;"Banskobystrický kraj";0;6407;7;6414;NA;150379;7;2021-06-13;83317
2021-06-12;"Banskobystrický kraj";3;6338;6;6344;NA;150379;9;2021-06-12;83310
2021-06-11;"Banskobystrický kraj";5;9693;15;9708;NA;150379;20;2021-06-11;83301
2021-06-10;"Banskobystrický kraj";10;5726;8;5734;NA;150379;18;2021-06-10;83281
2021-06-09;"Banskobystrický kraj";9;5720;4;5724;NA;150379;13;2021-06-09;83263
2021-06-08;"Banskobystrický kraj";15;5645;10;5655;NA;150379;25;2021-06-08;83250
2021-06-07;"Banskobystrický kraj";4;7582;21;7603;NA;150379;25;2021-06-07;83225
2021-06-06;"Banskobystrický kraj";1;7497;12;7509;NA;150379;13;2021-06-06;83200
2021-06-05;"Banskobystrický kraj";15;7531;9;7540;NA;150379;24;2021-06-05;83187
2021-06-04;"Banskobystrický kraj";2;9352;14;9366;NA;150379;16;2021-06-04;83163
2021-06-03;"Banskobystrický kraj";8;6507;24;6531;NA;150379;32;2021-06-03;83147
2021-06-02;"Banskobystrický kraj";7;6837;6;6843;NA;150379;13;2021-06-02;83115
2021-06-01;"Banskobystrický kraj";12;7146;14;7160;NA;150379;26;2021-06-01;83102
2021-05-31;"Banskobystrický kraj";4;9546;31;9577;NA;150379;35;2021-05-31;83076
2021-05-30;"Banskobystrický kraj";3;8959;19;8978;NA;150379;22;2021-05-30;83041
2021-05-29;"Banskobystrický kraj";11;9763;18;9781;NA;150379;29;2021-05-29;83019
2021-05-28;"Banskobystrický kraj";13;11905;27;11932;NA;150379;40;2021-05-28;82990
2021-05-27;"Banskobystrický kraj";7;8760;12;8772;NA;150379;19;2021-05-27;82950
2021-05-26;"Banskobystrický kraj";18;7905;17;7922;NA;150379;35;2021-05-26;82931
2021-05-25;"Banskobystrický kraj";27;8951;30;8981;NA;150379;57;2021-05-25;82896
2021-05-24;"Banskobystrický kraj";9;12469;44;12513;NA;150379;53;2021-05-24;82839
2021-05-23;"Banskobystrický kraj";0;9798;27;9825;NA;150379;27;2021-05-23;82786
2021-05-22;"Banskobystrický kraj";20;9608;26;9634;NA;150379;46;2021-05-22;82759
2021-05-21;"Banskobystrický kraj";22;12796;25;12821;NA;150379;47;2021-05-21;82713
2021-05-20;"Banskobystrický kraj";14;8994;25;9019;NA;150379;39;2021-05-20;82666
2021-05-19;"Banskobystrický kraj";42;8608;21;8629;NA;150379;63;2021-05-19;82627
2021-05-18;"Banskobystrický kraj";27;9450;25;9475;NA;150379;52;2021-05-18;82564
2021-05-17;"Banskobystrický kraj";11;13399;33;13432;NA;150379;44;2021-05-17;82512
2021-05-16;"Banskobystrický kraj";15;14072;26;14098;NA;150379;41;2021-05-16;82468
2021-05-15;"Banskobystrický kraj";11;15356;29;15385;NA;150379;40;2021-05-15;82427
2021-05-14;"Banskobystrický kraj";35;18939;45;18984;NA;150379;80;2021-05-14;82387
2021-05-13;"Banskobystrický kraj";37;10605;40;10645;NA;150379;77;2021-05-13;82307
2021-05-12;"Banskobystrický kraj";31;10857;45;10902;NA;150379;76;2021-05-12;82230
2021-05-11;"Banskobystrický kraj";42;11325;48;11373;NA;150379;90;2021-05-11;82154
2021-05-10;"Banskobystrický kraj";28;17621;68;17689;NA;150379;96;2021-05-10;82064
2021-05-09;"Banskobystrický kraj";25;21902;68;21970;NA;150379;93;2021-05-09;81968
2021-05-08;"Banskobystrický kraj";11;14285;26;14311;NA;150379;37;2021-05-08;81875
2021-05-07;"Banskobystrický kraj";41;21806;78;21884;NA;150379;119;2021-05-07;81838
2021-05-06;"Banskobystrický kraj";36;12251;70;12321;NA;150379;106;2021-05-06;81719
2021-05-05;"Banskobystrický kraj";34;12592;63;12655;NA;150379;97;2021-05-05;81613
2021-05-04;"Banskobystrický kraj";83;13888;47;13935;NA;150379;130;2021-05-04;81516
2021-05-03;"Banskobystrický kraj";30;20872;80;20952;NA;150379;110;2021-05-03;81386
2021-05-02;"Banskobystrický kraj";6;33040;60;33100;NA;150379;66;2021-05-02;81276
2021-05-01;"Banskobystrický kraj";54;36900;67;36967;NA;150379;121;2021-05-01;81210
2021-04-30;"Banskobystrický kraj";38;34957;86;35043;NA;150379;124;2021-04-30;81089
2021-04-29;"Banskobystrický kraj";55;16839;68;16907;NA;150379;123;2021-04-29;80965
2021-04-28;"Banskobystrický kraj";66;17959;67;18026;NA;150379;133;2021-04-28;80842
2021-04-27;"Banskobystrický kraj";70;19152;73;19225;NA;150379;143;2021-04-27;80709
2021-04-26;"Banskobystrický kraj";34;28517;101;28618;NA;150379;135;2021-04-26;80566
2021-04-25;"Banskobystrický kraj";14;40601;106;40707;NA;150379;120;2021-04-25;80431
2021-04-24;"Banskobystrický kraj";40;51944;98;52042;NA;150379;138;2021-04-24;80311
2021-04-23;"Banskobystrický kraj";78;37922;88;38010;NA;150379;166;2021-04-23;80173
2021-04-22;"Banskobystrický kraj";51;17415;57;17472;NA;150379;108;2021-04-22;80007
2021-04-21;"Banskobystrický kraj";76;19218;94;19312;NA;150379;170;2021-04-21;79899
2021-04-20;"Banskobystrický kraj";116;21234;98;21332;NA;150379;214;2021-04-20;79729
2021-04-19;"Banskobystrický kraj";48;31408;105;31513;NA;150379;153;2021-04-19;79515
2021-04-18;"Banskobystrický kraj";16;43375;90;43465;NA;150379;106;2021-04-18;79362
2021-04-17;"Banskobystrický kraj";42;64939;92;65031;NA;150379;134;2021-04-17;79256
2021-04-16;"Banskobystrický kraj";72;37307;100;37407;NA;150379;172;2021-04-16;79122
2021-04-15;"Banskobystrický kraj";67;20127;83;20210;NA;150379;150;2021-04-15;78950
2021-04-14;"Banskobystrický kraj";69;21260;86;21346;NA;150379;155;2021-04-14;78800
2021-04-13;"Banskobystrický kraj";130;23076;77;23153;NA;150379;207;2021-04-13;78645
2021-04-12;"Banskobystrický kraj";60;32272;130;32402;NA;150379;190;2021-04-12;78438
2021-04-11;"Banskobystrický kraj";0;41367;88;41455;NA;150379;88;2021-04-11;78248
2021-04-10;"Banskobystrický kraj";56;64728;141;64869;NA;150379;197;2021-04-10;78160
2021-04-09;"Banskobystrický kraj";106;31570;118;31688;NA;150379;224;2021-04-09;77963
2021-04-08;"Banskobystrický kraj";132;19000;148;19148;NA;150379;280;2021-04-08;77739
2021-04-07;"Banskobystrický kraj";226;25121;94;25215;NA;150379;320;2021-04-07;77459
2021-04-06;"Banskobystrický kraj";93;42496;187;42683;NA;150379;280;2021-04-06;77139
2021-04-05;"Banskobystrický kraj";15;11797;87;11884;NA;150379;102;2021-04-05;76859
2021-04-04;"Banskobystrický kraj";24;19683;79;19762;NA;150379;103;2021-04-04;76757
2021-04-03;"Banskobystrický kraj";5;72553;211;72764;NA;150379;216;2021-04-03;76654
2021-04-02;"Banskobystrický kraj";71;13455;66;13521;NA;150379;137;2021-04-02;76438
2021-04-01;"Banskobystrický kraj";171;39407;200;39607;NA;150379;371;2021-04-01;76301
2021-03-31;"Banskobystrický kraj";147;25543;161;25704;NA;150379;308;2021-03-31;75930
2021-03-30;"Banskobystrický kraj";167;21442;159;21601;NA;150379;326;2021-03-30;75622
2021-03-29;"Banskobystrický kraj";119;29491;218;29709;NA;150379;337;2021-03-29;75296
2021-03-28;"Banskobystrický kraj";25;40610;189;40799;NA;150379;214;2021-03-28;74959
2021-03-27;"Banskobystrický kraj";85;63414;260;63674;NA;150379;345;2021-03-27;74745
2021-03-26;"Banskobystrický kraj";122;43671;240;43911;NA;150379;362;2021-03-26;74400
2021-03-25;"Banskobystrický kraj";120;21598;240;21838;NA;150379;360;2021-03-25;74038
2021-03-24;"Banskobystrický kraj";200;19336;227;19563;NA;150379;427;2021-03-24;73678
2021-03-23;"Banskobystrický kraj";241;21540;257;21797;NA;150379;498;2021-03-23;73251
2021-03-22;"Banskobystrický kraj";65;30480;274;30754;NA;150379;339;2021-03-22;72753
2021-03-21;"Banskobystrický kraj";31;40039;280;40319;NA;150379;311;2021-03-21;72414
2021-03-20;"Banskobystrický kraj";119;67926;383;68309;NA;150379;502;2021-03-20;72103
2021-03-19;"Banskobystrický kraj";240;44036;306;44342;NA;150379;546;2021-03-19;71601
2021-03-18;"Banskobystrický kraj";160;22467;273;22740;NA;150379;433;2021-03-18;71055
2021-03-17;"Banskobystrický kraj";262;21573;245;21818;NA;150379;507;2021-03-17;70622
2021-03-16;"Banskobystrický kraj";340;23349;224;23573;NA;150379;564;2021-03-16;70115
2021-03-15;"Banskobystrický kraj";95;32306;366;32672;NA;150379;461;2021-03-15;69551
2021-03-14;"Banskobystrický kraj";39;39212;218;39430;NA;150379;257;2021-03-14;69090
2021-03-13;"Banskobystrický kraj";209;67463;395;67858;NA;150379;604;2021-03-13;68833
2021-03-12;"Banskobystrický kraj";206;41442;330;41772;NA;150379;536;2021-03-12;68229
2021-03-11;"Banskobystrický kraj";228;21337;274;21611;NA;150379;502;2021-03-11;67693
2021-03-10;"Banskobystrický kraj";260;20399;238;20637;NA;150379;498;2021-03-10;67191
2021-03-09;"Banskobystrický kraj";352;21790;284;22074;NA;150379;636;2021-03-09;66693
2021-03-08;"Banskobystrický kraj";191;31468;427;31895;NA;150379;618;2021-03-08;66057
2021-03-07;"Banskobystrický kraj";60;39191;295;39486;NA;150379;355;2021-03-07;65439
2021-03-06;"Banskobystrický kraj";164;70895;410;71305;NA;150379;574;2021-03-06;65084
2021-03-05;"Banskobystrický kraj";221;42336;389;42725;NA;150379;610;2021-03-05;64510
2021-03-04;"Banskobystrický kraj";226;22007;334;22341;NA;150379;560;2021-03-04;63900
2021-03-03;"Banskobystrický kraj";317;21949;331;22280;NA;150379;648;2021-03-03;63340
2021-03-02;"Banskobystrický kraj";291;23160;354;23514;NA;150379;645;2021-03-02;62692
2021-03-01;"Banskobystrický kraj";151;31773;434;32207;NA;150379;585;2021-03-01;62047
2021-02-28;"Banskobystrický kraj";45;38663;336;38999;NA;150379;381;2021-02-28;61462
2021-02-27;"Banskobystrický kraj";289;66667;529;67196;NA;150379;818;2021-02-27;61081
2021-02-26;"Banskobystrický kraj";326;39670;468;40138;NA;150379;794;2021-02-26;60263
2021-02-25;"Banskobystrický kraj";375;18081;366;18447;NA;150379;741;2021-02-25;59469
2021-02-24;"Banskobystrický kraj";332;16735;373;17108;NA;150379;705;2021-02-24;58728
2021-02-23;"Banskobystrický kraj";462;19932;439;20371;NA;150379;901;2021-02-23;58023
2021-02-22;"Banskobystrický kraj";67;28643;598;29241;NA;150379;665;2021-02-22;57122
2021-02-21;"Banskobystrický kraj";68;37619;444;38063;NA;150379;512;2021-02-21;56457
2021-02-20;"Banskobystrický kraj";280;68851;598;69449;NA;150379;878;2021-02-20;55945
2021-02-19;"Banskobystrický kraj";420;39888;511;40399;NA;150379;931;2021-02-19;55067
2021-02-18;"Banskobystrický kraj";241;18618;396;19014;NA;150379;637;2021-02-18;54136
2021-02-17;"Banskobystrický kraj";415;16740;389;17129;NA;150379;804;2021-02-17;53499
2021-02-16;"Banskobystrický kraj";338;19731;368;20099;NA;150379;706;2021-02-16;52695
2021-02-15;"Banskobystrický kraj";118;35835;591;36426;NA;150379;709;2021-02-15;51989
2021-02-14;"Banskobystrický kraj";60;31894;386;32280;NA;150379;446;2021-02-14;51280
2021-02-13;"Banskobystrický kraj";202;53889;492;54381;NA;150379;694;2021-02-13;50834
2021-02-12;"Banskobystrický kraj";312;37270;533;37803;NA;150379;845;2021-02-12;50140
2021-02-11;"Banskobystrický kraj";305;21200;386;21586;NA;150379;691;2021-02-11;49295
2021-02-10;"Banskobystrický kraj";333;14790;344;15134;NA;150379;677;2021-02-10;48604
2021-02-09;"Banskobystrický kraj";329;18504;362;18866;NA;150379;691;2021-02-09;47927
2021-02-08;"Banskobystrický kraj";103;49716;695;50411;NA;150379;798;2021-02-08;47236
2021-02-07;"Banskobystrický kraj";70;37659;335;37994;NA;150379;405;2021-02-07;46438
2021-02-06;"Banskobystrický kraj";178;69388;570;69958;NA;150379;748;2021-02-06;46033
2021-02-05;"Banskobystrický kraj";282;24577;363;24940;NA;150379;645;2021-02-05;45285
2021-02-04;"Banskobystrický kraj";240;14367;430;14797;NA;150379;670;2021-02-04;44640
2021-02-03;"Banskobystrický kraj";350;9459;255;9714;NA;150379;605;2021-02-03;43970
2021-02-02;"Banskobystrický kraj";277;15741;334;16075;NA;150379;611;2021-02-02;43365
2021-02-01;"Banskobystrický kraj";75;24346;489;24835;NA;150379;564;2021-02-01;42754
2021-01-31;"Banskobystrický kraj";34;19983;201;20184;NA;150379;235;2021-01-31;42190
2021-01-30;"Banskobystrický kraj";163;63896;525;64421;NA;150379;688;2021-01-30;41955
2021-01-29;"Banskobystrický kraj";196;17368;274;17642;NA;150379;470;2021-01-29;41267
2021-01-28;"Banskobystrický kraj";218;15613;382;15995;NA;150379;600;2021-01-28;40797
2021-01-27;"Banskobystrický kraj";191;8132;200;8332;NA;150379;391;2021-01-27;40197
2021-01-26;"Banskobystrický kraj";238;19795;283;20078;NA;150379;521;2021-01-26;39806
2021-01-25;"Banskobystrický kraj";82;33666;412;34078;NA;150379;494;2021-01-25;39285
2021-01-24;"Banskobystrický kraj";38;35587;278;35865;NA;150379;316;2021-01-24;38791
2021-01-23;"Banskobystrický kraj";142;89058;523;89581;NA;150379;665;2021-01-23;38475
2021-01-22;"Banskobystrický kraj";175;25887;355;26242;NA;150379;530;2021-01-22;37810
2021-01-21;"Banskobystrický kraj";194;17063;279;17342;NA;150379;473;2021-01-21;37280
2021-01-20;"Banskobystrický kraj";231;9142;186;9328;NA;150379;417;2021-01-20;36807
2021-01-19;"Banskobystrický kraj";213;10708;311;11019;NA;150379;524;2021-01-19;36390
2021-01-18;"Banskobystrický kraj";94;7402;401;7803;NA;150379;495;2021-01-18;35866
2021-01-17;"Banskobystrický kraj";110;8154;77;8231;NA;150379;187;2021-01-17;35371
2021-01-16;"Banskobystrický kraj";58;2274;57;2331;NA;150379;115;2021-01-16;35184
2021-01-15;"Banskobystrický kraj";164;7673;217;7890;NA;150379;381;2021-01-15;35069
2021-01-14;"Banskobystrický kraj";220;5760;325;6085;NA;150379;545;2021-01-14;34688
2021-01-13;"Banskobystrický kraj";235;5974;217;6191;NA;150379;452;2021-01-13;34143
2021-01-12;"Banskobystrický kraj";194;6600;290;6890;NA;150379;484;2021-01-12;33691
2021-01-11;"Banskobystrický kraj";76;8231;481;8712;NA;150379;557;2021-01-11;33207
2021-01-10;"Banskobystrický kraj";110;433;4;437;NA;150379;114;2021-01-10;32650
2021-01-09;"Banskobystrický kraj";297;2378;81;2459;NA;150379;378;2021-01-09;32536
2021-01-08;"Banskobystrický kraj";435;9805;443;10248;NA;150379;878;2021-01-08;32158
2021-01-07;"Banskobystrický kraj";127;6322;366;6688;NA;150379;493;2021-01-07;31280
2021-01-06;"Banskobystrický kraj";305;3374;185;3559;NA;150379;490;2021-01-06;30787
2021-01-05;"Banskobystrický kraj";372;7349;533;7882;NA;150379;905;2021-01-05;30297
2021-01-04;"Banskobystrický kraj";130;7087;700;7787;NA;150379;830;2021-01-04;29392
2021-01-03;"Banskobystrický kraj";199;320;19;339;NA;150379;218;2021-01-03;28562
2021-01-02;"Banskobystrický kraj";123;702;85;787;NA;150379;208;2021-01-02;28344
2021-01-01;"Banskobystrický kraj";220;1958;132;2090;NA;150379;352;2021-01-01;28136
2020-12-31;"Banskobystrický kraj";499;7679;633;8312;NA;150379;1132;2020-12-31;27784
2020-12-30;"Banskobystrický kraj";593;7407;541;7948;NA;150379;1134;2020-12-30;26652
2020-12-29;"Banskobystrický kraj";240;7876;660;8536;NA;150379;900;2020-12-29;25518
2020-12-28;"Banskobystrický kraj";131;6120;720;6840;NA;150379;851;2020-12-28;24618
2020-12-27;"Banskobystrický kraj";116;541;25;566;NA;150379;141;2020-12-27;23767
2020-12-26;"Banskobystrický kraj";61;295;35;330;NA;150379;96;2020-12-26;23626
2020-12-25;"Banskobystrický kraj";65;888;10;898;NA;150379;75;2020-12-25;23530
2020-12-24;"Banskobystrický kraj";452;3685;135;3820;NA;150379;587;2020-12-24;23455
2020-12-23;"Banskobystrický kraj";368;9892;473;10365;NA;150379;841;2020-12-23;22868
2020-12-22;"Banskobystrický kraj";307;8468;619;9087;NA;150379;926;2020-12-22;22027
2020-12-21;"Banskobystrický kraj";286;4922;455;5377;NA;150379;741;2020-12-21;21101
2020-12-20;"Banskobystrický kraj";155;249;14;263;NA;150379;169;2020-12-20;20360
2020-12-19;"Banskobystrický kraj";170;3084;138;3222;NA;150379;308;2020-12-19;20191
2020-12-18;"Banskobystrický kraj";432;5959;331;6290;NA;150379;763;2020-12-18;19883
2020-12-17;"Banskobystrický kraj";468;8753;653;9406;NA;150379;1121;2020-12-17;19120
2020-12-16;"Banskobystrický kraj";379;10184;567;10751;NA;150379;946;2020-12-16;17999
2020-12-15;"Banskobystrický kraj";336;5281;425;5706;NA;150379;761;2020-12-15;17053
2020-12-14;"Banskobystrický kraj";148;4012;259;4271;NA;150379;407;2020-12-14;16292
2020-12-13;"Banskobystrický kraj";122;142;1;143;NA;150379;123;2020-12-13;15885
2020-12-12;"Banskobystrický kraj";137;2714;138;2852;NA;150379;275;2020-12-12;15762
2020-12-11;"Banskobystrický kraj";468;6633;362;6995;NA;150379;830;2020-12-11;15487
2020-12-10;"Banskobystrický kraj";280;5501;369;5870;NA;150379;649;2020-12-10;14657
2020-12-09;"Banskobystrický kraj";323;3941;205;4146;NA;150379;528;2020-12-09;14008
2020-12-08;"Banskobystrický kraj";256;3782;272;4054;NA;150379;528;2020-12-08;13480
2020-12-07;"Banskobystrický kraj";175;2633;177;2810;NA;150379;352;2020-12-07;12952
2020-12-06;"Banskobystrický kraj";121;507;11;518;NA;150379;132;2020-12-06;12600
2020-12-05;"Banskobystrický kraj";109;1099;34;1133;NA;150379;143;2020-12-05;12468
2020-12-04;"Banskobystrický kraj";339;3828;174;4002;NA;150379;513;2020-12-04;12325
2020-12-03;"Banskobystrický kraj";240;3193;234;3427;NA;150379;474;2020-12-03;11812
2020-12-02;"Banskobystrický kraj";217;4442;186;4628;NA;150379;403;2020-12-02;11338
2020-12-01;"Banskobystrický kraj";215;2702;134;2836;NA;150379;349;2020-12-01;10935
2020-11-30;"Banskobystrický kraj";74;4314;241;4555;NA;150379;315;2020-11-30;10586
2020-11-29;"Banskobystrický kraj";19;208;7;215;NA;150379;26;2020-11-29;10271
2020-11-28;"Banskobystrický kraj";81;1408;55;1463;NA;150379;136;2020-11-28;10245
2020-11-27;"Banskobystrický kraj";219;2566;123;2689;NA;150379;342;2020-11-27;10109
2020-11-26;"Banskobystrický kraj";208;2124;93;2217;NA;150379;301;2020-11-26;9767
2020-11-25;"Banskobystrický kraj";170;1952;86;2038;NA;150379;256;2020-11-25;9466
2020-11-24;"Banskobystrický kraj";166;2566;69;2635;NA;150379;235;2020-11-24;9210
2020-11-23;"Banskobystrický kraj";66;10147;193;10340;NA;150379;259;2020-11-23;8975
2020-11-22;"Banskobystrický kraj";38;104;1;105;NA;150379;39;2020-11-22;8716
2020-11-21;"Banskobystrický kraj";52;904;14;918;NA;150379;66;2020-11-21;8677
2020-11-20;"Banskobystrický kraj";127;2005;107;2112;NA;150379;234;2020-11-20;8611
2020-11-19;"Banskobystrický kraj";170;1218;82;1300;NA;150379;252;2020-11-19;8377
2020-11-18;"Banskobystrický kraj";153;698;65;763;NA;150379;218;2020-11-18;8125
2020-11-17;"Banskobystrický kraj";52;578;35;613;NA;150379;87;2020-11-17;7907
2020-11-16;"Banskobystrický kraj";106;470;25;495;NA;150379;131;2020-11-16;7820
2020-11-15;"Banskobystrický kraj";52;301;4;305;NA;150379;56;2020-11-15;7689
2020-11-14;"Banskobystrický kraj";73;305;2;307;NA;150379;75;2020-11-14;7633
2020-11-13;"Banskobystrický kraj";157;552;11;563;NA;150379;168;2020-11-13;7558
2020-11-12;"Banskobystrický kraj";218;952;44;996;NA;150379;262;2020-11-12;7390
2020-11-11;"Banskobystrický kraj";224;437;9;446;NA;150379;233;2020-11-11;7128
2020-11-10;"Banskobystrický kraj";263;463;18;481;NA;150379;281;2020-11-10;6895
2020-11-09;"Banskobystrický kraj";80;2678;31;2709;NA;150379;111;2020-11-09;6614
2020-11-08;"Banskobystrický kraj";82;981;16;997;NA;150379;98;2020-11-08;6503
2020-11-07;"Banskobystrický kraj";164;8828;94;8922;NA;150379;258;2020-11-07;6405
2020-11-06;"Banskobystrický kraj";227;2496;16;2512;NA;150379;243;2020-11-06;6147
2020-11-05;"Banskobystrický kraj";240;290;33;323;NA;150379;273;2020-11-05;5904
2020-11-04;"Banskobystrický kraj";254;1366;13;1379;NA;150379;267;2020-11-04;5631
2020-11-03;"Banskobystrický kraj";246;1332;4;1336;NA;150379;250;2020-11-03;5364
2020-11-02;"Banskobystrický kraj";90;2909;65;2974;NA;150379;155;2020-11-02;5114
2020-11-01;"Banskobystrický kraj";101;2671;42;2713;NA;150379;143;2020-11-01;4959
2020-10-31;"Banskobystrický kraj";199;13516;116;13632;NA;150379;315;2020-10-31;4816
2020-10-30;"Banskobystrický kraj";254;2829;20;2849;NA;150379;274;2020-10-30;4501
2020-10-29;"Banskobystrický kraj";372;969;42;1011;NA;150379;414;2020-10-29;4227
2020-10-28;"Banskobystrický kraj";285;302;30;332;NA;150379;315;2020-10-28;3813
2020-10-27;"Banskobystrický kraj";266;654;40;694;NA;150379;306;2020-10-27;3498
2020-10-26;"Banskobystrický kraj";38;234;29;263;NA;150379;67;2020-10-26;3192
2020-10-25;"Banskobystrický kraj";50;140;11;151;NA;150379;61;2020-10-25;3125
2020-10-24;"Banskobystrický kraj";315;114;12;126;NA;150379;327;2020-10-24;3064
2020-10-23;"Banskobystrický kraj";231;230;29;259;NA;150379;260;2020-10-23;2737
2020-10-22;"Banskobystrický kraj";264;253;24;277;NA;150379;288;2020-10-22;2477
2020-10-21;"Banskobystrický kraj";209;266;3;269;NA;150379;212;2020-10-21;2189
2020-10-20;"Banskobystrický kraj";210;66;3;69;NA;150379;213;2020-10-20;1977
2020-10-19;"Banskobystrický kraj";27;73;12;85;NA;150379;39;2020-10-19;1764
2020-10-18;"Banskobystrický kraj";49;0;0;0;NA;150379;49;2020-10-18;1725
2020-10-17;"Banskobystrický kraj";91;0;0;0;NA;150379;91;2020-10-17;1676
2020-10-16;"Banskobystrický kraj";224;37;3;40;NA;150379;227;2020-10-16;1585
2020-10-15;"Banskobystrický kraj";133;29;1;30;NA;150379;134;2020-10-15;1358
2020-10-14;"Banskobystrický kraj";139;31;1;32;NA;150379;140;2020-10-14;1224
2020-10-13;"Banskobystrický kraj";151;169;11;180;NA;150379;162;2020-10-13;1084
2020-10-12;"Banskobystrický kraj";11;110;4;114;NA;150379;15;2020-10-12;922
2020-10-11;"Banskobystrický kraj";14;0;0;0;NA;150379;14;2020-10-11;907
2020-10-10;"Banskobystrický kraj";53;0;0;0;NA;150379;53;2020-10-10;893
2020-10-09;"Banskobystrický kraj";128;0;0;0;NA;150379;128;2020-10-09;840
2020-10-08;"Banskobystrický kraj";99;0;0;0;NA;150379;99;2020-10-08;712
2020-10-07;"Banskobystrický kraj";124;0;0;0;NA;150379;124;2020-10-07;613
2020-10-06;"Banskobystrický kraj";68;0;0;0;NA;150379;68;2020-10-06;489
2020-10-05;"Banskobystrický kraj";49;0;0;0;NA;150379;49;2020-10-05;421
2020-10-04;"Banskobystrický kraj";8;0;0;0;NA;150379;8;2020-10-04;372
2020-10-03;"Banskobystrický kraj";37;0;0;0;NA;150379;37;2020-10-03;364
2020-10-02;"Banskobystrický kraj";74;0;0;0;NA;150379;74;2020-10-02;327
2020-10-01;"Banskobystrický kraj";49;16;0;16;NA;150379;49;2020-10-01;253
2020-09-30;"Banskobystrický kraj";60;0;0;0;NA;150379;60;2020-09-30;204
2020-09-29;"Banskobystrický kraj";24;0;0;0;NA;150379;24;2020-09-29;144
2020-09-28;"Banskobystrický kraj";0;0;0;0;NA;150379;0;2020-09-28;120
2020-09-27;"Banskobystrický kraj";20;0;0;0;NA;150379;20;2020-09-27;120
2020-09-26;"Banskobystrický kraj";24;0;0;0;NA;150379;24;2020-09-26;100
2020-09-25;"Banskobystrický kraj";29;0;0;0;NA;150379;29;2020-09-25;76
2020-09-24;"Banskobystrický kraj";25;0;0;0;NA;150379;25;2020-09-24;47
2020-09-23;"Banskobystrický kraj";17;0;0;0;NA;150379;17;2020-09-23;22
2020-09-22;"Banskobystrický kraj";25;0;0;0;NA;150379;25;2020-09-22;5
2020-09-21;"Banskobystrický kraj";3;0;0;0;NA;150379;3;2020-09-21;-20
2020-09-20;"Banskobystrický kraj";0;0;0;0;NA;150379;0;2020-09-20;-23
2020-09-19;"Banskobystrický kraj";3;0;0;0;NA;150379;3;2020-09-19;-23
2020-09-18;"Banskobystrický kraj";24;0;0;0;NA;150379;24;2020-09-18;-26
2020-09-17;"Banskobystrický kraj";14;0;0;0;NA;150379;14;2020-09-17;-50
2020-09-16;"Banskobystrický kraj";6;0;0;0;NA;150379;6;2020-09-16;-64
2020-09-15;"Banskobystrický kraj";2;0;0;0;NA;150379;2;2020-09-15;-70
2020-09-14;"Banskobystrický kraj";13;0;0;0;NA;150379;13;2020-09-14;-72
2020-09-13;"Banskobystrický kraj";1;0;0;0;NA;150379;1;2020-09-13;-85
2020-09-12;"Banskobystrický kraj";5;0;0;0;NA;150379;5;2020-09-12;-86
2020-09-11;"Banskobystrický kraj";19;0;0;0;NA;150379;19;2020-09-11;-91
2020-09-10;"Banskobystrický kraj";11;0;0;0;NA;150379;11;2020-09-10;-110
2020-09-09;"Banskobystrický kraj";13;0;0;0;NA;150379;13;2020-09-09;-121
2020-09-08;"Banskobystrický kraj";5;0;0;0;NA;150379;5;2020-09-08;-134
2020-09-07;"Banskobystrický kraj";2;0;0;0;NA;150379;2;2020-09-07;-139
2020-09-06;"Banskobystrický kraj";0;0;0;0;NA;150379;0;2020-09-06;-141
2020-09-05;"Banskobystrický kraj";0;0;0;0;NA;150379;0;2020-09-05;-141
2020-09-04;"Banskobystrický kraj";9;0;0;0;NA;150379;9;2020-09-04;-141
2020-09-03;"Banskobystrický kraj";5;0;0;0;NA;150379;5;2020-09-03;-150
2020-09-02;"Banskobystrický kraj";6;0;0;0;NA;150379;6;2020-09-02;-155
2020-09-01;"Banskobystrický kraj";2;0;0;0;NA;150379;2;2020-09-01;-161
2020-08-31;"Banskobystrický kraj";6;0;0;0;NA;150379;6;2020-08-31;-163
2020-08-30;"Banskobystrický kraj";0;0;0;0;NA;150379;0;2020-08-30;-169
2020-08-29;"Banskobystrický kraj";1;0;0;0;NA;150379;1;2020-08-29;-169
2020-08-28;"Banskobystrický kraj";3;0;0;0;NA;150379;3;2020-08-28;-170
2020-08-27;"Banskobystrický kraj";1;0;0;0;NA;150379;1;2020-08-27;-173
2020-08-26;"Banskobystrický kraj";2;0;0;0;NA;150379;2;2020-08-26;-174
2020-08-25;"Banskobystrický kraj";2;0;0;0;NA;150379;2;2020-08-25;-176
2020-08-24;"Banskobystrický kraj";0;0;0;0;NA;150379;0;2020-08-24;-178
2020-08-23;"Banskobystrický kraj";0;0;0;0;NA;150379;0;2020-08-23;-178
2020-08-22;"Banskobystrický kraj";0;0;0;0;NA;150379;0;2020-08-22;-178
2020-08-21;"Banskobystrický kraj";4;0;0;0;NA;150379;4;2020-08-21;-178
2020-08-20;"Banskobystrický kraj";1;0;0;0;NA;150379;1;2020-08-20;-182
2020-08-19;"Banskobystrický kraj";4;0;0;0;NA;150379;4;2020-08-19;-183
2020-08-18;"Banskobystrický kraj";0;0;0;0;NA;150379;0;2020-08-18;-187
2020-08-17;"Banskobystrický kraj";1;0;0;0;NA;150379;1;2020-08-17;-187
2020-08-16;"Banskobystrický kraj";0;0;0;0;NA;150379;0;2020-08-16;-188
2020-08-15;"Banskobystrický kraj";0;0;0;0;NA;150379;0;2020-08-15;-188
2020-08-14;"Banskobystrický kraj";5;0;0;0;NA;150379;5;2020-08-14;-188
2020-08-13;"Banskobystrický kraj";0;0;0;0;NA;150379;0;2020-08-13;-193
2020-08-12;"Banskobystrický kraj";0;0;0;0;NA;150379;0;2020-08-12;-193
2020-08-11;"Banskobystrický kraj";2;0;0;0;NA;150379;2;2020-08-11;-193
2020-08-10;"Banskobystrický kraj";3;0;0;0;NA;150379;3;2020-08-10;-195
2020-08-09;"Banskobystrický kraj";0;0;0;0;NA;150379;0;2020-08-09;-198
2020-08-08;"Banskobystrický kraj";2;0;0;0;NA;150379;2;2020-08-08;-198
2020-08-07;"Banskobystrický kraj";1;0;0;0;NA;150379;1;2020-08-07;-200
2020-08-06;"Banskobystrický kraj";1;0;0;0;NA;150379;1;2020-08-06;-201
2020-08-05;"Banskobystrický kraj";0;0;0;0;NA;150379;0;2020-08-05;-202
2020-08-04;"Banskobystrický kraj";3;0;0;0;NA;150379;3;2020-08-04;-202
2020-08-03;"Banskobystrický kraj";0;0;0;0;NA;150379;0;2020-08-03;-205
2020-08-02;"Banskobystrický kraj";0;0;0;0;NA;150379;0;2020-08-02;-205
2020-08-01;"Banskobystrický kraj";1;0;0;0;NA;150379;1;2020-08-01;-205
2020-07-31;"Banskobystrický kraj";2;0;0;0;NA;150379;2;2020-07-31;-206
2020-07-30;"Banskobystrický kraj";1;0;0;0;NA;150379;1;2020-07-30;-208
2020-07-29;"Banskobystrický kraj";0;0;0;0;NA;150379;0;2020-07-29;-209
2020-07-28;"Banskobystrický kraj";2;0;0;0;NA;150379;2;2020-07-28;-209
2020-07-27;"Banskobystrický kraj";3;0;0;0;NA;150379;3;2020-07-27;-211
2020-07-26;"Banskobystrický kraj";0;0;0;0;NA;150379;0;2020-07-26;-214
2020-07-25;"Banskobystrický kraj";0;0;0;0;NA;150379;0;2020-07-25;-214
2020-07-24;"Banskobystrický kraj";9;0;0;0;NA;150379;9;2020-07-24;-214
2020-07-23;"Banskobystrický kraj";0;0;0;0;NA;150379;0;2020-07-23;-223
2020-07-22;"Banskobystrický kraj";3;0;0;0;NA;150379;3;2020-07-22;-223
2020-07-21;"Banskobystrický kraj";3;0;0;0;NA;150379;3;2020-07-21;-226
2020-07-20;"Banskobystrický kraj";1;0;0;0;NA;150379;1;2020-07-20;-229
2020-07-19;"Banskobystrický kraj";1;0;0;0;NA;150379;1;2020-07-19;-230
2020-07-18;"Banskobystrický kraj";0;0;0;0;NA;150379;0;2020-07-18;-231
2020-07-17;"Banskobystrický kraj";2;0;0;0;NA;150379;2;2020-07-17;-231
2020-07-16;"Banskobystrický kraj";1;0;0;0;NA;150379;1;2020-07-16;-233
2020-07-15;"Banskobystrický kraj";4;0;0;0;NA;150379;4;2020-07-15;-234
2020-07-14;"Banskobystrický kraj";2;0;0;0;NA;150379;2;2020-07-14;-238
2020-07-13;"Banskobystrický kraj";1;0;0;0;NA;150379;1;2020-07-13;-240
2020-07-12;"Banskobystrický kraj";0;0;0;0;NA;150379;0;2020-07-12;-241
2020-07-11;"Banskobystrický kraj";0;0;0;0;NA;150379;0;2020-07-11;-241
2020-07-10;"Banskobystrický kraj";3;0;0;0;NA;150379;3;2020-07-10;-241
2020-07-09;"Banskobystrický kraj";9;0;0;0;NA;150379;9;2020-07-09;-244
2020-07-08;"Banskobystrický kraj";0;0;0;0;NA;150379;0;2020-07-08;-253
2020-07-07;"Banskobystrický kraj";4;0;0;0;NA;150379;4;2020-07-07;-253
2020-07-06;"Banskobystrický kraj";0;0;0;0;NA;150379;0;2020-07-06;-257
2020-07-05;"Banskobystrický kraj";0;0;0;0;NA;150379;0;2020-07-05;-257
2020-07-04;"Banskobystrický kraj";1;0;0;0;NA;150379;1;2020-07-04;-257
2020-07-03;"Banskobystrický kraj";4;0;0;0;NA;150379;4;2020-07-03;-258
2020-07-02;"Banskobystrický kraj";0;0;0;0;NA;150379;0;2020-07-02;-262
2020-07-01;"Banskobystrický kraj";1;0;0;0;NA;150379;1;2020-07-01;-262
2020-06-30;"Banskobystrický kraj";0;12;0;12;NA;150379;0;2020-06-30;-263
2020-06-29;"Banskobystrický kraj";0;0;0;0;NA;150379;0;2020-06-29;-263
2020-06-28;"Banskobystrický kraj";0;0;0;0;NA;150379;0;2020-06-28;-263
2020-06-27;"Banskobystrický kraj";0;0;0;0;NA;150379;0;2020-06-27;-263
2020-06-26;"Banskobystrický kraj";0;0;0;0;NA;150379;0;2020-06-26;-263
2020-06-25;"Banskobystrický kraj";1;0;0;0;NA;150379;1;2020-06-25;-263
2020-06-24;"Banskobystrický kraj";0;0;0;0;NA;150379;0;2020-06-24;-264
2020-06-23;"Banskobystrický kraj";6;0;0;0;NA;150379;6;2020-06-23;-264
2020-06-22;"Banskobystrický kraj";0;0;0;0;NA;150379;0;2020-06-22;-270
2020-06-21;"Banskobystrický kraj";0;0;0;0;NA;150379;0;2020-06-21;-270
2020-06-20;"Banskobystrický kraj";0;0;0;0;NA;150379;0;2020-06-20;-270
2020-06-19;"Banskobystrický kraj";2;0;0;0;NA;150379;2;2020-06-19;-270
2020-06-18;"Banskobystrický kraj";10;0;0;0;NA;150379;10;2020-06-18;-272
2020-06-17;"Banskobystrický kraj";1;0;0;0;NA;150379;1;2020-06-17;-282
2020-06-16;"Banskobystrický kraj";0;0;0;0;NA;150379;0;2020-06-16;-283
2020-06-14;"Banskobystrický kraj";2;0;0;0;NA;150379;2;2020-06-14;-283
2020-06-13;"Banskobystrický kraj";2;0;0;0;NA;150379;2;2020-06-13;-285
2020-06-12;"Banskobystrický kraj";0;0;0;0;NA;150379;0;2020-06-12;-287
2020-06-11;"Banskobystrický kraj";1;0;0;0;NA;150379;1;2020-06-11;-287
2020-06-10;"Banskobystrický kraj";0;0;0;0;NA;150379;0;2020-06-10;-288
2020-06-09;"Banskobystrický kraj";0;0;0;0;NA;150379;0;2020-06-09;-288
2020-06-08;"Banskobystrický kraj";0;0;0;0;NA;150379;0;2020-06-08;-288
2020-06-07;"Banskobystrický kraj";0;0;0;0;NA;150379;0;2020-06-07;-288
2020-06-05;"Banskobystrický kraj";2;0;0;0;NA;150379;2;2020-06-05;-288
2020-06-03;"Banskobystrický kraj";0;0;0;0;NA;150379;0;2020-06-03;-290
2020-06-02;"Banskobystrický kraj";0;0;0;0;NA;150379;0;2020-06-02;-290
2020-05-31;"Banskobystrický kraj";0;0;0;0;NA;150379;0;2020-05-31;-290
2020-05-29;"Banskobystrický kraj";0;0;0;0;NA;150379;0;2020-05-29;-290
2020-05-27;"Banskobystrický kraj";1;0;0;0;NA;150379;1;2020-05-27;-290
2020-05-26;"Banskobystrický kraj";0;0;0;0;NA;150379;0;2020-05-26;-291
2020-05-25;"Banskobystrický kraj";0;0;0;0;NA;150379;0;2020-05-25;-291
2020-05-24;"Banskobystrický kraj";0;0;0;0;NA;150379;0;2020-05-24;-291
2020-05-23;"Banskobystrický kraj";1;0;0;0;NA;150379;1;2020-05-23;-291
2020-05-22;"Banskobystrický kraj";0;0;0;0;NA;150379;0;2020-05-22;-292
2020-05-21;"Banskobystrický kraj";0;0;0;0;NA;150379;0;2020-05-21;-292
2020-05-20;"Banskobystrický kraj";1;0;0;0;NA;150379;1;2020-05-20;-292
2020-05-19;"Banskobystrický kraj";0;0;0;0;NA;150379;0;2020-05-19;-293
2020-05-17;"Banskobystrický kraj";0;0;0;0;NA;150379;0;2020-05-17;-293
2020-05-16;"Banskobystrický kraj";0;0;0;0;NA;150379;0;2020-05-16;-293
2020-05-15;"Banskobystrický kraj";0;0;0;0;NA;150379;0;2020-05-15;-293
2020-05-14;"Banskobystrický kraj";0;0;0;0;NA;150379;0;2020-05-14;-293
2020-05-13;"Banskobystrický kraj";0;0;0;0;NA;150379;0;2020-05-13;-293
2020-05-12;"Banskobystrický kraj";1;0;0;0;NA;150379;1;2020-05-12;-293
2020-05-11;"Banskobystrický kraj";0;0;0;0;NA;150379;0;2020-05-11;-294
2020-05-09;"Banskobystrický kraj";0;0;0;0;NA;150379;0;2020-05-09;-294
2020-05-07;"Banskobystrický kraj";2;0;0;0;NA;150379;2;2020-05-07;-294
2020-05-06;"Banskobystrický kraj";1;0;0;0;NA;150379;1;2020-05-06;-296
2020-05-05;"Banskobystrický kraj";2;0;0;0;NA;150379;2;2020-05-05;-297
2020-05-04;"Banskobystrický kraj";0;0;0;0;NA;150379;0;2020-05-04;-299
2020-05-03;"Banskobystrický kraj";0;0;0;0;NA;150379;0;2020-05-03;-299
2020-05-02;"Banskobystrický kraj";0;0;0;0;NA;150379;0;2020-05-02;-299
2020-05-01;"Banskobystrický kraj";0;0;0;0;NA;150379;0;2020-05-01;-299
2020-04-30;"Banskobystrický kraj";1;0;0;0;NA;150379;1;2020-04-30;-299
2020-04-29;"Banskobystrický kraj";1;0;0;0;NA;150379;1;2020-04-29;-300
2020-04-28;"Banskobystrický kraj";0;0;0;0;NA;150379;0;2020-04-28;-301
2020-04-27;"Banskobystrický kraj";0;0;0;0;NA;150379;0;2020-04-27;-301
2020-04-26;"Banskobystrický kraj";0;0;0;0;NA;150379;0;2020-04-26;-301
2020-04-25;"Banskobystrický kraj";2;0;0;0;NA;150379;2;2020-04-25;-301
2020-04-24;"Banskobystrický kraj";3;0;0;0;NA;150379;3;2020-04-24;-303
2020-04-23;"Banskobystrický kraj";2;0;0;0;NA;150379;2;2020-04-23;-306
2020-04-22;"Banskobystrický kraj";2;0;0;0;NA;150379;2;2020-04-22;-308
2020-04-21;"Banskobystrický kraj";2;0;0;0;NA;150379;2;2020-04-21;-310
2020-04-20;"Banskobystrický kraj";0;0;0;0;NA;150379;0;2020-04-20;-312
2020-04-19;"Banskobystrický kraj";0;0;0;0;NA;150379;0;2020-04-19;-312
2020-04-18;"Banskobystrický kraj";8;0;0;0;NA;150379;8;2020-04-18;-312
2020-04-17;"Banskobystrický kraj";2;0;0;0;NA;150379;2;2020-04-17;-320
2020-04-16;"Banskobystrický kraj";0;0;0;0;NA;150379;0;2020-04-16;-322
2020-04-15;"Banskobystrický kraj";10;0;0;0;NA;150379;10;2020-04-15;-322
2020-04-14;"Banskobystrický kraj";0;0;0;0;NA;150379;0;2020-04-14;-332
2020-04-13;"Banskobystrický kraj";2;0;0;0;NA;150379;2;2020-04-13;-332
2020-04-12;"Banskobystrický kraj";4;0;0;0;NA;150379;4;2020-04-12;-334
2020-04-11;"Banskobystrický kraj";1;0;0;0;NA;150379;1;2020-04-11;-338
2020-04-10;"Banskobystrický kraj";0;0;0;0;NA;150379;0;2020-04-10;-339
2020-04-09;"Banskobystrický kraj";2;0;0;0;NA;150379;2;2020-04-09;-339
2020-04-08;"Banskobystrický kraj";0;0;0;0;NA;150379;0;2020-04-08;-341
2020-04-07;"Banskobystrický kraj";4;0;0;0;NA;150379;4;2020-04-07;-341
2020-04-06;"Banskobystrický kraj";10;0;0;0;NA;150379;10;2020-04-06;-345
2020-04-05;"Banskobystrický kraj";9;0;0;0;NA;150379;9;2020-04-05;-355
2020-04-04;"Banskobystrický kraj";0;0;0;0;NA;150379;0;2020-04-04;-364
2020-04-03;"Banskobystrický kraj";2;0;0;0;NA;150379;2;2020-04-03;-364
2020-04-02;"Banskobystrický kraj";2;0;0;0;NA;150379;2;2020-04-02;-366
2020-04-01;"Banskobystrický kraj";5;0;0;0;NA;150379;5;2020-04-01;-368
2020-03-31;"Banskobystrický kraj";3;0;0;0;NA;150379;3;2020-03-31;-373
2020-03-30;"Banskobystrický kraj";1;0;0;0;NA;150379;1;2020-03-30;-376
2020-03-29;"Banskobystrický kraj";2;0;0;0;NA;150379;2;2020-03-29;-377
2020-03-28;"Banskobystrický kraj";1;0;0;0;NA;150379;1;2020-03-28;-379
2020-03-27;"Banskobystrický kraj";1;0;0;0;NA;150379;1;2020-03-27;-380
2020-03-26;"Banskobystrický kraj";1;0;0;0;NA;150379;1;2020-03-26;-381
2020-03-25;"Banskobystrický kraj";0;0;0;0;NA;150379;0;2020-03-25;-382
2020-03-24;"Banskobystrický kraj";1;0;0;0;NA;150379;1;2020-03-24;-382
2020-03-23;"Banskobystrický kraj";1;0;0;0;NA;150379;1;2020-03-23;-383
2020-03-22;"Banskobystrický kraj";0;0;0;0;NA;150379;0;2020-03-22;-384
2020-03-21;"Banskobystrický kraj";3;0;0;0;NA;150379;3;2020-03-21;-384
2020-03-20;"Banskobystrický kraj";0;0;0;0;NA;150379;0;2020-03-20;-387
2020-03-19;"Banskobystrický kraj";2;0;0;0;NA;150379;2;2020-03-19;-387
2020-03-18;"Banskobystrický kraj";1;0;0;0;NA;150379;1;2020-03-18;-389
2020-03-17;"Banskobystrický kraj";1;0;0;0;NA;150379;1;2020-03-17;-390
2020-03-16;"Banskobystrický kraj";0;0;0;0;NA;150379;0;2020-03-16;-391
2020-03-15;"Banskobystrický kraj";1;0;0;0;NA;150379;1;2020-03-15;-391
2020-03-14;"Banskobystrický kraj";0;0;0;0;NA;150379;0;2020-03-14;-392
2020-03-13;"Banskobystrický kraj";1;0;0;0;NA;150379;1;2020-03-13;-392
2020-03-12;"Banskobystrický kraj";0;0;0;0;NA;150379;0;2020-03-12;-393
2020-03-11;"Banskobystrický kraj";0;0;0;0;NA;150379;0;2020-03-11;-393
2020-03-09;"Banskobystrický kraj";0;0;0;0;NA;150379;0;2020-03-09;-393
2020-03-08;"Banskobystrický kraj";0;0;0;0;NA;150379;0;2020-03-08;-393
2020-03-07;"Banskobystrický kraj";0;0;0;0;NA;150379;0;2020-03-07;-393
2020-03-06;"Banskobystrický kraj";0;0;0;0;NA;150379;0;2020-03-06;-393
2021-12-22;"Bratislavský kraj";575;0;0;0;99271;164370;575;2021-12-22;164370
2021-12-21;"Bratislavský kraj";625;0;0;0;NA;164370;625;2021-12-21;163795
2021-12-20;"Bratislavský kraj";528;330;1;331;NA;164370;529;2021-12-20;163170
2021-12-19;"Bratislavský kraj";250;2297;62;2359;NA;164370;312;2021-12-19;162641
2021-12-18;"Bratislavský kraj";528;2222;78;2300;NA;164370;606;2021-12-18;162329
2021-12-17;"Bratislavský kraj";683;4355;110;4465;NA;164370;793;2021-12-17;161723
2021-12-16;"Bratislavský kraj";730;5237;160;5397;NA;164370;890;2021-12-16;160930
2021-12-15;"Bratislavský kraj";881;4489;155;4644;NA;164370;1036;2021-12-15;160040
2021-12-14;"Bratislavský kraj";869;5347;178;5525;NA;164370;1047;2021-12-14;159004
2021-12-13;"Bratislavský kraj";648;7506;236;7742;NA;164370;884;2021-12-13;157957
2021-12-12;"Bratislavský kraj";534;3305;129;3434;NA;164370;663;2021-12-12;157073
2021-12-11;"Bratislavský kraj";698;2377;153;2530;NA;164370;851;2021-12-11;156410
2021-12-10;"Bratislavský kraj";796;4728;186;4914;NA;164370;982;2021-12-10;155559
2021-12-09;"Bratislavský kraj";1040;4042;172;4214;NA;164370;1212;2021-12-09;154577
2021-12-08;"Bratislavský kraj";1172;4602;196;4798;NA;164370;1368;2021-12-08;153365
2021-12-07;"Bratislavský kraj";1236;5173;257;5430;NA;164370;1493;2021-12-07;151997
2021-12-06;"Bratislavský kraj";1434;8639;310;8949;NA;164370;1744;2021-12-06;150504
2021-12-05;"Bratislavský kraj";633;3852;195;4047;NA;164370;828;2021-12-05;148760
2021-12-04;"Bratislavský kraj";936;4150;183;4333;NA;164370;1119;2021-12-04;147932
2021-12-03;"Bratislavský kraj";1222;4349;269;4618;NA;164370;1491;2021-12-03;146813
2021-12-02;"Bratislavský kraj";2053;5097;311;5408;NA;164370;2364;2021-12-02;145322
2021-12-01;"Bratislavský kraj";1161;9051;295;9346;NA;164370;1456;2021-12-01;142958
2021-11-30;"Bratislavský kraj";1442;6508;355;6863;NA;164370;1797;2021-11-30;141502
2021-11-29;"Bratislavský kraj";863;8821;452;9273;NA;164370;1315;2021-11-29;139705
2021-11-28;"Bratislavský kraj";617;5102;295;5397;NA;164370;912;2021-11-28;138390
2021-11-27;"Bratislavský kraj";1026;3497;329;3826;NA;164370;1355;2021-11-27;137478
2021-11-26;"Bratislavský kraj";1346;5483;422;5905;NA;164370;1768;2021-11-26;136123
2021-11-25;"Bratislavský kraj";1415;6383;451;6834;NA;164370;1866;2021-11-25;134355
2021-11-24;"Bratislavský kraj";1286;6849;467;7316;NA;164370;1753;2021-11-24;132489
2021-11-23;"Bratislavský kraj";1651;6351;433;6784;NA;164370;2084;2021-11-23;130736
2021-11-22;"Bratislavský kraj";1197;8722;584;9306;NA;164370;1781;2021-11-22;128652
2021-11-21;"Bratislavský kraj";702;4324;320;4644;NA;164370;1022;2021-11-21;126871
2021-11-20;"Bratislavský kraj";1005;3514;360;3874;NA;164370;1365;2021-11-20;125849
2021-11-19;"Bratislavský kraj";1444;5927;549;6476;NA;164370;1993;2021-11-19;124484
2021-11-18;"Bratislavský kraj";1052;6358;548;6906;NA;164370;1600;2021-11-18;122491
2021-11-17;"Bratislavský kraj";832;2439;308;2747;NA;164370;1140;2021-11-17;120891
2021-11-16;"Bratislavský kraj";1067;5792;443;6235;NA;164370;1510;2021-11-16;119751
2021-11-15;"Bratislavský kraj";1014;6330;519;6849;NA;164370;1533;2021-11-15;118241
2021-11-14;"Bratislavský kraj";448;3202;335;3537;NA;164370;783;2021-11-14;116708
2021-11-13;"Bratislavský kraj";587;3251;313;3564;NA;164370;900;2021-11-13;115925
2021-11-12;"Bratislavský kraj";856;5723;357;6080;NA;164370;1213;2021-11-12;115025
2021-11-11;"Bratislavský kraj";787;6028;355;6383;NA;164370;1142;2021-11-11;113812
2021-11-10;"Bratislavský kraj";840;5903;385;6288;NA;164370;1225;2021-11-10;112670
2021-11-09;"Bratislavský kraj";939;5733;350;6083;NA;164370;1289;2021-11-09;111445
2021-11-08;"Bratislavský kraj";579;5641;404;6045;NA;164370;983;2021-11-08;110156
2021-11-07;"Bratislavský kraj";363;2836;244;3080;NA;164370;607;2021-11-07;109173
2021-11-06;"Bratislavský kraj";538;2901;243;3144;NA;164370;781;2021-11-06;108566
2021-11-05;"Bratislavský kraj";801;5640;318;5958;NA;164370;1119;2021-11-05;107785
2021-11-04;"Bratislavský kraj";768;5233;273;5506;NA;164370;1041;2021-11-04;106666
2021-11-03;"Bratislavský kraj";690;5120;290;5410;NA;164370;980;2021-11-03;105625
2021-11-02;"Bratislavský kraj";422;6356;327;6683;NA;164370;749;2021-11-02;104645
2021-11-01;"Bratislavský kraj";395;1726;136;1862;NA;164370;531;2021-11-01;103896
2021-10-31;"Bratislavský kraj";209;2280;163;2443;NA;164370;372;2021-10-31;103365
2021-10-30;"Bratislavský kraj";429;2138;118;2256;NA;164370;547;2021-10-30;102993
2021-10-29;"Bratislavský kraj";445;4757;219;4976;NA;164370;664;2021-10-29;102446
2021-10-28;"Bratislavský kraj";372;4777;179;4956;NA;164370;551;2021-10-28;101782
2021-10-27;"Bratislavský kraj";376;4522;164;4686;NA;164370;540;2021-10-27;101231
2021-10-26;"Bratislavský kraj";461;4492;188;4680;NA;164370;649;2021-10-26;100691
2021-10-25;"Bratislavský kraj";379;5347;192;5539;NA;164370;571;2021-10-25;100042
2021-10-24;"Bratislavský kraj";114;2369;91;2460;NA;164370;205;2021-10-24;99471
2021-10-23;"Bratislavský kraj";301;2666;91;2757;NA;164370;392;2021-10-23;99266
2021-10-22;"Bratislavský kraj";309;4455;122;4577;NA;164370;431;2021-10-22;98874
2021-10-21;"Bratislavský kraj";244;4544;101;4645;NA;164370;345;2021-10-21;98443
2021-10-20;"Bratislavský kraj";262;3897;95;3992;NA;164370;357;2021-10-20;98098
2021-10-19;"Bratislavský kraj";260;4116;68;4184;NA;164370;328;2021-10-19;97741
2021-10-18;"Bratislavský kraj";250;5014;114;5128;NA;164370;364;2021-10-18;97413
2021-10-17;"Bratislavský kraj";54;2460;73;2533;NA;164370;127;2021-10-17;97049
2021-10-16;"Bratislavský kraj";185;2687;63;2750;NA;164370;248;2021-10-16;96922
2021-10-15;"Bratislavský kraj";169;4200;64;4264;NA;164370;233;2021-10-15;96674
2021-10-14;"Bratislavský kraj";173;4714;61;4775;NA;164370;234;2021-10-14;96441
2021-10-13;"Bratislavský kraj";143;3671;76;3747;NA;164370;219;2021-10-13;96207
2021-10-12;"Bratislavský kraj";183;4037;78;4115;NA;164370;261;2021-10-12;95988
2021-10-11;"Bratislavský kraj";191;4798;88;4886;NA;164370;279;2021-10-11;95727
2021-10-10;"Bratislavský kraj";29;2176;43;2219;NA;164370;72;2021-10-10;95448
2021-10-09;"Bratislavský kraj";141;2419;34;2453;NA;164370;175;2021-10-09;95376
2021-10-08;"Bratislavský kraj";130;4511;63;4574;NA;164370;193;2021-10-08;95201
2021-10-07;"Bratislavský kraj";92;4137;61;4198;NA;164370;153;2021-10-07;95008
2021-10-06;"Bratislavský kraj";147;4026;68;4094;NA;164370;215;2021-10-06;94855
2021-10-05;"Bratislavský kraj";164;4468;70;4538;NA;164370;234;2021-10-05;94640
2021-10-04;"Bratislavský kraj";129;4653;79;4732;NA;164370;208;2021-10-04;94406
2021-10-03;"Bratislavský kraj";41;2144;42;2186;NA;164370;83;2021-10-03;94198
2021-10-02;"Bratislavský kraj";104;2605;40;2645;NA;164370;144;2021-10-02;94115
2021-10-01;"Bratislavský kraj";108;4809;57;4866;NA;164370;165;2021-10-01;93971
2021-09-30;"Bratislavský kraj";90;3854;60;3914;NA;164370;150;2021-09-30;93806
2021-09-29;"Bratislavský kraj";115;3508;58;3566;NA;164370;173;2021-09-29;93656
2021-09-28;"Bratislavský kraj";144;4003;48;4051;NA;164370;192;2021-09-28;93483
2021-09-27;"Bratislavský kraj";123;4427;70;4497;NA;164370;193;2021-09-27;93291
2021-09-26;"Bratislavský kraj";32;2194;31;2225;NA;164370;63;2021-09-26;93098
2021-09-25;"Bratislavský kraj";85;2742;38;2780;NA;164370;123;2021-09-25;93035
2021-09-24;"Bratislavský kraj";82;4207;59;4266;NA;164370;141;2021-09-24;92912
2021-09-23;"Bratislavský kraj";90;3975;51;4026;NA;164370;141;2021-09-23;92771
2021-09-22;"Bratislavský kraj";84;3757;63;3820;NA;164370;147;2021-09-22;92630
2021-09-21;"Bratislavský kraj";95;3574;39;3613;NA;164370;134;2021-09-21;92483
2021-09-20;"Bratislavský kraj";84;3937;31;3968;NA;164370;115;2021-09-20;92349
2021-09-19;"Bratislavský kraj";31;1850;28;1878;NA;164370;59;2021-09-19;92234
2021-09-18;"Bratislavský kraj";60;1989;19;2008;NA;164370;79;2021-09-18;92175
2021-09-17;"Bratislavský kraj";87;3443;27;3470;NA;164370;114;2021-09-17;92096
2021-09-16;"Bratislavský kraj";57;3772;43;3815;NA;164370;100;2021-09-16;91982
2021-09-15;"Bratislavský kraj";41;1104;21;1125;NA;164370;62;2021-09-15;91882
2021-09-14;"Bratislavský kraj";78;3518;31;3549;NA;164370;109;2021-09-14;91820
2021-09-13;"Bratislavský kraj";47;3191;28;3219;NA;164370;75;2021-09-13;91711
2021-09-12;"Bratislavský kraj";13;1713;21;1734;NA;164370;34;2021-09-12;91636
2021-09-11;"Bratislavský kraj";36;2064;13;2077;NA;164370;49;2021-09-11;91602
2021-09-10;"Bratislavský kraj";47;3628;18;3646;NA;164370;65;2021-09-10;91553
2021-09-09;"Bratislavský kraj";50;3010;30;3040;NA;164370;80;2021-09-09;91488
2021-09-08;"Bratislavský kraj";56;2925;20;2945;NA;164370;76;2021-09-08;91408
2021-09-07;"Bratislavský kraj";50;3272;18;3290;NA;164370;68;2021-09-07;91332
2021-09-06;"Bratislavský kraj";63;2811;29;2840;NA;164370;92;2021-09-06;91264
2021-09-05;"Bratislavský kraj";10;1682;14;1696;NA;164370;24;2021-09-05;91172
2021-09-04;"Bratislavský kraj";41;2612;11;2623;NA;164370;52;2021-09-04;91148
2021-09-03;"Bratislavský kraj";55;3016;14;3030;NA;164370;69;2021-09-03;91096
2021-09-02;"Bratislavský kraj";35;2423;23;2446;NA;164370;58;2021-09-02;91027
2021-09-01;"Bratislavský kraj";16;929;9;938;NA;164370;25;2021-09-01;90969
2021-08-31;"Bratislavský kraj";28;5197;22;5219;NA;164370;50;2021-08-31;90944
2021-08-30;"Bratislavský kraj";24;2403;13;2416;NA;164370;37;2021-08-30;90894
2021-08-29;"Bratislavský kraj";11;1016;6;1022;NA;164370;17;2021-08-29;90857
2021-08-28;"Bratislavský kraj";24;1714;11;1725;NA;164370;35;2021-08-28;90840
2021-08-27;"Bratislavský kraj";19;2850;9;2859;NA;164370;28;2021-08-27;90805
2021-08-26;"Bratislavský kraj";15;2382;19;2401;NA;164370;34;2021-08-26;90777
2021-08-25;"Bratislavský kraj";29;1888;10;1898;NA;164370;39;2021-08-25;90743
2021-08-24;"Bratislavský kraj";22;1785;4;1789;NA;164370;26;2021-08-24;90704
2021-08-23;"Bratislavský kraj";21;2183;7;2190;NA;164370;28;2021-08-23;90678
2021-08-22;"Bratislavský kraj";5;1383;8;1391;NA;164370;13;2021-08-22;90650
2021-08-21;"Bratislavský kraj";18;1681;4;1685;NA;164370;22;2021-08-21;90637
2021-08-20;"Bratislavský kraj";27;2743;19;2762;NA;164370;46;2021-08-20;90615
2021-08-19;"Bratislavský kraj";15;2122;9;2131;NA;164370;24;2021-08-19;90569
2021-08-18;"Bratislavský kraj";16;1659;11;1670;NA;164370;27;2021-08-18;90545
2021-08-17;"Bratislavský kraj";18;1600;5;1605;NA;164370;23;2021-08-17;90518
2021-08-16;"Bratislavský kraj";18;2559;12;2571;NA;164370;30;2021-08-16;90495
2021-08-15;"Bratislavský kraj";3;1169;6;1175;NA;164370;9;2021-08-15;90465
2021-08-14;"Bratislavský kraj";11;1519;4;1523;NA;164370;15;2021-08-14;90456
2021-08-13;"Bratislavský kraj";32;2628;7;2635;NA;164370;39;2021-08-13;90441
2021-08-12;"Bratislavský kraj";16;1824;9;1833;NA;164370;25;2021-08-12;90402
2021-08-11;"Bratislavský kraj";22;1621;5;1626;NA;164370;27;2021-08-11;90377
2021-08-10;"Bratislavský kraj";15;1624;7;1631;NA;164370;22;2021-08-10;90350
2021-08-09;"Bratislavský kraj";35;1917;9;1926;NA;164370;44;2021-08-09;90328
2021-08-08;"Bratislavský kraj";3;1152;4;1156;NA;164370;7;2021-08-08;90284
2021-08-07;"Bratislavský kraj";6;1572;9;1581;NA;164370;15;2021-08-07;90277
2021-08-06;"Bratislavský kraj";9;2510;10;2520;NA;164370;19;2021-08-06;90262
2021-08-05;"Bratislavský kraj";10;1651;7;1658;NA;164370;17;2021-08-05;90243
2021-08-04;"Bratislavský kraj";9;1578;0;1578;NA;164370;9;2021-08-04;90226
2021-08-03;"Bratislavský kraj";11;1507;5;1512;NA;164370;16;2021-08-03;90217
2021-08-02;"Bratislavský kraj";15;1749;11;1760;NA;164370;26;2021-08-02;90201
2021-08-01;"Bratislavský kraj";4;1224;8;1232;NA;164370;12;2021-08-01;90175
2021-07-31;"Bratislavský kraj";7;1623;2;1625;NA;164370;9;2021-07-31;90163
2021-07-30;"Bratislavský kraj";15;2540;7;2547;NA;164370;22;2021-07-30;90154
2021-07-29;"Bratislavský kraj";19;1790;7;1797;NA;164370;26;2021-07-29;90132
2021-07-28;"Bratislavský kraj";8;1538;11;1549;NA;164370;19;2021-07-28;90106
2021-07-27;"Bratislavský kraj";9;1476;5;1481;NA;164370;14;2021-07-27;90087
2021-07-26;"Bratislavský kraj";17;1806;7;1813;NA;164370;24;2021-07-26;90073
2021-07-25;"Bratislavský kraj";4;1411;2;1413;NA;164370;6;2021-07-25;90049
2021-07-24;"Bratislavský kraj";9;1732;3;1735;NA;164370;12;2021-07-24;90043
2021-07-23;"Bratislavský kraj";6;2400;3;2403;NA;164370;9;2021-07-23;90031
2021-07-22;"Bratislavský kraj";12;1944;6;1950;NA;164370;18;2021-07-22;90022
2021-07-21;"Bratislavský kraj";5;1860;6;1866;NA;164370;11;2021-07-21;90004
2021-07-20;"Bratislavský kraj";19;1550;1;1551;NA;164370;20;2021-07-20;89993
2021-07-19;"Bratislavský kraj";15;2259;3;2262;NA;164370;18;2021-07-19;89973
2021-07-18;"Bratislavský kraj";2;1462;3;1465;NA;164370;5;2021-07-18;89955
2021-07-17;"Bratislavský kraj";3;1870;2;1872;NA;164370;5;2021-07-17;89950
2021-07-16;"Bratislavský kraj";8;2834;4;2838;NA;164370;12;2021-07-16;89945
2021-07-15;"Bratislavský kraj";5;1677;0;1677;NA;164370;5;2021-07-15;89933
2021-07-14;"Bratislavský kraj";5;1895;3;1898;NA;164370;8;2021-07-14;89928
2021-07-13;"Bratislavský kraj";4;1584;4;1588;NA;164370;8;2021-07-13;89920
2021-07-12;"Bratislavský kraj";6;1780;5;1785;NA;164370;11;2021-07-12;89912
2021-07-11;"Bratislavský kraj";3;1896;3;1899;NA;164370;6;2021-07-11;89901
2021-07-10;"Bratislavský kraj";5;2240;3;2243;NA;164370;8;2021-07-10;89895
2021-07-09;"Bratislavský kraj";13;3538;7;3545;NA;164370;20;2021-07-09;89887
2021-07-08;"Bratislavský kraj";9;2433;4;2437;NA;164370;13;2021-07-08;89867
2021-07-07;"Bratislavský kraj";5;2792;4;2796;NA;164370;9;2021-07-07;89854
2021-07-06;"Bratislavský kraj";19;2771;4;2775;NA;164370;23;2021-07-06;89845
2021-07-05;"Bratislavský kraj";5;2455;5;2460;NA;164370;10;2021-07-05;89822
2021-07-04;"Bratislavský kraj";3;1824;2;1826;NA;164370;5;2021-07-04;89812
2021-07-03;"Bratislavský kraj";8;2205;5;2210;NA;164370;13;2021-07-03;89807
2021-07-02;"Bratislavský kraj";4;2227;4;2231;NA;164370;8;2021-07-02;89794
2021-07-01;"Bratislavský kraj";6;1809;5;1814;NA;164370;11;2021-07-01;89786
2021-06-30;"Bratislavský kraj";2;11548;11;11559;NA;164370;13;2021-06-30;89775
2021-06-29;"Bratislavský kraj";5;6831;7;6838;NA;164370;12;2021-06-29;89762
2021-06-28;"Bratislavský kraj";16;6651;24;6675;NA;164370;40;2021-06-28;89750
2021-06-27;"Bratislavský kraj";4;6689;11;6700;NA;164370;15;2021-06-27;89710
2021-06-26;"Bratislavský kraj";3;8741;6;8747;NA;164370;9;2021-06-26;89695
2021-06-25;"Bratislavský kraj";7;10285;15;10300;NA;164370;22;2021-06-25;89686
2021-06-24;"Bratislavský kraj";3;7384;16;7400;NA;164370;19;2021-06-24;89664
2021-06-23;"Bratislavský kraj";4;7346;12;7358;NA;164370;16;2021-06-23;89645
2021-06-22;"Bratislavský kraj";6;7244;10;7254;NA;164370;16;2021-06-22;89629
2021-06-21;"Bratislavský kraj";5;7641;9;7650;NA;164370;14;2021-06-21;89613
2021-06-20;"Bratislavský kraj";0;7369;5;7374;NA;164370;5;2021-06-20;89599
2021-06-19;"Bratislavský kraj";3;9226;4;9230;NA;164370;7;2021-06-19;89594
2021-06-18;"Bratislavský kraj";5;12763;9;12772;NA;164370;14;2021-06-18;89587
2021-06-17;"Bratislavský kraj";3;8625;13;8638;NA;164370;16;2021-06-17;89573
2021-06-16;"Bratislavský kraj";3;7105;4;7109;NA;164370;7;2021-06-16;89557
2021-06-15;"Bratislavský kraj";7;7309;17;7326;NA;164370;24;2021-06-15;89550
2021-06-14;"Bratislavský kraj";4;8231;9;8240;NA;164370;13;2021-06-14;89526
2021-06-13;"Bratislavský kraj";2;8791;11;8802;NA;164370;13;2021-06-13;89513
2021-06-12;"Bratislavský kraj";4;11152;11;11163;NA;164370;15;2021-06-12;89500
2021-06-11;"Bratislavský kraj";9;13644;21;13665;NA;164370;30;2021-06-11;89485
2021-06-10;"Bratislavský kraj";12;8637;15;8652;NA;164370;27;2021-06-10;89455
2021-06-09;"Bratislavský kraj";12;7596;12;7608;NA;164370;24;2021-06-09;89428
2021-06-08;"Bratislavský kraj";13;7907;29;7936;NA;164370;42;2021-06-08;89404
2021-06-07;"Bratislavský kraj";13;9247;43;9290;NA;164370;56;2021-06-07;89362
2021-06-06;"Bratislavský kraj";3;10350;20;10370;NA;164370;23;2021-06-06;89306
2021-06-05;"Bratislavský kraj";2;12692;15;12707;NA;164370;17;2021-06-05;89283
2021-06-04;"Bratislavský kraj";10;13846;31;13877;NA;164370;41;2021-06-04;89266
2021-06-03;"Bratislavský kraj";12;9615;19;9634;NA;164370;31;2021-06-03;89225
2021-06-02;"Bratislavský kraj";10;8684;17;8701;NA;164370;27;2021-06-02;89194
2021-06-01;"Bratislavský kraj";3;8812;25;8837;NA;164370;28;2021-06-01;89167
2021-05-31;"Bratislavský kraj";18;11248;32;11280;NA;164370;50;2021-05-31;89139
2021-05-30;"Bratislavský kraj";1;11758;17;11775;NA;164370;18;2021-05-30;89089
2021-05-29;"Bratislavský kraj";4;12245;8;12253;NA;164370;12;2021-05-29;89071
2021-05-28;"Bratislavský kraj";14;15865;23;15888;NA;164370;37;2021-05-28;89059
2021-05-27;"Bratislavský kraj";5;11321;18;11339;NA;164370;23;2021-05-27;89022
2021-05-26;"Bratislavský kraj";20;10709;17;10726;NA;164370;37;2021-05-26;88999
2021-05-25;"Bratislavský kraj";19;11864;31;11895;NA;164370;50;2021-05-25;88962
2021-05-24;"Bratislavský kraj";12;12966;23;12989;NA;164370;35;2021-05-24;88912
2021-05-23;"Bratislavský kraj";7;13074;24;13098;NA;164370;31;2021-05-23;88877
2021-05-22;"Bratislavský kraj";6;14044;22;14066;NA;164370;28;2021-05-22;88846
2021-05-21;"Bratislavský kraj";15;18996;22;19018;NA;164370;37;2021-05-21;88818
2021-05-20;"Bratislavský kraj";15;14112;17;14129;NA;164370;32;2021-05-20;88781
2021-05-19;"Bratislavský kraj";21;11958;24;11982;NA;164370;45;2021-05-19;88749
2021-05-18;"Bratislavský kraj";14;13005;33;13038;NA;164370;47;2021-05-18;88704
2021-05-17;"Bratislavský kraj";15;13854;29;13883;NA;164370;44;2021-05-17;88657
2021-05-16;"Bratislavský kraj";12;19797;32;19829;NA;164370;44;2021-05-16;88613
2021-05-15;"Bratislavský kraj";1;18113;30;18143;NA;164370;31;2021-05-15;88569
2021-05-14;"Bratislavský kraj";15;22228;30;22258;NA;164370;45;2021-05-14;88538
2021-05-13;"Bratislavský kraj";9;16211;17;16228;NA;164370;26;2021-05-13;88493
2021-05-12;"Bratislavský kraj";11;14638;28;14666;NA;164370;39;2021-05-12;88467
2021-05-11;"Bratislavský kraj";29;16741;32;16773;NA;164370;61;2021-05-11;88428
2021-05-10;"Bratislavský kraj";27;19991;64;20055;NA;164370;91;2021-05-10;88367
2021-05-09;"Bratislavský kraj";9;29358;32;29390;NA;164370;41;2021-05-09;88276
2021-05-08;"Bratislavský kraj";5;19451;24;19475;NA;164370;29;2021-05-08;88235
2021-05-07;"Bratislavský kraj";32;28211;65;28276;NA;164370;97;2021-05-07;88206
2021-05-06;"Bratislavský kraj";19;20079;52;20131;NA;164370;71;2021-05-06;88109
2021-05-05;"Bratislavský kraj";29;15526;31;15557;NA;164370;60;2021-05-05;88038
2021-05-04;"Bratislavský kraj";46;19143;53;19196;NA;164370;99;2021-05-04;87978
2021-05-03;"Bratislavský kraj";37;22322;64;22386;NA;164370;101;2021-05-03;87879
2021-05-02;"Bratislavský kraj";38;43064;75;43139;NA;164370;113;2021-05-02;87778
2021-05-01;"Bratislavský kraj";11;39905;40;39945;NA;164370;51;2021-05-01;87665
2021-04-30;"Bratislavský kraj";43;47403;82;47485;NA;164370;125;2021-04-30;87614
2021-04-29;"Bratislavský kraj";48;30257;96;30353;NA;164370;144;2021-04-29;87489
2021-04-28;"Bratislavský kraj";40;28905;78;28983;NA;164370;118;2021-04-28;87345
2021-04-27;"Bratislavský kraj";41;30168;52;30220;NA;164370;93;2021-04-27;87227
2021-04-26;"Bratislavský kraj";59;34733;97;34830;NA;164370;156;2021-04-26;87134
2021-04-25;"Bratislavský kraj";8;57615;74;57689;NA;164370;82;2021-04-25;86978
2021-04-24;"Bratislavský kraj";28;74858;66;74924;NA;164370;94;2021-04-24;86896
2021-04-23;"Bratislavský kraj";70;48614;62;48676;NA;164370;132;2021-04-23;86802
2021-04-22;"Bratislavský kraj";39;31037;72;31109;NA;164370;111;2021-04-22;86670
2021-04-21;"Bratislavský kraj";48;30442;62;30504;NA;164370;110;2021-04-21;86559
2021-04-20;"Bratislavský kraj";58;35216;63;35279;NA;164370;121;2021-04-20;86449
2021-04-19;"Bratislavský kraj";48;39500;80;39580;NA;164370;128;2021-04-19;86328
2021-04-18;"Bratislavský kraj";35;62300;76;62376;NA;164370;111;2021-04-18;86200
2021-04-17;"Bratislavský kraj";13;80359;111;80470;NA;164370;124;2021-04-17;86089
2021-04-16;"Bratislavský kraj";62;47296;80;47376;NA;164370;142;2021-04-16;85965
2021-04-15;"Bratislavský kraj";34;32176;74;32250;NA;164370;108;2021-04-15;85823
2021-04-14;"Bratislavský kraj";65;33961;88;34049;NA;164370;153;2021-04-14;85715
2021-04-13;"Bratislavský kraj";82;35512;82;35594;NA;164370;164;2021-04-13;85562
2021-04-12;"Bratislavský kraj";77;42286;115;42401;NA;164370;192;2021-04-12;85398
2021-04-11;"Bratislavský kraj";42;61151;123;61274;NA;164370;165;2021-04-11;85206
2021-04-10;"Bratislavský kraj";14;77874;167;78041;NA;164370;181;2021-04-10;85041
2021-04-09;"Bratislavský kraj";72;41556;97;41653;NA;164370;169;2021-04-09;84860
2021-04-08;"Bratislavský kraj";71;28866;95;28961;NA;164370;166;2021-04-08;84691
2021-04-07;"Bratislavský kraj";96;38061;101;38162;NA;164370;197;2021-04-07;84525
2021-04-06;"Bratislavský kraj";94;56204;179;56383;NA;164370;273;2021-04-06;84328
2021-04-05;"Bratislavský kraj";85;18538;85;18623;NA;164370;170;2021-04-05;84055
2021-04-04;"Bratislavský kraj";37;29225;75;29300;NA;164370;112;2021-04-04;83885
2021-04-03;"Bratislavský kraj";52;79865;220;80085;NA;164370;272;2021-04-03;83773
2021-04-02;"Bratislavský kraj";33;23790;104;23894;NA;164370;137;2021-04-02;83501
2021-04-01;"Bratislavský kraj";119;57388;159;57547;NA;164370;278;2021-04-01;83364
2021-03-31;"Bratislavský kraj";105;46371;177;46548;NA;164370;282;2021-03-31;83086
2021-03-30;"Bratislavský kraj";100;39599;144;39743;NA;164370;244;2021-03-30;82804
2021-03-29;"Bratislavský kraj";153;40364;178;40542;NA;164370;331;2021-03-29;82560
2021-03-28;"Bratislavský kraj";59;53372;137;53509;NA;164370;196;2021-03-28;82229
2021-03-27;"Bratislavský kraj";53;79834;240;80074;NA;164370;293;2021-03-27;82033
2021-03-26;"Bratislavský kraj";114;56108;191;56299;NA;164370;305;2021-03-26;81740
2021-03-25;"Bratislavský kraj";76;36859;172;37031;NA;164370;248;2021-03-25;81435
2021-03-24;"Bratislavský kraj";120;30567;201;30768;NA;164370;321;2021-03-24;81187
2021-03-23;"Bratislavský kraj";138;36438;190;36628;NA;164370;328;2021-03-23;80866
2021-03-22;"Bratislavský kraj";110;42756;220;42976;NA;164370;330;2021-03-22;80538
2021-03-21;"Bratislavský kraj";54;61299;212;61511;NA;164370;266;2021-03-21;80208
2021-03-20;"Bratislavský kraj";59;73300;228;73528;NA;164370;287;2021-03-20;79942
2021-03-19;"Bratislavský kraj";139;54576;257;54833;NA;164370;396;2021-03-19;79655
2021-03-18;"Bratislavský kraj";142;34611;192;34803;NA;164370;334;2021-03-18;79259
2021-03-17;"Bratislavský kraj";177;30482;217;30699;NA;164370;394;2021-03-17;78925
2021-03-16;"Bratislavský kraj";258;36798;287;37085;NA;164370;545;2021-03-16;78531
2021-03-15;"Bratislavský kraj";180;38226;255;38481;NA;164370;435;2021-03-15;77986
2021-03-14;"Bratislavský kraj";75;52611;275;52886;NA;164370;350;2021-03-14;77551
2021-03-13;"Bratislavský kraj";110;81405;341;81746;NA;164370;451;2021-03-13;77201
2021-03-12;"Bratislavský kraj";152;55233;312;55545;NA;164370;464;2021-03-12;76750
2021-03-11;"Bratislavský kraj";178;34678;286;34964;NA;164370;464;2021-03-11;76286
2021-03-10;"Bratislavský kraj";164;31061;280;31341;NA;164370;444;2021-03-10;75822
2021-03-09;"Bratislavský kraj";242;37687;267;37954;NA;164370;509;2021-03-09;75378
2021-03-08;"Bratislavský kraj";255;41199;348;41547;NA;164370;603;2021-03-08;74869
2021-03-07;"Bratislavský kraj";142;52812;301;53113;NA;164370;443;2021-03-07;74266
2021-03-06;"Bratislavský kraj";79;71821;415;72236;NA;164370;494;2021-03-06;73823
2021-03-05;"Bratislavský kraj";238;50840;294;51134;NA;164370;532;2021-03-05;73329
2021-03-04;"Bratislavský kraj";204;34544;344;34888;NA;164370;548;2021-03-04;72797
2021-03-03;"Bratislavský kraj";250;30527;364;30891;NA;164370;614;2021-03-03;72249
2021-03-02;"Bratislavský kraj";267;39735;388;40123;NA;164370;655;2021-03-02;71635
2021-03-01;"Bratislavský kraj";320;38222;432;38654;NA;164370;752;2021-03-01;70980
2021-02-28;"Bratislavský kraj";184;50323;323;50646;NA;164370;507;2021-02-28;70228
2021-02-27;"Bratislavský kraj";151;76580;464;77044;NA;164370;615;2021-02-27;69721
2021-02-26;"Bratislavský kraj";277;47326;401;47727;NA;164370;678;2021-02-26;69106
2021-02-25;"Bratislavský kraj";277;28769;405;29174;NA;164370;682;2021-02-25;68428
2021-02-24;"Bratislavský kraj";217;27095;412;27507;NA;164370;629;2021-02-24;67746
2021-02-23;"Bratislavský kraj";257;31297;395;31692;NA;164370;652;2021-02-23;67117
2021-02-22;"Bratislavský kraj";353;36607;483;37090;NA;164370;836;2021-02-22;66465
2021-02-21;"Bratislavský kraj";185;54150;396;54546;NA;164370;581;2021-02-21;65629
2021-02-20;"Bratislavský kraj";167;74814;550;75364;NA;164370;717;2021-02-20;65048
2021-02-19;"Bratislavský kraj";280;44882;416;45298;NA;164370;696;2021-02-19;64331
2021-02-18;"Bratislavský kraj";263;26379;371;26750;NA;164370;634;2021-02-18;63635
2021-02-17;"Bratislavský kraj";264;22820;316;23136;NA;164370;580;2021-02-17;63001
2021-02-16;"Bratislavský kraj";289;28262;352;28614;NA;164370;641;2021-02-16;62421
2021-02-15;"Bratislavský kraj";248;36893;396;37289;NA;164370;644;2021-02-15;61780
2021-02-14;"Bratislavský kraj";153;47948;323;48271;NA;164370;476;2021-02-14;61136
2021-02-13;"Bratislavský kraj";173;68589;515;69104;NA;164370;688;2021-02-13;60660
2021-02-12;"Bratislavský kraj";282;35729;327;36056;NA;164370;609;2021-02-12;59972
2021-02-11;"Bratislavský kraj";337;24565;285;24850;NA;164370;622;2021-02-11;59363
2021-02-10;"Bratislavský kraj";314;22944;356;23300;NA;164370;670;2021-02-10;58741
2021-02-09;"Bratislavský kraj";288;36565;454;37019;NA;164370;742;2021-02-09;58071
2021-02-08;"Bratislavský kraj";484;31896;397;32293;NA;164370;881;2021-02-08;57329
2021-02-07;"Bratislavský kraj";243;51290;425;51715;NA;164370;668;2021-02-07;56448
2021-02-06;"Bratislavský kraj";116;61682;501;62183;NA;164370;617;2021-02-06;55780
2021-02-05;"Bratislavský kraj";327;27033;375;27408;NA;164370;702;2021-02-05;55163
2021-02-04;"Bratislavský kraj";555;17260;348;17608;NA;164370;903;2021-02-04;54461
2021-02-03;"Bratislavský kraj";161;13020;352;13372;NA;164370;513;2021-02-03;53558
2021-02-02;"Bratislavský kraj";397;25947;480;26427;NA;164370;877;2021-02-02;53045
2021-02-01;"Bratislavský kraj";221;35541;513;36054;NA;164370;734;2021-02-01;52168
2021-01-31;"Bratislavský kraj";180;35693;425;36118;NA;164370;605;2021-01-31;51434
2021-01-30;"Bratislavský kraj";310;49588;521;50109;NA;164370;831;2021-01-30;50829
2021-01-29;"Bratislavský kraj";344;16568;344;16912;NA;164370;688;2021-01-29;49998
2021-01-28;"Bratislavský kraj";307;10715;297;11012;NA;164370;604;2021-01-28;49310
2021-01-27;"Bratislavský kraj";336;22222;345;22567;NA;164370;681;2021-01-27;48706
2021-01-26;"Bratislavský kraj";297;21894;300;22194;NA;164370;597;2021-01-26;48025
2021-01-25;"Bratislavský kraj";356;23335;249;23584;NA;164370;605;2021-01-25;47428
2021-01-24;"Bratislavský kraj";175;37903;404;38307;NA;164370;579;2021-01-24;46823
2021-01-23;"Bratislavský kraj";396;79453;690;80143;NA;164370;1086;2021-01-23;46244
2021-01-22;"Bratislavský kraj";199;42055;365;42420;NA;164370;564;2021-01-22;45158
2021-01-21;"Bratislavský kraj";255;105746;1317;107063;NA;164370;1572;2021-01-21;44594
2021-01-20;"Bratislavský kraj";360;27289;452;27741;NA;164370;812;2021-01-20;43022
2021-01-19;"Bratislavský kraj";375;15318;346;15664;NA;164370;721;2021-01-19;42210
2021-01-18;"Bratislavský kraj";357;12533;707;13240;NA;164370;1064;2021-01-18;41489
2021-01-17;"Bratislavský kraj";244;482;26;508;NA;164370;270;2021-01-17;40425
2021-01-16;"Bratislavský kraj";70;3016;156;3172;NA;164370;226;2021-01-16;40155
2021-01-15;"Bratislavský kraj";251;7896;256;8152;NA;164370;507;2021-01-15;39929
2021-01-14;"Bratislavský kraj";363;8523;273;8796;NA;164370;636;2021-01-14;39422
2021-01-13;"Bratislavský kraj";336;8490;327;8817;NA;164370;663;2021-01-13;38786
2021-01-12;"Bratislavský kraj";450;10509;455;10964;NA;164370;905;2021-01-12;38123
2021-01-11;"Bratislavský kraj";397;19863;364;20227;NA;164370;761;2021-01-11;37218
2021-01-10;"Bratislavský kraj";252;1507;79;1586;NA;164370;331;2021-01-10;36457
2021-01-09;"Bratislavský kraj";351;4721;277;4998;NA;164370;628;2021-01-09;36126
2021-01-08;"Bratislavský kraj";556;10045;436;10481;NA;164370;992;2021-01-08;35498
2021-01-07;"Bratislavský kraj";537;6872;352;7224;NA;164370;889;2021-01-07;34506
2021-01-06;"Bratislavský kraj";271;3329;216;3545;NA;164370;487;2021-01-06;33617
2021-01-05;"Bratislavský kraj";619;10635;814;11449;NA;164370;1433;2021-01-05;33130
2021-01-04;"Bratislavský kraj";601;8226;538;8764;NA;164370;1139;2021-01-04;31697
2021-01-03;"Bratislavský kraj";77;433;41;474;NA;164370;118;2021-01-03;30558
2021-01-02;"Bratislavský kraj";185;462;57;519;NA;164370;242;2021-01-02;30440
2021-01-01;"Bratislavský kraj";235;3277;131;3408;NA;164370;366;2021-01-01;30198
2020-12-31;"Bratislavský kraj";925;14135;519;14654;NA;164370;1444;2020-12-31;29832
2020-12-30;"Bratislavský kraj";650;9164;533;9697;NA;164370;1183;2020-12-30;28388
2020-12-29;"Bratislavský kraj";303;10108;699;10807;NA;164370;1002;2020-12-29;27205
2020-12-28;"Bratislavský kraj";255;7784;473;8257;NA;164370;728;2020-12-28;26203
2020-12-27;"Bratislavský kraj";160;709;76;785;NA;164370;236;2020-12-27;25475
2020-12-26;"Bratislavský kraj";75;480;27;507;NA;164370;102;2020-12-26;25239
2020-12-25;"Bratislavský kraj";114;503;38;541;NA;164370;152;2020-12-25;25137
2020-12-24;"Bratislavský kraj";536;3367;104;3471;NA;164370;640;2020-12-24;24985
2020-12-23;"Bratislavský kraj";416;12590;447;13037;NA;164370;863;2020-12-23;24345
2020-12-22;"Bratislavský kraj";327;14587;699;15286;NA;164370;1026;2020-12-22;23482
2020-12-21;"Bratislavský kraj";392;14972;1946;16918;NA;164370;2338;2020-12-21;22456
2020-12-20;"Bratislavský kraj";180;797;57;854;NA;164370;237;2020-12-20;20118
2020-12-19;"Bratislavský kraj";396;3314;130;3444;NA;164370;526;2020-12-19;19881
2020-12-18;"Bratislavský kraj";306;9938;345;10283;NA;164370;651;2020-12-18;19355
2020-12-17;"Bratislavský kraj";502;9739;386;10125;NA;164370;888;2020-12-17;18704
2020-12-16;"Bratislavský kraj";282;10201;418;10619;NA;164370;700;2020-12-16;17816
2020-12-15;"Bratislavský kraj";423;10450;454;10904;NA;164370;877;2020-12-15;17116
2020-12-14;"Bratislavský kraj";279;6793;261;7054;NA;164370;540;2020-12-14;16239
2020-12-13;"Bratislavský kraj";125;139;10;149;NA;164370;135;2020-12-13;15699
2020-12-12;"Bratislavský kraj";361;3886;157;4043;NA;164370;518;2020-12-12;15564
2020-12-11;"Bratislavský kraj";326;6824;235;7059;NA;164370;561;2020-12-11;15046
2020-12-10;"Bratislavský kraj";286;5279;166;5445;NA;164370;452;2020-12-10;14485
2020-12-09;"Bratislavský kraj";382;4778;177;4955;NA;164370;559;2020-12-09;14033
2020-12-08;"Bratislavský kraj";234;6243;207;6450;NA;164370;441;2020-12-08;13474
2020-12-07;"Bratislavský kraj";272;4639;152;4791;NA;164370;424;2020-12-07;13033
2020-12-06;"Bratislavský kraj";61;1625;52;1677;NA;164370;113;2020-12-06;12609
2020-12-05;"Bratislavský kraj";266;2221;41;2262;NA;164370;307;2020-12-05;12496
2020-12-04;"Bratislavský kraj";200;4954;99;5053;NA;164370;299;2020-12-04;12189
2020-12-03;"Bratislavský kraj";213;5672;95;5767;NA;164370;308;2020-12-03;11890
2020-12-02;"Bratislavský kraj";205;3462;103;3565;NA;164370;308;2020-12-02;11582
2020-12-01;"Bratislavský kraj";255;3889;172;4061;NA;164370;427;2020-12-01;11274
2020-11-30;"Bratislavský kraj";152;2153;121;2274;NA;164370;273;2020-11-30;10847
2020-11-29;"Bratislavský kraj";52;201;24;225;NA;164370;76;2020-11-29;10574
2020-11-28;"Bratislavský kraj";232;2624;33;2657;NA;164370;265;2020-11-28;10498
2020-11-27;"Bratislavský kraj";54;2540;64;2604;NA;164370;118;2020-11-27;10233
2020-11-26;"Bratislavský kraj";129;1976;60;2036;NA;164370;189;2020-11-26;10115
2020-11-25;"Bratislavský kraj";140;1770;47;1817;NA;164370;187;2020-11-25;9926
2020-11-24;"Bratislavský kraj";81;2988;67;3055;NA;164370;148;2020-11-24;9739
2020-11-23;"Bratislavský kraj";67;7083;58;7141;NA;164370;125;2020-11-23;9591
2020-11-22;"Bratislavský kraj";36;81;7;88;NA;164370;43;2020-11-22;9466
2020-11-21;"Bratislavský kraj";109;2126;47;2173;NA;164370;156;2020-11-21;9423
2020-11-20;"Bratislavský kraj";118;2876;48;2924;NA;164370;166;2020-11-20;9267
2020-11-19;"Bratislavský kraj";173;987;29;1016;NA;164370;202;2020-11-19;9101
2020-11-18;"Bratislavský kraj";118;616;75;691;NA;164370;193;2020-11-18;8899
2020-11-17;"Bratislavský kraj";108;928;23;951;NA;164370;131;2020-11-17;8706
2020-11-16;"Bratislavský kraj";82;651;9;660;NA;164370;91;2020-11-16;8575
2020-11-15;"Bratislavský kraj";47;236;0;236;NA;164370;47;2020-11-15;8484
2020-11-14;"Bratislavský kraj";53;1834;15;1849;NA;164370;68;2020-11-14;8437
2020-11-13;"Bratislavský kraj";94;2096;21;2117;NA;164370;115;2020-11-13;8369
2020-11-12;"Bratislavský kraj";141;1727;6;1733;NA;164370;147;2020-11-12;8254
2020-11-11;"Bratislavský kraj";159;1429;12;1441;NA;164370;171;2020-11-11;8107
2020-11-10;"Bratislavský kraj";136;805;14;819;NA;164370;150;2020-11-10;7936
2020-11-09;"Bratislavský kraj";70;616;8;624;NA;164370;78;2020-11-09;7786
2020-11-08;"Bratislavský kraj";82;869;6;875;NA;164370;88;2020-11-08;7708
2020-11-07;"Bratislavský kraj";88;4039;17;4056;NA;164370;105;2020-11-07;7620
2020-11-06;"Bratislavský kraj";281;6441;25;6466;NA;164370;306;2020-11-06;7515
2020-11-05;"Bratislavský kraj";175;476;11;487;NA;164370;186;2020-11-05;7209
2020-11-04;"Bratislavský kraj";65;411;10;421;NA;164370;75;2020-11-04;7023
2020-11-03;"Bratislavský kraj";251;1085;12;1097;NA;164370;263;2020-11-03;6948
2020-11-02;"Bratislavský kraj";202;3365;22;3387;NA;164370;224;2020-11-02;6685
2020-11-01;"Bratislavský kraj";227;8694;39;8733;NA;164370;266;2020-11-01;6461
2020-10-31;"Bratislavský kraj";173;22407;123;22530;NA;164370;296;2020-10-31;6195
2020-10-30;"Bratislavský kraj";158;17350;138;17488;NA;164370;296;2020-10-30;5899
2020-10-29;"Bratislavský kraj";262;116;4;120;NA;164370;266;2020-10-29;5603
2020-10-28;"Bratislavský kraj";220;260;15;275;NA;164370;235;2020-10-28;5337
2020-10-27;"Bratislavský kraj";256;145;4;149;NA;164370;260;2020-10-27;5102
2020-10-26;"Bratislavský kraj";123;229;11;240;NA;164370;134;2020-10-26;4842
2020-10-25;"Bratislavský kraj";152;33;2;35;NA;164370;154;2020-10-25;4708
2020-10-24;"Bratislavský kraj";170;221;6;227;NA;164370;176;2020-10-24;4554
2020-10-23;"Bratislavský kraj";151;144;8;152;NA;164370;159;2020-10-23;4378
2020-10-22;"Bratislavský kraj";192;204;15;219;NA;164370;207;2020-10-22;4219
2020-10-21;"Bratislavský kraj";66;90;6;96;NA;164370;72;2020-10-21;4012
2020-10-20;"Bratislavský kraj";183;97;4;101;NA;164370;187;2020-10-20;3940
2020-10-19;"Bratislavský kraj";148;80;3;83;NA;164370;151;2020-10-19;3753
2020-10-18;"Bratislavský kraj";75;92;0;92;NA;164370;75;2020-10-18;3602
2020-10-17;"Bratislavský kraj";136;0;0;0;NA;164370;136;2020-10-17;3527
2020-10-16;"Bratislavský kraj";103;14;1;15;NA;164370;104;2020-10-16;3391
2020-10-15;"Bratislavský kraj";135;6;1;7;NA;164370;136;2020-10-15;3287
2020-10-14;"Bratislavský kraj";127;4;0;4;NA;164370;127;2020-10-14;3151
2020-10-13;"Bratislavský kraj";86;108;8;116;NA;164370;94;2020-10-13;3024
2020-10-12;"Bratislavský kraj";46;0;0;0;NA;164370;46;2020-10-12;2930
2020-10-11;"Bratislavský kraj";80;0;0;0;NA;164370;80;2020-10-11;2884
2020-10-10;"Bratislavský kraj";55;0;0;0;NA;164370;55;2020-10-10;2804
2020-10-09;"Bratislavský kraj";148;0;0;0;NA;164370;148;2020-10-09;2749
2020-10-08;"Bratislavský kraj";100;0;0;0;NA;164370;100;2020-10-08;2601
2020-10-07;"Bratislavský kraj";107;0;0;0;NA;164370;107;2020-10-07;2501
2020-10-06;"Bratislavský kraj";108;0;0;0;NA;164370;108;2020-10-06;2394
2020-10-05;"Bratislavský kraj";30;0;0;0;NA;164370;30;2020-10-05;2286
2020-10-04;"Bratislavský kraj";49;0;0;0;NA;164370;49;2020-10-04;2256
2020-10-03;"Bratislavský kraj";82;0;0;0;NA;164370;82;2020-10-03;2207
2020-10-02;"Bratislavský kraj";101;0;0;0;NA;164370;101;2020-10-02;2125
2020-10-01;"Bratislavský kraj";72;0;0;0;NA;164370;72;2020-10-01;2024
2020-09-30;"Bratislavský kraj";91;0;0;0;NA;164370;91;2020-09-30;1952
2020-09-29;"Bratislavský kraj";74;0;0;0;NA;164370;74;2020-09-29;1861
2020-09-28;"Bratislavský kraj";29;0;0;0;NA;164370;29;2020-09-28;1787
2020-09-27;"Bratislavský kraj";48;0;0;0;NA;164370;48;2020-09-27;1758
2020-09-26;"Bratislavský kraj";86;0;0;0;NA;164370;86;2020-09-26;1710
2020-09-25;"Bratislavský kraj";97;0;0;0;NA;164370;97;2020-09-25;1624
2020-09-24;"Bratislavský kraj";73;0;0;0;NA;164370;73;2020-09-24;1527
2020-09-23;"Bratislavský kraj";55;0;0;0;NA;164370;55;2020-09-23;1454
2020-09-22;"Bratislavský kraj";81;0;0;0;NA;164370;81;2020-09-22;1399
2020-09-21;"Bratislavský kraj";32;0;0;0;NA;164370;32;2020-09-21;1318
2020-09-20;"Bratislavský kraj";25;0;0;0;NA;164370;25;2020-09-20;1286
2020-09-19;"Bratislavský kraj";59;0;0;0;NA;164370;59;2020-09-19;1261
2020-09-18;"Bratislavský kraj";42;0;0;0;NA;164370;42;2020-09-18;1202
2020-09-17;"Bratislavský kraj";52;0;0;0;NA;164370;52;2020-09-17;1160
2020-09-16;"Bratislavský kraj";32;0;0;0;NA;164370;32;2020-09-16;1108
2020-09-15;"Bratislavský kraj";26;0;0;0;NA;164370;26;2020-09-15;1076
2020-09-14;"Bratislavský kraj";24;0;0;0;NA;164370;24;2020-09-14;1050
2020-09-13;"Bratislavský kraj";11;0;0;0;NA;164370;11;2020-09-13;1026
2020-09-12;"Bratislavský kraj";24;0;0;0;NA;164370;24;2020-09-12;1015
2020-09-11;"Bratislavský kraj";50;0;0;0;NA;164370;50;2020-09-11;991
2020-09-10;"Bratislavský kraj";47;0;0;0;NA;164370;47;2020-09-10;941
2020-09-09;"Bratislavský kraj";40;0;0;0;NA;164370;40;2020-09-09;894
2020-09-08;"Bratislavský kraj";58;0;0;0;NA;164370;58;2020-09-08;854
2020-09-07;"Bratislavský kraj";39;0;0;0;NA;164370;39;2020-09-07;796
2020-09-06;"Bratislavský kraj";11;0;0;0;NA;164370;11;2020-09-06;757
2020-09-05;"Bratislavský kraj";37;0;0;0;NA;164370;37;2020-09-05;746
2020-09-04;"Bratislavský kraj";87;0;0;0;NA;164370;87;2020-09-04;709
2020-09-03;"Bratislavský kraj";51;0;0;0;NA;164370;51;2020-09-03;622
2020-09-02;"Bratislavský kraj";50;0;0;0;NA;164370;50;2020-09-02;571
2020-09-01;"Bratislavský kraj";16;0;0;0;NA;164370;16;2020-09-01;521
2020-08-31;"Bratislavský kraj";19;0;0;0;NA;164370;19;2020-08-31;505
2020-08-30;"Bratislavský kraj";9;0;0;0;NA;164370;9;2020-08-30;486
2020-08-29;"Bratislavský kraj";12;0;0;0;NA;164370;12;2020-08-29;477
2020-08-28;"Bratislavský kraj";35;0;0;0;NA;164370;35;2020-08-28;465
2020-08-27;"Bratislavský kraj";33;0;0;0;NA;164370;33;2020-08-27;430
2020-08-26;"Bratislavský kraj";27;0;0;0;NA;164370;27;2020-08-26;397
2020-08-25;"Bratislavský kraj";29;0;0;0;NA;164370;29;2020-08-25;370
2020-08-24;"Bratislavský kraj";6;0;0;0;NA;164370;6;2020-08-24;341
2020-08-23;"Bratislavský kraj";45;0;0;0;NA;164370;45;2020-08-23;335
2020-08-22;"Bratislavský kraj";13;0;0;0;NA;164370;13;2020-08-22;290
2020-08-21;"Bratislavský kraj";46;0;0;0;NA;164370;46;2020-08-21;277
2020-08-20;"Bratislavský kraj";41;0;0;0;NA;164370;41;2020-08-20;231
2020-08-19;"Bratislavský kraj";27;0;0;0;NA;164370;27;2020-08-19;190
2020-08-18;"Bratislavský kraj";47;0;0;0;NA;164370;47;2020-08-18;163
2020-08-17;"Bratislavský kraj";2;0;0;0;NA;164370;2;2020-08-17;116
2020-08-16;"Bratislavský kraj";3;0;0;0;NA;164370;3;2020-08-16;114
2020-08-15;"Bratislavský kraj";18;0;0;0;NA;164370;18;2020-08-15;111
2020-08-14;"Bratislavský kraj";16;0;0;0;NA;164370;16;2020-08-14;93
2020-08-13;"Bratislavský kraj";12;0;0;0;NA;164370;12;2020-08-13;77
2020-08-12;"Bratislavský kraj";10;0;0;0;NA;164370;10;2020-08-12;65
2020-08-11;"Bratislavský kraj";23;0;0;0;NA;164370;23;2020-08-11;55
2020-08-10;"Bratislavský kraj";2;0;0;0;NA;164370;2;2020-08-10;32
2020-08-09;"Bratislavský kraj";2;0;0;0;NA;164370;2;2020-08-09;30
2020-08-08;"Bratislavský kraj";1;0;0;0;NA;164370;1;2020-08-08;28
2020-08-07;"Bratislavský kraj";9;0;0;0;NA;164370;9;2020-08-07;27
2020-08-06;"Bratislavský kraj";15;0;0;0;NA;164370;15;2020-08-06;18
2020-08-05;"Bratislavský kraj";11;0;0;0;NA;164370;11;2020-08-05;3
2020-08-04;"Bratislavský kraj";21;0;0;0;NA;164370;21;2020-08-04;-8
2020-08-03;"Bratislavský kraj";7;0;0;0;NA;164370;7;2020-08-03;-29
2020-08-02;"Bratislavský kraj";0;0;0;0;NA;164370;0;2020-08-02;-36
2020-08-01;"Bratislavský kraj";0;0;0;0;NA;164370;0;2020-08-01;-36
2020-07-31;"Bratislavský kraj";14;0;0;0;NA;164370;14;2020-07-31;-36
2020-07-30;"Bratislavský kraj";6;0;0;0;NA;164370;6;2020-07-30;-50
2020-07-29;"Bratislavský kraj";7;0;0;0;NA;164370;7;2020-07-29;-56
2020-07-28;"Bratislavský kraj";14;0;0;0;NA;164370;14;2020-07-28;-63
2020-07-27;"Bratislavský kraj";3;0;0;0;NA;164370;3;2020-07-27;-77
2020-07-26;"Bratislavský kraj";0;0;0;0;NA;164370;0;2020-07-26;-80
2020-07-25;"Bratislavský kraj";8;0;0;0;NA;164370;8;2020-07-25;-80
2020-07-24;"Bratislavský kraj";2;0;0;0;NA;164370;2;2020-07-24;-88
2020-07-23;"Bratislavský kraj";8;0;0;0;NA;164370;8;2020-07-23;-90
2020-07-22;"Bratislavský kraj";11;0;0;0;NA;164370;11;2020-07-22;-98
2020-07-21;"Bratislavský kraj";8;0;0;0;NA;164370;8;2020-07-21;-109
2020-07-20;"Bratislavský kraj";12;0;0;0;NA;164370;12;2020-07-20;-117
2020-07-19;"Bratislavský kraj";0;0;0;0;NA;164370;0;2020-07-19;-129
2020-07-18;"Bratislavský kraj";2;0;0;0;NA;164370;2;2020-07-18;-129
2020-07-17;"Bratislavský kraj";2;0;0;0;NA;164370;2;2020-07-17;-131
2020-07-16;"Bratislavský kraj";6;0;0;0;NA;164370;6;2020-07-16;-133
2020-07-15;"Bratislavský kraj";3;0;0;0;NA;164370;3;2020-07-15;-139
2020-07-14;"Bratislavský kraj";2;0;0;0;NA;164370;2;2020-07-14;-142
2020-07-13;"Bratislavský kraj";2;0;0;0;NA;164370;2;2020-07-13;-144
2020-07-12;"Bratislavský kraj";0;0;0;0;NA;164370;0;2020-07-12;-146
2020-07-11;"Bratislavský kraj";0;0;0;0;NA;164370;0;2020-07-11;-146
2020-07-10;"Bratislavský kraj";8;0;0;0;NA;164370;8;2020-07-10;-146
2020-07-09;"Bratislavský kraj";2;0;0;0;NA;164370;2;2020-07-09;-154
2020-07-08;"Bratislavský kraj";11;0;0;0;NA;164370;11;2020-07-08;-156
2020-07-07;"Bratislavský kraj";5;0;0;0;NA;164370;5;2020-07-07;-167
2020-07-06;"Bratislavský kraj";1;0;0;0;NA;164370;1;2020-07-06;-172
2020-07-05;"Bratislavský kraj";0;0;0;0;NA;164370;0;2020-07-05;-173
2020-07-04;"Bratislavský kraj";3;0;0;0;NA;164370;3;2020-07-04;-173
2020-07-03;"Bratislavský kraj";1;0;0;0;NA;164370;1;2020-07-03;-176
2020-07-02;"Bratislavský kraj";0;0;0;0;NA;164370;0;2020-07-02;-177
2020-07-01;"Bratislavský kraj";7;0;0;0;NA;164370;7;2020-07-01;-177
2020-06-30;"Bratislavský kraj";3;0;0;0;NA;164370;3;2020-06-30;-184
2020-06-29;"Bratislavský kraj";1;0;0;0;NA;164370;1;2020-06-29;-187
2020-06-28;"Bratislavský kraj";0;0;0;0;NA;164370;0;2020-06-28;-188
2020-06-27;"Bratislavský kraj";1;0;0;0;NA;164370;1;2020-06-27;-188
2020-06-26;"Bratislavský kraj";6;0;0;0;NA;164370;6;2020-06-26;-189
2020-06-25;"Bratislavský kraj";0;0;0;0;NA;164370;0;2020-06-25;-195
2020-06-24;"Bratislavský kraj";3;0;0;0;NA;164370;3;2020-06-24;-195
2020-06-23;"Bratislavský kraj";0;0;0;0;NA;164370;0;2020-06-23;-198
2020-06-22;"Bratislavský kraj";1;0;0;0;NA;164370;1;2020-06-22;-198
2020-06-21;"Bratislavský kraj";0;0;0;0;NA;164370;0;2020-06-21;-199
2020-06-20;"Bratislavský kraj";0;0;0;0;NA;164370;0;2020-06-20;-199
2020-06-19;"Bratislavský kraj";3;0;0;0;NA;164370;3;2020-06-19;-199
2020-06-18;"Bratislavský kraj";0;0;0;0;NA;164370;0;2020-06-18;-202
2020-06-17;"Bratislavský kraj";0;0;0;0;NA;164370;0;2020-06-17;-202
2020-06-16;"Bratislavský kraj";0;0;0;0;NA;164370;0;2020-06-16;-202
2020-06-14;"Bratislavský kraj";2;0;0;0;NA;164370;2;2020-06-14;-202
2020-06-13;"Bratislavský kraj";1;0;0;0;NA;164370;1;2020-06-13;-204
2020-06-12;"Bratislavský kraj";2;0;0;0;NA;164370;2;2020-06-12;-205
2020-06-11;"Bratislavský kraj";0;0;0;0;NA;164370;0;2020-06-11;-207
2020-06-10;"Bratislavský kraj";0;0;0;0;NA;164370;0;2020-06-10;-207
2020-06-09;"Bratislavský kraj";0;0;0;0;NA;164370;0;2020-06-09;-207
2020-06-08;"Bratislavský kraj";1;0;0;0;NA;164370;1;2020-06-08;-207
2020-06-07;"Bratislavský kraj";0;0;0;0;NA;164370;0;2020-06-07;-208
2020-06-05;"Bratislavský kraj";0;0;0;0;NA;164370;0;2020-06-05;-208
2020-06-03;"Bratislavský kraj";1;0;0;0;NA;164370;1;2020-06-03;-208
2020-06-02;"Bratislavský kraj";0;0;0;0;NA;164370;0;2020-06-02;-209
2020-05-31;"Bratislavský kraj";0;0;0;0;NA;164370;0;2020-05-31;-209
2020-05-29;"Bratislavský kraj";0;0;0;0;NA;164370;0;2020-05-29;-209
2020-05-27;"Bratislavský kraj";1;0;0;0;NA;164370;1;2020-05-27;-209
2020-05-26;"Bratislavský kraj";0;0;0;0;NA;164370;0;2020-05-26;-210
2020-05-25;"Bratislavský kraj";0;0;0;0;NA;164370;0;2020-05-25;-210
2020-05-24;"Bratislavský kraj";0;0;0;0;NA;164370;0;2020-05-24;-210
2020-05-23;"Bratislavský kraj";2;0;0;0;NA;164370;2;2020-05-23;-210
2020-05-22;"Bratislavský kraj";0;0;0;0;NA;164370;0;2020-05-22;-212
2020-05-21;"Bratislavský kraj";0;0;0;0;NA;164370;0;2020-05-21;-212
2020-05-20;"Bratislavský kraj";0;0;0;0;NA;164370;0;2020-05-20;-212
2020-05-19;"Bratislavský kraj";0;0;0;0;NA;164370;0;2020-05-19;-212
2020-05-17;"Bratislavský kraj";0;0;0;0;NA;164370;0;2020-05-17;-212
2020-05-16;"Bratislavský kraj";0;0;0;0;NA;164370;0;2020-05-16;-212
2020-05-15;"Bratislavský kraj";0;0;0;0;NA;164370;0;2020-05-15;-212
2020-05-14;"Bratislavský kraj";0;0;0;0;NA;164370;0;2020-05-14;-212
2020-05-13;"Bratislavský kraj";0;0;0;0;NA;164370;0;2020-05-13;-212
2020-05-12;"Bratislavský kraj";2;0;0;0;NA;164370;2;2020-05-12;-212
2020-05-11;"Bratislavský kraj";0;0;0;0;NA;164370;0;2020-05-11;-214
2020-05-09;"Bratislavský kraj";0;0;0;0;NA;164370;0;2020-05-09;-214
2020-05-07;"Bratislavský kraj";1;0;0;0;NA;164370;1;2020-05-07;-214
2020-05-06;"Bratislavský kraj";3;0;0;0;NA;164370;3;2020-05-06;-215
2020-05-05;"Bratislavský kraj";0;0;0;0;NA;164370;0;2020-05-05;-218
2020-05-04;"Bratislavský kraj";0;0;0;0;NA;164370;0;2020-05-04;-218
2020-05-03;"Bratislavský kraj";2;0;0;0;NA;164370;2;2020-05-03;-218
2020-05-02;"Bratislavský kraj";0;0;0;0;NA;164370;0;2020-05-02;-220
2020-05-01;"Bratislavský kraj";0;0;0;0;NA;164370;0;2020-05-01;-220
2020-04-30;"Bratislavský kraj";5;0;0;0;NA;164370;5;2020-04-30;-220
2020-04-29;"Bratislavský kraj";0;0;0;0;NA;164370;0;2020-04-29;-225
2020-04-28;"Bratislavský kraj";2;0;0;0;NA;164370;2;2020-04-28;-225
2020-04-27;"Bratislavský kraj";0;0;0;0;NA;164370;0;2020-04-27;-227
2020-04-26;"Bratislavský kraj";1;0;0;0;NA;164370;1;2020-04-26;-227
2020-04-25;"Bratislavský kraj";0;0;0;0;NA;164370;0;2020-04-25;-228
2020-04-24;"Bratislavský kraj";2;0;0;0;NA;164370;2;2020-04-24;-228
2020-04-23;"Bratislavský kraj";6;0;0;0;NA;164370;6;2020-04-23;-230
2020-04-22;"Bratislavský kraj";11;0;0;0;NA;164370;11;2020-04-22;-236
2020-04-21;"Bratislavský kraj";4;0;0;0;NA;164370;4;2020-04-21;-247
2020-04-20;"Bratislavský kraj";0;0;0;0;NA;164370;0;2020-04-20;-251
2020-04-19;"Bratislavský kraj";4;0;0;0;NA;164370;4;2020-04-19;-251
2020-04-18;"Bratislavský kraj";5;0;0;0;NA;164370;5;2020-04-18;-255
2020-04-17;"Bratislavský kraj";6;0;0;0;NA;164370;6;2020-04-17;-260
2020-04-16;"Bratislavský kraj";15;0;0;0;NA;164370;15;2020-04-16;-266
2020-04-15;"Bratislavský kraj";11;0;0;0;NA;164370;11;2020-04-15;-281
2020-04-14;"Bratislavský kraj";19;0;0;0;NA;164370;19;2020-04-14;-292
2020-04-13;"Bratislavský kraj";53;0;0;0;NA;164370;53;2020-04-13;-311
2020-04-12;"Bratislavský kraj";3;0;0;0;NA;164370;3;2020-04-12;-364
2020-04-11;"Bratislavský kraj";1;0;0;0;NA;164370;1;2020-04-11;-367
2020-04-10;"Bratislavský kraj";8;0;0;0;NA;164370;8;2020-04-10;-368
2020-04-09;"Bratislavský kraj";3;0;0;0;NA;164370;3;2020-04-09;-376
2020-04-08;"Bratislavský kraj";3;0;0;0;NA;164370;3;2020-04-08;-379
2020-04-07;"Bratislavský kraj";24;0;0;0;NA;164370;24;2020-04-07;-382
2020-04-06;"Bratislavský kraj";5;0;0;0;NA;164370;5;2020-04-06;-406
2020-04-05;"Bratislavský kraj";6;0;0;0;NA;164370;6;2020-04-05;-411
2020-04-04;"Bratislavský kraj";2;0;0;0;NA;164370;2;2020-04-04;-417
2020-04-03;"Bratislavský kraj";1;0;0;0;NA;164370;1;2020-04-03;-419
2020-04-02;"Bratislavský kraj";2;0;0;0;NA;164370;2;2020-04-02;-420
2020-04-01;"Bratislavský kraj";5;0;0;0;NA;164370;5;2020-04-01;-422
2020-03-31;"Bratislavský kraj";19;0;0;0;NA;164370;19;2020-03-31;-427
2020-03-30;"Bratislavský kraj";6;0;0;0;NA;164370;6;2020-03-30;-446
2020-03-29;"Bratislavský kraj";8;0;0;0;NA;164370;8;2020-03-29;-452
2020-03-28;"Bratislavský kraj";4;0;0;0;NA;164370;4;2020-03-28;-460
2020-03-27;"Bratislavský kraj";3;0;0;0;NA;164370;3;2020-03-27;-464
2020-03-26;"Bratislavský kraj";15;0;0;0;NA;164370;15;2020-03-26;-467
2020-03-25;"Bratislavský kraj";1;0;0;0;NA;164370;1;2020-03-25;-482
2020-03-24;"Bratislavský kraj";4;0;0;0;NA;164370;4;2020-03-24;-483
2020-03-23;"Bratislavský kraj";9;0;0;0;NA;164370;9;2020-03-23;-487
2020-03-22;"Bratislavský kraj";2;0;0;0;NA;164370;2;2020-03-22;-496
2020-03-21;"Bratislavský kraj";22;0;0;0;NA;164370;22;2020-03-21;-498
2020-03-20;"Bratislavský kraj";3;0;0;0;NA;164370;3;2020-03-20;-520
2020-03-19;"Bratislavský kraj";4;0;0;0;NA;164370;4;2020-03-19;-523
2020-03-18;"Bratislavský kraj";3;0;0;0;NA;164370;3;2020-03-18;-527
2020-03-17;"Bratislavský kraj";13;0;0;0;NA;164370;13;2020-03-17;-530
2020-03-16;"Bratislavský kraj";1;0;0;0;NA;164370;1;2020-03-16;-543
2020-03-15;"Bratislavský kraj";4;0;0;0;NA;164370;4;2020-03-15;-544
2020-03-14;"Bratislavský kraj";9;0;0;0;NA;164370;9;2020-03-14;-548
2020-03-13;"Bratislavský kraj";2;0;0;0;NA;164370;2;2020-03-13;-557
2020-03-12;"Bratislavský kraj";8;0;0;0;NA;164370;8;2020-03-12;-559
2020-03-11;"Bratislavský kraj";3;0;0;0;NA;164370;3;2020-03-11;-567
2020-03-09;"Bratislavský kraj";0;0;0;0;NA;164370;0;2020-03-09;-570
2020-03-08;"Bratislavský kraj";2;0;0;0;NA;164370;2;2020-03-08;-570
2020-03-07;"Bratislavský kraj";2;0;0;0;NA;164370;2;2020-03-07;-572
2020-03-06;"Bratislavský kraj";1;0;0;0;NA;164370;1;2020-03-06;-574
2021-12-22;"Košický kraj";224;0;0;0;114323;181242;224;2021-12-22;181242
2021-12-21;"Košický kraj";544;0;0;0;NA;181242;544;2021-12-21;181018
2021-12-20;"Košický kraj";464;4;0;4;NA;181242;464;2021-12-20;180474
2021-12-19;"Košický kraj";137;3931;103;4034;NA;181242;240;2021-12-19;180010
2021-12-18;"Košický kraj";414;2106;74;2180;NA;181242;488;2021-12-18;179770
2021-12-17;"Košický kraj";428;4004;122;4126;NA;181242;550;2021-12-17;179282
2021-12-16;"Košický kraj";476;5462;148;5610;NA;181242;624;2021-12-16;178732
2021-12-15;"Košický kraj";508;5679;160;5839;NA;181242;668;2021-12-15;178108
2021-12-14;"Košický kraj";957;5537;168;5705;NA;181242;1125;2021-12-14;177440
2021-12-13;"Košický kraj";679;9164;238;9402;NA;181242;917;2021-12-13;176315
2021-12-12;"Košický kraj";243;6216;193;6409;NA;181242;436;2021-12-12;175398
2021-12-11;"Košický kraj";519;2829;124;2953;NA;181242;643;2021-12-11;174962
2021-12-10;"Košický kraj";936;5219;178;5397;NA;181242;1114;2021-12-10;174319
2021-12-09;"Košický kraj";755;5447;187;5634;NA;181242;942;2021-12-09;173205
2021-12-08;"Košický kraj";1095;5997;249;6246;NA;181242;1344;2021-12-08;172263
2021-12-07;"Košický kraj";1212;6041;259;6300;NA;181242;1471;2021-12-07;170919
2021-12-06;"Košický kraj";904;10539;310;10849;NA;181242;1214;2021-12-06;169448
2021-12-05;"Košický kraj";404;7169;250;7419;NA;181242;654;2021-12-05;168234
2021-12-04;"Košický kraj";1007;2900;169;3069;NA;181242;1176;2021-12-04;167580
2021-12-03;"Košický kraj";1338;5799;255;6054;NA;181242;1593;2021-12-03;166404
2021-12-02;"Košický kraj";2209;5302;283;5585;NA;181242;2492;2021-12-02;164811
2021-12-01;"Košický kraj";1016;6229;367;6596;NA;181242;1383;2021-12-01;162319
2021-11-30;"Košický kraj";1125;7857;449;8306;NA;181242;1574;2021-11-30;160936
2021-11-29;"Košický kraj";993;13526;605;14131;NA;181242;1598;2021-11-29;159362
2021-11-28;"Košický kraj";972;9625;445;10070;NA;181242;1417;2021-11-28;157764
2021-11-27;"Košický kraj";1103;3375;197;3572;NA;181242;1300;2021-11-27;156347
2021-11-26;"Košický kraj";1395;5800;363;6163;NA;181242;1758;2021-11-26;155047
2021-11-25;"Košický kraj";1373;6595;465;7060;NA;181242;1838;2021-11-25;153289
2021-11-24;"Košický kraj";1194;6573;437;7010;NA;181242;1631;2021-11-24;151451
2021-11-23;"Košický kraj";1178;6897;469;7366;NA;181242;1647;2021-11-23;149820
2021-11-22;"Košický kraj";861;10157;724;10881;NA;181242;1585;2021-11-22;148173
2021-11-21;"Košický kraj";985;6995;623;7618;NA;181242;1608;2021-11-21;146588
2021-11-20;"Košický kraj";1083;2636;275;2911;NA;181242;1358;2021-11-20;144980
2021-11-19;"Košický kraj";1078;7452;547;7999;NA;181242;1625;2021-11-19;143622
2021-11-18;"Košický kraj";1061;8898;700;9598;NA;181242;1761;2021-11-18;141997
2021-11-17;"Košický kraj";1319;2552;245;2797;NA;181242;1564;2021-11-17;140236
2021-11-16;"Košický kraj";1484;6827;520;7347;NA;181242;2004;2021-11-16;138672
2021-11-15;"Košický kraj";902;10382;731;11113;NA;181242;1633;2021-11-15;136668
2021-11-14;"Košický kraj";715;5327;441;5768;NA;181242;1156;2021-11-14;135035
2021-11-13;"Košický kraj";869;2508;293;2801;NA;181242;1162;2021-11-13;133879
2021-11-12;"Košický kraj";1132;5351;393;5744;NA;181242;1525;2021-11-12;132717
2021-11-11;"Košický kraj";1035;5876;445;6321;NA;181242;1480;2021-11-11;131192
2021-11-10;"Košický kraj";933;6396;482;6878;NA;181242;1415;2021-11-10;129712
2021-11-09;"Košický kraj";967;5264;362;5626;NA;181242;1329;2021-11-09;128297
2021-11-08;"Košický kraj";701;7838;601;8439;NA;181242;1302;2021-11-08;126968
2021-11-07;"Košický kraj";691;4336;415;4751;NA;181242;1106;2021-11-07;125666
2021-11-06;"Košický kraj";996;2132;210;2342;NA;181242;1206;2021-11-06;124560
2021-11-05;"Košický kraj";1029;4684;342;5026;NA;181242;1371;2021-11-05;123354
2021-11-04;"Košický kraj";1000;5098;345;5443;NA;181242;1345;2021-11-04;121983
2021-11-03;"Košický kraj";1051;5516;342;5858;NA;181242;1393;2021-11-03;120638
2021-11-02;"Košický kraj";915;8458;551;9009;NA;181242;1466;2021-11-02;119245
2021-11-01;"Košický kraj";181;1872;243;2115;NA;181242;424;2021-11-01;117779
2021-10-31;"Košický kraj";385;2188;220;2408;NA;181242;605;2021-10-31;117355
2021-10-30;"Košický kraj";641;2259;172;2431;NA;181242;813;2021-10-30;116750
2021-10-29;"Košický kraj";750;4412;284;4696;NA;181242;1034;2021-10-29;115937
2021-10-28;"Košický kraj";823;4913;244;5157;NA;181242;1067;2021-10-28;114903
2021-10-27;"Košický kraj";723;4606;250;4856;NA;181242;973;2021-10-27;113836
2021-10-26;"Košický kraj";618;4808;222;5030;NA;181242;840;2021-10-26;112863
2021-10-25;"Košický kraj";268;6520;282;6802;NA;181242;550;2021-10-25;112023
2021-10-24;"Košický kraj";170;3253;199;3452;NA;181242;369;2021-10-24;111473
2021-10-23;"Košický kraj";397;1819;82;1901;NA;181242;479;2021-10-23;111104
2021-10-22;"Košický kraj";474;4456;125;4581;NA;181242;599;2021-10-22;110625
2021-10-21;"Košický kraj";669;4858;164;5022;NA;181242;833;2021-10-21;110026
2021-10-20;"Košický kraj";398;4748;143;4891;NA;181242;541;2021-10-20;109193
2021-10-19;"Košický kraj";579;4685;158;4843;NA;181242;737;2021-10-19;108652
2021-10-18;"Košický kraj";180;6841;162;7003;NA;181242;342;2021-10-18;107915
2021-10-17;"Košický kraj";70;3459;116;3575;NA;181242;186;2021-10-17;107573
2021-10-16;"Košický kraj";312;1670;39;1709;NA;181242;351;2021-10-16;107387
2021-10-15;"Košický kraj";312;4288;73;4361;NA;181242;385;2021-10-15;107036
2021-10-14;"Košický kraj";327;4448;91;4539;NA;181242;418;2021-10-14;106651
2021-10-13;"Košický kraj";168;3958;84;4042;NA;181242;252;2021-10-13;106233
2021-10-12;"Košický kraj";391;3910;72;3982;NA;181242;463;2021-10-12;105981
2021-10-11;"Košický kraj";119;5881;109;5990;NA;181242;228;2021-10-11;105518
2021-10-10;"Košický kraj";104;2921;63;2984;NA;181242;167;2021-10-10;105290
2021-10-09;"Košický kraj";111;1547;41;1588;NA;181242;152;2021-10-09;105123
2021-10-08;"Košický kraj";274;3875;64;3939;NA;181242;338;2021-10-08;104971
2021-10-07;"Košický kraj";277;4211;72;4283;NA;181242;349;2021-10-07;104633
2021-10-06;"Košický kraj";178;4150;81;4231;NA;181242;259;2021-10-06;104284
2021-10-05;"Košický kraj";345;4265;76;4341;NA;181242;421;2021-10-05;104025
2021-10-04;"Košický kraj";122;5829;107;5936;NA;181242;229;2021-10-04;103604
2021-10-03;"Košický kraj";133;3063;71;3134;NA;181242;204;2021-10-03;103375
2021-10-02;"Košický kraj";124;2225;39;2264;NA;181242;163;2021-10-02;103171
2021-10-01;"Košický kraj";181;3742;70;3812;NA;181242;251;2021-10-01;103008
2021-09-30;"Košický kraj";244;4605;68;4673;NA;181242;312;2021-09-30;102757
2021-09-29;"Košický kraj";183;3824;64;3888;NA;181242;247;2021-09-29;102445
2021-09-28;"Košický kraj";303;4111;76;4187;NA;181242;379;2021-09-28;102198
2021-09-27;"Košický kraj";117;6087;76;6163;NA;181242;193;2021-09-27;101819
2021-09-26;"Košický kraj";13;2618;43;2661;NA;181242;56;2021-09-26;101626
2021-09-25;"Košický kraj";162;2319;34;2353;NA;181242;196;2021-09-25;101570
2021-09-24;"Košický kraj";183;4501;43;4544;NA;181242;226;2021-09-24;101374
2021-09-23;"Košický kraj";142;3662;50;3712;NA;181242;192;2021-09-23;101148
2021-09-22;"Košický kraj";151;4216;50;4266;NA;181242;201;2021-09-22;100956
2021-09-21;"Košický kraj";234;4231;43;4274;NA;181242;277;2021-09-21;100755
2021-09-20;"Košický kraj";158;5753;67;5820;NA;181242;225;2021-09-20;100478
2021-09-19;"Košický kraj";15;2487;30;2517;NA;181242;45;2021-09-19;100253
2021-09-18;"Košický kraj";187;2283;19;2302;NA;181242;206;2021-09-18;100208
2021-09-17;"Košický kraj";121;4566;41;4607;NA;181242;162;2021-09-17;100002
2021-09-16;"Košický kraj";228;4282;67;4349;NA;181242;295;2021-09-16;99840
2021-09-15;"Košický kraj";52;849;16;865;NA;181242;68;2021-09-15;99545
2021-09-14;"Košický kraj";142;3331;47;3378;NA;181242;189;2021-09-14;99477
2021-09-13;"Košický kraj";96;4654;46;4700;NA;181242;142;2021-09-13;99288
2021-09-12;"Košický kraj";14;2003;31;2034;NA;181242;45;2021-09-12;99146
2021-09-11;"Košický kraj";105;2027;17;2044;NA;181242;122;2021-09-11;99101
2021-09-10;"Košický kraj";125;4177;42;4219;NA;181242;167;2021-09-10;98979
2021-09-09;"Košický kraj";115;3093;30;3123;NA;181242;145;2021-09-09;98812
2021-09-08;"Košický kraj";86;2691;36;2727;NA;181242;122;2021-09-08;98667
2021-09-07;"Košický kraj";79;2630;53;2683;NA;181242;132;2021-09-07;98545
2021-09-06;"Košický kraj";41;2717;35;2752;NA;181242;76;2021-09-06;98413
2021-09-05;"Košický kraj";52;1393;18;1411;NA;181242;70;2021-09-05;98337
2021-09-04;"Košický kraj";37;1610;12;1622;NA;181242;49;2021-09-04;98267
2021-09-03;"Košický kraj";47;2825;30;2855;NA;181242;77;2021-09-03;98218
2021-09-02;"Košický kraj";56;2621;24;2645;NA;181242;80;2021-09-02;98141
2021-09-01;"Košický kraj";95;584;11;595;NA;181242;106;2021-09-01;98061
2021-08-31;"Košický kraj";30;2466;22;2488;NA;181242;52;2021-08-31;97955
2021-08-30;"Košický kraj";8;2343;28;2371;NA;181242;36;2021-08-30;97903
2021-08-29;"Košický kraj";16;603;1;604;NA;181242;17;2021-08-29;97867
2021-08-28;"Košický kraj";14;1996;11;2007;NA;181242;25;2021-08-28;97850
2021-08-27;"Košický kraj";22;2818;16;2834;NA;181242;38;2021-08-27;97825
2021-08-26;"Košický kraj";19;2237;13;2250;NA;181242;32;2021-08-26;97787
2021-08-25;"Košický kraj";33;1939;6;1945;NA;181242;39;2021-08-25;97755
2021-08-24;"Košický kraj";14;2272;3;2275;NA;181242;17;2021-08-24;97716
2021-08-23;"Košický kraj";33;2398;5;2403;NA;181242;38;2021-08-23;97699
2021-08-22;"Košický kraj";4;1457;8;1465;NA;181242;12;2021-08-22;97661
2021-08-21;"Košický kraj";35;2042;3;2045;NA;181242;38;2021-08-21;97649
2021-08-20;"Košický kraj";13;3098;5;3103;NA;181242;18;2021-08-20;97611
2021-08-19;"Košický kraj";14;2117;6;2123;NA;181242;20;2021-08-19;97593
2021-08-18;"Košický kraj";30;1770;8;1778;NA;181242;38;2021-08-18;97573
2021-08-17;"Košický kraj";24;1619;3;1622;NA;181242;27;2021-08-17;97535
2021-08-16;"Košický kraj";3;2131;8;2139;NA;181242;11;2021-08-16;97508
2021-08-15;"Košický kraj";1;771;5;776;NA;181242;6;2021-08-15;97497
2021-08-14;"Košický kraj";15;1144;1;1145;NA;181242;16;2021-08-14;97491
2021-08-13;"Košický kraj";14;1857;8;1865;NA;181242;22;2021-08-13;97475
2021-08-12;"Košický kraj";10;1161;3;1164;NA;181242;13;2021-08-12;97453
2021-08-11;"Košický kraj";6;1298;4;1302;NA;181242;10;2021-08-11;97440
2021-08-10;"Košický kraj";10;1352;8;1360;NA;181242;18;2021-08-10;97430
2021-08-09;"Košický kraj";12;1586;2;1588;NA;181242;14;2021-08-09;97412
2021-08-08;"Košický kraj";8;688;1;689;NA;181242;9;2021-08-08;97398
2021-08-07;"Košický kraj";3;1061;3;1064;NA;181242;6;2021-08-07;97389
2021-08-06;"Košický kraj";9;1536;6;1542;NA;181242;15;2021-08-06;97383
2021-08-05;"Košický kraj";26;1220;6;1226;NA;181242;32;2021-08-05;97368
2021-08-04;"Košický kraj";8;1321;4;1325;NA;181242;12;2021-08-04;97336
2021-08-03;"Košický kraj";33;1078;3;1081;NA;181242;36;2021-08-03;97324
2021-08-02;"Košický kraj";6;1613;8;1621;NA;181242;14;2021-08-02;97288
2021-08-01;"Košický kraj";1;662;1;663;NA;181242;2;2021-08-01;97274
2021-07-31;"Košický kraj";17;1072;2;1074;NA;181242;19;2021-07-31;97272
2021-07-30;"Košický kraj";12;1584;7;1591;NA;181242;19;2021-07-30;97253
2021-07-29;"Košický kraj";7;1188;5;1193;NA;181242;12;2021-07-29;97234
2021-07-28;"Košický kraj";15;910;4;914;NA;181242;19;2021-07-28;97222
2021-07-27;"Košický kraj";17;1132;7;1139;NA;181242;24;2021-07-27;97203
2021-07-26;"Košický kraj";3;1585;8;1593;NA;181242;11;2021-07-26;97179
2021-07-25;"Košický kraj";0;719;3;722;NA;181242;3;2021-07-25;97168
2021-07-24;"Košický kraj";18;928;4;932;NA;181242;22;2021-07-24;97165
2021-07-23;"Košický kraj";9;1446;5;1451;NA;181242;14;2021-07-23;97143
2021-07-22;"Košický kraj";1;1177;4;1181;NA;181242;5;2021-07-22;97129
2021-07-21;"Košický kraj";4;1117;3;1120;NA;181242;7;2021-07-21;97124
2021-07-20;"Košický kraj";6;1291;1;1292;NA;181242;7;2021-07-20;97117
2021-07-19;"Košický kraj";2;1449;2;1451;NA;181242;4;2021-07-19;97110
2021-07-18;"Košický kraj";0;643;0;643;NA;181242;0;2021-07-18;97106
2021-07-17;"Košický kraj";3;986;5;991;NA;181242;8;2021-07-17;97106
2021-07-16;"Košický kraj";3;1486;4;1490;NA;181242;7;2021-07-16;97098
2021-07-15;"Košický kraj";4;1295;4;1299;NA;181242;8;2021-07-15;97091
2021-07-14;"Košický kraj";2;1096;3;1099;NA;181242;5;2021-07-14;97083
2021-07-13;"Košický kraj";4;1294;1;1295;NA;181242;5;2021-07-13;97078
2021-07-12;"Košický kraj";3;1808;3;1811;NA;181242;6;2021-07-12;97073
2021-07-11;"Košický kraj";1;537;2;539;NA;181242;3;2021-07-11;97067
2021-07-10;"Košický kraj";9;1051;0;1051;NA;181242;9;2021-07-10;97064
2021-07-09;"Košický kraj";5;1862;5;1867;NA;181242;10;2021-07-09;97055
2021-07-08;"Košický kraj";13;1211;2;1213;NA;181242;15;2021-07-08;97045
2021-07-07;"Košický kraj";6;1436;1;1437;NA;181242;7;2021-07-07;97030
2021-07-06;"Košický kraj";4;1766;2;1768;NA;181242;6;2021-07-06;97023
2021-07-05;"Košický kraj";1;491;0;491;NA;181242;1;2021-07-05;97017
2021-07-04;"Košický kraj";0;480;2;482;NA;181242;2;2021-07-04;97016
2021-07-03;"Košický kraj";2;1112;0;1112;NA;181242;2;2021-07-03;97014
2021-07-02;"Košický kraj";2;1730;3;1733;NA;181242;5;2021-07-02;97012
2021-07-01;"Košický kraj";0;1139;2;1141;NA;181242;2;2021-07-01;97007
2021-06-30;"Košický kraj";5;9306;7;9313;NA;181242;12;2021-06-30;97005
2021-06-29;"Košický kraj";6;5692;7;5699;NA;181242;13;2021-06-29;96993
2021-06-28;"Košický kraj";5;6129;2;6131;NA;181242;7;2021-06-28;96980
2021-06-27;"Košický kraj";8;4612;3;4615;NA;181242;11;2021-06-27;96973
2021-06-26;"Košický kraj";4;5699;14;5713;NA;181242;18;2021-06-26;96962
2021-06-25;"Košický kraj";5;6981;2;6983;NA;181242;7;2021-06-25;96944
2021-06-24;"Košický kraj";1;5072;3;5075;NA;181242;4;2021-06-24;96937
2021-06-23;"Košický kraj";8;5373;3;5376;NA;181242;11;2021-06-23;96933
2021-06-22;"Košický kraj";1;5269;3;5272;NA;181242;4;2021-06-22;96922
2021-06-21;"Košický kraj";5;6830;11;6841;NA;181242;16;2021-06-21;96918
2021-06-20;"Košický kraj";0;4882;6;4888;NA;181242;6;2021-06-20;96902
2021-06-19;"Košický kraj";7;6473;1;6474;NA;181242;8;2021-06-19;96896
2021-06-18;"Košický kraj";4;7969;8;7977;NA;181242;12;2021-06-18;96888
2021-06-17;"Košický kraj";6;6128;3;6131;NA;181242;9;2021-06-17;96876
2021-06-16;"Košický kraj";11;6059;7;6066;NA;181242;18;2021-06-16;96867
2021-06-15;"Košický kraj";12;6301;2;6303;NA;181242;14;2021-06-15;96849
2021-06-14;"Košický kraj";10;7076;9;7085;NA;181242;19;2021-06-14;96835
2021-06-13;"Košický kraj";7;6948;8;6956;NA;181242;15;2021-06-13;96816
2021-06-12;"Košický kraj";7;7485;9;7494;NA;181242;16;2021-06-12;96801
2021-06-11;"Košický kraj";15;8973;6;8979;NA;181242;21;2021-06-11;96785
2021-06-10;"Košický kraj";11;6588;16;6604;NA;181242;27;2021-06-10;96764
2021-06-09;"Košický kraj";37;6056;7;6063;NA;181242;44;2021-06-09;96737
2021-06-08;"Košický kraj";33;7019;13;7032;NA;181242;46;2021-06-08;96693
2021-06-07;"Košický kraj";11;8106;22;8128;NA;181242;33;2021-06-07;96647
2021-06-06;"Košický kraj";1;7843;7;7850;NA;181242;8;2021-06-06;96614
2021-06-05;"Košický kraj";21;9286;3;9289;NA;181242;24;2021-06-05;96606
2021-06-04;"Košický kraj";26;11418;20;11438;NA;181242;46;2021-06-04;96582
2021-06-03;"Košický kraj";23;6467;14;6481;NA;181242;37;2021-06-03;96536
2021-06-02;"Košický kraj";15;7180;24;7204;NA;181242;39;2021-06-02;96499
2021-06-01;"Košický kraj";13;7562;10;7572;NA;181242;23;2021-06-01;96460
2021-05-31;"Košický kraj";13;9256;18;9274;NA;181242;31;2021-05-31;96437
2021-05-30;"Košický kraj";3;11215;10;11225;NA;181242;13;2021-05-30;96406
2021-05-29;"Košický kraj";25;10942;22;10964;NA;181242;47;2021-05-29;96393
2021-05-28;"Košický kraj";17;13055;29;13084;NA;181242;46;2021-05-28;96346
2021-05-27;"Košický kraj";19;7924;26;7950;NA;181242;45;2021-05-27;96300
2021-05-26;"Košický kraj";35;8118;27;8145;NA;181242;62;2021-05-26;96255
2021-05-25;"Košický kraj";33;9296;29;9325;NA;181242;62;2021-05-25;96193
2021-05-24;"Košický kraj";10;10855;27;10882;NA;181242;37;2021-05-24;96131
2021-05-23;"Košický kraj";4;12151;15;12166;NA;181242;19;2021-05-23;96094
2021-05-22;"Košický kraj";27;12601;19;12620;NA;181242;46;2021-05-22;96075
2021-05-21;"Košický kraj";24;14910;27;14937;NA;181242;51;2021-05-21;96029
2021-05-20;"Košický kraj";20;9422;28;9450;NA;181242;48;2021-05-20;95978
2021-05-19;"Košický kraj";30;10421;21;10442;NA;181242;51;2021-05-19;95930
2021-05-18;"Košický kraj";34;10254;36;10290;NA;181242;70;2021-05-18;95879
2021-05-17;"Košický kraj";20;12686;38;12724;NA;181242;58;2021-05-17;95809
2021-05-16;"Košický kraj";37;17865;20;17885;NA;181242;57;2021-05-16;95751
2021-05-15;"Košický kraj";22;25602;28;25630;NA;181242;50;2021-05-15;95694
2021-05-14;"Košický kraj";32;21824;42;21866;NA;181242;74;2021-05-14;95644
2021-05-13;"Košický kraj";39;10172;32;10204;NA;181242;71;2021-05-13;95570
2021-05-12;"Košický kraj";85;10868;33;10901;NA;181242;118;2021-05-12;95499
2021-05-11;"Košický kraj";68;11166;32;11198;NA;181242;100;2021-05-11;95381
2021-05-10;"Košický kraj";25;17044;42;17086;NA;181242;67;2021-05-10;95281
2021-05-09;"Košický kraj";84;25594;55;25649;NA;181242;139;2021-05-09;95214
2021-05-08;"Košický kraj";18;23399;23;23422;NA;181242;41;2021-05-08;95075
2021-05-07;"Košický kraj";51;24497;57;24554;NA;181242;108;2021-05-07;95034
2021-05-06;"Košický kraj";55;11847;43;11890;NA;181242;98;2021-05-06;94926
2021-05-05;"Košický kraj";23;12124;35;12159;NA;181242;58;2021-05-05;94828
2021-05-04;"Košický kraj";143;13562;38;13600;NA;181242;181;2021-05-04;94770
2021-05-03;"Košický kraj";37;16944;68;17012;NA;181242;105;2021-05-03;94589
2021-05-02;"Košický kraj";45;36096;56;36152;NA;181242;101;2021-05-02;94484
2021-05-01;"Košický kraj";54;52075;76;52151;NA;181242;130;2021-05-01;94383
2021-04-30;"Košický kraj";59;44602;94;44696;NA;181242;153;2021-04-30;94253
2021-04-29;"Košický kraj";76;17014;53;17067;NA;181242;129;2021-04-29;94100
2021-04-28;"Košický kraj";99;17970;52;18022;NA;181242;151;2021-04-28;93971
2021-04-27;"Košický kraj";108;20670;43;20713;NA;181242;151;2021-04-27;93820
2021-04-26;"Košický kraj";39;25915;96;26011;NA;181242;135;2021-04-26;93669
2021-04-25;"Košický kraj";23;48355;57;48412;NA;181242;80;2021-04-25;93534
2021-04-24;"Košický kraj";68;90124;114;90238;NA;181242;182;2021-04-24;93454
2021-04-23;"Košický kraj";110;41232;72;41304;NA;181242;182;2021-04-23;93272
2021-04-22;"Košický kraj";56;16772;44;16816;NA;181242;100;2021-04-22;93090
2021-04-21;"Košický kraj";114;19519;61;19580;NA;181242;175;2021-04-21;92990
2021-04-20;"Košický kraj";81;25432;63;25495;NA;181242;144;2021-04-20;92815
2021-04-19;"Košický kraj";93;29950;108;30058;NA;181242;201;2021-04-19;92671
2021-04-18;"Košický kraj";10;48913;82;48995;NA;181242;92;2021-04-18;92470
2021-04-17;"Košický kraj";187;83856;103;83959;NA;181242;290;2021-04-17;92378
2021-04-16;"Košický kraj";83;41568;127;41695;NA;181242;210;2021-04-16;92088
2021-04-15;"Košický kraj";104;18522;93;18615;NA;181242;197;2021-04-15;91878
2021-04-14;"Košický kraj";119;20089;64;20153;NA;181242;183;2021-04-14;91681
2021-04-13;"Košický kraj";81;23175;120;23295;NA;181242;201;2021-04-13;91498
2021-04-12;"Košický kraj";129;26573;124;26697;NA;181242;253;2021-04-12;91297
2021-04-11;"Košický kraj";29;46949;80;47029;NA;181242;109;2021-04-11;91044
2021-04-10;"Košický kraj";138;100114;183;100297;NA;181242;321;2021-04-10;90935
2021-04-09;"Košický kraj";168;35206;133;35339;NA;181242;301;2021-04-09;90614
2021-04-08;"Košický kraj";81;18530;90;18620;NA;181242;171;2021-04-08;90313
2021-04-07;"Košický kraj";232;28027;194;28221;NA;181242;426;2021-04-07;90142
2021-04-06;"Košický kraj";121;36495;164;36659;NA;181242;285;2021-04-06;89716
2021-04-05;"Košický kraj";19;14361;66;14427;NA;181242;85;2021-04-05;89431
2021-04-04;"Košický kraj";33;15089;66;15155;NA;181242;99;2021-04-04;89346
2021-04-03;"Košický kraj";138;97664;241;97905;NA;181242;379;2021-04-03;89247
2021-04-02;"Košický kraj";128;24515;76;24591;NA;181242;204;2021-04-02;88868
2021-04-01;"Košický kraj";165;46151;156;46307;NA;181242;321;2021-04-01;88664
2021-03-31;"Košický kraj";160;29659;124;29783;NA;181242;284;2021-03-31;88343
2021-03-30;"Košický kraj";229;24038;163;24201;NA;181242;392;2021-03-30;88059
2021-03-29;"Košický kraj";78;28843;194;29037;NA;181242;272;2021-03-29;87667
2021-03-28;"Košický kraj";39;44263;128;44391;NA;181242;167;2021-03-28;87395
2021-03-27;"Košický kraj";222;96602;265;96867;NA;181242;487;2021-03-27;87228
2021-03-26;"Košický kraj";233;45252;202;45454;NA;181242;435;2021-03-26;86741
2021-03-25;"Košický kraj";133;23804;175;23979;NA;181242;308;2021-03-25;86306
2021-03-24;"Košický kraj";165;20696;155;20851;NA;181242;320;2021-03-24;85998
2021-03-23;"Košický kraj";202;22434;192;22626;NA;181242;394;2021-03-23;85678
2021-03-22;"Košický kraj";169;26890;228;27118;NA;181242;397;2021-03-22;85284
2021-03-21;"Košický kraj";109;46746;167;46913;NA;181242;276;2021-03-21;84887
2021-03-20;"Košický kraj";126;101334;311;101645;NA;181242;437;2021-03-20;84611
2021-03-19;"Košický kraj";205;45632;260;45892;NA;181242;465;2021-03-19;84174
2021-03-18;"Košický kraj";274;23827;212;24039;NA;181242;486;2021-03-18;83709
2021-03-17;"Košický kraj";177;21548;195;21743;NA;181242;372;2021-03-17;83223
2021-03-16;"Košický kraj";386;23454;226;23680;NA;181242;612;2021-03-16;82851
2021-03-15;"Košický kraj";173;27900;297;28197;NA;181242;470;2021-03-15;82239
2021-03-14;"Košický kraj";145;44354;220;44574;NA;181242;365;2021-03-14;81769
2021-03-13;"Košický kraj";146;103790;483;104273;NA;181242;629;2021-03-13;81404
2021-03-12;"Košický kraj";366;47871;321;48192;NA;181242;687;2021-03-12;80775
2021-03-11;"Košický kraj";396;23229;263;23492;NA;181242;659;2021-03-11;80088
2021-03-10;"Košický kraj";121;22205;269;22474;NA;181242;390;2021-03-10;79429
2021-03-09;"Košický kraj";676;24509;300;24809;NA;181242;976;2021-03-09;79039
2021-03-08;"Košický kraj";559;29852;344;30196;NA;181242;903;2021-03-08;78063
2021-03-07;"Košický kraj";45;44230;299;44529;NA;181242;344;2021-03-07;77160
2021-03-06;"Košický kraj";177;105598;532;106130;NA;181242;709;2021-03-06;76816
2021-03-05;"Košický kraj";439;45567;424;45991;NA;181242;863;2021-03-05;76107
2021-03-04;"Košický kraj";417;23862;320;24182;NA;181242;737;2021-03-04;75244
2021-03-03;"Košický kraj";390;23169;298;23467;NA;181242;688;2021-03-03;74507
2021-03-02;"Košický kraj";464;24158;368;24526;NA;181242;832;2021-03-02;73819
2021-03-01;"Košický kraj";389;30013;514;30527;NA;181242;903;2021-03-01;72987
2021-02-28;"Košický kraj";265;43053;334;43387;NA;181242;599;2021-02-28;72084
2021-02-27;"Košický kraj";301;100559;784;101343;NA;181242;1085;2021-02-27;71485
2021-02-26;"Košický kraj";440;45466;492;45958;NA;181242;932;2021-02-26;70400
2021-02-25;"Košický kraj";331;19872;342;20214;NA;181242;673;2021-02-25;69468
2021-02-24;"Košický kraj";263;18751;505;19256;NA;181242;768;2021-02-24;68795
2021-02-23;"Košický kraj";642;21605;341;21946;NA;181242;983;2021-02-23;68027
2021-02-22;"Košický kraj";362;30858;434;31292;NA;181242;796;2021-02-22;67044
2021-02-21;"Košický kraj";170;40464;385;40849;NA;181242;555;2021-02-21;66248
2021-02-20;"Košický kraj";283;92550;770;93320;NA;181242;1053;2021-02-20;65693
2021-02-19;"Košický kraj";507;41579;583;42162;NA;181242;1090;2021-02-19;64640
2021-02-18;"Košický kraj";397;18442;345;18787;NA;181242;742;2021-02-18;63550
2021-02-17;"Košický kraj";322;18080;387;18467;NA;181242;709;2021-02-17;62808
2021-02-16;"Košický kraj";600;22111;463;22574;NA;181242;1063;2021-02-16;62099
2021-02-15;"Košický kraj";216;27633;419;28052;NA;181242;635;2021-02-15;61036
2021-02-14;"Košický kraj";241;56743;524;57267;NA;181242;765;2021-02-14;60401
2021-02-13;"Košický kraj";206;93745;765;94510;NA;181242;971;2021-02-13;59636
2021-02-12;"Košický kraj";448;49924;611;50535;NA;181242;1059;2021-02-12;58665
2021-02-11;"Košický kraj";435;14524;323;14847;NA;181242;758;2021-02-11;57606
2021-02-10;"Košický kraj";360;18475;431;18906;NA;181242;791;2021-02-10;56848
2021-02-09;"Košický kraj";544;24841;463;25304;NA;181242;1007;2021-02-09;56057
2021-02-08;"Košický kraj";237;24836;392;25228;NA;181242;629;2021-02-08;55050
2021-02-07;"Košický kraj";208;56897;612;57509;NA;181242;820;2021-02-07;54421
2021-02-06;"Košický kraj";318;104357;884;105241;NA;181242;1202;2021-02-06;53601
2021-02-05;"Košický kraj";384;43186;494;43680;NA;181242;878;2021-02-05;52399
2021-02-04;"Košický kraj";391;14512;371;14883;NA;181242;762;2021-02-04;51521
2021-02-03;"Košický kraj";296;12599;339;12938;NA;181242;635;2021-02-03;50759
2021-02-02;"Košický kraj";473;43883;1212;45095;NA;181242;1685;2021-02-02;50124
2021-02-01;"Košický kraj";415;21984;362;22346;NA;181242;777;2021-02-01;48439
2021-01-31;"Košický kraj";142;54690;617;55307;NA;181242;759;2021-01-31;47662
2021-01-30;"Košický kraj";320;76722;661;77383;NA;181242;981;2021-01-30;46903
2021-01-29;"Košický kraj";311;37164;466;37630;NA;181242;777;2021-01-29;45922
2021-01-28;"Košický kraj";540;9006;244;9250;NA;181242;784;2021-01-28;45145
2021-01-27;"Košický kraj";265;7575;211;7786;NA;181242;476;2021-01-27;44361
2021-01-26;"Košický kraj";530;14210;245;14455;NA;181242;775;2021-01-26;43885
2021-01-25;"Košický kraj";226;26431;413;26844;NA;181242;639;2021-01-25;43110
2021-01-24;"Košický kraj";150;44419;581;45000;NA;181242;731;2021-01-24;42471
2021-01-23;"Košický kraj";232;82705;857;83562;NA;181242;1089;2021-01-23;41740
2021-01-22;"Košický kraj";316;19997;265;20262;NA;181242;581;2021-01-22;40651
2021-01-21;"Košický kraj";274;14053;159;14212;NA;181242;433;2021-01-21;40070
2021-01-20;"Košický kraj";374;10844;201;11045;NA;181242;575;2021-01-20;39637
2021-01-19;"Košický kraj";248;9717;181;9898;NA;181242;429;2021-01-19;39062
2021-01-18;"Košický kraj";333;7659;262;7921;NA;181242;595;2021-01-18;38633
2021-01-17;"Košický kraj";155;535;14;549;NA;181242;169;2021-01-17;38038
2021-01-16;"Košický kraj";153;1403;47;1450;NA;181242;200;2021-01-16;37869
2021-01-15;"Košický kraj";308;6443;213;6656;NA;181242;521;2021-01-15;37669
2021-01-14;"Košický kraj";358;5471;221;5692;NA;181242;579;2021-01-14;37148
2021-01-13;"Košický kraj";421;4897;226;5123;NA;181242;647;2021-01-13;36569
2021-01-12;"Košický kraj";482;6473;237;6710;NA;181242;719;2021-01-12;35922
2021-01-11;"Košický kraj";309;7553;286;7839;NA;181242;595;2021-01-11;35203
2021-01-10;"Košický kraj";193;136;6;142;NA;181242;199;2021-01-10;34608
2021-01-09;"Košický kraj";469;1134;45;1179;NA;181242;514;2021-01-09;34409
2021-01-08;"Košický kraj";551;7106;348;7454;NA;181242;899;2021-01-08;33895
2021-01-07;"Košický kraj";251;5853;398;6251;NA;181242;649;2021-01-07;32996
2021-01-06;"Košický kraj";442;429;33;462;NA;181242;475;2021-01-06;32347
2021-01-05;"Košický kraj";584;7633;527;8160;NA;181242;1111;2021-01-05;31872
2021-01-04;"Košický kraj";407;6479;660;7139;NA;181242;1067;2021-01-04;30761
2021-01-03;"Košický kraj";118;661;22;683;NA;181242;140;2021-01-03;29694
2021-01-02;"Košický kraj";88;440;52;492;NA;181242;140;2021-01-02;29554
2021-01-01;"Košický kraj";398;725;49;774;NA;181242;447;2021-01-01;29414
2020-12-31;"Košický kraj";625;7509;453;7962;NA;181242;1078;2020-12-31;28967
2020-12-30;"Košický kraj";590;6076;395;6471;NA;181242;985;2020-12-30;27889
2020-12-29;"Košický kraj";419;7454;596;8050;NA;181242;1015;2020-12-29;26904
2020-12-28;"Košický kraj";356;7933;756;8689;NA;181242;1112;2020-12-28;25889
2020-12-27;"Košický kraj";159;147;16;163;NA;181242;175;2020-12-27;24777
2020-12-26;"Košický kraj";163;274;23;297;NA;181242;186;2020-12-26;24602
2020-12-25;"Košický kraj";237;140;10;150;NA;181242;247;2020-12-25;24416
2020-12-24;"Košický kraj";564;1470;90;1560;NA;181242;654;2020-12-24;24169
2020-12-23;"Košický kraj";304;7339;327;7666;NA;181242;631;2020-12-23;23515
2020-12-22;"Košický kraj";438;7284;429;7713;NA;181242;867;2020-12-22;22884
2020-12-21;"Košický kraj";405;6703;504;7207;NA;181242;909;2020-12-21;22017
2020-12-20;"Košický kraj";215;73;11;84;NA;181242;226;2020-12-20;21108
2020-12-19;"Košický kraj";207;1309;63;1372;NA;181242;270;2020-12-19;20882
2020-12-18;"Košický kraj";310;7707;292;7999;NA;181242;602;2020-12-18;20612
2020-12-17;"Košický kraj";463;5101;253;5354;NA;181242;716;2020-12-17;20010
2020-12-16;"Košický kraj";455;5725;295;6020;NA;181242;750;2020-12-16;19294
2020-12-15;"Košický kraj";319;4787;327;5114;NA;181242;646;2020-12-15;18544
2020-12-14;"Košický kraj";256;2905;225;3130;NA;181242;481;2020-12-14;17898
2020-12-13;"Košický kraj";47;181;2;183;NA;181242;49;2020-12-13;17417
2020-12-12;"Košický kraj";369;1587;118;1705;NA;181242;487;2020-12-12;17368
2020-12-11;"Košický kraj";354;5328;256;5584;NA;181242;610;2020-12-11;16881
2020-12-10;"Košický kraj";283;3987;174;4161;NA;181242;457;2020-12-10;16271
2020-12-09;"Košický kraj";279;3786;166;3952;NA;181242;445;2020-12-09;15814
2020-12-08;"Košický kraj";226;4105;355;4460;NA;181242;581;2020-12-08;15369
2020-12-07;"Košický kraj";270;2383;106;2489;NA;181242;376;2020-12-07;14788
2020-12-06;"Košický kraj";121;97;20;117;NA;181242;141;2020-12-06;14412
2020-12-05;"Košický kraj";90;1096;48;1144;NA;181242;138;2020-12-05;14271
2020-12-04;"Košický kraj";224;2680;82;2762;NA;181242;306;2020-12-04;14133
2020-12-03;"Košický kraj";211;7717;173;7890;NA;181242;384;2020-12-03;13827
2020-12-02;"Košický kraj";193;8132;496;8628;NA;181242;689;2020-12-02;13443
2020-12-01;"Košický kraj";178;2237;124;2361;NA;181242;302;2020-12-01;12754
2020-11-30;"Košický kraj";171;3598;59;3657;NA;181242;230;2020-11-30;12452
2020-11-29;"Košický kraj";31;325;17;342;NA;181242;48;2020-11-29;12222
2020-11-28;"Košický kraj";69;721;52;773;NA;181242;121;2020-11-28;12174
2020-11-27;"Košický kraj";149;2921;78;2999;NA;181242;227;2020-11-27;12053
2020-11-26;"Košický kraj";239;1234;60;1294;NA;181242;299;2020-11-26;11826
2020-11-25;"Košický kraj";237;1785;123;1908;NA;181242;360;2020-11-25;11527
2020-11-24;"Košický kraj";196;1976;67;2043;NA;181242;263;2020-11-24;11167
2020-11-23;"Košický kraj";51;4115;63;4178;NA;181242;114;2020-11-23;10904
2020-11-22;"Košický kraj";57;57;5;62;NA;181242;62;2020-11-22;10790
2020-11-21;"Košický kraj";87;858;36;894;NA;181242;123;2020-11-21;10728
2020-11-20;"Košický kraj";176;3084;49;3133;NA;181242;225;2020-11-20;10605
2020-11-19;"Košický kraj";206;1736;48;1784;NA;181242;254;2020-11-19;10380
2020-11-18;"Košický kraj";122;532;17;549;NA;181242;139;2020-11-18;10126
2020-11-17;"Košický kraj";152;82;9;91;NA;181242;161;2020-11-17;9987
2020-11-16;"Košický kraj";114;596;27;623;NA;181242;141;2020-11-16;9826
2020-11-15;"Košický kraj";15;338;7;345;NA;181242;22;2020-11-15;9685
2020-11-14;"Košický kraj";234;520;12;532;NA;181242;246;2020-11-14;9663
2020-11-13;"Košický kraj";207;664;29;693;NA;181242;236;2020-11-13;9417
2020-11-12;"Košický kraj";192;736;13;749;NA;181242;205;2020-11-12;9181
2020-11-11;"Košický kraj";301;593;7;600;NA;181242;308;2020-11-11;8976
2020-11-10;"Košický kraj";190;541;11;552;NA;181242;201;2020-11-10;8668
2020-11-09;"Košický kraj";129;380;17;397;NA;181242;146;2020-11-09;8467
2020-11-08;"Košický kraj";78;1306;8;1314;NA;181242;86;2020-11-08;8321
2020-11-07;"Košický kraj";192;3909;22;3931;NA;181242;214;2020-11-07;8235
2020-11-06;"Košický kraj";195;5310;34;5344;NA;181242;229;2020-11-06;8021
2020-11-05;"Košický kraj";342;330;31;361;NA;181242;373;2020-11-05;7792
2020-11-04;"Košický kraj";101;154;6;160;NA;181242;107;2020-11-04;7419
2020-11-03;"Košický kraj";358;1122;13;1135;NA;181242;371;2020-11-03;7312
2020-11-02;"Košický kraj";111;6125;56;6181;NA;181242;167;2020-11-02;6941
2020-11-01;"Košický kraj";346;6522;34;6556;NA;181242;380;2020-11-01;6774
2020-10-31;"Košický kraj";82;14035;106;14141;NA;181242;188;2020-10-31;6394
2020-10-30;"Košický kraj";379;2835;27;2862;NA;181242;406;2020-10-30;6206
2020-10-29;"Košický kraj";333;983;13;996;NA;181242;346;2020-10-29;5800
2020-10-28;"Košický kraj";224;305;13;318;NA;181242;237;2020-10-28;5454
2020-10-27;"Košický kraj";386;439;21;460;NA;181242;407;2020-10-27;5217
2020-10-26;"Košický kraj";56;212;12;224;NA;181242;68;2020-10-26;4810
2020-10-25;"Košický kraj";154;79;2;81;NA;181242;156;2020-10-25;4742
2020-10-24;"Košický kraj";313;118;16;134;NA;181242;329;2020-10-24;4586
2020-10-23;"Košický kraj";315;331;8;339;NA;181242;323;2020-10-23;4257
2020-10-22;"Košický kraj";349;530;16;546;NA;181242;365;2020-10-22;3934
2020-10-21;"Košický kraj";129;84;2;86;NA;181242;131;2020-10-21;3569
2020-10-20;"Košický kraj";181;14;1;15;NA;181242;182;2020-10-20;3438
2020-10-19;"Košický kraj";64;38;1;39;NA;181242;65;2020-10-19;3256
2020-10-18;"Košický kraj";158;0;0;0;NA;181242;158;2020-10-18;3191
2020-10-17;"Košický kraj";142;0;0;0;NA;181242;142;2020-10-17;3033
2020-10-16;"Košický kraj";206;19;0;19;NA;181242;206;2020-10-16;2891
2020-10-15;"Košický kraj";177;19;5;24;NA;181242;182;2020-10-15;2685
2020-10-14;"Košický kraj";211;8;0;8;NA;181242;211;2020-10-14;2503
2020-10-13;"Košický kraj";179;80;3;83;NA;181242;182;2020-10-13;2292
2020-10-12;"Košický kraj";74;0;0;0;NA;181242;74;2020-10-12;2110
2020-10-11;"Košický kraj";121;0;0;0;NA;181242;121;2020-10-11;2036
2020-10-10;"Košický kraj";70;0;0;0;NA;181242;70;2020-10-10;1915
2020-10-09;"Košický kraj";188;0;0;0;NA;181242;188;2020-10-09;1845
2020-10-08;"Košický kraj";102;0;0;0;NA;181242;102;2020-10-08;1657
2020-10-07;"Košický kraj";158;0;0;0;NA;181242;158;2020-10-07;1555
2020-10-06;"Košický kraj";70;0;0;0;NA;181242;70;2020-10-06;1397
2020-10-05;"Košický kraj";39;0;0;0;NA;181242;39;2020-10-05;1327
2020-10-04;"Košický kraj";45;0;0;0;NA;181242;45;2020-10-04;1288
2020-10-03;"Košický kraj";105;0;0;0;NA;181242;105;2020-10-03;1243
2020-10-02;"Košický kraj";57;0;0;0;NA;181242;57;2020-10-02;1138
2020-10-01;"Košický kraj";69;0;0;0;NA;181242;69;2020-10-01;1081
2020-09-30;"Košický kraj";95;0;0;0;NA;181242;95;2020-09-30;1012
2020-09-29;"Košický kraj";75;0;0;0;NA;181242;75;2020-09-29;917
2020-09-28;"Košický kraj";19;0;0;0;NA;181242;19;2020-09-28;842
2020-09-27;"Košický kraj";21;0;0;0;NA;181242;21;2020-09-27;823
2020-09-26;"Košický kraj";53;0;0;0;NA;181242;53;2020-09-26;802
2020-09-25;"Košický kraj";72;0;0;0;NA;181242;72;2020-09-25;749
2020-09-24;"Košický kraj";35;0;0;0;NA;181242;35;2020-09-24;677
2020-09-23;"Košický kraj";23;0;0;0;NA;181242;23;2020-09-23;642
2020-09-22;"Košický kraj";39;0;0;0;NA;181242;39;2020-09-22;619
2020-09-21;"Košický kraj";5;0;0;0;NA;181242;5;2020-09-21;580
2020-09-20;"Košický kraj";3;0;0;0;NA;181242;3;2020-09-20;575
2020-09-19;"Košický kraj";13;0;0;0;NA;181242;13;2020-09-19;572
2020-09-18;"Košický kraj";20;0;0;0;NA;181242;20;2020-09-18;559
2020-09-17;"Košický kraj";22;0;0;0;NA;181242;22;2020-09-17;539
2020-09-16;"Košický kraj";12;0;0;0;NA;181242;12;2020-09-16;517
2020-09-15;"Košický kraj";10;0;0;0;NA;181242;10;2020-09-15;505
2020-09-14;"Košický kraj";6;0;0;0;NA;181242;6;2020-09-14;495
2020-09-13;"Košický kraj";3;0;0;0;NA;181242;3;2020-09-13;489
2020-09-12;"Košický kraj";16;0;0;0;NA;181242;16;2020-09-12;486
2020-09-11;"Košický kraj";20;0;0;0;NA;181242;20;2020-09-11;470
2020-09-10;"Košický kraj";11;0;0;0;NA;181242;11;2020-09-10;450
2020-09-09;"Košický kraj";37;0;0;0;NA;181242;37;2020-09-09;439
2020-09-08;"Košický kraj";10;0;0;0;NA;181242;10;2020-09-08;402
2020-09-07;"Košický kraj";4;0;0;0;NA;181242;4;2020-09-07;392
2020-09-06;"Košický kraj";2;0;0;0;NA;181242;2;2020-09-06;388
2020-09-05;"Košický kraj";10;0;0;0;NA;181242;10;2020-09-05;386
2020-09-04;"Košický kraj";14;0;0;0;NA;181242;14;2020-09-04;376
2020-09-03;"Košický kraj";22;0;0;0;NA;181242;22;2020-09-03;362
2020-09-02;"Košický kraj";13;0;0;0;NA;181242;13;2020-09-02;340
2020-09-01;"Košický kraj";21;0;0;0;NA;181242;21;2020-09-01;327
2020-08-31;"Košický kraj";9;0;0;0;NA;181242;9;2020-08-31;306
2020-08-30;"Košický kraj";21;0;0;0;NA;181242;21;2020-08-30;297
2020-08-29;"Košický kraj";1;0;0;0;NA;181242;1;2020-08-29;276
2020-08-28;"Košický kraj";19;0;0;0;NA;181242;19;2020-08-28;275
2020-08-27;"Košický kraj";15;0;0;0;NA;181242;15;2020-08-27;256
2020-08-26;"Košický kraj";8;0;0;0;NA;181242;8;2020-08-26;241
2020-08-25;"Košický kraj";23;0;0;0;NA;181242;23;2020-08-25;233
2020-08-24;"Košický kraj";6;0;0;0;NA;181242;6;2020-08-24;210
2020-08-23;"Košický kraj";8;0;0;0;NA;181242;8;2020-08-23;204
2020-08-22;"Košický kraj";13;0;0;0;NA;181242;13;2020-08-22;196
2020-08-21;"Košický kraj";10;0;0;0;NA;181242;10;2020-08-21;183
2020-08-20;"Košický kraj";10;0;0;0;NA;181242;10;2020-08-20;173
2020-08-19;"Košický kraj";3;0;0;0;NA;181242;3;2020-08-19;163
2020-08-18;"Košický kraj";7;0;0;0;NA;181242;7;2020-08-18;160
2020-08-17;"Košický kraj";2;0;0;0;NA;181242;2;2020-08-17;153
2020-08-16;"Košický kraj";2;0;0;0;NA;181242;2;2020-08-16;151
2020-08-15;"Košický kraj";3;0;0;0;NA;181242;3;2020-08-15;149
2020-08-14;"Košický kraj";1;0;0;0;NA;181242;1;2020-08-14;146
2020-08-13;"Košický kraj";3;0;0;0;NA;181242;3;2020-08-13;145
2020-08-12;"Košický kraj";12;0;0;0;NA;181242;12;2020-08-12;142
2020-08-11;"Košický kraj";5;0;0;0;NA;181242;5;2020-08-11;130
2020-08-10;"Košický kraj";1;0;0;0;NA;181242;1;2020-08-10;125
2020-08-09;"Košický kraj";0;0;0;0;NA;181242;0;2020-08-09;124
2020-08-08;"Košický kraj";5;0;0;0;NA;181242;5;2020-08-08;124
2020-08-07;"Košický kraj";7;0;0;0;NA;181242;7;2020-08-07;119
2020-08-06;"Košický kraj";3;0;0;0;NA;181242;3;2020-08-06;112
2020-08-05;"Košický kraj";4;0;0;0;NA;181242;4;2020-08-05;109
2020-08-04;"Košický kraj";1;0;0;0;NA;181242;1;2020-08-04;105
2020-08-03;"Košický kraj";1;0;0;0;NA;181242;1;2020-08-03;104
2020-08-02;"Košický kraj";0;0;0;0;NA;181242;0;2020-08-02;103
2020-08-01;"Košický kraj";0;0;0;0;NA;181242;0;2020-08-01;103
2020-07-31;"Košický kraj";0;0;0;0;NA;181242;0;2020-07-31;103
2020-07-30;"Košický kraj";2;0;0;0;NA;181242;2;2020-07-30;103
2020-07-29;"Košický kraj";1;0;0;0;NA;181242;1;2020-07-29;101
2020-07-28;"Košický kraj";9;0;0;0;NA;181242;9;2020-07-28;100
2020-07-27;"Košický kraj";4;0;0;0;NA;181242;4;2020-07-27;91
2020-07-26;"Košický kraj";0;0;0;0;NA;181242;0;2020-07-26;87
2020-07-25;"Košický kraj";2;0;0;0;NA;181242;2;2020-07-25;87
2020-07-24;"Košický kraj";2;0;0;0;NA;181242;2;2020-07-24;85
2020-07-23;"Košický kraj";1;0;0;0;NA;181242;1;2020-07-23;83
2020-07-22;"Košický kraj";1;0;0;0;NA;181242;1;2020-07-22;82
2020-07-21;"Košický kraj";0;0;0;0;NA;181242;0;2020-07-21;81
2020-07-20;"Košický kraj";0;0;0;0;NA;181242;0;2020-07-20;81
2020-07-19;"Košický kraj";0;0;0;0;NA;181242;0;2020-07-19;81
2020-07-18;"Košický kraj";1;0;0;0;NA;181242;1;2020-07-18;81
2020-07-17;"Košický kraj";1;0;0;0;NA;181242;1;2020-07-17;80
2020-07-16;"Košický kraj";0;0;0;0;NA;181242;0;2020-07-16;79
2020-07-15;"Košický kraj";2;0;0;0;NA;181242;2;2020-07-15;79
2020-07-14;"Košický kraj";1;0;0;0;NA;181242;1;2020-07-14;77
2020-07-13;"Košický kraj";1;0;0;0;NA;181242;1;2020-07-13;76
2020-07-12;"Košický kraj";0;0;0;0;NA;181242;0;2020-07-12;75
2020-07-11;"Košický kraj";0;0;0;0;NA;181242;0;2020-07-11;75
2020-07-10;"Košický kraj";1;0;0;0;NA;181242;1;2020-07-10;75
2020-07-09;"Košický kraj";1;0;0;0;NA;181242;1;2020-07-09;74
2020-07-08;"Košický kraj";12;0;0;0;NA;181242;12;2020-07-08;73
2020-07-07;"Košický kraj";0;0;0;0;NA;181242;0;2020-07-07;61
2020-07-06;"Košický kraj";0;0;0;0;NA;181242;0;2020-07-06;61
2020-07-05;"Košický kraj";0;0;0;0;NA;181242;0;2020-07-05;61
2020-07-04;"Košický kraj";0;0;0;0;NA;181242;0;2020-07-04;61
2020-07-03;"Košický kraj";1;0;0;0;NA;181242;1;2020-07-03;61
2020-07-02;"Košický kraj";0;0;0;0;NA;181242;0;2020-07-02;60
2020-07-01;"Košický kraj";1;0;0;0;NA;181242;1;2020-07-01;60
2020-06-30;"Košický kraj";0;0;0;0;NA;181242;0;2020-06-30;59
2020-06-29;"Košický kraj";0;0;0;0;NA;181242;0;2020-06-29;59
2020-06-28;"Košický kraj";0;0;0;0;NA;181242;0;2020-06-28;59
2020-06-27;"Košický kraj";0;0;0;0;NA;181242;0;2020-06-27;59
2020-06-26;"Košický kraj";0;0;0;0;NA;181242;0;2020-06-26;59
2020-06-25;"Košický kraj";3;0;0;0;NA;181242;3;2020-06-25;59
2020-06-24;"Košický kraj";3;0;0;0;NA;181242;3;2020-06-24;56
2020-06-23;"Košický kraj";3;0;0;0;NA;181242;3;2020-06-23;53
2020-06-22;"Košický kraj";0;0;0;0;NA;181242;0;2020-06-22;50
2020-06-21;"Košický kraj";0;0;0;0;NA;181242;0;2020-06-21;50
2020-06-20;"Košický kraj";0;0;0;0;NA;181242;0;2020-06-20;50
2020-06-19;"Košický kraj";0;0;0;0;NA;181242;0;2020-06-19;50
2020-06-18;"Košický kraj";1;0;0;0;NA;181242;1;2020-06-18;50
2020-06-17;"Košický kraj";0;0;0;0;NA;181242;0;2020-06-17;49
2020-06-16;"Košický kraj";2;0;0;0;NA;181242;2;2020-06-16;49
2020-06-14;"Košický kraj";0;0;0;0;NA;181242;0;2020-06-14;47
2020-06-13;"Košický kraj";0;0;0;0;NA;181242;0;2020-06-13;47
2020-06-12;"Košický kraj";0;0;0;0;NA;181242;0;2020-06-12;47
2020-06-11;"Košický kraj";0;0;0;0;NA;181242;0;2020-06-11;47
2020-06-10;"Košický kraj";6;0;0;0;NA;181242;6;2020-06-10;47
2020-06-09;"Košický kraj";0;0;0;0;NA;181242;0;2020-06-09;41
2020-06-08;"Košický kraj";0;0;0;0;NA;181242;0;2020-06-08;41
2020-06-07;"Košický kraj";2;0;0;0;NA;181242;2;2020-06-07;41
2020-06-05;"Košický kraj";0;0;0;0;NA;181242;0;2020-06-05;39
2020-06-03;"Košický kraj";0;0;0;0;NA;181242;0;2020-06-03;39
2020-06-02;"Košický kraj";1;0;0;0;NA;181242;1;2020-06-02;39
2020-05-31;"Košický kraj";0;0;0;0;NA;181242;0;2020-05-31;38
2020-05-29;"Košický kraj";1;0;0;0;NA;181242;1;2020-05-29;38
2020-05-27;"Košický kraj";0;0;0;0;NA;181242;0;2020-05-27;37
2020-05-26;"Košický kraj";1;0;0;0;NA;181242;1;2020-05-26;37
2020-05-25;"Košický kraj";1;0;0;0;NA;181242;1;2020-05-25;36
2020-05-24;"Košický kraj";0;0;0;0;NA;181242;0;2020-05-24;35
2020-05-23;"Košický kraj";0;0;0;0;NA;181242;0;2020-05-23;35
2020-05-22;"Košický kraj";0;0;0;0;NA;181242;0;2020-05-22;35
2020-05-21;"Košický kraj";0;0;0;0;NA;181242;0;2020-05-21;35
2020-05-20;"Košický kraj";3;0;0;0;NA;181242;3;2020-05-20;35
2020-05-19;"Košický kraj";0;0;0;0;NA;181242;0;2020-05-19;32
2020-05-17;"Košický kraj";1;0;0;0;NA;181242;1;2020-05-17;32
2020-05-16;"Košický kraj";1;0;0;0;NA;181242;1;2020-05-16;31
2020-05-15;"Košický kraj";10;0;0;0;NA;181242;10;2020-05-15;30
2020-05-14;"Košický kraj";1;0;0;0;NA;181242;1;2020-05-14;20
2020-05-13;"Košický kraj";6;0;0;0;NA;181242;6;2020-05-13;19
2020-05-12;"Košický kraj";0;0;0;0;NA;181242;0;2020-05-12;13
2020-05-11;"Košický kraj";0;0;0;0;NA;181242;0;2020-05-11;13
2020-05-09;"Košický kraj";0;0;0;0;NA;181242;0;2020-05-09;13
2020-05-07;"Košický kraj";0;0;0;0;NA;181242;0;2020-05-07;13
2020-05-06;"Košický kraj";1;0;0;0;NA;181242;1;2020-05-06;13
2020-05-05;"Košický kraj";0;0;0;0;NA;181242;0;2020-05-05;12
2020-05-04;"Košický kraj";0;0;0;0;NA;181242;0;2020-05-04;12
2020-05-03;"Košický kraj";0;0;0;0;NA;181242;0;2020-05-03;12
2020-05-02;"Košický kraj";1;0;0;0;NA;181242;1;2020-05-02;12
2020-05-01;"Košický kraj";0;0;0;0;NA;181242;0;2020-05-01;11
2020-04-30;"Košický kraj";1;0;0;0;NA;181242;1;2020-04-30;11
2020-04-29;"Košický kraj";1;0;0;0;NA;181242;1;2020-04-29;10
2020-04-28;"Košický kraj";1;0;0;0;NA;181242;1;2020-04-28;9
2020-04-27;"Košický kraj";1;0;0;0;NA;181242;1;2020-04-27;8
2020-04-26;"Košický kraj";0;0;0;0;NA;181242;0;2020-04-26;7
2020-04-25;"Košický kraj";0;0;0;0;NA;181242;0;2020-04-25;7
2020-04-24;"Košický kraj";3;0;0;0;NA;181242;3;2020-04-24;7
2020-04-23;"Košický kraj";4;0;0;0;NA;181242;4;2020-04-23;4
2020-04-22;"Košický kraj";21;0;0;0;NA;181242;21;2020-04-22;0
2020-04-21;"Košický kraj";4;0;0;0;NA;181242;4;2020-04-21;-21
2020-04-20;"Košický kraj";0;0;0;0;NA;181242;0;2020-04-20;-25
2020-04-19;"Košický kraj";1;0;0;0;NA;181242;1;2020-04-19;-25
2020-04-18;"Košický kraj";2;0;0;0;NA;181242;2;2020-04-18;-26
2020-04-17;"Košický kraj";7;0;0;0;NA;181242;7;2020-04-17;-28
2020-04-16;"Košický kraj";29;0;0;0;NA;181242;29;2020-04-16;-35
2020-04-15;"Košický kraj";50;0;0;0;NA;181242;50;2020-04-15;-64
2020-04-14;"Košický kraj";4;0;0;0;NA;181242;4;2020-04-14;-114
2020-04-13;"Košický kraj";5;0;0;0;NA;181242;5;2020-04-13;-118
2020-04-12;"Košický kraj";4;0;0;0;NA;181242;4;2020-04-12;-123
2020-04-11;"Košický kraj";2;0;0;0;NA;181242;2;2020-04-11;-127
2020-04-10;"Košický kraj";1;0;0;0;NA;181242;1;2020-04-10;-129
2020-04-09;"Košický kraj";4;0;0;0;NA;181242;4;2020-04-09;-130
2020-04-08;"Košický kraj";5;0;0;0;NA;181242;5;2020-04-08;-134
2020-04-07;"Košický kraj";34;0;0;0;NA;181242;34;2020-04-07;-139
2020-04-06;"Košický kraj";6;0;0;0;NA;181242;6;2020-04-06;-173
2020-04-05;"Košický kraj";4;0;0;0;NA;181242;4;2020-04-05;-179
2020-04-04;"Košický kraj";5;0;0;0;NA;181242;5;2020-04-04;-183
2020-04-03;"Košický kraj";4;0;0;0;NA;181242;4;2020-04-03;-188
2020-04-02;"Košický kraj";3;0;0;0;NA;181242;3;2020-04-02;-192
2020-04-01;"Košický kraj";3;0;0;0;NA;181242;3;2020-04-01;-195
2020-03-31;"Košický kraj";1;0;0;0;NA;181242;1;2020-03-31;-198
2020-03-30;"Košický kraj";5;0;0;0;NA;181242;5;2020-03-30;-199
2020-03-29;"Košický kraj";0;0;0;0;NA;181242;0;2020-03-29;-204
2020-03-28;"Košický kraj";1;0;0;0;NA;181242;1;2020-03-28;-204
2020-03-27;"Košický kraj";1;0;0;0;NA;181242;1;2020-03-27;-205
2020-03-26;"Košický kraj";3;0;0;0;NA;181242;3;2020-03-26;-206
2020-03-25;"Košický kraj";2;0;0;0;NA;181242;2;2020-03-25;-209
2020-03-24;"Košický kraj";0;0;0;0;NA;181242;0;2020-03-24;-211
2020-03-23;"Košický kraj";2;0;0;0;NA;181242;2;2020-03-23;-211
2020-03-22;"Košický kraj";0;0;0;0;NA;181242;0;2020-03-22;-213
2020-03-21;"Košický kraj";3;0;0;0;NA;181242;3;2020-03-21;-213
2020-03-20;"Košický kraj";1;0;0;0;NA;181242;1;2020-03-20;-216
2020-03-19;"Košický kraj";0;0;0;0;NA;181242;0;2020-03-19;-217
2020-03-18;"Košický kraj";0;0;0;0;NA;181242;0;2020-03-18;-217
2020-03-17;"Košický kraj";0;0;0;0;NA;181242;0;2020-03-17;-217
2020-03-16;"Košický kraj";3;0;0;0;NA;181242;3;2020-03-16;-217
2020-03-15;"Košický kraj";1;0;0;0;NA;181242;1;2020-03-15;-220
2020-03-14;"Košický kraj";0;0;0;0;NA;181242;0;2020-03-14;-221
2020-03-13;"Košický kraj";2;0;0;0;NA;181242;2;2020-03-13;-221
2020-03-12;"Košický kraj";0;0;0;0;NA;181242;0;2020-03-12;-223
2020-03-11;"Košický kraj";0;0;0;0;NA;181242;0;2020-03-11;-223
2020-03-09;"Košický kraj";1;0;0;0;NA;181242;1;2020-03-09;-223
2020-03-08;"Košický kraj";0;0;0;0;NA;181242;0;2020-03-08;-224
2020-03-07;"Košický kraj";0;0;0;0;NA;181242;0;2020-03-07;-224
2020-03-06;"Košický kraj";0;0;0;0;NA;181242;0;2020-03-06;-224
2021-12-22;"Nitriansky kraj";398;0;0;0;73952;141108;398;2021-12-22;141108
2021-12-21;"Nitriansky kraj";735;0;0;0;NA;141108;735;2021-12-21;140710
2021-12-20;"Nitriansky kraj";407;0;0;0;NA;141108;407;2021-12-20;139975
2021-12-19;"Nitriansky kraj";198;1677;58;1735;NA;141108;256;2021-12-19;139568
2021-12-18;"Nitriansky kraj";361;822;57;879;NA;141108;418;2021-12-18;139312
2021-12-17;"Nitriansky kraj";409;4383;135;4518;NA;141108;544;2021-12-17;138894
2021-12-16;"Nitriansky kraj";429;3986;136;4122;NA;141108;565;2021-12-16;138350
2021-12-15;"Nitriansky kraj";639;4174;135;4309;NA;141108;774;2021-12-15;137785
2021-12-14;"Nitriansky kraj";907;4213;195;4408;NA;141108;1102;2021-12-14;137011
2021-12-13;"Nitriansky kraj";524;7365;291;7656;NA;141108;815;2021-12-13;135909
2021-12-12;"Nitriansky kraj";289;3893;174;4067;NA;141108;463;2021-12-12;135094
2021-12-11;"Nitriansky kraj";458;1754;121;1875;NA;141108;579;2021-12-11;134631
2021-12-10;"Nitriansky kraj";591;4868;177;5045;NA;141108;768;2021-12-10;134052
2021-12-09;"Nitriansky kraj";741;3399;202;3601;NA;141108;943;2021-12-09;133284
2021-12-08;"Nitriansky kraj";954;5136;200;5336;NA;141108;1154;2021-12-08;132341
2021-12-07;"Nitriansky kraj";900;3578;192;3770;NA;141108;1092;2021-12-07;131187
2021-12-06;"Nitriansky kraj";699;8194;339;8533;NA;141108;1038;2021-12-06;130095
2021-12-05;"Nitriansky kraj";337;4151;188;4339;NA;141108;525;2021-12-05;129057
2021-12-04;"Nitriansky kraj";758;2045;180;2225;NA;141108;938;2021-12-04;128532
2021-12-03;"Nitriansky kraj";920;5276;230;5506;NA;141108;1150;2021-12-03;127594
2021-12-02;"Nitriansky kraj";1388;3896;267;4163;NA;141108;1655;2021-12-02;126444
2021-12-01;"Nitriansky kraj";982;4077;261;4338;NA;141108;1243;2021-12-01;124789
2021-11-30;"Nitriansky kraj";751;5245;234;5479;NA;141108;985;2021-11-30;123546
2021-11-29;"Nitriansky kraj";665;10150;499;10649;NA;141108;1164;2021-11-29;122561
2021-11-28;"Nitriansky kraj";357;6214;300;6514;NA;141108;657;2021-11-28;121397
2021-11-27;"Nitriansky kraj";560;2879;281;3160;NA;141108;841;2021-11-27;120740
2021-11-26;"Nitriansky kraj";824;5529;290;5819;NA;141108;1114;2021-11-26;119899
2021-11-25;"Nitriansky kraj";847;4151;342;4493;NA;141108;1189;2021-11-25;118785
2021-11-24;"Nitriansky kraj";875;4419;325;4744;NA;141108;1200;2021-11-24;117596
2021-11-23;"Nitriansky kraj";1103;5148;353;5501;NA;141108;1456;2021-11-23;116396
2021-11-22;"Nitriansky kraj";545;7101;465;7566;NA;141108;1010;2021-11-22;114940
2021-11-21;"Nitriansky kraj";345;3410;314;3724;NA;141108;659;2021-11-21;113930
2021-11-20;"Nitriansky kraj";579;1865;252;2117;NA;141108;831;2021-11-20;113271
2021-11-19;"Nitriansky kraj";571;4255;349;4604;NA;141108;920;2021-11-19;112440
2021-11-18;"Nitriansky kraj";677;4881;420;5301;NA;141108;1097;2021-11-18;111520
2021-11-17;"Nitriansky kraj";479;1622;207;1829;NA;141108;686;2021-11-17;110423
2021-11-16;"Nitriansky kraj";668;3879;266;4145;NA;141108;934;2021-11-16;109737
2021-11-15;"Nitriansky kraj";556;6012;440;6452;NA;141108;996;2021-11-15;108803
2021-11-14;"Nitriansky kraj";229;2796;259;3055;NA;141108;488;2021-11-14;107807
2021-11-13;"Nitriansky kraj";387;1473;201;1674;NA;141108;588;2021-11-13;107319
2021-11-12;"Nitriansky kraj";552;3096;270;3366;NA;141108;822;2021-11-12;106731
2021-11-11;"Nitriansky kraj";539;3541;238;3779;NA;141108;777;2021-11-11;105909
2021-11-10;"Nitriansky kraj";411;3494;234;3728;NA;141108;645;2021-11-10;105132
2021-11-09;"Nitriansky kraj";413;3313;210;3523;NA;141108;623;2021-11-09;104487
2021-11-08;"Nitriansky kraj";464;4936;331;5267;NA;141108;795;2021-11-08;103864
2021-11-07;"Nitriansky kraj";209;2074;161;2235;NA;141108;370;2021-11-07;103069
2021-11-06;"Nitriansky kraj";236;1407;114;1521;NA;141108;350;2021-11-06;102699
2021-11-05;"Nitriansky kraj";407;2583;185;2768;NA;141108;592;2021-11-05;102349
2021-11-04;"Nitriansky kraj";437;3083;168;3251;NA;141108;605;2021-11-04;101757
2021-11-03;"Nitriansky kraj";525;2891;157;3048;NA;141108;682;2021-11-03;101152
2021-11-02;"Nitriansky kraj";320;4279;239;4518;NA;141108;559;2021-11-02;100470
2021-11-01;"Nitriansky kraj";136;712;61;773;NA;141108;197;2021-11-01;99911
2021-10-31;"Nitriansky kraj";109;1234;114;1348;NA;141108;223;2021-10-31;99714
2021-10-30;"Nitriansky kraj";202;1218;82;1300;NA;141108;284;2021-10-30;99491
2021-10-29;"Nitriansky kraj";347;2481;120;2601;NA;141108;467;2021-10-29;99207
2021-10-28;"Nitriansky kraj";281;2603;95;2698;NA;141108;376;2021-10-28;98740
2021-10-27;"Nitriansky kraj";340;2923;112;3035;NA;141108;452;2021-10-27;98364
2021-10-26;"Nitriansky kraj";297;2926;117;3043;NA;141108;414;2021-10-26;97912
2021-10-25;"Nitriansky kraj";171;3599;124;3723;NA;141108;295;2021-10-25;97498
2021-10-24;"Nitriansky kraj";58;1914;74;1988;NA;141108;132;2021-10-24;97203
2021-10-23;"Nitriansky kraj";173;1815;77;1892;NA;141108;250;2021-10-23;97071
2021-10-22;"Nitriansky kraj";202;2216;68;2284;NA;141108;270;2021-10-22;96821
2021-10-21;"Nitriansky kraj";214;2793;65;2858;NA;141108;279;2021-10-21;96551
2021-10-20;"Nitriansky kraj";218;2328;74;2402;NA;141108;292;2021-10-20;96272
2021-10-19;"Nitriansky kraj";250;2929;65;2994;NA;141108;315;2021-10-19;95980
2021-10-18;"Nitriansky kraj";81;3259;90;3349;NA;141108;171;2021-10-18;95665
2021-10-17;"Nitriansky kraj";36;3010;92;3102;NA;141108;128;2021-10-17;95494
2021-10-16;"Nitriansky kraj";37;1477;38;1515;NA;141108;75;2021-10-16;95366
2021-10-15;"Nitriansky kraj";145;2653;34;2687;NA;141108;179;2021-10-15;95291
2021-10-14;"Nitriansky kraj";95;2389;30;2419;NA;141108;125;2021-10-14;95112
2021-10-13;"Nitriansky kraj";91;2248;36;2284;NA;141108;127;2021-10-13;94987
2021-10-12;"Nitriansky kraj";119;2905;34;2939;NA;141108;153;2021-10-12;94860
2021-10-11;"Nitriansky kraj";91;2703;42;2745;NA;141108;133;2021-10-11;94707
2021-10-10;"Nitriansky kraj";33;1527;22;1549;NA;141108;55;2021-10-10;94574
2021-10-09;"Nitriansky kraj";17;1395;17;1412;NA;141108;34;2021-10-09;94519
2021-10-08;"Nitriansky kraj";61;3004;37;3041;NA;141108;98;2021-10-08;94485
2021-10-07;"Nitriansky kraj";59;2829;30;2859;NA;141108;89;2021-10-07;94387
2021-10-06;"Nitriansky kraj";66;2657;28;2685;NA;141108;94;2021-10-06;94298
2021-10-05;"Nitriansky kraj";97;2536;32;2568;NA;141108;129;2021-10-05;94204
2021-10-04;"Nitriansky kraj";56;3263;49;3312;NA;141108;105;2021-10-04;94075
2021-10-03;"Nitriansky kraj";10;1591;24;1615;NA;141108;34;2021-10-03;93970
2021-10-02;"Nitriansky kraj";46;1567;20;1587;NA;141108;66;2021-10-02;93936
2021-10-01;"Nitriansky kraj";26;2830;34;2864;NA;141108;60;2021-10-01;93870
2021-09-30;"Nitriansky kraj";66;2468;15;2483;NA;141108;81;2021-09-30;93810
2021-09-29;"Nitriansky kraj";92;2266;16;2282;NA;141108;108;2021-09-29;93729
2021-09-28;"Nitriansky kraj";86;2893;27;2920;NA;141108;113;2021-09-28;93621
2021-09-27;"Nitriansky kraj";50;3633;41;3674;NA;141108;91;2021-09-27;93508
2021-09-26;"Nitriansky kraj";12;1635;20;1655;NA;141108;32;2021-09-26;93417
2021-09-25;"Nitriansky kraj";43;1456;20;1476;NA;141108;63;2021-09-25;93385
2021-09-24;"Nitriansky kraj";35;2783;15;2798;NA;141108;50;2021-09-24;93322
2021-09-23;"Nitriansky kraj";69;2503;20;2523;NA;141108;89;2021-09-23;93272
2021-09-22;"Nitriansky kraj";68;2380;17;2397;NA;141108;85;2021-09-22;93183
2021-09-21;"Nitriansky kraj";70;2684;30;2714;NA;141108;100;2021-09-21;93098
2021-09-20;"Nitriansky kraj";41;2497;21;2518;NA;141108;62;2021-09-20;92998
2021-09-19;"Nitriansky kraj";16;1553;20;1573;NA;141108;36;2021-09-19;92936
2021-09-18;"Nitriansky kraj";42;1421;19;1440;NA;141108;61;2021-09-18;92900
2021-09-17;"Nitriansky kraj";54;2757;30;2787;NA;141108;84;2021-09-17;92839
2021-09-16;"Nitriansky kraj";55;2499;44;2543;NA;141108;99;2021-09-16;92755
2021-09-15;"Nitriansky kraj";34;538;12;550;NA;141108;46;2021-09-15;92656
2021-09-14;"Nitriansky kraj";52;1821;20;1841;NA;141108;72;2021-09-14;92610
2021-09-13;"Nitriansky kraj";27;2373;27;2400;NA;141108;54;2021-09-13;92538
2021-09-12;"Nitriansky kraj";4;1182;17;1199;NA;141108;21;2021-09-12;92484
2021-09-11;"Nitriansky kraj";36;1181;8;1189;NA;141108;44;2021-09-11;92463
2021-09-10;"Nitriansky kraj";25;2133;12;2145;NA;141108;37;2021-09-10;92419
2021-09-09;"Nitriansky kraj";15;1611;20;1631;NA;141108;35;2021-09-09;92382
2021-09-08;"Nitriansky kraj";30;1463;22;1485;NA;141108;52;2021-09-08;92347
2021-09-07;"Nitriansky kraj";35;1460;9;1469;NA;141108;44;2021-09-07;92295
2021-09-06;"Nitriansky kraj";19;1668;27;1695;NA;141108;46;2021-09-06;92251
2021-09-05;"Nitriansky kraj";10;1007;8;1015;NA;141108;18;2021-09-05;92205
2021-09-04;"Nitriansky kraj";18;1119;10;1129;NA;141108;28;2021-09-04;92187
2021-09-03;"Nitriansky kraj";20;1743;17;1760;NA;141108;37;2021-09-03;92159
2021-09-02;"Nitriansky kraj";16;1389;14;1403;NA;141108;30;2021-09-02;92122
2021-09-01;"Nitriansky kraj";9;322;2;324;NA;141108;11;2021-09-01;92092
2021-08-31;"Nitriansky kraj";10;1360;6;1366;NA;141108;16;2021-08-31;92081
2021-08-30;"Nitriansky kraj";8;1381;10;1391;NA;141108;18;2021-08-30;92065
2021-08-29;"Nitriansky kraj";2;450;1;451;NA;141108;3;2021-08-29;92047
2021-08-28;"Nitriansky kraj";5;1071;3;1074;NA;141108;8;2021-08-28;92044
2021-08-27;"Nitriansky kraj";7;1804;4;1808;NA;141108;11;2021-08-27;92036
2021-08-26;"Nitriansky kraj";2;1255;6;1261;NA;141108;8;2021-08-26;92025
2021-08-25;"Nitriansky kraj";15;1087;3;1090;NA;141108;18;2021-08-25;92017
2021-08-24;"Nitriansky kraj";6;990;2;992;NA;141108;8;2021-08-24;91999
2021-08-23;"Nitriansky kraj";13;1271;4;1275;NA;141108;17;2021-08-23;91991
2021-08-22;"Nitriansky kraj";0;1167;3;1170;NA;141108;3;2021-08-22;91974
2021-08-21;"Nitriansky kraj";1;853;2;855;NA;141108;3;2021-08-21;91971
2021-08-20;"Nitriansky kraj";8;1580;5;1585;NA;141108;13;2021-08-20;91968
2021-08-19;"Nitriansky kraj";11;1167;4;1171;NA;141108;15;2021-08-19;91955
2021-08-18;"Nitriansky kraj";8;1180;7;1187;NA;141108;15;2021-08-18;91940
2021-08-17;"Nitriansky kraj";4;1035;3;1038;NA;141108;7;2021-08-17;91925
2021-08-16;"Nitriansky kraj";7;1129;4;1133;NA;141108;11;2021-08-16;91918
2021-08-15;"Nitriansky kraj";2;662;1;663;NA;141108;3;2021-08-15;91907
2021-08-14;"Nitriansky kraj";1;878;5;883;NA;141108;6;2021-08-14;91904
2021-08-13;"Nitriansky kraj";0;957;1;958;NA;141108;1;2021-08-13;91898
2021-08-12;"Nitriansky kraj";5;765;0;765;NA;141108;5;2021-08-12;91897
2021-08-11;"Nitriansky kraj";3;527;1;528;NA;141108;4;2021-08-11;91892
2021-08-10;"Nitriansky kraj";3;570;1;571;NA;141108;4;2021-08-10;91888
2021-08-09;"Nitriansky kraj";3;992;1;993;NA;141108;4;2021-08-09;91884
2021-08-08;"Nitriansky kraj";0;668;1;669;NA;141108;1;2021-08-08;91880
2021-08-07;"Nitriansky kraj";0;557;1;558;NA;141108;1;2021-08-07;91879
2021-08-06;"Nitriansky kraj";5;799;0;799;NA;141108;5;2021-08-06;91878
2021-08-05;"Nitriansky kraj";6;612;0;612;NA;141108;6;2021-08-05;91873
2021-08-04;"Nitriansky kraj";1;497;2;499;NA;141108;3;2021-08-04;91867
2021-08-03;"Nitriansky kraj";5;1455;0;1455;NA;141108;5;2021-08-03;91864
2021-08-02;"Nitriansky kraj";1;683;4;687;NA;141108;5;2021-08-02;91859
2021-08-01;"Nitriansky kraj";1;606;0;606;NA;141108;1;2021-08-01;91854
2021-07-31;"Nitriansky kraj";1;514;1;515;NA;141108;2;2021-07-31;91853
2021-07-30;"Nitriansky kraj";2;827;0;827;NA;141108;2;2021-07-30;91851
2021-07-29;"Nitriansky kraj";3;720;2;722;NA;141108;5;2021-07-29;91849
2021-07-28;"Nitriansky kraj";4;598;0;598;NA;141108;4;2021-07-28;91844
2021-07-27;"Nitriansky kraj";12;602;1;603;NA;141108;13;2021-07-27;91840
2021-07-26;"Nitriansky kraj";7;970;1;971;NA;141108;8;2021-07-26;91827
2021-07-25;"Nitriansky kraj";1;654;1;655;NA;141108;2;2021-07-25;91819
2021-07-24;"Nitriansky kraj";0;620;0;620;NA;141108;0;2021-07-24;91817
2021-07-23;"Nitriansky kraj";3;845;1;846;NA;141108;4;2021-07-23;91817
2021-07-22;"Nitriansky kraj";5;689;0;689;NA;141108;5;2021-07-22;91813
2021-07-21;"Nitriansky kraj";6;650;2;652;NA;141108;8;2021-07-21;91808
2021-07-20;"Nitriansky kraj";1;527;1;528;NA;141108;2;2021-07-20;91800
2021-07-19;"Nitriansky kraj";2;965;0;965;NA;141108;2;2021-07-19;91798
2021-07-18;"Nitriansky kraj";1;747;0;747;NA;141108;1;2021-07-18;91796
2021-07-17;"Nitriansky kraj";5;612;0;612;NA;141108;5;2021-07-17;91795
2021-07-16;"Nitriansky kraj";2;876;0;876;NA;141108;2;2021-07-16;91790
2021-07-15;"Nitriansky kraj";11;708;0;708;NA;141108;11;2021-07-15;91788
2021-07-14;"Nitriansky kraj";4;646;0;646;NA;141108;4;2021-07-14;91777
2021-07-13;"Nitriansky kraj";2;697;2;699;NA;141108;4;2021-07-13;91773
2021-07-12;"Nitriansky kraj";1;819;0;819;NA;141108;1;2021-07-12;91769
2021-07-11;"Nitriansky kraj";1;961;0;961;NA;141108;1;2021-07-11;91768
2021-07-10;"Nitriansky kraj";1;630;0;630;NA;141108;1;2021-07-10;91767
2021-07-09;"Nitriansky kraj";3;1000;0;1000;NA;141108;3;2021-07-09;91766
2021-07-08;"Nitriansky kraj";0;683;0;683;NA;141108;0;2021-07-08;91763
2021-07-07;"Nitriansky kraj";2;935;2;937;NA;141108;4;2021-07-07;91763
2021-07-06;"Nitriansky kraj";1;1269;1;1270;NA;141108;2;2021-07-06;91759
2021-07-05;"Nitriansky kraj";1;507;0;507;NA;141108;1;2021-07-05;91757
2021-07-04;"Nitriansky kraj";0;821;1;822;NA;141108;1;2021-07-04;91756
2021-07-03;"Nitriansky kraj";0;611;0;611;NA;141108;0;2021-07-03;91755
2021-07-02;"Nitriansky kraj";0;1259;0;1259;NA;141108;0;2021-07-02;91755
2021-07-01;"Nitriansky kraj";0;339;1;340;NA;141108;1;2021-07-01;91755
2021-06-30;"Nitriansky kraj";1;6777;2;6779;NA;141108;3;2021-06-30;91754
2021-06-29;"Nitriansky kraj";1;3536;0;3536;NA;141108;1;2021-06-29;91751
2021-06-28;"Nitriansky kraj";3;4393;0;4393;NA;141108;3;2021-06-28;91750
2021-06-27;"Nitriansky kraj";0;3263;0;3263;NA;141108;0;2021-06-27;91747
2021-06-26;"Nitriansky kraj";1;4845;2;4847;NA;141108;3;2021-06-26;91747
2021-06-25;"Nitriansky kraj";8;5174;1;5175;NA;141108;9;2021-06-25;91744
2021-06-24;"Nitriansky kraj";1;3354;0;3354;NA;141108;1;2021-06-24;91735
2021-06-23;"Nitriansky kraj";1;3033;0;3033;NA;141108;1;2021-06-23;91734
2021-06-22;"Nitriansky kraj";1;3240;3;3243;NA;141108;4;2021-06-22;91733
2021-06-21;"Nitriansky kraj";8;5362;8;5370;NA;141108;16;2021-06-21;91729
2021-06-20;"Nitriansky kraj";0;4437;6;4443;NA;141108;6;2021-06-20;91713
2021-06-19;"Nitriansky kraj";0;5750;4;5754;NA;141108;4;2021-06-19;91707
2021-06-18;"Nitriansky kraj";4;6453;3;6456;NA;141108;7;2021-06-18;91703
2021-06-17;"Nitriansky kraj";5;4152;1;4153;NA;141108;6;2021-06-17;91696
2021-06-16;"Nitriansky kraj";4;3694;3;3697;NA;141108;7;2021-06-16;91690
2021-06-15;"Nitriansky kraj";1;3995;0;3995;NA;141108;1;2021-06-15;91683
2021-06-14;"Nitriansky kraj";0;5875;3;5878;NA;141108;3;2021-06-14;91682
2021-06-13;"Nitriansky kraj";0;6073;3;6076;NA;141108;3;2021-06-13;91679
2021-06-12;"Nitriansky kraj";1;8024;1;8025;NA;141108;2;2021-06-12;91676
2021-06-11;"Nitriansky kraj";3;6891;4;6895;NA;141108;7;2021-06-11;91674
2021-06-10;"Nitriansky kraj";7;4539;1;4540;NA;141108;8;2021-06-10;91667
2021-06-09;"Nitriansky kraj";2;4706;2;4708;NA;141108;4;2021-06-09;91659
2021-06-08;"Nitriansky kraj";8;4239;3;4242;NA;141108;11;2021-06-08;91655
2021-06-07;"Nitriansky kraj";6;5841;8;5849;NA;141108;14;2021-06-07;91644
2021-06-06;"Nitriansky kraj";0;6981;4;6985;NA;141108;4;2021-06-06;91630
2021-06-05;"Nitriansky kraj";6;8529;9;8538;NA;141108;15;2021-06-05;91626
2021-06-04;"Nitriansky kraj";9;7639;5;7644;NA;141108;14;2021-06-04;91611
2021-06-03;"Nitriansky kraj";2;5064;6;5070;NA;141108;8;2021-06-03;91597
2021-06-02;"Nitriansky kraj";11;5119;11;5130;NA;141108;22;2021-06-02;91589
2021-06-01;"Nitriansky kraj";3;4847;2;4849;NA;141108;5;2021-06-01;91567
2021-05-31;"Nitriansky kraj";8;8933;8;8941;NA;141108;16;2021-05-31;91562
2021-05-30;"Nitriansky kraj";1;9067;8;9075;NA;141108;9;2021-05-30;91546
2021-05-29;"Nitriansky kraj";2;12799;7;12806;NA;141108;9;2021-05-29;91537
2021-05-28;"Nitriansky kraj";10;8872;6;8878;NA;141108;16;2021-05-28;91528
2021-05-27;"Nitriansky kraj";4;6164;5;6169;NA;141108;9;2021-05-27;91512
2021-05-26;"Nitriansky kraj";11;8509;10;8519;NA;141108;21;2021-05-26;91503
2021-05-25;"Nitriansky kraj";15;7342;8;7350;NA;141108;23;2021-05-25;91482
2021-05-24;"Nitriansky kraj";14;9816;17;9833;NA;141108;31;2021-05-24;91459
2021-05-23;"Nitriansky kraj";1;9456;13;9469;NA;141108;14;2021-05-23;91428
2021-05-22;"Nitriansky kraj";7;16939;11;16950;NA;141108;18;2021-05-22;91414
2021-05-21;"Nitriansky kraj";18;10632;15;10647;NA;141108;33;2021-05-21;91396
2021-05-20;"Nitriansky kraj";8;7185;7;7192;NA;141108;15;2021-05-20;91363
2021-05-19;"Nitriansky kraj";20;6787;14;6801;NA;141108;34;2021-05-19;91348
2021-05-18;"Nitriansky kraj";23;7791;18;7809;NA;141108;41;2021-05-18;91314
2021-05-17;"Nitriansky kraj";22;9774;20;9794;NA;141108;42;2021-05-17;91273
2021-05-16;"Nitriansky kraj";4;13830;15;13845;NA;141108;19;2021-05-16;91231
2021-05-15;"Nitriansky kraj";5;25389;23;25412;NA;141108;28;2021-05-15;91212
2021-05-14;"Nitriansky kraj";18;13385;23;13408;NA;141108;41;2021-05-14;91184
2021-05-13;"Nitriansky kraj";24;8289;19;8308;NA;141108;43;2021-05-13;91143
2021-05-12;"Nitriansky kraj";10;7682;26;7708;NA;141108;36;2021-05-12;91100
2021-05-11;"Nitriansky kraj";36;8163;13;8176;NA;141108;49;2021-05-11;91064
2021-05-10;"Nitriansky kraj";16;13800;42;13842;NA;141108;58;2021-05-10;91015
2021-05-09;"Nitriansky kraj";8;21879;35;21914;NA;141108;43;2021-05-09;90957
2021-05-08;"Nitriansky kraj";0;24318;29;24347;NA;141108;29;2021-05-08;90914
2021-05-07;"Nitriansky kraj";32;14915;20;14935;NA;141108;52;2021-05-07;90885
2021-05-06;"Nitriansky kraj";30;9463;20;9483;NA;141108;50;2021-05-06;90833
2021-05-05;"Nitriansky kraj";19;8527;23;8550;NA;141108;42;2021-05-05;90783
2021-05-04;"Nitriansky kraj";46;9380;27;9407;NA;141108;73;2021-05-04;90741
2021-05-03;"Nitriansky kraj";32;14490;44;14534;NA;141108;76;2021-05-03;90668
2021-05-02;"Nitriansky kraj";4;31751;46;31797;NA;141108;50;2021-05-02;90592
2021-05-01;"Nitriansky kraj";23;60451;43;60494;NA;141108;66;2021-05-01;90542
2021-04-30;"Nitriansky kraj";28;31803;53;31856;NA;141108;81;2021-04-30;90476
2021-04-29;"Nitriansky kraj";27;14265;34;14299;NA;141108;61;2021-04-29;90395
2021-04-28;"Nitriansky kraj";36;14716;45;14761;NA;141108;81;2021-04-28;90334
2021-04-27;"Nitriansky kraj";51;13154;35;13189;NA;141108;86;2021-04-27;90253
2021-04-26;"Nitriansky kraj";38;21029;44;21073;NA;141108;82;2021-04-26;90167
2021-04-25;"Nitriansky kraj";7;44312;46;44358;NA;141108;53;2021-04-25;90085
2021-04-24;"Nitriansky kraj";23;93455;72;93527;NA;141108;95;2021-04-24;90032
2021-04-23;"Nitriansky kraj";54;35145;51;35196;NA;141108;105;2021-04-23;89937
2021-04-22;"Nitriansky kraj";32;15435;44;15479;NA;141108;76;2021-04-22;89832
2021-04-21;"Nitriansky kraj";38;14228;45;14273;NA;141108;83;2021-04-21;89756
2021-04-20;"Nitriansky kraj";67;16058;51;16109;NA;141108;118;2021-04-20;89673
2021-04-19;"Nitriansky kraj";35;24819;59;24878;NA;141108;94;2021-04-19;89555
2021-04-18;"Nitriansky kraj";0;39569;27;39596;NA;141108;27;2021-04-18;89461
2021-04-17;"Nitriansky kraj";34;92102;82;92184;NA;141108;116;2021-04-17;89434
2021-04-16;"Nitriansky kraj";46;32348;37;32385;NA;141108;83;2021-04-16;89318
2021-04-15;"Nitriansky kraj";75;16215;52;16267;NA;141108;127;2021-04-15;89235
2021-04-14;"Nitriansky kraj";43;15303;42;15345;NA;141108;85;2021-04-14;89108
2021-04-13;"Nitriansky kraj";110;15104;44;15148;NA;141108;154;2021-04-13;89023
2021-04-12;"Nitriansky kraj";29;22817;50;22867;NA;141108;79;2021-04-12;88869
2021-04-11;"Nitriansky kraj";1;37537;31;37568;NA;141108;32;2021-04-11;88790
2021-04-10;"Nitriansky kraj";35;95851;115;95966;NA;141108;150;2021-04-10;88758
2021-04-09;"Nitriansky kraj";69;30669;58;30727;NA;141108;127;2021-04-09;88608
2021-04-08;"Nitriansky kraj";71;15361;36;15397;NA;141108;107;2021-04-08;88481
2021-04-07;"Nitriansky kraj";64;18541;47;18588;NA;141108;111;2021-04-07;88374
2021-04-06;"Nitriansky kraj";65;33218;112;33330;NA;141108;177;2021-04-06;88263
2021-04-05;"Nitriansky kraj";37;12673;48;12721;NA;141108;85;2021-04-05;88086
2021-04-04;"Nitriansky kraj";5;17887;35;17922;NA;141108;40;2021-04-04;88001
2021-04-03;"Nitriansky kraj";26;85465;153;85618;NA;141108;179;2021-04-03;87961
2021-04-02;"Nitriansky kraj";32;18743;46;18789;NA;141108;78;2021-04-02;87782
2021-04-01;"Nitriansky kraj";63;24610;83;24693;NA;141108;146;2021-04-01;87704
2021-03-31;"Nitriansky kraj";73;21752;94;21846;NA;141108;167;2021-03-31;87558
2021-03-30;"Nitriansky kraj";125;17122;83;17205;NA;141108;208;2021-03-30;87391
2021-03-29;"Nitriansky kraj";81;25139;100;25239;NA;141108;181;2021-03-29;87183
2021-03-28;"Nitriansky kraj";6;45581;106;45687;NA;141108;112;2021-03-28;87002
2021-03-27;"Nitriansky kraj";39;104104;174;104278;NA;141108;213;2021-03-27;86890
2021-03-26;"Nitriansky kraj";90;40444;115;40559;NA;141108;205;2021-03-26;86677
2021-03-25;"Nitriansky kraj";95;19219;94;19313;NA;141108;189;2021-03-25;86472
2021-03-24;"Nitriansky kraj";90;14787;91;14878;NA;141108;181;2021-03-24;86283
2021-03-23;"Nitriansky kraj";167;16753;66;16819;NA;141108;233;2021-03-23;86102
2021-03-22;"Nitriansky kraj";101;24886;125;25011;NA;141108;226;2021-03-22;85869
2021-03-21;"Nitriansky kraj";27;42773;99;42872;NA;141108;126;2021-03-21;85643
2021-03-20;"Nitriansky kraj";36;100640;207;100847;NA;141108;243;2021-03-20;85517
2021-03-19;"Nitriansky kraj";76;37312;102;37414;NA;141108;178;2021-03-19;85274
2021-03-18;"Nitriansky kraj";103;20051;113;20164;NA;141108;216;2021-03-18;85096
2021-03-17;"Nitriansky kraj";87;15839;127;15966;NA;141108;214;2021-03-17;84880
2021-03-16;"Nitriansky kraj";172;18085;121;18206;NA;141108;293;2021-03-16;84666
2021-03-15;"Nitriansky kraj";130;24481;165;24646;NA;141108;295;2021-03-15;84373
2021-03-14;"Nitriansky kraj";3;45770;107;45877;NA;141108;110;2021-03-14;84078
2021-03-13;"Nitriansky kraj";65;112573;242;112815;NA;141108;307;2021-03-13;83968
2021-03-12;"Nitriansky kraj";127;40777;159;40936;NA;141108;286;2021-03-12;83661
2021-03-11;"Nitriansky kraj";131;18686;130;18816;NA;141108;261;2021-03-11;83375
2021-03-10;"Nitriansky kraj";96;17422;143;17565;NA;141108;239;2021-03-10;83114
2021-03-09;"Nitriansky kraj";260;17635;149;17784;NA;141108;409;2021-03-09;82875
2021-03-08;"Nitriansky kraj";145;27214;172;27386;NA;141108;317;2021-03-08;82466
2021-03-07;"Nitriansky kraj";48;46867;185;47052;NA;141108;233;2021-03-07;82149
2021-03-06;"Nitriansky kraj";86;112027;327;112354;NA;141108;413;2021-03-06;81916
2021-03-05;"Nitriansky kraj";133;39068;200;39268;NA;141108;333;2021-03-05;81503
2021-03-04;"Nitriansky kraj";176;18340;173;18513;NA;141108;349;2021-03-04;81170
2021-03-03;"Nitriansky kraj";172;17210;177;17387;NA;141108;349;2021-03-03;80821
2021-03-02;"Nitriansky kraj";274;21003;366;21369;NA;141108;640;2021-03-02;80472
2021-03-01;"Nitriansky kraj";133;27881;279;28160;NA;141108;412;2021-03-01;79832
2021-02-28;"Nitriansky kraj";80;40866;218;41084;NA;141108;298;2021-02-28;79420
2021-02-27;"Nitriansky kraj";101;106352;496;106848;NA;141108;597;2021-02-27;79122
2021-02-26;"Nitriansky kraj";109;36788;308;37096;NA;141108;417;2021-02-26;78525
2021-02-25;"Nitriansky kraj";188;15243;212;15455;NA;141108;400;2021-02-25;78108
2021-02-24;"Nitriansky kraj";125;13833;260;14093;NA;141108;385;2021-02-24;77708
2021-02-23;"Nitriansky kraj";273;15402;273;15675;NA;141108;546;2021-02-23;77323
2021-02-22;"Nitriansky kraj";154;26478;330;26808;NA;141108;484;2021-02-22;76777
2021-02-21;"Nitriansky kraj";22;43664;320;43984;NA;141108;342;2021-02-21;76293
2021-02-20;"Nitriansky kraj";128;109038;586;109624;NA;141108;714;2021-02-20;75951
2021-02-19;"Nitriansky kraj";173;36849;328;37177;NA;141108;501;2021-02-19;75237
2021-02-18;"Nitriansky kraj";202;17045;275;17320;NA;141108;477;2021-02-18;74736
2021-02-17;"Nitriansky kraj";198;12080;310;12390;NA;141108;508;2021-02-17;74259
2021-02-16;"Nitriansky kraj";284;16066;288;16354;NA;141108;572;2021-02-16;73751
2021-02-15;"Nitriansky kraj";122;28636;474;29110;NA;141108;596;2021-02-15;73179
2021-02-14;"Nitriansky kraj";8;49392;315;49707;NA;141108;323;2021-02-14;72583
2021-02-13;"Nitriansky kraj";127;110294;690;110984;NA;141108;817;2021-02-13;72260
2021-02-12;"Nitriansky kraj";162;33405;407;33812;NA;141108;569;2021-02-12;71443
2021-02-11;"Nitriansky kraj";195;12406;270;12676;NA;141108;465;2021-02-11;70874
2021-02-10;"Nitriansky kraj";186;17770;644;18414;NA;141108;830;2021-02-10;70409
2021-02-09;"Nitriansky kraj";260;18530;385;18915;NA;141108;645;2021-02-09;69579
2021-02-08;"Nitriansky kraj";177;37530;569;38099;NA;141108;746;2021-02-08;68934
2021-02-07;"Nitriansky kraj";20;52307;513;52820;NA;141108;533;2021-02-07;68188
2021-02-06;"Nitriansky kraj";129;101439;764;102203;NA;141108;893;2021-02-06;67655
2021-02-05;"Nitriansky kraj";244;26137;491;26628;NA;141108;735;2021-02-05;66762
2021-02-04;"Nitriansky kraj";308;15681;512;16193;NA;141108;820;2021-02-04;66027
2021-02-03;"Nitriansky kraj";191;13459;382;13841;NA;141108;573;2021-02-03;65207
2021-02-02;"Nitriansky kraj";327;17880;382;18262;NA;141108;709;2021-02-02;64634
2021-02-01;"Nitriansky kraj";221;24002;460;24462;NA;141108;681;2021-02-01;63925
2021-01-31;"Nitriansky kraj";9;46215;507;46722;NA;141108;516;2021-01-31;63244
2021-01-30;"Nitriansky kraj";152;99241;1090;100331;NA;141108;1242;2021-01-30;62728
2021-01-29;"Nitriansky kraj";302;22461;477;22938;NA;141108;779;2021-01-29;61486
2021-01-28;"Nitriansky kraj";269;11370;398;11768;NA;141108;667;2021-01-28;60707
2021-01-27;"Nitriansky kraj";235;6758;299;7057;NA;141108;534;2021-01-27;60040
2021-01-26;"Nitriansky kraj";345;16015;454;16469;NA;141108;799;2021-01-26;59506
2021-01-25;"Nitriansky kraj";201;21909;434;22343;NA;141108;635;2021-01-25;58707
2021-01-24;"Nitriansky kraj";12;79041;897;79938;NA;141108;909;2021-01-24;58072
2021-01-23;"Nitriansky kraj";277;97845;1446;99291;NA;141108;1723;2021-01-23;57163
2021-01-22;"Nitriansky kraj";139;35924;619;36543;NA;141108;758;2021-01-22;55440
2021-01-21;"Nitriansky kraj";305;14649;412;15061;NA;141108;717;2021-01-21;54682
2021-01-20;"Nitriansky kraj";326;11991;625;12616;NA;141108;951;2021-01-20;53965
2021-01-19;"Nitriansky kraj";344;11015;633;11648;NA;141108;977;2021-01-19;53014
2021-01-18;"Nitriansky kraj";367;8901;519;9420;NA;141108;886;2021-01-18;52037
2021-01-17;"Nitriansky kraj";97;15061;275;15336;NA;141108;372;2021-01-17;51151
2021-01-16;"Nitriansky kraj";64;36838;679;37517;NA;141108;743;2021-01-16;50779
2021-01-15;"Nitriansky kraj";373;15940;474;16414;NA;141108;847;2021-01-15;50036
2021-01-14;"Nitriansky kraj";627;10577;452;11029;NA;141108;1079;2021-01-14;49189
2021-01-13;"Nitriansky kraj";663;9234;484;9718;NA;141108;1147;2021-01-13;48110
2021-01-12;"Nitriansky kraj";642;8805;545;9350;NA;141108;1187;2021-01-12;46963
2021-01-11;"Nitriansky kraj";422;8347;513;8860;NA;141108;935;2021-01-11;45776
2021-01-10;"Nitriansky kraj";44;19841;730;20571;NA;141108;774;2021-01-10;44841
2021-01-09;"Nitriansky kraj";532;36823;1071;37894;NA;141108;1603;2021-01-09;44067
2021-01-08;"Nitriansky kraj";817;14001;691;14692;NA;141108;1508;2021-01-08;42464
2021-01-07;"Nitriansky kraj";438;10121;795;10916;NA;141108;1233;2021-01-07;40956
2021-01-06;"Nitriansky kraj";259;3192;197;3389;NA;141108;456;2021-01-06;39723
2021-01-05;"Nitriansky kraj";732;8918;1208;10126;NA;141108;1940;2021-01-05;39267
2021-01-04;"Nitriansky kraj";362;8375;1287;9662;NA;141108;1649;2021-01-04;37327
2021-01-03;"Nitriansky kraj";42;84;20;104;NA;141108;62;2021-01-03;35678
2021-01-02;"Nitriansky kraj";249;1090;26;1116;NA;141108;275;2021-01-02;35616
2021-01-01;"Nitriansky kraj";119;781;95;876;NA;141108;214;2021-01-01;35341
2020-12-31;"Nitriansky kraj";786;7646;962;8608;NA;141108;1748;2020-12-31;35127
2020-12-30;"Nitriansky kraj";1094;9619;1165;10784;NA;141108;2259;2020-12-30;33379
2020-12-29;"Nitriansky kraj";607;8028;1245;9273;NA;141108;1852;2020-12-29;31120
2020-12-28;"Nitriansky kraj";83;6804;1220;8024;NA;141108;1303;2020-12-28;29268
2020-12-27;"Nitriansky kraj";22;60;8;68;NA;141108;30;2020-12-27;27965
2020-12-26;"Nitriansky kraj";54;297;56;353;NA;141108;110;2020-12-26;27935
2020-12-25;"Nitriansky kraj";35;60;11;71;NA;141108;46;2020-12-25;27825
2020-12-24;"Nitriansky kraj";514;1861;176;2037;NA;141108;690;2020-12-24;27779
2020-12-23;"Nitriansky kraj";349;14679;782;15461;NA;141108;1131;2020-12-23;27089
2020-12-22;"Nitriansky kraj";673;10623;949;11572;NA;141108;1622;2020-12-22;25958
2020-12-21;"Nitriansky kraj";128;7587;931;8518;NA;141108;1059;2020-12-21;24336
2020-12-20;"Nitriansky kraj";77;50;10;60;NA;141108;87;2020-12-20;23277
2020-12-19;"Nitriansky kraj";262;2259;159;2418;NA;141108;421;2020-12-19;23190
2020-12-18;"Nitriansky kraj";512;7946;518;8464;NA;141108;1030;2020-12-18;22769
2020-12-17;"Nitriansky kraj";586;6519;486;7005;NA;141108;1072;2020-12-17;21739
2020-12-16;"Nitriansky kraj";357;8097;500;8597;NA;141108;857;2020-12-16;20667
2020-12-15;"Nitriansky kraj";461;9084;750;9834;NA;141108;1211;2020-12-15;19810
2020-12-14;"Nitriansky kraj";217;7816;797;8613;NA;141108;1014;2020-12-14;18599
2020-12-13;"Nitriansky kraj";12;69;6;75;NA;141108;18;2020-12-13;17585
2020-12-12;"Nitriansky kraj";341;1832;125;1957;NA;141108;466;2020-12-12;17567
2020-12-11;"Nitriansky kraj";409;5117;384;5501;NA;141108;793;2020-12-11;17101
2020-12-10;"Nitriansky kraj";360;5239;345;5584;NA;141108;705;2020-12-10;16308
2020-12-09;"Nitriansky kraj";362;5494;529;6023;NA;141108;891;2020-12-09;15603
2020-12-08;"Nitriansky kraj";340;8168;548;8716;NA;141108;888;2020-12-08;14712
2020-12-07;"Nitriansky kraj";139;6243;573;6816;NA;141108;712;2020-12-07;13824
2020-12-06;"Nitriansky kraj";15;89;4;93;NA;141108;19;2020-12-06;13112
2020-12-05;"Nitriansky kraj";136;1388;19;1407;NA;141108;155;2020-12-05;13093
2020-12-04;"Nitriansky kraj";232;2884;74;2958;NA;141108;306;2020-12-04;12938
2020-12-03;"Nitriansky kraj";248;2471;110;2581;NA;141108;358;2020-12-03;12632
2020-12-02;"Nitriansky kraj";252;2580;151;2731;NA;141108;403;2020-12-02;12274
2020-12-01;"Nitriansky kraj";331;2891;131;3022;NA;141108;462;2020-12-01;11871
2020-11-30;"Nitriansky kraj";91;4228;188;4416;NA;141108;279;2020-11-30;11409
2020-11-29;"Nitriansky kraj";3;634;42;676;NA;141108;45;2020-11-29;11130
2020-11-28;"Nitriansky kraj";135;892;31;923;NA;141108;166;2020-11-28;11085
2020-11-27;"Nitriansky kraj";177;2069;73;2142;NA;141108;250;2020-11-27;10919
2020-11-26;"Nitriansky kraj";191;2813;80;2893;NA;141108;271;2020-11-26;10669
2020-11-25;"Nitriansky kraj";325;2478;91;2569;NA;141108;416;2020-11-25;10398
2020-11-24;"Nitriansky kraj";147;1641;64;1705;NA;141108;211;2020-11-24;9982
2020-11-23;"Nitriansky kraj";102;9891;212;10103;NA;141108;314;2020-11-23;9771
2020-11-22;"Nitriansky kraj";7;1176;25;1201;NA;141108;32;2020-11-22;9457
2020-11-21;"Nitriansky kraj";86;1083;38;1121;NA;141108;124;2020-11-21;9425
2020-11-20;"Nitriansky kraj";264;4180;103;4283;NA;141108;367;2020-11-20;9301
2020-11-19;"Nitriansky kraj";185;3065;134;3199;NA;141108;319;2020-11-19;8934
2020-11-18;"Nitriansky kraj";188;2214;79;2293;NA;141108;267;2020-11-18;8615
2020-11-17;"Nitriansky kraj";178;596;29;625;NA;141108;207;2020-11-17;8348
2020-11-16;"Nitriansky kraj";139;1877;75;1952;NA;141108;214;2020-11-16;8141
2020-11-15;"Nitriansky kraj";14;180;5;185;NA;141108;19;2020-11-15;7927
2020-11-14;"Nitriansky kraj";114;1131;32;1163;NA;141108;146;2020-11-14;7908
2020-11-13;"Nitriansky kraj";210;936;46;982;NA;141108;256;2020-11-13;7762
2020-11-12;"Nitriansky kraj";256;1195;35;1230;NA;141108;291;2020-11-12;7506
2020-11-11;"Nitriansky kraj";279;1247;22;1269;NA;141108;301;2020-11-11;7215
2020-11-10;"Nitriansky kraj";192;2623;39;2662;NA;141108;231;2020-11-10;6914
2020-11-09;"Nitriansky kraj";128;3136;43;3179;NA;141108;171;2020-11-09;6683
2020-11-08;"Nitriansky kraj";43;1462;32;1494;NA;141108;75;2020-11-08;6512
2020-11-07;"Nitriansky kraj";130;1046;4;1050;NA;141108;134;2020-11-07;6437
2020-11-06;"Nitriansky kraj";210;2264;32;2296;NA;141108;242;2020-11-06;6303
2020-11-05;"Nitriansky kraj";178;313;14;327;NA;141108;192;2020-11-05;6061
2020-11-04;"Nitriansky kraj";211;297;16;313;NA;141108;227;2020-11-04;5869
2020-11-03;"Nitriansky kraj";216;435;25;460;NA;141108;241;2020-11-03;5642
2020-11-02;"Nitriansky kraj";171;4208;46;4254;NA;141108;217;2020-11-02;5401
2020-11-01;"Nitriansky kraj";130;2546;27;2573;NA;141108;157;2020-11-01;5184
2020-10-31;"Nitriansky kraj";261;10466;134;10600;NA;141108;395;2020-10-31;5027
2020-10-30;"Nitriansky kraj";204;2593;42;2635;NA;141108;246;2020-10-30;4632
2020-10-29;"Nitriansky kraj";293;841;39;880;NA;141108;332;2020-10-29;4386
2020-10-28;"Nitriansky kraj";216;608;59;667;NA;141108;275;2020-10-28;4054
2020-10-27;"Nitriansky kraj";296;550;47;597;NA;141108;343;2020-10-27;3779
2020-10-26;"Nitriansky kraj";69;633;56;689;NA;141108;125;2020-10-26;3436
2020-10-25;"Nitriansky kraj";50;62;8;70;NA;141108;58;2020-10-25;3311
2020-10-24;"Nitriansky kraj";169;237;11;248;NA;141108;180;2020-10-24;3253
2020-10-23;"Nitriansky kraj";282;762;41;803;NA;141108;323;2020-10-23;3073
2020-10-22;"Nitriansky kraj";137;444;39;483;NA;141108;176;2020-10-22;2750
2020-10-21;"Nitriansky kraj";146;208;3;211;NA;141108;149;2020-10-21;2574
2020-10-20;"Nitriansky kraj";197;78;6;84;NA;141108;203;2020-10-20;2425
2020-10-19;"Nitriansky kraj";148;79;1;80;NA;141108;149;2020-10-19;2222
2020-10-18;"Nitriansky kraj";22;0;0;0;NA;141108;22;2020-10-18;2073
2020-10-17;"Nitriansky kraj";67;0;0;0;NA;141108;67;2020-10-17;2051
2020-10-16;"Nitriansky kraj";133;28;3;31;NA;141108;136;2020-10-16;1984
2020-10-15;"Nitriansky kraj";106;31;2;33;NA;141108;108;2020-10-15;1848
2020-10-14;"Nitriansky kraj";80;22;4;26;NA;141108;84;2020-10-14;1740
2020-10-13;"Nitriansky kraj";101;82;2;84;NA;141108;103;2020-10-13;1656
2020-10-12;"Nitriansky kraj";36;0;0;0;NA;141108;36;2020-10-12;1553
2020-10-11;"Nitriansky kraj";8;0;0;0;NA;141108;8;2020-10-11;1517
2020-10-10;"Nitriansky kraj";107;0;0;0;NA;141108;107;2020-10-10;1509
2020-10-09;"Nitriansky kraj";120;0;0;0;NA;141108;120;2020-10-09;1402
2020-10-08;"Nitriansky kraj";132;0;0;0;NA;141108;132;2020-10-08;1282
2020-10-07;"Nitriansky kraj";81;0;0;0;NA;141108;81;2020-10-07;1150
2020-10-06;"Nitriansky kraj";48;0;0;0;NA;141108;48;2020-10-06;1069
2020-10-05;"Nitriansky kraj";20;0;0;0;NA;141108;20;2020-10-05;1021
2020-10-04;"Nitriansky kraj";17;0;0;0;NA;141108;17;2020-10-04;1001
2020-10-03;"Nitriansky kraj";96;0;0;0;NA;141108;96;2020-10-03;984
2020-10-02;"Nitriansky kraj";108;0;0;0;NA;141108;108;2020-10-02;888
2020-10-01;"Nitriansky kraj";95;0;0;0;NA;141108;95;2020-10-01;780
2020-09-30;"Nitriansky kraj";100;0;0;0;NA;141108;100;2020-09-30;685
2020-09-29;"Nitriansky kraj";50;0;0;0;NA;141108;50;2020-09-29;585
2020-09-28;"Nitriansky kraj";22;0;0;0;NA;141108;22;2020-09-28;535
2020-09-27;"Nitriansky kraj";16;0;0;0;NA;141108;16;2020-09-27;513
2020-09-26;"Nitriansky kraj";64;0;0;0;NA;141108;64;2020-09-26;497
2020-09-25;"Nitriansky kraj";90;0;0;0;NA;141108;90;2020-09-25;433
2020-09-24;"Nitriansky kraj";51;0;0;0;NA;141108;51;2020-09-24;343
2020-09-23;"Nitriansky kraj";70;0;0;0;NA;141108;70;2020-09-23;292
2020-09-22;"Nitriansky kraj";18;0;0;0;NA;141108;18;2020-09-22;222
2020-09-21;"Nitriansky kraj";10;0;0;0;NA;141108;10;2020-09-21;204
2020-09-20;"Nitriansky kraj";4;0;0;0;NA;141108;4;2020-09-20;194
2020-09-19;"Nitriansky kraj";14;0;0;0;NA;141108;14;2020-09-19;190
2020-09-18;"Nitriansky kraj";19;0;0;0;NA;141108;19;2020-09-18;176
2020-09-17;"Nitriansky kraj";30;0;0;0;NA;141108;30;2020-09-17;157
2020-09-16;"Nitriansky kraj";6;0;0;0;NA;141108;6;2020-09-16;127
2020-09-15;"Nitriansky kraj";19;0;0;0;NA;141108;19;2020-09-15;121
2020-09-14;"Nitriansky kraj";28;0;0;0;NA;141108;28;2020-09-14;102
2020-09-13;"Nitriansky kraj";3;0;0;0;NA;141108;3;2020-09-13;74
2020-09-12;"Nitriansky kraj";12;0;0;0;NA;141108;12;2020-09-12;71
2020-09-11;"Nitriansky kraj";23;0;0;0;NA;141108;23;2020-09-11;59
2020-09-10;"Nitriansky kraj";29;0;0;0;NA;141108;29;2020-09-10;36
2020-09-09;"Nitriansky kraj";19;0;0;0;NA;141108;19;2020-09-09;7
2020-09-08;"Nitriansky kraj";17;0;0;0;NA;141108;17;2020-09-08;-12
2020-09-07;"Nitriansky kraj";17;0;0;0;NA;141108;17;2020-09-07;-29
2020-09-06;"Nitriansky kraj";0;0;0;0;NA;141108;0;2020-09-06;-46
2020-09-05;"Nitriansky kraj";22;0;0;0;NA;141108;22;2020-09-05;-46
2020-09-04;"Nitriansky kraj";34;0;0;0;NA;141108;34;2020-09-04;-68
2020-09-03;"Nitriansky kraj";15;0;0;0;NA;141108;15;2020-09-03;-102
2020-09-02;"Nitriansky kraj";15;0;0;0;NA;141108;15;2020-09-02;-117
2020-09-01;"Nitriansky kraj";2;0;0;0;NA;141108;2;2020-09-01;-132
2020-08-31;"Nitriansky kraj";12;0;0;0;NA;141108;12;2020-08-31;-134
2020-08-30;"Nitriansky kraj";1;0;0;0;NA;141108;1;2020-08-30;-146
2020-08-29;"Nitriansky kraj";7;46;0;46;NA;141108;7;2020-08-29;-147
2020-08-28;"Nitriansky kraj";12;0;0;0;NA;141108;12;2020-08-28;-154
2020-08-27;"Nitriansky kraj";12;0;0;0;NA;141108;12;2020-08-27;-166
2020-08-26;"Nitriansky kraj";4;0;0;0;NA;141108;4;2020-08-26;-178
2020-08-25;"Nitriansky kraj";8;0;0;0;NA;141108;8;2020-08-25;-182
2020-08-24;"Nitriansky kraj";1;0;0;0;NA;141108;1;2020-08-24;-190
2020-08-23;"Nitriansky kraj";1;0;0;0;NA;141108;1;2020-08-23;-191
2020-08-22;"Nitriansky kraj";2;0;0;0;NA;141108;2;2020-08-22;-192
2020-08-21;"Nitriansky kraj";0;0;0;0;NA;141108;0;2020-08-21;-194
2020-08-20;"Nitriansky kraj";7;0;0;0;NA;141108;7;2020-08-20;-194
2020-08-19;"Nitriansky kraj";1;0;0;0;NA;141108;1;2020-08-19;-201
2020-08-18;"Nitriansky kraj";2;0;0;0;NA;141108;2;2020-08-18;-202
2020-08-17;"Nitriansky kraj";1;0;0;0;NA;141108;1;2020-08-17;-204
2020-08-16;"Nitriansky kraj";0;0;0;0;NA;141108;0;2020-08-16;-205
2020-08-15;"Nitriansky kraj";2;0;0;0;NA;141108;2;2020-08-15;-205
2020-08-14;"Nitriansky kraj";1;0;0;0;NA;141108;1;2020-08-14;-207
2020-08-13;"Nitriansky kraj";4;0;0;0;NA;141108;4;2020-08-13;-208
2020-08-12;"Nitriansky kraj";0;0;0;0;NA;141108;0;2020-08-12;-212
2020-08-11;"Nitriansky kraj";1;0;0;0;NA;141108;1;2020-08-11;-212
2020-08-10;"Nitriansky kraj";0;0;0;0;NA;141108;0;2020-08-10;-213
2020-08-09;"Nitriansky kraj";0;0;0;0;NA;141108;0;2020-08-09;-213
2020-08-08;"Nitriansky kraj";0;0;0;0;NA;141108;0;2020-08-08;-213
2020-08-07;"Nitriansky kraj";4;0;0;0;NA;141108;4;2020-08-07;-213
2020-08-06;"Nitriansky kraj";4;0;0;0;NA;141108;4;2020-08-06;-217
2020-08-05;"Nitriansky kraj";0;0;0;0;NA;141108;0;2020-08-05;-221
2020-08-04;"Nitriansky kraj";7;0;0;0;NA;141108;7;2020-08-04;-221
2020-08-03;"Nitriansky kraj";0;0;0;0;NA;141108;0;2020-08-03;-228
2020-08-02;"Nitriansky kraj";0;0;0;0;NA;141108;0;2020-08-02;-228
2020-08-01;"Nitriansky kraj";0;0;0;0;NA;141108;0;2020-08-01;-228
2020-07-31;"Nitriansky kraj";0;0;0;0;NA;141108;0;2020-07-31;-228
2020-07-30;"Nitriansky kraj";0;0;0;0;NA;141108;0;2020-07-30;-228
2020-07-29;"Nitriansky kraj";0;0;0;0;NA;141108;0;2020-07-29;-228
2020-07-28;"Nitriansky kraj";0;0;0;0;NA;141108;0;2020-07-28;-228
2020-07-27;"Nitriansky kraj";0;0;0;0;NA;141108;0;2020-07-27;-228
2020-07-26;"Nitriansky kraj";0;0;0;0;NA;141108;0;2020-07-26;-228
2020-07-25;"Nitriansky kraj";0;0;0;0;NA;141108;0;2020-07-25;-228
2020-07-24;"Nitriansky kraj";1;0;0;0;NA;141108;1;2020-07-24;-228
2020-07-23;"Nitriansky kraj";3;0;0;0;NA;141108;3;2020-07-23;-229
2020-07-22;"Nitriansky kraj";2;0;0;0;NA;141108;2;2020-07-22;-232
2020-07-21;"Nitriansky kraj";14;0;0;0;NA;141108;14;2020-07-21;-234
2020-07-20;"Nitriansky kraj";11;0;0;0;NA;141108;11;2020-07-20;-248
2020-07-19;"Nitriansky kraj";0;0;0;0;NA;141108;0;2020-07-19;-259
2020-07-18;"Nitriansky kraj";0;0;0;0;NA;141108;0;2020-07-18;-259
2020-07-17;"Nitriansky kraj";0;0;0;0;NA;141108;0;2020-07-17;-259
2020-07-16;"Nitriansky kraj";4;0;0;0;NA;141108;4;2020-07-16;-259
2020-07-15;"Nitriansky kraj";5;0;0;0;NA;141108;5;2020-07-15;-263
2020-07-14;"Nitriansky kraj";0;0;0;0;NA;141108;0;2020-07-14;-268
2020-07-13;"Nitriansky kraj";0;0;0;0;NA;141108;0;2020-07-13;-268
2020-07-12;"Nitriansky kraj";0;0;0;0;NA;141108;0;2020-07-12;-268
2020-07-11;"Nitriansky kraj";0;0;0;0;NA;141108;0;2020-07-11;-268
2020-07-10;"Nitriansky kraj";0;0;0;0;NA;141108;0;2020-07-10;-268
2020-07-09;"Nitriansky kraj";1;0;0;0;NA;141108;1;2020-07-09;-268
2020-07-08;"Nitriansky kraj";2;0;0;0;NA;141108;2;2020-07-08;-269
2020-07-07;"Nitriansky kraj";0;0;0;0;NA;141108;0;2020-07-07;-271
2020-07-06;"Nitriansky kraj";0;0;0;0;NA;141108;0;2020-07-06;-271
2020-07-05;"Nitriansky kraj";0;0;0;0;NA;141108;0;2020-07-05;-271
2020-07-04;"Nitriansky kraj";0;0;0;0;NA;141108;0;2020-07-04;-271
2020-07-03;"Nitriansky kraj";0;0;0;0;NA;141108;0;2020-07-03;-271
2020-07-02;"Nitriansky kraj";0;0;0;0;NA;141108;0;2020-07-02;-271
2020-07-01;"Nitriansky kraj";3;0;0;0;NA;141108;3;2020-07-01;-271
2020-06-30;"Nitriansky kraj";0;0;0;0;NA;141108;0;2020-06-30;-274
2020-06-29;"Nitriansky kraj";0;0;0;0;NA;141108;0;2020-06-29;-274
2020-06-28;"Nitriansky kraj";0;0;0;0;NA;141108;0;2020-06-28;-274
2020-06-27;"Nitriansky kraj";0;0;0;0;NA;141108;0;2020-06-27;-274
2020-06-26;"Nitriansky kraj";0;0;0;0;NA;141108;0;2020-06-26;-274
2020-06-25;"Nitriansky kraj";0;0;0;0;NA;141108;0;2020-06-25;-274
2020-06-24;"Nitriansky kraj";1;0;0;0;NA;141108;1;2020-06-24;-274
2020-06-23;"Nitriansky kraj";0;0;0;0;NA;141108;0;2020-06-23;-275
2020-06-22;"Nitriansky kraj";0;0;0;0;NA;141108;0;2020-06-22;-275
2020-06-21;"Nitriansky kraj";0;0;0;0;NA;141108;0;2020-06-21;-275
2020-06-20;"Nitriansky kraj";0;0;0;0;NA;141108;0;2020-06-20;-275
2020-06-19;"Nitriansky kraj";0;0;0;0;NA;141108;0;2020-06-19;-275
2020-06-18;"Nitriansky kraj";0;0;0;0;NA;141108;0;2020-06-18;-275
2020-06-17;"Nitriansky kraj";0;0;0;0;NA;141108;0;2020-06-17;-275
2020-06-16;"Nitriansky kraj";0;0;0;0;NA;141108;0;2020-06-16;-275
2020-06-14;"Nitriansky kraj";0;0;0;0;NA;141108;0;2020-06-14;-275
2020-06-13;"Nitriansky kraj";0;0;0;0;NA;141108;0;2020-06-13;-275
2020-06-12;"Nitriansky kraj";0;0;0;0;NA;141108;0;2020-06-12;-275
2020-06-11;"Nitriansky kraj";0;0;0;0;NA;141108;0;2020-06-11;-275
2020-06-10;"Nitriansky kraj";1;0;0;0;NA;141108;1;2020-06-10;-275
2020-06-09;"Nitriansky kraj";1;0;0;0;NA;141108;1;2020-06-09;-276
2020-06-08;"Nitriansky kraj";0;0;0;0;NA;141108;0;2020-06-08;-277
2020-06-07;"Nitriansky kraj";0;0;0;0;NA;141108;0;2020-06-07;-277
2020-06-05;"Nitriansky kraj";0;0;0;0;NA;141108;0;2020-06-05;-277
2020-06-03;"Nitriansky kraj";0;0;0;0;NA;141108;0;2020-06-03;-277
2020-06-02;"Nitriansky kraj";1;0;0;0;NA;141108;1;2020-06-02;-277
2020-05-31;"Nitriansky kraj";0;0;0;0;NA;141108;0;2020-05-31;-278
2020-05-29;"Nitriansky kraj";0;0;0;0;NA;141108;0;2020-05-29;-278
2020-05-27;"Nitriansky kraj";0;0;0;0;NA;141108;0;2020-05-27;-278
2020-05-26;"Nitriansky kraj";0;0;0;0;NA;141108;0;2020-05-26;-278
2020-05-25;"Nitriansky kraj";0;0;0;0;NA;141108;0;2020-05-25;-278
2020-05-24;"Nitriansky kraj";2;0;0;0;NA;141108;2;2020-05-24;-278
2020-05-23;"Nitriansky kraj";0;0;0;0;NA;141108;0;2020-05-23;-280
2020-05-22;"Nitriansky kraj";1;0;0;0;NA;141108;1;2020-05-22;-280
2020-05-21;"Nitriansky kraj";0;0;0;0;NA;141108;0;2020-05-21;-281
2020-05-20;"Nitriansky kraj";0;0;0;0;NA;141108;0;2020-05-20;-281
2020-05-19;"Nitriansky kraj";0;0;0;0;NA;141108;0;2020-05-19;-281
2020-05-17;"Nitriansky kraj";0;0;0;0;NA;141108;0;2020-05-17;-281
2020-05-16;"Nitriansky kraj";0;0;0;0;NA;141108;0;2020-05-16;-281
2020-05-15;"Nitriansky kraj";1;0;0;0;NA;141108;1;2020-05-15;-281
2020-05-14;"Nitriansky kraj";0;0;0;0;NA;141108;0;2020-05-14;-282
2020-05-13;"Nitriansky kraj";0;0;0;0;NA;141108;0;2020-05-13;-282
2020-05-12;"Nitriansky kraj";0;0;0;0;NA;141108;0;2020-05-12;-282
2020-05-11;"Nitriansky kraj";2;0;0;0;NA;141108;2;2020-05-11;-282
2020-05-09;"Nitriansky kraj";0;0;0;0;NA;141108;0;2020-05-09;-284
2020-05-07;"Nitriansky kraj";1;0;0;0;NA;141108;1;2020-05-07;-284
2020-05-06;"Nitriansky kraj";9;0;0;0;NA;141108;9;2020-05-06;-285
2020-05-05;"Nitriansky kraj";0;0;0;0;NA;141108;0;2020-05-05;-294
2020-05-04;"Nitriansky kraj";5;0;0;0;NA;141108;5;2020-05-04;-294
2020-05-03;"Nitriansky kraj";2;0;0;0;NA;141108;2;2020-05-03;-299
2020-05-02;"Nitriansky kraj";0;0;0;0;NA;141108;0;2020-05-02;-301
2020-05-01;"Nitriansky kraj";1;0;0;0;NA;141108;1;2020-05-01;-301
2020-04-30;"Nitriansky kraj";0;0;0;0;NA;141108;0;2020-04-30;-302
2020-04-29;"Nitriansky kraj";0;0;0;0;NA;141108;0;2020-04-29;-302
2020-04-28;"Nitriansky kraj";1;0;0;0;NA;141108;1;2020-04-28;-302
2020-04-27;"Nitriansky kraj";0;0;0;0;NA;141108;0;2020-04-27;-303
2020-04-26;"Nitriansky kraj";0;0;0;0;NA;141108;0;2020-04-26;-303
2020-04-25;"Nitriansky kraj";0;0;0;0;NA;141108;0;2020-04-25;-303
2020-04-24;"Nitriansky kraj";0;0;0;0;NA;141108;0;2020-04-24;-303
2020-04-23;"Nitriansky kraj";3;0;0;0;NA;141108;3;2020-04-23;-303
2020-04-22;"Nitriansky kraj";16;0;0;0;NA;141108;16;2020-04-22;-306
2020-04-21;"Nitriansky kraj";6;0;0;0;NA;141108;6;2020-04-21;-322
2020-04-20;"Nitriansky kraj";5;0;0;0;NA;141108;5;2020-04-20;-328
2020-04-19;"Nitriansky kraj";0;0;0;0;NA;141108;0;2020-04-19;-333
2020-04-18;"Nitriansky kraj";0;0;0;0;NA;141108;0;2020-04-18;-333
2020-04-17;"Nitriansky kraj";7;0;0;0;NA;141108;7;2020-04-17;-333
2020-04-16;"Nitriansky kraj";0;0;0;0;NA;141108;0;2020-04-16;-340
2020-04-15;"Nitriansky kraj";6;0;0;0;NA;141108;6;2020-04-15;-340
2020-04-14;"Nitriansky kraj";2;0;0;0;NA;141108;2;2020-04-14;-346
2020-04-13;"Nitriansky kraj";1;0;0;0;NA;141108;1;2020-04-13;-348
2020-04-12;"Nitriansky kraj";3;0;0;0;NA;141108;3;2020-04-12;-349
2020-04-11;"Nitriansky kraj";1;0;0;0;NA;141108;1;2020-04-11;-352
2020-04-10;"Nitriansky kraj";1;0;0;0;NA;141108;1;2020-04-10;-353
2020-04-09;"Nitriansky kraj";0;0;0;0;NA;141108;0;2020-04-09;-354
2020-04-08;"Nitriansky kraj";2;0;0;0;NA;141108;2;2020-04-08;-354
2020-04-07;"Nitriansky kraj";3;0;0;0;NA;141108;3;2020-04-07;-356
2020-04-06;"Nitriansky kraj";4;0;0;0;NA;141108;4;2020-04-06;-359
2020-04-05;"Nitriansky kraj";5;0;0;0;NA;141108;5;2020-04-05;-363
2020-04-04;"Nitriansky kraj";0;0;0;0;NA;141108;0;2020-04-04;-368
2020-04-03;"Nitriansky kraj";0;0;0;0;NA;141108;0;2020-04-03;-368
2020-04-02;"Nitriansky kraj";1;0;0;0;NA;141108;1;2020-04-02;-368
2020-04-01;"Nitriansky kraj";0;0;0;0;NA;141108;0;2020-04-01;-369
2020-03-31;"Nitriansky kraj";3;0;0;0;NA;141108;3;2020-03-31;-369
2020-03-30;"Nitriansky kraj";3;0;0;0;NA;141108;3;2020-03-30;-372
2020-03-29;"Nitriansky kraj";3;0;0;0;NA;141108;3;2020-03-29;-375
2020-03-28;"Nitriansky kraj";1;0;0;0;NA;141108;1;2020-03-28;-378
2020-03-27;"Nitriansky kraj";1;0;0;0;NA;141108;1;2020-03-27;-379
2020-03-26;"Nitriansky kraj";1;0;0;0;NA;141108;1;2020-03-26;-380
2020-03-25;"Nitriansky kraj";1;0;0;0;NA;141108;1;2020-03-25;-381
2020-03-24;"Nitriansky kraj";0;0;0;0;NA;141108;0;2020-03-24;-382
2020-03-23;"Nitriansky kraj";2;0;0;0;NA;141108;2;2020-03-23;-382
2020-03-22;"Nitriansky kraj";2;0;0;0;NA;141108;2;2020-03-22;-384
2020-03-21;"Nitriansky kraj";2;0;0;0;NA;141108;2;2020-03-21;-386
2020-03-20;"Nitriansky kraj";1;0;0;0;NA;141108;1;2020-03-20;-388
2020-03-19;"Nitriansky kraj";1;0;0;0;NA;141108;1;2020-03-19;-389
2020-03-18;"Nitriansky kraj";2;0;0;0;NA;141108;2;2020-03-18;-390
2020-03-17;"Nitriansky kraj";1;0;0;0;NA;141108;1;2020-03-17;-392
2020-03-16;"Nitriansky kraj";0;0;0;0;NA;141108;0;2020-03-16;-393
2020-03-15;"Nitriansky kraj";4;0;0;0;NA;141108;4;2020-03-15;-393
2020-03-14;"Nitriansky kraj";1;0;0;0;NA;141108;1;2020-03-14;-397
2020-03-13;"Nitriansky kraj";0;0;0;0;NA;141108;0;2020-03-13;-398
2020-03-12;"Nitriansky kraj";0;0;0;0;NA;141108;0;2020-03-12;-398
2020-03-11;"Nitriansky kraj";0;0;0;0;NA;141108;0;2020-03-11;-398
2020-03-09;"Nitriansky kraj";0;0;0;0;NA;141108;0;2020-03-09;-398
2020-03-08;"Nitriansky kraj";0;0;0;0;NA;141108;0;2020-03-08;-398
2020-03-07;"Nitriansky kraj";0;0;0;0;NA;141108;0;2020-03-07;-398
2020-03-06;"Nitriansky kraj";0;0;0;0;NA;141108;0;2020-03-06;-398
2021-12-22;"Prešovský kraj";234;0;0;0;129955;202604;234;2021-12-22;202604
2021-12-21;"Prešovský kraj";520;0;0;0;NA;202604;520;2021-12-21;202370
2021-12-20;"Prešovský kraj";371;0;0;0;NA;202604;371;2021-12-20;201850
2021-12-19;"Prešovský kraj";110;1762;46;1808;NA;202604;156;2021-12-19;201479
2021-12-18;"Prešovský kraj";313;1047;50;1097;NA;202604;363;2021-12-18;201323
2021-12-17;"Prešovský kraj";429;3449;79;3528;NA;202604;508;2021-12-17;200960
2021-12-16;"Prešovský kraj";401;4439;92;4531;NA;202604;493;2021-12-16;200452
2021-12-15;"Prešovský kraj";473;4485;79;4564;NA;202604;552;2021-12-15;199959
2021-12-14;"Prešovský kraj";662;5459;125;5584;NA;202604;787;2021-12-14;199407
2021-12-13;"Prešovský kraj";588;8034;175;8209;NA;202604;763;2021-12-13;198620
2021-12-12;"Prešovský kraj";160;3838;106;3944;NA;202604;266;2021-12-12;197857
2021-12-11;"Prešovský kraj";483;2028;90;2118;NA;202604;573;2021-12-11;197591
2021-12-10;"Prešovský kraj";649;5003;140;5143;NA;202604;789;2021-12-10;197018
2021-12-09;"Prešovský kraj";669;4668;135;4803;NA;202604;804;2021-12-09;196229
2021-12-08;"Prešovský kraj";944;4776;167;4943;NA;202604;1111;2021-12-08;195425
2021-12-07;"Prešovský kraj";1217;5819;187;6006;NA;202604;1404;2021-12-07;194314
2021-12-06;"Prešovský kraj";784;8577;247;8824;NA;202604;1031;2021-12-06;192910
2021-12-05;"Prešovský kraj";145;4422;133;4555;NA;202604;278;2021-12-05;191879
2021-12-04;"Prešovský kraj";1025;2286;127;2413;NA;202604;1152;2021-12-04;191601
2021-12-03;"Prešovský kraj";1040;5252;231;5483;NA;202604;1271;2021-12-03;190449
2021-12-02;"Prešovský kraj";2255;5280;183;5463;NA;202604;2438;2021-12-02;189178
2021-12-01;"Prešovský kraj";826;5263;238;5501;NA;202604;1064;2021-12-01;186740
2021-11-30;"Prešovský kraj";1123;6635;265;6900;NA;202604;1388;2021-11-30;185676
2021-11-29;"Prešovský kraj";583;11406;472;11878;NA;202604;1055;2021-11-29;184288
2021-11-28;"Prešovský kraj";919;5855;234;6089;NA;202604;1153;2021-11-28;183233
2021-11-27;"Prešovský kraj";884;2967;219;3186;NA;202604;1103;2021-11-27;182080
2021-11-26;"Prešovský kraj";1311;5873;328;6201;NA;202604;1639;2021-11-26;180977
2021-11-25;"Prešovský kraj";1285;5045;307;5352;NA;202604;1592;2021-11-25;179338
2021-11-24;"Prešovský kraj";1209;6110;356;6466;NA;202604;1565;2021-11-24;177746
2021-11-23;"Prešovský kraj";1099;6622;312;6934;NA;202604;1411;2021-11-23;176181
2021-11-22;"Prešovský kraj";905;8177;529;8706;NA;202604;1434;2021-11-22;174770
2021-11-21;"Prešovský kraj";950;3739;316;4055;NA;202604;1266;2021-11-21;173336
2021-11-20;"Prešovský kraj";1372;2180;222;2402;NA;202604;1594;2021-11-20;172070
2021-11-19;"Prešovský kraj";1629;5856;452;6308;NA;202604;2081;2021-11-19;170476
2021-11-18;"Prešovský kraj";823;6678;516;7194;NA;202604;1339;2021-11-18;168395
2021-11-17;"Prešovský kraj";1648;1325;144;1469;NA;202604;1792;2021-11-17;167056
2021-11-16;"Prešovský kraj";1346;5504;398;5902;NA;202604;1744;2021-11-16;165264
2021-11-15;"Prešovský kraj";897;7752;577;8329;NA;202604;1474;2021-11-15;163520
2021-11-14;"Prešovský kraj";603;3168;311;3479;NA;202604;914;2021-11-14;162046
2021-11-13;"Prešovský kraj";1255;2061;262;2323;NA;202604;1517;2021-11-13;161132
2021-11-12;"Prešovský kraj";1358;5216;370;5586;NA;202604;1728;2021-11-12;159615
2021-11-11;"Prešovský kraj";1218;5081;438;5519;NA;202604;1656;2021-11-11;157887
2021-11-10;"Prešovský kraj";1278;4950;379;5329;NA;202604;1657;2021-11-10;156231
2021-11-09;"Prešovský kraj";1038;5422;407;5829;NA;202604;1445;2021-11-09;154574
2021-11-08;"Prešovský kraj";1068;6965;574;7539;NA;202604;1642;2021-11-08;153129
2021-11-07;"Prešovský kraj";421;2500;242;2742;NA;202604;663;2021-11-07;151487
2021-11-06;"Prešovský kraj";1389;1896;234;2130;NA;202604;1623;2021-11-06;150824
2021-11-05;"Prešovský kraj";1080;4963;367;5330;NA;202604;1447;2021-11-05;149201
2021-11-04;"Prešovský kraj";1743;5143;322;5465;NA;202604;2065;2021-11-04;147754
2021-11-03;"Prešovský kraj";1326;5325;387;5712;NA;202604;1713;2021-11-03;145689
2021-11-02;"Prešovský kraj";1002;7435;536;7971;NA;202604;1538;2021-11-02;143976
2021-11-01;"Prešovský kraj";347;1395;131;1526;NA;202604;478;2021-11-01;142438
2021-10-31;"Prešovský kraj";447;2028;210;2238;NA;202604;657;2021-10-31;141960
2021-10-30;"Prešovský kraj";1148;1915;183;2098;NA;202604;1331;2021-10-30;141303
2021-10-29;"Prešovský kraj";1360;4439;253;4692;NA;202604;1613;2021-10-29;139972
2021-10-28;"Prešovský kraj";960;4491;300;4791;NA;202604;1260;2021-10-28;138359
2021-10-27;"Prešovský kraj";1444;4314;219;4533;NA;202604;1663;2021-10-27;137099
2021-10-26;"Prešovský kraj";940;5112;217;5329;NA;202604;1157;2021-10-26;135436
2021-10-25;"Prešovský kraj";673;6071;348;6419;NA;202604;1021;2021-10-25;134279
2021-10-24;"Prešovský kraj";110;2174;149;2323;NA;202604;259;2021-10-24;133258
2021-10-23;"Prešovský kraj";1145;1923;141;2064;NA;202604;1286;2021-10-23;132999
2021-10-22;"Prešovský kraj";792;4863;177;5040;NA;202604;969;2021-10-22;131713
2021-10-21;"Prešovský kraj";901;4724;191;4915;NA;202604;1092;2021-10-21;130744
2021-10-20;"Prešovský kraj";833;4193;195;4388;NA;202604;1028;2021-10-20;129652
2021-10-19;"Prešovský kraj";830;4720;175;4895;NA;202604;1005;2021-10-19;128624
2021-10-18;"Prešovský kraj";454;5743;240;5983;NA;202604;694;2021-10-18;127619
2021-10-17;"Prešovský kraj";181;2422;131;2553;NA;202604;312;2021-10-17;126925
2021-10-16;"Prešovský kraj";561;1912;94;2006;NA;202604;655;2021-10-16;126613
2021-10-15;"Prešovský kraj";533;4725;107;4832;NA;202604;640;2021-10-15;125958
2021-10-14;"Prešovský kraj";506;3928;85;4013;NA;202604;591;2021-10-14;125318
2021-10-13;"Prešovský kraj";549;3788;98;3886;NA;202604;647;2021-10-13;124727
2021-10-12;"Prešovský kraj";520;3961;101;4062;NA;202604;621;2021-10-12;124080
2021-10-11;"Prešovský kraj";433;5396;131;5527;NA;202604;564;2021-10-11;123459
2021-10-10;"Prešovský kraj";78;2087;63;2150;NA;202604;141;2021-10-10;122895
2021-10-09;"Prešovský kraj";311;2063;47;2110;NA;202604;358;2021-10-09;122754
2021-10-08;"Prešovský kraj";636;4909;94;5003;NA;202604;730;2021-10-08;122396
2021-10-07;"Prešovský kraj";487;3919;101;4020;NA;202604;588;2021-10-07;121666
2021-10-06;"Prešovský kraj";296;3838;104;3942;NA;202604;400;2021-10-06;121078
2021-10-05;"Prešovský kraj";430;4143;90;4233;NA;202604;520;2021-10-05;120678
2021-10-04;"Prešovský kraj";353;5564;125;5689;NA;202604;478;2021-10-04;120158
2021-10-03;"Prešovský kraj";19;2309;47;2356;NA;202604;66;2021-10-03;119680
2021-10-02;"Prešovský kraj";269;2234;58;2292;NA;202604;327;2021-10-02;119614
2021-10-01;"Prešovský kraj";325;4994;63;5057;NA;202604;388;2021-10-01;119287
2021-09-30;"Prešovský kraj";265;4029;83;4112;NA;202604;348;2021-09-30;118899
2021-09-29;"Prešovský kraj";381;3821;55;3876;NA;202604;436;2021-09-29;118551
2021-09-28;"Prešovský kraj";312;4705;69;4774;NA;202604;381;2021-09-28;118115
2021-09-27;"Prešovský kraj";257;5048;104;5152;NA;202604;361;2021-09-27;117734
2021-09-26;"Prešovský kraj";8;2411;67;2478;NA;202604;75;2021-09-26;117373
2021-09-25;"Prešovský kraj";134;2520;46;2566;NA;202604;180;2021-09-25;117298
2021-09-24;"Prešovský kraj";297;4811;61;4872;NA;202604;358;2021-09-24;117118
2021-09-23;"Prešovský kraj";109;4089;45;4134;NA;202604;154;2021-09-23;116760
2021-09-22;"Prešovský kraj";177;3825;41;3866;NA;202604;218;2021-09-22;116606
2021-09-21;"Prešovský kraj";219;5052;66;5118;NA;202604;285;2021-09-21;116388
2021-09-20;"Prešovský kraj";180;5175;68;5243;NA;202604;248;2021-09-20;116103
2021-09-19;"Prešovský kraj";7;2707;30;2737;NA;202604;37;2021-09-19;115855
2021-09-18;"Prešovský kraj";169;2397;37;2434;NA;202604;206;2021-09-18;115818
2021-09-17;"Prešovský kraj";157;4393;52;4445;NA;202604;209;2021-09-17;115612
2021-09-16;"Prešovský kraj";146;4361;71;4432;NA;202604;217;2021-09-16;115403
2021-09-15;"Prešovský kraj";68;695;19;714;NA;202604;87;2021-09-15;115186
2021-09-14;"Prešovský kraj";133;3364;38;3402;NA;202604;171;2021-09-14;115099
2021-09-13;"Prešovský kraj";105;4213;37;4250;NA;202604;142;2021-09-13;114928
2021-09-12;"Prešovský kraj";4;1772;29;1801;NA;202604;33;2021-09-12;114786
2021-09-11;"Prešovský kraj";65;1986;24;2010;NA;202604;89;2021-09-11;114753
2021-09-10;"Prešovský kraj";105;3241;30;3271;NA;202604;135;2021-09-10;114664
2021-09-09;"Prešovský kraj";29;3090;27;3117;NA;202604;56;2021-09-09;114529
2021-09-08;"Prešovský kraj";73;2444;20;2464;NA;202604;93;2021-09-08;114473
2021-09-07;"Prešovský kraj";82;2441;24;2465;NA;202604;106;2021-09-07;114380
2021-09-06;"Prešovský kraj";61;3269;20;3289;NA;202604;81;2021-09-06;114274
2021-09-05;"Prešovský kraj";5;1338;11;1349;NA;202604;16;2021-09-05;114193
2021-09-04;"Prešovský kraj";27;1864;14;1878;NA;202604;41;2021-09-04;114177
2021-09-03;"Prešovský kraj";39;2976;15;2991;NA;202604;54;2021-09-03;114136
2021-09-02;"Prešovský kraj";39;2558;20;2578;NA;202604;59;2021-09-02;114082
2021-09-01;"Prešovský kraj";14;575;6;581;NA;202604;20;2021-09-01;114023
2021-08-31;"Prešovský kraj";47;2436;13;2449;NA;202604;60;2021-08-31;114003
2021-08-30;"Prešovský kraj";23;2827;19;2846;NA;202604;42;2021-08-30;113943
2021-08-29;"Prešovský kraj";3;781;1;782;NA;202604;4;2021-08-29;113901
2021-08-28;"Prešovský kraj";5;2101;8;2109;NA;202604;13;2021-08-28;113897
2021-08-27;"Prešovský kraj";32;3084;8;3092;NA;202604;40;2021-08-27;113884
2021-08-26;"Prešovský kraj";13;2094;8;2102;NA;202604;21;2021-08-26;113844
2021-08-25;"Prešovský kraj";18;1947;4;1951;NA;202604;22;2021-08-25;113823
2021-08-24;"Prešovský kraj";10;2138;5;2143;NA;202604;15;2021-08-24;113801
2021-08-23;"Prešovský kraj";16;2576;6;2582;NA;202604;22;2021-08-23;113786
2021-08-22;"Prešovský kraj";0;1440;6;1446;NA;202604;6;2021-08-22;113764
2021-08-21;"Prešovský kraj";28;2018;4;2022;NA;202604;32;2021-08-21;113758
2021-08-20;"Prešovský kraj";15;2906;7;2913;NA;202604;22;2021-08-20;113726
2021-08-19;"Prešovský kraj";22;2242;8;2250;NA;202604;30;2021-08-19;113704
2021-08-18;"Prešovský kraj";6;1752;11;1763;NA;202604;17;2021-08-18;113674
2021-08-17;"Prešovský kraj";29;1829;6;1835;NA;202604;35;2021-08-17;113657
2021-08-16;"Prešovský kraj";11;2524;7;2531;NA;202604;18;2021-08-16;113622
2021-08-15;"Prešovský kraj";0;896;2;898;NA;202604;2;2021-08-15;113604
2021-08-14;"Prešovský kraj";14;1662;1;1663;NA;202604;15;2021-08-14;113602
2021-08-13;"Prešovský kraj";24;1646;12;1658;NA;202604;36;2021-08-13;113587
2021-08-12;"Prešovský kraj";9;1752;3;1755;NA;202604;12;2021-08-12;113551
2021-08-11;"Prešovský kraj";15;1193;3;1196;NA;202604;18;2021-08-11;113539
2021-08-10;"Prešovský kraj";10;1102;4;1106;NA;202604;14;2021-08-10;113521
2021-08-09;"Prešovský kraj";13;2156;4;2160;NA;202604;17;2021-08-09;113507
2021-08-08;"Prešovský kraj";2;675;2;677;NA;202604;4;2021-08-08;113490
2021-08-07;"Prešovský kraj";5;1114;3;1117;NA;202604;8;2021-08-07;113486
2021-08-06;"Prešovský kraj";9;1459;4;1463;NA;202604;13;2021-08-06;113478
2021-08-05;"Prešovský kraj";9;1370;2;1372;NA;202604;11;2021-08-05;113465
2021-08-04;"Prešovský kraj";6;1007;1;1008;NA;202604;7;2021-08-04;113454
2021-08-03;"Prešovský kraj";8;976;1;977;NA;202604;9;2021-08-03;113447
2021-08-02;"Prešovský kraj";5;1477;6;1483;NA;202604;11;2021-08-02;113438
2021-08-01;"Prešovský kraj";0;738;2;740;NA;202604;2;2021-08-01;113427
2021-07-31;"Prešovský kraj";20;1080;0;1080;NA;202604;20;2021-07-31;113425
2021-07-30;"Prešovský kraj";2;1518;1;1519;NA;202604;3;2021-07-30;113405
2021-07-29;"Prešovský kraj";6;1302;1;1303;NA;202604;7;2021-07-29;113402
2021-07-28;"Prešovský kraj";6;1106;1;1107;NA;202604;7;2021-07-28;113395
2021-07-27;"Prešovský kraj";5;1140;2;1142;NA;202604;7;2021-07-27;113388
2021-07-26;"Prešovský kraj";12;1583;1;1584;NA;202604;13;2021-07-26;113381
2021-07-25;"Prešovský kraj";0;687;1;688;NA;202604;1;2021-07-25;113368
2021-07-24;"Prešovský kraj";8;1040;0;1040;NA;202604;8;2021-07-24;113367
2021-07-23;"Prešovský kraj";8;1608;1;1609;NA;202604;9;2021-07-23;113359
2021-07-22;"Prešovský kraj";13;1431;10;1441;NA;202604;23;2021-07-22;113350
2021-07-21;"Prešovský kraj";5;1076;1;1077;NA;202604;6;2021-07-21;113327
2021-07-20;"Prešovský kraj";4;1064;0;1064;NA;202604;4;2021-07-20;113321
2021-07-19;"Prešovský kraj";2;1644;4;1648;NA;202604;6;2021-07-19;113317
2021-07-18;"Prešovský kraj";1;647;0;647;NA;202604;1;2021-07-18;113311
2021-07-17;"Prešovský kraj";6;1245;1;1246;NA;202604;7;2021-07-17;113310
2021-07-16;"Prešovský kraj";4;1558;2;1560;NA;202604;6;2021-07-16;113303
2021-07-15;"Prešovský kraj";5;1310;4;1314;NA;202604;9;2021-07-15;113297
2021-07-14;"Prešovský kraj";1;1051;2;1053;NA;202604;3;2021-07-14;113288
2021-07-13;"Prešovský kraj";1;1071;2;1073;NA;202604;3;2021-07-13;113285
2021-07-12;"Prešovský kraj";1;1949;2;1951;NA;202604;3;2021-07-12;113282
2021-07-11;"Prešovský kraj";0;660;1;661;NA;202604;1;2021-07-11;113279
2021-07-10;"Prešovský kraj";4;1229;2;1231;NA;202604;6;2021-07-10;113278
2021-07-09;"Prešovský kraj";6;1957;1;1958;NA;202604;7;2021-07-09;113272
2021-07-08;"Prešovský kraj";5;1192;0;1192;NA;202604;5;2021-07-08;113265
2021-07-07;"Prešovský kraj";7;1468;3;1471;NA;202604;10;2021-07-07;113260
2021-07-06;"Prešovský kraj";5;1423;2;1425;NA;202604;7;2021-07-06;113250
2021-07-05;"Prešovský kraj";2;645;0;645;NA;202604;2;2021-07-05;113243
2021-07-04;"Prešovský kraj";0;788;0;788;NA;202604;0;2021-07-04;113241
2021-07-03;"Prešovský kraj";2;1391;0;1391;NA;202604;2;2021-07-03;113241
2021-07-02;"Prešovský kraj";4;1796;0;1796;NA;202604;4;2021-07-02;113239
2021-07-01;"Prešovský kraj";2;1590;1;1591;NA;202604;3;2021-07-01;113235
2021-06-30;"Prešovský kraj";3;8829;4;8833;NA;202604;7;2021-06-30;113232
2021-06-29;"Prešovský kraj";1;4935;3;4938;NA;202604;4;2021-06-29;113225
2021-06-28;"Prešovský kraj";5;6109;2;6111;NA;202604;7;2021-06-28;113221
2021-06-27;"Prešovský kraj";0;3852;1;3853;NA;202604;1;2021-06-27;113214
2021-06-26;"Prešovský kraj";4;5815;1;5816;NA;202604;5;2021-06-26;113213
2021-06-25;"Prešovský kraj";7;7321;4;7325;NA;202604;11;2021-06-25;113208
2021-06-24;"Prešovský kraj";10;5406;5;5411;NA;202604;15;2021-06-24;113197
2021-06-23;"Prešovský kraj";4;5124;2;5126;NA;202604;6;2021-06-23;113182
2021-06-22;"Prešovský kraj";5;5143;1;5144;NA;202604;6;2021-06-22;113176
2021-06-21;"Prešovský kraj";13;7033;6;7039;NA;202604;19;2021-06-21;113170
2021-06-20;"Prešovský kraj";0;5204;3;5207;NA;202604;3;2021-06-20;113151
2021-06-19;"Prešovský kraj";1;7349;5;7354;NA;202604;6;2021-06-19;113148
2021-06-18;"Prešovský kraj";9;8682;10;8692;NA;202604;19;2021-06-18;113142
2021-06-17;"Prešovský kraj";9;6548;5;6553;NA;202604;14;2021-06-17;113123
2021-06-16;"Prešovský kraj";6;6422;3;6425;NA;202604;9;2021-06-16;113109
2021-06-15;"Prešovský kraj";2;5709;4;5713;NA;202604;6;2021-06-15;113100
2021-06-14;"Prešovský kraj";5;8229;13;8242;NA;202604;18;2021-06-14;113094
2021-06-13;"Prešovský kraj";1;6455;7;6462;NA;202604;8;2021-06-13;113076
2021-06-12;"Prešovský kraj";3;8904;9;8913;NA;202604;12;2021-06-12;113068
2021-06-11;"Prešovský kraj";21;9877;9;9886;NA;202604;30;2021-06-11;113056
2021-06-10;"Prešovský kraj";11;6512;10;6522;NA;202604;21;2021-06-10;113026
2021-06-09;"Prešovský kraj";16;6375;3;6378;NA;202604;19;2021-06-09;113005
2021-06-08;"Prešovský kraj";31;6495;12;6507;NA;202604;43;2021-06-08;112986
2021-06-07;"Prešovský kraj";11;9111;15;9126;NA;202604;26;2021-06-07;112943
2021-06-06;"Prešovský kraj";0;8016;5;8021;NA;202604;5;2021-06-06;112917
2021-06-05;"Prešovský kraj";17;10248;15;10263;NA;202604;32;2021-06-05;112912
2021-06-04;"Prešovský kraj";26;10375;18;10393;NA;202604;44;2021-06-04;112880
2021-06-03;"Prešovský kraj";14;6820;16;6836;NA;202604;30;2021-06-03;112836
2021-06-02;"Prešovský kraj";47;7372;14;7386;NA;202604;61;2021-06-02;112806
2021-06-01;"Prešovský kraj";15;6926;14;6940;NA;202604;29;2021-06-01;112745
2021-05-31;"Prešovský kraj";27;9951;22;9973;NA;202604;49;2021-05-31;112716
2021-05-30;"Prešovský kraj";2;9717;14;9731;NA;202604;16;2021-05-30;112667
2021-05-29;"Prešovský kraj";23;12733;24;12757;NA;202604;47;2021-05-29;112651
2021-05-28;"Prešovský kraj";30;12468;19;12487;NA;202604;49;2021-05-28;112604
2021-05-27;"Prešovský kraj";16;7653;37;7690;NA;202604;53;2021-05-27;112555
2021-05-26;"Prešovský kraj";32;8140;23;8163;NA;202604;55;2021-05-26;112502
2021-05-25;"Prešovský kraj";38;8690;20;8710;NA;202604;58;2021-05-25;112447
2021-05-24;"Prešovský kraj";17;13298;37;13335;NA;202604;54;2021-05-24;112389
2021-05-23;"Prešovský kraj";3;11947;20;11967;NA;202604;23;2021-05-23;112335
2021-05-22;"Prešovský kraj";11;14422;44;14466;NA;202604;55;2021-05-22;112312
2021-05-21;"Prešovský kraj";44;13803;24;13827;NA;202604;68;2021-05-21;112257
2021-05-20;"Prešovský kraj";13;9437;29;9466;NA;202604;42;2021-05-20;112189
2021-05-19;"Prešovský kraj";60;10756;36;10792;NA;202604;96;2021-05-19;112147
2021-05-18;"Prešovský kraj";44;9062;27;9089;NA;202604;71;2021-05-18;112051
2021-05-17;"Prešovský kraj";60;12856;47;12903;NA;202604;107;2021-05-17;111980
2021-05-16;"Prešovský kraj";20;16302;66;16368;NA;202604;86;2021-05-16;111873
2021-05-15;"Prešovský kraj";20;24604;81;24685;NA;202604;101;2021-05-15;111787
2021-05-14;"Prešovský kraj";49;18671;68;18739;NA;202604;117;2021-05-14;111686
2021-05-13;"Prešovský kraj";54;11166;71;11237;NA;202604;125;2021-05-13;111569
2021-05-12;"Prešovský kraj";59;10822;39;10861;NA;202604;98;2021-05-12;111444
2021-05-11;"Prešovský kraj";61;10728;48;10776;NA;202604;109;2021-05-11;111346
2021-05-10;"Prešovský kraj";79;15726;67;15793;NA;202604;146;2021-05-10;111237
2021-05-09;"Prešovský kraj";54;21658;82;21740;NA;202604;136;2021-05-09;111091
2021-05-08;"Prešovský kraj";39;23050;52;23102;NA;202604;91;2021-05-08;110955
2021-05-07;"Prešovský kraj";81;23543;66;23609;NA;202604;147;2021-05-07;110864
2021-05-06;"Prešovský kraj";107;12924;66;12990;NA;202604;173;2021-05-06;110717
2021-05-05;"Prešovský kraj";60;12808;84;12892;NA;202604;144;2021-05-05;110544
2021-05-04;"Prešovský kraj";203;13470;67;13537;NA;202604;270;2021-05-04;110400
2021-05-03;"Prešovský kraj";68;18458;109;18567;NA;202604;177;2021-05-03;110130
2021-05-02;"Prešovský kraj";29;36676;102;36778;NA;202604;131;2021-05-02;109953
2021-05-01;"Prešovský kraj";70;57153;183;57336;NA;202604;253;2021-05-01;109822
2021-04-30;"Prešovský kraj";135;39333;118;39451;NA;202604;253;2021-04-30;109569
2021-04-29;"Prešovský kraj";110;16635;97;16732;NA;202604;207;2021-04-29;109316
2021-04-28;"Prešovský kraj";122;18671;89;18760;NA;202604;211;2021-04-28;109109
2021-04-27;"Prešovský kraj";154;19994;120;20114;NA;202604;274;2021-04-27;108898
2021-04-26;"Prešovský kraj";99;27241;123;27364;NA;202604;222;2021-04-26;108624
2021-04-25;"Prešovský kraj";9;52776;156;52932;NA;202604;165;2021-04-25;108402
2021-04-24;"Prešovský kraj";61;85698;243;85941;NA;202604;304;2021-04-24;108237
2021-04-23;"Prešovský kraj";171;40365;137;40502;NA;202604;308;2021-04-23;107933
2021-04-22;"Prešovský kraj";86;18104;125;18229;NA;202604;211;2021-04-22;107625
2021-04-21;"Prešovský kraj";144;21550;139;21689;NA;202604;283;2021-04-21;107414
2021-04-20;"Prešovský kraj";115;23346;128;23474;NA;202604;243;2021-04-20;107131
2021-04-19;"Prešovský kraj";106;29133;145;29278;NA;202604;251;2021-04-19;106888
2021-04-18;"Prešovský kraj";4;51824;129;51953;NA;202604;133;2021-04-18;106637
2021-04-17;"Prešovský kraj";119;97970;238;98208;NA;202604;357;2021-04-17;106504
2021-04-16;"Prešovský kraj";135;40989;146;41135;NA;202604;281;2021-04-16;106147
2021-04-15;"Prešovský kraj";112;20179;137;20316;NA;202604;249;2021-04-15;105866
2021-04-14;"Prešovský kraj";199;23332;130;23462;NA;202604;329;2021-04-14;105617
2021-04-13;"Prešovský kraj";180;23907;116;24023;NA;202604;296;2021-04-13;105288
2021-04-12;"Prešovský kraj";172;30152;175;30327;NA;202604;347;2021-04-12;104992
2021-04-11;"Prešovský kraj";11;49955;187;50142;NA;202604;198;2021-04-11;104645
2021-04-10;"Prešovský kraj";94;90181;297;90478;NA;202604;391;2021-04-10;104447
2021-04-09;"Prešovský kraj";255;37163;200;37363;NA;202604;455;2021-04-09;104056
2021-04-08;"Prešovský kraj";192;18893;157;19050;NA;202604;349;2021-04-08;103601
2021-04-07;"Prešovský kraj";314;27797;154;27951;NA;202604;468;2021-04-07;103252
2021-04-06;"Prešovský kraj";231;41711;268;41979;NA;202604;499;2021-04-06;102784
2021-04-05;"Prešovský kraj";54;18454;132;18586;NA;202604;186;2021-04-05;102285
2021-04-04;"Prešovský kraj";31;18569;91;18660;NA;202604;122;2021-04-04;102099
2021-04-03;"Prešovský kraj";104;90664;321;90985;NA;202604;425;2021-04-03;101977
2021-04-02;"Prešovský kraj";194;23381;134;23515;NA;202604;328;2021-04-02;101552
2021-04-01;"Prešovský kraj";256;42879;195;43074;NA;202604;451;2021-04-01;101224
2021-03-31;"Prešovský kraj";311;30176;227;30403;NA;202604;538;2021-03-31;100773
2021-03-30;"Prešovský kraj";374;20751;203;20954;NA;202604;577;2021-03-30;100235
2021-03-29;"Prešovský kraj";219;28188;229;28417;NA;202604;448;2021-03-29;99658
2021-03-28;"Prešovský kraj";26;46811;256;47067;NA;202604;282;2021-03-28;99210
2021-03-27;"Prešovský kraj";181;88673;372;89045;NA;202604;553;2021-03-27;98928
2021-03-26;"Prešovský kraj";310;47751;299;48050;NA;202604;609;2021-03-26;98375
2021-03-25;"Prešovský kraj";248;22281;213;22494;NA;202604;461;2021-03-25;97766
2021-03-24;"Prešovský kraj";381;19590;213;19803;NA;202604;594;2021-03-24;97305
2021-03-23;"Prešovský kraj";241;20351;255;20606;NA;202604;496;2021-03-23;96711
2021-03-22;"Prešovský kraj";299;28634;287;28921;NA;202604;586;2021-03-22;96215
2021-03-21;"Prešovský kraj";32;49439;266;49705;NA;202604;298;2021-03-21;95629
2021-03-20;"Prešovský kraj";180;92529;426;92955;NA;202604;606;2021-03-20;95331
2021-03-19;"Prešovský kraj";373;46582;326;46908;NA;202604;699;2021-03-19;94725
2021-03-18;"Prešovský kraj";251;21721;217;21938;NA;202604;468;2021-03-18;94026
2021-03-17;"Prešovský kraj";331;20887;231;21118;NA;202604;562;2021-03-17;93558
2021-03-16;"Prešovský kraj";461;21094;278;21372;NA;202604;739;2021-03-16;92996
2021-03-15;"Prešovský kraj";370;28813;324;29137;NA;202604;694;2021-03-15;92257
2021-03-14;"Prešovský kraj";52;50410;356;50766;NA;202604;408;2021-03-14;91563
2021-03-13;"Prešovský kraj";200;94768;531;95299;NA;202604;731;2021-03-13;91155
2021-03-12;"Prešovský kraj";425;47691;368;48059;NA;202604;793;2021-03-12;90424
2021-03-11;"Prešovský kraj";463;22059;253;22312;NA;202604;716;2021-03-11;89631
2021-03-10;"Prešovský kraj";325;20821;293;21114;NA;202604;618;2021-03-10;88915
2021-03-09;"Prešovský kraj";505;21496;288;21784;NA;202604;793;2021-03-09;88297
2021-03-08;"Prešovský kraj";314;28903;333;29236;NA;202604;647;2021-03-08;87504
2021-03-07;"Prešovský kraj";19;48328;388;48716;NA;202604;407;2021-03-07;86857
2021-03-06;"Prešovský kraj";193;97527;591;98118;NA;202604;784;2021-03-06;86450
2021-03-05;"Prešovský kraj";497;46054;397;46451;NA;202604;894;2021-03-05;85666
2021-03-04;"Prešovský kraj";372;22670;359;23029;NA;202604;731;2021-03-04;84772
2021-03-03;"Prešovský kraj";397;21623;333;21956;NA;202604;730;2021-03-03;84041
2021-03-02;"Prešovský kraj";421;22682;357;23039;NA;202604;778;2021-03-02;83311
2021-03-01;"Prešovský kraj";303;27716;406;28122;NA;202604;709;2021-03-01;82533
2021-02-28;"Prešovský kraj";75;45000;387;45387;NA;202604;462;2021-02-28;81824
2021-02-27;"Prešovský kraj";273;90231;734;90965;NA;202604;1007;2021-02-27;81362
2021-02-26;"Prešovský kraj";455;41340;438;41778;NA;202604;893;2021-02-26;80355
2021-02-25;"Prešovský kraj";270;19496;337;19833;NA;202604;607;2021-02-25;79462
2021-02-24;"Prešovský kraj";328;19026;377;19403;NA;202604;705;2021-02-24;78855
2021-02-23;"Prešovský kraj";430;21277;345;21622;NA;202604;775;2021-02-23;78150
2021-02-22;"Prešovský kraj";351;27180;356;27536;NA;202604;707;2021-02-22;77375
2021-02-21;"Prešovský kraj";66;31453;301;31754;NA;202604;367;2021-02-21;76668
2021-02-20;"Prešovský kraj";129;71413;517;71930;NA;202604;646;2021-02-20;76301
2021-02-19;"Prešovský kraj";381;38995;430;39425;NA;202604;811;2021-02-19;75655
2021-02-18;"Prešovský kraj";268;16960;322;17282;NA;202604;590;2021-02-18;74844
2021-02-17;"Prešovský kraj";293;17392;246;17638;NA;202604;539;2021-02-17;74254
2021-02-16;"Prešovský kraj";422;18862;265;19127;NA;202604;687;2021-02-16;73715
2021-02-15;"Prešovský kraj";211;31366;303;31669;NA;202604;514;2021-02-15;73028
2021-02-14;"Prešovský kraj";27;39387;321;39708;NA;202604;348;2021-02-14;72514
2021-02-13;"Prešovský kraj";157;74747;402;75149;NA;202604;559;2021-02-13;72166
2021-02-12;"Prešovský kraj";308;38758;365;39123;NA;202604;673;2021-02-12;71607
2021-02-11;"Prešovský kraj";218;16207;238;16445;NA;202604;456;2021-02-11;70934
2021-02-10;"Prešovský kraj";220;18542;282;18824;NA;202604;502;2021-02-10;70478
2021-02-09;"Prešovský kraj";323;21497;370;21867;NA;202604;693;2021-02-09;69976
2021-02-08;"Prešovský kraj";161;36924;261;37185;NA;202604;422;2021-02-08;69283
2021-02-07;"Prešovský kraj";21;34227;209;34436;NA;202604;230;2021-02-07;68861
2021-02-06;"Prešovský kraj";176;69164;360;69524;NA;202604;536;2021-02-06;68631
2021-02-05;"Prešovský kraj";177;31271;262;31533;NA;202604;439;2021-02-05;68095
2021-02-04;"Prešovský kraj";176;13080;237;13317;NA;202604;413;2021-02-04;67656
2021-02-03;"Prešovský kraj";251;8421;236;8657;NA;202604;487;2021-02-03;67243
2021-02-02;"Prešovský kraj";249;11769;264;12033;NA;202604;513;2021-02-02;66756
2021-02-01;"Prešovský kraj";220;16059;316;16375;NA;202604;536;2021-02-01;66243
2021-01-31;"Prešovský kraj";42;10587;107;10694;NA;202604;149;2021-01-31;65707
2021-01-30;"Prešovský kraj";142;23939;215;24154;NA;202604;357;2021-01-30;65558
2021-01-29;"Prešovský kraj";185;17924;326;18250;NA;202604;511;2021-01-29;65201
2021-01-28;"Prešovský kraj";311;7348;150;7498;NA;202604;461;2021-01-28;64690
2021-01-27;"Prešovský kraj";153;9730;147;9877;NA;202604;300;2021-01-27;64229
2021-01-26;"Prešovský kraj";252;16653;151;16804;NA;202604;403;2021-01-26;63929
2021-01-25;"Prešovský kraj";196;30092;253;30345;NA;202604;449;2021-01-25;63526
2021-01-24;"Prešovský kraj";12;45706;304;46010;NA;202604;316;2021-01-24;63077
2021-01-23;"Prešovský kraj";189;96883;487;97370;NA;202604;676;2021-01-23;62761
2021-01-22;"Prešovský kraj";187;35383;261;35644;NA;202604;448;2021-01-22;62085
2021-01-21;"Prešovský kraj";187;20434;212;20646;NA;202604;399;2021-01-21;61637
2021-01-20;"Prešovský kraj";253;14782;195;14977;NA;202604;448;2021-01-20;61238
2021-01-19;"Prešovský kraj";281;12329;305;12634;NA;202604;586;2021-01-19;60790
2021-01-18;"Prešovský kraj";203;10422;336;10758;NA;202604;539;2021-01-18;60204
2021-01-17;"Prešovský kraj";107;14391;1008;15399;NA;202604;1115;2021-01-17;59665
2021-01-16;"Prešovský kraj";72;1838;81;1919;NA;202604;153;2021-01-16;58550
2021-01-15;"Prešovský kraj";159;7033;257;7290;NA;202604;416;2021-01-15;58397
2021-01-14;"Prešovský kraj";268;5534;256;5790;NA;202604;524;2021-01-14;57981
2021-01-13;"Prešovský kraj";342;5649;226;5875;NA;202604;568;2021-01-13;57457
2021-01-12;"Prešovský kraj";455;8251;386;8637;NA;202604;841;2021-01-12;56889
2021-01-11;"Prešovský kraj";343;8149;471;8620;NA;202604;814;2021-01-11;56048
2021-01-10;"Prešovský kraj";63;476;23;499;NA;202604;86;2021-01-10;55234
2021-01-09;"Prešovský kraj";439;2248;125;2373;NA;202604;564;2021-01-09;55148
2021-01-08;"Prešovský kraj";430;10416;561;10977;NA;202604;991;2021-01-08;54584
2021-01-07;"Prešovský kraj";268;7432;622;8054;NA;202604;890;2021-01-07;53593
2021-01-06;"Prešovský kraj";315;1484;134;1618;NA;202604;449;2021-01-06;52703
2021-01-05;"Prešovský kraj";655;11275;976;12251;NA;202604;1631;2021-01-05;52254
2021-01-04;"Prešovský kraj";371;16845;1789;18634;NA;202604;2160;2021-01-04;50623
2021-01-03;"Prešovský kraj";89;459;41;500;NA;202604;130;2021-01-03;48463
2021-01-02;"Prešovský kraj";65;1556;160;1716;NA;202604;225;2021-01-02;48333
2021-01-01;"Prešovský kraj";174;956;71;1027;NA;202604;245;2021-01-01;48108
2020-12-31;"Prešovský kraj";640;11959;783;12742;NA;202604;1423;2020-12-31;47863
2020-12-30;"Prešovský kraj";729;8729;769;9498;NA;202604;1498;2020-12-30;46440
2020-12-29;"Prešovský kraj";435;9273;949;10222;NA;202604;1384;2020-12-29;44942
2020-12-28;"Prešovský kraj";393;9046;1079;10125;NA;202604;1472;2020-12-28;43558
2020-12-27;"Prešovský kraj";40;613;45;658;NA;202604;85;2020-12-27;42086
2020-12-26;"Prešovský kraj";64;176;12;188;NA;202604;76;2020-12-26;42001
2020-12-25;"Prešovský kraj";208;274;11;285;NA;202604;219;2020-12-25;41925
2020-12-24;"Prešovský kraj";452;1214;85;1299;NA;202604;537;2020-12-24;41706
2020-12-23;"Prešovský kraj";361;11006;618;11624;NA;202604;979;2020-12-23;41169
2020-12-22;"Prešovský kraj";439;9023;695;9718;NA;202604;1134;2020-12-22;40190
2020-12-21;"Prešovský kraj";432;9577;847;10424;NA;202604;1279;2020-12-21;39056
2020-12-20;"Prešovský kraj";184;396;20;416;NA;202604;204;2020-12-20;37777
2020-12-19;"Prešovský kraj";276;1658;151;1809;NA;202604;427;2020-12-19;37573
2020-12-18;"Prešovský kraj";396;8246;566;8812;NA;202604;962;2020-12-18;37146
2020-12-17;"Prešovský kraj";427;10505;866;11371;NA;202604;1293;2020-12-17;36184
2020-12-16;"Prešovský kraj";466;5613;473;6086;NA;202604;939;2020-12-16;34891
2020-12-15;"Prešovský kraj";411;5406;574;5980;NA;202604;985;2020-12-15;33952
2020-12-14;"Prešovský kraj";334;5538;477;6015;NA;202604;811;2020-12-14;32967
2020-12-13;"Prešovský kraj";89;29;8;37;NA;202604;97;2020-12-13;32156
2020-12-12;"Prešovský kraj";319;2474;166;2640;NA;202604;485;2020-12-12;32059
2020-12-11;"Prešovský kraj";560;5602;402;6004;NA;202604;962;2020-12-11;31574
2020-12-10;"Prešovský kraj";337;5019;423;5442;NA;202604;760;2020-12-10;30612
2020-12-09;"Prešovský kraj";358;4357;314;4671;NA;202604;672;2020-12-09;29852
2020-12-08;"Prešovský kraj";350;6629;651;7280;NA;202604;1001;2020-12-08;29180
2020-12-07;"Prešovský kraj";309;4345;327;4672;NA;202604;636;2020-12-07;28179
2020-12-06;"Prešovský kraj";59;655;26;681;NA;202604;85;2020-12-06;27543
2020-12-05;"Prešovský kraj";218;984;87;1071;NA;202604;305;2020-12-05;27458
2020-12-04;"Prešovský kraj";352;5070;293;5363;NA;202604;645;2020-12-04;27153
2020-12-03;"Prešovský kraj";284;2456;179;2635;NA;202604;463;2020-12-03;26508
2020-12-02;"Prešovský kraj";232;2830;225;3055;NA;202604;457;2020-12-02;26045
2020-12-01;"Prešovský kraj";281;1884;196;2080;NA;202604;477;2020-12-01;25588
2020-11-30;"Prešovský kraj";196;5333;97;5430;NA;202604;293;2020-11-30;25111
2020-11-29;"Prešovský kraj";27;379;42;421;NA;202604;69;2020-11-29;24818
2020-11-28;"Prešovský kraj";199;772;77;849;NA;202604;276;2020-11-28;24749
2020-11-27;"Prešovský kraj";232;2350;130;2480;NA;202604;362;2020-11-27;24473
2020-11-26;"Prešovský kraj";263;3014;329;3343;NA;202604;592;2020-11-26;24111
2020-11-25;"Prešovský kraj";302;2174;103;2277;NA;202604;405;2020-11-25;23519
2020-11-24;"Prešovský kraj";365;1777;156;1933;NA;202604;521;2020-11-24;23114
2020-11-23;"Prešovský kraj";164;1099;60;1159;NA;202604;224;2020-11-23;22593
2020-11-22;"Prešovský kraj";46;44;1;45;NA;202604;47;2020-11-22;22369
2020-11-21;"Prešovský kraj";205;754;62;816;NA;202604;267;2020-11-21;22322
2020-11-20;"Prešovský kraj";363;2258;102;2360;NA;202604;465;2020-11-20;22055
2020-11-19;"Prešovský kraj";359;2096;238;2334;NA;202604;597;2020-11-19;21590
2020-11-18;"Prešovský kraj";270;488;43;531;NA;202604;313;2020-11-18;20993
2020-11-17;"Prešovský kraj";347;205;23;228;NA;202604;370;2020-11-17;20680
2020-11-16;"Prešovský kraj";226;540;58;598;NA;202604;284;2020-11-16;20310
2020-11-15;"Prešovský kraj";186;39;4;43;NA;202604;190;2020-11-15;20026
2020-11-14;"Prešovský kraj";261;54;4;58;NA;202604;265;2020-11-14;19836
2020-11-13;"Prešovský kraj";395;166;8;174;NA;202604;403;2020-11-13;19571
2020-11-12;"Prešovský kraj";397;229;50;279;NA;202604;447;2020-11-12;19168
2020-11-11;"Prešovský kraj";516;161;15;176;NA;202604;531;2020-11-11;18721
2020-11-10;"Prešovský kraj";437;197;9;206;NA;202604;446;2020-11-10;18190
2020-11-09;"Prešovský kraj";190;4110;945;5055;NA;202604;1135;2020-11-09;17744
2020-11-08;"Prešovský kraj";97;2817;32;2849;NA;202604;129;2020-11-08;16609
2020-11-07;"Prešovský kraj";416;8578;81;8659;NA;202604;497;2020-11-07;16480
2020-11-06;"Prešovský kraj";520;4791;76;4867;NA;202604;596;2020-11-06;15983
2020-11-05;"Prešovský kraj";397;180;5;185;NA;202604;402;2020-11-05;15387
2020-11-04;"Prešovský kraj";350;807;8;815;NA;202604;358;2020-11-04;14985
2020-11-03;"Prešovský kraj";565;98;12;110;NA;202604;577;2020-11-03;14627
2020-11-02;"Prešovský kraj";203;4158;1004;5162;NA;202604;1207;2020-11-02;14050
2020-11-01;"Prešovský kraj";386;2906;53;2959;NA;202604;439;2020-11-01;12843
2020-10-31;"Prešovský kraj";315;10497;170;10667;NA;202604;485;2020-10-31;12404
2020-10-30;"Prešovský kraj";552;2949;65;3014;NA;202604;617;2020-10-30;11919
2020-10-29;"Prešovský kraj";594;301;38;339;NA;202604;632;2020-10-29;11302
2020-10-28;"Prešovský kraj";617;291;46;337;NA;202604;663;2020-10-28;10670
2020-10-27;"Prešovský kraj";656;268;34;302;NA;202604;690;2020-10-27;10007
2020-10-26;"Prešovský kraj";137;363;57;420;NA;202604;194;2020-10-26;9317
2020-10-25;"Prešovský kraj";237;346;11;357;NA;202604;248;2020-10-25;9123
2020-10-24;"Prešovský kraj";719;200;12;212;NA;202604;731;2020-10-24;8875
2020-10-23;"Prešovský kraj";750;218;8;226;NA;202604;758;2020-10-23;8144
2020-10-22;"Prešovský kraj";646;396;30;426;NA;202604;676;2020-10-22;7386
2020-10-21;"Prešovský kraj";383;58;8;66;NA;202604;391;2020-10-21;6710
2020-10-20;"Prešovský kraj";493;65;7;72;NA;202604;500;2020-10-20;6319
2020-10-19;"Prešovský kraj";140;235;15;250;NA;202604;155;2020-10-19;5819
2020-10-18;"Prešovský kraj";209;0;0;0;NA;202604;209;2020-10-18;5664
2020-10-17;"Prešovský kraj";342;0;0;0;NA;202604;342;2020-10-17;5455
2020-10-16;"Prešovský kraj";388;57;3;60;NA;202604;391;2020-10-16;5113
2020-10-15;"Prešovský kraj";435;85;18;103;NA;202604;453;2020-10-15;4722
2020-10-14;"Prešovský kraj";451;54;10;64;NA;202604;461;2020-10-14;4269
2020-10-13;"Prešovský kraj";264;50;6;56;NA;202604;270;2020-10-13;3808
2020-10-12;"Prešovský kraj";214;334;35;369;NA;202604;249;2020-10-12;3538
2020-10-11;"Prešovský kraj";127;0;0;0;NA;202604;127;2020-10-11;3289
2020-10-10;"Prešovský kraj";248;0;0;0;NA;202604;248;2020-10-10;3162
2020-10-09;"Prešovský kraj";406;0;0;0;NA;202604;406;2020-10-09;2914
2020-10-08;"Prešovský kraj";245;0;0;0;NA;202604;245;2020-10-08;2508
2020-10-07;"Prešovský kraj";244;0;0;0;NA;202604;244;2020-10-07;2263
2020-10-06;"Prešovský kraj";166;0;0;0;NA;202604;166;2020-10-06;2019
2020-10-05;"Prešovský kraj";84;0;0;0;NA;202604;84;2020-10-05;1853
2020-10-04;"Prešovský kraj";118;0;0;0;NA;202604;118;2020-10-04;1769
2020-10-03;"Prešovský kraj";204;0;0;0;NA;202604;204;2020-10-03;1651
2020-10-02;"Prešovský kraj";149;0;0;0;NA;202604;149;2020-10-02;1447
2020-10-01;"Prešovský kraj";136;0;0;0;NA;202604;136;2020-10-01;1298
2020-09-30;"Prešovský kraj";121;0;0;0;NA;202604;121;2020-09-30;1162
2020-09-29;"Prešovský kraj";156;0;0;0;NA;202604;156;2020-09-29;1041
2020-09-28;"Prešovský kraj";51;0;0;0;NA;202604;51;2020-09-28;885
2020-09-27;"Prešovský kraj";10;0;0;0;NA;202604;10;2020-09-27;834
2020-09-26;"Prešovský kraj";72;0;0;0;NA;202604;72;2020-09-26;824
2020-09-25;"Prešovský kraj";91;0;0;0;NA;202604;91;2020-09-25;752
2020-09-24;"Prešovský kraj";52;0;0;0;NA;202604;52;2020-09-24;661
2020-09-23;"Prešovský kraj";55;0;0;0;NA;202604;55;2020-09-23;609
2020-09-22;"Prešovský kraj";29;0;0;0;NA;202604;29;2020-09-22;554
2020-09-21;"Prešovský kraj";14;0;0;0;NA;202604;14;2020-09-21;525
2020-09-20;"Prešovský kraj";5;0;0;0;NA;202604;5;2020-09-20;511
2020-09-19;"Prešovský kraj";12;0;0;0;NA;202604;12;2020-09-19;506
2020-09-18;"Prešovský kraj";29;0;0;0;NA;202604;29;2020-09-18;494
2020-09-17;"Prešovský kraj";25;0;0;0;NA;202604;25;2020-09-17;465
2020-09-16;"Prešovský kraj";8;0;0;0;NA;202604;8;2020-09-16;440
2020-09-15;"Prešovský kraj";10;0;0;0;NA;202604;10;2020-09-15;432
2020-09-14;"Prešovský kraj";47;0;0;0;NA;202604;47;2020-09-14;422
2020-09-13;"Prešovský kraj";3;0;0;0;NA;202604;3;2020-09-13;375
2020-09-12;"Prešovský kraj";4;0;0;0;NA;202604;4;2020-09-12;372
2020-09-11;"Prešovský kraj";15;0;0;0;NA;202604;15;2020-09-11;368
2020-09-10;"Prešovský kraj";10;0;0;0;NA;202604;10;2020-09-10;353
2020-09-09;"Prešovský kraj";21;0;0;0;NA;202604;21;2020-09-09;343
2020-09-08;"Prešovský kraj";23;0;0;0;NA;202604;23;2020-09-08;322
2020-09-07;"Prešovský kraj";5;0;0;0;NA;202604;5;2020-09-07;299
2020-09-06;"Prešovský kraj";3;0;0;0;NA;202604;3;2020-09-06;294
2020-09-05;"Prešovský kraj";7;0;0;0;NA;202604;7;2020-09-05;291
2020-09-04;"Prešovský kraj";24;0;0;0;NA;202604;24;2020-09-04;284
2020-09-03;"Prešovský kraj";8;0;0;0;NA;202604;8;2020-09-03;260
2020-09-02;"Prešovský kraj";9;0;0;0;NA;202604;9;2020-09-02;252
2020-09-01;"Prešovský kraj";6;0;0;0;NA;202604;6;2020-09-01;243
2020-08-31;"Prešovský kraj";3;0;0;0;NA;202604;3;2020-08-31;237
2020-08-30;"Prešovský kraj";6;0;0;0;NA;202604;6;2020-08-30;234
2020-08-29;"Prešovský kraj";4;0;0;0;NA;202604;4;2020-08-29;228
2020-08-28;"Prešovský kraj";6;0;0;0;NA;202604;6;2020-08-28;224
2020-08-27;"Prešovský kraj";7;0;0;0;NA;202604;7;2020-08-27;218
2020-08-26;"Prešovský kraj";22;0;0;0;NA;202604;22;2020-08-26;211
2020-08-25;"Prešovský kraj";1;0;0;0;NA;202604;1;2020-08-25;189
2020-08-24;"Prešovský kraj";5;0;0;0;NA;202604;5;2020-08-24;188
2020-08-23;"Prešovský kraj";3;0;0;0;NA;202604;3;2020-08-23;183
2020-08-22;"Prešovský kraj";3;0;0;0;NA;202604;3;2020-08-22;180
2020-08-21;"Prešovský kraj";11;0;0;0;NA;202604;11;2020-08-21;177
2020-08-20;"Prešovský kraj";8;0;0;0;NA;202604;8;2020-08-20;166
2020-08-19;"Prešovský kraj";8;0;0;0;NA;202604;8;2020-08-19;158
2020-08-18;"Prešovský kraj";6;0;0;0;NA;202604;6;2020-08-18;150
2020-08-17;"Prešovský kraj";1;0;0;0;NA;202604;1;2020-08-17;144
2020-08-16;"Prešovský kraj";0;0;0;0;NA;202604;0;2020-08-16;143
2020-08-15;"Prešovský kraj";8;0;0;0;NA;202604;8;2020-08-15;143
2020-08-14;"Prešovský kraj";6;0;0;0;NA;202604;6;2020-08-14;135
2020-08-13;"Prešovský kraj";8;0;0;0;NA;202604;8;2020-08-13;129
2020-08-12;"Prešovský kraj";19;0;0;0;NA;202604;19;2020-08-12;121
2020-08-11;"Prešovský kraj";3;0;0;0;NA;202604;3;2020-08-11;102
2020-08-10;"Prešovský kraj";0;0;0;0;NA;202604;0;2020-08-10;99
2020-08-09;"Prešovský kraj";0;0;0;0;NA;202604;0;2020-08-09;99
2020-08-08;"Prešovský kraj";2;0;0;0;NA;202604;2;2020-08-08;99
2020-08-07;"Prešovský kraj";6;0;0;0;NA;202604;6;2020-08-07;97
2020-08-06;"Prešovský kraj";2;0;0;0;NA;202604;2;2020-08-06;91
2020-08-05;"Prešovský kraj";8;0;0;0;NA;202604;8;2020-08-05;89
2020-08-04;"Prešovský kraj";5;0;0;0;NA;202604;5;2020-08-04;81
2020-08-03;"Prešovský kraj";4;0;0;0;NA;202604;4;2020-08-03;76
2020-08-02;"Prešovský kraj";6;0;0;0;NA;202604;6;2020-08-02;72
2020-08-01;"Prešovský kraj";0;0;0;0;NA;202604;0;2020-08-01;66
2020-07-31;"Prešovský kraj";2;0;0;0;NA;202604;2;2020-07-31;66
2020-07-30;"Prešovský kraj";6;0;0;0;NA;202604;6;2020-07-30;64
2020-07-29;"Prešovský kraj";5;0;0;0;NA;202604;5;2020-07-29;58
2020-07-28;"Prešovský kraj";0;0;0;0;NA;202604;0;2020-07-28;53
2020-07-27;"Prešovský kraj";1;0;0;0;NA;202604;1;2020-07-27;53
2020-07-26;"Prešovský kraj";1;0;0;0;NA;202604;1;2020-07-26;52
2020-07-25;"Prešovský kraj";21;0;0;0;NA;202604;21;2020-07-25;51
2020-07-24;"Prešovský kraj";1;0;0;0;NA;202604;1;2020-07-24;30
2020-07-23;"Prešovský kraj";5;0;0;0;NA;202604;5;2020-07-23;29
2020-07-22;"Prešovský kraj";1;0;0;0;NA;202604;1;2020-07-22;24
2020-07-21;"Prešovský kraj";2;0;0;0;NA;202604;2;2020-07-21;23
2020-07-20;"Prešovský kraj";1;0;0;0;NA;202604;1;2020-07-20;21
2020-07-19;"Prešovský kraj";0;0;0;0;NA;202604;0;2020-07-19;20
2020-07-18;"Prešovský kraj";0;0;0;0;NA;202604;0;2020-07-18;20
2020-07-17;"Prešovský kraj";3;0;0;0;NA;202604;3;2020-07-17;20
2020-07-16;"Prešovský kraj";1;0;0;0;NA;202604;1;2020-07-16;17
2020-07-15;"Prešovský kraj";5;0;0;0;NA;202604;5;2020-07-15;16
2020-07-14;"Prešovský kraj";5;0;0;0;NA;202604;5;2020-07-14;11
2020-07-13;"Prešovský kraj";1;0;0;0;NA;202604;1;2020-07-13;6
2020-07-12;"Prešovský kraj";1;0;0;0;NA;202604;1;2020-07-12;5
2020-07-11;"Prešovský kraj";6;0;0;0;NA;202604;6;2020-07-11;4
2020-07-10;"Prešovský kraj";5;0;0;0;NA;202604;5;2020-07-10;-2
2020-07-09;"Prešovský kraj";2;0;0;0;NA;202604;2;2020-07-09;-7
2020-07-08;"Prešovský kraj";14;0;0;0;NA;202604;14;2020-07-08;-9
2020-07-07;"Prešovský kraj";2;0;0;0;NA;202604;2;2020-07-07;-23
2020-07-06;"Prešovský kraj";0;0;0;0;NA;202604;0;2020-07-06;-25
2020-07-05;"Prešovský kraj";0;0;0;0;NA;202604;0;2020-07-05;-25
2020-07-04;"Prešovský kraj";1;0;0;0;NA;202604;1;2020-07-04;-25
2020-07-03;"Prešovský kraj";3;0;0;0;NA;202604;3;2020-07-03;-26
2020-07-02;"Prešovský kraj";0;0;0;0;NA;202604;0;2020-07-02;-29
2020-07-01;"Prešovský kraj";0;0;0;0;NA;202604;0;2020-07-01;-29
2020-06-30;"Prešovský kraj";7;0;0;0;NA;202604;7;2020-06-30;-29
2020-06-29;"Prešovský kraj";0;0;0;0;NA;202604;0;2020-06-29;-36
2020-06-28;"Prešovský kraj";0;0;0;0;NA;202604;0;2020-06-28;-36
2020-06-27;"Prešovský kraj";3;0;0;0;NA;202604;3;2020-06-27;-36
2020-06-26;"Prešovský kraj";3;0;0;0;NA;202604;3;2020-06-26;-39
2020-06-25;"Prešovský kraj";0;0;0;0;NA;202604;0;2020-06-25;-42
2020-06-24;"Prešovský kraj";4;0;0;0;NA;202604;4;2020-06-24;-42
2020-06-23;"Prešovský kraj";0;0;0;0;NA;202604;0;2020-06-23;-46
2020-06-22;"Prešovský kraj";0;0;0;0;NA;202604;0;2020-06-22;-46
2020-06-21;"Prešovský kraj";0;0;0;0;NA;202604;0;2020-06-21;-46
2020-06-20;"Prešovský kraj";0;0;0;0;NA;202604;0;2020-06-20;-46
2020-06-19;"Prešovský kraj";1;0;0;0;NA;202604;1;2020-06-19;-46
2020-06-18;"Prešovský kraj";0;0;0;0;NA;202604;0;2020-06-18;-47
2020-06-17;"Prešovský kraj";0;0;0;0;NA;202604;0;2020-06-17;-47
2020-06-16;"Prešovský kraj";6;0;0;0;NA;202604;6;2020-06-16;-47
2020-06-14;"Prešovský kraj";0;0;0;0;NA;202604;0;2020-06-14;-53
2020-06-13;"Prešovský kraj";0;0;0;0;NA;202604;0;2020-06-13;-53
2020-06-12;"Prešovský kraj";1;0;0;0;NA;202604;1;2020-06-12;-53
2020-06-11;"Prešovský kraj";0;0;0;0;NA;202604;0;2020-06-11;-54
2020-06-10;"Prešovský kraj";0;0;0;0;NA;202604;0;2020-06-10;-54
2020-06-09;"Prešovský kraj";0;0;0;0;NA;202604;0;2020-06-09;-54
2020-06-08;"Prešovský kraj";0;0;0;0;NA;202604;0;2020-06-08;-54
2020-06-07;"Prešovský kraj";0;0;0;0;NA;202604;0;2020-06-07;-54
2020-06-05;"Prešovský kraj";0;0;0;0;NA;202604;0;2020-06-05;-54
2020-06-03;"Prešovský kraj";0;0;0;0;NA;202604;0;2020-06-03;-54
2020-06-02;"Prešovský kraj";1;0;0;0;NA;202604;1;2020-06-02;-54
2020-05-31;"Prešovský kraj";1;0;0;0;NA;202604;1;2020-05-31;-55
2020-05-29;"Prešovský kraj";0;0;0;0;NA;202604;0;2020-05-29;-56
2020-05-27;"Prešovský kraj";0;0;0;0;NA;202604;0;2020-05-27;-56
2020-05-26;"Prešovský kraj";0;0;0;0;NA;202604;0;2020-05-26;-56
2020-05-25;"Prešovský kraj";0;0;0;0;NA;202604;0;2020-05-25;-56
2020-05-24;"Prešovský kraj";0;0;0;0;NA;202604;0;2020-05-24;-56
2020-05-23;"Prešovský kraj";0;0;0;0;NA;202604;0;2020-05-23;-56
2020-05-22;"Prešovský kraj";0;0;0;0;NA;202604;0;2020-05-22;-56
2020-05-21;"Prešovský kraj";1;0;0;0;NA;202604;1;2020-05-21;-56
2020-05-20;"Prešovský kraj";0;0;0;0;NA;202604;0;2020-05-20;-57
2020-05-19;"Prešovský kraj";0;0;0;0;NA;202604;0;2020-05-19;-57
2020-05-17;"Prešovský kraj";0;0;0;0;NA;202604;0;2020-05-17;-57
2020-05-16;"Prešovský kraj";0;0;0;0;NA;202604;0;2020-05-16;-57
2020-05-15;"Prešovský kraj";0;0;0;0;NA;202604;0;2020-05-15;-57
2020-05-14;"Prešovský kraj";0;0;0;0;NA;202604;0;2020-05-14;-57
2020-05-13;"Prešovský kraj";1;0;0;0;NA;202604;1;2020-05-13;-57
2020-05-12;"Prešovský kraj";0;0;0;0;NA;202604;0;2020-05-12;-58
2020-05-11;"Prešovský kraj";1;0;0;0;NA;202604;1;2020-05-11;-58
2020-05-09;"Prešovský kraj";0;0;0;0;NA;202604;0;2020-05-09;-59
2020-05-07;"Prešovský kraj";0;0;0;0;NA;202604;0;2020-05-07;-59
2020-05-06;"Prešovský kraj";0;0;0;0;NA;202604;0;2020-05-06;-59
2020-05-05;"Prešovský kraj";1;0;0;0;NA;202604;1;2020-05-05;-59
2020-05-04;"Prešovský kraj";0;0;0;0;NA;202604;0;2020-05-04;-60
2020-05-03;"Prešovský kraj";0;0;0;0;NA;202604;0;2020-05-03;-60
2020-05-02;"Prešovský kraj";0;0;0;0;NA;202604;0;2020-05-02;-60
2020-05-01;"Prešovský kraj";2;0;0;0;NA;202604;2;2020-05-01;-60
2020-04-30;"Prešovský kraj";0;0;0;0;NA;202604;0;2020-04-30;-62
2020-04-29;"Prešovský kraj";1;0;0;0;NA;202604;1;2020-04-29;-62
2020-04-28;"Prešovský kraj";1;0;0;0;NA;202604;1;2020-04-28;-63
2020-04-27;"Prešovský kraj";2;0;0;0;NA;202604;2;2020-04-27;-64
2020-04-26;"Prešovský kraj";0;0;0;0;NA;202604;0;2020-04-26;-66
2020-04-25;"Prešovský kraj";0;0;0;0;NA;202604;0;2020-04-25;-66
2020-04-24;"Prešovský kraj";0;0;0;0;NA;202604;0;2020-04-24;-66
2020-04-23;"Prešovský kraj";2;0;0;0;NA;202604;2;2020-04-23;-66
2020-04-22;"Prešovský kraj";11;0;0;0;NA;202604;11;2020-04-22;-68
2020-04-21;"Prešovský kraj";12;0;0;0;NA;202604;12;2020-04-21;-79
2020-04-20;"Prešovský kraj";2;0;0;0;NA;202604;2;2020-04-20;-91
2020-04-19;"Prešovský kraj";4;0;0;0;NA;202604;4;2020-04-19;-93
2020-04-18;"Prešovský kraj";1;0;0;0;NA;202604;1;2020-04-18;-97
2020-04-17;"Prešovský kraj";4;0;0;0;NA;202604;4;2020-04-17;-98
2020-04-16;"Prešovský kraj";9;0;0;0;NA;202604;9;2020-04-16;-102
2020-04-15;"Prešovský kraj";21;0;0;0;NA;202604;21;2020-04-15;-111
2020-04-14;"Prešovský kraj";1;0;0;0;NA;202604;1;2020-04-14;-132
2020-04-13;"Prešovský kraj";2;0;0;0;NA;202604;2;2020-04-13;-133
2020-04-12;"Prešovský kraj";6;0;0;0;NA;202604;6;2020-04-12;-135
2020-04-11;"Prešovský kraj";4;0;0;0;NA;202604;4;2020-04-11;-141
2020-04-10;"Prešovský kraj";0;0;0;0;NA;202604;0;2020-04-10;-145
2020-04-09;"Prešovský kraj";1;0;0;0;NA;202604;1;2020-04-09;-145
2020-04-08;"Prešovský kraj";0;0;0;0;NA;202604;0;2020-04-08;-146
2020-04-07;"Prešovský kraj";7;0;0;0;NA;202604;7;2020-04-07;-146
2020-04-06;"Prešovský kraj";10;0;0;0;NA;202604;10;2020-04-06;-153
2020-04-05;"Prešovský kraj";13;0;0;0;NA;202604;13;2020-04-05;-163
2020-04-04;"Prešovský kraj";1;0;0;0;NA;202604;1;2020-04-04;-176
2020-04-03;"Prešovský kraj";4;0;0;0;NA;202604;4;2020-04-03;-177
2020-04-02;"Prešovský kraj";6;0;0;0;NA;202604;6;2020-04-02;-181
2020-04-01;"Prešovský kraj";6;0;0;0;NA;202604;6;2020-04-01;-187
2020-03-31;"Prešovský kraj";6;0;0;0;NA;202604;6;2020-03-31;-193
2020-03-30;"Prešovský kraj";2;0;0;0;NA;202604;2;2020-03-30;-199
2020-03-29;"Prešovský kraj";2;0;0;0;NA;202604;2;2020-03-29;-201
2020-03-28;"Prešovský kraj";2;0;0;0;NA;202604;2;2020-03-28;-203
2020-03-27;"Prešovský kraj";1;0;0;0;NA;202604;1;2020-03-27;-205
2020-03-26;"Prešovský kraj";8;0;0;0;NA;202604;8;2020-03-26;-206
2020-03-25;"Prešovský kraj";1;0;0;0;NA;202604;1;2020-03-25;-214
2020-03-24;"Prešovský kraj";4;0;0;0;NA;202604;4;2020-03-24;-215
2020-03-23;"Prešovský kraj";0;0;0;0;NA;202604;0;2020-03-23;-219
2020-03-22;"Prešovský kraj";1;0;0;0;NA;202604;1;2020-03-22;-219
2020-03-21;"Prešovský kraj";2;0;0;0;NA;202604;2;2020-03-21;-220
2020-03-20;"Prešovský kraj";3;0;0;0;NA;202604;3;2020-03-20;-222
2020-03-19;"Prešovský kraj";2;0;0;0;NA;202604;2;2020-03-19;-225
2020-03-18;"Prešovský kraj";1;0;0;0;NA;202604;1;2020-03-18;-227
2020-03-17;"Prešovský kraj";1;0;0;0;NA;202604;1;2020-03-17;-228
2020-03-16;"Prešovský kraj";4;0;0;0;NA;202604;4;2020-03-16;-229
2020-03-15;"Prešovský kraj";0;0;0;0;NA;202604;0;2020-03-15;-233
2020-03-14;"Prešovský kraj";1;0;0;0;NA;202604;1;2020-03-14;-233
2020-03-13;"Prešovský kraj";0;0;0;0;NA;202604;0;2020-03-13;-234
2020-03-12;"Prešovský kraj";0;0;0;0;NA;202604;0;2020-03-12;-234
2020-03-11;"Prešovský kraj";0;0;0;0;NA;202604;0;2020-03-11;-234
2020-03-09;"Prešovský kraj";0;0;0;0;NA;202604;0;2020-03-09;-234
2020-03-08;"Prešovský kraj";0;0;0;0;NA;202604;0;2020-03-08;-234
2020-03-07;"Prešovský kraj";0;0;0;0;NA;202604;0;2020-03-07;-234
2020-03-06;"Prešovský kraj";0;0;0;0;NA;202604;0;2020-03-06;-234
2021-12-22;"Trenčiansky kraj";512;0;0;0;101508;165370;512;2021-12-22;165370
2021-12-21;"Trenčiansky kraj";694;0;0;0;NA;165370;694;2021-12-21;164858
2021-12-20;"Trenčiansky kraj";488;5;0;5;NA;165370;488;2021-12-20;164164
2021-12-19;"Trenčiansky kraj";202;1154;59;1213;NA;165370;261;2021-12-19;163676
2021-12-18;"Trenčiansky kraj";438;1101;65;1166;NA;165370;503;2021-12-18;163415
2021-12-17;"Trenčiansky kraj";427;3151;94;3245;NA;165370;521;2021-12-17;162912
2021-12-16;"Trenčiansky kraj";649;3051;144;3195;NA;165370;793;2021-12-16;162391
2021-12-15;"Trenčiansky kraj";791;4361;148;4509;NA;165370;939;2021-12-15;161598
2021-12-14;"Trenčiansky kraj";885;3333;127;3460;NA;165370;1012;2021-12-14;160659
2021-12-13;"Trenčiansky kraj";573;6864;238;7102;NA;165370;811;2021-12-13;159647
2021-12-12;"Trenčiansky kraj";306;2984;149;3133;NA;165370;455;2021-12-12;158836
2021-12-11;"Trenčiansky kraj";706;1824;134;1958;NA;165370;840;2021-12-11;158381
2021-12-10;"Trenčiansky kraj";789;3561;194;3755;NA;165370;983;2021-12-10;157541
2021-12-09;"Trenčiansky kraj";967;3806;196;4002;NA;165370;1163;2021-12-09;156558
2021-12-08;"Trenčiansky kraj";1020;4323;195;4518;NA;165370;1215;2021-12-08;155395
2021-12-07;"Trenčiansky kraj";1241;6177;209;6386;NA;165370;1450;2021-12-07;154180
2021-12-06;"Trenčiansky kraj";751;8461;414;8875;NA;165370;1165;2021-12-06;152730
2021-12-05;"Trenčiansky kraj";510;3538;209;3747;NA;165370;719;2021-12-05;151565
2021-12-04;"Trenčiansky kraj";1058;2022;153;2175;NA;165370;1211;2021-12-04;150846
2021-12-03;"Trenčiansky kraj";1272;4371;301;4672;NA;165370;1573;2021-12-03;149635
2021-12-02;"Trenčiansky kraj";2007;4058;261;4319;NA;165370;2268;2021-12-02;148062
2021-12-01;"Trenčiansky kraj";1000;4908;292;5200;NA;165370;1292;2021-12-01;145794
2021-11-30;"Trenčiansky kraj";1086;4671;326;4997;NA;165370;1412;2021-11-30;144502
2021-11-29;"Trenčiansky kraj";1165;10120;530;10650;NA;165370;1695;2021-11-29;143090
2021-11-28;"Trenčiansky kraj";664;5427;301;5728;NA;165370;965;2021-11-28;141395
2021-11-27;"Trenčiansky kraj";1080;2752;300;3052;NA;165370;1380;2021-11-27;140430
2021-11-26;"Trenčiansky kraj";1238;4481;343;4824;NA;165370;1581;2021-11-26;139050
2021-11-25;"Trenčiansky kraj";1018;3563;342;3905;NA;165370;1360;2021-11-25;137469
2021-11-24;"Trenčiansky kraj";1362;5558;465;6023;NA;165370;1827;2021-11-24;136109
2021-11-23;"Trenčiansky kraj";1140;3717;347;4064;NA;165370;1487;2021-11-23;134282
2021-11-22;"Trenčiansky kraj";920;6467;566;7033;NA;165370;1486;2021-11-22;132795
2021-11-21;"Trenčiansky kraj";413;3234;377;3611;NA;165370;790;2021-11-21;131309
2021-11-20;"Trenčiansky kraj";914;2378;341;2719;NA;165370;1255;2021-11-20;130519
2021-11-19;"Trenčiansky kraj";1261;3785;445;4230;NA;165370;1706;2021-11-19;129264
2021-11-18;"Trenčiansky kraj";810;5021;524;5545;NA;165370;1334;2021-11-18;127558
2021-11-17;"Trenčiansky kraj";796;1852;237;2089;NA;165370;1033;2021-11-17;126224
2021-11-16;"Trenčiansky kraj";859;4060;401;4461;NA;165370;1260;2021-11-16;125191
2021-11-15;"Trenčiansky kraj";720;5114;550;5664;NA;165370;1270;2021-11-15;123931
2021-11-14;"Trenčiansky kraj";447;2462;343;2805;NA;165370;790;2021-11-14;122661
2021-11-13;"Trenčiansky kraj";478;1879;254;2133;NA;165370;732;2021-11-13;121871
2021-11-12;"Trenčiansky kraj";784;3855;338;4193;NA;165370;1122;2021-11-12;121139
2021-11-11;"Trenčiansky kraj";805;3561;345;3906;NA;165370;1150;2021-11-11;120017
2021-11-10;"Trenčiansky kraj";647;3358;279;3637;NA;165370;926;2021-11-10;118867
2021-11-09;"Trenčiansky kraj";752;2886;304;3190;NA;165370;1056;2021-11-09;117941
2021-11-08;"Trenčiansky kraj";489;4643;348;4991;NA;165370;837;2021-11-08;116885
2021-11-07;"Trenčiansky kraj";405;2043;220;2263;NA;165370;625;2021-11-07;116048
2021-11-06;"Trenčiansky kraj";542;1755;176;1931;NA;165370;718;2021-11-06;115423
2021-11-05;"Trenčiansky kraj";677;3083;238;3321;NA;165370;915;2021-11-05;114705
2021-11-04;"Trenčiansky kraj";563;2713;229;2942;NA;165370;792;2021-11-04;113790
2021-11-03;"Trenčiansky kraj";619;2955;222;3177;NA;165370;841;2021-11-03;112998
2021-11-02;"Trenčiansky kraj";663;3808;309;4117;NA;165370;972;2021-11-02;112157
2021-11-01;"Trenčiansky kraj";219;1029;101;1130;NA;165370;320;2021-11-01;111185
2021-10-31;"Trenčiansky kraj";151;1462;152;1614;NA;165370;303;2021-10-31;110865
2021-10-30;"Trenčiansky kraj";345;1770;130;1900;NA;165370;475;2021-10-30;110562
2021-10-29;"Trenčiansky kraj";415;2860;129;2989;NA;165370;544;2021-10-29;110087
2021-10-28;"Trenčiansky kraj";429;2653;157;2810;NA;165370;586;2021-10-28;109543
2021-10-27;"Trenčiansky kraj";463;2612;93;2705;NA;165370;556;2021-10-27;108957
2021-10-26;"Trenčiansky kraj";419;2635;133;2768;NA;165370;552;2021-10-26;108401
2021-10-25;"Trenčiansky kraj";192;3370;130;3500;NA;165370;322;2021-10-25;107849
2021-10-24;"Trenčiansky kraj";121;1643;79;1722;NA;165370;200;2021-10-24;107527
2021-10-23;"Trenčiansky kraj";326;1737;64;1801;NA;165370;390;2021-10-23;107327
2021-10-22;"Trenčiansky kraj";358;2694;78;2772;NA;165370;436;2021-10-22;106937
2021-10-21;"Trenčiansky kraj";247;2343;74;2417;NA;165370;321;2021-10-21;106501
2021-10-20;"Trenčiansky kraj";302;2101;70;2171;NA;165370;372;2021-10-20;106180
2021-10-19;"Trenčiansky kraj";227;2847;59;2906;NA;165370;286;2021-10-19;105808
2021-10-18;"Trenčiansky kraj";143;2453;71;2524;NA;165370;214;2021-10-18;105522
2021-10-17;"Trenčiansky kraj";46;1457;31;1488;NA;165370;77;2021-10-17;105308
2021-10-16;"Trenčiansky kraj";76;1671;35;1706;NA;165370;111;2021-10-16;105231
2021-10-15;"Trenčiansky kraj";126;2925;50;2975;NA;165370;176;2021-10-15;105120
2021-10-14;"Trenčiansky kraj";103;1717;27;1744;NA;165370;130;2021-10-14;104944
2021-10-13;"Trenčiansky kraj";171;2656;28;2684;NA;165370;199;2021-10-13;104814
2021-10-12;"Trenčiansky kraj";114;2350;32;2382;NA;165370;146;2021-10-12;104615
2021-10-11;"Trenčiansky kraj";109;2541;48;2589;NA;165370;157;2021-10-11;104469
2021-10-10;"Trenčiansky kraj";17;1487;23;1510;NA;165370;40;2021-10-10;104312
2021-10-09;"Trenčiansky kraj";157;1809;16;1825;NA;165370;173;2021-10-09;104272
2021-10-08;"Trenčiansky kraj";82;3087;37;3124;NA;165370;119;2021-10-08;104099
2021-10-07;"Trenčiansky kraj";107;2039;30;2069;NA;165370;137;2021-10-07;103980
2021-10-06;"Trenčiansky kraj";193;2289;36;2325;NA;165370;229;2021-10-06;103843
2021-10-05;"Trenčiansky kraj";119;2229;40;2269;NA;165370;159;2021-10-05;103614
2021-10-04;"Trenčiansky kraj";105;2769;52;2821;NA;165370;157;2021-10-04;103455
2021-10-03;"Trenčiansky kraj";30;1558;27;1585;NA;165370;57;2021-10-03;103298
2021-10-02;"Trenčiansky kraj";107;1794;35;1829;NA;165370;142;2021-10-02;103241
2021-10-01;"Trenčiansky kraj";119;2690;37;2727;NA;165370;156;2021-10-01;103099
2021-09-30;"Trenčiansky kraj";74;2327;50;2377;NA;165370;124;2021-09-30;102943
2021-09-29;"Trenčiansky kraj";170;2150;30;2180;NA;165370;200;2021-09-29;102819
2021-09-28;"Trenčiansky kraj";95;2267;31;2298;NA;165370;126;2021-09-28;102619
2021-09-27;"Trenčiansky kraj";56;2813;57;2870;NA;165370;113;2021-09-27;102493
2021-09-26;"Trenčiansky kraj";20;1675;33;1708;NA;165370;53;2021-09-26;102380
2021-09-25;"Trenčiansky kraj";76;1674;21;1695;NA;165370;97;2021-09-25;102327
2021-09-24;"Trenčiansky kraj";104;3220;35;3255;NA;165370;139;2021-09-24;102230
2021-09-23;"Trenčiansky kraj";91;2251;27;2278;NA;165370;118;2021-09-23;102091
2021-09-22;"Trenčiansky kraj";90;2146;24;2170;NA;165370;114;2021-09-22;101973
2021-09-21;"Trenčiansky kraj";79;2307;29;2336;NA;165370;108;2021-09-21;101859
2021-09-20;"Trenčiansky kraj";78;2612;37;2649;NA;165370;115;2021-09-20;101751
2021-09-19;"Trenčiansky kraj";11;1571;20;1591;NA;165370;31;2021-09-19;101636
2021-09-18;"Trenčiansky kraj";53;2099;14;2113;NA;165370;67;2021-09-18;101605
2021-09-17;"Trenčiansky kraj";55;3143;26;3169;NA;165370;81;2021-09-17;101538
2021-09-16;"Trenčiansky kraj";52;2160;20;2180;NA;165370;72;2021-09-16;101457
2021-09-15;"Trenčiansky kraj";63;1043;7;1050;NA;165370;70;2021-09-15;101385
2021-09-14;"Trenčiansky kraj";67;2449;25;2474;NA;165370;92;2021-09-14;101315
2021-09-13;"Trenčiansky kraj";33;2271;35;2306;NA;165370;68;2021-09-13;101223
2021-09-12;"Trenčiansky kraj";3;1411;11;1422;NA;165370;14;2021-09-12;101155
2021-09-11;"Trenčiansky kraj";55;1729;6;1735;NA;165370;61;2021-09-11;101141
2021-09-10;"Trenčiansky kraj";49;2246;15;2261;NA;165370;64;2021-09-10;101080
2021-09-09;"Trenčiansky kraj";24;1684;30;1714;NA;165370;54;2021-09-09;101016
2021-09-08;"Trenčiansky kraj";54;1770;15;1785;NA;165370;69;2021-09-08;100962
2021-09-07;"Trenčiansky kraj";43;1393;18;1411;NA;165370;61;2021-09-07;100893
2021-09-06;"Trenčiansky kraj";47;1398;15;1413;NA;165370;62;2021-09-06;100832
2021-09-05;"Trenčiansky kraj";2;966;23;989;NA;165370;25;2021-09-05;100770
2021-09-04;"Trenčiansky kraj";41;925;4;929;NA;165370;45;2021-09-04;100745
2021-09-03;"Trenčiansky kraj";53;1421;15;1436;NA;165370;68;2021-09-03;100700
2021-09-02;"Trenčiansky kraj";7;999;14;1013;NA;165370;21;2021-09-02;100632
2021-09-01;"Trenčiansky kraj";27;431;8;439;NA;165370;35;2021-09-01;100611
2021-08-31;"Trenčiansky kraj";21;1146;15;1161;NA;165370;36;2021-08-31;100576
2021-08-30;"Trenčiansky kraj";32;1166;10;1176;NA;165370;42;2021-08-30;100540
2021-08-29;"Trenčiansky kraj";1;482;11;493;NA;165370;12;2021-08-29;100498
2021-08-28;"Trenčiansky kraj";9;976;10;986;NA;165370;19;2021-08-28;100486
2021-08-27;"Trenčiansky kraj";21;1599;1;1600;NA;165370;22;2021-08-27;100467
2021-08-26;"Trenčiansky kraj";8;992;6;998;NA;165370;14;2021-08-26;100445
2021-08-25;"Trenčiansky kraj";40;875;7;882;NA;165370;47;2021-08-25;100431
2021-08-24;"Trenčiansky kraj";4;822;4;826;NA;165370;8;2021-08-24;100384
2021-08-23;"Trenčiansky kraj";6;1165;17;1182;NA;165370;23;2021-08-23;100376
2021-08-22;"Trenčiansky kraj";0;726;10;736;NA;165370;10;2021-08-22;100353
2021-08-21;"Trenčiansky kraj";5;964;7;971;NA;165370;12;2021-08-21;100343
2021-08-20;"Trenčiansky kraj";15;1537;2;1539;NA;165370;17;2021-08-20;100331
2021-08-19;"Trenčiansky kraj";2;985;2;987;NA;165370;4;2021-08-19;100314
2021-08-18;"Trenčiansky kraj";6;814;7;821;NA;165370;13;2021-08-18;100310
2021-08-17;"Trenčiansky kraj";9;633;1;634;NA;165370;10;2021-08-17;100297
2021-08-16;"Trenčiansky kraj";5;925;3;928;NA;165370;8;2021-08-16;100287
2021-08-15;"Trenčiansky kraj";0;558;1;559;NA;165370;1;2021-08-15;100279
2021-08-14;"Trenčiansky kraj";12;574;6;580;NA;165370;18;2021-08-14;100278
2021-08-13;"Trenčiansky kraj";2;933;0;933;NA;165370;2;2021-08-13;100260
2021-08-12;"Trenčiansky kraj";2;564;3;567;NA;165370;5;2021-08-12;100258
2021-08-11;"Trenčiansky kraj";1;680;0;680;NA;165370;1;2021-08-11;100253
2021-08-10;"Trenčiansky kraj";8;530;1;531;NA;165370;9;2021-08-10;100252
2021-08-09;"Trenčiansky kraj";8;694;1;695;NA;165370;9;2021-08-09;100243
2021-08-08;"Trenčiansky kraj";0;468;0;468;NA;165370;0;2021-08-08;100234
2021-08-07;"Trenčiansky kraj";3;464;0;464;NA;165370;3;2021-08-07;100234
2021-08-06;"Trenčiansky kraj";3;955;1;956;NA;165370;4;2021-08-06;100231
2021-08-05;"Trenčiansky kraj";3;579;1;580;NA;165370;4;2021-08-05;100227
2021-08-04;"Trenčiansky kraj";14;546;3;549;NA;165370;17;2021-08-04;100223
2021-08-03;"Trenčiansky kraj";9;508;5;513;NA;165370;14;2021-08-03;100206
2021-08-02;"Trenčiansky kraj";1;807;2;809;NA;165370;3;2021-08-02;100192
2021-08-01;"Trenčiansky kraj";0;458;1;459;NA;165370;1;2021-08-01;100189
2021-07-31;"Trenčiansky kraj";4;525;2;527;NA;165370;6;2021-07-31;100188
2021-07-30;"Trenčiansky kraj";2;1069;0;1069;NA;165370;2;2021-07-30;100182
2021-07-29;"Trenčiansky kraj";5;708;0;708;NA;165370;5;2021-07-29;100180
2021-07-28;"Trenčiansky kraj";3;517;2;519;NA;165370;5;2021-07-28;100175
2021-07-27;"Trenčiansky kraj";6;551;1;552;NA;165370;7;2021-07-27;100170
2021-07-26;"Trenčiansky kraj";7;772;1;773;NA;165370;8;2021-07-26;100163
2021-07-25;"Trenčiansky kraj";0;487;2;489;NA;165370;2;2021-07-25;100155
2021-07-24;"Trenčiansky kraj";3;643;1;644;NA;165370;4;2021-07-24;100153
2021-07-23;"Trenčiansky kraj";3;1151;0;1151;NA;165370;3;2021-07-23;100149
2021-07-22;"Trenčiansky kraj";2;844;2;846;NA;165370;4;2021-07-22;100146
2021-07-21;"Trenčiansky kraj";8;661;2;663;NA;165370;10;2021-07-21;100142
2021-07-20;"Trenčiansky kraj";4;525;1;526;NA;165370;5;2021-07-20;100132
2021-07-19;"Trenčiansky kraj";0;866;4;870;NA;165370;4;2021-07-19;100127
2021-07-18;"Trenčiansky kraj";0;526;0;526;NA;165370;0;2021-07-18;100123
2021-07-17;"Trenčiansky kraj";3;673;0;673;NA;165370;3;2021-07-17;100123
2021-07-16;"Trenčiansky kraj";4;1122;0;1122;NA;165370;4;2021-07-16;100120
2021-07-15;"Trenčiansky kraj";2;824;0;824;NA;165370;2;2021-07-15;100116
2021-07-14;"Trenčiansky kraj";8;645;0;645;NA;165370;8;2021-07-14;100114
2021-07-13;"Trenčiansky kraj";1;520;3;523;NA;165370;4;2021-07-13;100106
2021-07-12;"Trenčiansky kraj";9;820;2;822;NA;165370;11;2021-07-12;100102
2021-07-11;"Trenčiansky kraj";0;611;2;613;NA;165370;2;2021-07-11;100091
2021-07-10;"Trenčiansky kraj";2;535;0;535;NA;165370;2;2021-07-10;100089
2021-07-09;"Trenčiansky kraj";7;1379;0;1379;NA;165370;7;2021-07-09;100087
2021-07-08;"Trenčiansky kraj";2;815;1;816;NA;165370;3;2021-07-08;100080
2021-07-07;"Trenčiansky kraj";2;928;0;928;NA;165370;2;2021-07-07;100077
2021-07-06;"Trenčiansky kraj";4;1041;1;1042;NA;165370;5;2021-07-06;100075
2021-07-05;"Trenčiansky kraj";1;508;0;508;NA;165370;1;2021-07-05;100070
2021-07-04;"Trenčiansky kraj";0;612;1;613;NA;165370;1;2021-07-04;100069
2021-07-03;"Trenčiansky kraj";3;815;1;816;NA;165370;4;2021-07-03;100068
2021-07-02;"Trenčiansky kraj";5;1583;2;1585;NA;165370;7;2021-07-02;100064
2021-07-01;"Trenčiansky kraj";4;1152;1;1153;NA;165370;5;2021-07-01;100057
2021-06-30;"Trenčiansky kraj";2;7021;6;7027;NA;165370;8;2021-06-30;100052
2021-06-29;"Trenčiansky kraj";4;2773;5;2778;NA;165370;9;2021-06-29;100044
2021-06-28;"Trenčiansky kraj";5;3644;4;3648;NA;165370;9;2021-06-28;100035
2021-06-27;"Trenčiansky kraj";0;2861;1;2862;NA;165370;1;2021-06-27;100026
2021-06-26;"Trenčiansky kraj";1;3547;4;3551;NA;165370;5;2021-06-26;100025
2021-06-25;"Trenčiansky kraj";2;4626;1;4627;NA;165370;3;2021-06-25;100020
2021-06-24;"Trenčiansky kraj";3;3320;4;3324;NA;165370;7;2021-06-24;100017
2021-06-23;"Trenčiansky kraj";4;2808;2;2810;NA;165370;6;2021-06-23;100010
2021-06-22;"Trenčiansky kraj";7;3137;4;3141;NA;165370;11;2021-06-22;100004
2021-06-21;"Trenčiansky kraj";10;3891;4;3895;NA;165370;14;2021-06-21;99993
2021-06-20;"Trenčiansky kraj";0;3579;5;3584;NA;165370;5;2021-06-20;99979
2021-06-19;"Trenčiansky kraj";5;4528;1;4529;NA;165370;6;2021-06-19;99974
2021-06-18;"Trenčiansky kraj";7;6725;7;6732;NA;165370;14;2021-06-18;99968
2021-06-17;"Trenčiansky kraj";0;3469;6;3475;NA;165370;6;2021-06-17;99954
2021-06-16;"Trenčiansky kraj";4;3183;3;3186;NA;165370;7;2021-06-16;99948
2021-06-15;"Trenčiansky kraj";10;3697;2;3699;NA;165370;12;2021-06-15;99941
2021-06-14;"Trenčiansky kraj";10;4805;15;4820;NA;165370;25;2021-06-14;99929
2021-06-13;"Trenčiansky kraj";0;4643;4;4647;NA;165370;4;2021-06-13;99904
2021-06-12;"Trenčiansky kraj";4;5260;8;5268;NA;165370;12;2021-06-12;99900
2021-06-11;"Trenčiansky kraj";10;7365;11;7376;NA;165370;21;2021-06-11;99888
2021-06-10;"Trenčiansky kraj";5;4345;7;4352;NA;165370;12;2021-06-10;99867
2021-06-09;"Trenčiansky kraj";7;3693;7;3700;NA;165370;14;2021-06-09;99855
2021-06-08;"Trenčiansky kraj";21;3965;7;3972;NA;165370;28;2021-06-08;99841
2021-06-07;"Trenčiansky kraj";13;5560;10;5570;NA;165370;23;2021-06-07;99813
2021-06-06;"Trenčiansky kraj";0;5500;10;5510;NA;165370;10;2021-06-06;99790
2021-06-05;"Trenčiansky kraj";7;6511;5;6516;NA;165370;12;2021-06-05;99780
2021-06-04;"Trenčiansky kraj";16;7653;3;7656;NA;165370;19;2021-06-04;99768
2021-06-03;"Trenčiansky kraj";9;4485;10;4495;NA;165370;19;2021-06-03;99749
2021-06-02;"Trenčiansky kraj";28;4329;8;4337;NA;165370;36;2021-06-02;99730
2021-06-01;"Trenčiansky kraj";22;5396;18;5414;NA;165370;40;2021-06-01;99694
2021-05-31;"Trenčiansky kraj";30;6117;24;6141;NA;165370;54;2021-05-31;99654
2021-05-30;"Trenčiansky kraj";0;8258;16;8274;NA;165370;16;2021-05-30;99600
2021-05-29;"Trenčiansky kraj";13;7915;14;7929;NA;165370;27;2021-05-29;99584
2021-05-28;"Trenčiansky kraj";22;8995;25;9020;NA;165370;47;2021-05-28;99557
2021-05-27;"Trenčiansky kraj";6;5205;12;5217;NA;165370;18;2021-05-27;99510
2021-05-26;"Trenčiansky kraj";26;5069;15;5084;NA;165370;41;2021-05-26;99492
2021-05-25;"Trenčiansky kraj";18;6168;24;6192;NA;165370;42;2021-05-25;99451
2021-05-24;"Trenčiansky kraj";19;9292;37;9329;NA;165370;56;2021-05-24;99409
2021-05-23;"Trenčiansky kraj";0;9083;26;9109;NA;165370;26;2021-05-23;99353
2021-05-22;"Trenčiansky kraj";11;11314;21;11335;NA;165370;32;2021-05-22;99327
2021-05-21;"Trenčiansky kraj";23;11572;26;11598;NA;165370;49;2021-05-21;99295
2021-05-20;"Trenčiansky kraj";23;6320;25;6345;NA;165370;48;2021-05-20;99246
2021-05-19;"Trenčiansky kraj";16;5694;32;5726;NA;165370;48;2021-05-19;99198
2021-05-18;"Trenčiansky kraj";26;7779;28;7807;NA;165370;54;2021-05-18;99150
2021-05-17;"Trenčiansky kraj";37;7671;43;7714;NA;165370;80;2021-05-17;99096
2021-05-16;"Trenčiansky kraj";25;15615;41;15656;NA;165370;66;2021-05-16;99016
2021-05-15;"Trenčiansky kraj";3;21237;32;21269;NA;165370;35;2021-05-15;98950
2021-05-14;"Trenčiansky kraj";41;18676;42;18718;NA;165370;83;2021-05-14;98915
2021-05-13;"Trenčiansky kraj";41;8195;24;8219;NA;165370;65;2021-05-13;98832
2021-05-12;"Trenčiansky kraj";41;7409;31;7440;NA;165370;72;2021-05-12;98767
2021-05-11;"Trenčiansky kraj";66;10507;32;10539;NA;165370;98;2021-05-11;98695
2021-05-10;"Trenčiansky kraj";48;12989;55;13044;NA;165370;103;2021-05-10;98597
2021-05-09;"Trenčiansky kraj";52;17737;39;17776;NA;165370;91;2021-05-09;98494
2021-05-08;"Trenčiansky kraj";3;23822;33;23855;NA;165370;36;2021-05-08;98403
2021-05-07;"Trenčiansky kraj";45;23549;56;23605;NA;165370;101;2021-05-07;98367
2021-05-06;"Trenčiansky kraj";26;10771;44;10815;NA;165370;70;2021-05-06;98266
2021-05-05;"Trenčiansky kraj";73;9377;41;9418;NA;165370;114;2021-05-05;98196
2021-05-04;"Trenčiansky kraj";55;12733;53;12786;NA;165370;108;2021-05-04;98082
2021-05-03;"Trenčiansky kraj";60;15331;51;15382;NA;165370;111;2021-05-03;97974
2021-05-02;"Trenčiansky kraj";0;31163;65;31228;NA;165370;65;2021-05-02;97863
2021-05-01;"Trenčiansky kraj";71;56982;60;57042;NA;165370;131;2021-05-01;97798
2021-04-30;"Trenčiansky kraj";77;29427;61;29488;NA;165370;138;2021-04-30;97667
2021-04-29;"Trenčiansky kraj";49;13198;59;13257;NA;165370;108;2021-04-29;97529
2021-04-28;"Trenčiansky kraj";79;12537;52;12589;NA;165370;131;2021-04-28;97421
2021-04-27;"Trenčiansky kraj";107;15527;40;15567;NA;165370;147;2021-04-27;97290
2021-04-26;"Trenčiansky kraj";52;21070;63;21133;NA;165370;115;2021-04-26;97143
2021-04-25;"Trenčiansky kraj";0;34560;48;34608;NA;165370;48;2021-04-25;97028
2021-04-24;"Trenčiansky kraj";76;72398;100;72498;NA;165370;176;2021-04-24;96980
2021-04-23;"Trenčiansky kraj";143;29959;79;30038;NA;165370;222;2021-04-23;96804
2021-04-22;"Trenčiansky kraj";71;13847;64;13911;NA;165370;135;2021-04-22;96582
2021-04-21;"Trenčiansky kraj";79;13000;67;13067;NA;165370;146;2021-04-21;96447
2021-04-20;"Trenčiansky kraj";142;17740;80;17820;NA;165370;222;2021-04-20;96301
2021-04-19;"Trenčiansky kraj";102;22631;103;22734;NA;165370;205;2021-04-19;96079
2021-04-18;"Trenčiansky kraj";3;40879;97;40976;NA;165370;100;2021-04-18;95874
2021-04-17;"Trenčiansky kraj";77;81498;136;81634;NA;165370;213;2021-04-17;95774
2021-04-16;"Trenčiansky kraj";100;31961;90;32051;NA;165370;190;2021-04-16;95561
2021-04-15;"Trenčiansky kraj";71;14479;69;14548;NA;165370;140;2021-04-15;95371
2021-04-14;"Trenčiansky kraj";135;15574;72;15646;NA;165370;207;2021-04-14;95231
2021-04-13;"Trenčiansky kraj";189;18721;75;18796;NA;165370;264;2021-04-13;95024
2021-04-12;"Trenčiansky kraj";97;23743;91;23834;NA;165370;188;2021-04-12;94760
2021-04-11;"Trenčiansky kraj";1;34735;75;34810;NA;165370;76;2021-04-11;94572
2021-04-10;"Trenčiansky kraj";81;83093;145;83238;NA;165370;226;2021-04-10;94496
2021-04-09;"Trenčiansky kraj";120;28014;91;28105;NA;165370;211;2021-04-09;94270
2021-04-08;"Trenčiansky kraj";112;13283;85;13368;NA;165370;197;2021-04-08;94059
2021-04-07;"Trenčiansky kraj";204;17688;123;17811;NA;165370;327;2021-04-07;93862
2021-04-06;"Trenčiansky kraj";157;28567;178;28745;NA;165370;335;2021-04-06;93535
2021-04-05;"Trenčiansky kraj";15;9227;64;9291;NA;165370;79;2021-04-05;93200
2021-04-04;"Trenčiansky kraj";2;20291;85;20376;NA;165370;87;2021-04-04;93121
2021-04-03;"Trenčiansky kraj";86;80473;221;80694;NA;165370;307;2021-04-03;93034
2021-04-02;"Trenčiansky kraj";126;21620;81;21701;NA;165370;207;2021-04-02;92727
2021-04-01;"Trenčiansky kraj";159;32376;139;32515;NA;165370;298;2021-04-01;92520
2021-03-31;"Trenčiansky kraj";198;20100;130;20230;NA;165370;328;2021-03-31;92222
2021-03-30;"Trenčiansky kraj";272;17305;136;17441;NA;165370;408;2021-03-30;91894
2021-03-29;"Trenčiansky kraj";142;19479;170;19649;NA;165370;312;2021-03-29;91486
2021-03-28;"Trenčiansky kraj";3;34759;116;34875;NA;165370;119;2021-03-28;91174
2021-03-27;"Trenčiansky kraj";130;77314;293;77607;NA;165370;423;2021-03-27;91055
2021-03-26;"Trenčiansky kraj";211;35095;157;35252;NA;165370;368;2021-03-26;90632
2021-03-25;"Trenčiansky kraj";184;16580;176;16756;NA;165370;360;2021-03-25;90264
2021-03-24;"Trenčiansky kraj";259;13102;171;13273;NA;165370;430;2021-03-24;89904
2021-03-23;"Trenčiansky kraj";349;17589;174;17763;NA;165370;523;2021-03-23;89474
2021-03-22;"Trenčiansky kraj";141;21116;213;21329;NA;165370;354;2021-03-22;88951
2021-03-21;"Trenčiansky kraj";85;32711;164;32875;NA;165370;249;2021-03-21;88597
2021-03-20;"Trenčiansky kraj";128;80035;322;80357;NA;165370;450;2021-03-20;88348
2021-03-19;"Trenčiansky kraj";231;34783;232;35015;NA;165370;463;2021-03-19;87898
2021-03-18;"Trenčiansky kraj";262;16105;178;16283;NA;165370;440;2021-03-18;87435
2021-03-17;"Trenčiansky kraj";366;13435;164;13599;NA;165370;530;2021-03-17;86995
2021-03-16;"Trenčiansky kraj";450;15282;241;15523;NA;165370;691;2021-03-16;86465
2021-03-15;"Trenčiansky kraj";162;21235;261;21496;NA;165370;423;2021-03-15;85774
2021-03-14;"Trenčiansky kraj";42;34416;238;34654;NA;165370;280;2021-03-14;85351
2021-03-13;"Trenčiansky kraj";270;79186;453;79639;NA;165370;723;2021-03-13;85071
2021-03-12;"Trenčiansky kraj";366;34795;307;35102;NA;165370;673;2021-03-12;84348
2021-03-11;"Trenčiansky kraj";302;15558;213;15771;NA;165370;515;2021-03-11;83675
2021-03-10;"Trenčiansky kraj";402;13585;237;13822;NA;165370;639;2021-03-10;83160
2021-03-09;"Trenčiansky kraj";586;17982;285;18267;NA;165370;871;2021-03-09;82521
2021-03-08;"Trenčiansky kraj";174;21704;363;22067;NA;165370;537;2021-03-08;81650
2021-03-07;"Trenčiansky kraj";4;33660;313;33973;NA;165370;317;2021-03-07;81113
2021-03-06;"Trenčiansky kraj";260;79661;529;80190;NA;165370;789;2021-03-06;80796
2021-03-05;"Trenčiansky kraj";326;32960;416;33376;NA;165370;742;2021-03-05;80007
2021-03-04;"Trenčiansky kraj";323;16821;317;17138;NA;165370;640;2021-03-04;79265
2021-03-03;"Trenčiansky kraj";413;13960;347;14307;NA;165370;760;2021-03-03;78625
2021-03-02;"Trenčiansky kraj";612;17794;344;18138;NA;165370;956;2021-03-02;77865
2021-03-01;"Trenčiansky kraj";217;21104;445;21549;NA;165370;662;2021-03-01;76909
2021-02-28;"Trenčiansky kraj";45;30238;376;30614;NA;165370;421;2021-02-28;76247
2021-02-27;"Trenčiansky kraj";277;78735;686;79421;NA;165370;963;2021-02-27;75826
2021-02-26;"Trenčiansky kraj";420;32944;435;33379;NA;165370;855;2021-02-26;74863
2021-02-25;"Trenčiansky kraj";424;14029;328;14357;NA;165370;752;2021-02-25;74008
2021-02-24;"Trenčiansky kraj";427;11997;398;12395;NA;165370;825;2021-02-24;73256
2021-02-23;"Trenčiansky kraj";577;14904;390;15294;NA;165370;967;2021-02-23;72431
2021-02-22;"Trenčiansky kraj";160;19969;468;20437;NA;165370;628;2021-02-22;71464
2021-02-21;"Trenčiansky kraj";64;29478;392;29870;NA;165370;456;2021-02-21;70836
2021-02-20;"Trenčiansky kraj";274;77840;745;78585;NA;165370;1019;2021-02-20;70380
2021-02-19;"Trenčiansky kraj";272;30266;523;30789;NA;165370;795;2021-02-19;69361
2021-02-18;"Trenčiansky kraj";355;14094;403;14497;NA;165370;758;2021-02-18;68566
2021-02-17;"Trenčiansky kraj";363;11413;377;11790;NA;165370;740;2021-02-17;67808
2021-02-16;"Trenčiansky kraj";488;17761;406;18167;NA;165370;894;2021-02-16;67068
2021-02-15;"Trenčiansky kraj";151;21846;463;22309;NA;165370;614;2021-02-15;66174
2021-02-14;"Trenčiansky kraj";2;31255;324;31579;NA;165370;326;2021-02-14;65560
2021-02-13;"Trenčiansky kraj";274;63006;522;63528;NA;165370;796;2021-02-13;65234
2021-02-12;"Trenčiansky kraj";276;27979;412;28391;NA;165370;688;2021-02-12;64438
2021-02-11;"Trenčiansky kraj";291;11567;323;11890;NA;165370;614;2021-02-11;63750
2021-02-10;"Trenčiansky kraj";304;11408;317;11725;NA;165370;621;2021-02-10;63136
2021-02-09;"Trenčiansky kraj";514;18412;360;18772;NA;165370;874;2021-02-09;62515
2021-02-08;"Trenčiansky kraj";182;26832;430;27262;NA;165370;612;2021-02-08;61641
2021-02-07;"Trenčiansky kraj";31;36781;341;37122;NA;165370;372;2021-02-07;61029
2021-02-06;"Trenčiansky kraj";216;63931;560;64491;NA;165370;776;2021-02-06;60657
2021-02-05;"Trenčiansky kraj";202;18164;367;18531;NA;165370;569;2021-02-05;59881
2021-02-04;"Trenčiansky kraj";266;7253;311;7564;NA;165370;577;2021-02-04;59312
2021-02-03;"Trenčiansky kraj";162;6723;320;7043;NA;165370;482;2021-02-03;58735
2021-02-02;"Trenčiansky kraj";347;8074;381;8455;NA;165370;728;2021-02-02;58253
2021-02-01;"Trenčiansky kraj";167;8921;311;9232;NA;165370;478;2021-02-01;57525
2021-01-31;"Trenčiansky kraj";7;19103;159;19262;NA;165370;166;2021-01-31;57047
2021-01-30;"Trenčiansky kraj";228;38167;332;38499;NA;165370;560;2021-01-30;56881
2021-01-29;"Trenčiansky kraj";214;7590;235;7825;NA;165370;449;2021-01-29;56321
2021-01-28;"Trenčiansky kraj";307;5442;158;5600;NA;165370;465;2021-01-28;55872
2021-01-27;"Trenčiansky kraj";166;4842;181;5023;NA;165370;347;2021-01-27;55407
2021-01-26;"Trenčiansky kraj";303;14589;250;14839;NA;165370;553;2021-01-26;55060
2021-01-25;"Trenčiansky kraj";160;24310;207;24517;NA;165370;367;2021-01-25;54507
2021-01-24;"Trenčiansky kraj";51;38369;282;38651;NA;165370;333;2021-01-24;54140
2021-01-23;"Trenčiansky kraj";206;114125;749;114874;NA;165370;955;2021-01-23;53807
2021-01-22;"Trenčiansky kraj";148;21831;241;22072;NA;165370;389;2021-01-22;52852
2021-01-21;"Trenčiansky kraj";143;8586;166;8752;NA;165370;309;2021-01-21;52463
2021-01-20;"Trenčiansky kraj";181;8189;227;8416;NA;165370;408;2021-01-20;52154
2021-01-19;"Trenčiansky kraj";363;6600;262;6862;NA;165370;625;2021-01-19;51746
2021-01-18;"Trenčiansky kraj";72;4970;321;5291;NA;165370;393;2021-01-18;51121
2021-01-17;"Trenčiansky kraj";124;156;11;167;NA;165370;135;2021-01-17;50728
2021-01-16;"Trenčiansky kraj";39;1288;53;1341;NA;165370;92;2021-01-16;50593
2021-01-15;"Trenčiansky kraj";264;4031;214;4245;NA;165370;478;2021-01-15;50501
2021-01-14;"Trenčiansky kraj";275;3193;189;3382;NA;165370;464;2021-01-14;50023
2021-01-13;"Trenčiansky kraj";222;3893;215;4108;NA;165370;437;2021-01-13;49559
2021-01-12;"Trenčiansky kraj";508;4604;261;4865;NA;165370;769;2021-01-12;49122
2021-01-11;"Trenčiansky kraj";142;4367;354;4721;NA;165370;496;2021-01-11;48353
2021-01-10;"Trenčiansky kraj";89;4969;77;5046;NA;165370;166;2021-01-10;47857
2021-01-09;"Trenčiansky kraj";276;8280;128;8408;NA;165370;404;2021-01-09;47691
2021-01-08;"Trenčiansky kraj";489;6435;484;6919;NA;165370;973;2021-01-08;47287
2021-01-07;"Trenčiansky kraj";420;6138;577;6715;NA;165370;997;2021-01-07;46314
2021-01-06;"Trenčiansky kraj";221;1021;64;1085;NA;165370;285;2021-01-06;45317
2021-01-05;"Trenčiansky kraj";669;5753;706;6459;NA;165370;1375;2021-01-05;45032
2021-01-04;"Trenčiansky kraj";337;5248;782;6030;NA;165370;1119;2021-01-04;43657
2021-01-03;"Trenčiansky kraj";38;114;15;129;NA;165370;53;2021-01-03;42538
2021-01-02;"Trenčiansky kraj";129;196;23;219;NA;165370;152;2021-01-02;42485
2021-01-01;"Trenčiansky kraj";329;347;23;370;NA;165370;352;2021-01-01;42333
2020-12-31;"Trenčiansky kraj";597;4943;557;5500;NA;165370;1154;2020-12-31;41981
2020-12-30;"Trenčiansky kraj";836;7012;762;7774;NA;165370;1598;2020-12-30;40827
2020-12-29;"Trenčiansky kraj";459;6121;1009;7130;NA;165370;1468;2020-12-29;39229
2020-12-28;"Trenčiansky kraj";258;4195;777;4972;NA;165370;1035;2020-12-28;37761
2020-12-27;"Trenčiansky kraj";5;208;36;244;NA;165370;41;2020-12-27;36726
2020-12-26;"Trenčiansky kraj";174;74;10;84;NA;165370;184;2020-12-26;36685
2020-12-25;"Trenčiansky kraj";251;325;47;372;NA;165370;298;2020-12-25;36501
2020-12-24;"Trenčiansky kraj";552;2194;256;2450;NA;165370;808;2020-12-24;36203
2020-12-23;"Trenčiansky kraj";421;6552;661;7213;NA;165370;1082;2020-12-23;35395
2020-12-22;"Trenčiansky kraj";673;5760;694;6454;NA;165370;1367;2020-12-22;34313
2020-12-21;"Trenčiansky kraj";248;13395;979;14374;NA;165370;1227;2020-12-21;32946
2020-12-20;"Trenčiansky kraj";238;12504;292;12796;NA;165370;530;2020-12-20;31719
2020-12-19;"Trenčiansky kraj";341;1611;150;1761;NA;165370;491;2020-12-19;31189
2020-12-18;"Trenčiansky kraj";521;5199;615;5814;NA;165370;1136;2020-12-18;30698
2020-12-17;"Trenčiansky kraj";670;3843;524;4367;NA;165370;1194;2020-12-17;29562
2020-12-16;"Trenčiansky kraj";461;4474;648;5122;NA;165370;1109;2020-12-16;28368
2020-12-15;"Trenčiansky kraj";595;3805;670;4475;NA;165370;1265;2020-12-15;27259
2020-12-14;"Trenčiansky kraj";318;2907;552;3459;NA;165370;870;2020-12-14;25994
2020-12-13;"Trenčiansky kraj";77;49;6;55;NA;165370;83;2020-12-13;25124
2020-12-12;"Trenčiansky kraj";314;1191;136;1327;NA;165370;450;2020-12-12;25041
2020-12-11;"Trenčiansky kraj";751;3773;453;4226;NA;165370;1204;2020-12-11;24591
2020-12-10;"Trenčiansky kraj";271;3354;473;3827;NA;165370;744;2020-12-10;23387
2020-12-09;"Trenčiansky kraj";508;3788;466;4254;NA;165370;974;2020-12-09;22643
2020-12-08;"Trenčiansky kraj";546;3440;522;3962;NA;165370;1068;2020-12-08;21669
2020-12-07;"Trenčiansky kraj";258;3832;468;4300;NA;165370;726;2020-12-07;20601
2020-12-06;"Trenčiansky kraj";114;179;10;189;NA;165370;124;2020-12-06;19875
2020-12-05;"Trenčiansky kraj";223;610;56;666;NA;165370;279;2020-12-05;19751
2020-12-04;"Trenčiansky kraj";253;2943;273;3216;NA;165370;526;2020-12-04;19472
2020-12-03;"Trenčiansky kraj";503;1714;178;1892;NA;165370;681;2020-12-03;18946
2020-12-02;"Trenčiansky kraj";418;1844;232;2076;NA;165370;650;2020-12-02;18265
2020-12-01;"Trenčiansky kraj";321;5642;351;5993;NA;165370;672;2020-12-01;17615
2020-11-30;"Trenčiansky kraj";167;11514;520;12034;NA;165370;687;2020-11-30;16943
2020-11-29;"Trenčiansky kraj";29;30;5;35;NA;165370;34;2020-11-29;16256
2020-11-28;"Trenčiansky kraj";202;1051;93;1144;NA;165370;295;2020-11-28;16222
2020-11-27;"Trenčiansky kraj";330;1888;186;2074;NA;165370;516;2020-11-27;15927
2020-11-26;"Trenčiansky kraj";395;1252;122;1374;NA;165370;517;2020-11-26;15411
2020-11-25;"Trenčiansky kraj";322;1444;160;1604;NA;165370;482;2020-11-25;14894
2020-11-24;"Trenčiansky kraj";348;2553;308;2861;NA;165370;656;2020-11-24;14412
2020-11-23;"Trenčiansky kraj";159;1186;122;1308;NA;165370;281;2020-11-23;13756
2020-11-22;"Trenčiansky kraj";26;30;7;37;NA;165370;33;2020-11-22;13475
2020-11-21;"Trenčiansky kraj";255;1376;69;1445;NA;165370;324;2020-11-21;13442
2020-11-20;"Trenčiansky kraj";316;861;93;954;NA;165370;409;2020-11-20;13118
2020-11-19;"Trenčiansky kraj";316;740;113;853;NA;165370;429;2020-11-19;12709
2020-11-18;"Trenčiansky kraj";233;379;66;445;NA;165370;299;2020-11-18;12280
2020-11-17;"Trenčiansky kraj";222;106;15;121;NA;165370;237;2020-11-17;11981
2020-11-16;"Trenčiansky kraj";245;236;45;281;NA;165370;290;2020-11-16;11744
2020-11-15;"Trenčiansky kraj";109;29;6;35;NA;165370;115;2020-11-15;11454
2020-11-14;"Trenčiansky kraj";190;74;11;85;NA;165370;201;2020-11-14;11339
2020-11-13;"Trenčiansky kraj";308;131;13;144;NA;165370;321;2020-11-13;11138
2020-11-12;"Trenčiansky kraj";324;124;5;129;NA;165370;329;2020-11-12;10817
2020-11-11;"Trenčiansky kraj";366;113;10;123;NA;165370;376;2020-11-11;10488
2020-11-10;"Trenčiansky kraj";277;106;6;112;NA;165370;283;2020-11-10;10112
2020-11-09;"Trenčiansky kraj";115;1407;48;1455;NA;165370;163;2020-11-09;9829
2020-11-08;"Trenčiansky kraj";81;1271;8;1279;NA;165370;89;2020-11-08;9666
2020-11-07;"Trenčiansky kraj";319;3662;59;3721;NA;165370;378;2020-11-07;9577
2020-11-06;"Trenčiansky kraj";383;6893;84;6977;NA;165370;467;2020-11-06;9199
2020-11-05;"Trenčiansky kraj";399;98;15;113;NA;165370;414;2020-11-05;8732
2020-11-04;"Trenčiansky kraj";370;91;9;100;NA;165370;379;2020-11-04;8318
2020-11-03;"Trenčiansky kraj";575;97;8;105;NA;165370;583;2020-11-03;7939
2020-11-02;"Trenčiansky kraj";197;1833;68;1901;NA;165370;265;2020-11-02;7356
2020-11-01;"Trenčiansky kraj";257;808;24;832;NA;165370;281;2020-11-01;7091
2020-10-31;"Trenčiansky kraj";332;4719;82;4801;NA;165370;414;2020-10-31;6810
2020-10-30;"Trenčiansky kraj";299;5283;102;5385;NA;165370;401;2020-10-30;6396
2020-10-29;"Trenčiansky kraj";496;764;68;832;NA;165370;564;2020-10-29;5995
2020-10-28;"Trenčiansky kraj";269;192;33;225;NA;165370;302;2020-10-28;5431
2020-10-27;"Trenčiansky kraj";473;127;27;154;NA;165370;500;2020-10-27;5129
2020-10-26;"Trenčiansky kraj";177;107;36;143;NA;165370;213;2020-10-26;4629
2020-10-25;"Trenčiansky kraj";138;9;5;14;NA;165370;143;2020-10-25;4416
2020-10-24;"Trenčiansky kraj";395;128;6;134;NA;165370;401;2020-10-24;4273
2020-10-23;"Trenčiansky kraj";301;154;8;162;NA;165370;309;2020-10-23;3872
2020-10-22;"Trenčiansky kraj";273;82;12;94;NA;165370;285;2020-10-22;3563
2020-10-21;"Trenčiansky kraj";183;53;9;62;NA;165370;192;2020-10-21;3278
2020-10-20;"Trenčiansky kraj";212;47;6;53;NA;165370;218;2020-10-20;3086
2020-10-19;"Trenčiansky kraj";41;83;25;108;NA;165370;66;2020-10-19;2868
2020-10-18;"Trenčiansky kraj";104;0;0;0;NA;165370;104;2020-10-18;2802
2020-10-17;"Trenčiansky kraj";157;0;0;0;NA;165370;157;2020-10-17;2698
2020-10-16;"Trenčiansky kraj";225;42;6;48;NA;165370;231;2020-10-16;2541
2020-10-15;"Trenčiansky kraj";255;39;4;43;NA;165370;259;2020-10-15;2310
2020-10-14;"Trenčiansky kraj";162;42;7;49;NA;165370;169;2020-10-14;2051
2020-10-13;"Trenčiansky kraj";124;105;12;117;NA;165370;136;2020-10-13;1882
2020-10-12;"Trenčiansky kraj";55;0;0;0;NA;165370;55;2020-10-12;1746
2020-10-11;"Trenčiansky kraj";73;0;0;0;NA;165370;73;2020-10-11;1691
2020-10-10;"Trenčiansky kraj";180;0;0;0;NA;165370;180;2020-10-10;1618
2020-10-09;"Trenčiansky kraj";198;0;0;0;NA;165370;198;2020-10-09;1438
2020-10-08;"Trenčiansky kraj";115;0;0;0;NA;165370;115;2020-10-08;1240
2020-10-07;"Trenčiansky kraj";75;0;0;0;NA;165370;75;2020-10-07;1125
2020-10-06;"Trenčiansky kraj";72;0;0;0;NA;165370;72;2020-10-06;1050
2020-10-05;"Trenčiansky kraj";32;0;0;0;NA;165370;32;2020-10-05;978
2020-10-04;"Trenčiansky kraj";37;0;0;0;NA;165370;37;2020-10-04;946
2020-10-03;"Trenčiansky kraj";79;0;0;0;NA;165370;79;2020-10-03;909
2020-10-02;"Trenčiansky kraj";69;0;0;0;NA;165370;69;2020-10-02;830
2020-10-01;"Trenčiansky kraj";58;0;0;0;NA;165370;58;2020-10-01;761
2020-09-30;"Trenčiansky kraj";76;0;0;0;NA;165370;76;2020-09-30;703
2020-09-29;"Trenčiansky kraj";43;0;0;0;NA;165370;43;2020-09-29;627
2020-09-28;"Trenčiansky kraj";7;0;0;0;NA;165370;7;2020-09-28;584
2020-09-27;"Trenčiansky kraj";12;0;0;0;NA;165370;12;2020-09-27;577
2020-09-26;"Trenčiansky kraj";37;0;0;0;NA;165370;37;2020-09-26;565
2020-09-25;"Trenčiansky kraj";72;0;0;0;NA;165370;72;2020-09-25;528
2020-09-24;"Trenčiansky kraj";41;0;0;0;NA;165370;41;2020-09-24;456
2020-09-23;"Trenčiansky kraj";32;0;0;0;NA;165370;32;2020-09-23;415
2020-09-22;"Trenčiansky kraj";26;0;0;0;NA;165370;26;2020-09-22;383
2020-09-21;"Trenčiansky kraj";23;0;0;0;NA;165370;23;2020-09-21;357
2020-09-20;"Trenčiansky kraj";21;0;0;0;NA;165370;21;2020-09-20;334
2020-09-19;"Trenčiansky kraj";20;0;0;0;NA;165370;20;2020-09-19;313
2020-09-18;"Trenčiansky kraj";41;0;0;0;NA;165370;41;2020-09-18;293
2020-09-17;"Trenčiansky kraj";20;0;0;0;NA;165370;20;2020-09-17;252
2020-09-16;"Trenčiansky kraj";14;0;0;0;NA;165370;14;2020-09-16;232
2020-09-15;"Trenčiansky kraj";8;0;0;0;NA;165370;8;2020-09-15;218
2020-09-14;"Trenčiansky kraj";5;0;0;0;NA;165370;5;2020-09-14;210
2020-09-13;"Trenčiansky kraj";12;0;0;0;NA;165370;12;2020-09-13;205
2020-09-12;"Trenčiansky kraj";2;0;0;0;NA;165370;2;2020-09-12;193
2020-09-11;"Trenčiansky kraj";27;0;0;0;NA;165370;27;2020-09-11;191
2020-09-10;"Trenčiansky kraj";15;0;0;0;NA;165370;15;2020-09-10;164
2020-09-09;"Trenčiansky kraj";11;0;0;0;NA;165370;11;2020-09-09;149
2020-09-08;"Trenčiansky kraj";12;0;0;0;NA;165370;12;2020-09-08;138
2020-09-07;"Trenčiansky kraj";6;0;0;0;NA;165370;6;2020-09-07;126
2020-09-06;"Trenčiansky kraj";1;0;0;0;NA;165370;1;2020-09-06;120
2020-09-05;"Trenčiansky kraj";3;0;0;0;NA;165370;3;2020-09-05;119
2020-09-04;"Trenčiansky kraj";9;0;0;0;NA;165370;9;2020-09-04;116
2020-09-03;"Trenčiansky kraj";10;0;0;0;NA;165370;10;2020-09-03;107
2020-09-02;"Trenčiansky kraj";5;0;0;0;NA;165370;5;2020-09-02;97
2020-09-01;"Trenčiansky kraj";1;0;0;0;NA;165370;1;2020-09-01;92
2020-08-31;"Trenčiansky kraj";12;0;0;0;NA;165370;12;2020-08-31;91
2020-08-30;"Trenčiansky kraj";0;0;0;0;NA;165370;0;2020-08-30;79
2020-08-29;"Trenčiansky kraj";1;0;0;0;NA;165370;1;2020-08-29;79
2020-08-28;"Trenčiansky kraj";12;0;0;0;NA;165370;12;2020-08-28;78
2020-08-27;"Trenčiansky kraj";10;0;0;0;NA;165370;10;2020-08-27;66
2020-08-26;"Trenčiansky kraj";15;0;0;0;NA;165370;15;2020-08-26;56
2020-08-25;"Trenčiansky kraj";12;0;0;0;NA;165370;12;2020-08-25;41
2020-08-24;"Trenčiansky kraj";4;0;0;0;NA;165370;4;2020-08-24;29
2020-08-23;"Trenčiansky kraj";5;0;0;0;NA;165370;5;2020-08-23;25
2020-08-22;"Trenčiansky kraj";6;0;0;0;NA;165370;6;2020-08-22;20
2020-08-21;"Trenčiansky kraj";6;0;0;0;NA;165370;6;2020-08-21;14
2020-08-20;"Trenčiansky kraj";20;0;0;0;NA;165370;20;2020-08-20;8
2020-08-19;"Trenčiansky kraj";17;0;0;0;NA;165370;17;2020-08-19;-12
2020-08-18;"Trenčiansky kraj";9;0;0;0;NA;165370;9;2020-08-18;-29
2020-08-17;"Trenčiansky kraj";4;0;0;0;NA;165370;4;2020-08-17;-38
2020-08-16;"Trenčiansky kraj";0;0;0;0;NA;165370;0;2020-08-16;-42
2020-08-15;"Trenčiansky kraj";9;0;0;0;NA;165370;9;2020-08-15;-42
2020-08-14;"Trenčiansky kraj";15;0;0;0;NA;165370;15;2020-08-14;-51
2020-08-13;"Trenčiansky kraj";23;0;0;0;NA;165370;23;2020-08-13;-66
2020-08-12;"Trenčiansky kraj";6;0;0;0;NA;165370;6;2020-08-12;-89
2020-08-11;"Trenčiansky kraj";7;0;0;0;NA;165370;7;2020-08-11;-95
2020-08-10;"Trenčiansky kraj";9;0;0;0;NA;165370;9;2020-08-10;-102
2020-08-09;"Trenčiansky kraj";1;0;0;0;NA;165370;1;2020-08-09;-111
2020-08-08;"Trenčiansky kraj";4;0;0;0;NA;165370;4;2020-08-08;-112
2020-08-07;"Trenčiansky kraj";4;0;0;0;NA;165370;4;2020-08-07;-116
2020-08-06;"Trenčiansky kraj";13;0;0;0;NA;165370;13;2020-08-06;-120
2020-08-05;"Trenčiansky kraj";39;0;0;0;NA;165370;39;2020-08-05;-133
2020-08-04;"Trenčiansky kraj";9;0;0;0;NA;165370;9;2020-08-04;-172
2020-08-03;"Trenčiansky kraj";0;0;0;0;NA;165370;0;2020-08-03;-181
2020-08-02;"Trenčiansky kraj";2;0;0;0;NA;165370;2;2020-08-02;-181
2020-08-01;"Trenčiansky kraj";6;0;0;0;NA;165370;6;2020-08-01;-183
2020-07-31;"Trenčiansky kraj";16;0;0;0;NA;165370;16;2020-07-31;-189
2020-07-30;"Trenčiansky kraj";4;0;0;0;NA;165370;4;2020-07-30;-205
2020-07-29;"Trenčiansky kraj";5;0;0;0;NA;165370;5;2020-07-29;-209
2020-07-28;"Trenčiansky kraj";11;0;0;0;NA;165370;11;2020-07-28;-214
2020-07-27;"Trenčiansky kraj";4;0;0;0;NA;165370;4;2020-07-27;-225
2020-07-26;"Trenčiansky kraj";1;0;0;0;NA;165370;1;2020-07-26;-229
2020-07-25;"Trenčiansky kraj";7;0;0;0;NA;165370;7;2020-07-25;-230
2020-07-24;"Trenčiansky kraj";5;0;0;0;NA;165370;5;2020-07-24;-237
2020-07-23;"Trenčiansky kraj";10;0;0;0;NA;165370;10;2020-07-23;-242
2020-07-22;"Trenčiansky kraj";11;0;0;0;NA;165370;11;2020-07-22;-252
2020-07-21;"Trenčiansky kraj";6;0;0;0;NA;165370;6;2020-07-21;-263
2020-07-20;"Trenčiansky kraj";13;0;0;0;NA;165370;13;2020-07-20;-269
2020-07-19;"Trenčiansky kraj";0;0;0;0;NA;165370;0;2020-07-19;-282
2020-07-18;"Trenčiansky kraj";0;0;0;0;NA;165370;0;2020-07-18;-282
2020-07-17;"Trenčiansky kraj";1;0;0;0;NA;165370;1;2020-07-17;-282
2020-07-16;"Trenčiansky kraj";0;0;0;0;NA;165370;0;2020-07-16;-283
2020-07-15;"Trenčiansky kraj";2;0;0;0;NA;165370;2;2020-07-15;-283
2020-07-14;"Trenčiansky kraj";8;0;0;0;NA;165370;8;2020-07-14;-285
2020-07-13;"Trenčiansky kraj";1;0;0;0;NA;165370;1;2020-07-13;-293
2020-07-12;"Trenčiansky kraj";0;0;0;0;NA;165370;0;2020-07-12;-294
2020-07-11;"Trenčiansky kraj";0;0;0;0;NA;165370;0;2020-07-11;-294
2020-07-10;"Trenčiansky kraj";3;0;0;0;NA;165370;3;2020-07-10;-294
2020-07-09;"Trenčiansky kraj";2;0;0;0;NA;165370;2;2020-07-09;-297
2020-07-08;"Trenčiansky kraj";1;0;0;0;NA;165370;1;2020-07-08;-299
2020-07-07;"Trenčiansky kraj";9;0;0;0;NA;165370;9;2020-07-07;-300
2020-07-06;"Trenčiansky kraj";1;0;0;0;NA;165370;1;2020-07-06;-309
2020-07-05;"Trenčiansky kraj";1;0;0;0;NA;165370;1;2020-07-05;-310
2020-07-04;"Trenčiansky kraj";0;0;0;0;NA;165370;0;2020-07-04;-311
2020-07-03;"Trenčiansky kraj";2;0;0;0;NA;165370;2;2020-07-03;-311
2020-07-02;"Trenčiansky kraj";10;0;0;0;NA;165370;10;2020-07-02;-313
2020-07-01;"Trenčiansky kraj";1;0;0;0;NA;165370;1;2020-07-01;-323
2020-06-30;"Trenčiansky kraj";6;0;0;0;NA;165370;6;2020-06-30;-324
2020-06-29;"Trenčiansky kraj";1;0;0;0;NA;165370;1;2020-06-29;-330
2020-06-28;"Trenčiansky kraj";0;0;0;0;NA;165370;0;2020-06-28;-331
2020-06-27;"Trenčiansky kraj";0;0;0;0;NA;165370;0;2020-06-27;-331
2020-06-26;"Trenčiansky kraj";0;0;0;0;NA;165370;0;2020-06-26;-331
2020-06-25;"Trenčiansky kraj";2;0;0;0;NA;165370;2;2020-06-25;-331
2020-06-24;"Trenčiansky kraj";1;0;0;0;NA;165370;1;2020-06-24;-333
2020-06-23;"Trenčiansky kraj";0;0;0;0;NA;165370;0;2020-06-23;-334
2020-06-22;"Trenčiansky kraj";0;0;0;0;NA;165370;0;2020-06-22;-334
2020-06-21;"Trenčiansky kraj";0;0;0;0;NA;165370;0;2020-06-21;-334
2020-06-20;"Trenčiansky kraj";0;0;0;0;NA;165370;0;2020-06-20;-334
2020-06-19;"Trenčiansky kraj";0;0;0;0;NA;165370;0;2020-06-19;-334
2020-06-18;"Trenčiansky kraj";0;0;0;0;NA;165370;0;2020-06-18;-334
2020-06-17;"Trenčiansky kraj";0;0;0;0;NA;165370;0;2020-06-17;-334
2020-06-16;"Trenčiansky kraj";0;0;0;0;NA;165370;0;2020-06-16;-334
2020-06-14;"Trenčiansky kraj";0;0;0;0;NA;165370;0;2020-06-14;-334
2020-06-13;"Trenčiansky kraj";0;0;0;0;NA;165370;0;2020-06-13;-334
2020-06-12;"Trenčiansky kraj";0;0;0;0;NA;165370;0;2020-06-12;-334
2020-06-11;"Trenčiansky kraj";0;0;0;0;NA;165370;0;2020-06-11;-334
2020-06-10;"Trenčiansky kraj";1;0;0;0;NA;165370;1;2020-06-10;-334
2020-06-09;"Trenčiansky kraj";0;0;0;0;NA;165370;0;2020-06-09;-335
2020-06-08;"Trenčiansky kraj";0;0;0;0;NA;165370;0;2020-06-08;-335
2020-06-07;"Trenčiansky kraj";0;0;0;0;NA;165370;0;2020-06-07;-335
2020-06-05;"Trenčiansky kraj";0;0;0;0;NA;165370;0;2020-06-05;-335
2020-06-03;"Trenčiansky kraj";0;0;0;0;NA;165370;0;2020-06-03;-335
2020-06-02;"Trenčiansky kraj";0;0;0;0;NA;165370;0;2020-06-02;-335
2020-05-31;"Trenčiansky kraj";0;0;0;0;NA;165370;0;2020-05-31;-335
2020-05-29;"Trenčiansky kraj";0;0;0;0;NA;165370;0;2020-05-29;-335
2020-05-27;"Trenčiansky kraj";2;0;0;0;NA;165370;2;2020-05-27;-335
2020-05-26;"Trenčiansky kraj";0;0;0;0;NA;165370;0;2020-05-26;-337
2020-05-25;"Trenčiansky kraj";0;0;0;0;NA;165370;0;2020-05-25;-337
2020-05-24;"Trenčiansky kraj";0;0;0;0;NA;165370;0;2020-05-24;-337
2020-05-23;"Trenčiansky kraj";0;0;0;0;NA;165370;0;2020-05-23;-337
2020-05-22;"Trenčiansky kraj";0;0;0;0;NA;165370;0;2020-05-22;-337
2020-05-21;"Trenčiansky kraj";0;0;0;0;NA;165370;0;2020-05-21;-337
2020-05-20;"Trenčiansky kraj";0;0;0;0;NA;165370;0;2020-05-20;-337
2020-05-19;"Trenčiansky kraj";0;0;0;0;NA;165370;0;2020-05-19;-337
2020-05-17;"Trenčiansky kraj";0;0;0;0;NA;165370;0;2020-05-17;-337
2020-05-16;"Trenčiansky kraj";0;0;0;0;NA;165370;0;2020-05-16;-337
2020-05-15;"Trenčiansky kraj";1;0;0;0;NA;165370;1;2020-05-15;-337
2020-05-14;"Trenčiansky kraj";2;0;0;0;NA;165370;2;2020-05-14;-338
2020-05-13;"Trenčiansky kraj";1;0;0;0;NA;165370;1;2020-05-13;-340
2020-05-12;"Trenčiansky kraj";1;0;0;0;NA;165370;1;2020-05-12;-341
2020-05-11;"Trenčiansky kraj";3;0;0;0;NA;165370;3;2020-05-11;-342
2020-05-09;"Trenčiansky kraj";2;0;0;0;NA;165370;2;2020-05-09;-345
2020-05-07;"Trenčiansky kraj";6;0;0;0;NA;165370;6;2020-05-07;-347
2020-05-06;"Trenčiansky kraj";0;0;0;0;NA;165370;0;2020-05-06;-353
2020-05-05;"Trenčiansky kraj";2;0;0;0;NA;165370;2;2020-05-05;-353
2020-05-04;"Trenčiansky kraj";0;0;0;0;NA;165370;0;2020-05-04;-355
2020-05-03;"Trenčiansky kraj";0;0;0;0;NA;165370;0;2020-05-03;-355
2020-05-02;"Trenčiansky kraj";0;0;0;0;NA;165370;0;2020-05-02;-355
2020-05-01;"Trenčiansky kraj";0;0;0;0;NA;165370;0;2020-05-01;-355
2020-04-30;"Trenčiansky kraj";0;0;0;0;NA;165370;0;2020-04-30;-355
2020-04-29;"Trenčiansky kraj";2;0;0;0;NA;165370;2;2020-04-29;-355
2020-04-28;"Trenčiansky kraj";1;0;0;0;NA;165370;1;2020-04-28;-357
2020-04-27;"Trenčiansky kraj";0;0;0;0;NA;165370;0;2020-04-27;-358
2020-04-26;"Trenčiansky kraj";1;0;0;0;NA;165370;1;2020-04-26;-358
2020-04-25;"Trenčiansky kraj";0;0;0;0;NA;165370;0;2020-04-25;-359
2020-04-24;"Trenčiansky kraj";0;0;0;0;NA;165370;0;2020-04-24;-359
2020-04-23;"Trenčiansky kraj";11;0;0;0;NA;165370;11;2020-04-23;-359
2020-04-22;"Trenčiansky kraj";1;0;0;0;NA;165370;1;2020-04-22;-370
2020-04-21;"Trenčiansky kraj";11;0;0;0;NA;165370;11;2020-04-21;-371
2020-04-20;"Trenčiansky kraj";15;0;0;0;NA;165370;15;2020-04-20;-382
2020-04-19;"Trenčiansky kraj";2;0;0;0;NA;165370;2;2020-04-19;-397
2020-04-18;"Trenčiansky kraj";3;0;0;0;NA;165370;3;2020-04-18;-399
2020-04-17;"Trenčiansky kraj";4;0;0;0;NA;165370;4;2020-04-17;-402
2020-04-16;"Trenčiansky kraj";10;0;0;0;NA;165370;10;2020-04-16;-406
2020-04-15;"Trenčiansky kraj";4;0;0;0;NA;165370;4;2020-04-15;-416
2020-04-14;"Trenčiansky kraj";0;0;0;0;NA;165370;0;2020-04-14;-420
2020-04-13;"Trenčiansky kraj";1;0;0;0;NA;165370;1;2020-04-13;-420
2020-04-12;"Trenčiansky kraj";2;0;0;0;NA;165370;2;2020-04-12;-421
2020-04-11;"Trenčiansky kraj";3;0;0;0;NA;165370;3;2020-04-11;-423
2020-04-10;"Trenčiansky kraj";0;0;0;0;NA;165370;0;2020-04-10;-426
2020-04-09;"Trenčiansky kraj";0;0;0;0;NA;165370;0;2020-04-09;-426
2020-04-08;"Trenčiansky kraj";2;0;0;0;NA;165370;2;2020-04-08;-426
2020-04-07;"Trenčiansky kraj";18;0;0;0;NA;165370;18;2020-04-07;-428
2020-04-06;"Trenčiansky kraj";0;0;0;0;NA;165370;0;2020-04-06;-446
2020-04-05;"Trenčiansky kraj";3;0;0;0;NA;165370;3;2020-04-05;-446
2020-04-04;"Trenčiansky kraj";5;0;0;0;NA;165370;5;2020-04-04;-449
2020-04-03;"Trenčiansky kraj";4;0;0;0;NA;165370;4;2020-04-03;-454
2020-04-02;"Trenčiansky kraj";1;0;0;0;NA;165370;1;2020-04-02;-458
2020-04-01;"Trenčiansky kraj";3;0;0;0;NA;165370;3;2020-04-01;-459
2020-03-31;"Trenčiansky kraj";1;0;0;0;NA;165370;1;2020-03-31;-462
2020-03-30;"Trenčiansky kraj";3;0;0;0;NA;165370;3;2020-03-30;-463
2020-03-29;"Trenčiansky kraj";6;0;0;0;NA;165370;6;2020-03-29;-466
2020-03-28;"Trenčiansky kraj";9;0;0;0;NA;165370;9;2020-03-28;-472
2020-03-27;"Trenčiansky kraj";2;0;0;0;NA;165370;2;2020-03-27;-481
2020-03-26;"Trenčiansky kraj";6;0;0;0;NA;165370;6;2020-03-26;-483
2020-03-25;"Trenčiansky kraj";3;0;0;0;NA;165370;3;2020-03-25;-489
2020-03-24;"Trenčiansky kraj";1;0;0;0;NA;165370;1;2020-03-24;-492
2020-03-23;"Trenčiansky kraj";0;0;0;0;NA;165370;0;2020-03-23;-493
2020-03-22;"Trenčiansky kraj";0;0;0;0;NA;165370;0;2020-03-22;-493
2020-03-21;"Trenčiansky kraj";2;0;0;0;NA;165370;2;2020-03-21;-493
2020-03-20;"Trenčiansky kraj";2;0;0;0;NA;165370;2;2020-03-20;-495
2020-03-19;"Trenčiansky kraj";8;0;0;0;NA;165370;8;2020-03-19;-497
2020-03-18;"Trenčiansky kraj";0;0;0;0;NA;165370;0;2020-03-18;-505
2020-03-17;"Trenčiansky kraj";0;0;0;0;NA;165370;0;2020-03-17;-505
2020-03-16;"Trenčiansky kraj";1;0;0;0;NA;165370;1;2020-03-16;-505
2020-03-15;"Trenčiansky kraj";5;0;0;0;NA;165370;5;2020-03-15;-506
2020-03-14;"Trenčiansky kraj";0;0;0;0;NA;165370;0;2020-03-14;-511
2020-03-13;"Trenčiansky kraj";0;0;0;0;NA;165370;0;2020-03-13;-511
2020-03-12;"Trenčiansky kraj";1;0;0;0;NA;165370;1;2020-03-12;-511
2020-03-11;"Trenčiansky kraj";0;0;0;0;NA;165370;0;2020-03-11;-512
2020-03-09;"Trenčiansky kraj";0;0;0;0;NA;165370;0;2020-03-09;-512
2020-03-08;"Trenčiansky kraj";0;0;0;0;NA;165370;0;2020-03-08;-512
2020-03-07;"Trenčiansky kraj";0;0;0;0;NA;165370;0;2020-03-07;-512
2020-03-06;"Trenčiansky kraj";0;0;0;0;NA;165370;0;2020-03-06;-512
2021-12-22;"Trnavský kraj";545;0;0;0;88276;141552;545;2021-12-22;141552
2021-12-21;"Trnavský kraj";699;0;0;0;NA;141552;699;2021-12-21;141007
2021-12-20;"Trnavský kraj";438;0;0;0;NA;141552;438;2021-12-20;140308
2021-12-19;"Trnavský kraj";155;1039;34;1073;NA;141552;189;2021-12-19;139870
2021-12-18;"Trnavský kraj";627;1072;65;1137;NA;141552;692;2021-12-18;139681
2021-12-17;"Trnavský kraj";576;2114;99;2213;NA;141552;675;2021-12-17;138989
2021-12-16;"Trnavský kraj";653;2521;123;2644;NA;141552;776;2021-12-16;138314
2021-12-15;"Trnavský kraj";746;2198;120;2318;NA;141552;866;2021-12-15;137538
2021-12-14;"Trnavský kraj";976;2718;134;2852;NA;141552;1110;2021-12-14;136672
2021-12-13;"Trnavský kraj";521;4845;175;5020;NA;141552;696;2021-12-13;135562
2021-12-12;"Trnavský kraj";337;2117;87;2204;NA;141552;424;2021-12-12;134866
2021-12-11;"Trnavský kraj";720;1324;83;1407;NA;141552;803;2021-12-11;134442
2021-12-10;"Trnavský kraj";702;2892;141;3033;NA;141552;843;2021-12-10;133639
2021-12-09;"Trnavský kraj";926;2306;96;2402;NA;141552;1022;2021-12-09;132796
2021-12-08;"Trnavský kraj";1233;2547;137;2684;NA;141552;1370;2021-12-08;131774
2021-12-07;"Trnavský kraj";1159;3637;174;3811;NA;141552;1333;2021-12-07;130404
2021-12-06;"Trnavský kraj";911;3648;208;3856;NA;141552;1119;2021-12-06;129071
2021-12-05;"Trnavský kraj";269;2302;106;2408;NA;141552;375;2021-12-05;127952
2021-12-04;"Trnavský kraj";1225;1606;115;1721;NA;141552;1340;2021-12-04;127577
2021-12-03;"Trnavský kraj";1246;2996;201;3197;NA;141552;1447;2021-12-03;126237
2021-12-02;"Trnavský kraj";1809;2379;188;2567;NA;141552;1997;2021-12-02;124790
2021-12-01;"Trnavský kraj";738;2982;179;3161;NA;141552;917;2021-12-01;122793
2021-11-30;"Trnavský kraj";1166;4217;202;4419;NA;141552;1368;2021-11-30;121876
2021-11-29;"Trnavský kraj";814;5353;296;5649;NA;141552;1110;2021-11-29;120508
2021-11-28;"Trnavský kraj";482;3086;146;3232;NA;141552;628;2021-11-28;119398
2021-11-27;"Trnavský kraj";1186;2240;206;2446;NA;141552;1392;2021-11-27;118770
2021-11-26;"Trnavský kraj";880;2890;200;3090;NA;141552;1080;2021-11-26;117378
2021-11-25;"Trnavský kraj";1002;2680;158;2838;NA;141552;1160;2021-11-25;116298
2021-11-24;"Trnavský kraj";1060;3442;250;3692;NA;141552;1310;2021-11-24;115138
2021-11-23;"Trnavský kraj";1078;3714;273;3987;NA;141552;1351;2021-11-23;113828
2021-11-22;"Trnavský kraj";696;4028;295;4323;NA;141552;991;2021-11-22;112477
2021-11-21;"Trnavský kraj";298;2270;212;2482;NA;141552;510;2021-11-21;111486
2021-11-20;"Trnavský kraj";826;1529;196;1725;NA;141552;1022;2021-11-20;110976
2021-11-19;"Trnavský kraj";901;3366;315;3681;NA;141552;1216;2021-11-19;109954
2021-11-18;"Trnavský kraj";796;2871;240;3111;NA;141552;1036;2021-11-18;108738
2021-11-17;"Trnavský kraj";769;1186;139;1325;NA;141552;908;2021-11-17;107702
2021-11-16;"Trnavský kraj";591;2754;206;2960;NA;141552;797;2021-11-16;106794
2021-11-15;"Trnavský kraj";606;3350;239;3589;NA;141552;845;2021-11-15;105997
2021-11-14;"Trnavský kraj";236;1578;141;1719;NA;141552;377;2021-11-14;105152
2021-11-13;"Trnavský kraj";815;1314;132;1446;NA;141552;947;2021-11-13;104775
2021-11-12;"Trnavský kraj";563;2584;156;2740;NA;141552;719;2021-11-12;103828
2021-11-11;"Trnavský kraj";512;2426;161;2587;NA;141552;673;2021-11-11;103109
2021-11-10;"Trnavský kraj";590;2315;173;2488;NA;141552;763;2021-11-10;102436
2021-11-09;"Trnavský kraj";585;2538;187;2725;NA;141552;772;2021-11-09;101673
2021-11-08;"Trnavský kraj";357;2715;163;2878;NA;141552;520;2021-11-08;100901
2021-11-07;"Trnavský kraj";162;1349;111;1460;NA;141552;273;2021-11-07;100381
2021-11-06;"Trnavský kraj";391;1287;82;1369;NA;141552;473;2021-11-06;100108
2021-11-05;"Trnavský kraj";447;2202;102;2304;NA;141552;549;2021-11-05;99635
2021-11-04;"Trnavský kraj";432;2289;112;2401;NA;141552;544;2021-11-04;99086
2021-11-03;"Trnavský kraj";420;2091;97;2188;NA;141552;517;2021-11-03;98542
2021-11-02;"Trnavský kraj";365;2767;124;2891;NA;141552;489;2021-11-02;98025
2021-11-01;"Trnavský kraj";220;583;27;610;NA;141552;247;2021-11-01;97536
2021-10-31;"Trnavský kraj";61;887;62;949;NA;141552;123;2021-10-31;97289
2021-10-30;"Trnavský kraj";251;1099;50;1149;NA;141552;301;2021-10-30;97166
2021-10-29;"Trnavský kraj";312;2123;53;2176;NA;141552;365;2021-10-29;96865
2021-10-28;"Trnavský kraj";339;2034;65;2099;NA;141552;404;2021-10-28;96500
2021-10-27;"Trnavský kraj";232;1884;58;1942;NA;141552;290;2021-10-27;96096
2021-10-26;"Trnavský kraj";366;1964;54;2018;NA;141552;420;2021-10-26;95806
2021-10-25;"Trnavský kraj";142;2786;72;2858;NA;141552;214;2021-10-25;95386
2021-10-24;"Trnavský kraj";11;990;30;1020;NA;141552;41;2021-10-24;95172
2021-10-23;"Trnavský kraj";228;1126;27;1153;NA;141552;255;2021-10-23;95131
2021-10-22;"Trnavský kraj";204;2249;51;2300;NA;141552;255;2021-10-22;94876
2021-10-21;"Trnavský kraj";188;1671;46;1717;NA;141552;234;2021-10-21;94621
2021-10-20;"Trnavský kraj";212;1634;47;1681;NA;141552;259;2021-10-20;94387
2021-10-19;"Trnavský kraj";240;1848;30;1878;NA;141552;270;2021-10-19;94128
2021-10-18;"Trnavský kraj";95;2316;72;2388;NA;141552;167;2021-10-18;93858
2021-10-17;"Trnavský kraj";5;1218;17;1235;NA;141552;22;2021-10-17;93691
2021-10-16;"Trnavský kraj";129;1233;17;1250;NA;141552;146;2021-10-16;93669
2021-10-15;"Trnavský kraj";122;2121;24;2145;NA;141552;146;2021-10-15;93523
2021-10-14;"Trnavský kraj";131;1663;24;1687;NA;141552;155;2021-10-14;93377
2021-10-13;"Trnavský kraj";128;2072;23;2095;NA;141552;151;2021-10-13;93222
2021-10-12;"Trnavský kraj";189;2788;38;2826;NA;141552;227;2021-10-12;93071
2021-10-11;"Trnavský kraj";115;2621;35;2656;NA;141552;150;2021-10-11;92844
2021-10-10;"Trnavský kraj";2;993;15;1008;NA;141552;17;2021-10-10;92694
2021-10-09;"Trnavský kraj";151;1099;10;1109;NA;141552;161;2021-10-09;92677
2021-10-08;"Trnavský kraj";106;2326;34;2360;NA;141552;140;2021-10-08;92516
2021-10-07;"Trnavský kraj";151;1714;25;1739;NA;141552;176;2021-10-07;92376
2021-10-06;"Trnavský kraj";122;1929;27;1956;NA;141552;149;2021-10-06;92200
2021-10-05;"Trnavský kraj";220;3726;34;3760;NA;141552;254;2021-10-05;92051
2021-10-04;"Trnavský kraj";54;1963;47;2010;NA;141552;101;2021-10-04;91797
2021-10-03;"Trnavský kraj";1;1106;17;1123;NA;141552;18;2021-10-03;91696
2021-10-02;"Trnavský kraj";52;1055;12;1067;NA;141552;64;2021-10-02;91678
2021-10-01;"Trnavský kraj";113;2243;17;2260;NA;141552;130;2021-10-01;91614
2021-09-30;"Trnavský kraj";109;1872;18;1890;NA;141552;127;2021-09-30;91484
2021-09-29;"Trnavský kraj";83;1331;11;1342;NA;141552;94;2021-09-29;91357
2021-09-28;"Trnavský kraj";135;1934;31;1965;NA;141552;166;2021-09-28;91263
2021-09-27;"Trnavský kraj";80;2084;25;2109;NA;141552;105;2021-09-27;91097
2021-09-26;"Trnavský kraj";2;1048;12;1060;NA;141552;14;2021-09-26;90992
2021-09-25;"Trnavský kraj";61;1105;9;1114;NA;141552;70;2021-09-25;90978
2021-09-24;"Trnavský kraj";41;2229;15;2244;NA;141552;56;2021-09-24;90908
2021-09-23;"Trnavský kraj";89;1691;16;1707;NA;141552;105;2021-09-23;90852
2021-09-22;"Trnavský kraj";119;1706;28;1734;NA;141552;147;2021-09-22;90747
2021-09-21;"Trnavský kraj";108;1505;17;1522;NA;141552;125;2021-09-21;90600
2021-09-20;"Trnavský kraj";50;1652;20;1672;NA;141552;70;2021-09-20;90475
2021-09-19;"Trnavský kraj";2;924;8;932;NA;141552;10;2021-09-19;90405
2021-09-18;"Trnavský kraj";100;982;6;988;NA;141552;106;2021-09-18;90395
2021-09-17;"Trnavský kraj";77;1709;20;1729;NA;141552;97;2021-09-17;90289
2021-09-16;"Trnavský kraj";105;1279;32;1311;NA;141552;137;2021-09-16;90192
2021-09-15;"Trnavský kraj";59;841;5;846;NA;141552;64;2021-09-15;90055
2021-09-14;"Trnavský kraj";38;1583;12;1595;NA;141552;50;2021-09-14;89991
2021-09-13;"Trnavský kraj";56;1410;16;1426;NA;141552;72;2021-09-13;89941
2021-09-12;"Trnavský kraj";0;653;1;654;NA;141552;1;2021-09-12;89869
2021-09-11;"Trnavský kraj";37;971;10;981;NA;141552;47;2021-09-11;89868
2021-09-10;"Trnavský kraj";43;1441;9;1450;NA;141552;52;2021-09-10;89821
2021-09-09;"Trnavský kraj";42;954;13;967;NA;141552;55;2021-09-09;89769
2021-09-08;"Trnavský kraj";65;802;15;817;NA;141552;80;2021-09-08;89714
2021-09-07;"Trnavský kraj";29;844;5;849;NA;141552;34;2021-09-07;89634
2021-09-06;"Trnavský kraj";18;1234;14;1248;NA;141552;32;2021-09-06;89600
2021-09-05;"Trnavský kraj";2;580;4;584;NA;141552;6;2021-09-05;89568
2021-09-04;"Trnavský kraj";17;868;6;874;NA;141552;23;2021-09-04;89562
2021-09-03;"Trnavský kraj";14;1060;5;1065;NA;141552;19;2021-09-03;89539
2021-09-02;"Trnavský kraj";30;830;10;840;NA;141552;40;2021-09-02;89520
2021-09-01;"Trnavský kraj";6;409;4;413;NA;141552;10;2021-09-01;89480
2021-08-31;"Trnavský kraj";13;884;3;887;NA;141552;16;2021-08-31;89470
2021-08-30;"Trnavský kraj";7;904;1;905;NA;141552;8;2021-08-30;89454
2021-08-29;"Trnavský kraj";8;427;1;428;NA;141552;9;2021-08-29;89446
2021-08-28;"Trnavský kraj";17;694;2;696;NA;141552;19;2021-08-28;89437
2021-08-27;"Trnavský kraj";1;1186;4;1190;NA;141552;5;2021-08-27;89418
2021-08-26;"Trnavský kraj";8;713;3;716;NA;141552;11;2021-08-26;89413
2021-08-25;"Trnavský kraj";11;683;6;689;NA;141552;17;2021-08-25;89402
2021-08-24;"Trnavský kraj";7;801;1;802;NA;141552;8;2021-08-24;89385
2021-08-23;"Trnavský kraj";4;844;1;845;NA;141552;5;2021-08-23;89377
2021-08-22;"Trnavský kraj";0;474;0;474;NA;141552;0;2021-08-22;89372
2021-08-21;"Trnavský kraj";8;703;0;703;NA;141552;8;2021-08-21;89372
2021-08-20;"Trnavský kraj";4;1095;4;1099;NA;141552;8;2021-08-20;89364
2021-08-19;"Trnavský kraj";10;875;3;878;NA;141552;13;2021-08-19;89356
2021-08-18;"Trnavský kraj";6;789;2;791;NA;141552;8;2021-08-18;89343
2021-08-17;"Trnavský kraj";7;524;4;528;NA;141552;11;2021-08-17;89335
2021-08-16;"Trnavský kraj";9;966;3;969;NA;141552;12;2021-08-16;89324
2021-08-15;"Trnavský kraj";0;556;1;557;NA;141552;1;2021-08-15;89312
2021-08-14;"Trnavský kraj";10;801;3;804;NA;141552;13;2021-08-14;89311
2021-08-13;"Trnavský kraj";5;1077;6;1083;NA;141552;11;2021-08-13;89298
2021-08-12;"Trnavský kraj";3;666;3;669;NA;141552;6;2021-08-12;89287
2021-08-11;"Trnavský kraj";7;576;2;578;NA;141552;9;2021-08-11;89281
2021-08-10;"Trnavský kraj";3;757;3;760;NA;141552;6;2021-08-10;89272
2021-08-09;"Trnavský kraj";12;808;0;808;NA;141552;12;2021-08-09;89266
2021-08-08;"Trnavský kraj";1;545;0;545;NA;141552;1;2021-08-08;89254
2021-08-07;"Trnavský kraj";9;724;0;724;NA;141552;9;2021-08-07;89253
2021-08-06;"Trnavský kraj";3;988;0;988;NA;141552;3;2021-08-06;89244
2021-08-05;"Trnavský kraj";2;662;1;663;NA;141552;3;2021-08-05;89241
2021-08-04;"Trnavský kraj";1;891;1;892;NA;141552;2;2021-08-04;89238
2021-08-03;"Trnavský kraj";13;645;0;645;NA;141552;13;2021-08-03;89236
2021-08-02;"Trnavský kraj";2;725;1;726;NA;141552;3;2021-08-02;89223
2021-08-01;"Trnavský kraj";0;565;2;567;NA;141552;2;2021-08-01;89220
2021-07-31;"Trnavský kraj";3;886;0;886;NA;141552;3;2021-07-31;89218
2021-07-30;"Trnavský kraj";3;1084;3;1087;NA;141552;6;2021-07-30;89215
2021-07-29;"Trnavský kraj";1;775;0;775;NA;141552;1;2021-07-29;89209
2021-07-28;"Trnavský kraj";5;794;1;795;NA;141552;6;2021-07-28;89208
2021-07-27;"Trnavský kraj";7;623;2;625;NA;141552;9;2021-07-27;89202
2021-07-26;"Trnavský kraj";2;857;2;859;NA;141552;4;2021-07-26;89193
2021-07-25;"Trnavský kraj";0;707;0;707;NA;141552;0;2021-07-25;89189
2021-07-24;"Trnavský kraj";4;828;2;830;NA;141552;6;2021-07-24;89189
2021-07-23;"Trnavský kraj";3;1057;0;1057;NA;141552;3;2021-07-23;89183
2021-07-22;"Trnavský kraj";0;671;2;673;NA;141552;2;2021-07-22;89180
2021-07-21;"Trnavský kraj";2;660;2;662;NA;141552;4;2021-07-21;89178
2021-07-20;"Trnavský kraj";2;593;0;593;NA;141552;2;2021-07-20;89174
2021-07-19;"Trnavský kraj";9;886;0;886;NA;141552;9;2021-07-19;89172
2021-07-18;"Trnavský kraj";0;600;2;602;NA;141552;2;2021-07-18;89163
2021-07-17;"Trnavský kraj";8;796;0;796;NA;141552;8;2021-07-17;89161
2021-07-16;"Trnavský kraj";11;963;0;963;NA;141552;11;2021-07-16;89153
2021-07-15;"Trnavský kraj";4;832;1;833;NA;141552;5;2021-07-15;89142
2021-07-14;"Trnavský kraj";1;699;1;700;NA;141552;2;2021-07-14;89137
2021-07-13;"Trnavský kraj";1;693;1;694;NA;141552;2;2021-07-13;89135
2021-07-12;"Trnavský kraj";4;959;0;959;NA;141552;4;2021-07-12;89133
2021-07-11;"Trnavský kraj";0;692;0;692;NA;141552;0;2021-07-11;89129
2021-07-10;"Trnavský kraj";1;803;0;803;NA;141552;1;2021-07-10;89129
2021-07-09;"Trnavský kraj";3;1262;3;1265;NA;141552;6;2021-07-09;89128
2021-07-08;"Trnavský kraj";4;755;0;755;NA;141552;4;2021-07-08;89122
2021-07-07;"Trnavský kraj";9;924;2;926;NA;141552;11;2021-07-07;89118
2021-07-06;"Trnavský kraj";2;1401;1;1402;NA;141552;3;2021-07-06;89107
2021-07-05;"Trnavský kraj";1;503;2;505;NA;141552;3;2021-07-05;89104
2021-07-04;"Trnavský kraj";0;1129;3;1132;NA;141552;3;2021-07-04;89101
2021-07-03;"Trnavský kraj";4;815;0;815;NA;141552;4;2021-07-03;89098
2021-07-02;"Trnavský kraj";2;1137;2;1139;NA;141552;4;2021-07-02;89094
2021-07-01;"Trnavský kraj";4;437;0;437;NA;141552;4;2021-07-01;89090
2021-06-30;"Trnavský kraj";0;5135;1;5136;NA;141552;1;2021-06-30;89086
2021-06-29;"Trnavský kraj";4;2563;1;2564;NA;141552;5;2021-06-29;89085
2021-06-28;"Trnavský kraj";2;2600;1;2601;NA;141552;3;2021-06-28;89080
2021-06-27;"Trnavský kraj";0;3213;0;3213;NA;141552;0;2021-06-27;89077
2021-06-26;"Trnavský kraj";3;3871;1;3872;NA;141552;4;2021-06-26;89077
2021-06-25;"Trnavský kraj";2;4374;3;4377;NA;141552;5;2021-06-25;89073
2021-06-24;"Trnavský kraj";4;2520;3;2523;NA;141552;7;2021-06-24;89068
2021-06-23;"Trnavský kraj";4;2842;2;2844;NA;141552;6;2021-06-23;89061
2021-06-22;"Trnavský kraj";2;2996;1;2997;NA;141552;3;2021-06-22;89055
2021-06-21;"Trnavský kraj";6;3114;5;3119;NA;141552;11;2021-06-21;89052
2021-06-20;"Trnavský kraj";0;3952;1;3953;NA;141552;1;2021-06-20;89041
2021-06-19;"Trnavský kraj";3;4735;2;4737;NA;141552;5;2021-06-19;89040
2021-06-18;"Trnavský kraj";5;6125;4;6129;NA;141552;9;2021-06-18;89035
2021-06-17;"Trnavský kraj";3;3340;0;3340;NA;141552;3;2021-06-17;89026
2021-06-16;"Trnavský kraj";6;2926;3;2929;NA;141552;9;2021-06-16;89023
2021-06-15;"Trnavský kraj";8;3234;3;3237;NA;141552;11;2021-06-15;89014
2021-06-14;"Trnavský kraj";2;3829;1;3830;NA;141552;3;2021-06-14;89003
2021-06-13;"Trnavský kraj";0;5001;8;5009;NA;141552;8;2021-06-13;89000
2021-06-12;"Trnavský kraj";11;5807;2;5809;NA;141552;13;2021-06-12;88992
2021-06-11;"Trnavský kraj";17;5850;4;5854;NA;141552;21;2021-06-11;88979
2021-06-10;"Trnavský kraj";14;3476;1;3477;NA;141552;15;2021-06-10;88958
2021-06-09;"Trnavský kraj";10;3681;1;3682;NA;141552;11;2021-06-09;88943
2021-06-08;"Trnavský kraj";8;3344;4;3348;NA;141552;12;2021-06-08;88932
2021-06-07;"Trnavský kraj";12;4498;8;4506;NA;141552;20;2021-06-07;88920
2021-06-06;"Trnavský kraj";0;5517;2;5519;NA;141552;2;2021-06-06;88900
2021-06-05;"Trnavský kraj";20;6905;8;6913;NA;141552;28;2021-06-05;88898
2021-06-04;"Trnavský kraj";9;6735;10;6745;NA;141552;19;2021-06-04;88870
2021-06-03;"Trnavský kraj";14;4361;11;4372;NA;141552;25;2021-06-03;88851
2021-06-02;"Trnavský kraj";4;4148;11;4159;NA;141552;15;2021-06-02;88826
2021-06-01;"Trnavský kraj";18;3662;5;3667;NA;141552;23;2021-06-01;88811
2021-05-31;"Trnavský kraj";14;5515;16;5531;NA;141552;30;2021-05-31;88788
2021-05-30;"Trnavský kraj";0;6473;7;6480;NA;141552;7;2021-05-30;88758
2021-05-29;"Trnavský kraj";11;8964;4;8968;NA;141552;15;2021-05-29;88751
2021-05-28;"Trnavský kraj";14;7160;11;7171;NA;141552;25;2021-05-28;88736
2021-05-27;"Trnavský kraj";22;4753;8;4761;NA;141552;30;2021-05-27;88711
2021-05-26;"Trnavský kraj";6;4870;8;4878;NA;141552;14;2021-05-26;88681
2021-05-25;"Trnavský kraj";19;5026;27;5053;NA;141552;46;2021-05-25;88667
2021-05-24;"Trnavský kraj";15;6520;22;6542;NA;141552;37;2021-05-24;88621
2021-05-23;"Trnavský kraj";0;7920;8;7928;NA;141552;8;2021-05-23;88584
2021-05-22;"Trnavský kraj";13;13381;21;13402;NA;141552;34;2021-05-22;88576
2021-05-21;"Trnavský kraj";16;8525;19;8544;NA;141552;35;2021-05-21;88542
2021-05-20;"Trnavský kraj";15;5511;11;5522;NA;141552;26;2021-05-20;88507
2021-05-19;"Trnavský kraj";18;5431;13;5444;NA;141552;31;2021-05-19;88481
2021-05-18;"Trnavský kraj";26;5768;15;5783;NA;141552;41;2021-05-18;88450
2021-05-17;"Trnavský kraj";17;6262;24;6286;NA;141552;41;2021-05-17;88409
2021-05-16;"Trnavský kraj";10;9984;8;9992;NA;141552;18;2021-05-16;88368
2021-05-15;"Trnavský kraj";11;18525;14;18539;NA;141552;25;2021-05-15;88350
2021-05-14;"Trnavský kraj";34;10279;21;10300;NA;141552;55;2021-05-14;88325
2021-05-13;"Trnavský kraj";26;6913;12;6925;NA;141552;38;2021-05-13;88270
2021-05-12;"Trnavský kraj";34;6621;26;6647;NA;141552;60;2021-05-12;88232
2021-05-11;"Trnavský kraj";32;6393;13;6406;NA;141552;45;2021-05-11;88172
2021-05-10;"Trnavský kraj";58;9139;24;9163;NA;141552;82;2021-05-10;88127
2021-05-09;"Trnavský kraj";21;12570;12;12582;NA;141552;33;2021-05-09;88045
2021-05-08;"Trnavský kraj";4;23028;22;23050;NA;141552;26;2021-05-08;88012
2021-05-07;"Trnavský kraj";26;15465;30;15495;NA;141552;56;2021-05-07;87986
2021-05-06;"Trnavský kraj";22;8407;22;8429;NA;141552;44;2021-05-06;87930
2021-05-05;"Trnavský kraj";34;6273;22;6295;NA;141552;56;2021-05-05;87886
2021-05-04;"Trnavský kraj";51;8538;17;8555;NA;141552;68;2021-05-04;87830
2021-05-03;"Trnavský kraj";20;8957;22;8979;NA;141552;42;2021-05-03;87762
2021-05-02;"Trnavský kraj";0;25657;29;25686;NA;141552;29;2021-05-02;87720
2021-05-01;"Trnavský kraj";30;81353;64;81417;NA;141552;94;2021-05-01;87691
2021-04-30;"Trnavský kraj";45;26846;35;26881;NA;141552;80;2021-04-30;87597
2021-04-29;"Trnavský kraj";25;20323;28;20351;NA;141552;53;2021-04-29;87517
2021-04-28;"Trnavský kraj";46;8896;28;8924;NA;141552;74;2021-04-28;87464
2021-04-27;"Trnavský kraj";54;8756;37;8793;NA;141552;91;2021-04-27;87390
2021-04-26;"Trnavský kraj";53;16116;42;16158;NA;141552;95;2021-04-26;87299
2021-04-25;"Trnavský kraj";0;30183;24;30207;NA;141552;24;2021-04-25;87204
2021-04-24;"Trnavský kraj";46;126077;84;126161;NA;141552;130;2021-04-24;87180
2021-04-23;"Trnavský kraj";71;25741;53;25794;NA;141552;124;2021-04-23;87050
2021-04-22;"Trnavský kraj";40;10904;25;10929;NA;141552;65;2021-04-22;86926
2021-04-21;"Trnavský kraj";60;10748;45;10793;NA;141552;105;2021-04-21;86861
2021-04-20;"Trnavský kraj";57;13504;28;13532;NA;141552;85;2021-04-20;86756
2021-04-19;"Trnavský kraj";46;14603;18;14621;NA;141552;64;2021-04-19;86671
2021-04-18;"Trnavský kraj";7;40843;43;40886;NA;141552;50;2021-04-18;86607
2021-04-17;"Trnavský kraj";58;118102;89;118191;NA;141552;147;2021-04-17;86557
2021-04-16;"Trnavský kraj";67;25962;48;26010;NA;141552;115;2021-04-16;86410
2021-04-15;"Trnavský kraj";65;11373;36;11409;NA;141552;101;2021-04-15;86295
2021-04-14;"Trnavský kraj";78;18442;53;18495;NA;141552;131;2021-04-14;86194
2021-04-13;"Trnavský kraj";126;9871;44;9915;NA;141552;170;2021-04-13;86063
2021-04-12;"Trnavský kraj";40;15577;40;15617;NA;141552;80;2021-04-12;85893
2021-04-11;"Trnavský kraj";3;44420;44;44464;NA;141552;47;2021-04-11;85813
2021-04-10;"Trnavský kraj";60;123822;107;123929;NA;141552;167;2021-04-10;85766
2021-04-09;"Trnavský kraj";95;26191;34;26225;NA;141552;129;2021-04-09;85599
2021-04-08;"Trnavský kraj";85;10913;54;10967;NA;141552;139;2021-04-08;85470
2021-04-07;"Trnavský kraj";131;15979;81;16060;NA;141552;212;2021-04-07;85331
2021-04-06;"Trnavský kraj";92;20586;90;20676;NA;141552;182;2021-04-06;85119
2021-04-05;"Trnavský kraj";91;7542;17;7559;NA;141552;108;2021-04-05;84937
2021-04-04;"Trnavský kraj";9;28831;49;28880;NA;141552;58;2021-04-04;84829
2021-04-03;"Trnavský kraj";29;144452;186;144638;NA;141552;215;2021-04-03;84771
2021-04-02;"Trnavský kraj";91;17538;33;17571;NA;141552;124;2021-04-02;84556
2021-04-01;"Trnavský kraj";118;22279;71;22350;NA;141552;189;2021-04-01;84432
2021-03-31;"Trnavský kraj";140;15828;82;15910;NA;141552;222;2021-03-31;84243
2021-03-30;"Trnavský kraj";182;10482;79;10561;NA;141552;261;2021-03-30;84021
2021-03-29;"Trnavský kraj";126;19255;122;19377;NA;141552;248;2021-03-29;83760
2021-03-28;"Trnavský kraj";26;50664;134;50798;NA;141552;160;2021-03-28;83512
2021-03-27;"Trnavský kraj";64;130217;246;130463;NA;141552;310;2021-03-27;83352
2021-03-26;"Trnavský kraj";139;30217;130;30347;NA;141552;269;2021-03-26;83042
2021-03-25;"Trnavský kraj";135;14212;80;14292;NA;141552;215;2021-03-25;82773
2021-03-24;"Trnavský kraj";159;10521;89;10610;NA;141552;248;2021-03-24;82558
2021-03-23;"Trnavský kraj";221;12735;104;12839;NA;141552;325;2021-03-23;82310
2021-03-22;"Trnavský kraj";103;17118;110;17228;NA;141552;213;2021-03-22;81985
2021-03-21;"Trnavský kraj";31;49119;150;49269;NA;141552;181;2021-03-21;81772
2021-03-20;"Trnavský kraj";112;136963;317;137280;NA;141552;429;2021-03-20;81591
2021-03-19;"Trnavský kraj";174;29071;137;29208;NA;141552;311;2021-03-19;81162
2021-03-18;"Trnavský kraj";158;12217;136;12353;NA;141552;294;2021-03-18;80851
2021-03-17;"Trnavský kraj";245;10434;103;10537;NA;141552;348;2021-03-17;80557
2021-03-16;"Trnavský kraj";311;12811;135;12946;NA;141552;446;2021-03-16;80209
2021-03-15;"Trnavský kraj";127;18271;146;18417;NA;141552;273;2021-03-15;79763
2021-03-14;"Trnavský kraj";14;47608;164;47772;NA;141552;178;2021-03-14;79490
2021-03-13;"Trnavský kraj";155;139224;409;139633;NA;141552;564;2021-03-13;79312
2021-03-12;"Trnavský kraj";201;28566;181;28747;NA;141552;382;2021-03-12;78748
2021-03-11;"Trnavský kraj";204;13301;140;13441;NA;141552;344;2021-03-11;78366
2021-03-10;"Trnavský kraj";242;10583;135;10718;NA;141552;377;2021-03-10;78022
2021-03-09;"Trnavský kraj";442;12824;155;12979;NA;141552;597;2021-03-09;77645
2021-03-08;"Trnavský kraj";182;21812;166;21978;NA;141552;348;2021-03-08;77048
2021-03-07;"Trnavský kraj";30;45463;227;45690;NA;141552;257;2021-03-07;76700
2021-03-06;"Trnavský kraj";154;135784;531;136315;NA;141552;685;2021-03-06;76443
2021-03-05;"Trnavský kraj";299;27959;239;28198;NA;141552;538;2021-03-05;75758
2021-03-04;"Trnavský kraj";238;14505;176;14681;NA;141552;414;2021-03-04;75220
2021-03-03;"Trnavský kraj";413;11583;246;11829;NA;141552;659;2021-03-03;74806
2021-03-02;"Trnavský kraj";477;12367;191;12558;NA;141552;668;2021-03-02;74147
2021-03-01;"Trnavský kraj";189;18586;234;18820;NA;141552;423;2021-03-01;73479
2021-02-28;"Trnavský kraj";87;47709;321;48030;NA;141552;408;2021-02-28;73056
2021-02-27;"Trnavský kraj";264;140224;800;141024;NA;141552;1064;2021-02-27;72648
2021-02-26;"Trnavský kraj";362;26637;284;26921;NA;141552;646;2021-02-26;71584
2021-02-25;"Trnavský kraj";433;10490;227;10717;NA;141552;660;2021-02-25;70938
2021-02-24;"Trnavský kraj";407;9113;290;9403;NA;141552;697;2021-02-24;70278
2021-02-23;"Trnavský kraj";469;11322;284;11606;NA;141552;753;2021-02-23;69581
2021-02-22;"Trnavský kraj";206;19901;330;20231;NA;141552;536;2021-02-22;68828
2021-02-21;"Trnavský kraj";38;48221;329;48550;NA;141552;367;2021-02-21;68292
2021-02-20;"Trnavský kraj";273;135835;859;136694;NA;141552;1132;2021-02-20;67925
2021-02-19;"Trnavský kraj";335;26382;366;26748;NA;141552;701;2021-02-19;66793
2021-02-18;"Trnavský kraj";344;11264;348;11612;NA;141552;692;2021-02-18;66092
2021-02-17;"Trnavský kraj";431;8783;416;9199;NA;141552;847;2021-02-17;65400
2021-02-16;"Trnavský kraj";426;11236;294;11530;NA;141552;720;2021-02-16;64553
2021-02-15;"Trnavský kraj";146;18276;326;18602;NA;141552;472;2021-02-15;63833
2021-02-14;"Trnavský kraj";51;57642;495;58137;NA;141552;546;2021-02-14;63361
2021-02-13;"Trnavský kraj";218;137051;994;138045;NA;141552;1212;2021-02-13;62815
2021-02-12;"Trnavský kraj";300;24090;352;24442;NA;141552;652;2021-02-12;61603
2021-02-11;"Trnavský kraj";422;9831;349;10180;NA;141552;771;2021-02-11;60951
2021-02-10;"Trnavský kraj";511;9194;342;9536;NA;141552;853;2021-02-10;60180
2021-02-09;"Trnavský kraj";544;12755;369;13124;NA;141552;913;2021-02-09;59327
2021-02-08;"Trnavský kraj";220;33414;497;33911;NA;141552;717;2021-02-08;58414
2021-02-07;"Trnavský kraj";140;69694;628;70322;NA;141552;768;2021-02-07;57697
2021-02-06;"Trnavský kraj";348;112687;1482;114169;NA;141552;1830;2021-02-06;56929
2021-02-05;"Trnavský kraj";377;16063;373;16436;NA;141552;750;2021-02-05;55099
2021-02-04;"Trnavský kraj";456;7317;456;7773;NA;141552;912;2021-02-04;54349
2021-02-03;"Trnavský kraj";472;6583;434;7017;NA;141552;906;2021-02-03;53437
2021-02-02;"Trnavský kraj";446;14243;424;14667;NA;141552;870;2021-02-02;52531
2021-02-01;"Trnavský kraj";198;38882;679;39561;NA;141552;877;2021-02-01;51661
2021-01-31;"Trnavský kraj";19;64707;822;65529;NA;141552;841;2021-01-31;50784
2021-01-30;"Trnavský kraj";323;111483;1288;112771;NA;141552;1611;2021-01-30;49943
2021-01-29;"Trnavský kraj";421;9689;290;9979;NA;141552;711;2021-01-29;48332
2021-01-28;"Trnavský kraj";389;5817;289;6106;NA;141552;678;2021-01-28;47621
2021-01-27;"Trnavský kraj";433;5554;225;5779;NA;141552;658;2021-01-27;46943
2021-01-26;"Trnavský kraj";565;25411;636;26047;NA;141552;1201;2021-01-26;46285
2021-01-25;"Trnavský kraj";210;41805;620;42425;NA;141552;830;2021-01-25;45084
2021-01-24;"Trnavský kraj";91;66399;779;67178;NA;141552;870;2021-01-24;44254
2021-01-23;"Trnavský kraj";372;113375;1319;114694;NA;141552;1691;2021-01-23;43384
2021-01-22;"Trnavský kraj";217;32755;505;33260;NA;141552;722;2021-01-22;41693
2021-01-21;"Trnavský kraj";311;13913;377;14290;NA;141552;688;2021-01-21;40971
2021-01-20;"Trnavský kraj";503;8685;283;8968;NA;141552;786;2021-01-20;40283
2021-01-19;"Trnavský kraj";415;7013;347;7360;NA;141552;762;2021-01-19;39497
2021-01-18;"Trnavský kraj";247;6690;513;7203;NA;141552;760;2021-01-18;38735
2021-01-17;"Trnavský kraj";128;854;215;1069;NA;141552;343;2021-01-17;37975
2021-01-16;"Trnavský kraj";103;898;24;922;NA;141552;127;2021-01-16;37632
2021-01-15;"Trnavský kraj";278;5467;336;5803;NA;141552;614;2021-01-15;37505
2021-01-14;"Trnavský kraj";452;4001;338;4339;NA;141552;790;2021-01-14;36891
2021-01-13;"Trnavský kraj";457;4751;378;5129;NA;141552;835;2021-01-13;36101
2021-01-12;"Trnavský kraj";469;6860;470;7330;NA;141552;939;2021-01-12;35266
2021-01-11;"Trnavský kraj";370;4587;360;4947;NA;141552;730;2021-01-11;34327
2021-01-10;"Trnavský kraj";71;13;0;13;NA;141552;71;2021-01-10;33597
2021-01-09;"Trnavský kraj";417;1775;100;1875;NA;141552;517;2021-01-09;33526
2021-01-08;"Trnavský kraj";381;6016;506;6522;NA;141552;887;2021-01-08;33009
2021-01-07;"Trnavský kraj";501;3545;329;3874;NA;141552;830;2021-01-07;32122
2021-01-06;"Trnavský kraj";179;758;132;890;NA;141552;311;2021-01-06;31292
2021-01-05;"Trnavský kraj";611;5165;561;5726;NA;141552;1172;2021-01-05;30981
2021-01-04;"Trnavský kraj";302;5556;709;6265;NA;141552;1011;2021-01-04;29809
2021-01-03;"Trnavský kraj";60;53;7;60;NA;141552;67;2021-01-03;28798
2021-01-02;"Trnavský kraj";282;417;32;449;NA;141552;314;2021-01-02;28731
2021-01-01;"Trnavský kraj";143;455;76;531;NA;141552;219;2021-01-01;28417
2020-12-31;"Trnavský kraj";498;8325;820;9145;NA;141552;1318;2020-12-31;28198
2020-12-30;"Trnavský kraj";785;5318;612;5930;NA;141552;1397;2020-12-30;26880
2020-12-29;"Trnavský kraj";322;4913;565;5478;NA;141552;887;2020-12-29;25483
2020-12-28;"Trnavský kraj";213;4900;552;5452;NA;141552;765;2020-12-28;24596
2020-12-27;"Trnavský kraj";27;20;4;24;NA;141552;31;2020-12-27;23831
2020-12-26;"Trnavský kraj";148;44;1;45;NA;141552;149;2020-12-26;23800
2020-12-25;"Trnavský kraj";65;49;5;54;NA;141552;70;2020-12-25;23651
2020-12-24;"Trnavský kraj";333;1359;117;1476;NA;141552;450;2020-12-24;23581
2020-12-23;"Trnavský kraj";210;6672;414;7086;NA;141552;624;2020-12-23;23131
2020-12-22;"Trnavský kraj";311;5427;455;5882;NA;141552;766;2020-12-22;22507
2020-12-21;"Trnavský kraj";328;4092;350;4442;NA;141552;678;2020-12-21;21741
2020-12-20;"Trnavský kraj";134;133;12;145;NA;141552;146;2020-12-20;21063
2020-12-19;"Trnavský kraj";201;1407;103;1510;NA;141552;304;2020-12-19;20917
2020-12-18;"Trnavský kraj";341;4432;334;4766;NA;141552;675;2020-12-18;20613
2020-12-17;"Trnavský kraj";375;4880;414;5294;NA;141552;789;2020-12-17;19938
2020-12-16;"Trnavský kraj";312;4945;383;5328;NA;141552;695;2020-12-16;19149
2020-12-15;"Trnavský kraj";492;6240;598;6838;NA;141552;1090;2020-12-15;18454
2020-12-14;"Trnavský kraj";161;3505;292;3797;NA;141552;453;2020-12-14;17364
2020-12-13;"Trnavský kraj";7;7;0;7;NA;141552;7;2020-12-13;16911
2020-12-12;"Trnavský kraj";254;1456;114;1570;NA;141552;368;2020-12-12;16904
2020-12-11;"Trnavský kraj";384;4289;241;4530;NA;141552;625;2020-12-11;16536
2020-12-10;"Trnavský kraj";183;5197;320;5517;NA;141552;503;2020-12-10;15911
2020-12-09;"Trnavský kraj";521;4199;317;4516;NA;141552;838;2020-12-09;15408
2020-12-08;"Trnavský kraj";281;4090;304;4394;NA;141552;585;2020-12-08;14570
2020-12-07;"Trnavský kraj";178;2895;199;3094;NA;141552;377;2020-12-07;13985
2020-12-06;"Trnavský kraj";46;0;0;0;NA;141552;46;2020-12-06;13608
2020-12-05;"Trnavský kraj";129;2218;41;2259;NA;141552;170;2020-12-05;13562
2020-12-04;"Trnavský kraj";242;3948;158;4106;NA;141552;400;2020-12-04;13392
2020-12-03;"Trnavský kraj";248;2770;190;2960;NA;141552;438;2020-12-03;12992
2020-12-02;"Trnavský kraj";284;4516;176;4692;NA;141552;460;2020-12-02;12554
2020-12-01;"Trnavský kraj";253;3190;205;3395;NA;141552;458;2020-12-01;12094
2020-11-30;"Trnavský kraj";200;7360;186;7546;NA;141552;386;2020-11-30;11636
2020-11-29;"Trnavský kraj";17;738;36;774;NA;141552;53;2020-11-29;11250
2020-11-28;"Trnavský kraj";83;1453;77;1530;NA;141552;160;2020-11-28;11197
2020-11-27;"Trnavský kraj";148;1779;85;1864;NA;141552;233;2020-11-27;11037
2020-11-26;"Trnavský kraj";234;1123;68;1191;NA;141552;302;2020-11-26;10804
2020-11-25;"Trnavský kraj";232;1168;74;1242;NA;141552;306;2020-11-25;10502
2020-11-24;"Trnavský kraj";295;1909;96;2005;NA;141552;391;2020-11-24;10196
2020-11-23;"Trnavský kraj";242;7393;129;7522;NA;141552;371;2020-11-23;9805
2020-11-22;"Trnavský kraj";10;82;9;91;NA;141552;19;2020-11-22;9434
2020-11-21;"Trnavský kraj";129;1354;36;1390;NA;141552;165;2020-11-21;9415
2020-11-20;"Trnavský kraj";246;1154;64;1218;NA;141552;310;2020-11-20;9250
2020-11-19;"Trnavský kraj";157;823;64;887;NA;141552;221;2020-11-19;8940
2020-11-18;"Trnavský kraj";235;822;82;904;NA;141552;317;2020-11-18;8719
2020-11-17;"Trnavský kraj";129;705;74;779;NA;141552;203;2020-11-17;8402
2020-11-16;"Trnavský kraj";187;732;32;764;NA;141552;219;2020-11-16;8199
2020-11-15;"Trnavský kraj";23;73;4;77;NA;141552;27;2020-11-15;7980
2020-11-14;"Trnavský kraj";86;397;12;409;NA;141552;98;2020-11-14;7953
2020-11-13;"Trnavský kraj";219;1312;21;1333;NA;141552;240;2020-11-13;7855
2020-11-12;"Trnavský kraj";162;420;18;438;NA;141552;180;2020-11-12;7615
2020-11-11;"Trnavský kraj";257;392;15;407;NA;141552;272;2020-11-11;7435
2020-11-10;"Trnavský kraj";189;889;30;919;NA;141552;219;2020-11-10;7163
2020-11-09;"Trnavský kraj";196;369;23;392;NA;141552;219;2020-11-09;6944
2020-11-08;"Trnavský kraj";55;400;4;404;NA;141552;59;2020-11-08;6725
2020-11-07;"Trnavský kraj";207;6070;74;6144;NA;141552;281;2020-11-07;6666
2020-11-06;"Trnavský kraj";260;1531;19;1550;NA;141552;279;2020-11-06;6385
2020-11-05;"Trnavský kraj";150;220;27;247;NA;141552;177;2020-11-05;6106
2020-11-04;"Trnavský kraj";188;212;10;222;NA;141552;198;2020-11-04;5929
2020-11-03;"Trnavský kraj";317;127;8;135;NA;141552;325;2020-11-03;5731
2020-11-02;"Trnavský kraj";281;1728;31;1759;NA;141552;312;2020-11-02;5406
2020-11-01;"Trnavský kraj";87;494;27;521;NA;141552;114;2020-11-01;5094
2020-10-31;"Trnavský kraj";259;5024;41;5065;NA;141552;300;2020-10-31;4980
2020-10-30;"Trnavský kraj";198;3784;27;3811;NA;141552;225;2020-10-30;4680
2020-10-29;"Trnavský kraj";273;1461;16;1477;NA;141552;289;2020-10-29;4455
2020-10-28;"Trnavský kraj";319;117;16;133;NA;141552;335;2020-10-28;4166
2020-10-27;"Trnavský kraj";199;461;36;497;NA;141552;235;2020-10-27;3831
2020-10-26;"Trnavský kraj";153;29;2;31;NA;141552;155;2020-10-26;3596
2020-10-25;"Trnavský kraj";95;19;1;20;NA;141552;96;2020-10-25;3441
2020-10-24;"Trnavský kraj";158;109;2;111;NA;141552;160;2020-10-24;3345
2020-10-23;"Trnavský kraj";201;89;4;93;NA;141552;205;2020-10-23;3185
2020-10-22;"Trnavský kraj";195;55;2;57;NA;141552;197;2020-10-22;2980
2020-10-21;"Trnavský kraj";134;73;3;76;NA;141552;137;2020-10-21;2783
2020-10-20;"Trnavský kraj";202;82;3;85;NA;141552;205;2020-10-20;2646
2020-10-19;"Trnavský kraj";67;55;0;55;NA;141552;67;2020-10-19;2441
2020-10-18;"Trnavský kraj";84;0;0;0;NA;141552;84;2020-10-18;2374
2020-10-17;"Trnavský kraj";123;0;0;0;NA;141552;123;2020-10-17;2290
2020-10-16;"Trnavský kraj";86;45;2;47;NA;141552;88;2020-10-16;2167
2020-10-15;"Trnavský kraj";155;66;2;68;NA;141552;157;2020-10-15;2079
2020-10-14;"Trnavský kraj";236;468;3;471;NA;141552;239;2020-10-14;1922
2020-10-13;"Trnavský kraj";138;16;2;18;NA;141552;140;2020-10-13;1683
2020-10-12;"Trnavský kraj";33;41;1;42;NA;141552;34;2020-10-12;1543
2020-10-11;"Trnavský kraj";31;0;0;0;NA;141552;31;2020-10-11;1509
2020-10-10;"Trnavský kraj";128;0;0;0;NA;141552;128;2020-10-10;1478
2020-10-09;"Trnavský kraj";156;0;0;0;NA;141552;156;2020-10-09;1350
2020-10-08;"Trnavský kraj";153;0;0;0;NA;141552;153;2020-10-08;1194
2020-10-07;"Trnavský kraj";80;0;0;0;NA;141552;80;2020-10-07;1041
2020-10-06;"Trnavský kraj";112;0;0;0;NA;141552;112;2020-10-06;961
2020-10-05;"Trnavský kraj";33;0;0;0;NA;141552;33;2020-10-05;849
2020-10-04;"Trnavský kraj";44;0;0;0;NA;141552;44;2020-10-04;816
2020-10-03;"Trnavský kraj";60;0;0;0;NA;141552;60;2020-10-03;772
2020-10-02;"Trnavský kraj";41;0;0;0;NA;141552;41;2020-10-02;712
2020-10-01;"Trnavský kraj";53;0;0;0;NA;141552;53;2020-10-01;671
2020-09-30;"Trnavský kraj";91;0;0;0;NA;141552;91;2020-09-30;618
2020-09-29;"Trnavský kraj";40;0;0;0;NA;141552;40;2020-09-29;527
2020-09-28;"Trnavský kraj";69;0;0;0;NA;141552;69;2020-09-28;487
2020-09-27;"Trnavský kraj";30;0;0;0;NA;141552;30;2020-09-27;418
2020-09-26;"Trnavský kraj";46;0;0;0;NA;141552;46;2020-09-26;388
2020-09-25;"Trnavský kraj";32;0;0;0;NA;141552;32;2020-09-25;342
2020-09-24;"Trnavský kraj";42;0;0;0;NA;141552;42;2020-09-24;310
2020-09-23;"Trnavský kraj";43;0;0;0;NA;141552;43;2020-09-23;268
2020-09-22;"Trnavský kraj";55;0;0;0;NA;141552;55;2020-09-22;225
2020-09-21;"Trnavský kraj";41;0;0;0;NA;141552;41;2020-09-21;170
2020-09-20;"Trnavský kraj";17;0;0;0;NA;141552;17;2020-09-20;129
2020-09-19;"Trnavský kraj";4;0;0;0;NA;141552;4;2020-09-19;112
2020-09-18;"Trnavský kraj";33;0;0;0;NA;141552;33;2020-09-18;108
2020-09-17;"Trnavský kraj";42;0;0;0;NA;141552;42;2020-09-17;75
2020-09-16;"Trnavský kraj";49;0;0;0;NA;141552;49;2020-09-16;33
2020-09-15;"Trnavský kraj";5;0;0;0;NA;141552;5;2020-09-15;-16
2020-09-14;"Trnavský kraj";26;0;0;0;NA;141552;26;2020-09-14;-21
2020-09-13;"Trnavský kraj";9;0;0;0;NA;141552;9;2020-09-13;-47
2020-09-12;"Trnavský kraj";12;0;0;0;NA;141552;12;2020-09-12;-56
2020-09-11;"Trnavský kraj";16;0;0;0;NA;141552;16;2020-09-11;-68
2020-09-10;"Trnavský kraj";32;0;0;0;NA;141552;32;2020-09-10;-84
2020-09-09;"Trnavský kraj";14;0;0;0;NA;141552;14;2020-09-09;-116
2020-09-08;"Trnavský kraj";11;0;0;0;NA;141552;11;2020-09-08;-130
2020-09-07;"Trnavský kraj";7;0;0;0;NA;141552;7;2020-09-07;-141
2020-09-06;"Trnavský kraj";5;0;0;0;NA;141552;5;2020-09-06;-148
2020-09-05;"Trnavský kraj";7;0;0;0;NA;141552;7;2020-09-05;-153
2020-09-04;"Trnavský kraj";16;0;0;0;NA;141552;16;2020-09-04;-160
2020-09-03;"Trnavský kraj";8;0;0;0;NA;141552;8;2020-09-03;-176
2020-09-02;"Trnavský kraj";7;0;0;0;NA;141552;7;2020-09-02;-184
2020-09-01;"Trnavský kraj";1;0;0;0;NA;141552;1;2020-09-01;-191
2020-08-31;"Trnavský kraj";6;0;0;0;NA;141552;6;2020-08-31;-192
2020-08-30;"Trnavský kraj";1;0;0;0;NA;141552;1;2020-08-30;-198
2020-08-29;"Trnavský kraj";3;0;0;0;NA;141552;3;2020-08-29;-199
2020-08-28;"Trnavský kraj";14;0;0;0;NA;141552;14;2020-08-28;-202
2020-08-27;"Trnavský kraj";6;0;0;0;NA;141552;6;2020-08-27;-216
2020-08-26;"Trnavský kraj";4;0;0;0;NA;141552;4;2020-08-26;-222
2020-08-25;"Trnavský kraj";7;0;0;0;NA;141552;7;2020-08-25;-226
2020-08-24;"Trnavský kraj";1;0;0;0;NA;141552;1;2020-08-24;-233
2020-08-23;"Trnavský kraj";6;0;0;0;NA;141552;6;2020-08-23;-234
2020-08-22;"Trnavský kraj";3;0;0;0;NA;141552;3;2020-08-22;-240
2020-08-21;"Trnavský kraj";4;0;0;0;NA;141552;4;2020-08-21;-243
2020-08-20;"Trnavský kraj";23;0;0;0;NA;141552;23;2020-08-20;-247
2020-08-19;"Trnavský kraj";13;0;0;0;NA;141552;13;2020-08-19;-270
2020-08-18;"Trnavský kraj";20;0;0;0;NA;141552;20;2020-08-18;-283
2020-08-17;"Trnavský kraj";3;0;0;0;NA;141552;3;2020-08-17;-303
2020-08-16;"Trnavský kraj";0;0;0;0;NA;141552;0;2020-08-16;-306
2020-08-15;"Trnavský kraj";7;0;0;0;NA;141552;7;2020-08-15;-306
2020-08-14;"Trnavský kraj";6;0;0;0;NA;141552;6;2020-08-14;-313
2020-08-13;"Trnavský kraj";10;0;0;0;NA;141552;10;2020-08-13;-319
2020-08-12;"Trnavský kraj";2;0;0;0;NA;141552;2;2020-08-12;-329
2020-08-11;"Trnavský kraj";30;0;0;0;NA;141552;30;2020-08-11;-331
2020-08-10;"Trnavský kraj";0;0;0;0;NA;141552;0;2020-08-10;-361
2020-08-09;"Trnavský kraj";0;0;0;0;NA;141552;0;2020-08-09;-361
2020-08-08;"Trnavský kraj";13;0;0;0;NA;141552;13;2020-08-08;-361
2020-08-07;"Trnavský kraj";4;0;0;0;NA;141552;4;2020-08-07;-374
2020-08-06;"Trnavský kraj";4;0;0;0;NA;141552;4;2020-08-06;-378
2020-08-05;"Trnavský kraj";0;0;0;0;NA;141552;0;2020-08-05;-382
2020-08-04;"Trnavský kraj";1;0;0;0;NA;141552;1;2020-08-04;-382
2020-08-03;"Trnavský kraj";2;0;0;0;NA;141552;2;2020-08-03;-383
2020-08-02;"Trnavský kraj";1;0;0;0;NA;141552;1;2020-08-02;-385
2020-08-01;"Trnavský kraj";0;0;0;0;NA;141552;0;2020-08-01;-386
2020-07-31;"Trnavský kraj";7;0;0;0;NA;141552;7;2020-07-31;-386
2020-07-30;"Trnavský kraj";6;0;0;0;NA;141552;6;2020-07-30;-393
2020-07-29;"Trnavský kraj";0;0;0;0;NA;141552;0;2020-07-29;-399
2020-07-28;"Trnavský kraj";1;0;0;0;NA;141552;1;2020-07-28;-399
2020-07-27;"Trnavský kraj";2;0;0;0;NA;141552;2;2020-07-27;-400
2020-07-26;"Trnavský kraj";0;0;0;0;NA;141552;0;2020-07-26;-402
2020-07-25;"Trnavský kraj";0;0;0;0;NA;141552;0;2020-07-25;-402
2020-07-24;"Trnavský kraj";1;0;0;0;NA;141552;1;2020-07-24;-402
2020-07-23;"Trnavský kraj";2;0;0;0;NA;141552;2;2020-07-23;-403
2020-07-22;"Trnavský kraj";1;0;0;0;NA;141552;1;2020-07-22;-405
2020-07-21;"Trnavský kraj";2;0;0;0;NA;141552;2;2020-07-21;-406
2020-07-20;"Trnavský kraj";0;0;0;0;NA;141552;0;2020-07-20;-408
2020-07-19;"Trnavský kraj";0;0;0;0;NA;141552;0;2020-07-19;-408
2020-07-18;"Trnavský kraj";0;0;0;0;NA;141552;0;2020-07-18;-408
2020-07-17;"Trnavský kraj";0;0;0;0;NA;141552;0;2020-07-17;-408
2020-07-16;"Trnavský kraj";0;0;0;0;NA;141552;0;2020-07-16;-408
2020-07-15;"Trnavský kraj";1;0;0;0;NA;141552;1;2020-07-15;-408
2020-07-14;"Trnavský kraj";0;0;0;0;NA;141552;0;2020-07-14;-409
2020-07-13;"Trnavský kraj";0;0;0;0;NA;141552;0;2020-07-13;-409
2020-07-12;"Trnavský kraj";0;0;0;0;NA;141552;0;2020-07-12;-409
2020-07-11;"Trnavský kraj";0;0;0;0;NA;141552;0;2020-07-11;-409
2020-07-10;"Trnavský kraj";0;0;0;0;NA;141552;0;2020-07-10;-409
2020-07-09;"Trnavský kraj";0;0;0;0;NA;141552;0;2020-07-09;-409
2020-07-08;"Trnavský kraj";3;0;0;0;NA;141552;3;2020-07-08;-409
2020-07-07;"Trnavský kraj";4;0;0;0;NA;141552;4;2020-07-07;-412
2020-07-06;"Trnavský kraj";0;0;0;0;NA;141552;0;2020-07-06;-416
2020-07-05;"Trnavský kraj";0;0;0;0;NA;141552;0;2020-07-05;-416
2020-07-04;"Trnavský kraj";0;0;0;0;NA;141552;0;2020-07-04;-416
2020-07-03;"Trnavský kraj";0;0;0;0;NA;141552;0;2020-07-03;-416
2020-07-02;"Trnavský kraj";3;0;0;0;NA;141552;3;2020-07-02;-416
2020-07-01;"Trnavský kraj";0;0;0;0;NA;141552;0;2020-07-01;-419
2020-06-30;"Trnavský kraj";0;0;0;0;NA;141552;0;2020-06-30;-419
2020-06-29;"Trnavský kraj";0;0;0;0;NA;141552;0;2020-06-29;-419
2020-06-28;"Trnavský kraj";0;0;0;0;NA;141552;0;2020-06-28;-419
2020-06-27;"Trnavský kraj";0;0;0;0;NA;141552;0;2020-06-27;-419
2020-06-26;"Trnavský kraj";0;0;0;0;NA;141552;0;2020-06-26;-419
2020-06-25;"Trnavský kraj";0;0;0;0;NA;141552;0;2020-06-25;-419
2020-06-24;"Trnavský kraj";0;0;0;0;NA;141552;0;2020-06-24;-419
2020-06-23;"Trnavský kraj";0;0;0;0;NA;141552;0;2020-06-23;-419
2020-06-22;"Trnavský kraj";0;0;0;0;NA;141552;0;2020-06-22;-419
2020-06-21;"Trnavský kraj";0;0;0;0;NA;141552;0;2020-06-21;-419
2020-06-20;"Trnavský kraj";0;0;0;0;NA;141552;0;2020-06-20;-419
2020-06-19;"Trnavský kraj";0;0;0;0;NA;141552;0;2020-06-19;-419
2020-06-18;"Trnavský kraj";2;0;0;0;NA;141552;2;2020-06-18;-419
2020-06-17;"Trnavský kraj";0;0;0;0;NA;141552;0;2020-06-17;-421
2020-06-16;"Trnavský kraj";0;0;0;0;NA;141552;0;2020-06-16;-421
2020-06-14;"Trnavský kraj";0;0;0;0;NA;141552;0;2020-06-14;-421
2020-06-13;"Trnavský kraj";0;0;0;0;NA;141552;0;2020-06-13;-421
2020-06-12;"Trnavský kraj";0;0;0;0;NA;141552;0;2020-06-12;-421
2020-06-11;"Trnavský kraj";0;0;0;0;NA;141552;0;2020-06-11;-421
2020-06-10;"Trnavský kraj";0;0;0;0;NA;141552;0;2020-06-10;-421
2020-06-09;"Trnavský kraj";0;0;0;0;NA;141552;0;2020-06-09;-421
2020-06-08;"Trnavský kraj";0;0;0;0;NA;141552;0;2020-06-08;-421
2020-06-07;"Trnavský kraj";0;0;0;0;NA;141552;0;2020-06-07;-421
2020-06-05;"Trnavský kraj";0;0;0;0;NA;141552;0;2020-06-05;-421
2020-06-03;"Trnavský kraj";0;0;0;0;NA;141552;0;2020-06-03;-421
2020-06-02;"Trnavský kraj";0;0;0;0;NA;141552;0;2020-06-02;-421
2020-05-31;"Trnavský kraj";0;0;0;0;NA;141552;0;2020-05-31;-421
2020-05-29;"Trnavský kraj";0;0;0;0;NA;141552;0;2020-05-29;-421
2020-05-27;"Trnavský kraj";0;0;0;0;NA;141552;0;2020-05-27;-421
2020-05-26;"Trnavský kraj";0;0;0;0;NA;141552;0;2020-05-26;-421
2020-05-25;"Trnavský kraj";1;0;0;0;NA;141552;1;2020-05-25;-421
2020-05-24;"Trnavský kraj";0;0;0;0;NA;141552;0;2020-05-24;-422
2020-05-23;"Trnavský kraj";2;0;0;0;NA;141552;2;2020-05-23;-422
2020-05-22;"Trnavský kraj";0;0;0;0;NA;141552;0;2020-05-22;-424
2020-05-21;"Trnavský kraj";0;0;0;0;NA;141552;0;2020-05-21;-424
2020-05-20;"Trnavský kraj";2;0;0;0;NA;141552;2;2020-05-20;-424
2020-05-19;"Trnavský kraj";0;0;0;0;NA;141552;0;2020-05-19;-426
2020-05-17;"Trnavský kraj";0;0;0;0;NA;141552;0;2020-05-17;-426
2020-05-16;"Trnavský kraj";0;0;0;0;NA;141552;0;2020-05-16;-426
2020-05-15;"Trnavský kraj";1;0;0;0;NA;141552;1;2020-05-15;-426
2020-05-14;"Trnavský kraj";0;0;0;0;NA;141552;0;2020-05-14;-427
2020-05-13;"Trnavský kraj";0;0;0;0;NA;141552;0;2020-05-13;-427
2020-05-12;"Trnavský kraj";0;0;0;0;NA;141552;0;2020-05-12;-427
2020-05-11;"Trnavský kraj";2;0;0;0;NA;141552;2;2020-05-11;-427
2020-05-09;"Trnavský kraj";0;0;0;0;NA;141552;0;2020-05-09;-429
2020-05-07;"Trnavský kraj";0;0;0;0;NA;141552;0;2020-05-07;-429
2020-05-06;"Trnavský kraj";0;0;0;0;NA;141552;0;2020-05-06;-429
2020-05-05;"Trnavský kraj";0;0;0;0;NA;141552;0;2020-05-05;-429
2020-05-04;"Trnavský kraj";0;0;0;0;NA;141552;0;2020-05-04;-429
2020-05-03;"Trnavský kraj";0;0;0;0;NA;141552;0;2020-05-03;-429
2020-05-02;"Trnavský kraj";0;0;0;0;NA;141552;0;2020-05-02;-429
2020-05-01;"Trnavský kraj";0;0;0;0;NA;141552;0;2020-05-01;-429
2020-04-30;"Trnavský kraj";0;0;0;0;NA;141552;0;2020-04-30;-429
2020-04-29;"Trnavský kraj";0;0;0;0;NA;141552;0;2020-04-29;-429
2020-04-28;"Trnavský kraj";1;0;0;0;NA;141552;1;2020-04-28;-429
2020-04-27;"Trnavský kraj";0;0;0;0;NA;141552;0;2020-04-27;-430
2020-04-26;"Trnavský kraj";0;0;0;0;NA;141552;0;2020-04-26;-430
2020-04-25;"Trnavský kraj";2;0;0;0;NA;141552;2;2020-04-25;-430
2020-04-24;"Trnavský kraj";4;0;0;0;NA;141552;4;2020-04-24;-432
2020-04-23;"Trnavský kraj";5;0;0;0;NA;141552;5;2020-04-23;-436
2020-04-22;"Trnavský kraj";10;0;0;0;NA;141552;10;2020-04-22;-441
2020-04-21;"Trnavský kraj";5;0;0;0;NA;141552;5;2020-04-21;-451
2020-04-20;"Trnavský kraj";0;0;0;0;NA;141552;0;2020-04-20;-456
2020-04-19;"Trnavský kraj";1;0;0;0;NA;141552;1;2020-04-19;-456
2020-04-18;"Trnavský kraj";4;0;0;0;NA;141552;4;2020-04-18;-457
2020-04-17;"Trnavský kraj";7;0;0;0;NA;141552;7;2020-04-17;-461
2020-04-16;"Trnavský kraj";5;0;0;0;NA;141552;5;2020-04-16;-468
2020-04-15;"Trnavský kraj";5;0;0;0;NA;141552;5;2020-04-15;-473
2020-04-14;"Trnavský kraj";1;0;0;0;NA;141552;1;2020-04-14;-478
2020-04-13;"Trnavský kraj";0;0;0;0;NA;141552;0;2020-04-13;-479
2020-04-12;"Trnavský kraj";0;0;0;0;NA;141552;0;2020-04-12;-479
2020-04-11;"Trnavský kraj";0;0;0;0;NA;141552;0;2020-04-11;-479
2020-04-10;"Trnavský kraj";2;0;0;0;NA;141552;2;2020-04-10;-479
2020-04-09;"Trnavský kraj";3;0;0;0;NA;141552;3;2020-04-09;-481
2020-04-08;"Trnavský kraj";4;0;0;0;NA;141552;4;2020-04-08;-484
2020-04-07;"Trnavský kraj";6;0;0;0;NA;141552;6;2020-04-07;-488
2020-04-06;"Trnavský kraj";6;0;0;0;NA;141552;6;2020-04-06;-494
2020-04-05;"Trnavský kraj";1;0;0;0;NA;141552;1;2020-04-05;-500
2020-04-04;"Trnavský kraj";1;0;0;0;NA;141552;1;2020-04-04;-501
2020-04-03;"Trnavský kraj";3;0;0;0;NA;141552;3;2020-04-03;-502
2020-04-02;"Trnavský kraj";4;0;0;0;NA;141552;4;2020-04-02;-505
2020-04-01;"Trnavský kraj";0;0;0;0;NA;141552;0;2020-04-01;-509
2020-03-31;"Trnavský kraj";3;0;0;0;NA;141552;3;2020-03-31;-509
2020-03-30;"Trnavský kraj";4;0;0;0;NA;141552;4;2020-03-30;-512
2020-03-29;"Trnavský kraj";1;0;0;0;NA;141552;1;2020-03-29;-516
2020-03-28;"Trnavský kraj";3;0;0;0;NA;141552;3;2020-03-28;-517
2020-03-27;"Trnavský kraj";5;0;0;0;NA;141552;5;2020-03-27;-520
2020-03-26;"Trnavský kraj";5;0;0;0;NA;141552;5;2020-03-26;-525
2020-03-25;"Trnavský kraj";1;0;0;0;NA;141552;1;2020-03-25;-530
2020-03-24;"Trnavský kraj";0;0;0;0;NA;141552;0;2020-03-24;-531
2020-03-23;"Trnavský kraj";2;0;0;0;NA;141552;2;2020-03-23;-531
2020-03-22;"Trnavský kraj";1;0;0;0;NA;141552;1;2020-03-22;-533
2020-03-21;"Trnavský kraj";5;0;0;0;NA;141552;5;2020-03-21;-534
2020-03-20;"Trnavský kraj";0;0;0;0;NA;141552;0;2020-03-20;-539
2020-03-19;"Trnavský kraj";0;0;0;0;NA;141552;0;2020-03-19;-539
2020-03-18;"Trnavský kraj";0;0;0;0;NA;141552;0;2020-03-18;-539
2020-03-17;"Trnavský kraj";3;0;0;0;NA;141552;3;2020-03-17;-539
2020-03-16;"Trnavský kraj";1;0;0;0;NA;141552;1;2020-03-16;-542
2020-03-15;"Trnavský kraj";0;0;0;0;NA;141552;0;2020-03-15;-543
2020-03-14;"Trnavský kraj";0;0;0;0;NA;141552;0;2020-03-14;-543
2020-03-13;"Trnavský kraj";1;0;0;0;NA;141552;1;2020-03-13;-543
2020-03-12;"Trnavský kraj";1;0;0;0;NA;141552;1;2020-03-12;-544
2020-03-11;"Trnavský kraj";0;0;0;0;NA;141552;0;2020-03-11;-545
2020-03-09;"Trnavský kraj";0;0;0;0;NA;141552;0;2020-03-09;-545
2020-03-08;"Trnavský kraj";0;0;0;0;NA;141552;0;2020-03-08;-545
2020-03-07;"Trnavský kraj";0;0;0;0;NA;141552;0;2020-03-07;-545
2020-03-06;"Trnavský kraj";0;0;0;0;NA;141552;0;2020-03-06;-545
2021-12-22;"Žilinský kraj";510;0;0;0;121706;189127;510;2021-12-22;189127
2021-12-21;"Žilinský kraj";755;0;0;0;NA;189127;755;2021-12-21;188617
2021-12-20;"Žilinský kraj";563;7;0;7;NA;189127;563;2021-12-20;187862
2021-12-19;"Žilinský kraj";133;1159;52;1211;NA;189127;185;2021-12-19;187299
2021-12-18;"Žilinský kraj";417;1169;62;1231;NA;189127;479;2021-12-18;187114
2021-12-17;"Žilinský kraj";604;3509;103;3612;NA;189127;707;2021-12-17;186635
2021-12-16;"Žilinský kraj";660;3785;100;3885;NA;189127;760;2021-12-16;185928
2021-12-15;"Žilinský kraj";802;3406;125;3531;NA;189127;927;2021-12-15;185168
2021-12-14;"Žilinský kraj";798;4565;127;4692;NA;189127;925;2021-12-14;184241
2021-12-13;"Žilinský kraj";759;7731;212;7943;NA;189127;971;2021-12-13;183316
2021-12-12;"Žilinský kraj";340;2085;90;2175;NA;189127;430;2021-12-12;182345
2021-12-11;"Žilinský kraj";761;1841;111;1952;NA;189127;872;2021-12-11;181915
2021-12-10;"Žilinský kraj";638;4040;136;4176;NA;189127;774;2021-12-10;181043
2021-12-09;"Žilinský kraj";870;5827;161;5988;NA;189127;1031;2021-12-09;180269
2021-12-08;"Žilinský kraj";1018;3214;158;3372;NA;189127;1176;2021-12-08;179238
2021-12-07;"Žilinský kraj";1356;5146;160;5306;NA;189127;1516;2021-12-07;178062
2021-12-06;"Žilinský kraj";919;7441;226;7667;NA;189127;1145;2021-12-06;176546
2021-12-05;"Žilinský kraj";505;3306;134;3440;NA;189127;639;2021-12-05;175401
2021-12-04;"Žilinský kraj";704;1892;153;2045;NA;189127;857;2021-12-04;174762
2021-12-03;"Žilinský kraj";1204;4863;215;5078;NA;189127;1419;2021-12-03;173905
2021-12-02;"Žilinský kraj";1847;4120;199;4319;NA;189127;2046;2021-12-02;172486
2021-12-01;"Žilinský kraj";1183;4069;195;4264;NA;189127;1378;2021-12-01;170440
2021-11-30;"Žilinský kraj";1575;5466;252;5718;NA;189127;1827;2021-11-30;169062
2021-11-29;"Žilinský kraj";1395;9067;358;9425;NA;189127;1753;2021-11-29;167235
2021-11-28;"Žilinský kraj";625;4581;235;4816;NA;189127;860;2021-11-28;165482
2021-11-27;"Žilinský kraj";909;2557;192;2749;NA;189127;1101;2021-11-27;164622
2021-11-26;"Žilinský kraj";1195;6580;342;6922;NA;189127;1537;2021-11-26;163521
2021-11-25;"Žilinský kraj";1281;4701;331;5032;NA;189127;1612;2021-11-25;161984
2021-11-24;"Žilinský kraj";1792;4659;324;4983;NA;189127;2116;2021-11-24;160372
2021-11-23;"Žilinský kraj";1630;4654;353;5007;NA;189127;1983;2021-11-23;158256
2021-11-22;"Žilinský kraj";1126;6699;452;7151;NA;189127;1578;2021-11-22;156273
2021-11-21;"Žilinský kraj";443;2865;260;3125;NA;189127;703;2021-11-21;154695
2021-11-20;"Žilinský kraj";963;2104;241;2345;NA;189127;1204;2021-11-20;153992
2021-11-19;"Žilinský kraj";1281;4622;434;5056;NA;189127;1715;2021-11-19;152788
2021-11-18;"Žilinský kraj";1220;4432;376;4808;NA;189127;1596;2021-11-18;151073
2021-11-17;"Žilinský kraj";1001;1434;149;1583;NA;189127;1150;2021-11-17;149477
2021-11-16;"Žilinský kraj";1197;4058;323;4381;NA;189127;1520;2021-11-16;148327
2021-11-15;"Žilinský kraj";977;5050;476;5526;NA;189127;1453;2021-11-15;146807
2021-11-14;"Žilinský kraj";356;2287;262;2549;NA;189127;618;2021-11-14;145354
2021-11-13;"Žilinský kraj";652;1882;220;2102;NA;189127;872;2021-11-13;144736
2021-11-12;"Žilinský kraj";1027;4291;340;4631;NA;189127;1367;2021-11-12;143864
2021-11-11;"Žilinský kraj";924;4192;272;4464;NA;189127;1196;2021-11-11;142497
2021-11-10;"Žilinský kraj";897;4509;305;4814;NA;189127;1202;2021-11-10;141301
2021-11-09;"Žilinský kraj";1440;4619;256;4875;NA;189127;1696;2021-11-09;140099
2021-11-08;"Žilinský kraj";781;4438;425;4863;NA;189127;1206;2021-11-08;138403
2021-11-07;"Žilinský kraj";304;2130;231;2361;NA;189127;535;2021-11-07;137197
2021-11-06;"Žilinský kraj";741;2150;201;2351;NA;189127;942;2021-11-06;136662
2021-11-05;"Žilinský kraj";1064;4067;235;4302;NA;189127;1299;2021-11-05;135720
2021-11-04;"Žilinský kraj";776;3709;232;3941;NA;189127;1008;2021-11-04;134421
2021-11-03;"Žilinský kraj";1106;5550;338;5888;NA;189127;1444;2021-11-03;133413
2021-11-02;"Žilinský kraj";1136;4451;333;4784;NA;189127;1469;2021-11-02;131969
2021-11-01;"Žilinský kraj";399;1456;137;1593;NA;189127;536;2021-11-01;130500
2021-10-31;"Žilinský kraj";344;1387;145;1532;NA;189127;489;2021-10-31;129964
2021-10-30;"Žilinský kraj";571;1944;161;2105;NA;189127;732;2021-10-30;129475
2021-10-29;"Žilinský kraj";733;3339;194;3533;NA;189127;927;2021-10-29;128743
2021-10-28;"Žilinský kraj";639;4953;247;5200;NA;189127;886;2021-10-28;127816
2021-10-27;"Žilinský kraj";739;3446;173;3619;NA;189127;912;2021-10-27;126930
2021-10-26;"Žilinský kraj";945;4748;216;4964;NA;189127;1161;2021-10-26;126018
2021-10-25;"Žilinský kraj";649;5736;271;6007;NA;189127;920;2021-10-25;124857
2021-10-24;"Žilinský kraj";248;1679;107;1786;NA;189127;355;2021-10-24;123937
2021-10-23;"Žilinský kraj";399;2415;149;2564;NA;189127;548;2021-10-23;123582
2021-10-22;"Žilinský kraj";587;3898;151;4049;NA;189127;738;2021-10-22;123034
2021-10-21;"Žilinský kraj";591;3367;162;3529;NA;189127;753;2021-10-21;122296
2021-10-20;"Žilinský kraj";479;3864;154;4018;NA;189127;633;2021-10-20;121543
2021-10-19;"Žilinský kraj";675;3763;161;3924;NA;189127;836;2021-10-19;120910
2021-10-18;"Žilinský kraj";432;5160;271;5431;NA;189127;703;2021-10-18;120074
2021-10-17;"Žilinský kraj";135;1769;101;1870;NA;189127;236;2021-10-17;119371
2021-10-16;"Žilinský kraj";273;2341;100;2441;NA;189127;373;2021-10-16;119135
2021-10-15;"Žilinský kraj";347;3859;146;4005;NA;189127;493;2021-10-15;118762
2021-10-14;"Žilinský kraj";419;3035;110;3145;NA;189127;529;2021-10-14;118269
2021-10-13;"Žilinský kraj";404;3427;112;3539;NA;189127;516;2021-10-13;117740
2021-10-12;"Žilinský kraj";589;4000;141;4141;NA;189127;730;2021-10-12;117224
2021-10-11;"Žilinský kraj";323;4501;154;4655;NA;189127;477;2021-10-11;116494
2021-10-10;"Žilinský kraj";113;1577;77;1654;NA;189127;190;2021-10-10;116017
2021-10-09;"Žilinský kraj";201;1565;57;1622;NA;189127;258;2021-10-09;115827
2021-10-08;"Žilinský kraj";265;4227;99;4326;NA;189127;364;2021-10-08;115569
2021-10-07;"Žilinský kraj";338;3384;113;3497;NA;189127;451;2021-10-07;115205
2021-10-06;"Žilinský kraj";313;3901;89;3990;NA;189127;402;2021-10-06;114754
2021-10-05;"Žilinský kraj";387;4031;122;4153;NA;189127;509;2021-10-05;114352
2021-10-04;"Žilinský kraj";297;4449;121;4570;NA;189127;418;2021-10-04;113843
2021-10-03;"Žilinský kraj";22;1596;63;1659;NA;189127;85;2021-10-03;113425
2021-10-02;"Žilinský kraj";209;1990;45;2035;NA;189127;254;2021-10-02;113340
2021-10-01;"Žilinský kraj";263;4047;104;4151;NA;189127;367;2021-10-01;113086
2021-09-30;"Žilinský kraj";248;3531;71;3602;NA;189127;319;2021-09-30;112719
2021-09-29;"Žilinský kraj";285;3577;82;3659;NA;189127;367;2021-09-29;112400
2021-09-28;"Žilinský kraj";272;3656;73;3729;NA;189127;345;2021-09-28;112033
2021-09-27;"Žilinský kraj";239;4418;152;4570;NA;189127;391;2021-09-27;111688
2021-09-26;"Žilinský kraj";17;1665;42;1707;NA;189127;59;2021-09-26;111297
2021-09-25;"Žilinský kraj";111;1711;50;1761;NA;189127;161;2021-09-25;111238
2021-09-24;"Žilinský kraj";199;6127;98;6225;NA;189127;297;2021-09-24;111077
2021-09-23;"Žilinský kraj";176;2629;74;2703;NA;189127;250;2021-09-23;110780
2021-09-22;"Žilinský kraj";185;2728;77;2805;NA;189127;262;2021-09-22;110530
2021-09-21;"Žilinský kraj";250;3123;78;3201;NA;189127;328;2021-09-21;110268
2021-09-20;"Žilinský kraj";244;3231;95;3326;NA;189127;339;2021-09-20;109940
2021-09-19;"Žilinský kraj";26;1579;37;1616;NA;189127;63;2021-09-19;109601
2021-09-18;"Žilinský kraj";87;1441;45;1486;NA;189127;132;2021-09-18;109538
2021-09-17;"Žilinský kraj";192;3351;56;3407;NA;189127;248;2021-09-17;109406
2021-09-16;"Žilinský kraj";164;2744;87;2831;NA;189127;251;2021-09-16;109158
2021-09-15;"Žilinský kraj";31;555;11;566;NA;189127;42;2021-09-15;108907
2021-09-14;"Žilinský kraj";155;3268;61;3329;NA;189127;216;2021-09-14;108865
2021-09-13;"Žilinský kraj";81;3231;75;3306;NA;189127;156;2021-09-13;108649
2021-09-12;"Žilinský kraj";9;1138;24;1162;NA;189127;33;2021-09-12;108493
2021-09-11;"Žilinský kraj";47;1322;21;1343;NA;189127;68;2021-09-11;108460
2021-09-10;"Žilinský kraj";66;2439;34;2473;NA;189127;100;2021-09-10;108392
2021-09-09;"Žilinský kraj";56;2352;18;2370;NA;189127;74;2021-09-09;108292
2021-09-08;"Žilinský kraj";68;1560;24;1584;NA;189127;92;2021-09-08;108218
2021-09-07;"Žilinský kraj";72;1806;27;1833;NA;189127;99;2021-09-07;108126
2021-09-06;"Žilinský kraj";31;2381;45;2426;NA;189127;76;2021-09-06;108027
2021-09-05;"Žilinský kraj";11;785;8;793;NA;189127;19;2021-09-05;107951
2021-09-04;"Žilinský kraj";24;1080;5;1085;NA;189127;29;2021-09-04;107932
2021-09-03;"Žilinský kraj";52;2047;28;2075;NA;189127;80;2021-09-03;107903
2021-09-02;"Žilinský kraj";30;1432;22;1454;NA;189127;52;2021-09-02;107823
2021-09-01;"Žilinský kraj";5;461;6;467;NA;189127;11;2021-09-01;107771
2021-08-31;"Žilinský kraj";32;1710;15;1725;NA;189127;47;2021-08-31;107760
2021-08-30;"Žilinský kraj";7;1801;4;1805;NA;189127;11;2021-08-30;107713
2021-08-29;"Žilinský kraj";8;631;5;636;NA;189127;13;2021-08-29;107702
2021-08-28;"Žilinský kraj";2;1005;1;1006;NA;189127;3;2021-08-28;107689
2021-08-27;"Žilinský kraj";13;1765;12;1777;NA;189127;25;2021-08-27;107686
2021-08-26;"Žilinský kraj";17;1636;7;1643;NA;189127;24;2021-08-26;107661
2021-08-25;"Žilinský kraj";9;1203;11;1214;NA;189127;20;2021-08-25;107637
2021-08-24;"Žilinský kraj";6;1395;9;1404;NA;189127;15;2021-08-24;107617
2021-08-23;"Žilinský kraj";11;1877;7;1884;NA;189127;18;2021-08-23;107602
2021-08-22;"Žilinský kraj";2;733;3;736;NA;189127;5;2021-08-22;107584
2021-08-21;"Žilinský kraj";6;1183;2;1185;NA;189127;8;2021-08-21;107579
2021-08-20;"Žilinský kraj";7;2284;5;2289;NA;189127;12;2021-08-20;107571
2021-08-19;"Žilinský kraj";6;1281;3;1284;NA;189127;9;2021-08-19;107559
2021-08-18;"Žilinský kraj";4;1331;7;1338;NA;189127;11;2021-08-18;107550
2021-08-17;"Žilinský kraj";9;1219;3;1222;NA;189127;12;2021-08-17;107539
2021-08-16;"Žilinský kraj";14;1696;5;1701;NA;189127;19;2021-08-16;107527
2021-08-15;"Žilinský kraj";1;880;2;882;NA;189127;3;2021-08-15;107508
2021-08-14;"Žilinský kraj";5;1197;0;1197;NA;189127;5;2021-08-14;107505
2021-08-13;"Žilinský kraj";6;1685;0;1685;NA;189127;6;2021-08-13;107500
2021-08-12;"Žilinský kraj";4;1105;1;1106;NA;189127;5;2021-08-12;107494
2021-08-11;"Žilinský kraj";13;1250;3;1253;NA;189127;16;2021-08-11;107489
2021-08-10;"Žilinský kraj";12;1292;3;1295;NA;189127;15;2021-08-10;107473
2021-08-09;"Žilinský kraj";9;1142;1;1143;NA;189127;10;2021-08-09;107458
2021-08-08;"Žilinský kraj";1;748;5;753;NA;189127;6;2021-08-08;107448
2021-08-07;"Žilinský kraj";7;1192;1;1193;NA;189127;8;2021-08-07;107442
2021-08-06;"Žilinský kraj";1;1347;0;1347;NA;189127;1;2021-08-06;107434
2021-08-05;"Žilinský kraj";7;1148;3;1151;NA;189127;10;2021-08-05;107433
2021-08-04;"Žilinský kraj";12;875;0;875;NA;189127;12;2021-08-04;107423
2021-08-03;"Žilinský kraj";11;918;0;918;NA;189127;11;2021-08-03;107411
2021-08-02;"Žilinský kraj";5;1513;1;1514;NA;189127;6;2021-08-02;107400
2021-08-01;"Žilinský kraj";0;679;2;681;NA;189127;2;2021-08-01;107394
2021-07-31;"Žilinský kraj";4;1114;0;1114;NA;189127;4;2021-07-31;107392
2021-07-30;"Žilinský kraj";3;1671;0;1671;NA;189127;3;2021-07-30;107388
2021-07-29;"Žilinský kraj";1;1299;0;1299;NA;189127;1;2021-07-29;107385
2021-07-28;"Žilinský kraj";4;901;0;901;NA;189127;4;2021-07-28;107384
2021-07-27;"Žilinský kraj";11;1378;0;1378;NA;189127;11;2021-07-27;107380
2021-07-26;"Žilinský kraj";1;1301;1;1302;NA;189127;2;2021-07-26;107369
2021-07-25;"Žilinský kraj";2;828;2;830;NA;189127;4;2021-07-25;107367
2021-07-24;"Žilinský kraj";2;1338;2;1340;NA;189127;4;2021-07-24;107363
2021-07-23;"Žilinský kraj";4;1750;0;1750;NA;189127;4;2021-07-23;107359
2021-07-22;"Žilinský kraj";2;1207;0;1207;NA;189127;2;2021-07-22;107355
2021-07-21;"Žilinský kraj";2;1021;0;1021;NA;189127;2;2021-07-21;107353
2021-07-20;"Žilinský kraj";4;1439;0;1439;NA;189127;4;2021-07-20;107351
2021-07-19;"Žilinský kraj";4;1763;1;1764;NA;189127;5;2021-07-19;107347
2021-07-18;"Žilinský kraj";0;854;1;855;NA;189127;1;2021-07-18;107342
2021-07-17;"Žilinský kraj";0;1350;0;1350;NA;189127;0;2021-07-17;107341
2021-07-16;"Žilinský kraj";2;1767;0;1767;NA;189127;2;2021-07-16;107341
2021-07-15;"Žilinský kraj";2;1577;0;1577;NA;189127;2;2021-07-15;107339
2021-07-14;"Žilinský kraj";5;1042;1;1043;NA;189127;6;2021-07-14;107337
2021-07-13;"Žilinský kraj";3;1709;1;1710;NA;189127;4;2021-07-13;107331
2021-07-12;"Žilinský kraj";3;1325;1;1326;NA;189127;4;2021-07-12;107327
2021-07-11;"Žilinský kraj";2;989;0;989;NA;189127;2;2021-07-11;107323
2021-07-10;"Žilinský kraj";1;1511;4;1515;NA;189127;5;2021-07-10;107321
2021-07-09;"Žilinský kraj";1;2208;1;2209;NA;189127;2;2021-07-09;107316
2021-07-08;"Žilinský kraj";6;1776;3;1779;NA;189127;9;2021-07-08;107314
2021-07-07;"Žilinský kraj";1;1585;3;1588;NA;189127;4;2021-07-07;107305
2021-07-06;"Žilinský kraj";4;1956;0;1956;NA;189127;4;2021-07-06;107301
2021-07-05;"Žilinský kraj";2;1031;1;1032;NA;189127;3;2021-07-05;107297
2021-07-04;"Žilinský kraj";0;1003;0;1003;NA;189127;0;2021-07-04;107294
2021-07-03;"Žilinský kraj";1;1696;2;1698;NA;189127;3;2021-07-03;107294
2021-07-02;"Žilinský kraj";0;3356;2;3358;NA;189127;2;2021-07-02;107291
2021-07-01;"Žilinský kraj";1;1118;0;1118;NA;189127;1;2021-07-01;107289
2021-06-30;"Žilinský kraj";1;10464;6;10470;NA;189127;7;2021-06-30;107288
2021-06-29;"Žilinský kraj";10;5946;0;5946;NA;189127;10;2021-06-29;107281
2021-06-28;"Žilinský kraj";4;6245;2;6247;NA;189127;6;2021-06-28;107271
2021-06-27;"Žilinský kraj";3;4702;1;4703;NA;189127;4;2021-06-27;107265
2021-06-26;"Žilinský kraj";4;5919;0;5919;NA;189127;4;2021-06-26;107261
2021-06-25;"Žilinský kraj";8;9756;5;9761;NA;189127;13;2021-06-25;107257
2021-06-24;"Žilinský kraj";6;5657;3;5660;NA;189127;9;2021-06-24;107244
2021-06-23;"Žilinský kraj";7;5955;10;5965;NA;189127;17;2021-06-23;107235
2021-06-22;"Žilinský kraj";6;5214;8;5222;NA;189127;14;2021-06-22;107218
2021-06-21;"Žilinský kraj";6;6287;8;6295;NA;189127;14;2021-06-21;107204
2021-06-20;"Žilinský kraj";1;5531;8;5539;NA;189127;9;2021-06-20;107190
2021-06-19;"Žilinský kraj";9;8353;2;8355;NA;189127;11;2021-06-19;107181
2021-06-18;"Žilinský kraj";11;10624;12;10636;NA;189127;23;2021-06-18;107170
2021-06-17;"Žilinský kraj";10;6092;12;6104;NA;189127;22;2021-06-17;107147
2021-06-16;"Žilinský kraj";17;5786;11;5797;NA;189127;28;2021-06-16;107125
2021-06-15;"Žilinský kraj";13;5996;13;6009;NA;189127;26;2021-06-15;107097
2021-06-14;"Žilinský kraj";10;7596;21;7617;NA;189127;31;2021-06-14;107071
2021-06-13;"Žilinský kraj";2;6682;9;6691;NA;189127;11;2021-06-13;107040
2021-06-12;"Žilinský kraj";9;8634;11;8645;NA;189127;20;2021-06-12;107029
2021-06-11;"Žilinský kraj";11;11566;14;11580;NA;189127;25;2021-06-11;107009
2021-06-10;"Žilinský kraj";14;6788;14;6802;NA;189127;28;2021-06-10;106984
2021-06-09;"Žilinský kraj";23;5925;14;5939;NA;189127;37;2021-06-09;106956
2021-06-08;"Žilinský kraj";18;6615;16;6631;NA;189127;34;2021-06-08;106919
2021-06-07;"Žilinský kraj";25;8534;21;8555;NA;189127;46;2021-06-07;106885
2021-06-06;"Žilinský kraj";10;8056;27;8083;NA;189127;37;2021-06-06;106839
2021-06-05;"Žilinský kraj";8;9175;10;9185;NA;189127;18;2021-06-05;106802
2021-06-04;"Žilinský kraj";19;12260;34;12294;NA;189127;53;2021-06-04;106784
2021-06-03;"Žilinský kraj";12;7033;33;7066;NA;189127;45;2021-06-03;106731
2021-06-02;"Žilinský kraj";17;7090;28;7118;NA;189127;45;2021-06-02;106686
2021-06-01;"Žilinský kraj";38;8285;46;8331;NA;189127;84;2021-06-01;106641
2021-05-31;"Žilinský kraj";31;9616;59;9675;NA;189127;90;2021-05-31;106557
2021-05-30;"Žilinský kraj";21;9025;35;9060;NA;189127;56;2021-05-30;106467
2021-05-29;"Žilinský kraj";13;11195;23;11218;NA;189127;36;2021-05-29;106411
2021-05-28;"Žilinský kraj";28;13277;30;13307;NA;189127;58;2021-05-28;106375
2021-05-27;"Žilinský kraj";17;8267;39;8306;NA;189127;56;2021-05-27;106317
2021-05-26;"Žilinský kraj";20;8329;25;8354;NA;189127;45;2021-05-26;106261
2021-05-25;"Žilinský kraj";21;9624;38;9662;NA;189127;59;2021-05-25;106216
2021-05-24;"Žilinský kraj";36;11487;57;11544;NA;189127;93;2021-05-24;106157
2021-05-23;"Žilinský kraj";4;10923;56;10979;NA;189127;60;2021-05-23;106064
2021-05-22;"Žilinský kraj";21;11893;28;11921;NA;189127;49;2021-05-22;106004
2021-05-21;"Žilinský kraj";28;15654;50;15704;NA;189127;78;2021-05-21;105955
2021-05-20;"Žilinský kraj";30;9616;30;9646;NA;189127;60;2021-05-20;105877
2021-05-19;"Žilinský kraj";46;8693;41;8734;NA;189127;87;2021-05-19;105817
2021-05-18;"Žilinský kraj";52;10609;44;10653;NA;189127;96;2021-05-18;105730
2021-05-17;"Žilinský kraj";51;12676;84;12760;NA;189127;135;2021-05-17;105634
2021-05-16;"Žilinský kraj";13;14114;42;14156;NA;189127;55;2021-05-16;105499
2021-05-15;"Žilinský kraj";30;18404;35;18439;NA;189127;65;2021-05-15;105444
2021-05-14;"Žilinský kraj";34;21205;82;21287;NA;189127;116;2021-05-14;105379
2021-05-13;"Žilinský kraj";64;11865;51;11916;NA;189127;115;2021-05-13;105263
2021-05-12;"Žilinský kraj";57;10337;51;10388;NA;189127;108;2021-05-12;105148
2021-05-11;"Žilinský kraj";70;12174;51;12225;NA;189127;121;2021-05-11;105040
2021-05-10;"Žilinský kraj";69;16182;72;16254;NA;189127;141;2021-05-10;104919
2021-05-09;"Žilinský kraj";58;20385;77;20462;NA;189127;135;2021-05-09;104778
2021-05-08;"Žilinský kraj";0;24133;63;24196;NA;189127;63;2021-05-08;104643
2021-05-07;"Žilinský kraj";65;26522;87;26609;NA;189127;152;2021-05-07;104580
2021-05-06;"Žilinský kraj";67;16605;72;16677;NA;189127;139;2021-05-06;104428
2021-05-05;"Žilinský kraj";71;13096;73;13169;NA;189127;144;2021-05-05;104289
2021-05-04;"Žilinský kraj";81;16749;80;16829;NA;189127;161;2021-05-04;104145
2021-05-03;"Žilinský kraj";97;20391;111;20502;NA;189127;208;2021-05-03;103984
2021-05-02;"Žilinský kraj";8;28886;64;28950;NA;189127;72;2021-05-02;103776
2021-05-01;"Žilinský kraj";65;55053;105;55158;NA;189127;170;2021-05-01;103704
2021-04-30;"Žilinský kraj";84;44000;117;44117;NA;189127;201;2021-04-30;103534
2021-04-29;"Žilinský kraj";77;24566;101;24667;NA;189127;178;2021-04-29;103333
2021-04-28;"Žilinský kraj";76;19214;91;19305;NA;189127;167;2021-04-28;103155
2021-04-27;"Žilinský kraj";97;21805;110;21915;NA;189127;207;2021-04-27;102988
2021-04-26;"Žilinský kraj";114;27412;136;27548;NA;189127;250;2021-04-26;102781
2021-04-25;"Žilinský kraj";38;35750;82;35832;NA;189127;120;2021-04-25;102531
2021-04-24;"Žilinský kraj";93;78854;157;79011;NA;189127;250;2021-04-24;102411
2021-04-23;"Žilinský kraj";144;49440;153;49593;NA;189127;297;2021-04-23;102161
2021-04-22;"Žilinský kraj";110;25224;132;25356;NA;189127;242;2021-04-22;101864
2021-04-21;"Žilinský kraj";118;20616;145;20761;NA;189127;263;2021-04-21;101622
2021-04-20;"Žilinský kraj";128;23873;136;24009;NA;189127;264;2021-04-20;101359
2021-04-19;"Žilinský kraj";164;32773;210;32983;NA;189127;374;2021-04-19;101095
2021-04-18;"Žilinský kraj";18;36767;91;36858;NA;189127;109;2021-04-18;100721
2021-04-17;"Žilinský kraj";108;89377;156;89533;NA;189127;264;2021-04-17;100612
2021-04-16;"Žilinský kraj";185;47847;208;48055;NA;189127;393;2021-04-16;100348
2021-04-15;"Žilinský kraj";108;24830;130;24960;NA;189127;238;2021-04-15;99955
2021-04-14;"Žilinský kraj";135;23145;145;23290;NA;189127;280;2021-04-14;99717
2021-04-13;"Žilinský kraj";171;25050;135;25185;NA;189127;306;2021-04-13;99437
2021-04-12;"Žilinský kraj";266;30794;189;30983;NA;189127;455;2021-04-12;99131
2021-04-11;"Žilinský kraj";19;37126;107;37233;NA;189127;126;2021-04-11;98676
2021-04-10;"Žilinský kraj";111;86284;237;86521;NA;189127;348;2021-04-10;98550
2021-04-09;"Žilinský kraj";195;41973;206;42179;NA;189127;401;2021-04-09;98202
2021-04-08;"Žilinský kraj";179;24404;141;24545;NA;189127;320;2021-04-08;97801
2021-04-07;"Žilinský kraj";309;28651;174;28825;NA;189127;483;2021-04-07;97481
2021-04-06;"Žilinský kraj";308;40107;301;40408;NA;189127;609;2021-04-06;96998
2021-04-05;"Žilinský kraj";17;14747;140;14887;NA;189127;157;2021-04-05;96389
2021-04-04;"Žilinský kraj";17;16284;69;16353;NA;189127;86;2021-04-04;96232
2021-04-03;"Žilinský kraj";180;100699;403;101102;NA;189127;583;2021-04-03;96146
2021-04-02;"Žilinský kraj";73;22411;83;22494;NA;189127;156;2021-04-02;95563
2021-04-01;"Žilinský kraj";334;43264;240;43504;NA;189127;574;2021-04-01;95407
2021-03-31;"Žilinský kraj";170;31635;247;31882;NA;189127;417;2021-03-31;94833
2021-03-30;"Žilinský kraj";406;26323;243;26566;NA;189127;649;2021-03-30;94416
2021-03-29;"Žilinský kraj";297;28029;268;28297;NA;189127;565;2021-03-29;93767
2021-03-28;"Žilinský kraj";21;36206;239;36445;NA;189127;260;2021-03-28;93202
2021-03-27;"Žilinský kraj";151;89107;353;89460;NA;189127;504;2021-03-27;92942
2021-03-26;"Žilinský kraj";312;51757;330;52087;NA;189127;642;2021-03-26;92438
2021-03-25;"Žilinský kraj";281;27619;214;27833;NA;189127;495;2021-03-25;91796
2021-03-24;"Žilinský kraj";280;21268;260;21528;NA;189127;540;2021-03-24;91301
2021-03-23;"Žilinský kraj";418;23193;278;23471;NA;189127;696;2021-03-23;90761
2021-03-22;"Žilinský kraj";293;29289;314;29603;NA;189127;607;2021-03-22;90065
2021-03-21;"Žilinský kraj";32;33705;227;33932;NA;189127;259;2021-03-21;89458
2021-03-20;"Žilinský kraj";165;93015;497;93512;NA;189127;662;2021-03-20;89199
2021-03-19;"Žilinský kraj";357;51988;414;52402;NA;189127;771;2021-03-19;88537
2021-03-18;"Žilinský kraj";329;28459;294;28753;NA;189127;623;2021-03-18;87766
2021-03-17;"Žilinský kraj";395;21919;269;22188;NA;189127;664;2021-03-17;87143
2021-03-16;"Žilinský kraj";514;24341;317;24658;NA;189127;831;2021-03-16;86479
2021-03-15;"Žilinský kraj";341;29613;419;30032;NA;189127;760;2021-03-15;85648
2021-03-14;"Žilinský kraj";87;34121;267;34388;NA;189127;354;2021-03-14;84888
2021-03-13;"Žilinský kraj";113;93386;581;93967;NA;189127;694;2021-03-13;84534
2021-03-12;"Žilinský kraj";520;52329;411;52740;NA;189127;931;2021-03-12;83840
2021-03-11;"Žilinský kraj";399;28189;302;28491;NA;189127;701;2021-03-11;82909
2021-03-10;"Žilinský kraj";368;22414;378;22792;NA;189127;746;2021-03-10;82208
2021-03-09;"Žilinský kraj";537;24857;316;25173;NA;189127;853;2021-03-09;81462
2021-03-08;"Žilinský kraj";387;30873;458;31331;NA;189127;845;2021-03-08;80609
2021-03-07;"Žilinský kraj";48;33469;290;33759;NA;189127;338;2021-03-07;79764
2021-03-06;"Žilinský kraj";173;92410;589;92999;NA;189127;762;2021-03-06;79426
2021-03-05;"Žilinský kraj";369;51987;484;52471;NA;189127;853;2021-03-05;78664
2021-03-04;"Žilinský kraj";467;30037;377;30414;NA;189127;844;2021-03-04;77811
2021-03-03;"Žilinský kraj";448;26261;394;26655;NA;189127;842;2021-03-03;76967
2021-03-02;"Žilinský kraj";551;25913;378;26291;NA;189127;929;2021-03-02;76125
2021-03-01;"Žilinský kraj";375;30498;441;30939;NA;189127;816;2021-03-01;75196
2021-02-28;"Žilinský kraj";61;34802;327;35129;NA;189127;388;2021-02-28;74380
2021-02-27;"Žilinský kraj";159;83781;639;84420;NA;189127;798;2021-02-27;73992
2021-02-26;"Žilinský kraj";459;47500;508;48008;NA;189127;967;2021-02-26;73194
2021-02-25;"Žilinský kraj";347;30879;393;31272;NA;189127;740;2021-02-25;72227
2021-02-24;"Žilinský kraj";339;18760;395;19155;NA;189127;734;2021-02-24;71487
2021-02-23;"Žilinský kraj";437;22172;418;22590;NA;189127;855;2021-02-23;70753
2021-02-22;"Žilinský kraj";345;29270;438;29708;NA;189127;783;2021-02-22;69898
2021-02-21;"Žilinský kraj";36;28686;322;29008;NA;189127;358;2021-02-21;69115
2021-02-20;"Žilinský kraj";152;89944;671;90615;NA;189127;823;2021-02-20;68757
2021-02-19;"Žilinský kraj";337;45541;417;45958;NA;189127;754;2021-02-19;67934
2021-02-18;"Žilinský kraj";263;24662;337;24999;NA;189127;600;2021-02-18;67180
2021-02-17;"Žilinský kraj";269;17932;355;18287;NA;189127;624;2021-02-17;66580
2021-02-16;"Žilinský kraj";321;24298;325;24623;NA;189127;646;2021-02-16;65956
2021-02-15;"Žilinský kraj";230;30420;311;30731;NA;189127;541;2021-02-15;65310
2021-02-14;"Žilinský kraj";30;28574;231;28805;NA;189127;261;2021-02-14;64769
2021-02-13;"Žilinský kraj";91;69638;453;70091;NA;189127;544;2021-02-13;64508
2021-02-12;"Žilinský kraj";242;43338;336;43674;NA;189127;578;2021-02-12;63964
2021-02-11;"Žilinský kraj";228;23521;300;23821;NA;189127;528;2021-02-11;63386
2021-02-10;"Žilinský kraj";259;17894;267;18161;NA;189127;526;2021-02-10;62858
2021-02-09;"Žilinský kraj";377;24784;274;25058;NA;189127;651;2021-02-09;62332
2021-02-08;"Žilinský kraj";160;41375;390;41765;NA;189127;550;2021-02-08;61681
2021-02-07;"Žilinský kraj";24;46446;252;46698;NA;189127;276;2021-02-07;61131
2021-02-06;"Žilinský kraj";71;72880;367;73247;NA;189127;438;2021-02-06;60855
2021-02-05;"Žilinský kraj";248;31869;323;32192;NA;189127;571;2021-02-05;60417
2021-02-04;"Žilinský kraj";238;13240;258;13498;NA;189127;496;2021-02-04;59846
2021-02-03;"Žilinský kraj";194;9186;255;9441;NA;189127;449;2021-02-03;59350
2021-02-02;"Žilinský kraj";216;9280;272;9552;NA;189127;488;2021-02-02;58901
2021-02-01;"Žilinský kraj";220;19690;370;20060;NA;189127;590;2021-02-01;58413
2021-01-31;"Žilinský kraj";11;2652;27;2679;NA;189127;38;2021-01-31;57823
2021-01-30;"Žilinský kraj";85;18447;187;18634;NA;189127;272;2021-01-30;57785
2021-01-29;"Žilinský kraj";209;22891;304;23195;NA;189127;513;2021-01-29;57513
2021-01-28;"Žilinský kraj";240;5533;172;5705;NA;189127;412;2021-01-28;57000
2021-01-27;"Žilinský kraj";256;6725;119;6844;NA;189127;375;2021-01-27;56588
2021-01-26;"Žilinský kraj";245;49781;348;50129;NA;189127;593;2021-01-26;56213
2021-01-25;"Žilinský kraj";159;21245;150;21395;NA;189127;309;2021-01-25;55620
2021-01-24;"Žilinský kraj";22;55835;268;56103;NA;189127;290;2021-01-24;55311
2021-01-23;"Žilinský kraj";91;101730;444;102174;NA;189127;535;2021-01-23;55021
2021-01-22;"Žilinský kraj";163;32160;237;32397;NA;189127;400;2021-01-22;54486
2021-01-21;"Žilinský kraj";116;19828;181;20009;NA;189127;297;2021-01-21;54086
2021-01-20;"Žilinský kraj";236;17126;159;17285;NA;189127;395;2021-01-20;53789
2021-01-19;"Žilinský kraj";245;15730;285;16015;NA;189127;530;2021-01-19;53394
2021-01-18;"Žilinský kraj";236;12685;326;13011;NA;189127;562;2021-01-18;52864
2021-01-17;"Žilinský kraj";95;147;8;155;NA;189127;103;2021-01-17;52302
2021-01-16;"Žilinský kraj";14;516;31;547;NA;189127;45;2021-01-16;52199
2021-01-15;"Žilinský kraj";248;7486;209;7695;NA;189127;457;2021-01-15;52154
2021-01-14;"Žilinský kraj";166;5319;239;5558;NA;189127;405;2021-01-14;51697
2021-01-13;"Žilinský kraj";247;11263;557;11820;NA;189127;804;2021-01-13;51292
2021-01-12;"Žilinský kraj";376;8410;385;8795;NA;189127;761;2021-01-12;50488
2021-01-11;"Žilinský kraj";351;10058;465;10523;NA;189127;816;2021-01-11;49727
2021-01-10;"Žilinský kraj";38;229;6;235;NA;189127;44;2021-01-10;48911
2021-01-09;"Žilinský kraj";192;1282;60;1342;NA;189127;252;2021-01-09;48867
2021-01-08;"Žilinský kraj";413;8721;462;9183;NA;189127;875;2021-01-08;48615
2021-01-07;"Žilinský kraj";438;23407;1872;25279;NA;189127;2310;2021-01-07;47740
2021-01-06;"Žilinský kraj";145;1076;67;1143;NA;189127;212;2021-01-06;45430
2021-01-05;"Žilinský kraj";717;10227;796;11023;NA;189127;1513;2021-01-05;45218
2021-01-04;"Žilinský kraj";479;9313;893;10206;NA;189127;1372;2021-01-04;43705
2021-01-03;"Žilinský kraj";13;1006;107;1113;NA;189127;120;2021-01-03;42333
2021-01-02;"Žilinský kraj";98;789;91;880;NA;189127;189;2021-01-02;42213
2021-01-01;"Žilinský kraj";118;241;13;254;NA;189127;131;2021-01-01;42024
2020-12-31;"Žilinský kraj";395;9626;784;10410;NA;189127;1179;2020-12-31;41893
2020-12-30;"Žilinský kraj";1038;11781;823;12604;NA;189127;1861;2020-12-30;40714
2020-12-29;"Žilinský kraj";256;10159;979;11138;NA;189127;1235;2020-12-29;38853
2020-12-28;"Žilinský kraj";406;10704;976;11680;NA;189127;1382;2020-12-28;37618
2020-12-27;"Žilinský kraj";40;684;94;778;NA;189127;134;2020-12-27;36236
2020-12-26;"Žilinský kraj";135;593;48;641;NA;189127;183;2020-12-26;36102
2020-12-25;"Žilinský kraj";66;83;9;92;NA;189127;75;2020-12-25;35919
2020-12-24;"Žilinský kraj";643;667;55;722;NA;189127;698;2020-12-24;35844
2020-12-23;"Žilinský kraj";228;16229;975;17204;NA;189127;1203;2020-12-23;35146
2020-12-22;"Žilinský kraj";519;13483;988;14471;NA;189127;1507;2020-12-22;33943
2020-12-21;"Žilinský kraj";444;12429;1078;13507;NA;189127;1522;2020-12-21;32436
2020-12-20;"Žilinský kraj";36;598;80;678;NA;189127;116;2020-12-20;30914
2020-12-19;"Žilinský kraj";208;1678;127;1805;NA;189127;335;2020-12-19;30798
2020-12-18;"Žilinský kraj";333;6553;370;6923;NA;189127;703;2020-12-18;30463
2020-12-17;"Žilinský kraj";500;3922;262;4184;NA;189127;762;2020-12-17;29760
2020-12-16;"Žilinský kraj";333;3815;267;4082;NA;189127;600;2020-12-16;28998
2020-12-15;"Žilinský kraj";528;3729;340;4069;NA;189127;868;2020-12-15;28398
2020-12-14;"Žilinský kraj";321;3884;309;4193;NA;189127;630;2020-12-14;27530
2020-12-13;"Žilinský kraj";26;494;66;560;NA;189127;92;2020-12-13;26900
2020-12-12;"Žilinský kraj";95;767;46;813;NA;189127;141;2020-12-12;26808
2020-12-11;"Žilinský kraj";455;3938;227;4165;NA;189127;682;2020-12-11;26667
2020-12-10;"Žilinský kraj";166;9129;838;9967;NA;189127;1004;2020-12-10;25985
2020-12-09;"Žilinský kraj";392;2169;132;2301;NA;189127;524;2020-12-09;24981
2020-12-08;"Žilinský kraj";331;3127;101;3228;NA;189127;432;2020-12-08;24457
2020-12-07;"Žilinský kraj";348;2746;162;2908;NA;189127;510;2020-12-07;24025
2020-12-06;"Žilinský kraj";15;128;6;134;NA;189127;21;2020-12-06;23515
2020-12-05;"Žilinský kraj";98;781;41;822;NA;189127;139;2020-12-05;23494
2020-12-04;"Žilinský kraj";228;3091;107;3198;NA;189127;335;2020-12-04;23355
2020-12-03;"Žilinský kraj";237;1609;115;1724;NA;189127;352;2020-12-03;23020
2020-12-02;"Žilinský kraj";181;1710;94;1804;NA;189127;275;2020-12-02;22668
2020-12-01;"Žilinský kraj";209;6239;284;6523;NA;189127;493;2020-12-01;22393
2020-11-30;"Žilinský kraj";203;5326;305;5631;NA;189127;508;2020-11-30;21900
2020-11-29;"Žilinský kraj";18;81;7;88;NA;189127;25;2020-11-29;21392
2020-11-28;"Žilinský kraj";99;349;15;364;NA;189127;114;2020-11-28;21367
2020-11-27;"Žilinský kraj";218;904;46;950;NA;189127;264;2020-11-27;21253
2020-11-26;"Žilinský kraj";190;1041;54;1095;NA;189127;244;2020-11-26;20989
2020-11-25;"Žilinský kraj";225;1217;49;1266;NA;189127;274;2020-11-25;20745
2020-11-24;"Žilinský kraj";213;2139;67;2206;NA;189127;280;2020-11-24;20471
2020-11-23;"Žilinský kraj";170;759;44;803;NA;189127;214;2020-11-23;20191
2020-11-22;"Žilinský kraj";11;67;2;69;NA;189127;13;2020-11-22;19977
2020-11-21;"Žilinský kraj";61;505;20;525;NA;189127;81;2020-11-21;19964
2020-11-20;"Žilinský kraj";251;1074;45;1119;NA;189127;296;2020-11-20;19883
2020-11-19;"Žilinský kraj";252;752;61;813;NA;189127;313;2020-11-19;19587
2020-11-18;"Žilinský kraj";346;348;15;363;NA;189127;361;2020-11-18;19274
2020-11-17;"Žilinský kraj";123;490;15;505;NA;189127;138;2020-11-17;18913
2020-11-16;"Žilinský kraj";227;247;15;262;NA;189127;242;2020-11-16;18775
2020-11-15;"Žilinský kraj";63;13;0;13;NA;189127;63;2020-11-15;18533
2020-11-14;"Žilinský kraj";189;1038;11;1049;NA;189127;200;2020-11-14;18470
2020-11-13;"Žilinský kraj";181;125;9;134;NA;189127;190;2020-11-13;18270
2020-11-12;"Žilinský kraj";334;79;2;81;NA;189127;336;2020-11-12;18080
2020-11-11;"Žilinský kraj";489;147;10;157;NA;189127;499;2020-11-11;17744
2020-11-10;"Žilinský kraj";374;519;9;528;NA;189127;383;2020-11-10;17245
2020-11-09;"Žilinský kraj";143;2335;30;2365;NA;189127;173;2020-11-09;16862
2020-11-08;"Žilinský kraj";59;2538;37;2575;NA;189127;96;2020-11-08;16689
2020-11-07;"Žilinský kraj";312;8175;88;8263;NA;189127;400;2020-11-07;16593
2020-11-06;"Žilinský kraj";503;4090;38;4128;NA;189127;541;2020-11-06;16193
2020-11-05;"Žilinský kraj";473;64;4;68;NA;189127;477;2020-11-05;15652
2020-11-04;"Žilinský kraj";423;178;10;188;NA;189127;433;2020-11-04;15175
2020-11-03;"Žilinský kraj";688;889;16;905;NA;189127;704;2020-11-03;14742
2020-11-02;"Žilinský kraj";472;1043;39;1082;NA;189127;511;2020-11-02;14038
2020-11-01;"Žilinský kraj";349;5096;130;5226;NA;189127;479;2020-11-01;13527
2020-10-31;"Žilinský kraj";661;7963;203;8166;NA;189127;864;2020-10-31;13048
2020-10-30;"Žilinský kraj";529;2575;61;2636;NA;189127;590;2020-10-30;12184
2020-10-29;"Žilinský kraj";740;503;17;520;NA;189127;757;2020-10-29;11594
2020-10-28;"Žilinský kraj";635;105;11;116;NA;189127;646;2020-10-28;10837
2020-10-27;"Žilinský kraj";355;154;24;178;NA;189127;379;2020-10-27;10191
2020-10-26;"Žilinský kraj";148;117;28;145;NA;189127;176;2020-10-26;9812
2020-10-25;"Žilinský kraj";436;0;0;0;NA;189127;436;2020-10-25;9636
2020-10-24;"Žilinský kraj";803;0;0;0;NA;189127;803;2020-10-24;9200
2020-10-23;"Žilinský kraj";659;102;13;115;NA;189127;672;2020-10-23;8397
2020-10-22;"Žilinský kraj";525;33;3;36;NA;189127;528;2020-10-22;7725
2020-10-21;"Žilinský kraj";478;74;14;88;NA;189127;492;2020-10-21;7197
2020-10-20;"Žilinský kraj";524;127;8;135;NA;189127;532;2020-10-20;6705
2020-10-19;"Žilinský kraj";70;80;12;92;NA;189127;82;2020-10-19;6173
2020-10-18;"Žilinský kraj";159;0;0;0;NA;189127;159;2020-10-18;6091
2020-10-17;"Žilinský kraj";509;0;0;0;NA;189127;509;2020-10-17;5932
2020-10-16;"Žilinský kraj";603;51;9;60;NA;189127;612;2020-10-16;5423
2020-10-15;"Žilinský kraj";679;61;3;64;NA;189127;682;2020-10-15;4811
2020-10-14;"Žilinský kraj";523;269;6;275;NA;189127;529;2020-10-14;4129
2020-10-13;"Žilinský kraj";367;458;40;498;NA;189127;407;2020-10-13;3600
2020-10-12;"Žilinský kraj";62;0;0;0;NA;189127;62;2020-10-12;3193
2020-10-11;"Žilinský kraj";50;0;0;0;NA;189127;50;2020-10-11;3131
2020-10-10;"Žilinský kraj";213;0;0;0;NA;189127;213;2020-10-10;3081
2020-10-09;"Žilinský kraj";543;0;0;0;NA;189127;543;2020-10-09;2868
2020-10-08;"Žilinský kraj";238;0;0;0;NA;189127;238;2020-10-08;2325
2020-10-07;"Žilinský kraj";168;0;0;0;NA;189127;168;2020-10-07;2087
2020-10-06;"Žilinský kraj";233;0;0;0;NA;189127;233;2020-10-06;1919
2020-10-05;"Žilinský kraj";33;0;0;0;NA;189127;33;2020-10-05;1686
2020-10-04;"Žilinský kraj";35;0;0;0;NA;189127;35;2020-10-04;1653
2020-10-03;"Žilinský kraj";155;0;0;0;NA;189127;155;2020-10-03;1618
2020-10-02;"Žilinský kraj";105;0;0;0;NA;189127;105;2020-10-02;1463
2020-10-01;"Žilinský kraj";147;0;0;0;NA;189127;147;2020-10-01;1358
2020-09-30;"Žilinský kraj";163;0;0;0;NA;189127;163;2020-09-30;1211
2020-09-29;"Žilinský kraj";105;0;0;0;NA;189127;105;2020-09-29;1048
2020-09-28;"Žilinský kraj";34;0;0;0;NA;189127;34;2020-09-28;943
2020-09-27;"Žilinský kraj";108;0;0;0;NA;189127;108;2020-09-27;909
2020-09-26;"Žilinský kraj";96;0;0;0;NA;189127;96;2020-09-26;801
2020-09-25;"Žilinský kraj";69;0;0;0;NA;189127;69;2020-09-25;705
2020-09-24;"Žilinský kraj";100;0;0;0;NA;189127;100;2020-09-24;636
2020-09-23;"Žilinský kraj";65;0;0;0;NA;189127;65;2020-09-23;536
2020-09-22;"Žilinský kraj";65;0;0;0;NA;189127;65;2020-09-22;471
2020-09-21;"Žilinský kraj";47;0;0;0;NA;189127;47;2020-09-21;406
2020-09-20;"Žilinský kraj";4;0;0;0;NA;189127;4;2020-09-20;359
2020-09-19;"Žilinský kraj";6;0;0;0;NA;189127;6;2020-09-19;355
2020-09-18;"Žilinský kraj";82;0;0;0;NA;189127;82;2020-09-18;349
2020-09-17;"Žilinský kraj";30;0;0;0;NA;189127;30;2020-09-17;267
2020-09-16;"Žilinský kraj";34;0;0;0;NA;189127;34;2020-09-16;237
2020-09-15;"Žilinský kraj";12;0;0;0;NA;189127;12;2020-09-15;203
2020-09-14;"Žilinský kraj";39;0;0;0;NA;189127;39;2020-09-14;191
2020-09-13;"Žilinský kraj";6;0;0;0;NA;189127;6;2020-09-13;152
2020-09-12;"Žilinský kraj";4;0;0;0;NA;189127;4;2020-09-12;146
2020-09-11;"Žilinský kraj";31;0;0;0;NA;189127;31;2020-09-11;142
2020-09-10;"Žilinský kraj";31;12;0;12;NA;189127;31;2020-09-10;111
2020-09-09;"Žilinský kraj";23;0;0;0;NA;189127;23;2020-09-09;80
2020-09-08;"Žilinský kraj";25;0;0;0;NA;189127;25;2020-09-08;57
2020-09-07;"Žilinský kraj";11;0;0;0;NA;189127;11;2020-09-07;32
2020-09-06;"Žilinský kraj";0;0;0;0;NA;189127;0;2020-09-06;21
2020-09-05;"Žilinský kraj";2;0;0;0;NA;189127;2;2020-09-05;21
2020-09-04;"Žilinský kraj";33;0;0;0;NA;189127;33;2020-09-04;19
2020-09-03;"Žilinský kraj";18;0;0;0;NA;189127;18;2020-09-03;-14
2020-09-02;"Žilinský kraj";16;0;0;0;NA;189127;16;2020-09-02;-32
2020-09-01;"Žilinský kraj";4;0;0;0;NA;189127;4;2020-09-01;-48
2020-08-31;"Žilinský kraj";5;0;0;0;NA;189127;5;2020-08-31;-52
2020-08-30;"Žilinský kraj";3;0;0;0;NA;189127;3;2020-08-30;-57
2020-08-29;"Žilinský kraj";5;0;0;0;NA;189127;5;2020-08-29;-60
2020-08-28;"Žilinský kraj";13;0;0;0;NA;189127;13;2020-08-28;-65
2020-08-27;"Žilinský kraj";18;0;0;0;NA;189127;18;2020-08-27;-78
2020-08-26;"Žilinský kraj";8;0;0;0;NA;189127;8;2020-08-26;-96
2020-08-25;"Žilinský kraj";2;0;0;0;NA;189127;2;2020-08-25;-104
2020-08-24;"Žilinský kraj";5;0;0;0;NA;189127;5;2020-08-24;-106
2020-08-23;"Žilinský kraj";0;0;0;0;NA;189127;0;2020-08-23;-111
2020-08-22;"Žilinský kraj";0;0;0;0;NA;189127;0;2020-08-22;-111
2020-08-21;"Žilinský kraj";10;0;0;0;NA;189127;10;2020-08-21;-111
2020-08-20;"Žilinský kraj";13;0;0;0;NA;189127;13;2020-08-20;-121
2020-08-19;"Žilinský kraj";7;0;0;0;NA;189127;7;2020-08-19;-134
2020-08-18;"Žilinský kraj";9;0;0;0;NA;189127;9;2020-08-18;-141
2020-08-17;"Žilinský kraj";1;0;0;0;NA;189127;1;2020-08-17;-150
2020-08-16;"Žilinský kraj";0;0;0;0;NA;189127;0;2020-08-16;-151
2020-08-15;"Žilinský kraj";0;0;0;0;NA;189127;0;2020-08-15;-151
2020-08-14;"Žilinský kraj";4;0;0;0;NA;189127;4;2020-08-14;-151
2020-08-13;"Žilinský kraj";2;0;0;0;NA;189127;2;2020-08-13;-155
2020-08-12;"Žilinský kraj";0;0;0;0;NA;189127;0;2020-08-12;-157
2020-08-11;"Žilinský kraj";4;0;0;0;NA;189127;4;2020-08-11;-157
2020-08-10;"Žilinský kraj";1;0;0;0;NA;189127;1;2020-08-10;-161
2020-08-09;"Žilinský kraj";0;0;0;0;NA;189127;0;2020-08-09;-162
2020-08-08;"Žilinský kraj";3;0;0;0;NA;189127;3;2020-08-08;-162
2020-08-07;"Žilinský kraj";8;0;0;0;NA;189127;8;2020-08-07;-165
2020-08-06;"Žilinský kraj";1;0;0;0;NA;189127;1;2020-08-06;-173
2020-08-05;"Žilinský kraj";1;0;0;0;NA;189127;1;2020-08-05;-174
2020-08-04;"Žilinský kraj";2;0;0;0;NA;189127;2;2020-08-04;-175
2020-08-03;"Žilinský kraj";0;0;0;0;NA;189127;0;2020-08-03;-177
2020-08-02;"Žilinský kraj";1;0;0;0;NA;189127;1;2020-08-02;-177
2020-08-01;"Žilinský kraj";0;0;0;0;NA;189127;0;2020-08-01;-178
2020-07-31;"Žilinský kraj";4;0;0;0;NA;189127;4;2020-07-31;-178
2020-07-30;"Žilinský kraj";2;0;0;0;NA;189127;2;2020-07-30;-182
2020-07-29;"Žilinský kraj";2;0;0;0;NA;189127;2;2020-07-29;-184
2020-07-28;"Žilinský kraj";4;0;0;0;NA;189127;4;2020-07-28;-186
2020-07-27;"Žilinský kraj";6;0;0;0;NA;189127;6;2020-07-27;-190
2020-07-26;"Žilinský kraj";0;0;0;0;NA;189127;0;2020-07-26;-196
2020-07-25;"Žilinský kraj";0;0;0;0;NA;189127;0;2020-07-25;-196
2020-07-24;"Žilinský kraj";2;0;0;0;NA;189127;2;2020-07-24;-196
2020-07-23;"Žilinský kraj";0;0;0;0;NA;189127;0;2020-07-23;-198
2020-07-22;"Žilinský kraj";1;0;0;0;NA;189127;1;2020-07-22;-198
2020-07-21;"Žilinský kraj";2;0;0;0;NA;189127;2;2020-07-21;-199
2020-07-20;"Žilinský kraj";3;0;0;0;NA;189127;3;2020-07-20;-201
2020-07-19;"Žilinský kraj";0;0;0;0;NA;189127;0;2020-07-19;-204
2020-07-18;"Žilinský kraj";0;0;0;0;NA;189127;0;2020-07-18;-204
2020-07-17;"Žilinský kraj";2;0;0;0;NA;189127;2;2020-07-17;-204
2020-07-16;"Žilinský kraj";2;0;0;0;NA;189127;2;2020-07-16;-206
2020-07-15;"Žilinský kraj";2;0;0;0;NA;189127;2;2020-07-15;-208
2020-07-14;"Žilinský kraj";1;0;0;0;NA;189127;1;2020-07-14;-210
2020-07-13;"Žilinský kraj";0;0;0;0;NA;189127;0;2020-07-13;-211
2020-07-12;"Žilinský kraj";0;0;0;0;NA;189127;0;2020-07-12;-211
2020-07-11;"Žilinský kraj";2;0;0;0;NA;189127;2;2020-07-11;-211
2020-07-10;"Žilinský kraj";3;0;0;0;NA;189127;3;2020-07-10;-213
2020-07-09;"Žilinský kraj";2;0;0;0;NA;189127;2;2020-07-09;-216
2020-07-08;"Žilinský kraj";10;0;0;0;NA;189127;10;2020-07-08;-218
2020-07-07;"Žilinský kraj";7;0;0;0;NA;189127;7;2020-07-07;-228
2020-07-06;"Žilinský kraj";0;0;0;0;NA;189127;0;2020-07-06;-235
2020-07-05;"Žilinský kraj";0;0;0;0;NA;189127;0;2020-07-05;-235
2020-07-04;"Žilinský kraj";10;0;0;0;NA;189127;10;2020-07-04;-235
2020-07-03;"Žilinský kraj";18;0;0;0;NA;189127;18;2020-07-03;-245
2020-07-02;"Žilinský kraj";7;0;0;0;NA;189127;7;2020-07-02;-263
2020-07-01;"Žilinský kraj";0;0;0;0;NA;189127;0;2020-07-01;-270
2020-06-30;"Žilinský kraj";4;0;0;0;NA;189127;4;2020-06-30;-270
2020-06-29;"Žilinský kraj";0;0;0;0;NA;189127;0;2020-06-29;-274
2020-06-28;"Žilinský kraj";1;0;0;0;NA;189127;1;2020-06-28;-274
2020-06-27;"Žilinský kraj";3;0;0;0;NA;189127;3;2020-06-27;-275
2020-06-26;"Žilinský kraj";5;0;0;0;NA;189127;5;2020-06-26;-278
2020-06-25;"Žilinský kraj";7;0;0;0;NA;189127;7;2020-06-25;-283
2020-06-24;"Žilinský kraj";11;0;0;0;NA;189127;11;2020-06-24;-290
2020-06-23;"Žilinský kraj";9;0;0;0;NA;189127;9;2020-06-23;-301
2020-06-22;"Žilinský kraj";0;0;0;0;NA;189127;0;2020-06-22;-310
2020-06-21;"Žilinský kraj";1;0;0;0;NA;189127;1;2020-06-21;-310
2020-06-20;"Žilinský kraj";1;0;0;0;NA;189127;1;2020-06-20;-311
2020-06-19;"Žilinský kraj";4;0;0;0;NA;189127;4;2020-06-19;-312
2020-06-18;"Žilinský kraj";1;0;0;0;NA;189127;1;2020-06-18;-316
2020-06-17;"Žilinský kraj";0;0;0;0;NA;189127;0;2020-06-17;-317
2020-06-16;"Žilinský kraj";1;0;0;0;NA;189127;1;2020-06-16;-317
2020-06-14;"Žilinský kraj";0;0;0;0;NA;189127;0;2020-06-14;-318
2020-06-13;"Žilinský kraj";0;0;0;0;NA;189127;0;2020-06-13;-318
2020-06-12;"Žilinský kraj";0;0;0;0;NA;189127;0;2020-06-12;-318
2020-06-11;"Žilinský kraj";0;0;0;0;NA;189127;0;2020-06-11;-318
2020-06-10;"Žilinský kraj";0;0;0;0;NA;189127;0;2020-06-10;-318
2020-06-09;"Žilinský kraj";1;0;0;0;NA;189127;1;2020-06-09;-318
2020-06-08;"Žilinský kraj";0;0;0;0;NA;189127;0;2020-06-08;-319
2020-06-07;"Žilinský kraj";0;0;0;0;NA;189127;0;2020-06-07;-319
2020-06-05;"Žilinský kraj";0;0;0;0;NA;189127;0;2020-06-05;-319
2020-06-03;"Žilinský kraj";0;0;0;0;NA;189127;0;2020-06-03;-319
2020-06-02;"Žilinský kraj";0;0;0;0;NA;189127;0;2020-06-02;-319
2020-05-31;"Žilinský kraj";0;0;0;0;NA;189127;0;2020-05-31;-319
2020-05-29;"Žilinský kraj";0;0;0;0;NA;189127;0;2020-05-29;-319
2020-05-27;"Žilinský kraj";1;0;0;0;NA;189127;1;2020-05-27;-319
2020-05-26;"Žilinský kraj";1;0;0;0;NA;189127;1;2020-05-26;-320
2020-05-25;"Žilinský kraj";0;0;0;0;NA;189127;0;2020-05-25;-321
2020-05-24;"Žilinský kraj";0;0;0;0;NA;189127;0;2020-05-24;-321
2020-05-23;"Žilinský kraj";0;0;0;0;NA;189127;0;2020-05-23;-321
2020-05-22;"Žilinský kraj";0;0;0;0;NA;189127;0;2020-05-22;-321
2020-05-21;"Žilinský kraj";0;0;0;0;NA;189127;0;2020-05-21;-321
2020-05-20;"Žilinský kraj";0;0;0;0;NA;189127;0;2020-05-20;-321
2020-05-19;"Žilinský kraj";1;0;0;0;NA;189127;1;2020-05-19;-321
2020-05-17;"Žilinský kraj";0;0;0;0;NA;189127;0;2020-05-17;-322
2020-05-16;"Žilinský kraj";0;0;0;0;NA;189127;0;2020-05-16;-322
2020-05-15;"Žilinský kraj";0;0;0;0;NA;189127;0;2020-05-15;-322
2020-05-14;"Žilinský kraj";0;0;0;0;NA;189127;0;2020-05-14;-322
2020-05-13;"Žilinský kraj";0;0;0;0;NA;189127;0;2020-05-13;-322
2020-05-12;"Žilinský kraj";0;0;0;0;NA;189127;0;2020-05-12;-322
2020-05-11;"Žilinský kraj";0;0;0;0;NA;189127;0;2020-05-11;-322
2020-05-09;"Žilinský kraj";0;0;0;0;NA;189127;0;2020-05-09;-322
2020-05-07;"Žilinský kraj";0;0;0;0;NA;189127;0;2020-05-07;-322
2020-05-06;"Žilinský kraj";2;0;0;0;NA;189127;2;2020-05-06;-322
2020-05-05;"Žilinský kraj";3;0;0;0;NA;189127;3;2020-05-05;-324
2020-05-04;"Žilinský kraj";3;0;0;0;NA;189127;3;2020-05-04;-327
2020-05-03;"Žilinský kraj";1;0;0;0;NA;189127;1;2020-05-03;-330
2020-05-02;"Žilinský kraj";0;0;0;0;NA;189127;0;2020-05-02;-331
2020-05-01;"Žilinský kraj";1;0;0;0;NA;189127;1;2020-05-01;-331
2020-04-30;"Žilinský kraj";0;0;0;0;NA;189127;0;2020-04-30;-332
2020-04-29;"Žilinský kraj";0;0;0;0;NA;189127;0;2020-04-29;-332
2020-04-28;"Žilinský kraj";0;0;0;0;NA;189127;0;2020-04-28;-332
2020-04-27;"Žilinský kraj";0;0;0;0;NA;189127;0;2020-04-27;-332
2020-04-26;"Žilinský kraj";0;0;0;0;NA;189127;0;2020-04-26;-332
2020-04-25;"Žilinský kraj";2;0;0;0;NA;189127;2;2020-04-25;-332
2020-04-24;"Žilinský kraj";1;0;0;0;NA;189127;1;2020-04-24;-334
2020-04-23;"Žilinský kraj";2;0;0;0;NA;189127;2;2020-04-23;-335
2020-04-22;"Žilinský kraj";9;0;0;0;NA;189127;9;2020-04-22;-337
2020-04-21;"Žilinský kraj";1;0;0;0;NA;189127;1;2020-04-21;-346
2020-04-20;"Žilinský kraj";4;0;0;0;NA;189127;4;2020-04-20;-347
2020-04-19;"Žilinský kraj";0;0;0;0;NA;189127;0;2020-04-19;-351
2020-04-18;"Žilinský kraj";49;0;0;0;NA;189127;49;2020-04-18;-351
2020-04-17;"Žilinský kraj";3;0;0;0;NA;189127;3;2020-04-17;-400
2020-04-16;"Žilinský kraj";4;0;0;0;NA;189127;4;2020-04-16;-403
2020-04-15;"Žilinský kraj";7;0;0;0;NA;189127;7;2020-04-15;-407
2020-04-14;"Žilinský kraj";1;0;0;0;NA;189127;1;2020-04-14;-414
2020-04-13;"Žilinský kraj";2;0;0;0;NA;189127;2;2020-04-13;-415
2020-04-12;"Žilinský kraj";5;0;0;0;NA;189127;5;2020-04-12;-417
2020-04-11;"Žilinský kraj";2;0;0;0;NA;189127;2;2020-04-11;-422
2020-04-10;"Žilinský kraj";1;0;0;0;NA;189127;1;2020-04-10;-424
2020-04-09;"Žilinský kraj";1;0;0;0;NA;189127;1;2020-04-09;-425
2020-04-08;"Žilinský kraj";3;0;0;0;NA;189127;3;2020-04-08;-426
2020-04-07;"Žilinský kraj";5;0;0;0;NA;189127;5;2020-04-07;-429
2020-04-06;"Žilinský kraj";6;0;0;0;NA;189127;6;2020-04-06;-434
2020-04-05;"Žilinský kraj";8;0;0;0;NA;189127;8;2020-04-05;-440
2020-04-04;"Žilinský kraj";0;0;0;0;NA;189127;0;2020-04-04;-448
2020-04-03;"Žilinský kraj";3;0;0;0;NA;189127;3;2020-04-03;-448
2020-04-02;"Žilinský kraj";5;0;0;0;NA;189127;5;2020-04-02;-451
2020-04-01;"Žilinský kraj";4;0;0;0;NA;189127;4;2020-04-01;-456
2020-03-31;"Žilinský kraj";1;0;0;0;NA;189127;1;2020-03-31;-460
2020-03-30;"Žilinský kraj";3;0;0;0;NA;189127;3;2020-03-30;-461
2020-03-29;"Žilinský kraj";0;0;0;0;NA;189127;0;2020-03-29;-464
2020-03-28;"Žilinský kraj";1;0;0;0;NA;189127;1;2020-03-28;-464
2020-03-27;"Žilinský kraj";9;0;0;0;NA;189127;9;2020-03-27;-465
2020-03-26;"Žilinský kraj";4;0;0;0;NA;189127;4;2020-03-26;-474
2020-03-25;"Žilinský kraj";1;0;0;0;NA;189127;1;2020-03-25;-478
2020-03-24;"Žilinský kraj";2;0;0;0;NA;189127;2;2020-03-24;-479
2020-03-23;"Žilinský kraj";3;0;0;0;NA;189127;3;2020-03-23;-481
2020-03-22;"Žilinský kraj";1;0;0;0;NA;189127;1;2020-03-22;-484
2020-03-21;"Žilinský kraj";2;0;0;0;NA;189127;2;2020-03-21;-485
2020-03-20;"Žilinský kraj";4;0;0;0;NA;189127;4;2020-03-20;-487
2020-03-19;"Žilinský kraj";2;0;0;0;NA;189127;2;2020-03-19;-491
2020-03-18;"Žilinský kraj";1;0;0;0;NA;189127;1;2020-03-18;-493
2020-03-17;"Žilinský kraj";5;0;0;0;NA;189127;5;2020-03-17;-494
2020-03-16;"Žilinský kraj";1;0;0;0;NA;189127;1;2020-03-16;-499
2020-03-15;"Žilinský kraj";2;0;0;0;NA;189127;2;2020-03-15;-500
2020-03-14;"Žilinský kraj";1;0;0;0;NA;189127;1;2020-03-14;-502
2020-03-13;"Žilinský kraj";5;0;0;0;NA;189127;5;2020-03-13;-503
2020-03-12;"Žilinský kraj";1;0;0;0;NA;189127;1;2020-03-12;-508
2020-03-11;"Žilinský kraj";0;0;0;0;NA;189127;0;2020-03-11;-509
2020-03-09;"Žilinský kraj";1;0;0;0;NA;189127;1;2020-03-09;-509
2020-03-08;"Žilinský kraj";0;0;0;0;NA;189127;0;2020-03-08;-510
2020-03-07;"Žilinský kraj";0;0;0;0;NA;189127;0;2020-03-07;-510
2020-03-06;"Žilinský kraj";0;0;0;0;NA;189127;0;2020-03-06;-510
