"Datum";"Region";"PCR_Pos";"Ag_Neg";"Ag_Pos";"Total";"Pocet.potvrdenych";"Potvrdenych";"newcases";"date";"positive"
2021-10-05;"Banskobystrický kraj";209;0;0;0;40522;87186;209;2021-10-05;87186
2021-10-04;"Banskobystrický kraj";126;16;0;16;NA;87186;126;2021-10-04;86977
2021-10-03;"Banskobystrický kraj";11;1039;28;1067;NA;87186;39;2021-10-03;86851
2021-10-02;"Banskobystrický kraj";66;965;26;991;NA;87186;92;2021-10-02;86812
2021-10-01;"Banskobystrický kraj";158;3114;49;3163;NA;87186;207;2021-10-01;86720
2021-09-30;"Banskobystrický kraj";120;3313;30;3343;NA;87186;150;2021-09-30;86513
2021-09-29;"Banskobystrický kraj";118;2626;40;2666;NA;87186;158;2021-09-29;86363
2021-09-28;"Banskobystrický kraj";112;2892;45;2937;NA;87186;157;2021-09-28;86205
2021-09-27;"Banskobystrický kraj";90;4084;72;4156;NA;87186;162;2021-09-27;86048
2021-09-26;"Banskobystrický kraj";17;1498;31;1529;NA;87186;48;2021-09-26;85886
2021-09-25;"Banskobystrický kraj";17;1281;7;1288;NA;87186;24;2021-09-25;85838
2021-09-24;"Banskobystrický kraj";98;3748;32;3780;NA;87186;130;2021-09-24;85814
2021-09-23;"Banskobystrický kraj";63;2695;13;2708;NA;87186;76;2021-09-23;85684
2021-09-22;"Banskobystrický kraj";75;2361;19;2380;NA;87186;94;2021-09-22;85608
2021-09-21;"Banskobystrický kraj";125;2726;20;2746;NA;87186;145;2021-09-21;85514
2021-09-20;"Banskobystrický kraj";45;3661;30;3691;NA;87186;75;2021-09-20;85369
2021-09-19;"Banskobystrický kraj";6;1456;24;1480;NA;87186;30;2021-09-19;85294
2021-09-18;"Banskobystrický kraj";44;1318;15;1333;NA;87186;59;2021-09-18;85264
2021-09-17;"Banskobystrický kraj";73;3410;32;3442;NA;87186;105;2021-09-17;85205
2021-09-16;"Banskobystrický kraj";95;2795;29;2824;NA;87186;124;2021-09-16;85100
2021-09-15;"Banskobystrický kraj";22;293;1;294;NA;87186;23;2021-09-15;84976
2021-09-14;"Banskobystrický kraj";95;2492;28;2520;NA;87186;123;2021-09-14;84953
2021-09-13;"Banskobystrický kraj";29;3054;28;3082;NA;87186;57;2021-09-13;84830
2021-09-12;"Banskobystrický kraj";7;958;15;973;NA;87186;22;2021-09-12;84773
2021-09-11;"Banskobystrický kraj";31;865;11;876;NA;87186;42;2021-09-11;84751
2021-09-10;"Banskobystrický kraj";59;2136;24;2160;NA;87186;83;2021-09-10;84709
2021-09-09;"Banskobystrický kraj";46;2011;17;2028;NA;87186;63;2021-09-09;84626
2021-09-08;"Banskobystrický kraj";46;1512;27;1539;NA;87186;73;2021-09-08;84563
2021-09-07;"Banskobystrický kraj";27;1422;21;1443;NA;87186;48;2021-09-07;84490
2021-09-06;"Banskobystrický kraj";26;2210;13;2223;NA;87186;39;2021-09-06;84442
2021-09-05;"Banskobystrický kraj";9;742;2;744;NA;87186;11;2021-09-05;84403
2021-09-04;"Banskobystrický kraj";14;645;10;655;NA;87186;24;2021-09-04;84392
2021-09-03;"Banskobystrický kraj";49;2116;22;2138;NA;87186;71;2021-09-03;84368
2021-09-02;"Banskobystrický kraj";19;1645;25;1670;NA;87186;44;2021-09-02;84297
2021-09-01;"Banskobystrický kraj";6;209;6;215;NA;87186;12;2021-09-01;84253
2021-08-31;"Banskobystrický kraj";18;1406;13;1419;NA;87186;31;2021-08-31;84241
2021-08-30;"Banskobystrický kraj";23;1765;10;1775;NA;87186;33;2021-08-30;84210
2021-08-29;"Banskobystrický kraj";0;351;5;356;NA;87186;5;2021-08-29;84177
2021-08-28;"Banskobystrický kraj";9;827;5;832;NA;87186;14;2021-08-28;84172
2021-08-27;"Banskobystrický kraj";7;1608;12;1620;NA;87186;19;2021-08-27;84158
2021-08-26;"Banskobystrický kraj";7;1189;2;1191;NA;87186;9;2021-08-26;84139
2021-08-25;"Banskobystrický kraj";6;1024;1;1025;NA;87186;7;2021-08-25;84130
2021-08-24;"Banskobystrický kraj";12;1117;1;1118;NA;87186;13;2021-08-24;84123
2021-08-23;"Banskobystrický kraj";7;1489;5;1494;NA;87186;12;2021-08-23;84110
2021-08-22;"Banskobystrický kraj";0;651;2;653;NA;87186;2;2021-08-22;84098
2021-08-21;"Banskobystrický kraj";3;793;1;794;NA;87186;4;2021-08-21;84096
2021-08-20;"Banskobystrický kraj";5;1616;4;1620;NA;87186;9;2021-08-20;84092
2021-08-19;"Banskobystrický kraj";4;1092;3;1095;NA;87186;7;2021-08-19;84083
2021-08-18;"Banskobystrický kraj";1;1044;1;1045;NA;87186;2;2021-08-18;84076
2021-08-17;"Banskobystrický kraj";12;890;0;890;NA;87186;12;2021-08-17;84074
2021-08-16;"Banskobystrický kraj";7;1256;3;1259;NA;87186;10;2021-08-16;84062
2021-08-15;"Banskobystrický kraj";0;366;3;369;NA;87186;3;2021-08-15;84052
2021-08-14;"Banskobystrický kraj";6;435;1;436;NA;87186;7;2021-08-14;84049
2021-08-13;"Banskobystrický kraj";11;896;0;896;NA;87186;11;2021-08-13;84042
2021-08-12;"Banskobystrický kraj";10;951;1;952;NA;87186;11;2021-08-12;84031
2021-08-11;"Banskobystrický kraj";7;575;3;578;NA;87186;10;2021-08-11;84020
2021-08-10;"Banskobystrický kraj";7;678;2;680;NA;87186;9;2021-08-10;84010
2021-08-09;"Banskobystrický kraj";9;1064;0;1064;NA;87186;9;2021-08-09;84001
2021-08-08;"Banskobystrický kraj";4;335;1;336;NA;87186;5;2021-08-08;83992
2021-08-07;"Banskobystrický kraj";0;308;4;312;NA;87186;4;2021-08-07;83987
2021-08-06;"Banskobystrický kraj";5;929;2;931;NA;87186;7;2021-08-06;83983
2021-08-05;"Banskobystrický kraj";2;837;1;838;NA;87186;3;2021-08-05;83976
2021-08-04;"Banskobystrický kraj";2;579;1;580;NA;87186;3;2021-08-04;83973
2021-08-03;"Banskobystrický kraj";4;743;0;743;NA;87186;4;2021-08-03;83970
2021-08-02;"Banskobystrický kraj";6;934;0;934;NA;87186;6;2021-08-02;83966
2021-08-01;"Banskobystrický kraj";0;271;0;271;NA;87186;0;2021-08-01;83960
2021-07-31;"Banskobystrický kraj";1;370;4;374;NA;87186;5;2021-07-31;83960
2021-07-30;"Banskobystrický kraj";27;826;2;828;NA;87186;29;2021-07-30;83955
2021-07-29;"Banskobystrický kraj";2;890;1;891;NA;87186;3;2021-07-29;83926
2021-07-28;"Banskobystrický kraj";4;520;1;521;NA;87186;5;2021-07-28;83923
2021-07-27;"Banskobystrický kraj";15;1092;0;1092;NA;87186;15;2021-07-27;83918
2021-07-26;"Banskobystrický kraj";2;911;1;912;NA;87186;3;2021-07-26;83903
2021-07-25;"Banskobystrický kraj";0;367;1;368;NA;87186;1;2021-07-25;83900
2021-07-24;"Banskobystrický kraj";2;298;0;298;NA;87186;2;2021-07-24;83899
2021-07-23;"Banskobystrický kraj";7;840;0;840;NA;87186;7;2021-07-23;83897
2021-07-22;"Banskobystrický kraj";5;727;3;730;NA;87186;8;2021-07-22;83890
2021-07-21;"Banskobystrický kraj";2;560;0;560;NA;87186;2;2021-07-21;83882
2021-07-20;"Banskobystrický kraj";6;884;2;886;NA;87186;8;2021-07-20;83880
2021-07-19;"Banskobystrický kraj";1;854;3;857;NA;87186;4;2021-07-19;83872
2021-07-18;"Banskobystrický kraj";0;377;1;378;NA;87186;1;2021-07-18;83868
2021-07-17;"Banskobystrický kraj";1;324;0;324;NA;87186;1;2021-07-17;83867
2021-07-16;"Banskobystrický kraj";3;974;1;975;NA;87186;4;2021-07-16;83866
2021-07-15;"Banskobystrický kraj";1;1038;0;1038;NA;87186;1;2021-07-15;83862
2021-07-14;"Banskobystrický kraj";3;765;0;765;NA;87186;3;2021-07-14;83861
2021-07-13;"Banskobystrický kraj";2;694;0;694;NA;87186;2;2021-07-13;83858
2021-07-12;"Banskobystrický kraj";1;1057;0;1057;NA;87186;1;2021-07-12;83856
2021-07-11;"Banskobystrický kraj";0;446;0;446;NA;87186;0;2021-07-11;83855
2021-07-10;"Banskobystrický kraj";2;368;0;368;NA;87186;2;2021-07-10;83855
2021-07-09;"Banskobystrický kraj";3;1209;0;1209;NA;87186;3;2021-07-09;83853
2021-07-08;"Banskobystrický kraj";0;1083;1;1084;NA;87186;1;2021-07-08;83850
2021-07-07;"Banskobystrický kraj";1;798;0;798;NA;87186;1;2021-07-07;83849
2021-07-06;"Banskobystrický kraj";6;1365;0;1365;NA;87186;6;2021-07-06;83848
2021-07-05;"Banskobystrický kraj";2;392;1;393;NA;87186;3;2021-07-05;83842
2021-07-04;"Banskobystrický kraj";0;318;0;318;NA;87186;0;2021-07-04;83839
2021-07-03;"Banskobystrický kraj";1;413;1;414;NA;87186;2;2021-07-03;83839
2021-07-02;"Banskobystrický kraj";3;1045;0;1045;NA;87186;3;2021-07-02;83837
2021-07-01;"Banskobystrický kraj";0;705;1;706;NA;87186;1;2021-07-01;83834
2021-06-30;"Banskobystrický kraj";3;7444;1;7445;NA;87186;4;2021-06-30;83833
2021-06-29;"Banskobystrický kraj";2;4642;1;4643;NA;87186;3;2021-06-29;83829
2021-06-28;"Banskobystrický kraj";3;5695;1;5696;NA;87186;4;2021-06-28;83826
2021-06-27;"Banskobystrický kraj";0;4369;5;4374;NA;87186;5;2021-06-27;83822
2021-06-26;"Banskobystrický kraj";0;4289;4;4293;NA;87186;4;2021-06-26;83817
2021-06-25;"Banskobystrický kraj";2;6717;2;6719;NA;87186;4;2021-06-25;83813
2021-06-24;"Banskobystrický kraj";6;4585;2;4587;NA;87186;8;2021-06-24;83809
2021-06-23;"Banskobystrický kraj";4;4947;0;4947;NA;87186;4;2021-06-23;83801
2021-06-22;"Banskobystrický kraj";7;4527;0;4527;NA;87186;7;2021-06-22;83797
2021-06-21;"Banskobystrický kraj";6;5835;8;5843;NA;87186;14;2021-06-21;83790
2021-06-20;"Banskobystrický kraj";0;5055;7;5062;NA;87186;7;2021-06-20;83776
2021-06-19;"Banskobystrický kraj";0;5639;4;5643;NA;87186;4;2021-06-19;83769
2021-06-18;"Banskobystrický kraj";4;7642;1;7643;NA;87186;5;2021-06-18;83765
2021-06-17;"Banskobystrický kraj";2;5245;3;5248;NA;87186;5;2021-06-17;83760
2021-06-16;"Banskobystrický kraj";10;5951;5;5956;NA;87186;15;2021-06-16;83755
2021-06-15;"Banskobystrický kraj";9;5576;6;5582;NA;87186;15;2021-06-15;83740
2021-06-14;"Banskobystrický kraj";8;6922;7;6929;NA;87186;15;2021-06-14;83725
2021-06-13;"Banskobystrický kraj";0;6407;7;6414;NA;87186;7;2021-06-13;83710
2021-06-12;"Banskobystrický kraj";3;6338;6;6344;NA;87186;9;2021-06-12;83703
2021-06-11;"Banskobystrický kraj";5;9693;15;9708;NA;87186;20;2021-06-11;83694
2021-06-10;"Banskobystrický kraj";10;5726;8;5734;NA;87186;18;2021-06-10;83674
2021-06-09;"Banskobystrický kraj";9;5720;4;5724;NA;87186;13;2021-06-09;83656
2021-06-08;"Banskobystrický kraj";15;5645;10;5655;NA;87186;25;2021-06-08;83643
2021-06-07;"Banskobystrický kraj";4;7582;21;7603;NA;87186;25;2021-06-07;83618
2021-06-06;"Banskobystrický kraj";1;7497;12;7509;NA;87186;13;2021-06-06;83593
2021-06-05;"Banskobystrický kraj";15;7531;9;7540;NA;87186;24;2021-06-05;83580
2021-06-04;"Banskobystrický kraj";2;9297;14;9311;NA;87186;16;2021-06-04;83556
2021-06-03;"Banskobystrický kraj";8;6507;24;6531;NA;87186;32;2021-06-03;83540
2021-06-02;"Banskobystrický kraj";7;6837;6;6843;NA;87186;13;2021-06-02;83508
2021-06-01;"Banskobystrický kraj";12;7145;14;7159;NA;87186;26;2021-06-01;83495
2021-05-31;"Banskobystrický kraj";4;9546;31;9577;NA;87186;35;2021-05-31;83469
2021-05-30;"Banskobystrický kraj";3;8959;19;8978;NA;87186;22;2021-05-30;83434
2021-05-29;"Banskobystrický kraj";11;9763;18;9781;NA;87186;29;2021-05-29;83412
2021-05-28;"Banskobystrický kraj";13;11905;27;11932;NA;87186;40;2021-05-28;83383
2021-05-27;"Banskobystrický kraj";7;8760;12;8772;NA;87186;19;2021-05-27;83343
2021-05-26;"Banskobystrický kraj";18;7905;17;7922;NA;87186;35;2021-05-26;83324
2021-05-25;"Banskobystrický kraj";27;8949;30;8979;NA;87186;57;2021-05-25;83289
2021-05-24;"Banskobystrický kraj";9;12469;44;12513;NA;87186;53;2021-05-24;83232
2021-05-23;"Banskobystrický kraj";0;9798;27;9825;NA;87186;27;2021-05-23;83179
2021-05-22;"Banskobystrický kraj";20;9608;26;9634;NA;87186;46;2021-05-22;83152
2021-05-21;"Banskobystrický kraj";22;12796;25;12821;NA;87186;47;2021-05-21;83106
2021-05-20;"Banskobystrický kraj";14;8994;25;9019;NA;87186;39;2021-05-20;83059
2021-05-19;"Banskobystrický kraj";42;8608;21;8629;NA;87186;63;2021-05-19;83020
2021-05-18;"Banskobystrický kraj";27;9450;25;9475;NA;87186;52;2021-05-18;82957
2021-05-17;"Banskobystrický kraj";11;13399;33;13432;NA;87186;44;2021-05-17;82905
2021-05-16;"Banskobystrický kraj";15;14072;26;14098;NA;87186;41;2021-05-16;82861
2021-05-15;"Banskobystrický kraj";11;15356;29;15385;NA;87186;40;2021-05-15;82820
2021-05-14;"Banskobystrický kraj";35;18939;45;18984;NA;87186;80;2021-05-14;82780
2021-05-13;"Banskobystrický kraj";37;10605;40;10645;NA;87186;77;2021-05-13;82700
2021-05-12;"Banskobystrický kraj";31;10856;45;10901;NA;87186;76;2021-05-12;82623
2021-05-11;"Banskobystrický kraj";42;11325;48;11373;NA;87186;90;2021-05-11;82547
2021-05-10;"Banskobystrický kraj";28;17621;68;17689;NA;87186;96;2021-05-10;82457
2021-05-09;"Banskobystrický kraj";25;21902;68;21970;NA;87186;93;2021-05-09;82361
2021-05-08;"Banskobystrický kraj";11;14285;26;14311;NA;87186;37;2021-05-08;82268
2021-05-07;"Banskobystrický kraj";41;21806;78;21884;NA;87186;119;2021-05-07;82231
2021-05-06;"Banskobystrický kraj";36;12251;70;12321;NA;87186;106;2021-05-06;82112
2021-05-05;"Banskobystrický kraj";34;12592;63;12655;NA;87186;97;2021-05-05;82006
2021-05-04;"Banskobystrický kraj";83;13888;47;13935;NA;87186;130;2021-05-04;81909
2021-05-03;"Banskobystrický kraj";30;20872;80;20952;NA;87186;110;2021-05-03;81779
2021-05-02;"Banskobystrický kraj";6;33040;60;33100;NA;87186;66;2021-05-02;81669
2021-05-01;"Banskobystrický kraj";54;36900;67;36967;NA;87186;121;2021-05-01;81603
2021-04-30;"Banskobystrický kraj";38;34957;86;35043;NA;87186;124;2021-04-30;81482
2021-04-29;"Banskobystrický kraj";55;16839;68;16907;NA;87186;123;2021-04-29;81358
2021-04-28;"Banskobystrický kraj";66;17959;67;18026;NA;87186;133;2021-04-28;81235
2021-04-27;"Banskobystrický kraj";70;19152;73;19225;NA;87186;143;2021-04-27;81102
2021-04-26;"Banskobystrický kraj";34;28517;101;28618;NA;87186;135;2021-04-26;80959
2021-04-25;"Banskobystrický kraj";14;40601;106;40707;NA;87186;120;2021-04-25;80824
2021-04-24;"Banskobystrický kraj";40;51944;98;52042;NA;87186;138;2021-04-24;80704
2021-04-23;"Banskobystrický kraj";78;37920;88;38008;NA;87186;166;2021-04-23;80566
2021-04-22;"Banskobystrický kraj";51;17412;57;17469;NA;87186;108;2021-04-22;80400
2021-04-21;"Banskobystrický kraj";76;19208;94;19302;NA;87186;170;2021-04-21;80292
2021-04-20;"Banskobystrický kraj";116;21233;98;21331;NA;87186;214;2021-04-20;80122
2021-04-19;"Banskobystrický kraj";48;31407;105;31512;NA;87186;153;2021-04-19;79908
2021-04-18;"Banskobystrický kraj";16;43375;90;43465;NA;87186;106;2021-04-18;79755
2021-04-17;"Banskobystrický kraj";42;64939;92;65031;NA;87186;134;2021-04-17;79649
2021-04-16;"Banskobystrický kraj";72;37307;100;37407;NA;87186;172;2021-04-16;79515
2021-04-15;"Banskobystrický kraj";67;20127;83;20210;NA;87186;150;2021-04-15;79343
2021-04-14;"Banskobystrický kraj";69;21260;86;21346;NA;87186;155;2021-04-14;79193
2021-04-13;"Banskobystrický kraj";130;23076;77;23153;NA;87186;207;2021-04-13;79038
2021-04-12;"Banskobystrický kraj";60;32272;130;32402;NA;87186;190;2021-04-12;78831
2021-04-11;"Banskobystrický kraj";0;41367;88;41455;NA;87186;88;2021-04-11;78641
2021-04-10;"Banskobystrický kraj";56;64728;141;64869;NA;87186;197;2021-04-10;78553
2021-04-09;"Banskobystrický kraj";106;31570;118;31688;NA;87186;224;2021-04-09;78356
2021-04-08;"Banskobystrický kraj";132;19000;148;19148;NA;87186;280;2021-04-08;78132
2021-04-07;"Banskobystrický kraj";226;25118;94;25212;NA;87186;320;2021-04-07;77852
2021-04-06;"Banskobystrický kraj";93;42496;187;42683;NA;87186;280;2021-04-06;77532
2021-04-05;"Banskobystrický kraj";15;11797;87;11884;NA;87186;102;2021-04-05;77252
2021-04-04;"Banskobystrický kraj";24;19683;79;19762;NA;87186;103;2021-04-04;77150
2021-04-03;"Banskobystrický kraj";5;72553;211;72764;NA;87186;216;2021-04-03;77047
2021-04-02;"Banskobystrický kraj";71;13455;66;13521;NA;87186;137;2021-04-02;76831
2021-04-01;"Banskobystrický kraj";171;39406;200;39606;NA;87186;371;2021-04-01;76694
2021-03-31;"Banskobystrický kraj";147;25543;161;25704;NA;87186;308;2021-03-31;76323
2021-03-30;"Banskobystrický kraj";167;21442;159;21601;NA;87186;326;2021-03-30;76015
2021-03-29;"Banskobystrický kraj";119;29491;218;29709;NA;87186;337;2021-03-29;75689
2021-03-28;"Banskobystrický kraj";25;40610;189;40799;NA;87186;214;2021-03-28;75352
2021-03-27;"Banskobystrický kraj";85;63414;260;63674;NA;87186;345;2021-03-27;75138
2021-03-26;"Banskobystrický kraj";122;43671;240;43911;NA;87186;362;2021-03-26;74793
2021-03-25;"Banskobystrický kraj";120;21598;240;21838;NA;87186;360;2021-03-25;74431
2021-03-24;"Banskobystrický kraj";200;19336;227;19563;NA;87186;427;2021-03-24;74071
2021-03-23;"Banskobystrický kraj";241;21540;257;21797;NA;87186;498;2021-03-23;73644
2021-03-22;"Banskobystrický kraj";65;30480;274;30754;NA;87186;339;2021-03-22;73146
2021-03-21;"Banskobystrický kraj";31;40039;280;40319;NA;87186;311;2021-03-21;72807
2021-03-20;"Banskobystrický kraj";119;67926;383;68309;NA;87186;502;2021-03-20;72496
2021-03-19;"Banskobystrický kraj";240;44036;306;44342;NA;87186;546;2021-03-19;71994
2021-03-18;"Banskobystrický kraj";160;22467;273;22740;NA;87186;433;2021-03-18;71448
2021-03-17;"Banskobystrický kraj";262;21573;245;21818;NA;87186;507;2021-03-17;71015
2021-03-16;"Banskobystrický kraj";340;23349;224;23573;NA;87186;564;2021-03-16;70508
2021-03-15;"Banskobystrický kraj";95;32306;366;32672;NA;87186;461;2021-03-15;69944
2021-03-14;"Banskobystrický kraj";39;39212;218;39430;NA;87186;257;2021-03-14;69483
2021-03-13;"Banskobystrický kraj";209;67463;395;67858;NA;87186;604;2021-03-13;69226
2021-03-12;"Banskobystrický kraj";206;41442;330;41772;NA;87186;536;2021-03-12;68622
2021-03-11;"Banskobystrický kraj";228;21337;274;21611;NA;87186;502;2021-03-11;68086
2021-03-10;"Banskobystrický kraj";260;20399;238;20637;NA;87186;498;2021-03-10;67584
2021-03-09;"Banskobystrický kraj";352;21790;284;22074;NA;87186;636;2021-03-09;67086
2021-03-08;"Banskobystrický kraj";191;31468;427;31895;NA;87186;618;2021-03-08;66450
2021-03-07;"Banskobystrický kraj";60;39191;295;39486;NA;87186;355;2021-03-07;65832
2021-03-06;"Banskobystrický kraj";164;70895;410;71305;NA;87186;574;2021-03-06;65477
2021-03-05;"Banskobystrický kraj";221;42336;389;42725;NA;87186;610;2021-03-05;64903
2021-03-04;"Banskobystrický kraj";226;22007;334;22341;NA;87186;560;2021-03-04;64293
2021-03-03;"Banskobystrický kraj";317;21949;331;22280;NA;87186;648;2021-03-03;63733
2021-03-02;"Banskobystrický kraj";291;23160;354;23514;NA;87186;645;2021-03-02;63085
2021-03-01;"Banskobystrický kraj";151;31773;434;32207;NA;87186;585;2021-03-01;62440
2021-02-28;"Banskobystrický kraj";45;38663;336;38999;NA;87186;381;2021-02-28;61855
2021-02-27;"Banskobystrický kraj";289;66667;529;67196;NA;87186;818;2021-02-27;61474
2021-02-26;"Banskobystrický kraj";326;39670;468;40138;NA;87186;794;2021-02-26;60656
2021-02-25;"Banskobystrický kraj";375;18081;366;18447;NA;87186;741;2021-02-25;59862
2021-02-24;"Banskobystrický kraj";332;16735;373;17108;NA;87186;705;2021-02-24;59121
2021-02-23;"Banskobystrický kraj";462;19932;439;20371;NA;87186;901;2021-02-23;58416
2021-02-22;"Banskobystrický kraj";67;28643;598;29241;NA;87186;665;2021-02-22;57515
2021-02-21;"Banskobystrický kraj";68;37619;444;38063;NA;87186;512;2021-02-21;56850
2021-02-20;"Banskobystrický kraj";280;68851;598;69449;NA;87186;878;2021-02-20;56338
2021-02-19;"Banskobystrický kraj";420;39888;511;40399;NA;87186;931;2021-02-19;55460
2021-02-18;"Banskobystrický kraj";241;18618;396;19014;NA;87186;637;2021-02-18;54529
2021-02-17;"Banskobystrický kraj";415;16740;389;17129;NA;87186;804;2021-02-17;53892
2021-02-16;"Banskobystrický kraj";338;19731;368;20099;NA;87186;706;2021-02-16;53088
2021-02-15;"Banskobystrický kraj";118;35835;591;36426;NA;87186;709;2021-02-15;52382
2021-02-14;"Banskobystrický kraj";60;31894;386;32280;NA;87186;446;2021-02-14;51673
2021-02-13;"Banskobystrický kraj";202;53889;492;54381;NA;87186;694;2021-02-13;51227
2021-02-12;"Banskobystrický kraj";312;37270;533;37803;NA;87186;845;2021-02-12;50533
2021-02-11;"Banskobystrický kraj";305;21200;386;21586;NA;87186;691;2021-02-11;49688
2021-02-10;"Banskobystrický kraj";333;14790;344;15134;NA;87186;677;2021-02-10;48997
2021-02-09;"Banskobystrický kraj";329;18504;362;18866;NA;87186;691;2021-02-09;48320
2021-02-08;"Banskobystrický kraj";103;49716;695;50411;NA;87186;798;2021-02-08;47629
2021-02-07;"Banskobystrický kraj";70;37659;335;37994;NA;87186;405;2021-02-07;46831
2021-02-06;"Banskobystrický kraj";178;69388;570;69958;NA;87186;748;2021-02-06;46426
2021-02-05;"Banskobystrický kraj";282;24577;363;24940;NA;87186;645;2021-02-05;45678
2021-02-04;"Banskobystrický kraj";240;14367;430;14797;NA;87186;670;2021-02-04;45033
2021-02-03;"Banskobystrický kraj";350;9459;255;9714;NA;87186;605;2021-02-03;44363
2021-02-02;"Banskobystrický kraj";277;15741;334;16075;NA;87186;611;2021-02-02;43758
2021-02-01;"Banskobystrický kraj";75;24346;489;24835;NA;87186;564;2021-02-01;43147
2021-01-31;"Banskobystrický kraj";34;19983;201;20184;NA;87186;235;2021-01-31;42583
2021-01-30;"Banskobystrický kraj";163;63896;525;64421;NA;87186;688;2021-01-30;42348
2021-01-29;"Banskobystrický kraj";196;17368;274;17642;NA;87186;470;2021-01-29;41660
2021-01-28;"Banskobystrický kraj";218;15613;382;15995;NA;87186;600;2021-01-28;41190
2021-01-27;"Banskobystrický kraj";191;8132;200;8332;NA;87186;391;2021-01-27;40590
2021-01-26;"Banskobystrický kraj";238;19795;283;20078;NA;87186;521;2021-01-26;40199
2021-01-25;"Banskobystrický kraj";82;33666;412;34078;NA;87186;494;2021-01-25;39678
2021-01-24;"Banskobystrický kraj";38;35587;278;35865;NA;87186;316;2021-01-24;39184
2021-01-23;"Banskobystrický kraj";142;89058;523;89581;NA;87186;665;2021-01-23;38868
2021-01-22;"Banskobystrický kraj";175;25887;355;26242;NA;87186;530;2021-01-22;38203
2021-01-21;"Banskobystrický kraj";194;17063;279;17342;NA;87186;473;2021-01-21;37673
2021-01-20;"Banskobystrický kraj";231;9142;186;9328;NA;87186;417;2021-01-20;37200
2021-01-19;"Banskobystrický kraj";213;10708;311;11019;NA;87186;524;2021-01-19;36783
2021-01-18;"Banskobystrický kraj";94;7402;401;7803;NA;87186;495;2021-01-18;36259
2021-01-17;"Banskobystrický kraj";110;8154;77;8231;NA;87186;187;2021-01-17;35764
2021-01-16;"Banskobystrický kraj";58;2274;57;2331;NA;87186;115;2021-01-16;35577
2021-01-15;"Banskobystrický kraj";164;7673;217;7890;NA;87186;381;2021-01-15;35462
2021-01-14;"Banskobystrický kraj";220;5760;325;6085;NA;87186;545;2021-01-14;35081
2021-01-13;"Banskobystrický kraj";235;5974;217;6191;NA;87186;452;2021-01-13;34536
2021-01-12;"Banskobystrický kraj";194;6600;290;6890;NA;87186;484;2021-01-12;34084
2021-01-11;"Banskobystrický kraj";76;8231;481;8712;NA;87186;557;2021-01-11;33600
2021-01-10;"Banskobystrický kraj";110;433;4;437;NA;87186;114;2021-01-10;33043
2021-01-09;"Banskobystrický kraj";297;2378;81;2459;NA;87186;378;2021-01-09;32929
2021-01-08;"Banskobystrický kraj";435;9805;443;10248;NA;87186;878;2021-01-08;32551
2021-01-07;"Banskobystrický kraj";127;6322;366;6688;NA;87186;493;2021-01-07;31673
2021-01-06;"Banskobystrický kraj";305;3374;185;3559;NA;87186;490;2021-01-06;31180
2021-01-05;"Banskobystrický kraj";372;7349;533;7882;NA;87186;905;2021-01-05;30690
2021-01-04;"Banskobystrický kraj";130;7087;700;7787;NA;87186;830;2021-01-04;29785
2021-01-03;"Banskobystrický kraj";199;320;19;339;NA;87186;218;2021-01-03;28955
2021-01-02;"Banskobystrický kraj";123;702;85;787;NA;87186;208;2021-01-02;28737
2021-01-01;"Banskobystrický kraj";220;1958;132;2090;NA;87186;352;2021-01-01;28529
2020-12-31;"Banskobystrický kraj";499;7679;633;8312;NA;87186;1132;2020-12-31;28177
2020-12-30;"Banskobystrický kraj";593;7407;541;7948;NA;87186;1134;2020-12-30;27045
2020-12-29;"Banskobystrický kraj";240;7876;660;8536;NA;87186;900;2020-12-29;25911
2020-12-28;"Banskobystrický kraj";131;6120;720;6840;NA;87186;851;2020-12-28;25011
2020-12-27;"Banskobystrický kraj";116;541;25;566;NA;87186;141;2020-12-27;24160
2020-12-26;"Banskobystrický kraj";61;295;35;330;NA;87186;96;2020-12-26;24019
2020-12-25;"Banskobystrický kraj";65;888;10;898;NA;87186;75;2020-12-25;23923
2020-12-24;"Banskobystrický kraj";452;3685;135;3820;NA;87186;587;2020-12-24;23848
2020-12-23;"Banskobystrický kraj";368;9892;473;10365;NA;87186;841;2020-12-23;23261
2020-12-22;"Banskobystrický kraj";307;8468;619;9087;NA;87186;926;2020-12-22;22420
2020-12-21;"Banskobystrický kraj";286;4922;455;5377;NA;87186;741;2020-12-21;21494
2020-12-20;"Banskobystrický kraj";155;249;14;263;NA;87186;169;2020-12-20;20753
2020-12-19;"Banskobystrický kraj";170;3084;138;3222;NA;87186;308;2020-12-19;20584
2020-12-18;"Banskobystrický kraj";432;5959;331;6290;NA;87186;763;2020-12-18;20276
2020-12-17;"Banskobystrický kraj";468;8753;653;9406;NA;87186;1121;2020-12-17;19513
2020-12-16;"Banskobystrický kraj";379;10184;567;10751;NA;87186;946;2020-12-16;18392
2020-12-15;"Banskobystrický kraj";336;5281;425;5706;NA;87186;761;2020-12-15;17446
2020-12-14;"Banskobystrický kraj";148;4012;259;4271;NA;87186;407;2020-12-14;16685
2020-12-13;"Banskobystrický kraj";122;142;1;143;NA;87186;123;2020-12-13;16278
2020-12-12;"Banskobystrický kraj";137;2714;138;2852;NA;87186;275;2020-12-12;16155
2020-12-11;"Banskobystrický kraj";468;6633;362;6995;NA;87186;830;2020-12-11;15880
2020-12-10;"Banskobystrický kraj";280;5501;369;5870;NA;87186;649;2020-12-10;15050
2020-12-09;"Banskobystrický kraj";323;3941;205;4146;NA;87186;528;2020-12-09;14401
2020-12-08;"Banskobystrický kraj";256;3782;272;4054;NA;87186;528;2020-12-08;13873
2020-12-07;"Banskobystrický kraj";175;2633;177;2810;NA;87186;352;2020-12-07;13345
2020-12-06;"Banskobystrický kraj";121;507;11;518;NA;87186;132;2020-12-06;12993
2020-12-05;"Banskobystrický kraj";109;1099;34;1133;NA;87186;143;2020-12-05;12861
2020-12-04;"Banskobystrický kraj";339;3828;174;4002;NA;87186;513;2020-12-04;12718
2020-12-03;"Banskobystrický kraj";240;3193;234;3427;NA;87186;474;2020-12-03;12205
2020-12-02;"Banskobystrický kraj";217;4442;186;4628;NA;87186;403;2020-12-02;11731
2020-12-01;"Banskobystrický kraj";215;2702;134;2836;NA;87186;349;2020-12-01;11328
2020-11-30;"Banskobystrický kraj";74;4314;241;4555;NA;87186;315;2020-11-30;10979
2020-11-29;"Banskobystrický kraj";19;208;7;215;NA;87186;26;2020-11-29;10664
2020-11-28;"Banskobystrický kraj";81;1408;55;1463;NA;87186;136;2020-11-28;10638
2020-11-27;"Banskobystrický kraj";219;2566;123;2689;NA;87186;342;2020-11-27;10502
2020-11-26;"Banskobystrický kraj";208;2124;93;2217;NA;87186;301;2020-11-26;10160
2020-11-25;"Banskobystrický kraj";170;1952;86;2038;NA;87186;256;2020-11-25;9859
2020-11-24;"Banskobystrický kraj";166;2566;69;2635;NA;87186;235;2020-11-24;9603
2020-11-23;"Banskobystrický kraj";66;10147;193;10340;NA;87186;259;2020-11-23;9368
2020-11-22;"Banskobystrický kraj";38;104;1;105;NA;87186;39;2020-11-22;9109
2020-11-21;"Banskobystrický kraj";52;904;14;918;NA;87186;66;2020-11-21;9070
2020-11-20;"Banskobystrický kraj";127;2005;107;2112;NA;87186;234;2020-11-20;9004
2020-11-19;"Banskobystrický kraj";170;1218;82;1300;NA;87186;252;2020-11-19;8770
2020-11-18;"Banskobystrický kraj";153;698;65;763;NA;87186;218;2020-11-18;8518
2020-11-17;"Banskobystrický kraj";52;578;35;613;NA;87186;87;2020-11-17;8300
2020-11-16;"Banskobystrický kraj";106;470;25;495;NA;87186;131;2020-11-16;8213
2020-11-15;"Banskobystrický kraj";52;301;4;305;NA;87186;56;2020-11-15;8082
2020-11-14;"Banskobystrický kraj";73;305;2;307;NA;87186;75;2020-11-14;8026
2020-11-13;"Banskobystrický kraj";157;552;11;563;NA;87186;168;2020-11-13;7951
2020-11-12;"Banskobystrický kraj";218;952;44;996;NA;87186;262;2020-11-12;7783
2020-11-11;"Banskobystrický kraj";224;437;9;446;NA;87186;233;2020-11-11;7521
2020-11-10;"Banskobystrický kraj";263;463;18;481;NA;87186;281;2020-11-10;7288
2020-11-09;"Banskobystrický kraj";80;2678;31;2709;NA;87186;111;2020-11-09;7007
2020-11-08;"Banskobystrický kraj";82;981;16;997;NA;87186;98;2020-11-08;6896
2020-11-07;"Banskobystrický kraj";164;8828;94;8922;NA;87186;258;2020-11-07;6798
2020-11-06;"Banskobystrický kraj";227;2496;16;2512;NA;87186;243;2020-11-06;6540
2020-11-05;"Banskobystrický kraj";240;290;33;323;NA;87186;273;2020-11-05;6297
2020-11-04;"Banskobystrický kraj";254;1366;13;1379;NA;87186;267;2020-11-04;6024
2020-11-03;"Banskobystrický kraj";246;1332;4;1336;NA;87186;250;2020-11-03;5757
2020-11-02;"Banskobystrický kraj";90;2909;65;2974;NA;87186;155;2020-11-02;5507
2020-11-01;"Banskobystrický kraj";101;2671;42;2713;NA;87186;143;2020-11-01;5352
2020-10-31;"Banskobystrický kraj";199;13516;116;13632;NA;87186;315;2020-10-31;5209
2020-10-30;"Banskobystrický kraj";254;2829;20;2849;NA;87186;274;2020-10-30;4894
2020-10-29;"Banskobystrický kraj";372;969;42;1011;NA;87186;414;2020-10-29;4620
2020-10-28;"Banskobystrický kraj";285;302;30;332;NA;87186;315;2020-10-28;4206
2020-10-27;"Banskobystrický kraj";266;654;40;694;NA;87186;306;2020-10-27;3891
2020-10-26;"Banskobystrický kraj";38;234;29;263;NA;87186;67;2020-10-26;3585
2020-10-25;"Banskobystrický kraj";50;140;11;151;NA;87186;61;2020-10-25;3518
2020-10-24;"Banskobystrický kraj";315;114;12;126;NA;87186;327;2020-10-24;3457
2020-10-23;"Banskobystrický kraj";231;230;29;259;NA;87186;260;2020-10-23;3130
2020-10-22;"Banskobystrický kraj";264;253;24;277;NA;87186;288;2020-10-22;2870
2020-10-21;"Banskobystrický kraj";209;266;3;269;NA;87186;212;2020-10-21;2582
2020-10-20;"Banskobystrický kraj";210;66;3;69;NA;87186;213;2020-10-20;2370
2020-10-19;"Banskobystrický kraj";27;73;12;85;NA;87186;39;2020-10-19;2157
2020-10-18;"Banskobystrický kraj";49;0;0;0;NA;87186;49;2020-10-18;2118
2020-10-17;"Banskobystrický kraj";91;0;0;0;NA;87186;91;2020-10-17;2069
2020-10-16;"Banskobystrický kraj";224;37;3;40;NA;87186;227;2020-10-16;1978
2020-10-15;"Banskobystrický kraj";133;29;1;30;NA;87186;134;2020-10-15;1751
2020-10-14;"Banskobystrický kraj";139;31;1;32;NA;87186;140;2020-10-14;1617
2020-10-13;"Banskobystrický kraj";151;169;11;180;NA;87186;162;2020-10-13;1477
2020-10-12;"Banskobystrický kraj";11;110;4;114;NA;87186;15;2020-10-12;1315
2020-10-11;"Banskobystrický kraj";14;0;0;0;NA;87186;14;2020-10-11;1300
2020-10-10;"Banskobystrický kraj";53;0;0;0;NA;87186;53;2020-10-10;1286
2020-10-09;"Banskobystrický kraj";128;0;0;0;NA;87186;128;2020-10-09;1233
2020-10-08;"Banskobystrický kraj";99;0;0;0;NA;87186;99;2020-10-08;1105
2020-10-07;"Banskobystrický kraj";124;0;0;0;NA;87186;124;2020-10-07;1006
2020-10-06;"Banskobystrický kraj";68;0;0;0;NA;87186;68;2020-10-06;882
2020-10-05;"Banskobystrický kraj";49;0;0;0;NA;87186;49;2020-10-05;814
2020-10-04;"Banskobystrický kraj";8;0;0;0;NA;87186;8;2020-10-04;765
2020-10-03;"Banskobystrický kraj";37;0;0;0;NA;87186;37;2020-10-03;757
2020-10-02;"Banskobystrický kraj";74;0;0;0;NA;87186;74;2020-10-02;720
2020-10-01;"Banskobystrický kraj";49;16;0;16;NA;87186;49;2020-10-01;646
2020-09-30;"Banskobystrický kraj";60;0;0;0;NA;87186;60;2020-09-30;597
2020-09-29;"Banskobystrický kraj";24;0;0;0;NA;87186;24;2020-09-29;537
2020-09-28;"Banskobystrický kraj";0;0;0;0;NA;87186;0;2020-09-28;513
2020-09-27;"Banskobystrický kraj";20;0;0;0;NA;87186;20;2020-09-27;513
2020-09-26;"Banskobystrický kraj";24;0;0;0;NA;87186;24;2020-09-26;493
2020-09-25;"Banskobystrický kraj";29;0;0;0;NA;87186;29;2020-09-25;469
2020-09-24;"Banskobystrický kraj";25;0;0;0;NA;87186;25;2020-09-24;440
2020-09-23;"Banskobystrický kraj";17;0;0;0;NA;87186;17;2020-09-23;415
2020-09-22;"Banskobystrický kraj";25;0;0;0;NA;87186;25;2020-09-22;398
2020-09-21;"Banskobystrický kraj";3;0;0;0;NA;87186;3;2020-09-21;373
2020-09-20;"Banskobystrický kraj";0;0;0;0;NA;87186;0;2020-09-20;370
2020-09-19;"Banskobystrický kraj";3;0;0;0;NA;87186;3;2020-09-19;370
2020-09-18;"Banskobystrický kraj";24;0;0;0;NA;87186;24;2020-09-18;367
2020-09-17;"Banskobystrický kraj";14;0;0;0;NA;87186;14;2020-09-17;343
2020-09-16;"Banskobystrický kraj";6;0;0;0;NA;87186;6;2020-09-16;329
2020-09-15;"Banskobystrický kraj";2;0;0;0;NA;87186;2;2020-09-15;323
2020-09-14;"Banskobystrický kraj";13;0;0;0;NA;87186;13;2020-09-14;321
2020-09-13;"Banskobystrický kraj";1;0;0;0;NA;87186;1;2020-09-13;308
2020-09-12;"Banskobystrický kraj";5;0;0;0;NA;87186;5;2020-09-12;307
2020-09-11;"Banskobystrický kraj";19;0;0;0;NA;87186;19;2020-09-11;302
2020-09-10;"Banskobystrický kraj";11;0;0;0;NA;87186;11;2020-09-10;283
2020-09-09;"Banskobystrický kraj";13;0;0;0;NA;87186;13;2020-09-09;272
2020-09-08;"Banskobystrický kraj";5;0;0;0;NA;87186;5;2020-09-08;259
2020-09-07;"Banskobystrický kraj";2;0;0;0;NA;87186;2;2020-09-07;254
2020-09-06;"Banskobystrický kraj";0;0;0;0;NA;87186;0;2020-09-06;252
2020-09-05;"Banskobystrický kraj";0;0;0;0;NA;87186;0;2020-09-05;252
2020-09-04;"Banskobystrický kraj";9;0;0;0;NA;87186;9;2020-09-04;252
2020-09-03;"Banskobystrický kraj";5;0;0;0;NA;87186;5;2020-09-03;243
2020-09-02;"Banskobystrický kraj";6;0;0;0;NA;87186;6;2020-09-02;238
2020-09-01;"Banskobystrický kraj";2;0;0;0;NA;87186;2;2020-09-01;232
2020-08-31;"Banskobystrický kraj";6;0;0;0;NA;87186;6;2020-08-31;230
2020-08-30;"Banskobystrický kraj";0;0;0;0;NA;87186;0;2020-08-30;224
2020-08-29;"Banskobystrický kraj";1;0;0;0;NA;87186;1;2020-08-29;224
2020-08-28;"Banskobystrický kraj";3;0;0;0;NA;87186;3;2020-08-28;223
2020-08-27;"Banskobystrický kraj";1;0;0;0;NA;87186;1;2020-08-27;220
2020-08-26;"Banskobystrický kraj";2;0;0;0;NA;87186;2;2020-08-26;219
2020-08-25;"Banskobystrický kraj";2;0;0;0;NA;87186;2;2020-08-25;217
2020-08-24;"Banskobystrický kraj";0;0;0;0;NA;87186;0;2020-08-24;215
2020-08-23;"Banskobystrický kraj";0;0;0;0;NA;87186;0;2020-08-23;215
2020-08-22;"Banskobystrický kraj";0;0;0;0;NA;87186;0;2020-08-22;215
2020-08-21;"Banskobystrický kraj";4;0;0;0;NA;87186;4;2020-08-21;215
2020-08-20;"Banskobystrický kraj";1;0;0;0;NA;87186;1;2020-08-20;211
2020-08-19;"Banskobystrický kraj";4;0;0;0;NA;87186;4;2020-08-19;210
2020-08-18;"Banskobystrický kraj";0;0;0;0;NA;87186;0;2020-08-18;206
2020-08-17;"Banskobystrický kraj";1;0;0;0;NA;87186;1;2020-08-17;206
2020-08-16;"Banskobystrický kraj";0;0;0;0;NA;87186;0;2020-08-16;205
2020-08-15;"Banskobystrický kraj";0;0;0;0;NA;87186;0;2020-08-15;205
2020-08-14;"Banskobystrický kraj";5;0;0;0;NA;87186;5;2020-08-14;205
2020-08-13;"Banskobystrický kraj";0;0;0;0;NA;87186;0;2020-08-13;200
2020-08-12;"Banskobystrický kraj";0;0;0;0;NA;87186;0;2020-08-12;200
2020-08-11;"Banskobystrický kraj";2;0;0;0;NA;87186;2;2020-08-11;200
2020-08-10;"Banskobystrický kraj";3;0;0;0;NA;87186;3;2020-08-10;198
2020-08-09;"Banskobystrický kraj";0;0;0;0;NA;87186;0;2020-08-09;195
2020-08-08;"Banskobystrický kraj";2;0;0;0;NA;87186;2;2020-08-08;195
2020-08-07;"Banskobystrický kraj";1;0;0;0;NA;87186;1;2020-08-07;193
2020-08-06;"Banskobystrický kraj";1;0;0;0;NA;87186;1;2020-08-06;192
2020-08-05;"Banskobystrický kraj";0;0;0;0;NA;87186;0;2020-08-05;191
2020-08-04;"Banskobystrický kraj";3;0;0;0;NA;87186;3;2020-08-04;191
2020-08-03;"Banskobystrický kraj";0;0;0;0;NA;87186;0;2020-08-03;188
2020-08-02;"Banskobystrický kraj";0;0;0;0;NA;87186;0;2020-08-02;188
2020-08-01;"Banskobystrický kraj";1;0;0;0;NA;87186;1;2020-08-01;188
2020-07-31;"Banskobystrický kraj";2;0;0;0;NA;87186;2;2020-07-31;187
2020-07-30;"Banskobystrický kraj";1;0;0;0;NA;87186;1;2020-07-30;185
2020-07-29;"Banskobystrický kraj";0;0;0;0;NA;87186;0;2020-07-29;184
2020-07-28;"Banskobystrický kraj";2;0;0;0;NA;87186;2;2020-07-28;184
2020-07-27;"Banskobystrický kraj";3;0;0;0;NA;87186;3;2020-07-27;182
2020-07-26;"Banskobystrický kraj";0;0;0;0;NA;87186;0;2020-07-26;179
2020-07-25;"Banskobystrický kraj";0;0;0;0;NA;87186;0;2020-07-25;179
2020-07-24;"Banskobystrický kraj";9;0;0;0;NA;87186;9;2020-07-24;179
2020-07-23;"Banskobystrický kraj";0;0;0;0;NA;87186;0;2020-07-23;170
2020-07-22;"Banskobystrický kraj";3;0;0;0;NA;87186;3;2020-07-22;170
2020-07-21;"Banskobystrický kraj";3;0;0;0;NA;87186;3;2020-07-21;167
2020-07-20;"Banskobystrický kraj";1;0;0;0;NA;87186;1;2020-07-20;164
2020-07-19;"Banskobystrický kraj";1;0;0;0;NA;87186;1;2020-07-19;163
2020-07-18;"Banskobystrický kraj";0;0;0;0;NA;87186;0;2020-07-18;162
2020-07-17;"Banskobystrický kraj";2;0;0;0;NA;87186;2;2020-07-17;162
2020-07-16;"Banskobystrický kraj";1;0;0;0;NA;87186;1;2020-07-16;160
2020-07-15;"Banskobystrický kraj";4;0;0;0;NA;87186;4;2020-07-15;159
2020-07-14;"Banskobystrický kraj";2;0;0;0;NA;87186;2;2020-07-14;155
2020-07-13;"Banskobystrický kraj";1;0;0;0;NA;87186;1;2020-07-13;153
2020-07-12;"Banskobystrický kraj";0;0;0;0;NA;87186;0;2020-07-12;152
2020-07-11;"Banskobystrický kraj";0;0;0;0;NA;87186;0;2020-07-11;152
2020-07-10;"Banskobystrický kraj";3;0;0;0;NA;87186;3;2020-07-10;152
2020-07-09;"Banskobystrický kraj";9;0;0;0;NA;87186;9;2020-07-09;149
2020-07-08;"Banskobystrický kraj";0;0;0;0;NA;87186;0;2020-07-08;140
2020-07-07;"Banskobystrický kraj";4;0;0;0;NA;87186;4;2020-07-07;140
2020-07-06;"Banskobystrický kraj";0;0;0;0;NA;87186;0;2020-07-06;136
2020-07-05;"Banskobystrický kraj";0;0;0;0;NA;87186;0;2020-07-05;136
2020-07-04;"Banskobystrický kraj";1;0;0;0;NA;87186;1;2020-07-04;136
2020-07-03;"Banskobystrický kraj";4;0;0;0;NA;87186;4;2020-07-03;135
2020-07-02;"Banskobystrický kraj";0;0;0;0;NA;87186;0;2020-07-02;131
2020-07-01;"Banskobystrický kraj";1;0;0;0;NA;87186;1;2020-07-01;131
2020-06-30;"Banskobystrický kraj";0;12;0;12;NA;87186;0;2020-06-30;130
2020-06-29;"Banskobystrický kraj";0;0;0;0;NA;87186;0;2020-06-29;130
2020-06-28;"Banskobystrický kraj";0;0;0;0;NA;87186;0;2020-06-28;130
2020-06-27;"Banskobystrický kraj";0;0;0;0;NA;87186;0;2020-06-27;130
2020-06-26;"Banskobystrický kraj";0;0;0;0;NA;87186;0;2020-06-26;130
2020-06-25;"Banskobystrický kraj";1;0;0;0;NA;87186;1;2020-06-25;130
2020-06-24;"Banskobystrický kraj";0;0;0;0;NA;87186;0;2020-06-24;129
2020-06-23;"Banskobystrický kraj";6;0;0;0;NA;87186;6;2020-06-23;129
2020-06-22;"Banskobystrický kraj";0;0;0;0;NA;87186;0;2020-06-22;123
2020-06-21;"Banskobystrický kraj";0;0;0;0;NA;87186;0;2020-06-21;123
2020-06-20;"Banskobystrický kraj";0;0;0;0;NA;87186;0;2020-06-20;123
2020-06-19;"Banskobystrický kraj";2;0;0;0;NA;87186;2;2020-06-19;123
2020-06-18;"Banskobystrický kraj";10;0;0;0;NA;87186;10;2020-06-18;121
2020-06-17;"Banskobystrický kraj";1;0;0;0;NA;87186;1;2020-06-17;111
2020-06-16;"Banskobystrický kraj";0;0;0;0;NA;87186;0;2020-06-16;110
2020-06-14;"Banskobystrický kraj";2;0;0;0;NA;87186;2;2020-06-14;110
2020-06-13;"Banskobystrický kraj";2;0;0;0;NA;87186;2;2020-06-13;108
2020-06-12;"Banskobystrický kraj";0;0;0;0;NA;87186;0;2020-06-12;106
2020-06-11;"Banskobystrický kraj";1;0;0;0;NA;87186;1;2020-06-11;106
2020-06-10;"Banskobystrický kraj";0;0;0;0;NA;87186;0;2020-06-10;105
2020-06-09;"Banskobystrický kraj";0;0;0;0;NA;87186;0;2020-06-09;105
2020-06-08;"Banskobystrický kraj";0;0;0;0;NA;87186;0;2020-06-08;105
2020-06-07;"Banskobystrický kraj";0;0;0;0;NA;87186;0;2020-06-07;105
2020-06-05;"Banskobystrický kraj";2;0;0;0;NA;87186;2;2020-06-05;105
2020-06-03;"Banskobystrický kraj";0;0;0;0;NA;87186;0;2020-06-03;103
2020-06-02;"Banskobystrický kraj";0;0;0;0;NA;87186;0;2020-06-02;103
2020-05-31;"Banskobystrický kraj";0;0;0;0;NA;87186;0;2020-05-31;103
2020-05-29;"Banskobystrický kraj";0;0;0;0;NA;87186;0;2020-05-29;103
2020-05-27;"Banskobystrický kraj";1;0;0;0;NA;87186;1;2020-05-27;103
2020-05-26;"Banskobystrický kraj";0;0;0;0;NA;87186;0;2020-05-26;102
2020-05-25;"Banskobystrický kraj";0;0;0;0;NA;87186;0;2020-05-25;102
2020-05-24;"Banskobystrický kraj";0;0;0;0;NA;87186;0;2020-05-24;102
2020-05-23;"Banskobystrický kraj";1;0;0;0;NA;87186;1;2020-05-23;102
2020-05-22;"Banskobystrický kraj";0;0;0;0;NA;87186;0;2020-05-22;101
2020-05-21;"Banskobystrický kraj";0;0;0;0;NA;87186;0;2020-05-21;101
2020-05-20;"Banskobystrický kraj";1;0;0;0;NA;87186;1;2020-05-20;101
2020-05-19;"Banskobystrický kraj";0;0;0;0;NA;87186;0;2020-05-19;100
2020-05-17;"Banskobystrický kraj";0;0;0;0;NA;87186;0;2020-05-17;100
2020-05-16;"Banskobystrický kraj";0;0;0;0;NA;87186;0;2020-05-16;100
2020-05-15;"Banskobystrický kraj";0;0;0;0;NA;87186;0;2020-05-15;100
2020-05-14;"Banskobystrický kraj";0;0;0;0;NA;87186;0;2020-05-14;100
2020-05-13;"Banskobystrický kraj";0;0;0;0;NA;87186;0;2020-05-13;100
2020-05-12;"Banskobystrický kraj";1;0;0;0;NA;87186;1;2020-05-12;100
2020-05-11;"Banskobystrický kraj";0;0;0;0;NA;87186;0;2020-05-11;99
2020-05-09;"Banskobystrický kraj";0;0;0;0;NA;87186;0;2020-05-09;99
2020-05-07;"Banskobystrický kraj";2;0;0;0;NA;87186;2;2020-05-07;99
2020-05-06;"Banskobystrický kraj";1;0;0;0;NA;87186;1;2020-05-06;97
2020-05-05;"Banskobystrický kraj";2;0;0;0;NA;87186;2;2020-05-05;96
2020-05-04;"Banskobystrický kraj";0;0;0;0;NA;87186;0;2020-05-04;94
2020-05-03;"Banskobystrický kraj";0;0;0;0;NA;87186;0;2020-05-03;94
2020-05-02;"Banskobystrický kraj";0;0;0;0;NA;87186;0;2020-05-02;94
2020-05-01;"Banskobystrický kraj";0;0;0;0;NA;87186;0;2020-05-01;94
2020-04-30;"Banskobystrický kraj";1;0;0;0;NA;87186;1;2020-04-30;94
2020-04-29;"Banskobystrický kraj";1;0;0;0;NA;87186;1;2020-04-29;93
2020-04-28;"Banskobystrický kraj";0;0;0;0;NA;87186;0;2020-04-28;92
2020-04-27;"Banskobystrický kraj";0;0;0;0;NA;87186;0;2020-04-27;92
2020-04-26;"Banskobystrický kraj";0;0;0;0;NA;87186;0;2020-04-26;92
2020-04-25;"Banskobystrický kraj";2;0;0;0;NA;87186;2;2020-04-25;92
2020-04-24;"Banskobystrický kraj";3;0;0;0;NA;87186;3;2020-04-24;90
2020-04-23;"Banskobystrický kraj";2;0;0;0;NA;87186;2;2020-04-23;87
2020-04-22;"Banskobystrický kraj";2;0;0;0;NA;87186;2;2020-04-22;85
2020-04-21;"Banskobystrický kraj";2;0;0;0;NA;87186;2;2020-04-21;83
2020-04-20;"Banskobystrický kraj";0;0;0;0;NA;87186;0;2020-04-20;81
2020-04-19;"Banskobystrický kraj";0;0;0;0;NA;87186;0;2020-04-19;81
2020-04-18;"Banskobystrický kraj";8;0;0;0;NA;87186;8;2020-04-18;81
2020-04-17;"Banskobystrický kraj";2;0;0;0;NA;87186;2;2020-04-17;73
2020-04-16;"Banskobystrický kraj";0;0;0;0;NA;87186;0;2020-04-16;71
2020-04-15;"Banskobystrický kraj";10;0;0;0;NA;87186;10;2020-04-15;71
2020-04-14;"Banskobystrický kraj";0;0;0;0;NA;87186;0;2020-04-14;61
2020-04-13;"Banskobystrický kraj";2;0;0;0;NA;87186;2;2020-04-13;61
2020-04-12;"Banskobystrický kraj";4;0;0;0;NA;87186;4;2020-04-12;59
2020-04-11;"Banskobystrický kraj";1;0;0;0;NA;87186;1;2020-04-11;55
2020-04-10;"Banskobystrický kraj";0;0;0;0;NA;87186;0;2020-04-10;54
2020-04-09;"Banskobystrický kraj";2;0;0;0;NA;87186;2;2020-04-09;54
2020-04-08;"Banskobystrický kraj";0;0;0;0;NA;87186;0;2020-04-08;52
2020-04-07;"Banskobystrický kraj";4;0;0;0;NA;87186;4;2020-04-07;52
2020-04-06;"Banskobystrický kraj";10;0;0;0;NA;87186;10;2020-04-06;48
2020-04-05;"Banskobystrický kraj";9;0;0;0;NA;87186;9;2020-04-05;38
2020-04-04;"Banskobystrický kraj";0;0;0;0;NA;87186;0;2020-04-04;29
2020-04-03;"Banskobystrický kraj";2;0;0;0;NA;87186;2;2020-04-03;29
2020-04-02;"Banskobystrický kraj";2;0;0;0;NA;87186;2;2020-04-02;27
2020-04-01;"Banskobystrický kraj";5;0;0;0;NA;87186;5;2020-04-01;25
2020-03-31;"Banskobystrický kraj";3;0;0;0;NA;87186;3;2020-03-31;20
2020-03-30;"Banskobystrický kraj";1;0;0;0;NA;87186;1;2020-03-30;17
2020-03-29;"Banskobystrický kraj";2;0;0;0;NA;87186;2;2020-03-29;16
2020-03-28;"Banskobystrický kraj";1;0;0;0;NA;87186;1;2020-03-28;14
2020-03-27;"Banskobystrický kraj";1;0;0;0;NA;87186;1;2020-03-27;13
2020-03-26;"Banskobystrický kraj";1;0;0;0;NA;87186;1;2020-03-26;12
2020-03-25;"Banskobystrický kraj";0;0;0;0;NA;87186;0;2020-03-25;11
2020-03-24;"Banskobystrický kraj";1;0;0;0;NA;87186;1;2020-03-24;11
2020-03-23;"Banskobystrický kraj";1;0;0;0;NA;87186;1;2020-03-23;10
2020-03-22;"Banskobystrický kraj";0;0;0;0;NA;87186;0;2020-03-22;9
2020-03-21;"Banskobystrický kraj";3;0;0;0;NA;87186;3;2020-03-21;9
2020-03-20;"Banskobystrický kraj";0;0;0;0;NA;87186;0;2020-03-20;6
2020-03-19;"Banskobystrický kraj";2;0;0;0;NA;87186;2;2020-03-19;6
2020-03-18;"Banskobystrický kraj";1;0;0;0;NA;87186;1;2020-03-18;4
2020-03-17;"Banskobystrický kraj";1;0;0;0;NA;87186;1;2020-03-17;3
2020-03-16;"Banskobystrický kraj";0;0;0;0;NA;87186;0;2020-03-16;2
2020-03-15;"Banskobystrický kraj";1;0;0;0;NA;87186;1;2020-03-15;2
2020-03-14;"Banskobystrický kraj";0;0;0;0;NA;87186;0;2020-03-14;1
2020-03-13;"Banskobystrický kraj";1;0;0;0;NA;87186;1;2020-03-13;1
2020-03-12;"Banskobystrický kraj";0;0;0;0;NA;87186;0;2020-03-12;0
2020-03-11;"Banskobystrický kraj";0;0;0;0;NA;87186;0;2020-03-11;0
2020-03-09;"Banskobystrický kraj";0;0;0;0;NA;87186;0;2020-03-09;0
2020-03-08;"Banskobystrický kraj";0;0;0;0;NA;87186;0;2020-03-08;0
2020-03-07;"Banskobystrický kraj";0;0;0;0;NA;87186;0;2020-03-07;0
2020-03-06;"Banskobystrický kraj";0;0;0;0;NA;87186;0;2020-03-06;0
2021-10-05;"Bratislavský kraj";164;0;0;0;47594;95023;164;2021-10-05;95023
2021-10-04;"Bratislavský kraj";129;75;1;76;NA;95023;130;2021-10-04;94859
2021-10-03;"Bratislavský kraj";41;1519;29;1548;NA;95023;70;2021-10-03;94729
2021-10-02;"Bratislavský kraj";104;1929;30;1959;NA;95023;134;2021-10-02;94659
2021-10-01;"Bratislavský kraj";108;4016;43;4059;NA;95023;151;2021-10-01;94525
2021-09-30;"Bratislavský kraj";90;3401;53;3454;NA;95023;143;2021-09-30;94374
2021-09-29;"Bratislavský kraj";115;3448;58;3506;NA;95023;173;2021-09-29;94231
2021-09-28;"Bratislavský kraj";144;3936;48;3984;NA;95023;192;2021-09-28;94058
2021-09-27;"Bratislavský kraj";123;4384;70;4454;NA;95023;193;2021-09-27;93866
2021-09-26;"Bratislavský kraj";32;2204;31;2235;NA;95023;63;2021-09-26;93673
2021-09-25;"Bratislavský kraj";85;2742;38;2780;NA;95023;123;2021-09-25;93610
2021-09-24;"Bratislavský kraj";82;4198;59;4257;NA;95023;141;2021-09-24;93487
2021-09-23;"Bratislavský kraj";90;3945;51;3996;NA;95023;141;2021-09-23;93346
2021-09-22;"Bratislavský kraj";84;3746;63;3809;NA;95023;147;2021-09-22;93205
2021-09-21;"Bratislavský kraj";95;3559;39;3598;NA;95023;134;2021-09-21;93058
2021-09-20;"Bratislavský kraj";84;3898;31;3929;NA;95023;115;2021-09-20;92924
2021-09-19;"Bratislavský kraj";31;1850;28;1878;NA;95023;59;2021-09-19;92809
2021-09-18;"Bratislavský kraj";60;1987;19;2006;NA;95023;79;2021-09-18;92750
2021-09-17;"Bratislavský kraj";87;3427;27;3454;NA;95023;114;2021-09-17;92671
2021-09-16;"Bratislavský kraj";57;3759;43;3802;NA;95023;100;2021-09-16;92557
2021-09-15;"Bratislavský kraj";41;1104;21;1125;NA;95023;62;2021-09-15;92457
2021-09-14;"Bratislavský kraj";78;3503;31;3534;NA;95023;109;2021-09-14;92395
2021-09-13;"Bratislavský kraj";47;3102;28;3130;NA;95023;75;2021-09-13;92286
2021-09-12;"Bratislavský kraj";13;1713;21;1734;NA;95023;34;2021-09-12;92211
2021-09-11;"Bratislavský kraj";36;2063;13;2076;NA;95023;49;2021-09-11;92177
2021-09-10;"Bratislavský kraj";47;3596;18;3614;NA;95023;65;2021-09-10;92128
2021-09-09;"Bratislavský kraj";50;2995;30;3025;NA;95023;80;2021-09-09;92063
2021-09-08;"Bratislavský kraj";56;2925;20;2945;NA;95023;76;2021-09-08;91983
2021-09-07;"Bratislavský kraj";50;3272;18;3290;NA;95023;68;2021-09-07;91907
2021-09-06;"Bratislavský kraj";63;2791;29;2820;NA;95023;92;2021-09-06;91839
2021-09-05;"Bratislavský kraj";10;1682;14;1696;NA;95023;24;2021-09-05;91747
2021-09-04;"Bratislavský kraj";41;2612;11;2623;NA;95023;52;2021-09-04;91723
2021-09-03;"Bratislavský kraj";55;3007;14;3021;NA;95023;69;2021-09-03;91671
2021-09-02;"Bratislavský kraj";35;2423;23;2446;NA;95023;58;2021-09-02;91602
2021-09-01;"Bratislavský kraj";16;929;9;938;NA;95023;25;2021-09-01;91544
2021-08-31;"Bratislavský kraj";28;5197;22;5219;NA;95023;50;2021-08-31;91519
2021-08-30;"Bratislavský kraj";24;2336;13;2349;NA;95023;37;2021-08-30;91469
2021-08-29;"Bratislavský kraj";11;1023;6;1029;NA;95023;17;2021-08-29;91432
2021-08-28;"Bratislavský kraj";24;1707;11;1718;NA;95023;35;2021-08-28;91415
2021-08-27;"Bratislavský kraj";19;2800;9;2809;NA;95023;28;2021-08-27;91380
2021-08-26;"Bratislavský kraj";15;2382;19;2401;NA;95023;34;2021-08-26;91352
2021-08-25;"Bratislavský kraj";29;1888;10;1898;NA;95023;39;2021-08-25;91318
2021-08-24;"Bratislavský kraj";22;1785;4;1789;NA;95023;26;2021-08-24;91279
2021-08-23;"Bratislavský kraj";21;2183;7;2190;NA;95023;28;2021-08-23;91253
2021-08-22;"Bratislavský kraj";5;1383;8;1391;NA;95023;13;2021-08-22;91225
2021-08-21;"Bratislavský kraj";18;1681;4;1685;NA;95023;22;2021-08-21;91212
2021-08-20;"Bratislavský kraj";27;2743;19;2762;NA;95023;46;2021-08-20;91190
2021-08-19;"Bratislavský kraj";15;2122;9;2131;NA;95023;24;2021-08-19;91144
2021-08-18;"Bratislavský kraj";16;1659;11;1670;NA;95023;27;2021-08-18;91120
2021-08-17;"Bratislavský kraj";18;1600;5;1605;NA;95023;23;2021-08-17;91093
2021-08-16;"Bratislavský kraj";18;2468;12;2480;NA;95023;30;2021-08-16;91070
2021-08-15;"Bratislavský kraj";3;1169;6;1175;NA;95023;9;2021-08-15;91040
2021-08-14;"Bratislavský kraj";11;1519;4;1523;NA;95023;15;2021-08-14;91031
2021-08-13;"Bratislavský kraj";32;2628;7;2635;NA;95023;39;2021-08-13;91016
2021-08-12;"Bratislavský kraj";16;1824;9;1833;NA;95023;25;2021-08-12;90977
2021-08-11;"Bratislavský kraj";22;1621;5;1626;NA;95023;27;2021-08-11;90952
2021-08-10;"Bratislavský kraj";15;1624;7;1631;NA;95023;22;2021-08-10;90925
2021-08-09;"Bratislavský kraj";35;1917;9;1926;NA;95023;44;2021-08-09;90903
2021-08-08;"Bratislavský kraj";3;1152;4;1156;NA;95023;7;2021-08-08;90859
2021-08-07;"Bratislavský kraj";6;1572;9;1581;NA;95023;15;2021-08-07;90852
2021-08-06;"Bratislavský kraj";9;2510;10;2520;NA;95023;19;2021-08-06;90837
2021-08-05;"Bratislavský kraj";10;1651;7;1658;NA;95023;17;2021-08-05;90818
2021-08-04;"Bratislavský kraj";9;1578;0;1578;NA;95023;9;2021-08-04;90801
2021-08-03;"Bratislavský kraj";11;1507;5;1512;NA;95023;16;2021-08-03;90792
2021-08-02;"Bratislavský kraj";15;1749;11;1760;NA;95023;26;2021-08-02;90776
2021-08-01;"Bratislavský kraj";4;1224;8;1232;NA;95023;12;2021-08-01;90750
2021-07-31;"Bratislavský kraj";7;1623;2;1625;NA;95023;9;2021-07-31;90738
2021-07-30;"Bratislavský kraj";15;2361;7;2368;NA;95023;22;2021-07-30;90729
2021-07-29;"Bratislavský kraj";19;1790;7;1797;NA;95023;26;2021-07-29;90707
2021-07-28;"Bratislavský kraj";8;1538;11;1549;NA;95023;19;2021-07-28;90681
2021-07-27;"Bratislavský kraj";9;1476;5;1481;NA;95023;14;2021-07-27;90662
2021-07-26;"Bratislavský kraj";17;1806;7;1813;NA;95023;24;2021-07-26;90648
2021-07-25;"Bratislavský kraj";4;1411;2;1413;NA;95023;6;2021-07-25;90624
2021-07-24;"Bratislavský kraj";9;1732;3;1735;NA;95023;12;2021-07-24;90618
2021-07-23;"Bratislavský kraj";6;2400;3;2403;NA;95023;9;2021-07-23;90606
2021-07-22;"Bratislavský kraj";12;1944;6;1950;NA;95023;18;2021-07-22;90597
2021-07-21;"Bratislavský kraj";5;1860;6;1866;NA;95023;11;2021-07-21;90579
2021-07-20;"Bratislavský kraj";19;1550;1;1551;NA;95023;20;2021-07-20;90568
2021-07-19;"Bratislavský kraj";15;2259;3;2262;NA;95023;18;2021-07-19;90548
2021-07-18;"Bratislavský kraj";2;1462;3;1465;NA;95023;5;2021-07-18;90530
2021-07-17;"Bratislavský kraj";3;1870;2;1872;NA;95023;5;2021-07-17;90525
2021-07-16;"Bratislavský kraj";8;2834;4;2838;NA;95023;12;2021-07-16;90520
2021-07-15;"Bratislavský kraj";5;1677;0;1677;NA;95023;5;2021-07-15;90508
2021-07-14;"Bratislavský kraj";5;1895;3;1898;NA;95023;8;2021-07-14;90503
2021-07-13;"Bratislavský kraj";4;1584;4;1588;NA;95023;8;2021-07-13;90495
2021-07-12;"Bratislavský kraj";6;1780;5;1785;NA;95023;11;2021-07-12;90487
2021-07-11;"Bratislavský kraj";3;1896;3;1899;NA;95023;6;2021-07-11;90476
2021-07-10;"Bratislavský kraj";5;2240;3;2243;NA;95023;8;2021-07-10;90470
2021-07-09;"Bratislavský kraj";13;3538;7;3545;NA;95023;20;2021-07-09;90462
2021-07-08;"Bratislavský kraj";9;2433;4;2437;NA;95023;13;2021-07-08;90442
2021-07-07;"Bratislavský kraj";5;2792;4;2796;NA;95023;9;2021-07-07;90429
2021-07-06;"Bratislavský kraj";19;2771;4;2775;NA;95023;23;2021-07-06;90420
2021-07-05;"Bratislavský kraj";5;2455;5;2460;NA;95023;10;2021-07-05;90397
2021-07-04;"Bratislavský kraj";3;1824;2;1826;NA;95023;5;2021-07-04;90387
2021-07-03;"Bratislavský kraj";8;2205;5;2210;NA;95023;13;2021-07-03;90382
2021-07-02;"Bratislavský kraj";4;2227;4;2231;NA;95023;8;2021-07-02;90369
2021-07-01;"Bratislavský kraj";6;1809;5;1814;NA;95023;11;2021-07-01;90361
2021-06-30;"Bratislavský kraj";2;11548;11;11559;NA;95023;13;2021-06-30;90350
2021-06-29;"Bratislavský kraj";5;6831;7;6838;NA;95023;12;2021-06-29;90337
2021-06-28;"Bratislavský kraj";16;6651;24;6675;NA;95023;40;2021-06-28;90325
2021-06-27;"Bratislavský kraj";4;6689;11;6700;NA;95023;15;2021-06-27;90285
2021-06-26;"Bratislavský kraj";3;8741;6;8747;NA;95023;9;2021-06-26;90270
2021-06-25;"Bratislavský kraj";7;10285;15;10300;NA;95023;22;2021-06-25;90261
2021-06-24;"Bratislavský kraj";3;7384;16;7400;NA;95023;19;2021-06-24;90239
2021-06-23;"Bratislavský kraj";4;7346;12;7358;NA;95023;16;2021-06-23;90220
2021-06-22;"Bratislavský kraj";6;7244;10;7254;NA;95023;16;2021-06-22;90204
2021-06-21;"Bratislavský kraj";5;7641;9;7650;NA;95023;14;2021-06-21;90188
2021-06-20;"Bratislavský kraj";0;7369;5;7374;NA;95023;5;2021-06-20;90174
2021-06-19;"Bratislavský kraj";3;9226;4;9230;NA;95023;7;2021-06-19;90169
2021-06-18;"Bratislavský kraj";5;12763;9;12772;NA;95023;14;2021-06-18;90162
2021-06-17;"Bratislavský kraj";3;8625;13;8638;NA;95023;16;2021-06-17;90148
2021-06-16;"Bratislavský kraj";3;7105;4;7109;NA;95023;7;2021-06-16;90132
2021-06-15;"Bratislavský kraj";7;7309;17;7326;NA;95023;24;2021-06-15;90125
2021-06-14;"Bratislavský kraj";4;8231;9;8240;NA;95023;13;2021-06-14;90101
2021-06-13;"Bratislavský kraj";2;8791;11;8802;NA;95023;13;2021-06-13;90088
2021-06-12;"Bratislavský kraj";4;11152;11;11163;NA;95023;15;2021-06-12;90075
2021-06-11;"Bratislavský kraj";9;13644;21;13665;NA;95023;30;2021-06-11;90060
2021-06-10;"Bratislavský kraj";12;8637;15;8652;NA;95023;27;2021-06-10;90030
2021-06-09;"Bratislavský kraj";12;7596;12;7608;NA;95023;24;2021-06-09;90003
2021-06-08;"Bratislavský kraj";13;7907;29;7936;NA;95023;42;2021-06-08;89979
2021-06-07;"Bratislavský kraj";13;9247;43;9290;NA;95023;56;2021-06-07;89937
2021-06-06;"Bratislavský kraj";3;10350;20;10370;NA;95023;23;2021-06-06;89881
2021-06-05;"Bratislavský kraj";2;12692;15;12707;NA;95023;17;2021-06-05;89858
2021-06-04;"Bratislavský kraj";10;13812;31;13843;NA;95023;41;2021-06-04;89841
2021-06-03;"Bratislavský kraj";12;9615;19;9634;NA;95023;31;2021-06-03;89800
2021-06-02;"Bratislavský kraj";10;8684;17;8701;NA;95023;27;2021-06-02;89769
2021-06-01;"Bratislavský kraj";3;8812;25;8837;NA;95023;28;2021-06-01;89742
2021-05-31;"Bratislavský kraj";18;11248;32;11280;NA;95023;50;2021-05-31;89714
2021-05-30;"Bratislavský kraj";1;11758;17;11775;NA;95023;18;2021-05-30;89664
2021-05-29;"Bratislavský kraj";4;12245;8;12253;NA;95023;12;2021-05-29;89646
2021-05-28;"Bratislavský kraj";14;15865;23;15888;NA;95023;37;2021-05-28;89634
2021-05-27;"Bratislavský kraj";5;11321;18;11339;NA;95023;23;2021-05-27;89597
2021-05-26;"Bratislavský kraj";20;10709;17;10726;NA;95023;37;2021-05-26;89574
2021-05-25;"Bratislavský kraj";19;11864;31;11895;NA;95023;50;2021-05-25;89537
2021-05-24;"Bratislavský kraj";12;12966;23;12989;NA;95023;35;2021-05-24;89487
2021-05-23;"Bratislavský kraj";7;13074;24;13098;NA;95023;31;2021-05-23;89452
2021-05-22;"Bratislavský kraj";6;14044;22;14066;NA;95023;28;2021-05-22;89421
2021-05-21;"Bratislavský kraj";15;18996;22;19018;NA;95023;37;2021-05-21;89393
2021-05-20;"Bratislavský kraj";15;14112;17;14129;NA;95023;32;2021-05-20;89356
2021-05-19;"Bratislavský kraj";21;11958;24;11982;NA;95023;45;2021-05-19;89324
2021-05-18;"Bratislavský kraj";14;13005;33;13038;NA;95023;47;2021-05-18;89279
2021-05-17;"Bratislavský kraj";15;13854;29;13883;NA;95023;44;2021-05-17;89232
2021-05-16;"Bratislavský kraj";12;19797;32;19829;NA;95023;44;2021-05-16;89188
2021-05-15;"Bratislavský kraj";1;18113;30;18143;NA;95023;31;2021-05-15;89144
2021-05-14;"Bratislavský kraj";15;22228;30;22258;NA;95023;45;2021-05-14;89113
2021-05-13;"Bratislavský kraj";9;16211;17;16228;NA;95023;26;2021-05-13;89068
2021-05-12;"Bratislavský kraj";11;14638;28;14666;NA;95023;39;2021-05-12;89042
2021-05-11;"Bratislavský kraj";29;16741;32;16773;NA;95023;61;2021-05-11;89003
2021-05-10;"Bratislavský kraj";27;19991;64;20055;NA;95023;91;2021-05-10;88942
2021-05-09;"Bratislavský kraj";9;29358;32;29390;NA;95023;41;2021-05-09;88851
2021-05-08;"Bratislavský kraj";5;19451;24;19475;NA;95023;29;2021-05-08;88810
2021-05-07;"Bratislavský kraj";32;28211;65;28276;NA;95023;97;2021-05-07;88781
2021-05-06;"Bratislavský kraj";19;20079;52;20131;NA;95023;71;2021-05-06;88684
2021-05-05;"Bratislavský kraj";29;15526;31;15557;NA;95023;60;2021-05-05;88613
2021-05-04;"Bratislavský kraj";46;19143;53;19196;NA;95023;99;2021-05-04;88553
2021-05-03;"Bratislavský kraj";37;22322;64;22386;NA;95023;101;2021-05-03;88454
2021-05-02;"Bratislavský kraj";38;43064;75;43139;NA;95023;113;2021-05-02;88353
2021-05-01;"Bratislavský kraj";11;39905;40;39945;NA;95023;51;2021-05-01;88240
2021-04-30;"Bratislavský kraj";43;47403;82;47485;NA;95023;125;2021-04-30;88189
2021-04-29;"Bratislavský kraj";48;30257;96;30353;NA;95023;144;2021-04-29;88064
2021-04-28;"Bratislavský kraj";40;28905;78;28983;NA;95023;118;2021-04-28;87920
2021-04-27;"Bratislavský kraj";41;30168;52;30220;NA;95023;93;2021-04-27;87802
2021-04-26;"Bratislavský kraj";59;34733;97;34830;NA;95023;156;2021-04-26;87709
2021-04-25;"Bratislavský kraj";8;57615;74;57689;NA;95023;82;2021-04-25;87553
2021-04-24;"Bratislavský kraj";28;74858;66;74924;NA;95023;94;2021-04-24;87471
2021-04-23;"Bratislavský kraj";70;48614;62;48676;NA;95023;132;2021-04-23;87377
2021-04-22;"Bratislavský kraj";39;31037;72;31109;NA;95023;111;2021-04-22;87245
2021-04-21;"Bratislavský kraj";48;30442;62;30504;NA;95023;110;2021-04-21;87134
2021-04-20;"Bratislavský kraj";58;35216;63;35279;NA;95023;121;2021-04-20;87024
2021-04-19;"Bratislavský kraj";48;39500;80;39580;NA;95023;128;2021-04-19;86903
2021-04-18;"Bratislavský kraj";35;62300;76;62376;NA;95023;111;2021-04-18;86775
2021-04-17;"Bratislavský kraj";13;80359;111;80470;NA;95023;124;2021-04-17;86664
2021-04-16;"Bratislavský kraj";62;47296;80;47376;NA;95023;142;2021-04-16;86540
2021-04-15;"Bratislavský kraj";34;32176;74;32250;NA;95023;108;2021-04-15;86398
2021-04-14;"Bratislavský kraj";65;33961;88;34049;NA;95023;153;2021-04-14;86290
2021-04-13;"Bratislavský kraj";82;35512;82;35594;NA;95023;164;2021-04-13;86137
2021-04-12;"Bratislavský kraj";77;42286;115;42401;NA;95023;192;2021-04-12;85973
2021-04-11;"Bratislavský kraj";42;61151;123;61274;NA;95023;165;2021-04-11;85781
2021-04-10;"Bratislavský kraj";14;77874;167;78041;NA;95023;181;2021-04-10;85616
2021-04-09;"Bratislavský kraj";72;41556;97;41653;NA;95023;169;2021-04-09;85435
2021-04-08;"Bratislavský kraj";71;28866;95;28961;NA;95023;166;2021-04-08;85266
2021-04-07;"Bratislavský kraj";96;38061;101;38162;NA;95023;197;2021-04-07;85100
2021-04-06;"Bratislavský kraj";94;56204;179;56383;NA;95023;273;2021-04-06;84903
2021-04-05;"Bratislavský kraj";85;18538;85;18623;NA;95023;170;2021-04-05;84630
2021-04-04;"Bratislavský kraj";37;29225;75;29300;NA;95023;112;2021-04-04;84460
2021-04-03;"Bratislavský kraj";52;79865;220;80085;NA;95023;272;2021-04-03;84348
2021-04-02;"Bratislavský kraj";33;23790;104;23894;NA;95023;137;2021-04-02;84076
2021-04-01;"Bratislavský kraj";119;57388;159;57547;NA;95023;278;2021-04-01;83939
2021-03-31;"Bratislavský kraj";105;46371;177;46548;NA;95023;282;2021-03-31;83661
2021-03-30;"Bratislavský kraj";100;39599;144;39743;NA;95023;244;2021-03-30;83379
2021-03-29;"Bratislavský kraj";153;40364;178;40542;NA;95023;331;2021-03-29;83135
2021-03-28;"Bratislavský kraj";59;53372;137;53509;NA;95023;196;2021-03-28;82804
2021-03-27;"Bratislavský kraj";53;79834;240;80074;NA;95023;293;2021-03-27;82608
2021-03-26;"Bratislavský kraj";114;56108;191;56299;NA;95023;305;2021-03-26;82315
2021-03-25;"Bratislavský kraj";76;36859;172;37031;NA;95023;248;2021-03-25;82010
2021-03-24;"Bratislavský kraj";120;30567;201;30768;NA;95023;321;2021-03-24;81762
2021-03-23;"Bratislavský kraj";138;36438;190;36628;NA;95023;328;2021-03-23;81441
2021-03-22;"Bratislavský kraj";110;42756;220;42976;NA;95023;330;2021-03-22;81113
2021-03-21;"Bratislavský kraj";54;61299;212;61511;NA;95023;266;2021-03-21;80783
2021-03-20;"Bratislavský kraj";59;73300;228;73528;NA;95023;287;2021-03-20;80517
2021-03-19;"Bratislavský kraj";139;54576;257;54833;NA;95023;396;2021-03-19;80230
2021-03-18;"Bratislavský kraj";142;34611;192;34803;NA;95023;334;2021-03-18;79834
2021-03-17;"Bratislavský kraj";177;30482;217;30699;NA;95023;394;2021-03-17;79500
2021-03-16;"Bratislavský kraj";258;36798;287;37085;NA;95023;545;2021-03-16;79106
2021-03-15;"Bratislavský kraj";180;38226;255;38481;NA;95023;435;2021-03-15;78561
2021-03-14;"Bratislavský kraj";75;52611;275;52886;NA;95023;350;2021-03-14;78126
2021-03-13;"Bratislavský kraj";110;81405;341;81746;NA;95023;451;2021-03-13;77776
2021-03-12;"Bratislavský kraj";152;55233;312;55545;NA;95023;464;2021-03-12;77325
2021-03-11;"Bratislavský kraj";178;34678;286;34964;NA;95023;464;2021-03-11;76861
2021-03-10;"Bratislavský kraj";164;31061;280;31341;NA;95023;444;2021-03-10;76397
2021-03-09;"Bratislavský kraj";242;37687;267;37954;NA;95023;509;2021-03-09;75953
2021-03-08;"Bratislavský kraj";255;41199;348;41547;NA;95023;603;2021-03-08;75444
2021-03-07;"Bratislavský kraj";142;52812;301;53113;NA;95023;443;2021-03-07;74841
2021-03-06;"Bratislavský kraj";79;71821;415;72236;NA;95023;494;2021-03-06;74398
2021-03-05;"Bratislavský kraj";238;50840;294;51134;NA;95023;532;2021-03-05;73904
2021-03-04;"Bratislavský kraj";204;34544;344;34888;NA;95023;548;2021-03-04;73372
2021-03-03;"Bratislavský kraj";250;30527;364;30891;NA;95023;614;2021-03-03;72824
2021-03-02;"Bratislavský kraj";267;39735;388;40123;NA;95023;655;2021-03-02;72210
2021-03-01;"Bratislavský kraj";320;38222;432;38654;NA;95023;752;2021-03-01;71555
2021-02-28;"Bratislavský kraj";184;50323;323;50646;NA;95023;507;2021-02-28;70803
2021-02-27;"Bratislavský kraj";151;76580;464;77044;NA;95023;615;2021-02-27;70296
2021-02-26;"Bratislavský kraj";277;47326;401;47727;NA;95023;678;2021-02-26;69681
2021-02-25;"Bratislavský kraj";277;28769;405;29174;NA;95023;682;2021-02-25;69003
2021-02-24;"Bratislavský kraj";217;27095;412;27507;NA;95023;629;2021-02-24;68321
2021-02-23;"Bratislavský kraj";257;31297;395;31692;NA;95023;652;2021-02-23;67692
2021-02-22;"Bratislavský kraj";353;36607;483;37090;NA;95023;836;2021-02-22;67040
2021-02-21;"Bratislavský kraj";185;54150;396;54546;NA;95023;581;2021-02-21;66204
2021-02-20;"Bratislavský kraj";167;74814;550;75364;NA;95023;717;2021-02-20;65623
2021-02-19;"Bratislavský kraj";280;44882;416;45298;NA;95023;696;2021-02-19;64906
2021-02-18;"Bratislavský kraj";263;26379;371;26750;NA;95023;634;2021-02-18;64210
2021-02-17;"Bratislavský kraj";264;22820;316;23136;NA;95023;580;2021-02-17;63576
2021-02-16;"Bratislavský kraj";289;28262;352;28614;NA;95023;641;2021-02-16;62996
2021-02-15;"Bratislavský kraj";248;36893;396;37289;NA;95023;644;2021-02-15;62355
2021-02-14;"Bratislavský kraj";153;47948;323;48271;NA;95023;476;2021-02-14;61711
2021-02-13;"Bratislavský kraj";173;68589;515;69104;NA;95023;688;2021-02-13;61235
2021-02-12;"Bratislavský kraj";282;35729;327;36056;NA;95023;609;2021-02-12;60547
2021-02-11;"Bratislavský kraj";337;24565;285;24850;NA;95023;622;2021-02-11;59938
2021-02-10;"Bratislavský kraj";314;22944;356;23300;NA;95023;670;2021-02-10;59316
2021-02-09;"Bratislavský kraj";288;36565;454;37019;NA;95023;742;2021-02-09;58646
2021-02-08;"Bratislavský kraj";484;31896;397;32293;NA;95023;881;2021-02-08;57904
2021-02-07;"Bratislavský kraj";243;51290;425;51715;NA;95023;668;2021-02-07;57023
2021-02-06;"Bratislavský kraj";116;61682;501;62183;NA;95023;617;2021-02-06;56355
2021-02-05;"Bratislavský kraj";327;27033;375;27408;NA;95023;702;2021-02-05;55738
2021-02-04;"Bratislavský kraj";555;17260;348;17608;NA;95023;903;2021-02-04;55036
2021-02-03;"Bratislavský kraj";161;13020;352;13372;NA;95023;513;2021-02-03;54133
2021-02-02;"Bratislavský kraj";397;25947;480;26427;NA;95023;877;2021-02-02;53620
2021-02-01;"Bratislavský kraj";221;35541;513;36054;NA;95023;734;2021-02-01;52743
2021-01-31;"Bratislavský kraj";180;35693;425;36118;NA;95023;605;2021-01-31;52009
2021-01-30;"Bratislavský kraj";310;49588;521;50109;NA;95023;831;2021-01-30;51404
2021-01-29;"Bratislavský kraj";344;16568;344;16912;NA;95023;688;2021-01-29;50573
2021-01-28;"Bratislavský kraj";307;10715;297;11012;NA;95023;604;2021-01-28;49885
2021-01-27;"Bratislavský kraj";336;22222;345;22567;NA;95023;681;2021-01-27;49281
2021-01-26;"Bratislavský kraj";297;21894;300;22194;NA;95023;597;2021-01-26;48600
2021-01-25;"Bratislavský kraj";356;23335;249;23584;NA;95023;605;2021-01-25;48003
2021-01-24;"Bratislavský kraj";175;37903;404;38307;NA;95023;579;2021-01-24;47398
2021-01-23;"Bratislavský kraj";396;79453;690;80143;NA;95023;1086;2021-01-23;46819
2021-01-22;"Bratislavský kraj";199;42055;365;42420;NA;95023;564;2021-01-22;45733
2021-01-21;"Bratislavský kraj";255;105746;1317;107063;NA;95023;1572;2021-01-21;45169
2021-01-20;"Bratislavský kraj";360;27289;452;27741;NA;95023;812;2021-01-20;43597
2021-01-19;"Bratislavský kraj";375;15318;346;15664;NA;95023;721;2021-01-19;42785
2021-01-18;"Bratislavský kraj";357;12533;707;13240;NA;95023;1064;2021-01-18;42064
2021-01-17;"Bratislavský kraj";244;482;26;508;NA;95023;270;2021-01-17;41000
2021-01-16;"Bratislavský kraj";70;3016;156;3172;NA;95023;226;2021-01-16;40730
2021-01-15;"Bratislavský kraj";251;7896;256;8152;NA;95023;507;2021-01-15;40504
2021-01-14;"Bratislavský kraj";363;8523;273;8796;NA;95023;636;2021-01-14;39997
2021-01-13;"Bratislavský kraj";336;8490;327;8817;NA;95023;663;2021-01-13;39361
2021-01-12;"Bratislavský kraj";450;10509;455;10964;NA;95023;905;2021-01-12;38698
2021-01-11;"Bratislavský kraj";397;19863;364;20227;NA;95023;761;2021-01-11;37793
2021-01-10;"Bratislavský kraj";252;1507;79;1586;NA;95023;331;2021-01-10;37032
2021-01-09;"Bratislavský kraj";351;4721;277;4998;NA;95023;628;2021-01-09;36701
2021-01-08;"Bratislavský kraj";556;10045;436;10481;NA;95023;992;2021-01-08;36073
2021-01-07;"Bratislavský kraj";537;6872;352;7224;NA;95023;889;2021-01-07;35081
2021-01-06;"Bratislavský kraj";271;3329;216;3545;NA;95023;487;2021-01-06;34192
2021-01-05;"Bratislavský kraj";619;10635;814;11449;NA;95023;1433;2021-01-05;33705
2021-01-04;"Bratislavský kraj";601;8226;538;8764;NA;95023;1139;2021-01-04;32272
2021-01-03;"Bratislavský kraj";77;433;41;474;NA;95023;118;2021-01-03;31133
2021-01-02;"Bratislavský kraj";185;462;57;519;NA;95023;242;2021-01-02;31015
2021-01-01;"Bratislavský kraj";235;3277;131;3408;NA;95023;366;2021-01-01;30773
2020-12-31;"Bratislavský kraj";925;14135;519;14654;NA;95023;1444;2020-12-31;30407
2020-12-30;"Bratislavský kraj";650;9164;533;9697;NA;95023;1183;2020-12-30;28963
2020-12-29;"Bratislavský kraj";303;10108;699;10807;NA;95023;1002;2020-12-29;27780
2020-12-28;"Bratislavský kraj";255;7784;473;8257;NA;95023;728;2020-12-28;26778
2020-12-27;"Bratislavský kraj";160;709;76;785;NA;95023;236;2020-12-27;26050
2020-12-26;"Bratislavský kraj";75;480;27;507;NA;95023;102;2020-12-26;25814
2020-12-25;"Bratislavský kraj";114;503;38;541;NA;95023;152;2020-12-25;25712
2020-12-24;"Bratislavský kraj";536;3367;104;3471;NA;95023;640;2020-12-24;25560
2020-12-23;"Bratislavský kraj";416;12590;447;13037;NA;95023;863;2020-12-23;24920
2020-12-22;"Bratislavský kraj";327;14587;699;15286;NA;95023;1026;2020-12-22;24057
2020-12-21;"Bratislavský kraj";392;14972;1946;16918;NA;95023;2338;2020-12-21;23031
2020-12-20;"Bratislavský kraj";180;797;57;854;NA;95023;237;2020-12-20;20693
2020-12-19;"Bratislavský kraj";396;3314;130;3444;NA;95023;526;2020-12-19;20456
2020-12-18;"Bratislavský kraj";306;9938;345;10283;NA;95023;651;2020-12-18;19930
2020-12-17;"Bratislavský kraj";502;9739;386;10125;NA;95023;888;2020-12-17;19279
2020-12-16;"Bratislavský kraj";282;10201;418;10619;NA;95023;700;2020-12-16;18391
2020-12-15;"Bratislavský kraj";423;10450;454;10904;NA;95023;877;2020-12-15;17691
2020-12-14;"Bratislavský kraj";279;6793;261;7054;NA;95023;540;2020-12-14;16814
2020-12-13;"Bratislavský kraj";125;139;10;149;NA;95023;135;2020-12-13;16274
2020-12-12;"Bratislavský kraj";361;3886;157;4043;NA;95023;518;2020-12-12;16139
2020-12-11;"Bratislavský kraj";326;6824;235;7059;NA;95023;561;2020-12-11;15621
2020-12-10;"Bratislavský kraj";286;5279;166;5445;NA;95023;452;2020-12-10;15060
2020-12-09;"Bratislavský kraj";382;4778;177;4955;NA;95023;559;2020-12-09;14608
2020-12-08;"Bratislavský kraj";234;6243;207;6450;NA;95023;441;2020-12-08;14049
2020-12-07;"Bratislavský kraj";272;4639;152;4791;NA;95023;424;2020-12-07;13608
2020-12-06;"Bratislavský kraj";61;1625;52;1677;NA;95023;113;2020-12-06;13184
2020-12-05;"Bratislavský kraj";266;2221;41;2262;NA;95023;307;2020-12-05;13071
2020-12-04;"Bratislavský kraj";200;4954;99;5053;NA;95023;299;2020-12-04;12764
2020-12-03;"Bratislavský kraj";213;5672;95;5767;NA;95023;308;2020-12-03;12465
2020-12-02;"Bratislavský kraj";205;3462;103;3565;NA;95023;308;2020-12-02;12157
2020-12-01;"Bratislavský kraj";255;3889;172;4061;NA;95023;427;2020-12-01;11849
2020-11-30;"Bratislavský kraj";152;2153;121;2274;NA;95023;273;2020-11-30;11422
2020-11-29;"Bratislavský kraj";52;201;24;225;NA;95023;76;2020-11-29;11149
2020-11-28;"Bratislavský kraj";232;2624;33;2657;NA;95023;265;2020-11-28;11073
2020-11-27;"Bratislavský kraj";54;2540;64;2604;NA;95023;118;2020-11-27;10808
2020-11-26;"Bratislavský kraj";129;1976;60;2036;NA;95023;189;2020-11-26;10690
2020-11-25;"Bratislavský kraj";140;1770;47;1817;NA;95023;187;2020-11-25;10501
2020-11-24;"Bratislavský kraj";81;2988;67;3055;NA;95023;148;2020-11-24;10314
2020-11-23;"Bratislavský kraj";67;7083;58;7141;NA;95023;125;2020-11-23;10166
2020-11-22;"Bratislavský kraj";36;81;7;88;NA;95023;43;2020-11-22;10041
2020-11-21;"Bratislavský kraj";109;2126;47;2173;NA;95023;156;2020-11-21;9998
2020-11-20;"Bratislavský kraj";118;2876;48;2924;NA;95023;166;2020-11-20;9842
2020-11-19;"Bratislavský kraj";173;987;29;1016;NA;95023;202;2020-11-19;9676
2020-11-18;"Bratislavský kraj";118;616;75;691;NA;95023;193;2020-11-18;9474
2020-11-17;"Bratislavský kraj";108;928;23;951;NA;95023;131;2020-11-17;9281
2020-11-16;"Bratislavský kraj";82;651;9;660;NA;95023;91;2020-11-16;9150
2020-11-15;"Bratislavský kraj";47;236;0;236;NA;95023;47;2020-11-15;9059
2020-11-14;"Bratislavský kraj";53;1834;15;1849;NA;95023;68;2020-11-14;9012
2020-11-13;"Bratislavský kraj";94;2096;21;2117;NA;95023;115;2020-11-13;8944
2020-11-12;"Bratislavský kraj";141;1727;6;1733;NA;95023;147;2020-11-12;8829
2020-11-11;"Bratislavský kraj";159;1429;12;1441;NA;95023;171;2020-11-11;8682
2020-11-10;"Bratislavský kraj";136;805;14;819;NA;95023;150;2020-11-10;8511
2020-11-09;"Bratislavský kraj";70;616;8;624;NA;95023;78;2020-11-09;8361
2020-11-08;"Bratislavský kraj";82;869;6;875;NA;95023;88;2020-11-08;8283
2020-11-07;"Bratislavský kraj";88;4039;17;4056;NA;95023;105;2020-11-07;8195
2020-11-06;"Bratislavský kraj";281;6441;25;6466;NA;95023;306;2020-11-06;8090
2020-11-05;"Bratislavský kraj";175;476;11;487;NA;95023;186;2020-11-05;7784
2020-11-04;"Bratislavský kraj";65;411;10;421;NA;95023;75;2020-11-04;7598
2020-11-03;"Bratislavský kraj";251;1085;12;1097;NA;95023;263;2020-11-03;7523
2020-11-02;"Bratislavský kraj";202;3365;22;3387;NA;95023;224;2020-11-02;7260
2020-11-01;"Bratislavský kraj";227;8694;39;8733;NA;95023;266;2020-11-01;7036
2020-10-31;"Bratislavský kraj";173;22407;123;22530;NA;95023;296;2020-10-31;6770
2020-10-30;"Bratislavský kraj";158;17350;138;17488;NA;95023;296;2020-10-30;6474
2020-10-29;"Bratislavský kraj";262;116;4;120;NA;95023;266;2020-10-29;6178
2020-10-28;"Bratislavský kraj";220;260;15;275;NA;95023;235;2020-10-28;5912
2020-10-27;"Bratislavský kraj";256;145;4;149;NA;95023;260;2020-10-27;5677
2020-10-26;"Bratislavský kraj";123;229;11;240;NA;95023;134;2020-10-26;5417
2020-10-25;"Bratislavský kraj";152;33;2;35;NA;95023;154;2020-10-25;5283
2020-10-24;"Bratislavský kraj";170;221;6;227;NA;95023;176;2020-10-24;5129
2020-10-23;"Bratislavský kraj";151;144;8;152;NA;95023;159;2020-10-23;4953
2020-10-22;"Bratislavský kraj";192;204;15;219;NA;95023;207;2020-10-22;4794
2020-10-21;"Bratislavský kraj";66;90;6;96;NA;95023;72;2020-10-21;4587
2020-10-20;"Bratislavský kraj";183;97;4;101;NA;95023;187;2020-10-20;4515
2020-10-19;"Bratislavský kraj";148;80;3;83;NA;95023;151;2020-10-19;4328
2020-10-18;"Bratislavský kraj";75;92;0;92;NA;95023;75;2020-10-18;4177
2020-10-17;"Bratislavský kraj";136;0;0;0;NA;95023;136;2020-10-17;4102
2020-10-16;"Bratislavský kraj";103;14;1;15;NA;95023;104;2020-10-16;3966
2020-10-15;"Bratislavský kraj";135;6;1;7;NA;95023;136;2020-10-15;3862
2020-10-14;"Bratislavský kraj";127;4;0;4;NA;95023;127;2020-10-14;3726
2020-10-13;"Bratislavský kraj";86;108;8;116;NA;95023;94;2020-10-13;3599
2020-10-12;"Bratislavský kraj";46;0;0;0;NA;95023;46;2020-10-12;3505
2020-10-11;"Bratislavský kraj";80;0;0;0;NA;95023;80;2020-10-11;3459
2020-10-10;"Bratislavský kraj";55;0;0;0;NA;95023;55;2020-10-10;3379
2020-10-09;"Bratislavský kraj";148;0;0;0;NA;95023;148;2020-10-09;3324
2020-10-08;"Bratislavský kraj";100;0;0;0;NA;95023;100;2020-10-08;3176
2020-10-07;"Bratislavský kraj";107;0;0;0;NA;95023;107;2020-10-07;3076
2020-10-06;"Bratislavský kraj";108;0;0;0;NA;95023;108;2020-10-06;2969
2020-10-05;"Bratislavský kraj";30;0;0;0;NA;95023;30;2020-10-05;2861
2020-10-04;"Bratislavský kraj";49;0;0;0;NA;95023;49;2020-10-04;2831
2020-10-03;"Bratislavský kraj";82;0;0;0;NA;95023;82;2020-10-03;2782
2020-10-02;"Bratislavský kraj";101;0;0;0;NA;95023;101;2020-10-02;2700
2020-10-01;"Bratislavský kraj";72;0;0;0;NA;95023;72;2020-10-01;2599
2020-09-30;"Bratislavský kraj";91;0;0;0;NA;95023;91;2020-09-30;2527
2020-09-29;"Bratislavský kraj";74;0;0;0;NA;95023;74;2020-09-29;2436
2020-09-28;"Bratislavský kraj";29;0;0;0;NA;95023;29;2020-09-28;2362
2020-09-27;"Bratislavský kraj";48;0;0;0;NA;95023;48;2020-09-27;2333
2020-09-26;"Bratislavský kraj";86;0;0;0;NA;95023;86;2020-09-26;2285
2020-09-25;"Bratislavský kraj";97;0;0;0;NA;95023;97;2020-09-25;2199
2020-09-24;"Bratislavský kraj";73;0;0;0;NA;95023;73;2020-09-24;2102
2020-09-23;"Bratislavský kraj";55;0;0;0;NA;95023;55;2020-09-23;2029
2020-09-22;"Bratislavský kraj";81;0;0;0;NA;95023;81;2020-09-22;1974
2020-09-21;"Bratislavský kraj";32;0;0;0;NA;95023;32;2020-09-21;1893
2020-09-20;"Bratislavský kraj";25;0;0;0;NA;95023;25;2020-09-20;1861
2020-09-19;"Bratislavský kraj";59;0;0;0;NA;95023;59;2020-09-19;1836
2020-09-18;"Bratislavský kraj";42;0;0;0;NA;95023;42;2020-09-18;1777
2020-09-17;"Bratislavský kraj";52;0;0;0;NA;95023;52;2020-09-17;1735
2020-09-16;"Bratislavský kraj";32;0;0;0;NA;95023;32;2020-09-16;1683
2020-09-15;"Bratislavský kraj";26;0;0;0;NA;95023;26;2020-09-15;1651
2020-09-14;"Bratislavský kraj";24;0;0;0;NA;95023;24;2020-09-14;1625
2020-09-13;"Bratislavský kraj";11;0;0;0;NA;95023;11;2020-09-13;1601
2020-09-12;"Bratislavský kraj";24;0;0;0;NA;95023;24;2020-09-12;1590
2020-09-11;"Bratislavský kraj";50;0;0;0;NA;95023;50;2020-09-11;1566
2020-09-10;"Bratislavský kraj";47;0;0;0;NA;95023;47;2020-09-10;1516
2020-09-09;"Bratislavský kraj";40;0;0;0;NA;95023;40;2020-09-09;1469
2020-09-08;"Bratislavský kraj";58;0;0;0;NA;95023;58;2020-09-08;1429
2020-09-07;"Bratislavský kraj";39;0;0;0;NA;95023;39;2020-09-07;1371
2020-09-06;"Bratislavský kraj";11;0;0;0;NA;95023;11;2020-09-06;1332
2020-09-05;"Bratislavský kraj";37;0;0;0;NA;95023;37;2020-09-05;1321
2020-09-04;"Bratislavský kraj";87;0;0;0;NA;95023;87;2020-09-04;1284
2020-09-03;"Bratislavský kraj";51;0;0;0;NA;95023;51;2020-09-03;1197
2020-09-02;"Bratislavský kraj";50;0;0;0;NA;95023;50;2020-09-02;1146
2020-09-01;"Bratislavský kraj";16;0;0;0;NA;95023;16;2020-09-01;1096
2020-08-31;"Bratislavský kraj";19;0;0;0;NA;95023;19;2020-08-31;1080
2020-08-30;"Bratislavský kraj";9;0;0;0;NA;95023;9;2020-08-30;1061
2020-08-29;"Bratislavský kraj";12;0;0;0;NA;95023;12;2020-08-29;1052
2020-08-28;"Bratislavský kraj";35;0;0;0;NA;95023;35;2020-08-28;1040
2020-08-27;"Bratislavský kraj";33;0;0;0;NA;95023;33;2020-08-27;1005
2020-08-26;"Bratislavský kraj";27;0;0;0;NA;95023;27;2020-08-26;972
2020-08-25;"Bratislavský kraj";29;0;0;0;NA;95023;29;2020-08-25;945
2020-08-24;"Bratislavský kraj";6;0;0;0;NA;95023;6;2020-08-24;916
2020-08-23;"Bratislavský kraj";45;0;0;0;NA;95023;45;2020-08-23;910
2020-08-22;"Bratislavský kraj";13;0;0;0;NA;95023;13;2020-08-22;865
2020-08-21;"Bratislavský kraj";46;0;0;0;NA;95023;46;2020-08-21;852
2020-08-20;"Bratislavský kraj";41;0;0;0;NA;95023;41;2020-08-20;806
2020-08-19;"Bratislavský kraj";27;0;0;0;NA;95023;27;2020-08-19;765
2020-08-18;"Bratislavský kraj";47;0;0;0;NA;95023;47;2020-08-18;738
2020-08-17;"Bratislavský kraj";2;0;0;0;NA;95023;2;2020-08-17;691
2020-08-16;"Bratislavský kraj";3;0;0;0;NA;95023;3;2020-08-16;689
2020-08-15;"Bratislavský kraj";18;0;0;0;NA;95023;18;2020-08-15;686
2020-08-14;"Bratislavský kraj";16;0;0;0;NA;95023;16;2020-08-14;668
2020-08-13;"Bratislavský kraj";12;0;0;0;NA;95023;12;2020-08-13;652
2020-08-12;"Bratislavský kraj";10;0;0;0;NA;95023;10;2020-08-12;640
2020-08-11;"Bratislavský kraj";23;0;0;0;NA;95023;23;2020-08-11;630
2020-08-10;"Bratislavský kraj";2;0;0;0;NA;95023;2;2020-08-10;607
2020-08-09;"Bratislavský kraj";2;0;0;0;NA;95023;2;2020-08-09;605
2020-08-08;"Bratislavský kraj";1;0;0;0;NA;95023;1;2020-08-08;603
2020-08-07;"Bratislavský kraj";9;0;0;0;NA;95023;9;2020-08-07;602
2020-08-06;"Bratislavský kraj";15;0;0;0;NA;95023;15;2020-08-06;593
2020-08-05;"Bratislavský kraj";11;0;0;0;NA;95023;11;2020-08-05;578
2020-08-04;"Bratislavský kraj";21;0;0;0;NA;95023;21;2020-08-04;567
2020-08-03;"Bratislavský kraj";7;0;0;0;NA;95023;7;2020-08-03;546
2020-08-02;"Bratislavský kraj";0;0;0;0;NA;95023;0;2020-08-02;539
2020-08-01;"Bratislavský kraj";0;0;0;0;NA;95023;0;2020-08-01;539
2020-07-31;"Bratislavský kraj";14;0;0;0;NA;95023;14;2020-07-31;539
2020-07-30;"Bratislavský kraj";6;0;0;0;NA;95023;6;2020-07-30;525
2020-07-29;"Bratislavský kraj";7;0;0;0;NA;95023;7;2020-07-29;519
2020-07-28;"Bratislavský kraj";14;0;0;0;NA;95023;14;2020-07-28;512
2020-07-27;"Bratislavský kraj";3;0;0;0;NA;95023;3;2020-07-27;498
2020-07-26;"Bratislavský kraj";0;0;0;0;NA;95023;0;2020-07-26;495
2020-07-25;"Bratislavský kraj";8;0;0;0;NA;95023;8;2020-07-25;495
2020-07-24;"Bratislavský kraj";2;0;0;0;NA;95023;2;2020-07-24;487
2020-07-23;"Bratislavský kraj";8;0;0;0;NA;95023;8;2020-07-23;485
2020-07-22;"Bratislavský kraj";11;0;0;0;NA;95023;11;2020-07-22;477
2020-07-21;"Bratislavský kraj";8;0;0;0;NA;95023;8;2020-07-21;466
2020-07-20;"Bratislavský kraj";12;0;0;0;NA;95023;12;2020-07-20;458
2020-07-19;"Bratislavský kraj";0;0;0;0;NA;95023;0;2020-07-19;446
2020-07-18;"Bratislavský kraj";2;0;0;0;NA;95023;2;2020-07-18;446
2020-07-17;"Bratislavský kraj";2;0;0;0;NA;95023;2;2020-07-17;444
2020-07-16;"Bratislavský kraj";6;0;0;0;NA;95023;6;2020-07-16;442
2020-07-15;"Bratislavský kraj";3;0;0;0;NA;95023;3;2020-07-15;436
2020-07-14;"Bratislavský kraj";2;0;0;0;NA;95023;2;2020-07-14;433
2020-07-13;"Bratislavský kraj";2;0;0;0;NA;95023;2;2020-07-13;431
2020-07-12;"Bratislavský kraj";0;0;0;0;NA;95023;0;2020-07-12;429
2020-07-11;"Bratislavský kraj";0;0;0;0;NA;95023;0;2020-07-11;429
2020-07-10;"Bratislavský kraj";8;0;0;0;NA;95023;8;2020-07-10;429
2020-07-09;"Bratislavský kraj";2;0;0;0;NA;95023;2;2020-07-09;421
2020-07-08;"Bratislavský kraj";11;0;0;0;NA;95023;11;2020-07-08;419
2020-07-07;"Bratislavský kraj";5;0;0;0;NA;95023;5;2020-07-07;408
2020-07-06;"Bratislavský kraj";1;0;0;0;NA;95023;1;2020-07-06;403
2020-07-05;"Bratislavský kraj";0;0;0;0;NA;95023;0;2020-07-05;402
2020-07-04;"Bratislavský kraj";3;0;0;0;NA;95023;3;2020-07-04;402
2020-07-03;"Bratislavský kraj";1;0;0;0;NA;95023;1;2020-07-03;399
2020-07-02;"Bratislavský kraj";0;0;0;0;NA;95023;0;2020-07-02;398
2020-07-01;"Bratislavský kraj";7;0;0;0;NA;95023;7;2020-07-01;398
2020-06-30;"Bratislavský kraj";3;0;0;0;NA;95023;3;2020-06-30;391
2020-06-29;"Bratislavský kraj";1;0;0;0;NA;95023;1;2020-06-29;388
2020-06-28;"Bratislavský kraj";0;0;0;0;NA;95023;0;2020-06-28;387
2020-06-27;"Bratislavský kraj";1;0;0;0;NA;95023;1;2020-06-27;387
2020-06-26;"Bratislavský kraj";6;0;0;0;NA;95023;6;2020-06-26;386
2020-06-25;"Bratislavský kraj";0;0;0;0;NA;95023;0;2020-06-25;380
2020-06-24;"Bratislavský kraj";3;0;0;0;NA;95023;3;2020-06-24;380
2020-06-23;"Bratislavský kraj";0;0;0;0;NA;95023;0;2020-06-23;377
2020-06-22;"Bratislavský kraj";1;0;0;0;NA;95023;1;2020-06-22;377
2020-06-21;"Bratislavský kraj";0;0;0;0;NA;95023;0;2020-06-21;376
2020-06-20;"Bratislavský kraj";0;0;0;0;NA;95023;0;2020-06-20;376
2020-06-19;"Bratislavský kraj";3;0;0;0;NA;95023;3;2020-06-19;376
2020-06-18;"Bratislavský kraj";0;0;0;0;NA;95023;0;2020-06-18;373
2020-06-17;"Bratislavský kraj";0;0;0;0;NA;95023;0;2020-06-17;373
2020-06-16;"Bratislavský kraj";0;0;0;0;NA;95023;0;2020-06-16;373
2020-06-14;"Bratislavský kraj";2;0;0;0;NA;95023;2;2020-06-14;373
2020-06-13;"Bratislavský kraj";1;0;0;0;NA;95023;1;2020-06-13;371
2020-06-12;"Bratislavský kraj";2;0;0;0;NA;95023;2;2020-06-12;370
2020-06-11;"Bratislavský kraj";0;0;0;0;NA;95023;0;2020-06-11;368
2020-06-10;"Bratislavský kraj";0;0;0;0;NA;95023;0;2020-06-10;368
2020-06-09;"Bratislavský kraj";0;0;0;0;NA;95023;0;2020-06-09;368
2020-06-08;"Bratislavský kraj";1;0;0;0;NA;95023;1;2020-06-08;368
2020-06-07;"Bratislavský kraj";0;0;0;0;NA;95023;0;2020-06-07;367
2020-06-05;"Bratislavský kraj";0;0;0;0;NA;95023;0;2020-06-05;367
2020-06-03;"Bratislavský kraj";1;0;0;0;NA;95023;1;2020-06-03;367
2020-06-02;"Bratislavský kraj";0;0;0;0;NA;95023;0;2020-06-02;366
2020-05-31;"Bratislavský kraj";0;0;0;0;NA;95023;0;2020-05-31;366
2020-05-29;"Bratislavský kraj";0;0;0;0;NA;95023;0;2020-05-29;366
2020-05-27;"Bratislavský kraj";1;0;0;0;NA;95023;1;2020-05-27;366
2020-05-26;"Bratislavský kraj";0;0;0;0;NA;95023;0;2020-05-26;365
2020-05-25;"Bratislavský kraj";0;0;0;0;NA;95023;0;2020-05-25;365
2020-05-24;"Bratislavský kraj";0;0;0;0;NA;95023;0;2020-05-24;365
2020-05-23;"Bratislavský kraj";2;0;0;0;NA;95023;2;2020-05-23;365
2020-05-22;"Bratislavský kraj";0;0;0;0;NA;95023;0;2020-05-22;363
2020-05-21;"Bratislavský kraj";0;0;0;0;NA;95023;0;2020-05-21;363
2020-05-20;"Bratislavský kraj";0;0;0;0;NA;95023;0;2020-05-20;363
2020-05-19;"Bratislavský kraj";0;0;0;0;NA;95023;0;2020-05-19;363
2020-05-17;"Bratislavský kraj";0;0;0;0;NA;95023;0;2020-05-17;363
2020-05-16;"Bratislavský kraj";0;0;0;0;NA;95023;0;2020-05-16;363
2020-05-15;"Bratislavský kraj";0;0;0;0;NA;95023;0;2020-05-15;363
2020-05-14;"Bratislavský kraj";0;0;0;0;NA;95023;0;2020-05-14;363
2020-05-13;"Bratislavský kraj";0;0;0;0;NA;95023;0;2020-05-13;363
2020-05-12;"Bratislavský kraj";2;0;0;0;NA;95023;2;2020-05-12;363
2020-05-11;"Bratislavský kraj";0;0;0;0;NA;95023;0;2020-05-11;361
2020-05-09;"Bratislavský kraj";0;0;0;0;NA;95023;0;2020-05-09;361
2020-05-07;"Bratislavský kraj";1;0;0;0;NA;95023;1;2020-05-07;361
2020-05-06;"Bratislavský kraj";3;0;0;0;NA;95023;3;2020-05-06;360
2020-05-05;"Bratislavský kraj";0;0;0;0;NA;95023;0;2020-05-05;357
2020-05-04;"Bratislavský kraj";0;0;0;0;NA;95023;0;2020-05-04;357
2020-05-03;"Bratislavský kraj";2;0;0;0;NA;95023;2;2020-05-03;357
2020-05-02;"Bratislavský kraj";0;0;0;0;NA;95023;0;2020-05-02;355
2020-05-01;"Bratislavský kraj";0;0;0;0;NA;95023;0;2020-05-01;355
2020-04-30;"Bratislavský kraj";5;0;0;0;NA;95023;5;2020-04-30;355
2020-04-29;"Bratislavský kraj";0;0;0;0;NA;95023;0;2020-04-29;350
2020-04-28;"Bratislavský kraj";2;0;0;0;NA;95023;2;2020-04-28;350
2020-04-27;"Bratislavský kraj";0;0;0;0;NA;95023;0;2020-04-27;348
2020-04-26;"Bratislavský kraj";1;0;0;0;NA;95023;1;2020-04-26;348
2020-04-25;"Bratislavský kraj";0;0;0;0;NA;95023;0;2020-04-25;347
2020-04-24;"Bratislavský kraj";2;0;0;0;NA;95023;2;2020-04-24;347
2020-04-23;"Bratislavský kraj";6;0;0;0;NA;95023;6;2020-04-23;345
2020-04-22;"Bratislavský kraj";11;0;0;0;NA;95023;11;2020-04-22;339
2020-04-21;"Bratislavský kraj";4;0;0;0;NA;95023;4;2020-04-21;328
2020-04-20;"Bratislavský kraj";0;0;0;0;NA;95023;0;2020-04-20;324
2020-04-19;"Bratislavský kraj";4;0;0;0;NA;95023;4;2020-04-19;324
2020-04-18;"Bratislavský kraj";5;0;0;0;NA;95023;5;2020-04-18;320
2020-04-17;"Bratislavský kraj";6;0;0;0;NA;95023;6;2020-04-17;315
2020-04-16;"Bratislavský kraj";15;0;0;0;NA;95023;15;2020-04-16;309
2020-04-15;"Bratislavský kraj";11;0;0;0;NA;95023;11;2020-04-15;294
2020-04-14;"Bratislavský kraj";19;0;0;0;NA;95023;19;2020-04-14;283
2020-04-13;"Bratislavský kraj";53;0;0;0;NA;95023;53;2020-04-13;264
2020-04-12;"Bratislavský kraj";3;0;0;0;NA;95023;3;2020-04-12;211
2020-04-11;"Bratislavský kraj";1;0;0;0;NA;95023;1;2020-04-11;208
2020-04-10;"Bratislavský kraj";8;0;0;0;NA;95023;8;2020-04-10;207
2020-04-09;"Bratislavský kraj";3;0;0;0;NA;95023;3;2020-04-09;199
2020-04-08;"Bratislavský kraj";3;0;0;0;NA;95023;3;2020-04-08;196
2020-04-07;"Bratislavský kraj";24;0;0;0;NA;95023;24;2020-04-07;193
2020-04-06;"Bratislavský kraj";5;0;0;0;NA;95023;5;2020-04-06;169
2020-04-05;"Bratislavský kraj";6;0;0;0;NA;95023;6;2020-04-05;164
2020-04-04;"Bratislavský kraj";2;0;0;0;NA;95023;2;2020-04-04;158
2020-04-03;"Bratislavský kraj";1;0;0;0;NA;95023;1;2020-04-03;156
2020-04-02;"Bratislavský kraj";2;0;0;0;NA;95023;2;2020-04-02;155
2020-04-01;"Bratislavský kraj";5;0;0;0;NA;95023;5;2020-04-01;153
2020-03-31;"Bratislavský kraj";19;0;0;0;NA;95023;19;2020-03-31;148
2020-03-30;"Bratislavský kraj";6;0;0;0;NA;95023;6;2020-03-30;129
2020-03-29;"Bratislavský kraj";8;0;0;0;NA;95023;8;2020-03-29;123
2020-03-28;"Bratislavský kraj";4;0;0;0;NA;95023;4;2020-03-28;115
2020-03-27;"Bratislavský kraj";3;0;0;0;NA;95023;3;2020-03-27;111
2020-03-26;"Bratislavský kraj";15;0;0;0;NA;95023;15;2020-03-26;108
2020-03-25;"Bratislavský kraj";1;0;0;0;NA;95023;1;2020-03-25;93
2020-03-24;"Bratislavský kraj";4;0;0;0;NA;95023;4;2020-03-24;92
2020-03-23;"Bratislavský kraj";9;0;0;0;NA;95023;9;2020-03-23;88
2020-03-22;"Bratislavský kraj";2;0;0;0;NA;95023;2;2020-03-22;79
2020-03-21;"Bratislavský kraj";22;0;0;0;NA;95023;22;2020-03-21;77
2020-03-20;"Bratislavský kraj";3;0;0;0;NA;95023;3;2020-03-20;55
2020-03-19;"Bratislavský kraj";4;0;0;0;NA;95023;4;2020-03-19;52
2020-03-18;"Bratislavský kraj";3;0;0;0;NA;95023;3;2020-03-18;48
2020-03-17;"Bratislavský kraj";13;0;0;0;NA;95023;13;2020-03-17;45
2020-03-16;"Bratislavský kraj";1;0;0;0;NA;95023;1;2020-03-16;32
2020-03-15;"Bratislavský kraj";4;0;0;0;NA;95023;4;2020-03-15;31
2020-03-14;"Bratislavský kraj";9;0;0;0;NA;95023;9;2020-03-14;27
2020-03-13;"Bratislavský kraj";2;0;0;0;NA;95023;2;2020-03-13;18
2020-03-12;"Bratislavský kraj";8;0;0;0;NA;95023;8;2020-03-12;16
2020-03-11;"Bratislavský kraj";3;0;0;0;NA;95023;3;2020-03-11;8
2020-03-09;"Bratislavský kraj";0;0;0;0;NA;95023;0;2020-03-09;5
2020-03-08;"Bratislavský kraj";2;0;0;0;NA;95023;2;2020-03-08;5
2020-03-07;"Bratislavský kraj";2;0;0;0;NA;95023;2;2020-03-07;3
2020-03-06;"Bratislavský kraj";1;0;0;0;NA;95023;1;2020-03-06;1
2021-10-05;"Košický kraj";345;0;0;0;58039;104002;345;2021-10-05;104002
2021-10-04;"Košický kraj";122;0;0;0;NA;104002;122;2021-10-04;103657
2021-10-03;"Košický kraj";133;1301;23;1324;NA;104002;156;2021-10-03;103535
2021-10-02;"Košický kraj";124;1909;39;1948;NA;104002;163;2021-10-02;103379
2021-10-01;"Košický kraj";181;3324;61;3385;NA;104002;242;2021-10-01;103216
2021-09-30;"Košický kraj";244;4471;61;4532;NA;104002;305;2021-09-30;102974
2021-09-29;"Košický kraj";183;3824;64;3888;NA;104002;247;2021-09-29;102669
2021-09-28;"Košický kraj";303;4111;76;4187;NA;104002;379;2021-09-28;102422
2021-09-27;"Košický kraj";117;6050;76;6126;NA;104002;193;2021-09-27;102043
2021-09-26;"Košický kraj";13;2618;43;2661;NA;104002;56;2021-09-26;101850
2021-09-25;"Košický kraj";162;2319;34;2353;NA;104002;196;2021-09-25;101794
2021-09-24;"Košický kraj";183;4501;43;4544;NA;104002;226;2021-09-24;101598
2021-09-23;"Košický kraj";142;3620;50;3670;NA;104002;192;2021-09-23;101372
2021-09-22;"Košický kraj";151;4214;50;4264;NA;104002;201;2021-09-22;101180
2021-09-21;"Košický kraj";234;4231;43;4274;NA;104002;277;2021-09-21;100979
2021-09-20;"Košický kraj";158;5722;67;5789;NA;104002;225;2021-09-20;100702
2021-09-19;"Košický kraj";15;2487;30;2517;NA;104002;45;2021-09-19;100477
2021-09-18;"Košický kraj";187;2283;19;2302;NA;104002;206;2021-09-18;100432
2021-09-17;"Košický kraj";121;4566;41;4607;NA;104002;162;2021-09-17;100226
2021-09-16;"Košický kraj";228;4237;67;4304;NA;104002;295;2021-09-16;100064
2021-09-15;"Košický kraj";52;849;16;865;NA;104002;68;2021-09-15;99769
2021-09-14;"Košický kraj";142;3331;47;3378;NA;104002;189;2021-09-14;99701
2021-09-13;"Košický kraj";96;4645;46;4691;NA;104002;142;2021-09-13;99512
2021-09-12;"Košický kraj";14;2003;31;2034;NA;104002;45;2021-09-12;99370
2021-09-11;"Košický kraj";105;2027;17;2044;NA;104002;122;2021-09-11;99325
2021-09-10;"Košický kraj";125;4135;42;4177;NA;104002;167;2021-09-10;99203
2021-09-09;"Košický kraj";115;3093;30;3123;NA;104002;145;2021-09-09;99036
2021-09-08;"Košický kraj";86;2691;36;2727;NA;104002;122;2021-09-08;98891
2021-09-07;"Košický kraj";79;2625;53;2678;NA;104002;132;2021-09-07;98769
2021-09-06;"Košický kraj";41;2717;35;2752;NA;104002;76;2021-09-06;98637
2021-09-05;"Košický kraj";52;1393;18;1411;NA;104002;70;2021-09-05;98561
2021-09-04;"Košický kraj";37;1610;12;1622;NA;104002;49;2021-09-04;98491
2021-09-03;"Košický kraj";47;2792;30;2822;NA;104002;77;2021-09-03;98442
2021-09-02;"Košický kraj";56;2621;24;2645;NA;104002;80;2021-09-02;98365
2021-09-01;"Košický kraj";95;584;11;595;NA;104002;106;2021-09-01;98285
2021-08-31;"Košický kraj";30;2466;22;2488;NA;104002;52;2021-08-31;98179
2021-08-30;"Košický kraj";8;2292;28;2320;NA;104002;36;2021-08-30;98127
2021-08-29;"Košický kraj";16;603;1;604;NA;104002;17;2021-08-29;98091
2021-08-28;"Košický kraj";14;1991;11;2002;NA;104002;25;2021-08-28;98074
2021-08-27;"Košický kraj";22;2818;16;2834;NA;104002;38;2021-08-27;98049
2021-08-26;"Košický kraj";19;2237;13;2250;NA;104002;32;2021-08-26;98011
2021-08-25;"Košický kraj";33;1939;6;1945;NA;104002;39;2021-08-25;97979
2021-08-24;"Košický kraj";14;2272;3;2275;NA;104002;17;2021-08-24;97940
2021-08-23;"Košický kraj";33;2398;5;2403;NA;104002;38;2021-08-23;97923
2021-08-22;"Košický kraj";4;1457;8;1465;NA;104002;12;2021-08-22;97885
2021-08-21;"Košický kraj";35;2042;3;2045;NA;104002;38;2021-08-21;97873
2021-08-20;"Košický kraj";13;3098;5;3103;NA;104002;18;2021-08-20;97835
2021-08-19;"Košický kraj";14;2117;6;2123;NA;104002;20;2021-08-19;97817
2021-08-18;"Košický kraj";30;1770;8;1778;NA;104002;38;2021-08-18;97797
2021-08-17;"Košický kraj";24;1619;3;1622;NA;104002;27;2021-08-17;97759
2021-08-16;"Košický kraj";3;2094;8;2102;NA;104002;11;2021-08-16;97732
2021-08-15;"Košický kraj";1;771;5;776;NA;104002;6;2021-08-15;97721
2021-08-14;"Košický kraj";15;1144;1;1145;NA;104002;16;2021-08-14;97715
2021-08-13;"Košický kraj";14;1862;8;1870;NA;104002;22;2021-08-13;97699
2021-08-12;"Košický kraj";10;1156;3;1159;NA;104002;13;2021-08-12;97677
2021-08-11;"Košický kraj";6;1298;4;1302;NA;104002;10;2021-08-11;97664
2021-08-10;"Košický kraj";10;1352;8;1360;NA;104002;18;2021-08-10;97654
2021-08-09;"Košický kraj";12;1578;2;1580;NA;104002;14;2021-08-09;97636
2021-08-08;"Košický kraj";8;688;1;689;NA;104002;9;2021-08-08;97622
2021-08-07;"Košický kraj";3;1061;3;1064;NA;104002;6;2021-08-07;97613
2021-08-06;"Košický kraj";9;1536;6;1542;NA;104002;15;2021-08-06;97607
2021-08-05;"Košický kraj";26;1220;6;1226;NA;104002;32;2021-08-05;97592
2021-08-04;"Košický kraj";8;1321;4;1325;NA;104002;12;2021-08-04;97560
2021-08-03;"Košický kraj";33;1078;3;1081;NA;104002;36;2021-08-03;97548
2021-08-02;"Košický kraj";6;1613;8;1621;NA;104002;14;2021-08-02;97512
2021-08-01;"Košický kraj";1;662;1;663;NA;104002;2;2021-08-01;97498
2021-07-31;"Košický kraj";17;1072;2;1074;NA;104002;19;2021-07-31;97496
2021-07-30;"Košický kraj";12;1500;7;1507;NA;104002;19;2021-07-30;97477
2021-07-29;"Košický kraj";7;1183;5;1188;NA;104002;12;2021-07-29;97458
2021-07-28;"Košický kraj";15;910;4;914;NA;104002;19;2021-07-28;97446
2021-07-27;"Košický kraj";17;1132;7;1139;NA;104002;24;2021-07-27;97427
2021-07-26;"Košický kraj";3;1585;8;1593;NA;104002;11;2021-07-26;97403
2021-07-25;"Košický kraj";0;719;3;722;NA;104002;3;2021-07-25;97392
2021-07-24;"Košický kraj";18;928;4;932;NA;104002;22;2021-07-24;97389
2021-07-23;"Košický kraj";9;1446;5;1451;NA;104002;14;2021-07-23;97367
2021-07-22;"Košický kraj";1;1177;4;1181;NA;104002;5;2021-07-22;97353
2021-07-21;"Košický kraj";4;1117;3;1120;NA;104002;7;2021-07-21;97348
2021-07-20;"Košický kraj";6;1291;1;1292;NA;104002;7;2021-07-20;97341
2021-07-19;"Košický kraj";2;1449;2;1451;NA;104002;4;2021-07-19;97334
2021-07-18;"Košický kraj";0;643;0;643;NA;104002;0;2021-07-18;97330
2021-07-17;"Košický kraj";3;986;5;991;NA;104002;8;2021-07-17;97330
2021-07-16;"Košický kraj";3;1486;4;1490;NA;104002;7;2021-07-16;97322
2021-07-15;"Košický kraj";4;1301;4;1305;NA;104002;8;2021-07-15;97315
2021-07-14;"Košický kraj";2;1090;3;1093;NA;104002;5;2021-07-14;97307
2021-07-13;"Košický kraj";4;1329;1;1330;NA;104002;5;2021-07-13;97302
2021-07-12;"Košický kraj";3;1773;3;1776;NA;104002;6;2021-07-12;97297
2021-07-11;"Košický kraj";1;537;2;539;NA;104002;3;2021-07-11;97291
2021-07-10;"Košický kraj";9;1051;0;1051;NA;104002;9;2021-07-10;97288
2021-07-09;"Košický kraj";5;1855;5;1860;NA;104002;10;2021-07-09;97279
2021-07-08;"Košický kraj";13;1211;2;1213;NA;104002;15;2021-07-08;97269
2021-07-07;"Košický kraj";6;1436;1;1437;NA;104002;7;2021-07-07;97254
2021-07-06;"Košický kraj";4;1766;2;1768;NA;104002;6;2021-07-06;97247
2021-07-05;"Košický kraj";1;491;0;491;NA;104002;1;2021-07-05;97241
2021-07-04;"Košický kraj";0;480;2;482;NA;104002;2;2021-07-04;97240
2021-07-03;"Košický kraj";2;1112;0;1112;NA;104002;2;2021-07-03;97238
2021-07-02;"Košický kraj";2;1724;3;1727;NA;104002;5;2021-07-02;97236
2021-07-01;"Košický kraj";0;1139;2;1141;NA;104002;2;2021-07-01;97231
2021-06-30;"Košický kraj";5;9248;7;9255;NA;104002;12;2021-06-30;97229
2021-06-29;"Košický kraj";6;5692;7;5699;NA;104002;13;2021-06-29;97217
2021-06-28;"Košický kraj";5;6129;2;6131;NA;104002;7;2021-06-28;97204
2021-06-27;"Košický kraj";8;4612;3;4615;NA;104002;11;2021-06-27;97197
2021-06-26;"Košický kraj";4;5699;14;5713;NA;104002;18;2021-06-26;97186
2021-06-25;"Košický kraj";5;6981;2;6983;NA;104002;7;2021-06-25;97168
2021-06-24;"Košický kraj";1;5072;3;5075;NA;104002;4;2021-06-24;97161
2021-06-23;"Košický kraj";8;5373;3;5376;NA;104002;11;2021-06-23;97157
2021-06-22;"Košický kraj";1;5269;3;5272;NA;104002;4;2021-06-22;97146
2021-06-21;"Košický kraj";5;6830;11;6841;NA;104002;16;2021-06-21;97142
2021-06-20;"Košický kraj";0;4882;6;4888;NA;104002;6;2021-06-20;97126
2021-06-19;"Košický kraj";7;6473;1;6474;NA;104002;8;2021-06-19;97120
2021-06-18;"Košický kraj";4;7969;8;7977;NA;104002;12;2021-06-18;97112
2021-06-17;"Košický kraj";6;6128;3;6131;NA;104002;9;2021-06-17;97100
2021-06-16;"Košický kraj";11;6059;7;6066;NA;104002;18;2021-06-16;97091
2021-06-15;"Košický kraj";12;6301;2;6303;NA;104002;14;2021-06-15;97073
2021-06-14;"Košický kraj";10;7010;9;7019;NA;104002;19;2021-06-14;97059
2021-06-13;"Košický kraj";7;6948;8;6956;NA;104002;15;2021-06-13;97040
2021-06-12;"Košický kraj";7;7485;9;7494;NA;104002;16;2021-06-12;97025
2021-06-11;"Košický kraj";15;8973;6;8979;NA;104002;21;2021-06-11;97009
2021-06-10;"Košický kraj";11;6588;16;6604;NA;104002;27;2021-06-10;96988
2021-06-09;"Košický kraj";37;6056;7;6063;NA;104002;44;2021-06-09;96961
2021-06-08;"Košický kraj";33;7019;13;7032;NA;104002;46;2021-06-08;96917
2021-06-07;"Košický kraj";11;8106;22;8128;NA;104002;33;2021-06-07;96871
2021-06-06;"Košický kraj";1;7843;7;7850;NA;104002;8;2021-06-06;96838
2021-06-05;"Košický kraj";21;9286;3;9289;NA;104002;24;2021-06-05;96830
2021-06-04;"Košický kraj";26;11377;20;11397;NA;104002;46;2021-06-04;96806
2021-06-03;"Košický kraj";23;6467;14;6481;NA;104002;37;2021-06-03;96760
2021-06-02;"Košický kraj";15;7180;24;7204;NA;104002;39;2021-06-02;96723
2021-06-01;"Košický kraj";13;7562;10;7572;NA;104002;23;2021-06-01;96684
2021-05-31;"Košický kraj";13;9256;18;9274;NA;104002;31;2021-05-31;96661
2021-05-30;"Košický kraj";3;11215;10;11225;NA;104002;13;2021-05-30;96630
2021-05-29;"Košický kraj";25;10942;22;10964;NA;104002;47;2021-05-29;96617
2021-05-28;"Košický kraj";17;13055;29;13084;NA;104002;46;2021-05-28;96570
2021-05-27;"Košický kraj";19;7924;26;7950;NA;104002;45;2021-05-27;96524
2021-05-26;"Košický kraj";35;8118;27;8145;NA;104002;62;2021-05-26;96479
2021-05-25;"Košický kraj";33;9296;29;9325;NA;104002;62;2021-05-25;96417
2021-05-24;"Košický kraj";10;10855;27;10882;NA;104002;37;2021-05-24;96355
2021-05-23;"Košický kraj";4;12151;15;12166;NA;104002;19;2021-05-23;96318
2021-05-22;"Košický kraj";27;12601;19;12620;NA;104002;46;2021-05-22;96299
2021-05-21;"Košický kraj";24;14910;27;14937;NA;104002;51;2021-05-21;96253
2021-05-20;"Košický kraj";20;9422;28;9450;NA;104002;48;2021-05-20;96202
2021-05-19;"Košický kraj";30;10421;21;10442;NA;104002;51;2021-05-19;96154
2021-05-18;"Košický kraj";34;10254;36;10290;NA;104002;70;2021-05-18;96103
2021-05-17;"Košický kraj";20;12686;38;12724;NA;104002;58;2021-05-17;96033
2021-05-16;"Košický kraj";37;17865;20;17885;NA;104002;57;2021-05-16;95975
2021-05-15;"Košický kraj";22;25602;28;25630;NA;104002;50;2021-05-15;95918
2021-05-14;"Košický kraj";32;21824;42;21866;NA;104002;74;2021-05-14;95868
2021-05-13;"Košický kraj";39;10172;32;10204;NA;104002;71;2021-05-13;95794
2021-05-12;"Košický kraj";85;10868;33;10901;NA;104002;118;2021-05-12;95723
2021-05-11;"Košický kraj";68;11166;32;11198;NA;104002;100;2021-05-11;95605
2021-05-10;"Košický kraj";25;17044;42;17086;NA;104002;67;2021-05-10;95505
2021-05-09;"Košický kraj";84;25594;55;25649;NA;104002;139;2021-05-09;95438
2021-05-08;"Košický kraj";18;23399;23;23422;NA;104002;41;2021-05-08;95299
2021-05-07;"Košický kraj";51;24497;57;24554;NA;104002;108;2021-05-07;95258
2021-05-06;"Košický kraj";55;11847;43;11890;NA;104002;98;2021-05-06;95150
2021-05-05;"Košický kraj";23;12124;35;12159;NA;104002;58;2021-05-05;95052
2021-05-04;"Košický kraj";143;13562;38;13600;NA;104002;181;2021-05-04;94994
2021-05-03;"Košický kraj";37;16944;68;17012;NA;104002;105;2021-05-03;94813
2021-05-02;"Košický kraj";45;36096;56;36152;NA;104002;101;2021-05-02;94708
2021-05-01;"Košický kraj";54;52075;76;52151;NA;104002;130;2021-05-01;94607
2021-04-30;"Košický kraj";59;44602;94;44696;NA;104002;153;2021-04-30;94477
2021-04-29;"Košický kraj";76;17014;53;17067;NA;104002;129;2021-04-29;94324
2021-04-28;"Košický kraj";99;17970;52;18022;NA;104002;151;2021-04-28;94195
2021-04-27;"Košický kraj";108;20670;43;20713;NA;104002;151;2021-04-27;94044
2021-04-26;"Košický kraj";39;25915;96;26011;NA;104002;135;2021-04-26;93893
2021-04-25;"Košický kraj";23;48355;57;48412;NA;104002;80;2021-04-25;93758
2021-04-24;"Košický kraj";68;90124;114;90238;NA;104002;182;2021-04-24;93678
2021-04-23;"Košický kraj";110;41232;72;41304;NA;104002;182;2021-04-23;93496
2021-04-22;"Košický kraj";56;16772;44;16816;NA;104002;100;2021-04-22;93314
2021-04-21;"Košický kraj";114;19519;61;19580;NA;104002;175;2021-04-21;93214
2021-04-20;"Košický kraj";81;25432;63;25495;NA;104002;144;2021-04-20;93039
2021-04-19;"Košický kraj";93;29950;108;30058;NA;104002;201;2021-04-19;92895
2021-04-18;"Košický kraj";10;48913;82;48995;NA;104002;92;2021-04-18;92694
2021-04-17;"Košický kraj";187;83856;103;83959;NA;104002;290;2021-04-17;92602
2021-04-16;"Košický kraj";83;41568;127;41695;NA;104002;210;2021-04-16;92312
2021-04-15;"Košický kraj";104;18522;93;18615;NA;104002;197;2021-04-15;92102
2021-04-14;"Košický kraj";119;20089;64;20153;NA;104002;183;2021-04-14;91905
2021-04-13;"Košický kraj";81;23175;120;23295;NA;104002;201;2021-04-13;91722
2021-04-12;"Košický kraj";129;26573;124;26697;NA;104002;253;2021-04-12;91521
2021-04-11;"Košický kraj";29;46949;80;47029;NA;104002;109;2021-04-11;91268
2021-04-10;"Košický kraj";138;100114;183;100297;NA;104002;321;2021-04-10;91159
2021-04-09;"Košický kraj";168;35206;133;35339;NA;104002;301;2021-04-09;90838
2021-04-08;"Košický kraj";81;18530;90;18620;NA;104002;171;2021-04-08;90537
2021-04-07;"Košický kraj";232;28027;194;28221;NA;104002;426;2021-04-07;90366
2021-04-06;"Košický kraj";121;36495;164;36659;NA;104002;285;2021-04-06;89940
2021-04-05;"Košický kraj";19;14361;66;14427;NA;104002;85;2021-04-05;89655
2021-04-04;"Košický kraj";33;15089;66;15155;NA;104002;99;2021-04-04;89570
2021-04-03;"Košický kraj";138;97664;241;97905;NA;104002;379;2021-04-03;89471
2021-04-02;"Košický kraj";128;24515;76;24591;NA;104002;204;2021-04-02;89092
2021-04-01;"Košický kraj";165;46151;156;46307;NA;104002;321;2021-04-01;88888
2021-03-31;"Košický kraj";160;29659;124;29783;NA;104002;284;2021-03-31;88567
2021-03-30;"Košický kraj";229;24038;163;24201;NA;104002;392;2021-03-30;88283
2021-03-29;"Košický kraj";78;28843;194;29037;NA;104002;272;2021-03-29;87891
2021-03-28;"Košický kraj";39;44263;128;44391;NA;104002;167;2021-03-28;87619
2021-03-27;"Košický kraj";222;96602;265;96867;NA;104002;487;2021-03-27;87452
2021-03-26;"Košický kraj";233;45252;202;45454;NA;104002;435;2021-03-26;86965
2021-03-25;"Košický kraj";133;23804;175;23979;NA;104002;308;2021-03-25;86530
2021-03-24;"Košický kraj";165;20696;155;20851;NA;104002;320;2021-03-24;86222
2021-03-23;"Košický kraj";202;22434;192;22626;NA;104002;394;2021-03-23;85902
2021-03-22;"Košický kraj";169;26890;228;27118;NA;104002;397;2021-03-22;85508
2021-03-21;"Košický kraj";109;46746;167;46913;NA;104002;276;2021-03-21;85111
2021-03-20;"Košický kraj";126;101334;311;101645;NA;104002;437;2021-03-20;84835
2021-03-19;"Košický kraj";205;45632;260;45892;NA;104002;465;2021-03-19;84398
2021-03-18;"Košický kraj";274;23827;212;24039;NA;104002;486;2021-03-18;83933
2021-03-17;"Košický kraj";177;21548;195;21743;NA;104002;372;2021-03-17;83447
2021-03-16;"Košický kraj";386;23454;226;23680;NA;104002;612;2021-03-16;83075
2021-03-15;"Košický kraj";173;27900;297;28197;NA;104002;470;2021-03-15;82463
2021-03-14;"Košický kraj";145;44354;220;44574;NA;104002;365;2021-03-14;81993
2021-03-13;"Košický kraj";146;103790;483;104273;NA;104002;629;2021-03-13;81628
2021-03-12;"Košický kraj";366;47871;321;48192;NA;104002;687;2021-03-12;80999
2021-03-11;"Košický kraj";396;23229;263;23492;NA;104002;659;2021-03-11;80312
2021-03-10;"Košický kraj";121;22205;269;22474;NA;104002;390;2021-03-10;79653
2021-03-09;"Košický kraj";676;24509;300;24809;NA;104002;976;2021-03-09;79263
2021-03-08;"Košický kraj";559;29852;344;30196;NA;104002;903;2021-03-08;78287
2021-03-07;"Košický kraj";45;44230;299;44529;NA;104002;344;2021-03-07;77384
2021-03-06;"Košický kraj";177;105598;532;106130;NA;104002;709;2021-03-06;77040
2021-03-05;"Košický kraj";439;45567;424;45991;NA;104002;863;2021-03-05;76331
2021-03-04;"Košický kraj";417;23862;320;24182;NA;104002;737;2021-03-04;75468
2021-03-03;"Košický kraj";390;23169;298;23467;NA;104002;688;2021-03-03;74731
2021-03-02;"Košický kraj";464;24158;368;24526;NA;104002;832;2021-03-02;74043
2021-03-01;"Košický kraj";389;30013;514;30527;NA;104002;903;2021-03-01;73211
2021-02-28;"Košický kraj";265;43053;334;43387;NA;104002;599;2021-02-28;72308
2021-02-27;"Košický kraj";301;100559;784;101343;NA;104002;1085;2021-02-27;71709
2021-02-26;"Košický kraj";440;45466;492;45958;NA;104002;932;2021-02-26;70624
2021-02-25;"Košický kraj";331;19872;342;20214;NA;104002;673;2021-02-25;69692
2021-02-24;"Košický kraj";263;18751;505;19256;NA;104002;768;2021-02-24;69019
2021-02-23;"Košický kraj";642;21605;341;21946;NA;104002;983;2021-02-23;68251
2021-02-22;"Košický kraj";362;30858;434;31292;NA;104002;796;2021-02-22;67268
2021-02-21;"Košický kraj";170;40464;385;40849;NA;104002;555;2021-02-21;66472
2021-02-20;"Košický kraj";283;92550;770;93320;NA;104002;1053;2021-02-20;65917
2021-02-19;"Košický kraj";507;41579;583;42162;NA;104002;1090;2021-02-19;64864
2021-02-18;"Košický kraj";397;18442;345;18787;NA;104002;742;2021-02-18;63774
2021-02-17;"Košický kraj";322;18080;387;18467;NA;104002;709;2021-02-17;63032
2021-02-16;"Košický kraj";600;22111;463;22574;NA;104002;1063;2021-02-16;62323
2021-02-15;"Košický kraj";216;27633;419;28052;NA;104002;635;2021-02-15;61260
2021-02-14;"Košický kraj";241;56743;524;57267;NA;104002;765;2021-02-14;60625
2021-02-13;"Košický kraj";206;93745;765;94510;NA;104002;971;2021-02-13;59860
2021-02-12;"Košický kraj";448;49924;611;50535;NA;104002;1059;2021-02-12;58889
2021-02-11;"Košický kraj";435;14524;323;14847;NA;104002;758;2021-02-11;57830
2021-02-10;"Košický kraj";360;18475;431;18906;NA;104002;791;2021-02-10;57072
2021-02-09;"Košický kraj";544;24841;463;25304;NA;104002;1007;2021-02-09;56281
2021-02-08;"Košický kraj";237;24836;392;25228;NA;104002;629;2021-02-08;55274
2021-02-07;"Košický kraj";208;56897;612;57509;NA;104002;820;2021-02-07;54645
2021-02-06;"Košický kraj";318;104357;884;105241;NA;104002;1202;2021-02-06;53825
2021-02-05;"Košický kraj";384;43186;494;43680;NA;104002;878;2021-02-05;52623
2021-02-04;"Košický kraj";391;14512;371;14883;NA;104002;762;2021-02-04;51745
2021-02-03;"Košický kraj";296;12599;339;12938;NA;104002;635;2021-02-03;50983
2021-02-02;"Košický kraj";473;43883;1212;45095;NA;104002;1685;2021-02-02;50348
2021-02-01;"Košický kraj";415;21984;362;22346;NA;104002;777;2021-02-01;48663
2021-01-31;"Košický kraj";142;54690;617;55307;NA;104002;759;2021-01-31;47886
2021-01-30;"Košický kraj";320;76722;661;77383;NA;104002;981;2021-01-30;47127
2021-01-29;"Košický kraj";311;37164;466;37630;NA;104002;777;2021-01-29;46146
2021-01-28;"Košický kraj";540;9006;244;9250;NA;104002;784;2021-01-28;45369
2021-01-27;"Košický kraj";265;7575;211;7786;NA;104002;476;2021-01-27;44585
2021-01-26;"Košický kraj";530;14210;245;14455;NA;104002;775;2021-01-26;44109
2021-01-25;"Košický kraj";226;26431;413;26844;NA;104002;639;2021-01-25;43334
2021-01-24;"Košický kraj";150;44419;581;45000;NA;104002;731;2021-01-24;42695
2021-01-23;"Košický kraj";232;82705;857;83562;NA;104002;1089;2021-01-23;41964
2021-01-22;"Košický kraj";316;19997;265;20262;NA;104002;581;2021-01-22;40875
2021-01-21;"Košický kraj";274;14053;159;14212;NA;104002;433;2021-01-21;40294
2021-01-20;"Košický kraj";374;10844;201;11045;NA;104002;575;2021-01-20;39861
2021-01-19;"Košický kraj";248;9717;181;9898;NA;104002;429;2021-01-19;39286
2021-01-18;"Košický kraj";333;7659;262;7921;NA;104002;595;2021-01-18;38857
2021-01-17;"Košický kraj";155;535;14;549;NA;104002;169;2021-01-17;38262
2021-01-16;"Košický kraj";153;1403;47;1450;NA;104002;200;2021-01-16;38093
2021-01-15;"Košický kraj";308;6443;213;6656;NA;104002;521;2021-01-15;37893
2021-01-14;"Košický kraj";358;5471;221;5692;NA;104002;579;2021-01-14;37372
2021-01-13;"Košický kraj";421;4897;226;5123;NA;104002;647;2021-01-13;36793
2021-01-12;"Košický kraj";482;6473;237;6710;NA;104002;719;2021-01-12;36146
2021-01-11;"Košický kraj";309;7553;286;7839;NA;104002;595;2021-01-11;35427
2021-01-10;"Košický kraj";193;136;6;142;NA;104002;199;2021-01-10;34832
2021-01-09;"Košický kraj";469;1134;45;1179;NA;104002;514;2021-01-09;34633
2021-01-08;"Košický kraj";551;7106;348;7454;NA;104002;899;2021-01-08;34119
2021-01-07;"Košický kraj";251;5853;398;6251;NA;104002;649;2021-01-07;33220
2021-01-06;"Košický kraj";442;429;33;462;NA;104002;475;2021-01-06;32571
2021-01-05;"Košický kraj";584;7633;527;8160;NA;104002;1111;2021-01-05;32096
2021-01-04;"Košický kraj";407;6479;660;7139;NA;104002;1067;2021-01-04;30985
2021-01-03;"Košický kraj";118;661;22;683;NA;104002;140;2021-01-03;29918
2021-01-02;"Košický kraj";88;440;52;492;NA;104002;140;2021-01-02;29778
2021-01-01;"Košický kraj";398;725;49;774;NA;104002;447;2021-01-01;29638
2020-12-31;"Košický kraj";625;7509;453;7962;NA;104002;1078;2020-12-31;29191
2020-12-30;"Košický kraj";590;6076;395;6471;NA;104002;985;2020-12-30;28113
2020-12-29;"Košický kraj";419;7454;596;8050;NA;104002;1015;2020-12-29;27128
2020-12-28;"Košický kraj";356;7933;756;8689;NA;104002;1112;2020-12-28;26113
2020-12-27;"Košický kraj";159;147;16;163;NA;104002;175;2020-12-27;25001
2020-12-26;"Košický kraj";163;274;23;297;NA;104002;186;2020-12-26;24826
2020-12-25;"Košický kraj";237;140;10;150;NA;104002;247;2020-12-25;24640
2020-12-24;"Košický kraj";564;1470;90;1560;NA;104002;654;2020-12-24;24393
2020-12-23;"Košický kraj";304;7339;327;7666;NA;104002;631;2020-12-23;23739
2020-12-22;"Košický kraj";438;7284;429;7713;NA;104002;867;2020-12-22;23108
2020-12-21;"Košický kraj";405;6703;504;7207;NA;104002;909;2020-12-21;22241
2020-12-20;"Košický kraj";215;73;11;84;NA;104002;226;2020-12-20;21332
2020-12-19;"Košický kraj";207;1309;63;1372;NA;104002;270;2020-12-19;21106
2020-12-18;"Košický kraj";310;7707;292;7999;NA;104002;602;2020-12-18;20836
2020-12-17;"Košický kraj";463;5101;253;5354;NA;104002;716;2020-12-17;20234
2020-12-16;"Košický kraj";455;5725;295;6020;NA;104002;750;2020-12-16;19518
2020-12-15;"Košický kraj";319;4787;327;5114;NA;104002;646;2020-12-15;18768
2020-12-14;"Košický kraj";256;2905;225;3130;NA;104002;481;2020-12-14;18122
2020-12-13;"Košický kraj";47;181;2;183;NA;104002;49;2020-12-13;17641
2020-12-12;"Košický kraj";369;1587;118;1705;NA;104002;487;2020-12-12;17592
2020-12-11;"Košický kraj";354;5328;256;5584;NA;104002;610;2020-12-11;17105
2020-12-10;"Košický kraj";283;3987;174;4161;NA;104002;457;2020-12-10;16495
2020-12-09;"Košický kraj";279;3786;166;3952;NA;104002;445;2020-12-09;16038
2020-12-08;"Košický kraj";226;4105;355;4460;NA;104002;581;2020-12-08;15593
2020-12-07;"Košický kraj";270;2383;106;2489;NA;104002;376;2020-12-07;15012
2020-12-06;"Košický kraj";121;97;20;117;NA;104002;141;2020-12-06;14636
2020-12-05;"Košický kraj";90;1096;48;1144;NA;104002;138;2020-12-05;14495
2020-12-04;"Košický kraj";224;2680;82;2762;NA;104002;306;2020-12-04;14357
2020-12-03;"Košický kraj";211;7717;173;7890;NA;104002;384;2020-12-03;14051
2020-12-02;"Košický kraj";193;8132;496;8628;NA;104002;689;2020-12-02;13667
2020-12-01;"Košický kraj";178;2237;124;2361;NA;104002;302;2020-12-01;12978
2020-11-30;"Košický kraj";171;3598;59;3657;NA;104002;230;2020-11-30;12676
2020-11-29;"Košický kraj";31;325;17;342;NA;104002;48;2020-11-29;12446
2020-11-28;"Košický kraj";69;721;52;773;NA;104002;121;2020-11-28;12398
2020-11-27;"Košický kraj";149;2921;78;2999;NA;104002;227;2020-11-27;12277
2020-11-26;"Košický kraj";239;1234;60;1294;NA;104002;299;2020-11-26;12050
2020-11-25;"Košický kraj";237;1785;123;1908;NA;104002;360;2020-11-25;11751
2020-11-24;"Košický kraj";196;1976;67;2043;NA;104002;263;2020-11-24;11391
2020-11-23;"Košický kraj";51;4115;63;4178;NA;104002;114;2020-11-23;11128
2020-11-22;"Košický kraj";57;57;5;62;NA;104002;62;2020-11-22;11014
2020-11-21;"Košický kraj";87;858;36;894;NA;104002;123;2020-11-21;10952
2020-11-20;"Košický kraj";176;3084;49;3133;NA;104002;225;2020-11-20;10829
2020-11-19;"Košický kraj";206;1736;48;1784;NA;104002;254;2020-11-19;10604
2020-11-18;"Košický kraj";122;532;17;549;NA;104002;139;2020-11-18;10350
2020-11-17;"Košický kraj";152;82;9;91;NA;104002;161;2020-11-17;10211
2020-11-16;"Košický kraj";114;596;27;623;NA;104002;141;2020-11-16;10050
2020-11-15;"Košický kraj";15;338;7;345;NA;104002;22;2020-11-15;9909
2020-11-14;"Košický kraj";234;520;12;532;NA;104002;246;2020-11-14;9887
2020-11-13;"Košický kraj";207;664;29;693;NA;104002;236;2020-11-13;9641
2020-11-12;"Košický kraj";192;736;13;749;NA;104002;205;2020-11-12;9405
2020-11-11;"Košický kraj";301;593;7;600;NA;104002;308;2020-11-11;9200
2020-11-10;"Košický kraj";190;541;11;552;NA;104002;201;2020-11-10;8892
2020-11-09;"Košický kraj";129;380;17;397;NA;104002;146;2020-11-09;8691
2020-11-08;"Košický kraj";78;1306;8;1314;NA;104002;86;2020-11-08;8545
2020-11-07;"Košický kraj";192;3909;22;3931;NA;104002;214;2020-11-07;8459
2020-11-06;"Košický kraj";195;5310;34;5344;NA;104002;229;2020-11-06;8245
2020-11-05;"Košický kraj";342;330;31;361;NA;104002;373;2020-11-05;8016
2020-11-04;"Košický kraj";101;154;6;160;NA;104002;107;2020-11-04;7643
2020-11-03;"Košický kraj";358;1122;13;1135;NA;104002;371;2020-11-03;7536
2020-11-02;"Košický kraj";111;6125;56;6181;NA;104002;167;2020-11-02;7165
2020-11-01;"Košický kraj";346;6522;34;6556;NA;104002;380;2020-11-01;6998
2020-10-31;"Košický kraj";82;14035;106;14141;NA;104002;188;2020-10-31;6618
2020-10-30;"Košický kraj";379;2835;27;2862;NA;104002;406;2020-10-30;6430
2020-10-29;"Košický kraj";333;983;13;996;NA;104002;346;2020-10-29;6024
2020-10-28;"Košický kraj";224;305;13;318;NA;104002;237;2020-10-28;5678
2020-10-27;"Košický kraj";386;439;21;460;NA;104002;407;2020-10-27;5441
2020-10-26;"Košický kraj";56;212;12;224;NA;104002;68;2020-10-26;5034
2020-10-25;"Košický kraj";154;79;2;81;NA;104002;156;2020-10-25;4966
2020-10-24;"Košický kraj";313;118;16;134;NA;104002;329;2020-10-24;4810
2020-10-23;"Košický kraj";315;331;8;339;NA;104002;323;2020-10-23;4481
2020-10-22;"Košický kraj";349;530;16;546;NA;104002;365;2020-10-22;4158
2020-10-21;"Košický kraj";129;84;2;86;NA;104002;131;2020-10-21;3793
2020-10-20;"Košický kraj";181;14;1;15;NA;104002;182;2020-10-20;3662
2020-10-19;"Košický kraj";64;38;1;39;NA;104002;65;2020-10-19;3480
2020-10-18;"Košický kraj";158;0;0;0;NA;104002;158;2020-10-18;3415
2020-10-17;"Košický kraj";142;0;0;0;NA;104002;142;2020-10-17;3257
2020-10-16;"Košický kraj";206;19;0;19;NA;104002;206;2020-10-16;3115
2020-10-15;"Košický kraj";177;19;5;24;NA;104002;182;2020-10-15;2909
2020-10-14;"Košický kraj";211;8;0;8;NA;104002;211;2020-10-14;2727
2020-10-13;"Košický kraj";179;80;3;83;NA;104002;182;2020-10-13;2516
2020-10-12;"Košický kraj";74;0;0;0;NA;104002;74;2020-10-12;2334
2020-10-11;"Košický kraj";121;0;0;0;NA;104002;121;2020-10-11;2260
2020-10-10;"Košický kraj";70;0;0;0;NA;104002;70;2020-10-10;2139
2020-10-09;"Košický kraj";188;0;0;0;NA;104002;188;2020-10-09;2069
2020-10-08;"Košický kraj";102;0;0;0;NA;104002;102;2020-10-08;1881
2020-10-07;"Košický kraj";158;0;0;0;NA;104002;158;2020-10-07;1779
2020-10-06;"Košický kraj";70;0;0;0;NA;104002;70;2020-10-06;1621
2020-10-05;"Košický kraj";39;0;0;0;NA;104002;39;2020-10-05;1551
2020-10-04;"Košický kraj";45;0;0;0;NA;104002;45;2020-10-04;1512
2020-10-03;"Košický kraj";105;0;0;0;NA;104002;105;2020-10-03;1467
2020-10-02;"Košický kraj";57;0;0;0;NA;104002;57;2020-10-02;1362
2020-10-01;"Košický kraj";69;0;0;0;NA;104002;69;2020-10-01;1305
2020-09-30;"Košický kraj";95;0;0;0;NA;104002;95;2020-09-30;1236
2020-09-29;"Košický kraj";75;0;0;0;NA;104002;75;2020-09-29;1141
2020-09-28;"Košický kraj";19;0;0;0;NA;104002;19;2020-09-28;1066
2020-09-27;"Košický kraj";21;0;0;0;NA;104002;21;2020-09-27;1047
2020-09-26;"Košický kraj";53;0;0;0;NA;104002;53;2020-09-26;1026
2020-09-25;"Košický kraj";72;0;0;0;NA;104002;72;2020-09-25;973
2020-09-24;"Košický kraj";35;0;0;0;NA;104002;35;2020-09-24;901
2020-09-23;"Košický kraj";23;0;0;0;NA;104002;23;2020-09-23;866
2020-09-22;"Košický kraj";39;0;0;0;NA;104002;39;2020-09-22;843
2020-09-21;"Košický kraj";5;0;0;0;NA;104002;5;2020-09-21;804
2020-09-20;"Košický kraj";3;0;0;0;NA;104002;3;2020-09-20;799
2020-09-19;"Košický kraj";13;0;0;0;NA;104002;13;2020-09-19;796
2020-09-18;"Košický kraj";20;0;0;0;NA;104002;20;2020-09-18;783
2020-09-17;"Košický kraj";22;0;0;0;NA;104002;22;2020-09-17;763
2020-09-16;"Košický kraj";12;0;0;0;NA;104002;12;2020-09-16;741
2020-09-15;"Košický kraj";10;0;0;0;NA;104002;10;2020-09-15;729
2020-09-14;"Košický kraj";6;0;0;0;NA;104002;6;2020-09-14;719
2020-09-13;"Košický kraj";3;0;0;0;NA;104002;3;2020-09-13;713
2020-09-12;"Košický kraj";16;0;0;0;NA;104002;16;2020-09-12;710
2020-09-11;"Košický kraj";20;0;0;0;NA;104002;20;2020-09-11;694
2020-09-10;"Košický kraj";11;0;0;0;NA;104002;11;2020-09-10;674
2020-09-09;"Košický kraj";37;0;0;0;NA;104002;37;2020-09-09;663
2020-09-08;"Košický kraj";10;0;0;0;NA;104002;10;2020-09-08;626
2020-09-07;"Košický kraj";4;0;0;0;NA;104002;4;2020-09-07;616
2020-09-06;"Košický kraj";2;0;0;0;NA;104002;2;2020-09-06;612
2020-09-05;"Košický kraj";10;0;0;0;NA;104002;10;2020-09-05;610
2020-09-04;"Košický kraj";14;0;0;0;NA;104002;14;2020-09-04;600
2020-09-03;"Košický kraj";22;0;0;0;NA;104002;22;2020-09-03;586
2020-09-02;"Košický kraj";13;0;0;0;NA;104002;13;2020-09-02;564
2020-09-01;"Košický kraj";21;0;0;0;NA;104002;21;2020-09-01;551
2020-08-31;"Košický kraj";9;0;0;0;NA;104002;9;2020-08-31;530
2020-08-30;"Košický kraj";21;0;0;0;NA;104002;21;2020-08-30;521
2020-08-29;"Košický kraj";1;0;0;0;NA;104002;1;2020-08-29;500
2020-08-28;"Košický kraj";19;0;0;0;NA;104002;19;2020-08-28;499
2020-08-27;"Košický kraj";15;0;0;0;NA;104002;15;2020-08-27;480
2020-08-26;"Košický kraj";8;0;0;0;NA;104002;8;2020-08-26;465
2020-08-25;"Košický kraj";23;0;0;0;NA;104002;23;2020-08-25;457
2020-08-24;"Košický kraj";6;0;0;0;NA;104002;6;2020-08-24;434
2020-08-23;"Košický kraj";8;0;0;0;NA;104002;8;2020-08-23;428
2020-08-22;"Košický kraj";13;0;0;0;NA;104002;13;2020-08-22;420
2020-08-21;"Košický kraj";10;0;0;0;NA;104002;10;2020-08-21;407
2020-08-20;"Košický kraj";10;0;0;0;NA;104002;10;2020-08-20;397
2020-08-19;"Košický kraj";3;0;0;0;NA;104002;3;2020-08-19;387
2020-08-18;"Košický kraj";7;0;0;0;NA;104002;7;2020-08-18;384
2020-08-17;"Košický kraj";2;0;0;0;NA;104002;2;2020-08-17;377
2020-08-16;"Košický kraj";2;0;0;0;NA;104002;2;2020-08-16;375
2020-08-15;"Košický kraj";3;0;0;0;NA;104002;3;2020-08-15;373
2020-08-14;"Košický kraj";1;0;0;0;NA;104002;1;2020-08-14;370
2020-08-13;"Košický kraj";3;0;0;0;NA;104002;3;2020-08-13;369
2020-08-12;"Košický kraj";12;0;0;0;NA;104002;12;2020-08-12;366
2020-08-11;"Košický kraj";5;0;0;0;NA;104002;5;2020-08-11;354
2020-08-10;"Košický kraj";1;0;0;0;NA;104002;1;2020-08-10;349
2020-08-09;"Košický kraj";0;0;0;0;NA;104002;0;2020-08-09;348
2020-08-08;"Košický kraj";5;0;0;0;NA;104002;5;2020-08-08;348
2020-08-07;"Košický kraj";7;0;0;0;NA;104002;7;2020-08-07;343
2020-08-06;"Košický kraj";3;0;0;0;NA;104002;3;2020-08-06;336
2020-08-05;"Košický kraj";4;0;0;0;NA;104002;4;2020-08-05;333
2020-08-04;"Košický kraj";1;0;0;0;NA;104002;1;2020-08-04;329
2020-08-03;"Košický kraj";1;0;0;0;NA;104002;1;2020-08-03;328
2020-08-02;"Košický kraj";0;0;0;0;NA;104002;0;2020-08-02;327
2020-08-01;"Košický kraj";0;0;0;0;NA;104002;0;2020-08-01;327
2020-07-31;"Košický kraj";0;0;0;0;NA;104002;0;2020-07-31;327
2020-07-30;"Košický kraj";2;0;0;0;NA;104002;2;2020-07-30;327
2020-07-29;"Košický kraj";1;0;0;0;NA;104002;1;2020-07-29;325
2020-07-28;"Košický kraj";9;0;0;0;NA;104002;9;2020-07-28;324
2020-07-27;"Košický kraj";4;0;0;0;NA;104002;4;2020-07-27;315
2020-07-26;"Košický kraj";0;0;0;0;NA;104002;0;2020-07-26;311
2020-07-25;"Košický kraj";2;0;0;0;NA;104002;2;2020-07-25;311
2020-07-24;"Košický kraj";2;0;0;0;NA;104002;2;2020-07-24;309
2020-07-23;"Košický kraj";1;0;0;0;NA;104002;1;2020-07-23;307
2020-07-22;"Košický kraj";1;0;0;0;NA;104002;1;2020-07-22;306
2020-07-21;"Košický kraj";0;0;0;0;NA;104002;0;2020-07-21;305
2020-07-20;"Košický kraj";0;0;0;0;NA;104002;0;2020-07-20;305
2020-07-19;"Košický kraj";0;0;0;0;NA;104002;0;2020-07-19;305
2020-07-18;"Košický kraj";1;0;0;0;NA;104002;1;2020-07-18;305
2020-07-17;"Košický kraj";1;0;0;0;NA;104002;1;2020-07-17;304
2020-07-16;"Košický kraj";0;0;0;0;NA;104002;0;2020-07-16;303
2020-07-15;"Košický kraj";2;0;0;0;NA;104002;2;2020-07-15;303
2020-07-14;"Košický kraj";1;0;0;0;NA;104002;1;2020-07-14;301
2020-07-13;"Košický kraj";1;0;0;0;NA;104002;1;2020-07-13;300
2020-07-12;"Košický kraj";0;0;0;0;NA;104002;0;2020-07-12;299
2020-07-11;"Košický kraj";0;0;0;0;NA;104002;0;2020-07-11;299
2020-07-10;"Košický kraj";1;0;0;0;NA;104002;1;2020-07-10;299
2020-07-09;"Košický kraj";1;0;0;0;NA;104002;1;2020-07-09;298
2020-07-08;"Košický kraj";12;0;0;0;NA;104002;12;2020-07-08;297
2020-07-07;"Košický kraj";0;0;0;0;NA;104002;0;2020-07-07;285
2020-07-06;"Košický kraj";0;0;0;0;NA;104002;0;2020-07-06;285
2020-07-05;"Košický kraj";0;0;0;0;NA;104002;0;2020-07-05;285
2020-07-04;"Košický kraj";0;0;0;0;NA;104002;0;2020-07-04;285
2020-07-03;"Košický kraj";1;0;0;0;NA;104002;1;2020-07-03;285
2020-07-02;"Košický kraj";0;0;0;0;NA;104002;0;2020-07-02;284
2020-07-01;"Košický kraj";1;0;0;0;NA;104002;1;2020-07-01;284
2020-06-30;"Košický kraj";0;0;0;0;NA;104002;0;2020-06-30;283
2020-06-29;"Košický kraj";0;0;0;0;NA;104002;0;2020-06-29;283
2020-06-28;"Košický kraj";0;0;0;0;NA;104002;0;2020-06-28;283
2020-06-27;"Košický kraj";0;0;0;0;NA;104002;0;2020-06-27;283
2020-06-26;"Košický kraj";0;0;0;0;NA;104002;0;2020-06-26;283
2020-06-25;"Košický kraj";3;0;0;0;NA;104002;3;2020-06-25;283
2020-06-24;"Košický kraj";3;0;0;0;NA;104002;3;2020-06-24;280
2020-06-23;"Košický kraj";3;0;0;0;NA;104002;3;2020-06-23;277
2020-06-22;"Košický kraj";0;0;0;0;NA;104002;0;2020-06-22;274
2020-06-21;"Košický kraj";0;0;0;0;NA;104002;0;2020-06-21;274
2020-06-20;"Košický kraj";0;0;0;0;NA;104002;0;2020-06-20;274
2020-06-19;"Košický kraj";0;0;0;0;NA;104002;0;2020-06-19;274
2020-06-18;"Košický kraj";1;0;0;0;NA;104002;1;2020-06-18;274
2020-06-17;"Košický kraj";0;0;0;0;NA;104002;0;2020-06-17;273
2020-06-16;"Košický kraj";2;0;0;0;NA;104002;2;2020-06-16;273
2020-06-14;"Košický kraj";0;0;0;0;NA;104002;0;2020-06-14;271
2020-06-13;"Košický kraj";0;0;0;0;NA;104002;0;2020-06-13;271
2020-06-12;"Košický kraj";0;0;0;0;NA;104002;0;2020-06-12;271
2020-06-11;"Košický kraj";0;0;0;0;NA;104002;0;2020-06-11;271
2020-06-10;"Košický kraj";6;0;0;0;NA;104002;6;2020-06-10;271
2020-06-09;"Košický kraj";0;0;0;0;NA;104002;0;2020-06-09;265
2020-06-08;"Košický kraj";0;0;0;0;NA;104002;0;2020-06-08;265
2020-06-07;"Košický kraj";2;0;0;0;NA;104002;2;2020-06-07;265
2020-06-05;"Košický kraj";0;0;0;0;NA;104002;0;2020-06-05;263
2020-06-03;"Košický kraj";0;0;0;0;NA;104002;0;2020-06-03;263
2020-06-02;"Košický kraj";1;0;0;0;NA;104002;1;2020-06-02;263
2020-05-31;"Košický kraj";0;0;0;0;NA;104002;0;2020-05-31;262
2020-05-29;"Košický kraj";1;0;0;0;NA;104002;1;2020-05-29;262
2020-05-27;"Košický kraj";0;0;0;0;NA;104002;0;2020-05-27;261
2020-05-26;"Košický kraj";1;0;0;0;NA;104002;1;2020-05-26;261
2020-05-25;"Košický kraj";1;0;0;0;NA;104002;1;2020-05-25;260
2020-05-24;"Košický kraj";0;0;0;0;NA;104002;0;2020-05-24;259
2020-05-23;"Košický kraj";0;0;0;0;NA;104002;0;2020-05-23;259
2020-05-22;"Košický kraj";0;0;0;0;NA;104002;0;2020-05-22;259
2020-05-21;"Košický kraj";0;0;0;0;NA;104002;0;2020-05-21;259
2020-05-20;"Košický kraj";3;0;0;0;NA;104002;3;2020-05-20;259
2020-05-19;"Košický kraj";0;0;0;0;NA;104002;0;2020-05-19;256
2020-05-17;"Košický kraj";1;0;0;0;NA;104002;1;2020-05-17;256
2020-05-16;"Košický kraj";1;0;0;0;NA;104002;1;2020-05-16;255
2020-05-15;"Košický kraj";10;0;0;0;NA;104002;10;2020-05-15;254
2020-05-14;"Košický kraj";1;0;0;0;NA;104002;1;2020-05-14;244
2020-05-13;"Košický kraj";6;0;0;0;NA;104002;6;2020-05-13;243
2020-05-12;"Košický kraj";0;0;0;0;NA;104002;0;2020-05-12;237
2020-05-11;"Košický kraj";0;0;0;0;NA;104002;0;2020-05-11;237
2020-05-09;"Košický kraj";0;0;0;0;NA;104002;0;2020-05-09;237
2020-05-07;"Košický kraj";0;0;0;0;NA;104002;0;2020-05-07;237
2020-05-06;"Košický kraj";1;0;0;0;NA;104002;1;2020-05-06;237
2020-05-05;"Košický kraj";0;0;0;0;NA;104002;0;2020-05-05;236
2020-05-04;"Košický kraj";0;0;0;0;NA;104002;0;2020-05-04;236
2020-05-03;"Košický kraj";0;0;0;0;NA;104002;0;2020-05-03;236
2020-05-02;"Košický kraj";1;0;0;0;NA;104002;1;2020-05-02;236
2020-05-01;"Košický kraj";0;0;0;0;NA;104002;0;2020-05-01;235
2020-04-30;"Košický kraj";1;0;0;0;NA;104002;1;2020-04-30;235
2020-04-29;"Košický kraj";1;0;0;0;NA;104002;1;2020-04-29;234
2020-04-28;"Košický kraj";1;0;0;0;NA;104002;1;2020-04-28;233
2020-04-27;"Košický kraj";1;0;0;0;NA;104002;1;2020-04-27;232
2020-04-26;"Košický kraj";0;0;0;0;NA;104002;0;2020-04-26;231
2020-04-25;"Košický kraj";0;0;0;0;NA;104002;0;2020-04-25;231
2020-04-24;"Košický kraj";3;0;0;0;NA;104002;3;2020-04-24;231
2020-04-23;"Košický kraj";4;0;0;0;NA;104002;4;2020-04-23;228
2020-04-22;"Košický kraj";21;0;0;0;NA;104002;21;2020-04-22;224
2020-04-21;"Košický kraj";4;0;0;0;NA;104002;4;2020-04-21;203
2020-04-20;"Košický kraj";0;0;0;0;NA;104002;0;2020-04-20;199
2020-04-19;"Košický kraj";1;0;0;0;NA;104002;1;2020-04-19;199
2020-04-18;"Košický kraj";2;0;0;0;NA;104002;2;2020-04-18;198
2020-04-17;"Košický kraj";7;0;0;0;NA;104002;7;2020-04-17;196
2020-04-16;"Košický kraj";29;0;0;0;NA;104002;29;2020-04-16;189
2020-04-15;"Košický kraj";50;0;0;0;NA;104002;50;2020-04-15;160
2020-04-14;"Košický kraj";4;0;0;0;NA;104002;4;2020-04-14;110
2020-04-13;"Košický kraj";5;0;0;0;NA;104002;5;2020-04-13;106
2020-04-12;"Košický kraj";4;0;0;0;NA;104002;4;2020-04-12;101
2020-04-11;"Košický kraj";2;0;0;0;NA;104002;2;2020-04-11;97
2020-04-10;"Košický kraj";1;0;0;0;NA;104002;1;2020-04-10;95
2020-04-09;"Košický kraj";4;0;0;0;NA;104002;4;2020-04-09;94
2020-04-08;"Košický kraj";5;0;0;0;NA;104002;5;2020-04-08;90
2020-04-07;"Košický kraj";34;0;0;0;NA;104002;34;2020-04-07;85
2020-04-06;"Košický kraj";6;0;0;0;NA;104002;6;2020-04-06;51
2020-04-05;"Košický kraj";4;0;0;0;NA;104002;4;2020-04-05;45
2020-04-04;"Košický kraj";5;0;0;0;NA;104002;5;2020-04-04;41
2020-04-03;"Košický kraj";4;0;0;0;NA;104002;4;2020-04-03;36
2020-04-02;"Košický kraj";3;0;0;0;NA;104002;3;2020-04-02;32
2020-04-01;"Košický kraj";3;0;0;0;NA;104002;3;2020-04-01;29
2020-03-31;"Košický kraj";1;0;0;0;NA;104002;1;2020-03-31;26
2020-03-30;"Košický kraj";5;0;0;0;NA;104002;5;2020-03-30;25
2020-03-29;"Košický kraj";0;0;0;0;NA;104002;0;2020-03-29;20
2020-03-28;"Košický kraj";1;0;0;0;NA;104002;1;2020-03-28;20
2020-03-27;"Košický kraj";1;0;0;0;NA;104002;1;2020-03-27;19
2020-03-26;"Košický kraj";3;0;0;0;NA;104002;3;2020-03-26;18
2020-03-25;"Košický kraj";2;0;0;0;NA;104002;2;2020-03-25;15
2020-03-24;"Košický kraj";0;0;0;0;NA;104002;0;2020-03-24;13
2020-03-23;"Košický kraj";2;0;0;0;NA;104002;2;2020-03-23;13
2020-03-22;"Košický kraj";0;0;0;0;NA;104002;0;2020-03-22;11
2020-03-21;"Košický kraj";3;0;0;0;NA;104002;3;2020-03-21;11
2020-03-20;"Košický kraj";1;0;0;0;NA;104002;1;2020-03-20;8
2020-03-19;"Košický kraj";0;0;0;0;NA;104002;0;2020-03-19;7
2020-03-18;"Košický kraj";0;0;0;0;NA;104002;0;2020-03-18;7
2020-03-17;"Košický kraj";0;0;0;0;NA;104002;0;2020-03-17;7
2020-03-16;"Košický kraj";3;0;0;0;NA;104002;3;2020-03-16;7
2020-03-15;"Košický kraj";1;0;0;0;NA;104002;1;2020-03-15;4
2020-03-14;"Košický kraj";0;0;0;0;NA;104002;0;2020-03-14;3
2020-03-13;"Košický kraj";2;0;0;0;NA;104002;2;2020-03-13;3
2020-03-12;"Košický kraj";0;0;0;0;NA;104002;0;2020-03-12;1
2020-03-11;"Košický kraj";0;0;0;0;NA;104002;0;2020-03-11;1
2020-03-09;"Košický kraj";1;0;0;0;NA;104002;1;2020-03-09;1
2020-03-08;"Košický kraj";0;0;0;0;NA;104002;0;2020-03-08;0
2020-03-07;"Košický kraj";0;0;0;0;NA;104002;0;2020-03-07;0
2020-03-06;"Košický kraj";0;0;0;0;NA;104002;0;2020-03-06;0
2021-10-05;"Nitriansky kraj";97;0;0;0;40866;94505;97;2021-10-05;94505
2021-10-04;"Nitriansky kraj";56;0;0;0;NA;94505;56;2021-10-04;94408
2021-10-03;"Nitriansky kraj";10;831;15;846;NA;94505;25;2021-10-03;94352
2021-10-02;"Nitriansky kraj";46;887;15;902;NA;94505;61;2021-10-02;94327
2021-10-01;"Nitriansky kraj";26;2667;32;2699;NA;94505;58;2021-10-01;94266
2021-09-30;"Nitriansky kraj";66;2415;15;2430;NA;94505;81;2021-09-30;94208
2021-09-29;"Nitriansky kraj";92;2235;16;2251;NA;94505;108;2021-09-29;94127
2021-09-28;"Nitriansky kraj";86;2877;27;2904;NA;94505;113;2021-09-28;94019
2021-09-27;"Nitriansky kraj";50;3624;41;3665;NA;94505;91;2021-09-27;93906
2021-09-26;"Nitriansky kraj";12;1635;20;1655;NA;94505;32;2021-09-26;93815
2021-09-25;"Nitriansky kraj";43;1456;20;1476;NA;94505;63;2021-09-25;93783
2021-09-24;"Nitriansky kraj";35;2783;15;2798;NA;94505;50;2021-09-24;93720
2021-09-23;"Nitriansky kraj";69;2491;20;2511;NA;94505;89;2021-09-23;93670
2021-09-22;"Nitriansky kraj";68;2380;17;2397;NA;94505;85;2021-09-22;93581
2021-09-21;"Nitriansky kraj";70;2724;30;2754;NA;94505;100;2021-09-21;93496
2021-09-20;"Nitriansky kraj";41;2438;21;2459;NA;94505;62;2021-09-20;93396
2021-09-19;"Nitriansky kraj";16;1553;20;1573;NA;94505;36;2021-09-19;93334
2021-09-18;"Nitriansky kraj";42;1421;19;1440;NA;94505;61;2021-09-18;93298
2021-09-17;"Nitriansky kraj";54;2764;30;2794;NA;94505;84;2021-09-17;93237
2021-09-16;"Nitriansky kraj";55;2462;44;2506;NA;94505;99;2021-09-16;93153
2021-09-15;"Nitriansky kraj";34;538;12;550;NA;94505;46;2021-09-15;93054
2021-09-14;"Nitriansky kraj";52;1821;20;1841;NA;94505;72;2021-09-14;93008
2021-09-13;"Nitriansky kraj";27;2352;27;2379;NA;94505;54;2021-09-13;92936
2021-09-12;"Nitriansky kraj";4;1182;17;1199;NA;94505;21;2021-09-12;92882
2021-09-11;"Nitriansky kraj";36;1181;8;1189;NA;94505;44;2021-09-11;92861
2021-09-10;"Nitriansky kraj";25;2133;12;2145;NA;94505;37;2021-09-10;92817
2021-09-09;"Nitriansky kraj";15;1611;20;1631;NA;94505;35;2021-09-09;92780
2021-09-08;"Nitriansky kraj";30;1463;22;1485;NA;94505;52;2021-09-08;92745
2021-09-07;"Nitriansky kraj";35;1460;9;1469;NA;94505;44;2021-09-07;92693
2021-09-06;"Nitriansky kraj";19;1674;27;1701;NA;94505;46;2021-09-06;92649
2021-09-05;"Nitriansky kraj";10;1007;8;1015;NA;94505;18;2021-09-05;92603
2021-09-04;"Nitriansky kraj";18;1119;10;1129;NA;94505;28;2021-09-04;92585
2021-09-03;"Nitriansky kraj";20;1737;17;1754;NA;94505;37;2021-09-03;92557
2021-09-02;"Nitriansky kraj";16;1362;14;1376;NA;94505;30;2021-09-02;92520
2021-09-01;"Nitriansky kraj";9;322;2;324;NA;94505;11;2021-09-01;92490
2021-08-31;"Nitriansky kraj";10;1360;6;1366;NA;94505;16;2021-08-31;92479
2021-08-30;"Nitriansky kraj";8;1364;10;1374;NA;94505;18;2021-08-30;92463
2021-08-29;"Nitriansky kraj";2;450;1;451;NA;94505;3;2021-08-29;92445
2021-08-28;"Nitriansky kraj";5;1071;3;1074;NA;94505;8;2021-08-28;92442
2021-08-27;"Nitriansky kraj";7;1804;4;1808;NA;94505;11;2021-08-27;92434
2021-08-26;"Nitriansky kraj";2;1255;6;1261;NA;94505;8;2021-08-26;92423
2021-08-25;"Nitriansky kraj";15;1087;3;1090;NA;94505;18;2021-08-25;92415
2021-08-24;"Nitriansky kraj";6;990;2;992;NA;94505;8;2021-08-24;92397
2021-08-23;"Nitriansky kraj";13;1271;4;1275;NA;94505;17;2021-08-23;92389
2021-08-22;"Nitriansky kraj";0;1167;3;1170;NA;94505;3;2021-08-22;92372
2021-08-21;"Nitriansky kraj";1;853;2;855;NA;94505;3;2021-08-21;92369
2021-08-20;"Nitriansky kraj";8;1580;5;1585;NA;94505;13;2021-08-20;92366
2021-08-19;"Nitriansky kraj";11;1167;4;1171;NA;94505;15;2021-08-19;92353
2021-08-18;"Nitriansky kraj";8;1180;7;1187;NA;94505;15;2021-08-18;92338
2021-08-17;"Nitriansky kraj";4;1035;3;1038;NA;94505;7;2021-08-17;92323
2021-08-16;"Nitriansky kraj";7;1098;4;1102;NA;94505;11;2021-08-16;92316
2021-08-15;"Nitriansky kraj";2;662;1;663;NA;94505;3;2021-08-15;92305
2021-08-14;"Nitriansky kraj";1;878;5;883;NA;94505;6;2021-08-14;92302
2021-08-13;"Nitriansky kraj";0;957;1;958;NA;94505;1;2021-08-13;92296
2021-08-12;"Nitriansky kraj";5;765;0;765;NA;94505;5;2021-08-12;92295
2021-08-11;"Nitriansky kraj";3;527;1;528;NA;94505;4;2021-08-11;92290
2021-08-10;"Nitriansky kraj";3;570;1;571;NA;94505;4;2021-08-10;92286
2021-08-09;"Nitriansky kraj";3;992;1;993;NA;94505;4;2021-08-09;92282
2021-08-08;"Nitriansky kraj";0;668;1;669;NA;94505;1;2021-08-08;92278
2021-08-07;"Nitriansky kraj";0;557;1;558;NA;94505;1;2021-08-07;92277
2021-08-06;"Nitriansky kraj";5;799;0;799;NA;94505;5;2021-08-06;92276
2021-08-05;"Nitriansky kraj";6;612;0;612;NA;94505;6;2021-08-05;92271
2021-08-04;"Nitriansky kraj";1;497;2;499;NA;94505;3;2021-08-04;92265
2021-08-03;"Nitriansky kraj";5;1455;0;1455;NA;94505;5;2021-08-03;92262
2021-08-02;"Nitriansky kraj";1;683;4;687;NA;94505;5;2021-08-02;92257
2021-08-01;"Nitriansky kraj";1;606;0;606;NA;94505;1;2021-08-01;92252
2021-07-31;"Nitriansky kraj";1;514;1;515;NA;94505;2;2021-07-31;92251
2021-07-30;"Nitriansky kraj";2;758;0;758;NA;94505;2;2021-07-30;92249
2021-07-29;"Nitriansky kraj";3;720;2;722;NA;94505;5;2021-07-29;92247
2021-07-28;"Nitriansky kraj";4;598;0;598;NA;94505;4;2021-07-28;92242
2021-07-27;"Nitriansky kraj";12;602;1;603;NA;94505;13;2021-07-27;92238
2021-07-26;"Nitriansky kraj";7;970;1;971;NA;94505;8;2021-07-26;92225
2021-07-25;"Nitriansky kraj";1;654;1;655;NA;94505;2;2021-07-25;92217
2021-07-24;"Nitriansky kraj";0;620;0;620;NA;94505;0;2021-07-24;92215
2021-07-23;"Nitriansky kraj";3;845;1;846;NA;94505;4;2021-07-23;92215
2021-07-22;"Nitriansky kraj";5;689;0;689;NA;94505;5;2021-07-22;92211
2021-07-21;"Nitriansky kraj";6;650;2;652;NA;94505;8;2021-07-21;92206
2021-07-20;"Nitriansky kraj";1;527;1;528;NA;94505;2;2021-07-20;92198
2021-07-19;"Nitriansky kraj";2;965;0;965;NA;94505;2;2021-07-19;92196
2021-07-18;"Nitriansky kraj";1;747;0;747;NA;94505;1;2021-07-18;92194
2021-07-17;"Nitriansky kraj";5;612;0;612;NA;94505;5;2021-07-17;92193
2021-07-16;"Nitriansky kraj";2;876;0;876;NA;94505;2;2021-07-16;92188
2021-07-15;"Nitriansky kraj";11;708;0;708;NA;94505;11;2021-07-15;92186
2021-07-14;"Nitriansky kraj";4;646;0;646;NA;94505;4;2021-07-14;92175
2021-07-13;"Nitriansky kraj";2;697;2;699;NA;94505;4;2021-07-13;92171
2021-07-12;"Nitriansky kraj";1;819;0;819;NA;94505;1;2021-07-12;92167
2021-07-11;"Nitriansky kraj";1;961;0;961;NA;94505;1;2021-07-11;92166
2021-07-10;"Nitriansky kraj";1;630;0;630;NA;94505;1;2021-07-10;92165
2021-07-09;"Nitriansky kraj";3;1000;0;1000;NA;94505;3;2021-07-09;92164
2021-07-08;"Nitriansky kraj";0;683;0;683;NA;94505;0;2021-07-08;92161
2021-07-07;"Nitriansky kraj";2;935;2;937;NA;94505;4;2021-07-07;92161
2021-07-06;"Nitriansky kraj";1;1269;1;1270;NA;94505;2;2021-07-06;92157
2021-07-05;"Nitriansky kraj";1;507;0;507;NA;94505;1;2021-07-05;92155
2021-07-04;"Nitriansky kraj";0;821;1;822;NA;94505;1;2021-07-04;92154
2021-07-03;"Nitriansky kraj";0;611;0;611;NA;94505;0;2021-07-03;92153
2021-07-02;"Nitriansky kraj";0;1178;0;1178;NA;94505;0;2021-07-02;92153
2021-07-01;"Nitriansky kraj";0;316;1;317;NA;94505;1;2021-07-01;92153
2021-06-30;"Nitriansky kraj";1;6702;2;6704;NA;94505;3;2021-06-30;92152
2021-06-29;"Nitriansky kraj";1;3536;0;3536;NA;94505;1;2021-06-29;92149
2021-06-28;"Nitriansky kraj";3;4393;0;4393;NA;94505;3;2021-06-28;92148
2021-06-27;"Nitriansky kraj";0;3263;0;3263;NA;94505;0;2021-06-27;92145
2021-06-26;"Nitriansky kraj";1;4845;2;4847;NA;94505;3;2021-06-26;92145
2021-06-25;"Nitriansky kraj";8;5174;1;5175;NA;94505;9;2021-06-25;92142
2021-06-24;"Nitriansky kraj";1;3354;0;3354;NA;94505;1;2021-06-24;92133
2021-06-23;"Nitriansky kraj";1;3033;0;3033;NA;94505;1;2021-06-23;92132
2021-06-22;"Nitriansky kraj";1;3240;3;3243;NA;94505;4;2021-06-22;92131
2021-06-21;"Nitriansky kraj";8;5362;8;5370;NA;94505;16;2021-06-21;92127
2021-06-20;"Nitriansky kraj";0;4437;6;4443;NA;94505;6;2021-06-20;92111
2021-06-19;"Nitriansky kraj";0;5750;4;5754;NA;94505;4;2021-06-19;92105
2021-06-18;"Nitriansky kraj";4;6453;3;6456;NA;94505;7;2021-06-18;92101
2021-06-17;"Nitriansky kraj";5;4152;1;4153;NA;94505;6;2021-06-17;92094
2021-06-16;"Nitriansky kraj";4;3694;3;3697;NA;94505;7;2021-06-16;92088
2021-06-15;"Nitriansky kraj";1;3995;0;3995;NA;94505;1;2021-06-15;92081
2021-06-14;"Nitriansky kraj";0;5875;3;5878;NA;94505;3;2021-06-14;92080
2021-06-13;"Nitriansky kraj";0;6073;3;6076;NA;94505;3;2021-06-13;92077
2021-06-12;"Nitriansky kraj";1;8024;1;8025;NA;94505;2;2021-06-12;92074
2021-06-11;"Nitriansky kraj";3;6891;4;6895;NA;94505;7;2021-06-11;92072
2021-06-10;"Nitriansky kraj";7;4539;1;4540;NA;94505;8;2021-06-10;92065
2021-06-09;"Nitriansky kraj";2;4706;2;4708;NA;94505;4;2021-06-09;92057
2021-06-08;"Nitriansky kraj";8;4239;3;4242;NA;94505;11;2021-06-08;92053
2021-06-07;"Nitriansky kraj";6;5841;8;5849;NA;94505;14;2021-06-07;92042
2021-06-06;"Nitriansky kraj";0;6981;4;6985;NA;94505;4;2021-06-06;92028
2021-06-05;"Nitriansky kraj";6;8529;9;8538;NA;94505;15;2021-06-05;92024
2021-06-04;"Nitriansky kraj";9;7608;5;7613;NA;94505;14;2021-06-04;92009
2021-06-03;"Nitriansky kraj";2;5064;6;5070;NA;94505;8;2021-06-03;91995
2021-06-02;"Nitriansky kraj";11;5119;11;5130;NA;94505;22;2021-06-02;91987
2021-06-01;"Nitriansky kraj";3;4847;2;4849;NA;94505;5;2021-06-01;91965
2021-05-31;"Nitriansky kraj";8;8933;8;8941;NA;94505;16;2021-05-31;91960
2021-05-30;"Nitriansky kraj";1;9067;8;9075;NA;94505;9;2021-05-30;91944
2021-05-29;"Nitriansky kraj";2;12799;7;12806;NA;94505;9;2021-05-29;91935
2021-05-28;"Nitriansky kraj";10;8872;6;8878;NA;94505;16;2021-05-28;91926
2021-05-27;"Nitriansky kraj";4;6164;5;6169;NA;94505;9;2021-05-27;91910
2021-05-26;"Nitriansky kraj";11;8509;10;8519;NA;94505;21;2021-05-26;91901
2021-05-25;"Nitriansky kraj";15;7342;8;7350;NA;94505;23;2021-05-25;91880
2021-05-24;"Nitriansky kraj";14;9816;17;9833;NA;94505;31;2021-05-24;91857
2021-05-23;"Nitriansky kraj";1;9456;13;9469;NA;94505;14;2021-05-23;91826
2021-05-22;"Nitriansky kraj";7;16939;11;16950;NA;94505;18;2021-05-22;91812
2021-05-21;"Nitriansky kraj";18;10632;15;10647;NA;94505;33;2021-05-21;91794
2021-05-20;"Nitriansky kraj";8;7185;7;7192;NA;94505;15;2021-05-20;91761
2021-05-19;"Nitriansky kraj";20;6787;14;6801;NA;94505;34;2021-05-19;91746
2021-05-18;"Nitriansky kraj";23;7791;18;7809;NA;94505;41;2021-05-18;91712
2021-05-17;"Nitriansky kraj";22;9774;20;9794;NA;94505;42;2021-05-17;91671
2021-05-16;"Nitriansky kraj";4;13830;15;13845;NA;94505;19;2021-05-16;91629
2021-05-15;"Nitriansky kraj";5;25389;23;25412;NA;94505;28;2021-05-15;91610
2021-05-14;"Nitriansky kraj";18;13385;23;13408;NA;94505;41;2021-05-14;91582
2021-05-13;"Nitriansky kraj";24;8289;19;8308;NA;94505;43;2021-05-13;91541
2021-05-12;"Nitriansky kraj";10;7682;26;7708;NA;94505;36;2021-05-12;91498
2021-05-11;"Nitriansky kraj";36;8163;13;8176;NA;94505;49;2021-05-11;91462
2021-05-10;"Nitriansky kraj";16;13800;42;13842;NA;94505;58;2021-05-10;91413
2021-05-09;"Nitriansky kraj";8;21879;35;21914;NA;94505;43;2021-05-09;91355
2021-05-08;"Nitriansky kraj";0;24318;29;24347;NA;94505;29;2021-05-08;91312
2021-05-07;"Nitriansky kraj";32;14915;20;14935;NA;94505;52;2021-05-07;91283
2021-05-06;"Nitriansky kraj";30;9463;20;9483;NA;94505;50;2021-05-06;91231
2021-05-05;"Nitriansky kraj";19;8527;23;8550;NA;94505;42;2021-05-05;91181
2021-05-04;"Nitriansky kraj";46;9380;27;9407;NA;94505;73;2021-05-04;91139
2021-05-03;"Nitriansky kraj";32;14490;44;14534;NA;94505;76;2021-05-03;91066
2021-05-02;"Nitriansky kraj";4;31751;46;31797;NA;94505;50;2021-05-02;90990
2021-05-01;"Nitriansky kraj";23;60451;43;60494;NA;94505;66;2021-05-01;90940
2021-04-30;"Nitriansky kraj";28;31803;53;31856;NA;94505;81;2021-04-30;90874
2021-04-29;"Nitriansky kraj";27;14265;34;14299;NA;94505;61;2021-04-29;90793
2021-04-28;"Nitriansky kraj";36;14716;45;14761;NA;94505;81;2021-04-28;90732
2021-04-27;"Nitriansky kraj";51;13154;35;13189;NA;94505;86;2021-04-27;90651
2021-04-26;"Nitriansky kraj";38;21029;44;21073;NA;94505;82;2021-04-26;90565
2021-04-25;"Nitriansky kraj";7;44312;46;44358;NA;94505;53;2021-04-25;90483
2021-04-24;"Nitriansky kraj";23;93455;72;93527;NA;94505;95;2021-04-24;90430
2021-04-23;"Nitriansky kraj";54;35145;51;35196;NA;94505;105;2021-04-23;90335
2021-04-22;"Nitriansky kraj";32;15435;44;15479;NA;94505;76;2021-04-22;90230
2021-04-21;"Nitriansky kraj";38;14228;45;14273;NA;94505;83;2021-04-21;90154
2021-04-20;"Nitriansky kraj";67;16058;51;16109;NA;94505;118;2021-04-20;90071
2021-04-19;"Nitriansky kraj";35;24819;59;24878;NA;94505;94;2021-04-19;89953
2021-04-18;"Nitriansky kraj";0;39569;27;39596;NA;94505;27;2021-04-18;89859
2021-04-17;"Nitriansky kraj";34;92102;82;92184;NA;94505;116;2021-04-17;89832
2021-04-16;"Nitriansky kraj";46;32348;37;32385;NA;94505;83;2021-04-16;89716
2021-04-15;"Nitriansky kraj";75;16215;52;16267;NA;94505;127;2021-04-15;89633
2021-04-14;"Nitriansky kraj";43;15303;42;15345;NA;94505;85;2021-04-14;89506
2021-04-13;"Nitriansky kraj";110;15104;44;15148;NA;94505;154;2021-04-13;89421
2021-04-12;"Nitriansky kraj";29;22817;50;22867;NA;94505;79;2021-04-12;89267
2021-04-11;"Nitriansky kraj";1;37537;31;37568;NA;94505;32;2021-04-11;89188
2021-04-10;"Nitriansky kraj";35;95851;115;95966;NA;94505;150;2021-04-10;89156
2021-04-09;"Nitriansky kraj";69;30669;58;30727;NA;94505;127;2021-04-09;89006
2021-04-08;"Nitriansky kraj";71;15361;36;15397;NA;94505;107;2021-04-08;88879
2021-04-07;"Nitriansky kraj";64;18541;47;18588;NA;94505;111;2021-04-07;88772
2021-04-06;"Nitriansky kraj";65;33218;112;33330;NA;94505;177;2021-04-06;88661
2021-04-05;"Nitriansky kraj";37;12673;48;12721;NA;94505;85;2021-04-05;88484
2021-04-04;"Nitriansky kraj";5;17887;35;17922;NA;94505;40;2021-04-04;88399
2021-04-03;"Nitriansky kraj";26;85465;153;85618;NA;94505;179;2021-04-03;88359
2021-04-02;"Nitriansky kraj";32;18743;46;18789;NA;94505;78;2021-04-02;88180
2021-04-01;"Nitriansky kraj";63;24610;83;24693;NA;94505;146;2021-04-01;88102
2021-03-31;"Nitriansky kraj";73;21752;94;21846;NA;94505;167;2021-03-31;87956
2021-03-30;"Nitriansky kraj";125;17122;83;17205;NA;94505;208;2021-03-30;87789
2021-03-29;"Nitriansky kraj";81;25139;100;25239;NA;94505;181;2021-03-29;87581
2021-03-28;"Nitriansky kraj";6;45581;106;45687;NA;94505;112;2021-03-28;87400
2021-03-27;"Nitriansky kraj";39;104104;174;104278;NA;94505;213;2021-03-27;87288
2021-03-26;"Nitriansky kraj";90;40444;115;40559;NA;94505;205;2021-03-26;87075
2021-03-25;"Nitriansky kraj";95;19219;94;19313;NA;94505;189;2021-03-25;86870
2021-03-24;"Nitriansky kraj";90;14787;91;14878;NA;94505;181;2021-03-24;86681
2021-03-23;"Nitriansky kraj";167;16753;66;16819;NA;94505;233;2021-03-23;86500
2021-03-22;"Nitriansky kraj";101;24886;125;25011;NA;94505;226;2021-03-22;86267
2021-03-21;"Nitriansky kraj";27;42773;99;42872;NA;94505;126;2021-03-21;86041
2021-03-20;"Nitriansky kraj";36;100640;207;100847;NA;94505;243;2021-03-20;85915
2021-03-19;"Nitriansky kraj";76;37312;102;37414;NA;94505;178;2021-03-19;85672
2021-03-18;"Nitriansky kraj";103;20051;113;20164;NA;94505;216;2021-03-18;85494
2021-03-17;"Nitriansky kraj";87;15839;127;15966;NA;94505;214;2021-03-17;85278
2021-03-16;"Nitriansky kraj";172;18085;121;18206;NA;94505;293;2021-03-16;85064
2021-03-15;"Nitriansky kraj";130;24481;165;24646;NA;94505;295;2021-03-15;84771
2021-03-14;"Nitriansky kraj";3;45770;107;45877;NA;94505;110;2021-03-14;84476
2021-03-13;"Nitriansky kraj";65;112573;242;112815;NA;94505;307;2021-03-13;84366
2021-03-12;"Nitriansky kraj";127;40777;159;40936;NA;94505;286;2021-03-12;84059
2021-03-11;"Nitriansky kraj";131;18686;130;18816;NA;94505;261;2021-03-11;83773
2021-03-10;"Nitriansky kraj";96;17422;143;17565;NA;94505;239;2021-03-10;83512
2021-03-09;"Nitriansky kraj";260;17635;149;17784;NA;94505;409;2021-03-09;83273
2021-03-08;"Nitriansky kraj";145;27214;172;27386;NA;94505;317;2021-03-08;82864
2021-03-07;"Nitriansky kraj";48;46867;185;47052;NA;94505;233;2021-03-07;82547
2021-03-06;"Nitriansky kraj";86;112027;327;112354;NA;94505;413;2021-03-06;82314
2021-03-05;"Nitriansky kraj";133;39068;200;39268;NA;94505;333;2021-03-05;81901
2021-03-04;"Nitriansky kraj";176;18340;173;18513;NA;94505;349;2021-03-04;81568
2021-03-03;"Nitriansky kraj";172;17210;177;17387;NA;94505;349;2021-03-03;81219
2021-03-02;"Nitriansky kraj";274;21003;366;21369;NA;94505;640;2021-03-02;80870
2021-03-01;"Nitriansky kraj";133;27881;279;28160;NA;94505;412;2021-03-01;80230
2021-02-28;"Nitriansky kraj";80;40866;218;41084;NA;94505;298;2021-02-28;79818
2021-02-27;"Nitriansky kraj";101;106352;496;106848;NA;94505;597;2021-02-27;79520
2021-02-26;"Nitriansky kraj";109;36788;308;37096;NA;94505;417;2021-02-26;78923
2021-02-25;"Nitriansky kraj";188;15243;212;15455;NA;94505;400;2021-02-25;78506
2021-02-24;"Nitriansky kraj";125;13833;260;14093;NA;94505;385;2021-02-24;78106
2021-02-23;"Nitriansky kraj";273;15402;273;15675;NA;94505;546;2021-02-23;77721
2021-02-22;"Nitriansky kraj";154;26478;330;26808;NA;94505;484;2021-02-22;77175
2021-02-21;"Nitriansky kraj";22;43664;320;43984;NA;94505;342;2021-02-21;76691
2021-02-20;"Nitriansky kraj";128;109038;586;109624;NA;94505;714;2021-02-20;76349
2021-02-19;"Nitriansky kraj";173;36849;328;37177;NA;94505;501;2021-02-19;75635
2021-02-18;"Nitriansky kraj";202;17045;275;17320;NA;94505;477;2021-02-18;75134
2021-02-17;"Nitriansky kraj";198;12080;310;12390;NA;94505;508;2021-02-17;74657
2021-02-16;"Nitriansky kraj";284;16066;288;16354;NA;94505;572;2021-02-16;74149
2021-02-15;"Nitriansky kraj";122;28636;474;29110;NA;94505;596;2021-02-15;73577
2021-02-14;"Nitriansky kraj";8;49392;315;49707;NA;94505;323;2021-02-14;72981
2021-02-13;"Nitriansky kraj";127;110294;690;110984;NA;94505;817;2021-02-13;72658
2021-02-12;"Nitriansky kraj";162;33405;407;33812;NA;94505;569;2021-02-12;71841
2021-02-11;"Nitriansky kraj";195;12406;270;12676;NA;94505;465;2021-02-11;71272
2021-02-10;"Nitriansky kraj";186;17770;644;18414;NA;94505;830;2021-02-10;70807
2021-02-09;"Nitriansky kraj";260;18530;385;18915;NA;94505;645;2021-02-09;69977
2021-02-08;"Nitriansky kraj";177;37530;569;38099;NA;94505;746;2021-02-08;69332
2021-02-07;"Nitriansky kraj";20;52307;513;52820;NA;94505;533;2021-02-07;68586
2021-02-06;"Nitriansky kraj";129;101439;764;102203;NA;94505;893;2021-02-06;68053
2021-02-05;"Nitriansky kraj";244;26137;491;26628;NA;94505;735;2021-02-05;67160
2021-02-04;"Nitriansky kraj";308;15681;512;16193;NA;94505;820;2021-02-04;66425
2021-02-03;"Nitriansky kraj";191;13459;382;13841;NA;94505;573;2021-02-03;65605
2021-02-02;"Nitriansky kraj";327;17880;382;18262;NA;94505;709;2021-02-02;65032
2021-02-01;"Nitriansky kraj";221;24002;460;24462;NA;94505;681;2021-02-01;64323
2021-01-31;"Nitriansky kraj";9;46215;507;46722;NA;94505;516;2021-01-31;63642
2021-01-30;"Nitriansky kraj";152;99241;1090;100331;NA;94505;1242;2021-01-30;63126
2021-01-29;"Nitriansky kraj";302;22461;477;22938;NA;94505;779;2021-01-29;61884
2021-01-28;"Nitriansky kraj";269;11370;398;11768;NA;94505;667;2021-01-28;61105
2021-01-27;"Nitriansky kraj";235;6758;299;7057;NA;94505;534;2021-01-27;60438
2021-01-26;"Nitriansky kraj";345;16015;454;16469;NA;94505;799;2021-01-26;59904
2021-01-25;"Nitriansky kraj";201;21909;434;22343;NA;94505;635;2021-01-25;59105
2021-01-24;"Nitriansky kraj";12;79041;897;79938;NA;94505;909;2021-01-24;58470
2021-01-23;"Nitriansky kraj";277;97845;1446;99291;NA;94505;1723;2021-01-23;57561
2021-01-22;"Nitriansky kraj";139;35924;619;36543;NA;94505;758;2021-01-22;55838
2021-01-21;"Nitriansky kraj";305;14649;412;15061;NA;94505;717;2021-01-21;55080
2021-01-20;"Nitriansky kraj";326;11991;625;12616;NA;94505;951;2021-01-20;54363
2021-01-19;"Nitriansky kraj";344;11015;633;11648;NA;94505;977;2021-01-19;53412
2021-01-18;"Nitriansky kraj";367;8901;519;9420;NA;94505;886;2021-01-18;52435
2021-01-17;"Nitriansky kraj";97;15061;275;15336;NA;94505;372;2021-01-17;51549
2021-01-16;"Nitriansky kraj";64;36838;679;37517;NA;94505;743;2021-01-16;51177
2021-01-15;"Nitriansky kraj";373;15940;474;16414;NA;94505;847;2021-01-15;50434
2021-01-14;"Nitriansky kraj";627;10577;452;11029;NA;94505;1079;2021-01-14;49587
2021-01-13;"Nitriansky kraj";663;9234;484;9718;NA;94505;1147;2021-01-13;48508
2021-01-12;"Nitriansky kraj";642;8805;545;9350;NA;94505;1187;2021-01-12;47361
2021-01-11;"Nitriansky kraj";422;8347;513;8860;NA;94505;935;2021-01-11;46174
2021-01-10;"Nitriansky kraj";44;19841;730;20571;NA;94505;774;2021-01-10;45239
2021-01-09;"Nitriansky kraj";532;36823;1071;37894;NA;94505;1603;2021-01-09;44465
2021-01-08;"Nitriansky kraj";817;14001;691;14692;NA;94505;1508;2021-01-08;42862
2021-01-07;"Nitriansky kraj";438;10121;795;10916;NA;94505;1233;2021-01-07;41354
2021-01-06;"Nitriansky kraj";259;3192;197;3389;NA;94505;456;2021-01-06;40121
2021-01-05;"Nitriansky kraj";732;8918;1208;10126;NA;94505;1940;2021-01-05;39665
2021-01-04;"Nitriansky kraj";362;8375;1287;9662;NA;94505;1649;2021-01-04;37725
2021-01-03;"Nitriansky kraj";42;84;20;104;NA;94505;62;2021-01-03;36076
2021-01-02;"Nitriansky kraj";249;1090;26;1116;NA;94505;275;2021-01-02;36014
2021-01-01;"Nitriansky kraj";119;781;95;876;NA;94505;214;2021-01-01;35739
2020-12-31;"Nitriansky kraj";786;7646;962;8608;NA;94505;1748;2020-12-31;35525
2020-12-30;"Nitriansky kraj";1094;9619;1165;10784;NA;94505;2259;2020-12-30;33777
2020-12-29;"Nitriansky kraj";607;8028;1245;9273;NA;94505;1852;2020-12-29;31518
2020-12-28;"Nitriansky kraj";83;6804;1220;8024;NA;94505;1303;2020-12-28;29666
2020-12-27;"Nitriansky kraj";22;60;8;68;NA;94505;30;2020-12-27;28363
2020-12-26;"Nitriansky kraj";54;297;56;353;NA;94505;110;2020-12-26;28333
2020-12-25;"Nitriansky kraj";35;60;11;71;NA;94505;46;2020-12-25;28223
2020-12-24;"Nitriansky kraj";514;1861;176;2037;NA;94505;690;2020-12-24;28177
2020-12-23;"Nitriansky kraj";349;14679;782;15461;NA;94505;1131;2020-12-23;27487
2020-12-22;"Nitriansky kraj";673;10623;949;11572;NA;94505;1622;2020-12-22;26356
2020-12-21;"Nitriansky kraj";128;7587;931;8518;NA;94505;1059;2020-12-21;24734
2020-12-20;"Nitriansky kraj";77;50;10;60;NA;94505;87;2020-12-20;23675
2020-12-19;"Nitriansky kraj";262;2259;159;2418;NA;94505;421;2020-12-19;23588
2020-12-18;"Nitriansky kraj";512;7946;518;8464;NA;94505;1030;2020-12-18;23167
2020-12-17;"Nitriansky kraj";586;6519;486;7005;NA;94505;1072;2020-12-17;22137
2020-12-16;"Nitriansky kraj";357;8097;500;8597;NA;94505;857;2020-12-16;21065
2020-12-15;"Nitriansky kraj";461;9084;750;9834;NA;94505;1211;2020-12-15;20208
2020-12-14;"Nitriansky kraj";217;7816;797;8613;NA;94505;1014;2020-12-14;18997
2020-12-13;"Nitriansky kraj";12;69;6;75;NA;94505;18;2020-12-13;17983
2020-12-12;"Nitriansky kraj";341;1832;125;1957;NA;94505;466;2020-12-12;17965
2020-12-11;"Nitriansky kraj";409;5117;384;5501;NA;94505;793;2020-12-11;17499
2020-12-10;"Nitriansky kraj";360;5239;345;5584;NA;94505;705;2020-12-10;16706
2020-12-09;"Nitriansky kraj";362;5494;529;6023;NA;94505;891;2020-12-09;16001
2020-12-08;"Nitriansky kraj";340;8168;548;8716;NA;94505;888;2020-12-08;15110
2020-12-07;"Nitriansky kraj";139;6243;573;6816;NA;94505;712;2020-12-07;14222
2020-12-06;"Nitriansky kraj";15;89;4;93;NA;94505;19;2020-12-06;13510
2020-12-05;"Nitriansky kraj";136;1388;19;1407;NA;94505;155;2020-12-05;13491
2020-12-04;"Nitriansky kraj";232;2884;74;2958;NA;94505;306;2020-12-04;13336
2020-12-03;"Nitriansky kraj";248;2471;110;2581;NA;94505;358;2020-12-03;13030
2020-12-02;"Nitriansky kraj";252;2580;151;2731;NA;94505;403;2020-12-02;12672
2020-12-01;"Nitriansky kraj";331;2891;131;3022;NA;94505;462;2020-12-01;12269
2020-11-30;"Nitriansky kraj";91;4228;188;4416;NA;94505;279;2020-11-30;11807
2020-11-29;"Nitriansky kraj";3;634;42;676;NA;94505;45;2020-11-29;11528
2020-11-28;"Nitriansky kraj";135;892;31;923;NA;94505;166;2020-11-28;11483
2020-11-27;"Nitriansky kraj";177;2069;73;2142;NA;94505;250;2020-11-27;11317
2020-11-26;"Nitriansky kraj";191;2813;80;2893;NA;94505;271;2020-11-26;11067
2020-11-25;"Nitriansky kraj";325;2478;91;2569;NA;94505;416;2020-11-25;10796
2020-11-24;"Nitriansky kraj";147;1641;64;1705;NA;94505;211;2020-11-24;10380
2020-11-23;"Nitriansky kraj";102;9891;212;10103;NA;94505;314;2020-11-23;10169
2020-11-22;"Nitriansky kraj";7;1176;25;1201;NA;94505;32;2020-11-22;9855
2020-11-21;"Nitriansky kraj";86;1083;38;1121;NA;94505;124;2020-11-21;9823
2020-11-20;"Nitriansky kraj";264;4180;103;4283;NA;94505;367;2020-11-20;9699
2020-11-19;"Nitriansky kraj";185;3065;134;3199;NA;94505;319;2020-11-19;9332
2020-11-18;"Nitriansky kraj";188;2214;79;2293;NA;94505;267;2020-11-18;9013
2020-11-17;"Nitriansky kraj";178;596;29;625;NA;94505;207;2020-11-17;8746
2020-11-16;"Nitriansky kraj";139;1877;75;1952;NA;94505;214;2020-11-16;8539
2020-11-15;"Nitriansky kraj";14;180;5;185;NA;94505;19;2020-11-15;8325
2020-11-14;"Nitriansky kraj";114;1131;32;1163;NA;94505;146;2020-11-14;8306
2020-11-13;"Nitriansky kraj";210;936;46;982;NA;94505;256;2020-11-13;8160
2020-11-12;"Nitriansky kraj";256;1195;35;1230;NA;94505;291;2020-11-12;7904
2020-11-11;"Nitriansky kraj";279;1247;22;1269;NA;94505;301;2020-11-11;7613
2020-11-10;"Nitriansky kraj";192;2623;39;2662;NA;94505;231;2020-11-10;7312
2020-11-09;"Nitriansky kraj";128;3136;43;3179;NA;94505;171;2020-11-09;7081
2020-11-08;"Nitriansky kraj";43;1462;32;1494;NA;94505;75;2020-11-08;6910
2020-11-07;"Nitriansky kraj";130;1046;4;1050;NA;94505;134;2020-11-07;6835
2020-11-06;"Nitriansky kraj";210;2264;32;2296;NA;94505;242;2020-11-06;6701
2020-11-05;"Nitriansky kraj";178;313;14;327;NA;94505;192;2020-11-05;6459
2020-11-04;"Nitriansky kraj";211;297;16;313;NA;94505;227;2020-11-04;6267
2020-11-03;"Nitriansky kraj";216;435;25;460;NA;94505;241;2020-11-03;6040
2020-11-02;"Nitriansky kraj";171;4208;46;4254;NA;94505;217;2020-11-02;5799
2020-11-01;"Nitriansky kraj";130;2546;27;2573;NA;94505;157;2020-11-01;5582
2020-10-31;"Nitriansky kraj";261;10466;134;10600;NA;94505;395;2020-10-31;5425
2020-10-30;"Nitriansky kraj";204;2593;42;2635;NA;94505;246;2020-10-30;5030
2020-10-29;"Nitriansky kraj";293;841;39;880;NA;94505;332;2020-10-29;4784
2020-10-28;"Nitriansky kraj";216;608;59;667;NA;94505;275;2020-10-28;4452
2020-10-27;"Nitriansky kraj";296;550;47;597;NA;94505;343;2020-10-27;4177
2020-10-26;"Nitriansky kraj";69;633;56;689;NA;94505;125;2020-10-26;3834
2020-10-25;"Nitriansky kraj";50;62;8;70;NA;94505;58;2020-10-25;3709
2020-10-24;"Nitriansky kraj";169;237;11;248;NA;94505;180;2020-10-24;3651
2020-10-23;"Nitriansky kraj";282;762;41;803;NA;94505;323;2020-10-23;3471
2020-10-22;"Nitriansky kraj";137;444;39;483;NA;94505;176;2020-10-22;3148
2020-10-21;"Nitriansky kraj";146;208;3;211;NA;94505;149;2020-10-21;2972
2020-10-20;"Nitriansky kraj";197;78;6;84;NA;94505;203;2020-10-20;2823
2020-10-19;"Nitriansky kraj";148;79;1;80;NA;94505;149;2020-10-19;2620
2020-10-18;"Nitriansky kraj";22;0;0;0;NA;94505;22;2020-10-18;2471
2020-10-17;"Nitriansky kraj";67;0;0;0;NA;94505;67;2020-10-17;2449
2020-10-16;"Nitriansky kraj";133;28;3;31;NA;94505;136;2020-10-16;2382
2020-10-15;"Nitriansky kraj";106;31;2;33;NA;94505;108;2020-10-15;2246
2020-10-14;"Nitriansky kraj";80;22;4;26;NA;94505;84;2020-10-14;2138
2020-10-13;"Nitriansky kraj";101;82;2;84;NA;94505;103;2020-10-13;2054
2020-10-12;"Nitriansky kraj";36;0;0;0;NA;94505;36;2020-10-12;1951
2020-10-11;"Nitriansky kraj";8;0;0;0;NA;94505;8;2020-10-11;1915
2020-10-10;"Nitriansky kraj";107;0;0;0;NA;94505;107;2020-10-10;1907
2020-10-09;"Nitriansky kraj";120;0;0;0;NA;94505;120;2020-10-09;1800
2020-10-08;"Nitriansky kraj";132;0;0;0;NA;94505;132;2020-10-08;1680
2020-10-07;"Nitriansky kraj";81;0;0;0;NA;94505;81;2020-10-07;1548
2020-10-06;"Nitriansky kraj";48;0;0;0;NA;94505;48;2020-10-06;1467
2020-10-05;"Nitriansky kraj";20;0;0;0;NA;94505;20;2020-10-05;1419
2020-10-04;"Nitriansky kraj";17;0;0;0;NA;94505;17;2020-10-04;1399
2020-10-03;"Nitriansky kraj";96;0;0;0;NA;94505;96;2020-10-03;1382
2020-10-02;"Nitriansky kraj";108;0;0;0;NA;94505;108;2020-10-02;1286
2020-10-01;"Nitriansky kraj";95;0;0;0;NA;94505;95;2020-10-01;1178
2020-09-30;"Nitriansky kraj";100;0;0;0;NA;94505;100;2020-09-30;1083
2020-09-29;"Nitriansky kraj";50;0;0;0;NA;94505;50;2020-09-29;983
2020-09-28;"Nitriansky kraj";22;0;0;0;NA;94505;22;2020-09-28;933
2020-09-27;"Nitriansky kraj";16;0;0;0;NA;94505;16;2020-09-27;911
2020-09-26;"Nitriansky kraj";64;0;0;0;NA;94505;64;2020-09-26;895
2020-09-25;"Nitriansky kraj";90;0;0;0;NA;94505;90;2020-09-25;831
2020-09-24;"Nitriansky kraj";51;0;0;0;NA;94505;51;2020-09-24;741
2020-09-23;"Nitriansky kraj";70;0;0;0;NA;94505;70;2020-09-23;690
2020-09-22;"Nitriansky kraj";18;0;0;0;NA;94505;18;2020-09-22;620
2020-09-21;"Nitriansky kraj";10;0;0;0;NA;94505;10;2020-09-21;602
2020-09-20;"Nitriansky kraj";4;0;0;0;NA;94505;4;2020-09-20;592
2020-09-19;"Nitriansky kraj";14;0;0;0;NA;94505;14;2020-09-19;588
2020-09-18;"Nitriansky kraj";19;0;0;0;NA;94505;19;2020-09-18;574
2020-09-17;"Nitriansky kraj";30;0;0;0;NA;94505;30;2020-09-17;555
2020-09-16;"Nitriansky kraj";6;0;0;0;NA;94505;6;2020-09-16;525
2020-09-15;"Nitriansky kraj";19;0;0;0;NA;94505;19;2020-09-15;519
2020-09-14;"Nitriansky kraj";28;0;0;0;NA;94505;28;2020-09-14;500
2020-09-13;"Nitriansky kraj";3;0;0;0;NA;94505;3;2020-09-13;472
2020-09-12;"Nitriansky kraj";12;0;0;0;NA;94505;12;2020-09-12;469
2020-09-11;"Nitriansky kraj";23;0;0;0;NA;94505;23;2020-09-11;457
2020-09-10;"Nitriansky kraj";29;0;0;0;NA;94505;29;2020-09-10;434
2020-09-09;"Nitriansky kraj";19;0;0;0;NA;94505;19;2020-09-09;405
2020-09-08;"Nitriansky kraj";17;0;0;0;NA;94505;17;2020-09-08;386
2020-09-07;"Nitriansky kraj";17;0;0;0;NA;94505;17;2020-09-07;369
2020-09-06;"Nitriansky kraj";0;0;0;0;NA;94505;0;2020-09-06;352
2020-09-05;"Nitriansky kraj";22;0;0;0;NA;94505;22;2020-09-05;352
2020-09-04;"Nitriansky kraj";34;0;0;0;NA;94505;34;2020-09-04;330
2020-09-03;"Nitriansky kraj";15;0;0;0;NA;94505;15;2020-09-03;296
2020-09-02;"Nitriansky kraj";15;0;0;0;NA;94505;15;2020-09-02;281
2020-09-01;"Nitriansky kraj";2;0;0;0;NA;94505;2;2020-09-01;266
2020-08-31;"Nitriansky kraj";12;0;0;0;NA;94505;12;2020-08-31;264
2020-08-30;"Nitriansky kraj";1;0;0;0;NA;94505;1;2020-08-30;252
2020-08-29;"Nitriansky kraj";7;46;0;46;NA;94505;7;2020-08-29;251
2020-08-28;"Nitriansky kraj";12;0;0;0;NA;94505;12;2020-08-28;244
2020-08-27;"Nitriansky kraj";12;0;0;0;NA;94505;12;2020-08-27;232
2020-08-26;"Nitriansky kraj";4;0;0;0;NA;94505;4;2020-08-26;220
2020-08-25;"Nitriansky kraj";8;0;0;0;NA;94505;8;2020-08-25;216
2020-08-24;"Nitriansky kraj";1;0;0;0;NA;94505;1;2020-08-24;208
2020-08-23;"Nitriansky kraj";1;0;0;0;NA;94505;1;2020-08-23;207
2020-08-22;"Nitriansky kraj";2;0;0;0;NA;94505;2;2020-08-22;206
2020-08-21;"Nitriansky kraj";0;0;0;0;NA;94505;0;2020-08-21;204
2020-08-20;"Nitriansky kraj";7;0;0;0;NA;94505;7;2020-08-20;204
2020-08-19;"Nitriansky kraj";1;0;0;0;NA;94505;1;2020-08-19;197
2020-08-18;"Nitriansky kraj";2;0;0;0;NA;94505;2;2020-08-18;196
2020-08-17;"Nitriansky kraj";1;0;0;0;NA;94505;1;2020-08-17;194
2020-08-16;"Nitriansky kraj";0;0;0;0;NA;94505;0;2020-08-16;193
2020-08-15;"Nitriansky kraj";2;0;0;0;NA;94505;2;2020-08-15;193
2020-08-14;"Nitriansky kraj";1;0;0;0;NA;94505;1;2020-08-14;191
2020-08-13;"Nitriansky kraj";4;0;0;0;NA;94505;4;2020-08-13;190
2020-08-12;"Nitriansky kraj";0;0;0;0;NA;94505;0;2020-08-12;186
2020-08-11;"Nitriansky kraj";1;0;0;0;NA;94505;1;2020-08-11;186
2020-08-10;"Nitriansky kraj";0;0;0;0;NA;94505;0;2020-08-10;185
2020-08-09;"Nitriansky kraj";0;0;0;0;NA;94505;0;2020-08-09;185
2020-08-08;"Nitriansky kraj";0;0;0;0;NA;94505;0;2020-08-08;185
2020-08-07;"Nitriansky kraj";4;0;0;0;NA;94505;4;2020-08-07;185
2020-08-06;"Nitriansky kraj";4;0;0;0;NA;94505;4;2020-08-06;181
2020-08-05;"Nitriansky kraj";0;0;0;0;NA;94505;0;2020-08-05;177
2020-08-04;"Nitriansky kraj";7;0;0;0;NA;94505;7;2020-08-04;177
2020-08-03;"Nitriansky kraj";0;0;0;0;NA;94505;0;2020-08-03;170
2020-08-02;"Nitriansky kraj";0;0;0;0;NA;94505;0;2020-08-02;170
2020-08-01;"Nitriansky kraj";0;0;0;0;NA;94505;0;2020-08-01;170
2020-07-31;"Nitriansky kraj";0;0;0;0;NA;94505;0;2020-07-31;170
2020-07-30;"Nitriansky kraj";0;0;0;0;NA;94505;0;2020-07-30;170
2020-07-29;"Nitriansky kraj";0;0;0;0;NA;94505;0;2020-07-29;170
2020-07-28;"Nitriansky kraj";0;0;0;0;NA;94505;0;2020-07-28;170
2020-07-27;"Nitriansky kraj";0;0;0;0;NA;94505;0;2020-07-27;170
2020-07-26;"Nitriansky kraj";0;0;0;0;NA;94505;0;2020-07-26;170
2020-07-25;"Nitriansky kraj";0;0;0;0;NA;94505;0;2020-07-25;170
2020-07-24;"Nitriansky kraj";1;0;0;0;NA;94505;1;2020-07-24;170
2020-07-23;"Nitriansky kraj";3;0;0;0;NA;94505;3;2020-07-23;169
2020-07-22;"Nitriansky kraj";2;0;0;0;NA;94505;2;2020-07-22;166
2020-07-21;"Nitriansky kraj";14;0;0;0;NA;94505;14;2020-07-21;164
2020-07-20;"Nitriansky kraj";11;0;0;0;NA;94505;11;2020-07-20;150
2020-07-19;"Nitriansky kraj";0;0;0;0;NA;94505;0;2020-07-19;139
2020-07-18;"Nitriansky kraj";0;0;0;0;NA;94505;0;2020-07-18;139
2020-07-17;"Nitriansky kraj";0;0;0;0;NA;94505;0;2020-07-17;139
2020-07-16;"Nitriansky kraj";4;0;0;0;NA;94505;4;2020-07-16;139
2020-07-15;"Nitriansky kraj";5;0;0;0;NA;94505;5;2020-07-15;135
2020-07-14;"Nitriansky kraj";0;0;0;0;NA;94505;0;2020-07-14;130
2020-07-13;"Nitriansky kraj";0;0;0;0;NA;94505;0;2020-07-13;130
2020-07-12;"Nitriansky kraj";0;0;0;0;NA;94505;0;2020-07-12;130
2020-07-11;"Nitriansky kraj";0;0;0;0;NA;94505;0;2020-07-11;130
2020-07-10;"Nitriansky kraj";0;0;0;0;NA;94505;0;2020-07-10;130
2020-07-09;"Nitriansky kraj";1;0;0;0;NA;94505;1;2020-07-09;130
2020-07-08;"Nitriansky kraj";2;0;0;0;NA;94505;2;2020-07-08;129
2020-07-07;"Nitriansky kraj";0;0;0;0;NA;94505;0;2020-07-07;127
2020-07-06;"Nitriansky kraj";0;0;0;0;NA;94505;0;2020-07-06;127
2020-07-05;"Nitriansky kraj";0;0;0;0;NA;94505;0;2020-07-05;127
2020-07-04;"Nitriansky kraj";0;0;0;0;NA;94505;0;2020-07-04;127
2020-07-03;"Nitriansky kraj";0;0;0;0;NA;94505;0;2020-07-03;127
2020-07-02;"Nitriansky kraj";0;0;0;0;NA;94505;0;2020-07-02;127
2020-07-01;"Nitriansky kraj";3;0;0;0;NA;94505;3;2020-07-01;127
2020-06-30;"Nitriansky kraj";0;0;0;0;NA;94505;0;2020-06-30;124
2020-06-29;"Nitriansky kraj";0;0;0;0;NA;94505;0;2020-06-29;124
2020-06-28;"Nitriansky kraj";0;0;0;0;NA;94505;0;2020-06-28;124
2020-06-27;"Nitriansky kraj";0;0;0;0;NA;94505;0;2020-06-27;124
2020-06-26;"Nitriansky kraj";0;0;0;0;NA;94505;0;2020-06-26;124
2020-06-25;"Nitriansky kraj";0;0;0;0;NA;94505;0;2020-06-25;124
2020-06-24;"Nitriansky kraj";1;0;0;0;NA;94505;1;2020-06-24;124
2020-06-23;"Nitriansky kraj";0;0;0;0;NA;94505;0;2020-06-23;123
2020-06-22;"Nitriansky kraj";0;0;0;0;NA;94505;0;2020-06-22;123
2020-06-21;"Nitriansky kraj";0;0;0;0;NA;94505;0;2020-06-21;123
2020-06-20;"Nitriansky kraj";0;0;0;0;NA;94505;0;2020-06-20;123
2020-06-19;"Nitriansky kraj";0;0;0;0;NA;94505;0;2020-06-19;123
2020-06-18;"Nitriansky kraj";0;0;0;0;NA;94505;0;2020-06-18;123
2020-06-17;"Nitriansky kraj";0;0;0;0;NA;94505;0;2020-06-17;123
2020-06-16;"Nitriansky kraj";0;0;0;0;NA;94505;0;2020-06-16;123
2020-06-14;"Nitriansky kraj";0;0;0;0;NA;94505;0;2020-06-14;123
2020-06-13;"Nitriansky kraj";0;0;0;0;NA;94505;0;2020-06-13;123
2020-06-12;"Nitriansky kraj";0;0;0;0;NA;94505;0;2020-06-12;123
2020-06-11;"Nitriansky kraj";0;0;0;0;NA;94505;0;2020-06-11;123
2020-06-10;"Nitriansky kraj";1;0;0;0;NA;94505;1;2020-06-10;123
2020-06-09;"Nitriansky kraj";1;0;0;0;NA;94505;1;2020-06-09;122
2020-06-08;"Nitriansky kraj";0;0;0;0;NA;94505;0;2020-06-08;121
2020-06-07;"Nitriansky kraj";0;0;0;0;NA;94505;0;2020-06-07;121
2020-06-05;"Nitriansky kraj";0;0;0;0;NA;94505;0;2020-06-05;121
2020-06-03;"Nitriansky kraj";0;0;0;0;NA;94505;0;2020-06-03;121
2020-06-02;"Nitriansky kraj";1;0;0;0;NA;94505;1;2020-06-02;121
2020-05-31;"Nitriansky kraj";0;0;0;0;NA;94505;0;2020-05-31;120
2020-05-29;"Nitriansky kraj";0;0;0;0;NA;94505;0;2020-05-29;120
2020-05-27;"Nitriansky kraj";0;0;0;0;NA;94505;0;2020-05-27;120
2020-05-26;"Nitriansky kraj";0;0;0;0;NA;94505;0;2020-05-26;120
2020-05-25;"Nitriansky kraj";0;0;0;0;NA;94505;0;2020-05-25;120
2020-05-24;"Nitriansky kraj";2;0;0;0;NA;94505;2;2020-05-24;120
2020-05-23;"Nitriansky kraj";0;0;0;0;NA;94505;0;2020-05-23;118
2020-05-22;"Nitriansky kraj";1;0;0;0;NA;94505;1;2020-05-22;118
2020-05-21;"Nitriansky kraj";0;0;0;0;NA;94505;0;2020-05-21;117
2020-05-20;"Nitriansky kraj";0;0;0;0;NA;94505;0;2020-05-20;117
2020-05-19;"Nitriansky kraj";0;0;0;0;NA;94505;0;2020-05-19;117
2020-05-17;"Nitriansky kraj";0;0;0;0;NA;94505;0;2020-05-17;117
2020-05-16;"Nitriansky kraj";0;0;0;0;NA;94505;0;2020-05-16;117
2020-05-15;"Nitriansky kraj";1;0;0;0;NA;94505;1;2020-05-15;117
2020-05-14;"Nitriansky kraj";0;0;0;0;NA;94505;0;2020-05-14;116
2020-05-13;"Nitriansky kraj";0;0;0;0;NA;94505;0;2020-05-13;116
2020-05-12;"Nitriansky kraj";0;0;0;0;NA;94505;0;2020-05-12;116
2020-05-11;"Nitriansky kraj";2;0;0;0;NA;94505;2;2020-05-11;116
2020-05-09;"Nitriansky kraj";0;0;0;0;NA;94505;0;2020-05-09;114
2020-05-07;"Nitriansky kraj";1;0;0;0;NA;94505;1;2020-05-07;114
2020-05-06;"Nitriansky kraj";9;0;0;0;NA;94505;9;2020-05-06;113
2020-05-05;"Nitriansky kraj";0;0;0;0;NA;94505;0;2020-05-05;104
2020-05-04;"Nitriansky kraj";5;0;0;0;NA;94505;5;2020-05-04;104
2020-05-03;"Nitriansky kraj";2;0;0;0;NA;94505;2;2020-05-03;99
2020-05-02;"Nitriansky kraj";0;0;0;0;NA;94505;0;2020-05-02;97
2020-05-01;"Nitriansky kraj";1;0;0;0;NA;94505;1;2020-05-01;97
2020-04-30;"Nitriansky kraj";0;0;0;0;NA;94505;0;2020-04-30;96
2020-04-29;"Nitriansky kraj";0;0;0;0;NA;94505;0;2020-04-29;96
2020-04-28;"Nitriansky kraj";1;0;0;0;NA;94505;1;2020-04-28;96
2020-04-27;"Nitriansky kraj";0;0;0;0;NA;94505;0;2020-04-27;95
2020-04-26;"Nitriansky kraj";0;0;0;0;NA;94505;0;2020-04-26;95
2020-04-25;"Nitriansky kraj";0;0;0;0;NA;94505;0;2020-04-25;95
2020-04-24;"Nitriansky kraj";0;0;0;0;NA;94505;0;2020-04-24;95
2020-04-23;"Nitriansky kraj";3;0;0;0;NA;94505;3;2020-04-23;95
2020-04-22;"Nitriansky kraj";16;0;0;0;NA;94505;16;2020-04-22;92
2020-04-21;"Nitriansky kraj";6;0;0;0;NA;94505;6;2020-04-21;76
2020-04-20;"Nitriansky kraj";5;0;0;0;NA;94505;5;2020-04-20;70
2020-04-19;"Nitriansky kraj";0;0;0;0;NA;94505;0;2020-04-19;65
2020-04-18;"Nitriansky kraj";0;0;0;0;NA;94505;0;2020-04-18;65
2020-04-17;"Nitriansky kraj";7;0;0;0;NA;94505;7;2020-04-17;65
2020-04-16;"Nitriansky kraj";0;0;0;0;NA;94505;0;2020-04-16;58
2020-04-15;"Nitriansky kraj";6;0;0;0;NA;94505;6;2020-04-15;58
2020-04-14;"Nitriansky kraj";2;0;0;0;NA;94505;2;2020-04-14;52
2020-04-13;"Nitriansky kraj";1;0;0;0;NA;94505;1;2020-04-13;50
2020-04-12;"Nitriansky kraj";3;0;0;0;NA;94505;3;2020-04-12;49
2020-04-11;"Nitriansky kraj";1;0;0;0;NA;94505;1;2020-04-11;46
2020-04-10;"Nitriansky kraj";1;0;0;0;NA;94505;1;2020-04-10;45
2020-04-09;"Nitriansky kraj";0;0;0;0;NA;94505;0;2020-04-09;44
2020-04-08;"Nitriansky kraj";2;0;0;0;NA;94505;2;2020-04-08;44
2020-04-07;"Nitriansky kraj";3;0;0;0;NA;94505;3;2020-04-07;42
2020-04-06;"Nitriansky kraj";4;0;0;0;NA;94505;4;2020-04-06;39
2020-04-05;"Nitriansky kraj";5;0;0;0;NA;94505;5;2020-04-05;35
2020-04-04;"Nitriansky kraj";0;0;0;0;NA;94505;0;2020-04-04;30
2020-04-03;"Nitriansky kraj";0;0;0;0;NA;94505;0;2020-04-03;30
2020-04-02;"Nitriansky kraj";1;0;0;0;NA;94505;1;2020-04-02;30
2020-04-01;"Nitriansky kraj";0;0;0;0;NA;94505;0;2020-04-01;29
2020-03-31;"Nitriansky kraj";3;0;0;0;NA;94505;3;2020-03-31;29
2020-03-30;"Nitriansky kraj";3;0;0;0;NA;94505;3;2020-03-30;26
2020-03-29;"Nitriansky kraj";3;0;0;0;NA;94505;3;2020-03-29;23
2020-03-28;"Nitriansky kraj";1;0;0;0;NA;94505;1;2020-03-28;20
2020-03-27;"Nitriansky kraj";1;0;0;0;NA;94505;1;2020-03-27;19
2020-03-26;"Nitriansky kraj";1;0;0;0;NA;94505;1;2020-03-26;18
2020-03-25;"Nitriansky kraj";1;0;0;0;NA;94505;1;2020-03-25;17
2020-03-24;"Nitriansky kraj";0;0;0;0;NA;94505;0;2020-03-24;16
2020-03-23;"Nitriansky kraj";2;0;0;0;NA;94505;2;2020-03-23;16
2020-03-22;"Nitriansky kraj";2;0;0;0;NA;94505;2;2020-03-22;14
2020-03-21;"Nitriansky kraj";2;0;0;0;NA;94505;2;2020-03-21;12
2020-03-20;"Nitriansky kraj";1;0;0;0;NA;94505;1;2020-03-20;10
2020-03-19;"Nitriansky kraj";1;0;0;0;NA;94505;1;2020-03-19;9
2020-03-18;"Nitriansky kraj";2;0;0;0;NA;94505;2;2020-03-18;8
2020-03-17;"Nitriansky kraj";1;0;0;0;NA;94505;1;2020-03-17;6
2020-03-16;"Nitriansky kraj";0;0;0;0;NA;94505;0;2020-03-16;5
2020-03-15;"Nitriansky kraj";4;0;0;0;NA;94505;4;2020-03-15;5
2020-03-14;"Nitriansky kraj";1;0;0;0;NA;94505;1;2020-03-14;1
2020-03-13;"Nitriansky kraj";0;0;0;0;NA;94505;0;2020-03-13;0
2020-03-12;"Nitriansky kraj";0;0;0;0;NA;94505;0;2020-03-12;0
2020-03-11;"Nitriansky kraj";0;0;0;0;NA;94505;0;2020-03-11;0
2020-03-09;"Nitriansky kraj";0;0;0;0;NA;94505;0;2020-03-09;0
2020-03-08;"Nitriansky kraj";0;0;0;0;NA;94505;0;2020-03-08;0
2020-03-07;"Nitriansky kraj";0;0;0;0;NA;94505;0;2020-03-07;0
2020-03-06;"Nitriansky kraj";0;0;0;0;NA;94505;0;2020-03-06;0
2021-10-05;"Prešovský kraj";430;0;0;0;65655;120642;430;2021-10-05;120642
2021-10-04;"Prešovský kraj";353;9;0;9;NA;120642;353;2021-10-04;120212
2021-10-03;"Prešovský kraj";19;1203;31;1234;NA;120642;50;2021-10-03;119859
2021-10-02;"Prešovský kraj";269;1584;34;1618;NA;120642;303;2021-10-02;119809
2021-10-01;"Prešovský kraj";325;3548;52;3600;NA;120642;377;2021-10-01;119506
2021-09-30;"Prešovský kraj";265;3950;82;4032;NA;120642;347;2021-09-30;119129
2021-09-29;"Prešovský kraj";381;3788;54;3842;NA;120642;435;2021-09-29;118782
2021-09-28;"Prešovský kraj";312;4672;69;4741;NA;120642;381;2021-09-28;118347
2021-09-27;"Prešovský kraj";257;4997;103;5100;NA;120642;360;2021-09-27;117966
2021-09-26;"Prešovský kraj";8;2377;66;2443;NA;120642;74;2021-09-26;117606
2021-09-25;"Prešovský kraj";134;2502;46;2548;NA;120642;180;2021-09-25;117532
2021-09-24;"Prešovský kraj";297;4853;63;4916;NA;120642;360;2021-09-24;117352
2021-09-23;"Prešovský kraj";109;4032;45;4077;NA;120642;154;2021-09-23;116992
2021-09-22;"Prešovský kraj";177;3800;41;3841;NA;120642;218;2021-09-22;116838
2021-09-21;"Prešovský kraj";219;5243;70;5313;NA;120642;289;2021-09-21;116620
2021-09-20;"Prešovský kraj";180;5048;67;5115;NA;120642;247;2021-09-20;116331
2021-09-19;"Prešovský kraj";7;2682;30;2712;NA;120642;37;2021-09-19;116084
2021-09-18;"Prešovský kraj";169;2383;37;2420;NA;120642;206;2021-09-18;116047
2021-09-17;"Prešovský kraj";157;4429;47;4476;NA;120642;204;2021-09-17;115841
2021-09-16;"Prešovský kraj";146;4247;71;4318;NA;120642;217;2021-09-16;115637
2021-09-15;"Prešovský kraj";68;688;19;707;NA;120642;87;2021-09-15;115420
2021-09-14;"Prešovský kraj";133;3350;38;3388;NA;120642;171;2021-09-14;115333
2021-09-13;"Prešovský kraj";105;4182;37;4219;NA;120642;142;2021-09-13;115162
2021-09-12;"Prešovský kraj";4;1755;29;1784;NA;120642;33;2021-09-12;115020
2021-09-11;"Prešovský kraj";65;1943;24;1967;NA;120642;89;2021-09-11;114987
2021-09-10;"Prešovský kraj";105;3185;30;3215;NA;120642;135;2021-09-10;114898
2021-09-09;"Prešovský kraj";29;3069;27;3096;NA;120642;56;2021-09-09;114763
2021-09-08;"Prešovský kraj";73;2438;19;2457;NA;120642;92;2021-09-08;114707
2021-09-07;"Prešovský kraj";82;2624;24;2648;NA;120642;106;2021-09-07;114615
2021-09-06;"Prešovský kraj";61;3048;20;3068;NA;120642;81;2021-09-06;114509
2021-09-05;"Prešovský kraj";5;1328;11;1339;NA;120642;16;2021-09-05;114428
2021-09-04;"Prešovský kraj";27;1857;14;1871;NA;120642;41;2021-09-04;114412
2021-09-03;"Prešovský kraj";39;2925;15;2940;NA;120642;54;2021-09-03;114371
2021-09-02;"Prešovský kraj";39;2558;20;2578;NA;120642;59;2021-09-02;114317
2021-09-01;"Prešovský kraj";14;563;6;569;NA;120642;20;2021-09-01;114258
2021-08-31;"Prešovský kraj";47;2419;13;2432;NA;120642;60;2021-08-31;114238
2021-08-30;"Prešovský kraj";23;2719;19;2738;NA;120642;42;2021-08-30;114178
2021-08-29;"Prešovský kraj";3;765;1;766;NA;120642;4;2021-08-29;114136
2021-08-28;"Prešovský kraj";5;2085;8;2093;NA;120642;13;2021-08-28;114132
2021-08-27;"Prešovský kraj";32;3061;8;3069;NA;120642;40;2021-08-27;114119
2021-08-26;"Prešovský kraj";13;2077;8;2085;NA;120642;21;2021-08-26;114079
2021-08-25;"Prešovský kraj";18;1929;4;1933;NA;120642;22;2021-08-25;114058
2021-08-24;"Prešovský kraj";10;2125;5;2130;NA;120642;15;2021-08-24;114036
2021-08-23;"Prešovský kraj";16;2554;6;2560;NA;120642;22;2021-08-23;114021
2021-08-22;"Prešovský kraj";0;1426;6;1432;NA;120642;6;2021-08-22;113999
2021-08-21;"Prešovský kraj";29;2004;4;2008;NA;120642;33;2021-08-21;113993
2021-08-20;"Prešovský kraj";15;2906;7;2913;NA;120642;22;2021-08-20;113960
2021-08-19;"Prešovský kraj";22;2233;8;2241;NA;120642;30;2021-08-19;113938
2021-08-18;"Prešovský kraj";6;1752;11;1763;NA;120642;17;2021-08-18;113908
2021-08-17;"Prešovský kraj";29;1829;6;1835;NA;120642;35;2021-08-17;113891
2021-08-16;"Prešovský kraj";11;2459;7;2466;NA;120642;18;2021-08-16;113856
2021-08-15;"Prešovský kraj";0;896;2;898;NA;120642;2;2021-08-15;113838
2021-08-14;"Prešovský kraj";14;1662;1;1663;NA;120642;15;2021-08-14;113836
2021-08-13;"Prešovský kraj";24;1646;12;1658;NA;120642;36;2021-08-13;113821
2021-08-12;"Prešovský kraj";9;1752;3;1755;NA;120642;12;2021-08-12;113785
2021-08-11;"Prešovský kraj";15;1193;3;1196;NA;120642;18;2021-08-11;113773
2021-08-10;"Prešovský kraj";10;1102;4;1106;NA;120642;14;2021-08-10;113755
2021-08-09;"Prešovský kraj";13;2156;4;2160;NA;120642;17;2021-08-09;113741
2021-08-08;"Prešovský kraj";2;675;2;677;NA;120642;4;2021-08-08;113724
2021-08-07;"Prešovský kraj";5;1114;3;1117;NA;120642;8;2021-08-07;113720
2021-08-06;"Prešovský kraj";9;1459;4;1463;NA;120642;13;2021-08-06;113712
2021-08-05;"Prešovský kraj";9;1370;2;1372;NA;120642;11;2021-08-05;113699
2021-08-04;"Prešovský kraj";6;1007;1;1008;NA;120642;7;2021-08-04;113688
2021-08-03;"Prešovský kraj";8;977;1;978;NA;120642;9;2021-08-03;113681
2021-08-02;"Prešovský kraj";5;1476;6;1482;NA;120642;11;2021-08-02;113672
2021-08-01;"Prešovský kraj";0;738;2;740;NA;120642;2;2021-08-01;113661
2021-07-31;"Prešovský kraj";20;1080;0;1080;NA;120642;20;2021-07-31;113659
2021-07-30;"Prešovský kraj";2;1403;1;1404;NA;120642;3;2021-07-30;113639
2021-07-29;"Prešovský kraj";6;1302;1;1303;NA;120642;7;2021-07-29;113636
2021-07-28;"Prešovský kraj";6;1106;1;1107;NA;120642;7;2021-07-28;113629
2021-07-27;"Prešovský kraj";5;1140;2;1142;NA;120642;7;2021-07-27;113622
2021-07-26;"Prešovský kraj";12;1583;1;1584;NA;120642;13;2021-07-26;113615
2021-07-25;"Prešovský kraj";0;687;1;688;NA;120642;1;2021-07-25;113602
2021-07-24;"Prešovský kraj";8;1040;0;1040;NA;120642;8;2021-07-24;113601
2021-07-23;"Prešovský kraj";8;1608;1;1609;NA;120642;9;2021-07-23;113593
2021-07-22;"Prešovský kraj";13;1431;10;1441;NA;120642;23;2021-07-22;113584
2021-07-21;"Prešovský kraj";5;1076;1;1077;NA;120642;6;2021-07-21;113561
2021-07-20;"Prešovský kraj";4;1046;0;1046;NA;120642;4;2021-07-20;113555
2021-07-19;"Prešovský kraj";2;1644;4;1648;NA;120642;6;2021-07-19;113551
2021-07-18;"Prešovský kraj";1;647;0;647;NA;120642;1;2021-07-18;113545
2021-07-17;"Prešovský kraj";6;1245;1;1246;NA;120642;7;2021-07-17;113544
2021-07-16;"Prešovský kraj";4;1558;2;1560;NA;120642;6;2021-07-16;113537
2021-07-15;"Prešovský kraj";5;1310;4;1314;NA;120642;9;2021-07-15;113531
2021-07-14;"Prešovský kraj";1;1051;2;1053;NA;120642;3;2021-07-14;113522
2021-07-13;"Prešovský kraj";1;1071;2;1073;NA;120642;3;2021-07-13;113519
2021-07-12;"Prešovský kraj";1;1949;2;1951;NA;120642;3;2021-07-12;113516
2021-07-11;"Prešovský kraj";0;660;1;661;NA;120642;1;2021-07-11;113513
2021-07-10;"Prešovský kraj";4;1229;2;1231;NA;120642;6;2021-07-10;113512
2021-07-09;"Prešovský kraj";6;1957;1;1958;NA;120642;7;2021-07-09;113506
2021-07-08;"Prešovský kraj";5;1192;0;1192;NA;120642;5;2021-07-08;113499
2021-07-07;"Prešovský kraj";7;1468;3;1471;NA;120642;10;2021-07-07;113494
2021-07-06;"Prešovský kraj";5;1423;2;1425;NA;120642;7;2021-07-06;113484
2021-07-05;"Prešovský kraj";2;645;0;645;NA;120642;2;2021-07-05;113477
2021-07-04;"Prešovský kraj";0;788;0;788;NA;120642;0;2021-07-04;113475
2021-07-03;"Prešovský kraj";2;1391;0;1391;NA;120642;2;2021-07-03;113475
2021-07-02;"Prešovský kraj";4;1796;0;1796;NA;120642;4;2021-07-02;113473
2021-07-01;"Prešovský kraj";2;1590;1;1591;NA;120642;3;2021-07-01;113469
2021-06-30;"Prešovský kraj";3;8696;4;8700;NA;120642;7;2021-06-30;113466
2021-06-29;"Prešovský kraj";1;4935;3;4938;NA;120642;4;2021-06-29;113459
2021-06-28;"Prešovský kraj";5;6109;2;6111;NA;120642;7;2021-06-28;113455
2021-06-27;"Prešovský kraj";0;3852;1;3853;NA;120642;1;2021-06-27;113448
2021-06-26;"Prešovský kraj";4;5815;1;5816;NA;120642;5;2021-06-26;113447
2021-06-25;"Prešovský kraj";7;7321;4;7325;NA;120642;11;2021-06-25;113442
2021-06-24;"Prešovský kraj";10;5406;5;5411;NA;120642;15;2021-06-24;113431
2021-06-23;"Prešovský kraj";4;5124;2;5126;NA;120642;6;2021-06-23;113416
2021-06-22;"Prešovský kraj";5;5143;1;5144;NA;120642;6;2021-06-22;113410
2021-06-21;"Prešovský kraj";13;7033;6;7039;NA;120642;19;2021-06-21;113404
2021-06-20;"Prešovský kraj";0;5204;3;5207;NA;120642;3;2021-06-20;113385
2021-06-19;"Prešovský kraj";1;7349;5;7354;NA;120642;6;2021-06-19;113382
2021-06-18;"Prešovský kraj";9;8682;10;8692;NA;120642;19;2021-06-18;113376
2021-06-17;"Prešovský kraj";9;6548;5;6553;NA;120642;14;2021-06-17;113357
2021-06-16;"Prešovský kraj";6;6422;3;6425;NA;120642;9;2021-06-16;113343
2021-06-15;"Prešovský kraj";2;5709;4;5713;NA;120642;6;2021-06-15;113334
2021-06-14;"Prešovský kraj";5;8229;13;8242;NA;120642;18;2021-06-14;113328
2021-06-13;"Prešovský kraj";1;6455;7;6462;NA;120642;8;2021-06-13;113310
2021-06-12;"Prešovský kraj";3;8904;9;8913;NA;120642;12;2021-06-12;113302
2021-06-11;"Prešovský kraj";21;9877;9;9886;NA;120642;30;2021-06-11;113290
2021-06-10;"Prešovský kraj";11;6512;10;6522;NA;120642;21;2021-06-10;113260
2021-06-09;"Prešovský kraj";16;6375;3;6378;NA;120642;19;2021-06-09;113239
2021-06-08;"Prešovský kraj";31;6495;12;6507;NA;120642;43;2021-06-08;113220
2021-06-07;"Prešovský kraj";11;9111;15;9126;NA;120642;26;2021-06-07;113177
2021-06-06;"Prešovský kraj";0;8016;5;8021;NA;120642;5;2021-06-06;113151
2021-06-05;"Prešovský kraj";17;10248;15;10263;NA;120642;32;2021-06-05;113146
2021-06-04;"Prešovský kraj";26;10321;18;10339;NA;120642;44;2021-06-04;113114
2021-06-03;"Prešovský kraj";14;6820;16;6836;NA;120642;30;2021-06-03;113070
2021-06-02;"Prešovský kraj";47;7372;14;7386;NA;120642;61;2021-06-02;113040
2021-06-01;"Prešovský kraj";15;6926;14;6940;NA;120642;29;2021-06-01;112979
2021-05-31;"Prešovský kraj";27;9951;22;9973;NA;120642;49;2021-05-31;112950
2021-05-30;"Prešovský kraj";2;9717;14;9731;NA;120642;16;2021-05-30;112901
2021-05-29;"Prešovský kraj";23;12733;24;12757;NA;120642;47;2021-05-29;112885
2021-05-28;"Prešovský kraj";30;12468;19;12487;NA;120642;49;2021-05-28;112838
2021-05-27;"Prešovský kraj";16;7653;37;7690;NA;120642;53;2021-05-27;112789
2021-05-26;"Prešovský kraj";32;8140;23;8163;NA;120642;55;2021-05-26;112736
2021-05-25;"Prešovský kraj";38;8690;20;8710;NA;120642;58;2021-05-25;112681
2021-05-24;"Prešovský kraj";17;13298;37;13335;NA;120642;54;2021-05-24;112623
2021-05-23;"Prešovský kraj";3;11947;20;11967;NA;120642;23;2021-05-23;112569
2021-05-22;"Prešovský kraj";11;14422;44;14466;NA;120642;55;2021-05-22;112546
2021-05-21;"Prešovský kraj";44;13803;24;13827;NA;120642;68;2021-05-21;112491
2021-05-20;"Prešovský kraj";13;9437;29;9466;NA;120642;42;2021-05-20;112423
2021-05-19;"Prešovský kraj";60;10756;36;10792;NA;120642;96;2021-05-19;112381
2021-05-18;"Prešovský kraj";44;9062;27;9089;NA;120642;71;2021-05-18;112285
2021-05-17;"Prešovský kraj";60;12856;47;12903;NA;120642;107;2021-05-17;112214
2021-05-16;"Prešovský kraj";20;16302;66;16368;NA;120642;86;2021-05-16;112107
2021-05-15;"Prešovský kraj";20;24604;81;24685;NA;120642;101;2021-05-15;112021
2021-05-14;"Prešovský kraj";49;18671;68;18739;NA;120642;117;2021-05-14;111920
2021-05-13;"Prešovský kraj";54;11166;71;11237;NA;120642;125;2021-05-13;111803
2021-05-12;"Prešovský kraj";59;10822;39;10861;NA;120642;98;2021-05-12;111678
2021-05-11;"Prešovský kraj";61;10728;48;10776;NA;120642;109;2021-05-11;111580
2021-05-10;"Prešovský kraj";79;15726;67;15793;NA;120642;146;2021-05-10;111471
2021-05-09;"Prešovský kraj";54;21658;82;21740;NA;120642;136;2021-05-09;111325
2021-05-08;"Prešovský kraj";39;23050;52;23102;NA;120642;91;2021-05-08;111189
2021-05-07;"Prešovský kraj";81;23543;66;23609;NA;120642;147;2021-05-07;111098
2021-05-06;"Prešovský kraj";107;12924;66;12990;NA;120642;173;2021-05-06;110951
2021-05-05;"Prešovský kraj";60;12808;84;12892;NA;120642;144;2021-05-05;110778
2021-05-04;"Prešovský kraj";203;13470;67;13537;NA;120642;270;2021-05-04;110634
2021-05-03;"Prešovský kraj";68;18458;109;18567;NA;120642;177;2021-05-03;110364
2021-05-02;"Prešovský kraj";29;36676;102;36778;NA;120642;131;2021-05-02;110187
2021-05-01;"Prešovský kraj";70;57153;183;57336;NA;120642;253;2021-05-01;110056
2021-04-30;"Prešovský kraj";135;39333;118;39451;NA;120642;253;2021-04-30;109803
2021-04-29;"Prešovský kraj";110;16635;97;16732;NA;120642;207;2021-04-29;109550
2021-04-28;"Prešovský kraj";122;18671;89;18760;NA;120642;211;2021-04-28;109343
2021-04-27;"Prešovský kraj";154;19994;120;20114;NA;120642;274;2021-04-27;109132
2021-04-26;"Prešovský kraj";99;27241;123;27364;NA;120642;222;2021-04-26;108858
2021-04-25;"Prešovský kraj";9;52776;156;52932;NA;120642;165;2021-04-25;108636
2021-04-24;"Prešovský kraj";61;85698;243;85941;NA;120642;304;2021-04-24;108471
2021-04-23;"Prešovský kraj";171;40365;137;40502;NA;120642;308;2021-04-23;108167
2021-04-22;"Prešovský kraj";86;18104;125;18229;NA;120642;211;2021-04-22;107859
2021-04-21;"Prešovský kraj";144;21550;139;21689;NA;120642;283;2021-04-21;107648
2021-04-20;"Prešovský kraj";115;23346;128;23474;NA;120642;243;2021-04-20;107365
2021-04-19;"Prešovský kraj";106;29133;145;29278;NA;120642;251;2021-04-19;107122
2021-04-18;"Prešovský kraj";4;51824;129;51953;NA;120642;133;2021-04-18;106871
2021-04-17;"Prešovský kraj";119;97970;238;98208;NA;120642;357;2021-04-17;106738
2021-04-16;"Prešovský kraj";135;40989;146;41135;NA;120642;281;2021-04-16;106381
2021-04-15;"Prešovský kraj";112;20179;137;20316;NA;120642;249;2021-04-15;106100
2021-04-14;"Prešovský kraj";199;23332;130;23462;NA;120642;329;2021-04-14;105851
2021-04-13;"Prešovský kraj";180;23907;116;24023;NA;120642;296;2021-04-13;105522
2021-04-12;"Prešovský kraj";172;30152;175;30327;NA;120642;347;2021-04-12;105226
2021-04-11;"Prešovský kraj";11;49955;187;50142;NA;120642;198;2021-04-11;104879
2021-04-10;"Prešovský kraj";94;90181;297;90478;NA;120642;391;2021-04-10;104681
2021-04-09;"Prešovský kraj";255;37163;200;37363;NA;120642;455;2021-04-09;104290
2021-04-08;"Prešovský kraj";192;18893;157;19050;NA;120642;349;2021-04-08;103835
2021-04-07;"Prešovský kraj";314;27797;154;27951;NA;120642;468;2021-04-07;103486
2021-04-06;"Prešovský kraj";231;41711;268;41979;NA;120642;499;2021-04-06;103018
2021-04-05;"Prešovský kraj";54;18454;132;18586;NA;120642;186;2021-04-05;102519
2021-04-04;"Prešovský kraj";31;18569;91;18660;NA;120642;122;2021-04-04;102333
2021-04-03;"Prešovský kraj";104;90664;321;90985;NA;120642;425;2021-04-03;102211
2021-04-02;"Prešovský kraj";194;23381;134;23515;NA;120642;328;2021-04-02;101786
2021-04-01;"Prešovský kraj";256;42879;195;43074;NA;120642;451;2021-04-01;101458
2021-03-31;"Prešovský kraj";311;30176;227;30403;NA;120642;538;2021-03-31;101007
2021-03-30;"Prešovský kraj";374;20751;203;20954;NA;120642;577;2021-03-30;100469
2021-03-29;"Prešovský kraj";219;28188;229;28417;NA;120642;448;2021-03-29;99892
2021-03-28;"Prešovský kraj";26;46811;256;47067;NA;120642;282;2021-03-28;99444
2021-03-27;"Prešovský kraj";181;88673;372;89045;NA;120642;553;2021-03-27;99162
2021-03-26;"Prešovský kraj";310;47751;299;48050;NA;120642;609;2021-03-26;98609
2021-03-25;"Prešovský kraj";248;22281;213;22494;NA;120642;461;2021-03-25;98000
2021-03-24;"Prešovský kraj";381;19590;213;19803;NA;120642;594;2021-03-24;97539
2021-03-23;"Prešovský kraj";241;20351;255;20606;NA;120642;496;2021-03-23;96945
2021-03-22;"Prešovský kraj";299;28634;287;28921;NA;120642;586;2021-03-22;96449
2021-03-21;"Prešovský kraj";32;49439;266;49705;NA;120642;298;2021-03-21;95863
2021-03-20;"Prešovský kraj";180;92529;426;92955;NA;120642;606;2021-03-20;95565
2021-03-19;"Prešovský kraj";373;46582;326;46908;NA;120642;699;2021-03-19;94959
2021-03-18;"Prešovský kraj";251;21721;217;21938;NA;120642;468;2021-03-18;94260
2021-03-17;"Prešovský kraj";331;20887;231;21118;NA;120642;562;2021-03-17;93792
2021-03-16;"Prešovský kraj";461;21094;278;21372;NA;120642;739;2021-03-16;93230
2021-03-15;"Prešovský kraj";370;28813;324;29137;NA;120642;694;2021-03-15;92491
2021-03-14;"Prešovský kraj";52;50410;356;50766;NA;120642;408;2021-03-14;91797
2021-03-13;"Prešovský kraj";200;94768;531;95299;NA;120642;731;2021-03-13;91389
2021-03-12;"Prešovský kraj";425;47691;368;48059;NA;120642;793;2021-03-12;90658
2021-03-11;"Prešovský kraj";463;22059;253;22312;NA;120642;716;2021-03-11;89865
2021-03-10;"Prešovský kraj";325;20821;293;21114;NA;120642;618;2021-03-10;89149
2021-03-09;"Prešovský kraj";505;21496;288;21784;NA;120642;793;2021-03-09;88531
2021-03-08;"Prešovský kraj";314;28903;333;29236;NA;120642;647;2021-03-08;87738
2021-03-07;"Prešovský kraj";19;48328;388;48716;NA;120642;407;2021-03-07;87091
2021-03-06;"Prešovský kraj";193;97527;591;98118;NA;120642;784;2021-03-06;86684
2021-03-05;"Prešovský kraj";497;46054;397;46451;NA;120642;894;2021-03-05;85900
2021-03-04;"Prešovský kraj";372;22670;359;23029;NA;120642;731;2021-03-04;85006
2021-03-03;"Prešovský kraj";397;21623;333;21956;NA;120642;730;2021-03-03;84275
2021-03-02;"Prešovský kraj";421;22682;357;23039;NA;120642;778;2021-03-02;83545
2021-03-01;"Prešovský kraj";303;27716;406;28122;NA;120642;709;2021-03-01;82767
2021-02-28;"Prešovský kraj";75;45000;387;45387;NA;120642;462;2021-02-28;82058
2021-02-27;"Prešovský kraj";273;90231;734;90965;NA;120642;1007;2021-02-27;81596
2021-02-26;"Prešovský kraj";455;41340;438;41778;NA;120642;893;2021-02-26;80589
2021-02-25;"Prešovský kraj";270;19496;337;19833;NA;120642;607;2021-02-25;79696
2021-02-24;"Prešovský kraj";328;19026;377;19403;NA;120642;705;2021-02-24;79089
2021-02-23;"Prešovský kraj";430;21277;345;21622;NA;120642;775;2021-02-23;78384
2021-02-22;"Prešovský kraj";351;27180;356;27536;NA;120642;707;2021-02-22;77609
2021-02-21;"Prešovský kraj";66;31453;301;31754;NA;120642;367;2021-02-21;76902
2021-02-20;"Prešovský kraj";129;71413;517;71930;NA;120642;646;2021-02-20;76535
2021-02-19;"Prešovský kraj";381;38995;430;39425;NA;120642;811;2021-02-19;75889
2021-02-18;"Prešovský kraj";268;16960;322;17282;NA;120642;590;2021-02-18;75078
2021-02-17;"Prešovský kraj";293;17392;246;17638;NA;120642;539;2021-02-17;74488
2021-02-16;"Prešovský kraj";422;18862;265;19127;NA;120642;687;2021-02-16;73949
2021-02-15;"Prešovský kraj";211;31366;303;31669;NA;120642;514;2021-02-15;73262
2021-02-14;"Prešovský kraj";27;39387;321;39708;NA;120642;348;2021-02-14;72748
2021-02-13;"Prešovský kraj";157;74747;402;75149;NA;120642;559;2021-02-13;72400
2021-02-12;"Prešovský kraj";308;38758;365;39123;NA;120642;673;2021-02-12;71841
2021-02-11;"Prešovský kraj";218;16207;238;16445;NA;120642;456;2021-02-11;71168
2021-02-10;"Prešovský kraj";220;18542;282;18824;NA;120642;502;2021-02-10;70712
2021-02-09;"Prešovský kraj";323;21497;370;21867;NA;120642;693;2021-02-09;70210
2021-02-08;"Prešovský kraj";161;36924;261;37185;NA;120642;422;2021-02-08;69517
2021-02-07;"Prešovský kraj";21;34227;209;34436;NA;120642;230;2021-02-07;69095
2021-02-06;"Prešovský kraj";176;69164;360;69524;NA;120642;536;2021-02-06;68865
2021-02-05;"Prešovský kraj";177;31271;262;31533;NA;120642;439;2021-02-05;68329
2021-02-04;"Prešovský kraj";176;13080;237;13317;NA;120642;413;2021-02-04;67890
2021-02-03;"Prešovský kraj";251;8421;236;8657;NA;120642;487;2021-02-03;67477
2021-02-02;"Prešovský kraj";249;11769;264;12033;NA;120642;513;2021-02-02;66990
2021-02-01;"Prešovský kraj";220;16059;316;16375;NA;120642;536;2021-02-01;66477
2021-01-31;"Prešovský kraj";42;10587;107;10694;NA;120642;149;2021-01-31;65941
2021-01-30;"Prešovský kraj";142;23939;215;24154;NA;120642;357;2021-01-30;65792
2021-01-29;"Prešovský kraj";185;17924;326;18250;NA;120642;511;2021-01-29;65435
2021-01-28;"Prešovský kraj";311;7348;150;7498;NA;120642;461;2021-01-28;64924
2021-01-27;"Prešovský kraj";153;9730;147;9877;NA;120642;300;2021-01-27;64463
2021-01-26;"Prešovský kraj";252;16653;151;16804;NA;120642;403;2021-01-26;64163
2021-01-25;"Prešovský kraj";196;30092;253;30345;NA;120642;449;2021-01-25;63760
2021-01-24;"Prešovský kraj";12;45706;304;46010;NA;120642;316;2021-01-24;63311
2021-01-23;"Prešovský kraj";189;96883;487;97370;NA;120642;676;2021-01-23;62995
2021-01-22;"Prešovský kraj";187;35383;261;35644;NA;120642;448;2021-01-22;62319
2021-01-21;"Prešovský kraj";187;20434;212;20646;NA;120642;399;2021-01-21;61871
2021-01-20;"Prešovský kraj";253;14782;195;14977;NA;120642;448;2021-01-20;61472
2021-01-19;"Prešovský kraj";281;12329;305;12634;NA;120642;586;2021-01-19;61024
2021-01-18;"Prešovský kraj";203;10422;336;10758;NA;120642;539;2021-01-18;60438
2021-01-17;"Prešovský kraj";107;14391;1008;15399;NA;120642;1115;2021-01-17;59899
2021-01-16;"Prešovský kraj";72;1838;81;1919;NA;120642;153;2021-01-16;58784
2021-01-15;"Prešovský kraj";159;7033;257;7290;NA;120642;416;2021-01-15;58631
2021-01-14;"Prešovský kraj";268;5534;256;5790;NA;120642;524;2021-01-14;58215
2021-01-13;"Prešovský kraj";342;5649;226;5875;NA;120642;568;2021-01-13;57691
2021-01-12;"Prešovský kraj";455;8251;386;8637;NA;120642;841;2021-01-12;57123
2021-01-11;"Prešovský kraj";343;8149;471;8620;NA;120642;814;2021-01-11;56282
2021-01-10;"Prešovský kraj";63;476;23;499;NA;120642;86;2021-01-10;55468
2021-01-09;"Prešovský kraj";439;2248;125;2373;NA;120642;564;2021-01-09;55382
2021-01-08;"Prešovský kraj";430;10416;561;10977;NA;120642;991;2021-01-08;54818
2021-01-07;"Prešovský kraj";268;7432;622;8054;NA;120642;890;2021-01-07;53827
2021-01-06;"Prešovský kraj";315;1484;134;1618;NA;120642;449;2021-01-06;52937
2021-01-05;"Prešovský kraj";655;11275;976;12251;NA;120642;1631;2021-01-05;52488
2021-01-04;"Prešovský kraj";371;16845;1789;18634;NA;120642;2160;2021-01-04;50857
2021-01-03;"Prešovský kraj";89;459;41;500;NA;120642;130;2021-01-03;48697
2021-01-02;"Prešovský kraj";65;1556;160;1716;NA;120642;225;2021-01-02;48567
2021-01-01;"Prešovský kraj";174;956;71;1027;NA;120642;245;2021-01-01;48342
2020-12-31;"Prešovský kraj";640;11959;783;12742;NA;120642;1423;2020-12-31;48097
2020-12-30;"Prešovský kraj";729;8729;769;9498;NA;120642;1498;2020-12-30;46674
2020-12-29;"Prešovský kraj";435;9273;949;10222;NA;120642;1384;2020-12-29;45176
2020-12-28;"Prešovský kraj";393;9046;1079;10125;NA;120642;1472;2020-12-28;43792
2020-12-27;"Prešovský kraj";40;613;45;658;NA;120642;85;2020-12-27;42320
2020-12-26;"Prešovský kraj";64;176;12;188;NA;120642;76;2020-12-26;42235
2020-12-25;"Prešovský kraj";208;274;11;285;NA;120642;219;2020-12-25;42159
2020-12-24;"Prešovský kraj";452;1214;85;1299;NA;120642;537;2020-12-24;41940
2020-12-23;"Prešovský kraj";361;11006;618;11624;NA;120642;979;2020-12-23;41403
2020-12-22;"Prešovský kraj";439;9023;695;9718;NA;120642;1134;2020-12-22;40424
2020-12-21;"Prešovský kraj";432;9577;847;10424;NA;120642;1279;2020-12-21;39290
2020-12-20;"Prešovský kraj";184;396;20;416;NA;120642;204;2020-12-20;38011
2020-12-19;"Prešovský kraj";276;1658;151;1809;NA;120642;427;2020-12-19;37807
2020-12-18;"Prešovský kraj";396;8246;566;8812;NA;120642;962;2020-12-18;37380
2020-12-17;"Prešovský kraj";427;10505;866;11371;NA;120642;1293;2020-12-17;36418
2020-12-16;"Prešovský kraj";466;5613;473;6086;NA;120642;939;2020-12-16;35125
2020-12-15;"Prešovský kraj";411;5406;574;5980;NA;120642;985;2020-12-15;34186
2020-12-14;"Prešovský kraj";334;5538;477;6015;NA;120642;811;2020-12-14;33201
2020-12-13;"Prešovský kraj";89;29;8;37;NA;120642;97;2020-12-13;32390
2020-12-12;"Prešovský kraj";319;2474;166;2640;NA;120642;485;2020-12-12;32293
2020-12-11;"Prešovský kraj";560;5602;402;6004;NA;120642;962;2020-12-11;31808
2020-12-10;"Prešovský kraj";337;5019;423;5442;NA;120642;760;2020-12-10;30846
2020-12-09;"Prešovský kraj";358;4357;314;4671;NA;120642;672;2020-12-09;30086
2020-12-08;"Prešovský kraj";350;6629;651;7280;NA;120642;1001;2020-12-08;29414
2020-12-07;"Prešovský kraj";309;4345;327;4672;NA;120642;636;2020-12-07;28413
2020-12-06;"Prešovský kraj";59;655;26;681;NA;120642;85;2020-12-06;27777
2020-12-05;"Prešovský kraj";218;984;87;1071;NA;120642;305;2020-12-05;27692
2020-12-04;"Prešovský kraj";352;5070;293;5363;NA;120642;645;2020-12-04;27387
2020-12-03;"Prešovský kraj";284;2456;179;2635;NA;120642;463;2020-12-03;26742
2020-12-02;"Prešovský kraj";232;2830;225;3055;NA;120642;457;2020-12-02;26279
2020-12-01;"Prešovský kraj";281;1884;196;2080;NA;120642;477;2020-12-01;25822
2020-11-30;"Prešovský kraj";196;5333;97;5430;NA;120642;293;2020-11-30;25345
2020-11-29;"Prešovský kraj";27;379;42;421;NA;120642;69;2020-11-29;25052
2020-11-28;"Prešovský kraj";199;772;77;849;NA;120642;276;2020-11-28;24983
2020-11-27;"Prešovský kraj";232;2350;130;2480;NA;120642;362;2020-11-27;24707
2020-11-26;"Prešovský kraj";263;3014;329;3343;NA;120642;592;2020-11-26;24345
2020-11-25;"Prešovský kraj";302;2174;103;2277;NA;120642;405;2020-11-25;23753
2020-11-24;"Prešovský kraj";365;1777;156;1933;NA;120642;521;2020-11-24;23348
2020-11-23;"Prešovský kraj";164;1099;60;1159;NA;120642;224;2020-11-23;22827
2020-11-22;"Prešovský kraj";46;44;1;45;NA;120642;47;2020-11-22;22603
2020-11-21;"Prešovský kraj";205;754;62;816;NA;120642;267;2020-11-21;22556
2020-11-20;"Prešovský kraj";363;2258;102;2360;NA;120642;465;2020-11-20;22289
2020-11-19;"Prešovský kraj";359;2096;238;2334;NA;120642;597;2020-11-19;21824
2020-11-18;"Prešovský kraj";270;488;43;531;NA;120642;313;2020-11-18;21227
2020-11-17;"Prešovský kraj";347;205;23;228;NA;120642;370;2020-11-17;20914
2020-11-16;"Prešovský kraj";226;540;58;598;NA;120642;284;2020-11-16;20544
2020-11-15;"Prešovský kraj";186;39;4;43;NA;120642;190;2020-11-15;20260
2020-11-14;"Prešovský kraj";261;54;4;58;NA;120642;265;2020-11-14;20070
2020-11-13;"Prešovský kraj";395;166;8;174;NA;120642;403;2020-11-13;19805
2020-11-12;"Prešovský kraj";397;229;50;279;NA;120642;447;2020-11-12;19402
2020-11-11;"Prešovský kraj";516;161;15;176;NA;120642;531;2020-11-11;18955
2020-11-10;"Prešovský kraj";437;197;9;206;NA;120642;446;2020-11-10;18424
2020-11-09;"Prešovský kraj";190;4110;945;5055;NA;120642;1135;2020-11-09;17978
2020-11-08;"Prešovský kraj";97;2817;32;2849;NA;120642;129;2020-11-08;16843
2020-11-07;"Prešovský kraj";416;8578;81;8659;NA;120642;497;2020-11-07;16714
2020-11-06;"Prešovský kraj";520;4791;76;4867;NA;120642;596;2020-11-06;16217
2020-11-05;"Prešovský kraj";397;180;5;185;NA;120642;402;2020-11-05;15621
2020-11-04;"Prešovský kraj";350;807;8;815;NA;120642;358;2020-11-04;15219
2020-11-03;"Prešovský kraj";565;98;12;110;NA;120642;577;2020-11-03;14861
2020-11-02;"Prešovský kraj";203;4158;1004;5162;NA;120642;1207;2020-11-02;14284
2020-11-01;"Prešovský kraj";386;2906;53;2959;NA;120642;439;2020-11-01;13077
2020-10-31;"Prešovský kraj";315;10497;170;10667;NA;120642;485;2020-10-31;12638
2020-10-30;"Prešovský kraj";552;2949;65;3014;NA;120642;617;2020-10-30;12153
2020-10-29;"Prešovský kraj";594;301;38;339;NA;120642;632;2020-10-29;11536
2020-10-28;"Prešovský kraj";617;291;46;337;NA;120642;663;2020-10-28;10904
2020-10-27;"Prešovský kraj";656;268;34;302;NA;120642;690;2020-10-27;10241
2020-10-26;"Prešovský kraj";137;363;57;420;NA;120642;194;2020-10-26;9551
2020-10-25;"Prešovský kraj";237;346;11;357;NA;120642;248;2020-10-25;9357
2020-10-24;"Prešovský kraj";719;200;12;212;NA;120642;731;2020-10-24;9109
2020-10-23;"Prešovský kraj";750;218;8;226;NA;120642;758;2020-10-23;8378
2020-10-22;"Prešovský kraj";646;396;30;426;NA;120642;676;2020-10-22;7620
2020-10-21;"Prešovský kraj";383;58;8;66;NA;120642;391;2020-10-21;6944
2020-10-20;"Prešovský kraj";493;65;7;72;NA;120642;500;2020-10-20;6553
2020-10-19;"Prešovský kraj";140;235;15;250;NA;120642;155;2020-10-19;6053
2020-10-18;"Prešovský kraj";209;0;0;0;NA;120642;209;2020-10-18;5898
2020-10-17;"Prešovský kraj";342;0;0;0;NA;120642;342;2020-10-17;5689
2020-10-16;"Prešovský kraj";388;57;3;60;NA;120642;391;2020-10-16;5347
2020-10-15;"Prešovský kraj";435;85;18;103;NA;120642;453;2020-10-15;4956
2020-10-14;"Prešovský kraj";451;54;10;64;NA;120642;461;2020-10-14;4503
2020-10-13;"Prešovský kraj";264;50;6;56;NA;120642;270;2020-10-13;4042
2020-10-12;"Prešovský kraj";214;334;35;369;NA;120642;249;2020-10-12;3772
2020-10-11;"Prešovský kraj";127;0;0;0;NA;120642;127;2020-10-11;3523
2020-10-10;"Prešovský kraj";248;0;0;0;NA;120642;248;2020-10-10;3396
2020-10-09;"Prešovský kraj";406;0;0;0;NA;120642;406;2020-10-09;3148
2020-10-08;"Prešovský kraj";245;0;0;0;NA;120642;245;2020-10-08;2742
2020-10-07;"Prešovský kraj";244;0;0;0;NA;120642;244;2020-10-07;2497
2020-10-06;"Prešovský kraj";166;0;0;0;NA;120642;166;2020-10-06;2253
2020-10-05;"Prešovský kraj";84;0;0;0;NA;120642;84;2020-10-05;2087
2020-10-04;"Prešovský kraj";118;0;0;0;NA;120642;118;2020-10-04;2003
2020-10-03;"Prešovský kraj";204;0;0;0;NA;120642;204;2020-10-03;1885
2020-10-02;"Prešovský kraj";149;0;0;0;NA;120642;149;2020-10-02;1681
2020-10-01;"Prešovský kraj";136;0;0;0;NA;120642;136;2020-10-01;1532
2020-09-30;"Prešovský kraj";121;0;0;0;NA;120642;121;2020-09-30;1396
2020-09-29;"Prešovský kraj";156;0;0;0;NA;120642;156;2020-09-29;1275
2020-09-28;"Prešovský kraj";51;0;0;0;NA;120642;51;2020-09-28;1119
2020-09-27;"Prešovský kraj";10;0;0;0;NA;120642;10;2020-09-27;1068
2020-09-26;"Prešovský kraj";72;0;0;0;NA;120642;72;2020-09-26;1058
2020-09-25;"Prešovský kraj";91;0;0;0;NA;120642;91;2020-09-25;986
2020-09-24;"Prešovský kraj";52;0;0;0;NA;120642;52;2020-09-24;895
2020-09-23;"Prešovský kraj";55;0;0;0;NA;120642;55;2020-09-23;843
2020-09-22;"Prešovský kraj";29;0;0;0;NA;120642;29;2020-09-22;788
2020-09-21;"Prešovský kraj";14;0;0;0;NA;120642;14;2020-09-21;759
2020-09-20;"Prešovský kraj";5;0;0;0;NA;120642;5;2020-09-20;745
2020-09-19;"Prešovský kraj";12;0;0;0;NA;120642;12;2020-09-19;740
2020-09-18;"Prešovský kraj";29;0;0;0;NA;120642;29;2020-09-18;728
2020-09-17;"Prešovský kraj";25;0;0;0;NA;120642;25;2020-09-17;699
2020-09-16;"Prešovský kraj";8;0;0;0;NA;120642;8;2020-09-16;674
2020-09-15;"Prešovský kraj";10;0;0;0;NA;120642;10;2020-09-15;666
2020-09-14;"Prešovský kraj";47;0;0;0;NA;120642;47;2020-09-14;656
2020-09-13;"Prešovský kraj";3;0;0;0;NA;120642;3;2020-09-13;609
2020-09-12;"Prešovský kraj";4;0;0;0;NA;120642;4;2020-09-12;606
2020-09-11;"Prešovský kraj";15;0;0;0;NA;120642;15;2020-09-11;602
2020-09-10;"Prešovský kraj";10;0;0;0;NA;120642;10;2020-09-10;587
2020-09-09;"Prešovský kraj";21;0;0;0;NA;120642;21;2020-09-09;577
2020-09-08;"Prešovský kraj";23;0;0;0;NA;120642;23;2020-09-08;556
2020-09-07;"Prešovský kraj";5;0;0;0;NA;120642;5;2020-09-07;533
2020-09-06;"Prešovský kraj";3;0;0;0;NA;120642;3;2020-09-06;528
2020-09-05;"Prešovský kraj";7;0;0;0;NA;120642;7;2020-09-05;525
2020-09-04;"Prešovský kraj";24;0;0;0;NA;120642;24;2020-09-04;518
2020-09-03;"Prešovský kraj";8;0;0;0;NA;120642;8;2020-09-03;494
2020-09-02;"Prešovský kraj";9;0;0;0;NA;120642;9;2020-09-02;486
2020-09-01;"Prešovský kraj";6;0;0;0;NA;120642;6;2020-09-01;477
2020-08-31;"Prešovský kraj";3;0;0;0;NA;120642;3;2020-08-31;471
2020-08-30;"Prešovský kraj";6;0;0;0;NA;120642;6;2020-08-30;468
2020-08-29;"Prešovský kraj";4;0;0;0;NA;120642;4;2020-08-29;462
2020-08-28;"Prešovský kraj";6;0;0;0;NA;120642;6;2020-08-28;458
2020-08-27;"Prešovský kraj";7;0;0;0;NA;120642;7;2020-08-27;452
2020-08-26;"Prešovský kraj";22;0;0;0;NA;120642;22;2020-08-26;445
2020-08-25;"Prešovský kraj";1;0;0;0;NA;120642;1;2020-08-25;423
2020-08-24;"Prešovský kraj";5;0;0;0;NA;120642;5;2020-08-24;422
2020-08-23;"Prešovský kraj";3;0;0;0;NA;120642;3;2020-08-23;417
2020-08-22;"Prešovský kraj";3;0;0;0;NA;120642;3;2020-08-22;414
2020-08-21;"Prešovský kraj";11;0;0;0;NA;120642;11;2020-08-21;411
2020-08-20;"Prešovský kraj";8;0;0;0;NA;120642;8;2020-08-20;400
2020-08-19;"Prešovský kraj";8;0;0;0;NA;120642;8;2020-08-19;392
2020-08-18;"Prešovský kraj";6;0;0;0;NA;120642;6;2020-08-18;384
2020-08-17;"Prešovský kraj";1;0;0;0;NA;120642;1;2020-08-17;378
2020-08-16;"Prešovský kraj";0;0;0;0;NA;120642;0;2020-08-16;377
2020-08-15;"Prešovský kraj";8;0;0;0;NA;120642;8;2020-08-15;377
2020-08-14;"Prešovský kraj";6;0;0;0;NA;120642;6;2020-08-14;369
2020-08-13;"Prešovský kraj";8;0;0;0;NA;120642;8;2020-08-13;363
2020-08-12;"Prešovský kraj";19;0;0;0;NA;120642;19;2020-08-12;355
2020-08-11;"Prešovský kraj";3;0;0;0;NA;120642;3;2020-08-11;336
2020-08-10;"Prešovský kraj";0;0;0;0;NA;120642;0;2020-08-10;333
2020-08-09;"Prešovský kraj";0;0;0;0;NA;120642;0;2020-08-09;333
2020-08-08;"Prešovský kraj";2;0;0;0;NA;120642;2;2020-08-08;333
2020-08-07;"Prešovský kraj";6;0;0;0;NA;120642;6;2020-08-07;331
2020-08-06;"Prešovský kraj";2;0;0;0;NA;120642;2;2020-08-06;325
2020-08-05;"Prešovský kraj";8;0;0;0;NA;120642;8;2020-08-05;323
2020-08-04;"Prešovský kraj";5;0;0;0;NA;120642;5;2020-08-04;315
2020-08-03;"Prešovský kraj";4;0;0;0;NA;120642;4;2020-08-03;310
2020-08-02;"Prešovský kraj";6;0;0;0;NA;120642;6;2020-08-02;306
2020-08-01;"Prešovský kraj";0;0;0;0;NA;120642;0;2020-08-01;300
2020-07-31;"Prešovský kraj";2;0;0;0;NA;120642;2;2020-07-31;300
2020-07-30;"Prešovský kraj";6;0;0;0;NA;120642;6;2020-07-30;298
2020-07-29;"Prešovský kraj";5;0;0;0;NA;120642;5;2020-07-29;292
2020-07-28;"Prešovský kraj";0;0;0;0;NA;120642;0;2020-07-28;287
2020-07-27;"Prešovský kraj";1;0;0;0;NA;120642;1;2020-07-27;287
2020-07-26;"Prešovský kraj";1;0;0;0;NA;120642;1;2020-07-26;286
2020-07-25;"Prešovský kraj";21;0;0;0;NA;120642;21;2020-07-25;285
2020-07-24;"Prešovský kraj";1;0;0;0;NA;120642;1;2020-07-24;264
2020-07-23;"Prešovský kraj";5;0;0;0;NA;120642;5;2020-07-23;263
2020-07-22;"Prešovský kraj";1;0;0;0;NA;120642;1;2020-07-22;258
2020-07-21;"Prešovský kraj";2;0;0;0;NA;120642;2;2020-07-21;257
2020-07-20;"Prešovský kraj";1;0;0;0;NA;120642;1;2020-07-20;255
2020-07-19;"Prešovský kraj";0;0;0;0;NA;120642;0;2020-07-19;254
2020-07-18;"Prešovský kraj";0;0;0;0;NA;120642;0;2020-07-18;254
2020-07-17;"Prešovský kraj";3;0;0;0;NA;120642;3;2020-07-17;254
2020-07-16;"Prešovský kraj";1;0;0;0;NA;120642;1;2020-07-16;251
2020-07-15;"Prešovský kraj";5;0;0;0;NA;120642;5;2020-07-15;250
2020-07-14;"Prešovský kraj";5;0;0;0;NA;120642;5;2020-07-14;245
2020-07-13;"Prešovský kraj";1;0;0;0;NA;120642;1;2020-07-13;240
2020-07-12;"Prešovský kraj";1;0;0;0;NA;120642;1;2020-07-12;239
2020-07-11;"Prešovský kraj";6;0;0;0;NA;120642;6;2020-07-11;238
2020-07-10;"Prešovský kraj";5;0;0;0;NA;120642;5;2020-07-10;232
2020-07-09;"Prešovský kraj";2;0;0;0;NA;120642;2;2020-07-09;227
2020-07-08;"Prešovský kraj";14;0;0;0;NA;120642;14;2020-07-08;225
2020-07-07;"Prešovský kraj";2;0;0;0;NA;120642;2;2020-07-07;211
2020-07-06;"Prešovský kraj";0;0;0;0;NA;120642;0;2020-07-06;209
2020-07-05;"Prešovský kraj";0;0;0;0;NA;120642;0;2020-07-05;209
2020-07-04;"Prešovský kraj";1;0;0;0;NA;120642;1;2020-07-04;209
2020-07-03;"Prešovský kraj";3;0;0;0;NA;120642;3;2020-07-03;208
2020-07-02;"Prešovský kraj";0;0;0;0;NA;120642;0;2020-07-02;205
2020-07-01;"Prešovský kraj";0;0;0;0;NA;120642;0;2020-07-01;205
2020-06-30;"Prešovský kraj";7;0;0;0;NA;120642;7;2020-06-30;205
2020-06-29;"Prešovský kraj";0;0;0;0;NA;120642;0;2020-06-29;198
2020-06-28;"Prešovský kraj";0;0;0;0;NA;120642;0;2020-06-28;198
2020-06-27;"Prešovský kraj";3;0;0;0;NA;120642;3;2020-06-27;198
2020-06-26;"Prešovský kraj";3;0;0;0;NA;120642;3;2020-06-26;195
2020-06-25;"Prešovský kraj";0;0;0;0;NA;120642;0;2020-06-25;192
2020-06-24;"Prešovský kraj";4;0;0;0;NA;120642;4;2020-06-24;192
2020-06-23;"Prešovský kraj";0;0;0;0;NA;120642;0;2020-06-23;188
2020-06-22;"Prešovský kraj";0;0;0;0;NA;120642;0;2020-06-22;188
2020-06-21;"Prešovský kraj";0;0;0;0;NA;120642;0;2020-06-21;188
2020-06-20;"Prešovský kraj";0;0;0;0;NA;120642;0;2020-06-20;188
2020-06-19;"Prešovský kraj";1;0;0;0;NA;120642;1;2020-06-19;188
2020-06-18;"Prešovský kraj";0;0;0;0;NA;120642;0;2020-06-18;187
2020-06-17;"Prešovský kraj";0;0;0;0;NA;120642;0;2020-06-17;187
2020-06-16;"Prešovský kraj";6;0;0;0;NA;120642;6;2020-06-16;187
2020-06-14;"Prešovský kraj";0;0;0;0;NA;120642;0;2020-06-14;181
2020-06-13;"Prešovský kraj";0;0;0;0;NA;120642;0;2020-06-13;181
2020-06-12;"Prešovský kraj";1;0;0;0;NA;120642;1;2020-06-12;181
2020-06-11;"Prešovský kraj";0;0;0;0;NA;120642;0;2020-06-11;180
2020-06-10;"Prešovský kraj";0;0;0;0;NA;120642;0;2020-06-10;180
2020-06-09;"Prešovský kraj";0;0;0;0;NA;120642;0;2020-06-09;180
2020-06-08;"Prešovský kraj";0;0;0;0;NA;120642;0;2020-06-08;180
2020-06-07;"Prešovský kraj";0;0;0;0;NA;120642;0;2020-06-07;180
2020-06-05;"Prešovský kraj";0;0;0;0;NA;120642;0;2020-06-05;180
2020-06-03;"Prešovský kraj";0;0;0;0;NA;120642;0;2020-06-03;180
2020-06-02;"Prešovský kraj";1;0;0;0;NA;120642;1;2020-06-02;180
2020-05-31;"Prešovský kraj";1;0;0;0;NA;120642;1;2020-05-31;179
2020-05-29;"Prešovský kraj";0;0;0;0;NA;120642;0;2020-05-29;178
2020-05-27;"Prešovský kraj";0;0;0;0;NA;120642;0;2020-05-27;178
2020-05-26;"Prešovský kraj";0;0;0;0;NA;120642;0;2020-05-26;178
2020-05-25;"Prešovský kraj";0;0;0;0;NA;120642;0;2020-05-25;178
2020-05-24;"Prešovský kraj";0;0;0;0;NA;120642;0;2020-05-24;178
2020-05-23;"Prešovský kraj";0;0;0;0;NA;120642;0;2020-05-23;178
2020-05-22;"Prešovský kraj";0;0;0;0;NA;120642;0;2020-05-22;178
2020-05-21;"Prešovský kraj";1;0;0;0;NA;120642;1;2020-05-21;178
2020-05-20;"Prešovský kraj";0;0;0;0;NA;120642;0;2020-05-20;177
2020-05-19;"Prešovský kraj";0;0;0;0;NA;120642;0;2020-05-19;177
2020-05-17;"Prešovský kraj";0;0;0;0;NA;120642;0;2020-05-17;177
2020-05-16;"Prešovský kraj";0;0;0;0;NA;120642;0;2020-05-16;177
2020-05-15;"Prešovský kraj";0;0;0;0;NA;120642;0;2020-05-15;177
2020-05-14;"Prešovský kraj";0;0;0;0;NA;120642;0;2020-05-14;177
2020-05-13;"Prešovský kraj";1;0;0;0;NA;120642;1;2020-05-13;177
2020-05-12;"Prešovský kraj";0;0;0;0;NA;120642;0;2020-05-12;176
2020-05-11;"Prešovský kraj";1;0;0;0;NA;120642;1;2020-05-11;176
2020-05-09;"Prešovský kraj";0;0;0;0;NA;120642;0;2020-05-09;175
2020-05-07;"Prešovský kraj";0;0;0;0;NA;120642;0;2020-05-07;175
2020-05-06;"Prešovský kraj";0;0;0;0;NA;120642;0;2020-05-06;175
2020-05-05;"Prešovský kraj";1;0;0;0;NA;120642;1;2020-05-05;175
2020-05-04;"Prešovský kraj";0;0;0;0;NA;120642;0;2020-05-04;174
2020-05-03;"Prešovský kraj";0;0;0;0;NA;120642;0;2020-05-03;174
2020-05-02;"Prešovský kraj";0;0;0;0;NA;120642;0;2020-05-02;174
2020-05-01;"Prešovský kraj";2;0;0;0;NA;120642;2;2020-05-01;174
2020-04-30;"Prešovský kraj";0;0;0;0;NA;120642;0;2020-04-30;172
2020-04-29;"Prešovský kraj";1;0;0;0;NA;120642;1;2020-04-29;172
2020-04-28;"Prešovský kraj";1;0;0;0;NA;120642;1;2020-04-28;171
2020-04-27;"Prešovský kraj";2;0;0;0;NA;120642;2;2020-04-27;170
2020-04-26;"Prešovský kraj";0;0;0;0;NA;120642;0;2020-04-26;168
2020-04-25;"Prešovský kraj";0;0;0;0;NA;120642;0;2020-04-25;168
2020-04-24;"Prešovský kraj";0;0;0;0;NA;120642;0;2020-04-24;168
2020-04-23;"Prešovský kraj";2;0;0;0;NA;120642;2;2020-04-23;168
2020-04-22;"Prešovský kraj";11;0;0;0;NA;120642;11;2020-04-22;166
2020-04-21;"Prešovský kraj";12;0;0;0;NA;120642;12;2020-04-21;155
2020-04-20;"Prešovský kraj";2;0;0;0;NA;120642;2;2020-04-20;143
2020-04-19;"Prešovský kraj";4;0;0;0;NA;120642;4;2020-04-19;141
2020-04-18;"Prešovský kraj";1;0;0;0;NA;120642;1;2020-04-18;137
2020-04-17;"Prešovský kraj";4;0;0;0;NA;120642;4;2020-04-17;136
2020-04-16;"Prešovský kraj";9;0;0;0;NA;120642;9;2020-04-16;132
2020-04-15;"Prešovský kraj";21;0;0;0;NA;120642;21;2020-04-15;123
2020-04-14;"Prešovský kraj";1;0;0;0;NA;120642;1;2020-04-14;102
2020-04-13;"Prešovský kraj";2;0;0;0;NA;120642;2;2020-04-13;101
2020-04-12;"Prešovský kraj";6;0;0;0;NA;120642;6;2020-04-12;99
2020-04-11;"Prešovský kraj";4;0;0;0;NA;120642;4;2020-04-11;93
2020-04-10;"Prešovský kraj";0;0;0;0;NA;120642;0;2020-04-10;89
2020-04-09;"Prešovský kraj";1;0;0;0;NA;120642;1;2020-04-09;89
2020-04-08;"Prešovský kraj";0;0;0;0;NA;120642;0;2020-04-08;88
2020-04-07;"Prešovský kraj";7;0;0;0;NA;120642;7;2020-04-07;88
2020-04-06;"Prešovský kraj";10;0;0;0;NA;120642;10;2020-04-06;81
2020-04-05;"Prešovský kraj";13;0;0;0;NA;120642;13;2020-04-05;71
2020-04-04;"Prešovský kraj";1;0;0;0;NA;120642;1;2020-04-04;58
2020-04-03;"Prešovský kraj";4;0;0;0;NA;120642;4;2020-04-03;57
2020-04-02;"Prešovský kraj";6;0;0;0;NA;120642;6;2020-04-02;53
2020-04-01;"Prešovský kraj";6;0;0;0;NA;120642;6;2020-04-01;47
2020-03-31;"Prešovský kraj";6;0;0;0;NA;120642;6;2020-03-31;41
2020-03-30;"Prešovský kraj";2;0;0;0;NA;120642;2;2020-03-30;35
2020-03-29;"Prešovský kraj";2;0;0;0;NA;120642;2;2020-03-29;33
2020-03-28;"Prešovský kraj";2;0;0;0;NA;120642;2;2020-03-28;31
2020-03-27;"Prešovský kraj";1;0;0;0;NA;120642;1;2020-03-27;29
2020-03-26;"Prešovský kraj";8;0;0;0;NA;120642;8;2020-03-26;28
2020-03-25;"Prešovský kraj";1;0;0;0;NA;120642;1;2020-03-25;20
2020-03-24;"Prešovský kraj";4;0;0;0;NA;120642;4;2020-03-24;19
2020-03-23;"Prešovský kraj";0;0;0;0;NA;120642;0;2020-03-23;15
2020-03-22;"Prešovský kraj";1;0;0;0;NA;120642;1;2020-03-22;15
2020-03-21;"Prešovský kraj";2;0;0;0;NA;120642;2;2020-03-21;14
2020-03-20;"Prešovský kraj";3;0;0;0;NA;120642;3;2020-03-20;12
2020-03-19;"Prešovský kraj";2;0;0;0;NA;120642;2;2020-03-19;9
2020-03-18;"Prešovský kraj";1;0;0;0;NA;120642;1;2020-03-18;7
2020-03-17;"Prešovský kraj";1;0;0;0;NA;120642;1;2020-03-17;6
2020-03-16;"Prešovský kraj";4;0;0;0;NA;120642;4;2020-03-16;5
2020-03-15;"Prešovský kraj";0;0;0;0;NA;120642;0;2020-03-15;1
2020-03-14;"Prešovský kraj";1;0;0;0;NA;120642;1;2020-03-14;1
2020-03-13;"Prešovský kraj";0;0;0;0;NA;120642;0;2020-03-13;0
2020-03-12;"Prešovský kraj";0;0;0;0;NA;120642;0;2020-03-12;0
2020-03-11;"Prešovský kraj";0;0;0;0;NA;120642;0;2020-03-11;0
2020-03-09;"Prešovský kraj";0;0;0;0;NA;120642;0;2020-03-09;0
2020-03-08;"Prešovský kraj";0;0;0;0;NA;120642;0;2020-03-08;0
2020-03-07;"Prešovský kraj";0;0;0;0;NA;120642;0;2020-03-07;0
2020-03-06;"Prešovský kraj";0;0;0;0;NA;120642;0;2020-03-06;0
2021-10-05;"Trenčiansky kraj";119;0;0;0;55759;104004;119;2021-10-05;104004
2021-10-04;"Trenčiansky kraj";105;194;6;200;NA;104004;111;2021-10-04;103885
2021-10-03;"Trenčiansky kraj";30;796;18;814;NA;104004;48;2021-10-03;103774
2021-10-02;"Trenčiansky kraj";107;1350;28;1378;NA;104004;135;2021-10-02;103726
2021-10-01;"Trenčiansky kraj";119;2174;31;2205;NA;104004;150;2021-10-01;103591
2021-09-30;"Trenčiansky kraj";74;1966;40;2006;NA;104004;114;2021-09-30;103441
2021-09-29;"Trenčiansky kraj";170;2019;30;2049;NA;104004;200;2021-09-29;103327
2021-09-28;"Trenčiansky kraj";95;2109;30;2139;NA;104004;125;2021-09-28;103127
2021-09-27;"Trenčiansky kraj";56;2790;57;2847;NA;104004;113;2021-09-27;103002
2021-09-26;"Trenčiansky kraj";20;1675;33;1708;NA;104004;53;2021-09-26;102889
2021-09-25;"Trenčiansky kraj";76;1674;21;1695;NA;104004;97;2021-09-25;102836
2021-09-24;"Trenčiansky kraj";104;3192;35;3227;NA;104004;139;2021-09-24;102739
2021-09-23;"Trenčiansky kraj";91;2235;27;2262;NA;104004;118;2021-09-23;102600
2021-09-22;"Trenčiansky kraj";90;2131;24;2155;NA;104004;114;2021-09-22;102482
2021-09-21;"Trenčiansky kraj";79;2307;29;2336;NA;104004;108;2021-09-21;102368
2021-09-20;"Trenčiansky kraj";78;2611;37;2648;NA;104004;115;2021-09-20;102260
2021-09-19;"Trenčiansky kraj";11;1571;20;1591;NA;104004;31;2021-09-19;102145
2021-09-18;"Trenčiansky kraj";53;2099;14;2113;NA;104004;67;2021-09-18;102114
2021-09-17;"Trenčiansky kraj";55;3143;26;3169;NA;104004;81;2021-09-17;102047
2021-09-16;"Trenčiansky kraj";52;2158;20;2178;NA;104004;72;2021-09-16;101966
2021-09-15;"Trenčiansky kraj";63;1043;7;1050;NA;104004;70;2021-09-15;101894
2021-09-14;"Trenčiansky kraj";67;2449;25;2474;NA;104004;92;2021-09-14;101824
2021-09-13;"Trenčiansky kraj";33;2270;35;2305;NA;104004;68;2021-09-13;101732
2021-09-12;"Trenčiansky kraj";3;1411;11;1422;NA;104004;14;2021-09-12;101664
2021-09-11;"Trenčiansky kraj";55;1729;6;1735;NA;104004;61;2021-09-11;101650
2021-09-10;"Trenčiansky kraj";49;2246;15;2261;NA;104004;64;2021-09-10;101589
2021-09-09;"Trenčiansky kraj";24;1683;29;1712;NA;104004;53;2021-09-09;101525
2021-09-08;"Trenčiansky kraj";54;1770;15;1785;NA;104004;69;2021-09-08;101472
2021-09-07;"Trenčiansky kraj";43;1393;18;1411;NA;104004;61;2021-09-07;101403
2021-09-06;"Trenčiansky kraj";47;1396;15;1411;NA;104004;62;2021-09-06;101342
2021-09-05;"Trenčiansky kraj";2;966;23;989;NA;104004;25;2021-09-05;101280
2021-09-04;"Trenčiansky kraj";41;925;4;929;NA;104004;45;2021-09-04;101255
2021-09-03;"Trenčiansky kraj";53;1420;15;1435;NA;104004;68;2021-09-03;101210
2021-09-02;"Trenčiansky kraj";7;999;14;1013;NA;104004;21;2021-09-02;101142
2021-09-01;"Trenčiansky kraj";27;431;8;439;NA;104004;35;2021-09-01;101121
2021-08-31;"Trenčiansky kraj";21;1146;15;1161;NA;104004;36;2021-08-31;101086
2021-08-30;"Trenčiansky kraj";32;1151;10;1161;NA;104004;42;2021-08-30;101050
2021-08-29;"Trenčiansky kraj";1;482;11;493;NA;104004;12;2021-08-29;101008
2021-08-28;"Trenčiansky kraj";9;976;10;986;NA;104004;19;2021-08-28;100996
2021-08-27;"Trenčiansky kraj";21;1599;1;1600;NA;104004;22;2021-08-27;100977
2021-08-26;"Trenčiansky kraj";8;992;6;998;NA;104004;14;2021-08-26;100955
2021-08-25;"Trenčiansky kraj";40;875;7;882;NA;104004;47;2021-08-25;100941
2021-08-24;"Trenčiansky kraj";4;822;4;826;NA;104004;8;2021-08-24;100894
2021-08-23;"Trenčiansky kraj";6;1165;17;1182;NA;104004;23;2021-08-23;100886
2021-08-22;"Trenčiansky kraj";0;726;10;736;NA;104004;10;2021-08-22;100863
2021-08-21;"Trenčiansky kraj";5;964;7;971;NA;104004;12;2021-08-21;100853
2021-08-20;"Trenčiansky kraj";15;1537;2;1539;NA;104004;17;2021-08-20;100841
2021-08-19;"Trenčiansky kraj";2;985;2;987;NA;104004;4;2021-08-19;100824
2021-08-18;"Trenčiansky kraj";6;814;7;821;NA;104004;13;2021-08-18;100820
2021-08-17;"Trenčiansky kraj";9;633;1;634;NA;104004;10;2021-08-17;100807
2021-08-16;"Trenčiansky kraj";5;904;3;907;NA;104004;8;2021-08-16;100797
2021-08-15;"Trenčiansky kraj";0;558;1;559;NA;104004;1;2021-08-15;100789
2021-08-14;"Trenčiansky kraj";12;574;6;580;NA;104004;18;2021-08-14;100788
2021-08-13;"Trenčiansky kraj";2;933;0;933;NA;104004;2;2021-08-13;100770
2021-08-12;"Trenčiansky kraj";2;564;3;567;NA;104004;5;2021-08-12;100768
2021-08-11;"Trenčiansky kraj";1;680;0;680;NA;104004;1;2021-08-11;100763
2021-08-10;"Trenčiansky kraj";8;530;1;531;NA;104004;9;2021-08-10;100762
2021-08-09;"Trenčiansky kraj";8;694;1;695;NA;104004;9;2021-08-09;100753
2021-08-08;"Trenčiansky kraj";0;468;0;468;NA;104004;0;2021-08-08;100744
2021-08-07;"Trenčiansky kraj";3;464;0;464;NA;104004;3;2021-08-07;100744
2021-08-06;"Trenčiansky kraj";3;955;1;956;NA;104004;4;2021-08-06;100741
2021-08-05;"Trenčiansky kraj";3;579;1;580;NA;104004;4;2021-08-05;100737
2021-08-04;"Trenčiansky kraj";14;546;3;549;NA;104004;17;2021-08-04;100733
2021-08-03;"Trenčiansky kraj";9;508;5;513;NA;104004;14;2021-08-03;100716
2021-08-02;"Trenčiansky kraj";1;807;2;809;NA;104004;3;2021-08-02;100702
2021-08-01;"Trenčiansky kraj";0;458;1;459;NA;104004;1;2021-08-01;100699
2021-07-31;"Trenčiansky kraj";4;525;2;527;NA;104004;6;2021-07-31;100698
2021-07-30;"Trenčiansky kraj";2;1041;0;1041;NA;104004;2;2021-07-30;100692
2021-07-29;"Trenčiansky kraj";5;708;0;708;NA;104004;5;2021-07-29;100690
2021-07-28;"Trenčiansky kraj";3;517;2;519;NA;104004;5;2021-07-28;100685
2021-07-27;"Trenčiansky kraj";6;551;1;552;NA;104004;7;2021-07-27;100680
2021-07-26;"Trenčiansky kraj";7;772;1;773;NA;104004;8;2021-07-26;100673
2021-07-25;"Trenčiansky kraj";0;487;2;489;NA;104004;2;2021-07-25;100665
2021-07-24;"Trenčiansky kraj";3;643;1;644;NA;104004;4;2021-07-24;100663
2021-07-23;"Trenčiansky kraj";3;1151;0;1151;NA;104004;3;2021-07-23;100659
2021-07-22;"Trenčiansky kraj";2;844;2;846;NA;104004;4;2021-07-22;100656
2021-07-21;"Trenčiansky kraj";8;661;2;663;NA;104004;10;2021-07-21;100652
2021-07-20;"Trenčiansky kraj";4;525;1;526;NA;104004;5;2021-07-20;100642
2021-07-19;"Trenčiansky kraj";0;866;4;870;NA;104004;4;2021-07-19;100637
2021-07-18;"Trenčiansky kraj";0;526;0;526;NA;104004;0;2021-07-18;100633
2021-07-17;"Trenčiansky kraj";3;673;0;673;NA;104004;3;2021-07-17;100633
2021-07-16;"Trenčiansky kraj";4;1122;0;1122;NA;104004;4;2021-07-16;100630
2021-07-15;"Trenčiansky kraj";2;824;0;824;NA;104004;2;2021-07-15;100626
2021-07-14;"Trenčiansky kraj";8;645;0;645;NA;104004;8;2021-07-14;100624
2021-07-13;"Trenčiansky kraj";1;520;3;523;NA;104004;4;2021-07-13;100616
2021-07-12;"Trenčiansky kraj";9;820;2;822;NA;104004;11;2021-07-12;100612
2021-07-11;"Trenčiansky kraj";0;611;2;613;NA;104004;2;2021-07-11;100601
2021-07-10;"Trenčiansky kraj";2;535;0;535;NA;104004;2;2021-07-10;100599
2021-07-09;"Trenčiansky kraj";7;1379;0;1379;NA;104004;7;2021-07-09;100597
2021-07-08;"Trenčiansky kraj";2;815;1;816;NA;104004;3;2021-07-08;100590
2021-07-07;"Trenčiansky kraj";2;928;0;928;NA;104004;2;2021-07-07;100587
2021-07-06;"Trenčiansky kraj";4;1041;1;1042;NA;104004;5;2021-07-06;100585
2021-07-05;"Trenčiansky kraj";1;508;0;508;NA;104004;1;2021-07-05;100580
2021-07-04;"Trenčiansky kraj";0;612;1;613;NA;104004;1;2021-07-04;100579
2021-07-03;"Trenčiansky kraj";3;815;1;816;NA;104004;4;2021-07-03;100578
2021-07-02;"Trenčiansky kraj";5;1583;2;1585;NA;104004;7;2021-07-02;100574
2021-07-01;"Trenčiansky kraj";4;1152;1;1153;NA;104004;5;2021-07-01;100567
2021-06-30;"Trenčiansky kraj";2;6993;6;6999;NA;104004;8;2021-06-30;100562
2021-06-29;"Trenčiansky kraj";4;2773;5;2778;NA;104004;9;2021-06-29;100554
2021-06-28;"Trenčiansky kraj";5;3644;4;3648;NA;104004;9;2021-06-28;100545
2021-06-27;"Trenčiansky kraj";0;2861;1;2862;NA;104004;1;2021-06-27;100536
2021-06-26;"Trenčiansky kraj";1;3422;4;3426;NA;104004;5;2021-06-26;100535
2021-06-25;"Trenčiansky kraj";2;4497;1;4498;NA;104004;3;2021-06-25;100530
2021-06-24;"Trenčiansky kraj";3;3205;4;3209;NA;104004;7;2021-06-24;100527
2021-06-23;"Trenčiansky kraj";4;2725;2;2727;NA;104004;6;2021-06-23;100520
2021-06-22;"Trenčiansky kraj";7;3058;3;3061;NA;104004;10;2021-06-22;100514
2021-06-21;"Trenčiansky kraj";10;3891;4;3895;NA;104004;14;2021-06-21;100504
2021-06-20;"Trenčiansky kraj";0;3579;5;3584;NA;104004;5;2021-06-20;100490
2021-06-19;"Trenčiansky kraj";5;4413;1;4414;NA;104004;6;2021-06-19;100485
2021-06-18;"Trenčiansky kraj";7;6725;7;6732;NA;104004;14;2021-06-18;100479
2021-06-17;"Trenčiansky kraj";0;3469;6;3475;NA;104004;6;2021-06-17;100465
2021-06-16;"Trenčiansky kraj";4;3183;3;3186;NA;104004;7;2021-06-16;100459
2021-06-15;"Trenčiansky kraj";10;3697;2;3699;NA;104004;12;2021-06-15;100452
2021-06-14;"Trenčiansky kraj";10;4805;15;4820;NA;104004;25;2021-06-14;100440
2021-06-13;"Trenčiansky kraj";0;4643;4;4647;NA;104004;4;2021-06-13;100415
2021-06-12;"Trenčiansky kraj";4;5120;7;5127;NA;104004;11;2021-06-12;100411
2021-06-11;"Trenčiansky kraj";10;7365;11;7376;NA;104004;21;2021-06-11;100400
2021-06-10;"Trenčiansky kraj";5;4345;7;4352;NA;104004;12;2021-06-10;100379
2021-06-09;"Trenčiansky kraj";7;3693;7;3700;NA;104004;14;2021-06-09;100367
2021-06-08;"Trenčiansky kraj";21;3965;7;3972;NA;104004;28;2021-06-08;100353
2021-06-07;"Trenčiansky kraj";13;5560;10;5570;NA;104004;23;2021-06-07;100325
2021-06-06;"Trenčiansky kraj";0;5500;10;5510;NA;104004;10;2021-06-06;100302
2021-06-05;"Trenčiansky kraj";7;6511;5;6516;NA;104004;12;2021-06-05;100292
2021-06-04;"Trenčiansky kraj";16;7653;3;7656;NA;104004;19;2021-06-04;100280
2021-06-03;"Trenčiansky kraj";9;4485;10;4495;NA;104004;19;2021-06-03;100261
2021-06-02;"Trenčiansky kraj";28;4329;8;4337;NA;104004;36;2021-06-02;100242
2021-06-01;"Trenčiansky kraj";22;5396;18;5414;NA;104004;40;2021-06-01;100206
2021-05-31;"Trenčiansky kraj";30;6117;24;6141;NA;104004;54;2021-05-31;100166
2021-05-30;"Trenčiansky kraj";0;8258;16;8274;NA;104004;16;2021-05-30;100112
2021-05-29;"Trenčiansky kraj";13;7915;14;7929;NA;104004;27;2021-05-29;100096
2021-05-28;"Trenčiansky kraj";22;8995;25;9020;NA;104004;47;2021-05-28;100069
2021-05-27;"Trenčiansky kraj";6;5205;12;5217;NA;104004;18;2021-05-27;100022
2021-05-26;"Trenčiansky kraj";26;5069;15;5084;NA;104004;41;2021-05-26;100004
2021-05-25;"Trenčiansky kraj";18;6168;24;6192;NA;104004;42;2021-05-25;99963
2021-05-24;"Trenčiansky kraj";19;9292;37;9329;NA;104004;56;2021-05-24;99921
2021-05-23;"Trenčiansky kraj";0;9083;26;9109;NA;104004;26;2021-05-23;99865
2021-05-22;"Trenčiansky kraj";11;11314;21;11335;NA;104004;32;2021-05-22;99839
2021-05-21;"Trenčiansky kraj";23;11572;26;11598;NA;104004;49;2021-05-21;99807
2021-05-20;"Trenčiansky kraj";23;6320;25;6345;NA;104004;48;2021-05-20;99758
2021-05-19;"Trenčiansky kraj";16;5694;32;5726;NA;104004;48;2021-05-19;99710
2021-05-18;"Trenčiansky kraj";26;7779;28;7807;NA;104004;54;2021-05-18;99662
2021-05-17;"Trenčiansky kraj";37;7671;43;7714;NA;104004;80;2021-05-17;99608
2021-05-16;"Trenčiansky kraj";25;15615;41;15656;NA;104004;66;2021-05-16;99528
2021-05-15;"Trenčiansky kraj";3;21237;32;21269;NA;104004;35;2021-05-15;99462
2021-05-14;"Trenčiansky kraj";41;18676;42;18718;NA;104004;83;2021-05-14;99427
2021-05-13;"Trenčiansky kraj";41;8195;24;8219;NA;104004;65;2021-05-13;99344
2021-05-12;"Trenčiansky kraj";41;7409;31;7440;NA;104004;72;2021-05-12;99279
2021-05-11;"Trenčiansky kraj";66;10507;32;10539;NA;104004;98;2021-05-11;99207
2021-05-10;"Trenčiansky kraj";48;12989;55;13044;NA;104004;103;2021-05-10;99109
2021-05-09;"Trenčiansky kraj";52;17737;39;17776;NA;104004;91;2021-05-09;99006
2021-05-08;"Trenčiansky kraj";3;23822;33;23855;NA;104004;36;2021-05-08;98915
2021-05-07;"Trenčiansky kraj";45;23549;56;23605;NA;104004;101;2021-05-07;98879
2021-05-06;"Trenčiansky kraj";26;10771;44;10815;NA;104004;70;2021-05-06;98778
2021-05-05;"Trenčiansky kraj";73;9377;41;9418;NA;104004;114;2021-05-05;98708
2021-05-04;"Trenčiansky kraj";55;12733;53;12786;NA;104004;108;2021-05-04;98594
2021-05-03;"Trenčiansky kraj";60;15331;51;15382;NA;104004;111;2021-05-03;98486
2021-05-02;"Trenčiansky kraj";0;31163;65;31228;NA;104004;65;2021-05-02;98375
2021-05-01;"Trenčiansky kraj";71;56982;60;57042;NA;104004;131;2021-05-01;98310
2021-04-30;"Trenčiansky kraj";77;29427;61;29488;NA;104004;138;2021-04-30;98179
2021-04-29;"Trenčiansky kraj";49;13198;59;13257;NA;104004;108;2021-04-29;98041
2021-04-28;"Trenčiansky kraj";79;12537;52;12589;NA;104004;131;2021-04-28;97933
2021-04-27;"Trenčiansky kraj";107;15527;40;15567;NA;104004;147;2021-04-27;97802
2021-04-26;"Trenčiansky kraj";52;21070;63;21133;NA;104004;115;2021-04-26;97655
2021-04-25;"Trenčiansky kraj";0;34560;48;34608;NA;104004;48;2021-04-25;97540
2021-04-24;"Trenčiansky kraj";76;72398;100;72498;NA;104004;176;2021-04-24;97492
2021-04-23;"Trenčiansky kraj";143;29959;79;30038;NA;104004;222;2021-04-23;97316
2021-04-22;"Trenčiansky kraj";71;13847;64;13911;NA;104004;135;2021-04-22;97094
2021-04-21;"Trenčiansky kraj";79;13000;67;13067;NA;104004;146;2021-04-21;96959
2021-04-20;"Trenčiansky kraj";142;17740;80;17820;NA;104004;222;2021-04-20;96813
2021-04-19;"Trenčiansky kraj";102;22631;103;22734;NA;104004;205;2021-04-19;96591
2021-04-18;"Trenčiansky kraj";3;40879;97;40976;NA;104004;100;2021-04-18;96386
2021-04-17;"Trenčiansky kraj";77;81498;136;81634;NA;104004;213;2021-04-17;96286
2021-04-16;"Trenčiansky kraj";100;31961;90;32051;NA;104004;190;2021-04-16;96073
2021-04-15;"Trenčiansky kraj";71;14479;69;14548;NA;104004;140;2021-04-15;95883
2021-04-14;"Trenčiansky kraj";135;15574;72;15646;NA;104004;207;2021-04-14;95743
2021-04-13;"Trenčiansky kraj";189;18721;75;18796;NA;104004;264;2021-04-13;95536
2021-04-12;"Trenčiansky kraj";97;23743;91;23834;NA;104004;188;2021-04-12;95272
2021-04-11;"Trenčiansky kraj";1;34735;75;34810;NA;104004;76;2021-04-11;95084
2021-04-10;"Trenčiansky kraj";81;83093;145;83238;NA;104004;226;2021-04-10;95008
2021-04-09;"Trenčiansky kraj";120;28014;91;28105;NA;104004;211;2021-04-09;94782
2021-04-08;"Trenčiansky kraj";112;13283;85;13368;NA;104004;197;2021-04-08;94571
2021-04-07;"Trenčiansky kraj";204;17688;123;17811;NA;104004;327;2021-04-07;94374
2021-04-06;"Trenčiansky kraj";157;28567;178;28745;NA;104004;335;2021-04-06;94047
2021-04-05;"Trenčiansky kraj";15;9227;64;9291;NA;104004;79;2021-04-05;93712
2021-04-04;"Trenčiansky kraj";2;20291;85;20376;NA;104004;87;2021-04-04;93633
2021-04-03;"Trenčiansky kraj";86;80473;221;80694;NA;104004;307;2021-04-03;93546
2021-04-02;"Trenčiansky kraj";126;21620;81;21701;NA;104004;207;2021-04-02;93239
2021-04-01;"Trenčiansky kraj";159;32376;139;32515;NA;104004;298;2021-04-01;93032
2021-03-31;"Trenčiansky kraj";198;20100;130;20230;NA;104004;328;2021-03-31;92734
2021-03-30;"Trenčiansky kraj";272;17305;136;17441;NA;104004;408;2021-03-30;92406
2021-03-29;"Trenčiansky kraj";142;19479;170;19649;NA;104004;312;2021-03-29;91998
2021-03-28;"Trenčiansky kraj";3;34759;116;34875;NA;104004;119;2021-03-28;91686
2021-03-27;"Trenčiansky kraj";130;77314;293;77607;NA;104004;423;2021-03-27;91567
2021-03-26;"Trenčiansky kraj";211;35095;157;35252;NA;104004;368;2021-03-26;91144
2021-03-25;"Trenčiansky kraj";184;16580;176;16756;NA;104004;360;2021-03-25;90776
2021-03-24;"Trenčiansky kraj";259;13102;171;13273;NA;104004;430;2021-03-24;90416
2021-03-23;"Trenčiansky kraj";349;17589;174;17763;NA;104004;523;2021-03-23;89986
2021-03-22;"Trenčiansky kraj";141;21116;213;21329;NA;104004;354;2021-03-22;89463
2021-03-21;"Trenčiansky kraj";85;32711;164;32875;NA;104004;249;2021-03-21;89109
2021-03-20;"Trenčiansky kraj";128;80035;322;80357;NA;104004;450;2021-03-20;88860
2021-03-19;"Trenčiansky kraj";231;34783;232;35015;NA;104004;463;2021-03-19;88410
2021-03-18;"Trenčiansky kraj";262;16105;178;16283;NA;104004;440;2021-03-18;87947
2021-03-17;"Trenčiansky kraj";366;13435;164;13599;NA;104004;530;2021-03-17;87507
2021-03-16;"Trenčiansky kraj";450;15282;241;15523;NA;104004;691;2021-03-16;86977
2021-03-15;"Trenčiansky kraj";162;21235;261;21496;NA;104004;423;2021-03-15;86286
2021-03-14;"Trenčiansky kraj";42;34416;238;34654;NA;104004;280;2021-03-14;85863
2021-03-13;"Trenčiansky kraj";270;79186;453;79639;NA;104004;723;2021-03-13;85583
2021-03-12;"Trenčiansky kraj";366;34795;307;35102;NA;104004;673;2021-03-12;84860
2021-03-11;"Trenčiansky kraj";302;15558;213;15771;NA;104004;515;2021-03-11;84187
2021-03-10;"Trenčiansky kraj";402;13585;237;13822;NA;104004;639;2021-03-10;83672
2021-03-09;"Trenčiansky kraj";586;17982;285;18267;NA;104004;871;2021-03-09;83033
2021-03-08;"Trenčiansky kraj";174;21704;363;22067;NA;104004;537;2021-03-08;82162
2021-03-07;"Trenčiansky kraj";4;33660;313;33973;NA;104004;317;2021-03-07;81625
2021-03-06;"Trenčiansky kraj";260;79661;529;80190;NA;104004;789;2021-03-06;81308
2021-03-05;"Trenčiansky kraj";326;32960;416;33376;NA;104004;742;2021-03-05;80519
2021-03-04;"Trenčiansky kraj";323;16821;317;17138;NA;104004;640;2021-03-04;79777
2021-03-03;"Trenčiansky kraj";413;13960;347;14307;NA;104004;760;2021-03-03;79137
2021-03-02;"Trenčiansky kraj";612;17794;344;18138;NA;104004;956;2021-03-02;78377
2021-03-01;"Trenčiansky kraj";217;21104;445;21549;NA;104004;662;2021-03-01;77421
2021-02-28;"Trenčiansky kraj";45;30238;376;30614;NA;104004;421;2021-02-28;76759
2021-02-27;"Trenčiansky kraj";277;78735;686;79421;NA;104004;963;2021-02-27;76338
2021-02-26;"Trenčiansky kraj";420;32944;435;33379;NA;104004;855;2021-02-26;75375
2021-02-25;"Trenčiansky kraj";424;14029;328;14357;NA;104004;752;2021-02-25;74520
2021-02-24;"Trenčiansky kraj";427;11997;398;12395;NA;104004;825;2021-02-24;73768
2021-02-23;"Trenčiansky kraj";577;14904;390;15294;NA;104004;967;2021-02-23;72943
2021-02-22;"Trenčiansky kraj";160;19969;468;20437;NA;104004;628;2021-02-22;71976
2021-02-21;"Trenčiansky kraj";64;29478;392;29870;NA;104004;456;2021-02-21;71348
2021-02-20;"Trenčiansky kraj";274;77840;745;78585;NA;104004;1019;2021-02-20;70892
2021-02-19;"Trenčiansky kraj";272;30266;523;30789;NA;104004;795;2021-02-19;69873
2021-02-18;"Trenčiansky kraj";355;14094;403;14497;NA;104004;758;2021-02-18;69078
2021-02-17;"Trenčiansky kraj";363;11413;377;11790;NA;104004;740;2021-02-17;68320
2021-02-16;"Trenčiansky kraj";488;17761;406;18167;NA;104004;894;2021-02-16;67580
2021-02-15;"Trenčiansky kraj";151;21846;463;22309;NA;104004;614;2021-02-15;66686
2021-02-14;"Trenčiansky kraj";2;31255;324;31579;NA;104004;326;2021-02-14;66072
2021-02-13;"Trenčiansky kraj";274;63006;522;63528;NA;104004;796;2021-02-13;65746
2021-02-12;"Trenčiansky kraj";276;27979;412;28391;NA;104004;688;2021-02-12;64950
2021-02-11;"Trenčiansky kraj";291;11567;323;11890;NA;104004;614;2021-02-11;64262
2021-02-10;"Trenčiansky kraj";304;11408;317;11725;NA;104004;621;2021-02-10;63648
2021-02-09;"Trenčiansky kraj";514;18412;360;18772;NA;104004;874;2021-02-09;63027
2021-02-08;"Trenčiansky kraj";182;26832;430;27262;NA;104004;612;2021-02-08;62153
2021-02-07;"Trenčiansky kraj";31;36781;341;37122;NA;104004;372;2021-02-07;61541
2021-02-06;"Trenčiansky kraj";216;63931;560;64491;NA;104004;776;2021-02-06;61169
2021-02-05;"Trenčiansky kraj";202;18164;367;18531;NA;104004;569;2021-02-05;60393
2021-02-04;"Trenčiansky kraj";266;7253;311;7564;NA;104004;577;2021-02-04;59824
2021-02-03;"Trenčiansky kraj";162;6723;320;7043;NA;104004;482;2021-02-03;59247
2021-02-02;"Trenčiansky kraj";347;8074;381;8455;NA;104004;728;2021-02-02;58765
2021-02-01;"Trenčiansky kraj";167;8921;311;9232;NA;104004;478;2021-02-01;58037
2021-01-31;"Trenčiansky kraj";7;19103;159;19262;NA;104004;166;2021-01-31;57559
2021-01-30;"Trenčiansky kraj";228;38167;332;38499;NA;104004;560;2021-01-30;57393
2021-01-29;"Trenčiansky kraj";214;7590;235;7825;NA;104004;449;2021-01-29;56833
2021-01-28;"Trenčiansky kraj";307;5442;158;5600;NA;104004;465;2021-01-28;56384
2021-01-27;"Trenčiansky kraj";166;4842;181;5023;NA;104004;347;2021-01-27;55919
2021-01-26;"Trenčiansky kraj";303;14589;250;14839;NA;104004;553;2021-01-26;55572
2021-01-25;"Trenčiansky kraj";160;24310;207;24517;NA;104004;367;2021-01-25;55019
2021-01-24;"Trenčiansky kraj";51;38369;282;38651;NA;104004;333;2021-01-24;54652
2021-01-23;"Trenčiansky kraj";206;114125;749;114874;NA;104004;955;2021-01-23;54319
2021-01-22;"Trenčiansky kraj";148;21831;241;22072;NA;104004;389;2021-01-22;53364
2021-01-21;"Trenčiansky kraj";143;8586;166;8752;NA;104004;309;2021-01-21;52975
2021-01-20;"Trenčiansky kraj";181;8189;227;8416;NA;104004;408;2021-01-20;52666
2021-01-19;"Trenčiansky kraj";363;6600;262;6862;NA;104004;625;2021-01-19;52258
2021-01-18;"Trenčiansky kraj";72;4970;321;5291;NA;104004;393;2021-01-18;51633
2021-01-17;"Trenčiansky kraj";124;156;11;167;NA;104004;135;2021-01-17;51240
2021-01-16;"Trenčiansky kraj";39;1288;53;1341;NA;104004;92;2021-01-16;51105
2021-01-15;"Trenčiansky kraj";264;4031;214;4245;NA;104004;478;2021-01-15;51013
2021-01-14;"Trenčiansky kraj";275;3193;189;3382;NA;104004;464;2021-01-14;50535
2021-01-13;"Trenčiansky kraj";222;3893;215;4108;NA;104004;437;2021-01-13;50071
2021-01-12;"Trenčiansky kraj";508;4604;261;4865;NA;104004;769;2021-01-12;49634
2021-01-11;"Trenčiansky kraj";142;4367;354;4721;NA;104004;496;2021-01-11;48865
2021-01-10;"Trenčiansky kraj";89;4969;77;5046;NA;104004;166;2021-01-10;48369
2021-01-09;"Trenčiansky kraj";276;8280;128;8408;NA;104004;404;2021-01-09;48203
2021-01-08;"Trenčiansky kraj";489;6435;484;6919;NA;104004;973;2021-01-08;47799
2021-01-07;"Trenčiansky kraj";420;6138;577;6715;NA;104004;997;2021-01-07;46826
2021-01-06;"Trenčiansky kraj";221;1021;64;1085;NA;104004;285;2021-01-06;45829
2021-01-05;"Trenčiansky kraj";669;5753;706;6459;NA;104004;1375;2021-01-05;45544
2021-01-04;"Trenčiansky kraj";337;5248;782;6030;NA;104004;1119;2021-01-04;44169
2021-01-03;"Trenčiansky kraj";38;114;15;129;NA;104004;53;2021-01-03;43050
2021-01-02;"Trenčiansky kraj";129;196;23;219;NA;104004;152;2021-01-02;42997
2021-01-01;"Trenčiansky kraj";329;347;23;370;NA;104004;352;2021-01-01;42845
2020-12-31;"Trenčiansky kraj";597;4943;557;5500;NA;104004;1154;2020-12-31;42493
2020-12-30;"Trenčiansky kraj";836;7012;762;7774;NA;104004;1598;2020-12-30;41339
2020-12-29;"Trenčiansky kraj";459;6121;1009;7130;NA;104004;1468;2020-12-29;39741
2020-12-28;"Trenčiansky kraj";258;4195;777;4972;NA;104004;1035;2020-12-28;38273
2020-12-27;"Trenčiansky kraj";5;208;36;244;NA;104004;41;2020-12-27;37238
2020-12-26;"Trenčiansky kraj";174;74;10;84;NA;104004;184;2020-12-26;37197
2020-12-25;"Trenčiansky kraj";251;325;47;372;NA;104004;298;2020-12-25;37013
2020-12-24;"Trenčiansky kraj";552;2194;256;2450;NA;104004;808;2020-12-24;36715
2020-12-23;"Trenčiansky kraj";421;6552;661;7213;NA;104004;1082;2020-12-23;35907
2020-12-22;"Trenčiansky kraj";673;5760;694;6454;NA;104004;1367;2020-12-22;34825
2020-12-21;"Trenčiansky kraj";248;13395;979;14374;NA;104004;1227;2020-12-21;33458
2020-12-20;"Trenčiansky kraj";238;12504;292;12796;NA;104004;530;2020-12-20;32231
2020-12-19;"Trenčiansky kraj";341;1611;150;1761;NA;104004;491;2020-12-19;31701
2020-12-18;"Trenčiansky kraj";521;5199;615;5814;NA;104004;1136;2020-12-18;31210
2020-12-17;"Trenčiansky kraj";670;3843;524;4367;NA;104004;1194;2020-12-17;30074
2020-12-16;"Trenčiansky kraj";461;4474;648;5122;NA;104004;1109;2020-12-16;28880
2020-12-15;"Trenčiansky kraj";595;3805;670;4475;NA;104004;1265;2020-12-15;27771
2020-12-14;"Trenčiansky kraj";318;2907;552;3459;NA;104004;870;2020-12-14;26506
2020-12-13;"Trenčiansky kraj";77;49;6;55;NA;104004;83;2020-12-13;25636
2020-12-12;"Trenčiansky kraj";314;1191;136;1327;NA;104004;450;2020-12-12;25553
2020-12-11;"Trenčiansky kraj";751;3773;453;4226;NA;104004;1204;2020-12-11;25103
2020-12-10;"Trenčiansky kraj";271;3354;473;3827;NA;104004;744;2020-12-10;23899
2020-12-09;"Trenčiansky kraj";508;3788;466;4254;NA;104004;974;2020-12-09;23155
2020-12-08;"Trenčiansky kraj";546;3440;522;3962;NA;104004;1068;2020-12-08;22181
2020-12-07;"Trenčiansky kraj";258;3832;468;4300;NA;104004;726;2020-12-07;21113
2020-12-06;"Trenčiansky kraj";114;179;10;189;NA;104004;124;2020-12-06;20387
2020-12-05;"Trenčiansky kraj";223;610;56;666;NA;104004;279;2020-12-05;20263
2020-12-04;"Trenčiansky kraj";253;2943;273;3216;NA;104004;526;2020-12-04;19984
2020-12-03;"Trenčiansky kraj";503;1714;178;1892;NA;104004;681;2020-12-03;19458
2020-12-02;"Trenčiansky kraj";418;1844;232;2076;NA;104004;650;2020-12-02;18777
2020-12-01;"Trenčiansky kraj";321;5642;351;5993;NA;104004;672;2020-12-01;18127
2020-11-30;"Trenčiansky kraj";167;11514;520;12034;NA;104004;687;2020-11-30;17455
2020-11-29;"Trenčiansky kraj";29;30;5;35;NA;104004;34;2020-11-29;16768
2020-11-28;"Trenčiansky kraj";202;1051;93;1144;NA;104004;295;2020-11-28;16734
2020-11-27;"Trenčiansky kraj";330;1888;186;2074;NA;104004;516;2020-11-27;16439
2020-11-26;"Trenčiansky kraj";395;1252;122;1374;NA;104004;517;2020-11-26;15923
2020-11-25;"Trenčiansky kraj";322;1444;160;1604;NA;104004;482;2020-11-25;15406
2020-11-24;"Trenčiansky kraj";348;2553;308;2861;NA;104004;656;2020-11-24;14924
2020-11-23;"Trenčiansky kraj";159;1186;122;1308;NA;104004;281;2020-11-23;14268
2020-11-22;"Trenčiansky kraj";26;30;7;37;NA;104004;33;2020-11-22;13987
2020-11-21;"Trenčiansky kraj";255;1376;69;1445;NA;104004;324;2020-11-21;13954
2020-11-20;"Trenčiansky kraj";316;861;93;954;NA;104004;409;2020-11-20;13630
2020-11-19;"Trenčiansky kraj";316;740;113;853;NA;104004;429;2020-11-19;13221
2020-11-18;"Trenčiansky kraj";233;379;66;445;NA;104004;299;2020-11-18;12792
2020-11-17;"Trenčiansky kraj";222;106;15;121;NA;104004;237;2020-11-17;12493
2020-11-16;"Trenčiansky kraj";245;236;45;281;NA;104004;290;2020-11-16;12256
2020-11-15;"Trenčiansky kraj";109;29;6;35;NA;104004;115;2020-11-15;11966
2020-11-14;"Trenčiansky kraj";190;74;11;85;NA;104004;201;2020-11-14;11851
2020-11-13;"Trenčiansky kraj";308;131;13;144;NA;104004;321;2020-11-13;11650
2020-11-12;"Trenčiansky kraj";324;124;5;129;NA;104004;329;2020-11-12;11329
2020-11-11;"Trenčiansky kraj";366;113;10;123;NA;104004;376;2020-11-11;11000
2020-11-10;"Trenčiansky kraj";277;106;6;112;NA;104004;283;2020-11-10;10624
2020-11-09;"Trenčiansky kraj";115;1407;48;1455;NA;104004;163;2020-11-09;10341
2020-11-08;"Trenčiansky kraj";81;1271;8;1279;NA;104004;89;2020-11-08;10178
2020-11-07;"Trenčiansky kraj";319;3662;59;3721;NA;104004;378;2020-11-07;10089
2020-11-06;"Trenčiansky kraj";383;6893;84;6977;NA;104004;467;2020-11-06;9711
2020-11-05;"Trenčiansky kraj";399;98;15;113;NA;104004;414;2020-11-05;9244
2020-11-04;"Trenčiansky kraj";370;91;9;100;NA;104004;379;2020-11-04;8830
2020-11-03;"Trenčiansky kraj";575;97;8;105;NA;104004;583;2020-11-03;8451
2020-11-02;"Trenčiansky kraj";197;1833;68;1901;NA;104004;265;2020-11-02;7868
2020-11-01;"Trenčiansky kraj";257;808;24;832;NA;104004;281;2020-11-01;7603
2020-10-31;"Trenčiansky kraj";332;4719;82;4801;NA;104004;414;2020-10-31;7322
2020-10-30;"Trenčiansky kraj";299;5283;102;5385;NA;104004;401;2020-10-30;6908
2020-10-29;"Trenčiansky kraj";496;764;68;832;NA;104004;564;2020-10-29;6507
2020-10-28;"Trenčiansky kraj";269;192;33;225;NA;104004;302;2020-10-28;5943
2020-10-27;"Trenčiansky kraj";473;127;27;154;NA;104004;500;2020-10-27;5641
2020-10-26;"Trenčiansky kraj";177;107;36;143;NA;104004;213;2020-10-26;5141
2020-10-25;"Trenčiansky kraj";138;9;5;14;NA;104004;143;2020-10-25;4928
2020-10-24;"Trenčiansky kraj";395;128;6;134;NA;104004;401;2020-10-24;4785
2020-10-23;"Trenčiansky kraj";301;154;8;162;NA;104004;309;2020-10-23;4384
2020-10-22;"Trenčiansky kraj";273;82;12;94;NA;104004;285;2020-10-22;4075
2020-10-21;"Trenčiansky kraj";183;53;9;62;NA;104004;192;2020-10-21;3790
2020-10-20;"Trenčiansky kraj";212;47;6;53;NA;104004;218;2020-10-20;3598
2020-10-19;"Trenčiansky kraj";41;83;25;108;NA;104004;66;2020-10-19;3380
2020-10-18;"Trenčiansky kraj";104;0;0;0;NA;104004;104;2020-10-18;3314
2020-10-17;"Trenčiansky kraj";157;0;0;0;NA;104004;157;2020-10-17;3210
2020-10-16;"Trenčiansky kraj";225;42;6;48;NA;104004;231;2020-10-16;3053
2020-10-15;"Trenčiansky kraj";255;39;4;43;NA;104004;259;2020-10-15;2822
2020-10-14;"Trenčiansky kraj";162;42;7;49;NA;104004;169;2020-10-14;2563
2020-10-13;"Trenčiansky kraj";124;105;12;117;NA;104004;136;2020-10-13;2394
2020-10-12;"Trenčiansky kraj";55;0;0;0;NA;104004;55;2020-10-12;2258
2020-10-11;"Trenčiansky kraj";73;0;0;0;NA;104004;73;2020-10-11;2203
2020-10-10;"Trenčiansky kraj";180;0;0;0;NA;104004;180;2020-10-10;2130
2020-10-09;"Trenčiansky kraj";198;0;0;0;NA;104004;198;2020-10-09;1950
2020-10-08;"Trenčiansky kraj";115;0;0;0;NA;104004;115;2020-10-08;1752
2020-10-07;"Trenčiansky kraj";75;0;0;0;NA;104004;75;2020-10-07;1637
2020-10-06;"Trenčiansky kraj";72;0;0;0;NA;104004;72;2020-10-06;1562
2020-10-05;"Trenčiansky kraj";32;0;0;0;NA;104004;32;2020-10-05;1490
2020-10-04;"Trenčiansky kraj";37;0;0;0;NA;104004;37;2020-10-04;1458
2020-10-03;"Trenčiansky kraj";79;0;0;0;NA;104004;79;2020-10-03;1421
2020-10-02;"Trenčiansky kraj";69;0;0;0;NA;104004;69;2020-10-02;1342
2020-10-01;"Trenčiansky kraj";58;0;0;0;NA;104004;58;2020-10-01;1273
2020-09-30;"Trenčiansky kraj";76;0;0;0;NA;104004;76;2020-09-30;1215
2020-09-29;"Trenčiansky kraj";43;0;0;0;NA;104004;43;2020-09-29;1139
2020-09-28;"Trenčiansky kraj";7;0;0;0;NA;104004;7;2020-09-28;1096
2020-09-27;"Trenčiansky kraj";12;0;0;0;NA;104004;12;2020-09-27;1089
2020-09-26;"Trenčiansky kraj";37;0;0;0;NA;104004;37;2020-09-26;1077
2020-09-25;"Trenčiansky kraj";72;0;0;0;NA;104004;72;2020-09-25;1040
2020-09-24;"Trenčiansky kraj";41;0;0;0;NA;104004;41;2020-09-24;968
2020-09-23;"Trenčiansky kraj";32;0;0;0;NA;104004;32;2020-09-23;927
2020-09-22;"Trenčiansky kraj";26;0;0;0;NA;104004;26;2020-09-22;895
2020-09-21;"Trenčiansky kraj";23;0;0;0;NA;104004;23;2020-09-21;869
2020-09-20;"Trenčiansky kraj";21;0;0;0;NA;104004;21;2020-09-20;846
2020-09-19;"Trenčiansky kraj";20;0;0;0;NA;104004;20;2020-09-19;825
2020-09-18;"Trenčiansky kraj";41;0;0;0;NA;104004;41;2020-09-18;805
2020-09-17;"Trenčiansky kraj";20;0;0;0;NA;104004;20;2020-09-17;764
2020-09-16;"Trenčiansky kraj";14;0;0;0;NA;104004;14;2020-09-16;744
2020-09-15;"Trenčiansky kraj";8;0;0;0;NA;104004;8;2020-09-15;730
2020-09-14;"Trenčiansky kraj";5;0;0;0;NA;104004;5;2020-09-14;722
2020-09-13;"Trenčiansky kraj";12;0;0;0;NA;104004;12;2020-09-13;717
2020-09-12;"Trenčiansky kraj";2;0;0;0;NA;104004;2;2020-09-12;705
2020-09-11;"Trenčiansky kraj";27;0;0;0;NA;104004;27;2020-09-11;703
2020-09-10;"Trenčiansky kraj";15;0;0;0;NA;104004;15;2020-09-10;676
2020-09-09;"Trenčiansky kraj";11;0;0;0;NA;104004;11;2020-09-09;661
2020-09-08;"Trenčiansky kraj";12;0;0;0;NA;104004;12;2020-09-08;650
2020-09-07;"Trenčiansky kraj";6;0;0;0;NA;104004;6;2020-09-07;638
2020-09-06;"Trenčiansky kraj";1;0;0;0;NA;104004;1;2020-09-06;632
2020-09-05;"Trenčiansky kraj";3;0;0;0;NA;104004;3;2020-09-05;631
2020-09-04;"Trenčiansky kraj";9;0;0;0;NA;104004;9;2020-09-04;628
2020-09-03;"Trenčiansky kraj";10;0;0;0;NA;104004;10;2020-09-03;619
2020-09-02;"Trenčiansky kraj";5;0;0;0;NA;104004;5;2020-09-02;609
2020-09-01;"Trenčiansky kraj";1;0;0;0;NA;104004;1;2020-09-01;604
2020-08-31;"Trenčiansky kraj";12;0;0;0;NA;104004;12;2020-08-31;603
2020-08-30;"Trenčiansky kraj";0;0;0;0;NA;104004;0;2020-08-30;591
2020-08-29;"Trenčiansky kraj";1;0;0;0;NA;104004;1;2020-08-29;591
2020-08-28;"Trenčiansky kraj";12;0;0;0;NA;104004;12;2020-08-28;590
2020-08-27;"Trenčiansky kraj";10;0;0;0;NA;104004;10;2020-08-27;578
2020-08-26;"Trenčiansky kraj";15;0;0;0;NA;104004;15;2020-08-26;568
2020-08-25;"Trenčiansky kraj";12;0;0;0;NA;104004;12;2020-08-25;553
2020-08-24;"Trenčiansky kraj";4;0;0;0;NA;104004;4;2020-08-24;541
2020-08-23;"Trenčiansky kraj";5;0;0;0;NA;104004;5;2020-08-23;537
2020-08-22;"Trenčiansky kraj";6;0;0;0;NA;104004;6;2020-08-22;532
2020-08-21;"Trenčiansky kraj";6;0;0;0;NA;104004;6;2020-08-21;526
2020-08-20;"Trenčiansky kraj";20;0;0;0;NA;104004;20;2020-08-20;520
2020-08-19;"Trenčiansky kraj";17;0;0;0;NA;104004;17;2020-08-19;500
2020-08-18;"Trenčiansky kraj";9;0;0;0;NA;104004;9;2020-08-18;483
2020-08-17;"Trenčiansky kraj";4;0;0;0;NA;104004;4;2020-08-17;474
2020-08-16;"Trenčiansky kraj";0;0;0;0;NA;104004;0;2020-08-16;470
2020-08-15;"Trenčiansky kraj";9;0;0;0;NA;104004;9;2020-08-15;470
2020-08-14;"Trenčiansky kraj";15;0;0;0;NA;104004;15;2020-08-14;461
2020-08-13;"Trenčiansky kraj";23;0;0;0;NA;104004;23;2020-08-13;446
2020-08-12;"Trenčiansky kraj";6;0;0;0;NA;104004;6;2020-08-12;423
2020-08-11;"Trenčiansky kraj";7;0;0;0;NA;104004;7;2020-08-11;417
2020-08-10;"Trenčiansky kraj";9;0;0;0;NA;104004;9;2020-08-10;410
2020-08-09;"Trenčiansky kraj";1;0;0;0;NA;104004;1;2020-08-09;401
2020-08-08;"Trenčiansky kraj";4;0;0;0;NA;104004;4;2020-08-08;400
2020-08-07;"Trenčiansky kraj";4;0;0;0;NA;104004;4;2020-08-07;396
2020-08-06;"Trenčiansky kraj";13;0;0;0;NA;104004;13;2020-08-06;392
2020-08-05;"Trenčiansky kraj";39;0;0;0;NA;104004;39;2020-08-05;379
2020-08-04;"Trenčiansky kraj";9;0;0;0;NA;104004;9;2020-08-04;340
2020-08-03;"Trenčiansky kraj";0;0;0;0;NA;104004;0;2020-08-03;331
2020-08-02;"Trenčiansky kraj";2;0;0;0;NA;104004;2;2020-08-02;331
2020-08-01;"Trenčiansky kraj";6;0;0;0;NA;104004;6;2020-08-01;329
2020-07-31;"Trenčiansky kraj";16;0;0;0;NA;104004;16;2020-07-31;323
2020-07-30;"Trenčiansky kraj";4;0;0;0;NA;104004;4;2020-07-30;307
2020-07-29;"Trenčiansky kraj";5;0;0;0;NA;104004;5;2020-07-29;303
2020-07-28;"Trenčiansky kraj";11;0;0;0;NA;104004;11;2020-07-28;298
2020-07-27;"Trenčiansky kraj";4;0;0;0;NA;104004;4;2020-07-27;287
2020-07-26;"Trenčiansky kraj";1;0;0;0;NA;104004;1;2020-07-26;283
2020-07-25;"Trenčiansky kraj";7;0;0;0;NA;104004;7;2020-07-25;282
2020-07-24;"Trenčiansky kraj";5;0;0;0;NA;104004;5;2020-07-24;275
2020-07-23;"Trenčiansky kraj";10;0;0;0;NA;104004;10;2020-07-23;270
2020-07-22;"Trenčiansky kraj";11;0;0;0;NA;104004;11;2020-07-22;260
2020-07-21;"Trenčiansky kraj";6;0;0;0;NA;104004;6;2020-07-21;249
2020-07-20;"Trenčiansky kraj";13;0;0;0;NA;104004;13;2020-07-20;243
2020-07-19;"Trenčiansky kraj";0;0;0;0;NA;104004;0;2020-07-19;230
2020-07-18;"Trenčiansky kraj";0;0;0;0;NA;104004;0;2020-07-18;230
2020-07-17;"Trenčiansky kraj";1;0;0;0;NA;104004;1;2020-07-17;230
2020-07-16;"Trenčiansky kraj";0;0;0;0;NA;104004;0;2020-07-16;229
2020-07-15;"Trenčiansky kraj";2;0;0;0;NA;104004;2;2020-07-15;229
2020-07-14;"Trenčiansky kraj";8;0;0;0;NA;104004;8;2020-07-14;227
2020-07-13;"Trenčiansky kraj";1;0;0;0;NA;104004;1;2020-07-13;219
2020-07-12;"Trenčiansky kraj";0;0;0;0;NA;104004;0;2020-07-12;218
2020-07-11;"Trenčiansky kraj";0;0;0;0;NA;104004;0;2020-07-11;218
2020-07-10;"Trenčiansky kraj";3;0;0;0;NA;104004;3;2020-07-10;218
2020-07-09;"Trenčiansky kraj";2;0;0;0;NA;104004;2;2020-07-09;215
2020-07-08;"Trenčiansky kraj";1;0;0;0;NA;104004;1;2020-07-08;213
2020-07-07;"Trenčiansky kraj";9;0;0;0;NA;104004;9;2020-07-07;212
2020-07-06;"Trenčiansky kraj";1;0;0;0;NA;104004;1;2020-07-06;203
2020-07-05;"Trenčiansky kraj";1;0;0;0;NA;104004;1;2020-07-05;202
2020-07-04;"Trenčiansky kraj";0;0;0;0;NA;104004;0;2020-07-04;201
2020-07-03;"Trenčiansky kraj";2;0;0;0;NA;104004;2;2020-07-03;201
2020-07-02;"Trenčiansky kraj";10;0;0;0;NA;104004;10;2020-07-02;199
2020-07-01;"Trenčiansky kraj";1;0;0;0;NA;104004;1;2020-07-01;189
2020-06-30;"Trenčiansky kraj";6;0;0;0;NA;104004;6;2020-06-30;188
2020-06-29;"Trenčiansky kraj";1;0;0;0;NA;104004;1;2020-06-29;182
2020-06-28;"Trenčiansky kraj";0;0;0;0;NA;104004;0;2020-06-28;181
2020-06-27;"Trenčiansky kraj";0;0;0;0;NA;104004;0;2020-06-27;181
2020-06-26;"Trenčiansky kraj";0;0;0;0;NA;104004;0;2020-06-26;181
2020-06-25;"Trenčiansky kraj";2;0;0;0;NA;104004;2;2020-06-25;181
2020-06-24;"Trenčiansky kraj";1;0;0;0;NA;104004;1;2020-06-24;179
2020-06-23;"Trenčiansky kraj";0;0;0;0;NA;104004;0;2020-06-23;178
2020-06-22;"Trenčiansky kraj";0;0;0;0;NA;104004;0;2020-06-22;178
2020-06-21;"Trenčiansky kraj";0;0;0;0;NA;104004;0;2020-06-21;178
2020-06-20;"Trenčiansky kraj";0;0;0;0;NA;104004;0;2020-06-20;178
2020-06-19;"Trenčiansky kraj";0;0;0;0;NA;104004;0;2020-06-19;178
2020-06-18;"Trenčiansky kraj";0;0;0;0;NA;104004;0;2020-06-18;178
2020-06-17;"Trenčiansky kraj";0;0;0;0;NA;104004;0;2020-06-17;178
2020-06-16;"Trenčiansky kraj";0;0;0;0;NA;104004;0;2020-06-16;178
2020-06-14;"Trenčiansky kraj";0;0;0;0;NA;104004;0;2020-06-14;178
2020-06-13;"Trenčiansky kraj";0;0;0;0;NA;104004;0;2020-06-13;178
2020-06-12;"Trenčiansky kraj";0;0;0;0;NA;104004;0;2020-06-12;178
2020-06-11;"Trenčiansky kraj";0;0;0;0;NA;104004;0;2020-06-11;178
2020-06-10;"Trenčiansky kraj";1;0;0;0;NA;104004;1;2020-06-10;178
2020-06-09;"Trenčiansky kraj";0;0;0;0;NA;104004;0;2020-06-09;177
2020-06-08;"Trenčiansky kraj";0;0;0;0;NA;104004;0;2020-06-08;177
2020-06-07;"Trenčiansky kraj";0;0;0;0;NA;104004;0;2020-06-07;177
2020-06-05;"Trenčiansky kraj";0;0;0;0;NA;104004;0;2020-06-05;177
2020-06-03;"Trenčiansky kraj";0;0;0;0;NA;104004;0;2020-06-03;177
2020-06-02;"Trenčiansky kraj";0;0;0;0;NA;104004;0;2020-06-02;177
2020-05-31;"Trenčiansky kraj";0;0;0;0;NA;104004;0;2020-05-31;177
2020-05-29;"Trenčiansky kraj";0;0;0;0;NA;104004;0;2020-05-29;177
2020-05-27;"Trenčiansky kraj";2;0;0;0;NA;104004;2;2020-05-27;177
2020-05-26;"Trenčiansky kraj";0;0;0;0;NA;104004;0;2020-05-26;175
2020-05-25;"Trenčiansky kraj";0;0;0;0;NA;104004;0;2020-05-25;175
2020-05-24;"Trenčiansky kraj";0;0;0;0;NA;104004;0;2020-05-24;175
2020-05-23;"Trenčiansky kraj";0;0;0;0;NA;104004;0;2020-05-23;175
2020-05-22;"Trenčiansky kraj";0;0;0;0;NA;104004;0;2020-05-22;175
2020-05-21;"Trenčiansky kraj";0;0;0;0;NA;104004;0;2020-05-21;175
2020-05-20;"Trenčiansky kraj";0;0;0;0;NA;104004;0;2020-05-20;175
2020-05-19;"Trenčiansky kraj";0;0;0;0;NA;104004;0;2020-05-19;175
2020-05-17;"Trenčiansky kraj";0;0;0;0;NA;104004;0;2020-05-17;175
2020-05-16;"Trenčiansky kraj";0;0;0;0;NA;104004;0;2020-05-16;175
2020-05-15;"Trenčiansky kraj";1;0;0;0;NA;104004;1;2020-05-15;175
2020-05-14;"Trenčiansky kraj";2;0;0;0;NA;104004;2;2020-05-14;174
2020-05-13;"Trenčiansky kraj";1;0;0;0;NA;104004;1;2020-05-13;172
2020-05-12;"Trenčiansky kraj";1;0;0;0;NA;104004;1;2020-05-12;171
2020-05-11;"Trenčiansky kraj";3;0;0;0;NA;104004;3;2020-05-11;170
2020-05-09;"Trenčiansky kraj";2;0;0;0;NA;104004;2;2020-05-09;167
2020-05-07;"Trenčiansky kraj";6;0;0;0;NA;104004;6;2020-05-07;165
2020-05-06;"Trenčiansky kraj";0;0;0;0;NA;104004;0;2020-05-06;159
2020-05-05;"Trenčiansky kraj";2;0;0;0;NA;104004;2;2020-05-05;159
2020-05-04;"Trenčiansky kraj";0;0;0;0;NA;104004;0;2020-05-04;157
2020-05-03;"Trenčiansky kraj";0;0;0;0;NA;104004;0;2020-05-03;157
2020-05-02;"Trenčiansky kraj";0;0;0;0;NA;104004;0;2020-05-02;157
2020-05-01;"Trenčiansky kraj";0;0;0;0;NA;104004;0;2020-05-01;157
2020-04-30;"Trenčiansky kraj";0;0;0;0;NA;104004;0;2020-04-30;157
2020-04-29;"Trenčiansky kraj";2;0;0;0;NA;104004;2;2020-04-29;157
2020-04-28;"Trenčiansky kraj";1;0;0;0;NA;104004;1;2020-04-28;155
2020-04-27;"Trenčiansky kraj";0;0;0;0;NA;104004;0;2020-04-27;154
2020-04-26;"Trenčiansky kraj";1;0;0;0;NA;104004;1;2020-04-26;154
2020-04-25;"Trenčiansky kraj";0;0;0;0;NA;104004;0;2020-04-25;153
2020-04-24;"Trenčiansky kraj";0;0;0;0;NA;104004;0;2020-04-24;153
2020-04-23;"Trenčiansky kraj";11;0;0;0;NA;104004;11;2020-04-23;153
2020-04-22;"Trenčiansky kraj";1;0;0;0;NA;104004;1;2020-04-22;142
2020-04-21;"Trenčiansky kraj";11;0;0;0;NA;104004;11;2020-04-21;141
2020-04-20;"Trenčiansky kraj";15;0;0;0;NA;104004;15;2020-04-20;130
2020-04-19;"Trenčiansky kraj";2;0;0;0;NA;104004;2;2020-04-19;115
2020-04-18;"Trenčiansky kraj";3;0;0;0;NA;104004;3;2020-04-18;113
2020-04-17;"Trenčiansky kraj";4;0;0;0;NA;104004;4;2020-04-17;110
2020-04-16;"Trenčiansky kraj";10;0;0;0;NA;104004;10;2020-04-16;106
2020-04-15;"Trenčiansky kraj";4;0;0;0;NA;104004;4;2020-04-15;96
2020-04-14;"Trenčiansky kraj";0;0;0;0;NA;104004;0;2020-04-14;92
2020-04-13;"Trenčiansky kraj";1;0;0;0;NA;104004;1;2020-04-13;92
2020-04-12;"Trenčiansky kraj";2;0;0;0;NA;104004;2;2020-04-12;91
2020-04-11;"Trenčiansky kraj";3;0;0;0;NA;104004;3;2020-04-11;89
2020-04-10;"Trenčiansky kraj";0;0;0;0;NA;104004;0;2020-04-10;86
2020-04-09;"Trenčiansky kraj";0;0;0;0;NA;104004;0;2020-04-09;86
2020-04-08;"Trenčiansky kraj";2;0;0;0;NA;104004;2;2020-04-08;86
2020-04-07;"Trenčiansky kraj";18;0;0;0;NA;104004;18;2020-04-07;84
2020-04-06;"Trenčiansky kraj";0;0;0;0;NA;104004;0;2020-04-06;66
2020-04-05;"Trenčiansky kraj";3;0;0;0;NA;104004;3;2020-04-05;66
2020-04-04;"Trenčiansky kraj";5;0;0;0;NA;104004;5;2020-04-04;63
2020-04-03;"Trenčiansky kraj";4;0;0;0;NA;104004;4;2020-04-03;58
2020-04-02;"Trenčiansky kraj";1;0;0;0;NA;104004;1;2020-04-02;54
2020-04-01;"Trenčiansky kraj";3;0;0;0;NA;104004;3;2020-04-01;53
2020-03-31;"Trenčiansky kraj";1;0;0;0;NA;104004;1;2020-03-31;50
2020-03-30;"Trenčiansky kraj";3;0;0;0;NA;104004;3;2020-03-30;49
2020-03-29;"Trenčiansky kraj";6;0;0;0;NA;104004;6;2020-03-29;46
2020-03-28;"Trenčiansky kraj";9;0;0;0;NA;104004;9;2020-03-28;40
2020-03-27;"Trenčiansky kraj";2;0;0;0;NA;104004;2;2020-03-27;31
2020-03-26;"Trenčiansky kraj";6;0;0;0;NA;104004;6;2020-03-26;29
2020-03-25;"Trenčiansky kraj";3;0;0;0;NA;104004;3;2020-03-25;23
2020-03-24;"Trenčiansky kraj";1;0;0;0;NA;104004;1;2020-03-24;20
2020-03-23;"Trenčiansky kraj";0;0;0;0;NA;104004;0;2020-03-23;19
2020-03-22;"Trenčiansky kraj";0;0;0;0;NA;104004;0;2020-03-22;19
2020-03-21;"Trenčiansky kraj";2;0;0;0;NA;104004;2;2020-03-21;19
2020-03-20;"Trenčiansky kraj";2;0;0;0;NA;104004;2;2020-03-20;17
2020-03-19;"Trenčiansky kraj";8;0;0;0;NA;104004;8;2020-03-19;15
2020-03-18;"Trenčiansky kraj";0;0;0;0;NA;104004;0;2020-03-18;7
2020-03-17;"Trenčiansky kraj";0;0;0;0;NA;104004;0;2020-03-17;7
2020-03-16;"Trenčiansky kraj";1;0;0;0;NA;104004;1;2020-03-16;7
2020-03-15;"Trenčiansky kraj";5;0;0;0;NA;104004;5;2020-03-15;6
2020-03-14;"Trenčiansky kraj";0;0;0;0;NA;104004;0;2020-03-14;1
2020-03-13;"Trenčiansky kraj";0;0;0;0;NA;104004;0;2020-03-13;1
2020-03-12;"Trenčiansky kraj";1;0;0;0;NA;104004;1;2020-03-12;1
2020-03-11;"Trenčiansky kraj";0;0;0;0;NA;104004;0;2020-03-11;0
2020-03-09;"Trenčiansky kraj";0;0;0;0;NA;104004;0;2020-03-09;0
2020-03-08;"Trenčiansky kraj";0;0;0;0;NA;104004;0;2020-03-08;0
2020-03-07;"Trenčiansky kraj";0;0;0;0;NA;104004;0;2020-03-07;0
2020-03-06;"Trenčiansky kraj";0;0;0;0;NA;104004;0;2020-03-06;0
2021-10-05;"Trnavský kraj";220;0;0;0;48132;92500;220;2021-10-05;92500
2021-10-04;"Trnavský kraj";54;0;0;0;NA;92500;54;2021-10-04;92280
2021-10-03;"Trnavský kraj";1;535;9;544;NA;92500;10;2021-10-03;92226
2021-10-02;"Trnavský kraj";52;947;10;957;NA;92500;62;2021-10-02;92216
2021-10-01;"Trnavský kraj";113;2076;14;2090;NA;92500;127;2021-10-01;92154
2021-09-30;"Trnavský kraj";109;1629;16;1645;NA;92500;125;2021-09-30;92027
2021-09-29;"Trnavský kraj";83;1295;11;1306;NA;92500;94;2021-09-29;91902
2021-09-28;"Trnavský kraj";135;1886;31;1917;NA;92500;166;2021-09-28;91808
2021-09-27;"Trnavský kraj";80;2023;25;2048;NA;92500;105;2021-09-27;91642
2021-09-26;"Trnavský kraj";2;1048;12;1060;NA;92500;14;2021-09-26;91537
2021-09-25;"Trnavský kraj";61;1105;9;1114;NA;92500;70;2021-09-25;91523
2021-09-24;"Trnavský kraj";41;2229;15;2244;NA;92500;56;2021-09-24;91453
2021-09-23;"Trnavský kraj";89;1680;16;1696;NA;92500;105;2021-09-23;91397
2021-09-22;"Trnavský kraj";119;1706;28;1734;NA;92500;147;2021-09-22;91292
2021-09-21;"Trnavský kraj";108;1505;17;1522;NA;92500;125;2021-09-21;91145
2021-09-20;"Trnavský kraj";50;1644;20;1664;NA;92500;70;2021-09-20;91020
2021-09-19;"Trnavský kraj";2;924;8;932;NA;92500;10;2021-09-19;90950
2021-09-18;"Trnavský kraj";100;986;6;992;NA;92500;106;2021-09-18;90940
2021-09-17;"Trnavský kraj";77;1705;20;1725;NA;92500;97;2021-09-17;90834
2021-09-16;"Trnavský kraj";105;1274;32;1306;NA;92500;137;2021-09-16;90737
2021-09-15;"Trnavský kraj";59;841;5;846;NA;92500;64;2021-09-15;90600
2021-09-14;"Trnavský kraj";38;1583;12;1595;NA;92500;50;2021-09-14;90536
2021-09-13;"Trnavský kraj";56;1406;16;1422;NA;92500;72;2021-09-13;90486
2021-09-12;"Trnavský kraj";0;653;1;654;NA;92500;1;2021-09-12;90414
2021-09-11;"Trnavský kraj";37;971;10;981;NA;92500;47;2021-09-11;90413
2021-09-10;"Trnavský kraj";43;1441;9;1450;NA;92500;52;2021-09-10;90366
2021-09-09;"Trnavský kraj";42;954;13;967;NA;92500;55;2021-09-09;90314
2021-09-08;"Trnavský kraj";65;802;15;817;NA;92500;80;2021-09-08;90259
2021-09-07;"Trnavský kraj";29;844;5;849;NA;92500;34;2021-09-07;90179
2021-09-06;"Trnavský kraj";18;1233;14;1247;NA;92500;32;2021-09-06;90145
2021-09-05;"Trnavský kraj";2;580;4;584;NA;92500;6;2021-09-05;90113
2021-09-04;"Trnavský kraj";17;868;6;874;NA;92500;23;2021-09-04;90107
2021-09-03;"Trnavský kraj";14;1060;5;1065;NA;92500;19;2021-09-03;90084
2021-09-02;"Trnavský kraj";30;830;10;840;NA;92500;40;2021-09-02;90065
2021-09-01;"Trnavský kraj";6;409;4;413;NA;92500;10;2021-09-01;90025
2021-08-31;"Trnavský kraj";13;884;3;887;NA;92500;16;2021-08-31;90015
2021-08-30;"Trnavský kraj";7;887;1;888;NA;92500;8;2021-08-30;89999
2021-08-29;"Trnavský kraj";8;427;1;428;NA;92500;9;2021-08-29;89991
2021-08-28;"Trnavský kraj";17;694;2;696;NA;92500;19;2021-08-28;89982
2021-08-27;"Trnavský kraj";1;1186;4;1190;NA;92500;5;2021-08-27;89963
2021-08-26;"Trnavský kraj";8;713;3;716;NA;92500;11;2021-08-26;89958
2021-08-25;"Trnavský kraj";11;683;6;689;NA;92500;17;2021-08-25;89947
2021-08-24;"Trnavský kraj";7;801;1;802;NA;92500;8;2021-08-24;89930
2021-08-23;"Trnavský kraj";4;844;1;845;NA;92500;5;2021-08-23;89922
2021-08-22;"Trnavský kraj";0;474;0;474;NA;92500;0;2021-08-22;89917
2021-08-21;"Trnavský kraj";8;703;0;703;NA;92500;8;2021-08-21;89917
2021-08-20;"Trnavský kraj";4;1095;4;1099;NA;92500;8;2021-08-20;89909
2021-08-19;"Trnavský kraj";10;875;3;878;NA;92500;13;2021-08-19;89901
2021-08-18;"Trnavský kraj";6;789;2;791;NA;92500;8;2021-08-18;89888
2021-08-17;"Trnavský kraj";7;524;4;528;NA;92500;11;2021-08-17;89880
2021-08-16;"Trnavský kraj";9;960;3;963;NA;92500;12;2021-08-16;89869
2021-08-15;"Trnavský kraj";0;556;1;557;NA;92500;1;2021-08-15;89857
2021-08-14;"Trnavský kraj";10;801;3;804;NA;92500;13;2021-08-14;89856
2021-08-13;"Trnavský kraj";5;1077;6;1083;NA;92500;11;2021-08-13;89843
2021-08-12;"Trnavský kraj";3;666;3;669;NA;92500;6;2021-08-12;89832
2021-08-11;"Trnavský kraj";7;576;2;578;NA;92500;9;2021-08-11;89826
2021-08-10;"Trnavský kraj";3;757;3;760;NA;92500;6;2021-08-10;89817
2021-08-09;"Trnavský kraj";12;808;0;808;NA;92500;12;2021-08-09;89811
2021-08-08;"Trnavský kraj";1;545;0;545;NA;92500;1;2021-08-08;89799
2021-08-07;"Trnavský kraj";9;724;0;724;NA;92500;9;2021-08-07;89798
2021-08-06;"Trnavský kraj";3;988;0;988;NA;92500;3;2021-08-06;89789
2021-08-05;"Trnavský kraj";2;662;1;663;NA;92500;3;2021-08-05;89786
2021-08-04;"Trnavský kraj";1;891;1;892;NA;92500;2;2021-08-04;89783
2021-08-03;"Trnavský kraj";13;645;0;645;NA;92500;13;2021-08-03;89781
2021-08-02;"Trnavský kraj";2;725;1;726;NA;92500;3;2021-08-02;89768
2021-08-01;"Trnavský kraj";0;565;2;567;NA;92500;2;2021-08-01;89765
2021-07-31;"Trnavský kraj";3;886;0;886;NA;92500;3;2021-07-31;89763
2021-07-30;"Trnavský kraj";3;1071;3;1074;NA;92500;6;2021-07-30;89760
2021-07-29;"Trnavský kraj";1;775;0;775;NA;92500;1;2021-07-29;89754
2021-07-28;"Trnavský kraj";5;794;1;795;NA;92500;6;2021-07-28;89753
2021-07-27;"Trnavský kraj";7;623;2;625;NA;92500;9;2021-07-27;89747
2021-07-26;"Trnavský kraj";2;857;2;859;NA;92500;4;2021-07-26;89738
2021-07-25;"Trnavský kraj";0;707;0;707;NA;92500;0;2021-07-25;89734
2021-07-24;"Trnavský kraj";4;828;2;830;NA;92500;6;2021-07-24;89734
2021-07-23;"Trnavský kraj";3;1057;0;1057;NA;92500;3;2021-07-23;89728
2021-07-22;"Trnavský kraj";0;671;2;673;NA;92500;2;2021-07-22;89725
2021-07-21;"Trnavský kraj";2;660;2;662;NA;92500;4;2021-07-21;89723
2021-07-20;"Trnavský kraj";2;593;0;593;NA;92500;2;2021-07-20;89719
2021-07-19;"Trnavský kraj";9;886;0;886;NA;92500;9;2021-07-19;89717
2021-07-18;"Trnavský kraj";0;600;2;602;NA;92500;2;2021-07-18;89708
2021-07-17;"Trnavský kraj";8;796;0;796;NA;92500;8;2021-07-17;89706
2021-07-16;"Trnavský kraj";11;963;0;963;NA;92500;11;2021-07-16;89698
2021-07-15;"Trnavský kraj";4;832;1;833;NA;92500;5;2021-07-15;89687
2021-07-14;"Trnavský kraj";1;699;1;700;NA;92500;2;2021-07-14;89682
2021-07-13;"Trnavský kraj";1;693;1;694;NA;92500;2;2021-07-13;89680
2021-07-12;"Trnavský kraj";4;959;0;959;NA;92500;4;2021-07-12;89678
2021-07-11;"Trnavský kraj";0;692;0;692;NA;92500;0;2021-07-11;89674
2021-07-10;"Trnavský kraj";1;803;0;803;NA;92500;1;2021-07-10;89674
2021-07-09;"Trnavský kraj";3;1262;3;1265;NA;92500;6;2021-07-09;89673
2021-07-08;"Trnavský kraj";4;755;0;755;NA;92500;4;2021-07-08;89667
2021-07-07;"Trnavský kraj";9;924;2;926;NA;92500;11;2021-07-07;89663
2021-07-06;"Trnavský kraj";2;1401;1;1402;NA;92500;3;2021-07-06;89652
2021-07-05;"Trnavský kraj";1;503;2;505;NA;92500;3;2021-07-05;89649
2021-07-04;"Trnavský kraj";0;1129;3;1132;NA;92500;3;2021-07-04;89646
2021-07-03;"Trnavský kraj";4;815;0;815;NA;92500;4;2021-07-03;89643
2021-07-02;"Trnavský kraj";2;1137;2;1139;NA;92500;4;2021-07-02;89639
2021-07-01;"Trnavský kraj";4;437;0;437;NA;92500;4;2021-07-01;89635
2021-06-30;"Trnavský kraj";0;5111;1;5112;NA;92500;1;2021-06-30;89631
2021-06-29;"Trnavský kraj";4;2563;1;2564;NA;92500;5;2021-06-29;89630
2021-06-28;"Trnavský kraj";2;2600;1;2601;NA;92500;3;2021-06-28;89625
2021-06-27;"Trnavský kraj";0;3213;0;3213;NA;92500;0;2021-06-27;89622
2021-06-26;"Trnavský kraj";3;3871;1;3872;NA;92500;4;2021-06-26;89622
2021-06-25;"Trnavský kraj";2;4374;3;4377;NA;92500;5;2021-06-25;89618
2021-06-24;"Trnavský kraj";4;2520;3;2523;NA;92500;7;2021-06-24;89613
2021-06-23;"Trnavský kraj";4;2842;2;2844;NA;92500;6;2021-06-23;89606
2021-06-22;"Trnavský kraj";2;2996;1;2997;NA;92500;3;2021-06-22;89600
2021-06-21;"Trnavský kraj";6;3114;5;3119;NA;92500;11;2021-06-21;89597
2021-06-20;"Trnavský kraj";0;3952;1;3953;NA;92500;1;2021-06-20;89586
2021-06-19;"Trnavský kraj";3;4735;2;4737;NA;92500;5;2021-06-19;89585
2021-06-18;"Trnavský kraj";5;6125;4;6129;NA;92500;9;2021-06-18;89580
2021-06-17;"Trnavský kraj";3;3340;0;3340;NA;92500;3;2021-06-17;89571
2021-06-16;"Trnavský kraj";6;2926;3;2929;NA;92500;9;2021-06-16;89568
2021-06-15;"Trnavský kraj";8;3234;3;3237;NA;92500;11;2021-06-15;89559
2021-06-14;"Trnavský kraj";2;3829;1;3830;NA;92500;3;2021-06-14;89548
2021-06-13;"Trnavský kraj";0;5001;8;5009;NA;92500;8;2021-06-13;89545
2021-06-12;"Trnavský kraj";11;5807;2;5809;NA;92500;13;2021-06-12;89537
2021-06-11;"Trnavský kraj";17;5850;4;5854;NA;92500;21;2021-06-11;89524
2021-06-10;"Trnavský kraj";14;3476;1;3477;NA;92500;15;2021-06-10;89503
2021-06-09;"Trnavský kraj";10;3681;1;3682;NA;92500;11;2021-06-09;89488
2021-06-08;"Trnavský kraj";8;3344;4;3348;NA;92500;12;2021-06-08;89477
2021-06-07;"Trnavský kraj";12;4498;8;4506;NA;92500;20;2021-06-07;89465
2021-06-06;"Trnavský kraj";0;5517;2;5519;NA;92500;2;2021-06-06;89445
2021-06-05;"Trnavský kraj";20;6905;8;6913;NA;92500;28;2021-06-05;89443
2021-06-04;"Trnavský kraj";9;6731;10;6741;NA;92500;19;2021-06-04;89415
2021-06-03;"Trnavský kraj";14;4361;11;4372;NA;92500;25;2021-06-03;89396
2021-06-02;"Trnavský kraj";4;4148;11;4159;NA;92500;15;2021-06-02;89371
2021-06-01;"Trnavský kraj";18;3662;5;3667;NA;92500;23;2021-06-01;89356
2021-05-31;"Trnavský kraj";14;5515;16;5531;NA;92500;30;2021-05-31;89333
2021-05-30;"Trnavský kraj";0;6473;7;6480;NA;92500;7;2021-05-30;89303
2021-05-29;"Trnavský kraj";11;8964;4;8968;NA;92500;15;2021-05-29;89296
2021-05-28;"Trnavský kraj";14;7160;11;7171;NA;92500;25;2021-05-28;89281
2021-05-27;"Trnavský kraj";22;4753;8;4761;NA;92500;30;2021-05-27;89256
2021-05-26;"Trnavský kraj";6;4870;8;4878;NA;92500;14;2021-05-26;89226
2021-05-25;"Trnavský kraj";19;5026;27;5053;NA;92500;46;2021-05-25;89212
2021-05-24;"Trnavský kraj";15;6520;22;6542;NA;92500;37;2021-05-24;89166
2021-05-23;"Trnavský kraj";0;7920;8;7928;NA;92500;8;2021-05-23;89129
2021-05-22;"Trnavský kraj";13;13381;21;13402;NA;92500;34;2021-05-22;89121
2021-05-21;"Trnavský kraj";16;8525;19;8544;NA;92500;35;2021-05-21;89087
2021-05-20;"Trnavský kraj";15;5511;11;5522;NA;92500;26;2021-05-20;89052
2021-05-19;"Trnavský kraj";18;5431;13;5444;NA;92500;31;2021-05-19;89026
2021-05-18;"Trnavský kraj";26;5768;15;5783;NA;92500;41;2021-05-18;88995
2021-05-17;"Trnavský kraj";17;6262;24;6286;NA;92500;41;2021-05-17;88954
2021-05-16;"Trnavský kraj";10;9984;8;9992;NA;92500;18;2021-05-16;88913
2021-05-15;"Trnavský kraj";11;18525;14;18539;NA;92500;25;2021-05-15;88895
2021-05-14;"Trnavský kraj";34;10279;21;10300;NA;92500;55;2021-05-14;88870
2021-05-13;"Trnavský kraj";26;6913;12;6925;NA;92500;38;2021-05-13;88815
2021-05-12;"Trnavský kraj";34;6621;26;6647;NA;92500;60;2021-05-12;88777
2021-05-11;"Trnavský kraj";32;6393;13;6406;NA;92500;45;2021-05-11;88717
2021-05-10;"Trnavský kraj";58;9139;24;9163;NA;92500;82;2021-05-10;88672
2021-05-09;"Trnavský kraj";21;12570;12;12582;NA;92500;33;2021-05-09;88590
2021-05-08;"Trnavský kraj";4;23028;22;23050;NA;92500;26;2021-05-08;88557
2021-05-07;"Trnavský kraj";26;15465;30;15495;NA;92500;56;2021-05-07;88531
2021-05-06;"Trnavský kraj";22;8407;22;8429;NA;92500;44;2021-05-06;88475
2021-05-05;"Trnavský kraj";34;6273;22;6295;NA;92500;56;2021-05-05;88431
2021-05-04;"Trnavský kraj";51;8538;17;8555;NA;92500;68;2021-05-04;88375
2021-05-03;"Trnavský kraj";20;8957;22;8979;NA;92500;42;2021-05-03;88307
2021-05-02;"Trnavský kraj";0;25657;29;25686;NA;92500;29;2021-05-02;88265
2021-05-01;"Trnavský kraj";30;81353;64;81417;NA;92500;94;2021-05-01;88236
2021-04-30;"Trnavský kraj";45;26846;35;26881;NA;92500;80;2021-04-30;88142
2021-04-29;"Trnavský kraj";25;20323;28;20351;NA;92500;53;2021-04-29;88062
2021-04-28;"Trnavský kraj";46;8896;28;8924;NA;92500;74;2021-04-28;88009
2021-04-27;"Trnavský kraj";54;8756;37;8793;NA;92500;91;2021-04-27;87935
2021-04-26;"Trnavský kraj";53;16116;42;16158;NA;92500;95;2021-04-26;87844
2021-04-25;"Trnavský kraj";0;30183;24;30207;NA;92500;24;2021-04-25;87749
2021-04-24;"Trnavský kraj";46;126077;84;126161;NA;92500;130;2021-04-24;87725
2021-04-23;"Trnavský kraj";71;25741;53;25794;NA;92500;124;2021-04-23;87595
2021-04-22;"Trnavský kraj";40;10904;25;10929;NA;92500;65;2021-04-22;87471
2021-04-21;"Trnavský kraj";60;10748;45;10793;NA;92500;105;2021-04-21;87406
2021-04-20;"Trnavský kraj";57;13504;28;13532;NA;92500;85;2021-04-20;87301
2021-04-19;"Trnavský kraj";46;14603;18;14621;NA;92500;64;2021-04-19;87216
2021-04-18;"Trnavský kraj";7;40843;43;40886;NA;92500;50;2021-04-18;87152
2021-04-17;"Trnavský kraj";58;118102;89;118191;NA;92500;147;2021-04-17;87102
2021-04-16;"Trnavský kraj";67;25962;48;26010;NA;92500;115;2021-04-16;86955
2021-04-15;"Trnavský kraj";65;11373;36;11409;NA;92500;101;2021-04-15;86840
2021-04-14;"Trnavský kraj";78;18442;53;18495;NA;92500;131;2021-04-14;86739
2021-04-13;"Trnavský kraj";126;9871;44;9915;NA;92500;170;2021-04-13;86608
2021-04-12;"Trnavský kraj";40;15577;40;15617;NA;92500;80;2021-04-12;86438
2021-04-11;"Trnavský kraj";3;44420;44;44464;NA;92500;47;2021-04-11;86358
2021-04-10;"Trnavský kraj";60;123822;107;123929;NA;92500;167;2021-04-10;86311
2021-04-09;"Trnavský kraj";95;26191;34;26225;NA;92500;129;2021-04-09;86144
2021-04-08;"Trnavský kraj";85;10913;54;10967;NA;92500;139;2021-04-08;86015
2021-04-07;"Trnavský kraj";131;15979;81;16060;NA;92500;212;2021-04-07;85876
2021-04-06;"Trnavský kraj";92;20586;90;20676;NA;92500;182;2021-04-06;85664
2021-04-05;"Trnavský kraj";91;7542;17;7559;NA;92500;108;2021-04-05;85482
2021-04-04;"Trnavský kraj";9;28831;49;28880;NA;92500;58;2021-04-04;85374
2021-04-03;"Trnavský kraj";29;144452;186;144638;NA;92500;215;2021-04-03;85316
2021-04-02;"Trnavský kraj";91;17538;33;17571;NA;92500;124;2021-04-02;85101
2021-04-01;"Trnavský kraj";118;22279;71;22350;NA;92500;189;2021-04-01;84977
2021-03-31;"Trnavský kraj";140;15828;82;15910;NA;92500;222;2021-03-31;84788
2021-03-30;"Trnavský kraj";182;10482;79;10561;NA;92500;261;2021-03-30;84566
2021-03-29;"Trnavský kraj";126;19255;122;19377;NA;92500;248;2021-03-29;84305
2021-03-28;"Trnavský kraj";26;50664;134;50798;NA;92500;160;2021-03-28;84057
2021-03-27;"Trnavský kraj";64;130217;246;130463;NA;92500;310;2021-03-27;83897
2021-03-26;"Trnavský kraj";139;30217;130;30347;NA;92500;269;2021-03-26;83587
2021-03-25;"Trnavský kraj";135;14212;80;14292;NA;92500;215;2021-03-25;83318
2021-03-24;"Trnavský kraj";159;10521;89;10610;NA;92500;248;2021-03-24;83103
2021-03-23;"Trnavský kraj";221;12735;104;12839;NA;92500;325;2021-03-23;82855
2021-03-22;"Trnavský kraj";103;17118;110;17228;NA;92500;213;2021-03-22;82530
2021-03-21;"Trnavský kraj";31;49119;150;49269;NA;92500;181;2021-03-21;82317
2021-03-20;"Trnavský kraj";112;136963;317;137280;NA;92500;429;2021-03-20;82136
2021-03-19;"Trnavský kraj";174;29071;137;29208;NA;92500;311;2021-03-19;81707
2021-03-18;"Trnavský kraj";158;12217;136;12353;NA;92500;294;2021-03-18;81396
2021-03-17;"Trnavský kraj";245;10434;103;10537;NA;92500;348;2021-03-17;81102
2021-03-16;"Trnavský kraj";311;12811;135;12946;NA;92500;446;2021-03-16;80754
2021-03-15;"Trnavský kraj";127;18271;146;18417;NA;92500;273;2021-03-15;80308
2021-03-14;"Trnavský kraj";14;47608;164;47772;NA;92500;178;2021-03-14;80035
2021-03-13;"Trnavský kraj";155;139224;409;139633;NA;92500;564;2021-03-13;79857
2021-03-12;"Trnavský kraj";201;28566;181;28747;NA;92500;382;2021-03-12;79293
2021-03-11;"Trnavský kraj";204;13301;140;13441;NA;92500;344;2021-03-11;78911
2021-03-10;"Trnavský kraj";242;10583;135;10718;NA;92500;377;2021-03-10;78567
2021-03-09;"Trnavský kraj";442;12824;155;12979;NA;92500;597;2021-03-09;78190
2021-03-08;"Trnavský kraj";182;21812;166;21978;NA;92500;348;2021-03-08;77593
2021-03-07;"Trnavský kraj";30;45463;227;45690;NA;92500;257;2021-03-07;77245
2021-03-06;"Trnavský kraj";154;135784;531;136315;NA;92500;685;2021-03-06;76988
2021-03-05;"Trnavský kraj";299;27959;239;28198;NA;92500;538;2021-03-05;76303
2021-03-04;"Trnavský kraj";238;14505;176;14681;NA;92500;414;2021-03-04;75765
2021-03-03;"Trnavský kraj";413;11583;246;11829;NA;92500;659;2021-03-03;75351
2021-03-02;"Trnavský kraj";477;12367;191;12558;NA;92500;668;2021-03-02;74692
2021-03-01;"Trnavský kraj";189;18586;234;18820;NA;92500;423;2021-03-01;74024
2021-02-28;"Trnavský kraj";87;47709;321;48030;NA;92500;408;2021-02-28;73601
2021-02-27;"Trnavský kraj";264;140224;800;141024;NA;92500;1064;2021-02-27;73193
2021-02-26;"Trnavský kraj";362;26637;284;26921;NA;92500;646;2021-02-26;72129
2021-02-25;"Trnavský kraj";433;10490;227;10717;NA;92500;660;2021-02-25;71483
2021-02-24;"Trnavský kraj";407;9113;290;9403;NA;92500;697;2021-02-24;70823
2021-02-23;"Trnavský kraj";469;11322;284;11606;NA;92500;753;2021-02-23;70126
2021-02-22;"Trnavský kraj";206;19901;330;20231;NA;92500;536;2021-02-22;69373
2021-02-21;"Trnavský kraj";38;48221;329;48550;NA;92500;367;2021-02-21;68837
2021-02-20;"Trnavský kraj";273;135835;859;136694;NA;92500;1132;2021-02-20;68470
2021-02-19;"Trnavský kraj";335;26382;366;26748;NA;92500;701;2021-02-19;67338
2021-02-18;"Trnavský kraj";344;11264;348;11612;NA;92500;692;2021-02-18;66637
2021-02-17;"Trnavský kraj";431;8783;416;9199;NA;92500;847;2021-02-17;65945
2021-02-16;"Trnavský kraj";426;11236;294;11530;NA;92500;720;2021-02-16;65098
2021-02-15;"Trnavský kraj";146;18276;326;18602;NA;92500;472;2021-02-15;64378
2021-02-14;"Trnavský kraj";51;57642;495;58137;NA;92500;546;2021-02-14;63906
2021-02-13;"Trnavský kraj";218;137051;994;138045;NA;92500;1212;2021-02-13;63360
2021-02-12;"Trnavský kraj";300;24090;352;24442;NA;92500;652;2021-02-12;62148
2021-02-11;"Trnavský kraj";422;9831;349;10180;NA;92500;771;2021-02-11;61496
2021-02-10;"Trnavský kraj";511;9194;342;9536;NA;92500;853;2021-02-10;60725
2021-02-09;"Trnavský kraj";544;12755;369;13124;NA;92500;913;2021-02-09;59872
2021-02-08;"Trnavský kraj";220;33414;497;33911;NA;92500;717;2021-02-08;58959
2021-02-07;"Trnavský kraj";140;69694;628;70322;NA;92500;768;2021-02-07;58242
2021-02-06;"Trnavský kraj";348;112687;1482;114169;NA;92500;1830;2021-02-06;57474
2021-02-05;"Trnavský kraj";377;16063;373;16436;NA;92500;750;2021-02-05;55644
2021-02-04;"Trnavský kraj";456;7317;456;7773;NA;92500;912;2021-02-04;54894
2021-02-03;"Trnavský kraj";472;6583;434;7017;NA;92500;906;2021-02-03;53982
2021-02-02;"Trnavský kraj";446;14243;424;14667;NA;92500;870;2021-02-02;53076
2021-02-01;"Trnavský kraj";198;38882;679;39561;NA;92500;877;2021-02-01;52206
2021-01-31;"Trnavský kraj";19;64707;822;65529;NA;92500;841;2021-01-31;51329
2021-01-30;"Trnavský kraj";323;111483;1288;112771;NA;92500;1611;2021-01-30;50488
2021-01-29;"Trnavský kraj";421;9689;290;9979;NA;92500;711;2021-01-29;48877
2021-01-28;"Trnavský kraj";389;5817;289;6106;NA;92500;678;2021-01-28;48166
2021-01-27;"Trnavský kraj";433;5554;225;5779;NA;92500;658;2021-01-27;47488
2021-01-26;"Trnavský kraj";565;25411;636;26047;NA;92500;1201;2021-01-26;46830
2021-01-25;"Trnavský kraj";210;41805;620;42425;NA;92500;830;2021-01-25;45629
2021-01-24;"Trnavský kraj";91;66399;779;67178;NA;92500;870;2021-01-24;44799
2021-01-23;"Trnavský kraj";372;113375;1319;114694;NA;92500;1691;2021-01-23;43929
2021-01-22;"Trnavský kraj";217;32755;505;33260;NA;92500;722;2021-01-22;42238
2021-01-21;"Trnavský kraj";311;13913;377;14290;NA;92500;688;2021-01-21;41516
2021-01-20;"Trnavský kraj";503;8685;283;8968;NA;92500;786;2021-01-20;40828
2021-01-19;"Trnavský kraj";415;7013;347;7360;NA;92500;762;2021-01-19;40042
2021-01-18;"Trnavský kraj";247;6690;513;7203;NA;92500;760;2021-01-18;39280
2021-01-17;"Trnavský kraj";128;854;215;1069;NA;92500;343;2021-01-17;38520
2021-01-16;"Trnavský kraj";103;898;24;922;NA;92500;127;2021-01-16;38177
2021-01-15;"Trnavský kraj";278;5467;336;5803;NA;92500;614;2021-01-15;38050
2021-01-14;"Trnavský kraj";452;4001;338;4339;NA;92500;790;2021-01-14;37436
2021-01-13;"Trnavský kraj";457;4751;378;5129;NA;92500;835;2021-01-13;36646
2021-01-12;"Trnavský kraj";469;6860;470;7330;NA;92500;939;2021-01-12;35811
2021-01-11;"Trnavský kraj";370;4587;360;4947;NA;92500;730;2021-01-11;34872
2021-01-10;"Trnavský kraj";71;13;0;13;NA;92500;71;2021-01-10;34142
2021-01-09;"Trnavský kraj";417;1775;100;1875;NA;92500;517;2021-01-09;34071
2021-01-08;"Trnavský kraj";381;6016;506;6522;NA;92500;887;2021-01-08;33554
2021-01-07;"Trnavský kraj";501;3545;329;3874;NA;92500;830;2021-01-07;32667
2021-01-06;"Trnavský kraj";179;758;132;890;NA;92500;311;2021-01-06;31837
2021-01-05;"Trnavský kraj";611;5165;561;5726;NA;92500;1172;2021-01-05;31526
2021-01-04;"Trnavský kraj";302;5556;709;6265;NA;92500;1011;2021-01-04;30354
2021-01-03;"Trnavský kraj";60;53;7;60;NA;92500;67;2021-01-03;29343
2021-01-02;"Trnavský kraj";282;417;32;449;NA;92500;314;2021-01-02;29276
2021-01-01;"Trnavský kraj";143;455;76;531;NA;92500;219;2021-01-01;28962
2020-12-31;"Trnavský kraj";498;8325;820;9145;NA;92500;1318;2020-12-31;28743
2020-12-30;"Trnavský kraj";785;5318;612;5930;NA;92500;1397;2020-12-30;27425
2020-12-29;"Trnavský kraj";322;4913;565;5478;NA;92500;887;2020-12-29;26028
2020-12-28;"Trnavský kraj";213;4900;552;5452;NA;92500;765;2020-12-28;25141
2020-12-27;"Trnavský kraj";27;20;4;24;NA;92500;31;2020-12-27;24376
2020-12-26;"Trnavský kraj";148;44;1;45;NA;92500;149;2020-12-26;24345
2020-12-25;"Trnavský kraj";65;49;5;54;NA;92500;70;2020-12-25;24196
2020-12-24;"Trnavský kraj";333;1359;117;1476;NA;92500;450;2020-12-24;24126
2020-12-23;"Trnavský kraj";210;6672;414;7086;NA;92500;624;2020-12-23;23676
2020-12-22;"Trnavský kraj";311;5427;455;5882;NA;92500;766;2020-12-22;23052
2020-12-21;"Trnavský kraj";328;4092;350;4442;NA;92500;678;2020-12-21;22286
2020-12-20;"Trnavský kraj";134;133;12;145;NA;92500;146;2020-12-20;21608
2020-12-19;"Trnavský kraj";201;1407;103;1510;NA;92500;304;2020-12-19;21462
2020-12-18;"Trnavský kraj";341;4432;334;4766;NA;92500;675;2020-12-18;21158
2020-12-17;"Trnavský kraj";375;4880;414;5294;NA;92500;789;2020-12-17;20483
2020-12-16;"Trnavský kraj";312;4945;383;5328;NA;92500;695;2020-12-16;19694
2020-12-15;"Trnavský kraj";492;6240;598;6838;NA;92500;1090;2020-12-15;18999
2020-12-14;"Trnavský kraj";161;3505;292;3797;NA;92500;453;2020-12-14;17909
2020-12-13;"Trnavský kraj";7;7;0;7;NA;92500;7;2020-12-13;17456
2020-12-12;"Trnavský kraj";254;1456;114;1570;NA;92500;368;2020-12-12;17449
2020-12-11;"Trnavský kraj";384;4289;241;4530;NA;92500;625;2020-12-11;17081
2020-12-10;"Trnavský kraj";183;5197;320;5517;NA;92500;503;2020-12-10;16456
2020-12-09;"Trnavský kraj";521;4199;317;4516;NA;92500;838;2020-12-09;15953
2020-12-08;"Trnavský kraj";281;4090;304;4394;NA;92500;585;2020-12-08;15115
2020-12-07;"Trnavský kraj";178;2895;199;3094;NA;92500;377;2020-12-07;14530
2020-12-06;"Trnavský kraj";46;0;0;0;NA;92500;46;2020-12-06;14153
2020-12-05;"Trnavský kraj";129;2218;41;2259;NA;92500;170;2020-12-05;14107
2020-12-04;"Trnavský kraj";242;3948;158;4106;NA;92500;400;2020-12-04;13937
2020-12-03;"Trnavský kraj";248;2770;190;2960;NA;92500;438;2020-12-03;13537
2020-12-02;"Trnavský kraj";284;4516;176;4692;NA;92500;460;2020-12-02;13099
2020-12-01;"Trnavský kraj";253;3190;205;3395;NA;92500;458;2020-12-01;12639
2020-11-30;"Trnavský kraj";200;7360;186;7546;NA;92500;386;2020-11-30;12181
2020-11-29;"Trnavský kraj";17;738;36;774;NA;92500;53;2020-11-29;11795
2020-11-28;"Trnavský kraj";83;1453;77;1530;NA;92500;160;2020-11-28;11742
2020-11-27;"Trnavský kraj";148;1779;85;1864;NA;92500;233;2020-11-27;11582
2020-11-26;"Trnavský kraj";234;1123;68;1191;NA;92500;302;2020-11-26;11349
2020-11-25;"Trnavský kraj";232;1168;74;1242;NA;92500;306;2020-11-25;11047
2020-11-24;"Trnavský kraj";295;1909;96;2005;NA;92500;391;2020-11-24;10741
2020-11-23;"Trnavský kraj";242;7393;129;7522;NA;92500;371;2020-11-23;10350
2020-11-22;"Trnavský kraj";10;82;9;91;NA;92500;19;2020-11-22;9979
2020-11-21;"Trnavský kraj";129;1354;36;1390;NA;92500;165;2020-11-21;9960
2020-11-20;"Trnavský kraj";246;1154;64;1218;NA;92500;310;2020-11-20;9795
2020-11-19;"Trnavský kraj";157;823;64;887;NA;92500;221;2020-11-19;9485
2020-11-18;"Trnavský kraj";235;822;82;904;NA;92500;317;2020-11-18;9264
2020-11-17;"Trnavský kraj";129;705;74;779;NA;92500;203;2020-11-17;8947
2020-11-16;"Trnavský kraj";187;732;32;764;NA;92500;219;2020-11-16;8744
2020-11-15;"Trnavský kraj";23;73;4;77;NA;92500;27;2020-11-15;8525
2020-11-14;"Trnavský kraj";86;397;12;409;NA;92500;98;2020-11-14;8498
2020-11-13;"Trnavský kraj";219;1312;21;1333;NA;92500;240;2020-11-13;8400
2020-11-12;"Trnavský kraj";162;420;18;438;NA;92500;180;2020-11-12;8160
2020-11-11;"Trnavský kraj";257;392;15;407;NA;92500;272;2020-11-11;7980
2020-11-10;"Trnavský kraj";189;889;30;919;NA;92500;219;2020-11-10;7708
2020-11-09;"Trnavský kraj";196;369;23;392;NA;92500;219;2020-11-09;7489
2020-11-08;"Trnavský kraj";55;400;4;404;NA;92500;59;2020-11-08;7270
2020-11-07;"Trnavský kraj";207;6070;74;6144;NA;92500;281;2020-11-07;7211
2020-11-06;"Trnavský kraj";260;1531;19;1550;NA;92500;279;2020-11-06;6930
2020-11-05;"Trnavský kraj";150;220;27;247;NA;92500;177;2020-11-05;6651
2020-11-04;"Trnavský kraj";188;212;10;222;NA;92500;198;2020-11-04;6474
2020-11-03;"Trnavský kraj";317;127;8;135;NA;92500;325;2020-11-03;6276
2020-11-02;"Trnavský kraj";281;1728;31;1759;NA;92500;312;2020-11-02;5951
2020-11-01;"Trnavský kraj";87;494;27;521;NA;92500;114;2020-11-01;5639
2020-10-31;"Trnavský kraj";259;5024;41;5065;NA;92500;300;2020-10-31;5525
2020-10-30;"Trnavský kraj";198;3784;27;3811;NA;92500;225;2020-10-30;5225
2020-10-29;"Trnavský kraj";273;1461;16;1477;NA;92500;289;2020-10-29;5000
2020-10-28;"Trnavský kraj";319;117;16;133;NA;92500;335;2020-10-28;4711
2020-10-27;"Trnavský kraj";199;461;36;497;NA;92500;235;2020-10-27;4376
2020-10-26;"Trnavský kraj";153;29;2;31;NA;92500;155;2020-10-26;4141
2020-10-25;"Trnavský kraj";95;19;1;20;NA;92500;96;2020-10-25;3986
2020-10-24;"Trnavský kraj";158;109;2;111;NA;92500;160;2020-10-24;3890
2020-10-23;"Trnavský kraj";201;89;4;93;NA;92500;205;2020-10-23;3730
2020-10-22;"Trnavský kraj";195;55;2;57;NA;92500;197;2020-10-22;3525
2020-10-21;"Trnavský kraj";134;73;3;76;NA;92500;137;2020-10-21;3328
2020-10-20;"Trnavský kraj";202;82;3;85;NA;92500;205;2020-10-20;3191
2020-10-19;"Trnavský kraj";67;55;0;55;NA;92500;67;2020-10-19;2986
2020-10-18;"Trnavský kraj";84;0;0;0;NA;92500;84;2020-10-18;2919
2020-10-17;"Trnavský kraj";123;0;0;0;NA;92500;123;2020-10-17;2835
2020-10-16;"Trnavský kraj";86;45;2;47;NA;92500;88;2020-10-16;2712
2020-10-15;"Trnavský kraj";155;66;2;68;NA;92500;157;2020-10-15;2624
2020-10-14;"Trnavský kraj";236;468;3;471;NA;92500;239;2020-10-14;2467
2020-10-13;"Trnavský kraj";138;16;2;18;NA;92500;140;2020-10-13;2228
2020-10-12;"Trnavský kraj";33;41;1;42;NA;92500;34;2020-10-12;2088
2020-10-11;"Trnavský kraj";31;0;0;0;NA;92500;31;2020-10-11;2054
2020-10-10;"Trnavský kraj";128;0;0;0;NA;92500;128;2020-10-10;2023
2020-10-09;"Trnavský kraj";156;0;0;0;NA;92500;156;2020-10-09;1895
2020-10-08;"Trnavský kraj";153;0;0;0;NA;92500;153;2020-10-08;1739
2020-10-07;"Trnavský kraj";80;0;0;0;NA;92500;80;2020-10-07;1586
2020-10-06;"Trnavský kraj";112;0;0;0;NA;92500;112;2020-10-06;1506
2020-10-05;"Trnavský kraj";33;0;0;0;NA;92500;33;2020-10-05;1394
2020-10-04;"Trnavský kraj";44;0;0;0;NA;92500;44;2020-10-04;1361
2020-10-03;"Trnavský kraj";60;0;0;0;NA;92500;60;2020-10-03;1317
2020-10-02;"Trnavský kraj";41;0;0;0;NA;92500;41;2020-10-02;1257
2020-10-01;"Trnavský kraj";53;0;0;0;NA;92500;53;2020-10-01;1216
2020-09-30;"Trnavský kraj";91;0;0;0;NA;92500;91;2020-09-30;1163
2020-09-29;"Trnavský kraj";40;0;0;0;NA;92500;40;2020-09-29;1072
2020-09-28;"Trnavský kraj";69;0;0;0;NA;92500;69;2020-09-28;1032
2020-09-27;"Trnavský kraj";30;0;0;0;NA;92500;30;2020-09-27;963
2020-09-26;"Trnavský kraj";46;0;0;0;NA;92500;46;2020-09-26;933
2020-09-25;"Trnavský kraj";32;0;0;0;NA;92500;32;2020-09-25;887
2020-09-24;"Trnavský kraj";42;0;0;0;NA;92500;42;2020-09-24;855
2020-09-23;"Trnavský kraj";43;0;0;0;NA;92500;43;2020-09-23;813
2020-09-22;"Trnavský kraj";55;0;0;0;NA;92500;55;2020-09-22;770
2020-09-21;"Trnavský kraj";41;0;0;0;NA;92500;41;2020-09-21;715
2020-09-20;"Trnavský kraj";17;0;0;0;NA;92500;17;2020-09-20;674
2020-09-19;"Trnavský kraj";4;0;0;0;NA;92500;4;2020-09-19;657
2020-09-18;"Trnavský kraj";33;0;0;0;NA;92500;33;2020-09-18;653
2020-09-17;"Trnavský kraj";42;0;0;0;NA;92500;42;2020-09-17;620
2020-09-16;"Trnavský kraj";49;0;0;0;NA;92500;49;2020-09-16;578
2020-09-15;"Trnavský kraj";5;0;0;0;NA;92500;5;2020-09-15;529
2020-09-14;"Trnavský kraj";26;0;0;0;NA;92500;26;2020-09-14;524
2020-09-13;"Trnavský kraj";9;0;0;0;NA;92500;9;2020-09-13;498
2020-09-12;"Trnavský kraj";12;0;0;0;NA;92500;12;2020-09-12;489
2020-09-11;"Trnavský kraj";16;0;0;0;NA;92500;16;2020-09-11;477
2020-09-10;"Trnavský kraj";32;0;0;0;NA;92500;32;2020-09-10;461
2020-09-09;"Trnavský kraj";14;0;0;0;NA;92500;14;2020-09-09;429
2020-09-08;"Trnavský kraj";11;0;0;0;NA;92500;11;2020-09-08;415
2020-09-07;"Trnavský kraj";7;0;0;0;NA;92500;7;2020-09-07;404
2020-09-06;"Trnavský kraj";5;0;0;0;NA;92500;5;2020-09-06;397
2020-09-05;"Trnavský kraj";7;0;0;0;NA;92500;7;2020-09-05;392
2020-09-04;"Trnavský kraj";16;0;0;0;NA;92500;16;2020-09-04;385
2020-09-03;"Trnavský kraj";8;0;0;0;NA;92500;8;2020-09-03;369
2020-09-02;"Trnavský kraj";7;0;0;0;NA;92500;7;2020-09-02;361
2020-09-01;"Trnavský kraj";1;0;0;0;NA;92500;1;2020-09-01;354
2020-08-31;"Trnavský kraj";6;0;0;0;NA;92500;6;2020-08-31;353
2020-08-30;"Trnavský kraj";1;0;0;0;NA;92500;1;2020-08-30;347
2020-08-29;"Trnavský kraj";3;0;0;0;NA;92500;3;2020-08-29;346
2020-08-28;"Trnavský kraj";14;0;0;0;NA;92500;14;2020-08-28;343
2020-08-27;"Trnavský kraj";6;0;0;0;NA;92500;6;2020-08-27;329
2020-08-26;"Trnavský kraj";4;0;0;0;NA;92500;4;2020-08-26;323
2020-08-25;"Trnavský kraj";7;0;0;0;NA;92500;7;2020-08-25;319
2020-08-24;"Trnavský kraj";1;0;0;0;NA;92500;1;2020-08-24;312
2020-08-23;"Trnavský kraj";6;0;0;0;NA;92500;6;2020-08-23;311
2020-08-22;"Trnavský kraj";3;0;0;0;NA;92500;3;2020-08-22;305
2020-08-21;"Trnavský kraj";4;0;0;0;NA;92500;4;2020-08-21;302
2020-08-20;"Trnavský kraj";23;0;0;0;NA;92500;23;2020-08-20;298
2020-08-19;"Trnavský kraj";13;0;0;0;NA;92500;13;2020-08-19;275
2020-08-18;"Trnavský kraj";20;0;0;0;NA;92500;20;2020-08-18;262
2020-08-17;"Trnavský kraj";3;0;0;0;NA;92500;3;2020-08-17;242
2020-08-16;"Trnavský kraj";0;0;0;0;NA;92500;0;2020-08-16;239
2020-08-15;"Trnavský kraj";7;0;0;0;NA;92500;7;2020-08-15;239
2020-08-14;"Trnavský kraj";6;0;0;0;NA;92500;6;2020-08-14;232
2020-08-13;"Trnavský kraj";10;0;0;0;NA;92500;10;2020-08-13;226
2020-08-12;"Trnavský kraj";2;0;0;0;NA;92500;2;2020-08-12;216
2020-08-11;"Trnavský kraj";30;0;0;0;NA;92500;30;2020-08-11;214
2020-08-10;"Trnavský kraj";0;0;0;0;NA;92500;0;2020-08-10;184
2020-08-09;"Trnavský kraj";0;0;0;0;NA;92500;0;2020-08-09;184
2020-08-08;"Trnavský kraj";13;0;0;0;NA;92500;13;2020-08-08;184
2020-08-07;"Trnavský kraj";4;0;0;0;NA;92500;4;2020-08-07;171
2020-08-06;"Trnavský kraj";4;0;0;0;NA;92500;4;2020-08-06;167
2020-08-05;"Trnavský kraj";0;0;0;0;NA;92500;0;2020-08-05;163
2020-08-04;"Trnavský kraj";1;0;0;0;NA;92500;1;2020-08-04;163
2020-08-03;"Trnavský kraj";2;0;0;0;NA;92500;2;2020-08-03;162
2020-08-02;"Trnavský kraj";1;0;0;0;NA;92500;1;2020-08-02;160
2020-08-01;"Trnavský kraj";0;0;0;0;NA;92500;0;2020-08-01;159
2020-07-31;"Trnavský kraj";7;0;0;0;NA;92500;7;2020-07-31;159
2020-07-30;"Trnavský kraj";6;0;0;0;NA;92500;6;2020-07-30;152
2020-07-29;"Trnavský kraj";0;0;0;0;NA;92500;0;2020-07-29;146
2020-07-28;"Trnavský kraj";1;0;0;0;NA;92500;1;2020-07-28;146
2020-07-27;"Trnavský kraj";2;0;0;0;NA;92500;2;2020-07-27;145
2020-07-26;"Trnavský kraj";0;0;0;0;NA;92500;0;2020-07-26;143
2020-07-25;"Trnavský kraj";0;0;0;0;NA;92500;0;2020-07-25;143
2020-07-24;"Trnavský kraj";1;0;0;0;NA;92500;1;2020-07-24;143
2020-07-23;"Trnavský kraj";2;0;0;0;NA;92500;2;2020-07-23;142
2020-07-22;"Trnavský kraj";1;0;0;0;NA;92500;1;2020-07-22;140
2020-07-21;"Trnavský kraj";2;0;0;0;NA;92500;2;2020-07-21;139
2020-07-20;"Trnavský kraj";0;0;0;0;NA;92500;0;2020-07-20;137
2020-07-19;"Trnavský kraj";0;0;0;0;NA;92500;0;2020-07-19;137
2020-07-18;"Trnavský kraj";0;0;0;0;NA;92500;0;2020-07-18;137
2020-07-17;"Trnavský kraj";0;0;0;0;NA;92500;0;2020-07-17;137
2020-07-16;"Trnavský kraj";0;0;0;0;NA;92500;0;2020-07-16;137
2020-07-15;"Trnavský kraj";1;0;0;0;NA;92500;1;2020-07-15;137
2020-07-14;"Trnavský kraj";0;0;0;0;NA;92500;0;2020-07-14;136
2020-07-13;"Trnavský kraj";0;0;0;0;NA;92500;0;2020-07-13;136
2020-07-12;"Trnavský kraj";0;0;0;0;NA;92500;0;2020-07-12;136
2020-07-11;"Trnavský kraj";0;0;0;0;NA;92500;0;2020-07-11;136
2020-07-10;"Trnavský kraj";0;0;0;0;NA;92500;0;2020-07-10;136
2020-07-09;"Trnavský kraj";0;0;0;0;NA;92500;0;2020-07-09;136
2020-07-08;"Trnavský kraj";3;0;0;0;NA;92500;3;2020-07-08;136
2020-07-07;"Trnavský kraj";4;0;0;0;NA;92500;4;2020-07-07;133
2020-07-06;"Trnavský kraj";0;0;0;0;NA;92500;0;2020-07-06;129
2020-07-05;"Trnavský kraj";0;0;0;0;NA;92500;0;2020-07-05;129
2020-07-04;"Trnavský kraj";0;0;0;0;NA;92500;0;2020-07-04;129
2020-07-03;"Trnavský kraj";0;0;0;0;NA;92500;0;2020-07-03;129
2020-07-02;"Trnavský kraj";3;0;0;0;NA;92500;3;2020-07-02;129
2020-07-01;"Trnavský kraj";0;0;0;0;NA;92500;0;2020-07-01;126
2020-06-30;"Trnavský kraj";0;0;0;0;NA;92500;0;2020-06-30;126
2020-06-29;"Trnavský kraj";0;0;0;0;NA;92500;0;2020-06-29;126
2020-06-28;"Trnavský kraj";0;0;0;0;NA;92500;0;2020-06-28;126
2020-06-27;"Trnavský kraj";0;0;0;0;NA;92500;0;2020-06-27;126
2020-06-26;"Trnavský kraj";0;0;0;0;NA;92500;0;2020-06-26;126
2020-06-25;"Trnavský kraj";0;0;0;0;NA;92500;0;2020-06-25;126
2020-06-24;"Trnavský kraj";0;0;0;0;NA;92500;0;2020-06-24;126
2020-06-23;"Trnavský kraj";0;0;0;0;NA;92500;0;2020-06-23;126
2020-06-22;"Trnavský kraj";0;0;0;0;NA;92500;0;2020-06-22;126
2020-06-21;"Trnavský kraj";0;0;0;0;NA;92500;0;2020-06-21;126
2020-06-20;"Trnavský kraj";0;0;0;0;NA;92500;0;2020-06-20;126
2020-06-19;"Trnavský kraj";0;0;0;0;NA;92500;0;2020-06-19;126
2020-06-18;"Trnavský kraj";2;0;0;0;NA;92500;2;2020-06-18;126
2020-06-17;"Trnavský kraj";0;0;0;0;NA;92500;0;2020-06-17;124
2020-06-16;"Trnavský kraj";0;0;0;0;NA;92500;0;2020-06-16;124
2020-06-14;"Trnavský kraj";0;0;0;0;NA;92500;0;2020-06-14;124
2020-06-13;"Trnavský kraj";0;0;0;0;NA;92500;0;2020-06-13;124
2020-06-12;"Trnavský kraj";0;0;0;0;NA;92500;0;2020-06-12;124
2020-06-11;"Trnavský kraj";0;0;0;0;NA;92500;0;2020-06-11;124
2020-06-10;"Trnavský kraj";0;0;0;0;NA;92500;0;2020-06-10;124
2020-06-09;"Trnavský kraj";0;0;0;0;NA;92500;0;2020-06-09;124
2020-06-08;"Trnavský kraj";0;0;0;0;NA;92500;0;2020-06-08;124
2020-06-07;"Trnavský kraj";0;0;0;0;NA;92500;0;2020-06-07;124
2020-06-05;"Trnavský kraj";0;0;0;0;NA;92500;0;2020-06-05;124
2020-06-03;"Trnavský kraj";0;0;0;0;NA;92500;0;2020-06-03;124
2020-06-02;"Trnavský kraj";0;0;0;0;NA;92500;0;2020-06-02;124
2020-05-31;"Trnavský kraj";0;0;0;0;NA;92500;0;2020-05-31;124
2020-05-29;"Trnavský kraj";0;0;0;0;NA;92500;0;2020-05-29;124
2020-05-27;"Trnavský kraj";0;0;0;0;NA;92500;0;2020-05-27;124
2020-05-26;"Trnavský kraj";0;0;0;0;NA;92500;0;2020-05-26;124
2020-05-25;"Trnavský kraj";1;0;0;0;NA;92500;1;2020-05-25;124
2020-05-24;"Trnavský kraj";0;0;0;0;NA;92500;0;2020-05-24;123
2020-05-23;"Trnavský kraj";2;0;0;0;NA;92500;2;2020-05-23;123
2020-05-22;"Trnavský kraj";0;0;0;0;NA;92500;0;2020-05-22;121
2020-05-21;"Trnavský kraj";0;0;0;0;NA;92500;0;2020-05-21;121
2020-05-20;"Trnavský kraj";2;0;0;0;NA;92500;2;2020-05-20;121
2020-05-19;"Trnavský kraj";0;0;0;0;NA;92500;0;2020-05-19;119
2020-05-17;"Trnavský kraj";0;0;0;0;NA;92500;0;2020-05-17;119
2020-05-16;"Trnavský kraj";0;0;0;0;NA;92500;0;2020-05-16;119
2020-05-15;"Trnavský kraj";1;0;0;0;NA;92500;1;2020-05-15;119
2020-05-14;"Trnavský kraj";0;0;0;0;NA;92500;0;2020-05-14;118
2020-05-13;"Trnavský kraj";0;0;0;0;NA;92500;0;2020-05-13;118
2020-05-12;"Trnavský kraj";0;0;0;0;NA;92500;0;2020-05-12;118
2020-05-11;"Trnavský kraj";2;0;0;0;NA;92500;2;2020-05-11;118
2020-05-09;"Trnavský kraj";0;0;0;0;NA;92500;0;2020-05-09;116
2020-05-07;"Trnavský kraj";0;0;0;0;NA;92500;0;2020-05-07;116
2020-05-06;"Trnavský kraj";0;0;0;0;NA;92500;0;2020-05-06;116
2020-05-05;"Trnavský kraj";0;0;0;0;NA;92500;0;2020-05-05;116
2020-05-04;"Trnavský kraj";0;0;0;0;NA;92500;0;2020-05-04;116
2020-05-03;"Trnavský kraj";0;0;0;0;NA;92500;0;2020-05-03;116
2020-05-02;"Trnavský kraj";0;0;0;0;NA;92500;0;2020-05-02;116
2020-05-01;"Trnavský kraj";0;0;0;0;NA;92500;0;2020-05-01;116
2020-04-30;"Trnavský kraj";0;0;0;0;NA;92500;0;2020-04-30;116
2020-04-29;"Trnavský kraj";0;0;0;0;NA;92500;0;2020-04-29;116
2020-04-28;"Trnavský kraj";1;0;0;0;NA;92500;1;2020-04-28;116
2020-04-27;"Trnavský kraj";0;0;0;0;NA;92500;0;2020-04-27;115
2020-04-26;"Trnavský kraj";0;0;0;0;NA;92500;0;2020-04-26;115
2020-04-25;"Trnavský kraj";2;0;0;0;NA;92500;2;2020-04-25;115
2020-04-24;"Trnavský kraj";4;0;0;0;NA;92500;4;2020-04-24;113
2020-04-23;"Trnavský kraj";5;0;0;0;NA;92500;5;2020-04-23;109
2020-04-22;"Trnavský kraj";10;0;0;0;NA;92500;10;2020-04-22;104
2020-04-21;"Trnavský kraj";5;0;0;0;NA;92500;5;2020-04-21;94
2020-04-20;"Trnavský kraj";0;0;0;0;NA;92500;0;2020-04-20;89
2020-04-19;"Trnavský kraj";1;0;0;0;NA;92500;1;2020-04-19;89
2020-04-18;"Trnavský kraj";4;0;0;0;NA;92500;4;2020-04-18;88
2020-04-17;"Trnavský kraj";7;0;0;0;NA;92500;7;2020-04-17;84
2020-04-16;"Trnavský kraj";5;0;0;0;NA;92500;5;2020-04-16;77
2020-04-15;"Trnavský kraj";5;0;0;0;NA;92500;5;2020-04-15;72
2020-04-14;"Trnavský kraj";1;0;0;0;NA;92500;1;2020-04-14;67
2020-04-13;"Trnavský kraj";0;0;0;0;NA;92500;0;2020-04-13;66
2020-04-12;"Trnavský kraj";0;0;0;0;NA;92500;0;2020-04-12;66
2020-04-11;"Trnavský kraj";0;0;0;0;NA;92500;0;2020-04-11;66
2020-04-10;"Trnavský kraj";2;0;0;0;NA;92500;2;2020-04-10;66
2020-04-09;"Trnavský kraj";3;0;0;0;NA;92500;3;2020-04-09;64
2020-04-08;"Trnavský kraj";4;0;0;0;NA;92500;4;2020-04-08;61
2020-04-07;"Trnavský kraj";6;0;0;0;NA;92500;6;2020-04-07;57
2020-04-06;"Trnavský kraj";6;0;0;0;NA;92500;6;2020-04-06;51
2020-04-05;"Trnavský kraj";1;0;0;0;NA;92500;1;2020-04-05;45
2020-04-04;"Trnavský kraj";1;0;0;0;NA;92500;1;2020-04-04;44
2020-04-03;"Trnavský kraj";3;0;0;0;NA;92500;3;2020-04-03;43
2020-04-02;"Trnavský kraj";4;0;0;0;NA;92500;4;2020-04-02;40
2020-04-01;"Trnavský kraj";0;0;0;0;NA;92500;0;2020-04-01;36
2020-03-31;"Trnavský kraj";3;0;0;0;NA;92500;3;2020-03-31;36
2020-03-30;"Trnavský kraj";4;0;0;0;NA;92500;4;2020-03-30;33
2020-03-29;"Trnavský kraj";1;0;0;0;NA;92500;1;2020-03-29;29
2020-03-28;"Trnavský kraj";3;0;0;0;NA;92500;3;2020-03-28;28
2020-03-27;"Trnavský kraj";5;0;0;0;NA;92500;5;2020-03-27;25
2020-03-26;"Trnavský kraj";5;0;0;0;NA;92500;5;2020-03-26;20
2020-03-25;"Trnavský kraj";1;0;0;0;NA;92500;1;2020-03-25;15
2020-03-24;"Trnavský kraj";0;0;0;0;NA;92500;0;2020-03-24;14
2020-03-23;"Trnavský kraj";2;0;0;0;NA;92500;2;2020-03-23;14
2020-03-22;"Trnavský kraj";1;0;0;0;NA;92500;1;2020-03-22;12
2020-03-21;"Trnavský kraj";5;0;0;0;NA;92500;5;2020-03-21;11
2020-03-20;"Trnavský kraj";0;0;0;0;NA;92500;0;2020-03-20;6
2020-03-19;"Trnavský kraj";0;0;0;0;NA;92500;0;2020-03-19;6
2020-03-18;"Trnavský kraj";0;0;0;0;NA;92500;0;2020-03-18;6
2020-03-17;"Trnavský kraj";3;0;0;0;NA;92500;3;2020-03-17;6
2020-03-16;"Trnavský kraj";1;0;0;0;NA;92500;1;2020-03-16;3
2020-03-15;"Trnavský kraj";0;0;0;0;NA;92500;0;2020-03-15;2
2020-03-14;"Trnavský kraj";0;0;0;0;NA;92500;0;2020-03-14;2
2020-03-13;"Trnavský kraj";1;0;0;0;NA;92500;1;2020-03-13;2
2020-03-12;"Trnavský kraj";1;0;0;0;NA;92500;1;2020-03-12;1
2020-03-11;"Trnavský kraj";0;0;0;0;NA;92500;0;2020-03-11;0
2020-03-09;"Trnavský kraj";0;0;0;0;NA;92500;0;2020-03-09;0
2020-03-08;"Trnavský kraj";0;0;0;0;NA;92500;0;2020-03-08;0
2020-03-07;"Trnavský kraj";0;0;0;0;NA;92500;0;2020-03-07;0
2020-03-06;"Trnavský kraj";0;0;0;0;NA;92500;0;2020-03-06;0
2021-10-05;"Žilinský kraj";387;0;0;0;62906;114600;387;2021-10-05;114600
2021-10-04;"Žilinský kraj";297;121;1;122;NA;114600;298;2021-10-04;114213
2021-10-03;"Žilinský kraj";22;1278;53;1331;NA;114600;75;2021-10-03;113915
2021-10-02;"Žilinský kraj";209;1880;39;1919;NA;114600;248;2021-10-02;113840
2021-10-01;"Žilinský kraj";263;3907;101;4008;NA;114600;364;2021-10-01;113592
2021-09-30;"Žilinský kraj";248;3486;71;3557;NA;114600;319;2021-09-30;113228
2021-09-29;"Žilinský kraj";285;3512;73;3585;NA;114600;358;2021-09-29;112909
2021-09-28;"Žilinský kraj";272;3632;73;3705;NA;114600;345;2021-09-28;112551
2021-09-27;"Žilinský kraj";239;4368;149;4517;NA;114600;388;2021-09-27;112206
2021-09-26;"Žilinský kraj";17;1652;41;1693;NA;114600;58;2021-09-26;111818
2021-09-25;"Žilinský kraj";111;1699;50;1749;NA;114600;161;2021-09-25;111760
2021-09-24;"Žilinský kraj";199;6127;98;6225;NA;114600;297;2021-09-24;111599
2021-09-23;"Žilinský kraj";176;2604;74;2678;NA;114600;250;2021-09-23;111302
2021-09-22;"Žilinský kraj";185;2728;77;2805;NA;114600;262;2021-09-22;111052
2021-09-21;"Žilinský kraj";250;3123;78;3201;NA;114600;328;2021-09-21;110790
2021-09-20;"Žilinský kraj";244;3211;95;3306;NA;114600;339;2021-09-20;110462
2021-09-19;"Žilinský kraj";26;1579;37;1616;NA;114600;63;2021-09-19;110123
2021-09-18;"Žilinský kraj";87;1441;45;1486;NA;114600;132;2021-09-18;110060
2021-09-17;"Žilinský kraj";192;3347;56;3403;NA;114600;248;2021-09-17;109928
2021-09-16;"Žilinský kraj";164;2724;87;2811;NA;114600;251;2021-09-16;109680
2021-09-15;"Žilinský kraj";31;555;11;566;NA;114600;42;2021-09-15;109429
2021-09-14;"Žilinský kraj";155;3681;70;3751;NA;114600;225;2021-09-14;109387
2021-09-13;"Žilinský kraj";81;3224;75;3299;NA;114600;156;2021-09-13;109162
2021-09-12;"Žilinský kraj";9;1138;24;1162;NA;114600;33;2021-09-12;109006
2021-09-11;"Žilinský kraj";47;1322;21;1343;NA;114600;68;2021-09-11;108973
2021-09-10;"Žilinský kraj";66;2434;34;2468;NA;114600;100;2021-09-10;108905
2021-09-09;"Žilinský kraj";56;2352;18;2370;NA;114600;74;2021-09-09;108805
2021-09-08;"Žilinský kraj";68;1560;24;1584;NA;114600;92;2021-09-08;108731
2021-09-07;"Žilinský kraj";72;1806;27;1833;NA;114600;99;2021-09-07;108639
2021-09-06;"Žilinský kraj";31;2372;45;2417;NA;114600;76;2021-09-06;108540
2021-09-05;"Žilinský kraj";11;785;8;793;NA;114600;19;2021-09-05;108464
2021-09-04;"Žilinský kraj";24;1080;5;1085;NA;114600;29;2021-09-04;108445
2021-09-03;"Žilinský kraj";52;2045;28;2073;NA;114600;80;2021-09-03;108416
2021-09-02;"Žilinský kraj";30;1428;22;1450;NA;114600;52;2021-09-02;108336
2021-09-01;"Žilinský kraj";5;461;6;467;NA;114600;11;2021-09-01;108284
2021-08-31;"Žilinský kraj";32;1710;15;1725;NA;114600;47;2021-08-31;108273
2021-08-30;"Žilinský kraj";7;1772;4;1776;NA;114600;11;2021-08-30;108226
2021-08-29;"Žilinský kraj";8;631;5;636;NA;114600;13;2021-08-29;108215
2021-08-28;"Žilinský kraj";2;1005;1;1006;NA;114600;3;2021-08-28;108202
2021-08-27;"Žilinský kraj";13;1765;12;1777;NA;114600;25;2021-08-27;108199
2021-08-26;"Žilinský kraj";17;1636;7;1643;NA;114600;24;2021-08-26;108174
2021-08-25;"Žilinský kraj";9;1203;11;1214;NA;114600;20;2021-08-25;108150
2021-08-24;"Žilinský kraj";6;1395;9;1404;NA;114600;15;2021-08-24;108130
2021-08-23;"Žilinský kraj";11;1877;7;1884;NA;114600;18;2021-08-23;108115
2021-08-22;"Žilinský kraj";2;733;3;736;NA;114600;5;2021-08-22;108097
2021-08-21;"Žilinský kraj";6;1183;2;1185;NA;114600;8;2021-08-21;108092
2021-08-20;"Žilinský kraj";7;2284;5;2289;NA;114600;12;2021-08-20;108084
2021-08-19;"Žilinský kraj";6;1327;3;1330;NA;114600;9;2021-08-19;108072
2021-08-18;"Žilinský kraj";4;1331;7;1338;NA;114600;11;2021-08-18;108063
2021-08-17;"Žilinský kraj";9;1219;3;1222;NA;114600;12;2021-08-17;108052
2021-08-16;"Žilinský kraj";14;1636;5;1641;NA;114600;19;2021-08-16;108040
2021-08-15;"Žilinský kraj";1;880;2;882;NA;114600;3;2021-08-15;108021
2021-08-14;"Žilinský kraj";5;1197;0;1197;NA;114600;5;2021-08-14;108018
2021-08-13;"Žilinský kraj";6;1685;0;1685;NA;114600;6;2021-08-13;108013
2021-08-12;"Žilinský kraj";4;1256;4;1260;NA;114600;8;2021-08-12;108007
2021-08-11;"Žilinský kraj";13;1250;3;1253;NA;114600;16;2021-08-11;107999
2021-08-10;"Žilinský kraj";12;1292;3;1295;NA;114600;15;2021-08-10;107983
2021-08-09;"Žilinský kraj";9;1142;1;1143;NA;114600;10;2021-08-09;107968
2021-08-08;"Žilinský kraj";1;748;5;753;NA;114600;6;2021-08-08;107958
2021-08-07;"Žilinský kraj";7;1192;1;1193;NA;114600;8;2021-08-07;107952
2021-08-06;"Žilinský kraj";1;1347;0;1347;NA;114600;1;2021-08-06;107944
2021-08-05;"Žilinský kraj";7;1148;3;1151;NA;114600;10;2021-08-05;107943
2021-08-04;"Žilinský kraj";12;875;0;875;NA;114600;12;2021-08-04;107933
2021-08-03;"Žilinský kraj";11;918;0;918;NA;114600;11;2021-08-03;107921
2021-08-02;"Žilinský kraj";5;1513;1;1514;NA;114600;6;2021-08-02;107910
2021-08-01;"Žilinský kraj";0;679;2;681;NA;114600;2;2021-08-01;107904
2021-07-31;"Žilinský kraj";4;1114;0;1114;NA;114600;4;2021-07-31;107902
2021-07-30;"Žilinský kraj";3;1604;0;1604;NA;114600;3;2021-07-30;107898
2021-07-29;"Žilinský kraj";1;1299;0;1299;NA;114600;1;2021-07-29;107895
2021-07-28;"Žilinský kraj";4;901;0;901;NA;114600;4;2021-07-28;107894
2021-07-27;"Žilinský kraj";11;1378;0;1378;NA;114600;11;2021-07-27;107890
2021-07-26;"Žilinský kraj";1;1301;1;1302;NA;114600;2;2021-07-26;107879
2021-07-25;"Žilinský kraj";2;828;2;830;NA;114600;4;2021-07-25;107877
2021-07-24;"Žilinský kraj";2;1338;2;1340;NA;114600;4;2021-07-24;107873
2021-07-23;"Žilinský kraj";4;1750;0;1750;NA;114600;4;2021-07-23;107869
2021-07-22;"Žilinský kraj";2;1207;0;1207;NA;114600;2;2021-07-22;107865
2021-07-21;"Žilinský kraj";2;1021;0;1021;NA;114600;2;2021-07-21;107863
2021-07-20;"Žilinský kraj";4;1439;0;1439;NA;114600;4;2021-07-20;107861
2021-07-19;"Žilinský kraj";4;1763;1;1764;NA;114600;5;2021-07-19;107857
2021-07-18;"Žilinský kraj";0;854;1;855;NA;114600;1;2021-07-18;107852
2021-07-17;"Žilinský kraj";0;1350;0;1350;NA;114600;0;2021-07-17;107851
2021-07-16;"Žilinský kraj";2;1767;0;1767;NA;114600;2;2021-07-16;107851
2021-07-15;"Žilinský kraj";2;1577;0;1577;NA;114600;2;2021-07-15;107849
2021-07-14;"Žilinský kraj";5;1042;1;1043;NA;114600;6;2021-07-14;107847
2021-07-13;"Žilinský kraj";3;1709;1;1710;NA;114600;4;2021-07-13;107841
2021-07-12;"Žilinský kraj";3;1325;1;1326;NA;114600;4;2021-07-12;107837
2021-07-11;"Žilinský kraj";2;989;0;989;NA;114600;2;2021-07-11;107833
2021-07-10;"Žilinský kraj";1;1511;4;1515;NA;114600;5;2021-07-10;107831
2021-07-09;"Žilinský kraj";1;2208;1;2209;NA;114600;2;2021-07-09;107826
2021-07-08;"Žilinský kraj";6;1776;3;1779;NA;114600;9;2021-07-08;107824
2021-07-07;"Žilinský kraj";1;1585;3;1588;NA;114600;4;2021-07-07;107815
2021-07-06;"Žilinský kraj";4;1956;0;1956;NA;114600;4;2021-07-06;107811
2021-07-05;"Žilinský kraj";2;921;1;922;NA;114600;3;2021-07-05;107807
2021-07-04;"Žilinský kraj";0;921;0;921;NA;114600;0;2021-07-04;107804
2021-07-03;"Žilinský kraj";1;1607;1;1608;NA;114600;2;2021-07-03;107804
2021-07-02;"Žilinský kraj";0;3428;3;3431;NA;114600;3;2021-07-02;107802
2021-07-01;"Žilinský kraj";1;1118;0;1118;NA;114600;1;2021-07-01;107799
2021-06-30;"Žilinský kraj";1;10382;6;10388;NA;114600;7;2021-06-30;107798
2021-06-29;"Žilinský kraj";10;5946;0;5946;NA;114600;10;2021-06-29;107791
2021-06-28;"Žilinský kraj";4;6245;2;6247;NA;114600;6;2021-06-28;107781
2021-06-27;"Žilinský kraj";3;4702;1;4703;NA;114600;4;2021-06-27;107775
2021-06-26;"Žilinský kraj";4;5919;0;5919;NA;114600;4;2021-06-26;107771
2021-06-25;"Žilinský kraj";8;9756;5;9761;NA;114600;13;2021-06-25;107767
2021-06-24;"Žilinský kraj";6;5657;3;5660;NA;114600;9;2021-06-24;107754
2021-06-23;"Žilinský kraj";7;5955;10;5965;NA;114600;17;2021-06-23;107745
2021-06-22;"Žilinský kraj";6;5214;8;5222;NA;114600;14;2021-06-22;107728
2021-06-21;"Žilinský kraj";6;6287;8;6295;NA;114600;14;2021-06-21;107714
2021-06-20;"Žilinský kraj";1;5531;8;5539;NA;114600;9;2021-06-20;107700
2021-06-19;"Žilinský kraj";9;8353;2;8355;NA;114600;11;2021-06-19;107691
2021-06-18;"Žilinský kraj";11;10624;12;10636;NA;114600;23;2021-06-18;107680
2021-06-17;"Žilinský kraj";10;6092;12;6104;NA;114600;22;2021-06-17;107657
2021-06-16;"Žilinský kraj";17;5786;11;5797;NA;114600;28;2021-06-16;107635
2021-06-15;"Žilinský kraj";13;5996;13;6009;NA;114600;26;2021-06-15;107607
2021-06-14;"Žilinský kraj";10;7554;21;7575;NA;114600;31;2021-06-14;107581
2021-06-13;"Žilinský kraj";2;6682;9;6691;NA;114600;11;2021-06-13;107550
2021-06-12;"Žilinský kraj";9;8634;11;8645;NA;114600;20;2021-06-12;107539
2021-06-11;"Žilinský kraj";11;11566;14;11580;NA;114600;25;2021-06-11;107519
2021-06-10;"Žilinský kraj";14;6788;14;6802;NA;114600;28;2021-06-10;107494
2021-06-09;"Žilinský kraj";23;5925;14;5939;NA;114600;37;2021-06-09;107466
2021-06-08;"Žilinský kraj";18;6615;16;6631;NA;114600;34;2021-06-08;107429
2021-06-07;"Žilinský kraj";25;8534;21;8555;NA;114600;46;2021-06-07;107395
2021-06-06;"Žilinský kraj";10;8056;27;8083;NA;114600;37;2021-06-06;107349
2021-06-05;"Žilinský kraj";8;9175;10;9185;NA;114600;18;2021-06-05;107312
2021-06-04;"Žilinský kraj";19;12215;34;12249;NA;114600;53;2021-06-04;107294
2021-06-03;"Žilinský kraj";12;7033;33;7066;NA;114600;45;2021-06-03;107241
2021-06-02;"Žilinský kraj";17;7090;28;7118;NA;114600;45;2021-06-02;107196
2021-06-01;"Žilinský kraj";38;8285;46;8331;NA;114600;84;2021-06-01;107151
2021-05-31;"Žilinský kraj";31;9616;59;9675;NA;114600;90;2021-05-31;107067
2021-05-30;"Žilinský kraj";21;9025;35;9060;NA;114600;56;2021-05-30;106977
2021-05-29;"Žilinský kraj";13;11195;23;11218;NA;114600;36;2021-05-29;106921
2021-05-28;"Žilinský kraj";28;13277;30;13307;NA;114600;58;2021-05-28;106885
2021-05-27;"Žilinský kraj";17;8267;39;8306;NA;114600;56;2021-05-27;106827
2021-05-26;"Žilinský kraj";20;8329;25;8354;NA;114600;45;2021-05-26;106771
2021-05-25;"Žilinský kraj";21;9624;38;9662;NA;114600;59;2021-05-25;106726
2021-05-24;"Žilinský kraj";36;11487;57;11544;NA;114600;93;2021-05-24;106667
2021-05-23;"Žilinský kraj";4;10923;56;10979;NA;114600;60;2021-05-23;106574
2021-05-22;"Žilinský kraj";21;11893;28;11921;NA;114600;49;2021-05-22;106514
2021-05-21;"Žilinský kraj";28;15654;50;15704;NA;114600;78;2021-05-21;106465
2021-05-20;"Žilinský kraj";30;9616;30;9646;NA;114600;60;2021-05-20;106387
2021-05-19;"Žilinský kraj";46;8693;41;8734;NA;114600;87;2021-05-19;106327
2021-05-18;"Žilinský kraj";52;10609;44;10653;NA;114600;96;2021-05-18;106240
2021-05-17;"Žilinský kraj";51;12676;84;12760;NA;114600;135;2021-05-17;106144
2021-05-16;"Žilinský kraj";13;14114;42;14156;NA;114600;55;2021-05-16;106009
2021-05-15;"Žilinský kraj";30;18404;35;18439;NA;114600;65;2021-05-15;105954
2021-05-14;"Žilinský kraj";34;21205;82;21287;NA;114600;116;2021-05-14;105889
2021-05-13;"Žilinský kraj";64;11865;51;11916;NA;114600;115;2021-05-13;105773
2021-05-12;"Žilinský kraj";57;10337;51;10388;NA;114600;108;2021-05-12;105658
2021-05-11;"Žilinský kraj";70;12174;51;12225;NA;114600;121;2021-05-11;105550
2021-05-10;"Žilinský kraj";69;16182;72;16254;NA;114600;141;2021-05-10;105429
2021-05-09;"Žilinský kraj";58;20385;77;20462;NA;114600;135;2021-05-09;105288
2021-05-08;"Žilinský kraj";0;24133;63;24196;NA;114600;63;2021-05-08;105153
2021-05-07;"Žilinský kraj";65;26522;87;26609;NA;114600;152;2021-05-07;105090
2021-05-06;"Žilinský kraj";67;16605;72;16677;NA;114600;139;2021-05-06;104938
2021-05-05;"Žilinský kraj";71;13096;73;13169;NA;114600;144;2021-05-05;104799
2021-05-04;"Žilinský kraj";81;16749;80;16829;NA;114600;161;2021-05-04;104655
2021-05-03;"Žilinský kraj";97;20391;111;20502;NA;114600;208;2021-05-03;104494
2021-05-02;"Žilinský kraj";8;28886;64;28950;NA;114600;72;2021-05-02;104286
2021-05-01;"Žilinský kraj";65;55053;105;55158;NA;114600;170;2021-05-01;104214
2021-04-30;"Žilinský kraj";84;44000;117;44117;NA;114600;201;2021-04-30;104044
2021-04-29;"Žilinský kraj";77;24566;101;24667;NA;114600;178;2021-04-29;103843
2021-04-28;"Žilinský kraj";76;19214;91;19305;NA;114600;167;2021-04-28;103665
2021-04-27;"Žilinský kraj";97;21805;110;21915;NA;114600;207;2021-04-27;103498
2021-04-26;"Žilinský kraj";114;27412;136;27548;NA;114600;250;2021-04-26;103291
2021-04-25;"Žilinský kraj";38;35750;82;35832;NA;114600;120;2021-04-25;103041
2021-04-24;"Žilinský kraj";93;78854;157;79011;NA;114600;250;2021-04-24;102921
2021-04-23;"Žilinský kraj";144;49440;153;49593;NA;114600;297;2021-04-23;102671
2021-04-22;"Žilinský kraj";110;25224;132;25356;NA;114600;242;2021-04-22;102374
2021-04-21;"Žilinský kraj";118;20616;145;20761;NA;114600;263;2021-04-21;102132
2021-04-20;"Žilinský kraj";128;23873;136;24009;NA;114600;264;2021-04-20;101869
2021-04-19;"Žilinský kraj";164;32773;210;32983;NA;114600;374;2021-04-19;101605
2021-04-18;"Žilinský kraj";18;36767;91;36858;NA;114600;109;2021-04-18;101231
2021-04-17;"Žilinský kraj";108;89377;156;89533;NA;114600;264;2021-04-17;101122
2021-04-16;"Žilinský kraj";185;47847;208;48055;NA;114600;393;2021-04-16;100858
2021-04-15;"Žilinský kraj";108;24830;130;24960;NA;114600;238;2021-04-15;100465
2021-04-14;"Žilinský kraj";135;23145;145;23290;NA;114600;280;2021-04-14;100227
2021-04-13;"Žilinský kraj";171;25050;135;25185;NA;114600;306;2021-04-13;99947
2021-04-12;"Žilinský kraj";266;30794;189;30983;NA;114600;455;2021-04-12;99641
2021-04-11;"Žilinský kraj";19;37126;107;37233;NA;114600;126;2021-04-11;99186
2021-04-10;"Žilinský kraj";111;86284;237;86521;NA;114600;348;2021-04-10;99060
2021-04-09;"Žilinský kraj";195;41973;206;42179;NA;114600;401;2021-04-09;98712
2021-04-08;"Žilinský kraj";179;24404;141;24545;NA;114600;320;2021-04-08;98311
2021-04-07;"Žilinský kraj";309;28651;174;28825;NA;114600;483;2021-04-07;97991
2021-04-06;"Žilinský kraj";308;40107;301;40408;NA;114600;609;2021-04-06;97508
2021-04-05;"Žilinský kraj";17;14747;140;14887;NA;114600;157;2021-04-05;96899
2021-04-04;"Žilinský kraj";17;16284;69;16353;NA;114600;86;2021-04-04;96742
2021-04-03;"Žilinský kraj";180;100699;403;101102;NA;114600;583;2021-04-03;96656
2021-04-02;"Žilinský kraj";73;22411;83;22494;NA;114600;156;2021-04-02;96073
2021-04-01;"Žilinský kraj";334;43264;240;43504;NA;114600;574;2021-04-01;95917
2021-03-31;"Žilinský kraj";170;31635;247;31882;NA;114600;417;2021-03-31;95343
2021-03-30;"Žilinský kraj";406;26323;243;26566;NA;114600;649;2021-03-30;94926
2021-03-29;"Žilinský kraj";297;28029;268;28297;NA;114600;565;2021-03-29;94277
2021-03-28;"Žilinský kraj";21;36206;239;36445;NA;114600;260;2021-03-28;93712
2021-03-27;"Žilinský kraj";151;89107;353;89460;NA;114600;504;2021-03-27;93452
2021-03-26;"Žilinský kraj";312;51757;330;52087;NA;114600;642;2021-03-26;92948
2021-03-25;"Žilinský kraj";281;27619;214;27833;NA;114600;495;2021-03-25;92306
2021-03-24;"Žilinský kraj";280;21268;260;21528;NA;114600;540;2021-03-24;91811
2021-03-23;"Žilinský kraj";418;23193;278;23471;NA;114600;696;2021-03-23;91271
2021-03-22;"Žilinský kraj";293;29289;314;29603;NA;114600;607;2021-03-22;90575
2021-03-21;"Žilinský kraj";32;33705;227;33932;NA;114600;259;2021-03-21;89968
2021-03-20;"Žilinský kraj";165;93015;497;93512;NA;114600;662;2021-03-20;89709
2021-03-19;"Žilinský kraj";357;51988;414;52402;NA;114600;771;2021-03-19;89047
2021-03-18;"Žilinský kraj";329;28459;294;28753;NA;114600;623;2021-03-18;88276
2021-03-17;"Žilinský kraj";395;21919;269;22188;NA;114600;664;2021-03-17;87653
2021-03-16;"Žilinský kraj";514;24341;317;24658;NA;114600;831;2021-03-16;86989
2021-03-15;"Žilinský kraj";341;29613;419;30032;NA;114600;760;2021-03-15;86158
2021-03-14;"Žilinský kraj";87;34121;267;34388;NA;114600;354;2021-03-14;85398
2021-03-13;"Žilinský kraj";113;93386;581;93967;NA;114600;694;2021-03-13;85044
2021-03-12;"Žilinský kraj";520;52329;411;52740;NA;114600;931;2021-03-12;84350
2021-03-11;"Žilinský kraj";399;28189;302;28491;NA;114600;701;2021-03-11;83419
2021-03-10;"Žilinský kraj";368;22414;378;22792;NA;114600;746;2021-03-10;82718
2021-03-09;"Žilinský kraj";537;24857;316;25173;NA;114600;853;2021-03-09;81972
2021-03-08;"Žilinský kraj";387;30873;458;31331;NA;114600;845;2021-03-08;81119
2021-03-07;"Žilinský kraj";48;33469;290;33759;NA;114600;338;2021-03-07;80274
2021-03-06;"Žilinský kraj";173;92410;589;92999;NA;114600;762;2021-03-06;79936
2021-03-05;"Žilinský kraj";369;51987;484;52471;NA;114600;853;2021-03-05;79174
2021-03-04;"Žilinský kraj";467;30037;377;30414;NA;114600;844;2021-03-04;78321
2021-03-03;"Žilinský kraj";448;26261;394;26655;NA;114600;842;2021-03-03;77477
2021-03-02;"Žilinský kraj";551;25913;378;26291;NA;114600;929;2021-03-02;76635
2021-03-01;"Žilinský kraj";375;30498;441;30939;NA;114600;816;2021-03-01;75706
2021-02-28;"Žilinský kraj";61;34802;327;35129;NA;114600;388;2021-02-28;74890
2021-02-27;"Žilinský kraj";159;83781;639;84420;NA;114600;798;2021-02-27;74502
2021-02-26;"Žilinský kraj";459;47500;508;48008;NA;114600;967;2021-02-26;73704
2021-02-25;"Žilinský kraj";347;30879;393;31272;NA;114600;740;2021-02-25;72737
2021-02-24;"Žilinský kraj";339;18760;395;19155;NA;114600;734;2021-02-24;71997
2021-02-23;"Žilinský kraj";437;22172;418;22590;NA;114600;855;2021-02-23;71263
2021-02-22;"Žilinský kraj";345;29270;438;29708;NA;114600;783;2021-02-22;70408
2021-02-21;"Žilinský kraj";36;28686;322;29008;NA;114600;358;2021-02-21;69625
2021-02-20;"Žilinský kraj";152;89944;671;90615;NA;114600;823;2021-02-20;69267
2021-02-19;"Žilinský kraj";337;45541;417;45958;NA;114600;754;2021-02-19;68444
2021-02-18;"Žilinský kraj";263;24662;337;24999;NA;114600;600;2021-02-18;67690
2021-02-17;"Žilinský kraj";269;17932;355;18287;NA;114600;624;2021-02-17;67090
2021-02-16;"Žilinský kraj";321;24298;325;24623;NA;114600;646;2021-02-16;66466
2021-02-15;"Žilinský kraj";230;30420;311;30731;NA;114600;541;2021-02-15;65820
2021-02-14;"Žilinský kraj";30;28574;231;28805;NA;114600;261;2021-02-14;65279
2021-02-13;"Žilinský kraj";91;69638;453;70091;NA;114600;544;2021-02-13;65018
2021-02-12;"Žilinský kraj";242;43338;336;43674;NA;114600;578;2021-02-12;64474
2021-02-11;"Žilinský kraj";228;23521;300;23821;NA;114600;528;2021-02-11;63896
2021-02-10;"Žilinský kraj";259;17894;267;18161;NA;114600;526;2021-02-10;63368
2021-02-09;"Žilinský kraj";377;24784;274;25058;NA;114600;651;2021-02-09;62842
2021-02-08;"Žilinský kraj";160;41375;390;41765;NA;114600;550;2021-02-08;62191
2021-02-07;"Žilinský kraj";24;46446;252;46698;NA;114600;276;2021-02-07;61641
2021-02-06;"Žilinský kraj";71;72880;367;73247;NA;114600;438;2021-02-06;61365
2021-02-05;"Žilinský kraj";248;31869;323;32192;NA;114600;571;2021-02-05;60927
2021-02-04;"Žilinský kraj";238;13240;258;13498;NA;114600;496;2021-02-04;60356
2021-02-03;"Žilinský kraj";194;9186;255;9441;NA;114600;449;2021-02-03;59860
2021-02-02;"Žilinský kraj";216;9280;272;9552;NA;114600;488;2021-02-02;59411
2021-02-01;"Žilinský kraj";220;19690;370;20060;NA;114600;590;2021-02-01;58923
2021-01-31;"Žilinský kraj";11;2652;27;2679;NA;114600;38;2021-01-31;58333
2021-01-30;"Žilinský kraj";85;18447;187;18634;NA;114600;272;2021-01-30;58295
2021-01-29;"Žilinský kraj";209;22891;304;23195;NA;114600;513;2021-01-29;58023
2021-01-28;"Žilinský kraj";240;5533;172;5705;NA;114600;412;2021-01-28;57510
2021-01-27;"Žilinský kraj";256;6725;119;6844;NA;114600;375;2021-01-27;57098
2021-01-26;"Žilinský kraj";245;49781;348;50129;NA;114600;593;2021-01-26;56723
2021-01-25;"Žilinský kraj";159;21245;150;21395;NA;114600;309;2021-01-25;56130
2021-01-24;"Žilinský kraj";22;55835;268;56103;NA;114600;290;2021-01-24;55821
2021-01-23;"Žilinský kraj";91;101730;444;102174;NA;114600;535;2021-01-23;55531
2021-01-22;"Žilinský kraj";163;32160;237;32397;NA;114600;400;2021-01-22;54996
2021-01-21;"Žilinský kraj";116;19828;181;20009;NA;114600;297;2021-01-21;54596
2021-01-20;"Žilinský kraj";236;17126;159;17285;NA;114600;395;2021-01-20;54299
2021-01-19;"Žilinský kraj";245;15730;285;16015;NA;114600;530;2021-01-19;53904
2021-01-18;"Žilinský kraj";236;12685;326;13011;NA;114600;562;2021-01-18;53374
2021-01-17;"Žilinský kraj";95;147;8;155;NA;114600;103;2021-01-17;52812
2021-01-16;"Žilinský kraj";14;516;31;547;NA;114600;45;2021-01-16;52709
2021-01-15;"Žilinský kraj";248;7486;209;7695;NA;114600;457;2021-01-15;52664
2021-01-14;"Žilinský kraj";166;5319;239;5558;NA;114600;405;2021-01-14;52207
2021-01-13;"Žilinský kraj";247;11263;557;11820;NA;114600;804;2021-01-13;51802
2021-01-12;"Žilinský kraj";376;8410;385;8795;NA;114600;761;2021-01-12;50998
2021-01-11;"Žilinský kraj";351;10058;465;10523;NA;114600;816;2021-01-11;50237
2021-01-10;"Žilinský kraj";38;229;6;235;NA;114600;44;2021-01-10;49421
2021-01-09;"Žilinský kraj";192;1282;60;1342;NA;114600;252;2021-01-09;49377
2021-01-08;"Žilinský kraj";413;8721;462;9183;NA;114600;875;2021-01-08;49125
2021-01-07;"Žilinský kraj";438;23407;1872;25279;NA;114600;2310;2021-01-07;48250
2021-01-06;"Žilinský kraj";145;1076;67;1143;NA;114600;212;2021-01-06;45940
2021-01-05;"Žilinský kraj";717;10227;796;11023;NA;114600;1513;2021-01-05;45728
2021-01-04;"Žilinský kraj";479;9313;893;10206;NA;114600;1372;2021-01-04;44215
2021-01-03;"Žilinský kraj";13;1006;107;1113;NA;114600;120;2021-01-03;42843
2021-01-02;"Žilinský kraj";98;789;91;880;NA;114600;189;2021-01-02;42723
2021-01-01;"Žilinský kraj";118;241;13;254;NA;114600;131;2021-01-01;42534
2020-12-31;"Žilinský kraj";395;9626;784;10410;NA;114600;1179;2020-12-31;42403
2020-12-30;"Žilinský kraj";1038;11781;823;12604;NA;114600;1861;2020-12-30;41224
2020-12-29;"Žilinský kraj";256;10159;979;11138;NA;114600;1235;2020-12-29;39363
2020-12-28;"Žilinský kraj";406;10704;976;11680;NA;114600;1382;2020-12-28;38128
2020-12-27;"Žilinský kraj";40;684;94;778;NA;114600;134;2020-12-27;36746
2020-12-26;"Žilinský kraj";135;593;48;641;NA;114600;183;2020-12-26;36612
2020-12-25;"Žilinský kraj";66;83;9;92;NA;114600;75;2020-12-25;36429
2020-12-24;"Žilinský kraj";643;667;55;722;NA;114600;698;2020-12-24;36354
2020-12-23;"Žilinský kraj";228;16229;975;17204;NA;114600;1203;2020-12-23;35656
2020-12-22;"Žilinský kraj";519;13483;988;14471;NA;114600;1507;2020-12-22;34453
2020-12-21;"Žilinský kraj";444;12429;1078;13507;NA;114600;1522;2020-12-21;32946
2020-12-20;"Žilinský kraj";36;598;80;678;NA;114600;116;2020-12-20;31424
2020-12-19;"Žilinský kraj";208;1678;127;1805;NA;114600;335;2020-12-19;31308
2020-12-18;"Žilinský kraj";333;6553;370;6923;NA;114600;703;2020-12-18;30973
2020-12-17;"Žilinský kraj";500;3922;262;4184;NA;114600;762;2020-12-17;30270
2020-12-16;"Žilinský kraj";333;3815;267;4082;NA;114600;600;2020-12-16;29508
2020-12-15;"Žilinský kraj";528;3729;340;4069;NA;114600;868;2020-12-15;28908
2020-12-14;"Žilinský kraj";321;3884;309;4193;NA;114600;630;2020-12-14;28040
2020-12-13;"Žilinský kraj";26;494;66;560;NA;114600;92;2020-12-13;27410
2020-12-12;"Žilinský kraj";95;767;46;813;NA;114600;141;2020-12-12;27318
2020-12-11;"Žilinský kraj";455;3938;227;4165;NA;114600;682;2020-12-11;27177
2020-12-10;"Žilinský kraj";166;9129;838;9967;NA;114600;1004;2020-12-10;26495
2020-12-09;"Žilinský kraj";392;2169;132;2301;NA;114600;524;2020-12-09;25491
2020-12-08;"Žilinský kraj";331;3127;101;3228;NA;114600;432;2020-12-08;24967
2020-12-07;"Žilinský kraj";348;2746;162;2908;NA;114600;510;2020-12-07;24535
2020-12-06;"Žilinský kraj";15;128;6;134;NA;114600;21;2020-12-06;24025
2020-12-05;"Žilinský kraj";98;781;41;822;NA;114600;139;2020-12-05;24004
2020-12-04;"Žilinský kraj";228;3091;107;3198;NA;114600;335;2020-12-04;23865
2020-12-03;"Žilinský kraj";237;1609;115;1724;NA;114600;352;2020-12-03;23530
2020-12-02;"Žilinský kraj";181;1710;94;1804;NA;114600;275;2020-12-02;23178
2020-12-01;"Žilinský kraj";209;6239;284;6523;NA;114600;493;2020-12-01;22903
2020-11-30;"Žilinský kraj";203;5326;305;5631;NA;114600;508;2020-11-30;22410
2020-11-29;"Žilinský kraj";18;81;7;88;NA;114600;25;2020-11-29;21902
2020-11-28;"Žilinský kraj";99;349;15;364;NA;114600;114;2020-11-28;21877
2020-11-27;"Žilinský kraj";218;904;46;950;NA;114600;264;2020-11-27;21763
2020-11-26;"Žilinský kraj";190;1041;54;1095;NA;114600;244;2020-11-26;21499
2020-11-25;"Žilinský kraj";225;1217;49;1266;NA;114600;274;2020-11-25;21255
2020-11-24;"Žilinský kraj";213;2139;67;2206;NA;114600;280;2020-11-24;20981
2020-11-23;"Žilinský kraj";170;759;44;803;NA;114600;214;2020-11-23;20701
2020-11-22;"Žilinský kraj";11;67;2;69;NA;114600;13;2020-11-22;20487
2020-11-21;"Žilinský kraj";61;505;20;525;NA;114600;81;2020-11-21;20474
2020-11-20;"Žilinský kraj";251;1074;45;1119;NA;114600;296;2020-11-20;20393
2020-11-19;"Žilinský kraj";252;752;61;813;NA;114600;313;2020-11-19;20097
2020-11-18;"Žilinský kraj";346;348;15;363;NA;114600;361;2020-11-18;19784
2020-11-17;"Žilinský kraj";123;490;15;505;NA;114600;138;2020-11-17;19423
2020-11-16;"Žilinský kraj";227;247;15;262;NA;114600;242;2020-11-16;19285
2020-11-15;"Žilinský kraj";63;13;0;13;NA;114600;63;2020-11-15;19043
2020-11-14;"Žilinský kraj";189;1038;11;1049;NA;114600;200;2020-11-14;18980
2020-11-13;"Žilinský kraj";181;125;9;134;NA;114600;190;2020-11-13;18780
2020-11-12;"Žilinský kraj";334;79;2;81;NA;114600;336;2020-11-12;18590
2020-11-11;"Žilinský kraj";489;147;10;157;NA;114600;499;2020-11-11;18254
2020-11-10;"Žilinský kraj";374;519;9;528;NA;114600;383;2020-11-10;17755
2020-11-09;"Žilinský kraj";143;2335;30;2365;NA;114600;173;2020-11-09;17372
2020-11-08;"Žilinský kraj";59;2538;37;2575;NA;114600;96;2020-11-08;17199
2020-11-07;"Žilinský kraj";312;8175;88;8263;NA;114600;400;2020-11-07;17103
2020-11-06;"Žilinský kraj";503;4090;38;4128;NA;114600;541;2020-11-06;16703
2020-11-05;"Žilinský kraj";473;64;4;68;NA;114600;477;2020-11-05;16162
2020-11-04;"Žilinský kraj";423;178;10;188;NA;114600;433;2020-11-04;15685
2020-11-03;"Žilinský kraj";688;889;16;905;NA;114600;704;2020-11-03;15252
2020-11-02;"Žilinský kraj";472;1043;39;1082;NA;114600;511;2020-11-02;14548
2020-11-01;"Žilinský kraj";349;5096;130;5226;NA;114600;479;2020-11-01;14037
2020-10-31;"Žilinský kraj";661;7963;203;8166;NA;114600;864;2020-10-31;13558
2020-10-30;"Žilinský kraj";529;2575;61;2636;NA;114600;590;2020-10-30;12694
2020-10-29;"Žilinský kraj";740;503;17;520;NA;114600;757;2020-10-29;12104
2020-10-28;"Žilinský kraj";635;105;11;116;NA;114600;646;2020-10-28;11347
2020-10-27;"Žilinský kraj";355;154;24;178;NA;114600;379;2020-10-27;10701
2020-10-26;"Žilinský kraj";148;117;28;145;NA;114600;176;2020-10-26;10322
2020-10-25;"Žilinský kraj";436;0;0;0;NA;114600;436;2020-10-25;10146
2020-10-24;"Žilinský kraj";803;0;0;0;NA;114600;803;2020-10-24;9710
2020-10-23;"Žilinský kraj";659;102;13;115;NA;114600;672;2020-10-23;8907
2020-10-22;"Žilinský kraj";525;33;3;36;NA;114600;528;2020-10-22;8235
2020-10-21;"Žilinský kraj";478;74;14;88;NA;114600;492;2020-10-21;7707
2020-10-20;"Žilinský kraj";524;127;8;135;NA;114600;532;2020-10-20;7215
2020-10-19;"Žilinský kraj";70;80;12;92;NA;114600;82;2020-10-19;6683
2020-10-18;"Žilinský kraj";159;0;0;0;NA;114600;159;2020-10-18;6601
2020-10-17;"Žilinský kraj";509;0;0;0;NA;114600;509;2020-10-17;6442
2020-10-16;"Žilinský kraj";603;51;9;60;NA;114600;612;2020-10-16;5933
2020-10-15;"Žilinský kraj";679;61;3;64;NA;114600;682;2020-10-15;5321
2020-10-14;"Žilinský kraj";523;269;6;275;NA;114600;529;2020-10-14;4639
2020-10-13;"Žilinský kraj";367;458;40;498;NA;114600;407;2020-10-13;4110
2020-10-12;"Žilinský kraj";62;0;0;0;NA;114600;62;2020-10-12;3703
2020-10-11;"Žilinský kraj";50;0;0;0;NA;114600;50;2020-10-11;3641
2020-10-10;"Žilinský kraj";213;0;0;0;NA;114600;213;2020-10-10;3591
2020-10-09;"Žilinský kraj";543;0;0;0;NA;114600;543;2020-10-09;3378
2020-10-08;"Žilinský kraj";238;0;0;0;NA;114600;238;2020-10-08;2835
2020-10-07;"Žilinský kraj";168;0;0;0;NA;114600;168;2020-10-07;2597
2020-10-06;"Žilinský kraj";233;0;0;0;NA;114600;233;2020-10-06;2429
2020-10-05;"Žilinský kraj";33;0;0;0;NA;114600;33;2020-10-05;2196
2020-10-04;"Žilinský kraj";35;0;0;0;NA;114600;35;2020-10-04;2163
2020-10-03;"Žilinský kraj";155;0;0;0;NA;114600;155;2020-10-03;2128
2020-10-02;"Žilinský kraj";105;0;0;0;NA;114600;105;2020-10-02;1973
2020-10-01;"Žilinský kraj";147;0;0;0;NA;114600;147;2020-10-01;1868
2020-09-30;"Žilinský kraj";163;0;0;0;NA;114600;163;2020-09-30;1721
2020-09-29;"Žilinský kraj";105;0;0;0;NA;114600;105;2020-09-29;1558
2020-09-28;"Žilinský kraj";34;0;0;0;NA;114600;34;2020-09-28;1453
2020-09-27;"Žilinský kraj";108;0;0;0;NA;114600;108;2020-09-27;1419
2020-09-26;"Žilinský kraj";96;0;0;0;NA;114600;96;2020-09-26;1311
2020-09-25;"Žilinský kraj";69;0;0;0;NA;114600;69;2020-09-25;1215
2020-09-24;"Žilinský kraj";100;0;0;0;NA;114600;100;2020-09-24;1146
2020-09-23;"Žilinský kraj";65;0;0;0;NA;114600;65;2020-09-23;1046
2020-09-22;"Žilinský kraj";65;0;0;0;NA;114600;65;2020-09-22;981
2020-09-21;"Žilinský kraj";47;0;0;0;NA;114600;47;2020-09-21;916
2020-09-20;"Žilinský kraj";4;0;0;0;NA;114600;4;2020-09-20;869
2020-09-19;"Žilinský kraj";6;0;0;0;NA;114600;6;2020-09-19;865
2020-09-18;"Žilinský kraj";82;0;0;0;NA;114600;82;2020-09-18;859
2020-09-17;"Žilinský kraj";30;0;0;0;NA;114600;30;2020-09-17;777
2020-09-16;"Žilinský kraj";34;0;0;0;NA;114600;34;2020-09-16;747
2020-09-15;"Žilinský kraj";12;0;0;0;NA;114600;12;2020-09-15;713
2020-09-14;"Žilinský kraj";39;0;0;0;NA;114600;39;2020-09-14;701
2020-09-13;"Žilinský kraj";6;0;0;0;NA;114600;6;2020-09-13;662
2020-09-12;"Žilinský kraj";4;0;0;0;NA;114600;4;2020-09-12;656
2020-09-11;"Žilinský kraj";31;0;0;0;NA;114600;31;2020-09-11;652
2020-09-10;"Žilinský kraj";31;12;0;12;NA;114600;31;2020-09-10;621
2020-09-09;"Žilinský kraj";23;0;0;0;NA;114600;23;2020-09-09;590
2020-09-08;"Žilinský kraj";25;0;0;0;NA;114600;25;2020-09-08;567
2020-09-07;"Žilinský kraj";11;0;0;0;NA;114600;11;2020-09-07;542
2020-09-06;"Žilinský kraj";0;0;0;0;NA;114600;0;2020-09-06;531
2020-09-05;"Žilinský kraj";2;0;0;0;NA;114600;2;2020-09-05;531
2020-09-04;"Žilinský kraj";33;0;0;0;NA;114600;33;2020-09-04;529
2020-09-03;"Žilinský kraj";18;0;0;0;NA;114600;18;2020-09-03;496
2020-09-02;"Žilinský kraj";16;0;0;0;NA;114600;16;2020-09-02;478
2020-09-01;"Žilinský kraj";4;0;0;0;NA;114600;4;2020-09-01;462
2020-08-31;"Žilinský kraj";5;0;0;0;NA;114600;5;2020-08-31;458
2020-08-30;"Žilinský kraj";3;0;0;0;NA;114600;3;2020-08-30;453
2020-08-29;"Žilinský kraj";5;0;0;0;NA;114600;5;2020-08-29;450
2020-08-28;"Žilinský kraj";13;0;0;0;NA;114600;13;2020-08-28;445
2020-08-27;"Žilinský kraj";18;0;0;0;NA;114600;18;2020-08-27;432
2020-08-26;"Žilinský kraj";8;0;0;0;NA;114600;8;2020-08-26;414
2020-08-25;"Žilinský kraj";2;0;0;0;NA;114600;2;2020-08-25;406
2020-08-24;"Žilinský kraj";5;0;0;0;NA;114600;5;2020-08-24;404
2020-08-23;"Žilinský kraj";0;0;0;0;NA;114600;0;2020-08-23;399
2020-08-22;"Žilinský kraj";0;0;0;0;NA;114600;0;2020-08-22;399
2020-08-21;"Žilinský kraj";10;0;0;0;NA;114600;10;2020-08-21;399
2020-08-20;"Žilinský kraj";13;0;0;0;NA;114600;13;2020-08-20;389
2020-08-19;"Žilinský kraj";7;0;0;0;NA;114600;7;2020-08-19;376
2020-08-18;"Žilinský kraj";9;0;0;0;NA;114600;9;2020-08-18;369
2020-08-17;"Žilinský kraj";1;0;0;0;NA;114600;1;2020-08-17;360
2020-08-16;"Žilinský kraj";0;0;0;0;NA;114600;0;2020-08-16;359
2020-08-15;"Žilinský kraj";0;0;0;0;NA;114600;0;2020-08-15;359
2020-08-14;"Žilinský kraj";4;0;0;0;NA;114600;4;2020-08-14;359
2020-08-13;"Žilinský kraj";2;0;0;0;NA;114600;2;2020-08-13;355
2020-08-12;"Žilinský kraj";0;0;0;0;NA;114600;0;2020-08-12;353
2020-08-11;"Žilinský kraj";4;0;0;0;NA;114600;4;2020-08-11;353
2020-08-10;"Žilinský kraj";1;0;0;0;NA;114600;1;2020-08-10;349
2020-08-09;"Žilinský kraj";0;0;0;0;NA;114600;0;2020-08-09;348
2020-08-08;"Žilinský kraj";3;0;0;0;NA;114600;3;2020-08-08;348
2020-08-07;"Žilinský kraj";8;0;0;0;NA;114600;8;2020-08-07;345
2020-08-06;"Žilinský kraj";1;0;0;0;NA;114600;1;2020-08-06;337
2020-08-05;"Žilinský kraj";1;0;0;0;NA;114600;1;2020-08-05;336
2020-08-04;"Žilinský kraj";2;0;0;0;NA;114600;2;2020-08-04;335
2020-08-03;"Žilinský kraj";0;0;0;0;NA;114600;0;2020-08-03;333
2020-08-02;"Žilinský kraj";1;0;0;0;NA;114600;1;2020-08-02;333
2020-08-01;"Žilinský kraj";0;0;0;0;NA;114600;0;2020-08-01;332
2020-07-31;"Žilinský kraj";4;0;0;0;NA;114600;4;2020-07-31;332
2020-07-30;"Žilinský kraj";2;0;0;0;NA;114600;2;2020-07-30;328
2020-07-29;"Žilinský kraj";2;0;0;0;NA;114600;2;2020-07-29;326
2020-07-28;"Žilinský kraj";4;0;0;0;NA;114600;4;2020-07-28;324
2020-07-27;"Žilinský kraj";6;0;0;0;NA;114600;6;2020-07-27;320
2020-07-26;"Žilinský kraj";0;0;0;0;NA;114600;0;2020-07-26;314
2020-07-25;"Žilinský kraj";0;0;0;0;NA;114600;0;2020-07-25;314
2020-07-24;"Žilinský kraj";2;0;0;0;NA;114600;2;2020-07-24;314
2020-07-23;"Žilinský kraj";0;0;0;0;NA;114600;0;2020-07-23;312
2020-07-22;"Žilinský kraj";1;0;0;0;NA;114600;1;2020-07-22;312
2020-07-21;"Žilinský kraj";2;0;0;0;NA;114600;2;2020-07-21;311
2020-07-20;"Žilinský kraj";3;0;0;0;NA;114600;3;2020-07-20;309
2020-07-19;"Žilinský kraj";0;0;0;0;NA;114600;0;2020-07-19;306
2020-07-18;"Žilinský kraj";0;0;0;0;NA;114600;0;2020-07-18;306
2020-07-17;"Žilinský kraj";2;0;0;0;NA;114600;2;2020-07-17;306
2020-07-16;"Žilinský kraj";2;0;0;0;NA;114600;2;2020-07-16;304
2020-07-15;"Žilinský kraj";2;0;0;0;NA;114600;2;2020-07-15;302
2020-07-14;"Žilinský kraj";1;0;0;0;NA;114600;1;2020-07-14;300
2020-07-13;"Žilinský kraj";0;0;0;0;NA;114600;0;2020-07-13;299
2020-07-12;"Žilinský kraj";0;0;0;0;NA;114600;0;2020-07-12;299
2020-07-11;"Žilinský kraj";2;0;0;0;NA;114600;2;2020-07-11;299
2020-07-10;"Žilinský kraj";3;0;0;0;NA;114600;3;2020-07-10;297
2020-07-09;"Žilinský kraj";2;0;0;0;NA;114600;2;2020-07-09;294
2020-07-08;"Žilinský kraj";10;0;0;0;NA;114600;10;2020-07-08;292
2020-07-07;"Žilinský kraj";7;0;0;0;NA;114600;7;2020-07-07;282
2020-07-06;"Žilinský kraj";0;0;0;0;NA;114600;0;2020-07-06;275
2020-07-05;"Žilinský kraj";0;0;0;0;NA;114600;0;2020-07-05;275
2020-07-04;"Žilinský kraj";10;0;0;0;NA;114600;10;2020-07-04;275
2020-07-03;"Žilinský kraj";18;0;0;0;NA;114600;18;2020-07-03;265
2020-07-02;"Žilinský kraj";7;0;0;0;NA;114600;7;2020-07-02;247
2020-07-01;"Žilinský kraj";0;0;0;0;NA;114600;0;2020-07-01;240
2020-06-30;"Žilinský kraj";4;0;0;0;NA;114600;4;2020-06-30;240
2020-06-29;"Žilinský kraj";0;0;0;0;NA;114600;0;2020-06-29;236
2020-06-28;"Žilinský kraj";1;0;0;0;NA;114600;1;2020-06-28;236
2020-06-27;"Žilinský kraj";3;0;0;0;NA;114600;3;2020-06-27;235
2020-06-26;"Žilinský kraj";5;0;0;0;NA;114600;5;2020-06-26;232
2020-06-25;"Žilinský kraj";7;0;0;0;NA;114600;7;2020-06-25;227
2020-06-24;"Žilinský kraj";11;0;0;0;NA;114600;11;2020-06-24;220
2020-06-23;"Žilinský kraj";9;0;0;0;NA;114600;9;2020-06-23;209
2020-06-22;"Žilinský kraj";0;0;0;0;NA;114600;0;2020-06-22;200
2020-06-21;"Žilinský kraj";1;0;0;0;NA;114600;1;2020-06-21;200
2020-06-20;"Žilinský kraj";1;0;0;0;NA;114600;1;2020-06-20;199
2020-06-19;"Žilinský kraj";4;0;0;0;NA;114600;4;2020-06-19;198
2020-06-18;"Žilinský kraj";1;0;0;0;NA;114600;1;2020-06-18;194
2020-06-17;"Žilinský kraj";0;0;0;0;NA;114600;0;2020-06-17;193
2020-06-16;"Žilinský kraj";1;0;0;0;NA;114600;1;2020-06-16;193
2020-06-14;"Žilinský kraj";0;0;0;0;NA;114600;0;2020-06-14;192
2020-06-13;"Žilinský kraj";0;0;0;0;NA;114600;0;2020-06-13;192
2020-06-12;"Žilinský kraj";0;0;0;0;NA;114600;0;2020-06-12;192
2020-06-11;"Žilinský kraj";0;0;0;0;NA;114600;0;2020-06-11;192
2020-06-10;"Žilinský kraj";0;0;0;0;NA;114600;0;2020-06-10;192
2020-06-09;"Žilinský kraj";1;0;0;0;NA;114600;1;2020-06-09;192
2020-06-08;"Žilinský kraj";0;0;0;0;NA;114600;0;2020-06-08;191
2020-06-07;"Žilinský kraj";0;0;0;0;NA;114600;0;2020-06-07;191
2020-06-05;"Žilinský kraj";0;0;0;0;NA;114600;0;2020-06-05;191
2020-06-03;"Žilinský kraj";0;0;0;0;NA;114600;0;2020-06-03;191
2020-06-02;"Žilinský kraj";0;0;0;0;NA;114600;0;2020-06-02;191
2020-05-31;"Žilinský kraj";0;0;0;0;NA;114600;0;2020-05-31;191
2020-05-29;"Žilinský kraj";0;0;0;0;NA;114600;0;2020-05-29;191
2020-05-27;"Žilinský kraj";1;0;0;0;NA;114600;1;2020-05-27;191
2020-05-26;"Žilinský kraj";1;0;0;0;NA;114600;1;2020-05-26;190
2020-05-25;"Žilinský kraj";0;0;0;0;NA;114600;0;2020-05-25;189
2020-05-24;"Žilinský kraj";0;0;0;0;NA;114600;0;2020-05-24;189
2020-05-23;"Žilinský kraj";0;0;0;0;NA;114600;0;2020-05-23;189
2020-05-22;"Žilinský kraj";0;0;0;0;NA;114600;0;2020-05-22;189
2020-05-21;"Žilinský kraj";0;0;0;0;NA;114600;0;2020-05-21;189
2020-05-20;"Žilinský kraj";0;0;0;0;NA;114600;0;2020-05-20;189
2020-05-19;"Žilinský kraj";1;0;0;0;NA;114600;1;2020-05-19;189
2020-05-17;"Žilinský kraj";0;0;0;0;NA;114600;0;2020-05-17;188
2020-05-16;"Žilinský kraj";0;0;0;0;NA;114600;0;2020-05-16;188
2020-05-15;"Žilinský kraj";0;0;0;0;NA;114600;0;2020-05-15;188
2020-05-14;"Žilinský kraj";0;0;0;0;NA;114600;0;2020-05-14;188
2020-05-13;"Žilinský kraj";0;0;0;0;NA;114600;0;2020-05-13;188
2020-05-12;"Žilinský kraj";0;0;0;0;NA;114600;0;2020-05-12;188
2020-05-11;"Žilinský kraj";0;0;0;0;NA;114600;0;2020-05-11;188
2020-05-09;"Žilinský kraj";0;0;0;0;NA;114600;0;2020-05-09;188
2020-05-07;"Žilinský kraj";0;0;0;0;NA;114600;0;2020-05-07;188
2020-05-06;"Žilinský kraj";2;0;0;0;NA;114600;2;2020-05-06;188
2020-05-05;"Žilinský kraj";3;0;0;0;NA;114600;3;2020-05-05;186
2020-05-04;"Žilinský kraj";3;0;0;0;NA;114600;3;2020-05-04;183
2020-05-03;"Žilinský kraj";1;0;0;0;NA;114600;1;2020-05-03;180
2020-05-02;"Žilinský kraj";0;0;0;0;NA;114600;0;2020-05-02;179
2020-05-01;"Žilinský kraj";1;0;0;0;NA;114600;1;2020-05-01;179
2020-04-30;"Žilinský kraj";0;0;0;0;NA;114600;0;2020-04-30;178
2020-04-29;"Žilinský kraj";0;0;0;0;NA;114600;0;2020-04-29;178
2020-04-28;"Žilinský kraj";0;0;0;0;NA;114600;0;2020-04-28;178
2020-04-27;"Žilinský kraj";0;0;0;0;NA;114600;0;2020-04-27;178
2020-04-26;"Žilinský kraj";0;0;0;0;NA;114600;0;2020-04-26;178
2020-04-25;"Žilinský kraj";2;0;0;0;NA;114600;2;2020-04-25;178
2020-04-24;"Žilinský kraj";1;0;0;0;NA;114600;1;2020-04-24;176
2020-04-23;"Žilinský kraj";2;0;0;0;NA;114600;2;2020-04-23;175
2020-04-22;"Žilinský kraj";9;0;0;0;NA;114600;9;2020-04-22;173
2020-04-21;"Žilinský kraj";1;0;0;0;NA;114600;1;2020-04-21;164
2020-04-20;"Žilinský kraj";4;0;0;0;NA;114600;4;2020-04-20;163
2020-04-19;"Žilinský kraj";0;0;0;0;NA;114600;0;2020-04-19;159
2020-04-18;"Žilinský kraj";49;0;0;0;NA;114600;49;2020-04-18;159
2020-04-17;"Žilinský kraj";3;0;0;0;NA;114600;3;2020-04-17;110
2020-04-16;"Žilinský kraj";4;0;0;0;NA;114600;4;2020-04-16;107
2020-04-15;"Žilinský kraj";7;0;0;0;NA;114600;7;2020-04-15;103
2020-04-14;"Žilinský kraj";1;0;0;0;NA;114600;1;2020-04-14;96
2020-04-13;"Žilinský kraj";2;0;0;0;NA;114600;2;2020-04-13;95
2020-04-12;"Žilinský kraj";5;0;0;0;NA;114600;5;2020-04-12;93
2020-04-11;"Žilinský kraj";2;0;0;0;NA;114600;2;2020-04-11;88
2020-04-10;"Žilinský kraj";1;0;0;0;NA;114600;1;2020-04-10;86
2020-04-09;"Žilinský kraj";1;0;0;0;NA;114600;1;2020-04-09;85
2020-04-08;"Žilinský kraj";3;0;0;0;NA;114600;3;2020-04-08;84
2020-04-07;"Žilinský kraj";5;0;0;0;NA;114600;5;2020-04-07;81
2020-04-06;"Žilinský kraj";6;0;0;0;NA;114600;6;2020-04-06;76
2020-04-05;"Žilinský kraj";8;0;0;0;NA;114600;8;2020-04-05;70
2020-04-04;"Žilinský kraj";0;0;0;0;NA;114600;0;2020-04-04;62
2020-04-03;"Žilinský kraj";3;0;0;0;NA;114600;3;2020-04-03;62
2020-04-02;"Žilinský kraj";5;0;0;0;NA;114600;5;2020-04-02;59
2020-04-01;"Žilinský kraj";4;0;0;0;NA;114600;4;2020-04-01;54
2020-03-31;"Žilinský kraj";1;0;0;0;NA;114600;1;2020-03-31;50
2020-03-30;"Žilinský kraj";3;0;0;0;NA;114600;3;2020-03-30;49
2020-03-29;"Žilinský kraj";0;0;0;0;NA;114600;0;2020-03-29;46
2020-03-28;"Žilinský kraj";1;0;0;0;NA;114600;1;2020-03-28;46
2020-03-27;"Žilinský kraj";9;0;0;0;NA;114600;9;2020-03-27;45
2020-03-26;"Žilinský kraj";4;0;0;0;NA;114600;4;2020-03-26;36
2020-03-25;"Žilinský kraj";1;0;0;0;NA;114600;1;2020-03-25;32
2020-03-24;"Žilinský kraj";2;0;0;0;NA;114600;2;2020-03-24;31
2020-03-23;"Žilinský kraj";3;0;0;0;NA;114600;3;2020-03-23;29
2020-03-22;"Žilinský kraj";1;0;0;0;NA;114600;1;2020-03-22;26
2020-03-21;"Žilinský kraj";2;0;0;0;NA;114600;2;2020-03-21;25
2020-03-20;"Žilinský kraj";4;0;0;0;NA;114600;4;2020-03-20;23
2020-03-19;"Žilinský kraj";2;0;0;0;NA;114600;2;2020-03-19;19
2020-03-18;"Žilinský kraj";1;0;0;0;NA;114600;1;2020-03-18;17
2020-03-17;"Žilinský kraj";5;0;0;0;NA;114600;5;2020-03-17;16
2020-03-16;"Žilinský kraj";1;0;0;0;NA;114600;1;2020-03-16;11
2020-03-15;"Žilinský kraj";2;0;0;0;NA;114600;2;2020-03-15;10
2020-03-14;"Žilinský kraj";1;0;0;0;NA;114600;1;2020-03-14;8
2020-03-13;"Žilinský kraj";5;0;0;0;NA;114600;5;2020-03-13;7
2020-03-12;"Žilinský kraj";1;0;0;0;NA;114600;1;2020-03-12;2
2020-03-11;"Žilinský kraj";0;0;0;0;NA;114600;0;2020-03-11;1
2020-03-09;"Žilinský kraj";1;0;0;0;NA;114600;1;2020-03-09;1
2020-03-08;"Žilinský kraj";0;0;0;0;NA;114600;0;2020-03-08;0
2020-03-07;"Žilinský kraj";0;0;0;0;NA;114600;0;2020-03-07;0
2020-03-06;"Žilinský kraj";0;0;0;0;NA;114600;0;2020-03-06;0
