"Datum";"Region";"PCR_Pos";"Ag_Neg";"Ag_Pos";"Total";"Pocet.potvrdenych";"Potvrdenych";"newcases";"date";"positive"
2021-09-05;"Banskobystrický kraj";9;517;2;519;38457;84394;11;2021-09-05;84394
2021-09-04;"Banskobystrický kraj";14;616;10;626;NA;84394;24;2021-09-04;84383
2021-09-03;"Banskobystrický kraj";49;1875;22;1897;NA;84394;71;2021-09-03;84359
2021-09-02;"Banskobystrický kraj";19;1645;25;1670;NA;84394;44;2021-09-02;84288
2021-09-01;"Banskobystrický kraj";6;209;6;215;NA;84394;12;2021-09-01;84244
2021-08-31;"Banskobystrický kraj";18;1378;13;1391;NA;84394;31;2021-08-31;84232
2021-08-30;"Banskobystrický kraj";23;1764;10;1774;NA;84394;33;2021-08-30;84201
2021-08-29;"Banskobystrický kraj";0;351;5;356;NA;84394;5;2021-08-29;84168
2021-08-28;"Banskobystrický kraj";9;827;5;832;NA;84394;14;2021-08-28;84163
2021-08-27;"Banskobystrický kraj";7;1608;12;1620;NA;84394;19;2021-08-27;84149
2021-08-26;"Banskobystrický kraj";7;1189;2;1191;NA;84394;9;2021-08-26;84130
2021-08-25;"Banskobystrický kraj";6;1024;1;1025;NA;84394;7;2021-08-25;84121
2021-08-24;"Banskobystrický kraj";12;1117;1;1118;NA;84394;13;2021-08-24;84114
2021-08-23;"Banskobystrický kraj";7;1485;5;1490;NA;84394;12;2021-08-23;84101
2021-08-22;"Banskobystrický kraj";0;651;2;653;NA;84394;2;2021-08-22;84089
2021-08-21;"Banskobystrický kraj";3;793;1;794;NA;84394;4;2021-08-21;84087
2021-08-20;"Banskobystrický kraj";5;1616;4;1620;NA;84394;9;2021-08-20;84083
2021-08-19;"Banskobystrický kraj";4;1092;3;1095;NA;84394;7;2021-08-19;84074
2021-08-18;"Banskobystrický kraj";1;1044;1;1045;NA;84394;2;2021-08-18;84067
2021-08-17;"Banskobystrický kraj";12;890;0;890;NA;84394;12;2021-08-17;84065
2021-08-16;"Banskobystrický kraj";7;1255;3;1258;NA;84394;10;2021-08-16;84053
2021-08-15;"Banskobystrický kraj";0;366;3;369;NA;84394;3;2021-08-15;84043
2021-08-14;"Banskobystrický kraj";6;435;1;436;NA;84394;7;2021-08-14;84040
2021-08-13;"Banskobystrický kraj";11;896;0;896;NA;84394;11;2021-08-13;84033
2021-08-12;"Banskobystrický kraj";10;951;1;952;NA;84394;11;2021-08-12;84022
2021-08-11;"Banskobystrický kraj";7;575;3;578;NA;84394;10;2021-08-11;84011
2021-08-10;"Banskobystrický kraj";7;678;2;680;NA;84394;9;2021-08-10;84001
2021-08-09;"Banskobystrický kraj";9;1063;0;1063;NA;84394;9;2021-08-09;83992
2021-08-08;"Banskobystrický kraj";4;335;1;336;NA;84394;5;2021-08-08;83983
2021-08-07;"Banskobystrický kraj";0;308;4;312;NA;84394;4;2021-08-07;83978
2021-08-06;"Banskobystrický kraj";5;929;2;931;NA;84394;7;2021-08-06;83974
2021-08-05;"Banskobystrický kraj";2;837;1;838;NA;84394;3;2021-08-05;83967
2021-08-04;"Banskobystrický kraj";2;579;1;580;NA;84394;3;2021-08-04;83964
2021-08-03;"Banskobystrický kraj";4;743;0;743;NA;84394;4;2021-08-03;83961
2021-08-02;"Banskobystrický kraj";6;934;0;934;NA;84394;6;2021-08-02;83957
2021-08-01;"Banskobystrický kraj";0;271;0;271;NA;84394;0;2021-08-01;83951
2021-07-31;"Banskobystrický kraj";1;370;4;374;NA;84394;5;2021-07-31;83951
2021-07-30;"Banskobystrický kraj";27;826;2;828;NA;84394;29;2021-07-30;83946
2021-07-29;"Banskobystrický kraj";2;890;1;891;NA;84394;3;2021-07-29;83917
2021-07-28;"Banskobystrický kraj";4;520;1;521;NA;84394;5;2021-07-28;83914
2021-07-27;"Banskobystrický kraj";15;1092;0;1092;NA;84394;15;2021-07-27;83909
2021-07-26;"Banskobystrický kraj";2;911;1;912;NA;84394;3;2021-07-26;83894
2021-07-25;"Banskobystrický kraj";0;367;1;368;NA;84394;1;2021-07-25;83891
2021-07-24;"Banskobystrický kraj";2;298;0;298;NA;84394;2;2021-07-24;83890
2021-07-23;"Banskobystrický kraj";7;840;0;840;NA;84394;7;2021-07-23;83888
2021-07-22;"Banskobystrický kraj";5;727;3;730;NA;84394;8;2021-07-22;83881
2021-07-21;"Banskobystrický kraj";2;560;0;560;NA;84394;2;2021-07-21;83873
2021-07-20;"Banskobystrický kraj";6;675;2;677;NA;84394;8;2021-07-20;83871
2021-07-19;"Banskobystrický kraj";1;854;3;857;NA;84394;4;2021-07-19;83863
2021-07-18;"Banskobystrický kraj";0;377;1;378;NA;84394;1;2021-07-18;83859
2021-07-17;"Banskobystrický kraj";1;324;0;324;NA;84394;1;2021-07-17;83858
2021-07-16;"Banskobystrický kraj";3;974;1;975;NA;84394;4;2021-07-16;83857
2021-07-15;"Banskobystrický kraj";1;1038;0;1038;NA;84394;1;2021-07-15;83853
2021-07-14;"Banskobystrický kraj";3;765;0;765;NA;84394;3;2021-07-14;83852
2021-07-13;"Banskobystrický kraj";2;694;0;694;NA;84394;2;2021-07-13;83849
2021-07-12;"Banskobystrický kraj";1;1057;0;1057;NA;84394;1;2021-07-12;83847
2021-07-11;"Banskobystrický kraj";0;446;0;446;NA;84394;0;2021-07-11;83846
2021-07-10;"Banskobystrický kraj";2;368;0;368;NA;84394;2;2021-07-10;83846
2021-07-09;"Banskobystrický kraj";3;1209;0;1209;NA;84394;3;2021-07-09;83844
2021-07-08;"Banskobystrický kraj";0;1083;1;1084;NA;84394;1;2021-07-08;83841
2021-07-07;"Banskobystrický kraj";1;798;0;798;NA;84394;1;2021-07-07;83840
2021-07-06;"Banskobystrický kraj";6;1365;0;1365;NA;84394;6;2021-07-06;83839
2021-07-05;"Banskobystrický kraj";2;392;1;393;NA;84394;3;2021-07-05;83833
2021-07-04;"Banskobystrický kraj";0;318;0;318;NA;84394;0;2021-07-04;83830
2021-07-03;"Banskobystrický kraj";1;413;1;414;NA;84394;2;2021-07-03;83830
2021-07-02;"Banskobystrický kraj";3;1045;0;1045;NA;84394;3;2021-07-02;83828
2021-07-01;"Banskobystrický kraj";0;705;1;706;NA;84394;1;2021-07-01;83825
2021-06-30;"Banskobystrický kraj";3;7444;1;7445;NA;84394;4;2021-06-30;83824
2021-06-29;"Banskobystrický kraj";2;4642;1;4643;NA;84394;3;2021-06-29;83820
2021-06-28;"Banskobystrický kraj";3;5695;1;5696;NA;84394;4;2021-06-28;83817
2021-06-27;"Banskobystrický kraj";0;4369;5;4374;NA;84394;5;2021-06-27;83813
2021-06-26;"Banskobystrický kraj";0;4289;4;4293;NA;84394;4;2021-06-26;83808
2021-06-25;"Banskobystrický kraj";2;6717;2;6719;NA;84394;4;2021-06-25;83804
2021-06-24;"Banskobystrický kraj";6;4575;2;4577;NA;84394;8;2021-06-24;83800
2021-06-23;"Banskobystrický kraj";4;4947;0;4947;NA;84394;4;2021-06-23;83792
2021-06-22;"Banskobystrický kraj";7;4527;0;4527;NA;84394;7;2021-06-22;83788
2021-06-21;"Banskobystrický kraj";6;5835;8;5843;NA;84394;14;2021-06-21;83781
2021-06-20;"Banskobystrický kraj";0;5055;7;5062;NA;84394;7;2021-06-20;83767
2021-06-19;"Banskobystrický kraj";0;5639;4;5643;NA;84394;4;2021-06-19;83760
2021-06-18;"Banskobystrický kraj";4;7642;1;7643;NA;84394;5;2021-06-18;83756
2021-06-17;"Banskobystrický kraj";2;5245;3;5248;NA;84394;5;2021-06-17;83751
2021-06-16;"Banskobystrický kraj";10;5951;5;5956;NA;84394;15;2021-06-16;83746
2021-06-15;"Banskobystrický kraj";9;5576;6;5582;NA;84394;15;2021-06-15;83731
2021-06-14;"Banskobystrický kraj";8;6922;7;6929;NA;84394;15;2021-06-14;83716
2021-06-13;"Banskobystrický kraj";0;6405;7;6412;NA;84394;7;2021-06-13;83701
2021-06-12;"Banskobystrický kraj";3;6338;6;6344;NA;84394;9;2021-06-12;83694
2021-06-11;"Banskobystrický kraj";5;9693;15;9708;NA;84394;20;2021-06-11;83685
2021-06-10;"Banskobystrický kraj";10;5726;8;5734;NA;84394;18;2021-06-10;83665
2021-06-09;"Banskobystrický kraj";9;5720;4;5724;NA;84394;13;2021-06-09;83647
2021-06-08;"Banskobystrický kraj";15;5645;10;5655;NA;84394;25;2021-06-08;83634
2021-06-07;"Banskobystrický kraj";4;7582;21;7603;NA;84394;25;2021-06-07;83609
2021-06-06;"Banskobystrický kraj";1;7497;12;7509;NA;84394;13;2021-06-06;83584
2021-06-05;"Banskobystrický kraj";15;7531;9;7540;NA;84394;24;2021-06-05;83571
2021-06-04;"Banskobystrický kraj";2;9297;14;9311;NA;84394;16;2021-06-04;83547
2021-06-03;"Banskobystrický kraj";8;6497;24;6521;NA;84394;32;2021-06-03;83531
2021-06-02;"Banskobystrický kraj";7;6837;6;6843;NA;84394;13;2021-06-02;83499
2021-06-01;"Banskobystrický kraj";12;7145;14;7159;NA;84394;26;2021-06-01;83486
2021-05-31;"Banskobystrický kraj";4;9546;31;9577;NA;84394;35;2021-05-31;83460
2021-05-30;"Banskobystrický kraj";3;8959;19;8978;NA;84394;22;2021-05-30;83425
2021-05-29;"Banskobystrický kraj";11;9763;18;9781;NA;84394;29;2021-05-29;83403
2021-05-28;"Banskobystrický kraj";13;11905;27;11932;NA;84394;40;2021-05-28;83374
2021-05-27;"Banskobystrický kraj";7;8760;12;8772;NA;84394;19;2021-05-27;83334
2021-05-26;"Banskobystrický kraj";18;7905;17;7922;NA;84394;35;2021-05-26;83315
2021-05-25;"Banskobystrický kraj";27;8949;30;8979;NA;84394;57;2021-05-25;83280
2021-05-24;"Banskobystrický kraj";9;12469;44;12513;NA;84394;53;2021-05-24;83223
2021-05-23;"Banskobystrický kraj";0;9798;27;9825;NA;84394;27;2021-05-23;83170
2021-05-22;"Banskobystrický kraj";20;9608;26;9634;NA;84394;46;2021-05-22;83143
2021-05-21;"Banskobystrický kraj";22;12796;25;12821;NA;84394;47;2021-05-21;83097
2021-05-20;"Banskobystrický kraj";14;8994;25;9019;NA;84394;39;2021-05-20;83050
2021-05-19;"Banskobystrický kraj";42;8608;21;8629;NA;84394;63;2021-05-19;83011
2021-05-18;"Banskobystrický kraj";27;9437;25;9462;NA;84394;52;2021-05-18;82948
2021-05-17;"Banskobystrický kraj";11;13399;33;13432;NA;84394;44;2021-05-17;82896
2021-05-16;"Banskobystrický kraj";15;14072;26;14098;NA;84394;41;2021-05-16;82852
2021-05-15;"Banskobystrický kraj";11;15356;29;15385;NA;84394;40;2021-05-15;82811
2021-05-14;"Banskobystrický kraj";35;18939;45;18984;NA;84394;80;2021-05-14;82771
2021-05-13;"Banskobystrický kraj";37;10605;40;10645;NA;84394;77;2021-05-13;82691
2021-05-12;"Banskobystrický kraj";31;10841;45;10886;NA;84394;76;2021-05-12;82614
2021-05-11;"Banskobystrický kraj";42;11325;48;11373;NA;84394;90;2021-05-11;82538
2021-05-10;"Banskobystrický kraj";28;17621;68;17689;NA;84394;96;2021-05-10;82448
2021-05-09;"Banskobystrický kraj";25;21902;68;21970;NA;84394;93;2021-05-09;82352
2021-05-08;"Banskobystrický kraj";11;14285;26;14311;NA;84394;37;2021-05-08;82259
2021-05-07;"Banskobystrický kraj";41;21806;78;21884;NA;84394;119;2021-05-07;82222
2021-05-06;"Banskobystrický kraj";36;12251;70;12321;NA;84394;106;2021-05-06;82103
2021-05-05;"Banskobystrický kraj";34;12592;63;12655;NA;84394;97;2021-05-05;81997
2021-05-04;"Banskobystrický kraj";83;13888;47;13935;NA;84394;130;2021-05-04;81900
2021-05-03;"Banskobystrický kraj";30;20872;80;20952;NA;84394;110;2021-05-03;81770
2021-05-02;"Banskobystrický kraj";6;33040;60;33100;NA;84394;66;2021-05-02;81660
2021-05-01;"Banskobystrický kraj";54;36900;67;36967;NA;84394;121;2021-05-01;81594
2021-04-30;"Banskobystrický kraj";38;34957;86;35043;NA;84394;124;2021-04-30;81473
2021-04-29;"Banskobystrický kraj";55;16839;68;16907;NA;84394;123;2021-04-29;81349
2021-04-28;"Banskobystrický kraj";66;17959;67;18026;NA;84394;133;2021-04-28;81226
2021-04-27;"Banskobystrický kraj";70;19152;73;19225;NA;84394;143;2021-04-27;81093
2021-04-26;"Banskobystrický kraj";34;28517;101;28618;NA;84394;135;2021-04-26;80950
2021-04-25;"Banskobystrický kraj";14;40601;106;40707;NA;84394;120;2021-04-25;80815
2021-04-24;"Banskobystrický kraj";40;51944;98;52042;NA;84394;138;2021-04-24;80695
2021-04-23;"Banskobystrický kraj";78;37920;88;38008;NA;84394;166;2021-04-23;80557
2021-04-22;"Banskobystrický kraj";51;17412;57;17469;NA;84394;108;2021-04-22;80391
2021-04-21;"Banskobystrický kraj";76;19208;94;19302;NA;84394;170;2021-04-21;80283
2021-04-20;"Banskobystrický kraj";116;21233;98;21331;NA;84394;214;2021-04-20;80113
2021-04-19;"Banskobystrický kraj";48;31407;105;31512;NA;84394;153;2021-04-19;79899
2021-04-18;"Banskobystrický kraj";16;43375;90;43465;NA;84394;106;2021-04-18;79746
2021-04-17;"Banskobystrický kraj";42;64939;92;65031;NA;84394;134;2021-04-17;79640
2021-04-16;"Banskobystrický kraj";72;37307;100;37407;NA;84394;172;2021-04-16;79506
2021-04-15;"Banskobystrický kraj";67;20115;83;20198;NA;84394;150;2021-04-15;79334
2021-04-14;"Banskobystrický kraj";69;21260;86;21346;NA;84394;155;2021-04-14;79184
2021-04-13;"Banskobystrický kraj";130;23076;77;23153;NA;84394;207;2021-04-13;79029
2021-04-12;"Banskobystrický kraj";60;32272;130;32402;NA;84394;190;2021-04-12;78822
2021-04-11;"Banskobystrický kraj";0;41367;88;41455;NA;84394;88;2021-04-11;78632
2021-04-10;"Banskobystrický kraj";56;64728;141;64869;NA;84394;197;2021-04-10;78544
2021-04-09;"Banskobystrický kraj";106;31570;118;31688;NA;84394;224;2021-04-09;78347
2021-04-08;"Banskobystrický kraj";132;18989;148;19137;NA;84394;280;2021-04-08;78123
2021-04-07;"Banskobystrický kraj";226;25118;94;25212;NA;84394;320;2021-04-07;77843
2021-04-06;"Banskobystrický kraj";93;42486;187;42673;NA;84394;280;2021-04-06;77523
2021-04-05;"Banskobystrický kraj";15;11797;87;11884;NA;84394;102;2021-04-05;77243
2021-04-04;"Banskobystrický kraj";24;19683;79;19762;NA;84394;103;2021-04-04;77141
2021-04-03;"Banskobystrický kraj";5;72553;211;72764;NA;84394;216;2021-04-03;77038
2021-04-02;"Banskobystrický kraj";71;13455;66;13521;NA;84394;137;2021-04-02;76822
2021-04-01;"Banskobystrický kraj";171;39406;200;39606;NA;84394;371;2021-04-01;76685
2021-03-31;"Banskobystrický kraj";147;25543;161;25704;NA;84394;308;2021-03-31;76314
2021-03-30;"Banskobystrický kraj";167;21442;159;21601;NA;84394;326;2021-03-30;76006
2021-03-29;"Banskobystrický kraj";119;29491;218;29709;NA;84394;337;2021-03-29;75680
2021-03-28;"Banskobystrický kraj";25;40610;189;40799;NA;84394;214;2021-03-28;75343
2021-03-27;"Banskobystrický kraj";85;63414;260;63674;NA;84394;345;2021-03-27;75129
2021-03-26;"Banskobystrický kraj";122;43661;240;43901;NA;84394;362;2021-03-26;74784
2021-03-25;"Banskobystrický kraj";120;21589;240;21829;NA;84394;360;2021-03-25;74422
2021-03-24;"Banskobystrický kraj";200;19336;227;19563;NA;84394;427;2021-03-24;74062
2021-03-23;"Banskobystrický kraj";241;21540;257;21797;NA;84394;498;2021-03-23;73635
2021-03-22;"Banskobystrický kraj";65;30480;274;30754;NA;84394;339;2021-03-22;73137
2021-03-21;"Banskobystrický kraj";31;40039;280;40319;NA;84394;311;2021-03-21;72798
2021-03-20;"Banskobystrický kraj";119;67926;383;68309;NA;84394;502;2021-03-20;72487
2021-03-19;"Banskobystrický kraj";240;44036;306;44342;NA;84394;546;2021-03-19;71985
2021-03-18;"Banskobystrický kraj";160;22467;273;22740;NA;84394;433;2021-03-18;71439
2021-03-17;"Banskobystrický kraj";262;21573;245;21818;NA;84394;507;2021-03-17;71006
2021-03-16;"Banskobystrický kraj";340;23349;224;23573;NA;84394;564;2021-03-16;70499
2021-03-15;"Banskobystrický kraj";95;32306;366;32672;NA;84394;461;2021-03-15;69935
2021-03-14;"Banskobystrický kraj";39;39212;218;39430;NA;84394;257;2021-03-14;69474
2021-03-13;"Banskobystrický kraj";209;67463;395;67858;NA;84394;604;2021-03-13;69217
2021-03-12;"Banskobystrický kraj";206;41442;330;41772;NA;84394;536;2021-03-12;68613
2021-03-11;"Banskobystrický kraj";228;21337;274;21611;NA;84394;502;2021-03-11;68077
2021-03-10;"Banskobystrický kraj";260;20399;238;20637;NA;84394;498;2021-03-10;67575
2021-03-09;"Banskobystrický kraj";352;21790;284;22074;NA;84394;636;2021-03-09;67077
2021-03-08;"Banskobystrický kraj";191;31468;427;31895;NA;84394;618;2021-03-08;66441
2021-03-07;"Banskobystrický kraj";60;39191;295;39486;NA;84394;355;2021-03-07;65823
2021-03-06;"Banskobystrický kraj";164;70895;410;71305;NA;84394;574;2021-03-06;65468
2021-03-05;"Banskobystrický kraj";221;42336;389;42725;NA;84394;610;2021-03-05;64894
2021-03-04;"Banskobystrický kraj";226;22007;334;22341;NA;84394;560;2021-03-04;64284
2021-03-03;"Banskobystrický kraj";317;21949;331;22280;NA;84394;648;2021-03-03;63724
2021-03-02;"Banskobystrický kraj";291;23160;354;23514;NA;84394;645;2021-03-02;63076
2021-03-01;"Banskobystrický kraj";151;31773;434;32207;NA;84394;585;2021-03-01;62431
2021-02-28;"Banskobystrický kraj";45;38663;336;38999;NA;84394;381;2021-02-28;61846
2021-02-27;"Banskobystrický kraj";289;66667;529;67196;NA;84394;818;2021-02-27;61465
2021-02-26;"Banskobystrický kraj";326;39670;468;40138;NA;84394;794;2021-02-26;60647
2021-02-25;"Banskobystrický kraj";375;18081;366;18447;NA;84394;741;2021-02-25;59853
2021-02-24;"Banskobystrický kraj";332;16735;373;17108;NA;84394;705;2021-02-24;59112
2021-02-23;"Banskobystrický kraj";462;19932;439;20371;NA;84394;901;2021-02-23;58407
2021-02-22;"Banskobystrický kraj";67;28643;598;29241;NA;84394;665;2021-02-22;57506
2021-02-21;"Banskobystrický kraj";68;37619;444;38063;NA;84394;512;2021-02-21;56841
2021-02-20;"Banskobystrický kraj";280;68851;598;69449;NA;84394;878;2021-02-20;56329
2021-02-19;"Banskobystrický kraj";420;39888;511;40399;NA;84394;931;2021-02-19;55451
2021-02-18;"Banskobystrický kraj";241;18618;396;19014;NA;84394;637;2021-02-18;54520
2021-02-17;"Banskobystrický kraj";415;16740;389;17129;NA;84394;804;2021-02-17;53883
2021-02-16;"Banskobystrický kraj";338;19731;368;20099;NA;84394;706;2021-02-16;53079
2021-02-15;"Banskobystrický kraj";118;35835;591;36426;NA;84394;709;2021-02-15;52373
2021-02-14;"Banskobystrický kraj";60;31894;386;32280;NA;84394;446;2021-02-14;51664
2021-02-13;"Banskobystrický kraj";202;53889;492;54381;NA;84394;694;2021-02-13;51218
2021-02-12;"Banskobystrický kraj";312;37270;533;37803;NA;84394;845;2021-02-12;50524
2021-02-11;"Banskobystrický kraj";305;21200;386;21586;NA;84394;691;2021-02-11;49679
2021-02-10;"Banskobystrický kraj";333;14790;344;15134;NA;84394;677;2021-02-10;48988
2021-02-09;"Banskobystrický kraj";329;18504;362;18866;NA;84394;691;2021-02-09;48311
2021-02-08;"Banskobystrický kraj";103;49716;695;50411;NA;84394;798;2021-02-08;47620
2021-02-07;"Banskobystrický kraj";70;37659;335;37994;NA;84394;405;2021-02-07;46822
2021-02-06;"Banskobystrický kraj";178;69388;570;69958;NA;84394;748;2021-02-06;46417
2021-02-05;"Banskobystrický kraj";282;24577;363;24940;NA;84394;645;2021-02-05;45669
2021-02-04;"Banskobystrický kraj";240;14367;430;14797;NA;84394;670;2021-02-04;45024
2021-02-03;"Banskobystrický kraj";350;9459;255;9714;NA;84394;605;2021-02-03;44354
2021-02-02;"Banskobystrický kraj";277;15741;334;16075;NA;84394;611;2021-02-02;43749
2021-02-01;"Banskobystrický kraj";75;24346;489;24835;NA;84394;564;2021-02-01;43138
2021-01-31;"Banskobystrický kraj";34;19983;201;20184;NA;84394;235;2021-01-31;42574
2021-01-30;"Banskobystrický kraj";163;63896;525;64421;NA;84394;688;2021-01-30;42339
2021-01-29;"Banskobystrický kraj";196;17368;274;17642;NA;84394;470;2021-01-29;41651
2021-01-28;"Banskobystrický kraj";218;15613;382;15995;NA;84394;600;2021-01-28;41181
2021-01-27;"Banskobystrický kraj";191;8132;200;8332;NA;84394;391;2021-01-27;40581
2021-01-26;"Banskobystrický kraj";238;19795;283;20078;NA;84394;521;2021-01-26;40190
2021-01-25;"Banskobystrický kraj";82;33666;412;34078;NA;84394;494;2021-01-25;39669
2021-01-24;"Banskobystrický kraj";38;35587;278;35865;NA;84394;316;2021-01-24;39175
2021-01-23;"Banskobystrický kraj";142;89058;523;89581;NA;84394;665;2021-01-23;38859
2021-01-22;"Banskobystrický kraj";175;25887;355;26242;NA;84394;530;2021-01-22;38194
2021-01-21;"Banskobystrický kraj";194;17063;279;17342;NA;84394;473;2021-01-21;37664
2021-01-20;"Banskobystrický kraj";231;9142;186;9328;NA;84394;417;2021-01-20;37191
2021-01-19;"Banskobystrický kraj";213;10708;311;11019;NA;84394;524;2021-01-19;36774
2021-01-18;"Banskobystrický kraj";94;7402;401;7803;NA;84394;495;2021-01-18;36250
2021-01-17;"Banskobystrický kraj";110;8154;77;8231;NA;84394;187;2021-01-17;35755
2021-01-16;"Banskobystrický kraj";58;2274;57;2331;NA;84394;115;2021-01-16;35568
2021-01-15;"Banskobystrický kraj";164;7673;217;7890;NA;84394;381;2021-01-15;35453
2021-01-14;"Banskobystrický kraj";220;5760;325;6085;NA;84394;545;2021-01-14;35072
2021-01-13;"Banskobystrický kraj";235;5974;217;6191;NA;84394;452;2021-01-13;34527
2021-01-12;"Banskobystrický kraj";194;6600;290;6890;NA;84394;484;2021-01-12;34075
2021-01-11;"Banskobystrický kraj";76;8231;481;8712;NA;84394;557;2021-01-11;33591
2021-01-10;"Banskobystrický kraj";110;433;4;437;NA;84394;114;2021-01-10;33034
2021-01-09;"Banskobystrický kraj";297;2378;81;2459;NA;84394;378;2021-01-09;32920
2021-01-08;"Banskobystrický kraj";435;9807;443;10250;NA;84394;878;2021-01-08;32542
2021-01-07;"Banskobystrický kraj";127;6322;366;6688;NA;84394;493;2021-01-07;31664
2021-01-06;"Banskobystrický kraj";305;3374;185;3559;NA;84394;490;2021-01-06;31171
2021-01-05;"Banskobystrický kraj";372;7349;533;7882;NA;84394;905;2021-01-05;30681
2021-01-04;"Banskobystrický kraj";130;7083;700;7783;NA;84394;830;2021-01-04;29776
2021-01-03;"Banskobystrický kraj";199;320;19;339;NA;84394;218;2021-01-03;28946
2021-01-02;"Banskobystrický kraj";123;702;85;787;NA;84394;208;2021-01-02;28728
2021-01-01;"Banskobystrický kraj";220;1958;132;2090;NA;84394;352;2021-01-01;28520
2020-12-31;"Banskobystrický kraj";499;7679;633;8312;NA;84394;1132;2020-12-31;28168
2020-12-30;"Banskobystrický kraj";593;7407;541;7948;NA;84394;1134;2020-12-30;27036
2020-12-29;"Banskobystrický kraj";240;7876;660;8536;NA;84394;900;2020-12-29;25902
2020-12-28;"Banskobystrický kraj";131;6120;720;6840;NA;84394;851;2020-12-28;25002
2020-12-27;"Banskobystrický kraj";116;541;25;566;NA;84394;141;2020-12-27;24151
2020-12-26;"Banskobystrický kraj";61;295;35;330;NA;84394;96;2020-12-26;24010
2020-12-25;"Banskobystrický kraj";65;888;10;898;NA;84394;75;2020-12-25;23914
2020-12-24;"Banskobystrický kraj";452;3685;135;3820;NA;84394;587;2020-12-24;23839
2020-12-23;"Banskobystrický kraj";368;9892;473;10365;NA;84394;841;2020-12-23;23252
2020-12-22;"Banskobystrický kraj";307;8467;619;9086;NA;84394;926;2020-12-22;22411
2020-12-21;"Banskobystrický kraj";286;4922;455;5377;NA;84394;741;2020-12-21;21485
2020-12-20;"Banskobystrický kraj";155;249;14;263;NA;84394;169;2020-12-20;20744
2020-12-19;"Banskobystrický kraj";170;3084;138;3222;NA;84394;308;2020-12-19;20575
2020-12-18;"Banskobystrický kraj";432;5959;331;6290;NA;84394;763;2020-12-18;20267
2020-12-17;"Banskobystrický kraj";468;8753;653;9406;NA;84394;1121;2020-12-17;19504
2020-12-16;"Banskobystrický kraj";379;10184;567;10751;NA;84394;946;2020-12-16;18383
2020-12-15;"Banskobystrický kraj";336;5281;425;5706;NA;84394;761;2020-12-15;17437
2020-12-14;"Banskobystrický kraj";148;4012;259;4271;NA;84394;407;2020-12-14;16676
2020-12-13;"Banskobystrický kraj";122;142;1;143;NA;84394;123;2020-12-13;16269
2020-12-12;"Banskobystrický kraj";137;2714;138;2852;NA;84394;275;2020-12-12;16146
2020-12-11;"Banskobystrický kraj";468;6633;362;6995;NA;84394;830;2020-12-11;15871
2020-12-10;"Banskobystrický kraj";280;5501;369;5870;NA;84394;649;2020-12-10;15041
2020-12-09;"Banskobystrický kraj";323;3941;205;4146;NA;84394;528;2020-12-09;14392
2020-12-08;"Banskobystrický kraj";256;3782;272;4054;NA;84394;528;2020-12-08;13864
2020-12-07;"Banskobystrický kraj";175;2633;177;2810;NA;84394;352;2020-12-07;13336
2020-12-06;"Banskobystrický kraj";121;507;11;518;NA;84394;132;2020-12-06;12984
2020-12-05;"Banskobystrický kraj";109;1099;34;1133;NA;84394;143;2020-12-05;12852
2020-12-04;"Banskobystrický kraj";339;3828;174;4002;NA;84394;513;2020-12-04;12709
2020-12-03;"Banskobystrický kraj";240;3193;234;3427;NA;84394;474;2020-12-03;12196
2020-12-02;"Banskobystrický kraj";217;4442;186;4628;NA;84394;403;2020-12-02;11722
2020-12-01;"Banskobystrický kraj";215;2702;134;2836;NA;84394;349;2020-12-01;11319
2020-11-30;"Banskobystrický kraj";74;4314;241;4555;NA;84394;315;2020-11-30;10970
2020-11-29;"Banskobystrický kraj";19;208;7;215;NA;84394;26;2020-11-29;10655
2020-11-28;"Banskobystrický kraj";81;1408;55;1463;NA;84394;136;2020-11-28;10629
2020-11-27;"Banskobystrický kraj";219;2266;123;2389;NA;84394;342;2020-11-27;10493
2020-11-26;"Banskobystrický kraj";208;2124;93;2217;NA;84394;301;2020-11-26;10151
2020-11-25;"Banskobystrický kraj";170;1952;86;2038;NA;84394;256;2020-11-25;9850
2020-11-24;"Banskobystrický kraj";166;2566;69;2635;NA;84394;235;2020-11-24;9594
2020-11-23;"Banskobystrický kraj";66;10147;193;10340;NA;84394;259;2020-11-23;9359
2020-11-22;"Banskobystrický kraj";38;104;1;105;NA;84394;39;2020-11-22;9100
2020-11-21;"Banskobystrický kraj";52;904;14;918;NA;84394;66;2020-11-21;9061
2020-11-20;"Banskobystrický kraj";127;2005;107;2112;NA;84394;234;2020-11-20;8995
2020-11-19;"Banskobystrický kraj";170;1218;82;1300;NA;84394;252;2020-11-19;8761
2020-11-18;"Banskobystrický kraj";153;698;65;763;NA;84394;218;2020-11-18;8509
2020-11-17;"Banskobystrický kraj";52;578;35;613;NA;84394;87;2020-11-17;8291
2020-11-16;"Banskobystrický kraj";106;470;25;495;NA;84394;131;2020-11-16;8204
2020-11-15;"Banskobystrický kraj";52;301;4;305;NA;84394;56;2020-11-15;8073
2020-11-14;"Banskobystrický kraj";73;305;2;307;NA;84394;75;2020-11-14;8017
2020-11-13;"Banskobystrický kraj";157;552;11;563;NA;84394;168;2020-11-13;7942
2020-11-12;"Banskobystrický kraj";218;952;44;996;NA;84394;262;2020-11-12;7774
2020-11-11;"Banskobystrický kraj";224;437;9;446;NA;84394;233;2020-11-11;7512
2020-11-10;"Banskobystrický kraj";263;463;18;481;NA;84394;281;2020-11-10;7279
2020-11-09;"Banskobystrický kraj";80;2678;31;2709;NA;84394;111;2020-11-09;6998
2020-11-08;"Banskobystrický kraj";82;981;16;997;NA;84394;98;2020-11-08;6887
2020-11-07;"Banskobystrický kraj";164;8828;94;8922;NA;84394;258;2020-11-07;6789
2020-11-06;"Banskobystrický kraj";227;2496;16;2512;NA;84394;243;2020-11-06;6531
2020-11-05;"Banskobystrický kraj";240;290;33;323;NA;84394;273;2020-11-05;6288
2020-11-04;"Banskobystrický kraj";254;1366;13;1379;NA;84394;267;2020-11-04;6015
2020-11-03;"Banskobystrický kraj";246;1332;4;1336;NA;84394;250;2020-11-03;5748
2020-11-02;"Banskobystrický kraj";90;2909;65;2974;NA;84394;155;2020-11-02;5498
2020-11-01;"Banskobystrický kraj";101;2671;42;2713;NA;84394;143;2020-11-01;5343
2020-10-31;"Banskobystrický kraj";199;13516;116;13632;NA;84394;315;2020-10-31;5200
2020-10-30;"Banskobystrický kraj";254;2829;20;2849;NA;84394;274;2020-10-30;4885
2020-10-29;"Banskobystrický kraj";372;969;42;1011;NA;84394;414;2020-10-29;4611
2020-10-28;"Banskobystrický kraj";285;302;30;332;NA;84394;315;2020-10-28;4197
2020-10-27;"Banskobystrický kraj";266;654;40;694;NA;84394;306;2020-10-27;3882
2020-10-26;"Banskobystrický kraj";38;234;29;263;NA;84394;67;2020-10-26;3576
2020-10-25;"Banskobystrický kraj";50;140;11;151;NA;84394;61;2020-10-25;3509
2020-10-24;"Banskobystrický kraj";315;114;12;126;NA;84394;327;2020-10-24;3448
2020-10-23;"Banskobystrický kraj";231;230;29;259;NA;84394;260;2020-10-23;3121
2020-10-22;"Banskobystrický kraj";264;253;24;277;NA;84394;288;2020-10-22;2861
2020-10-21;"Banskobystrický kraj";209;266;3;269;NA;84394;212;2020-10-21;2573
2020-10-20;"Banskobystrický kraj";210;66;3;69;NA;84394;213;2020-10-20;2361
2020-10-19;"Banskobystrický kraj";27;73;12;85;NA;84394;39;2020-10-19;2148
2020-10-18;"Banskobystrický kraj";49;0;0;0;NA;84394;49;2020-10-18;2109
2020-10-17;"Banskobystrický kraj";91;0;0;0;NA;84394;91;2020-10-17;2060
2020-10-16;"Banskobystrický kraj";224;37;3;40;NA;84394;227;2020-10-16;1969
2020-10-15;"Banskobystrický kraj";133;29;1;30;NA;84394;134;2020-10-15;1742
2020-10-14;"Banskobystrický kraj";139;31;1;32;NA;84394;140;2020-10-14;1608
2020-10-13;"Banskobystrický kraj";151;169;11;180;NA;84394;162;2020-10-13;1468
2020-10-12;"Banskobystrický kraj";11;110;4;114;NA;84394;15;2020-10-12;1306
2020-10-11;"Banskobystrický kraj";14;0;0;0;NA;84394;14;2020-10-11;1291
2020-10-10;"Banskobystrický kraj";53;0;0;0;NA;84394;53;2020-10-10;1277
2020-10-09;"Banskobystrický kraj";128;0;0;0;NA;84394;128;2020-10-09;1224
2020-10-08;"Banskobystrický kraj";99;0;0;0;NA;84394;99;2020-10-08;1096
2020-10-07;"Banskobystrický kraj";124;0;0;0;NA;84394;124;2020-10-07;997
2020-10-06;"Banskobystrický kraj";68;0;0;0;NA;84394;68;2020-10-06;873
2020-10-05;"Banskobystrický kraj";49;0;0;0;NA;84394;49;2020-10-05;805
2020-10-04;"Banskobystrický kraj";8;0;0;0;NA;84394;8;2020-10-04;756
2020-10-03;"Banskobystrický kraj";37;0;0;0;NA;84394;37;2020-10-03;748
2020-10-02;"Banskobystrický kraj";74;0;0;0;NA;84394;74;2020-10-02;711
2020-10-01;"Banskobystrický kraj";49;0;0;0;NA;84394;49;2020-10-01;637
2020-09-30;"Banskobystrický kraj";60;0;0;0;NA;84394;60;2020-09-30;588
2020-09-29;"Banskobystrický kraj";24;0;0;0;NA;84394;24;2020-09-29;528
2020-09-28;"Banskobystrický kraj";0;0;0;0;NA;84394;0;2020-09-28;504
2020-09-27;"Banskobystrický kraj";20;0;0;0;NA;84394;20;2020-09-27;504
2020-09-26;"Banskobystrický kraj";24;0;0;0;NA;84394;24;2020-09-26;484
2020-09-25;"Banskobystrický kraj";29;0;0;0;NA;84394;29;2020-09-25;460
2020-09-24;"Banskobystrický kraj";25;0;0;0;NA;84394;25;2020-09-24;431
2020-09-23;"Banskobystrický kraj";17;0;0;0;NA;84394;17;2020-09-23;406
2020-09-22;"Banskobystrický kraj";25;0;0;0;NA;84394;25;2020-09-22;389
2020-09-21;"Banskobystrický kraj";3;0;0;0;NA;84394;3;2020-09-21;364
2020-09-20;"Banskobystrický kraj";0;0;0;0;NA;84394;0;2020-09-20;361
2020-09-19;"Banskobystrický kraj";3;0;0;0;NA;84394;3;2020-09-19;361
2020-09-18;"Banskobystrický kraj";24;0;0;0;NA;84394;24;2020-09-18;358
2020-09-17;"Banskobystrický kraj";14;0;0;0;NA;84394;14;2020-09-17;334
2020-09-16;"Banskobystrický kraj";6;0;0;0;NA;84394;6;2020-09-16;320
2020-09-15;"Banskobystrický kraj";2;0;0;0;NA;84394;2;2020-09-15;314
2020-09-14;"Banskobystrický kraj";13;0;0;0;NA;84394;13;2020-09-14;312
2020-09-13;"Banskobystrický kraj";1;0;0;0;NA;84394;1;2020-09-13;299
2020-09-12;"Banskobystrický kraj";5;0;0;0;NA;84394;5;2020-09-12;298
2020-09-11;"Banskobystrický kraj";19;0;0;0;NA;84394;19;2020-09-11;293
2020-09-10;"Banskobystrický kraj";11;0;0;0;NA;84394;11;2020-09-10;274
2020-09-09;"Banskobystrický kraj";13;0;0;0;NA;84394;13;2020-09-09;263
2020-09-08;"Banskobystrický kraj";5;0;0;0;NA;84394;5;2020-09-08;250
2020-09-07;"Banskobystrický kraj";2;0;0;0;NA;84394;2;2020-09-07;245
2020-09-06;"Banskobystrický kraj";0;0;0;0;NA;84394;0;2020-09-06;243
2020-09-05;"Banskobystrický kraj";0;0;0;0;NA;84394;0;2020-09-05;243
2020-09-04;"Banskobystrický kraj";9;0;0;0;NA;84394;9;2020-09-04;243
2020-09-03;"Banskobystrický kraj";5;0;0;0;NA;84394;5;2020-09-03;234
2020-09-02;"Banskobystrický kraj";6;0;0;0;NA;84394;6;2020-09-02;229
2020-09-01;"Banskobystrický kraj";2;0;0;0;NA;84394;2;2020-09-01;223
2020-08-31;"Banskobystrický kraj";6;0;0;0;NA;84394;6;2020-08-31;221
2020-08-30;"Banskobystrický kraj";0;0;0;0;NA;84394;0;2020-08-30;215
2020-08-29;"Banskobystrický kraj";1;0;0;0;NA;84394;1;2020-08-29;215
2020-08-28;"Banskobystrický kraj";3;0;0;0;NA;84394;3;2020-08-28;214
2020-08-27;"Banskobystrický kraj";1;0;0;0;NA;84394;1;2020-08-27;211
2020-08-26;"Banskobystrický kraj";2;0;0;0;NA;84394;2;2020-08-26;210
2020-08-25;"Banskobystrický kraj";2;0;0;0;NA;84394;2;2020-08-25;208
2020-08-24;"Banskobystrický kraj";0;0;0;0;NA;84394;0;2020-08-24;206
2020-08-23;"Banskobystrický kraj";0;0;0;0;NA;84394;0;2020-08-23;206
2020-08-22;"Banskobystrický kraj";0;0;0;0;NA;84394;0;2020-08-22;206
2020-08-21;"Banskobystrický kraj";4;0;0;0;NA;84394;4;2020-08-21;206
2020-08-20;"Banskobystrický kraj";1;0;0;0;NA;84394;1;2020-08-20;202
2020-08-19;"Banskobystrický kraj";4;0;0;0;NA;84394;4;2020-08-19;201
2020-08-18;"Banskobystrický kraj";0;0;0;0;NA;84394;0;2020-08-18;197
2020-08-17;"Banskobystrický kraj";1;0;0;0;NA;84394;1;2020-08-17;197
2020-08-16;"Banskobystrický kraj";0;0;0;0;NA;84394;0;2020-08-16;196
2020-08-15;"Banskobystrický kraj";0;0;0;0;NA;84394;0;2020-08-15;196
2020-08-14;"Banskobystrický kraj";5;0;0;0;NA;84394;5;2020-08-14;196
2020-08-13;"Banskobystrický kraj";0;0;0;0;NA;84394;0;2020-08-13;191
2020-08-12;"Banskobystrický kraj";0;0;0;0;NA;84394;0;2020-08-12;191
2020-08-11;"Banskobystrický kraj";2;0;0;0;NA;84394;2;2020-08-11;191
2020-08-10;"Banskobystrický kraj";3;0;0;0;NA;84394;3;2020-08-10;189
2020-08-09;"Banskobystrický kraj";0;0;0;0;NA;84394;0;2020-08-09;186
2020-08-08;"Banskobystrický kraj";2;0;0;0;NA;84394;2;2020-08-08;186
2020-08-07;"Banskobystrický kraj";1;0;0;0;NA;84394;1;2020-08-07;184
2020-08-06;"Banskobystrický kraj";1;0;0;0;NA;84394;1;2020-08-06;183
2020-08-05;"Banskobystrický kraj";0;0;0;0;NA;84394;0;2020-08-05;182
2020-08-04;"Banskobystrický kraj";3;0;0;0;NA;84394;3;2020-08-04;182
2020-08-03;"Banskobystrický kraj";0;0;0;0;NA;84394;0;2020-08-03;179
2020-08-02;"Banskobystrický kraj";0;0;0;0;NA;84394;0;2020-08-02;179
2020-08-01;"Banskobystrický kraj";1;0;0;0;NA;84394;1;2020-08-01;179
2020-07-31;"Banskobystrický kraj";2;0;0;0;NA;84394;2;2020-07-31;178
2020-07-30;"Banskobystrický kraj";1;0;0;0;NA;84394;1;2020-07-30;176
2020-07-29;"Banskobystrický kraj";0;0;0;0;NA;84394;0;2020-07-29;175
2020-07-28;"Banskobystrický kraj";2;0;0;0;NA;84394;2;2020-07-28;175
2020-07-27;"Banskobystrický kraj";3;0;0;0;NA;84394;3;2020-07-27;173
2020-07-26;"Banskobystrický kraj";0;0;0;0;NA;84394;0;2020-07-26;170
2020-07-25;"Banskobystrický kraj";0;0;0;0;NA;84394;0;2020-07-25;170
2020-07-24;"Banskobystrický kraj";9;0;0;0;NA;84394;9;2020-07-24;170
2020-07-23;"Banskobystrický kraj";0;0;0;0;NA;84394;0;2020-07-23;161
2020-07-22;"Banskobystrický kraj";3;0;0;0;NA;84394;3;2020-07-22;161
2020-07-21;"Banskobystrický kraj";3;0;0;0;NA;84394;3;2020-07-21;158
2020-07-20;"Banskobystrický kraj";1;0;0;0;NA;84394;1;2020-07-20;155
2020-07-19;"Banskobystrický kraj";1;0;0;0;NA;84394;1;2020-07-19;154
2020-07-18;"Banskobystrický kraj";0;0;0;0;NA;84394;0;2020-07-18;153
2020-07-17;"Banskobystrický kraj";2;0;0;0;NA;84394;2;2020-07-17;153
2020-07-16;"Banskobystrický kraj";1;0;0;0;NA;84394;1;2020-07-16;151
2020-07-15;"Banskobystrický kraj";4;0;0;0;NA;84394;4;2020-07-15;150
2020-07-14;"Banskobystrický kraj";2;0;0;0;NA;84394;2;2020-07-14;146
2020-07-13;"Banskobystrický kraj";1;0;0;0;NA;84394;1;2020-07-13;144
2020-07-12;"Banskobystrický kraj";0;0;0;0;NA;84394;0;2020-07-12;143
2020-07-11;"Banskobystrický kraj";0;0;0;0;NA;84394;0;2020-07-11;143
2020-07-10;"Banskobystrický kraj";3;0;0;0;NA;84394;3;2020-07-10;143
2020-07-09;"Banskobystrický kraj";9;0;0;0;NA;84394;9;2020-07-09;140
2020-07-08;"Banskobystrický kraj";0;0;0;0;NA;84394;0;2020-07-08;131
2020-07-07;"Banskobystrický kraj";4;0;0;0;NA;84394;4;2020-07-07;131
2020-07-06;"Banskobystrický kraj";0;0;0;0;NA;84394;0;2020-07-06;127
2020-07-05;"Banskobystrický kraj";0;0;0;0;NA;84394;0;2020-07-05;127
2020-07-04;"Banskobystrický kraj";1;0;0;0;NA;84394;1;2020-07-04;127
2020-07-03;"Banskobystrický kraj";4;0;0;0;NA;84394;4;2020-07-03;126
2020-07-02;"Banskobystrický kraj";0;0;0;0;NA;84394;0;2020-07-02;122
2020-07-01;"Banskobystrický kraj";1;0;0;0;NA;84394;1;2020-07-01;122
2020-06-30;"Banskobystrický kraj";0;12;0;12;NA;84394;0;2020-06-30;121
2020-06-29;"Banskobystrický kraj";0;0;0;0;NA;84394;0;2020-06-29;121
2020-06-28;"Banskobystrický kraj";0;0;0;0;NA;84394;0;2020-06-28;121
2020-06-27;"Banskobystrický kraj";0;0;0;0;NA;84394;0;2020-06-27;121
2020-06-26;"Banskobystrický kraj";0;0;0;0;NA;84394;0;2020-06-26;121
2020-06-25;"Banskobystrický kraj";1;0;0;0;NA;84394;1;2020-06-25;121
2020-06-24;"Banskobystrický kraj";0;0;0;0;NA;84394;0;2020-06-24;120
2020-06-23;"Banskobystrický kraj";6;0;0;0;NA;84394;6;2020-06-23;120
2020-06-22;"Banskobystrický kraj";0;0;0;0;NA;84394;0;2020-06-22;114
2020-06-21;"Banskobystrický kraj";0;0;0;0;NA;84394;0;2020-06-21;114
2020-06-20;"Banskobystrický kraj";0;0;0;0;NA;84394;0;2020-06-20;114
2020-06-19;"Banskobystrický kraj";2;0;0;0;NA;84394;2;2020-06-19;114
2020-06-18;"Banskobystrický kraj";10;0;0;0;NA;84394;10;2020-06-18;112
2020-06-17;"Banskobystrický kraj";1;0;0;0;NA;84394;1;2020-06-17;102
2020-06-16;"Banskobystrický kraj";0;0;0;0;NA;84394;0;2020-06-16;101
2020-06-14;"Banskobystrický kraj";2;0;0;0;NA;84394;2;2020-06-14;101
2020-06-13;"Banskobystrický kraj";2;0;0;0;NA;84394;2;2020-06-13;99
2020-06-12;"Banskobystrický kraj";0;0;0;0;NA;84394;0;2020-06-12;97
2020-06-11;"Banskobystrický kraj";1;0;0;0;NA;84394;1;2020-06-11;97
2020-06-10;"Banskobystrický kraj";0;0;0;0;NA;84394;0;2020-06-10;96
2020-06-09;"Banskobystrický kraj";0;0;0;0;NA;84394;0;2020-06-09;96
2020-06-08;"Banskobystrický kraj";0;0;0;0;NA;84394;0;2020-06-08;96
2020-06-07;"Banskobystrický kraj";0;0;0;0;NA;84394;0;2020-06-07;96
2020-06-05;"Banskobystrický kraj";2;0;0;0;NA;84394;2;2020-06-05;96
2020-06-03;"Banskobystrický kraj";0;0;0;0;NA;84394;0;2020-06-03;94
2020-06-02;"Banskobystrický kraj";0;0;0;0;NA;84394;0;2020-06-02;94
2020-05-31;"Banskobystrický kraj";0;0;0;0;NA;84394;0;2020-05-31;94
2020-05-29;"Banskobystrický kraj";0;0;0;0;NA;84394;0;2020-05-29;94
2020-05-27;"Banskobystrický kraj";1;0;0;0;NA;84394;1;2020-05-27;94
2020-05-26;"Banskobystrický kraj";0;0;0;0;NA;84394;0;2020-05-26;93
2020-05-25;"Banskobystrický kraj";0;0;0;0;NA;84394;0;2020-05-25;93
2020-05-24;"Banskobystrický kraj";0;0;0;0;NA;84394;0;2020-05-24;93
2020-05-23;"Banskobystrický kraj";1;0;0;0;NA;84394;1;2020-05-23;93
2020-05-22;"Banskobystrický kraj";0;0;0;0;NA;84394;0;2020-05-22;92
2020-05-21;"Banskobystrický kraj";0;0;0;0;NA;84394;0;2020-05-21;92
2020-05-20;"Banskobystrický kraj";1;0;0;0;NA;84394;1;2020-05-20;92
2020-05-19;"Banskobystrický kraj";0;0;0;0;NA;84394;0;2020-05-19;91
2020-05-17;"Banskobystrický kraj";0;0;0;0;NA;84394;0;2020-05-17;91
2020-05-16;"Banskobystrický kraj";0;0;0;0;NA;84394;0;2020-05-16;91
2020-05-15;"Banskobystrický kraj";0;0;0;0;NA;84394;0;2020-05-15;91
2020-05-14;"Banskobystrický kraj";0;0;0;0;NA;84394;0;2020-05-14;91
2020-05-13;"Banskobystrický kraj";0;0;0;0;NA;84394;0;2020-05-13;91
2020-05-12;"Banskobystrický kraj";1;0;0;0;NA;84394;1;2020-05-12;91
2020-05-11;"Banskobystrický kraj";0;0;0;0;NA;84394;0;2020-05-11;90
2020-05-09;"Banskobystrický kraj";0;0;0;0;NA;84394;0;2020-05-09;90
2020-05-07;"Banskobystrický kraj";2;0;0;0;NA;84394;2;2020-05-07;90
2020-05-06;"Banskobystrický kraj";1;0;0;0;NA;84394;1;2020-05-06;88
2020-05-05;"Banskobystrický kraj";2;0;0;0;NA;84394;2;2020-05-05;87
2020-05-04;"Banskobystrický kraj";0;0;0;0;NA;84394;0;2020-05-04;85
2020-05-03;"Banskobystrický kraj";0;0;0;0;NA;84394;0;2020-05-03;85
2020-05-02;"Banskobystrický kraj";0;0;0;0;NA;84394;0;2020-05-02;85
2020-05-01;"Banskobystrický kraj";0;0;0;0;NA;84394;0;2020-05-01;85
2020-04-30;"Banskobystrický kraj";1;0;0;0;NA;84394;1;2020-04-30;85
2020-04-29;"Banskobystrický kraj";1;0;0;0;NA;84394;1;2020-04-29;84
2020-04-28;"Banskobystrický kraj";0;0;0;0;NA;84394;0;2020-04-28;83
2020-04-27;"Banskobystrický kraj";0;0;0;0;NA;84394;0;2020-04-27;83
2020-04-26;"Banskobystrický kraj";0;0;0;0;NA;84394;0;2020-04-26;83
2020-04-25;"Banskobystrický kraj";2;0;0;0;NA;84394;2;2020-04-25;83
2020-04-24;"Banskobystrický kraj";3;0;0;0;NA;84394;3;2020-04-24;81
2020-04-23;"Banskobystrický kraj";2;0;0;0;NA;84394;2;2020-04-23;78
2020-04-22;"Banskobystrický kraj";2;0;0;0;NA;84394;2;2020-04-22;76
2020-04-21;"Banskobystrický kraj";2;0;0;0;NA;84394;2;2020-04-21;74
2020-04-20;"Banskobystrický kraj";0;0;0;0;NA;84394;0;2020-04-20;72
2020-04-19;"Banskobystrický kraj";0;0;0;0;NA;84394;0;2020-04-19;72
2020-04-18;"Banskobystrický kraj";8;0;0;0;NA;84394;8;2020-04-18;72
2020-04-17;"Banskobystrický kraj";2;0;0;0;NA;84394;2;2020-04-17;64
2020-04-16;"Banskobystrický kraj";0;0;0;0;NA;84394;0;2020-04-16;62
2020-04-15;"Banskobystrický kraj";10;0;0;0;NA;84394;10;2020-04-15;62
2020-04-14;"Banskobystrický kraj";0;0;0;0;NA;84394;0;2020-04-14;52
2020-04-13;"Banskobystrický kraj";2;0;0;0;NA;84394;2;2020-04-13;52
2020-04-12;"Banskobystrický kraj";4;0;0;0;NA;84394;4;2020-04-12;50
2020-04-11;"Banskobystrický kraj";1;0;0;0;NA;84394;1;2020-04-11;46
2020-04-10;"Banskobystrický kraj";0;0;0;0;NA;84394;0;2020-04-10;45
2020-04-09;"Banskobystrický kraj";2;0;0;0;NA;84394;2;2020-04-09;45
2020-04-08;"Banskobystrický kraj";0;0;0;0;NA;84394;0;2020-04-08;43
2020-04-07;"Banskobystrický kraj";4;0;0;0;NA;84394;4;2020-04-07;43
2020-04-06;"Banskobystrický kraj";10;0;0;0;NA;84394;10;2020-04-06;39
2020-04-05;"Banskobystrický kraj";9;0;0;0;NA;84394;9;2020-04-05;29
2020-04-04;"Banskobystrický kraj";0;0;0;0;NA;84394;0;2020-04-04;20
2020-04-03;"Banskobystrický kraj";2;0;0;0;NA;84394;2;2020-04-03;20
2020-04-02;"Banskobystrický kraj";2;0;0;0;NA;84394;2;2020-04-02;18
2020-04-01;"Banskobystrický kraj";5;0;0;0;NA;84394;5;2020-04-01;16
2020-03-31;"Banskobystrický kraj";3;0;0;0;NA;84394;3;2020-03-31;11
2020-03-30;"Banskobystrický kraj";1;0;0;0;NA;84394;1;2020-03-30;8
2020-03-29;"Banskobystrický kraj";2;0;0;0;NA;84394;2;2020-03-29;7
2020-03-28;"Banskobystrický kraj";1;0;0;0;NA;84394;1;2020-03-28;5
2020-03-27;"Banskobystrický kraj";1;0;0;0;NA;84394;1;2020-03-27;4
2020-03-26;"Banskobystrický kraj";1;0;0;0;NA;84394;1;2020-03-26;3
2020-03-25;"Banskobystrický kraj";0;0;0;0;NA;84394;0;2020-03-25;2
2020-03-24;"Banskobystrický kraj";1;0;0;0;NA;84394;1;2020-03-24;2
2020-03-23;"Banskobystrický kraj";1;0;0;0;NA;84394;1;2020-03-23;1
2020-03-22;"Banskobystrický kraj";0;0;0;0;NA;84394;0;2020-03-22;0
2020-03-21;"Banskobystrický kraj";3;0;0;0;NA;84394;3;2020-03-21;0
2020-03-20;"Banskobystrický kraj";0;0;0;0;NA;84394;0;2020-03-20;-3
2020-03-19;"Banskobystrický kraj";2;0;0;0;NA;84394;2;2020-03-19;-3
2020-03-18;"Banskobystrický kraj";1;0;0;0;NA;84394;1;2020-03-18;-5
2020-03-17;"Banskobystrický kraj";1;0;0;0;NA;84394;1;2020-03-17;-6
2020-03-16;"Banskobystrický kraj";0;0;0;0;NA;84394;0;2020-03-16;-7
2020-03-15;"Banskobystrický kraj";1;0;0;0;NA;84394;1;2020-03-15;-7
2020-03-14;"Banskobystrický kraj";0;0;0;0;NA;84394;0;2020-03-14;-8
2020-03-13;"Banskobystrický kraj";1;0;0;0;NA;84394;1;2020-03-13;-8
2020-03-12;"Banskobystrický kraj";0;0;0;0;NA;84394;0;2020-03-12;-9
2020-03-11;"Banskobystrický kraj";0;0;0;0;NA;84394;0;2020-03-11;-9
2020-03-09;"Banskobystrický kraj";0;0;0;0;NA;84394;0;2020-03-09;-9
2020-03-08;"Banskobystrický kraj";0;0;0;0;NA;84394;0;2020-03-08;-9
2020-03-07;"Banskobystrický kraj";0;0;0;0;NA;84394;0;2020-03-07;-9
2020-03-06;"Banskobystrický kraj";0;0;0;0;NA;84394;0;2020-03-06;-9
2021-09-05;"Bratislavský kraj";10;1045;11;1056;45298;91727;21;2021-09-05;91727
2021-09-04;"Bratislavský kraj";41;2097;7;2104;NA;91727;48;2021-09-04;91706
2021-09-03;"Bratislavský kraj";55;2800;13;2813;NA;91727;68;2021-09-03;91658
2021-09-02;"Bratislavský kraj";35;2342;21;2363;NA;91727;56;2021-09-02;91590
2021-09-01;"Bratislavský kraj";16;887;9;896;NA;91727;25;2021-09-01;91534
2021-08-31;"Bratislavský kraj";28;5122;22;5144;NA;91727;50;2021-08-31;91509
2021-08-30;"Bratislavský kraj";24;2336;13;2349;NA;91727;37;2021-08-30;91459
2021-08-29;"Bratislavský kraj";11;1023;6;1029;NA;91727;17;2021-08-29;91422
2021-08-28;"Bratislavský kraj";24;1707;11;1718;NA;91727;35;2021-08-28;91405
2021-08-27;"Bratislavský kraj";19;2799;9;2808;NA;91727;28;2021-08-27;91370
2021-08-26;"Bratislavský kraj";15;2380;19;2399;NA;91727;34;2021-08-26;91342
2021-08-25;"Bratislavský kraj";29;1888;10;1898;NA;91727;39;2021-08-25;91308
2021-08-24;"Bratislavský kraj";22;1784;4;1788;NA;91727;26;2021-08-24;91269
2021-08-23;"Bratislavský kraj";21;2183;7;2190;NA;91727;28;2021-08-23;91243
2021-08-22;"Bratislavský kraj";5;1383;8;1391;NA;91727;13;2021-08-22;91215
2021-08-21;"Bratislavský kraj";18;1681;4;1685;NA;91727;22;2021-08-21;91202
2021-08-20;"Bratislavský kraj";27;2743;19;2762;NA;91727;46;2021-08-20;91180
2021-08-19;"Bratislavský kraj";15;2122;9;2131;NA;91727;24;2021-08-19;91134
2021-08-18;"Bratislavský kraj";16;1659;11;1670;NA;91727;27;2021-08-18;91110
2021-08-17;"Bratislavský kraj";18;1600;5;1605;NA;91727;23;2021-08-17;91083
2021-08-16;"Bratislavský kraj";18;2468;12;2480;NA;91727;30;2021-08-16;91060
2021-08-15;"Bratislavský kraj";3;1169;6;1175;NA;91727;9;2021-08-15;91030
2021-08-14;"Bratislavský kraj";11;1519;4;1523;NA;91727;15;2021-08-14;91021
2021-08-13;"Bratislavský kraj";32;2628;7;2635;NA;91727;39;2021-08-13;91006
2021-08-12;"Bratislavský kraj";16;1824;9;1833;NA;91727;25;2021-08-12;90967
2021-08-11;"Bratislavský kraj";22;1621;5;1626;NA;91727;27;2021-08-11;90942
2021-08-10;"Bratislavský kraj";15;1624;7;1631;NA;91727;22;2021-08-10;90915
2021-08-09;"Bratislavský kraj";35;1917;9;1926;NA;91727;44;2021-08-09;90893
2021-08-08;"Bratislavský kraj";3;1152;4;1156;NA;91727;7;2021-08-08;90849
2021-08-07;"Bratislavský kraj";6;1572;9;1581;NA;91727;15;2021-08-07;90842
2021-08-06;"Bratislavský kraj";9;2510;10;2520;NA;91727;19;2021-08-06;90827
2021-08-05;"Bratislavský kraj";10;1651;7;1658;NA;91727;17;2021-08-05;90808
2021-08-04;"Bratislavský kraj";9;1578;0;1578;NA;91727;9;2021-08-04;90791
2021-08-03;"Bratislavský kraj";11;1507;5;1512;NA;91727;16;2021-08-03;90782
2021-08-02;"Bratislavský kraj";15;1749;11;1760;NA;91727;26;2021-08-02;90766
2021-08-01;"Bratislavský kraj";4;1224;8;1232;NA;91727;12;2021-08-01;90740
2021-07-31;"Bratislavský kraj";7;1623;2;1625;NA;91727;9;2021-07-31;90728
2021-07-30;"Bratislavský kraj";15;2361;7;2368;NA;91727;22;2021-07-30;90719
2021-07-29;"Bratislavský kraj";19;1790;7;1797;NA;91727;26;2021-07-29;90697
2021-07-28;"Bratislavský kraj";8;1538;11;1549;NA;91727;19;2021-07-28;90671
2021-07-27;"Bratislavský kraj";9;1476;5;1481;NA;91727;14;2021-07-27;90652
2021-07-26;"Bratislavský kraj";17;1806;7;1813;NA;91727;24;2021-07-26;90638
2021-07-25;"Bratislavský kraj";4;1411;2;1413;NA;91727;6;2021-07-25;90614
2021-07-24;"Bratislavský kraj";9;1732;3;1735;NA;91727;12;2021-07-24;90608
2021-07-23;"Bratislavský kraj";6;2400;3;2403;NA;91727;9;2021-07-23;90596
2021-07-22;"Bratislavský kraj";12;1944;6;1950;NA;91727;18;2021-07-22;90587
2021-07-21;"Bratislavský kraj";5;1860;6;1866;NA;91727;11;2021-07-21;90569
2021-07-20;"Bratislavský kraj";19;1550;1;1551;NA;91727;20;2021-07-20;90558
2021-07-19;"Bratislavský kraj";15;2259;3;2262;NA;91727;18;2021-07-19;90538
2021-07-18;"Bratislavský kraj";2;1462;3;1465;NA;91727;5;2021-07-18;90520
2021-07-17;"Bratislavský kraj";3;1870;2;1872;NA;91727;5;2021-07-17;90515
2021-07-16;"Bratislavský kraj";8;2834;4;2838;NA;91727;12;2021-07-16;90510
2021-07-15;"Bratislavský kraj";5;1674;0;1674;NA;91727;5;2021-07-15;90498
2021-07-14;"Bratislavský kraj";5;1895;3;1898;NA;91727;8;2021-07-14;90493
2021-07-13;"Bratislavský kraj";4;1584;4;1588;NA;91727;8;2021-07-13;90485
2021-07-12;"Bratislavský kraj";6;1780;5;1785;NA;91727;11;2021-07-12;90477
2021-07-11;"Bratislavský kraj";3;1896;3;1899;NA;91727;6;2021-07-11;90466
2021-07-10;"Bratislavský kraj";5;2240;3;2243;NA;91727;8;2021-07-10;90460
2021-07-09;"Bratislavský kraj";13;3538;7;3545;NA;91727;20;2021-07-09;90452
2021-07-08;"Bratislavský kraj";9;2433;4;2437;NA;91727;13;2021-07-08;90432
2021-07-07;"Bratislavský kraj";5;2792;4;2796;NA;91727;9;2021-07-07;90419
2021-07-06;"Bratislavský kraj";19;2771;4;2775;NA;91727;23;2021-07-06;90410
2021-07-05;"Bratislavský kraj";5;2455;5;2460;NA;91727;10;2021-07-05;90387
2021-07-04;"Bratislavský kraj";3;1824;2;1826;NA;91727;5;2021-07-04;90377
2021-07-03;"Bratislavský kraj";8;2205;5;2210;NA;91727;13;2021-07-03;90372
2021-07-02;"Bratislavský kraj";4;2227;4;2231;NA;91727;8;2021-07-02;90359
2021-07-01;"Bratislavský kraj";6;1809;5;1814;NA;91727;11;2021-07-01;90351
2021-06-30;"Bratislavský kraj";2;11548;11;11559;NA;91727;13;2021-06-30;90340
2021-06-29;"Bratislavský kraj";5;6831;7;6838;NA;91727;12;2021-06-29;90327
2021-06-28;"Bratislavský kraj";16;6651;24;6675;NA;91727;40;2021-06-28;90315
2021-06-27;"Bratislavský kraj";4;6689;11;6700;NA;91727;15;2021-06-27;90275
2021-06-26;"Bratislavský kraj";3;8741;6;8747;NA;91727;9;2021-06-26;90260
2021-06-25;"Bratislavský kraj";7;10284;15;10299;NA;91727;22;2021-06-25;90251
2021-06-24;"Bratislavský kraj";3;7384;16;7400;NA;91727;19;2021-06-24;90229
2021-06-23;"Bratislavský kraj";4;7346;12;7358;NA;91727;16;2021-06-23;90210
2021-06-22;"Bratislavský kraj";6;7244;10;7254;NA;91727;16;2021-06-22;90194
2021-06-21;"Bratislavský kraj";5;7641;9;7650;NA;91727;14;2021-06-21;90178
2021-06-20;"Bratislavský kraj";0;7369;5;7374;NA;91727;5;2021-06-20;90164
2021-06-19;"Bratislavský kraj";3;9226;4;9230;NA;91727;7;2021-06-19;90159
2021-06-18;"Bratislavský kraj";5;12763;9;12772;NA;91727;14;2021-06-18;90152
2021-06-17;"Bratislavský kraj";3;8625;13;8638;NA;91727;16;2021-06-17;90138
2021-06-16;"Bratislavský kraj";3;7105;4;7109;NA;91727;7;2021-06-16;90122
2021-06-15;"Bratislavský kraj";7;7309;17;7326;NA;91727;24;2021-06-15;90115
2021-06-14;"Bratislavský kraj";4;8231;9;8240;NA;91727;13;2021-06-14;90091
2021-06-13;"Bratislavský kraj";2;8791;11;8802;NA;91727;13;2021-06-13;90078
2021-06-12;"Bratislavský kraj";4;11152;11;11163;NA;91727;15;2021-06-12;90065
2021-06-11;"Bratislavský kraj";9;13644;21;13665;NA;91727;30;2021-06-11;90050
2021-06-10;"Bratislavský kraj";12;8637;15;8652;NA;91727;27;2021-06-10;90020
2021-06-09;"Bratislavský kraj";12;7596;12;7608;NA;91727;24;2021-06-09;89993
2021-06-08;"Bratislavský kraj";13;7907;29;7936;NA;91727;42;2021-06-08;89969
2021-06-07;"Bratislavský kraj";13;9247;43;9290;NA;91727;56;2021-06-07;89927
2021-06-06;"Bratislavský kraj";3;10350;20;10370;NA;91727;23;2021-06-06;89871
2021-06-05;"Bratislavský kraj";2;12692;15;12707;NA;91727;17;2021-06-05;89848
2021-06-04;"Bratislavský kraj";10;13812;31;13843;NA;91727;41;2021-06-04;89831
2021-06-03;"Bratislavský kraj";12;9615;19;9634;NA;91727;31;2021-06-03;89790
2021-06-02;"Bratislavský kraj";10;8684;17;8701;NA;91727;27;2021-06-02;89759
2021-06-01;"Bratislavský kraj";3;8812;25;8837;NA;91727;28;2021-06-01;89732
2021-05-31;"Bratislavský kraj";18;11248;32;11280;NA;91727;50;2021-05-31;89704
2021-05-30;"Bratislavský kraj";1;11758;17;11775;NA;91727;18;2021-05-30;89654
2021-05-29;"Bratislavský kraj";4;12245;8;12253;NA;91727;12;2021-05-29;89636
2021-05-28;"Bratislavský kraj";14;15865;23;15888;NA;91727;37;2021-05-28;89624
2021-05-27;"Bratislavský kraj";5;11321;18;11339;NA;91727;23;2021-05-27;89587
2021-05-26;"Bratislavský kraj";20;10709;17;10726;NA;91727;37;2021-05-26;89564
2021-05-25;"Bratislavský kraj";19;11864;31;11895;NA;91727;50;2021-05-25;89527
2021-05-24;"Bratislavský kraj";12;12965;23;12988;NA;91727;35;2021-05-24;89477
2021-05-23;"Bratislavský kraj";7;13074;24;13098;NA;91727;31;2021-05-23;89442
2021-05-22;"Bratislavský kraj";6;14044;22;14066;NA;91727;28;2021-05-22;89411
2021-05-21;"Bratislavský kraj";15;18996;22;19018;NA;91727;37;2021-05-21;89383
2021-05-20;"Bratislavský kraj";15;14112;17;14129;NA;91727;32;2021-05-20;89346
2021-05-19;"Bratislavský kraj";21;11958;24;11982;NA;91727;45;2021-05-19;89314
2021-05-18;"Bratislavský kraj";14;13005;33;13038;NA;91727;47;2021-05-18;89269
2021-05-17;"Bratislavský kraj";15;13854;29;13883;NA;91727;44;2021-05-17;89222
2021-05-16;"Bratislavský kraj";12;19797;32;19829;NA;91727;44;2021-05-16;89178
2021-05-15;"Bratislavský kraj";1;18113;30;18143;NA;91727;31;2021-05-15;89134
2021-05-14;"Bratislavský kraj";15;22225;30;22255;NA;91727;45;2021-05-14;89103
2021-05-13;"Bratislavský kraj";9;16211;17;16228;NA;91727;26;2021-05-13;89058
2021-05-12;"Bratislavský kraj";11;14638;28;14666;NA;91727;39;2021-05-12;89032
2021-05-11;"Bratislavský kraj";29;16741;32;16773;NA;91727;61;2021-05-11;88993
2021-05-10;"Bratislavský kraj";27;19991;64;20055;NA;91727;91;2021-05-10;88932
2021-05-09;"Bratislavský kraj";9;29358;32;29390;NA;91727;41;2021-05-09;88841
2021-05-08;"Bratislavský kraj";5;19451;24;19475;NA;91727;29;2021-05-08;88800
2021-05-07;"Bratislavský kraj";32;28211;65;28276;NA;91727;97;2021-05-07;88771
2021-05-06;"Bratislavský kraj";19;20079;52;20131;NA;91727;71;2021-05-06;88674
2021-05-05;"Bratislavský kraj";29;15526;31;15557;NA;91727;60;2021-05-05;88603
2021-05-04;"Bratislavský kraj";46;19143;53;19196;NA;91727;99;2021-05-04;88543
2021-05-03;"Bratislavský kraj";37;22322;64;22386;NA;91727;101;2021-05-03;88444
2021-05-02;"Bratislavský kraj";38;43064;75;43139;NA;91727;113;2021-05-02;88343
2021-05-01;"Bratislavský kraj";11;39905;40;39945;NA;91727;51;2021-05-01;88230
2021-04-30;"Bratislavský kraj";43;47403;82;47485;NA;91727;125;2021-04-30;88179
2021-04-29;"Bratislavský kraj";48;30257;96;30353;NA;91727;144;2021-04-29;88054
2021-04-28;"Bratislavský kraj";40;28905;78;28983;NA;91727;118;2021-04-28;87910
2021-04-27;"Bratislavský kraj";41;30168;52;30220;NA;91727;93;2021-04-27;87792
2021-04-26;"Bratislavský kraj";59;34733;97;34830;NA;91727;156;2021-04-26;87699
2021-04-25;"Bratislavský kraj";8;57615;74;57689;NA;91727;82;2021-04-25;87543
2021-04-24;"Bratislavský kraj";28;74858;66;74924;NA;91727;94;2021-04-24;87461
2021-04-23;"Bratislavský kraj";70;48614;62;48676;NA;91727;132;2021-04-23;87367
2021-04-22;"Bratislavský kraj";39;31037;72;31109;NA;91727;111;2021-04-22;87235
2021-04-21;"Bratislavský kraj";48;30442;62;30504;NA;91727;110;2021-04-21;87124
2021-04-20;"Bratislavský kraj";58;35216;63;35279;NA;91727;121;2021-04-20;87014
2021-04-19;"Bratislavský kraj";48;39500;80;39580;NA;91727;128;2021-04-19;86893
2021-04-18;"Bratislavský kraj";35;62300;76;62376;NA;91727;111;2021-04-18;86765
2021-04-17;"Bratislavský kraj";13;80359;111;80470;NA;91727;124;2021-04-17;86654
2021-04-16;"Bratislavský kraj";62;47296;80;47376;NA;91727;142;2021-04-16;86530
2021-04-15;"Bratislavský kraj";34;32176;74;32250;NA;91727;108;2021-04-15;86388
2021-04-14;"Bratislavský kraj";65;33961;88;34049;NA;91727;153;2021-04-14;86280
2021-04-13;"Bratislavský kraj";82;35512;82;35594;NA;91727;164;2021-04-13;86127
2021-04-12;"Bratislavský kraj";77;42286;115;42401;NA;91727;192;2021-04-12;85963
2021-04-11;"Bratislavský kraj";42;61151;123;61274;NA;91727;165;2021-04-11;85771
2021-04-10;"Bratislavský kraj";14;77874;167;78041;NA;91727;181;2021-04-10;85606
2021-04-09;"Bratislavský kraj";72;41556;97;41653;NA;91727;169;2021-04-09;85425
2021-04-08;"Bratislavský kraj";71;28866;95;28961;NA;91727;166;2021-04-08;85256
2021-04-07;"Bratislavský kraj";96;38061;101;38162;NA;91727;197;2021-04-07;85090
2021-04-06;"Bratislavský kraj";94;56204;179;56383;NA;91727;273;2021-04-06;84893
2021-04-05;"Bratislavský kraj";85;18538;85;18623;NA;91727;170;2021-04-05;84620
2021-04-04;"Bratislavský kraj";37;29225;75;29300;NA;91727;112;2021-04-04;84450
2021-04-03;"Bratislavský kraj";52;79865;220;80085;NA;91727;272;2021-04-03;84338
2021-04-02;"Bratislavský kraj";33;23790;104;23894;NA;91727;137;2021-04-02;84066
2021-04-01;"Bratislavský kraj";119;57388;159;57547;NA;91727;278;2021-04-01;83929
2021-03-31;"Bratislavský kraj";105;46371;177;46548;NA;91727;282;2021-03-31;83651
2021-03-30;"Bratislavský kraj";100;39599;144;39743;NA;91727;244;2021-03-30;83369
2021-03-29;"Bratislavský kraj";153;40364;178;40542;NA;91727;331;2021-03-29;83125
2021-03-28;"Bratislavský kraj";59;53372;137;53509;NA;91727;196;2021-03-28;82794
2021-03-27;"Bratislavský kraj";53;79834;240;80074;NA;91727;293;2021-03-27;82598
2021-03-26;"Bratislavský kraj";114;56108;191;56299;NA;91727;305;2021-03-26;82305
2021-03-25;"Bratislavský kraj";76;36859;172;37031;NA;91727;248;2021-03-25;82000
2021-03-24;"Bratislavský kraj";120;30567;201;30768;NA;91727;321;2021-03-24;81752
2021-03-23;"Bratislavský kraj";138;36438;190;36628;NA;91727;328;2021-03-23;81431
2021-03-22;"Bratislavský kraj";110;42756;220;42976;NA;91727;330;2021-03-22;81103
2021-03-21;"Bratislavský kraj";54;61299;212;61511;NA;91727;266;2021-03-21;80773
2021-03-20;"Bratislavský kraj";59;73300;228;73528;NA;91727;287;2021-03-20;80507
2021-03-19;"Bratislavský kraj";139;54576;257;54833;NA;91727;396;2021-03-19;80220
2021-03-18;"Bratislavský kraj";142;34611;192;34803;NA;91727;334;2021-03-18;79824
2021-03-17;"Bratislavský kraj";177;30482;217;30699;NA;91727;394;2021-03-17;79490
2021-03-16;"Bratislavský kraj";258;36798;287;37085;NA;91727;545;2021-03-16;79096
2021-03-15;"Bratislavský kraj";180;38226;255;38481;NA;91727;435;2021-03-15;78551
2021-03-14;"Bratislavský kraj";75;52611;275;52886;NA;91727;350;2021-03-14;78116
2021-03-13;"Bratislavský kraj";110;81405;341;81746;NA;91727;451;2021-03-13;77766
2021-03-12;"Bratislavský kraj";152;55233;312;55545;NA;91727;464;2021-03-12;77315
2021-03-11;"Bratislavský kraj";178;34678;286;34964;NA;91727;464;2021-03-11;76851
2021-03-10;"Bratislavský kraj";164;31061;280;31341;NA;91727;444;2021-03-10;76387
2021-03-09;"Bratislavský kraj";242;37687;267;37954;NA;91727;509;2021-03-09;75943
2021-03-08;"Bratislavský kraj";255;41199;348;41547;NA;91727;603;2021-03-08;75434
2021-03-07;"Bratislavský kraj";142;52812;301;53113;NA;91727;443;2021-03-07;74831
2021-03-06;"Bratislavský kraj";79;71821;415;72236;NA;91727;494;2021-03-06;74388
2021-03-05;"Bratislavský kraj";238;50840;294;51134;NA;91727;532;2021-03-05;73894
2021-03-04;"Bratislavský kraj";204;34544;344;34888;NA;91727;548;2021-03-04;73362
2021-03-03;"Bratislavský kraj";250;30527;364;30891;NA;91727;614;2021-03-03;72814
2021-03-02;"Bratislavský kraj";267;39735;388;40123;NA;91727;655;2021-03-02;72200
2021-03-01;"Bratislavský kraj";320;38222;432;38654;NA;91727;752;2021-03-01;71545
2021-02-28;"Bratislavský kraj";184;50323;323;50646;NA;91727;507;2021-02-28;70793
2021-02-27;"Bratislavský kraj";151;76580;464;77044;NA;91727;615;2021-02-27;70286
2021-02-26;"Bratislavský kraj";277;47326;401;47727;NA;91727;678;2021-02-26;69671
2021-02-25;"Bratislavský kraj";277;28769;405;29174;NA;91727;682;2021-02-25;68993
2021-02-24;"Bratislavský kraj";217;27095;412;27507;NA;91727;629;2021-02-24;68311
2021-02-23;"Bratislavský kraj";257;31297;395;31692;NA;91727;652;2021-02-23;67682
2021-02-22;"Bratislavský kraj";353;36607;483;37090;NA;91727;836;2021-02-22;67030
2021-02-21;"Bratislavský kraj";185;54150;396;54546;NA;91727;581;2021-02-21;66194
2021-02-20;"Bratislavský kraj";167;74814;550;75364;NA;91727;717;2021-02-20;65613
2021-02-19;"Bratislavský kraj";280;44882;416;45298;NA;91727;696;2021-02-19;64896
2021-02-18;"Bratislavský kraj";263;26379;371;26750;NA;91727;634;2021-02-18;64200
2021-02-17;"Bratislavský kraj";264;22820;316;23136;NA;91727;580;2021-02-17;63566
2021-02-16;"Bratislavský kraj";289;28262;352;28614;NA;91727;641;2021-02-16;62986
2021-02-15;"Bratislavský kraj";248;36893;396;37289;NA;91727;644;2021-02-15;62345
2021-02-14;"Bratislavský kraj";153;47948;323;48271;NA;91727;476;2021-02-14;61701
2021-02-13;"Bratislavský kraj";173;68589;515;69104;NA;91727;688;2021-02-13;61225
2021-02-12;"Bratislavský kraj";282;35729;327;36056;NA;91727;609;2021-02-12;60537
2021-02-11;"Bratislavský kraj";337;24565;285;24850;NA;91727;622;2021-02-11;59928
2021-02-10;"Bratislavský kraj";314;22944;356;23300;NA;91727;670;2021-02-10;59306
2021-02-09;"Bratislavský kraj";288;36565;454;37019;NA;91727;742;2021-02-09;58636
2021-02-08;"Bratislavský kraj";484;31896;397;32293;NA;91727;881;2021-02-08;57894
2021-02-07;"Bratislavský kraj";243;51290;425;51715;NA;91727;668;2021-02-07;57013
2021-02-06;"Bratislavský kraj";116;61682;501;62183;NA;91727;617;2021-02-06;56345
2021-02-05;"Bratislavský kraj";327;27033;375;27408;NA;91727;702;2021-02-05;55728
2021-02-04;"Bratislavský kraj";555;17260;348;17608;NA;91727;903;2021-02-04;55026
2021-02-03;"Bratislavský kraj";161;13020;352;13372;NA;91727;513;2021-02-03;54123
2021-02-02;"Bratislavský kraj";397;25947;480;26427;NA;91727;877;2021-02-02;53610
2021-02-01;"Bratislavský kraj";221;35541;513;36054;NA;91727;734;2021-02-01;52733
2021-01-31;"Bratislavský kraj";180;35693;425;36118;NA;91727;605;2021-01-31;51999
2021-01-30;"Bratislavský kraj";310;49588;521;50109;NA;91727;831;2021-01-30;51394
2021-01-29;"Bratislavský kraj";344;16568;344;16912;NA;91727;688;2021-01-29;50563
2021-01-28;"Bratislavský kraj";307;10715;297;11012;NA;91727;604;2021-01-28;49875
2021-01-27;"Bratislavský kraj";336;22222;345;22567;NA;91727;681;2021-01-27;49271
2021-01-26;"Bratislavský kraj";297;21894;300;22194;NA;91727;597;2021-01-26;48590
2021-01-25;"Bratislavský kraj";356;23335;249;23584;NA;91727;605;2021-01-25;47993
2021-01-24;"Bratislavský kraj";175;37903;404;38307;NA;91727;579;2021-01-24;47388
2021-01-23;"Bratislavský kraj";396;79453;690;80143;NA;91727;1086;2021-01-23;46809
2021-01-22;"Bratislavský kraj";199;42055;365;42420;NA;91727;564;2021-01-22;45723
2021-01-21;"Bratislavský kraj";255;105746;1317;107063;NA;91727;1572;2021-01-21;45159
2021-01-20;"Bratislavský kraj";360;27289;452;27741;NA;91727;812;2021-01-20;43587
2021-01-19;"Bratislavský kraj";375;15318;346;15664;NA;91727;721;2021-01-19;42775
2021-01-18;"Bratislavský kraj";357;12533;707;13240;NA;91727;1064;2021-01-18;42054
2021-01-17;"Bratislavský kraj";244;482;26;508;NA;91727;270;2021-01-17;40990
2021-01-16;"Bratislavský kraj";70;3016;156;3172;NA;91727;226;2021-01-16;40720
2021-01-15;"Bratislavský kraj";251;7896;256;8152;NA;91727;507;2021-01-15;40494
2021-01-14;"Bratislavský kraj";363;8523;273;8796;NA;91727;636;2021-01-14;39987
2021-01-13;"Bratislavský kraj";336;8490;327;8817;NA;91727;663;2021-01-13;39351
2021-01-12;"Bratislavský kraj";450;10509;455;10964;NA;91727;905;2021-01-12;38688
2021-01-11;"Bratislavský kraj";397;19863;364;20227;NA;91727;761;2021-01-11;37783
2021-01-10;"Bratislavský kraj";252;1507;79;1586;NA;91727;331;2021-01-10;37022
2021-01-09;"Bratislavský kraj";351;4721;277;4998;NA;91727;628;2021-01-09;36691
2021-01-08;"Bratislavský kraj";556;10045;436;10481;NA;91727;992;2021-01-08;36063
2021-01-07;"Bratislavský kraj";537;6872;352;7224;NA;91727;889;2021-01-07;35071
2021-01-06;"Bratislavský kraj";271;3329;216;3545;NA;91727;487;2021-01-06;34182
2021-01-05;"Bratislavský kraj";619;10635;814;11449;NA;91727;1433;2021-01-05;33695
2021-01-04;"Bratislavský kraj";601;8226;538;8764;NA;91727;1139;2021-01-04;32262
2021-01-03;"Bratislavský kraj";77;433;41;474;NA;91727;118;2021-01-03;31123
2021-01-02;"Bratislavský kraj";185;462;57;519;NA;91727;242;2021-01-02;31005
2021-01-01;"Bratislavský kraj";235;3277;131;3408;NA;91727;366;2021-01-01;30763
2020-12-31;"Bratislavský kraj";925;14135;519;14654;NA;91727;1444;2020-12-31;30397
2020-12-30;"Bratislavský kraj";650;9164;533;9697;NA;91727;1183;2020-12-30;28953
2020-12-29;"Bratislavský kraj";303;10108;699;10807;NA;91727;1002;2020-12-29;27770
2020-12-28;"Bratislavský kraj";255;7784;473;8257;NA;91727;728;2020-12-28;26768
2020-12-27;"Bratislavský kraj";160;709;76;785;NA;91727;236;2020-12-27;26040
2020-12-26;"Bratislavský kraj";75;480;27;507;NA;91727;102;2020-12-26;25804
2020-12-25;"Bratislavský kraj";114;503;38;541;NA;91727;152;2020-12-25;25702
2020-12-24;"Bratislavský kraj";536;3367;104;3471;NA;91727;640;2020-12-24;25550
2020-12-23;"Bratislavský kraj";416;12590;447;13037;NA;91727;863;2020-12-23;24910
2020-12-22;"Bratislavský kraj";327;14587;699;15286;NA;91727;1026;2020-12-22;24047
2020-12-21;"Bratislavský kraj";392;14972;1946;16918;NA;91727;2338;2020-12-21;23021
2020-12-20;"Bratislavský kraj";180;797;57;854;NA;91727;237;2020-12-20;20683
2020-12-19;"Bratislavský kraj";396;3314;130;3444;NA;91727;526;2020-12-19;20446
2020-12-18;"Bratislavský kraj";306;9938;345;10283;NA;91727;651;2020-12-18;19920
2020-12-17;"Bratislavský kraj";502;9739;386;10125;NA;91727;888;2020-12-17;19269
2020-12-16;"Bratislavský kraj";282;10201;418;10619;NA;91727;700;2020-12-16;18381
2020-12-15;"Bratislavský kraj";423;10450;454;10904;NA;91727;877;2020-12-15;17681
2020-12-14;"Bratislavský kraj";279;6793;261;7054;NA;91727;540;2020-12-14;16804
2020-12-13;"Bratislavský kraj";125;139;10;149;NA;91727;135;2020-12-13;16264
2020-12-12;"Bratislavský kraj";361;3886;157;4043;NA;91727;518;2020-12-12;16129
2020-12-11;"Bratislavský kraj";326;6824;235;7059;NA;91727;561;2020-12-11;15611
2020-12-10;"Bratislavský kraj";286;5279;166;5445;NA;91727;452;2020-12-10;15050
2020-12-09;"Bratislavský kraj";382;4778;177;4955;NA;91727;559;2020-12-09;14598
2020-12-08;"Bratislavský kraj";234;6243;207;6450;NA;91727;441;2020-12-08;14039
2020-12-07;"Bratislavský kraj";272;4639;152;4791;NA;91727;424;2020-12-07;13598
2020-12-06;"Bratislavský kraj";61;1625;52;1677;NA;91727;113;2020-12-06;13174
2020-12-05;"Bratislavský kraj";266;2221;41;2262;NA;91727;307;2020-12-05;13061
2020-12-04;"Bratislavský kraj";200;4954;99;5053;NA;91727;299;2020-12-04;12754
2020-12-03;"Bratislavský kraj";213;5672;95;5767;NA;91727;308;2020-12-03;12455
2020-12-02;"Bratislavský kraj";205;3462;103;3565;NA;91727;308;2020-12-02;12147
2020-12-01;"Bratislavský kraj";255;3889;172;4061;NA;91727;427;2020-12-01;11839
2020-11-30;"Bratislavský kraj";152;2153;121;2274;NA;91727;273;2020-11-30;11412
2020-11-29;"Bratislavský kraj";52;201;24;225;NA;91727;76;2020-11-29;11139
2020-11-28;"Bratislavský kraj";232;2624;33;2657;NA;91727;265;2020-11-28;11063
2020-11-27;"Bratislavský kraj";54;2540;64;2604;NA;91727;118;2020-11-27;10798
2020-11-26;"Bratislavský kraj";129;1976;60;2036;NA;91727;189;2020-11-26;10680
2020-11-25;"Bratislavský kraj";140;1770;47;1817;NA;91727;187;2020-11-25;10491
2020-11-24;"Bratislavský kraj";81;2988;67;3055;NA;91727;148;2020-11-24;10304
2020-11-23;"Bratislavský kraj";67;7083;58;7141;NA;91727;125;2020-11-23;10156
2020-11-22;"Bratislavský kraj";36;81;7;88;NA;91727;43;2020-11-22;10031
2020-11-21;"Bratislavský kraj";109;2126;47;2173;NA;91727;156;2020-11-21;9988
2020-11-20;"Bratislavský kraj";118;2876;48;2924;NA;91727;166;2020-11-20;9832
2020-11-19;"Bratislavský kraj";173;987;29;1016;NA;91727;202;2020-11-19;9666
2020-11-18;"Bratislavský kraj";118;616;75;691;NA;91727;193;2020-11-18;9464
2020-11-17;"Bratislavský kraj";108;928;23;951;NA;91727;131;2020-11-17;9271
2020-11-16;"Bratislavský kraj";82;651;9;660;NA;91727;91;2020-11-16;9140
2020-11-15;"Bratislavský kraj";47;236;0;236;NA;91727;47;2020-11-15;9049
2020-11-14;"Bratislavský kraj";53;1834;15;1849;NA;91727;68;2020-11-14;9002
2020-11-13;"Bratislavský kraj";94;2096;21;2117;NA;91727;115;2020-11-13;8934
2020-11-12;"Bratislavský kraj";141;1727;6;1733;NA;91727;147;2020-11-12;8819
2020-11-11;"Bratislavský kraj";159;1429;12;1441;NA;91727;171;2020-11-11;8672
2020-11-10;"Bratislavský kraj";136;805;14;819;NA;91727;150;2020-11-10;8501
2020-11-09;"Bratislavský kraj";70;616;8;624;NA;91727;78;2020-11-09;8351
2020-11-08;"Bratislavský kraj";82;869;6;875;NA;91727;88;2020-11-08;8273
2020-11-07;"Bratislavský kraj";88;4039;17;4056;NA;91727;105;2020-11-07;8185
2020-11-06;"Bratislavský kraj";281;6441;25;6466;NA;91727;306;2020-11-06;8080
2020-11-05;"Bratislavský kraj";175;476;11;487;NA;91727;186;2020-11-05;7774
2020-11-04;"Bratislavský kraj";65;411;10;421;NA;91727;75;2020-11-04;7588
2020-11-03;"Bratislavský kraj";251;1085;12;1097;NA;91727;263;2020-11-03;7513
2020-11-02;"Bratislavský kraj";202;3365;22;3387;NA;91727;224;2020-11-02;7250
2020-11-01;"Bratislavský kraj";227;8694;39;8733;NA;91727;266;2020-11-01;7026
2020-10-31;"Bratislavský kraj";173;22407;123;22530;NA;91727;296;2020-10-31;6760
2020-10-30;"Bratislavský kraj";158;17350;138;17488;NA;91727;296;2020-10-30;6464
2020-10-29;"Bratislavský kraj";262;116;4;120;NA;91727;266;2020-10-29;6168
2020-10-28;"Bratislavský kraj";220;260;15;275;NA;91727;235;2020-10-28;5902
2020-10-27;"Bratislavský kraj";256;145;4;149;NA;91727;260;2020-10-27;5667
2020-10-26;"Bratislavský kraj";123;229;11;240;NA;91727;134;2020-10-26;5407
2020-10-25;"Bratislavský kraj";152;33;2;35;NA;91727;154;2020-10-25;5273
2020-10-24;"Bratislavský kraj";170;221;6;227;NA;91727;176;2020-10-24;5119
2020-10-23;"Bratislavský kraj";151;144;8;152;NA;91727;159;2020-10-23;4943
2020-10-22;"Bratislavský kraj";192;204;15;219;NA;91727;207;2020-10-22;4784
2020-10-21;"Bratislavský kraj";66;90;6;96;NA;91727;72;2020-10-21;4577
2020-10-20;"Bratislavský kraj";183;97;4;101;NA;91727;187;2020-10-20;4505
2020-10-19;"Bratislavský kraj";148;80;3;83;NA;91727;151;2020-10-19;4318
2020-10-18;"Bratislavský kraj";75;92;0;92;NA;91727;75;2020-10-18;4167
2020-10-17;"Bratislavský kraj";136;0;0;0;NA;91727;136;2020-10-17;4092
2020-10-16;"Bratislavský kraj";103;14;1;15;NA;91727;104;2020-10-16;3956
2020-10-15;"Bratislavský kraj";135;6;1;7;NA;91727;136;2020-10-15;3852
2020-10-14;"Bratislavský kraj";127;4;0;4;NA;91727;127;2020-10-14;3716
2020-10-13;"Bratislavský kraj";86;108;8;116;NA;91727;94;2020-10-13;3589
2020-10-12;"Bratislavský kraj";46;0;0;0;NA;91727;46;2020-10-12;3495
2020-10-11;"Bratislavský kraj";80;0;0;0;NA;91727;80;2020-10-11;3449
2020-10-10;"Bratislavský kraj";55;0;0;0;NA;91727;55;2020-10-10;3369
2020-10-09;"Bratislavský kraj";148;0;0;0;NA;91727;148;2020-10-09;3314
2020-10-08;"Bratislavský kraj";100;0;0;0;NA;91727;100;2020-10-08;3166
2020-10-07;"Bratislavský kraj";107;0;0;0;NA;91727;107;2020-10-07;3066
2020-10-06;"Bratislavský kraj";108;0;0;0;NA;91727;108;2020-10-06;2959
2020-10-05;"Bratislavský kraj";30;0;0;0;NA;91727;30;2020-10-05;2851
2020-10-04;"Bratislavský kraj";49;0;0;0;NA;91727;49;2020-10-04;2821
2020-10-03;"Bratislavský kraj";82;0;0;0;NA;91727;82;2020-10-03;2772
2020-10-02;"Bratislavský kraj";101;0;0;0;NA;91727;101;2020-10-02;2690
2020-10-01;"Bratislavský kraj";72;0;0;0;NA;91727;72;2020-10-01;2589
2020-09-30;"Bratislavský kraj";91;0;0;0;NA;91727;91;2020-09-30;2517
2020-09-29;"Bratislavský kraj";74;0;0;0;NA;91727;74;2020-09-29;2426
2020-09-28;"Bratislavský kraj";29;0;0;0;NA;91727;29;2020-09-28;2352
2020-09-27;"Bratislavský kraj";48;0;0;0;NA;91727;48;2020-09-27;2323
2020-09-26;"Bratislavský kraj";86;0;0;0;NA;91727;86;2020-09-26;2275
2020-09-25;"Bratislavský kraj";97;0;0;0;NA;91727;97;2020-09-25;2189
2020-09-24;"Bratislavský kraj";73;0;0;0;NA;91727;73;2020-09-24;2092
2020-09-23;"Bratislavský kraj";55;0;0;0;NA;91727;55;2020-09-23;2019
2020-09-22;"Bratislavský kraj";81;0;0;0;NA;91727;81;2020-09-22;1964
2020-09-21;"Bratislavský kraj";32;0;0;0;NA;91727;32;2020-09-21;1883
2020-09-20;"Bratislavský kraj";25;0;0;0;NA;91727;25;2020-09-20;1851
2020-09-19;"Bratislavský kraj";59;0;0;0;NA;91727;59;2020-09-19;1826
2020-09-18;"Bratislavský kraj";42;0;0;0;NA;91727;42;2020-09-18;1767
2020-09-17;"Bratislavský kraj";52;0;0;0;NA;91727;52;2020-09-17;1725
2020-09-16;"Bratislavský kraj";32;0;0;0;NA;91727;32;2020-09-16;1673
2020-09-15;"Bratislavský kraj";26;0;0;0;NA;91727;26;2020-09-15;1641
2020-09-14;"Bratislavský kraj";24;0;0;0;NA;91727;24;2020-09-14;1615
2020-09-13;"Bratislavský kraj";11;0;0;0;NA;91727;11;2020-09-13;1591
2020-09-12;"Bratislavský kraj";24;0;0;0;NA;91727;24;2020-09-12;1580
2020-09-11;"Bratislavský kraj";50;0;0;0;NA;91727;50;2020-09-11;1556
2020-09-10;"Bratislavský kraj";47;0;0;0;NA;91727;47;2020-09-10;1506
2020-09-09;"Bratislavský kraj";40;0;0;0;NA;91727;40;2020-09-09;1459
2020-09-08;"Bratislavský kraj";58;0;0;0;NA;91727;58;2020-09-08;1419
2020-09-07;"Bratislavský kraj";39;0;0;0;NA;91727;39;2020-09-07;1361
2020-09-06;"Bratislavský kraj";11;0;0;0;NA;91727;11;2020-09-06;1322
2020-09-05;"Bratislavský kraj";37;0;0;0;NA;91727;37;2020-09-05;1311
2020-09-04;"Bratislavský kraj";87;0;0;0;NA;91727;87;2020-09-04;1274
2020-09-03;"Bratislavský kraj";51;0;0;0;NA;91727;51;2020-09-03;1187
2020-09-02;"Bratislavský kraj";50;0;0;0;NA;91727;50;2020-09-02;1136
2020-09-01;"Bratislavský kraj";16;0;0;0;NA;91727;16;2020-09-01;1086
2020-08-31;"Bratislavský kraj";19;0;0;0;NA;91727;19;2020-08-31;1070
2020-08-30;"Bratislavský kraj";9;0;0;0;NA;91727;9;2020-08-30;1051
2020-08-29;"Bratislavský kraj";12;0;0;0;NA;91727;12;2020-08-29;1042
2020-08-28;"Bratislavský kraj";35;0;0;0;NA;91727;35;2020-08-28;1030
2020-08-27;"Bratislavský kraj";33;0;0;0;NA;91727;33;2020-08-27;995
2020-08-26;"Bratislavský kraj";27;0;0;0;NA;91727;27;2020-08-26;962
2020-08-25;"Bratislavský kraj";29;0;0;0;NA;91727;29;2020-08-25;935
2020-08-24;"Bratislavský kraj";6;0;0;0;NA;91727;6;2020-08-24;906
2020-08-23;"Bratislavský kraj";45;0;0;0;NA;91727;45;2020-08-23;900
2020-08-22;"Bratislavský kraj";13;0;0;0;NA;91727;13;2020-08-22;855
2020-08-21;"Bratislavský kraj";46;0;0;0;NA;91727;46;2020-08-21;842
2020-08-20;"Bratislavský kraj";41;0;0;0;NA;91727;41;2020-08-20;796
2020-08-19;"Bratislavský kraj";27;0;0;0;NA;91727;27;2020-08-19;755
2020-08-18;"Bratislavský kraj";47;0;0;0;NA;91727;47;2020-08-18;728
2020-08-17;"Bratislavský kraj";2;0;0;0;NA;91727;2;2020-08-17;681
2020-08-16;"Bratislavský kraj";3;0;0;0;NA;91727;3;2020-08-16;679
2020-08-15;"Bratislavský kraj";18;0;0;0;NA;91727;18;2020-08-15;676
2020-08-14;"Bratislavský kraj";16;0;0;0;NA;91727;16;2020-08-14;658
2020-08-13;"Bratislavský kraj";12;0;0;0;NA;91727;12;2020-08-13;642
2020-08-12;"Bratislavský kraj";10;0;0;0;NA;91727;10;2020-08-12;630
2020-08-11;"Bratislavský kraj";23;0;0;0;NA;91727;23;2020-08-11;620
2020-08-10;"Bratislavský kraj";2;0;0;0;NA;91727;2;2020-08-10;597
2020-08-09;"Bratislavský kraj";2;0;0;0;NA;91727;2;2020-08-09;595
2020-08-08;"Bratislavský kraj";1;0;0;0;NA;91727;1;2020-08-08;593
2020-08-07;"Bratislavský kraj";9;0;0;0;NA;91727;9;2020-08-07;592
2020-08-06;"Bratislavský kraj";15;0;0;0;NA;91727;15;2020-08-06;583
2020-08-05;"Bratislavský kraj";11;0;0;0;NA;91727;11;2020-08-05;568
2020-08-04;"Bratislavský kraj";21;0;0;0;NA;91727;21;2020-08-04;557
2020-08-03;"Bratislavský kraj";7;0;0;0;NA;91727;7;2020-08-03;536
2020-08-02;"Bratislavský kraj";0;0;0;0;NA;91727;0;2020-08-02;529
2020-08-01;"Bratislavský kraj";0;0;0;0;NA;91727;0;2020-08-01;529
2020-07-31;"Bratislavský kraj";14;0;0;0;NA;91727;14;2020-07-31;529
2020-07-30;"Bratislavský kraj";6;0;0;0;NA;91727;6;2020-07-30;515
2020-07-29;"Bratislavský kraj";7;0;0;0;NA;91727;7;2020-07-29;509
2020-07-28;"Bratislavský kraj";14;0;0;0;NA;91727;14;2020-07-28;502
2020-07-27;"Bratislavský kraj";3;0;0;0;NA;91727;3;2020-07-27;488
2020-07-26;"Bratislavský kraj";0;0;0;0;NA;91727;0;2020-07-26;485
2020-07-25;"Bratislavský kraj";8;0;0;0;NA;91727;8;2020-07-25;485
2020-07-24;"Bratislavský kraj";2;0;0;0;NA;91727;2;2020-07-24;477
2020-07-23;"Bratislavský kraj";8;0;0;0;NA;91727;8;2020-07-23;475
2020-07-22;"Bratislavský kraj";11;0;0;0;NA;91727;11;2020-07-22;467
2020-07-21;"Bratislavský kraj";8;0;0;0;NA;91727;8;2020-07-21;456
2020-07-20;"Bratislavský kraj";12;0;0;0;NA;91727;12;2020-07-20;448
2020-07-19;"Bratislavský kraj";0;0;0;0;NA;91727;0;2020-07-19;436
2020-07-18;"Bratislavský kraj";2;0;0;0;NA;91727;2;2020-07-18;436
2020-07-17;"Bratislavský kraj";2;0;0;0;NA;91727;2;2020-07-17;434
2020-07-16;"Bratislavský kraj";6;0;0;0;NA;91727;6;2020-07-16;432
2020-07-15;"Bratislavský kraj";3;0;0;0;NA;91727;3;2020-07-15;426
2020-07-14;"Bratislavský kraj";2;0;0;0;NA;91727;2;2020-07-14;423
2020-07-13;"Bratislavský kraj";2;0;0;0;NA;91727;2;2020-07-13;421
2020-07-12;"Bratislavský kraj";0;0;0;0;NA;91727;0;2020-07-12;419
2020-07-11;"Bratislavský kraj";0;0;0;0;NA;91727;0;2020-07-11;419
2020-07-10;"Bratislavský kraj";8;0;0;0;NA;91727;8;2020-07-10;419
2020-07-09;"Bratislavský kraj";2;0;0;0;NA;91727;2;2020-07-09;411
2020-07-08;"Bratislavský kraj";11;0;0;0;NA;91727;11;2020-07-08;409
2020-07-07;"Bratislavský kraj";5;0;0;0;NA;91727;5;2020-07-07;398
2020-07-06;"Bratislavský kraj";1;0;0;0;NA;91727;1;2020-07-06;393
2020-07-05;"Bratislavský kraj";0;0;0;0;NA;91727;0;2020-07-05;392
2020-07-04;"Bratislavský kraj";3;0;0;0;NA;91727;3;2020-07-04;392
2020-07-03;"Bratislavský kraj";1;0;0;0;NA;91727;1;2020-07-03;389
2020-07-02;"Bratislavský kraj";0;0;0;0;NA;91727;0;2020-07-02;388
2020-07-01;"Bratislavský kraj";7;0;0;0;NA;91727;7;2020-07-01;388
2020-06-30;"Bratislavský kraj";3;0;0;0;NA;91727;3;2020-06-30;381
2020-06-29;"Bratislavský kraj";1;0;0;0;NA;91727;1;2020-06-29;378
2020-06-28;"Bratislavský kraj";0;0;0;0;NA;91727;0;2020-06-28;377
2020-06-27;"Bratislavský kraj";1;0;0;0;NA;91727;1;2020-06-27;377
2020-06-26;"Bratislavský kraj";6;0;0;0;NA;91727;6;2020-06-26;376
2020-06-25;"Bratislavský kraj";0;0;0;0;NA;91727;0;2020-06-25;370
2020-06-24;"Bratislavský kraj";3;0;0;0;NA;91727;3;2020-06-24;370
2020-06-23;"Bratislavský kraj";0;0;0;0;NA;91727;0;2020-06-23;367
2020-06-22;"Bratislavský kraj";1;0;0;0;NA;91727;1;2020-06-22;367
2020-06-21;"Bratislavský kraj";0;0;0;0;NA;91727;0;2020-06-21;366
2020-06-20;"Bratislavský kraj";0;0;0;0;NA;91727;0;2020-06-20;366
2020-06-19;"Bratislavský kraj";3;0;0;0;NA;91727;3;2020-06-19;366
2020-06-18;"Bratislavský kraj";0;0;0;0;NA;91727;0;2020-06-18;363
2020-06-17;"Bratislavský kraj";0;0;0;0;NA;91727;0;2020-06-17;363
2020-06-16;"Bratislavský kraj";0;0;0;0;NA;91727;0;2020-06-16;363
2020-06-14;"Bratislavský kraj";2;0;0;0;NA;91727;2;2020-06-14;363
2020-06-13;"Bratislavský kraj";1;0;0;0;NA;91727;1;2020-06-13;361
2020-06-12;"Bratislavský kraj";2;0;0;0;NA;91727;2;2020-06-12;360
2020-06-11;"Bratislavský kraj";0;0;0;0;NA;91727;0;2020-06-11;358
2020-06-10;"Bratislavský kraj";0;0;0;0;NA;91727;0;2020-06-10;358
2020-06-09;"Bratislavský kraj";0;0;0;0;NA;91727;0;2020-06-09;358
2020-06-08;"Bratislavský kraj";1;0;0;0;NA;91727;1;2020-06-08;358
2020-06-07;"Bratislavský kraj";0;0;0;0;NA;91727;0;2020-06-07;357
2020-06-05;"Bratislavský kraj";0;0;0;0;NA;91727;0;2020-06-05;357
2020-06-03;"Bratislavský kraj";1;0;0;0;NA;91727;1;2020-06-03;357
2020-06-02;"Bratislavský kraj";0;0;0;0;NA;91727;0;2020-06-02;356
2020-05-31;"Bratislavský kraj";0;0;0;0;NA;91727;0;2020-05-31;356
2020-05-29;"Bratislavský kraj";0;0;0;0;NA;91727;0;2020-05-29;356
2020-05-27;"Bratislavský kraj";1;0;0;0;NA;91727;1;2020-05-27;356
2020-05-26;"Bratislavský kraj";0;0;0;0;NA;91727;0;2020-05-26;355
2020-05-25;"Bratislavský kraj";0;0;0;0;NA;91727;0;2020-05-25;355
2020-05-24;"Bratislavský kraj";0;0;0;0;NA;91727;0;2020-05-24;355
2020-05-23;"Bratislavský kraj";2;0;0;0;NA;91727;2;2020-05-23;355
2020-05-22;"Bratislavský kraj";0;0;0;0;NA;91727;0;2020-05-22;353
2020-05-21;"Bratislavský kraj";0;0;0;0;NA;91727;0;2020-05-21;353
2020-05-20;"Bratislavský kraj";0;0;0;0;NA;91727;0;2020-05-20;353
2020-05-19;"Bratislavský kraj";0;0;0;0;NA;91727;0;2020-05-19;353
2020-05-17;"Bratislavský kraj";0;0;0;0;NA;91727;0;2020-05-17;353
2020-05-16;"Bratislavský kraj";0;0;0;0;NA;91727;0;2020-05-16;353
2020-05-15;"Bratislavský kraj";0;0;0;0;NA;91727;0;2020-05-15;353
2020-05-14;"Bratislavský kraj";0;0;0;0;NA;91727;0;2020-05-14;353
2020-05-13;"Bratislavský kraj";0;0;0;0;NA;91727;0;2020-05-13;353
2020-05-12;"Bratislavský kraj";2;0;0;0;NA;91727;2;2020-05-12;353
2020-05-11;"Bratislavský kraj";0;0;0;0;NA;91727;0;2020-05-11;351
2020-05-09;"Bratislavský kraj";0;0;0;0;NA;91727;0;2020-05-09;351
2020-05-07;"Bratislavský kraj";1;0;0;0;NA;91727;1;2020-05-07;351
2020-05-06;"Bratislavský kraj";3;0;0;0;NA;91727;3;2020-05-06;350
2020-05-05;"Bratislavský kraj";0;0;0;0;NA;91727;0;2020-05-05;347
2020-05-04;"Bratislavský kraj";0;0;0;0;NA;91727;0;2020-05-04;347
2020-05-03;"Bratislavský kraj";2;0;0;0;NA;91727;2;2020-05-03;347
2020-05-02;"Bratislavský kraj";0;0;0;0;NA;91727;0;2020-05-02;345
2020-05-01;"Bratislavský kraj";0;0;0;0;NA;91727;0;2020-05-01;345
2020-04-30;"Bratislavský kraj";5;0;0;0;NA;91727;5;2020-04-30;345
2020-04-29;"Bratislavský kraj";0;0;0;0;NA;91727;0;2020-04-29;340
2020-04-28;"Bratislavský kraj";2;0;0;0;NA;91727;2;2020-04-28;340
2020-04-27;"Bratislavský kraj";0;0;0;0;NA;91727;0;2020-04-27;338
2020-04-26;"Bratislavský kraj";1;0;0;0;NA;91727;1;2020-04-26;338
2020-04-25;"Bratislavský kraj";0;0;0;0;NA;91727;0;2020-04-25;337
2020-04-24;"Bratislavský kraj";2;0;0;0;NA;91727;2;2020-04-24;337
2020-04-23;"Bratislavský kraj";6;0;0;0;NA;91727;6;2020-04-23;335
2020-04-22;"Bratislavský kraj";11;0;0;0;NA;91727;11;2020-04-22;329
2020-04-21;"Bratislavský kraj";4;0;0;0;NA;91727;4;2020-04-21;318
2020-04-20;"Bratislavský kraj";0;0;0;0;NA;91727;0;2020-04-20;314
2020-04-19;"Bratislavský kraj";4;0;0;0;NA;91727;4;2020-04-19;314
2020-04-18;"Bratislavský kraj";5;0;0;0;NA;91727;5;2020-04-18;310
2020-04-17;"Bratislavský kraj";6;0;0;0;NA;91727;6;2020-04-17;305
2020-04-16;"Bratislavský kraj";15;0;0;0;NA;91727;15;2020-04-16;299
2020-04-15;"Bratislavský kraj";11;0;0;0;NA;91727;11;2020-04-15;284
2020-04-14;"Bratislavský kraj";19;0;0;0;NA;91727;19;2020-04-14;273
2020-04-13;"Bratislavský kraj";53;0;0;0;NA;91727;53;2020-04-13;254
2020-04-12;"Bratislavský kraj";3;0;0;0;NA;91727;3;2020-04-12;201
2020-04-11;"Bratislavský kraj";1;0;0;0;NA;91727;1;2020-04-11;198
2020-04-10;"Bratislavský kraj";8;0;0;0;NA;91727;8;2020-04-10;197
2020-04-09;"Bratislavský kraj";3;0;0;0;NA;91727;3;2020-04-09;189
2020-04-08;"Bratislavský kraj";3;0;0;0;NA;91727;3;2020-04-08;186
2020-04-07;"Bratislavský kraj";24;0;0;0;NA;91727;24;2020-04-07;183
2020-04-06;"Bratislavský kraj";5;0;0;0;NA;91727;5;2020-04-06;159
2020-04-05;"Bratislavský kraj";6;0;0;0;NA;91727;6;2020-04-05;154
2020-04-04;"Bratislavský kraj";2;0;0;0;NA;91727;2;2020-04-04;148
2020-04-03;"Bratislavský kraj";1;0;0;0;NA;91727;1;2020-04-03;146
2020-04-02;"Bratislavský kraj";2;0;0;0;NA;91727;2;2020-04-02;145
2020-04-01;"Bratislavský kraj";5;0;0;0;NA;91727;5;2020-04-01;143
2020-03-31;"Bratislavský kraj";19;0;0;0;NA;91727;19;2020-03-31;138
2020-03-30;"Bratislavský kraj";6;0;0;0;NA;91727;6;2020-03-30;119
2020-03-29;"Bratislavský kraj";8;0;0;0;NA;91727;8;2020-03-29;113
2020-03-28;"Bratislavský kraj";4;0;0;0;NA;91727;4;2020-03-28;105
2020-03-27;"Bratislavský kraj";3;0;0;0;NA;91727;3;2020-03-27;101
2020-03-26;"Bratislavský kraj";15;0;0;0;NA;91727;15;2020-03-26;98
2020-03-25;"Bratislavský kraj";1;0;0;0;NA;91727;1;2020-03-25;83
2020-03-24;"Bratislavský kraj";4;0;0;0;NA;91727;4;2020-03-24;82
2020-03-23;"Bratislavský kraj";9;0;0;0;NA;91727;9;2020-03-23;78
2020-03-22;"Bratislavský kraj";2;0;0;0;NA;91727;2;2020-03-22;69
2020-03-21;"Bratislavský kraj";22;0;0;0;NA;91727;22;2020-03-21;67
2020-03-20;"Bratislavský kraj";3;0;0;0;NA;91727;3;2020-03-20;45
2020-03-19;"Bratislavský kraj";4;0;0;0;NA;91727;4;2020-03-19;42
2020-03-18;"Bratislavský kraj";3;0;0;0;NA;91727;3;2020-03-18;38
2020-03-17;"Bratislavský kraj";13;0;0;0;NA;91727;13;2020-03-17;35
2020-03-16;"Bratislavský kraj";1;0;0;0;NA;91727;1;2020-03-16;22
2020-03-15;"Bratislavský kraj";4;0;0;0;NA;91727;4;2020-03-15;21
2020-03-14;"Bratislavský kraj";9;0;0;0;NA;91727;9;2020-03-14;17
2020-03-13;"Bratislavský kraj";2;0;0;0;NA;91727;2;2020-03-13;8
2020-03-12;"Bratislavský kraj";8;0;0;0;NA;91727;8;2020-03-12;6
2020-03-11;"Bratislavský kraj";3;0;0;0;NA;91727;3;2020-03-11;-2
2020-03-09;"Bratislavský kraj";0;0;0;0;NA;91727;0;2020-03-09;-5
2020-03-08;"Bratislavský kraj";2;0;0;0;NA;91727;2;2020-03-08;-5
2020-03-07;"Bratislavský kraj";2;0;0;0;NA;91727;2;2020-03-07;-7
2020-03-06;"Bratislavský kraj";1;0;0;0;NA;91727;1;2020-03-06;-9
2021-09-05;"Košický kraj";52;921;16;937;53786;98501;68;2021-09-05;98501
2021-09-04;"Košický kraj";37;1277;9;1286;NA;98501;46;2021-09-04;98433
2021-09-03;"Košický kraj";47;2343;28;2371;NA;98501;75;2021-09-03;98387
2021-09-02;"Košický kraj";56;2602;24;2626;NA;98501;80;2021-09-02;98312
2021-09-01;"Košický kraj";95;584;11;595;NA;98501;106;2021-09-01;98232
2021-08-31;"Košický kraj";30;2459;22;2481;NA;98501;52;2021-08-31;98126
2021-08-30;"Košický kraj";8;2292;28;2320;NA;98501;36;2021-08-30;98074
2021-08-29;"Košický kraj";16;598;1;599;NA;98501;17;2021-08-29;98038
2021-08-28;"Košický kraj";14;1991;11;2002;NA;98501;25;2021-08-28;98021
2021-08-27;"Košický kraj";22;2808;16;2824;NA;98501;38;2021-08-27;97996
2021-08-26;"Košický kraj";19;2237;13;2250;NA;98501;32;2021-08-26;97958
2021-08-25;"Košický kraj";33;1939;6;1945;NA;98501;39;2021-08-25;97926
2021-08-24;"Košický kraj";14;2264;2;2266;NA;98501;16;2021-08-24;97887
2021-08-23;"Košický kraj";33;2386;5;2391;NA;98501;38;2021-08-23;97871
2021-08-22;"Košický kraj";4;1457;8;1465;NA;98501;12;2021-08-22;97833
2021-08-21;"Košický kraj";35;2042;3;2045;NA;98501;38;2021-08-21;97821
2021-08-20;"Košický kraj";13;3098;5;3103;NA;98501;18;2021-08-20;97783
2021-08-19;"Košický kraj";14;2117;6;2123;NA;98501;20;2021-08-19;97765
2021-08-18;"Košický kraj";30;1770;8;1778;NA;98501;38;2021-08-18;97745
2021-08-17;"Košický kraj";24;1619;3;1622;NA;98501;27;2021-08-17;97707
2021-08-16;"Košický kraj";3;2094;8;2102;NA;98501;11;2021-08-16;97680
2021-08-15;"Košický kraj";1;771;5;776;NA;98501;6;2021-08-15;97669
2021-08-14;"Košický kraj";15;1144;1;1145;NA;98501;16;2021-08-14;97663
2021-08-13;"Košický kraj";14;1862;8;1870;NA;98501;22;2021-08-13;97647
2021-08-12;"Košický kraj";10;1156;3;1159;NA;98501;13;2021-08-12;97625
2021-08-11;"Košický kraj";6;1298;4;1302;NA;98501;10;2021-08-11;97612
2021-08-10;"Košický kraj";10;1352;8;1360;NA;98501;18;2021-08-10;97602
2021-08-09;"Košický kraj";12;1578;2;1580;NA;98501;14;2021-08-09;97584
2021-08-08;"Košický kraj";8;688;1;689;NA;98501;9;2021-08-08;97570
2021-08-07;"Košický kraj";3;1061;3;1064;NA;98501;6;2021-08-07;97561
2021-08-06;"Košický kraj";9;1536;6;1542;NA;98501;15;2021-08-06;97555
2021-08-05;"Košický kraj";26;1220;6;1226;NA;98501;32;2021-08-05;97540
2021-08-04;"Košický kraj";8;1321;4;1325;NA;98501;12;2021-08-04;97508
2021-08-03;"Košický kraj";33;1078;3;1081;NA;98501;36;2021-08-03;97496
2021-08-02;"Košický kraj";6;1613;8;1621;NA;98501;14;2021-08-02;97460
2021-08-01;"Košický kraj";1;662;1;663;NA;98501;2;2021-08-01;97446
2021-07-31;"Košický kraj";17;1072;2;1074;NA;98501;19;2021-07-31;97444
2021-07-30;"Košický kraj";12;1500;7;1507;NA;98501;19;2021-07-30;97425
2021-07-29;"Košický kraj";7;1183;5;1188;NA;98501;12;2021-07-29;97406
2021-07-28;"Košický kraj";15;910;4;914;NA;98501;19;2021-07-28;97394
2021-07-27;"Košický kraj";17;1132;7;1139;NA;98501;24;2021-07-27;97375
2021-07-26;"Košický kraj";3;1585;8;1593;NA;98501;11;2021-07-26;97351
2021-07-25;"Košický kraj";0;719;3;722;NA;98501;3;2021-07-25;97340
2021-07-24;"Košický kraj";18;928;4;932;NA;98501;22;2021-07-24;97337
2021-07-23;"Košický kraj";9;1446;5;1451;NA;98501;14;2021-07-23;97315
2021-07-22;"Košický kraj";1;1177;4;1181;NA;98501;5;2021-07-22;97301
2021-07-21;"Košický kraj";4;1117;3;1120;NA;98501;7;2021-07-21;97296
2021-07-20;"Košický kraj";6;1291;1;1292;NA;98501;7;2021-07-20;97289
2021-07-19;"Košický kraj";2;1449;2;1451;NA;98501;4;2021-07-19;97282
2021-07-18;"Košický kraj";0;643;0;643;NA;98501;0;2021-07-18;97278
2021-07-17;"Košický kraj";3;986;5;991;NA;98501;8;2021-07-17;97278
2021-07-16;"Košický kraj";3;1486;4;1490;NA;98501;7;2021-07-16;97270
2021-07-15;"Košický kraj";4;1301;4;1305;NA;98501;8;2021-07-15;97263
2021-07-14;"Košický kraj";2;1090;3;1093;NA;98501;5;2021-07-14;97255
2021-07-13;"Košický kraj";4;1329;1;1330;NA;98501;5;2021-07-13;97250
2021-07-12;"Košický kraj";3;1773;3;1776;NA;98501;6;2021-07-12;97245
2021-07-11;"Košický kraj";1;537;2;539;NA;98501;3;2021-07-11;97239
2021-07-10;"Košický kraj";9;1051;0;1051;NA;98501;9;2021-07-10;97236
2021-07-09;"Košický kraj";5;1855;5;1860;NA;98501;10;2021-07-09;97227
2021-07-08;"Košický kraj";13;1211;2;1213;NA;98501;15;2021-07-08;97217
2021-07-07;"Košický kraj";6;1436;1;1437;NA;98501;7;2021-07-07;97202
2021-07-06;"Košický kraj";4;1766;2;1768;NA;98501;6;2021-07-06;97195
2021-07-05;"Košický kraj";1;491;0;491;NA;98501;1;2021-07-05;97189
2021-07-04;"Košický kraj";0;480;2;482;NA;98501;2;2021-07-04;97188
2021-07-03;"Košický kraj";2;1112;0;1112;NA;98501;2;2021-07-03;97186
2021-07-02;"Košický kraj";2;1724;3;1727;NA;98501;5;2021-07-02;97184
2021-07-01;"Košický kraj";0;1139;2;1141;NA;98501;2;2021-07-01;97179
2021-06-30;"Košický kraj";5;9248;7;9255;NA;98501;12;2021-06-30;97177
2021-06-29;"Košický kraj";6;5692;7;5699;NA;98501;13;2021-06-29;97165
2021-06-28;"Košický kraj";5;6129;2;6131;NA;98501;7;2021-06-28;97152
2021-06-27;"Košický kraj";8;4612;3;4615;NA;98501;11;2021-06-27;97145
2021-06-26;"Košický kraj";4;5699;14;5713;NA;98501;18;2021-06-26;97134
2021-06-25;"Košický kraj";5;6981;2;6983;NA;98501;7;2021-06-25;97116
2021-06-24;"Košický kraj";1;5072;3;5075;NA;98501;4;2021-06-24;97109
2021-06-23;"Košický kraj";8;5373;3;5376;NA;98501;11;2021-06-23;97105
2021-06-22;"Košický kraj";1;5269;3;5272;NA;98501;4;2021-06-22;97094
2021-06-21;"Košický kraj";5;6830;11;6841;NA;98501;16;2021-06-21;97090
2021-06-20;"Košický kraj";0;4882;6;4888;NA;98501;6;2021-06-20;97074
2021-06-19;"Košický kraj";7;6473;1;6474;NA;98501;8;2021-06-19;97068
2021-06-18;"Košický kraj";4;7969;8;7977;NA;98501;12;2021-06-18;97060
2021-06-17;"Košický kraj";6;6128;3;6131;NA;98501;9;2021-06-17;97048
2021-06-16;"Košický kraj";11;6059;7;6066;NA;98501;18;2021-06-16;97039
2021-06-15;"Košický kraj";12;6301;2;6303;NA;98501;14;2021-06-15;97021
2021-06-14;"Košický kraj";10;7010;9;7019;NA;98501;19;2021-06-14;97007
2021-06-13;"Košický kraj";7;6948;8;6956;NA;98501;15;2021-06-13;96988
2021-06-12;"Košický kraj";7;7485;9;7494;NA;98501;16;2021-06-12;96973
2021-06-11;"Košický kraj";15;8973;6;8979;NA;98501;21;2021-06-11;96957
2021-06-10;"Košický kraj";11;6588;16;6604;NA;98501;27;2021-06-10;96936
2021-06-09;"Košický kraj";37;6056;7;6063;NA;98501;44;2021-06-09;96909
2021-06-08;"Košický kraj";33;7019;13;7032;NA;98501;46;2021-06-08;96865
2021-06-07;"Košický kraj";11;8106;22;8128;NA;98501;33;2021-06-07;96819
2021-06-06;"Košický kraj";1;7843;7;7850;NA;98501;8;2021-06-06;96786
2021-06-05;"Košický kraj";21;9286;3;9289;NA;98501;24;2021-06-05;96778
2021-06-04;"Košický kraj";26;11377;20;11397;NA;98501;46;2021-06-04;96754
2021-06-03;"Košický kraj";23;6467;14;6481;NA;98501;37;2021-06-03;96708
2021-06-02;"Košický kraj";15;7180;24;7204;NA;98501;39;2021-06-02;96671
2021-06-01;"Košický kraj";13;7562;10;7572;NA;98501;23;2021-06-01;96632
2021-05-31;"Košický kraj";13;9256;18;9274;NA;98501;31;2021-05-31;96609
2021-05-30;"Košický kraj";3;11215;10;11225;NA;98501;13;2021-05-30;96578
2021-05-29;"Košický kraj";25;10942;22;10964;NA;98501;47;2021-05-29;96565
2021-05-28;"Košický kraj";17;13055;29;13084;NA;98501;46;2021-05-28;96518
2021-05-27;"Košický kraj";19;7924;26;7950;NA;98501;45;2021-05-27;96472
2021-05-26;"Košický kraj";35;8118;27;8145;NA;98501;62;2021-05-26;96427
2021-05-25;"Košický kraj";33;9296;29;9325;NA;98501;62;2021-05-25;96365
2021-05-24;"Košický kraj";10;10855;27;10882;NA;98501;37;2021-05-24;96303
2021-05-23;"Košický kraj";4;12151;15;12166;NA;98501;19;2021-05-23;96266
2021-05-22;"Košický kraj";27;12601;19;12620;NA;98501;46;2021-05-22;96247
2021-05-21;"Košický kraj";24;14910;27;14937;NA;98501;51;2021-05-21;96201
2021-05-20;"Košický kraj";20;9422;28;9450;NA;98501;48;2021-05-20;96150
2021-05-19;"Košický kraj";30;10421;21;10442;NA;98501;51;2021-05-19;96102
2021-05-18;"Košický kraj";34;10254;36;10290;NA;98501;70;2021-05-18;96051
2021-05-17;"Košický kraj";20;12686;38;12724;NA;98501;58;2021-05-17;95981
2021-05-16;"Košický kraj";37;17865;20;17885;NA;98501;57;2021-05-16;95923
2021-05-15;"Košický kraj";22;25602;28;25630;NA;98501;50;2021-05-15;95866
2021-05-14;"Košický kraj";32;21824;42;21866;NA;98501;74;2021-05-14;95816
2021-05-13;"Košický kraj";39;10172;32;10204;NA;98501;71;2021-05-13;95742
2021-05-12;"Košický kraj";85;10868;33;10901;NA;98501;118;2021-05-12;95671
2021-05-11;"Košický kraj";68;11166;32;11198;NA;98501;100;2021-05-11;95553
2021-05-10;"Košický kraj";25;17044;42;17086;NA;98501;67;2021-05-10;95453
2021-05-09;"Košický kraj";84;25594;55;25649;NA;98501;139;2021-05-09;95386
2021-05-08;"Košický kraj";18;23399;23;23422;NA;98501;41;2021-05-08;95247
2021-05-07;"Košický kraj";51;24497;57;24554;NA;98501;108;2021-05-07;95206
2021-05-06;"Košický kraj";55;11847;43;11890;NA;98501;98;2021-05-06;95098
2021-05-05;"Košický kraj";23;12124;35;12159;NA;98501;58;2021-05-05;95000
2021-05-04;"Košický kraj";143;13562;38;13600;NA;98501;181;2021-05-04;94942
2021-05-03;"Košický kraj";37;16944;68;17012;NA;98501;105;2021-05-03;94761
2021-05-02;"Košický kraj";45;36096;56;36152;NA;98501;101;2021-05-02;94656
2021-05-01;"Košický kraj";54;52075;76;52151;NA;98501;130;2021-05-01;94555
2021-04-30;"Košický kraj";59;44602;94;44696;NA;98501;153;2021-04-30;94425
2021-04-29;"Košický kraj";76;17014;53;17067;NA;98501;129;2021-04-29;94272
2021-04-28;"Košický kraj";99;17970;52;18022;NA;98501;151;2021-04-28;94143
2021-04-27;"Košický kraj";108;20670;43;20713;NA;98501;151;2021-04-27;93992
2021-04-26;"Košický kraj";39;25915;96;26011;NA;98501;135;2021-04-26;93841
2021-04-25;"Košický kraj";23;48355;57;48412;NA;98501;80;2021-04-25;93706
2021-04-24;"Košický kraj";68;90124;114;90238;NA;98501;182;2021-04-24;93626
2021-04-23;"Košický kraj";110;41232;72;41304;NA;98501;182;2021-04-23;93444
2021-04-22;"Košický kraj";56;16772;44;16816;NA;98501;100;2021-04-22;93262
2021-04-21;"Košický kraj";114;19519;61;19580;NA;98501;175;2021-04-21;93162
2021-04-20;"Košický kraj";81;25432;63;25495;NA;98501;144;2021-04-20;92987
2021-04-19;"Košický kraj";93;29950;108;30058;NA;98501;201;2021-04-19;92843
2021-04-18;"Košický kraj";10;48913;82;48995;NA;98501;92;2021-04-18;92642
2021-04-17;"Košický kraj";187;83856;103;83959;NA;98501;290;2021-04-17;92550
2021-04-16;"Košický kraj";83;41568;127;41695;NA;98501;210;2021-04-16;92260
2021-04-15;"Košický kraj";104;18522;93;18615;NA;98501;197;2021-04-15;92050
2021-04-14;"Košický kraj";119;20089;64;20153;NA;98501;183;2021-04-14;91853
2021-04-13;"Košický kraj";81;23175;120;23295;NA;98501;201;2021-04-13;91670
2021-04-12;"Košický kraj";129;26573;124;26697;NA;98501;253;2021-04-12;91469
2021-04-11;"Košický kraj";29;46949;80;47029;NA;98501;109;2021-04-11;91216
2021-04-10;"Košický kraj";138;100114;183;100297;NA;98501;321;2021-04-10;91107
2021-04-09;"Košický kraj";168;35206;133;35339;NA;98501;301;2021-04-09;90786
2021-04-08;"Košický kraj";81;18530;90;18620;NA;98501;171;2021-04-08;90485
2021-04-07;"Košický kraj";232;28027;194;28221;NA;98501;426;2021-04-07;90314
2021-04-06;"Košický kraj";121;36495;164;36659;NA;98501;285;2021-04-06;89888
2021-04-05;"Košický kraj";19;14361;66;14427;NA;98501;85;2021-04-05;89603
2021-04-04;"Košický kraj";33;15089;66;15155;NA;98501;99;2021-04-04;89518
2021-04-03;"Košický kraj";138;97664;241;97905;NA;98501;379;2021-04-03;89419
2021-04-02;"Košický kraj";128;24515;76;24591;NA;98501;204;2021-04-02;89040
2021-04-01;"Košický kraj";165;46151;156;46307;NA;98501;321;2021-04-01;88836
2021-03-31;"Košický kraj";160;29659;124;29783;NA;98501;284;2021-03-31;88515
2021-03-30;"Košický kraj";229;24038;163;24201;NA;98501;392;2021-03-30;88231
2021-03-29;"Košický kraj";78;28843;194;29037;NA;98501;272;2021-03-29;87839
2021-03-28;"Košický kraj";39;44263;128;44391;NA;98501;167;2021-03-28;87567
2021-03-27;"Košický kraj";222;96602;265;96867;NA;98501;487;2021-03-27;87400
2021-03-26;"Košický kraj";233;45252;202;45454;NA;98501;435;2021-03-26;86913
2021-03-25;"Košický kraj";133;23804;175;23979;NA;98501;308;2021-03-25;86478
2021-03-24;"Košický kraj";165;20696;155;20851;NA;98501;320;2021-03-24;86170
2021-03-23;"Košický kraj";202;22434;192;22626;NA;98501;394;2021-03-23;85850
2021-03-22;"Košický kraj";169;26890;228;27118;NA;98501;397;2021-03-22;85456
2021-03-21;"Košický kraj";109;46746;167;46913;NA;98501;276;2021-03-21;85059
2021-03-20;"Košický kraj";126;101334;311;101645;NA;98501;437;2021-03-20;84783
2021-03-19;"Košický kraj";205;45632;260;45892;NA;98501;465;2021-03-19;84346
2021-03-18;"Košický kraj";274;23827;212;24039;NA;98501;486;2021-03-18;83881
2021-03-17;"Košický kraj";177;21548;195;21743;NA;98501;372;2021-03-17;83395
2021-03-16;"Košický kraj";386;23454;226;23680;NA;98501;612;2021-03-16;83023
2021-03-15;"Košický kraj";173;27900;297;28197;NA;98501;470;2021-03-15;82411
2021-03-14;"Košický kraj";145;44354;220;44574;NA;98501;365;2021-03-14;81941
2021-03-13;"Košický kraj";146;103790;483;104273;NA;98501;629;2021-03-13;81576
2021-03-12;"Košický kraj";366;47871;321;48192;NA;98501;687;2021-03-12;80947
2021-03-11;"Košický kraj";396;23229;263;23492;NA;98501;659;2021-03-11;80260
2021-03-10;"Košický kraj";121;22205;269;22474;NA;98501;390;2021-03-10;79601
2021-03-09;"Košický kraj";676;24509;300;24809;NA;98501;976;2021-03-09;79211
2021-03-08;"Košický kraj";559;29852;344;30196;NA;98501;903;2021-03-08;78235
2021-03-07;"Košický kraj";45;44230;299;44529;NA;98501;344;2021-03-07;77332
2021-03-06;"Košický kraj";177;105598;532;106130;NA;98501;709;2021-03-06;76988
2021-03-05;"Košický kraj";439;45567;424;45991;NA;98501;863;2021-03-05;76279
2021-03-04;"Košický kraj";417;23862;320;24182;NA;98501;737;2021-03-04;75416
2021-03-03;"Košický kraj";390;23169;298;23467;NA;98501;688;2021-03-03;74679
2021-03-02;"Košický kraj";464;24158;368;24526;NA;98501;832;2021-03-02;73991
2021-03-01;"Košický kraj";389;30013;514;30527;NA;98501;903;2021-03-01;73159
2021-02-28;"Košický kraj";265;43053;334;43387;NA;98501;599;2021-02-28;72256
2021-02-27;"Košický kraj";301;100559;784;101343;NA;98501;1085;2021-02-27;71657
2021-02-26;"Košický kraj";440;45466;492;45958;NA;98501;932;2021-02-26;70572
2021-02-25;"Košický kraj";331;19872;342;20214;NA;98501;673;2021-02-25;69640
2021-02-24;"Košický kraj";263;18751;505;19256;NA;98501;768;2021-02-24;68967
2021-02-23;"Košický kraj";642;21605;341;21946;NA;98501;983;2021-02-23;68199
2021-02-22;"Košický kraj";362;30858;434;31292;NA;98501;796;2021-02-22;67216
2021-02-21;"Košický kraj";170;40464;385;40849;NA;98501;555;2021-02-21;66420
2021-02-20;"Košický kraj";283;92550;770;93320;NA;98501;1053;2021-02-20;65865
2021-02-19;"Košický kraj";507;41579;583;42162;NA;98501;1090;2021-02-19;64812
2021-02-18;"Košický kraj";397;18442;345;18787;NA;98501;742;2021-02-18;63722
2021-02-17;"Košický kraj";322;18080;387;18467;NA;98501;709;2021-02-17;62980
2021-02-16;"Košický kraj";600;22111;463;22574;NA;98501;1063;2021-02-16;62271
2021-02-15;"Košický kraj";216;27633;419;28052;NA;98501;635;2021-02-15;61208
2021-02-14;"Košický kraj";241;56743;524;57267;NA;98501;765;2021-02-14;60573
2021-02-13;"Košický kraj";206;93745;765;94510;NA;98501;971;2021-02-13;59808
2021-02-12;"Košický kraj";448;49924;611;50535;NA;98501;1059;2021-02-12;58837
2021-02-11;"Košický kraj";435;14524;323;14847;NA;98501;758;2021-02-11;57778
2021-02-10;"Košický kraj";360;18475;431;18906;NA;98501;791;2021-02-10;57020
2021-02-09;"Košický kraj";544;24841;463;25304;NA;98501;1007;2021-02-09;56229
2021-02-08;"Košický kraj";237;24836;392;25228;NA;98501;629;2021-02-08;55222
2021-02-07;"Košický kraj";208;56897;612;57509;NA;98501;820;2021-02-07;54593
2021-02-06;"Košický kraj";318;104357;884;105241;NA;98501;1202;2021-02-06;53773
2021-02-05;"Košický kraj";384;43186;494;43680;NA;98501;878;2021-02-05;52571
2021-02-04;"Košický kraj";391;14512;371;14883;NA;98501;762;2021-02-04;51693
2021-02-03;"Košický kraj";296;12599;339;12938;NA;98501;635;2021-02-03;50931
2021-02-02;"Košický kraj";473;43883;1212;45095;NA;98501;1685;2021-02-02;50296
2021-02-01;"Košický kraj";415;21984;362;22346;NA;98501;777;2021-02-01;48611
2021-01-31;"Košický kraj";142;54690;617;55307;NA;98501;759;2021-01-31;47834
2021-01-30;"Košický kraj";320;76722;661;77383;NA;98501;981;2021-01-30;47075
2021-01-29;"Košický kraj";311;37164;466;37630;NA;98501;777;2021-01-29;46094
2021-01-28;"Košický kraj";540;9006;244;9250;NA;98501;784;2021-01-28;45317
2021-01-27;"Košický kraj";265;7575;211;7786;NA;98501;476;2021-01-27;44533
2021-01-26;"Košický kraj";530;14210;245;14455;NA;98501;775;2021-01-26;44057
2021-01-25;"Košický kraj";226;26431;413;26844;NA;98501;639;2021-01-25;43282
2021-01-24;"Košický kraj";150;44419;581;45000;NA;98501;731;2021-01-24;42643
2021-01-23;"Košický kraj";232;82705;857;83562;NA;98501;1089;2021-01-23;41912
2021-01-22;"Košický kraj";316;19997;265;20262;NA;98501;581;2021-01-22;40823
2021-01-21;"Košický kraj";274;14053;159;14212;NA;98501;433;2021-01-21;40242
2021-01-20;"Košický kraj";374;10844;201;11045;NA;98501;575;2021-01-20;39809
2021-01-19;"Košický kraj";248;9717;181;9898;NA;98501;429;2021-01-19;39234
2021-01-18;"Košický kraj";333;7659;262;7921;NA;98501;595;2021-01-18;38805
2021-01-17;"Košický kraj";155;535;14;549;NA;98501;169;2021-01-17;38210
2021-01-16;"Košický kraj";153;1403;47;1450;NA;98501;200;2021-01-16;38041
2021-01-15;"Košický kraj";308;6443;213;6656;NA;98501;521;2021-01-15;37841
2021-01-14;"Košický kraj";358;5471;221;5692;NA;98501;579;2021-01-14;37320
2021-01-13;"Košický kraj";421;4897;226;5123;NA;98501;647;2021-01-13;36741
2021-01-12;"Košický kraj";482;6473;237;6710;NA;98501;719;2021-01-12;36094
2021-01-11;"Košický kraj";309;7553;286;7839;NA;98501;595;2021-01-11;35375
2021-01-10;"Košický kraj";193;136;6;142;NA;98501;199;2021-01-10;34780
2021-01-09;"Košický kraj";469;1134;45;1179;NA;98501;514;2021-01-09;34581
2021-01-08;"Košický kraj";551;7106;348;7454;NA;98501;899;2021-01-08;34067
2021-01-07;"Košický kraj";251;5853;398;6251;NA;98501;649;2021-01-07;33168
2021-01-06;"Košický kraj";442;429;33;462;NA;98501;475;2021-01-06;32519
2021-01-05;"Košický kraj";584;7633;527;8160;NA;98501;1111;2021-01-05;32044
2021-01-04;"Košický kraj";407;6479;660;7139;NA;98501;1067;2021-01-04;30933
2021-01-03;"Košický kraj";118;661;22;683;NA;98501;140;2021-01-03;29866
2021-01-02;"Košický kraj";88;440;52;492;NA;98501;140;2021-01-02;29726
2021-01-01;"Košický kraj";398;725;49;774;NA;98501;447;2021-01-01;29586
2020-12-31;"Košický kraj";625;7509;453;7962;NA;98501;1078;2020-12-31;29139
2020-12-30;"Košický kraj";590;6076;395;6471;NA;98501;985;2020-12-30;28061
2020-12-29;"Košický kraj";419;7454;596;8050;NA;98501;1015;2020-12-29;27076
2020-12-28;"Košický kraj";356;7933;756;8689;NA;98501;1112;2020-12-28;26061
2020-12-27;"Košický kraj";159;147;16;163;NA;98501;175;2020-12-27;24949
2020-12-26;"Košický kraj";163;274;23;297;NA;98501;186;2020-12-26;24774
2020-12-25;"Košický kraj";237;140;10;150;NA;98501;247;2020-12-25;24588
2020-12-24;"Košický kraj";564;1470;90;1560;NA;98501;654;2020-12-24;24341
2020-12-23;"Košický kraj";304;7339;327;7666;NA;98501;631;2020-12-23;23687
2020-12-22;"Košický kraj";438;7284;429;7713;NA;98501;867;2020-12-22;23056
2020-12-21;"Košický kraj";405;6703;504;7207;NA;98501;909;2020-12-21;22189
2020-12-20;"Košický kraj";215;73;11;84;NA;98501;226;2020-12-20;21280
2020-12-19;"Košický kraj";207;1309;63;1372;NA;98501;270;2020-12-19;21054
2020-12-18;"Košický kraj";310;7707;292;7999;NA;98501;602;2020-12-18;20784
2020-12-17;"Košický kraj";463;5101;253;5354;NA;98501;716;2020-12-17;20182
2020-12-16;"Košický kraj";455;5725;295;6020;NA;98501;750;2020-12-16;19466
2020-12-15;"Košický kraj";319;4787;327;5114;NA;98501;646;2020-12-15;18716
2020-12-14;"Košický kraj";256;2905;225;3130;NA;98501;481;2020-12-14;18070
2020-12-13;"Košický kraj";47;181;2;183;NA;98501;49;2020-12-13;17589
2020-12-12;"Košický kraj";369;1587;118;1705;NA;98501;487;2020-12-12;17540
2020-12-11;"Košický kraj";354;5328;256;5584;NA;98501;610;2020-12-11;17053
2020-12-10;"Košický kraj";283;3987;174;4161;NA;98501;457;2020-12-10;16443
2020-12-09;"Košický kraj";279;3786;166;3952;NA;98501;445;2020-12-09;15986
2020-12-08;"Košický kraj";226;4105;355;4460;NA;98501;581;2020-12-08;15541
2020-12-07;"Košický kraj";270;2383;106;2489;NA;98501;376;2020-12-07;14960
2020-12-06;"Košický kraj";121;97;20;117;NA;98501;141;2020-12-06;14584
2020-12-05;"Košický kraj";90;1096;48;1144;NA;98501;138;2020-12-05;14443
2020-12-04;"Košický kraj";224;2680;82;2762;NA;98501;306;2020-12-04;14305
2020-12-03;"Košický kraj";211;7717;173;7890;NA;98501;384;2020-12-03;13999
2020-12-02;"Košický kraj";193;8132;496;8628;NA;98501;689;2020-12-02;13615
2020-12-01;"Košický kraj";178;2237;124;2361;NA;98501;302;2020-12-01;12926
2020-11-30;"Košický kraj";171;3598;59;3657;NA;98501;230;2020-11-30;12624
2020-11-29;"Košický kraj";31;325;17;342;NA;98501;48;2020-11-29;12394
2020-11-28;"Košický kraj";69;721;52;773;NA;98501;121;2020-11-28;12346
2020-11-27;"Košický kraj";149;2921;78;2999;NA;98501;227;2020-11-27;12225
2020-11-26;"Košický kraj";239;1234;60;1294;NA;98501;299;2020-11-26;11998
2020-11-25;"Košický kraj";237;1785;123;1908;NA;98501;360;2020-11-25;11699
2020-11-24;"Košický kraj";196;1976;67;2043;NA;98501;263;2020-11-24;11339
2020-11-23;"Košický kraj";51;4115;63;4178;NA;98501;114;2020-11-23;11076
2020-11-22;"Košický kraj";57;57;5;62;NA;98501;62;2020-11-22;10962
2020-11-21;"Košický kraj";87;858;36;894;NA;98501;123;2020-11-21;10900
2020-11-20;"Košický kraj";176;3084;49;3133;NA;98501;225;2020-11-20;10777
2020-11-19;"Košický kraj";206;1736;48;1784;NA;98501;254;2020-11-19;10552
2020-11-18;"Košický kraj";122;532;17;549;NA;98501;139;2020-11-18;10298
2020-11-17;"Košický kraj";152;82;9;91;NA;98501;161;2020-11-17;10159
2020-11-16;"Košický kraj";114;596;27;623;NA;98501;141;2020-11-16;9998
2020-11-15;"Košický kraj";15;338;7;345;NA;98501;22;2020-11-15;9857
2020-11-14;"Košický kraj";234;520;12;532;NA;98501;246;2020-11-14;9835
2020-11-13;"Košický kraj";207;664;29;693;NA;98501;236;2020-11-13;9589
2020-11-12;"Košický kraj";192;736;13;749;NA;98501;205;2020-11-12;9353
2020-11-11;"Košický kraj";301;593;7;600;NA;98501;308;2020-11-11;9148
2020-11-10;"Košický kraj";190;541;11;552;NA;98501;201;2020-11-10;8840
2020-11-09;"Košický kraj";129;380;17;397;NA;98501;146;2020-11-09;8639
2020-11-08;"Košický kraj";78;1306;8;1314;NA;98501;86;2020-11-08;8493
2020-11-07;"Košický kraj";192;3909;22;3931;NA;98501;214;2020-11-07;8407
2020-11-06;"Košický kraj";195;5310;34;5344;NA;98501;229;2020-11-06;8193
2020-11-05;"Košický kraj";342;330;31;361;NA;98501;373;2020-11-05;7964
2020-11-04;"Košický kraj";101;154;6;160;NA;98501;107;2020-11-04;7591
2020-11-03;"Košický kraj";358;1122;13;1135;NA;98501;371;2020-11-03;7484
2020-11-02;"Košický kraj";111;6125;56;6181;NA;98501;167;2020-11-02;7113
2020-11-01;"Košický kraj";346;6522;34;6556;NA;98501;380;2020-11-01;6946
2020-10-31;"Košický kraj";82;14035;106;14141;NA;98501;188;2020-10-31;6566
2020-10-30;"Košický kraj";379;2835;27;2862;NA;98501;406;2020-10-30;6378
2020-10-29;"Košický kraj";333;983;13;996;NA;98501;346;2020-10-29;5972
2020-10-28;"Košický kraj";224;305;13;318;NA;98501;237;2020-10-28;5626
2020-10-27;"Košický kraj";386;439;21;460;NA;98501;407;2020-10-27;5389
2020-10-26;"Košický kraj";56;212;12;224;NA;98501;68;2020-10-26;4982
2020-10-25;"Košický kraj";154;79;2;81;NA;98501;156;2020-10-25;4914
2020-10-24;"Košický kraj";313;118;16;134;NA;98501;329;2020-10-24;4758
2020-10-23;"Košický kraj";315;331;8;339;NA;98501;323;2020-10-23;4429
2020-10-22;"Košický kraj";349;530;16;546;NA;98501;365;2020-10-22;4106
2020-10-21;"Košický kraj";129;84;2;86;NA;98501;131;2020-10-21;3741
2020-10-20;"Košický kraj";181;14;1;15;NA;98501;182;2020-10-20;3610
2020-10-19;"Košický kraj";64;38;1;39;NA;98501;65;2020-10-19;3428
2020-10-18;"Košický kraj";158;0;0;0;NA;98501;158;2020-10-18;3363
2020-10-17;"Košický kraj";142;0;0;0;NA;98501;142;2020-10-17;3205
2020-10-16;"Košický kraj";206;19;0;19;NA;98501;206;2020-10-16;3063
2020-10-15;"Košický kraj";177;19;5;24;NA;98501;182;2020-10-15;2857
2020-10-14;"Košický kraj";211;8;0;8;NA;98501;211;2020-10-14;2675
2020-10-13;"Košický kraj";179;80;3;83;NA;98501;182;2020-10-13;2464
2020-10-12;"Košický kraj";74;0;0;0;NA;98501;74;2020-10-12;2282
2020-10-11;"Košický kraj";121;0;0;0;NA;98501;121;2020-10-11;2208
2020-10-10;"Košický kraj";70;0;0;0;NA;98501;70;2020-10-10;2087
2020-10-09;"Košický kraj";188;0;0;0;NA;98501;188;2020-10-09;2017
2020-10-08;"Košický kraj";102;0;0;0;NA;98501;102;2020-10-08;1829
2020-10-07;"Košický kraj";158;0;0;0;NA;98501;158;2020-10-07;1727
2020-10-06;"Košický kraj";70;0;0;0;NA;98501;70;2020-10-06;1569
2020-10-05;"Košický kraj";39;0;0;0;NA;98501;39;2020-10-05;1499
2020-10-04;"Košický kraj";45;0;0;0;NA;98501;45;2020-10-04;1460
2020-10-03;"Košický kraj";105;0;0;0;NA;98501;105;2020-10-03;1415
2020-10-02;"Košický kraj";57;0;0;0;NA;98501;57;2020-10-02;1310
2020-10-01;"Košický kraj";69;0;0;0;NA;98501;69;2020-10-01;1253
2020-09-30;"Košický kraj";95;0;0;0;NA;98501;95;2020-09-30;1184
2020-09-29;"Košický kraj";75;0;0;0;NA;98501;75;2020-09-29;1089
2020-09-28;"Košický kraj";19;0;0;0;NA;98501;19;2020-09-28;1014
2020-09-27;"Košický kraj";21;0;0;0;NA;98501;21;2020-09-27;995
2020-09-26;"Košický kraj";53;0;0;0;NA;98501;53;2020-09-26;974
2020-09-25;"Košický kraj";72;0;0;0;NA;98501;72;2020-09-25;921
2020-09-24;"Košický kraj";35;0;0;0;NA;98501;35;2020-09-24;849
2020-09-23;"Košický kraj";23;0;0;0;NA;98501;23;2020-09-23;814
2020-09-22;"Košický kraj";39;0;0;0;NA;98501;39;2020-09-22;791
2020-09-21;"Košický kraj";5;0;0;0;NA;98501;5;2020-09-21;752
2020-09-20;"Košický kraj";3;0;0;0;NA;98501;3;2020-09-20;747
2020-09-19;"Košický kraj";13;0;0;0;NA;98501;13;2020-09-19;744
2020-09-18;"Košický kraj";20;0;0;0;NA;98501;20;2020-09-18;731
2020-09-17;"Košický kraj";22;0;0;0;NA;98501;22;2020-09-17;711
2020-09-16;"Košický kraj";12;0;0;0;NA;98501;12;2020-09-16;689
2020-09-15;"Košický kraj";10;0;0;0;NA;98501;10;2020-09-15;677
2020-09-14;"Košický kraj";6;0;0;0;NA;98501;6;2020-09-14;667
2020-09-13;"Košický kraj";3;0;0;0;NA;98501;3;2020-09-13;661
2020-09-12;"Košický kraj";16;0;0;0;NA;98501;16;2020-09-12;658
2020-09-11;"Košický kraj";20;0;0;0;NA;98501;20;2020-09-11;642
2020-09-10;"Košický kraj";11;0;0;0;NA;98501;11;2020-09-10;622
2020-09-09;"Košický kraj";37;0;0;0;NA;98501;37;2020-09-09;611
2020-09-08;"Košický kraj";10;0;0;0;NA;98501;10;2020-09-08;574
2020-09-07;"Košický kraj";4;0;0;0;NA;98501;4;2020-09-07;564
2020-09-06;"Košický kraj";2;0;0;0;NA;98501;2;2020-09-06;560
2020-09-05;"Košický kraj";10;0;0;0;NA;98501;10;2020-09-05;558
2020-09-04;"Košický kraj";14;0;0;0;NA;98501;14;2020-09-04;548
2020-09-03;"Košický kraj";22;0;0;0;NA;98501;22;2020-09-03;534
2020-09-02;"Košický kraj";13;0;0;0;NA;98501;13;2020-09-02;512
2020-09-01;"Košický kraj";21;0;0;0;NA;98501;21;2020-09-01;499
2020-08-31;"Košický kraj";9;0;0;0;NA;98501;9;2020-08-31;478
2020-08-30;"Košický kraj";21;0;0;0;NA;98501;21;2020-08-30;469
2020-08-29;"Košický kraj";1;0;0;0;NA;98501;1;2020-08-29;448
2020-08-28;"Košický kraj";19;0;0;0;NA;98501;19;2020-08-28;447
2020-08-27;"Košický kraj";15;0;0;0;NA;98501;15;2020-08-27;428
2020-08-26;"Košický kraj";8;0;0;0;NA;98501;8;2020-08-26;413
2020-08-25;"Košický kraj";23;0;0;0;NA;98501;23;2020-08-25;405
2020-08-24;"Košický kraj";6;0;0;0;NA;98501;6;2020-08-24;382
2020-08-23;"Košický kraj";8;0;0;0;NA;98501;8;2020-08-23;376
2020-08-22;"Košický kraj";13;0;0;0;NA;98501;13;2020-08-22;368
2020-08-21;"Košický kraj";10;0;0;0;NA;98501;10;2020-08-21;355
2020-08-20;"Košický kraj";10;0;0;0;NA;98501;10;2020-08-20;345
2020-08-19;"Košický kraj";3;0;0;0;NA;98501;3;2020-08-19;335
2020-08-18;"Košický kraj";7;0;0;0;NA;98501;7;2020-08-18;332
2020-08-17;"Košický kraj";2;0;0;0;NA;98501;2;2020-08-17;325
2020-08-16;"Košický kraj";2;0;0;0;NA;98501;2;2020-08-16;323
2020-08-15;"Košický kraj";3;0;0;0;NA;98501;3;2020-08-15;321
2020-08-14;"Košický kraj";1;0;0;0;NA;98501;1;2020-08-14;318
2020-08-13;"Košický kraj";3;0;0;0;NA;98501;3;2020-08-13;317
2020-08-12;"Košický kraj";12;0;0;0;NA;98501;12;2020-08-12;314
2020-08-11;"Košický kraj";5;0;0;0;NA;98501;5;2020-08-11;302
2020-08-10;"Košický kraj";1;0;0;0;NA;98501;1;2020-08-10;297
2020-08-09;"Košický kraj";0;0;0;0;NA;98501;0;2020-08-09;296
2020-08-08;"Košický kraj";5;0;0;0;NA;98501;5;2020-08-08;296
2020-08-07;"Košický kraj";7;0;0;0;NA;98501;7;2020-08-07;291
2020-08-06;"Košický kraj";3;0;0;0;NA;98501;3;2020-08-06;284
2020-08-05;"Košický kraj";4;0;0;0;NA;98501;4;2020-08-05;281
2020-08-04;"Košický kraj";1;0;0;0;NA;98501;1;2020-08-04;277
2020-08-03;"Košický kraj";1;0;0;0;NA;98501;1;2020-08-03;276
2020-08-02;"Košický kraj";0;0;0;0;NA;98501;0;2020-08-02;275
2020-08-01;"Košický kraj";0;0;0;0;NA;98501;0;2020-08-01;275
2020-07-31;"Košický kraj";0;0;0;0;NA;98501;0;2020-07-31;275
2020-07-30;"Košický kraj";2;0;0;0;NA;98501;2;2020-07-30;275
2020-07-29;"Košický kraj";1;0;0;0;NA;98501;1;2020-07-29;273
2020-07-28;"Košický kraj";9;0;0;0;NA;98501;9;2020-07-28;272
2020-07-27;"Košický kraj";4;0;0;0;NA;98501;4;2020-07-27;263
2020-07-26;"Košický kraj";0;0;0;0;NA;98501;0;2020-07-26;259
2020-07-25;"Košický kraj";2;0;0;0;NA;98501;2;2020-07-25;259
2020-07-24;"Košický kraj";2;0;0;0;NA;98501;2;2020-07-24;257
2020-07-23;"Košický kraj";1;0;0;0;NA;98501;1;2020-07-23;255
2020-07-22;"Košický kraj";1;0;0;0;NA;98501;1;2020-07-22;254
2020-07-21;"Košický kraj";0;0;0;0;NA;98501;0;2020-07-21;253
2020-07-20;"Košický kraj";0;0;0;0;NA;98501;0;2020-07-20;253
2020-07-19;"Košický kraj";0;0;0;0;NA;98501;0;2020-07-19;253
2020-07-18;"Košický kraj";1;0;0;0;NA;98501;1;2020-07-18;253
2020-07-17;"Košický kraj";1;0;0;0;NA;98501;1;2020-07-17;252
2020-07-16;"Košický kraj";0;0;0;0;NA;98501;0;2020-07-16;251
2020-07-15;"Košický kraj";2;0;0;0;NA;98501;2;2020-07-15;251
2020-07-14;"Košický kraj";1;0;0;0;NA;98501;1;2020-07-14;249
2020-07-13;"Košický kraj";1;0;0;0;NA;98501;1;2020-07-13;248
2020-07-12;"Košický kraj";0;0;0;0;NA;98501;0;2020-07-12;247
2020-07-11;"Košický kraj";0;0;0;0;NA;98501;0;2020-07-11;247
2020-07-10;"Košický kraj";1;0;0;0;NA;98501;1;2020-07-10;247
2020-07-09;"Košický kraj";1;0;0;0;NA;98501;1;2020-07-09;246
2020-07-08;"Košický kraj";12;0;0;0;NA;98501;12;2020-07-08;245
2020-07-07;"Košický kraj";0;0;0;0;NA;98501;0;2020-07-07;233
2020-07-06;"Košický kraj";0;0;0;0;NA;98501;0;2020-07-06;233
2020-07-05;"Košický kraj";0;0;0;0;NA;98501;0;2020-07-05;233
2020-07-04;"Košický kraj";0;0;0;0;NA;98501;0;2020-07-04;233
2020-07-03;"Košický kraj";1;0;0;0;NA;98501;1;2020-07-03;233
2020-07-02;"Košický kraj";0;0;0;0;NA;98501;0;2020-07-02;232
2020-07-01;"Košický kraj";1;0;0;0;NA;98501;1;2020-07-01;232
2020-06-30;"Košický kraj";0;0;0;0;NA;98501;0;2020-06-30;231
2020-06-29;"Košický kraj";0;0;0;0;NA;98501;0;2020-06-29;231
2020-06-28;"Košický kraj";0;0;0;0;NA;98501;0;2020-06-28;231
2020-06-27;"Košický kraj";0;0;0;0;NA;98501;0;2020-06-27;231
2020-06-26;"Košický kraj";0;0;0;0;NA;98501;0;2020-06-26;231
2020-06-25;"Košický kraj";3;0;0;0;NA;98501;3;2020-06-25;231
2020-06-24;"Košický kraj";3;0;0;0;NA;98501;3;2020-06-24;228
2020-06-23;"Košický kraj";3;0;0;0;NA;98501;3;2020-06-23;225
2020-06-22;"Košický kraj";0;0;0;0;NA;98501;0;2020-06-22;222
2020-06-21;"Košický kraj";0;0;0;0;NA;98501;0;2020-06-21;222
2020-06-20;"Košický kraj";0;0;0;0;NA;98501;0;2020-06-20;222
2020-06-19;"Košický kraj";0;0;0;0;NA;98501;0;2020-06-19;222
2020-06-18;"Košický kraj";1;0;0;0;NA;98501;1;2020-06-18;222
2020-06-17;"Košický kraj";0;0;0;0;NA;98501;0;2020-06-17;221
2020-06-16;"Košický kraj";2;0;0;0;NA;98501;2;2020-06-16;221
2020-06-14;"Košický kraj";0;0;0;0;NA;98501;0;2020-06-14;219
2020-06-13;"Košický kraj";0;0;0;0;NA;98501;0;2020-06-13;219
2020-06-12;"Košický kraj";0;0;0;0;NA;98501;0;2020-06-12;219
2020-06-11;"Košický kraj";0;0;0;0;NA;98501;0;2020-06-11;219
2020-06-10;"Košický kraj";6;0;0;0;NA;98501;6;2020-06-10;219
2020-06-09;"Košický kraj";0;0;0;0;NA;98501;0;2020-06-09;213
2020-06-08;"Košický kraj";0;0;0;0;NA;98501;0;2020-06-08;213
2020-06-07;"Košický kraj";2;0;0;0;NA;98501;2;2020-06-07;213
2020-06-05;"Košický kraj";0;0;0;0;NA;98501;0;2020-06-05;211
2020-06-03;"Košický kraj";0;0;0;0;NA;98501;0;2020-06-03;211
2020-06-02;"Košický kraj";1;0;0;0;NA;98501;1;2020-06-02;211
2020-05-31;"Košický kraj";0;0;0;0;NA;98501;0;2020-05-31;210
2020-05-29;"Košický kraj";1;0;0;0;NA;98501;1;2020-05-29;210
2020-05-27;"Košický kraj";0;0;0;0;NA;98501;0;2020-05-27;209
2020-05-26;"Košický kraj";1;0;0;0;NA;98501;1;2020-05-26;209
2020-05-25;"Košický kraj";1;0;0;0;NA;98501;1;2020-05-25;208
2020-05-24;"Košický kraj";0;0;0;0;NA;98501;0;2020-05-24;207
2020-05-23;"Košický kraj";0;0;0;0;NA;98501;0;2020-05-23;207
2020-05-22;"Košický kraj";0;0;0;0;NA;98501;0;2020-05-22;207
2020-05-21;"Košický kraj";0;0;0;0;NA;98501;0;2020-05-21;207
2020-05-20;"Košický kraj";3;0;0;0;NA;98501;3;2020-05-20;207
2020-05-19;"Košický kraj";0;0;0;0;NA;98501;0;2020-05-19;204
2020-05-17;"Košický kraj";1;0;0;0;NA;98501;1;2020-05-17;204
2020-05-16;"Košický kraj";1;0;0;0;NA;98501;1;2020-05-16;203
2020-05-15;"Košický kraj";10;0;0;0;NA;98501;10;2020-05-15;202
2020-05-14;"Košický kraj";1;0;0;0;NA;98501;1;2020-05-14;192
2020-05-13;"Košický kraj";6;0;0;0;NA;98501;6;2020-05-13;191
2020-05-12;"Košický kraj";0;0;0;0;NA;98501;0;2020-05-12;185
2020-05-11;"Košický kraj";0;0;0;0;NA;98501;0;2020-05-11;185
2020-05-09;"Košický kraj";0;0;0;0;NA;98501;0;2020-05-09;185
2020-05-07;"Košický kraj";0;0;0;0;NA;98501;0;2020-05-07;185
2020-05-06;"Košický kraj";1;0;0;0;NA;98501;1;2020-05-06;185
2020-05-05;"Košický kraj";0;0;0;0;NA;98501;0;2020-05-05;184
2020-05-04;"Košický kraj";0;0;0;0;NA;98501;0;2020-05-04;184
2020-05-03;"Košický kraj";0;0;0;0;NA;98501;0;2020-05-03;184
2020-05-02;"Košický kraj";1;0;0;0;NA;98501;1;2020-05-02;184
2020-05-01;"Košický kraj";0;0;0;0;NA;98501;0;2020-05-01;183
2020-04-30;"Košický kraj";1;0;0;0;NA;98501;1;2020-04-30;183
2020-04-29;"Košický kraj";1;0;0;0;NA;98501;1;2020-04-29;182
2020-04-28;"Košický kraj";1;0;0;0;NA;98501;1;2020-04-28;181
2020-04-27;"Košický kraj";1;0;0;0;NA;98501;1;2020-04-27;180
2020-04-26;"Košický kraj";0;0;0;0;NA;98501;0;2020-04-26;179
2020-04-25;"Košický kraj";0;0;0;0;NA;98501;0;2020-04-25;179
2020-04-24;"Košický kraj";3;0;0;0;NA;98501;3;2020-04-24;179
2020-04-23;"Košický kraj";4;0;0;0;NA;98501;4;2020-04-23;176
2020-04-22;"Košický kraj";21;0;0;0;NA;98501;21;2020-04-22;172
2020-04-21;"Košický kraj";4;0;0;0;NA;98501;4;2020-04-21;151
2020-04-20;"Košický kraj";0;0;0;0;NA;98501;0;2020-04-20;147
2020-04-19;"Košický kraj";1;0;0;0;NA;98501;1;2020-04-19;147
2020-04-18;"Košický kraj";2;0;0;0;NA;98501;2;2020-04-18;146
2020-04-17;"Košický kraj";7;0;0;0;NA;98501;7;2020-04-17;144
2020-04-16;"Košický kraj";29;0;0;0;NA;98501;29;2020-04-16;137
2020-04-15;"Košický kraj";50;0;0;0;NA;98501;50;2020-04-15;108
2020-04-14;"Košický kraj";4;0;0;0;NA;98501;4;2020-04-14;58
2020-04-13;"Košický kraj";5;0;0;0;NA;98501;5;2020-04-13;54
2020-04-12;"Košický kraj";4;0;0;0;NA;98501;4;2020-04-12;49
2020-04-11;"Košický kraj";2;0;0;0;NA;98501;2;2020-04-11;45
2020-04-10;"Košický kraj";1;0;0;0;NA;98501;1;2020-04-10;43
2020-04-09;"Košický kraj";4;0;0;0;NA;98501;4;2020-04-09;42
2020-04-08;"Košický kraj";5;0;0;0;NA;98501;5;2020-04-08;38
2020-04-07;"Košický kraj";34;0;0;0;NA;98501;34;2020-04-07;33
2020-04-06;"Košický kraj";6;0;0;0;NA;98501;6;2020-04-06;-1
2020-04-05;"Košický kraj";4;0;0;0;NA;98501;4;2020-04-05;-7
2020-04-04;"Košický kraj";5;0;0;0;NA;98501;5;2020-04-04;-11
2020-04-03;"Košický kraj";4;0;0;0;NA;98501;4;2020-04-03;-16
2020-04-02;"Košický kraj";3;0;0;0;NA;98501;3;2020-04-02;-20
2020-04-01;"Košický kraj";3;0;0;0;NA;98501;3;2020-04-01;-23
2020-03-31;"Košický kraj";1;0;0;0;NA;98501;1;2020-03-31;-26
2020-03-30;"Košický kraj";5;0;0;0;NA;98501;5;2020-03-30;-27
2020-03-29;"Košický kraj";0;0;0;0;NA;98501;0;2020-03-29;-32
2020-03-28;"Košický kraj";1;0;0;0;NA;98501;1;2020-03-28;-32
2020-03-27;"Košický kraj";1;0;0;0;NA;98501;1;2020-03-27;-33
2020-03-26;"Košický kraj";3;0;0;0;NA;98501;3;2020-03-26;-34
2020-03-25;"Košický kraj";2;0;0;0;NA;98501;2;2020-03-25;-37
2020-03-24;"Košický kraj";0;0;0;0;NA;98501;0;2020-03-24;-39
2020-03-23;"Košický kraj";2;0;0;0;NA;98501;2;2020-03-23;-39
2020-03-22;"Košický kraj";0;0;0;0;NA;98501;0;2020-03-22;-41
2020-03-21;"Košický kraj";3;0;0;0;NA;98501;3;2020-03-21;-41
2020-03-20;"Košický kraj";1;0;0;0;NA;98501;1;2020-03-20;-44
2020-03-19;"Košický kraj";0;0;0;0;NA;98501;0;2020-03-19;-45
2020-03-18;"Košický kraj";0;0;0;0;NA;98501;0;2020-03-18;-45
2020-03-17;"Košický kraj";0;0;0;0;NA;98501;0;2020-03-17;-45
2020-03-16;"Košický kraj";3;0;0;0;NA;98501;3;2020-03-16;-45
2020-03-15;"Košický kraj";1;0;0;0;NA;98501;1;2020-03-15;-48
2020-03-14;"Košický kraj";0;0;0;0;NA;98501;0;2020-03-14;-49
2020-03-13;"Košický kraj";2;0;0;0;NA;98501;2;2020-03-13;-49
2020-03-12;"Košický kraj";0;0;0;0;NA;98501;0;2020-03-12;-51
2020-03-11;"Košický kraj";0;0;0;0;NA;98501;0;2020-03-11;-51
2020-03-09;"Košický kraj";1;0;0;0;NA;98501;1;2020-03-09;-51
2020-03-08;"Košický kraj";0;0;0;0;NA;98501;0;2020-03-08;-52
2020-03-07;"Košický kraj";0;0;0;0;NA;98501;0;2020-03-07;-52
2020-03-06;"Košický kraj";0;0;0;0;NA;98501;0;2020-03-06;-52
2021-09-05;"Nitriansky kraj";10;553;3;556;39545;92578;13;2021-09-05;92578
2021-09-04;"Nitriansky kraj";18;717;6;723;NA;92578;24;2021-09-04;92565
2021-09-03;"Nitriansky kraj";20;1427;17;1444;NA;92578;37;2021-09-03;92541
2021-09-02;"Nitriansky kraj";16;1294;13;1307;NA;92578;29;2021-09-02;92504
2021-09-01;"Nitriansky kraj";9;276;2;278;NA;92578;11;2021-09-01;92475
2021-08-31;"Nitriansky kraj";10;1309;6;1315;NA;92578;16;2021-08-31;92464
2021-08-30;"Nitriansky kraj";8;1315;10;1325;NA;92578;18;2021-08-30;92448
2021-08-29;"Nitriansky kraj";2;402;1;403;NA;92578;3;2021-08-29;92430
2021-08-28;"Nitriansky kraj";5;990;3;993;NA;92578;8;2021-08-28;92427
2021-08-27;"Nitriansky kraj";7;1717;4;1721;NA;92578;11;2021-08-27;92419
2021-08-26;"Nitriansky kraj";2;1176;5;1181;NA;92578;7;2021-08-26;92408
2021-08-25;"Nitriansky kraj";15;1010;3;1013;NA;92578;18;2021-08-25;92401
2021-08-24;"Nitriansky kraj";6;931;2;933;NA;92578;8;2021-08-24;92383
2021-08-23;"Nitriansky kraj";13;1209;4;1213;NA;92578;17;2021-08-23;92375
2021-08-22;"Nitriansky kraj";0;1093;3;1096;NA;92578;3;2021-08-22;92358
2021-08-21;"Nitriansky kraj";1;777;1;778;NA;92578;2;2021-08-21;92355
2021-08-20;"Nitriansky kraj";8;1482;5;1487;NA;92578;13;2021-08-20;92353
2021-08-19;"Nitriansky kraj";11;1095;4;1099;NA;92578;15;2021-08-19;92340
2021-08-18;"Nitriansky kraj";8;1111;7;1118;NA;92578;15;2021-08-18;92325
2021-08-17;"Nitriansky kraj";4;948;3;951;NA;92578;7;2021-08-17;92310
2021-08-16;"Nitriansky kraj";7;1004;4;1008;NA;92578;11;2021-08-16;92303
2021-08-15;"Nitriansky kraj";2;580;1;581;NA;92578;3;2021-08-15;92292
2021-08-14;"Nitriansky kraj";1;787;5;792;NA;92578;6;2021-08-14;92289
2021-08-13;"Nitriansky kraj";0;862;1;863;NA;92578;1;2021-08-13;92283
2021-08-12;"Nitriansky kraj";5;683;0;683;NA;92578;5;2021-08-12;92282
2021-08-11;"Nitriansky kraj";3;455;1;456;NA;92578;4;2021-08-11;92277
2021-08-10;"Nitriansky kraj";3;529;1;530;NA;92578;4;2021-08-10;92273
2021-08-09;"Nitriansky kraj";3;916;1;917;NA;92578;4;2021-08-09;92269
2021-08-08;"Nitriansky kraj";0;615;1;616;NA;92578;1;2021-08-08;92265
2021-08-07;"Nitriansky kraj";0;473;1;474;NA;92578;1;2021-08-07;92264
2021-08-06;"Nitriansky kraj";5;693;0;693;NA;92578;5;2021-08-06;92263
2021-08-05;"Nitriansky kraj";6;549;0;549;NA;92578;6;2021-08-05;92258
2021-08-04;"Nitriansky kraj";1;453;0;453;NA;92578;1;2021-08-04;92252
2021-08-03;"Nitriansky kraj";5;445;0;445;NA;92578;5;2021-08-03;92251
2021-08-02;"Nitriansky kraj";1;620;4;624;NA;92578;5;2021-08-02;92246
2021-08-01;"Nitriansky kraj";1;551;0;551;NA;92578;1;2021-08-01;92241
2021-07-31;"Nitriansky kraj";1;468;1;469;NA;92578;2;2021-07-31;92240
2021-07-30;"Nitriansky kraj";2;689;0;689;NA;92578;2;2021-07-30;92238
2021-07-29;"Nitriansky kraj";3;661;2;663;NA;92578;5;2021-07-29;92236
2021-07-28;"Nitriansky kraj";4;598;0;598;NA;92578;4;2021-07-28;92231
2021-07-27;"Nitriansky kraj";12;555;1;556;NA;92578;13;2021-07-27;92227
2021-07-26;"Nitriansky kraj";7;912;0;912;NA;92578;7;2021-07-26;92214
2021-07-25;"Nitriansky kraj";1;591;1;592;NA;92578;2;2021-07-25;92207
2021-07-24;"Nitriansky kraj";0;544;0;544;NA;92578;0;2021-07-24;92205
2021-07-23;"Nitriansky kraj";3;777;1;778;NA;92578;4;2021-07-23;92205
2021-07-22;"Nitriansky kraj";5;622;0;622;NA;92578;5;2021-07-22;92201
2021-07-21;"Nitriansky kraj";6;607;2;609;NA;92578;8;2021-07-21;92196
2021-07-20;"Nitriansky kraj";1;469;1;470;NA;92578;2;2021-07-20;92188
2021-07-19;"Nitriansky kraj";2;924;0;924;NA;92578;2;2021-07-19;92186
2021-07-18;"Nitriansky kraj";1;685;0;685;NA;92578;1;2021-07-18;92184
2021-07-17;"Nitriansky kraj";5;546;0;546;NA;92578;5;2021-07-17;92183
2021-07-16;"Nitriansky kraj";2;784;0;784;NA;92578;2;2021-07-16;92178
2021-07-15;"Nitriansky kraj";11;662;0;662;NA;92578;11;2021-07-15;92176
2021-07-14;"Nitriansky kraj";4;588;0;588;NA;92578;4;2021-07-14;92165
2021-07-13;"Nitriansky kraj";2;637;2;639;NA;92578;4;2021-07-13;92161
2021-07-12;"Nitriansky kraj";1;754;0;754;NA;92578;1;2021-07-12;92157
2021-07-11;"Nitriansky kraj";1;892;0;892;NA;92578;1;2021-07-11;92156
2021-07-10;"Nitriansky kraj";1;573;0;573;NA;92578;1;2021-07-10;92155
2021-07-09;"Nitriansky kraj";3;870;0;870;NA;92578;3;2021-07-09;92154
2021-07-08;"Nitriansky kraj";0;616;0;616;NA;92578;0;2021-07-08;92151
2021-07-07;"Nitriansky kraj";2;874;2;876;NA;92578;4;2021-07-07;92151
2021-07-06;"Nitriansky kraj";1;1198;1;1199;NA;92578;2;2021-07-06;92147
2021-07-05;"Nitriansky kraj";1;452;0;452;NA;92578;1;2021-07-05;92145
2021-07-04;"Nitriansky kraj";0;745;1;746;NA;92578;1;2021-07-04;92144
2021-07-03;"Nitriansky kraj";0;611;0;611;NA;92578;0;2021-07-03;92143
2021-07-02;"Nitriansky kraj";0;1061;0;1061;NA;92578;0;2021-07-02;92143
2021-07-01;"Nitriansky kraj";0;316;1;317;NA;92578;1;2021-07-01;92143
2021-06-30;"Nitriansky kraj";1;6702;2;6704;NA;92578;3;2021-06-30;92142
2021-06-29;"Nitriansky kraj";1;3536;0;3536;NA;92578;1;2021-06-29;92139
2021-06-28;"Nitriansky kraj";3;4393;0;4393;NA;92578;3;2021-06-28;92138
2021-06-27;"Nitriansky kraj";0;3263;0;3263;NA;92578;0;2021-06-27;92135
2021-06-26;"Nitriansky kraj";1;4845;2;4847;NA;92578;3;2021-06-26;92135
2021-06-25;"Nitriansky kraj";8;5174;1;5175;NA;92578;9;2021-06-25;92132
2021-06-24;"Nitriansky kraj";1;3354;0;3354;NA;92578;1;2021-06-24;92123
2021-06-23;"Nitriansky kraj";1;3033;0;3033;NA;92578;1;2021-06-23;92122
2021-06-22;"Nitriansky kraj";1;3240;3;3243;NA;92578;4;2021-06-22;92121
2021-06-21;"Nitriansky kraj";8;5362;8;5370;NA;92578;16;2021-06-21;92117
2021-06-20;"Nitriansky kraj";0;4437;6;4443;NA;92578;6;2021-06-20;92101
2021-06-19;"Nitriansky kraj";0;5750;4;5754;NA;92578;4;2021-06-19;92095
2021-06-18;"Nitriansky kraj";4;6453;3;6456;NA;92578;7;2021-06-18;92091
2021-06-17;"Nitriansky kraj";5;4152;1;4153;NA;92578;6;2021-06-17;92084
2021-06-16;"Nitriansky kraj";4;3694;3;3697;NA;92578;7;2021-06-16;92078
2021-06-15;"Nitriansky kraj";1;3995;0;3995;NA;92578;1;2021-06-15;92071
2021-06-14;"Nitriansky kraj";0;5875;3;5878;NA;92578;3;2021-06-14;92070
2021-06-13;"Nitriansky kraj";0;6184;3;6187;NA;92578;3;2021-06-13;92067
2021-06-12;"Nitriansky kraj";1;7913;1;7914;NA;92578;2;2021-06-12;92064
2021-06-11;"Nitriansky kraj";3;6891;4;6895;NA;92578;7;2021-06-11;92062
2021-06-10;"Nitriansky kraj";7;4539;1;4540;NA;92578;8;2021-06-10;92055
2021-06-09;"Nitriansky kraj";2;4706;2;4708;NA;92578;4;2021-06-09;92047
2021-06-08;"Nitriansky kraj";8;4239;3;4242;NA;92578;11;2021-06-08;92043
2021-06-07;"Nitriansky kraj";6;5841;8;5849;NA;92578;14;2021-06-07;92032
2021-06-06;"Nitriansky kraj";0;6981;4;6985;NA;92578;4;2021-06-06;92018
2021-06-05;"Nitriansky kraj";6;8529;9;8538;NA;92578;15;2021-06-05;92014
2021-06-04;"Nitriansky kraj";9;7608;5;7613;NA;92578;14;2021-06-04;91999
2021-06-03;"Nitriansky kraj";2;5064;6;5070;NA;92578;8;2021-06-03;91985
2021-06-02;"Nitriansky kraj";11;5119;11;5130;NA;92578;22;2021-06-02;91977
2021-06-01;"Nitriansky kraj";3;4847;2;4849;NA;92578;5;2021-06-01;91955
2021-05-31;"Nitriansky kraj";8;8933;8;8941;NA;92578;16;2021-05-31;91950
2021-05-30;"Nitriansky kraj";1;9067;8;9075;NA;92578;9;2021-05-30;91934
2021-05-29;"Nitriansky kraj";2;12799;7;12806;NA;92578;9;2021-05-29;91925
2021-05-28;"Nitriansky kraj";10;8872;6;8878;NA;92578;16;2021-05-28;91916
2021-05-27;"Nitriansky kraj";4;6164;5;6169;NA;92578;9;2021-05-27;91900
2021-05-26;"Nitriansky kraj";11;8509;10;8519;NA;92578;21;2021-05-26;91891
2021-05-25;"Nitriansky kraj";15;7342;8;7350;NA;92578;23;2021-05-25;91870
2021-05-24;"Nitriansky kraj";14;9816;17;9833;NA;92578;31;2021-05-24;91847
2021-05-23;"Nitriansky kraj";1;9456;13;9469;NA;92578;14;2021-05-23;91816
2021-05-22;"Nitriansky kraj";7;16939;11;16950;NA;92578;18;2021-05-22;91802
2021-05-21;"Nitriansky kraj";18;10632;15;10647;NA;92578;33;2021-05-21;91784
2021-05-20;"Nitriansky kraj";8;7185;7;7192;NA;92578;15;2021-05-20;91751
2021-05-19;"Nitriansky kraj";20;6787;14;6801;NA;92578;34;2021-05-19;91736
2021-05-18;"Nitriansky kraj";23;7791;18;7809;NA;92578;41;2021-05-18;91702
2021-05-17;"Nitriansky kraj";22;9774;20;9794;NA;92578;42;2021-05-17;91661
2021-05-16;"Nitriansky kraj";4;13830;15;13845;NA;92578;19;2021-05-16;91619
2021-05-15;"Nitriansky kraj";5;25389;23;25412;NA;92578;28;2021-05-15;91600
2021-05-14;"Nitriansky kraj";18;13385;23;13408;NA;92578;41;2021-05-14;91572
2021-05-13;"Nitriansky kraj";24;8289;19;8308;NA;92578;43;2021-05-13;91531
2021-05-12;"Nitriansky kraj";10;7682;26;7708;NA;92578;36;2021-05-12;91488
2021-05-11;"Nitriansky kraj";36;8163;13;8176;NA;92578;49;2021-05-11;91452
2021-05-10;"Nitriansky kraj";16;13800;42;13842;NA;92578;58;2021-05-10;91403
2021-05-09;"Nitriansky kraj";8;21879;35;21914;NA;92578;43;2021-05-09;91345
2021-05-08;"Nitriansky kraj";0;24318;29;24347;NA;92578;29;2021-05-08;91302
2021-05-07;"Nitriansky kraj";32;14915;20;14935;NA;92578;52;2021-05-07;91273
2021-05-06;"Nitriansky kraj";30;9463;20;9483;NA;92578;50;2021-05-06;91221
2021-05-05;"Nitriansky kraj";19;8527;23;8550;NA;92578;42;2021-05-05;91171
2021-05-04;"Nitriansky kraj";46;9380;27;9407;NA;92578;73;2021-05-04;91129
2021-05-03;"Nitriansky kraj";32;14490;44;14534;NA;92578;76;2021-05-03;91056
2021-05-02;"Nitriansky kraj";4;31751;46;31797;NA;92578;50;2021-05-02;90980
2021-05-01;"Nitriansky kraj";23;60451;43;60494;NA;92578;66;2021-05-01;90930
2021-04-30;"Nitriansky kraj";28;31803;53;31856;NA;92578;81;2021-04-30;90864
2021-04-29;"Nitriansky kraj";27;14265;34;14299;NA;92578;61;2021-04-29;90783
2021-04-28;"Nitriansky kraj";36;14716;45;14761;NA;92578;81;2021-04-28;90722
2021-04-27;"Nitriansky kraj";51;13154;35;13189;NA;92578;86;2021-04-27;90641
2021-04-26;"Nitriansky kraj";38;21029;44;21073;NA;92578;82;2021-04-26;90555
2021-04-25;"Nitriansky kraj";7;44312;46;44358;NA;92578;53;2021-04-25;90473
2021-04-24;"Nitriansky kraj";23;93455;72;93527;NA;92578;95;2021-04-24;90420
2021-04-23;"Nitriansky kraj";54;35145;51;35196;NA;92578;105;2021-04-23;90325
2021-04-22;"Nitriansky kraj";32;15435;44;15479;NA;92578;76;2021-04-22;90220
2021-04-21;"Nitriansky kraj";38;14228;45;14273;NA;92578;83;2021-04-21;90144
2021-04-20;"Nitriansky kraj";67;16058;51;16109;NA;92578;118;2021-04-20;90061
2021-04-19;"Nitriansky kraj";35;24819;59;24878;NA;92578;94;2021-04-19;89943
2021-04-18;"Nitriansky kraj";0;39569;27;39596;NA;92578;27;2021-04-18;89849
2021-04-17;"Nitriansky kraj";34;92102;82;92184;NA;92578;116;2021-04-17;89822
2021-04-16;"Nitriansky kraj";46;32348;37;32385;NA;92578;83;2021-04-16;89706
2021-04-15;"Nitriansky kraj";75;16215;52;16267;NA;92578;127;2021-04-15;89623
2021-04-14;"Nitriansky kraj";43;15303;42;15345;NA;92578;85;2021-04-14;89496
2021-04-13;"Nitriansky kraj";110;15104;44;15148;NA;92578;154;2021-04-13;89411
2021-04-12;"Nitriansky kraj";29;22817;50;22867;NA;92578;79;2021-04-12;89257
2021-04-11;"Nitriansky kraj";1;37537;31;37568;NA;92578;32;2021-04-11;89178
2021-04-10;"Nitriansky kraj";35;95851;115;95966;NA;92578;150;2021-04-10;89146
2021-04-09;"Nitriansky kraj";69;30669;58;30727;NA;92578;127;2021-04-09;88996
2021-04-08;"Nitriansky kraj";71;15369;36;15405;NA;92578;107;2021-04-08;88869
2021-04-07;"Nitriansky kraj";64;18541;47;18588;NA;92578;111;2021-04-07;88762
2021-04-06;"Nitriansky kraj";65;33218;112;33330;NA;92578;177;2021-04-06;88651
2021-04-05;"Nitriansky kraj";37;12673;48;12721;NA;92578;85;2021-04-05;88474
2021-04-04;"Nitriansky kraj";5;17887;35;17922;NA;92578;40;2021-04-04;88389
2021-04-03;"Nitriansky kraj";26;85465;153;85618;NA;92578;179;2021-04-03;88349
2021-04-02;"Nitriansky kraj";32;18743;46;18789;NA;92578;78;2021-04-02;88170
2021-04-01;"Nitriansky kraj";63;24610;83;24693;NA;92578;146;2021-04-01;88092
2021-03-31;"Nitriansky kraj";73;21752;94;21846;NA;92578;167;2021-03-31;87946
2021-03-30;"Nitriansky kraj";125;17122;83;17205;NA;92578;208;2021-03-30;87779
2021-03-29;"Nitriansky kraj";81;25139;100;25239;NA;92578;181;2021-03-29;87571
2021-03-28;"Nitriansky kraj";6;45581;106;45687;NA;92578;112;2021-03-28;87390
2021-03-27;"Nitriansky kraj";39;104104;174;104278;NA;92578;213;2021-03-27;87278
2021-03-26;"Nitriansky kraj";90;40444;115;40559;NA;92578;205;2021-03-26;87065
2021-03-25;"Nitriansky kraj";95;19219;94;19313;NA;92578;189;2021-03-25;86860
2021-03-24;"Nitriansky kraj";90;14787;91;14878;NA;92578;181;2021-03-24;86671
2021-03-23;"Nitriansky kraj";167;16753;66;16819;NA;92578;233;2021-03-23;86490
2021-03-22;"Nitriansky kraj";101;24886;125;25011;NA;92578;226;2021-03-22;86257
2021-03-21;"Nitriansky kraj";27;42773;99;42872;NA;92578;126;2021-03-21;86031
2021-03-20;"Nitriansky kraj";36;100640;207;100847;NA;92578;243;2021-03-20;85905
2021-03-19;"Nitriansky kraj";76;37312;102;37414;NA;92578;178;2021-03-19;85662
2021-03-18;"Nitriansky kraj";103;20051;113;20164;NA;92578;216;2021-03-18;85484
2021-03-17;"Nitriansky kraj";87;15839;127;15966;NA;92578;214;2021-03-17;85268
2021-03-16;"Nitriansky kraj";172;18085;121;18206;NA;92578;293;2021-03-16;85054
2021-03-15;"Nitriansky kraj";130;24491;165;24656;NA;92578;295;2021-03-15;84761
2021-03-14;"Nitriansky kraj";3;45770;107;45877;NA;92578;110;2021-03-14;84466
2021-03-13;"Nitriansky kraj";65;112573;242;112815;NA;92578;307;2021-03-13;84356
2021-03-12;"Nitriansky kraj";127;40777;159;40936;NA;92578;286;2021-03-12;84049
2021-03-11;"Nitriansky kraj";131;18686;130;18816;NA;92578;261;2021-03-11;83763
2021-03-10;"Nitriansky kraj";96;17422;143;17565;NA;92578;239;2021-03-10;83502
2021-03-09;"Nitriansky kraj";260;17635;149;17784;NA;92578;409;2021-03-09;83263
2021-03-08;"Nitriansky kraj";145;27214;172;27386;NA;92578;317;2021-03-08;82854
2021-03-07;"Nitriansky kraj";48;46867;185;47052;NA;92578;233;2021-03-07;82537
2021-03-06;"Nitriansky kraj";86;112027;327;112354;NA;92578;413;2021-03-06;82304
2021-03-05;"Nitriansky kraj";133;39068;200;39268;NA;92578;333;2021-03-05;81891
2021-03-04;"Nitriansky kraj";176;18340;173;18513;NA;92578;349;2021-03-04;81558
2021-03-03;"Nitriansky kraj";172;17210;177;17387;NA;92578;349;2021-03-03;81209
2021-03-02;"Nitriansky kraj";274;21003;366;21369;NA;92578;640;2021-03-02;80860
2021-03-01;"Nitriansky kraj";133;27881;279;28160;NA;92578;412;2021-03-01;80220
2021-02-28;"Nitriansky kraj";80;40866;218;41084;NA;92578;298;2021-02-28;79808
2021-02-27;"Nitriansky kraj";101;106352;496;106848;NA;92578;597;2021-02-27;79510
2021-02-26;"Nitriansky kraj";109;36788;308;37096;NA;92578;417;2021-02-26;78913
2021-02-25;"Nitriansky kraj";188;15243;212;15455;NA;92578;400;2021-02-25;78496
2021-02-24;"Nitriansky kraj";125;13833;260;14093;NA;92578;385;2021-02-24;78096
2021-02-23;"Nitriansky kraj";273;15402;273;15675;NA;92578;546;2021-02-23;77711
2021-02-22;"Nitriansky kraj";154;26478;330;26808;NA;92578;484;2021-02-22;77165
2021-02-21;"Nitriansky kraj";22;43664;320;43984;NA;92578;342;2021-02-21;76681
2021-02-20;"Nitriansky kraj";128;109038;586;109624;NA;92578;714;2021-02-20;76339
2021-02-19;"Nitriansky kraj";173;36849;328;37177;NA;92578;501;2021-02-19;75625
2021-02-18;"Nitriansky kraj";202;17045;275;17320;NA;92578;477;2021-02-18;75124
2021-02-17;"Nitriansky kraj";198;12080;310;12390;NA;92578;508;2021-02-17;74647
2021-02-16;"Nitriansky kraj";284;16066;288;16354;NA;92578;572;2021-02-16;74139
2021-02-15;"Nitriansky kraj";122;28636;474;29110;NA;92578;596;2021-02-15;73567
2021-02-14;"Nitriansky kraj";8;49392;315;49707;NA;92578;323;2021-02-14;72971
2021-02-13;"Nitriansky kraj";127;110294;690;110984;NA;92578;817;2021-02-13;72648
2021-02-12;"Nitriansky kraj";162;33405;407;33812;NA;92578;569;2021-02-12;71831
2021-02-11;"Nitriansky kraj";195;12406;270;12676;NA;92578;465;2021-02-11;71262
2021-02-10;"Nitriansky kraj";186;17770;644;18414;NA;92578;830;2021-02-10;70797
2021-02-09;"Nitriansky kraj";260;18530;385;18915;NA;92578;645;2021-02-09;69967
2021-02-08;"Nitriansky kraj";177;37530;569;38099;NA;92578;746;2021-02-08;69322
2021-02-07;"Nitriansky kraj";20;52307;513;52820;NA;92578;533;2021-02-07;68576
2021-02-06;"Nitriansky kraj";129;101439;764;102203;NA;92578;893;2021-02-06;68043
2021-02-05;"Nitriansky kraj";244;26137;491;26628;NA;92578;735;2021-02-05;67150
2021-02-04;"Nitriansky kraj";308;15681;512;16193;NA;92578;820;2021-02-04;66415
2021-02-03;"Nitriansky kraj";191;13459;382;13841;NA;92578;573;2021-02-03;65595
2021-02-02;"Nitriansky kraj";327;17880;382;18262;NA;92578;709;2021-02-02;65022
2021-02-01;"Nitriansky kraj";221;24002;460;24462;NA;92578;681;2021-02-01;64313
2021-01-31;"Nitriansky kraj";9;46215;507;46722;NA;92578;516;2021-01-31;63632
2021-01-30;"Nitriansky kraj";152;99241;1090;100331;NA;92578;1242;2021-01-30;63116
2021-01-29;"Nitriansky kraj";302;22461;477;22938;NA;92578;779;2021-01-29;61874
2021-01-28;"Nitriansky kraj";269;11370;398;11768;NA;92578;667;2021-01-28;61095
2021-01-27;"Nitriansky kraj";235;6758;299;7057;NA;92578;534;2021-01-27;60428
2021-01-26;"Nitriansky kraj";345;16015;454;16469;NA;92578;799;2021-01-26;59894
2021-01-25;"Nitriansky kraj";201;21909;434;22343;NA;92578;635;2021-01-25;59095
2021-01-24;"Nitriansky kraj";12;79041;897;79938;NA;92578;909;2021-01-24;58460
2021-01-23;"Nitriansky kraj";277;97845;1446;99291;NA;92578;1723;2021-01-23;57551
2021-01-22;"Nitriansky kraj";139;35924;619;36543;NA;92578;758;2021-01-22;55828
2021-01-21;"Nitriansky kraj";305;14649;412;15061;NA;92578;717;2021-01-21;55070
2021-01-20;"Nitriansky kraj";326;11991;625;12616;NA;92578;951;2021-01-20;54353
2021-01-19;"Nitriansky kraj";344;11015;633;11648;NA;92578;977;2021-01-19;53402
2021-01-18;"Nitriansky kraj";367;8901;519;9420;NA;92578;886;2021-01-18;52425
2021-01-17;"Nitriansky kraj";97;15061;275;15336;NA;92578;372;2021-01-17;51539
2021-01-16;"Nitriansky kraj";64;36838;679;37517;NA;92578;743;2021-01-16;51167
2021-01-15;"Nitriansky kraj";373;15940;474;16414;NA;92578;847;2021-01-15;50424
2021-01-14;"Nitriansky kraj";627;10577;452;11029;NA;92578;1079;2021-01-14;49577
2021-01-13;"Nitriansky kraj";663;9234;484;9718;NA;92578;1147;2021-01-13;48498
2021-01-12;"Nitriansky kraj";642;8805;545;9350;NA;92578;1187;2021-01-12;47351
2021-01-11;"Nitriansky kraj";422;8347;513;8860;NA;92578;935;2021-01-11;46164
2021-01-10;"Nitriansky kraj";44;19841;730;20571;NA;92578;774;2021-01-10;45229
2021-01-09;"Nitriansky kraj";532;36823;1071;37894;NA;92578;1603;2021-01-09;44455
2021-01-08;"Nitriansky kraj";817;14001;691;14692;NA;92578;1508;2021-01-08;42852
2021-01-07;"Nitriansky kraj";438;10121;795;10916;NA;92578;1233;2021-01-07;41344
2021-01-06;"Nitriansky kraj";259;3192;197;3389;NA;92578;456;2021-01-06;40111
2021-01-05;"Nitriansky kraj";732;8918;1208;10126;NA;92578;1940;2021-01-05;39655
2021-01-04;"Nitriansky kraj";362;8375;1287;9662;NA;92578;1649;2021-01-04;37715
2021-01-03;"Nitriansky kraj";42;84;20;104;NA;92578;62;2021-01-03;36066
2021-01-02;"Nitriansky kraj";249;1090;26;1116;NA;92578;275;2021-01-02;36004
2021-01-01;"Nitriansky kraj";119;781;95;876;NA;92578;214;2021-01-01;35729
2020-12-31;"Nitriansky kraj";786;7646;962;8608;NA;92578;1748;2020-12-31;35515
2020-12-30;"Nitriansky kraj";1094;9619;1165;10784;NA;92578;2259;2020-12-30;33767
2020-12-29;"Nitriansky kraj";607;8028;1245;9273;NA;92578;1852;2020-12-29;31508
2020-12-28;"Nitriansky kraj";83;6804;1220;8024;NA;92578;1303;2020-12-28;29656
2020-12-27;"Nitriansky kraj";22;60;8;68;NA;92578;30;2020-12-27;28353
2020-12-26;"Nitriansky kraj";54;297;56;353;NA;92578;110;2020-12-26;28323
2020-12-25;"Nitriansky kraj";35;60;11;71;NA;92578;46;2020-12-25;28213
2020-12-24;"Nitriansky kraj";514;1861;176;2037;NA;92578;690;2020-12-24;28167
2020-12-23;"Nitriansky kraj";349;14679;782;15461;NA;92578;1131;2020-12-23;27477
2020-12-22;"Nitriansky kraj";673;10623;949;11572;NA;92578;1622;2020-12-22;26346
2020-12-21;"Nitriansky kraj";128;7587;931;8518;NA;92578;1059;2020-12-21;24724
2020-12-20;"Nitriansky kraj";77;50;10;60;NA;92578;87;2020-12-20;23665
2020-12-19;"Nitriansky kraj";262;2259;159;2418;NA;92578;421;2020-12-19;23578
2020-12-18;"Nitriansky kraj";512;7946;518;8464;NA;92578;1030;2020-12-18;23157
2020-12-17;"Nitriansky kraj";586;6519;486;7005;NA;92578;1072;2020-12-17;22127
2020-12-16;"Nitriansky kraj";357;8097;500;8597;NA;92578;857;2020-12-16;21055
2020-12-15;"Nitriansky kraj";461;9084;750;9834;NA;92578;1211;2020-12-15;20198
2020-12-14;"Nitriansky kraj";217;7816;797;8613;NA;92578;1014;2020-12-14;18987
2020-12-13;"Nitriansky kraj";12;69;6;75;NA;92578;18;2020-12-13;17973
2020-12-12;"Nitriansky kraj";341;1832;125;1957;NA;92578;466;2020-12-12;17955
2020-12-11;"Nitriansky kraj";409;5117;384;5501;NA;92578;793;2020-12-11;17489
2020-12-10;"Nitriansky kraj";360;5239;345;5584;NA;92578;705;2020-12-10;16696
2020-12-09;"Nitriansky kraj";362;5494;529;6023;NA;92578;891;2020-12-09;15991
2020-12-08;"Nitriansky kraj";340;8168;548;8716;NA;92578;888;2020-12-08;15100
2020-12-07;"Nitriansky kraj";139;6243;573;6816;NA;92578;712;2020-12-07;14212
2020-12-06;"Nitriansky kraj";15;89;4;93;NA;92578;19;2020-12-06;13500
2020-12-05;"Nitriansky kraj";136;1388;19;1407;NA;92578;155;2020-12-05;13481
2020-12-04;"Nitriansky kraj";232;2884;74;2958;NA;92578;306;2020-12-04;13326
2020-12-03;"Nitriansky kraj";248;2471;110;2581;NA;92578;358;2020-12-03;13020
2020-12-02;"Nitriansky kraj";252;2580;151;2731;NA;92578;403;2020-12-02;12662
2020-12-01;"Nitriansky kraj";331;2891;131;3022;NA;92578;462;2020-12-01;12259
2020-11-30;"Nitriansky kraj";91;4228;188;4416;NA;92578;279;2020-11-30;11797
2020-11-29;"Nitriansky kraj";3;634;42;676;NA;92578;45;2020-11-29;11518
2020-11-28;"Nitriansky kraj";135;892;31;923;NA;92578;166;2020-11-28;11473
2020-11-27;"Nitriansky kraj";177;2069;73;2142;NA;92578;250;2020-11-27;11307
2020-11-26;"Nitriansky kraj";191;2813;80;2893;NA;92578;271;2020-11-26;11057
2020-11-25;"Nitriansky kraj";325;2478;91;2569;NA;92578;416;2020-11-25;10786
2020-11-24;"Nitriansky kraj";147;1641;64;1705;NA;92578;211;2020-11-24;10370
2020-11-23;"Nitriansky kraj";102;9891;212;10103;NA;92578;314;2020-11-23;10159
2020-11-22;"Nitriansky kraj";7;1176;25;1201;NA;92578;32;2020-11-22;9845
2020-11-21;"Nitriansky kraj";86;1083;38;1121;NA;92578;124;2020-11-21;9813
2020-11-20;"Nitriansky kraj";264;4180;103;4283;NA;92578;367;2020-11-20;9689
2020-11-19;"Nitriansky kraj";185;3065;134;3199;NA;92578;319;2020-11-19;9322
2020-11-18;"Nitriansky kraj";188;2214;79;2293;NA;92578;267;2020-11-18;9003
2020-11-17;"Nitriansky kraj";178;596;29;625;NA;92578;207;2020-11-17;8736
2020-11-16;"Nitriansky kraj";139;1877;75;1952;NA;92578;214;2020-11-16;8529
2020-11-15;"Nitriansky kraj";14;180;5;185;NA;92578;19;2020-11-15;8315
2020-11-14;"Nitriansky kraj";114;1131;32;1163;NA;92578;146;2020-11-14;8296
2020-11-13;"Nitriansky kraj";210;936;46;982;NA;92578;256;2020-11-13;8150
2020-11-12;"Nitriansky kraj";256;1195;35;1230;NA;92578;291;2020-11-12;7894
2020-11-11;"Nitriansky kraj";279;1247;22;1269;NA;92578;301;2020-11-11;7603
2020-11-10;"Nitriansky kraj";192;2623;39;2662;NA;92578;231;2020-11-10;7302
2020-11-09;"Nitriansky kraj";128;3136;43;3179;NA;92578;171;2020-11-09;7071
2020-11-08;"Nitriansky kraj";43;1462;32;1494;NA;92578;75;2020-11-08;6900
2020-11-07;"Nitriansky kraj";130;1046;4;1050;NA;92578;134;2020-11-07;6825
2020-11-06;"Nitriansky kraj";210;2264;32;2296;NA;92578;242;2020-11-06;6691
2020-11-05;"Nitriansky kraj";178;313;14;327;NA;92578;192;2020-11-05;6449
2020-11-04;"Nitriansky kraj";211;297;16;313;NA;92578;227;2020-11-04;6257
2020-11-03;"Nitriansky kraj";216;435;25;460;NA;92578;241;2020-11-03;6030
2020-11-02;"Nitriansky kraj";171;4208;46;4254;NA;92578;217;2020-11-02;5789
2020-11-01;"Nitriansky kraj";130;2546;27;2573;NA;92578;157;2020-11-01;5572
2020-10-31;"Nitriansky kraj";261;10466;134;10600;NA;92578;395;2020-10-31;5415
2020-10-30;"Nitriansky kraj";204;2593;42;2635;NA;92578;246;2020-10-30;5020
2020-10-29;"Nitriansky kraj";293;841;39;880;NA;92578;332;2020-10-29;4774
2020-10-28;"Nitriansky kraj";216;608;59;667;NA;92578;275;2020-10-28;4442
2020-10-27;"Nitriansky kraj";296;550;47;597;NA;92578;343;2020-10-27;4167
2020-10-26;"Nitriansky kraj";69;633;56;689;NA;92578;125;2020-10-26;3824
2020-10-25;"Nitriansky kraj";50;62;8;70;NA;92578;58;2020-10-25;3699
2020-10-24;"Nitriansky kraj";169;237;11;248;NA;92578;180;2020-10-24;3641
2020-10-23;"Nitriansky kraj";282;762;41;803;NA;92578;323;2020-10-23;3461
2020-10-22;"Nitriansky kraj";137;444;39;483;NA;92578;176;2020-10-22;3138
2020-10-21;"Nitriansky kraj";146;208;3;211;NA;92578;149;2020-10-21;2962
2020-10-20;"Nitriansky kraj";197;78;6;84;NA;92578;203;2020-10-20;2813
2020-10-19;"Nitriansky kraj";148;79;1;80;NA;92578;149;2020-10-19;2610
2020-10-18;"Nitriansky kraj";22;0;0;0;NA;92578;22;2020-10-18;2461
2020-10-17;"Nitriansky kraj";67;0;0;0;NA;92578;67;2020-10-17;2439
2020-10-16;"Nitriansky kraj";133;28;3;31;NA;92578;136;2020-10-16;2372
2020-10-15;"Nitriansky kraj";106;31;2;33;NA;92578;108;2020-10-15;2236
2020-10-14;"Nitriansky kraj";80;22;4;26;NA;92578;84;2020-10-14;2128
2020-10-13;"Nitriansky kraj";101;82;2;84;NA;92578;103;2020-10-13;2044
2020-10-12;"Nitriansky kraj";36;0;0;0;NA;92578;36;2020-10-12;1941
2020-10-11;"Nitriansky kraj";8;0;0;0;NA;92578;8;2020-10-11;1905
2020-10-10;"Nitriansky kraj";107;0;0;0;NA;92578;107;2020-10-10;1897
2020-10-09;"Nitriansky kraj";120;0;0;0;NA;92578;120;2020-10-09;1790
2020-10-08;"Nitriansky kraj";132;0;0;0;NA;92578;132;2020-10-08;1670
2020-10-07;"Nitriansky kraj";81;0;0;0;NA;92578;81;2020-10-07;1538
2020-10-06;"Nitriansky kraj";48;0;0;0;NA;92578;48;2020-10-06;1457
2020-10-05;"Nitriansky kraj";20;0;0;0;NA;92578;20;2020-10-05;1409
2020-10-04;"Nitriansky kraj";17;0;0;0;NA;92578;17;2020-10-04;1389
2020-10-03;"Nitriansky kraj";96;0;0;0;NA;92578;96;2020-10-03;1372
2020-10-02;"Nitriansky kraj";108;0;0;0;NA;92578;108;2020-10-02;1276
2020-10-01;"Nitriansky kraj";95;0;0;0;NA;92578;95;2020-10-01;1168
2020-09-30;"Nitriansky kraj";100;0;0;0;NA;92578;100;2020-09-30;1073
2020-09-29;"Nitriansky kraj";50;0;0;0;NA;92578;50;2020-09-29;973
2020-09-28;"Nitriansky kraj";22;0;0;0;NA;92578;22;2020-09-28;923
2020-09-27;"Nitriansky kraj";16;0;0;0;NA;92578;16;2020-09-27;901
2020-09-26;"Nitriansky kraj";64;0;0;0;NA;92578;64;2020-09-26;885
2020-09-25;"Nitriansky kraj";90;0;0;0;NA;92578;90;2020-09-25;821
2020-09-24;"Nitriansky kraj";51;0;0;0;NA;92578;51;2020-09-24;731
2020-09-23;"Nitriansky kraj";70;0;0;0;NA;92578;70;2020-09-23;680
2020-09-22;"Nitriansky kraj";18;0;0;0;NA;92578;18;2020-09-22;610
2020-09-21;"Nitriansky kraj";10;0;0;0;NA;92578;10;2020-09-21;592
2020-09-20;"Nitriansky kraj";4;0;0;0;NA;92578;4;2020-09-20;582
2020-09-19;"Nitriansky kraj";14;0;0;0;NA;92578;14;2020-09-19;578
2020-09-18;"Nitriansky kraj";19;0;0;0;NA;92578;19;2020-09-18;564
2020-09-17;"Nitriansky kraj";30;0;0;0;NA;92578;30;2020-09-17;545
2020-09-16;"Nitriansky kraj";6;0;0;0;NA;92578;6;2020-09-16;515
2020-09-15;"Nitriansky kraj";19;0;0;0;NA;92578;19;2020-09-15;509
2020-09-14;"Nitriansky kraj";28;0;0;0;NA;92578;28;2020-09-14;490
2020-09-13;"Nitriansky kraj";3;0;0;0;NA;92578;3;2020-09-13;462
2020-09-12;"Nitriansky kraj";12;0;0;0;NA;92578;12;2020-09-12;459
2020-09-11;"Nitriansky kraj";23;0;0;0;NA;92578;23;2020-09-11;447
2020-09-10;"Nitriansky kraj";29;0;0;0;NA;92578;29;2020-09-10;424
2020-09-09;"Nitriansky kraj";19;0;0;0;NA;92578;19;2020-09-09;395
2020-09-08;"Nitriansky kraj";17;0;0;0;NA;92578;17;2020-09-08;376
2020-09-07;"Nitriansky kraj";17;0;0;0;NA;92578;17;2020-09-07;359
2020-09-06;"Nitriansky kraj";0;0;0;0;NA;92578;0;2020-09-06;342
2020-09-05;"Nitriansky kraj";22;0;0;0;NA;92578;22;2020-09-05;342
2020-09-04;"Nitriansky kraj";34;0;0;0;NA;92578;34;2020-09-04;320
2020-09-03;"Nitriansky kraj";15;0;0;0;NA;92578;15;2020-09-03;286
2020-09-02;"Nitriansky kraj";15;0;0;0;NA;92578;15;2020-09-02;271
2020-09-01;"Nitriansky kraj";2;0;0;0;NA;92578;2;2020-09-01;256
2020-08-31;"Nitriansky kraj";12;0;0;0;NA;92578;12;2020-08-31;254
2020-08-30;"Nitriansky kraj";1;0;0;0;NA;92578;1;2020-08-30;242
2020-08-29;"Nitriansky kraj";7;46;0;46;NA;92578;7;2020-08-29;241
2020-08-28;"Nitriansky kraj";12;0;0;0;NA;92578;12;2020-08-28;234
2020-08-27;"Nitriansky kraj";12;0;0;0;NA;92578;12;2020-08-27;222
2020-08-26;"Nitriansky kraj";4;0;0;0;NA;92578;4;2020-08-26;210
2020-08-25;"Nitriansky kraj";8;0;0;0;NA;92578;8;2020-08-25;206
2020-08-24;"Nitriansky kraj";1;0;0;0;NA;92578;1;2020-08-24;198
2020-08-23;"Nitriansky kraj";1;0;0;0;NA;92578;1;2020-08-23;197
2020-08-22;"Nitriansky kraj";2;0;0;0;NA;92578;2;2020-08-22;196
2020-08-21;"Nitriansky kraj";0;0;0;0;NA;92578;0;2020-08-21;194
2020-08-20;"Nitriansky kraj";7;0;0;0;NA;92578;7;2020-08-20;194
2020-08-19;"Nitriansky kraj";1;0;0;0;NA;92578;1;2020-08-19;187
2020-08-18;"Nitriansky kraj";2;0;0;0;NA;92578;2;2020-08-18;186
2020-08-17;"Nitriansky kraj";1;0;0;0;NA;92578;1;2020-08-17;184
2020-08-16;"Nitriansky kraj";0;0;0;0;NA;92578;0;2020-08-16;183
2020-08-15;"Nitriansky kraj";2;0;0;0;NA;92578;2;2020-08-15;183
2020-08-14;"Nitriansky kraj";1;0;0;0;NA;92578;1;2020-08-14;181
2020-08-13;"Nitriansky kraj";4;0;0;0;NA;92578;4;2020-08-13;180
2020-08-12;"Nitriansky kraj";0;0;0;0;NA;92578;0;2020-08-12;176
2020-08-11;"Nitriansky kraj";1;0;0;0;NA;92578;1;2020-08-11;176
2020-08-10;"Nitriansky kraj";0;0;0;0;NA;92578;0;2020-08-10;175
2020-08-09;"Nitriansky kraj";0;0;0;0;NA;92578;0;2020-08-09;175
2020-08-08;"Nitriansky kraj";0;0;0;0;NA;92578;0;2020-08-08;175
2020-08-07;"Nitriansky kraj";4;0;0;0;NA;92578;4;2020-08-07;175
2020-08-06;"Nitriansky kraj";4;0;0;0;NA;92578;4;2020-08-06;171
2020-08-05;"Nitriansky kraj";0;0;0;0;NA;92578;0;2020-08-05;167
2020-08-04;"Nitriansky kraj";7;0;0;0;NA;92578;7;2020-08-04;167
2020-08-03;"Nitriansky kraj";0;0;0;0;NA;92578;0;2020-08-03;160
2020-08-02;"Nitriansky kraj";0;0;0;0;NA;92578;0;2020-08-02;160
2020-08-01;"Nitriansky kraj";0;0;0;0;NA;92578;0;2020-08-01;160
2020-07-31;"Nitriansky kraj";0;0;0;0;NA;92578;0;2020-07-31;160
2020-07-30;"Nitriansky kraj";0;0;0;0;NA;92578;0;2020-07-30;160
2020-07-29;"Nitriansky kraj";0;0;0;0;NA;92578;0;2020-07-29;160
2020-07-28;"Nitriansky kraj";0;0;0;0;NA;92578;0;2020-07-28;160
2020-07-27;"Nitriansky kraj";0;0;0;0;NA;92578;0;2020-07-27;160
2020-07-26;"Nitriansky kraj";0;0;0;0;NA;92578;0;2020-07-26;160
2020-07-25;"Nitriansky kraj";0;0;0;0;NA;92578;0;2020-07-25;160
2020-07-24;"Nitriansky kraj";1;0;0;0;NA;92578;1;2020-07-24;160
2020-07-23;"Nitriansky kraj";3;0;0;0;NA;92578;3;2020-07-23;159
2020-07-22;"Nitriansky kraj";2;0;0;0;NA;92578;2;2020-07-22;156
2020-07-21;"Nitriansky kraj";14;0;0;0;NA;92578;14;2020-07-21;154
2020-07-20;"Nitriansky kraj";11;0;0;0;NA;92578;11;2020-07-20;140
2020-07-19;"Nitriansky kraj";0;0;0;0;NA;92578;0;2020-07-19;129
2020-07-18;"Nitriansky kraj";0;0;0;0;NA;92578;0;2020-07-18;129
2020-07-17;"Nitriansky kraj";0;0;0;0;NA;92578;0;2020-07-17;129
2020-07-16;"Nitriansky kraj";4;0;0;0;NA;92578;4;2020-07-16;129
2020-07-15;"Nitriansky kraj";5;0;0;0;NA;92578;5;2020-07-15;125
2020-07-14;"Nitriansky kraj";0;0;0;0;NA;92578;0;2020-07-14;120
2020-07-13;"Nitriansky kraj";0;0;0;0;NA;92578;0;2020-07-13;120
2020-07-12;"Nitriansky kraj";0;0;0;0;NA;92578;0;2020-07-12;120
2020-07-11;"Nitriansky kraj";0;0;0;0;NA;92578;0;2020-07-11;120
2020-07-10;"Nitriansky kraj";0;0;0;0;NA;92578;0;2020-07-10;120
2020-07-09;"Nitriansky kraj";1;0;0;0;NA;92578;1;2020-07-09;120
2020-07-08;"Nitriansky kraj";2;0;0;0;NA;92578;2;2020-07-08;119
2020-07-07;"Nitriansky kraj";0;0;0;0;NA;92578;0;2020-07-07;117
2020-07-06;"Nitriansky kraj";0;0;0;0;NA;92578;0;2020-07-06;117
2020-07-05;"Nitriansky kraj";0;0;0;0;NA;92578;0;2020-07-05;117
2020-07-04;"Nitriansky kraj";0;0;0;0;NA;92578;0;2020-07-04;117
2020-07-03;"Nitriansky kraj";0;0;0;0;NA;92578;0;2020-07-03;117
2020-07-02;"Nitriansky kraj";0;0;0;0;NA;92578;0;2020-07-02;117
2020-07-01;"Nitriansky kraj";3;0;0;0;NA;92578;3;2020-07-01;117
2020-06-30;"Nitriansky kraj";0;0;0;0;NA;92578;0;2020-06-30;114
2020-06-29;"Nitriansky kraj";0;0;0;0;NA;92578;0;2020-06-29;114
2020-06-28;"Nitriansky kraj";0;0;0;0;NA;92578;0;2020-06-28;114
2020-06-27;"Nitriansky kraj";0;0;0;0;NA;92578;0;2020-06-27;114
2020-06-26;"Nitriansky kraj";0;0;0;0;NA;92578;0;2020-06-26;114
2020-06-25;"Nitriansky kraj";0;0;0;0;NA;92578;0;2020-06-25;114
2020-06-24;"Nitriansky kraj";1;0;0;0;NA;92578;1;2020-06-24;114
2020-06-23;"Nitriansky kraj";0;0;0;0;NA;92578;0;2020-06-23;113
2020-06-22;"Nitriansky kraj";0;0;0;0;NA;92578;0;2020-06-22;113
2020-06-21;"Nitriansky kraj";0;0;0;0;NA;92578;0;2020-06-21;113
2020-06-20;"Nitriansky kraj";0;0;0;0;NA;92578;0;2020-06-20;113
2020-06-19;"Nitriansky kraj";0;0;0;0;NA;92578;0;2020-06-19;113
2020-06-18;"Nitriansky kraj";0;0;0;0;NA;92578;0;2020-06-18;113
2020-06-17;"Nitriansky kraj";0;0;0;0;NA;92578;0;2020-06-17;113
2020-06-16;"Nitriansky kraj";0;0;0;0;NA;92578;0;2020-06-16;113
2020-06-14;"Nitriansky kraj";0;0;0;0;NA;92578;0;2020-06-14;113
2020-06-13;"Nitriansky kraj";0;0;0;0;NA;92578;0;2020-06-13;113
2020-06-12;"Nitriansky kraj";0;0;0;0;NA;92578;0;2020-06-12;113
2020-06-11;"Nitriansky kraj";0;0;0;0;NA;92578;0;2020-06-11;113
2020-06-10;"Nitriansky kraj";1;0;0;0;NA;92578;1;2020-06-10;113
2020-06-09;"Nitriansky kraj";1;0;0;0;NA;92578;1;2020-06-09;112
2020-06-08;"Nitriansky kraj";0;0;0;0;NA;92578;0;2020-06-08;111
2020-06-07;"Nitriansky kraj";0;0;0;0;NA;92578;0;2020-06-07;111
2020-06-05;"Nitriansky kraj";0;0;0;0;NA;92578;0;2020-06-05;111
2020-06-03;"Nitriansky kraj";0;0;0;0;NA;92578;0;2020-06-03;111
2020-06-02;"Nitriansky kraj";1;0;0;0;NA;92578;1;2020-06-02;111
2020-05-31;"Nitriansky kraj";0;0;0;0;NA;92578;0;2020-05-31;110
2020-05-29;"Nitriansky kraj";0;0;0;0;NA;92578;0;2020-05-29;110
2020-05-27;"Nitriansky kraj";0;0;0;0;NA;92578;0;2020-05-27;110
2020-05-26;"Nitriansky kraj";0;0;0;0;NA;92578;0;2020-05-26;110
2020-05-25;"Nitriansky kraj";0;0;0;0;NA;92578;0;2020-05-25;110
2020-05-24;"Nitriansky kraj";2;0;0;0;NA;92578;2;2020-05-24;110
2020-05-23;"Nitriansky kraj";0;0;0;0;NA;92578;0;2020-05-23;108
2020-05-22;"Nitriansky kraj";1;0;0;0;NA;92578;1;2020-05-22;108
2020-05-21;"Nitriansky kraj";0;0;0;0;NA;92578;0;2020-05-21;107
2020-05-20;"Nitriansky kraj";0;0;0;0;NA;92578;0;2020-05-20;107
2020-05-19;"Nitriansky kraj";0;0;0;0;NA;92578;0;2020-05-19;107
2020-05-17;"Nitriansky kraj";0;0;0;0;NA;92578;0;2020-05-17;107
2020-05-16;"Nitriansky kraj";0;0;0;0;NA;92578;0;2020-05-16;107
2020-05-15;"Nitriansky kraj";1;0;0;0;NA;92578;1;2020-05-15;107
2020-05-14;"Nitriansky kraj";0;0;0;0;NA;92578;0;2020-05-14;106
2020-05-13;"Nitriansky kraj";0;0;0;0;NA;92578;0;2020-05-13;106
2020-05-12;"Nitriansky kraj";0;0;0;0;NA;92578;0;2020-05-12;106
2020-05-11;"Nitriansky kraj";2;0;0;0;NA;92578;2;2020-05-11;106
2020-05-09;"Nitriansky kraj";0;0;0;0;NA;92578;0;2020-05-09;104
2020-05-07;"Nitriansky kraj";1;0;0;0;NA;92578;1;2020-05-07;104
2020-05-06;"Nitriansky kraj";9;0;0;0;NA;92578;9;2020-05-06;103
2020-05-05;"Nitriansky kraj";0;0;0;0;NA;92578;0;2020-05-05;94
2020-05-04;"Nitriansky kraj";5;0;0;0;NA;92578;5;2020-05-04;94
2020-05-03;"Nitriansky kraj";2;0;0;0;NA;92578;2;2020-05-03;89
2020-05-02;"Nitriansky kraj";0;0;0;0;NA;92578;0;2020-05-02;87
2020-05-01;"Nitriansky kraj";1;0;0;0;NA;92578;1;2020-05-01;87
2020-04-30;"Nitriansky kraj";0;0;0;0;NA;92578;0;2020-04-30;86
2020-04-29;"Nitriansky kraj";0;0;0;0;NA;92578;0;2020-04-29;86
2020-04-28;"Nitriansky kraj";1;0;0;0;NA;92578;1;2020-04-28;86
2020-04-27;"Nitriansky kraj";0;0;0;0;NA;92578;0;2020-04-27;85
2020-04-26;"Nitriansky kraj";0;0;0;0;NA;92578;0;2020-04-26;85
2020-04-25;"Nitriansky kraj";0;0;0;0;NA;92578;0;2020-04-25;85
2020-04-24;"Nitriansky kraj";0;0;0;0;NA;92578;0;2020-04-24;85
2020-04-23;"Nitriansky kraj";3;0;0;0;NA;92578;3;2020-04-23;85
2020-04-22;"Nitriansky kraj";16;0;0;0;NA;92578;16;2020-04-22;82
2020-04-21;"Nitriansky kraj";6;0;0;0;NA;92578;6;2020-04-21;66
2020-04-20;"Nitriansky kraj";5;0;0;0;NA;92578;5;2020-04-20;60
2020-04-19;"Nitriansky kraj";0;0;0;0;NA;92578;0;2020-04-19;55
2020-04-18;"Nitriansky kraj";0;0;0;0;NA;92578;0;2020-04-18;55
2020-04-17;"Nitriansky kraj";7;0;0;0;NA;92578;7;2020-04-17;55
2020-04-16;"Nitriansky kraj";0;0;0;0;NA;92578;0;2020-04-16;48
2020-04-15;"Nitriansky kraj";6;0;0;0;NA;92578;6;2020-04-15;48
2020-04-14;"Nitriansky kraj";2;0;0;0;NA;92578;2;2020-04-14;42
2020-04-13;"Nitriansky kraj";1;0;0;0;NA;92578;1;2020-04-13;40
2020-04-12;"Nitriansky kraj";3;0;0;0;NA;92578;3;2020-04-12;39
2020-04-11;"Nitriansky kraj";1;0;0;0;NA;92578;1;2020-04-11;36
2020-04-10;"Nitriansky kraj";1;0;0;0;NA;92578;1;2020-04-10;35
2020-04-09;"Nitriansky kraj";0;0;0;0;NA;92578;0;2020-04-09;34
2020-04-08;"Nitriansky kraj";2;0;0;0;NA;92578;2;2020-04-08;34
2020-04-07;"Nitriansky kraj";3;0;0;0;NA;92578;3;2020-04-07;32
2020-04-06;"Nitriansky kraj";4;0;0;0;NA;92578;4;2020-04-06;29
2020-04-05;"Nitriansky kraj";5;0;0;0;NA;92578;5;2020-04-05;25
2020-04-04;"Nitriansky kraj";0;0;0;0;NA;92578;0;2020-04-04;20
2020-04-03;"Nitriansky kraj";0;0;0;0;NA;92578;0;2020-04-03;20
2020-04-02;"Nitriansky kraj";1;0;0;0;NA;92578;1;2020-04-02;20
2020-04-01;"Nitriansky kraj";0;0;0;0;NA;92578;0;2020-04-01;19
2020-03-31;"Nitriansky kraj";3;0;0;0;NA;92578;3;2020-03-31;19
2020-03-30;"Nitriansky kraj";3;0;0;0;NA;92578;3;2020-03-30;16
2020-03-29;"Nitriansky kraj";3;0;0;0;NA;92578;3;2020-03-29;13
2020-03-28;"Nitriansky kraj";1;0;0;0;NA;92578;1;2020-03-28;10
2020-03-27;"Nitriansky kraj";1;0;0;0;NA;92578;1;2020-03-27;9
2020-03-26;"Nitriansky kraj";1;0;0;0;NA;92578;1;2020-03-26;8
2020-03-25;"Nitriansky kraj";1;0;0;0;NA;92578;1;2020-03-25;7
2020-03-24;"Nitriansky kraj";0;0;0;0;NA;92578;0;2020-03-24;6
2020-03-23;"Nitriansky kraj";2;0;0;0;NA;92578;2;2020-03-23;6
2020-03-22;"Nitriansky kraj";2;0;0;0;NA;92578;2;2020-03-22;4
2020-03-21;"Nitriansky kraj";2;0;0;0;NA;92578;2;2020-03-21;2
2020-03-20;"Nitriansky kraj";1;0;0;0;NA;92578;1;2020-03-20;0
2020-03-19;"Nitriansky kraj";1;0;0;0;NA;92578;1;2020-03-19;-1
2020-03-18;"Nitriansky kraj";2;0;0;0;NA;92578;2;2020-03-18;-2
2020-03-17;"Nitriansky kraj";1;0;0;0;NA;92578;1;2020-03-17;-4
2020-03-16;"Nitriansky kraj";0;0;0;0;NA;92578;0;2020-03-16;-5
2020-03-15;"Nitriansky kraj";4;0;0;0;NA;92578;4;2020-03-15;-5
2020-03-14;"Nitriansky kraj";1;0;0;0;NA;92578;1;2020-03-14;-9
2020-03-13;"Nitriansky kraj";0;0;0;0;NA;92578;0;2020-03-13;-10
2020-03-12;"Nitriansky kraj";0;0;0;0;NA;92578;0;2020-03-12;-10
2020-03-11;"Nitriansky kraj";0;0;0;0;NA;92578;0;2020-03-11;-10
2020-03-09;"Nitriansky kraj";0;0;0;0;NA;92578;0;2020-03-09;-10
2020-03-08;"Nitriansky kraj";0;0;0;0;NA;92578;0;2020-03-08;-10
2020-03-07;"Nitriansky kraj";0;0;0;0;NA;92578;0;2020-03-07;-10
2020-03-06;"Nitriansky kraj";0;0;0;0;NA;92578;0;2020-03-06;-10
2021-09-05;"Prešovský kraj";5;644;2;646;60711;114410;7;2021-09-05;114410
2021-09-04;"Prešovský kraj";27;1351;12;1363;NA;114410;39;2021-09-04;114403
2021-09-03;"Prešovský kraj";39;2141;14;2155;NA;114410;53;2021-09-03;114364
2021-09-02;"Prešovský kraj";39;2434;18;2452;NA;114410;57;2021-09-02;114311
2021-09-01;"Prešovský kraj";14;516;6;522;NA;114410;20;2021-09-01;114254
2021-08-31;"Prešovský kraj";47;2340;13;2353;NA;114410;60;2021-08-31;114234
2021-08-30;"Prešovský kraj";23;2612;19;2631;NA;114410;42;2021-08-30;114174
2021-08-29;"Prešovský kraj";3;716;1;717;NA;114410;4;2021-08-29;114132
2021-08-28;"Prešovský kraj";5;2006;8;2014;NA;114410;13;2021-08-28;114128
2021-08-27;"Prešovský kraj";32;2895;8;2903;NA;114410;40;2021-08-27;114115
2021-08-26;"Prešovský kraj";13;2012;8;2020;NA;114410;21;2021-08-26;114075
2021-08-25;"Prešovský kraj";18;1847;4;1851;NA;114410;22;2021-08-25;114054
2021-08-24;"Prešovský kraj";10;2043;5;2048;NA;114410;15;2021-08-24;114032
2021-08-23;"Prešovský kraj";16;2489;5;2494;NA;114410;21;2021-08-23;114017
2021-08-22;"Prešovský kraj";0;1359;6;1365;NA;114410;6;2021-08-22;113996
2021-08-21;"Prešovský kraj";29;1943;4;1947;NA;114410;33;2021-08-21;113990
2021-08-20;"Prešovský kraj";15;2824;7;2831;NA;114410;22;2021-08-20;113957
2021-08-19;"Prešovský kraj";22;2198;8;2206;NA;114410;30;2021-08-19;113935
2021-08-18;"Prešovský kraj";6;1734;11;1745;NA;114410;17;2021-08-18;113905
2021-08-17;"Prešovský kraj";29;1781;6;1787;NA;114410;35;2021-08-17;113888
2021-08-16;"Prešovský kraj";11;2430;7;2437;NA;114410;18;2021-08-16;113853
2021-08-15;"Prešovský kraj";0;837;2;839;NA;114410;2;2021-08-15;113835
2021-08-14;"Prešovský kraj";14;1603;1;1604;NA;114410;15;2021-08-14;113833
2021-08-13;"Prešovský kraj";24;1619;12;1631;NA;114410;36;2021-08-13;113818
2021-08-12;"Prešovský kraj";9;1718;3;1721;NA;114410;12;2021-08-12;113782
2021-08-11;"Prešovský kraj";15;1180;4;1184;NA;114410;19;2021-08-11;113770
2021-08-10;"Prešovský kraj";10;1088;4;1092;NA;114410;14;2021-08-10;113751
2021-08-09;"Prešovský kraj";13;2131;4;2135;NA;114410;17;2021-08-09;113737
2021-08-08;"Prešovský kraj";2;629;2;631;NA;114410;4;2021-08-08;113720
2021-08-07;"Prešovský kraj";5;1064;3;1067;NA;114410;8;2021-08-07;113716
2021-08-06;"Prešovský kraj";9;1409;4;1413;NA;114410;13;2021-08-06;113708
2021-08-05;"Prešovský kraj";9;1356;2;1358;NA;114410;11;2021-08-05;113695
2021-08-04;"Prešovský kraj";6;981;1;982;NA;114410;7;2021-08-04;113684
2021-08-03;"Prešovský kraj";8;967;1;968;NA;114410;9;2021-08-03;113677
2021-08-02;"Prešovský kraj";5;1467;6;1473;NA;114410;11;2021-08-02;113668
2021-08-01;"Prešovský kraj";0;712;2;714;NA;114410;2;2021-08-01;113657
2021-07-31;"Prešovský kraj";20;1027;0;1027;NA;114410;20;2021-07-31;113655
2021-07-30;"Prešovský kraj";2;1382;1;1383;NA;114410;3;2021-07-30;113635
2021-07-29;"Prešovský kraj";6;1291;1;1292;NA;114410;7;2021-07-29;113632
2021-07-28;"Prešovský kraj";6;1099;1;1100;NA;114410;7;2021-07-28;113625
2021-07-27;"Prešovský kraj";5;1123;2;1125;NA;114410;7;2021-07-27;113618
2021-07-26;"Prešovský kraj";12;1573;1;1574;NA;114410;13;2021-07-26;113611
2021-07-25;"Prešovský kraj";0;675;1;676;NA;114410;1;2021-07-25;113598
2021-07-24;"Prešovský kraj";8;1015;0;1015;NA;114410;8;2021-07-24;113597
2021-07-23;"Prešovský kraj";8;1608;1;1609;NA;114410;9;2021-07-23;113589
2021-07-22;"Prešovský kraj";13;1431;10;1441;NA;114410;23;2021-07-22;113580
2021-07-21;"Prešovský kraj";5;1076;1;1077;NA;114410;6;2021-07-21;113557
2021-07-20;"Prešovský kraj";4;1046;0;1046;NA;114410;4;2021-07-20;113551
2021-07-19;"Prešovský kraj";2;1644;4;1648;NA;114410;6;2021-07-19;113547
2021-07-18;"Prešovský kraj";1;629;0;629;NA;114410;1;2021-07-18;113541
2021-07-17;"Prešovský kraj";6;1232;1;1233;NA;114410;7;2021-07-17;113540
2021-07-16;"Prešovský kraj";4;1558;2;1560;NA;114410;6;2021-07-16;113533
2021-07-15;"Prešovský kraj";5;1282;4;1286;NA;114410;9;2021-07-15;113527
2021-07-14;"Prešovský kraj";1;1051;2;1053;NA;114410;3;2021-07-14;113518
2021-07-13;"Prešovský kraj";1;1071;2;1073;NA;114410;3;2021-07-13;113515
2021-07-12;"Prešovský kraj";1;1949;2;1951;NA;114410;3;2021-07-12;113512
2021-07-11;"Prešovský kraj";0;645;1;646;NA;114410;1;2021-07-11;113509
2021-07-10;"Prešovský kraj";4;1206;2;1208;NA;114410;6;2021-07-10;113508
2021-07-09;"Prešovský kraj";6;1957;1;1958;NA;114410;7;2021-07-09;113502
2021-07-08;"Prešovský kraj";5;1192;0;1192;NA;114410;5;2021-07-08;113495
2021-07-07;"Prešovský kraj";7;1468;3;1471;NA;114410;10;2021-07-07;113490
2021-07-06;"Prešovský kraj";5;1423;2;1425;NA;114410;7;2021-07-06;113480
2021-07-05;"Prešovský kraj";2;619;0;619;NA;114410;2;2021-07-05;113473
2021-07-04;"Prešovský kraj";0;773;0;773;NA;114410;0;2021-07-04;113471
2021-07-03;"Prešovský kraj";2;1363;0;1363;NA;114410;2;2021-07-03;113471
2021-07-02;"Prešovský kraj";4;1796;0;1796;NA;114410;4;2021-07-02;113469
2021-07-01;"Prešovský kraj";2;1590;1;1591;NA;114410;3;2021-07-01;113465
2021-06-30;"Prešovský kraj";3;8670;4;8674;NA;114410;7;2021-06-30;113462
2021-06-29;"Prešovský kraj";1;4935;3;4938;NA;114410;4;2021-06-29;113455
2021-06-28;"Prešovský kraj";5;6109;2;6111;NA;114410;7;2021-06-28;113451
2021-06-27;"Prešovský kraj";0;3835;1;3836;NA;114410;1;2021-06-27;113444
2021-06-26;"Prešovský kraj";4;5791;1;5792;NA;114410;5;2021-06-26;113443
2021-06-25;"Prešovský kraj";7;7321;4;7325;NA;114410;11;2021-06-25;113438
2021-06-24;"Prešovský kraj";10;5406;5;5411;NA;114410;15;2021-06-24;113427
2021-06-23;"Prešovský kraj";4;5124;2;5126;NA;114410;6;2021-06-23;113412
2021-06-22;"Prešovský kraj";5;5143;1;5144;NA;114410;6;2021-06-22;113406
2021-06-21;"Prešovský kraj";13;7033;6;7039;NA;114410;19;2021-06-21;113400
2021-06-20;"Prešovský kraj";0;5173;3;5176;NA;114410;3;2021-06-20;113381
2021-06-19;"Prešovský kraj";1;7349;5;7354;NA;114410;6;2021-06-19;113378
2021-06-18;"Prešovský kraj";9;8682;10;8692;NA;114410;19;2021-06-18;113372
2021-06-17;"Prešovský kraj";9;6548;5;6553;NA;114410;14;2021-06-17;113353
2021-06-16;"Prešovský kraj";6;6422;3;6425;NA;114410;9;2021-06-16;113339
2021-06-15;"Prešovský kraj";2;5709;4;5713;NA;114410;6;2021-06-15;113330
2021-06-14;"Prešovský kraj";5;8229;13;8242;NA;114410;18;2021-06-14;113324
2021-06-13;"Prešovský kraj";1;6437;7;6444;NA;114410;8;2021-06-13;113306
2021-06-12;"Prešovský kraj";3;8881;9;8890;NA;114410;12;2021-06-12;113298
2021-06-11;"Prešovský kraj";21;9877;9;9886;NA;114410;30;2021-06-11;113286
2021-06-10;"Prešovský kraj";11;6512;10;6522;NA;114410;21;2021-06-10;113256
2021-06-09;"Prešovský kraj";16;6375;3;6378;NA;114410;19;2021-06-09;113235
2021-06-08;"Prešovský kraj";31;6495;12;6507;NA;114410;43;2021-06-08;113216
2021-06-07;"Prešovský kraj";11;9111;15;9126;NA;114410;26;2021-06-07;113173
2021-06-06;"Prešovský kraj";0;7999;5;8004;NA;114410;5;2021-06-06;113147
2021-06-05;"Prešovský kraj";17;10248;15;10263;NA;114410;32;2021-06-05;113142
2021-06-04;"Prešovský kraj";26;10321;18;10339;NA;114410;44;2021-06-04;113110
2021-06-03;"Prešovský kraj";14;6820;16;6836;NA;114410;30;2021-06-03;113066
2021-06-02;"Prešovský kraj";47;7372;14;7386;NA;114410;61;2021-06-02;113036
2021-06-01;"Prešovský kraj";15;6926;14;6940;NA;114410;29;2021-06-01;112975
2021-05-31;"Prešovský kraj";27;9951;22;9973;NA;114410;49;2021-05-31;112946
2021-05-30;"Prešovský kraj";2;9694;14;9708;NA;114410;16;2021-05-30;112897
2021-05-29;"Prešovský kraj";23;12709;24;12733;NA;114410;47;2021-05-29;112881
2021-05-28;"Prešovský kraj";30;12468;19;12487;NA;114410;49;2021-05-28;112834
2021-05-27;"Prešovský kraj";16;7610;37;7647;NA;114410;53;2021-05-27;112785
2021-05-26;"Prešovský kraj";32;8140;23;8163;NA;114410;55;2021-05-26;112732
2021-05-25;"Prešovský kraj";38;8690;20;8710;NA;114410;58;2021-05-25;112677
2021-05-24;"Prešovský kraj";17;13298;37;13335;NA;114410;54;2021-05-24;112619
2021-05-23;"Prešovský kraj";3;11933;20;11953;NA;114410;23;2021-05-23;112565
2021-05-22;"Prešovský kraj";11;14422;44;14466;NA;114410;55;2021-05-22;112542
2021-05-21;"Prešovský kraj";44;13803;24;13827;NA;114410;68;2021-05-21;112487
2021-05-20;"Prešovský kraj";13;9437;29;9466;NA;114410;42;2021-05-20;112419
2021-05-19;"Prešovský kraj";60;10756;36;10792;NA;114410;96;2021-05-19;112377
2021-05-18;"Prešovský kraj";44;9062;27;9089;NA;114410;71;2021-05-18;112281
2021-05-17;"Prešovský kraj";60;12856;47;12903;NA;114410;107;2021-05-17;112210
2021-05-16;"Prešovský kraj";20;16302;66;16368;NA;114410;86;2021-05-16;112103
2021-05-15;"Prešovský kraj";20;24585;81;24666;NA;114410;101;2021-05-15;112017
2021-05-14;"Prešovský kraj";49;18671;68;18739;NA;114410;117;2021-05-14;111916
2021-05-13;"Prešovský kraj";54;11166;71;11237;NA;114410;125;2021-05-13;111799
2021-05-12;"Prešovský kraj";59;10822;39;10861;NA;114410;98;2021-05-12;111674
2021-05-11;"Prešovský kraj";61;10728;48;10776;NA;114410;109;2021-05-11;111576
2021-05-10;"Prešovský kraj";79;15726;67;15793;NA;114410;146;2021-05-10;111467
2021-05-09;"Prešovský kraj";54;21614;82;21696;NA;114410;136;2021-05-09;111321
2021-05-08;"Prešovský kraj";39;23050;52;23102;NA;114410;91;2021-05-08;111185
2021-05-07;"Prešovský kraj";81;23543;66;23609;NA;114410;147;2021-05-07;111094
2021-05-06;"Prešovský kraj";107;12924;66;12990;NA;114410;173;2021-05-06;110947
2021-05-05;"Prešovský kraj";60;12808;84;12892;NA;114410;144;2021-05-05;110774
2021-05-04;"Prešovský kraj";203;13470;67;13537;NA;114410;270;2021-05-04;110630
2021-05-03;"Prešovský kraj";68;18458;109;18567;NA;114410;177;2021-05-03;110360
2021-05-02;"Prešovský kraj";29;36664;102;36766;NA;114410;131;2021-05-02;110183
2021-05-01;"Prešovský kraj";70;57153;183;57336;NA;114410;253;2021-05-01;110052
2021-04-30;"Prešovský kraj";135;39333;118;39451;NA;114410;253;2021-04-30;109799
2021-04-29;"Prešovský kraj";110;16635;97;16732;NA;114410;207;2021-04-29;109546
2021-04-28;"Prešovský kraj";122;18671;89;18760;NA;114410;211;2021-04-28;109339
2021-04-27;"Prešovský kraj";154;19994;120;20114;NA;114410;274;2021-04-27;109128
2021-04-26;"Prešovský kraj";99;27241;123;27364;NA;114410;222;2021-04-26;108854
2021-04-25;"Prešovský kraj";9;52776;156;52932;NA;114410;165;2021-04-25;108632
2021-04-24;"Prešovský kraj";61;85698;243;85941;NA;114410;304;2021-04-24;108467
2021-04-23;"Prešovský kraj";171;40365;137;40502;NA;114410;308;2021-04-23;108163
2021-04-22;"Prešovský kraj";86;18104;125;18229;NA;114410;211;2021-04-22;107855
2021-04-21;"Prešovský kraj";144;21550;139;21689;NA;114410;283;2021-04-21;107644
2021-04-20;"Prešovský kraj";115;23346;128;23474;NA;114410;243;2021-04-20;107361
2021-04-19;"Prešovský kraj";106;29133;145;29278;NA;114410;251;2021-04-19;107118
2021-04-18;"Prešovský kraj";4;51824;129;51953;NA;114410;133;2021-04-18;106867
2021-04-17;"Prešovský kraj";119;97970;238;98208;NA;114410;357;2021-04-17;106734
2021-04-16;"Prešovský kraj";135;40989;146;41135;NA;114410;281;2021-04-16;106377
2021-04-15;"Prešovský kraj";112;20179;137;20316;NA;114410;249;2021-04-15;106096
2021-04-14;"Prešovský kraj";199;23332;130;23462;NA;114410;329;2021-04-14;105847
2021-04-13;"Prešovský kraj";180;23907;116;24023;NA;114410;296;2021-04-13;105518
2021-04-12;"Prešovský kraj";172;30152;175;30327;NA;114410;347;2021-04-12;105222
2021-04-11;"Prešovský kraj";11;49955;187;50142;NA;114410;198;2021-04-11;104875
2021-04-10;"Prešovský kraj";94;90181;297;90478;NA;114410;391;2021-04-10;104677
2021-04-09;"Prešovský kraj";255;37163;200;37363;NA;114410;455;2021-04-09;104286
2021-04-08;"Prešovský kraj";192;18893;157;19050;NA;114410;349;2021-04-08;103831
2021-04-07;"Prešovský kraj";314;27797;154;27951;NA;114410;468;2021-04-07;103482
2021-04-06;"Prešovský kraj";231;41711;268;41979;NA;114410;499;2021-04-06;103014
2021-04-05;"Prešovský kraj";54;18454;132;18586;NA;114410;186;2021-04-05;102515
2021-04-04;"Prešovský kraj";31;18569;91;18660;NA;114410;122;2021-04-04;102329
2021-04-03;"Prešovský kraj";104;90664;321;90985;NA;114410;425;2021-04-03;102207
2021-04-02;"Prešovský kraj";194;23381;134;23515;NA;114410;328;2021-04-02;101782
2021-04-01;"Prešovský kraj";256;42879;195;43074;NA;114410;451;2021-04-01;101454
2021-03-31;"Prešovský kraj";311;30176;227;30403;NA;114410;538;2021-03-31;101003
2021-03-30;"Prešovský kraj";374;20751;203;20954;NA;114410;577;2021-03-30;100465
2021-03-29;"Prešovský kraj";219;28188;229;28417;NA;114410;448;2021-03-29;99888
2021-03-28;"Prešovský kraj";26;46811;256;47067;NA;114410;282;2021-03-28;99440
2021-03-27;"Prešovský kraj";181;88673;372;89045;NA;114410;553;2021-03-27;99158
2021-03-26;"Prešovský kraj";310;47751;299;48050;NA;114410;609;2021-03-26;98605
2021-03-25;"Prešovský kraj";248;22281;213;22494;NA;114410;461;2021-03-25;97996
2021-03-24;"Prešovský kraj";381;19590;213;19803;NA;114410;594;2021-03-24;97535
2021-03-23;"Prešovský kraj";241;20351;255;20606;NA;114410;496;2021-03-23;96941
2021-03-22;"Prešovský kraj";299;28634;287;28921;NA;114410;586;2021-03-22;96445
2021-03-21;"Prešovský kraj";32;49439;266;49705;NA;114410;298;2021-03-21;95859
2021-03-20;"Prešovský kraj";180;92529;426;92955;NA;114410;606;2021-03-20;95561
2021-03-19;"Prešovský kraj";373;46582;326;46908;NA;114410;699;2021-03-19;94955
2021-03-18;"Prešovský kraj";251;21721;217;21938;NA;114410;468;2021-03-18;94256
2021-03-17;"Prešovský kraj";331;20887;231;21118;NA;114410;562;2021-03-17;93788
2021-03-16;"Prešovský kraj";461;21094;278;21372;NA;114410;739;2021-03-16;93226
2021-03-15;"Prešovský kraj";370;28813;324;29137;NA;114410;694;2021-03-15;92487
2021-03-14;"Prešovský kraj";52;50410;356;50766;NA;114410;408;2021-03-14;91793
2021-03-13;"Prešovský kraj";200;94768;531;95299;NA;114410;731;2021-03-13;91385
2021-03-12;"Prešovský kraj";425;47691;368;48059;NA;114410;793;2021-03-12;90654
2021-03-11;"Prešovský kraj";463;22059;253;22312;NA;114410;716;2021-03-11;89861
2021-03-10;"Prešovský kraj";325;20821;293;21114;NA;114410;618;2021-03-10;89145
2021-03-09;"Prešovský kraj";505;21496;288;21784;NA;114410;793;2021-03-09;88527
2021-03-08;"Prešovský kraj";314;28903;333;29236;NA;114410;647;2021-03-08;87734
2021-03-07;"Prešovský kraj";19;48328;388;48716;NA;114410;407;2021-03-07;87087
2021-03-06;"Prešovský kraj";193;97527;591;98118;NA;114410;784;2021-03-06;86680
2021-03-05;"Prešovský kraj";497;46054;397;46451;NA;114410;894;2021-03-05;85896
2021-03-04;"Prešovský kraj";372;22670;359;23029;NA;114410;731;2021-03-04;85002
2021-03-03;"Prešovský kraj";397;21623;333;21956;NA;114410;730;2021-03-03;84271
2021-03-02;"Prešovský kraj";421;22682;357;23039;NA;114410;778;2021-03-02;83541
2021-03-01;"Prešovský kraj";303;27716;406;28122;NA;114410;709;2021-03-01;82763
2021-02-28;"Prešovský kraj";75;45000;387;45387;NA;114410;462;2021-02-28;82054
2021-02-27;"Prešovský kraj";273;90231;734;90965;NA;114410;1007;2021-02-27;81592
2021-02-26;"Prešovský kraj";455;41340;438;41778;NA;114410;893;2021-02-26;80585
2021-02-25;"Prešovský kraj";270;19496;337;19833;NA;114410;607;2021-02-25;79692
2021-02-24;"Prešovský kraj";328;19026;377;19403;NA;114410;705;2021-02-24;79085
2021-02-23;"Prešovský kraj";430;21277;345;21622;NA;114410;775;2021-02-23;78380
2021-02-22;"Prešovský kraj";351;27180;356;27536;NA;114410;707;2021-02-22;77605
2021-02-21;"Prešovský kraj";66;31841;302;32143;NA;114410;368;2021-02-21;76898
2021-02-20;"Prešovský kraj";129;71413;517;71930;NA;114410;646;2021-02-20;76530
2021-02-19;"Prešovský kraj";381;38995;430;39425;NA;114410;811;2021-02-19;75884
2021-02-18;"Prešovský kraj";268;16960;322;17282;NA;114410;590;2021-02-18;75073
2021-02-17;"Prešovský kraj";293;17392;246;17638;NA;114410;539;2021-02-17;74483
2021-02-16;"Prešovský kraj";422;18862;265;19127;NA;114410;687;2021-02-16;73944
2021-02-15;"Prešovský kraj";211;31366;303;31669;NA;114410;514;2021-02-15;73257
2021-02-14;"Prešovský kraj";27;39387;321;39708;NA;114410;348;2021-02-14;72743
2021-02-13;"Prešovský kraj";157;74747;402;75149;NA;114410;559;2021-02-13;72395
2021-02-12;"Prešovský kraj";308;38758;365;39123;NA;114410;673;2021-02-12;71836
2021-02-11;"Prešovský kraj";218;16207;238;16445;NA;114410;456;2021-02-11;71163
2021-02-10;"Prešovský kraj";220;18542;282;18824;NA;114410;502;2021-02-10;70707
2021-02-09;"Prešovský kraj";323;21497;370;21867;NA;114410;693;2021-02-09;70205
2021-02-08;"Prešovský kraj";161;36924;261;37185;NA;114410;422;2021-02-08;69512
2021-02-07;"Prešovský kraj";21;34227;209;34436;NA;114410;230;2021-02-07;69090
2021-02-06;"Prešovský kraj";176;69164;360;69524;NA;114410;536;2021-02-06;68860
2021-02-05;"Prešovský kraj";177;31271;262;31533;NA;114410;439;2021-02-05;68324
2021-02-04;"Prešovský kraj";176;13080;237;13317;NA;114410;413;2021-02-04;67885
2021-02-03;"Prešovský kraj";251;8421;236;8657;NA;114410;487;2021-02-03;67472
2021-02-02;"Prešovský kraj";249;11769;264;12033;NA;114410;513;2021-02-02;66985
2021-02-01;"Prešovský kraj";220;16059;316;16375;NA;114410;536;2021-02-01;66472
2021-01-31;"Prešovský kraj";42;10587;107;10694;NA;114410;149;2021-01-31;65936
2021-01-30;"Prešovský kraj";142;23939;215;24154;NA;114410;357;2021-01-30;65787
2021-01-29;"Prešovský kraj";185;17924;326;18250;NA;114410;511;2021-01-29;65430
2021-01-28;"Prešovský kraj";311;7348;150;7498;NA;114410;461;2021-01-28;64919
2021-01-27;"Prešovský kraj";153;9730;147;9877;NA;114410;300;2021-01-27;64458
2021-01-26;"Prešovský kraj";252;16653;151;16804;NA;114410;403;2021-01-26;64158
2021-01-25;"Prešovský kraj";196;30092;253;30345;NA;114410;449;2021-01-25;63755
2021-01-24;"Prešovský kraj";12;45706;304;46010;NA;114410;316;2021-01-24;63306
2021-01-23;"Prešovský kraj";189;96883;487;97370;NA;114410;676;2021-01-23;62990
2021-01-22;"Prešovský kraj";187;35383;261;35644;NA;114410;448;2021-01-22;62314
2021-01-21;"Prešovský kraj";187;20434;212;20646;NA;114410;399;2021-01-21;61866
2021-01-20;"Prešovský kraj";253;14782;195;14977;NA;114410;448;2021-01-20;61467
2021-01-19;"Prešovský kraj";281;12329;305;12634;NA;114410;586;2021-01-19;61019
2021-01-18;"Prešovský kraj";203;10422;336;10758;NA;114410;539;2021-01-18;60433
2021-01-17;"Prešovský kraj";107;14391;1008;15399;NA;114410;1115;2021-01-17;59894
2021-01-16;"Prešovský kraj";72;1838;81;1919;NA;114410;153;2021-01-16;58779
2021-01-15;"Prešovský kraj";159;7033;257;7290;NA;114410;416;2021-01-15;58626
2021-01-14;"Prešovský kraj";268;5534;256;5790;NA;114410;524;2021-01-14;58210
2021-01-13;"Prešovský kraj";342;5649;226;5875;NA;114410;568;2021-01-13;57686
2021-01-12;"Prešovský kraj";455;8251;386;8637;NA;114410;841;2021-01-12;57118
2021-01-11;"Prešovský kraj";343;8149;471;8620;NA;114410;814;2021-01-11;56277
2021-01-10;"Prešovský kraj";63;476;23;499;NA;114410;86;2021-01-10;55463
2021-01-09;"Prešovský kraj";439;2248;125;2373;NA;114410;564;2021-01-09;55377
2021-01-08;"Prešovský kraj";430;10416;561;10977;NA;114410;991;2021-01-08;54813
2021-01-07;"Prešovský kraj";268;7432;622;8054;NA;114410;890;2021-01-07;53822
2021-01-06;"Prešovský kraj";315;1484;134;1618;NA;114410;449;2021-01-06;52932
2021-01-05;"Prešovský kraj";655;11275;976;12251;NA;114410;1631;2021-01-05;52483
2021-01-04;"Prešovský kraj";371;16845;1789;18634;NA;114410;2160;2021-01-04;50852
2021-01-03;"Prešovský kraj";89;459;41;500;NA;114410;130;2021-01-03;48692
2021-01-02;"Prešovský kraj";65;1556;160;1716;NA;114410;225;2021-01-02;48562
2021-01-01;"Prešovský kraj";174;956;71;1027;NA;114410;245;2021-01-01;48337
2020-12-31;"Prešovský kraj";640;11959;783;12742;NA;114410;1423;2020-12-31;48092
2020-12-30;"Prešovský kraj";729;8729;769;9498;NA;114410;1498;2020-12-30;46669
2020-12-29;"Prešovský kraj";435;9273;949;10222;NA;114410;1384;2020-12-29;45171
2020-12-28;"Prešovský kraj";393;9046;1079;10125;NA;114410;1472;2020-12-28;43787
2020-12-27;"Prešovský kraj";40;613;45;658;NA;114410;85;2020-12-27;42315
2020-12-26;"Prešovský kraj";64;176;12;188;NA;114410;76;2020-12-26;42230
2020-12-25;"Prešovský kraj";208;274;11;285;NA;114410;219;2020-12-25;42154
2020-12-24;"Prešovský kraj";452;1214;85;1299;NA;114410;537;2020-12-24;41935
2020-12-23;"Prešovský kraj";361;11006;618;11624;NA;114410;979;2020-12-23;41398
2020-12-22;"Prešovský kraj";439;9023;695;9718;NA;114410;1134;2020-12-22;40419
2020-12-21;"Prešovský kraj";432;9577;847;10424;NA;114410;1279;2020-12-21;39285
2020-12-20;"Prešovský kraj";184;396;20;416;NA;114410;204;2020-12-20;38006
2020-12-19;"Prešovský kraj";276;1658;151;1809;NA;114410;427;2020-12-19;37802
2020-12-18;"Prešovský kraj";396;8246;566;8812;NA;114410;962;2020-12-18;37375
2020-12-17;"Prešovský kraj";427;10505;866;11371;NA;114410;1293;2020-12-17;36413
2020-12-16;"Prešovský kraj";466;5613;473;6086;NA;114410;939;2020-12-16;35120
2020-12-15;"Prešovský kraj";411;5406;574;5980;NA;114410;985;2020-12-15;34181
2020-12-14;"Prešovský kraj";334;5538;477;6015;NA;114410;811;2020-12-14;33196
2020-12-13;"Prešovský kraj";89;29;8;37;NA;114410;97;2020-12-13;32385
2020-12-12;"Prešovský kraj";319;2474;166;2640;NA;114410;485;2020-12-12;32288
2020-12-11;"Prešovský kraj";560;5602;402;6004;NA;114410;962;2020-12-11;31803
2020-12-10;"Prešovský kraj";337;5019;423;5442;NA;114410;760;2020-12-10;30841
2020-12-09;"Prešovský kraj";358;4357;314;4671;NA;114410;672;2020-12-09;30081
2020-12-08;"Prešovský kraj";350;6629;651;7280;NA;114410;1001;2020-12-08;29409
2020-12-07;"Prešovský kraj";309;4345;327;4672;NA;114410;636;2020-12-07;28408
2020-12-06;"Prešovský kraj";59;655;26;681;NA;114410;85;2020-12-06;27772
2020-12-05;"Prešovský kraj";218;984;87;1071;NA;114410;305;2020-12-05;27687
2020-12-04;"Prešovský kraj";352;5070;293;5363;NA;114410;645;2020-12-04;27382
2020-12-03;"Prešovský kraj";284;2456;179;2635;NA;114410;463;2020-12-03;26737
2020-12-02;"Prešovský kraj";232;2830;225;3055;NA;114410;457;2020-12-02;26274
2020-12-01;"Prešovský kraj";281;1884;196;2080;NA;114410;477;2020-12-01;25817
2020-11-30;"Prešovský kraj";196;5333;97;5430;NA;114410;293;2020-11-30;25340
2020-11-29;"Prešovský kraj";27;379;42;421;NA;114410;69;2020-11-29;25047
2020-11-28;"Prešovský kraj";199;772;77;849;NA;114410;276;2020-11-28;24978
2020-11-27;"Prešovský kraj";232;2350;130;2480;NA;114410;362;2020-11-27;24702
2020-11-26;"Prešovský kraj";263;3014;329;3343;NA;114410;592;2020-11-26;24340
2020-11-25;"Prešovský kraj";302;2174;103;2277;NA;114410;405;2020-11-25;23748
2020-11-24;"Prešovský kraj";365;1777;156;1933;NA;114410;521;2020-11-24;23343
2020-11-23;"Prešovský kraj";164;1099;60;1159;NA;114410;224;2020-11-23;22822
2020-11-22;"Prešovský kraj";46;44;1;45;NA;114410;47;2020-11-22;22598
2020-11-21;"Prešovský kraj";205;754;62;816;NA;114410;267;2020-11-21;22551
2020-11-20;"Prešovský kraj";363;2258;102;2360;NA;114410;465;2020-11-20;22284
2020-11-19;"Prešovský kraj";359;2096;238;2334;NA;114410;597;2020-11-19;21819
2020-11-18;"Prešovský kraj";270;488;43;531;NA;114410;313;2020-11-18;21222
2020-11-17;"Prešovský kraj";347;205;23;228;NA;114410;370;2020-11-17;20909
2020-11-16;"Prešovský kraj";226;540;58;598;NA;114410;284;2020-11-16;20539
2020-11-15;"Prešovský kraj";186;39;4;43;NA;114410;190;2020-11-15;20255
2020-11-14;"Prešovský kraj";261;54;4;58;NA;114410;265;2020-11-14;20065
2020-11-13;"Prešovský kraj";395;166;8;174;NA;114410;403;2020-11-13;19800
2020-11-12;"Prešovský kraj";397;229;50;279;NA;114410;447;2020-11-12;19397
2020-11-11;"Prešovský kraj";516;161;15;176;NA;114410;531;2020-11-11;18950
2020-11-10;"Prešovský kraj";437;197;9;206;NA;114410;446;2020-11-10;18419
2020-11-09;"Prešovský kraj";190;4110;945;5055;NA;114410;1135;2020-11-09;17973
2020-11-08;"Prešovský kraj";97;2817;32;2849;NA;114410;129;2020-11-08;16838
2020-11-07;"Prešovský kraj";416;8578;81;8659;NA;114410;497;2020-11-07;16709
2020-11-06;"Prešovský kraj";520;4791;76;4867;NA;114410;596;2020-11-06;16212
2020-11-05;"Prešovský kraj";397;180;5;185;NA;114410;402;2020-11-05;15616
2020-11-04;"Prešovský kraj";350;807;8;815;NA;114410;358;2020-11-04;15214
2020-11-03;"Prešovský kraj";565;98;12;110;NA;114410;577;2020-11-03;14856
2020-11-02;"Prešovský kraj";203;4158;1004;5162;NA;114410;1207;2020-11-02;14279
2020-11-01;"Prešovský kraj";386;2906;53;2959;NA;114410;439;2020-11-01;13072
2020-10-31;"Prešovský kraj";315;10497;170;10667;NA;114410;485;2020-10-31;12633
2020-10-30;"Prešovský kraj";552;2949;65;3014;NA;114410;617;2020-10-30;12148
2020-10-29;"Prešovský kraj";594;301;38;339;NA;114410;632;2020-10-29;11531
2020-10-28;"Prešovský kraj";617;291;46;337;NA;114410;663;2020-10-28;10899
2020-10-27;"Prešovský kraj";656;268;34;302;NA;114410;690;2020-10-27;10236
2020-10-26;"Prešovský kraj";137;363;57;420;NA;114410;194;2020-10-26;9546
2020-10-25;"Prešovský kraj";237;346;11;357;NA;114410;248;2020-10-25;9352
2020-10-24;"Prešovský kraj";719;200;12;212;NA;114410;731;2020-10-24;9104
2020-10-23;"Prešovský kraj";750;218;8;226;NA;114410;758;2020-10-23;8373
2020-10-22;"Prešovský kraj";646;396;30;426;NA;114410;676;2020-10-22;7615
2020-10-21;"Prešovský kraj";383;58;8;66;NA;114410;391;2020-10-21;6939
2020-10-20;"Prešovský kraj";493;65;7;72;NA;114410;500;2020-10-20;6548
2020-10-19;"Prešovský kraj";140;235;15;250;NA;114410;155;2020-10-19;6048
2020-10-18;"Prešovský kraj";209;0;0;0;NA;114410;209;2020-10-18;5893
2020-10-17;"Prešovský kraj";342;0;0;0;NA;114410;342;2020-10-17;5684
2020-10-16;"Prešovský kraj";388;57;3;60;NA;114410;391;2020-10-16;5342
2020-10-15;"Prešovský kraj";435;85;18;103;NA;114410;453;2020-10-15;4951
2020-10-14;"Prešovský kraj";451;54;10;64;NA;114410;461;2020-10-14;4498
2020-10-13;"Prešovský kraj";264;50;6;56;NA;114410;270;2020-10-13;4037
2020-10-12;"Prešovský kraj";214;334;35;369;NA;114410;249;2020-10-12;3767
2020-10-11;"Prešovský kraj";127;0;0;0;NA;114410;127;2020-10-11;3518
2020-10-10;"Prešovský kraj";248;0;0;0;NA;114410;248;2020-10-10;3391
2020-10-09;"Prešovský kraj";406;0;0;0;NA;114410;406;2020-10-09;3143
2020-10-08;"Prešovský kraj";245;0;0;0;NA;114410;245;2020-10-08;2737
2020-10-07;"Prešovský kraj";244;0;0;0;NA;114410;244;2020-10-07;2492
2020-10-06;"Prešovský kraj";166;0;0;0;NA;114410;166;2020-10-06;2248
2020-10-05;"Prešovský kraj";84;0;0;0;NA;114410;84;2020-10-05;2082
2020-10-04;"Prešovský kraj";118;0;0;0;NA;114410;118;2020-10-04;1998
2020-10-03;"Prešovský kraj";204;0;0;0;NA;114410;204;2020-10-03;1880
2020-10-02;"Prešovský kraj";149;0;0;0;NA;114410;149;2020-10-02;1676
2020-10-01;"Prešovský kraj";136;0;0;0;NA;114410;136;2020-10-01;1527
2020-09-30;"Prešovský kraj";121;0;0;0;NA;114410;121;2020-09-30;1391
2020-09-29;"Prešovský kraj";156;0;0;0;NA;114410;156;2020-09-29;1270
2020-09-28;"Prešovský kraj";51;0;0;0;NA;114410;51;2020-09-28;1114
2020-09-27;"Prešovský kraj";10;0;0;0;NA;114410;10;2020-09-27;1063
2020-09-26;"Prešovský kraj";72;0;0;0;NA;114410;72;2020-09-26;1053
2020-09-25;"Prešovský kraj";91;0;0;0;NA;114410;91;2020-09-25;981
2020-09-24;"Prešovský kraj";52;0;0;0;NA;114410;52;2020-09-24;890
2020-09-23;"Prešovský kraj";55;0;0;0;NA;114410;55;2020-09-23;838
2020-09-22;"Prešovský kraj";29;0;0;0;NA;114410;29;2020-09-22;783
2020-09-21;"Prešovský kraj";14;0;0;0;NA;114410;14;2020-09-21;754
2020-09-20;"Prešovský kraj";5;0;0;0;NA;114410;5;2020-09-20;740
2020-09-19;"Prešovský kraj";12;0;0;0;NA;114410;12;2020-09-19;735
2020-09-18;"Prešovský kraj";29;0;0;0;NA;114410;29;2020-09-18;723
2020-09-17;"Prešovský kraj";25;0;0;0;NA;114410;25;2020-09-17;694
2020-09-16;"Prešovský kraj";8;0;0;0;NA;114410;8;2020-09-16;669
2020-09-15;"Prešovský kraj";10;0;0;0;NA;114410;10;2020-09-15;661
2020-09-14;"Prešovský kraj";47;0;0;0;NA;114410;47;2020-09-14;651
2020-09-13;"Prešovský kraj";3;0;0;0;NA;114410;3;2020-09-13;604
2020-09-12;"Prešovský kraj";4;0;0;0;NA;114410;4;2020-09-12;601
2020-09-11;"Prešovský kraj";15;0;0;0;NA;114410;15;2020-09-11;597
2020-09-10;"Prešovský kraj";10;0;0;0;NA;114410;10;2020-09-10;582
2020-09-09;"Prešovský kraj";21;0;0;0;NA;114410;21;2020-09-09;572
2020-09-08;"Prešovský kraj";23;0;0;0;NA;114410;23;2020-09-08;551
2020-09-07;"Prešovský kraj";5;0;0;0;NA;114410;5;2020-09-07;528
2020-09-06;"Prešovský kraj";3;0;0;0;NA;114410;3;2020-09-06;523
2020-09-05;"Prešovský kraj";7;0;0;0;NA;114410;7;2020-09-05;520
2020-09-04;"Prešovský kraj";24;0;0;0;NA;114410;24;2020-09-04;513
2020-09-03;"Prešovský kraj";8;0;0;0;NA;114410;8;2020-09-03;489
2020-09-02;"Prešovský kraj";9;0;0;0;NA;114410;9;2020-09-02;481
2020-09-01;"Prešovský kraj";6;0;0;0;NA;114410;6;2020-09-01;472
2020-08-31;"Prešovský kraj";3;0;0;0;NA;114410;3;2020-08-31;466
2020-08-30;"Prešovský kraj";6;0;0;0;NA;114410;6;2020-08-30;463
2020-08-29;"Prešovský kraj";4;0;0;0;NA;114410;4;2020-08-29;457
2020-08-28;"Prešovský kraj";6;0;0;0;NA;114410;6;2020-08-28;453
2020-08-27;"Prešovský kraj";7;0;0;0;NA;114410;7;2020-08-27;447
2020-08-26;"Prešovský kraj";22;0;0;0;NA;114410;22;2020-08-26;440
2020-08-25;"Prešovský kraj";1;0;0;0;NA;114410;1;2020-08-25;418
2020-08-24;"Prešovský kraj";5;0;0;0;NA;114410;5;2020-08-24;417
2020-08-23;"Prešovský kraj";3;0;0;0;NA;114410;3;2020-08-23;412
2020-08-22;"Prešovský kraj";3;0;0;0;NA;114410;3;2020-08-22;409
2020-08-21;"Prešovský kraj";11;0;0;0;NA;114410;11;2020-08-21;406
2020-08-20;"Prešovský kraj";8;0;0;0;NA;114410;8;2020-08-20;395
2020-08-19;"Prešovský kraj";8;0;0;0;NA;114410;8;2020-08-19;387
2020-08-18;"Prešovský kraj";6;0;0;0;NA;114410;6;2020-08-18;379
2020-08-17;"Prešovský kraj";1;0;0;0;NA;114410;1;2020-08-17;373
2020-08-16;"Prešovský kraj";0;0;0;0;NA;114410;0;2020-08-16;372
2020-08-15;"Prešovský kraj";8;0;0;0;NA;114410;8;2020-08-15;372
2020-08-14;"Prešovský kraj";6;0;0;0;NA;114410;6;2020-08-14;364
2020-08-13;"Prešovský kraj";8;0;0;0;NA;114410;8;2020-08-13;358
2020-08-12;"Prešovský kraj";19;0;0;0;NA;114410;19;2020-08-12;350
2020-08-11;"Prešovský kraj";3;0;0;0;NA;114410;3;2020-08-11;331
2020-08-10;"Prešovský kraj";0;0;0;0;NA;114410;0;2020-08-10;328
2020-08-09;"Prešovský kraj";0;0;0;0;NA;114410;0;2020-08-09;328
2020-08-08;"Prešovský kraj";2;0;0;0;NA;114410;2;2020-08-08;328
2020-08-07;"Prešovský kraj";6;0;0;0;NA;114410;6;2020-08-07;326
2020-08-06;"Prešovský kraj";2;0;0;0;NA;114410;2;2020-08-06;320
2020-08-05;"Prešovský kraj";8;0;0;0;NA;114410;8;2020-08-05;318
2020-08-04;"Prešovský kraj";5;0;0;0;NA;114410;5;2020-08-04;310
2020-08-03;"Prešovský kraj";4;0;0;0;NA;114410;4;2020-08-03;305
2020-08-02;"Prešovský kraj";6;0;0;0;NA;114410;6;2020-08-02;301
2020-08-01;"Prešovský kraj";0;0;0;0;NA;114410;0;2020-08-01;295
2020-07-31;"Prešovský kraj";2;0;0;0;NA;114410;2;2020-07-31;295
2020-07-30;"Prešovský kraj";6;0;0;0;NA;114410;6;2020-07-30;293
2020-07-29;"Prešovský kraj";5;0;0;0;NA;114410;5;2020-07-29;287
2020-07-28;"Prešovský kraj";0;0;0;0;NA;114410;0;2020-07-28;282
2020-07-27;"Prešovský kraj";1;0;0;0;NA;114410;1;2020-07-27;282
2020-07-26;"Prešovský kraj";1;0;0;0;NA;114410;1;2020-07-26;281
2020-07-25;"Prešovský kraj";21;0;0;0;NA;114410;21;2020-07-25;280
2020-07-24;"Prešovský kraj";1;0;0;0;NA;114410;1;2020-07-24;259
2020-07-23;"Prešovský kraj";5;0;0;0;NA;114410;5;2020-07-23;258
2020-07-22;"Prešovský kraj";1;0;0;0;NA;114410;1;2020-07-22;253
2020-07-21;"Prešovský kraj";2;0;0;0;NA;114410;2;2020-07-21;252
2020-07-20;"Prešovský kraj";1;0;0;0;NA;114410;1;2020-07-20;250
2020-07-19;"Prešovský kraj";0;0;0;0;NA;114410;0;2020-07-19;249
2020-07-18;"Prešovský kraj";0;0;0;0;NA;114410;0;2020-07-18;249
2020-07-17;"Prešovský kraj";3;0;0;0;NA;114410;3;2020-07-17;249
2020-07-16;"Prešovský kraj";1;0;0;0;NA;114410;1;2020-07-16;246
2020-07-15;"Prešovský kraj";5;0;0;0;NA;114410;5;2020-07-15;245
2020-07-14;"Prešovský kraj";5;0;0;0;NA;114410;5;2020-07-14;240
2020-07-13;"Prešovský kraj";1;0;0;0;NA;114410;1;2020-07-13;235
2020-07-12;"Prešovský kraj";1;0;0;0;NA;114410;1;2020-07-12;234
2020-07-11;"Prešovský kraj";6;0;0;0;NA;114410;6;2020-07-11;233
2020-07-10;"Prešovský kraj";5;0;0;0;NA;114410;5;2020-07-10;227
2020-07-09;"Prešovský kraj";2;0;0;0;NA;114410;2;2020-07-09;222
2020-07-08;"Prešovský kraj";14;0;0;0;NA;114410;14;2020-07-08;220
2020-07-07;"Prešovský kraj";2;0;0;0;NA;114410;2;2020-07-07;206
2020-07-06;"Prešovský kraj";0;0;0;0;NA;114410;0;2020-07-06;204
2020-07-05;"Prešovský kraj";0;0;0;0;NA;114410;0;2020-07-05;204
2020-07-04;"Prešovský kraj";1;0;0;0;NA;114410;1;2020-07-04;204
2020-07-03;"Prešovský kraj";3;0;0;0;NA;114410;3;2020-07-03;203
2020-07-02;"Prešovský kraj";0;0;0;0;NA;114410;0;2020-07-02;200
2020-07-01;"Prešovský kraj";0;0;0;0;NA;114410;0;2020-07-01;200
2020-06-30;"Prešovský kraj";7;0;0;0;NA;114410;7;2020-06-30;200
2020-06-29;"Prešovský kraj";0;0;0;0;NA;114410;0;2020-06-29;193
2020-06-28;"Prešovský kraj";0;0;0;0;NA;114410;0;2020-06-28;193
2020-06-27;"Prešovský kraj";3;0;0;0;NA;114410;3;2020-06-27;193
2020-06-26;"Prešovský kraj";3;0;0;0;NA;114410;3;2020-06-26;190
2020-06-25;"Prešovský kraj";0;0;0;0;NA;114410;0;2020-06-25;187
2020-06-24;"Prešovský kraj";4;0;0;0;NA;114410;4;2020-06-24;187
2020-06-23;"Prešovský kraj";0;0;0;0;NA;114410;0;2020-06-23;183
2020-06-22;"Prešovský kraj";0;0;0;0;NA;114410;0;2020-06-22;183
2020-06-21;"Prešovský kraj";0;0;0;0;NA;114410;0;2020-06-21;183
2020-06-20;"Prešovský kraj";0;0;0;0;NA;114410;0;2020-06-20;183
2020-06-19;"Prešovský kraj";1;0;0;0;NA;114410;1;2020-06-19;183
2020-06-18;"Prešovský kraj";0;0;0;0;NA;114410;0;2020-06-18;182
2020-06-17;"Prešovský kraj";0;0;0;0;NA;114410;0;2020-06-17;182
2020-06-16;"Prešovský kraj";6;0;0;0;NA;114410;6;2020-06-16;182
2020-06-14;"Prešovský kraj";0;0;0;0;NA;114410;0;2020-06-14;176
2020-06-13;"Prešovský kraj";0;0;0;0;NA;114410;0;2020-06-13;176
2020-06-12;"Prešovský kraj";1;0;0;0;NA;114410;1;2020-06-12;176
2020-06-11;"Prešovský kraj";0;0;0;0;NA;114410;0;2020-06-11;175
2020-06-10;"Prešovský kraj";0;0;0;0;NA;114410;0;2020-06-10;175
2020-06-09;"Prešovský kraj";0;0;0;0;NA;114410;0;2020-06-09;175
2020-06-08;"Prešovský kraj";0;0;0;0;NA;114410;0;2020-06-08;175
2020-06-07;"Prešovský kraj";0;0;0;0;NA;114410;0;2020-06-07;175
2020-06-05;"Prešovský kraj";0;0;0;0;NA;114410;0;2020-06-05;175
2020-06-03;"Prešovský kraj";0;0;0;0;NA;114410;0;2020-06-03;175
2020-06-02;"Prešovský kraj";1;0;0;0;NA;114410;1;2020-06-02;175
2020-05-31;"Prešovský kraj";1;0;0;0;NA;114410;1;2020-05-31;174
2020-05-29;"Prešovský kraj";0;0;0;0;NA;114410;0;2020-05-29;173
2020-05-27;"Prešovský kraj";0;0;0;0;NA;114410;0;2020-05-27;173
2020-05-26;"Prešovský kraj";0;0;0;0;NA;114410;0;2020-05-26;173
2020-05-25;"Prešovský kraj";0;0;0;0;NA;114410;0;2020-05-25;173
2020-05-24;"Prešovský kraj";0;0;0;0;NA;114410;0;2020-05-24;173
2020-05-23;"Prešovský kraj";0;0;0;0;NA;114410;0;2020-05-23;173
2020-05-22;"Prešovský kraj";0;0;0;0;NA;114410;0;2020-05-22;173
2020-05-21;"Prešovský kraj";1;0;0;0;NA;114410;1;2020-05-21;173
2020-05-20;"Prešovský kraj";0;0;0;0;NA;114410;0;2020-05-20;172
2020-05-19;"Prešovský kraj";0;0;0;0;NA;114410;0;2020-05-19;172
2020-05-17;"Prešovský kraj";0;0;0;0;NA;114410;0;2020-05-17;172
2020-05-16;"Prešovský kraj";0;0;0;0;NA;114410;0;2020-05-16;172
2020-05-15;"Prešovský kraj";0;0;0;0;NA;114410;0;2020-05-15;172
2020-05-14;"Prešovský kraj";0;0;0;0;NA;114410;0;2020-05-14;172
2020-05-13;"Prešovský kraj";1;0;0;0;NA;114410;1;2020-05-13;172
2020-05-12;"Prešovský kraj";0;0;0;0;NA;114410;0;2020-05-12;171
2020-05-11;"Prešovský kraj";1;0;0;0;NA;114410;1;2020-05-11;171
2020-05-09;"Prešovský kraj";0;0;0;0;NA;114410;0;2020-05-09;170
2020-05-07;"Prešovský kraj";0;0;0;0;NA;114410;0;2020-05-07;170
2020-05-06;"Prešovský kraj";0;0;0;0;NA;114410;0;2020-05-06;170
2020-05-05;"Prešovský kraj";1;0;0;0;NA;114410;1;2020-05-05;170
2020-05-04;"Prešovský kraj";0;0;0;0;NA;114410;0;2020-05-04;169
2020-05-03;"Prešovský kraj";0;0;0;0;NA;114410;0;2020-05-03;169
2020-05-02;"Prešovský kraj";0;0;0;0;NA;114410;0;2020-05-02;169
2020-05-01;"Prešovský kraj";2;0;0;0;NA;114410;2;2020-05-01;169
2020-04-30;"Prešovský kraj";0;0;0;0;NA;114410;0;2020-04-30;167
2020-04-29;"Prešovský kraj";1;0;0;0;NA;114410;1;2020-04-29;167
2020-04-28;"Prešovský kraj";1;0;0;0;NA;114410;1;2020-04-28;166
2020-04-27;"Prešovský kraj";2;0;0;0;NA;114410;2;2020-04-27;165
2020-04-26;"Prešovský kraj";0;0;0;0;NA;114410;0;2020-04-26;163
2020-04-25;"Prešovský kraj";0;0;0;0;NA;114410;0;2020-04-25;163
2020-04-24;"Prešovský kraj";0;0;0;0;NA;114410;0;2020-04-24;163
2020-04-23;"Prešovský kraj";2;0;0;0;NA;114410;2;2020-04-23;163
2020-04-22;"Prešovský kraj";11;0;0;0;NA;114410;11;2020-04-22;161
2020-04-21;"Prešovský kraj";12;0;0;0;NA;114410;12;2020-04-21;150
2020-04-20;"Prešovský kraj";2;0;0;0;NA;114410;2;2020-04-20;138
2020-04-19;"Prešovský kraj";4;0;0;0;NA;114410;4;2020-04-19;136
2020-04-18;"Prešovský kraj";1;0;0;0;NA;114410;1;2020-04-18;132
2020-04-17;"Prešovský kraj";4;0;0;0;NA;114410;4;2020-04-17;131
2020-04-16;"Prešovský kraj";9;0;0;0;NA;114410;9;2020-04-16;127
2020-04-15;"Prešovský kraj";21;0;0;0;NA;114410;21;2020-04-15;118
2020-04-14;"Prešovský kraj";1;0;0;0;NA;114410;1;2020-04-14;97
2020-04-13;"Prešovský kraj";2;0;0;0;NA;114410;2;2020-04-13;96
2020-04-12;"Prešovský kraj";6;0;0;0;NA;114410;6;2020-04-12;94
2020-04-11;"Prešovský kraj";4;0;0;0;NA;114410;4;2020-04-11;88
2020-04-10;"Prešovský kraj";0;0;0;0;NA;114410;0;2020-04-10;84
2020-04-09;"Prešovský kraj";1;0;0;0;NA;114410;1;2020-04-09;84
2020-04-08;"Prešovský kraj";0;0;0;0;NA;114410;0;2020-04-08;83
2020-04-07;"Prešovský kraj";7;0;0;0;NA;114410;7;2020-04-07;83
2020-04-06;"Prešovský kraj";10;0;0;0;NA;114410;10;2020-04-06;76
2020-04-05;"Prešovský kraj";13;0;0;0;NA;114410;13;2020-04-05;66
2020-04-04;"Prešovský kraj";1;0;0;0;NA;114410;1;2020-04-04;53
2020-04-03;"Prešovský kraj";4;0;0;0;NA;114410;4;2020-04-03;52
2020-04-02;"Prešovský kraj";6;0;0;0;NA;114410;6;2020-04-02;48
2020-04-01;"Prešovský kraj";6;0;0;0;NA;114410;6;2020-04-01;42
2020-03-31;"Prešovský kraj";6;0;0;0;NA;114410;6;2020-03-31;36
2020-03-30;"Prešovský kraj";2;0;0;0;NA;114410;2;2020-03-30;30
2020-03-29;"Prešovský kraj";2;0;0;0;NA;114410;2;2020-03-29;28
2020-03-28;"Prešovský kraj";2;0;0;0;NA;114410;2;2020-03-28;26
2020-03-27;"Prešovský kraj";1;0;0;0;NA;114410;1;2020-03-27;24
2020-03-26;"Prešovský kraj";8;0;0;0;NA;114410;8;2020-03-26;23
2020-03-25;"Prešovský kraj";1;0;0;0;NA;114410;1;2020-03-25;15
2020-03-24;"Prešovský kraj";4;0;0;0;NA;114410;4;2020-03-24;14
2020-03-23;"Prešovský kraj";0;0;0;0;NA;114410;0;2020-03-23;10
2020-03-22;"Prešovský kraj";1;0;0;0;NA;114410;1;2020-03-22;10
2020-03-21;"Prešovský kraj";2;0;0;0;NA;114410;2;2020-03-21;9
2020-03-20;"Prešovský kraj";3;0;0;0;NA;114410;3;2020-03-20;7
2020-03-19;"Prešovský kraj";2;0;0;0;NA;114410;2;2020-03-19;4
2020-03-18;"Prešovský kraj";1;0;0;0;NA;114410;1;2020-03-18;2
2020-03-17;"Prešovský kraj";1;0;0;0;NA;114410;1;2020-03-17;1
2020-03-16;"Prešovský kraj";4;0;0;0;NA;114410;4;2020-03-16;0
2020-03-15;"Prešovský kraj";0;0;0;0;NA;114410;0;2020-03-15;-4
2020-03-14;"Prešovský kraj";1;0;0;0;NA;114410;1;2020-03-14;-4
2020-03-13;"Prešovský kraj";0;0;0;0;NA;114410;0;2020-03-13;-5
2020-03-12;"Prešovský kraj";0;0;0;0;NA;114410;0;2020-03-12;-5
2020-03-11;"Prešovský kraj";0;0;0;0;NA;114410;0;2020-03-11;-5
2020-03-09;"Prešovský kraj";0;0;0;0;NA;114410;0;2020-03-09;-5
2020-03-08;"Prešovský kraj";0;0;0;0;NA;114410;0;2020-03-08;-5
2020-03-07;"Prešovský kraj";0;0;0;0;NA;114410;0;2020-03-07;-5
2020-03-06;"Prešovský kraj";0;0;0;0;NA;114410;0;2020-03-06;-5
2021-09-05;"Trenčiansky kraj";2;490;10;500;53735;101259;12;2021-09-05;101259
2021-09-04;"Trenčiansky kraj";41;667;4;671;NA;101259;45;2021-09-04;101247
2021-09-03;"Trenčiansky kraj";53;1145;15;1160;NA;101259;68;2021-09-03;101202
2021-09-02;"Trenčiansky kraj";7;893;11;904;NA;101259;18;2021-09-02;101134
2021-09-01;"Trenčiansky kraj";27;431;8;439;NA;101259;35;2021-09-01;101116
2021-08-31;"Trenčiansky kraj";21;1145;15;1160;NA;101259;36;2021-08-31;101081
2021-08-30;"Trenčiansky kraj";32;1140;10;1150;NA;101259;42;2021-08-30;101045
2021-08-29;"Trenčiansky kraj";1;482;11;493;NA;101259;12;2021-08-29;101003
2021-08-28;"Trenčiansky kraj";9;976;10;986;NA;101259;19;2021-08-28;100991
2021-08-27;"Trenčiansky kraj";21;1584;1;1585;NA;101259;22;2021-08-27;100972
2021-08-26;"Trenčiansky kraj";8;972;6;978;NA;101259;14;2021-08-26;100950
2021-08-25;"Trenčiansky kraj";40;875;7;882;NA;101259;47;2021-08-25;100936
2021-08-24;"Trenčiansky kraj";4;822;4;826;NA;101259;8;2021-08-24;100889
2021-08-23;"Trenčiansky kraj";6;1048;17;1065;NA;101259;23;2021-08-23;100881
2021-08-22;"Trenčiansky kraj";0;768;9;777;NA;101259;9;2021-08-22;100858
2021-08-21;"Trenčiansky kraj";5;964;7;971;NA;101259;12;2021-08-21;100849
2021-08-20;"Trenčiansky kraj";15;1537;2;1539;NA;101259;17;2021-08-20;100837
2021-08-19;"Trenčiansky kraj";2;985;2;987;NA;101259;4;2021-08-19;100820
2021-08-18;"Trenčiansky kraj";6;814;7;821;NA;101259;13;2021-08-18;100816
2021-08-17;"Trenčiansky kraj";9;633;1;634;NA;101259;10;2021-08-17;100803
2021-08-16;"Trenčiansky kraj";5;904;3;907;NA;101259;8;2021-08-16;100793
2021-08-15;"Trenčiansky kraj";0;558;1;559;NA;101259;1;2021-08-15;100785
2021-08-14;"Trenčiansky kraj";12;574;6;580;NA;101259;18;2021-08-14;100784
2021-08-13;"Trenčiansky kraj";2;933;0;933;NA;101259;2;2021-08-13;100766
2021-08-12;"Trenčiansky kraj";2;564;3;567;NA;101259;5;2021-08-12;100764
2021-08-11;"Trenčiansky kraj";1;680;0;680;NA;101259;1;2021-08-11;100759
2021-08-10;"Trenčiansky kraj";8;530;1;531;NA;101259;9;2021-08-10;100758
2021-08-09;"Trenčiansky kraj";8;694;1;695;NA;101259;9;2021-08-09;100749
2021-08-08;"Trenčiansky kraj";0;468;0;468;NA;101259;0;2021-08-08;100740
2021-08-07;"Trenčiansky kraj";3;464;0;464;NA;101259;3;2021-08-07;100740
2021-08-06;"Trenčiansky kraj";3;955;1;956;NA;101259;4;2021-08-06;100737
2021-08-05;"Trenčiansky kraj";3;579;1;580;NA;101259;4;2021-08-05;100733
2021-08-04;"Trenčiansky kraj";14;546;3;549;NA;101259;17;2021-08-04;100729
2021-08-03;"Trenčiansky kraj";9;508;5;513;NA;101259;14;2021-08-03;100712
2021-08-02;"Trenčiansky kraj";1;807;2;809;NA;101259;3;2021-08-02;100698
2021-08-01;"Trenčiansky kraj";0;458;1;459;NA;101259;1;2021-08-01;100695
2021-07-31;"Trenčiansky kraj";4;525;2;527;NA;101259;6;2021-07-31;100694
2021-07-30;"Trenčiansky kraj";2;1041;0;1041;NA;101259;2;2021-07-30;100688
2021-07-29;"Trenčiansky kraj";5;708;0;708;NA;101259;5;2021-07-29;100686
2021-07-28;"Trenčiansky kraj";3;517;2;519;NA;101259;5;2021-07-28;100681
2021-07-27;"Trenčiansky kraj";6;551;1;552;NA;101259;7;2021-07-27;100676
2021-07-26;"Trenčiansky kraj";7;772;1;773;NA;101259;8;2021-07-26;100669
2021-07-25;"Trenčiansky kraj";0;487;2;489;NA;101259;2;2021-07-25;100661
2021-07-24;"Trenčiansky kraj";3;643;1;644;NA;101259;4;2021-07-24;100659
2021-07-23;"Trenčiansky kraj";3;1151;0;1151;NA;101259;3;2021-07-23;100655
2021-07-22;"Trenčiansky kraj";2;844;2;846;NA;101259;4;2021-07-22;100652
2021-07-21;"Trenčiansky kraj";8;661;2;663;NA;101259;10;2021-07-21;100648
2021-07-20;"Trenčiansky kraj";4;525;1;526;NA;101259;5;2021-07-20;100638
2021-07-19;"Trenčiansky kraj";0;866;4;870;NA;101259;4;2021-07-19;100633
2021-07-18;"Trenčiansky kraj";0;526;0;526;NA;101259;0;2021-07-18;100629
2021-07-17;"Trenčiansky kraj";3;673;0;673;NA;101259;3;2021-07-17;100629
2021-07-16;"Trenčiansky kraj";4;1122;0;1122;NA;101259;4;2021-07-16;100626
2021-07-15;"Trenčiansky kraj";2;824;0;824;NA;101259;2;2021-07-15;100622
2021-07-14;"Trenčiansky kraj";8;645;0;645;NA;101259;8;2021-07-14;100620
2021-07-13;"Trenčiansky kraj";1;520;3;523;NA;101259;4;2021-07-13;100612
2021-07-12;"Trenčiansky kraj";9;820;2;822;NA;101259;11;2021-07-12;100608
2021-07-11;"Trenčiansky kraj";0;609;0;609;NA;101259;0;2021-07-11;100597
2021-07-10;"Trenčiansky kraj";2;535;0;535;NA;101259;2;2021-07-10;100597
2021-07-09;"Trenčiansky kraj";7;1379;0;1379;NA;101259;7;2021-07-09;100595
2021-07-08;"Trenčiansky kraj";2;815;1;816;NA;101259;3;2021-07-08;100588
2021-07-07;"Trenčiansky kraj";2;928;0;928;NA;101259;2;2021-07-07;100585
2021-07-06;"Trenčiansky kraj";4;1041;1;1042;NA;101259;5;2021-07-06;100583
2021-07-05;"Trenčiansky kraj";1;508;0;508;NA;101259;1;2021-07-05;100578
2021-07-04;"Trenčiansky kraj";0;612;1;613;NA;101259;1;2021-07-04;100577
2021-07-03;"Trenčiansky kraj";3;815;1;816;NA;101259;4;2021-07-03;100576
2021-07-02;"Trenčiansky kraj";5;1583;2;1585;NA;101259;7;2021-07-02;100572
2021-07-01;"Trenčiansky kraj";4;1152;1;1153;NA;101259;5;2021-07-01;100565
2021-06-30;"Trenčiansky kraj";2;6993;6;6999;NA;101259;8;2021-06-30;100560
2021-06-29;"Trenčiansky kraj";4;2773;5;2778;NA;101259;9;2021-06-29;100552
2021-06-28;"Trenčiansky kraj";5;3644;4;3648;NA;101259;9;2021-06-28;100543
2021-06-27;"Trenčiansky kraj";0;2861;1;2862;NA;101259;1;2021-06-27;100534
2021-06-26;"Trenčiansky kraj";1;3422;4;3426;NA;101259;5;2021-06-26;100533
2021-06-25;"Trenčiansky kraj";2;4497;1;4498;NA;101259;3;2021-06-25;100528
2021-06-24;"Trenčiansky kraj";3;3205;4;3209;NA;101259;7;2021-06-24;100525
2021-06-23;"Trenčiansky kraj";4;2725;2;2727;NA;101259;6;2021-06-23;100518
2021-06-22;"Trenčiansky kraj";7;3058;3;3061;NA;101259;10;2021-06-22;100512
2021-06-21;"Trenčiansky kraj";10;3891;4;3895;NA;101259;14;2021-06-21;100502
2021-06-20;"Trenčiansky kraj";0;3579;5;3584;NA;101259;5;2021-06-20;100488
2021-06-19;"Trenčiansky kraj";5;4413;1;4414;NA;101259;6;2021-06-19;100483
2021-06-18;"Trenčiansky kraj";7;6725;7;6732;NA;101259;14;2021-06-18;100477
2021-06-17;"Trenčiansky kraj";0;3469;6;3475;NA;101259;6;2021-06-17;100463
2021-06-16;"Trenčiansky kraj";4;3183;3;3186;NA;101259;7;2021-06-16;100457
2021-06-15;"Trenčiansky kraj";10;3697;2;3699;NA;101259;12;2021-06-15;100450
2021-06-14;"Trenčiansky kraj";10;4805;15;4820;NA;101259;25;2021-06-14;100438
2021-06-13;"Trenčiansky kraj";0;4643;4;4647;NA;101259;4;2021-06-13;100413
2021-06-12;"Trenčiansky kraj";4;5316;7;5323;NA;101259;11;2021-06-12;100409
2021-06-11;"Trenčiansky kraj";10;7169;11;7180;NA;101259;21;2021-06-11;100398
2021-06-10;"Trenčiansky kraj";5;4345;7;4352;NA;101259;12;2021-06-10;100377
2021-06-09;"Trenčiansky kraj";7;3693;7;3700;NA;101259;14;2021-06-09;100365
2021-06-08;"Trenčiansky kraj";21;3965;7;3972;NA;101259;28;2021-06-08;100351
2021-06-07;"Trenčiansky kraj";13;5560;10;5570;NA;101259;23;2021-06-07;100323
2021-06-06;"Trenčiansky kraj";0;5500;10;5510;NA;101259;10;2021-06-06;100300
2021-06-05;"Trenčiansky kraj";7;6511;5;6516;NA;101259;12;2021-06-05;100290
2021-06-04;"Trenčiansky kraj";16;7653;3;7656;NA;101259;19;2021-06-04;100278
2021-06-03;"Trenčiansky kraj";9;4485;10;4495;NA;101259;19;2021-06-03;100259
2021-06-02;"Trenčiansky kraj";28;4329;8;4337;NA;101259;36;2021-06-02;100240
2021-06-01;"Trenčiansky kraj";22;5396;18;5414;NA;101259;40;2021-06-01;100204
2021-05-31;"Trenčiansky kraj";30;6117;24;6141;NA;101259;54;2021-05-31;100164
2021-05-30;"Trenčiansky kraj";0;8258;16;8274;NA;101259;16;2021-05-30;100110
2021-05-29;"Trenčiansky kraj";13;7915;14;7929;NA;101259;27;2021-05-29;100094
2021-05-28;"Trenčiansky kraj";22;8995;25;9020;NA;101259;47;2021-05-28;100067
2021-05-27;"Trenčiansky kraj";6;5205;12;5217;NA;101259;18;2021-05-27;100020
2021-05-26;"Trenčiansky kraj";26;5069;15;5084;NA;101259;41;2021-05-26;100002
2021-05-25;"Trenčiansky kraj";18;6168;24;6192;NA;101259;42;2021-05-25;99961
2021-05-24;"Trenčiansky kraj";19;9292;37;9329;NA;101259;56;2021-05-24;99919
2021-05-23;"Trenčiansky kraj";0;9083;26;9109;NA;101259;26;2021-05-23;99863
2021-05-22;"Trenčiansky kraj";11;11314;21;11335;NA;101259;32;2021-05-22;99837
2021-05-21;"Trenčiansky kraj";23;11572;26;11598;NA;101259;49;2021-05-21;99805
2021-05-20;"Trenčiansky kraj";23;6320;25;6345;NA;101259;48;2021-05-20;99756
2021-05-19;"Trenčiansky kraj";16;5694;32;5726;NA;101259;48;2021-05-19;99708
2021-05-18;"Trenčiansky kraj";26;7779;28;7807;NA;101259;54;2021-05-18;99660
2021-05-17;"Trenčiansky kraj";37;7671;43;7714;NA;101259;80;2021-05-17;99606
2021-05-16;"Trenčiansky kraj";25;15615;41;15656;NA;101259;66;2021-05-16;99526
2021-05-15;"Trenčiansky kraj";3;21237;32;21269;NA;101259;35;2021-05-15;99460
2021-05-14;"Trenčiansky kraj";41;18676;42;18718;NA;101259;83;2021-05-14;99425
2021-05-13;"Trenčiansky kraj";41;8195;24;8219;NA;101259;65;2021-05-13;99342
2021-05-12;"Trenčiansky kraj";41;7409;31;7440;NA;101259;72;2021-05-12;99277
2021-05-11;"Trenčiansky kraj";66;10507;32;10539;NA;101259;98;2021-05-11;99205
2021-05-10;"Trenčiansky kraj";48;12989;55;13044;NA;101259;103;2021-05-10;99107
2021-05-09;"Trenčiansky kraj";52;17737;39;17776;NA;101259;91;2021-05-09;99004
2021-05-08;"Trenčiansky kraj";3;23822;33;23855;NA;101259;36;2021-05-08;98913
2021-05-07;"Trenčiansky kraj";45;23549;56;23605;NA;101259;101;2021-05-07;98877
2021-05-06;"Trenčiansky kraj";26;10771;44;10815;NA;101259;70;2021-05-06;98776
2021-05-05;"Trenčiansky kraj";73;9377;41;9418;NA;101259;114;2021-05-05;98706
2021-05-04;"Trenčiansky kraj";55;12733;53;12786;NA;101259;108;2021-05-04;98592
2021-05-03;"Trenčiansky kraj";60;15331;51;15382;NA;101259;111;2021-05-03;98484
2021-05-02;"Trenčiansky kraj";0;31163;65;31228;NA;101259;65;2021-05-02;98373
2021-05-01;"Trenčiansky kraj";71;56982;60;57042;NA;101259;131;2021-05-01;98308
2021-04-30;"Trenčiansky kraj";77;29427;61;29488;NA;101259;138;2021-04-30;98177
2021-04-29;"Trenčiansky kraj";49;13198;59;13257;NA;101259;108;2021-04-29;98039
2021-04-28;"Trenčiansky kraj";79;12537;52;12589;NA;101259;131;2021-04-28;97931
2021-04-27;"Trenčiansky kraj";107;15527;40;15567;NA;101259;147;2021-04-27;97800
2021-04-26;"Trenčiansky kraj";52;21070;63;21133;NA;101259;115;2021-04-26;97653
2021-04-25;"Trenčiansky kraj";0;34560;48;34608;NA;101259;48;2021-04-25;97538
2021-04-24;"Trenčiansky kraj";76;72398;100;72498;NA;101259;176;2021-04-24;97490
2021-04-23;"Trenčiansky kraj";143;29959;79;30038;NA;101259;222;2021-04-23;97314
2021-04-22;"Trenčiansky kraj";71;13847;64;13911;NA;101259;135;2021-04-22;97092
2021-04-21;"Trenčiansky kraj";79;13000;67;13067;NA;101259;146;2021-04-21;96957
2021-04-20;"Trenčiansky kraj";142;17740;80;17820;NA;101259;222;2021-04-20;96811
2021-04-19;"Trenčiansky kraj";102;22631;103;22734;NA;101259;205;2021-04-19;96589
2021-04-18;"Trenčiansky kraj";3;40879;97;40976;NA;101259;100;2021-04-18;96384
2021-04-17;"Trenčiansky kraj";77;81498;136;81634;NA;101259;213;2021-04-17;96284
2021-04-16;"Trenčiansky kraj";100;31961;90;32051;NA;101259;190;2021-04-16;96071
2021-04-15;"Trenčiansky kraj";71;14479;69;14548;NA;101259;140;2021-04-15;95881
2021-04-14;"Trenčiansky kraj";135;15574;72;15646;NA;101259;207;2021-04-14;95741
2021-04-13;"Trenčiansky kraj";189;18721;75;18796;NA;101259;264;2021-04-13;95534
2021-04-12;"Trenčiansky kraj";97;23743;91;23834;NA;101259;188;2021-04-12;95270
2021-04-11;"Trenčiansky kraj";1;34735;75;34810;NA;101259;76;2021-04-11;95082
2021-04-10;"Trenčiansky kraj";81;83093;145;83238;NA;101259;226;2021-04-10;95006
2021-04-09;"Trenčiansky kraj";120;28014;91;28105;NA;101259;211;2021-04-09;94780
2021-04-08;"Trenčiansky kraj";112;13283;85;13368;NA;101259;197;2021-04-08;94569
2021-04-07;"Trenčiansky kraj";204;17688;123;17811;NA;101259;327;2021-04-07;94372
2021-04-06;"Trenčiansky kraj";157;28567;178;28745;NA;101259;335;2021-04-06;94045
2021-04-05;"Trenčiansky kraj";15;9227;64;9291;NA;101259;79;2021-04-05;93710
2021-04-04;"Trenčiansky kraj";2;20291;85;20376;NA;101259;87;2021-04-04;93631
2021-04-03;"Trenčiansky kraj";86;80473;221;80694;NA;101259;307;2021-04-03;93544
2021-04-02;"Trenčiansky kraj";126;21620;81;21701;NA;101259;207;2021-04-02;93237
2021-04-01;"Trenčiansky kraj";159;32376;139;32515;NA;101259;298;2021-04-01;93030
2021-03-31;"Trenčiansky kraj";198;20100;130;20230;NA;101259;328;2021-03-31;92732
2021-03-30;"Trenčiansky kraj";272;17305;136;17441;NA;101259;408;2021-03-30;92404
2021-03-29;"Trenčiansky kraj";142;19479;170;19649;NA;101259;312;2021-03-29;91996
2021-03-28;"Trenčiansky kraj";3;34759;116;34875;NA;101259;119;2021-03-28;91684
2021-03-27;"Trenčiansky kraj";130;77314;293;77607;NA;101259;423;2021-03-27;91565
2021-03-26;"Trenčiansky kraj";211;35095;157;35252;NA;101259;368;2021-03-26;91142
2021-03-25;"Trenčiansky kraj";184;16580;176;16756;NA;101259;360;2021-03-25;90774
2021-03-24;"Trenčiansky kraj";259;13102;171;13273;NA;101259;430;2021-03-24;90414
2021-03-23;"Trenčiansky kraj";349;17589;174;17763;NA;101259;523;2021-03-23;89984
2021-03-22;"Trenčiansky kraj";141;21116;213;21329;NA;101259;354;2021-03-22;89461
2021-03-21;"Trenčiansky kraj";85;32711;164;32875;NA;101259;249;2021-03-21;89107
2021-03-20;"Trenčiansky kraj";128;80035;322;80357;NA;101259;450;2021-03-20;88858
2021-03-19;"Trenčiansky kraj";231;34783;232;35015;NA;101259;463;2021-03-19;88408
2021-03-18;"Trenčiansky kraj";262;16105;178;16283;NA;101259;440;2021-03-18;87945
2021-03-17;"Trenčiansky kraj";366;13435;164;13599;NA;101259;530;2021-03-17;87505
2021-03-16;"Trenčiansky kraj";450;15282;241;15523;NA;101259;691;2021-03-16;86975
2021-03-15;"Trenčiansky kraj";162;21235;261;21496;NA;101259;423;2021-03-15;86284
2021-03-14;"Trenčiansky kraj";42;34416;238;34654;NA;101259;280;2021-03-14;85861
2021-03-13;"Trenčiansky kraj";270;79186;453;79639;NA;101259;723;2021-03-13;85581
2021-03-12;"Trenčiansky kraj";366;34795;307;35102;NA;101259;673;2021-03-12;84858
2021-03-11;"Trenčiansky kraj";302;15558;213;15771;NA;101259;515;2021-03-11;84185
2021-03-10;"Trenčiansky kraj";402;13585;237;13822;NA;101259;639;2021-03-10;83670
2021-03-09;"Trenčiansky kraj";586;17982;285;18267;NA;101259;871;2021-03-09;83031
2021-03-08;"Trenčiansky kraj";174;21704;363;22067;NA;101259;537;2021-03-08;82160
2021-03-07;"Trenčiansky kraj";4;33660;313;33973;NA;101259;317;2021-03-07;81623
2021-03-06;"Trenčiansky kraj";260;79661;529;80190;NA;101259;789;2021-03-06;81306
2021-03-05;"Trenčiansky kraj";326;32960;416;33376;NA;101259;742;2021-03-05;80517
2021-03-04;"Trenčiansky kraj";323;16821;317;17138;NA;101259;640;2021-03-04;79775
2021-03-03;"Trenčiansky kraj";413;13960;347;14307;NA;101259;760;2021-03-03;79135
2021-03-02;"Trenčiansky kraj";612;17794;344;18138;NA;101259;956;2021-03-02;78375
2021-03-01;"Trenčiansky kraj";217;21104;445;21549;NA;101259;662;2021-03-01;77419
2021-02-28;"Trenčiansky kraj";45;30238;376;30614;NA;101259;421;2021-02-28;76757
2021-02-27;"Trenčiansky kraj";277;78735;686;79421;NA;101259;963;2021-02-27;76336
2021-02-26;"Trenčiansky kraj";420;32944;435;33379;NA;101259;855;2021-02-26;75373
2021-02-25;"Trenčiansky kraj";424;14029;328;14357;NA;101259;752;2021-02-25;74518
2021-02-24;"Trenčiansky kraj";427;11997;398;12395;NA;101259;825;2021-02-24;73766
2021-02-23;"Trenčiansky kraj";577;14904;390;15294;NA;101259;967;2021-02-23;72941
2021-02-22;"Trenčiansky kraj";160;19969;468;20437;NA;101259;628;2021-02-22;71974
2021-02-21;"Trenčiansky kraj";64;29478;392;29870;NA;101259;456;2021-02-21;71346
2021-02-20;"Trenčiansky kraj";274;77840;745;78585;NA;101259;1019;2021-02-20;70890
2021-02-19;"Trenčiansky kraj";272;30266;523;30789;NA;101259;795;2021-02-19;69871
2021-02-18;"Trenčiansky kraj";355;14094;403;14497;NA;101259;758;2021-02-18;69076
2021-02-17;"Trenčiansky kraj";363;11413;377;11790;NA;101259;740;2021-02-17;68318
2021-02-16;"Trenčiansky kraj";488;17761;406;18167;NA;101259;894;2021-02-16;67578
2021-02-15;"Trenčiansky kraj";151;21846;463;22309;NA;101259;614;2021-02-15;66684
2021-02-14;"Trenčiansky kraj";2;31255;324;31579;NA;101259;326;2021-02-14;66070
2021-02-13;"Trenčiansky kraj";274;63006;522;63528;NA;101259;796;2021-02-13;65744
2021-02-12;"Trenčiansky kraj";276;27979;412;28391;NA;101259;688;2021-02-12;64948
2021-02-11;"Trenčiansky kraj";291;11567;323;11890;NA;101259;614;2021-02-11;64260
2021-02-10;"Trenčiansky kraj";304;11408;317;11725;NA;101259;621;2021-02-10;63646
2021-02-09;"Trenčiansky kraj";514;18412;360;18772;NA;101259;874;2021-02-09;63025
2021-02-08;"Trenčiansky kraj";182;26832;430;27262;NA;101259;612;2021-02-08;62151
2021-02-07;"Trenčiansky kraj";31;36781;341;37122;NA;101259;372;2021-02-07;61539
2021-02-06;"Trenčiansky kraj";216;63931;560;64491;NA;101259;776;2021-02-06;61167
2021-02-05;"Trenčiansky kraj";202;18164;367;18531;NA;101259;569;2021-02-05;60391
2021-02-04;"Trenčiansky kraj";266;7253;311;7564;NA;101259;577;2021-02-04;59822
2021-02-03;"Trenčiansky kraj";162;6723;320;7043;NA;101259;482;2021-02-03;59245
2021-02-02;"Trenčiansky kraj";347;8074;381;8455;NA;101259;728;2021-02-02;58763
2021-02-01;"Trenčiansky kraj";167;8921;311;9232;NA;101259;478;2021-02-01;58035
2021-01-31;"Trenčiansky kraj";7;19103;159;19262;NA;101259;166;2021-01-31;57557
2021-01-30;"Trenčiansky kraj";228;38167;332;38499;NA;101259;560;2021-01-30;57391
2021-01-29;"Trenčiansky kraj";214;7590;235;7825;NA;101259;449;2021-01-29;56831
2021-01-28;"Trenčiansky kraj";307;5442;158;5600;NA;101259;465;2021-01-28;56382
2021-01-27;"Trenčiansky kraj";166;4842;181;5023;NA;101259;347;2021-01-27;55917
2021-01-26;"Trenčiansky kraj";303;14589;250;14839;NA;101259;553;2021-01-26;55570
2021-01-25;"Trenčiansky kraj";160;24310;207;24517;NA;101259;367;2021-01-25;55017
2021-01-24;"Trenčiansky kraj";51;38369;282;38651;NA;101259;333;2021-01-24;54650
2021-01-23;"Trenčiansky kraj";206;114125;749;114874;NA;101259;955;2021-01-23;54317
2021-01-22;"Trenčiansky kraj";148;21831;241;22072;NA;101259;389;2021-01-22;53362
2021-01-21;"Trenčiansky kraj";143;8586;166;8752;NA;101259;309;2021-01-21;52973
2021-01-20;"Trenčiansky kraj";181;8189;227;8416;NA;101259;408;2021-01-20;52664
2021-01-19;"Trenčiansky kraj";363;6600;262;6862;NA;101259;625;2021-01-19;52256
2021-01-18;"Trenčiansky kraj";72;4970;321;5291;NA;101259;393;2021-01-18;51631
2021-01-17;"Trenčiansky kraj";124;156;11;167;NA;101259;135;2021-01-17;51238
2021-01-16;"Trenčiansky kraj";39;1288;53;1341;NA;101259;92;2021-01-16;51103
2021-01-15;"Trenčiansky kraj";264;4031;214;4245;NA;101259;478;2021-01-15;51011
2021-01-14;"Trenčiansky kraj";275;3193;189;3382;NA;101259;464;2021-01-14;50533
2021-01-13;"Trenčiansky kraj";222;3893;215;4108;NA;101259;437;2021-01-13;50069
2021-01-12;"Trenčiansky kraj";508;4604;261;4865;NA;101259;769;2021-01-12;49632
2021-01-11;"Trenčiansky kraj";142;4367;354;4721;NA;101259;496;2021-01-11;48863
2021-01-10;"Trenčiansky kraj";89;4969;77;5046;NA;101259;166;2021-01-10;48367
2021-01-09;"Trenčiansky kraj";276;8280;128;8408;NA;101259;404;2021-01-09;48201
2021-01-08;"Trenčiansky kraj";489;6435;484;6919;NA;101259;973;2021-01-08;47797
2021-01-07;"Trenčiansky kraj";420;6138;577;6715;NA;101259;997;2021-01-07;46824
2021-01-06;"Trenčiansky kraj";221;1021;64;1085;NA;101259;285;2021-01-06;45827
2021-01-05;"Trenčiansky kraj";669;5753;706;6459;NA;101259;1375;2021-01-05;45542
2021-01-04;"Trenčiansky kraj";337;5248;782;6030;NA;101259;1119;2021-01-04;44167
2021-01-03;"Trenčiansky kraj";38;114;15;129;NA;101259;53;2021-01-03;43048
2021-01-02;"Trenčiansky kraj";129;196;23;219;NA;101259;152;2021-01-02;42995
2021-01-01;"Trenčiansky kraj";329;347;23;370;NA;101259;352;2021-01-01;42843
2020-12-31;"Trenčiansky kraj";597;4943;557;5500;NA;101259;1154;2020-12-31;42491
2020-12-30;"Trenčiansky kraj";836;7012;762;7774;NA;101259;1598;2020-12-30;41337
2020-12-29;"Trenčiansky kraj";459;6121;1009;7130;NA;101259;1468;2020-12-29;39739
2020-12-28;"Trenčiansky kraj";258;4195;777;4972;NA;101259;1035;2020-12-28;38271
2020-12-27;"Trenčiansky kraj";5;208;36;244;NA;101259;41;2020-12-27;37236
2020-12-26;"Trenčiansky kraj";174;74;10;84;NA;101259;184;2020-12-26;37195
2020-12-25;"Trenčiansky kraj";251;325;47;372;NA;101259;298;2020-12-25;37011
2020-12-24;"Trenčiansky kraj";552;2194;256;2450;NA;101259;808;2020-12-24;36713
2020-12-23;"Trenčiansky kraj";421;6552;661;7213;NA;101259;1082;2020-12-23;35905
2020-12-22;"Trenčiansky kraj";673;5760;694;6454;NA;101259;1367;2020-12-22;34823
2020-12-21;"Trenčiansky kraj";248;13395;979;14374;NA;101259;1227;2020-12-21;33456
2020-12-20;"Trenčiansky kraj";238;12504;292;12796;NA;101259;530;2020-12-20;32229
2020-12-19;"Trenčiansky kraj";341;1611;150;1761;NA;101259;491;2020-12-19;31699
2020-12-18;"Trenčiansky kraj";521;5199;615;5814;NA;101259;1136;2020-12-18;31208
2020-12-17;"Trenčiansky kraj";670;3843;524;4367;NA;101259;1194;2020-12-17;30072
2020-12-16;"Trenčiansky kraj";461;4474;648;5122;NA;101259;1109;2020-12-16;28878
2020-12-15;"Trenčiansky kraj";595;3805;670;4475;NA;101259;1265;2020-12-15;27769
2020-12-14;"Trenčiansky kraj";318;2907;552;3459;NA;101259;870;2020-12-14;26504
2020-12-13;"Trenčiansky kraj";77;49;6;55;NA;101259;83;2020-12-13;25634
2020-12-12;"Trenčiansky kraj";314;1191;136;1327;NA;101259;450;2020-12-12;25551
2020-12-11;"Trenčiansky kraj";751;3773;453;4226;NA;101259;1204;2020-12-11;25101
2020-12-10;"Trenčiansky kraj";271;3354;473;3827;NA;101259;744;2020-12-10;23897
2020-12-09;"Trenčiansky kraj";508;3788;466;4254;NA;101259;974;2020-12-09;23153
2020-12-08;"Trenčiansky kraj";546;3440;522;3962;NA;101259;1068;2020-12-08;22179
2020-12-07;"Trenčiansky kraj";258;3832;468;4300;NA;101259;726;2020-12-07;21111
2020-12-06;"Trenčiansky kraj";114;179;10;189;NA;101259;124;2020-12-06;20385
2020-12-05;"Trenčiansky kraj";223;610;56;666;NA;101259;279;2020-12-05;20261
2020-12-04;"Trenčiansky kraj";253;2943;273;3216;NA;101259;526;2020-12-04;19982
2020-12-03;"Trenčiansky kraj";503;1714;178;1892;NA;101259;681;2020-12-03;19456
2020-12-02;"Trenčiansky kraj";418;1844;232;2076;NA;101259;650;2020-12-02;18775
2020-12-01;"Trenčiansky kraj";321;5642;351;5993;NA;101259;672;2020-12-01;18125
2020-11-30;"Trenčiansky kraj";167;11514;520;12034;NA;101259;687;2020-11-30;17453
2020-11-29;"Trenčiansky kraj";29;30;5;35;NA;101259;34;2020-11-29;16766
2020-11-28;"Trenčiansky kraj";202;1051;93;1144;NA;101259;295;2020-11-28;16732
2020-11-27;"Trenčiansky kraj";330;1888;186;2074;NA;101259;516;2020-11-27;16437
2020-11-26;"Trenčiansky kraj";395;1252;122;1374;NA;101259;517;2020-11-26;15921
2020-11-25;"Trenčiansky kraj";322;1444;160;1604;NA;101259;482;2020-11-25;15404
2020-11-24;"Trenčiansky kraj";348;2553;308;2861;NA;101259;656;2020-11-24;14922
2020-11-23;"Trenčiansky kraj";159;1186;122;1308;NA;101259;281;2020-11-23;14266
2020-11-22;"Trenčiansky kraj";26;30;7;37;NA;101259;33;2020-11-22;13985
2020-11-21;"Trenčiansky kraj";255;1376;69;1445;NA;101259;324;2020-11-21;13952
2020-11-20;"Trenčiansky kraj";316;861;93;954;NA;101259;409;2020-11-20;13628
2020-11-19;"Trenčiansky kraj";316;740;113;853;NA;101259;429;2020-11-19;13219
2020-11-18;"Trenčiansky kraj";233;379;66;445;NA;101259;299;2020-11-18;12790
2020-11-17;"Trenčiansky kraj";222;106;15;121;NA;101259;237;2020-11-17;12491
2020-11-16;"Trenčiansky kraj";245;236;45;281;NA;101259;290;2020-11-16;12254
2020-11-15;"Trenčiansky kraj";109;29;6;35;NA;101259;115;2020-11-15;11964
2020-11-14;"Trenčiansky kraj";190;74;11;85;NA;101259;201;2020-11-14;11849
2020-11-13;"Trenčiansky kraj";308;131;13;144;NA;101259;321;2020-11-13;11648
2020-11-12;"Trenčiansky kraj";324;124;5;129;NA;101259;329;2020-11-12;11327
2020-11-11;"Trenčiansky kraj";366;113;10;123;NA;101259;376;2020-11-11;10998
2020-11-10;"Trenčiansky kraj";277;106;6;112;NA;101259;283;2020-11-10;10622
2020-11-09;"Trenčiansky kraj";115;1407;48;1455;NA;101259;163;2020-11-09;10339
2020-11-08;"Trenčiansky kraj";81;1271;8;1279;NA;101259;89;2020-11-08;10176
2020-11-07;"Trenčiansky kraj";319;3662;59;3721;NA;101259;378;2020-11-07;10087
2020-11-06;"Trenčiansky kraj";383;6893;84;6977;NA;101259;467;2020-11-06;9709
2020-11-05;"Trenčiansky kraj";399;98;15;113;NA;101259;414;2020-11-05;9242
2020-11-04;"Trenčiansky kraj";370;91;9;100;NA;101259;379;2020-11-04;8828
2020-11-03;"Trenčiansky kraj";575;97;8;105;NA;101259;583;2020-11-03;8449
2020-11-02;"Trenčiansky kraj";197;1833;68;1901;NA;101259;265;2020-11-02;7866
2020-11-01;"Trenčiansky kraj";257;808;24;832;NA;101259;281;2020-11-01;7601
2020-10-31;"Trenčiansky kraj";332;4719;82;4801;NA;101259;414;2020-10-31;7320
2020-10-30;"Trenčiansky kraj";299;5283;102;5385;NA;101259;401;2020-10-30;6906
2020-10-29;"Trenčiansky kraj";496;764;68;832;NA;101259;564;2020-10-29;6505
2020-10-28;"Trenčiansky kraj";269;192;33;225;NA;101259;302;2020-10-28;5941
2020-10-27;"Trenčiansky kraj";473;127;27;154;NA;101259;500;2020-10-27;5639
2020-10-26;"Trenčiansky kraj";177;107;36;143;NA;101259;213;2020-10-26;5139
2020-10-25;"Trenčiansky kraj";138;9;5;14;NA;101259;143;2020-10-25;4926
2020-10-24;"Trenčiansky kraj";395;128;6;134;NA;101259;401;2020-10-24;4783
2020-10-23;"Trenčiansky kraj";301;154;8;162;NA;101259;309;2020-10-23;4382
2020-10-22;"Trenčiansky kraj";273;82;12;94;NA;101259;285;2020-10-22;4073
2020-10-21;"Trenčiansky kraj";183;53;9;62;NA;101259;192;2020-10-21;3788
2020-10-20;"Trenčiansky kraj";212;47;6;53;NA;101259;218;2020-10-20;3596
2020-10-19;"Trenčiansky kraj";41;83;25;108;NA;101259;66;2020-10-19;3378
2020-10-18;"Trenčiansky kraj";104;0;0;0;NA;101259;104;2020-10-18;3312
2020-10-17;"Trenčiansky kraj";157;0;0;0;NA;101259;157;2020-10-17;3208
2020-10-16;"Trenčiansky kraj";225;42;6;48;NA;101259;231;2020-10-16;3051
2020-10-15;"Trenčiansky kraj";255;39;4;43;NA;101259;259;2020-10-15;2820
2020-10-14;"Trenčiansky kraj";162;42;7;49;NA;101259;169;2020-10-14;2561
2020-10-13;"Trenčiansky kraj";124;105;12;117;NA;101259;136;2020-10-13;2392
2020-10-12;"Trenčiansky kraj";55;0;0;0;NA;101259;55;2020-10-12;2256
2020-10-11;"Trenčiansky kraj";73;0;0;0;NA;101259;73;2020-10-11;2201
2020-10-10;"Trenčiansky kraj";180;0;0;0;NA;101259;180;2020-10-10;2128
2020-10-09;"Trenčiansky kraj";198;0;0;0;NA;101259;198;2020-10-09;1948
2020-10-08;"Trenčiansky kraj";115;0;0;0;NA;101259;115;2020-10-08;1750
2020-10-07;"Trenčiansky kraj";75;0;0;0;NA;101259;75;2020-10-07;1635
2020-10-06;"Trenčiansky kraj";72;0;0;0;NA;101259;72;2020-10-06;1560
2020-10-05;"Trenčiansky kraj";32;0;0;0;NA;101259;32;2020-10-05;1488
2020-10-04;"Trenčiansky kraj";37;0;0;0;NA;101259;37;2020-10-04;1456
2020-10-03;"Trenčiansky kraj";79;0;0;0;NA;101259;79;2020-10-03;1419
2020-10-02;"Trenčiansky kraj";69;0;0;0;NA;101259;69;2020-10-02;1340
2020-10-01;"Trenčiansky kraj";58;0;0;0;NA;101259;58;2020-10-01;1271
2020-09-30;"Trenčiansky kraj";76;0;0;0;NA;101259;76;2020-09-30;1213
2020-09-29;"Trenčiansky kraj";43;0;0;0;NA;101259;43;2020-09-29;1137
2020-09-28;"Trenčiansky kraj";7;0;0;0;NA;101259;7;2020-09-28;1094
2020-09-27;"Trenčiansky kraj";12;0;0;0;NA;101259;12;2020-09-27;1087
2020-09-26;"Trenčiansky kraj";37;0;0;0;NA;101259;37;2020-09-26;1075
2020-09-25;"Trenčiansky kraj";72;0;0;0;NA;101259;72;2020-09-25;1038
2020-09-24;"Trenčiansky kraj";41;0;0;0;NA;101259;41;2020-09-24;966
2020-09-23;"Trenčiansky kraj";32;0;0;0;NA;101259;32;2020-09-23;925
2020-09-22;"Trenčiansky kraj";26;0;0;0;NA;101259;26;2020-09-22;893
2020-09-21;"Trenčiansky kraj";23;0;0;0;NA;101259;23;2020-09-21;867
2020-09-20;"Trenčiansky kraj";21;0;0;0;NA;101259;21;2020-09-20;844
2020-09-19;"Trenčiansky kraj";20;0;0;0;NA;101259;20;2020-09-19;823
2020-09-18;"Trenčiansky kraj";41;0;0;0;NA;101259;41;2020-09-18;803
2020-09-17;"Trenčiansky kraj";20;0;0;0;NA;101259;20;2020-09-17;762
2020-09-16;"Trenčiansky kraj";14;0;0;0;NA;101259;14;2020-09-16;742
2020-09-15;"Trenčiansky kraj";8;0;0;0;NA;101259;8;2020-09-15;728
2020-09-14;"Trenčiansky kraj";5;0;0;0;NA;101259;5;2020-09-14;720
2020-09-13;"Trenčiansky kraj";12;0;0;0;NA;101259;12;2020-09-13;715
2020-09-12;"Trenčiansky kraj";2;0;0;0;NA;101259;2;2020-09-12;703
2020-09-11;"Trenčiansky kraj";27;0;0;0;NA;101259;27;2020-09-11;701
2020-09-10;"Trenčiansky kraj";15;0;0;0;NA;101259;15;2020-09-10;674
2020-09-09;"Trenčiansky kraj";11;0;0;0;NA;101259;11;2020-09-09;659
2020-09-08;"Trenčiansky kraj";12;0;0;0;NA;101259;12;2020-09-08;648
2020-09-07;"Trenčiansky kraj";6;0;0;0;NA;101259;6;2020-09-07;636
2020-09-06;"Trenčiansky kraj";1;0;0;0;NA;101259;1;2020-09-06;630
2020-09-05;"Trenčiansky kraj";3;0;0;0;NA;101259;3;2020-09-05;629
2020-09-04;"Trenčiansky kraj";9;0;0;0;NA;101259;9;2020-09-04;626
2020-09-03;"Trenčiansky kraj";10;0;0;0;NA;101259;10;2020-09-03;617
2020-09-02;"Trenčiansky kraj";5;0;0;0;NA;101259;5;2020-09-02;607
2020-09-01;"Trenčiansky kraj";1;0;0;0;NA;101259;1;2020-09-01;602
2020-08-31;"Trenčiansky kraj";12;0;0;0;NA;101259;12;2020-08-31;601
2020-08-30;"Trenčiansky kraj";0;0;0;0;NA;101259;0;2020-08-30;589
2020-08-29;"Trenčiansky kraj";1;0;0;0;NA;101259;1;2020-08-29;589
2020-08-28;"Trenčiansky kraj";12;0;0;0;NA;101259;12;2020-08-28;588
2020-08-27;"Trenčiansky kraj";10;0;0;0;NA;101259;10;2020-08-27;576
2020-08-26;"Trenčiansky kraj";15;0;0;0;NA;101259;15;2020-08-26;566
2020-08-25;"Trenčiansky kraj";12;0;0;0;NA;101259;12;2020-08-25;551
2020-08-24;"Trenčiansky kraj";4;0;0;0;NA;101259;4;2020-08-24;539
2020-08-23;"Trenčiansky kraj";5;0;0;0;NA;101259;5;2020-08-23;535
2020-08-22;"Trenčiansky kraj";6;0;0;0;NA;101259;6;2020-08-22;530
2020-08-21;"Trenčiansky kraj";6;0;0;0;NA;101259;6;2020-08-21;524
2020-08-20;"Trenčiansky kraj";20;0;0;0;NA;101259;20;2020-08-20;518
2020-08-19;"Trenčiansky kraj";17;0;0;0;NA;101259;17;2020-08-19;498
2020-08-18;"Trenčiansky kraj";9;0;0;0;NA;101259;9;2020-08-18;481
2020-08-17;"Trenčiansky kraj";4;0;0;0;NA;101259;4;2020-08-17;472
2020-08-16;"Trenčiansky kraj";0;0;0;0;NA;101259;0;2020-08-16;468
2020-08-15;"Trenčiansky kraj";9;0;0;0;NA;101259;9;2020-08-15;468
2020-08-14;"Trenčiansky kraj";15;0;0;0;NA;101259;15;2020-08-14;459
2020-08-13;"Trenčiansky kraj";23;0;0;0;NA;101259;23;2020-08-13;444
2020-08-12;"Trenčiansky kraj";6;0;0;0;NA;101259;6;2020-08-12;421
2020-08-11;"Trenčiansky kraj";7;0;0;0;NA;101259;7;2020-08-11;415
2020-08-10;"Trenčiansky kraj";9;0;0;0;NA;101259;9;2020-08-10;408
2020-08-09;"Trenčiansky kraj";1;0;0;0;NA;101259;1;2020-08-09;399
2020-08-08;"Trenčiansky kraj";4;0;0;0;NA;101259;4;2020-08-08;398
2020-08-07;"Trenčiansky kraj";4;0;0;0;NA;101259;4;2020-08-07;394
2020-08-06;"Trenčiansky kraj";13;0;0;0;NA;101259;13;2020-08-06;390
2020-08-05;"Trenčiansky kraj";39;0;0;0;NA;101259;39;2020-08-05;377
2020-08-04;"Trenčiansky kraj";9;0;0;0;NA;101259;9;2020-08-04;338
2020-08-03;"Trenčiansky kraj";0;0;0;0;NA;101259;0;2020-08-03;329
2020-08-02;"Trenčiansky kraj";2;0;0;0;NA;101259;2;2020-08-02;329
2020-08-01;"Trenčiansky kraj";6;0;0;0;NA;101259;6;2020-08-01;327
2020-07-31;"Trenčiansky kraj";16;0;0;0;NA;101259;16;2020-07-31;321
2020-07-30;"Trenčiansky kraj";4;0;0;0;NA;101259;4;2020-07-30;305
2020-07-29;"Trenčiansky kraj";5;0;0;0;NA;101259;5;2020-07-29;301
2020-07-28;"Trenčiansky kraj";11;0;0;0;NA;101259;11;2020-07-28;296
2020-07-27;"Trenčiansky kraj";4;0;0;0;NA;101259;4;2020-07-27;285
2020-07-26;"Trenčiansky kraj";1;0;0;0;NA;101259;1;2020-07-26;281
2020-07-25;"Trenčiansky kraj";7;0;0;0;NA;101259;7;2020-07-25;280
2020-07-24;"Trenčiansky kraj";5;0;0;0;NA;101259;5;2020-07-24;273
2020-07-23;"Trenčiansky kraj";10;0;0;0;NA;101259;10;2020-07-23;268
2020-07-22;"Trenčiansky kraj";11;0;0;0;NA;101259;11;2020-07-22;258
2020-07-21;"Trenčiansky kraj";6;0;0;0;NA;101259;6;2020-07-21;247
2020-07-20;"Trenčiansky kraj";13;0;0;0;NA;101259;13;2020-07-20;241
2020-07-19;"Trenčiansky kraj";0;0;0;0;NA;101259;0;2020-07-19;228
2020-07-18;"Trenčiansky kraj";0;0;0;0;NA;101259;0;2020-07-18;228
2020-07-17;"Trenčiansky kraj";1;0;0;0;NA;101259;1;2020-07-17;228
2020-07-16;"Trenčiansky kraj";0;0;0;0;NA;101259;0;2020-07-16;227
2020-07-15;"Trenčiansky kraj";2;0;0;0;NA;101259;2;2020-07-15;227
2020-07-14;"Trenčiansky kraj";8;0;0;0;NA;101259;8;2020-07-14;225
2020-07-13;"Trenčiansky kraj";1;0;0;0;NA;101259;1;2020-07-13;217
2020-07-12;"Trenčiansky kraj";0;0;0;0;NA;101259;0;2020-07-12;216
2020-07-11;"Trenčiansky kraj";0;0;0;0;NA;101259;0;2020-07-11;216
2020-07-10;"Trenčiansky kraj";3;0;0;0;NA;101259;3;2020-07-10;216
2020-07-09;"Trenčiansky kraj";2;0;0;0;NA;101259;2;2020-07-09;213
2020-07-08;"Trenčiansky kraj";1;0;0;0;NA;101259;1;2020-07-08;211
2020-07-07;"Trenčiansky kraj";9;0;0;0;NA;101259;9;2020-07-07;210
2020-07-06;"Trenčiansky kraj";1;0;0;0;NA;101259;1;2020-07-06;201
2020-07-05;"Trenčiansky kraj";1;0;0;0;NA;101259;1;2020-07-05;200
2020-07-04;"Trenčiansky kraj";0;0;0;0;NA;101259;0;2020-07-04;199
2020-07-03;"Trenčiansky kraj";2;0;0;0;NA;101259;2;2020-07-03;199
2020-07-02;"Trenčiansky kraj";10;0;0;0;NA;101259;10;2020-07-02;197
2020-07-01;"Trenčiansky kraj";1;0;0;0;NA;101259;1;2020-07-01;187
2020-06-30;"Trenčiansky kraj";6;0;0;0;NA;101259;6;2020-06-30;186
2020-06-29;"Trenčiansky kraj";1;0;0;0;NA;101259;1;2020-06-29;180
2020-06-28;"Trenčiansky kraj";0;0;0;0;NA;101259;0;2020-06-28;179
2020-06-27;"Trenčiansky kraj";0;0;0;0;NA;101259;0;2020-06-27;179
2020-06-26;"Trenčiansky kraj";0;0;0;0;NA;101259;0;2020-06-26;179
2020-06-25;"Trenčiansky kraj";2;0;0;0;NA;101259;2;2020-06-25;179
2020-06-24;"Trenčiansky kraj";1;0;0;0;NA;101259;1;2020-06-24;177
2020-06-23;"Trenčiansky kraj";0;0;0;0;NA;101259;0;2020-06-23;176
2020-06-22;"Trenčiansky kraj";0;0;0;0;NA;101259;0;2020-06-22;176
2020-06-21;"Trenčiansky kraj";0;0;0;0;NA;101259;0;2020-06-21;176
2020-06-20;"Trenčiansky kraj";0;0;0;0;NA;101259;0;2020-06-20;176
2020-06-19;"Trenčiansky kraj";0;0;0;0;NA;101259;0;2020-06-19;176
2020-06-18;"Trenčiansky kraj";0;0;0;0;NA;101259;0;2020-06-18;176
2020-06-17;"Trenčiansky kraj";0;0;0;0;NA;101259;0;2020-06-17;176
2020-06-16;"Trenčiansky kraj";0;0;0;0;NA;101259;0;2020-06-16;176
2020-06-14;"Trenčiansky kraj";0;0;0;0;NA;101259;0;2020-06-14;176
2020-06-13;"Trenčiansky kraj";0;0;0;0;NA;101259;0;2020-06-13;176
2020-06-12;"Trenčiansky kraj";0;0;0;0;NA;101259;0;2020-06-12;176
2020-06-11;"Trenčiansky kraj";0;0;0;0;NA;101259;0;2020-06-11;176
2020-06-10;"Trenčiansky kraj";1;0;0;0;NA;101259;1;2020-06-10;176
2020-06-09;"Trenčiansky kraj";0;0;0;0;NA;101259;0;2020-06-09;175
2020-06-08;"Trenčiansky kraj";0;0;0;0;NA;101259;0;2020-06-08;175
2020-06-07;"Trenčiansky kraj";0;0;0;0;NA;101259;0;2020-06-07;175
2020-06-05;"Trenčiansky kraj";0;0;0;0;NA;101259;0;2020-06-05;175
2020-06-03;"Trenčiansky kraj";0;0;0;0;NA;101259;0;2020-06-03;175
2020-06-02;"Trenčiansky kraj";0;0;0;0;NA;101259;0;2020-06-02;175
2020-05-31;"Trenčiansky kraj";0;0;0;0;NA;101259;0;2020-05-31;175
2020-05-29;"Trenčiansky kraj";0;0;0;0;NA;101259;0;2020-05-29;175
2020-05-27;"Trenčiansky kraj";2;0;0;0;NA;101259;2;2020-05-27;175
2020-05-26;"Trenčiansky kraj";0;0;0;0;NA;101259;0;2020-05-26;173
2020-05-25;"Trenčiansky kraj";0;0;0;0;NA;101259;0;2020-05-25;173
2020-05-24;"Trenčiansky kraj";0;0;0;0;NA;101259;0;2020-05-24;173
2020-05-23;"Trenčiansky kraj";0;0;0;0;NA;101259;0;2020-05-23;173
2020-05-22;"Trenčiansky kraj";0;0;0;0;NA;101259;0;2020-05-22;173
2020-05-21;"Trenčiansky kraj";0;0;0;0;NA;101259;0;2020-05-21;173
2020-05-20;"Trenčiansky kraj";0;0;0;0;NA;101259;0;2020-05-20;173
2020-05-19;"Trenčiansky kraj";0;0;0;0;NA;101259;0;2020-05-19;173
2020-05-17;"Trenčiansky kraj";0;0;0;0;NA;101259;0;2020-05-17;173
2020-05-16;"Trenčiansky kraj";0;0;0;0;NA;101259;0;2020-05-16;173
2020-05-15;"Trenčiansky kraj";1;0;0;0;NA;101259;1;2020-05-15;173
2020-05-14;"Trenčiansky kraj";2;0;0;0;NA;101259;2;2020-05-14;172
2020-05-13;"Trenčiansky kraj";1;0;0;0;NA;101259;1;2020-05-13;170
2020-05-12;"Trenčiansky kraj";1;0;0;0;NA;101259;1;2020-05-12;169
2020-05-11;"Trenčiansky kraj";3;0;0;0;NA;101259;3;2020-05-11;168
2020-05-09;"Trenčiansky kraj";2;0;0;0;NA;101259;2;2020-05-09;165
2020-05-07;"Trenčiansky kraj";6;0;0;0;NA;101259;6;2020-05-07;163
2020-05-06;"Trenčiansky kraj";0;0;0;0;NA;101259;0;2020-05-06;157
2020-05-05;"Trenčiansky kraj";2;0;0;0;NA;101259;2;2020-05-05;157
2020-05-04;"Trenčiansky kraj";0;0;0;0;NA;101259;0;2020-05-04;155
2020-05-03;"Trenčiansky kraj";0;0;0;0;NA;101259;0;2020-05-03;155
2020-05-02;"Trenčiansky kraj";0;0;0;0;NA;101259;0;2020-05-02;155
2020-05-01;"Trenčiansky kraj";0;0;0;0;NA;101259;0;2020-05-01;155
2020-04-30;"Trenčiansky kraj";0;0;0;0;NA;101259;0;2020-04-30;155
2020-04-29;"Trenčiansky kraj";2;0;0;0;NA;101259;2;2020-04-29;155
2020-04-28;"Trenčiansky kraj";1;0;0;0;NA;101259;1;2020-04-28;153
2020-04-27;"Trenčiansky kraj";0;0;0;0;NA;101259;0;2020-04-27;152
2020-04-26;"Trenčiansky kraj";1;0;0;0;NA;101259;1;2020-04-26;152
2020-04-25;"Trenčiansky kraj";0;0;0;0;NA;101259;0;2020-04-25;151
2020-04-24;"Trenčiansky kraj";0;0;0;0;NA;101259;0;2020-04-24;151
2020-04-23;"Trenčiansky kraj";11;0;0;0;NA;101259;11;2020-04-23;151
2020-04-22;"Trenčiansky kraj";1;0;0;0;NA;101259;1;2020-04-22;140
2020-04-21;"Trenčiansky kraj";11;0;0;0;NA;101259;11;2020-04-21;139
2020-04-20;"Trenčiansky kraj";15;0;0;0;NA;101259;15;2020-04-20;128
2020-04-19;"Trenčiansky kraj";2;0;0;0;NA;101259;2;2020-04-19;113
2020-04-18;"Trenčiansky kraj";3;0;0;0;NA;101259;3;2020-04-18;111
2020-04-17;"Trenčiansky kraj";4;0;0;0;NA;101259;4;2020-04-17;108
2020-04-16;"Trenčiansky kraj";10;0;0;0;NA;101259;10;2020-04-16;104
2020-04-15;"Trenčiansky kraj";4;0;0;0;NA;101259;4;2020-04-15;94
2020-04-14;"Trenčiansky kraj";0;0;0;0;NA;101259;0;2020-04-14;90
2020-04-13;"Trenčiansky kraj";1;0;0;0;NA;101259;1;2020-04-13;90
2020-04-12;"Trenčiansky kraj";2;0;0;0;NA;101259;2;2020-04-12;89
2020-04-11;"Trenčiansky kraj";3;0;0;0;NA;101259;3;2020-04-11;87
2020-04-10;"Trenčiansky kraj";0;0;0;0;NA;101259;0;2020-04-10;84
2020-04-09;"Trenčiansky kraj";0;0;0;0;NA;101259;0;2020-04-09;84
2020-04-08;"Trenčiansky kraj";2;0;0;0;NA;101259;2;2020-04-08;84
2020-04-07;"Trenčiansky kraj";18;0;0;0;NA;101259;18;2020-04-07;82
2020-04-06;"Trenčiansky kraj";0;0;0;0;NA;101259;0;2020-04-06;64
2020-04-05;"Trenčiansky kraj";3;0;0;0;NA;101259;3;2020-04-05;64
2020-04-04;"Trenčiansky kraj";5;0;0;0;NA;101259;5;2020-04-04;61
2020-04-03;"Trenčiansky kraj";4;0;0;0;NA;101259;4;2020-04-03;56
2020-04-02;"Trenčiansky kraj";1;0;0;0;NA;101259;1;2020-04-02;52
2020-04-01;"Trenčiansky kraj";3;0;0;0;NA;101259;3;2020-04-01;51
2020-03-31;"Trenčiansky kraj";1;0;0;0;NA;101259;1;2020-03-31;48
2020-03-30;"Trenčiansky kraj";3;0;0;0;NA;101259;3;2020-03-30;47
2020-03-29;"Trenčiansky kraj";6;0;0;0;NA;101259;6;2020-03-29;44
2020-03-28;"Trenčiansky kraj";9;0;0;0;NA;101259;9;2020-03-28;38
2020-03-27;"Trenčiansky kraj";2;0;0;0;NA;101259;2;2020-03-27;29
2020-03-26;"Trenčiansky kraj";6;0;0;0;NA;101259;6;2020-03-26;27
2020-03-25;"Trenčiansky kraj";3;0;0;0;NA;101259;3;2020-03-25;21
2020-03-24;"Trenčiansky kraj";1;0;0;0;NA;101259;1;2020-03-24;18
2020-03-23;"Trenčiansky kraj";0;0;0;0;NA;101259;0;2020-03-23;17
2020-03-22;"Trenčiansky kraj";0;0;0;0;NA;101259;0;2020-03-22;17
2020-03-21;"Trenčiansky kraj";2;0;0;0;NA;101259;2;2020-03-21;17
2020-03-20;"Trenčiansky kraj";2;0;0;0;NA;101259;2;2020-03-20;15
2020-03-19;"Trenčiansky kraj";8;0;0;0;NA;101259;8;2020-03-19;13
2020-03-18;"Trenčiansky kraj";0;0;0;0;NA;101259;0;2020-03-18;5
2020-03-17;"Trenčiansky kraj";0;0;0;0;NA;101259;0;2020-03-17;5
2020-03-16;"Trenčiansky kraj";1;0;0;0;NA;101259;1;2020-03-16;5
2020-03-15;"Trenčiansky kraj";5;0;0;0;NA;101259;5;2020-03-15;4
2020-03-14;"Trenčiansky kraj";0;0;0;0;NA;101259;0;2020-03-14;-1
2020-03-13;"Trenčiansky kraj";0;0;0;0;NA;101259;0;2020-03-13;-1
2020-03-12;"Trenčiansky kraj";1;0;0;0;NA;101259;1;2020-03-12;-1
2020-03-11;"Trenčiansky kraj";0;0;0;0;NA;101259;0;2020-03-11;-2
2020-03-09;"Trenčiansky kraj";0;0;0;0;NA;101259;0;2020-03-09;-2
2020-03-08;"Trenčiansky kraj";0;0;0;0;NA;101259;0;2020-03-08;-2
2020-03-07;"Trenčiansky kraj";0;0;0;0;NA;101259;0;2020-03-07;-2
2020-03-06;"Trenčiansky kraj";0;0;0;0;NA;101259;0;2020-03-06;-2
2021-09-05;"Trnavský kraj";2;373;3;376;46142;90100;5;2021-09-05;90100
2021-09-04;"Trnavský kraj";17;546;5;551;NA;90100;22;2021-09-04;90095
2021-09-03;"Trnavský kraj";14;1015;5;1020;NA;90100;19;2021-09-03;90073
2021-09-02;"Trnavský kraj";30;810;10;820;NA;90100;40;2021-09-02;90054
2021-09-01;"Trnavský kraj";6;296;3;299;NA;90100;9;2021-09-01;90014
2021-08-31;"Trnavský kraj";13;856;3;859;NA;90100;16;2021-08-31;90005
2021-08-30;"Trnavský kraj";7;870;1;871;NA;90100;8;2021-08-30;89989
2021-08-29;"Trnavský kraj";8;398;1;399;NA;90100;9;2021-08-29;89981
2021-08-28;"Trnavský kraj";17;666;1;667;NA;90100;18;2021-08-28;89972
2021-08-27;"Trnavský kraj";1;1132;4;1136;NA;90100;5;2021-08-27;89954
2021-08-26;"Trnavský kraj";8;688;3;691;NA;90100;11;2021-08-26;89949
2021-08-25;"Trnavský kraj";11;612;5;617;NA;90100;16;2021-08-25;89938
2021-08-24;"Trnavský kraj";7;773;1;774;NA;90100;8;2021-08-24;89922
2021-08-23;"Trnavský kraj";4;824;1;825;NA;90100;5;2021-08-23;89914
2021-08-22;"Trnavský kraj";0;449;0;449;NA;90100;0;2021-08-22;89909
2021-08-21;"Trnavský kraj";8;674;0;674;NA;90100;8;2021-08-21;89909
2021-08-20;"Trnavský kraj";4;1051;4;1055;NA;90100;8;2021-08-20;89901
2021-08-19;"Trnavský kraj";10;852;3;855;NA;90100;13;2021-08-19;89893
2021-08-18;"Trnavský kraj";6;715;0;715;NA;90100;6;2021-08-18;89880
2021-08-17;"Trnavský kraj";7;494;4;498;NA;90100;11;2021-08-17;89874
2021-08-16;"Trnavský kraj";9;879;0;879;NA;90100;9;2021-08-16;89863
2021-08-15;"Trnavský kraj";0;509;1;510;NA;90100;1;2021-08-15;89854
2021-08-14;"Trnavský kraj";10;772;3;775;NA;90100;13;2021-08-14;89853
2021-08-13;"Trnavský kraj";5;1005;5;1010;NA;90100;10;2021-08-13;89840
2021-08-12;"Trnavský kraj";3;638;3;641;NA;90100;6;2021-08-12;89830
2021-08-11;"Trnavský kraj";7;560;2;562;NA;90100;9;2021-08-11;89824
2021-08-10;"Trnavský kraj";3;731;3;734;NA;90100;6;2021-08-10;89815
2021-08-09;"Trnavský kraj";12;784;0;784;NA;90100;12;2021-08-09;89809
2021-08-08;"Trnavský kraj";1;521;0;521;NA;90100;1;2021-08-08;89797
2021-08-07;"Trnavský kraj";9;694;0;694;NA;90100;9;2021-08-07;89796
2021-08-06;"Trnavský kraj";3;967;0;967;NA;90100;3;2021-08-06;89787
2021-08-05;"Trnavský kraj";2;651;1;652;NA;90100;3;2021-08-05;89784
2021-08-04;"Trnavský kraj";1;868;1;869;NA;90100;2;2021-08-04;89781
2021-08-03;"Trnavský kraj";13;645;0;645;NA;90100;13;2021-08-03;89779
2021-08-02;"Trnavský kraj";2;725;1;726;NA;90100;3;2021-08-02;89766
2021-08-01;"Trnavský kraj";0;565;2;567;NA;90100;2;2021-08-01;89763
2021-07-31;"Trnavský kraj";3;886;0;886;NA;90100;3;2021-07-31;89761
2021-07-30;"Trnavský kraj";3;1071;3;1074;NA;90100;6;2021-07-30;89758
2021-07-29;"Trnavský kraj";1;775;0;775;NA;90100;1;2021-07-29;89752
2021-07-28;"Trnavský kraj";5;794;1;795;NA;90100;6;2021-07-28;89751
2021-07-27;"Trnavský kraj";7;623;2;625;NA;90100;9;2021-07-27;89745
2021-07-26;"Trnavský kraj";2;857;2;859;NA;90100;4;2021-07-26;89736
2021-07-25;"Trnavský kraj";0;707;0;707;NA;90100;0;2021-07-25;89732
2021-07-24;"Trnavský kraj";4;828;2;830;NA;90100;6;2021-07-24;89732
2021-07-23;"Trnavský kraj";3;1057;0;1057;NA;90100;3;2021-07-23;89726
2021-07-22;"Trnavský kraj";0;671;2;673;NA;90100;2;2021-07-22;89723
2021-07-21;"Trnavský kraj";2;660;2;662;NA;90100;4;2021-07-21;89721
2021-07-20;"Trnavský kraj";2;593;0;593;NA;90100;2;2021-07-20;89717
2021-07-19;"Trnavský kraj";9;886;0;886;NA;90100;9;2021-07-19;89715
2021-07-18;"Trnavský kraj";0;600;2;602;NA;90100;2;2021-07-18;89706
2021-07-17;"Trnavský kraj";8;796;0;796;NA;90100;8;2021-07-17;89704
2021-07-16;"Trnavský kraj";11;963;0;963;NA;90100;11;2021-07-16;89696
2021-07-15;"Trnavský kraj";4;832;1;833;NA;90100;5;2021-07-15;89685
2021-07-14;"Trnavský kraj";1;699;1;700;NA;90100;2;2021-07-14;89680
2021-07-13;"Trnavský kraj";1;693;1;694;NA;90100;2;2021-07-13;89678
2021-07-12;"Trnavský kraj";4;959;0;959;NA;90100;4;2021-07-12;89676
2021-07-11;"Trnavský kraj";0;692;0;692;NA;90100;0;2021-07-11;89672
2021-07-10;"Trnavský kraj";1;803;0;803;NA;90100;1;2021-07-10;89672
2021-07-09;"Trnavský kraj";3;1262;3;1265;NA;90100;6;2021-07-09;89671
2021-07-08;"Trnavský kraj";4;755;0;755;NA;90100;4;2021-07-08;89665
2021-07-07;"Trnavský kraj";9;924;2;926;NA;90100;11;2021-07-07;89661
2021-07-06;"Trnavský kraj";2;1401;1;1402;NA;90100;3;2021-07-06;89650
2021-07-05;"Trnavský kraj";1;503;2;505;NA;90100;3;2021-07-05;89647
2021-07-04;"Trnavský kraj";0;1129;3;1132;NA;90100;3;2021-07-04;89644
2021-07-03;"Trnavský kraj";4;815;0;815;NA;90100;4;2021-07-03;89641
2021-07-02;"Trnavský kraj";2;1137;2;1139;NA;90100;4;2021-07-02;89637
2021-07-01;"Trnavský kraj";4;437;0;437;NA;90100;4;2021-07-01;89633
2021-06-30;"Trnavský kraj";0;5109;1;5110;NA;90100;1;2021-06-30;89629
2021-06-29;"Trnavský kraj";4;2563;1;2564;NA;90100;5;2021-06-29;89628
2021-06-28;"Trnavský kraj";2;2600;1;2601;NA;90100;3;2021-06-28;89623
2021-06-27;"Trnavský kraj";0;3213;0;3213;NA;90100;0;2021-06-27;89620
2021-06-26;"Trnavský kraj";3;3871;1;3872;NA;90100;4;2021-06-26;89620
2021-06-25;"Trnavský kraj";2;4374;3;4377;NA;90100;5;2021-06-25;89616
2021-06-24;"Trnavský kraj";4;2520;3;2523;NA;90100;7;2021-06-24;89611
2021-06-23;"Trnavský kraj";4;2842;2;2844;NA;90100;6;2021-06-23;89604
2021-06-22;"Trnavský kraj";2;2996;1;2997;NA;90100;3;2021-06-22;89598
2021-06-21;"Trnavský kraj";6;3114;5;3119;NA;90100;11;2021-06-21;89595
2021-06-20;"Trnavský kraj";0;3952;1;3953;NA;90100;1;2021-06-20;89584
2021-06-19;"Trnavský kraj";3;4735;2;4737;NA;90100;5;2021-06-19;89583
2021-06-18;"Trnavský kraj";5;6125;4;6129;NA;90100;9;2021-06-18;89578
2021-06-17;"Trnavský kraj";3;3340;0;3340;NA;90100;3;2021-06-17;89569
2021-06-16;"Trnavský kraj";6;2926;3;2929;NA;90100;9;2021-06-16;89566
2021-06-15;"Trnavský kraj";8;3234;3;3237;NA;90100;11;2021-06-15;89557
2021-06-14;"Trnavský kraj";2;3829;1;3830;NA;90100;3;2021-06-14;89546
2021-06-13;"Trnavský kraj";0;5001;8;5009;NA;90100;8;2021-06-13;89543
2021-06-12;"Trnavský kraj";11;5807;2;5809;NA;90100;13;2021-06-12;89535
2021-06-11;"Trnavský kraj";17;5850;4;5854;NA;90100;21;2021-06-11;89522
2021-06-10;"Trnavský kraj";14;3476;1;3477;NA;90100;15;2021-06-10;89501
2021-06-09;"Trnavský kraj";10;3681;1;3682;NA;90100;11;2021-06-09;89486
2021-06-08;"Trnavský kraj";8;3344;4;3348;NA;90100;12;2021-06-08;89475
2021-06-07;"Trnavský kraj";12;4498;8;4506;NA;90100;20;2021-06-07;89463
2021-06-06;"Trnavský kraj";0;5517;2;5519;NA;90100;2;2021-06-06;89443
2021-06-05;"Trnavský kraj";20;6905;8;6913;NA;90100;28;2021-06-05;89441
2021-06-04;"Trnavský kraj";9;6731;10;6741;NA;90100;19;2021-06-04;89413
2021-06-03;"Trnavský kraj";14;4361;11;4372;NA;90100;25;2021-06-03;89394
2021-06-02;"Trnavský kraj";4;4148;11;4159;NA;90100;15;2021-06-02;89369
2021-06-01;"Trnavský kraj";18;3662;5;3667;NA;90100;23;2021-06-01;89354
2021-05-31;"Trnavský kraj";14;5515;16;5531;NA;90100;30;2021-05-31;89331
2021-05-30;"Trnavský kraj";0;6473;7;6480;NA;90100;7;2021-05-30;89301
2021-05-29;"Trnavský kraj";11;8964;4;8968;NA;90100;15;2021-05-29;89294
2021-05-28;"Trnavský kraj";14;7160;11;7171;NA;90100;25;2021-05-28;89279
2021-05-27;"Trnavský kraj";22;4753;8;4761;NA;90100;30;2021-05-27;89254
2021-05-26;"Trnavský kraj";6;4870;8;4878;NA;90100;14;2021-05-26;89224
2021-05-25;"Trnavský kraj";19;5026;27;5053;NA;90100;46;2021-05-25;89210
2021-05-24;"Trnavský kraj";15;6520;22;6542;NA;90100;37;2021-05-24;89164
2021-05-23;"Trnavský kraj";0;7920;8;7928;NA;90100;8;2021-05-23;89127
2021-05-22;"Trnavský kraj";13;13381;21;13402;NA;90100;34;2021-05-22;89119
2021-05-21;"Trnavský kraj";16;8525;19;8544;NA;90100;35;2021-05-21;89085
2021-05-20;"Trnavský kraj";15;5511;11;5522;NA;90100;26;2021-05-20;89050
2021-05-19;"Trnavský kraj";18;5431;13;5444;NA;90100;31;2021-05-19;89024
2021-05-18;"Trnavský kraj";26;5768;15;5783;NA;90100;41;2021-05-18;88993
2021-05-17;"Trnavský kraj";17;6262;24;6286;NA;90100;41;2021-05-17;88952
2021-05-16;"Trnavský kraj";10;9984;8;9992;NA;90100;18;2021-05-16;88911
2021-05-15;"Trnavský kraj";11;18525;14;18539;NA;90100;25;2021-05-15;88893
2021-05-14;"Trnavský kraj";34;10279;21;10300;NA;90100;55;2021-05-14;88868
2021-05-13;"Trnavský kraj";26;6913;12;6925;NA;90100;38;2021-05-13;88813
2021-05-12;"Trnavský kraj";34;6621;26;6647;NA;90100;60;2021-05-12;88775
2021-05-11;"Trnavský kraj";32;6393;13;6406;NA;90100;45;2021-05-11;88715
2021-05-10;"Trnavský kraj";58;9139;24;9163;NA;90100;82;2021-05-10;88670
2021-05-09;"Trnavský kraj";21;12570;12;12582;NA;90100;33;2021-05-09;88588
2021-05-08;"Trnavský kraj";4;23028;22;23050;NA;90100;26;2021-05-08;88555
2021-05-07;"Trnavský kraj";26;15465;30;15495;NA;90100;56;2021-05-07;88529
2021-05-06;"Trnavský kraj";22;8407;22;8429;NA;90100;44;2021-05-06;88473
2021-05-05;"Trnavský kraj";34;6273;22;6295;NA;90100;56;2021-05-05;88429
2021-05-04;"Trnavský kraj";51;8538;17;8555;NA;90100;68;2021-05-04;88373
2021-05-03;"Trnavský kraj";20;8957;22;8979;NA;90100;42;2021-05-03;88305
2021-05-02;"Trnavský kraj";0;25657;29;25686;NA;90100;29;2021-05-02;88263
2021-05-01;"Trnavský kraj";30;81353;64;81417;NA;90100;94;2021-05-01;88234
2021-04-30;"Trnavský kraj";45;26846;35;26881;NA;90100;80;2021-04-30;88140
2021-04-29;"Trnavský kraj";25;20323;28;20351;NA;90100;53;2021-04-29;88060
2021-04-28;"Trnavský kraj";46;8896;28;8924;NA;90100;74;2021-04-28;88007
2021-04-27;"Trnavský kraj";54;8756;37;8793;NA;90100;91;2021-04-27;87933
2021-04-26;"Trnavský kraj";53;16116;42;16158;NA;90100;95;2021-04-26;87842
2021-04-25;"Trnavský kraj";0;30183;24;30207;NA;90100;24;2021-04-25;87747
2021-04-24;"Trnavský kraj";46;126077;84;126161;NA;90100;130;2021-04-24;87723
2021-04-23;"Trnavský kraj";71;25741;53;25794;NA;90100;124;2021-04-23;87593
2021-04-22;"Trnavský kraj";40;10904;25;10929;NA;90100;65;2021-04-22;87469
2021-04-21;"Trnavský kraj";60;10748;45;10793;NA;90100;105;2021-04-21;87404
2021-04-20;"Trnavský kraj";57;13504;28;13532;NA;90100;85;2021-04-20;87299
2021-04-19;"Trnavský kraj";46;14603;18;14621;NA;90100;64;2021-04-19;87214
2021-04-18;"Trnavský kraj";7;40843;43;40886;NA;90100;50;2021-04-18;87150
2021-04-17;"Trnavský kraj";58;118102;89;118191;NA;90100;147;2021-04-17;87100
2021-04-16;"Trnavský kraj";67;25962;48;26010;NA;90100;115;2021-04-16;86953
2021-04-15;"Trnavský kraj";65;11373;36;11409;NA;90100;101;2021-04-15;86838
2021-04-14;"Trnavský kraj";78;18442;53;18495;NA;90100;131;2021-04-14;86737
2021-04-13;"Trnavský kraj";126;9871;44;9915;NA;90100;170;2021-04-13;86606
2021-04-12;"Trnavský kraj";40;15577;40;15617;NA;90100;80;2021-04-12;86436
2021-04-11;"Trnavský kraj";3;44420;44;44464;NA;90100;47;2021-04-11;86356
2021-04-10;"Trnavský kraj";60;123822;107;123929;NA;90100;167;2021-04-10;86309
2021-04-09;"Trnavský kraj";95;26191;34;26225;NA;90100;129;2021-04-09;86142
2021-04-08;"Trnavský kraj";85;10913;54;10967;NA;90100;139;2021-04-08;86013
2021-04-07;"Trnavský kraj";131;15979;81;16060;NA;90100;212;2021-04-07;85874
2021-04-06;"Trnavský kraj";92;20586;90;20676;NA;90100;182;2021-04-06;85662
2021-04-05;"Trnavský kraj";91;7542;17;7559;NA;90100;108;2021-04-05;85480
2021-04-04;"Trnavský kraj";9;28831;49;28880;NA;90100;58;2021-04-04;85372
2021-04-03;"Trnavský kraj";29;144452;186;144638;NA;90100;215;2021-04-03;85314
2021-04-02;"Trnavský kraj";91;17538;33;17571;NA;90100;124;2021-04-02;85099
2021-04-01;"Trnavský kraj";118;22279;71;22350;NA;90100;189;2021-04-01;84975
2021-03-31;"Trnavský kraj";140;15828;82;15910;NA;90100;222;2021-03-31;84786
2021-03-30;"Trnavský kraj";182;10482;79;10561;NA;90100;261;2021-03-30;84564
2021-03-29;"Trnavský kraj";126;19255;122;19377;NA;90100;248;2021-03-29;84303
2021-03-28;"Trnavský kraj";26;50664;134;50798;NA;90100;160;2021-03-28;84055
2021-03-27;"Trnavský kraj";64;130217;246;130463;NA;90100;310;2021-03-27;83895
2021-03-26;"Trnavský kraj";139;30217;130;30347;NA;90100;269;2021-03-26;83585
2021-03-25;"Trnavský kraj";135;14212;80;14292;NA;90100;215;2021-03-25;83316
2021-03-24;"Trnavský kraj";159;10521;89;10610;NA;90100;248;2021-03-24;83101
2021-03-23;"Trnavský kraj";221;12735;104;12839;NA;90100;325;2021-03-23;82853
2021-03-22;"Trnavský kraj";103;17118;110;17228;NA;90100;213;2021-03-22;82528
2021-03-21;"Trnavský kraj";31;49119;150;49269;NA;90100;181;2021-03-21;82315
2021-03-20;"Trnavský kraj";112;136963;317;137280;NA;90100;429;2021-03-20;82134
2021-03-19;"Trnavský kraj";174;29071;137;29208;NA;90100;311;2021-03-19;81705
2021-03-18;"Trnavský kraj";158;12217;136;12353;NA;90100;294;2021-03-18;81394
2021-03-17;"Trnavský kraj";245;10434;103;10537;NA;90100;348;2021-03-17;81100
2021-03-16;"Trnavský kraj";311;12811;135;12946;NA;90100;446;2021-03-16;80752
2021-03-15;"Trnavský kraj";127;18271;146;18417;NA;90100;273;2021-03-15;80306
2021-03-14;"Trnavský kraj";14;47608;164;47772;NA;90100;178;2021-03-14;80033
2021-03-13;"Trnavský kraj";155;139224;409;139633;NA;90100;564;2021-03-13;79855
2021-03-12;"Trnavský kraj";201;28566;181;28747;NA;90100;382;2021-03-12;79291
2021-03-11;"Trnavský kraj";204;13301;140;13441;NA;90100;344;2021-03-11;78909
2021-03-10;"Trnavský kraj";242;10583;135;10718;NA;90100;377;2021-03-10;78565
2021-03-09;"Trnavský kraj";442;12824;155;12979;NA;90100;597;2021-03-09;78188
2021-03-08;"Trnavský kraj";182;21812;166;21978;NA;90100;348;2021-03-08;77591
2021-03-07;"Trnavský kraj";30;45463;227;45690;NA;90100;257;2021-03-07;77243
2021-03-06;"Trnavský kraj";154;135784;531;136315;NA;90100;685;2021-03-06;76986
2021-03-05;"Trnavský kraj";299;27959;239;28198;NA;90100;538;2021-03-05;76301
2021-03-04;"Trnavský kraj";238;14505;176;14681;NA;90100;414;2021-03-04;75763
2021-03-03;"Trnavský kraj";413;11583;246;11829;NA;90100;659;2021-03-03;75349
2021-03-02;"Trnavský kraj";477;12367;191;12558;NA;90100;668;2021-03-02;74690
2021-03-01;"Trnavský kraj";189;18586;234;18820;NA;90100;423;2021-03-01;74022
2021-02-28;"Trnavský kraj";87;47709;321;48030;NA;90100;408;2021-02-28;73599
2021-02-27;"Trnavský kraj";264;140224;800;141024;NA;90100;1064;2021-02-27;73191
2021-02-26;"Trnavský kraj";362;26637;284;26921;NA;90100;646;2021-02-26;72127
2021-02-25;"Trnavský kraj";433;10490;227;10717;NA;90100;660;2021-02-25;71481
2021-02-24;"Trnavský kraj";407;9113;290;9403;NA;90100;697;2021-02-24;70821
2021-02-23;"Trnavský kraj";469;11322;284;11606;NA;90100;753;2021-02-23;70124
2021-02-22;"Trnavský kraj";206;19901;330;20231;NA;90100;536;2021-02-22;69371
2021-02-21;"Trnavský kraj";38;48221;329;48550;NA;90100;367;2021-02-21;68835
2021-02-20;"Trnavský kraj";273;135835;859;136694;NA;90100;1132;2021-02-20;68468
2021-02-19;"Trnavský kraj";335;26382;366;26748;NA;90100;701;2021-02-19;67336
2021-02-18;"Trnavský kraj";344;11264;348;11612;NA;90100;692;2021-02-18;66635
2021-02-17;"Trnavský kraj";431;8783;416;9199;NA;90100;847;2021-02-17;65943
2021-02-16;"Trnavský kraj";426;11236;294;11530;NA;90100;720;2021-02-16;65096
2021-02-15;"Trnavský kraj";146;18276;326;18602;NA;90100;472;2021-02-15;64376
2021-02-14;"Trnavský kraj";51;57642;495;58137;NA;90100;546;2021-02-14;63904
2021-02-13;"Trnavský kraj";218;137051;994;138045;NA;90100;1212;2021-02-13;63358
2021-02-12;"Trnavský kraj";300;24090;352;24442;NA;90100;652;2021-02-12;62146
2021-02-11;"Trnavský kraj";422;9831;349;10180;NA;90100;771;2021-02-11;61494
2021-02-10;"Trnavský kraj";511;9194;342;9536;NA;90100;853;2021-02-10;60723
2021-02-09;"Trnavský kraj";544;12755;369;13124;NA;90100;913;2021-02-09;59870
2021-02-08;"Trnavský kraj";220;33414;497;33911;NA;90100;717;2021-02-08;58957
2021-02-07;"Trnavský kraj";140;69694;628;70322;NA;90100;768;2021-02-07;58240
2021-02-06;"Trnavský kraj";348;112687;1482;114169;NA;90100;1830;2021-02-06;57472
2021-02-05;"Trnavský kraj";377;16063;373;16436;NA;90100;750;2021-02-05;55642
2021-02-04;"Trnavský kraj";456;7317;456;7773;NA;90100;912;2021-02-04;54892
2021-02-03;"Trnavský kraj";472;6583;434;7017;NA;90100;906;2021-02-03;53980
2021-02-02;"Trnavský kraj";446;14243;424;14667;NA;90100;870;2021-02-02;53074
2021-02-01;"Trnavský kraj";198;38882;679;39561;NA;90100;877;2021-02-01;52204
2021-01-31;"Trnavský kraj";19;64707;822;65529;NA;90100;841;2021-01-31;51327
2021-01-30;"Trnavský kraj";323;111483;1288;112771;NA;90100;1611;2021-01-30;50486
2021-01-29;"Trnavský kraj";421;9689;290;9979;NA;90100;711;2021-01-29;48875
2021-01-28;"Trnavský kraj";389;5817;289;6106;NA;90100;678;2021-01-28;48164
2021-01-27;"Trnavský kraj";433;5554;225;5779;NA;90100;658;2021-01-27;47486
2021-01-26;"Trnavský kraj";565;25411;636;26047;NA;90100;1201;2021-01-26;46828
2021-01-25;"Trnavský kraj";210;41805;620;42425;NA;90100;830;2021-01-25;45627
2021-01-24;"Trnavský kraj";91;66399;779;67178;NA;90100;870;2021-01-24;44797
2021-01-23;"Trnavský kraj";372;113375;1319;114694;NA;90100;1691;2021-01-23;43927
2021-01-22;"Trnavský kraj";217;32755;505;33260;NA;90100;722;2021-01-22;42236
2021-01-21;"Trnavský kraj";311;13913;377;14290;NA;90100;688;2021-01-21;41514
2021-01-20;"Trnavský kraj";503;8685;283;8968;NA;90100;786;2021-01-20;40826
2021-01-19;"Trnavský kraj";415;7013;347;7360;NA;90100;762;2021-01-19;40040
2021-01-18;"Trnavský kraj";247;6690;513;7203;NA;90100;760;2021-01-18;39278
2021-01-17;"Trnavský kraj";128;854;215;1069;NA;90100;343;2021-01-17;38518
2021-01-16;"Trnavský kraj";103;898;24;922;NA;90100;127;2021-01-16;38175
2021-01-15;"Trnavský kraj";278;5467;336;5803;NA;90100;614;2021-01-15;38048
2021-01-14;"Trnavský kraj";452;4001;338;4339;NA;90100;790;2021-01-14;37434
2021-01-13;"Trnavský kraj";457;4751;378;5129;NA;90100;835;2021-01-13;36644
2021-01-12;"Trnavský kraj";469;6860;470;7330;NA;90100;939;2021-01-12;35809
2021-01-11;"Trnavský kraj";370;4587;360;4947;NA;90100;730;2021-01-11;34870
2021-01-10;"Trnavský kraj";71;13;0;13;NA;90100;71;2021-01-10;34140
2021-01-09;"Trnavský kraj";417;1775;100;1875;NA;90100;517;2021-01-09;34069
2021-01-08;"Trnavský kraj";381;6016;506;6522;NA;90100;887;2021-01-08;33552
2021-01-07;"Trnavský kraj";501;3545;329;3874;NA;90100;830;2021-01-07;32665
2021-01-06;"Trnavský kraj";179;758;132;890;NA;90100;311;2021-01-06;31835
2021-01-05;"Trnavský kraj";611;5165;561;5726;NA;90100;1172;2021-01-05;31524
2021-01-04;"Trnavský kraj";302;5556;709;6265;NA;90100;1011;2021-01-04;30352
2021-01-03;"Trnavský kraj";60;53;7;60;NA;90100;67;2021-01-03;29341
2021-01-02;"Trnavský kraj";282;417;32;449;NA;90100;314;2021-01-02;29274
2021-01-01;"Trnavský kraj";143;455;76;531;NA;90100;219;2021-01-01;28960
2020-12-31;"Trnavský kraj";498;8325;820;9145;NA;90100;1318;2020-12-31;28741
2020-12-30;"Trnavský kraj";785;5318;612;5930;NA;90100;1397;2020-12-30;27423
2020-12-29;"Trnavský kraj";322;4913;565;5478;NA;90100;887;2020-12-29;26026
2020-12-28;"Trnavský kraj";213;4900;552;5452;NA;90100;765;2020-12-28;25139
2020-12-27;"Trnavský kraj";27;20;4;24;NA;90100;31;2020-12-27;24374
2020-12-26;"Trnavský kraj";148;44;1;45;NA;90100;149;2020-12-26;24343
2020-12-25;"Trnavský kraj";65;49;5;54;NA;90100;70;2020-12-25;24194
2020-12-24;"Trnavský kraj";333;1359;117;1476;NA;90100;450;2020-12-24;24124
2020-12-23;"Trnavský kraj";210;6672;414;7086;NA;90100;624;2020-12-23;23674
2020-12-22;"Trnavský kraj";311;5427;455;5882;NA;90100;766;2020-12-22;23050
2020-12-21;"Trnavský kraj";328;4092;350;4442;NA;90100;678;2020-12-21;22284
2020-12-20;"Trnavský kraj";134;133;12;145;NA;90100;146;2020-12-20;21606
2020-12-19;"Trnavský kraj";201;1407;103;1510;NA;90100;304;2020-12-19;21460
2020-12-18;"Trnavský kraj";341;4432;334;4766;NA;90100;675;2020-12-18;21156
2020-12-17;"Trnavský kraj";375;4880;414;5294;NA;90100;789;2020-12-17;20481
2020-12-16;"Trnavský kraj";312;4945;383;5328;NA;90100;695;2020-12-16;19692
2020-12-15;"Trnavský kraj";492;6240;598;6838;NA;90100;1090;2020-12-15;18997
2020-12-14;"Trnavský kraj";161;3505;292;3797;NA;90100;453;2020-12-14;17907
2020-12-13;"Trnavský kraj";7;7;0;7;NA;90100;7;2020-12-13;17454
2020-12-12;"Trnavský kraj";254;1456;114;1570;NA;90100;368;2020-12-12;17447
2020-12-11;"Trnavský kraj";384;4289;241;4530;NA;90100;625;2020-12-11;17079
2020-12-10;"Trnavský kraj";183;5197;320;5517;NA;90100;503;2020-12-10;16454
2020-12-09;"Trnavský kraj";521;4199;317;4516;NA;90100;838;2020-12-09;15951
2020-12-08;"Trnavský kraj";281;4090;304;4394;NA;90100;585;2020-12-08;15113
2020-12-07;"Trnavský kraj";178;2895;199;3094;NA;90100;377;2020-12-07;14528
2020-12-06;"Trnavský kraj";46;0;0;0;NA;90100;46;2020-12-06;14151
2020-12-05;"Trnavský kraj";129;2218;41;2259;NA;90100;170;2020-12-05;14105
2020-12-04;"Trnavský kraj";242;3948;158;4106;NA;90100;400;2020-12-04;13935
2020-12-03;"Trnavský kraj";248;2770;190;2960;NA;90100;438;2020-12-03;13535
2020-12-02;"Trnavský kraj";284;4516;176;4692;NA;90100;460;2020-12-02;13097
2020-12-01;"Trnavský kraj";253;3190;205;3395;NA;90100;458;2020-12-01;12637
2020-11-30;"Trnavský kraj";200;7360;186;7546;NA;90100;386;2020-11-30;12179
2020-11-29;"Trnavský kraj";17;738;36;774;NA;90100;53;2020-11-29;11793
2020-11-28;"Trnavský kraj";83;1453;77;1530;NA;90100;160;2020-11-28;11740
2020-11-27;"Trnavský kraj";148;1779;85;1864;NA;90100;233;2020-11-27;11580
2020-11-26;"Trnavský kraj";234;1123;68;1191;NA;90100;302;2020-11-26;11347
2020-11-25;"Trnavský kraj";232;1168;74;1242;NA;90100;306;2020-11-25;11045
2020-11-24;"Trnavský kraj";295;1909;96;2005;NA;90100;391;2020-11-24;10739
2020-11-23;"Trnavský kraj";242;7393;129;7522;NA;90100;371;2020-11-23;10348
2020-11-22;"Trnavský kraj";10;82;9;91;NA;90100;19;2020-11-22;9977
2020-11-21;"Trnavský kraj";129;1354;36;1390;NA;90100;165;2020-11-21;9958
2020-11-20;"Trnavský kraj";246;1154;64;1218;NA;90100;310;2020-11-20;9793
2020-11-19;"Trnavský kraj";157;823;64;887;NA;90100;221;2020-11-19;9483
2020-11-18;"Trnavský kraj";235;822;82;904;NA;90100;317;2020-11-18;9262
2020-11-17;"Trnavský kraj";129;705;74;779;NA;90100;203;2020-11-17;8945
2020-11-16;"Trnavský kraj";187;732;32;764;NA;90100;219;2020-11-16;8742
2020-11-15;"Trnavský kraj";23;73;4;77;NA;90100;27;2020-11-15;8523
2020-11-14;"Trnavský kraj";86;397;12;409;NA;90100;98;2020-11-14;8496
2020-11-13;"Trnavský kraj";219;1312;21;1333;NA;90100;240;2020-11-13;8398
2020-11-12;"Trnavský kraj";162;420;18;438;NA;90100;180;2020-11-12;8158
2020-11-11;"Trnavský kraj";257;392;15;407;NA;90100;272;2020-11-11;7978
2020-11-10;"Trnavský kraj";189;889;30;919;NA;90100;219;2020-11-10;7706
2020-11-09;"Trnavský kraj";196;369;23;392;NA;90100;219;2020-11-09;7487
2020-11-08;"Trnavský kraj";55;400;4;404;NA;90100;59;2020-11-08;7268
2020-11-07;"Trnavský kraj";207;6070;74;6144;NA;90100;281;2020-11-07;7209
2020-11-06;"Trnavský kraj";260;1531;19;1550;NA;90100;279;2020-11-06;6928
2020-11-05;"Trnavský kraj";150;220;27;247;NA;90100;177;2020-11-05;6649
2020-11-04;"Trnavský kraj";188;212;10;222;NA;90100;198;2020-11-04;6472
2020-11-03;"Trnavský kraj";317;127;8;135;NA;90100;325;2020-11-03;6274
2020-11-02;"Trnavský kraj";281;1728;31;1759;NA;90100;312;2020-11-02;5949
2020-11-01;"Trnavský kraj";87;494;27;521;NA;90100;114;2020-11-01;5637
2020-10-31;"Trnavský kraj";259;5024;41;5065;NA;90100;300;2020-10-31;5523
2020-10-30;"Trnavský kraj";198;3784;27;3811;NA;90100;225;2020-10-30;5223
2020-10-29;"Trnavský kraj";273;1461;16;1477;NA;90100;289;2020-10-29;4998
2020-10-28;"Trnavský kraj";319;117;16;133;NA;90100;335;2020-10-28;4709
2020-10-27;"Trnavský kraj";199;461;36;497;NA;90100;235;2020-10-27;4374
2020-10-26;"Trnavský kraj";153;29;2;31;NA;90100;155;2020-10-26;4139
2020-10-25;"Trnavský kraj";95;19;1;20;NA;90100;96;2020-10-25;3984
2020-10-24;"Trnavský kraj";158;109;2;111;NA;90100;160;2020-10-24;3888
2020-10-23;"Trnavský kraj";201;89;4;93;NA;90100;205;2020-10-23;3728
2020-10-22;"Trnavský kraj";195;55;2;57;NA;90100;197;2020-10-22;3523
2020-10-21;"Trnavský kraj";134;73;3;76;NA;90100;137;2020-10-21;3326
2020-10-20;"Trnavský kraj";202;82;3;85;NA;90100;205;2020-10-20;3189
2020-10-19;"Trnavský kraj";67;55;0;55;NA;90100;67;2020-10-19;2984
2020-10-18;"Trnavský kraj";84;0;0;0;NA;90100;84;2020-10-18;2917
2020-10-17;"Trnavský kraj";123;0;0;0;NA;90100;123;2020-10-17;2833
2020-10-16;"Trnavský kraj";86;45;2;47;NA;90100;88;2020-10-16;2710
2020-10-15;"Trnavský kraj";155;66;2;68;NA;90100;157;2020-10-15;2622
2020-10-14;"Trnavský kraj";236;468;3;471;NA;90100;239;2020-10-14;2465
2020-10-13;"Trnavský kraj";138;16;2;18;NA;90100;140;2020-10-13;2226
2020-10-12;"Trnavský kraj";33;41;1;42;NA;90100;34;2020-10-12;2086
2020-10-11;"Trnavský kraj";31;0;0;0;NA;90100;31;2020-10-11;2052
2020-10-10;"Trnavský kraj";128;0;0;0;NA;90100;128;2020-10-10;2021
2020-10-09;"Trnavský kraj";156;0;0;0;NA;90100;156;2020-10-09;1893
2020-10-08;"Trnavský kraj";153;0;0;0;NA;90100;153;2020-10-08;1737
2020-10-07;"Trnavský kraj";80;0;0;0;NA;90100;80;2020-10-07;1584
2020-10-06;"Trnavský kraj";112;0;0;0;NA;90100;112;2020-10-06;1504
2020-10-05;"Trnavský kraj";33;0;0;0;NA;90100;33;2020-10-05;1392
2020-10-04;"Trnavský kraj";44;0;0;0;NA;90100;44;2020-10-04;1359
2020-10-03;"Trnavský kraj";60;0;0;0;NA;90100;60;2020-10-03;1315
2020-10-02;"Trnavský kraj";41;0;0;0;NA;90100;41;2020-10-02;1255
2020-10-01;"Trnavský kraj";53;0;0;0;NA;90100;53;2020-10-01;1214
2020-09-30;"Trnavský kraj";91;0;0;0;NA;90100;91;2020-09-30;1161
2020-09-29;"Trnavský kraj";40;0;0;0;NA;90100;40;2020-09-29;1070
2020-09-28;"Trnavský kraj";69;0;0;0;NA;90100;69;2020-09-28;1030
2020-09-27;"Trnavský kraj";30;0;0;0;NA;90100;30;2020-09-27;961
2020-09-26;"Trnavský kraj";46;0;0;0;NA;90100;46;2020-09-26;931
2020-09-25;"Trnavský kraj";32;0;0;0;NA;90100;32;2020-09-25;885
2020-09-24;"Trnavský kraj";42;0;0;0;NA;90100;42;2020-09-24;853
2020-09-23;"Trnavský kraj";43;0;0;0;NA;90100;43;2020-09-23;811
2020-09-22;"Trnavský kraj";55;0;0;0;NA;90100;55;2020-09-22;768
2020-09-21;"Trnavský kraj";41;0;0;0;NA;90100;41;2020-09-21;713
2020-09-20;"Trnavský kraj";17;0;0;0;NA;90100;17;2020-09-20;672
2020-09-19;"Trnavský kraj";4;0;0;0;NA;90100;4;2020-09-19;655
2020-09-18;"Trnavský kraj";33;0;0;0;NA;90100;33;2020-09-18;651
2020-09-17;"Trnavský kraj";42;0;0;0;NA;90100;42;2020-09-17;618
2020-09-16;"Trnavský kraj";49;0;0;0;NA;90100;49;2020-09-16;576
2020-09-15;"Trnavský kraj";5;0;0;0;NA;90100;5;2020-09-15;527
2020-09-14;"Trnavský kraj";26;0;0;0;NA;90100;26;2020-09-14;522
2020-09-13;"Trnavský kraj";9;0;0;0;NA;90100;9;2020-09-13;496
2020-09-12;"Trnavský kraj";12;0;0;0;NA;90100;12;2020-09-12;487
2020-09-11;"Trnavský kraj";16;0;0;0;NA;90100;16;2020-09-11;475
2020-09-10;"Trnavský kraj";32;0;0;0;NA;90100;32;2020-09-10;459
2020-09-09;"Trnavský kraj";14;0;0;0;NA;90100;14;2020-09-09;427
2020-09-08;"Trnavský kraj";11;0;0;0;NA;90100;11;2020-09-08;413
2020-09-07;"Trnavský kraj";7;0;0;0;NA;90100;7;2020-09-07;402
2020-09-06;"Trnavský kraj";5;0;0;0;NA;90100;5;2020-09-06;395
2020-09-05;"Trnavský kraj";7;0;0;0;NA;90100;7;2020-09-05;390
2020-09-04;"Trnavský kraj";16;0;0;0;NA;90100;16;2020-09-04;383
2020-09-03;"Trnavský kraj";8;0;0;0;NA;90100;8;2020-09-03;367
2020-09-02;"Trnavský kraj";7;0;0;0;NA;90100;7;2020-09-02;359
2020-09-01;"Trnavský kraj";1;0;0;0;NA;90100;1;2020-09-01;352
2020-08-31;"Trnavský kraj";6;0;0;0;NA;90100;6;2020-08-31;351
2020-08-30;"Trnavský kraj";1;0;0;0;NA;90100;1;2020-08-30;345
2020-08-29;"Trnavský kraj";3;0;0;0;NA;90100;3;2020-08-29;344
2020-08-28;"Trnavský kraj";14;0;0;0;NA;90100;14;2020-08-28;341
2020-08-27;"Trnavský kraj";6;0;0;0;NA;90100;6;2020-08-27;327
2020-08-26;"Trnavský kraj";4;0;0;0;NA;90100;4;2020-08-26;321
2020-08-25;"Trnavský kraj";7;0;0;0;NA;90100;7;2020-08-25;317
2020-08-24;"Trnavský kraj";1;0;0;0;NA;90100;1;2020-08-24;310
2020-08-23;"Trnavský kraj";6;0;0;0;NA;90100;6;2020-08-23;309
2020-08-22;"Trnavský kraj";3;0;0;0;NA;90100;3;2020-08-22;303
2020-08-21;"Trnavský kraj";4;0;0;0;NA;90100;4;2020-08-21;300
2020-08-20;"Trnavský kraj";23;0;0;0;NA;90100;23;2020-08-20;296
2020-08-19;"Trnavský kraj";13;0;0;0;NA;90100;13;2020-08-19;273
2020-08-18;"Trnavský kraj";20;0;0;0;NA;90100;20;2020-08-18;260
2020-08-17;"Trnavský kraj";3;0;0;0;NA;90100;3;2020-08-17;240
2020-08-16;"Trnavský kraj";0;0;0;0;NA;90100;0;2020-08-16;237
2020-08-15;"Trnavský kraj";7;0;0;0;NA;90100;7;2020-08-15;237
2020-08-14;"Trnavský kraj";6;0;0;0;NA;90100;6;2020-08-14;230
2020-08-13;"Trnavský kraj";10;0;0;0;NA;90100;10;2020-08-13;224
2020-08-12;"Trnavský kraj";2;0;0;0;NA;90100;2;2020-08-12;214
2020-08-11;"Trnavský kraj";30;0;0;0;NA;90100;30;2020-08-11;212
2020-08-10;"Trnavský kraj";0;0;0;0;NA;90100;0;2020-08-10;182
2020-08-09;"Trnavský kraj";0;0;0;0;NA;90100;0;2020-08-09;182
2020-08-08;"Trnavský kraj";13;0;0;0;NA;90100;13;2020-08-08;182
2020-08-07;"Trnavský kraj";4;0;0;0;NA;90100;4;2020-08-07;169
2020-08-06;"Trnavský kraj";4;0;0;0;NA;90100;4;2020-08-06;165
2020-08-05;"Trnavský kraj";0;0;0;0;NA;90100;0;2020-08-05;161
2020-08-04;"Trnavský kraj";1;0;0;0;NA;90100;1;2020-08-04;161
2020-08-03;"Trnavský kraj";2;0;0;0;NA;90100;2;2020-08-03;160
2020-08-02;"Trnavský kraj";1;0;0;0;NA;90100;1;2020-08-02;158
2020-08-01;"Trnavský kraj";0;0;0;0;NA;90100;0;2020-08-01;157
2020-07-31;"Trnavský kraj";7;0;0;0;NA;90100;7;2020-07-31;157
2020-07-30;"Trnavský kraj";6;0;0;0;NA;90100;6;2020-07-30;150
2020-07-29;"Trnavský kraj";0;0;0;0;NA;90100;0;2020-07-29;144
2020-07-28;"Trnavský kraj";1;0;0;0;NA;90100;1;2020-07-28;144
2020-07-27;"Trnavský kraj";2;0;0;0;NA;90100;2;2020-07-27;143
2020-07-26;"Trnavský kraj";0;0;0;0;NA;90100;0;2020-07-26;141
2020-07-25;"Trnavský kraj";0;0;0;0;NA;90100;0;2020-07-25;141
2020-07-24;"Trnavský kraj";1;0;0;0;NA;90100;1;2020-07-24;141
2020-07-23;"Trnavský kraj";2;0;0;0;NA;90100;2;2020-07-23;140
2020-07-22;"Trnavský kraj";1;0;0;0;NA;90100;1;2020-07-22;138
2020-07-21;"Trnavský kraj";2;0;0;0;NA;90100;2;2020-07-21;137
2020-07-20;"Trnavský kraj";0;0;0;0;NA;90100;0;2020-07-20;135
2020-07-19;"Trnavský kraj";0;0;0;0;NA;90100;0;2020-07-19;135
2020-07-18;"Trnavský kraj";0;0;0;0;NA;90100;0;2020-07-18;135
2020-07-17;"Trnavský kraj";0;0;0;0;NA;90100;0;2020-07-17;135
2020-07-16;"Trnavský kraj";0;0;0;0;NA;90100;0;2020-07-16;135
2020-07-15;"Trnavský kraj";1;0;0;0;NA;90100;1;2020-07-15;135
2020-07-14;"Trnavský kraj";0;0;0;0;NA;90100;0;2020-07-14;134
2020-07-13;"Trnavský kraj";0;0;0;0;NA;90100;0;2020-07-13;134
2020-07-12;"Trnavský kraj";0;0;0;0;NA;90100;0;2020-07-12;134
2020-07-11;"Trnavský kraj";0;0;0;0;NA;90100;0;2020-07-11;134
2020-07-10;"Trnavský kraj";0;0;0;0;NA;90100;0;2020-07-10;134
2020-07-09;"Trnavský kraj";0;0;0;0;NA;90100;0;2020-07-09;134
2020-07-08;"Trnavský kraj";3;0;0;0;NA;90100;3;2020-07-08;134
2020-07-07;"Trnavský kraj";4;0;0;0;NA;90100;4;2020-07-07;131
2020-07-06;"Trnavský kraj";0;0;0;0;NA;90100;0;2020-07-06;127
2020-07-05;"Trnavský kraj";0;0;0;0;NA;90100;0;2020-07-05;127
2020-07-04;"Trnavský kraj";0;0;0;0;NA;90100;0;2020-07-04;127
2020-07-03;"Trnavský kraj";0;0;0;0;NA;90100;0;2020-07-03;127
2020-07-02;"Trnavský kraj";3;0;0;0;NA;90100;3;2020-07-02;127
2020-07-01;"Trnavský kraj";0;0;0;0;NA;90100;0;2020-07-01;124
2020-06-30;"Trnavský kraj";0;0;0;0;NA;90100;0;2020-06-30;124
2020-06-29;"Trnavský kraj";0;0;0;0;NA;90100;0;2020-06-29;124
2020-06-28;"Trnavský kraj";0;0;0;0;NA;90100;0;2020-06-28;124
2020-06-27;"Trnavský kraj";0;0;0;0;NA;90100;0;2020-06-27;124
2020-06-26;"Trnavský kraj";0;0;0;0;NA;90100;0;2020-06-26;124
2020-06-25;"Trnavský kraj";0;0;0;0;NA;90100;0;2020-06-25;124
2020-06-24;"Trnavský kraj";0;0;0;0;NA;90100;0;2020-06-24;124
2020-06-23;"Trnavský kraj";0;0;0;0;NA;90100;0;2020-06-23;124
2020-06-22;"Trnavský kraj";0;0;0;0;NA;90100;0;2020-06-22;124
2020-06-21;"Trnavský kraj";0;0;0;0;NA;90100;0;2020-06-21;124
2020-06-20;"Trnavský kraj";0;0;0;0;NA;90100;0;2020-06-20;124
2020-06-19;"Trnavský kraj";0;0;0;0;NA;90100;0;2020-06-19;124
2020-06-18;"Trnavský kraj";2;0;0;0;NA;90100;2;2020-06-18;124
2020-06-17;"Trnavský kraj";0;0;0;0;NA;90100;0;2020-06-17;122
2020-06-16;"Trnavský kraj";0;0;0;0;NA;90100;0;2020-06-16;122
2020-06-14;"Trnavský kraj";0;0;0;0;NA;90100;0;2020-06-14;122
2020-06-13;"Trnavský kraj";0;0;0;0;NA;90100;0;2020-06-13;122
2020-06-12;"Trnavský kraj";0;0;0;0;NA;90100;0;2020-06-12;122
2020-06-11;"Trnavský kraj";0;0;0;0;NA;90100;0;2020-06-11;122
2020-06-10;"Trnavský kraj";0;0;0;0;NA;90100;0;2020-06-10;122
2020-06-09;"Trnavský kraj";0;0;0;0;NA;90100;0;2020-06-09;122
2020-06-08;"Trnavský kraj";0;0;0;0;NA;90100;0;2020-06-08;122
2020-06-07;"Trnavský kraj";0;0;0;0;NA;90100;0;2020-06-07;122
2020-06-05;"Trnavský kraj";0;0;0;0;NA;90100;0;2020-06-05;122
2020-06-03;"Trnavský kraj";0;0;0;0;NA;90100;0;2020-06-03;122
2020-06-02;"Trnavský kraj";0;0;0;0;NA;90100;0;2020-06-02;122
2020-05-31;"Trnavský kraj";0;0;0;0;NA;90100;0;2020-05-31;122
2020-05-29;"Trnavský kraj";0;0;0;0;NA;90100;0;2020-05-29;122
2020-05-27;"Trnavský kraj";0;0;0;0;NA;90100;0;2020-05-27;122
2020-05-26;"Trnavský kraj";0;0;0;0;NA;90100;0;2020-05-26;122
2020-05-25;"Trnavský kraj";1;0;0;0;NA;90100;1;2020-05-25;122
2020-05-24;"Trnavský kraj";0;0;0;0;NA;90100;0;2020-05-24;121
2020-05-23;"Trnavský kraj";2;0;0;0;NA;90100;2;2020-05-23;121
2020-05-22;"Trnavský kraj";0;0;0;0;NA;90100;0;2020-05-22;119
2020-05-21;"Trnavský kraj";0;0;0;0;NA;90100;0;2020-05-21;119
2020-05-20;"Trnavský kraj";2;0;0;0;NA;90100;2;2020-05-20;119
2020-05-19;"Trnavský kraj";0;0;0;0;NA;90100;0;2020-05-19;117
2020-05-17;"Trnavský kraj";0;0;0;0;NA;90100;0;2020-05-17;117
2020-05-16;"Trnavský kraj";0;0;0;0;NA;90100;0;2020-05-16;117
2020-05-15;"Trnavský kraj";1;0;0;0;NA;90100;1;2020-05-15;117
2020-05-14;"Trnavský kraj";0;0;0;0;NA;90100;0;2020-05-14;116
2020-05-13;"Trnavský kraj";0;0;0;0;NA;90100;0;2020-05-13;116
2020-05-12;"Trnavský kraj";0;0;0;0;NA;90100;0;2020-05-12;116
2020-05-11;"Trnavský kraj";2;0;0;0;NA;90100;2;2020-05-11;116
2020-05-09;"Trnavský kraj";0;0;0;0;NA;90100;0;2020-05-09;114
2020-05-07;"Trnavský kraj";0;0;0;0;NA;90100;0;2020-05-07;114
2020-05-06;"Trnavský kraj";0;0;0;0;NA;90100;0;2020-05-06;114
2020-05-05;"Trnavský kraj";0;0;0;0;NA;90100;0;2020-05-05;114
2020-05-04;"Trnavský kraj";0;0;0;0;NA;90100;0;2020-05-04;114
2020-05-03;"Trnavský kraj";0;0;0;0;NA;90100;0;2020-05-03;114
2020-05-02;"Trnavský kraj";0;0;0;0;NA;90100;0;2020-05-02;114
2020-05-01;"Trnavský kraj";0;0;0;0;NA;90100;0;2020-05-01;114
2020-04-30;"Trnavský kraj";0;0;0;0;NA;90100;0;2020-04-30;114
2020-04-29;"Trnavský kraj";0;0;0;0;NA;90100;0;2020-04-29;114
2020-04-28;"Trnavský kraj";1;0;0;0;NA;90100;1;2020-04-28;114
2020-04-27;"Trnavský kraj";0;0;0;0;NA;90100;0;2020-04-27;113
2020-04-26;"Trnavský kraj";0;0;0;0;NA;90100;0;2020-04-26;113
2020-04-25;"Trnavský kraj";2;0;0;0;NA;90100;2;2020-04-25;113
2020-04-24;"Trnavský kraj";4;0;0;0;NA;90100;4;2020-04-24;111
2020-04-23;"Trnavský kraj";5;0;0;0;NA;90100;5;2020-04-23;107
2020-04-22;"Trnavský kraj";10;0;0;0;NA;90100;10;2020-04-22;102
2020-04-21;"Trnavský kraj";5;0;0;0;NA;90100;5;2020-04-21;92
2020-04-20;"Trnavský kraj";0;0;0;0;NA;90100;0;2020-04-20;87
2020-04-19;"Trnavský kraj";1;0;0;0;NA;90100;1;2020-04-19;87
2020-04-18;"Trnavský kraj";4;0;0;0;NA;90100;4;2020-04-18;86
2020-04-17;"Trnavský kraj";7;0;0;0;NA;90100;7;2020-04-17;82
2020-04-16;"Trnavský kraj";5;0;0;0;NA;90100;5;2020-04-16;75
2020-04-15;"Trnavský kraj";5;0;0;0;NA;90100;5;2020-04-15;70
2020-04-14;"Trnavský kraj";1;0;0;0;NA;90100;1;2020-04-14;65
2020-04-13;"Trnavský kraj";0;0;0;0;NA;90100;0;2020-04-13;64
2020-04-12;"Trnavský kraj";0;0;0;0;NA;90100;0;2020-04-12;64
2020-04-11;"Trnavský kraj";0;0;0;0;NA;90100;0;2020-04-11;64
2020-04-10;"Trnavský kraj";2;0;0;0;NA;90100;2;2020-04-10;64
2020-04-09;"Trnavský kraj";3;0;0;0;NA;90100;3;2020-04-09;62
2020-04-08;"Trnavský kraj";4;0;0;0;NA;90100;4;2020-04-08;59
2020-04-07;"Trnavský kraj";6;0;0;0;NA;90100;6;2020-04-07;55
2020-04-06;"Trnavský kraj";6;0;0;0;NA;90100;6;2020-04-06;49
2020-04-05;"Trnavský kraj";1;0;0;0;NA;90100;1;2020-04-05;43
2020-04-04;"Trnavský kraj";1;0;0;0;NA;90100;1;2020-04-04;42
2020-04-03;"Trnavský kraj";3;0;0;0;NA;90100;3;2020-04-03;41
2020-04-02;"Trnavský kraj";4;0;0;0;NA;90100;4;2020-04-02;38
2020-04-01;"Trnavský kraj";0;0;0;0;NA;90100;0;2020-04-01;34
2020-03-31;"Trnavský kraj";3;0;0;0;NA;90100;3;2020-03-31;34
2020-03-30;"Trnavský kraj";4;0;0;0;NA;90100;4;2020-03-30;31
2020-03-29;"Trnavský kraj";1;0;0;0;NA;90100;1;2020-03-29;27
2020-03-28;"Trnavský kraj";3;0;0;0;NA;90100;3;2020-03-28;26
2020-03-27;"Trnavský kraj";5;0;0;0;NA;90100;5;2020-03-27;23
2020-03-26;"Trnavský kraj";5;0;0;0;NA;90100;5;2020-03-26;18
2020-03-25;"Trnavský kraj";1;0;0;0;NA;90100;1;2020-03-25;13
2020-03-24;"Trnavský kraj";0;0;0;0;NA;90100;0;2020-03-24;12
2020-03-23;"Trnavský kraj";2;0;0;0;NA;90100;2;2020-03-23;12
2020-03-22;"Trnavský kraj";1;0;0;0;NA;90100;1;2020-03-22;10
2020-03-21;"Trnavský kraj";5;0;0;0;NA;90100;5;2020-03-21;9
2020-03-20;"Trnavský kraj";0;0;0;0;NA;90100;0;2020-03-20;4
2020-03-19;"Trnavský kraj";0;0;0;0;NA;90100;0;2020-03-19;4
2020-03-18;"Trnavský kraj";0;0;0;0;NA;90100;0;2020-03-18;4
2020-03-17;"Trnavský kraj";3;0;0;0;NA;90100;3;2020-03-17;4
2020-03-16;"Trnavský kraj";1;0;0;0;NA;90100;1;2020-03-16;1
2020-03-15;"Trnavský kraj";0;0;0;0;NA;90100;0;2020-03-15;0
2020-03-14;"Trnavský kraj";0;0;0;0;NA;90100;0;2020-03-14;0
2020-03-13;"Trnavský kraj";1;0;0;0;NA;90100;1;2020-03-13;0
2020-03-12;"Trnavský kraj";1;0;0;0;NA;90100;1;2020-03-12;-1
2020-03-11;"Trnavský kraj";0;0;0;0;NA;90100;0;2020-03-11;-2
2020-03-09;"Trnavský kraj";0;0;0;0;NA;90100;0;2020-03-09;-2
2020-03-08;"Trnavský kraj";0;0;0;0;NA;90100;0;2020-03-08;-2
2020-03-07;"Trnavský kraj";0;0;0;0;NA;90100;0;2020-03-07;-2
2020-03-06;"Trnavský kraj";0;0;0;0;NA;90100;0;2020-03-06;-2
2021-09-05;"Žilinský kraj";11;452;3;455;58406;108443;14;2021-09-05;108443
2021-09-04;"Žilinský kraj";24;886;2;888;NA;108443;26;2021-09-04;108429
2021-09-03;"Žilinský kraj";52;1934;26;1960;NA;108443;78;2021-09-03;108403
2021-09-02;"Žilinský kraj";30;1388;22;1410;NA;108443;52;2021-09-02;108325
2021-09-01;"Žilinský kraj";5;418;6;424;NA;108443;11;2021-09-01;108273
2021-08-31;"Žilinský kraj";32;1665;15;1680;NA;108443;47;2021-08-31;108262
2021-08-30;"Žilinský kraj";7;1732;4;1736;NA;108443;11;2021-08-30;108215
2021-08-29;"Žilinský kraj";8;562;5;567;NA;108443;13;2021-08-29;108204
2021-08-28;"Žilinský kraj";2;959;1;960;NA;108443;3;2021-08-28;108191
2021-08-27;"Žilinský kraj";13;1727;12;1739;NA;108443;25;2021-08-27;108188
2021-08-26;"Žilinský kraj";17;1600;7;1607;NA;108443;24;2021-08-26;108163
2021-08-25;"Žilinský kraj";9;1175;11;1186;NA;108443;20;2021-08-25;108139
2021-08-24;"Žilinský kraj";6;1368;9;1377;NA;108443;15;2021-08-24;108119
2021-08-23;"Žilinský kraj";11;1841;7;1848;NA;108443;18;2021-08-23;108104
2021-08-22;"Žilinský kraj";2;692;3;695;NA;108443;5;2021-08-22;108086
2021-08-21;"Žilinský kraj";6;1154;2;1156;NA;108443;8;2021-08-21;108081
2021-08-20;"Žilinský kraj";7;2234;5;2239;NA;108443;12;2021-08-20;108073
2021-08-19;"Žilinský kraj";6;1291;3;1294;NA;108443;9;2021-08-19;108061
2021-08-18;"Žilinský kraj";4;1288;7;1295;NA;108443;11;2021-08-18;108052
2021-08-17;"Žilinský kraj";9;1184;3;1187;NA;108443;12;2021-08-17;108041
2021-08-16;"Žilinský kraj";14;1581;5;1586;NA;108443;19;2021-08-16;108029
2021-08-15;"Žilinský kraj";1;815;2;817;NA;108443;3;2021-08-15;108010
2021-08-14;"Žilinský kraj";5;1165;0;1165;NA;108443;5;2021-08-14;108007
2021-08-13;"Žilinský kraj";6;1612;0;1612;NA;108443;6;2021-08-13;108002
2021-08-12;"Žilinský kraj";4;1215;4;1219;NA;108443;8;2021-08-12;107996
2021-08-11;"Žilinský kraj";13;1219;3;1222;NA;108443;16;2021-08-11;107988
2021-08-10;"Žilinský kraj";12;1257;3;1260;NA;108443;15;2021-08-10;107972
2021-08-09;"Žilinský kraj";9;1103;1;1104;NA;108443;10;2021-08-09;107957
2021-08-08;"Žilinský kraj";1;727;5;732;NA;108443;6;2021-08-08;107947
2021-08-07;"Žilinský kraj";7;1165;1;1166;NA;108443;8;2021-08-07;107941
2021-08-06;"Žilinský kraj";1;1311;0;1311;NA;108443;1;2021-08-06;107933
2021-08-05;"Žilinský kraj";7;1124;3;1127;NA;108443;10;2021-08-05;107932
2021-08-04;"Žilinský kraj";12;853;0;853;NA;108443;12;2021-08-04;107922
2021-08-03;"Žilinský kraj";11;918;0;918;NA;108443;11;2021-08-03;107910
2021-08-02;"Žilinský kraj";5;1507;1;1508;NA;108443;6;2021-08-02;107899
2021-08-01;"Žilinský kraj";0;679;2;681;NA;108443;2;2021-08-01;107893
2021-07-31;"Žilinský kraj";4;1114;0;1114;NA;108443;4;2021-07-31;107891
2021-07-30;"Žilinský kraj";3;1590;0;1590;NA;108443;3;2021-07-30;107887
2021-07-29;"Žilinský kraj";1;1299;0;1299;NA;108443;1;2021-07-29;107884
2021-07-28;"Žilinský kraj";4;901;0;901;NA;108443;4;2021-07-28;107883
2021-07-27;"Žilinský kraj";11;1378;0;1378;NA;108443;11;2021-07-27;107879
2021-07-26;"Žilinský kraj";1;1292;1;1293;NA;108443;2;2021-07-26;107868
2021-07-25;"Žilinský kraj";2;828;2;830;NA;108443;4;2021-07-25;107866
2021-07-24;"Žilinský kraj";2;1338;2;1340;NA;108443;4;2021-07-24;107862
2021-07-23;"Žilinský kraj";4;1730;0;1730;NA;108443;4;2021-07-23;107858
2021-07-22;"Žilinský kraj";2;1207;0;1207;NA;108443;2;2021-07-22;107854
2021-07-21;"Žilinský kraj";2;1021;0;1021;NA;108443;2;2021-07-21;107852
2021-07-20;"Žilinský kraj";4;1439;0;1439;NA;108443;4;2021-07-20;107850
2021-07-19;"Žilinský kraj";4;1759;1;1760;NA;108443;5;2021-07-19;107846
2021-07-18;"Žilinský kraj";0;854;1;855;NA;108443;1;2021-07-18;107841
2021-07-17;"Žilinský kraj";0;1350;0;1350;NA;108443;0;2021-07-17;107840
2021-07-16;"Žilinský kraj";2;1740;0;1740;NA;108443;2;2021-07-16;107840
2021-07-15;"Žilinský kraj";2;1577;0;1577;NA;108443;2;2021-07-15;107838
2021-07-14;"Žilinský kraj";5;1042;1;1043;NA;108443;6;2021-07-14;107836
2021-07-13;"Žilinský kraj";3;1709;1;1710;NA;108443;4;2021-07-13;107830
2021-07-12;"Žilinský kraj";3;1321;1;1322;NA;108443;4;2021-07-12;107826
2021-07-11;"Žilinský kraj";2;989;0;989;NA;108443;2;2021-07-11;107822
2021-07-10;"Žilinský kraj";1;1511;4;1515;NA;108443;5;2021-07-10;107820
2021-07-09;"Žilinský kraj";1;2205;1;2206;NA;108443;2;2021-07-09;107815
2021-07-08;"Žilinský kraj";6;1776;3;1779;NA;108443;9;2021-07-08;107813
2021-07-07;"Žilinský kraj";1;1585;3;1588;NA;108443;4;2021-07-07;107804
2021-07-06;"Žilinský kraj";4;1956;0;1956;NA;108443;4;2021-07-06;107800
2021-07-05;"Žilinský kraj";2;911;1;912;NA;108443;3;2021-07-05;107796
2021-07-04;"Žilinský kraj";0;921;0;921;NA;108443;0;2021-07-04;107793
2021-07-03;"Žilinský kraj";1;1607;1;1608;NA;108443;2;2021-07-03;107793
2021-07-02;"Žilinský kraj";0;3428;3;3431;NA;108443;3;2021-07-02;107791
2021-07-01;"Žilinský kraj";1;1118;0;1118;NA;108443;1;2021-07-01;107788
2021-06-30;"Žilinský kraj";1;10382;6;10388;NA;108443;7;2021-06-30;107787
2021-06-29;"Žilinský kraj";10;5946;0;5946;NA;108443;10;2021-06-29;107780
2021-06-28;"Žilinský kraj";4;6245;2;6247;NA;108443;6;2021-06-28;107770
2021-06-27;"Žilinský kraj";3;4702;1;4703;NA;108443;4;2021-06-27;107764
2021-06-26;"Žilinský kraj";4;5919;0;5919;NA;108443;4;2021-06-26;107760
2021-06-25;"Žilinský kraj";8;9756;5;9761;NA;108443;13;2021-06-25;107756
2021-06-24;"Žilinský kraj";6;5657;3;5660;NA;108443;9;2021-06-24;107743
2021-06-23;"Žilinský kraj";7;5955;10;5965;NA;108443;17;2021-06-23;107734
2021-06-22;"Žilinský kraj";6;5214;8;5222;NA;108443;14;2021-06-22;107717
2021-06-21;"Žilinský kraj";6;6287;8;6295;NA;108443;14;2021-06-21;107703
2021-06-20;"Žilinský kraj";1;5531;8;5539;NA;108443;9;2021-06-20;107689
2021-06-19;"Žilinský kraj";9;8353;2;8355;NA;108443;11;2021-06-19;107680
2021-06-18;"Žilinský kraj";11;10624;12;10636;NA;108443;23;2021-06-18;107669
2021-06-17;"Žilinský kraj";10;6092;12;6104;NA;108443;22;2021-06-17;107646
2021-06-16;"Žilinský kraj";17;5786;11;5797;NA;108443;28;2021-06-16;107624
2021-06-15;"Žilinský kraj";13;5996;13;6009;NA;108443;26;2021-06-15;107596
2021-06-14;"Žilinský kraj";10;7554;21;7575;NA;108443;31;2021-06-14;107570
2021-06-13;"Žilinský kraj";2;6682;9;6691;NA;108443;11;2021-06-13;107539
2021-06-12;"Žilinský kraj";9;8634;11;8645;NA;108443;20;2021-06-12;107528
2021-06-11;"Žilinský kraj";11;11566;14;11580;NA;108443;25;2021-06-11;107508
2021-06-10;"Žilinský kraj";14;6788;14;6802;NA;108443;28;2021-06-10;107483
2021-06-09;"Žilinský kraj";23;5925;14;5939;NA;108443;37;2021-06-09;107455
2021-06-08;"Žilinský kraj";18;6615;16;6631;NA;108443;34;2021-06-08;107418
2021-06-07;"Žilinský kraj";25;8534;21;8555;NA;108443;46;2021-06-07;107384
2021-06-06;"Žilinský kraj";10;8056;27;8083;NA;108443;37;2021-06-06;107338
2021-06-05;"Žilinský kraj";8;9175;10;9185;NA;108443;18;2021-06-05;107301
2021-06-04;"Žilinský kraj";19;12215;34;12249;NA;108443;53;2021-06-04;107283
2021-06-03;"Žilinský kraj";12;7033;33;7066;NA;108443;45;2021-06-03;107230
2021-06-02;"Žilinský kraj";17;7090;28;7118;NA;108443;45;2021-06-02;107185
2021-06-01;"Žilinský kraj";38;8285;46;8331;NA;108443;84;2021-06-01;107140
2021-05-31;"Žilinský kraj";31;9616;59;9675;NA;108443;90;2021-05-31;107056
2021-05-30;"Žilinský kraj";21;9025;35;9060;NA;108443;56;2021-05-30;106966
2021-05-29;"Žilinský kraj";13;11195;23;11218;NA;108443;36;2021-05-29;106910
2021-05-28;"Žilinský kraj";28;13277;30;13307;NA;108443;58;2021-05-28;106874
2021-05-27;"Žilinský kraj";17;8267;39;8306;NA;108443;56;2021-05-27;106816
2021-05-26;"Žilinský kraj";20;8329;25;8354;NA;108443;45;2021-05-26;106760
2021-05-25;"Žilinský kraj";21;9624;38;9662;NA;108443;59;2021-05-25;106715
2021-05-24;"Žilinský kraj";36;11487;57;11544;NA;108443;93;2021-05-24;106656
2021-05-23;"Žilinský kraj";4;10923;56;10979;NA;108443;60;2021-05-23;106563
2021-05-22;"Žilinský kraj";21;11893;28;11921;NA;108443;49;2021-05-22;106503
2021-05-21;"Žilinský kraj";28;15654;50;15704;NA;108443;78;2021-05-21;106454
2021-05-20;"Žilinský kraj";30;9616;30;9646;NA;108443;60;2021-05-20;106376
2021-05-19;"Žilinský kraj";46;8693;41;8734;NA;108443;87;2021-05-19;106316
2021-05-18;"Žilinský kraj";52;10609;44;10653;NA;108443;96;2021-05-18;106229
2021-05-17;"Žilinský kraj";51;12676;84;12760;NA;108443;135;2021-05-17;106133
2021-05-16;"Žilinský kraj";13;14114;42;14156;NA;108443;55;2021-05-16;105998
2021-05-15;"Žilinský kraj";30;18404;35;18439;NA;108443;65;2021-05-15;105943
2021-05-14;"Žilinský kraj";34;21205;82;21287;NA;108443;116;2021-05-14;105878
2021-05-13;"Žilinský kraj";64;11865;51;11916;NA;108443;115;2021-05-13;105762
2021-05-12;"Žilinský kraj";57;10337;51;10388;NA;108443;108;2021-05-12;105647
2021-05-11;"Žilinský kraj";70;12174;51;12225;NA;108443;121;2021-05-11;105539
2021-05-10;"Žilinský kraj";69;16182;72;16254;NA;108443;141;2021-05-10;105418
2021-05-09;"Žilinský kraj";58;20385;77;20462;NA;108443;135;2021-05-09;105277
2021-05-08;"Žilinský kraj";0;24133;63;24196;NA;108443;63;2021-05-08;105142
2021-05-07;"Žilinský kraj";65;26522;87;26609;NA;108443;152;2021-05-07;105079
2021-05-06;"Žilinský kraj";67;16605;72;16677;NA;108443;139;2021-05-06;104927
2021-05-05;"Žilinský kraj";71;13096;73;13169;NA;108443;144;2021-05-05;104788
2021-05-04;"Žilinský kraj";81;16749;80;16829;NA;108443;161;2021-05-04;104644
2021-05-03;"Žilinský kraj";97;20391;111;20502;NA;108443;208;2021-05-03;104483
2021-05-02;"Žilinský kraj";8;28886;64;28950;NA;108443;72;2021-05-02;104275
2021-05-01;"Žilinský kraj";65;55053;105;55158;NA;108443;170;2021-05-01;104203
2021-04-30;"Žilinský kraj";84;44000;117;44117;NA;108443;201;2021-04-30;104033
2021-04-29;"Žilinský kraj";77;24566;101;24667;NA;108443;178;2021-04-29;103832
2021-04-28;"Žilinský kraj";76;19214;91;19305;NA;108443;167;2021-04-28;103654
2021-04-27;"Žilinský kraj";97;21805;110;21915;NA;108443;207;2021-04-27;103487
2021-04-26;"Žilinský kraj";114;27412;136;27548;NA;108443;250;2021-04-26;103280
2021-04-25;"Žilinský kraj";38;35750;82;35832;NA;108443;120;2021-04-25;103030
2021-04-24;"Žilinský kraj";93;78854;157;79011;NA;108443;250;2021-04-24;102910
2021-04-23;"Žilinský kraj";144;49440;153;49593;NA;108443;297;2021-04-23;102660
2021-04-22;"Žilinský kraj";110;25224;132;25356;NA;108443;242;2021-04-22;102363
2021-04-21;"Žilinský kraj";118;20616;145;20761;NA;108443;263;2021-04-21;102121
2021-04-20;"Žilinský kraj";128;23873;136;24009;NA;108443;264;2021-04-20;101858
2021-04-19;"Žilinský kraj";164;32773;210;32983;NA;108443;374;2021-04-19;101594
2021-04-18;"Žilinský kraj";18;36767;91;36858;NA;108443;109;2021-04-18;101220
2021-04-17;"Žilinský kraj";108;89377;156;89533;NA;108443;264;2021-04-17;101111
2021-04-16;"Žilinský kraj";185;47847;208;48055;NA;108443;393;2021-04-16;100847
2021-04-15;"Žilinský kraj";108;24830;130;24960;NA;108443;238;2021-04-15;100454
2021-04-14;"Žilinský kraj";135;23145;145;23290;NA;108443;280;2021-04-14;100216
2021-04-13;"Žilinský kraj";171;25050;135;25185;NA;108443;306;2021-04-13;99936
2021-04-12;"Žilinský kraj";266;30794;189;30983;NA;108443;455;2021-04-12;99630
2021-04-11;"Žilinský kraj";19;37126;107;37233;NA;108443;126;2021-04-11;99175
2021-04-10;"Žilinský kraj";111;86284;237;86521;NA;108443;348;2021-04-10;99049
2021-04-09;"Žilinský kraj";195;41973;206;42179;NA;108443;401;2021-04-09;98701
2021-04-08;"Žilinský kraj";179;24404;141;24545;NA;108443;320;2021-04-08;98300
2021-04-07;"Žilinský kraj";309;28651;174;28825;NA;108443;483;2021-04-07;97980
2021-04-06;"Žilinský kraj";308;40107;301;40408;NA;108443;609;2021-04-06;97497
2021-04-05;"Žilinský kraj";17;14747;140;14887;NA;108443;157;2021-04-05;96888
2021-04-04;"Žilinský kraj";17;16284;69;16353;NA;108443;86;2021-04-04;96731
2021-04-03;"Žilinský kraj";180;100699;403;101102;NA;108443;583;2021-04-03;96645
2021-04-02;"Žilinský kraj";73;22411;83;22494;NA;108443;156;2021-04-02;96062
2021-04-01;"Žilinský kraj";334;43264;240;43504;NA;108443;574;2021-04-01;95906
2021-03-31;"Žilinský kraj";170;31635;247;31882;NA;108443;417;2021-03-31;95332
2021-03-30;"Žilinský kraj";406;26323;243;26566;NA;108443;649;2021-03-30;94915
2021-03-29;"Žilinský kraj";297;28029;268;28297;NA;108443;565;2021-03-29;94266
2021-03-28;"Žilinský kraj";21;36206;239;36445;NA;108443;260;2021-03-28;93701
2021-03-27;"Žilinský kraj";151;89107;353;89460;NA;108443;504;2021-03-27;93441
2021-03-26;"Žilinský kraj";312;51757;330;52087;NA;108443;642;2021-03-26;92937
2021-03-25;"Žilinský kraj";281;27619;214;27833;NA;108443;495;2021-03-25;92295
2021-03-24;"Žilinský kraj";280;21268;260;21528;NA;108443;540;2021-03-24;91800
2021-03-23;"Žilinský kraj";418;23193;278;23471;NA;108443;696;2021-03-23;91260
2021-03-22;"Žilinský kraj";293;29289;314;29603;NA;108443;607;2021-03-22;90564
2021-03-21;"Žilinský kraj";32;33705;227;33932;NA;108443;259;2021-03-21;89957
2021-03-20;"Žilinský kraj";165;93015;497;93512;NA;108443;662;2021-03-20;89698
2021-03-19;"Žilinský kraj";357;51988;414;52402;NA;108443;771;2021-03-19;89036
2021-03-18;"Žilinský kraj";329;28459;294;28753;NA;108443;623;2021-03-18;88265
2021-03-17;"Žilinský kraj";395;21919;269;22188;NA;108443;664;2021-03-17;87642
2021-03-16;"Žilinský kraj";514;24341;317;24658;NA;108443;831;2021-03-16;86978
2021-03-15;"Žilinský kraj";341;29613;419;30032;NA;108443;760;2021-03-15;86147
2021-03-14;"Žilinský kraj";87;34121;267;34388;NA;108443;354;2021-03-14;85387
2021-03-13;"Žilinský kraj";113;93386;581;93967;NA;108443;694;2021-03-13;85033
2021-03-12;"Žilinský kraj";520;52329;411;52740;NA;108443;931;2021-03-12;84339
2021-03-11;"Žilinský kraj";399;28189;302;28491;NA;108443;701;2021-03-11;83408
2021-03-10;"Žilinský kraj";368;22414;378;22792;NA;108443;746;2021-03-10;82707
2021-03-09;"Žilinský kraj";537;24857;316;25173;NA;108443;853;2021-03-09;81961
2021-03-08;"Žilinský kraj";387;30873;458;31331;NA;108443;845;2021-03-08;81108
2021-03-07;"Žilinský kraj";48;33469;290;33759;NA;108443;338;2021-03-07;80263
2021-03-06;"Žilinský kraj";173;92410;589;92999;NA;108443;762;2021-03-06;79925
2021-03-05;"Žilinský kraj";369;51987;484;52471;NA;108443;853;2021-03-05;79163
2021-03-04;"Žilinský kraj";467;30037;377;30414;NA;108443;844;2021-03-04;78310
2021-03-03;"Žilinský kraj";448;26261;394;26655;NA;108443;842;2021-03-03;77466
2021-03-02;"Žilinský kraj";551;25913;378;26291;NA;108443;929;2021-03-02;76624
2021-03-01;"Žilinský kraj";375;30498;441;30939;NA;108443;816;2021-03-01;75695
2021-02-28;"Žilinský kraj";61;34802;327;35129;NA;108443;388;2021-02-28;74879
2021-02-27;"Žilinský kraj";159;83781;639;84420;NA;108443;798;2021-02-27;74491
2021-02-26;"Žilinský kraj";459;47500;508;48008;NA;108443;967;2021-02-26;73693
2021-02-25;"Žilinský kraj";347;30879;393;31272;NA;108443;740;2021-02-25;72726
2021-02-24;"Žilinský kraj";339;18760;395;19155;NA;108443;734;2021-02-24;71986
2021-02-23;"Žilinský kraj";437;22172;418;22590;NA;108443;855;2021-02-23;71252
2021-02-22;"Žilinský kraj";345;29270;438;29708;NA;108443;783;2021-02-22;70397
2021-02-21;"Žilinský kraj";36;28686;322;29008;NA;108443;358;2021-02-21;69614
2021-02-20;"Žilinský kraj";152;89944;671;90615;NA;108443;823;2021-02-20;69256
2021-02-19;"Žilinský kraj";337;45541;417;45958;NA;108443;754;2021-02-19;68433
2021-02-18;"Žilinský kraj";263;24662;337;24999;NA;108443;600;2021-02-18;67679
2021-02-17;"Žilinský kraj";269;17932;355;18287;NA;108443;624;2021-02-17;67079
2021-02-16;"Žilinský kraj";321;24298;325;24623;NA;108443;646;2021-02-16;66455
2021-02-15;"Žilinský kraj";230;30420;311;30731;NA;108443;541;2021-02-15;65809
2021-02-14;"Žilinský kraj";30;28574;231;28805;NA;108443;261;2021-02-14;65268
2021-02-13;"Žilinský kraj";91;69638;453;70091;NA;108443;544;2021-02-13;65007
2021-02-12;"Žilinský kraj";242;43338;336;43674;NA;108443;578;2021-02-12;64463
2021-02-11;"Žilinský kraj";228;23521;300;23821;NA;108443;528;2021-02-11;63885
2021-02-10;"Žilinský kraj";259;17894;267;18161;NA;108443;526;2021-02-10;63357
2021-02-09;"Žilinský kraj";377;24784;274;25058;NA;108443;651;2021-02-09;62831
2021-02-08;"Žilinský kraj";160;41375;390;41765;NA;108443;550;2021-02-08;62180
2021-02-07;"Žilinský kraj";24;46446;252;46698;NA;108443;276;2021-02-07;61630
2021-02-06;"Žilinský kraj";71;72880;367;73247;NA;108443;438;2021-02-06;61354
2021-02-05;"Žilinský kraj";248;31869;323;32192;NA;108443;571;2021-02-05;60916
2021-02-04;"Žilinský kraj";238;13240;258;13498;NA;108443;496;2021-02-04;60345
2021-02-03;"Žilinský kraj";194;9186;255;9441;NA;108443;449;2021-02-03;59849
2021-02-02;"Žilinský kraj";216;9280;272;9552;NA;108443;488;2021-02-02;59400
2021-02-01;"Žilinský kraj";220;19690;370;20060;NA;108443;590;2021-02-01;58912
2021-01-31;"Žilinský kraj";11;2652;27;2679;NA;108443;38;2021-01-31;58322
2021-01-30;"Žilinský kraj";85;18447;187;18634;NA;108443;272;2021-01-30;58284
2021-01-29;"Žilinský kraj";209;22891;304;23195;NA;108443;513;2021-01-29;58012
2021-01-28;"Žilinský kraj";240;5533;172;5705;NA;108443;412;2021-01-28;57499
2021-01-27;"Žilinský kraj";256;6725;119;6844;NA;108443;375;2021-01-27;57087
2021-01-26;"Žilinský kraj";245;49781;348;50129;NA;108443;593;2021-01-26;56712
2021-01-25;"Žilinský kraj";159;21245;150;21395;NA;108443;309;2021-01-25;56119
2021-01-24;"Žilinský kraj";22;55835;268;56103;NA;108443;290;2021-01-24;55810
2021-01-23;"Žilinský kraj";91;101730;444;102174;NA;108443;535;2021-01-23;55520
2021-01-22;"Žilinský kraj";163;32160;237;32397;NA;108443;400;2021-01-22;54985
2021-01-21;"Žilinský kraj";116;19828;181;20009;NA;108443;297;2021-01-21;54585
2021-01-20;"Žilinský kraj";236;17126;159;17285;NA;108443;395;2021-01-20;54288
2021-01-19;"Žilinský kraj";245;15730;285;16015;NA;108443;530;2021-01-19;53893
2021-01-18;"Žilinský kraj";236;12685;326;13011;NA;108443;562;2021-01-18;53363
2021-01-17;"Žilinský kraj";95;147;8;155;NA;108443;103;2021-01-17;52801
2021-01-16;"Žilinský kraj";14;516;31;547;NA;108443;45;2021-01-16;52698
2021-01-15;"Žilinský kraj";248;7486;209;7695;NA;108443;457;2021-01-15;52653
2021-01-14;"Žilinský kraj";166;5319;239;5558;NA;108443;405;2021-01-14;52196
2021-01-13;"Žilinský kraj";247;11263;557;11820;NA;108443;804;2021-01-13;51791
2021-01-12;"Žilinský kraj";376;8410;385;8795;NA;108443;761;2021-01-12;50987
2021-01-11;"Žilinský kraj";351;10058;465;10523;NA;108443;816;2021-01-11;50226
2021-01-10;"Žilinský kraj";38;229;6;235;NA;108443;44;2021-01-10;49410
2021-01-09;"Žilinský kraj";192;1282;60;1342;NA;108443;252;2021-01-09;49366
2021-01-08;"Žilinský kraj";413;8721;462;9183;NA;108443;875;2021-01-08;49114
2021-01-07;"Žilinský kraj";438;23407;1872;25279;NA;108443;2310;2021-01-07;48239
2021-01-06;"Žilinský kraj";145;1076;67;1143;NA;108443;212;2021-01-06;45929
2021-01-05;"Žilinský kraj";717;10227;796;11023;NA;108443;1513;2021-01-05;45717
2021-01-04;"Žilinský kraj";479;9313;893;10206;NA;108443;1372;2021-01-04;44204
2021-01-03;"Žilinský kraj";13;1006;107;1113;NA;108443;120;2021-01-03;42832
2021-01-02;"Žilinský kraj";98;789;91;880;NA;108443;189;2021-01-02;42712
2021-01-01;"Žilinský kraj";118;241;13;254;NA;108443;131;2021-01-01;42523
2020-12-31;"Žilinský kraj";395;9626;784;10410;NA;108443;1179;2020-12-31;42392
2020-12-30;"Žilinský kraj";1038;11781;823;12604;NA;108443;1861;2020-12-30;41213
2020-12-29;"Žilinský kraj";256;10159;979;11138;NA;108443;1235;2020-12-29;39352
2020-12-28;"Žilinský kraj";406;10704;976;11680;NA;108443;1382;2020-12-28;38117
2020-12-27;"Žilinský kraj";40;684;94;778;NA;108443;134;2020-12-27;36735
2020-12-26;"Žilinský kraj";135;593;48;641;NA;108443;183;2020-12-26;36601
2020-12-25;"Žilinský kraj";66;83;9;92;NA;108443;75;2020-12-25;36418
2020-12-24;"Žilinský kraj";643;667;55;722;NA;108443;698;2020-12-24;36343
2020-12-23;"Žilinský kraj";228;16229;975;17204;NA;108443;1203;2020-12-23;35645
2020-12-22;"Žilinský kraj";519;13483;988;14471;NA;108443;1507;2020-12-22;34442
2020-12-21;"Žilinský kraj";444;12429;1078;13507;NA;108443;1522;2020-12-21;32935
2020-12-20;"Žilinský kraj";36;598;80;678;NA;108443;116;2020-12-20;31413
2020-12-19;"Žilinský kraj";208;1678;127;1805;NA;108443;335;2020-12-19;31297
2020-12-18;"Žilinský kraj";333;6553;370;6923;NA;108443;703;2020-12-18;30962
2020-12-17;"Žilinský kraj";500;3922;262;4184;NA;108443;762;2020-12-17;30259
2020-12-16;"Žilinský kraj";333;3815;267;4082;NA;108443;600;2020-12-16;29497
2020-12-15;"Žilinský kraj";528;3729;340;4069;NA;108443;868;2020-12-15;28897
2020-12-14;"Žilinský kraj";321;3884;309;4193;NA;108443;630;2020-12-14;28029
2020-12-13;"Žilinský kraj";26;494;66;560;NA;108443;92;2020-12-13;27399
2020-12-12;"Žilinský kraj";95;767;46;813;NA;108443;141;2020-12-12;27307
2020-12-11;"Žilinský kraj";455;3938;227;4165;NA;108443;682;2020-12-11;27166
2020-12-10;"Žilinský kraj";166;9129;838;9967;NA;108443;1004;2020-12-10;26484
2020-12-09;"Žilinský kraj";392;2169;132;2301;NA;108443;524;2020-12-09;25480
2020-12-08;"Žilinský kraj";331;3127;101;3228;NA;108443;432;2020-12-08;24956
2020-12-07;"Žilinský kraj";348;2746;162;2908;NA;108443;510;2020-12-07;24524
2020-12-06;"Žilinský kraj";15;128;6;134;NA;108443;21;2020-12-06;24014
2020-12-05;"Žilinský kraj";98;781;41;822;NA;108443;139;2020-12-05;23993
2020-12-04;"Žilinský kraj";228;3091;107;3198;NA;108443;335;2020-12-04;23854
2020-12-03;"Žilinský kraj";237;1609;115;1724;NA;108443;352;2020-12-03;23519
2020-12-02;"Žilinský kraj";181;1710;94;1804;NA;108443;275;2020-12-02;23167
2020-12-01;"Žilinský kraj";209;6239;284;6523;NA;108443;493;2020-12-01;22892
2020-11-30;"Žilinský kraj";203;5326;305;5631;NA;108443;508;2020-11-30;22399
2020-11-29;"Žilinský kraj";18;81;7;88;NA;108443;25;2020-11-29;21891
2020-11-28;"Žilinský kraj";99;349;15;364;NA;108443;114;2020-11-28;21866
2020-11-27;"Žilinský kraj";218;904;46;950;NA;108443;264;2020-11-27;21752
2020-11-26;"Žilinský kraj";190;1041;54;1095;NA;108443;244;2020-11-26;21488
2020-11-25;"Žilinský kraj";225;1217;49;1266;NA;108443;274;2020-11-25;21244
2020-11-24;"Žilinský kraj";213;2139;67;2206;NA;108443;280;2020-11-24;20970
2020-11-23;"Žilinský kraj";170;759;44;803;NA;108443;214;2020-11-23;20690
2020-11-22;"Žilinský kraj";11;67;2;69;NA;108443;13;2020-11-22;20476
2020-11-21;"Žilinský kraj";61;505;20;525;NA;108443;81;2020-11-21;20463
2020-11-20;"Žilinský kraj";251;1074;45;1119;NA;108443;296;2020-11-20;20382
2020-11-19;"Žilinský kraj";252;752;61;813;NA;108443;313;2020-11-19;20086
2020-11-18;"Žilinský kraj";346;348;15;363;NA;108443;361;2020-11-18;19773
2020-11-17;"Žilinský kraj";123;490;15;505;NA;108443;138;2020-11-17;19412
2020-11-16;"Žilinský kraj";227;247;15;262;NA;108443;242;2020-11-16;19274
2020-11-15;"Žilinský kraj";63;13;0;13;NA;108443;63;2020-11-15;19032
2020-11-14;"Žilinský kraj";189;1038;11;1049;NA;108443;200;2020-11-14;18969
2020-11-13;"Žilinský kraj";181;125;9;134;NA;108443;190;2020-11-13;18769
2020-11-12;"Žilinský kraj";334;79;2;81;NA;108443;336;2020-11-12;18579
2020-11-11;"Žilinský kraj";489;147;10;157;NA;108443;499;2020-11-11;18243
2020-11-10;"Žilinský kraj";374;519;9;528;NA;108443;383;2020-11-10;17744
2020-11-09;"Žilinský kraj";143;2335;30;2365;NA;108443;173;2020-11-09;17361
2020-11-08;"Žilinský kraj";59;2538;37;2575;NA;108443;96;2020-11-08;17188
2020-11-07;"Žilinský kraj";312;8175;88;8263;NA;108443;400;2020-11-07;17092
2020-11-06;"Žilinský kraj";503;4090;38;4128;NA;108443;541;2020-11-06;16692
2020-11-05;"Žilinský kraj";473;64;4;68;NA;108443;477;2020-11-05;16151
2020-11-04;"Žilinský kraj";423;178;10;188;NA;108443;433;2020-11-04;15674
2020-11-03;"Žilinský kraj";688;889;16;905;NA;108443;704;2020-11-03;15241
2020-11-02;"Žilinský kraj";472;1043;39;1082;NA;108443;511;2020-11-02;14537
2020-11-01;"Žilinský kraj";349;5096;130;5226;NA;108443;479;2020-11-01;14026
2020-10-31;"Žilinský kraj";661;7963;203;8166;NA;108443;864;2020-10-31;13547
2020-10-30;"Žilinský kraj";529;2575;61;2636;NA;108443;590;2020-10-30;12683
2020-10-29;"Žilinský kraj";740;503;17;520;NA;108443;757;2020-10-29;12093
2020-10-28;"Žilinský kraj";635;105;11;116;NA;108443;646;2020-10-28;11336
2020-10-27;"Žilinský kraj";355;154;24;178;NA;108443;379;2020-10-27;10690
2020-10-26;"Žilinský kraj";148;117;28;145;NA;108443;176;2020-10-26;10311
2020-10-25;"Žilinský kraj";436;0;0;0;NA;108443;436;2020-10-25;10135
2020-10-24;"Žilinský kraj";803;0;0;0;NA;108443;803;2020-10-24;9699
2020-10-23;"Žilinský kraj";659;102;13;115;NA;108443;672;2020-10-23;8896
2020-10-22;"Žilinský kraj";525;33;3;36;NA;108443;528;2020-10-22;8224
2020-10-21;"Žilinský kraj";478;74;14;88;NA;108443;492;2020-10-21;7696
2020-10-20;"Žilinský kraj";524;127;8;135;NA;108443;532;2020-10-20;7204
2020-10-19;"Žilinský kraj";70;80;12;92;NA;108443;82;2020-10-19;6672
2020-10-18;"Žilinský kraj";159;0;0;0;NA;108443;159;2020-10-18;6590
2020-10-17;"Žilinský kraj";509;0;0;0;NA;108443;509;2020-10-17;6431
2020-10-16;"Žilinský kraj";603;51;9;60;NA;108443;612;2020-10-16;5922
2020-10-15;"Žilinský kraj";679;61;3;64;NA;108443;682;2020-10-15;5310
2020-10-14;"Žilinský kraj";523;269;6;275;NA;108443;529;2020-10-14;4628
2020-10-13;"Žilinský kraj";367;458;40;498;NA;108443;407;2020-10-13;4099
2020-10-12;"Žilinský kraj";62;0;0;0;NA;108443;62;2020-10-12;3692
2020-10-11;"Žilinský kraj";50;0;0;0;NA;108443;50;2020-10-11;3630
2020-10-10;"Žilinský kraj";213;0;0;0;NA;108443;213;2020-10-10;3580
2020-10-09;"Žilinský kraj";543;0;0;0;NA;108443;543;2020-10-09;3367
2020-10-08;"Žilinský kraj";238;0;0;0;NA;108443;238;2020-10-08;2824
2020-10-07;"Žilinský kraj";168;0;0;0;NA;108443;168;2020-10-07;2586
2020-10-06;"Žilinský kraj";233;0;0;0;NA;108443;233;2020-10-06;2418
2020-10-05;"Žilinský kraj";33;0;0;0;NA;108443;33;2020-10-05;2185
2020-10-04;"Žilinský kraj";35;0;0;0;NA;108443;35;2020-10-04;2152
2020-10-03;"Žilinský kraj";155;0;0;0;NA;108443;155;2020-10-03;2117
2020-10-02;"Žilinský kraj";105;0;0;0;NA;108443;105;2020-10-02;1962
2020-10-01;"Žilinský kraj";147;0;0;0;NA;108443;147;2020-10-01;1857
2020-09-30;"Žilinský kraj";163;0;0;0;NA;108443;163;2020-09-30;1710
2020-09-29;"Žilinský kraj";105;0;0;0;NA;108443;105;2020-09-29;1547
2020-09-28;"Žilinský kraj";34;0;0;0;NA;108443;34;2020-09-28;1442
2020-09-27;"Žilinský kraj";108;0;0;0;NA;108443;108;2020-09-27;1408
2020-09-26;"Žilinský kraj";96;0;0;0;NA;108443;96;2020-09-26;1300
2020-09-25;"Žilinský kraj";69;0;0;0;NA;108443;69;2020-09-25;1204
2020-09-24;"Žilinský kraj";100;0;0;0;NA;108443;100;2020-09-24;1135
2020-09-23;"Žilinský kraj";65;0;0;0;NA;108443;65;2020-09-23;1035
2020-09-22;"Žilinský kraj";65;0;0;0;NA;108443;65;2020-09-22;970
2020-09-21;"Žilinský kraj";47;0;0;0;NA;108443;47;2020-09-21;905
2020-09-20;"Žilinský kraj";4;0;0;0;NA;108443;4;2020-09-20;858
2020-09-19;"Žilinský kraj";6;0;0;0;NA;108443;6;2020-09-19;854
2020-09-18;"Žilinský kraj";82;0;0;0;NA;108443;82;2020-09-18;848
2020-09-17;"Žilinský kraj";30;0;0;0;NA;108443;30;2020-09-17;766
2020-09-16;"Žilinský kraj";34;0;0;0;NA;108443;34;2020-09-16;736
2020-09-15;"Žilinský kraj";12;0;0;0;NA;108443;12;2020-09-15;702
2020-09-14;"Žilinský kraj";39;0;0;0;NA;108443;39;2020-09-14;690
2020-09-13;"Žilinský kraj";6;0;0;0;NA;108443;6;2020-09-13;651
2020-09-12;"Žilinský kraj";4;0;0;0;NA;108443;4;2020-09-12;645
2020-09-11;"Žilinský kraj";31;0;0;0;NA;108443;31;2020-09-11;641
2020-09-10;"Žilinský kraj";31;0;0;0;NA;108443;31;2020-09-10;610
2020-09-09;"Žilinský kraj";23;0;0;0;NA;108443;23;2020-09-09;579
2020-09-08;"Žilinský kraj";25;0;0;0;NA;108443;25;2020-09-08;556
2020-09-07;"Žilinský kraj";11;0;0;0;NA;108443;11;2020-09-07;531
2020-09-06;"Žilinský kraj";0;0;0;0;NA;108443;0;2020-09-06;520
2020-09-05;"Žilinský kraj";2;0;0;0;NA;108443;2;2020-09-05;520
2020-09-04;"Žilinský kraj";33;0;0;0;NA;108443;33;2020-09-04;518
2020-09-03;"Žilinský kraj";18;0;0;0;NA;108443;18;2020-09-03;485
2020-09-02;"Žilinský kraj";16;0;0;0;NA;108443;16;2020-09-02;467
2020-09-01;"Žilinský kraj";4;0;0;0;NA;108443;4;2020-09-01;451
2020-08-31;"Žilinský kraj";5;0;0;0;NA;108443;5;2020-08-31;447
2020-08-30;"Žilinský kraj";3;0;0;0;NA;108443;3;2020-08-30;442
2020-08-29;"Žilinský kraj";5;0;0;0;NA;108443;5;2020-08-29;439
2020-08-28;"Žilinský kraj";13;0;0;0;NA;108443;13;2020-08-28;434
2020-08-27;"Žilinský kraj";18;0;0;0;NA;108443;18;2020-08-27;421
2020-08-26;"Žilinský kraj";8;0;0;0;NA;108443;8;2020-08-26;403
2020-08-25;"Žilinský kraj";2;0;0;0;NA;108443;2;2020-08-25;395
2020-08-24;"Žilinský kraj";5;0;0;0;NA;108443;5;2020-08-24;393
2020-08-23;"Žilinský kraj";0;0;0;0;NA;108443;0;2020-08-23;388
2020-08-22;"Žilinský kraj";0;0;0;0;NA;108443;0;2020-08-22;388
2020-08-21;"Žilinský kraj";10;0;0;0;NA;108443;10;2020-08-21;388
2020-08-20;"Žilinský kraj";13;0;0;0;NA;108443;13;2020-08-20;378
2020-08-19;"Žilinský kraj";7;0;0;0;NA;108443;7;2020-08-19;365
2020-08-18;"Žilinský kraj";9;0;0;0;NA;108443;9;2020-08-18;358
2020-08-17;"Žilinský kraj";1;0;0;0;NA;108443;1;2020-08-17;349
2020-08-16;"Žilinský kraj";0;0;0;0;NA;108443;0;2020-08-16;348
2020-08-15;"Žilinský kraj";0;0;0;0;NA;108443;0;2020-08-15;348
2020-08-14;"Žilinský kraj";4;0;0;0;NA;108443;4;2020-08-14;348
2020-08-13;"Žilinský kraj";2;0;0;0;NA;108443;2;2020-08-13;344
2020-08-12;"Žilinský kraj";0;0;0;0;NA;108443;0;2020-08-12;342
2020-08-11;"Žilinský kraj";4;0;0;0;NA;108443;4;2020-08-11;342
2020-08-10;"Žilinský kraj";1;0;0;0;NA;108443;1;2020-08-10;338
2020-08-09;"Žilinský kraj";0;0;0;0;NA;108443;0;2020-08-09;337
2020-08-08;"Žilinský kraj";3;0;0;0;NA;108443;3;2020-08-08;337
2020-08-07;"Žilinský kraj";8;0;0;0;NA;108443;8;2020-08-07;334
2020-08-06;"Žilinský kraj";1;0;0;0;NA;108443;1;2020-08-06;326
2020-08-05;"Žilinský kraj";1;0;0;0;NA;108443;1;2020-08-05;325
2020-08-04;"Žilinský kraj";2;0;0;0;NA;108443;2;2020-08-04;324
2020-08-03;"Žilinský kraj";0;0;0;0;NA;108443;0;2020-08-03;322
2020-08-02;"Žilinský kraj";1;0;0;0;NA;108443;1;2020-08-02;322
2020-08-01;"Žilinský kraj";0;0;0;0;NA;108443;0;2020-08-01;321
2020-07-31;"Žilinský kraj";4;0;0;0;NA;108443;4;2020-07-31;321
2020-07-30;"Žilinský kraj";2;0;0;0;NA;108443;2;2020-07-30;317
2020-07-29;"Žilinský kraj";2;0;0;0;NA;108443;2;2020-07-29;315
2020-07-28;"Žilinský kraj";4;0;0;0;NA;108443;4;2020-07-28;313
2020-07-27;"Žilinský kraj";6;0;0;0;NA;108443;6;2020-07-27;309
2020-07-26;"Žilinský kraj";0;0;0;0;NA;108443;0;2020-07-26;303
2020-07-25;"Žilinský kraj";0;0;0;0;NA;108443;0;2020-07-25;303
2020-07-24;"Žilinský kraj";2;0;0;0;NA;108443;2;2020-07-24;303
2020-07-23;"Žilinský kraj";0;0;0;0;NA;108443;0;2020-07-23;301
2020-07-22;"Žilinský kraj";1;0;0;0;NA;108443;1;2020-07-22;301
2020-07-21;"Žilinský kraj";2;0;0;0;NA;108443;2;2020-07-21;300
2020-07-20;"Žilinský kraj";3;0;0;0;NA;108443;3;2020-07-20;298
2020-07-19;"Žilinský kraj";0;0;0;0;NA;108443;0;2020-07-19;295
2020-07-18;"Žilinský kraj";0;0;0;0;NA;108443;0;2020-07-18;295
2020-07-17;"Žilinský kraj";2;0;0;0;NA;108443;2;2020-07-17;295
2020-07-16;"Žilinský kraj";2;0;0;0;NA;108443;2;2020-07-16;293
2020-07-15;"Žilinský kraj";2;0;0;0;NA;108443;2;2020-07-15;291
2020-07-14;"Žilinský kraj";1;0;0;0;NA;108443;1;2020-07-14;289
2020-07-13;"Žilinský kraj";0;0;0;0;NA;108443;0;2020-07-13;288
2020-07-12;"Žilinský kraj";0;0;0;0;NA;108443;0;2020-07-12;288
2020-07-11;"Žilinský kraj";2;0;0;0;NA;108443;2;2020-07-11;288
2020-07-10;"Žilinský kraj";3;0;0;0;NA;108443;3;2020-07-10;286
2020-07-09;"Žilinský kraj";2;0;0;0;NA;108443;2;2020-07-09;283
2020-07-08;"Žilinský kraj";10;0;0;0;NA;108443;10;2020-07-08;281
2020-07-07;"Žilinský kraj";7;0;0;0;NA;108443;7;2020-07-07;271
2020-07-06;"Žilinský kraj";0;0;0;0;NA;108443;0;2020-07-06;264
2020-07-05;"Žilinský kraj";0;0;0;0;NA;108443;0;2020-07-05;264
2020-07-04;"Žilinský kraj";10;0;0;0;NA;108443;10;2020-07-04;264
2020-07-03;"Žilinský kraj";18;0;0;0;NA;108443;18;2020-07-03;254
2020-07-02;"Žilinský kraj";7;0;0;0;NA;108443;7;2020-07-02;236
2020-07-01;"Žilinský kraj";0;0;0;0;NA;108443;0;2020-07-01;229
2020-06-30;"Žilinský kraj";4;0;0;0;NA;108443;4;2020-06-30;229
2020-06-29;"Žilinský kraj";0;0;0;0;NA;108443;0;2020-06-29;225
2020-06-28;"Žilinský kraj";1;0;0;0;NA;108443;1;2020-06-28;225
2020-06-27;"Žilinský kraj";3;0;0;0;NA;108443;3;2020-06-27;224
2020-06-26;"Žilinský kraj";5;0;0;0;NA;108443;5;2020-06-26;221
2020-06-25;"Žilinský kraj";7;0;0;0;NA;108443;7;2020-06-25;216
2020-06-24;"Žilinský kraj";11;0;0;0;NA;108443;11;2020-06-24;209
2020-06-23;"Žilinský kraj";9;0;0;0;NA;108443;9;2020-06-23;198
2020-06-22;"Žilinský kraj";0;0;0;0;NA;108443;0;2020-06-22;189
2020-06-21;"Žilinský kraj";1;0;0;0;NA;108443;1;2020-06-21;189
2020-06-20;"Žilinský kraj";1;0;0;0;NA;108443;1;2020-06-20;188
2020-06-19;"Žilinský kraj";4;0;0;0;NA;108443;4;2020-06-19;187
2020-06-18;"Žilinský kraj";1;0;0;0;NA;108443;1;2020-06-18;183
2020-06-17;"Žilinský kraj";0;0;0;0;NA;108443;0;2020-06-17;182
2020-06-16;"Žilinský kraj";1;0;0;0;NA;108443;1;2020-06-16;182
2020-06-14;"Žilinský kraj";0;0;0;0;NA;108443;0;2020-06-14;181
2020-06-13;"Žilinský kraj";0;0;0;0;NA;108443;0;2020-06-13;181
2020-06-12;"Žilinský kraj";0;0;0;0;NA;108443;0;2020-06-12;181
2020-06-11;"Žilinský kraj";0;0;0;0;NA;108443;0;2020-06-11;181
2020-06-10;"Žilinský kraj";0;0;0;0;NA;108443;0;2020-06-10;181
2020-06-09;"Žilinský kraj";1;0;0;0;NA;108443;1;2020-06-09;181
2020-06-08;"Žilinský kraj";0;0;0;0;NA;108443;0;2020-06-08;180
2020-06-07;"Žilinský kraj";0;0;0;0;NA;108443;0;2020-06-07;180
2020-06-05;"Žilinský kraj";0;0;0;0;NA;108443;0;2020-06-05;180
2020-06-03;"Žilinský kraj";0;0;0;0;NA;108443;0;2020-06-03;180
2020-06-02;"Žilinský kraj";0;0;0;0;NA;108443;0;2020-06-02;180
2020-05-31;"Žilinský kraj";0;0;0;0;NA;108443;0;2020-05-31;180
2020-05-29;"Žilinský kraj";0;0;0;0;NA;108443;0;2020-05-29;180
2020-05-27;"Žilinský kraj";1;0;0;0;NA;108443;1;2020-05-27;180
2020-05-26;"Žilinský kraj";1;0;0;0;NA;108443;1;2020-05-26;179
2020-05-25;"Žilinský kraj";0;0;0;0;NA;108443;0;2020-05-25;178
2020-05-24;"Žilinský kraj";0;0;0;0;NA;108443;0;2020-05-24;178
2020-05-23;"Žilinský kraj";0;0;0;0;NA;108443;0;2020-05-23;178
2020-05-22;"Žilinský kraj";0;0;0;0;NA;108443;0;2020-05-22;178
2020-05-21;"Žilinský kraj";0;0;0;0;NA;108443;0;2020-05-21;178
2020-05-20;"Žilinský kraj";0;0;0;0;NA;108443;0;2020-05-20;178
2020-05-19;"Žilinský kraj";1;0;0;0;NA;108443;1;2020-05-19;178
2020-05-17;"Žilinský kraj";0;0;0;0;NA;108443;0;2020-05-17;177
2020-05-16;"Žilinský kraj";0;0;0;0;NA;108443;0;2020-05-16;177
2020-05-15;"Žilinský kraj";0;0;0;0;NA;108443;0;2020-05-15;177
2020-05-14;"Žilinský kraj";0;0;0;0;NA;108443;0;2020-05-14;177
2020-05-13;"Žilinský kraj";0;0;0;0;NA;108443;0;2020-05-13;177
2020-05-12;"Žilinský kraj";0;0;0;0;NA;108443;0;2020-05-12;177
2020-05-11;"Žilinský kraj";0;0;0;0;NA;108443;0;2020-05-11;177
2020-05-09;"Žilinský kraj";0;0;0;0;NA;108443;0;2020-05-09;177
2020-05-07;"Žilinský kraj";0;0;0;0;NA;108443;0;2020-05-07;177
2020-05-06;"Žilinský kraj";2;0;0;0;NA;108443;2;2020-05-06;177
2020-05-05;"Žilinský kraj";3;0;0;0;NA;108443;3;2020-05-05;175
2020-05-04;"Žilinský kraj";3;0;0;0;NA;108443;3;2020-05-04;172
2020-05-03;"Žilinský kraj";1;0;0;0;NA;108443;1;2020-05-03;169
2020-05-02;"Žilinský kraj";0;0;0;0;NA;108443;0;2020-05-02;168
2020-05-01;"Žilinský kraj";1;0;0;0;NA;108443;1;2020-05-01;168
2020-04-30;"Žilinský kraj";0;0;0;0;NA;108443;0;2020-04-30;167
2020-04-29;"Žilinský kraj";0;0;0;0;NA;108443;0;2020-04-29;167
2020-04-28;"Žilinský kraj";0;0;0;0;NA;108443;0;2020-04-28;167
2020-04-27;"Žilinský kraj";0;0;0;0;NA;108443;0;2020-04-27;167
2020-04-26;"Žilinský kraj";0;0;0;0;NA;108443;0;2020-04-26;167
2020-04-25;"Žilinský kraj";2;0;0;0;NA;108443;2;2020-04-25;167
2020-04-24;"Žilinský kraj";1;0;0;0;NA;108443;1;2020-04-24;165
2020-04-23;"Žilinský kraj";2;0;0;0;NA;108443;2;2020-04-23;164
2020-04-22;"Žilinský kraj";9;0;0;0;NA;108443;9;2020-04-22;162
2020-04-21;"Žilinský kraj";1;0;0;0;NA;108443;1;2020-04-21;153
2020-04-20;"Žilinský kraj";4;0;0;0;NA;108443;4;2020-04-20;152
2020-04-19;"Žilinský kraj";0;0;0;0;NA;108443;0;2020-04-19;148
2020-04-18;"Žilinský kraj";49;0;0;0;NA;108443;49;2020-04-18;148
2020-04-17;"Žilinský kraj";3;0;0;0;NA;108443;3;2020-04-17;99
2020-04-16;"Žilinský kraj";4;0;0;0;NA;108443;4;2020-04-16;96
2020-04-15;"Žilinský kraj";7;0;0;0;NA;108443;7;2020-04-15;92
2020-04-14;"Žilinský kraj";1;0;0;0;NA;108443;1;2020-04-14;85
2020-04-13;"Žilinský kraj";2;0;0;0;NA;108443;2;2020-04-13;84
2020-04-12;"Žilinský kraj";5;0;0;0;NA;108443;5;2020-04-12;82
2020-04-11;"Žilinský kraj";2;0;0;0;NA;108443;2;2020-04-11;77
2020-04-10;"Žilinský kraj";1;0;0;0;NA;108443;1;2020-04-10;75
2020-04-09;"Žilinský kraj";1;0;0;0;NA;108443;1;2020-04-09;74
2020-04-08;"Žilinský kraj";3;0;0;0;NA;108443;3;2020-04-08;73
2020-04-07;"Žilinský kraj";5;0;0;0;NA;108443;5;2020-04-07;70
2020-04-06;"Žilinský kraj";6;0;0;0;NA;108443;6;2020-04-06;65
2020-04-05;"Žilinský kraj";8;0;0;0;NA;108443;8;2020-04-05;59
2020-04-04;"Žilinský kraj";0;0;0;0;NA;108443;0;2020-04-04;51
2020-04-03;"Žilinský kraj";3;0;0;0;NA;108443;3;2020-04-03;51
2020-04-02;"Žilinský kraj";5;0;0;0;NA;108443;5;2020-04-02;48
2020-04-01;"Žilinský kraj";4;0;0;0;NA;108443;4;2020-04-01;43
2020-03-31;"Žilinský kraj";1;0;0;0;NA;108443;1;2020-03-31;39
2020-03-30;"Žilinský kraj";3;0;0;0;NA;108443;3;2020-03-30;38
2020-03-29;"Žilinský kraj";0;0;0;0;NA;108443;0;2020-03-29;35
2020-03-28;"Žilinský kraj";1;0;0;0;NA;108443;1;2020-03-28;35
2020-03-27;"Žilinský kraj";9;0;0;0;NA;108443;9;2020-03-27;34
2020-03-26;"Žilinský kraj";4;0;0;0;NA;108443;4;2020-03-26;25
2020-03-25;"Žilinský kraj";1;0;0;0;NA;108443;1;2020-03-25;21
2020-03-24;"Žilinský kraj";2;0;0;0;NA;108443;2;2020-03-24;20
2020-03-23;"Žilinský kraj";3;0;0;0;NA;108443;3;2020-03-23;18
2020-03-22;"Žilinský kraj";1;0;0;0;NA;108443;1;2020-03-22;15
2020-03-21;"Žilinský kraj";2;0;0;0;NA;108443;2;2020-03-21;14
2020-03-20;"Žilinský kraj";4;0;0;0;NA;108443;4;2020-03-20;12
2020-03-19;"Žilinský kraj";2;0;0;0;NA;108443;2;2020-03-19;8
2020-03-18;"Žilinský kraj";1;0;0;0;NA;108443;1;2020-03-18;6
2020-03-17;"Žilinský kraj";5;0;0;0;NA;108443;5;2020-03-17;5
2020-03-16;"Žilinský kraj";1;0;0;0;NA;108443;1;2020-03-16;0
2020-03-15;"Žilinský kraj";2;0;0;0;NA;108443;2;2020-03-15;-1
2020-03-14;"Žilinský kraj";1;0;0;0;NA;108443;1;2020-03-14;-3
2020-03-13;"Žilinský kraj";5;0;0;0;NA;108443;5;2020-03-13;-4
2020-03-12;"Žilinský kraj";1;0;0;0;NA;108443;1;2020-03-12;-9
2020-03-11;"Žilinský kraj";0;0;0;0;NA;108443;0;2020-03-11;-10
2020-03-09;"Žilinský kraj";1;0;0;0;NA;108443;1;2020-03-09;-10
2020-03-08;"Žilinský kraj";0;0;0;0;NA;108443;0;2020-03-08;-11
2020-03-07;"Žilinský kraj";0;0;0;0;NA;108443;0;2020-03-07;-11
2020-03-06;"Žilinský kraj";0;0;0;0;NA;108443;0;2020-03-06;-11
