"Datum";"Region";"PCR_Pos";"Ag_Neg";"Ag_Pos";"Total";"Pocet.potvrdenych";"Potvrdenych";"newcases";"date";"positive"
2021-07-25;"Banskobystrický kraj";0;284;1;285;38124;83947;1;2021-07-25;83947
2021-07-24;"Banskobystrický kraj";2;279;0;279;NA;83947;2;2021-07-24;83946
2021-07-23;"Banskobystrický kraj";7;781;0;781;NA;83947;7;2021-07-23;83944
2021-07-22;"Banskobystrický kraj";5;714;3;717;NA;83947;8;2021-07-22;83937
2021-07-21;"Banskobystrický kraj";2;500;0;500;NA;83947;2;2021-07-21;83929
2021-07-20;"Banskobystrický kraj";6;648;2;650;NA;83947;8;2021-07-20;83927
2021-07-19;"Banskobystrický kraj";1;794;3;797;NA;83947;4;2021-07-19;83919
2021-07-18;"Banskobystrický kraj";0;344;1;345;NA;83947;1;2021-07-18;83915
2021-07-17;"Banskobystrický kraj";1;301;0;301;NA;83947;1;2021-07-17;83914
2021-07-16;"Banskobystrický kraj";3;893;1;894;NA;83947;4;2021-07-16;83913
2021-07-15;"Banskobystrický kraj";1;1015;0;1015;NA;83947;1;2021-07-15;83909
2021-07-14;"Banskobystrický kraj";3;694;0;694;NA;83947;3;2021-07-14;83908
2021-07-13;"Banskobystrický kraj";2;688;0;688;NA;83947;2;2021-07-13;83905
2021-07-12;"Banskobystrický kraj";1;983;0;983;NA;83947;1;2021-07-12;83903
2021-07-11;"Banskobystrický kraj";0;409;0;409;NA;83947;0;2021-07-11;83902
2021-07-10;"Banskobystrický kraj";2;368;0;368;NA;83947;2;2021-07-10;83902
2021-07-09;"Banskobystrický kraj";3;1126;0;1126;NA;83947;3;2021-07-09;83900
2021-07-08;"Banskobystrický kraj";0;1083;1;1084;NA;83947;1;2021-07-08;83897
2021-07-07;"Banskobystrický kraj";1;738;0;738;NA;83947;1;2021-07-07;83896
2021-07-06;"Banskobystrický kraj";6;1365;0;1365;NA;83947;6;2021-07-06;83895
2021-07-05;"Banskobystrický kraj";2;392;1;393;NA;83947;3;2021-07-05;83889
2021-07-04;"Banskobystrický kraj";0;318;0;318;NA;83947;0;2021-07-04;83886
2021-07-03;"Banskobystrický kraj";1;413;1;414;NA;83947;2;2021-07-03;83886
2021-07-02;"Banskobystrický kraj";3;987;0;987;NA;83947;3;2021-07-02;83884
2021-07-01;"Banskobystrický kraj";0;705;1;706;NA;83947;1;2021-07-01;83881
2021-06-30;"Banskobystrický kraj";3;7444;1;7445;NA;83947;4;2021-06-30;83880
2021-06-29;"Banskobystrický kraj";2;4642;1;4643;NA;83947;3;2021-06-29;83876
2021-06-28;"Banskobystrický kraj";3;5695;1;5696;NA;83947;4;2021-06-28;83873
2021-06-27;"Banskobystrický kraj";0;4369;5;4374;NA;83947;5;2021-06-27;83869
2021-06-26;"Banskobystrický kraj";0;4289;4;4293;NA;83947;4;2021-06-26;83864
2021-06-25;"Banskobystrický kraj";2;6717;2;6719;NA;83947;4;2021-06-25;83860
2021-06-24;"Banskobystrický kraj";6;4575;2;4577;NA;83947;8;2021-06-24;83856
2021-06-23;"Banskobystrický kraj";4;4947;0;4947;NA;83947;4;2021-06-23;83848
2021-06-22;"Banskobystrický kraj";7;4527;0;4527;NA;83947;7;2021-06-22;83844
2021-06-21;"Banskobystrický kraj";6;5835;8;5843;NA;83947;14;2021-06-21;83837
2021-06-20;"Banskobystrický kraj";0;5055;7;5062;NA;83947;7;2021-06-20;83823
2021-06-19;"Banskobystrický kraj";0;5639;4;5643;NA;83947;4;2021-06-19;83816
2021-06-18;"Banskobystrický kraj";4;7642;1;7643;NA;83947;5;2021-06-18;83812
2021-06-17;"Banskobystrický kraj";2;5245;3;5248;NA;83947;5;2021-06-17;83807
2021-06-16;"Banskobystrický kraj";10;5951;5;5956;NA;83947;15;2021-06-16;83802
2021-06-15;"Banskobystrický kraj";9;5576;6;5582;NA;83947;15;2021-06-15;83787
2021-06-14;"Banskobystrický kraj";8;6922;7;6929;NA;83947;15;2021-06-14;83772
2021-06-13;"Banskobystrický kraj";0;6405;7;6412;NA;83947;7;2021-06-13;83757
2021-06-12;"Banskobystrický kraj";3;6338;6;6344;NA;83947;9;2021-06-12;83750
2021-06-11;"Banskobystrický kraj";5;9693;15;9708;NA;83947;20;2021-06-11;83741
2021-06-10;"Banskobystrický kraj";10;5726;8;5734;NA;83947;18;2021-06-10;83721
2021-06-09;"Banskobystrický kraj";9;5720;4;5724;NA;83947;13;2021-06-09;83703
2021-06-08;"Banskobystrický kraj";15;5645;10;5655;NA;83947;25;2021-06-08;83690
2021-06-07;"Banskobystrický kraj";4;7582;21;7603;NA;83947;25;2021-06-07;83665
2021-06-06;"Banskobystrický kraj";1;7497;12;7509;NA;83947;13;2021-06-06;83640
2021-06-05;"Banskobystrický kraj";15;7531;9;7540;NA;83947;24;2021-06-05;83627
2021-06-04;"Banskobystrický kraj";2;9297;14;9311;NA;83947;16;2021-06-04;83603
2021-06-03;"Banskobystrický kraj";8;6497;24;6521;NA;83947;32;2021-06-03;83587
2021-06-02;"Banskobystrický kraj";7;6837;6;6843;NA;83947;13;2021-06-02;83555
2021-06-01;"Banskobystrický kraj";12;7145;14;7159;NA;83947;26;2021-06-01;83542
2021-05-31;"Banskobystrický kraj";4;9546;31;9577;NA;83947;35;2021-05-31;83516
2021-05-30;"Banskobystrický kraj";3;8959;19;8978;NA;83947;22;2021-05-30;83481
2021-05-29;"Banskobystrický kraj";11;9763;18;9781;NA;83947;29;2021-05-29;83459
2021-05-28;"Banskobystrický kraj";13;11905;27;11932;NA;83947;40;2021-05-28;83430
2021-05-27;"Banskobystrický kraj";7;8760;12;8772;NA;83947;19;2021-05-27;83390
2021-05-26;"Banskobystrický kraj";18;7905;17;7922;NA;83947;35;2021-05-26;83371
2021-05-25;"Banskobystrický kraj";27;8949;30;8979;NA;83947;57;2021-05-25;83336
2021-05-24;"Banskobystrický kraj";9;12469;44;12513;NA;83947;53;2021-05-24;83279
2021-05-23;"Banskobystrický kraj";0;9798;27;9825;NA;83947;27;2021-05-23;83226
2021-05-22;"Banskobystrický kraj";20;9608;26;9634;NA;83947;46;2021-05-22;83199
2021-05-21;"Banskobystrický kraj";22;12796;25;12821;NA;83947;47;2021-05-21;83153
2021-05-20;"Banskobystrický kraj";14;8971;25;8996;NA;83947;39;2021-05-20;83106
2021-05-19;"Banskobystrický kraj";42;8608;21;8629;NA;83947;63;2021-05-19;83067
2021-05-18;"Banskobystrický kraj";27;9435;25;9460;NA;83947;52;2021-05-18;83004
2021-05-17;"Banskobystrický kraj";11;13399;33;13432;NA;83947;44;2021-05-17;82952
2021-05-16;"Banskobystrický kraj";15;14072;26;14098;NA;83947;41;2021-05-16;82908
2021-05-15;"Banskobystrický kraj";11;15356;29;15385;NA;83947;40;2021-05-15;82867
2021-05-14;"Banskobystrický kraj";35;18939;45;18984;NA;83947;80;2021-05-14;82827
2021-05-13;"Banskobystrický kraj";37;10605;40;10645;NA;83947;77;2021-05-13;82747
2021-05-12;"Banskobystrický kraj";31;10839;45;10884;NA;83947;76;2021-05-12;82670
2021-05-11;"Banskobystrický kraj";42;11325;48;11373;NA;83947;90;2021-05-11;82594
2021-05-10;"Banskobystrický kraj";28;17621;68;17689;NA;83947;96;2021-05-10;82504
2021-05-09;"Banskobystrický kraj";25;21902;68;21970;NA;83947;93;2021-05-09;82408
2021-05-08;"Banskobystrický kraj";11;14285;26;14311;NA;83947;37;2021-05-08;82315
2021-05-07;"Banskobystrický kraj";41;21806;78;21884;NA;83947;119;2021-05-07;82278
2021-05-06;"Banskobystrický kraj";36;12251;70;12321;NA;83947;106;2021-05-06;82159
2021-05-05;"Banskobystrický kraj";34;12592;63;12655;NA;83947;97;2021-05-05;82053
2021-05-04;"Banskobystrický kraj";83;13888;47;13935;NA;83947;130;2021-05-04;81956
2021-05-03;"Banskobystrický kraj";30;20872;80;20952;NA;83947;110;2021-05-03;81826
2021-05-02;"Banskobystrický kraj";6;33040;60;33100;NA;83947;66;2021-05-02;81716
2021-05-01;"Banskobystrický kraj";54;36900;67;36967;NA;83947;121;2021-05-01;81650
2021-04-30;"Banskobystrický kraj";38;34957;86;35043;NA;83947;124;2021-04-30;81529
2021-04-29;"Banskobystrický kraj";55;16839;68;16907;NA;83947;123;2021-04-29;81405
2021-04-28;"Banskobystrický kraj";66;17959;67;18026;NA;83947;133;2021-04-28;81282
2021-04-27;"Banskobystrický kraj";70;19152;73;19225;NA;83947;143;2021-04-27;81149
2021-04-26;"Banskobystrický kraj";34;28514;101;28615;NA;83947;135;2021-04-26;81006
2021-04-25;"Banskobystrický kraj";14;40601;106;40707;NA;83947;120;2021-04-25;80871
2021-04-24;"Banskobystrický kraj";40;51943;98;52041;NA;83947;138;2021-04-24;80751
2021-04-23;"Banskobystrický kraj";78;37920;88;38008;NA;83947;166;2021-04-23;80613
2021-04-22;"Banskobystrický kraj";51;17412;57;17469;NA;83947;108;2021-04-22;80447
2021-04-21;"Banskobystrický kraj";76;19204;94;19298;NA;83947;170;2021-04-21;80339
2021-04-20;"Banskobystrický kraj";116;21233;98;21331;NA;83947;214;2021-04-20;80169
2021-04-19;"Banskobystrický kraj";48;31407;105;31512;NA;83947;153;2021-04-19;79955
2021-04-18;"Banskobystrický kraj";16;43376;90;43466;NA;83947;106;2021-04-18;79802
2021-04-17;"Banskobystrický kraj";42;64939;92;65031;NA;83947;134;2021-04-17;79696
2021-04-16;"Banskobystrický kraj";72;37307;100;37407;NA;83947;172;2021-04-16;79562
2021-04-15;"Banskobystrický kraj";67;20117;83;20200;NA;83947;150;2021-04-15;79390
2021-04-14;"Banskobystrický kraj";69;21257;86;21343;NA;83947;155;2021-04-14;79240
2021-04-13;"Banskobystrický kraj";130;23076;77;23153;NA;83947;207;2021-04-13;79085
2021-04-12;"Banskobystrický kraj";60;32272;130;32402;NA;83947;190;2021-04-12;78878
2021-04-11;"Banskobystrický kraj";0;41367;88;41455;NA;83947;88;2021-04-11;78688
2021-04-10;"Banskobystrický kraj";56;64728;141;64869;NA;83947;197;2021-04-10;78600
2021-04-09;"Banskobystrický kraj";106;31570;118;31688;NA;83947;224;2021-04-09;78403
2021-04-08;"Banskobystrický kraj";132;18989;148;19137;NA;83947;280;2021-04-08;78179
2021-04-07;"Banskobystrický kraj";226;25117;94;25211;NA;83947;320;2021-04-07;77899
2021-04-06;"Banskobystrický kraj";93;42487;187;42674;NA;83947;280;2021-04-06;77579
2021-04-05;"Banskobystrický kraj";15;11797;87;11884;NA;83947;102;2021-04-05;77299
2021-04-04;"Banskobystrický kraj";24;19683;79;19762;NA;83947;103;2021-04-04;77197
2021-04-03;"Banskobystrický kraj";5;72553;211;72764;NA;83947;216;2021-04-03;77094
2021-04-02;"Banskobystrický kraj";71;13455;66;13521;NA;83947;137;2021-04-02;76878
2021-04-01;"Banskobystrický kraj";171;39406;200;39606;NA;83947;371;2021-04-01;76741
2021-03-31;"Banskobystrický kraj";147;25543;161;25704;NA;83947;308;2021-03-31;76370
2021-03-30;"Banskobystrický kraj";167;21439;159;21598;NA;83947;326;2021-03-30;76062
2021-03-29;"Banskobystrický kraj";119;29491;218;29709;NA;83947;337;2021-03-29;75736
2021-03-28;"Banskobystrický kraj";25;40610;189;40799;NA;83947;214;2021-03-28;75399
2021-03-27;"Banskobystrický kraj";85;63414;260;63674;NA;83947;345;2021-03-27;75185
2021-03-26;"Banskobystrický kraj";122;43661;240;43901;NA;83947;362;2021-03-26;74840
2021-03-25;"Banskobystrický kraj";120;21589;240;21829;NA;83947;360;2021-03-25;74478
2021-03-24;"Banskobystrický kraj";200;19336;227;19563;NA;83947;427;2021-03-24;74118
2021-03-23;"Banskobystrický kraj";241;21539;257;21796;NA;83947;498;2021-03-23;73691
2021-03-22;"Banskobystrický kraj";65;30480;274;30754;NA;83947;339;2021-03-22;73193
2021-03-21;"Banskobystrický kraj";31;40039;280;40319;NA;83947;311;2021-03-21;72854
2021-03-20;"Banskobystrický kraj";119;67926;383;68309;NA;83947;502;2021-03-20;72543
2021-03-19;"Banskobystrický kraj";240;44038;307;44345;NA;83947;547;2021-03-19;72041
2021-03-18;"Banskobystrický kraj";160;22467;273;22740;NA;83947;433;2021-03-18;71494
2021-03-17;"Banskobystrický kraj";262;21573;245;21818;NA;83947;507;2021-03-17;71061
2021-03-16;"Banskobystrický kraj";340;23349;224;23573;NA;83947;564;2021-03-16;70554
2021-03-15;"Banskobystrický kraj";95;32306;366;32672;NA;83947;461;2021-03-15;69990
2021-03-14;"Banskobystrický kraj";39;39212;218;39430;NA;83947;257;2021-03-14;69529
2021-03-13;"Banskobystrický kraj";209;67463;395;67858;NA;83947;604;2021-03-13;69272
2021-03-12;"Banskobystrický kraj";206;41443;330;41773;NA;83947;536;2021-03-12;68668
2021-03-11;"Banskobystrický kraj";228;21337;274;21611;NA;83947;502;2021-03-11;68132
2021-03-10;"Banskobystrický kraj";260;20399;238;20637;NA;83947;498;2021-03-10;67630
2021-03-09;"Banskobystrický kraj";352;21790;284;22074;NA;83947;636;2021-03-09;67132
2021-03-08;"Banskobystrický kraj";191;31490;427;31917;NA;83947;618;2021-03-08;66496
2021-03-07;"Banskobystrický kraj";60;39191;295;39486;NA;83947;355;2021-03-07;65878
2021-03-06;"Banskobystrický kraj";164;70895;410;71305;NA;83947;574;2021-03-06;65523
2021-03-05;"Banskobystrický kraj";221;42336;389;42725;NA;83947;610;2021-03-05;64949
2021-03-04;"Banskobystrický kraj";226;22007;334;22341;NA;83947;560;2021-03-04;64339
2021-03-03;"Banskobystrický kraj";317;21949;331;22280;NA;83947;648;2021-03-03;63779
2021-03-02;"Banskobystrický kraj";291;23160;354;23514;NA;83947;645;2021-03-02;63131
2021-03-01;"Banskobystrický kraj";151;31773;434;32207;NA;83947;585;2021-03-01;62486
2021-02-28;"Banskobystrický kraj";45;38663;336;38999;NA;83947;381;2021-02-28;61901
2021-02-27;"Banskobystrický kraj";289;66667;529;67196;NA;83947;818;2021-02-27;61520
2021-02-26;"Banskobystrický kraj";326;39670;468;40138;NA;83947;794;2021-02-26;60702
2021-02-25;"Banskobystrický kraj";375;18081;366;18447;NA;83947;741;2021-02-25;59908
2021-02-24;"Banskobystrický kraj";332;16735;373;17108;NA;83947;705;2021-02-24;59167
2021-02-23;"Banskobystrický kraj";462;19932;439;20371;NA;83947;901;2021-02-23;58462
2021-02-22;"Banskobystrický kraj";67;28643;598;29241;NA;83947;665;2021-02-22;57561
2021-02-21;"Banskobystrický kraj";68;37619;444;38063;NA;83947;512;2021-02-21;56896
2021-02-20;"Banskobystrický kraj";280;68851;598;69449;NA;83947;878;2021-02-20;56384
2021-02-19;"Banskobystrický kraj";420;39888;511;40399;NA;83947;931;2021-02-19;55506
2021-02-18;"Banskobystrický kraj";241;18618;396;19014;NA;83947;637;2021-02-18;54575
2021-02-17;"Banskobystrický kraj";415;16740;389;17129;NA;83947;804;2021-02-17;53938
2021-02-16;"Banskobystrický kraj";338;19731;368;20099;NA;83947;706;2021-02-16;53134
2021-02-15;"Banskobystrický kraj";118;35835;591;36426;NA;83947;709;2021-02-15;52428
2021-02-14;"Banskobystrický kraj";60;31894;386;32280;NA;83947;446;2021-02-14;51719
2021-02-13;"Banskobystrický kraj";202;53889;492;54381;NA;83947;694;2021-02-13;51273
2021-02-12;"Banskobystrický kraj";312;37270;533;37803;NA;83947;845;2021-02-12;50579
2021-02-11;"Banskobystrický kraj";305;21200;386;21586;NA;83947;691;2021-02-11;49734
2021-02-10;"Banskobystrický kraj";333;14790;344;15134;NA;83947;677;2021-02-10;49043
2021-02-09;"Banskobystrický kraj";329;18504;362;18866;NA;83947;691;2021-02-09;48366
2021-02-08;"Banskobystrický kraj";103;49716;695;50411;NA;83947;798;2021-02-08;47675
2021-02-07;"Banskobystrický kraj";70;37659;335;37994;NA;83947;405;2021-02-07;46877
2021-02-06;"Banskobystrický kraj";178;69388;570;69958;NA;83947;748;2021-02-06;46472
2021-02-05;"Banskobystrický kraj";282;24577;363;24940;NA;83947;645;2021-02-05;45724
2021-02-04;"Banskobystrický kraj";240;14367;430;14797;NA;83947;670;2021-02-04;45079
2021-02-03;"Banskobystrický kraj";350;9459;255;9714;NA;83947;605;2021-02-03;44409
2021-02-02;"Banskobystrický kraj";277;15741;334;16075;NA;83947;611;2021-02-02;43804
2021-02-01;"Banskobystrický kraj";75;24346;489;24835;NA;83947;564;2021-02-01;43193
2021-01-31;"Banskobystrický kraj";34;19983;201;20184;NA;83947;235;2021-01-31;42629
2021-01-30;"Banskobystrický kraj";163;63896;525;64421;NA;83947;688;2021-01-30;42394
2021-01-29;"Banskobystrický kraj";196;17368;274;17642;NA;83947;470;2021-01-29;41706
2021-01-28;"Banskobystrický kraj";218;15613;382;15995;NA;83947;600;2021-01-28;41236
2021-01-27;"Banskobystrický kraj";191;8132;200;8332;NA;83947;391;2021-01-27;40636
2021-01-26;"Banskobystrický kraj";238;19795;283;20078;NA;83947;521;2021-01-26;40245
2021-01-25;"Banskobystrický kraj";82;33666;412;34078;NA;83947;494;2021-01-25;39724
2021-01-24;"Banskobystrický kraj";38;35587;278;35865;NA;83947;316;2021-01-24;39230
2021-01-23;"Banskobystrický kraj";142;89058;523;89581;NA;83947;665;2021-01-23;38914
2021-01-22;"Banskobystrický kraj";175;25887;355;26242;NA;83947;530;2021-01-22;38249
2021-01-21;"Banskobystrický kraj";194;17063;279;17342;NA;83947;473;2021-01-21;37719
2021-01-20;"Banskobystrický kraj";231;9142;186;9328;NA;83947;417;2021-01-20;37246
2021-01-19;"Banskobystrický kraj";213;10708;311;11019;NA;83947;524;2021-01-19;36829
2021-01-18;"Banskobystrický kraj";94;7402;401;7803;NA;83947;495;2021-01-18;36305
2021-01-17;"Banskobystrický kraj";110;8154;77;8231;NA;83947;187;2021-01-17;35810
2021-01-16;"Banskobystrický kraj";58;2274;57;2331;NA;83947;115;2021-01-16;35623
2021-01-15;"Banskobystrický kraj";164;7673;217;7890;NA;83947;381;2021-01-15;35508
2021-01-14;"Banskobystrický kraj";220;5760;325;6085;NA;83947;545;2021-01-14;35127
2021-01-13;"Banskobystrický kraj";235;5974;217;6191;NA;83947;452;2021-01-13;34582
2021-01-12;"Banskobystrický kraj";194;6600;290;6890;NA;83947;484;2021-01-12;34130
2021-01-11;"Banskobystrický kraj";76;8231;481;8712;NA;83947;557;2021-01-11;33646
2021-01-10;"Banskobystrický kraj";110;433;4;437;NA;83947;114;2021-01-10;33089
2021-01-09;"Banskobystrický kraj";297;2378;81;2459;NA;83947;378;2021-01-09;32975
2021-01-08;"Banskobystrický kraj";435;9807;443;10250;NA;83947;878;2021-01-08;32597
2021-01-07;"Banskobystrický kraj";127;6322;366;6688;NA;83947;493;2021-01-07;31719
2021-01-06;"Banskobystrický kraj";305;3374;185;3559;NA;83947;490;2021-01-06;31226
2021-01-05;"Banskobystrický kraj";372;7349;533;7882;NA;83947;905;2021-01-05;30736
2021-01-04;"Banskobystrický kraj";130;7083;700;7783;NA;83947;830;2021-01-04;29831
2021-01-03;"Banskobystrický kraj";199;320;19;339;NA;83947;218;2021-01-03;29001
2021-01-02;"Banskobystrický kraj";123;702;85;787;NA;83947;208;2021-01-02;28783
2021-01-01;"Banskobystrický kraj";220;1958;132;2090;NA;83947;352;2021-01-01;28575
2020-12-31;"Banskobystrický kraj";499;7679;633;8312;NA;83947;1132;2020-12-31;28223
2020-12-30;"Banskobystrický kraj";593;7392;541;7933;NA;83947;1134;2020-12-30;27091
2020-12-29;"Banskobystrický kraj";240;7876;660;8536;NA;83947;900;2020-12-29;25957
2020-12-28;"Banskobystrický kraj";131;6120;720;6840;NA;83947;851;2020-12-28;25057
2020-12-27;"Banskobystrický kraj";116;541;25;566;NA;83947;141;2020-12-27;24206
2020-12-26;"Banskobystrický kraj";61;295;35;330;NA;83947;96;2020-12-26;24065
2020-12-25;"Banskobystrický kraj";65;888;10;898;NA;83947;75;2020-12-25;23969
2020-12-24;"Banskobystrický kraj";452;3685;135;3820;NA;83947;587;2020-12-24;23894
2020-12-23;"Banskobystrický kraj";368;10126;502;10628;NA;83947;870;2020-12-23;23307
2020-12-22;"Banskobystrický kraj";307;8467;619;9086;NA;83947;926;2020-12-22;22437
2020-12-21;"Banskobystrický kraj";286;4922;455;5377;NA;83947;741;2020-12-21;21511
2020-12-20;"Banskobystrický kraj";155;249;14;263;NA;83947;169;2020-12-20;20770
2020-12-19;"Banskobystrický kraj";170;3084;138;3222;NA;83947;308;2020-12-19;20601
2020-12-18;"Banskobystrický kraj";432;5959;331;6290;NA;83947;763;2020-12-18;20293
2020-12-17;"Banskobystrický kraj";468;8755;653;9408;NA;83947;1121;2020-12-17;19530
2020-12-16;"Banskobystrický kraj";379;10184;567;10751;NA;83947;946;2020-12-16;18409
2020-12-15;"Banskobystrický kraj";336;5281;425;5706;NA;83947;761;2020-12-15;17463
2020-12-14;"Banskobystrický kraj";148;4012;259;4271;NA;83947;407;2020-12-14;16702
2020-12-13;"Banskobystrický kraj";122;142;1;143;NA;83947;123;2020-12-13;16295
2020-12-12;"Banskobystrický kraj";137;2714;138;2852;NA;83947;275;2020-12-12;16172
2020-12-11;"Banskobystrický kraj";468;6633;362;6995;NA;83947;830;2020-12-11;15897
2020-12-10;"Banskobystrický kraj";280;5501;369;5870;NA;83947;649;2020-12-10;15067
2020-12-09;"Banskobystrický kraj";323;3941;205;4146;NA;83947;528;2020-12-09;14418
2020-12-08;"Banskobystrický kraj";256;3782;272;4054;NA;83947;528;2020-12-08;13890
2020-12-07;"Banskobystrický kraj";175;2633;177;2810;NA;83947;352;2020-12-07;13362
2020-12-06;"Banskobystrický kraj";121;507;11;518;NA;83947;132;2020-12-06;13010
2020-12-05;"Banskobystrický kraj";109;1099;34;1133;NA;83947;143;2020-12-05;12878
2020-12-04;"Banskobystrický kraj";339;3828;174;4002;NA;83947;513;2020-12-04;12735
2020-12-03;"Banskobystrický kraj";240;3193;234;3427;NA;83947;474;2020-12-03;12222
2020-12-02;"Banskobystrický kraj";217;4442;186;4628;NA;83947;403;2020-12-02;11748
2020-12-01;"Banskobystrický kraj";215;2702;134;2836;NA;83947;349;2020-12-01;11345
2020-11-30;"Banskobystrický kraj";74;4559;257;4816;NA;83947;331;2020-11-30;10996
2020-11-29;"Banskobystrický kraj";19;208;7;215;NA;83947;26;2020-11-29;10665
2020-11-28;"Banskobystrický kraj";81;1408;55;1463;NA;83947;136;2020-11-28;10639
2020-11-27;"Banskobystrický kraj";219;2266;123;2389;NA;83947;342;2020-11-27;10503
2020-11-26;"Banskobystrický kraj";208;2124;93;2217;NA;83947;301;2020-11-26;10161
2020-11-25;"Banskobystrický kraj";170;1952;86;2038;NA;83947;256;2020-11-25;9860
2020-11-24;"Banskobystrický kraj";166;2566;69;2635;NA;83947;235;2020-11-24;9604
2020-11-23;"Banskobystrický kraj";66;10240;194;10434;NA;83947;260;2020-11-23;9369
2020-11-22;"Banskobystrický kraj";38;104;1;105;NA;83947;39;2020-11-22;9109
2020-11-21;"Banskobystrický kraj";52;904;14;918;NA;83947;66;2020-11-21;9070
2020-11-20;"Banskobystrický kraj";127;2005;107;2112;NA;83947;234;2020-11-20;9004
2020-11-19;"Banskobystrický kraj";170;1218;82;1300;NA;83947;252;2020-11-19;8770
2020-11-18;"Banskobystrický kraj";153;698;65;763;NA;83947;218;2020-11-18;8518
2020-11-17;"Banskobystrický kraj";52;578;35;613;NA;83947;87;2020-11-17;8300
2020-11-16;"Banskobystrický kraj";106;470;25;495;NA;83947;131;2020-11-16;8213
2020-11-15;"Banskobystrický kraj";52;301;4;305;NA;83947;56;2020-11-15;8082
2020-11-14;"Banskobystrický kraj";73;305;2;307;NA;83947;75;2020-11-14;8026
2020-11-13;"Banskobystrický kraj";157;552;11;563;NA;83947;168;2020-11-13;7951
2020-11-12;"Banskobystrický kraj";218;952;44;996;NA;83947;262;2020-11-12;7783
2020-11-11;"Banskobystrický kraj";224;437;9;446;NA;83947;233;2020-11-11;7521
2020-11-10;"Banskobystrický kraj";263;463;18;481;NA;83947;281;2020-11-10;7288
2020-11-09;"Banskobystrický kraj";80;2678;31;2709;NA;83947;111;2020-11-09;7007
2020-11-08;"Banskobystrický kraj";82;981;16;997;NA;83947;98;2020-11-08;6896
2020-11-07;"Banskobystrický kraj";164;8828;94;8922;NA;83947;258;2020-11-07;6798
2020-11-06;"Banskobystrický kraj";227;2496;16;2512;NA;83947;243;2020-11-06;6540
2020-11-05;"Banskobystrický kraj";240;290;33;323;NA;83947;273;2020-11-05;6297
2020-11-04;"Banskobystrický kraj";254;1366;13;1379;NA;83947;267;2020-11-04;6024
2020-11-03;"Banskobystrický kraj";246;1332;4;1336;NA;83947;250;2020-11-03;5757
2020-11-02;"Banskobystrický kraj";90;2909;65;2974;NA;83947;155;2020-11-02;5507
2020-11-01;"Banskobystrický kraj";101;2671;42;2713;NA;83947;143;2020-11-01;5352
2020-10-31;"Banskobystrický kraj";199;13516;116;13632;NA;83947;315;2020-10-31;5209
2020-10-30;"Banskobystrický kraj";254;2829;20;2849;NA;83947;274;2020-10-30;4894
2020-10-29;"Banskobystrický kraj";372;969;42;1011;NA;83947;414;2020-10-29;4620
2020-10-28;"Banskobystrický kraj";285;302;30;332;NA;83947;315;2020-10-28;4206
2020-10-27;"Banskobystrický kraj";266;654;40;694;NA;83947;306;2020-10-27;3891
2020-10-26;"Banskobystrický kraj";38;234;29;263;NA;83947;67;2020-10-26;3585
2020-10-25;"Banskobystrický kraj";50;140;11;151;NA;83947;61;2020-10-25;3518
2020-10-24;"Banskobystrický kraj";315;114;12;126;NA;83947;327;2020-10-24;3457
2020-10-23;"Banskobystrický kraj";231;230;29;259;NA;83947;260;2020-10-23;3130
2020-10-22;"Banskobystrický kraj";264;253;24;277;NA;83947;288;2020-10-22;2870
2020-10-21;"Banskobystrický kraj";209;266;3;269;NA;83947;212;2020-10-21;2582
2020-10-20;"Banskobystrický kraj";210;66;3;69;NA;83947;213;2020-10-20;2370
2020-10-19;"Banskobystrický kraj";27;73;12;85;NA;83947;39;2020-10-19;2157
2020-10-18;"Banskobystrický kraj";49;0;0;0;NA;83947;49;2020-10-18;2118
2020-10-17;"Banskobystrický kraj";91;0;0;0;NA;83947;91;2020-10-17;2069
2020-10-16;"Banskobystrický kraj";224;37;3;40;NA;83947;227;2020-10-16;1978
2020-10-15;"Banskobystrický kraj";133;29;1;30;NA;83947;134;2020-10-15;1751
2020-10-14;"Banskobystrický kraj";139;31;1;32;NA;83947;140;2020-10-14;1617
2020-10-13;"Banskobystrický kraj";151;169;11;180;NA;83947;162;2020-10-13;1477
2020-10-12;"Banskobystrický kraj";11;110;4;114;NA;83947;15;2020-10-12;1315
2020-10-11;"Banskobystrický kraj";14;0;0;0;NA;83947;14;2020-10-11;1300
2020-10-10;"Banskobystrický kraj";53;0;0;0;NA;83947;53;2020-10-10;1286
2020-10-09;"Banskobystrický kraj";128;0;0;0;NA;83947;128;2020-10-09;1233
2020-10-08;"Banskobystrický kraj";99;0;0;0;NA;83947;99;2020-10-08;1105
2020-10-07;"Banskobystrický kraj";124;0;0;0;NA;83947;124;2020-10-07;1006
2020-10-06;"Banskobystrický kraj";68;0;0;0;NA;83947;68;2020-10-06;882
2020-10-05;"Banskobystrický kraj";49;0;0;0;NA;83947;49;2020-10-05;814
2020-10-04;"Banskobystrický kraj";8;0;0;0;NA;83947;8;2020-10-04;765
2020-10-03;"Banskobystrický kraj";37;0;0;0;NA;83947;37;2020-10-03;757
2020-10-02;"Banskobystrický kraj";74;0;0;0;NA;83947;74;2020-10-02;720
2020-10-01;"Banskobystrický kraj";49;0;0;0;NA;83947;49;2020-10-01;646
2020-09-30;"Banskobystrický kraj";60;0;0;0;NA;83947;60;2020-09-30;597
2020-09-29;"Banskobystrický kraj";24;0;0;0;NA;83947;24;2020-09-29;537
2020-09-28;"Banskobystrický kraj";0;0;0;0;NA;83947;0;2020-09-28;513
2020-09-27;"Banskobystrický kraj";20;0;0;0;NA;83947;20;2020-09-27;513
2020-09-26;"Banskobystrický kraj";24;0;0;0;NA;83947;24;2020-09-26;493
2020-09-25;"Banskobystrický kraj";29;0;0;0;NA;83947;29;2020-09-25;469
2020-09-24;"Banskobystrický kraj";25;0;0;0;NA;83947;25;2020-09-24;440
2020-09-23;"Banskobystrický kraj";17;0;0;0;NA;83947;17;2020-09-23;415
2020-09-22;"Banskobystrický kraj";25;0;0;0;NA;83947;25;2020-09-22;398
2020-09-21;"Banskobystrický kraj";3;0;0;0;NA;83947;3;2020-09-21;373
2020-09-20;"Banskobystrický kraj";0;0;0;0;NA;83947;0;2020-09-20;370
2020-09-19;"Banskobystrický kraj";3;0;0;0;NA;83947;3;2020-09-19;370
2020-09-18;"Banskobystrický kraj";24;0;0;0;NA;83947;24;2020-09-18;367
2020-09-17;"Banskobystrický kraj";14;0;0;0;NA;83947;14;2020-09-17;343
2020-09-16;"Banskobystrický kraj";6;0;0;0;NA;83947;6;2020-09-16;329
2020-09-15;"Banskobystrický kraj";2;0;0;0;NA;83947;2;2020-09-15;323
2020-09-14;"Banskobystrický kraj";13;0;0;0;NA;83947;13;2020-09-14;321
2020-09-13;"Banskobystrický kraj";1;0;0;0;NA;83947;1;2020-09-13;308
2020-09-12;"Banskobystrický kraj";5;0;0;0;NA;83947;5;2020-09-12;307
2020-09-11;"Banskobystrický kraj";19;0;0;0;NA;83947;19;2020-09-11;302
2020-09-10;"Banskobystrický kraj";11;0;0;0;NA;83947;11;2020-09-10;283
2020-09-09;"Banskobystrický kraj";13;0;0;0;NA;83947;13;2020-09-09;272
2020-09-08;"Banskobystrický kraj";5;0;0;0;NA;83947;5;2020-09-08;259
2020-09-07;"Banskobystrický kraj";2;0;0;0;NA;83947;2;2020-09-07;254
2020-09-06;"Banskobystrický kraj";0;0;0;0;NA;83947;0;2020-09-06;252
2020-09-05;"Banskobystrický kraj";0;0;0;0;NA;83947;0;2020-09-05;252
2020-09-04;"Banskobystrický kraj";9;0;0;0;NA;83947;9;2020-09-04;252
2020-09-03;"Banskobystrický kraj";5;0;0;0;NA;83947;5;2020-09-03;243
2020-09-02;"Banskobystrický kraj";6;0;0;0;NA;83947;6;2020-09-02;238
2020-09-01;"Banskobystrický kraj";2;0;0;0;NA;83947;2;2020-09-01;232
2020-08-31;"Banskobystrický kraj";6;0;0;0;NA;83947;6;2020-08-31;230
2020-08-30;"Banskobystrický kraj";0;0;0;0;NA;83947;0;2020-08-30;224
2020-08-29;"Banskobystrický kraj";1;0;0;0;NA;83947;1;2020-08-29;224
2020-08-28;"Banskobystrický kraj";3;0;0;0;NA;83947;3;2020-08-28;223
2020-08-27;"Banskobystrický kraj";1;0;0;0;NA;83947;1;2020-08-27;220
2020-08-26;"Banskobystrický kraj";2;0;0;0;NA;83947;2;2020-08-26;219
2020-08-25;"Banskobystrický kraj";2;0;0;0;NA;83947;2;2020-08-25;217
2020-08-24;"Banskobystrický kraj";0;0;0;0;NA;83947;0;2020-08-24;215
2020-08-23;"Banskobystrický kraj";0;0;0;0;NA;83947;0;2020-08-23;215
2020-08-22;"Banskobystrický kraj";0;0;0;0;NA;83947;0;2020-08-22;215
2020-08-21;"Banskobystrický kraj";4;0;0;0;NA;83947;4;2020-08-21;215
2020-08-20;"Banskobystrický kraj";1;0;0;0;NA;83947;1;2020-08-20;211
2020-08-19;"Banskobystrický kraj";4;0;0;0;NA;83947;4;2020-08-19;210
2020-08-18;"Banskobystrický kraj";0;0;0;0;NA;83947;0;2020-08-18;206
2020-08-17;"Banskobystrický kraj";1;0;0;0;NA;83947;1;2020-08-17;206
2020-08-16;"Banskobystrický kraj";0;0;0;0;NA;83947;0;2020-08-16;205
2020-08-15;"Banskobystrický kraj";0;0;0;0;NA;83947;0;2020-08-15;205
2020-08-14;"Banskobystrický kraj";5;0;0;0;NA;83947;5;2020-08-14;205
2020-08-13;"Banskobystrický kraj";0;0;0;0;NA;83947;0;2020-08-13;200
2020-08-12;"Banskobystrický kraj";0;0;0;0;NA;83947;0;2020-08-12;200
2020-08-11;"Banskobystrický kraj";2;0;0;0;NA;83947;2;2020-08-11;200
2020-08-10;"Banskobystrický kraj";3;0;0;0;NA;83947;3;2020-08-10;198
2020-08-09;"Banskobystrický kraj";0;0;0;0;NA;83947;0;2020-08-09;195
2020-08-08;"Banskobystrický kraj";2;0;0;0;NA;83947;2;2020-08-08;195
2020-08-07;"Banskobystrický kraj";1;0;0;0;NA;83947;1;2020-08-07;193
2020-08-06;"Banskobystrický kraj";1;0;0;0;NA;83947;1;2020-08-06;192
2020-08-05;"Banskobystrický kraj";0;0;0;0;NA;83947;0;2020-08-05;191
2020-08-04;"Banskobystrický kraj";3;0;0;0;NA;83947;3;2020-08-04;191
2020-08-03;"Banskobystrický kraj";0;0;0;0;NA;83947;0;2020-08-03;188
2020-08-02;"Banskobystrický kraj";0;0;0;0;NA;83947;0;2020-08-02;188
2020-08-01;"Banskobystrický kraj";1;0;0;0;NA;83947;1;2020-08-01;188
2020-07-31;"Banskobystrický kraj";2;0;0;0;NA;83947;2;2020-07-31;187
2020-07-30;"Banskobystrický kraj";1;0;0;0;NA;83947;1;2020-07-30;185
2020-07-29;"Banskobystrický kraj";0;0;0;0;NA;83947;0;2020-07-29;184
2020-07-28;"Banskobystrický kraj";2;0;0;0;NA;83947;2;2020-07-28;184
2020-07-27;"Banskobystrický kraj";3;0;0;0;NA;83947;3;2020-07-27;182
2020-07-26;"Banskobystrický kraj";0;0;0;0;NA;83947;0;2020-07-26;179
2020-07-25;"Banskobystrický kraj";0;0;0;0;NA;83947;0;2020-07-25;179
2020-07-24;"Banskobystrický kraj";9;0;0;0;NA;83947;9;2020-07-24;179
2020-07-23;"Banskobystrický kraj";0;0;0;0;NA;83947;0;2020-07-23;170
2020-07-22;"Banskobystrický kraj";3;0;0;0;NA;83947;3;2020-07-22;170
2020-07-21;"Banskobystrický kraj";3;0;0;0;NA;83947;3;2020-07-21;167
2020-07-20;"Banskobystrický kraj";1;0;0;0;NA;83947;1;2020-07-20;164
2020-07-19;"Banskobystrický kraj";1;0;0;0;NA;83947;1;2020-07-19;163
2020-07-18;"Banskobystrický kraj";0;0;0;0;NA;83947;0;2020-07-18;162
2020-07-17;"Banskobystrický kraj";2;0;0;0;NA;83947;2;2020-07-17;162
2020-07-16;"Banskobystrický kraj";1;0;0;0;NA;83947;1;2020-07-16;160
2020-07-15;"Banskobystrický kraj";4;0;0;0;NA;83947;4;2020-07-15;159
2020-07-14;"Banskobystrický kraj";2;0;0;0;NA;83947;2;2020-07-14;155
2020-07-13;"Banskobystrický kraj";1;0;0;0;NA;83947;1;2020-07-13;153
2020-07-12;"Banskobystrický kraj";0;0;0;0;NA;83947;0;2020-07-12;152
2020-07-11;"Banskobystrický kraj";0;0;0;0;NA;83947;0;2020-07-11;152
2020-07-10;"Banskobystrický kraj";3;0;0;0;NA;83947;3;2020-07-10;152
2020-07-09;"Banskobystrický kraj";9;0;0;0;NA;83947;9;2020-07-09;149
2020-07-08;"Banskobystrický kraj";0;0;0;0;NA;83947;0;2020-07-08;140
2020-07-07;"Banskobystrický kraj";4;0;0;0;NA;83947;4;2020-07-07;140
2020-07-06;"Banskobystrický kraj";0;0;0;0;NA;83947;0;2020-07-06;136
2020-07-05;"Banskobystrický kraj";0;0;0;0;NA;83947;0;2020-07-05;136
2020-07-04;"Banskobystrický kraj";1;0;0;0;NA;83947;1;2020-07-04;136
2020-07-03;"Banskobystrický kraj";4;0;0;0;NA;83947;4;2020-07-03;135
2020-07-02;"Banskobystrický kraj";0;0;0;0;NA;83947;0;2020-07-02;131
2020-07-01;"Banskobystrický kraj";1;0;0;0;NA;83947;1;2020-07-01;131
2020-06-30;"Banskobystrický kraj";0;0;0;0;NA;83947;0;2020-06-30;130
2020-06-29;"Banskobystrický kraj";0;0;0;0;NA;83947;0;2020-06-29;130
2020-06-28;"Banskobystrický kraj";0;0;0;0;NA;83947;0;2020-06-28;130
2020-06-27;"Banskobystrický kraj";0;0;0;0;NA;83947;0;2020-06-27;130
2020-06-26;"Banskobystrický kraj";0;0;0;0;NA;83947;0;2020-06-26;130
2020-06-25;"Banskobystrický kraj";1;0;0;0;NA;83947;1;2020-06-25;130
2020-06-24;"Banskobystrický kraj";0;0;0;0;NA;83947;0;2020-06-24;129
2020-06-23;"Banskobystrický kraj";6;0;0;0;NA;83947;6;2020-06-23;129
2020-06-22;"Banskobystrický kraj";0;0;0;0;NA;83947;0;2020-06-22;123
2020-06-21;"Banskobystrický kraj";0;0;0;0;NA;83947;0;2020-06-21;123
2020-06-20;"Banskobystrický kraj";0;0;0;0;NA;83947;0;2020-06-20;123
2020-06-19;"Banskobystrický kraj";2;0;0;0;NA;83947;2;2020-06-19;123
2020-06-18;"Banskobystrický kraj";10;0;0;0;NA;83947;10;2020-06-18;121
2020-06-17;"Banskobystrický kraj";1;0;0;0;NA;83947;1;2020-06-17;111
2020-06-16;"Banskobystrický kraj";0;0;0;0;NA;83947;0;2020-06-16;110
2020-06-14;"Banskobystrický kraj";2;0;0;0;NA;83947;2;2020-06-14;110
2020-06-13;"Banskobystrický kraj";2;0;0;0;NA;83947;2;2020-06-13;108
2020-06-12;"Banskobystrický kraj";0;0;0;0;NA;83947;0;2020-06-12;106
2020-06-11;"Banskobystrický kraj";1;0;0;0;NA;83947;1;2020-06-11;106
2020-06-10;"Banskobystrický kraj";0;0;0;0;NA;83947;0;2020-06-10;105
2020-06-09;"Banskobystrický kraj";0;0;0;0;NA;83947;0;2020-06-09;105
2020-06-08;"Banskobystrický kraj";0;0;0;0;NA;83947;0;2020-06-08;105
2020-06-07;"Banskobystrický kraj";0;0;0;0;NA;83947;0;2020-06-07;105
2020-06-05;"Banskobystrický kraj";2;0;0;0;NA;83947;2;2020-06-05;105
2020-06-03;"Banskobystrický kraj";0;0;0;0;NA;83947;0;2020-06-03;103
2020-06-02;"Banskobystrický kraj";0;0;0;0;NA;83947;0;2020-06-02;103
2020-05-31;"Banskobystrický kraj";0;0;0;0;NA;83947;0;2020-05-31;103
2020-05-29;"Banskobystrický kraj";0;0;0;0;NA;83947;0;2020-05-29;103
2020-05-27;"Banskobystrický kraj";1;0;0;0;NA;83947;1;2020-05-27;103
2020-05-26;"Banskobystrický kraj";0;0;0;0;NA;83947;0;2020-05-26;102
2020-05-25;"Banskobystrický kraj";0;0;0;0;NA;83947;0;2020-05-25;102
2020-05-24;"Banskobystrický kraj";0;0;0;0;NA;83947;0;2020-05-24;102
2020-05-23;"Banskobystrický kraj";1;0;0;0;NA;83947;1;2020-05-23;102
2020-05-22;"Banskobystrický kraj";0;0;0;0;NA;83947;0;2020-05-22;101
2020-05-21;"Banskobystrický kraj";0;0;0;0;NA;83947;0;2020-05-21;101
2020-05-20;"Banskobystrický kraj";1;0;0;0;NA;83947;1;2020-05-20;101
2020-05-19;"Banskobystrický kraj";0;0;0;0;NA;83947;0;2020-05-19;100
2020-05-17;"Banskobystrický kraj";0;0;0;0;NA;83947;0;2020-05-17;100
2020-05-16;"Banskobystrický kraj";0;0;0;0;NA;83947;0;2020-05-16;100
2020-05-15;"Banskobystrický kraj";0;0;0;0;NA;83947;0;2020-05-15;100
2020-05-14;"Banskobystrický kraj";0;0;0;0;NA;83947;0;2020-05-14;100
2020-05-13;"Banskobystrický kraj";0;0;0;0;NA;83947;0;2020-05-13;100
2020-05-12;"Banskobystrický kraj";1;0;0;0;NA;83947;1;2020-05-12;100
2020-05-11;"Banskobystrický kraj";0;0;0;0;NA;83947;0;2020-05-11;99
2020-05-09;"Banskobystrický kraj";0;0;0;0;NA;83947;0;2020-05-09;99
2020-05-07;"Banskobystrický kraj";2;0;0;0;NA;83947;2;2020-05-07;99
2020-05-06;"Banskobystrický kraj";1;0;0;0;NA;83947;1;2020-05-06;97
2020-05-05;"Banskobystrický kraj";2;0;0;0;NA;83947;2;2020-05-05;96
2020-05-04;"Banskobystrický kraj";0;0;0;0;NA;83947;0;2020-05-04;94
2020-05-03;"Banskobystrický kraj";0;0;0;0;NA;83947;0;2020-05-03;94
2020-05-02;"Banskobystrický kraj";0;0;0;0;NA;83947;0;2020-05-02;94
2020-05-01;"Banskobystrický kraj";0;0;0;0;NA;83947;0;2020-05-01;94
2020-04-30;"Banskobystrický kraj";1;0;0;0;NA;83947;1;2020-04-30;94
2020-04-29;"Banskobystrický kraj";1;0;0;0;NA;83947;1;2020-04-29;93
2020-04-28;"Banskobystrický kraj";0;0;0;0;NA;83947;0;2020-04-28;92
2020-04-27;"Banskobystrický kraj";0;0;0;0;NA;83947;0;2020-04-27;92
2020-04-26;"Banskobystrický kraj";0;0;0;0;NA;83947;0;2020-04-26;92
2020-04-25;"Banskobystrický kraj";2;0;0;0;NA;83947;2;2020-04-25;92
2020-04-24;"Banskobystrický kraj";3;0;0;0;NA;83947;3;2020-04-24;90
2020-04-23;"Banskobystrický kraj";2;0;0;0;NA;83947;2;2020-04-23;87
2020-04-22;"Banskobystrický kraj";2;0;0;0;NA;83947;2;2020-04-22;85
2020-04-21;"Banskobystrický kraj";2;0;0;0;NA;83947;2;2020-04-21;83
2020-04-20;"Banskobystrický kraj";0;0;0;0;NA;83947;0;2020-04-20;81
2020-04-19;"Banskobystrický kraj";0;0;0;0;NA;83947;0;2020-04-19;81
2020-04-18;"Banskobystrický kraj";8;0;0;0;NA;83947;8;2020-04-18;81
2020-04-17;"Banskobystrický kraj";2;0;0;0;NA;83947;2;2020-04-17;73
2020-04-16;"Banskobystrický kraj";0;0;0;0;NA;83947;0;2020-04-16;71
2020-04-15;"Banskobystrický kraj";10;0;0;0;NA;83947;10;2020-04-15;71
2020-04-14;"Banskobystrický kraj";0;0;0;0;NA;83947;0;2020-04-14;61
2020-04-13;"Banskobystrický kraj";2;0;0;0;NA;83947;2;2020-04-13;61
2020-04-12;"Banskobystrický kraj";4;0;0;0;NA;83947;4;2020-04-12;59
2020-04-11;"Banskobystrický kraj";1;0;0;0;NA;83947;1;2020-04-11;55
2020-04-10;"Banskobystrický kraj";0;0;0;0;NA;83947;0;2020-04-10;54
2020-04-09;"Banskobystrický kraj";2;0;0;0;NA;83947;2;2020-04-09;54
2020-04-08;"Banskobystrický kraj";0;0;0;0;NA;83947;0;2020-04-08;52
2020-04-07;"Banskobystrický kraj";4;0;0;0;NA;83947;4;2020-04-07;52
2020-04-06;"Banskobystrický kraj";10;0;0;0;NA;83947;10;2020-04-06;48
2020-04-05;"Banskobystrický kraj";9;0;0;0;NA;83947;9;2020-04-05;38
2020-04-04;"Banskobystrický kraj";0;0;0;0;NA;83947;0;2020-04-04;29
2020-04-03;"Banskobystrický kraj";2;0;0;0;NA;83947;2;2020-04-03;29
2020-04-02;"Banskobystrický kraj";2;0;0;0;NA;83947;2;2020-04-02;27
2020-04-01;"Banskobystrický kraj";5;0;0;0;NA;83947;5;2020-04-01;25
2020-03-31;"Banskobystrický kraj";3;0;0;0;NA;83947;3;2020-03-31;20
2020-03-30;"Banskobystrický kraj";1;0;0;0;NA;83947;1;2020-03-30;17
2020-03-29;"Banskobystrický kraj";2;0;0;0;NA;83947;2;2020-03-29;16
2020-03-28;"Banskobystrický kraj";1;0;0;0;NA;83947;1;2020-03-28;14
2020-03-27;"Banskobystrický kraj";1;0;0;0;NA;83947;1;2020-03-27;13
2020-03-26;"Banskobystrický kraj";1;0;0;0;NA;83947;1;2020-03-26;12
2020-03-25;"Banskobystrický kraj";0;0;0;0;NA;83947;0;2020-03-25;11
2020-03-24;"Banskobystrický kraj";1;0;0;0;NA;83947;1;2020-03-24;11
2020-03-23;"Banskobystrický kraj";1;0;0;0;NA;83947;1;2020-03-23;10
2020-03-22;"Banskobystrický kraj";0;0;0;0;NA;83947;0;2020-03-22;9
2020-03-21;"Banskobystrický kraj";3;0;0;0;NA;83947;3;2020-03-21;9
2020-03-20;"Banskobystrický kraj";0;0;0;0;NA;83947;0;2020-03-20;6
2020-03-19;"Banskobystrický kraj";2;0;0;0;NA;83947;2;2020-03-19;6
2020-03-18;"Banskobystrický kraj";1;0;0;0;NA;83947;1;2020-03-18;4
2020-03-17;"Banskobystrický kraj";1;0;0;0;NA;83947;1;2020-03-17;3
2020-03-16;"Banskobystrický kraj";0;0;0;0;NA;83947;0;2020-03-16;2
2020-03-15;"Banskobystrický kraj";1;0;0;0;NA;83947;1;2020-03-15;2
2020-03-14;"Banskobystrický kraj";0;0;0;0;NA;83947;0;2020-03-14;1
2020-03-13;"Banskobystrický kraj";1;0;0;0;NA;83947;1;2020-03-13;1
2020-03-12;"Banskobystrický kraj";0;0;0;0;NA;83947;0;2020-03-12;0
2020-03-11;"Banskobystrický kraj";0;0;0;0;NA;83947;0;2020-03-11;0
2020-03-09;"Banskobystrický kraj";0;0;0;0;NA;83947;0;2020-03-09;0
2020-03-08;"Banskobystrický kraj";0;0;0;0;NA;83947;0;2020-03-08;0
2020-03-07;"Banskobystrický kraj";0;0;0;0;NA;83947;0;2020-03-07;0
2020-03-06;"Banskobystrický kraj";0;0;0;0;NA;83947;0;2020-03-06;0
2021-07-25;"Bratislavský kraj";4;1054;2;1056;44565;91405;6;2021-07-25;91405
2021-07-24;"Bratislavský kraj";9;1347;2;1349;NA;91405;11;2021-07-24;91399
2021-07-23;"Bratislavský kraj";6;1976;3;1979;NA;91405;9;2021-07-23;91388
2021-07-22;"Bratislavský kraj";12;1503;6;1509;NA;91405;18;2021-07-22;91379
2021-07-21;"Bratislavský kraj";5;1602;6;1608;NA;91405;11;2021-07-21;91361
2021-07-20;"Bratislavský kraj";19;1404;1;1405;NA;91405;20;2021-07-20;91350
2021-07-19;"Bratislavský kraj";15;2016;3;2019;NA;91405;18;2021-07-19;91330
2021-07-18;"Bratislavský kraj";2;1462;3;1465;NA;91405;5;2021-07-18;91312
2021-07-17;"Bratislavský kraj";3;1600;2;1602;NA;91405;5;2021-07-17;91307
2021-07-16;"Bratislavský kraj";8;2460;4;2464;NA;91405;12;2021-07-16;91302
2021-07-15;"Bratislavský kraj";5;1674;0;1674;NA;91405;5;2021-07-15;91290
2021-07-14;"Bratislavský kraj";5;1895;3;1898;NA;91405;8;2021-07-14;91285
2021-07-13;"Bratislavský kraj";4;1584;4;1588;NA;91405;8;2021-07-13;91277
2021-07-12;"Bratislavský kraj";6;1780;5;1785;NA;91405;11;2021-07-12;91269
2021-07-11;"Bratislavský kraj";3;1896;3;1899;NA;91405;6;2021-07-11;91258
2021-07-10;"Bratislavský kraj";5;2240;3;2243;NA;91405;8;2021-07-10;91252
2021-07-09;"Bratislavský kraj";13;3538;7;3545;NA;91405;20;2021-07-09;91244
2021-07-08;"Bratislavský kraj";9;2433;4;2437;NA;91405;13;2021-07-08;91224
2021-07-07;"Bratislavský kraj";5;2792;4;2796;NA;91405;9;2021-07-07;91211
2021-07-06;"Bratislavský kraj";19;2771;4;2775;NA;91405;23;2021-07-06;91202
2021-07-05;"Bratislavský kraj";5;2162;5;2167;NA;91405;10;2021-07-05;91179
2021-07-04;"Bratislavský kraj";3;1824;2;1826;NA;91405;5;2021-07-04;91169
2021-07-03;"Bratislavský kraj";8;2205;5;2210;NA;91405;13;2021-07-03;91164
2021-07-02;"Bratislavský kraj";4;2227;4;2231;NA;91405;8;2021-07-02;91151
2021-07-01;"Bratislavský kraj";6;1809;5;1814;NA;91405;11;2021-07-01;91143
2021-06-30;"Bratislavský kraj";2;10756;11;10767;NA;91405;13;2021-06-30;91132
2021-06-29;"Bratislavský kraj";5;6172;6;6178;NA;91405;11;2021-06-29;91119
2021-06-28;"Bratislavský kraj";16;6587;24;6611;NA;91405;40;2021-06-28;91108
2021-06-27;"Bratislavský kraj";4;6522;11;6533;NA;91405;15;2021-06-27;91068
2021-06-26;"Bratislavský kraj";3;8552;6;8558;NA;91405;9;2021-06-26;91053
2021-06-25;"Bratislavský kraj";7;10138;15;10153;NA;91405;22;2021-06-25;91044
2021-06-24;"Bratislavský kraj";3;7021;16;7037;NA;91405;19;2021-06-24;91022
2021-06-23;"Bratislavský kraj";4;7283;12;7295;NA;91405;16;2021-06-23;91003
2021-06-22;"Bratislavský kraj";6;7201;10;7211;NA;91405;16;2021-06-22;90987
2021-06-21;"Bratislavský kraj";5;7307;9;7316;NA;91405;14;2021-06-21;90971
2021-06-20;"Bratislavský kraj";0;7302;5;7307;NA;91405;5;2021-06-20;90957
2021-06-19;"Bratislavský kraj";3;9055;4;9059;NA;91405;7;2021-06-19;90952
2021-06-18;"Bratislavský kraj";5;12633;9;12642;NA;91405;14;2021-06-18;90945
2021-06-17;"Bratislavský kraj";3;8520;13;8533;NA;91405;16;2021-06-17;90931
2021-06-16;"Bratislavský kraj";3;7105;4;7109;NA;91405;7;2021-06-16;90915
2021-06-15;"Bratislavský kraj";7;7309;17;7326;NA;91405;24;2021-06-15;90908
2021-06-14;"Bratislavský kraj";4;8231;9;8240;NA;91405;13;2021-06-14;90884
2021-06-13;"Bratislavský kraj";2;8791;11;8802;NA;91405;13;2021-06-13;90871
2021-06-12;"Bratislavský kraj";4;11046;11;11057;NA;91405;15;2021-06-12;90858
2021-06-11;"Bratislavský kraj";9;13644;21;13665;NA;91405;30;2021-06-11;90843
2021-06-10;"Bratislavský kraj";12;8637;15;8652;NA;91405;27;2021-06-10;90813
2021-06-09;"Bratislavský kraj";12;7596;12;7608;NA;91405;24;2021-06-09;90786
2021-06-08;"Bratislavský kraj";13;7907;29;7936;NA;91405;42;2021-06-08;90762
2021-06-07;"Bratislavský kraj";13;9247;43;9290;NA;91405;56;2021-06-07;90720
2021-06-06;"Bratislavský kraj";3;10349;20;10369;NA;91405;23;2021-06-06;90664
2021-06-05;"Bratislavský kraj";2;12549;15;12564;NA;91405;17;2021-06-05;90641
2021-06-04;"Bratislavský kraj";10;13812;31;13843;NA;91405;41;2021-06-04;90624
2021-06-03;"Bratislavský kraj";12;9615;19;9634;NA;91405;31;2021-06-03;90583
2021-06-02;"Bratislavský kraj";10;8684;17;8701;NA;91405;27;2021-06-02;90552
2021-06-01;"Bratislavský kraj";3;8812;25;8837;NA;91405;28;2021-06-01;90525
2021-05-31;"Bratislavský kraj";18;11248;32;11280;NA;91405;50;2021-05-31;90497
2021-05-30;"Bratislavský kraj";1;11758;17;11775;NA;91405;18;2021-05-30;90447
2021-05-29;"Bratislavský kraj";4;12114;8;12122;NA;91405;12;2021-05-29;90429
2021-05-28;"Bratislavský kraj";14;15865;23;15888;NA;91405;37;2021-05-28;90417
2021-05-27;"Bratislavský kraj";5;11321;18;11339;NA;91405;23;2021-05-27;90380
2021-05-26;"Bratislavský kraj";20;10622;17;10639;NA;91405;37;2021-05-26;90357
2021-05-25;"Bratislavský kraj";19;11864;31;11895;NA;91405;50;2021-05-25;90320
2021-05-24;"Bratislavský kraj";12;12965;23;12988;NA;91405;35;2021-05-24;90270
2021-05-23;"Bratislavský kraj";7;13074;24;13098;NA;91405;31;2021-05-23;90235
2021-05-22;"Bratislavský kraj";6;13926;22;13948;NA;91405;28;2021-05-22;90204
2021-05-21;"Bratislavský kraj";15;18996;22;19018;NA;91405;37;2021-05-21;90176
2021-05-20;"Bratislavský kraj";15;14112;17;14129;NA;91405;32;2021-05-20;90139
2021-05-19;"Bratislavský kraj";21;11841;24;11865;NA;91405;45;2021-05-19;90107
2021-05-18;"Bratislavský kraj";14;13001;33;13034;NA;91405;47;2021-05-18;90062
2021-05-17;"Bratislavský kraj";15;13868;29;13897;NA;91405;44;2021-05-17;90015
2021-05-16;"Bratislavský kraj";12;19797;32;19829;NA;91405;44;2021-05-16;89971
2021-05-15;"Bratislavský kraj";1;17960;30;17990;NA;91405;31;2021-05-15;89927
2021-05-14;"Bratislavský kraj";15;22225;30;22255;NA;91405;45;2021-05-14;89896
2021-05-13;"Bratislavský kraj";9;16210;17;16227;NA;91405;26;2021-05-13;89851
2021-05-12;"Bratislavský kraj";11;14413;28;14441;NA;91405;39;2021-05-12;89825
2021-05-11;"Bratislavský kraj";29;16741;32;16773;NA;91405;61;2021-05-11;89786
2021-05-10;"Bratislavský kraj";27;19991;64;20055;NA;91405;91;2021-05-10;89725
2021-05-09;"Bratislavský kraj";9;29358;32;29390;NA;91405;41;2021-05-09;89634
2021-05-08;"Bratislavský kraj";5;19451;24;19475;NA;91405;29;2021-05-08;89593
2021-05-07;"Bratislavský kraj";32;27982;64;28046;NA;91405;96;2021-05-07;89564
2021-05-06;"Bratislavský kraj";19;20079;52;20131;NA;91405;71;2021-05-06;89468
2021-05-05;"Bratislavský kraj";29;15368;29;15397;NA;91405;58;2021-05-05;89397
2021-05-04;"Bratislavský kraj";46;19142;53;19195;NA;91405;99;2021-05-04;89339
2021-05-03;"Bratislavský kraj";37;22180;64;22244;NA;91405;101;2021-05-03;89240
2021-05-02;"Bratislavský kraj";38;43064;75;43139;NA;91405;113;2021-05-02;89139
2021-05-01;"Bratislavský kraj";11;39905;40;39945;NA;91405;51;2021-05-01;89026
2021-04-30;"Bratislavský kraj";43;47114;82;47196;NA;91405;125;2021-04-30;88975
2021-04-29;"Bratislavský kraj";48;30257;96;30353;NA;91405;144;2021-04-29;88850
2021-04-28;"Bratislavský kraj";40;28637;77;28714;NA;91405;117;2021-04-28;88706
2021-04-27;"Bratislavský kraj";41;30168;52;30220;NA;91405;93;2021-04-27;88589
2021-04-26;"Bratislavský kraj";59;34519;96;34615;NA;91405;155;2021-04-26;88496
2021-04-25;"Bratislavský kraj";8;57615;74;57689;NA;91405;82;2021-04-25;88341
2021-04-24;"Bratislavský kraj";28;74609;66;74675;NA;91405;94;2021-04-24;88259
2021-04-23;"Bratislavský kraj";70;48327;62;48389;NA;91405;132;2021-04-23;88165
2021-04-22;"Bratislavský kraj";39;30903;72;30975;NA;91405;111;2021-04-22;88033
2021-04-21;"Bratislavský kraj";48;30289;62;30351;NA;91405;110;2021-04-21;87922
2021-04-20;"Bratislavský kraj";58;35055;63;35118;NA;91405;121;2021-04-20;87812
2021-04-19;"Bratislavský kraj";48;39305;80;39385;NA;91405;128;2021-04-19;87691
2021-04-18;"Bratislavský kraj";35;62300;76;62376;NA;91405;111;2021-04-18;87563
2021-04-17;"Bratislavský kraj";13;80089;111;80200;NA;91405;124;2021-04-17;87452
2021-04-16;"Bratislavský kraj";62;47054;80;47134;NA;91405;142;2021-04-16;87328
2021-04-15;"Bratislavský kraj";34;31947;74;32021;NA;91405;108;2021-04-15;87186
2021-04-14;"Bratislavský kraj";65;33728;88;33816;NA;91405;153;2021-04-14;87078
2021-04-13;"Bratislavský kraj";82;35342;82;35424;NA;91405;164;2021-04-13;86925
2021-04-12;"Bratislavský kraj";77;42041;115;42156;NA;91405;192;2021-04-12;86761
2021-04-11;"Bratislavský kraj";42;61151;123;61274;NA;91405;165;2021-04-11;86569
2021-04-10;"Bratislavský kraj";14;77598;167;77765;NA;91405;181;2021-04-10;86404
2021-04-09;"Bratislavský kraj";72;41312;97;41409;NA;91405;169;2021-04-09;86223
2021-04-08;"Bratislavský kraj";71;28701;94;28795;NA;91405;165;2021-04-08;86054
2021-04-07;"Bratislavský kraj";96;37800;101;37901;NA;91405;197;2021-04-07;85889
2021-04-06;"Bratislavský kraj";94;55873;177;56050;NA;91405;271;2021-04-06;85692
2021-04-05;"Bratislavský kraj";85;18538;85;18623;NA;91405;170;2021-04-05;85421
2021-04-04;"Bratislavský kraj";37;29225;75;29300;NA;91405;112;2021-04-04;85251
2021-04-03;"Bratislavský kraj";52;79501;220;79721;NA;91405;272;2021-04-03;85139
2021-04-02;"Bratislavský kraj";33;23790;104;23894;NA;91405;137;2021-04-02;84867
2021-04-01;"Bratislavský kraj";119;57087;158;57245;NA;91405;277;2021-04-01;84730
2021-03-31;"Bratislavský kraj";105;46100;175;46275;NA;91405;280;2021-03-31;84453
2021-03-30;"Bratislavský kraj";100;39407;143;39550;NA;91405;243;2021-03-30;84173
2021-03-29;"Bratislavský kraj";153;40124;178;40302;NA;91405;331;2021-03-29;83930
2021-03-28;"Bratislavský kraj";59;53372;137;53509;NA;91405;196;2021-03-28;83599
2021-03-27;"Bratislavský kraj";53;79493;240;79733;NA;91405;293;2021-03-27;83403
2021-03-26;"Bratislavský kraj";114;55835;191;56026;NA;91405;305;2021-03-26;83110
2021-03-25;"Bratislavský kraj";76;36603;171;36774;NA;91405;247;2021-03-25;82805
2021-03-24;"Bratislavský kraj";120;30385;201;30586;NA;91405;321;2021-03-24;82558
2021-03-23;"Bratislavský kraj";138;36247;190;36437;NA;91405;328;2021-03-23;82237
2021-03-22;"Bratislavský kraj";110;42516;218;42734;NA;91405;328;2021-03-22;81909
2021-03-21;"Bratislavský kraj";54;61299;212;61511;NA;91405;266;2021-03-21;81581
2021-03-20;"Bratislavský kraj";59;72954;228;73182;NA;91405;287;2021-03-20;81315
2021-03-19;"Bratislavský kraj";139;54301;257;54558;NA;91405;396;2021-03-19;81028
2021-03-18;"Bratislavský kraj";142;34386;191;34577;NA;91405;333;2021-03-18;80632
2021-03-17;"Bratislavský kraj";177;30326;217;30543;NA;91405;394;2021-03-17;80299
2021-03-16;"Bratislavský kraj";258;36617;284;36901;NA;91405;542;2021-03-16;79905
2021-03-15;"Bratislavský kraj";180;37985;252;38237;NA;91405;432;2021-03-15;79363
2021-03-14;"Bratislavský kraj";75;52611;275;52886;NA;91405;350;2021-03-14;78931
2021-03-13;"Bratislavský kraj";110;81057;337;81394;NA;91405;447;2021-03-13;78581
2021-03-12;"Bratislavský kraj";152;54898;307;55205;NA;91405;459;2021-03-12;78134
2021-03-11;"Bratislavský kraj";178;34483;284;34767;NA;91405;462;2021-03-11;77675
2021-03-10;"Bratislavský kraj";164;30923;276;31199;NA;91405;440;2021-03-10;77213
2021-03-09;"Bratislavský kraj";242;37543;266;37809;NA;91405;508;2021-03-09;76773
2021-03-08;"Bratislavský kraj";255;40907;343;41250;NA;91405;598;2021-03-08;76265
2021-03-07;"Bratislavský kraj";142;52812;301;53113;NA;91405;443;2021-03-07;75667
2021-03-06;"Bratislavský kraj";79;71410;412;71822;NA;91405;491;2021-03-06;75224
2021-03-05;"Bratislavský kraj";238;50484;292;50776;NA;91405;530;2021-03-05;74733
2021-03-04;"Bratislavský kraj";204;34544;344;34888;NA;91405;548;2021-03-04;74203
2021-03-03;"Bratislavský kraj";250;30525;364;30889;NA;91405;614;2021-03-03;73655
2021-03-02;"Bratislavský kraj";267;39735;388;40123;NA;91405;655;2021-03-02;73041
2021-03-01;"Bratislavský kraj";320;38222;432;38654;NA;91405;752;2021-03-01;72386
2021-02-28;"Bratislavský kraj";184;50323;323;50646;NA;91405;507;2021-02-28;71634
2021-02-27;"Bratislavský kraj";151;76580;464;77044;NA;91405;615;2021-02-27;71127
2021-02-26;"Bratislavský kraj";277;47326;401;47727;NA;91405;678;2021-02-26;70512
2021-02-25;"Bratislavský kraj";277;28769;405;29174;NA;91405;682;2021-02-25;69834
2021-02-24;"Bratislavský kraj";217;27095;412;27507;NA;91405;629;2021-02-24;69152
2021-02-23;"Bratislavský kraj";257;31297;395;31692;NA;91405;652;2021-02-23;68523
2021-02-22;"Bratislavský kraj";353;36607;483;37090;NA;91405;836;2021-02-22;67871
2021-02-21;"Bratislavský kraj";185;54150;396;54546;NA;91405;581;2021-02-21;67035
2021-02-20;"Bratislavský kraj";167;74789;550;75339;NA;91405;717;2021-02-20;66454
2021-02-19;"Bratislavský kraj";280;44882;416;45298;NA;91405;696;2021-02-19;65737
2021-02-18;"Bratislavský kraj";263;26379;371;26750;NA;91405;634;2021-02-18;65041
2021-02-17;"Bratislavský kraj";264;22820;316;23136;NA;91405;580;2021-02-17;64407
2021-02-16;"Bratislavský kraj";289;28262;352;28614;NA;91405;641;2021-02-16;63827
2021-02-15;"Bratislavský kraj";248;36893;396;37289;NA;91405;644;2021-02-15;63186
2021-02-14;"Bratislavský kraj";153;47948;323;48271;NA;91405;476;2021-02-14;62542
2021-02-13;"Bratislavský kraj";173;68589;515;69104;NA;91405;688;2021-02-13;62066
2021-02-12;"Bratislavský kraj";282;35729;327;36056;NA;91405;609;2021-02-12;61378
2021-02-11;"Bratislavský kraj";337;24565;285;24850;NA;91405;622;2021-02-11;60769
2021-02-10;"Bratislavský kraj";314;22944;356;23300;NA;91405;670;2021-02-10;60147
2021-02-09;"Bratislavský kraj";288;36565;454;37019;NA;91405;742;2021-02-09;59477
2021-02-08;"Bratislavský kraj";484;31896;397;32293;NA;91405;881;2021-02-08;58735
2021-02-07;"Bratislavský kraj";243;51290;425;51715;NA;91405;668;2021-02-07;57854
2021-02-06;"Bratislavský kraj";116;61682;501;62183;NA;91405;617;2021-02-06;57186
2021-02-05;"Bratislavský kraj";327;27033;375;27408;NA;91405;702;2021-02-05;56569
2021-02-04;"Bratislavský kraj";555;17260;348;17608;NA;91405;903;2021-02-04;55867
2021-02-03;"Bratislavský kraj";161;13020;352;13372;NA;91405;513;2021-02-03;54964
2021-02-02;"Bratislavský kraj";397;25947;480;26427;NA;91405;877;2021-02-02;54451
2021-02-01;"Bratislavský kraj";221;35540;513;36053;NA;91405;734;2021-02-01;53574
2021-01-31;"Bratislavský kraj";180;35693;425;36118;NA;91405;605;2021-01-31;52840
2021-01-30;"Bratislavský kraj";310;49588;521;50109;NA;91405;831;2021-01-30;52235
2021-01-29;"Bratislavský kraj";344;16568;344;16912;NA;91405;688;2021-01-29;51404
2021-01-28;"Bratislavský kraj";307;10715;297;11012;NA;91405;604;2021-01-28;50716
2021-01-27;"Bratislavský kraj";336;22222;345;22567;NA;91405;681;2021-01-27;50112
2021-01-26;"Bratislavský kraj";297;21894;300;22194;NA;91405;597;2021-01-26;49431
2021-01-25;"Bratislavský kraj";356;23335;249;23584;NA;91405;605;2021-01-25;48834
2021-01-24;"Bratislavský kraj";175;37903;404;38307;NA;91405;579;2021-01-24;48229
2021-01-23;"Bratislavský kraj";396;79453;690;80143;NA;91405;1086;2021-01-23;47650
2021-01-22;"Bratislavský kraj";199;42055;365;42420;NA;91405;564;2021-01-22;46564
2021-01-21;"Bratislavský kraj";255;105746;1317;107063;NA;91405;1572;2021-01-21;46000
2021-01-20;"Bratislavský kraj";360;27289;452;27741;NA;91405;812;2021-01-20;44428
2021-01-19;"Bratislavský kraj";375;15318;346;15664;NA;91405;721;2021-01-19;43616
2021-01-18;"Bratislavský kraj";357;12533;707;13240;NA;91405;1064;2021-01-18;42895
2021-01-17;"Bratislavský kraj";244;482;26;508;NA;91405;270;2021-01-17;41831
2021-01-16;"Bratislavský kraj";70;3016;156;3172;NA;91405;226;2021-01-16;41561
2021-01-15;"Bratislavský kraj";251;7896;256;8152;NA;91405;507;2021-01-15;41335
2021-01-14;"Bratislavský kraj";363;8523;273;8796;NA;91405;636;2021-01-14;40828
2021-01-13;"Bratislavský kraj";336;8490;327;8817;NA;91405;663;2021-01-13;40192
2021-01-12;"Bratislavský kraj";450;10728;463;11191;NA;91405;913;2021-01-12;39529
2021-01-11;"Bratislavský kraj";397;20143;381;20524;NA;91405;778;2021-01-11;38616
2021-01-10;"Bratislavský kraj";252;1507;79;1586;NA;91405;331;2021-01-10;37838
2021-01-09;"Bratislavský kraj";351;5005;291;5296;NA;91405;642;2021-01-09;37507
2021-01-08;"Bratislavský kraj";556;10045;436;10481;NA;91405;992;2021-01-08;36865
2021-01-07;"Bratislavský kraj";537;7403;394;7797;NA;91405;931;2021-01-07;35873
2021-01-06;"Bratislavský kraj";271;3329;216;3545;NA;91405;487;2021-01-06;34942
2021-01-05;"Bratislavský kraj";619;10935;841;11776;NA;91405;1460;2021-01-05;34455
2021-01-04;"Bratislavský kraj";601;8546;601;9147;NA;91405;1202;2021-01-04;32995
2021-01-03;"Bratislavský kraj";77;433;41;474;NA;91405;118;2021-01-03;31793
2021-01-02;"Bratislavský kraj";185;462;57;519;NA;91405;242;2021-01-02;31675
2021-01-01;"Bratislavský kraj";235;3277;131;3408;NA;91405;366;2021-01-01;31433
2020-12-31;"Bratislavský kraj";925;14380;545;14925;NA;91405;1470;2020-12-31;31067
2020-12-30;"Bratislavský kraj";650;9823;554;10377;NA;91405;1204;2020-12-30;29597
2020-12-29;"Bratislavský kraj";303;10832;774;11606;NA;91405;1077;2020-12-29;28393
2020-12-28;"Bratislavský kraj";255;8363;555;8918;NA;91405;810;2020-12-28;27316
2020-12-27;"Bratislavský kraj";160;709;76;785;NA;91405;236;2020-12-27;26506
2020-12-26;"Bratislavský kraj";75;480;27;507;NA;91405;102;2020-12-26;26270
2020-12-25;"Bratislavský kraj";114;503;38;541;NA;91405;152;2020-12-25;26168
2020-12-24;"Bratislavský kraj";536;3367;104;3471;NA;91405;640;2020-12-24;26016
2020-12-23;"Bratislavský kraj";416;13471;503;13974;NA;91405;919;2020-12-23;25376
2020-12-22;"Bratislavský kraj";327;15712;767;16479;NA;91405;1094;2020-12-22;24457
2020-12-21;"Bratislavský kraj";392;15685;2007;17692;NA;91405;2399;2020-12-21;23363
2020-12-20;"Bratislavský kraj";180;797;57;854;NA;91405;237;2020-12-20;20964
2020-12-19;"Bratislavský kraj";396;3314;130;3444;NA;91405;526;2020-12-19;20727
2020-12-18;"Bratislavský kraj";306;10644;394;11038;NA;91405;700;2020-12-18;20201
2020-12-17;"Bratislavský kraj";502;10343;419;10762;NA;91405;921;2020-12-17;19501
2020-12-16;"Bratislavský kraj";282;10772;452;11224;NA;91405;734;2020-12-16;18580
2020-12-15;"Bratislavský kraj";423;10916;479;11395;NA;91405;902;2020-12-15;17846
2020-12-14;"Bratislavský kraj";279;7198;293;7491;NA;91405;572;2020-12-14;16944
2020-12-13;"Bratislavský kraj";125;139;10;149;NA;91405;135;2020-12-13;16372
2020-12-12;"Bratislavský kraj";361;3886;157;4043;NA;91405;518;2020-12-12;16237
2020-12-11;"Bratislavský kraj";326;7344;289;7633;NA;91405;615;2020-12-11;15719
2020-12-10;"Bratislavský kraj";286;5823;209;6032;NA;91405;495;2020-12-10;15104
2020-12-09;"Bratislavský kraj";382;4795;178;4973;NA;91405;560;2020-12-09;14609
2020-12-08;"Bratislavský kraj";234;6243;207;6450;NA;91405;441;2020-12-08;14049
2020-12-07;"Bratislavský kraj";272;4639;152;4791;NA;91405;424;2020-12-07;13608
2020-12-06;"Bratislavský kraj";61;1625;52;1677;NA;91405;113;2020-12-06;13184
2020-12-05;"Bratislavský kraj";266;2221;41;2262;NA;91405;307;2020-12-05;13071
2020-12-04;"Bratislavský kraj";200;4954;99;5053;NA;91405;299;2020-12-04;12764
2020-12-03;"Bratislavský kraj";213;5672;95;5767;NA;91405;308;2020-12-03;12465
2020-12-02;"Bratislavský kraj";205;3462;103;3565;NA;91405;308;2020-12-02;12157
2020-12-01;"Bratislavský kraj";255;3889;172;4061;NA;91405;427;2020-12-01;11849
2020-11-30;"Bratislavský kraj";152;2153;121;2274;NA;91405;273;2020-11-30;11422
2020-11-29;"Bratislavský kraj";52;201;24;225;NA;91405;76;2020-11-29;11149
2020-11-28;"Bratislavský kraj";232;2624;33;2657;NA;91405;265;2020-11-28;11073
2020-11-27;"Bratislavský kraj";54;2540;64;2604;NA;91405;118;2020-11-27;10808
2020-11-26;"Bratislavský kraj";129;1976;60;2036;NA;91405;189;2020-11-26;10690
2020-11-25;"Bratislavský kraj";140;1770;47;1817;NA;91405;187;2020-11-25;10501
2020-11-24;"Bratislavský kraj";81;2988;67;3055;NA;91405;148;2020-11-24;10314
2020-11-23;"Bratislavský kraj";67;7083;58;7141;NA;91405;125;2020-11-23;10166
2020-11-22;"Bratislavský kraj";36;81;7;88;NA;91405;43;2020-11-22;10041
2020-11-21;"Bratislavský kraj";109;2126;47;2173;NA;91405;156;2020-11-21;9998
2020-11-20;"Bratislavský kraj";118;2876;48;2924;NA;91405;166;2020-11-20;9842
2020-11-19;"Bratislavský kraj";173;987;29;1016;NA;91405;202;2020-11-19;9676
2020-11-18;"Bratislavský kraj";118;616;75;691;NA;91405;193;2020-11-18;9474
2020-11-17;"Bratislavský kraj";108;928;23;951;NA;91405;131;2020-11-17;9281
2020-11-16;"Bratislavský kraj";82;651;9;660;NA;91405;91;2020-11-16;9150
2020-11-15;"Bratislavský kraj";47;236;0;236;NA;91405;47;2020-11-15;9059
2020-11-14;"Bratislavský kraj";53;1834;15;1849;NA;91405;68;2020-11-14;9012
2020-11-13;"Bratislavský kraj";94;2096;21;2117;NA;91405;115;2020-11-13;8944
2020-11-12;"Bratislavský kraj";141;1727;6;1733;NA;91405;147;2020-11-12;8829
2020-11-11;"Bratislavský kraj";159;1429;12;1441;NA;91405;171;2020-11-11;8682
2020-11-10;"Bratislavský kraj";136;805;14;819;NA;91405;150;2020-11-10;8511
2020-11-09;"Bratislavský kraj";70;616;8;624;NA;91405;78;2020-11-09;8361
2020-11-08;"Bratislavský kraj";82;869;6;875;NA;91405;88;2020-11-08;8283
2020-11-07;"Bratislavský kraj";88;4039;17;4056;NA;91405;105;2020-11-07;8195
2020-11-06;"Bratislavský kraj";281;6441;25;6466;NA;91405;306;2020-11-06;8090
2020-11-05;"Bratislavský kraj";175;476;11;487;NA;91405;186;2020-11-05;7784
2020-11-04;"Bratislavský kraj";65;411;10;421;NA;91405;75;2020-11-04;7598
2020-11-03;"Bratislavský kraj";251;1085;12;1097;NA;91405;263;2020-11-03;7523
2020-11-02;"Bratislavský kraj";202;3365;22;3387;NA;91405;224;2020-11-02;7260
2020-11-01;"Bratislavský kraj";227;8694;39;8733;NA;91405;266;2020-11-01;7036
2020-10-31;"Bratislavský kraj";173;22407;123;22530;NA;91405;296;2020-10-31;6770
2020-10-30;"Bratislavský kraj";158;17350;138;17488;NA;91405;296;2020-10-30;6474
2020-10-29;"Bratislavský kraj";262;116;4;120;NA;91405;266;2020-10-29;6178
2020-10-28;"Bratislavský kraj";220;260;15;275;NA;91405;235;2020-10-28;5912
2020-10-27;"Bratislavský kraj";256;145;4;149;NA;91405;260;2020-10-27;5677
2020-10-26;"Bratislavský kraj";123;229;11;240;NA;91405;134;2020-10-26;5417
2020-10-25;"Bratislavský kraj";152;33;2;35;NA;91405;154;2020-10-25;5283
2020-10-24;"Bratislavský kraj";170;221;6;227;NA;91405;176;2020-10-24;5129
2020-10-23;"Bratislavský kraj";151;144;8;152;NA;91405;159;2020-10-23;4953
2020-10-22;"Bratislavský kraj";192;204;15;219;NA;91405;207;2020-10-22;4794
2020-10-21;"Bratislavský kraj";66;90;6;96;NA;91405;72;2020-10-21;4587
2020-10-20;"Bratislavský kraj";183;97;4;101;NA;91405;187;2020-10-20;4515
2020-10-19;"Bratislavský kraj";148;80;3;83;NA;91405;151;2020-10-19;4328
2020-10-18;"Bratislavský kraj";75;92;0;92;NA;91405;75;2020-10-18;4177
2020-10-17;"Bratislavský kraj";136;0;0;0;NA;91405;136;2020-10-17;4102
2020-10-16;"Bratislavský kraj";103;14;1;15;NA;91405;104;2020-10-16;3966
2020-10-15;"Bratislavský kraj";135;6;1;7;NA;91405;136;2020-10-15;3862
2020-10-14;"Bratislavský kraj";127;4;0;4;NA;91405;127;2020-10-14;3726
2020-10-13;"Bratislavský kraj";86;108;8;116;NA;91405;94;2020-10-13;3599
2020-10-12;"Bratislavský kraj";46;0;0;0;NA;91405;46;2020-10-12;3505
2020-10-11;"Bratislavský kraj";80;0;0;0;NA;91405;80;2020-10-11;3459
2020-10-10;"Bratislavský kraj";55;0;0;0;NA;91405;55;2020-10-10;3379
2020-10-09;"Bratislavský kraj";148;0;0;0;NA;91405;148;2020-10-09;3324
2020-10-08;"Bratislavský kraj";100;0;0;0;NA;91405;100;2020-10-08;3176
2020-10-07;"Bratislavský kraj";107;0;0;0;NA;91405;107;2020-10-07;3076
2020-10-06;"Bratislavský kraj";108;0;0;0;NA;91405;108;2020-10-06;2969
2020-10-05;"Bratislavský kraj";30;0;0;0;NA;91405;30;2020-10-05;2861
2020-10-04;"Bratislavský kraj";49;0;0;0;NA;91405;49;2020-10-04;2831
2020-10-03;"Bratislavský kraj";82;0;0;0;NA;91405;82;2020-10-03;2782
2020-10-02;"Bratislavský kraj";101;0;0;0;NA;91405;101;2020-10-02;2700
2020-10-01;"Bratislavský kraj";72;0;0;0;NA;91405;72;2020-10-01;2599
2020-09-30;"Bratislavský kraj";91;0;0;0;NA;91405;91;2020-09-30;2527
2020-09-29;"Bratislavský kraj";74;0;0;0;NA;91405;74;2020-09-29;2436
2020-09-28;"Bratislavský kraj";29;0;0;0;NA;91405;29;2020-09-28;2362
2020-09-27;"Bratislavský kraj";48;0;0;0;NA;91405;48;2020-09-27;2333
2020-09-26;"Bratislavský kraj";86;0;0;0;NA;91405;86;2020-09-26;2285
2020-09-25;"Bratislavský kraj";97;0;0;0;NA;91405;97;2020-09-25;2199
2020-09-24;"Bratislavský kraj";73;0;0;0;NA;91405;73;2020-09-24;2102
2020-09-23;"Bratislavský kraj";55;0;0;0;NA;91405;55;2020-09-23;2029
2020-09-22;"Bratislavský kraj";81;0;0;0;NA;91405;81;2020-09-22;1974
2020-09-21;"Bratislavský kraj";32;0;0;0;NA;91405;32;2020-09-21;1893
2020-09-20;"Bratislavský kraj";25;0;0;0;NA;91405;25;2020-09-20;1861
2020-09-19;"Bratislavský kraj";59;0;0;0;NA;91405;59;2020-09-19;1836
2020-09-18;"Bratislavský kraj";42;0;0;0;NA;91405;42;2020-09-18;1777
2020-09-17;"Bratislavský kraj";52;0;0;0;NA;91405;52;2020-09-17;1735
2020-09-16;"Bratislavský kraj";32;0;0;0;NA;91405;32;2020-09-16;1683
2020-09-15;"Bratislavský kraj";26;0;0;0;NA;91405;26;2020-09-15;1651
2020-09-14;"Bratislavský kraj";24;0;0;0;NA;91405;24;2020-09-14;1625
2020-09-13;"Bratislavský kraj";11;0;0;0;NA;91405;11;2020-09-13;1601
2020-09-12;"Bratislavský kraj";24;0;0;0;NA;91405;24;2020-09-12;1590
2020-09-11;"Bratislavský kraj";50;0;0;0;NA;91405;50;2020-09-11;1566
2020-09-10;"Bratislavský kraj";47;0;0;0;NA;91405;47;2020-09-10;1516
2020-09-09;"Bratislavský kraj";40;0;0;0;NA;91405;40;2020-09-09;1469
2020-09-08;"Bratislavský kraj";58;0;0;0;NA;91405;58;2020-09-08;1429
2020-09-07;"Bratislavský kraj";39;0;0;0;NA;91405;39;2020-09-07;1371
2020-09-06;"Bratislavský kraj";11;0;0;0;NA;91405;11;2020-09-06;1332
2020-09-05;"Bratislavský kraj";37;0;0;0;NA;91405;37;2020-09-05;1321
2020-09-04;"Bratislavský kraj";87;0;0;0;NA;91405;87;2020-09-04;1284
2020-09-03;"Bratislavský kraj";51;0;0;0;NA;91405;51;2020-09-03;1197
2020-09-02;"Bratislavský kraj";50;0;0;0;NA;91405;50;2020-09-02;1146
2020-09-01;"Bratislavský kraj";16;0;0;0;NA;91405;16;2020-09-01;1096
2020-08-31;"Bratislavský kraj";19;0;0;0;NA;91405;19;2020-08-31;1080
2020-08-30;"Bratislavský kraj";9;0;0;0;NA;91405;9;2020-08-30;1061
2020-08-29;"Bratislavský kraj";12;0;0;0;NA;91405;12;2020-08-29;1052
2020-08-28;"Bratislavský kraj";35;0;0;0;NA;91405;35;2020-08-28;1040
2020-08-27;"Bratislavský kraj";33;0;0;0;NA;91405;33;2020-08-27;1005
2020-08-26;"Bratislavský kraj";27;0;0;0;NA;91405;27;2020-08-26;972
2020-08-25;"Bratislavský kraj";29;0;0;0;NA;91405;29;2020-08-25;945
2020-08-24;"Bratislavský kraj";6;0;0;0;NA;91405;6;2020-08-24;916
2020-08-23;"Bratislavský kraj";45;0;0;0;NA;91405;45;2020-08-23;910
2020-08-22;"Bratislavský kraj";13;0;0;0;NA;91405;13;2020-08-22;865
2020-08-21;"Bratislavský kraj";46;0;0;0;NA;91405;46;2020-08-21;852
2020-08-20;"Bratislavský kraj";41;0;0;0;NA;91405;41;2020-08-20;806
2020-08-19;"Bratislavský kraj";27;0;0;0;NA;91405;27;2020-08-19;765
2020-08-18;"Bratislavský kraj";47;0;0;0;NA;91405;47;2020-08-18;738
2020-08-17;"Bratislavský kraj";2;0;0;0;NA;91405;2;2020-08-17;691
2020-08-16;"Bratislavský kraj";3;0;0;0;NA;91405;3;2020-08-16;689
2020-08-15;"Bratislavský kraj";18;0;0;0;NA;91405;18;2020-08-15;686
2020-08-14;"Bratislavský kraj";16;0;0;0;NA;91405;16;2020-08-14;668
2020-08-13;"Bratislavský kraj";12;0;0;0;NA;91405;12;2020-08-13;652
2020-08-12;"Bratislavský kraj";10;0;0;0;NA;91405;10;2020-08-12;640
2020-08-11;"Bratislavský kraj";23;0;0;0;NA;91405;23;2020-08-11;630
2020-08-10;"Bratislavský kraj";2;0;0;0;NA;91405;2;2020-08-10;607
2020-08-09;"Bratislavský kraj";2;0;0;0;NA;91405;2;2020-08-09;605
2020-08-08;"Bratislavský kraj";1;0;0;0;NA;91405;1;2020-08-08;603
2020-08-07;"Bratislavský kraj";9;0;0;0;NA;91405;9;2020-08-07;602
2020-08-06;"Bratislavský kraj";15;0;0;0;NA;91405;15;2020-08-06;593
2020-08-05;"Bratislavský kraj";11;0;0;0;NA;91405;11;2020-08-05;578
2020-08-04;"Bratislavský kraj";21;0;0;0;NA;91405;21;2020-08-04;567
2020-08-03;"Bratislavský kraj";7;0;0;0;NA;91405;7;2020-08-03;546
2020-08-02;"Bratislavský kraj";0;0;0;0;NA;91405;0;2020-08-02;539
2020-08-01;"Bratislavský kraj";0;0;0;0;NA;91405;0;2020-08-01;539
2020-07-31;"Bratislavský kraj";14;0;0;0;NA;91405;14;2020-07-31;539
2020-07-30;"Bratislavský kraj";6;0;0;0;NA;91405;6;2020-07-30;525
2020-07-29;"Bratislavský kraj";7;0;0;0;NA;91405;7;2020-07-29;519
2020-07-28;"Bratislavský kraj";14;0;0;0;NA;91405;14;2020-07-28;512
2020-07-27;"Bratislavský kraj";3;0;0;0;NA;91405;3;2020-07-27;498
2020-07-26;"Bratislavský kraj";0;0;0;0;NA;91405;0;2020-07-26;495
2020-07-25;"Bratislavský kraj";8;0;0;0;NA;91405;8;2020-07-25;495
2020-07-24;"Bratislavský kraj";2;0;0;0;NA;91405;2;2020-07-24;487
2020-07-23;"Bratislavský kraj";8;0;0;0;NA;91405;8;2020-07-23;485
2020-07-22;"Bratislavský kraj";11;0;0;0;NA;91405;11;2020-07-22;477
2020-07-21;"Bratislavský kraj";8;0;0;0;NA;91405;8;2020-07-21;466
2020-07-20;"Bratislavský kraj";12;0;0;0;NA;91405;12;2020-07-20;458
2020-07-19;"Bratislavský kraj";0;0;0;0;NA;91405;0;2020-07-19;446
2020-07-18;"Bratislavský kraj";2;0;0;0;NA;91405;2;2020-07-18;446
2020-07-17;"Bratislavský kraj";2;0;0;0;NA;91405;2;2020-07-17;444
2020-07-16;"Bratislavský kraj";6;0;0;0;NA;91405;6;2020-07-16;442
2020-07-15;"Bratislavský kraj";3;0;0;0;NA;91405;3;2020-07-15;436
2020-07-14;"Bratislavský kraj";2;0;0;0;NA;91405;2;2020-07-14;433
2020-07-13;"Bratislavský kraj";2;0;0;0;NA;91405;2;2020-07-13;431
2020-07-12;"Bratislavský kraj";0;0;0;0;NA;91405;0;2020-07-12;429
2020-07-11;"Bratislavský kraj";0;0;0;0;NA;91405;0;2020-07-11;429
2020-07-10;"Bratislavský kraj";8;0;0;0;NA;91405;8;2020-07-10;429
2020-07-09;"Bratislavský kraj";2;0;0;0;NA;91405;2;2020-07-09;421
2020-07-08;"Bratislavský kraj";11;0;0;0;NA;91405;11;2020-07-08;419
2020-07-07;"Bratislavský kraj";5;0;0;0;NA;91405;5;2020-07-07;408
2020-07-06;"Bratislavský kraj";1;0;0;0;NA;91405;1;2020-07-06;403
2020-07-05;"Bratislavský kraj";0;0;0;0;NA;91405;0;2020-07-05;402
2020-07-04;"Bratislavský kraj";3;0;0;0;NA;91405;3;2020-07-04;402
2020-07-03;"Bratislavský kraj";1;0;0;0;NA;91405;1;2020-07-03;399
2020-07-02;"Bratislavský kraj";0;0;0;0;NA;91405;0;2020-07-02;398
2020-07-01;"Bratislavský kraj";7;0;0;0;NA;91405;7;2020-07-01;398
2020-06-30;"Bratislavský kraj";3;0;0;0;NA;91405;3;2020-06-30;391
2020-06-29;"Bratislavský kraj";1;0;0;0;NA;91405;1;2020-06-29;388
2020-06-28;"Bratislavský kraj";0;0;0;0;NA;91405;0;2020-06-28;387
2020-06-27;"Bratislavský kraj";1;0;0;0;NA;91405;1;2020-06-27;387
2020-06-26;"Bratislavský kraj";6;0;0;0;NA;91405;6;2020-06-26;386
2020-06-25;"Bratislavský kraj";0;0;0;0;NA;91405;0;2020-06-25;380
2020-06-24;"Bratislavský kraj";3;0;0;0;NA;91405;3;2020-06-24;380
2020-06-23;"Bratislavský kraj";0;0;0;0;NA;91405;0;2020-06-23;377
2020-06-22;"Bratislavský kraj";1;0;0;0;NA;91405;1;2020-06-22;377
2020-06-21;"Bratislavský kraj";0;0;0;0;NA;91405;0;2020-06-21;376
2020-06-20;"Bratislavský kraj";0;0;0;0;NA;91405;0;2020-06-20;376
2020-06-19;"Bratislavský kraj";3;0;0;0;NA;91405;3;2020-06-19;376
2020-06-18;"Bratislavský kraj";0;0;0;0;NA;91405;0;2020-06-18;373
2020-06-17;"Bratislavský kraj";0;0;0;0;NA;91405;0;2020-06-17;373
2020-06-16;"Bratislavský kraj";0;0;0;0;NA;91405;0;2020-06-16;373
2020-06-14;"Bratislavský kraj";2;0;0;0;NA;91405;2;2020-06-14;373
2020-06-13;"Bratislavský kraj";1;0;0;0;NA;91405;1;2020-06-13;371
2020-06-12;"Bratislavský kraj";2;0;0;0;NA;91405;2;2020-06-12;370
2020-06-11;"Bratislavský kraj";0;0;0;0;NA;91405;0;2020-06-11;368
2020-06-10;"Bratislavský kraj";0;0;0;0;NA;91405;0;2020-06-10;368
2020-06-09;"Bratislavský kraj";0;0;0;0;NA;91405;0;2020-06-09;368
2020-06-08;"Bratislavský kraj";1;0;0;0;NA;91405;1;2020-06-08;368
2020-06-07;"Bratislavský kraj";0;0;0;0;NA;91405;0;2020-06-07;367
2020-06-05;"Bratislavský kraj";0;0;0;0;NA;91405;0;2020-06-05;367
2020-06-03;"Bratislavský kraj";1;0;0;0;NA;91405;1;2020-06-03;367
2020-06-02;"Bratislavský kraj";0;0;0;0;NA;91405;0;2020-06-02;366
2020-05-31;"Bratislavský kraj";0;0;0;0;NA;91405;0;2020-05-31;366
2020-05-29;"Bratislavský kraj";0;0;0;0;NA;91405;0;2020-05-29;366
2020-05-27;"Bratislavský kraj";1;0;0;0;NA;91405;1;2020-05-27;366
2020-05-26;"Bratislavský kraj";0;0;0;0;NA;91405;0;2020-05-26;365
2020-05-25;"Bratislavský kraj";0;0;0;0;NA;91405;0;2020-05-25;365
2020-05-24;"Bratislavský kraj";0;0;0;0;NA;91405;0;2020-05-24;365
2020-05-23;"Bratislavský kraj";2;0;0;0;NA;91405;2;2020-05-23;365
2020-05-22;"Bratislavský kraj";0;0;0;0;NA;91405;0;2020-05-22;363
2020-05-21;"Bratislavský kraj";0;0;0;0;NA;91405;0;2020-05-21;363
2020-05-20;"Bratislavský kraj";0;0;0;0;NA;91405;0;2020-05-20;363
2020-05-19;"Bratislavský kraj";0;0;0;0;NA;91405;0;2020-05-19;363
2020-05-17;"Bratislavský kraj";0;0;0;0;NA;91405;0;2020-05-17;363
2020-05-16;"Bratislavský kraj";0;0;0;0;NA;91405;0;2020-05-16;363
2020-05-15;"Bratislavský kraj";0;0;0;0;NA;91405;0;2020-05-15;363
2020-05-14;"Bratislavský kraj";0;0;0;0;NA;91405;0;2020-05-14;363
2020-05-13;"Bratislavský kraj";0;0;0;0;NA;91405;0;2020-05-13;363
2020-05-12;"Bratislavský kraj";2;0;0;0;NA;91405;2;2020-05-12;363
2020-05-11;"Bratislavský kraj";0;0;0;0;NA;91405;0;2020-05-11;361
2020-05-09;"Bratislavský kraj";0;0;0;0;NA;91405;0;2020-05-09;361
2020-05-07;"Bratislavský kraj";1;0;0;0;NA;91405;1;2020-05-07;361
2020-05-06;"Bratislavský kraj";3;0;0;0;NA;91405;3;2020-05-06;360
2020-05-05;"Bratislavský kraj";0;0;0;0;NA;91405;0;2020-05-05;357
2020-05-04;"Bratislavský kraj";0;0;0;0;NA;91405;0;2020-05-04;357
2020-05-03;"Bratislavský kraj";2;0;0;0;NA;91405;2;2020-05-03;357
2020-05-02;"Bratislavský kraj";0;0;0;0;NA;91405;0;2020-05-02;355
2020-05-01;"Bratislavský kraj";0;0;0;0;NA;91405;0;2020-05-01;355
2020-04-30;"Bratislavský kraj";5;0;0;0;NA;91405;5;2020-04-30;355
2020-04-29;"Bratislavský kraj";0;0;0;0;NA;91405;0;2020-04-29;350
2020-04-28;"Bratislavský kraj";2;0;0;0;NA;91405;2;2020-04-28;350
2020-04-27;"Bratislavský kraj";0;0;0;0;NA;91405;0;2020-04-27;348
2020-04-26;"Bratislavský kraj";1;0;0;0;NA;91405;1;2020-04-26;348
2020-04-25;"Bratislavský kraj";0;0;0;0;NA;91405;0;2020-04-25;347
2020-04-24;"Bratislavský kraj";2;0;0;0;NA;91405;2;2020-04-24;347
2020-04-23;"Bratislavský kraj";6;0;0;0;NA;91405;6;2020-04-23;345
2020-04-22;"Bratislavský kraj";11;0;0;0;NA;91405;11;2020-04-22;339
2020-04-21;"Bratislavský kraj";4;0;0;0;NA;91405;4;2020-04-21;328
2020-04-20;"Bratislavský kraj";0;0;0;0;NA;91405;0;2020-04-20;324
2020-04-19;"Bratislavský kraj";4;0;0;0;NA;91405;4;2020-04-19;324
2020-04-18;"Bratislavský kraj";5;0;0;0;NA;91405;5;2020-04-18;320
2020-04-17;"Bratislavský kraj";6;0;0;0;NA;91405;6;2020-04-17;315
2020-04-16;"Bratislavský kraj";15;0;0;0;NA;91405;15;2020-04-16;309
2020-04-15;"Bratislavský kraj";11;0;0;0;NA;91405;11;2020-04-15;294
2020-04-14;"Bratislavský kraj";19;0;0;0;NA;91405;19;2020-04-14;283
2020-04-13;"Bratislavský kraj";53;0;0;0;NA;91405;53;2020-04-13;264
2020-04-12;"Bratislavský kraj";3;0;0;0;NA;91405;3;2020-04-12;211
2020-04-11;"Bratislavský kraj";1;0;0;0;NA;91405;1;2020-04-11;208
2020-04-10;"Bratislavský kraj";8;0;0;0;NA;91405;8;2020-04-10;207
2020-04-09;"Bratislavský kraj";3;0;0;0;NA;91405;3;2020-04-09;199
2020-04-08;"Bratislavský kraj";3;0;0;0;NA;91405;3;2020-04-08;196
2020-04-07;"Bratislavský kraj";24;0;0;0;NA;91405;24;2020-04-07;193
2020-04-06;"Bratislavský kraj";5;0;0;0;NA;91405;5;2020-04-06;169
2020-04-05;"Bratislavský kraj";6;0;0;0;NA;91405;6;2020-04-05;164
2020-04-04;"Bratislavský kraj";2;0;0;0;NA;91405;2;2020-04-04;158
2020-04-03;"Bratislavský kraj";1;0;0;0;NA;91405;1;2020-04-03;156
2020-04-02;"Bratislavský kraj";2;0;0;0;NA;91405;2;2020-04-02;155
2020-04-01;"Bratislavský kraj";5;0;0;0;NA;91405;5;2020-04-01;153
2020-03-31;"Bratislavský kraj";19;0;0;0;NA;91405;19;2020-03-31;148
2020-03-30;"Bratislavský kraj";6;0;0;0;NA;91405;6;2020-03-30;129
2020-03-29;"Bratislavský kraj";8;0;0;0;NA;91405;8;2020-03-29;123
2020-03-28;"Bratislavský kraj";4;0;0;0;NA;91405;4;2020-03-28;115
2020-03-27;"Bratislavský kraj";3;0;0;0;NA;91405;3;2020-03-27;111
2020-03-26;"Bratislavský kraj";15;0;0;0;NA;91405;15;2020-03-26;108
2020-03-25;"Bratislavský kraj";1;0;0;0;NA;91405;1;2020-03-25;93
2020-03-24;"Bratislavský kraj";4;0;0;0;NA;91405;4;2020-03-24;92
2020-03-23;"Bratislavský kraj";9;0;0;0;NA;91405;9;2020-03-23;88
2020-03-22;"Bratislavský kraj";2;0;0;0;NA;91405;2;2020-03-22;79
2020-03-21;"Bratislavský kraj";22;0;0;0;NA;91405;22;2020-03-21;77
2020-03-20;"Bratislavský kraj";3;0;0;0;NA;91405;3;2020-03-20;55
2020-03-19;"Bratislavský kraj";4;0;0;0;NA;91405;4;2020-03-19;52
2020-03-18;"Bratislavský kraj";3;0;0;0;NA;91405;3;2020-03-18;48
2020-03-17;"Bratislavský kraj";13;0;0;0;NA;91405;13;2020-03-17;45
2020-03-16;"Bratislavský kraj";1;0;0;0;NA;91405;1;2020-03-16;32
2020-03-15;"Bratislavský kraj";4;0;0;0;NA;91405;4;2020-03-15;31
2020-03-14;"Bratislavský kraj";9;0;0;0;NA;91405;9;2020-03-14;27
2020-03-13;"Bratislavský kraj";2;0;0;0;NA;91405;2;2020-03-13;18
2020-03-12;"Bratislavský kraj";8;0;0;0;NA;91405;8;2020-03-12;16
2020-03-11;"Bratislavský kraj";3;0;0;0;NA;91405;3;2020-03-11;8
2020-03-09;"Bratislavský kraj";0;0;0;0;NA;91405;0;2020-03-09;5
2020-03-08;"Bratislavský kraj";2;0;0;0;NA;91405;2;2020-03-08;5
2020-03-07;"Bratislavský kraj";2;0;0;0;NA;91405;2;2020-03-07;3
2020-03-06;"Bratislavský kraj";1;0;0;0;NA;91405;1;2020-03-06;1
2021-07-25;"Košický kraj";0;598;3;601;53006;97868;3;2021-07-25;97868
2021-07-24;"Košický kraj";18;840;2;842;NA;97868;20;2021-07-24;97865
2021-07-23;"Košický kraj";9;1208;0;1208;NA;97868;9;2021-07-23;97845
2021-07-22;"Košický kraj";1;1122;4;1126;NA;97868;5;2021-07-22;97836
2021-07-21;"Košický kraj";4;1048;3;1051;NA;97868;7;2021-07-21;97831
2021-07-20;"Košický kraj";6;1201;1;1202;NA;97868;7;2021-07-20;97824
2021-07-19;"Košický kraj";2;1357;2;1359;NA;97868;4;2021-07-19;97817
2021-07-18;"Košický kraj";0;643;0;643;NA;97868;0;2021-07-18;97813
2021-07-17;"Košický kraj";3;923;5;928;NA;97868;8;2021-07-17;97813
2021-07-16;"Košický kraj";3;1430;4;1434;NA;97868;7;2021-07-16;97805
2021-07-15;"Košický kraj";4;1255;4;1259;NA;97868;8;2021-07-15;97798
2021-07-14;"Košický kraj";2;1072;3;1075;NA;97868;5;2021-07-14;97790
2021-07-13;"Košický kraj";4;1325;1;1326;NA;97868;5;2021-07-13;97785
2021-07-12;"Košický kraj";3;1765;3;1768;NA;97868;6;2021-07-12;97780
2021-07-11;"Košický kraj";1;537;2;539;NA;97868;3;2021-07-11;97774
2021-07-10;"Košický kraj";9;1051;0;1051;NA;97868;9;2021-07-10;97771
2021-07-09;"Košický kraj";5;1689;5;1694;NA;97868;10;2021-07-09;97762
2021-07-08;"Košický kraj";13;1211;2;1213;NA;97868;15;2021-07-08;97752
2021-07-07;"Košický kraj";6;1436;1;1437;NA;97868;7;2021-07-07;97737
2021-07-06;"Košický kraj";4;1766;2;1768;NA;97868;6;2021-07-06;97730
2021-07-05;"Košický kraj";1;491;0;491;NA;97868;1;2021-07-05;97724
2021-07-04;"Košický kraj";0;480;2;482;NA;97868;2;2021-07-04;97723
2021-07-03;"Košický kraj";2;1112;0;1112;NA;97868;2;2021-07-03;97721
2021-07-02;"Košický kraj";2;1724;3;1727;NA;97868;5;2021-07-02;97719
2021-07-01;"Košický kraj";0;1139;2;1141;NA;97868;2;2021-07-01;97714
2021-06-30;"Košický kraj";5;9248;7;9255;NA;97868;12;2021-06-30;97712
2021-06-29;"Košický kraj";6;5692;7;5699;NA;97868;13;2021-06-29;97700
2021-06-28;"Košický kraj";5;6129;2;6131;NA;97868;7;2021-06-28;97687
2021-06-27;"Košický kraj";8;4612;3;4615;NA;97868;11;2021-06-27;97680
2021-06-26;"Košický kraj";4;5699;14;5713;NA;97868;18;2021-06-26;97669
2021-06-25;"Košický kraj";5;6981;2;6983;NA;97868;7;2021-06-25;97651
2021-06-24;"Košický kraj";1;5072;3;5075;NA;97868;4;2021-06-24;97644
2021-06-23;"Košický kraj";8;5373;3;5376;NA;97868;11;2021-06-23;97640
2021-06-22;"Košický kraj";1;5269;3;5272;NA;97868;4;2021-06-22;97629
2021-06-21;"Košický kraj";5;6830;11;6841;NA;97868;16;2021-06-21;97625
2021-06-20;"Košický kraj";0;4882;6;4888;NA;97868;6;2021-06-20;97609
2021-06-19;"Košický kraj";7;6473;1;6474;NA;97868;8;2021-06-19;97603
2021-06-18;"Košický kraj";4;7969;8;7977;NA;97868;12;2021-06-18;97595
2021-06-17;"Košický kraj";6;6128;3;6131;NA;97868;9;2021-06-17;97583
2021-06-16;"Košický kraj";11;6059;7;6066;NA;97868;18;2021-06-16;97574
2021-06-15;"Košický kraj";12;6301;2;6303;NA;97868;14;2021-06-15;97556
2021-06-14;"Košický kraj";10;7010;9;7019;NA;97868;19;2021-06-14;97542
2021-06-13;"Košický kraj";7;6948;8;6956;NA;97868;15;2021-06-13;97523
2021-06-12;"Košický kraj";7;7485;9;7494;NA;97868;16;2021-06-12;97508
2021-06-11;"Košický kraj";15;8973;6;8979;NA;97868;21;2021-06-11;97492
2021-06-10;"Košický kraj";11;6588;16;6604;NA;97868;27;2021-06-10;97471
2021-06-09;"Košický kraj";37;6056;7;6063;NA;97868;44;2021-06-09;97444
2021-06-08;"Košický kraj";33;7019;13;7032;NA;97868;46;2021-06-08;97400
2021-06-07;"Košický kraj";11;8106;22;8128;NA;97868;33;2021-06-07;97354
2021-06-06;"Košický kraj";1;7843;7;7850;NA;97868;8;2021-06-06;97321
2021-06-05;"Košický kraj";21;9286;3;9289;NA;97868;24;2021-06-05;97313
2021-06-04;"Košický kraj";26;11377;20;11397;NA;97868;46;2021-06-04;97289
2021-06-03;"Košický kraj";23;6467;14;6481;NA;97868;37;2021-06-03;97243
2021-06-02;"Košický kraj";15;7180;24;7204;NA;97868;39;2021-06-02;97206
2021-06-01;"Košický kraj";13;7562;10;7572;NA;97868;23;2021-06-01;97167
2021-05-31;"Košický kraj";13;9256;18;9274;NA;97868;31;2021-05-31;97144
2021-05-30;"Košický kraj";3;11215;10;11225;NA;97868;13;2021-05-30;97113
2021-05-29;"Košický kraj";25;10942;22;10964;NA;97868;47;2021-05-29;97100
2021-05-28;"Košický kraj";17;13055;29;13084;NA;97868;46;2021-05-28;97053
2021-05-27;"Košický kraj";19;7924;26;7950;NA;97868;45;2021-05-27;97007
2021-05-26;"Košický kraj";35;8118;27;8145;NA;97868;62;2021-05-26;96962
2021-05-25;"Košický kraj";33;9296;29;9325;NA;97868;62;2021-05-25;96900
2021-05-24;"Košický kraj";10;10855;27;10882;NA;97868;37;2021-05-24;96838
2021-05-23;"Košický kraj";4;12151;15;12166;NA;97868;19;2021-05-23;96801
2021-05-22;"Košický kraj";27;12601;19;12620;NA;97868;46;2021-05-22;96782
2021-05-21;"Košický kraj";24;14910;27;14937;NA;97868;51;2021-05-21;96736
2021-05-20;"Košický kraj";20;9422;28;9450;NA;97868;48;2021-05-20;96685
2021-05-19;"Košický kraj";30;10421;21;10442;NA;97868;51;2021-05-19;96637
2021-05-18;"Košický kraj";34;10254;36;10290;NA;97868;70;2021-05-18;96586
2021-05-17;"Košický kraj";20;12686;38;12724;NA;97868;58;2021-05-17;96516
2021-05-16;"Košický kraj";37;17865;20;17885;NA;97868;57;2021-05-16;96458
2021-05-15;"Košický kraj";22;25602;28;25630;NA;97868;50;2021-05-15;96401
2021-05-14;"Košický kraj";32;21824;42;21866;NA;97868;74;2021-05-14;96351
2021-05-13;"Košický kraj";39;10172;32;10204;NA;97868;71;2021-05-13;96277
2021-05-12;"Košický kraj";85;10868;33;10901;NA;97868;118;2021-05-12;96206
2021-05-11;"Košický kraj";68;11166;32;11198;NA;97868;100;2021-05-11;96088
2021-05-10;"Košický kraj";25;17044;42;17086;NA;97868;67;2021-05-10;95988
2021-05-09;"Košický kraj";84;25594;55;25649;NA;97868;139;2021-05-09;95921
2021-05-08;"Košický kraj";18;23197;23;23220;NA;97868;41;2021-05-08;95782
2021-05-07;"Košický kraj";51;24497;57;24554;NA;97868;108;2021-05-07;95741
2021-05-06;"Košický kraj";55;11847;43;11890;NA;97868;98;2021-05-06;95633
2021-05-05;"Košický kraj";23;12124;35;12159;NA;97868;58;2021-05-05;95535
2021-05-04;"Košický kraj";143;13562;38;13600;NA;97868;181;2021-05-04;95477
2021-05-03;"Košický kraj";37;16944;68;17012;NA;97868;105;2021-05-03;95296
2021-05-02;"Košický kraj";45;36096;56;36152;NA;97868;101;2021-05-02;95191
2021-05-01;"Košický kraj";54;52075;76;52151;NA;97868;130;2021-05-01;95090
2021-04-30;"Košický kraj";59;44602;94;44696;NA;97868;153;2021-04-30;94960
2021-04-29;"Košický kraj";76;17014;53;17067;NA;97868;129;2021-04-29;94807
2021-04-28;"Košický kraj";99;17970;52;18022;NA;97868;151;2021-04-28;94678
2021-04-27;"Košický kraj";108;20670;43;20713;NA;97868;151;2021-04-27;94527
2021-04-26;"Košický kraj";39;25915;96;26011;NA;97868;135;2021-04-26;94376
2021-04-25;"Košický kraj";23;48355;57;48412;NA;97868;80;2021-04-25;94241
2021-04-24;"Košický kraj";68;90124;114;90238;NA;97868;182;2021-04-24;94161
2021-04-23;"Košický kraj";110;41232;72;41304;NA;97868;182;2021-04-23;93979
2021-04-22;"Košický kraj";56;16772;44;16816;NA;97868;100;2021-04-22;93797
2021-04-21;"Košický kraj";114;19519;61;19580;NA;97868;175;2021-04-21;93697
2021-04-20;"Košický kraj";81;25432;63;25495;NA;97868;144;2021-04-20;93522
2021-04-19;"Košický kraj";93;29950;108;30058;NA;97868;201;2021-04-19;93378
2021-04-18;"Košický kraj";10;48913;82;48995;NA;97868;92;2021-04-18;93177
2021-04-17;"Košický kraj";187;83856;103;83959;NA;97868;290;2021-04-17;93085
2021-04-16;"Košický kraj";83;41568;127;41695;NA;97868;210;2021-04-16;92795
2021-04-15;"Košický kraj";104;18522;93;18615;NA;97868;197;2021-04-15;92585
2021-04-14;"Košický kraj";119;20089;64;20153;NA;97868;183;2021-04-14;92388
2021-04-13;"Košický kraj";81;23175;120;23295;NA;97868;201;2021-04-13;92205
2021-04-12;"Košický kraj";129;26573;124;26697;NA;97868;253;2021-04-12;92004
2021-04-11;"Košický kraj";29;46948;79;47027;NA;97868;108;2021-04-11;91751
2021-04-10;"Košický kraj";138;100114;183;100297;NA;97868;321;2021-04-10;91643
2021-04-09;"Košický kraj";168;35206;133;35339;NA;97868;301;2021-04-09;91322
2021-04-08;"Košický kraj";81;18530;90;18620;NA;97868;171;2021-04-08;91021
2021-04-07;"Košický kraj";232;28027;194;28221;NA;97868;426;2021-04-07;90850
2021-04-06;"Košický kraj";121;36495;164;36659;NA;97868;285;2021-04-06;90424
2021-04-05;"Košický kraj";19;14361;66;14427;NA;97868;85;2021-04-05;90139
2021-04-04;"Košický kraj";33;15089;66;15155;NA;97868;99;2021-04-04;90054
2021-04-03;"Košický kraj";138;97664;241;97905;NA;97868;379;2021-04-03;89955
2021-04-02;"Košický kraj";128;24515;76;24591;NA;97868;204;2021-04-02;89576
2021-04-01;"Košický kraj";165;46151;156;46307;NA;97868;321;2021-04-01;89372
2021-03-31;"Košický kraj";160;29659;124;29783;NA;97868;284;2021-03-31;89051
2021-03-30;"Košický kraj";229;24038;163;24201;NA;97868;392;2021-03-30;88767
2021-03-29;"Košický kraj";78;28843;194;29037;NA;97868;272;2021-03-29;88375
2021-03-28;"Košický kraj";39;44263;128;44391;NA;97868;167;2021-03-28;88103
2021-03-27;"Košický kraj";222;96602;265;96867;NA;97868;487;2021-03-27;87936
2021-03-26;"Košický kraj";233;45252;202;45454;NA;97868;435;2021-03-26;87449
2021-03-25;"Košický kraj";133;23804;175;23979;NA;97868;308;2021-03-25;87014
2021-03-24;"Košický kraj";165;20696;155;20851;NA;97868;320;2021-03-24;86706
2021-03-23;"Košický kraj";202;22434;192;22626;NA;97868;394;2021-03-23;86386
2021-03-22;"Košický kraj";169;26890;228;27118;NA;97868;397;2021-03-22;85992
2021-03-21;"Košický kraj";109;46746;167;46913;NA;97868;276;2021-03-21;85595
2021-03-20;"Košický kraj";126;101334;311;101645;NA;97868;437;2021-03-20;85319
2021-03-19;"Košický kraj";205;45632;260;45892;NA;97868;465;2021-03-19;84882
2021-03-18;"Košický kraj";274;23827;212;24039;NA;97868;486;2021-03-18;84417
2021-03-17;"Košický kraj";177;21548;195;21743;NA;97868;372;2021-03-17;83931
2021-03-16;"Košický kraj";386;23454;226;23680;NA;97868;612;2021-03-16;83559
2021-03-15;"Košický kraj";173;27900;297;28197;NA;97868;470;2021-03-15;82947
2021-03-14;"Košický kraj";145;44354;220;44574;NA;97868;365;2021-03-14;82477
2021-03-13;"Košický kraj";146;103790;483;104273;NA;97868;629;2021-03-13;82112
2021-03-12;"Košický kraj";366;47871;321;48192;NA;97868;687;2021-03-12;81483
2021-03-11;"Košický kraj";396;23229;263;23492;NA;97868;659;2021-03-11;80796
2021-03-10;"Košický kraj";121;22205;269;22474;NA;97868;390;2021-03-10;80137
2021-03-09;"Košický kraj";676;24509;300;24809;NA;97868;976;2021-03-09;79747
2021-03-08;"Košický kraj";559;29852;344;30196;NA;97868;903;2021-03-08;78771
2021-03-07;"Košický kraj";45;44230;299;44529;NA;97868;344;2021-03-07;77868
2021-03-06;"Košický kraj";177;105598;532;106130;NA;97868;709;2021-03-06;77524
2021-03-05;"Košický kraj";439;45567;424;45991;NA;97868;863;2021-03-05;76815
2021-03-04;"Košický kraj";417;23862;320;24182;NA;97868;737;2021-03-04;75952
2021-03-03;"Košický kraj";390;23169;298;23467;NA;97868;688;2021-03-03;75215
2021-03-02;"Košický kraj";464;24158;368;24526;NA;97868;832;2021-03-02;74527
2021-03-01;"Košický kraj";389;30013;514;30527;NA;97868;903;2021-03-01;73695
2021-02-28;"Košický kraj";265;43053;334;43387;NA;97868;599;2021-02-28;72792
2021-02-27;"Košický kraj";301;100559;784;101343;NA;97868;1085;2021-02-27;72193
2021-02-26;"Košický kraj";440;45466;492;45958;NA;97868;932;2021-02-26;71108
2021-02-25;"Košický kraj";331;19872;342;20214;NA;97868;673;2021-02-25;70176
2021-02-24;"Košický kraj";263;18751;505;19256;NA;97868;768;2021-02-24;69503
2021-02-23;"Košický kraj";642;21605;341;21946;NA;97868;983;2021-02-23;68735
2021-02-22;"Košický kraj";362;30858;434;31292;NA;97868;796;2021-02-22;67752
2021-02-21;"Košický kraj";170;40464;385;40849;NA;97868;555;2021-02-21;66956
2021-02-20;"Košický kraj";283;92550;770;93320;NA;97868;1053;2021-02-20;66401
2021-02-19;"Košický kraj";507;41579;583;42162;NA;97868;1090;2021-02-19;65348
2021-02-18;"Košický kraj";397;18442;345;18787;NA;97868;742;2021-02-18;64258
2021-02-17;"Košický kraj";322;18080;387;18467;NA;97868;709;2021-02-17;63516
2021-02-16;"Košický kraj";600;22111;463;22574;NA;97868;1063;2021-02-16;62807
2021-02-15;"Košický kraj";216;27633;419;28052;NA;97868;635;2021-02-15;61744
2021-02-14;"Košický kraj";241;56743;524;57267;NA;97868;765;2021-02-14;61109
2021-02-13;"Košický kraj";206;93745;765;94510;NA;97868;971;2021-02-13;60344
2021-02-12;"Košický kraj";448;49924;611;50535;NA;97868;1059;2021-02-12;59373
2021-02-11;"Košický kraj";435;14524;323;14847;NA;97868;758;2021-02-11;58314
2021-02-10;"Košický kraj";360;18475;431;18906;NA;97868;791;2021-02-10;57556
2021-02-09;"Košický kraj";544;24841;463;25304;NA;97868;1007;2021-02-09;56765
2021-02-08;"Košický kraj";237;24836;392;25228;NA;97868;629;2021-02-08;55758
2021-02-07;"Košický kraj";208;56897;612;57509;NA;97868;820;2021-02-07;55129
2021-02-06;"Košický kraj";318;104357;884;105241;NA;97868;1202;2021-02-06;54309
2021-02-05;"Košický kraj";384;43186;494;43680;NA;97868;878;2021-02-05;53107
2021-02-04;"Košický kraj";391;14512;371;14883;NA;97868;762;2021-02-04;52229
2021-02-03;"Košický kraj";296;12599;339;12938;NA;97868;635;2021-02-03;51467
2021-02-02;"Košický kraj";473;43883;1212;45095;NA;97868;1685;2021-02-02;50832
2021-02-01;"Košický kraj";415;21984;362;22346;NA;97868;777;2021-02-01;49147
2021-01-31;"Košický kraj";142;54690;617;55307;NA;97868;759;2021-01-31;48370
2021-01-30;"Košický kraj";320;76722;661;77383;NA;97868;981;2021-01-30;47611
2021-01-29;"Košický kraj";311;37164;466;37630;NA;97868;777;2021-01-29;46630
2021-01-28;"Košický kraj";540;9006;244;9250;NA;97868;784;2021-01-28;45853
2021-01-27;"Košický kraj";265;7575;211;7786;NA;97868;476;2021-01-27;45069
2021-01-26;"Košický kraj";530;14210;245;14455;NA;97868;775;2021-01-26;44593
2021-01-25;"Košický kraj";226;26431;413;26844;NA;97868;639;2021-01-25;43818
2021-01-24;"Košický kraj";150;44419;581;45000;NA;97868;731;2021-01-24;43179
2021-01-23;"Košický kraj";232;82705;857;83562;NA;97868;1089;2021-01-23;42448
2021-01-22;"Košický kraj";316;19997;265;20262;NA;97868;581;2021-01-22;41359
2021-01-21;"Košický kraj";274;14053;159;14212;NA;97868;433;2021-01-21;40778
2021-01-20;"Košický kraj";374;10844;201;11045;NA;97868;575;2021-01-20;40345
2021-01-19;"Košický kraj";248;9717;181;9898;NA;97868;429;2021-01-19;39770
2021-01-18;"Košický kraj";333;7659;262;7921;NA;97868;595;2021-01-18;39341
2021-01-17;"Košický kraj";155;535;14;549;NA;97868;169;2021-01-17;38746
2021-01-16;"Košický kraj";153;1403;47;1450;NA;97868;200;2021-01-16;38577
2021-01-15;"Košický kraj";308;6443;213;6656;NA;97868;521;2021-01-15;38377
2021-01-14;"Košický kraj";358;5471;221;5692;NA;97868;579;2021-01-14;37856
2021-01-13;"Košický kraj";421;4897;226;5123;NA;97868;647;2021-01-13;37277
2021-01-12;"Košický kraj";482;6784;259;7043;NA;97868;741;2021-01-12;36630
2021-01-11;"Košický kraj";309;7945;304;8249;NA;97868;613;2021-01-11;35889
2021-01-10;"Košický kraj";193;136;6;142;NA;97868;199;2021-01-10;35276
2021-01-09;"Košický kraj";469;1134;45;1179;NA;97868;514;2021-01-09;35077
2021-01-08;"Košický kraj";551;8224;388;8612;NA;97868;939;2021-01-08;34563
2021-01-07;"Košický kraj";251;6566;434;7000;NA;97868;685;2021-01-07;33624
2021-01-06;"Košický kraj";442;429;33;462;NA;97868;475;2021-01-06;32939
2021-01-05;"Košický kraj";584;8100;560;8660;NA;97868;1144;2021-01-05;32464
2021-01-04;"Košický kraj";407;7113;737;7850;NA;97868;1144;2021-01-04;31320
2021-01-03;"Košický kraj";118;661;22;683;NA;97868;140;2021-01-03;30176
2021-01-02;"Košický kraj";88;440;52;492;NA;97868;140;2021-01-02;30036
2021-01-01;"Košický kraj";398;725;49;774;NA;97868;447;2021-01-01;29896
2020-12-31;"Košický kraj";625;7877;461;8338;NA;97868;1086;2020-12-31;29449
2020-12-30;"Košický kraj";590;6477;412;6889;NA;97868;1002;2020-12-30;28363
2020-12-29;"Košický kraj";419;7573;605;8178;NA;97868;1024;2020-12-29;27361
2020-12-28;"Košický kraj";356;8296;804;9100;NA;97868;1160;2020-12-28;26337
2020-12-27;"Košický kraj";159;147;16;163;NA;97868;175;2020-12-27;25177
2020-12-26;"Košický kraj";163;274;23;297;NA;97868;186;2020-12-26;25002
2020-12-25;"Košický kraj";237;140;10;150;NA;97868;247;2020-12-25;24816
2020-12-24;"Košický kraj";564;1470;90;1560;NA;97868;654;2020-12-24;24569
2020-12-23;"Košický kraj";304;7942;354;8296;NA;97868;658;2020-12-23;23915
2020-12-22;"Košický kraj";438;7920;459;8379;NA;97868;897;2020-12-22;23257
2020-12-21;"Košický kraj";405;6984;509;7493;NA;97868;914;2020-12-21;22360
2020-12-20;"Košický kraj";215;73;11;84;NA;97868;226;2020-12-20;21446
2020-12-19;"Košický kraj";207;1309;63;1372;NA;97868;270;2020-12-19;21220
2020-12-18;"Košický kraj";310;8484;326;8810;NA;97868;636;2020-12-18;20950
2020-12-17;"Košický kraj";463;5292;255;5547;NA;97868;718;2020-12-17;20314
2020-12-16;"Košický kraj";455;5898;316;6214;NA;97868;771;2020-12-16;19596
2020-12-15;"Košický kraj";319;5086;338;5424;NA;97868;657;2020-12-15;18825
2020-12-14;"Košický kraj";256;3401;264;3665;NA;97868;520;2020-12-14;18168
2020-12-13;"Košický kraj";47;181;2;183;NA;97868;49;2020-12-13;17648
2020-12-12;"Košický kraj";369;1587;118;1705;NA;97868;487;2020-12-12;17599
2020-12-11;"Košický kraj";354;5461;258;5719;NA;97868;612;2020-12-11;17112
2020-12-10;"Košický kraj";283;4064;176;4240;NA;97868;459;2020-12-10;16500
2020-12-09;"Košický kraj";279;3786;166;3952;NA;97868;445;2020-12-09;16041
2020-12-08;"Košický kraj";226;4105;355;4460;NA;97868;581;2020-12-08;15596
2020-12-07;"Košický kraj";270;2383;106;2489;NA;97868;376;2020-12-07;15015
2020-12-06;"Košický kraj";121;97;20;117;NA;97868;141;2020-12-06;14639
2020-12-05;"Košický kraj";90;1096;48;1144;NA;97868;138;2020-12-05;14498
2020-12-04;"Košický kraj";224;2680;82;2762;NA;97868;306;2020-12-04;14360
2020-12-03;"Košický kraj";211;7717;173;7890;NA;97868;384;2020-12-03;14054
2020-12-02;"Košický kraj";193;8132;496;8628;NA;97868;689;2020-12-02;13670
2020-12-01;"Košický kraj";178;2237;124;2361;NA;97868;302;2020-12-01;12981
2020-11-30;"Košický kraj";171;3754;62;3816;NA;97868;233;2020-11-30;12679
2020-11-29;"Košický kraj";31;325;17;342;NA;97868;48;2020-11-29;12446
2020-11-28;"Košický kraj";69;721;52;773;NA;97868;121;2020-11-28;12398
2020-11-27;"Košický kraj";149;2921;78;2999;NA;97868;227;2020-11-27;12277
2020-11-26;"Košický kraj";239;1234;60;1294;NA;97868;299;2020-11-26;12050
2020-11-25;"Košický kraj";237;1785;123;1908;NA;97868;360;2020-11-25;11751
2020-11-24;"Košický kraj";196;1976;67;2043;NA;97868;263;2020-11-24;11391
2020-11-23;"Košický kraj";51;4115;63;4178;NA;97868;114;2020-11-23;11128
2020-11-22;"Košický kraj";57;57;5;62;NA;97868;62;2020-11-22;11014
2020-11-21;"Košický kraj";87;858;36;894;NA;97868;123;2020-11-21;10952
2020-11-20;"Košický kraj";176;3084;49;3133;NA;97868;225;2020-11-20;10829
2020-11-19;"Košický kraj";206;1736;48;1784;NA;97868;254;2020-11-19;10604
2020-11-18;"Košický kraj";122;532;17;549;NA;97868;139;2020-11-18;10350
2020-11-17;"Košický kraj";152;82;9;91;NA;97868;161;2020-11-17;10211
2020-11-16;"Košický kraj";114;596;27;623;NA;97868;141;2020-11-16;10050
2020-11-15;"Košický kraj";15;338;7;345;NA;97868;22;2020-11-15;9909
2020-11-14;"Košický kraj";234;520;12;532;NA;97868;246;2020-11-14;9887
2020-11-13;"Košický kraj";207;664;29;693;NA;97868;236;2020-11-13;9641
2020-11-12;"Košický kraj";192;736;13;749;NA;97868;205;2020-11-12;9405
2020-11-11;"Košický kraj";301;593;7;600;NA;97868;308;2020-11-11;9200
2020-11-10;"Košický kraj";190;541;11;552;NA;97868;201;2020-11-10;8892
2020-11-09;"Košický kraj";129;380;17;397;NA;97868;146;2020-11-09;8691
2020-11-08;"Košický kraj";78;1306;8;1314;NA;97868;86;2020-11-08;8545
2020-11-07;"Košický kraj";192;3909;22;3931;NA;97868;214;2020-11-07;8459
2020-11-06;"Košický kraj";195;5310;34;5344;NA;97868;229;2020-11-06;8245
2020-11-05;"Košický kraj";342;330;31;361;NA;97868;373;2020-11-05;8016
2020-11-04;"Košický kraj";101;154;6;160;NA;97868;107;2020-11-04;7643
2020-11-03;"Košický kraj";358;1122;13;1135;NA;97868;371;2020-11-03;7536
2020-11-02;"Košický kraj";111;6125;56;6181;NA;97868;167;2020-11-02;7165
2020-11-01;"Košický kraj";346;6522;34;6556;NA;97868;380;2020-11-01;6998
2020-10-31;"Košický kraj";82;14035;106;14141;NA;97868;188;2020-10-31;6618
2020-10-30;"Košický kraj";379;2835;27;2862;NA;97868;406;2020-10-30;6430
2020-10-29;"Košický kraj";333;983;13;996;NA;97868;346;2020-10-29;6024
2020-10-28;"Košický kraj";224;305;13;318;NA;97868;237;2020-10-28;5678
2020-10-27;"Košický kraj";386;439;21;460;NA;97868;407;2020-10-27;5441
2020-10-26;"Košický kraj";56;212;12;224;NA;97868;68;2020-10-26;5034
2020-10-25;"Košický kraj";154;79;2;81;NA;97868;156;2020-10-25;4966
2020-10-24;"Košický kraj";313;118;16;134;NA;97868;329;2020-10-24;4810
2020-10-23;"Košický kraj";315;331;8;339;NA;97868;323;2020-10-23;4481
2020-10-22;"Košický kraj";349;530;16;546;NA;97868;365;2020-10-22;4158
2020-10-21;"Košický kraj";129;84;2;86;NA;97868;131;2020-10-21;3793
2020-10-20;"Košický kraj";181;14;1;15;NA;97868;182;2020-10-20;3662
2020-10-19;"Košický kraj";64;38;1;39;NA;97868;65;2020-10-19;3480
2020-10-18;"Košický kraj";158;0;0;0;NA;97868;158;2020-10-18;3415
2020-10-17;"Košický kraj";142;0;0;0;NA;97868;142;2020-10-17;3257
2020-10-16;"Košický kraj";206;19;0;19;NA;97868;206;2020-10-16;3115
2020-10-15;"Košický kraj";177;19;5;24;NA;97868;182;2020-10-15;2909
2020-10-14;"Košický kraj";211;8;0;8;NA;97868;211;2020-10-14;2727
2020-10-13;"Košický kraj";179;80;3;83;NA;97868;182;2020-10-13;2516
2020-10-12;"Košický kraj";74;0;0;0;NA;97868;74;2020-10-12;2334
2020-10-11;"Košický kraj";121;0;0;0;NA;97868;121;2020-10-11;2260
2020-10-10;"Košický kraj";70;0;0;0;NA;97868;70;2020-10-10;2139
2020-10-09;"Košický kraj";188;0;0;0;NA;97868;188;2020-10-09;2069
2020-10-08;"Košický kraj";102;0;0;0;NA;97868;102;2020-10-08;1881
2020-10-07;"Košický kraj";158;0;0;0;NA;97868;158;2020-10-07;1779
2020-10-06;"Košický kraj";70;0;0;0;NA;97868;70;2020-10-06;1621
2020-10-05;"Košický kraj";39;0;0;0;NA;97868;39;2020-10-05;1551
2020-10-04;"Košický kraj";45;0;0;0;NA;97868;45;2020-10-04;1512
2020-10-03;"Košický kraj";105;0;0;0;NA;97868;105;2020-10-03;1467
2020-10-02;"Košický kraj";57;0;0;0;NA;97868;57;2020-10-02;1362
2020-10-01;"Košický kraj";69;0;0;0;NA;97868;69;2020-10-01;1305
2020-09-30;"Košický kraj";95;0;0;0;NA;97868;95;2020-09-30;1236
2020-09-29;"Košický kraj";75;0;0;0;NA;97868;75;2020-09-29;1141
2020-09-28;"Košický kraj";19;0;0;0;NA;97868;19;2020-09-28;1066
2020-09-27;"Košický kraj";21;0;0;0;NA;97868;21;2020-09-27;1047
2020-09-26;"Košický kraj";53;0;0;0;NA;97868;53;2020-09-26;1026
2020-09-25;"Košický kraj";72;0;0;0;NA;97868;72;2020-09-25;973
2020-09-24;"Košický kraj";35;0;0;0;NA;97868;35;2020-09-24;901
2020-09-23;"Košický kraj";23;0;0;0;NA;97868;23;2020-09-23;866
2020-09-22;"Košický kraj";39;0;0;0;NA;97868;39;2020-09-22;843
2020-09-21;"Košický kraj";5;0;0;0;NA;97868;5;2020-09-21;804
2020-09-20;"Košický kraj";3;0;0;0;NA;97868;3;2020-09-20;799
2020-09-19;"Košický kraj";13;0;0;0;NA;97868;13;2020-09-19;796
2020-09-18;"Košický kraj";20;0;0;0;NA;97868;20;2020-09-18;783
2020-09-17;"Košický kraj";22;0;0;0;NA;97868;22;2020-09-17;763
2020-09-16;"Košický kraj";12;0;0;0;NA;97868;12;2020-09-16;741
2020-09-15;"Košický kraj";10;0;0;0;NA;97868;10;2020-09-15;729
2020-09-14;"Košický kraj";6;0;0;0;NA;97868;6;2020-09-14;719
2020-09-13;"Košický kraj";3;0;0;0;NA;97868;3;2020-09-13;713
2020-09-12;"Košický kraj";16;0;0;0;NA;97868;16;2020-09-12;710
2020-09-11;"Košický kraj";20;0;0;0;NA;97868;20;2020-09-11;694
2020-09-10;"Košický kraj";11;0;0;0;NA;97868;11;2020-09-10;674
2020-09-09;"Košický kraj";37;0;0;0;NA;97868;37;2020-09-09;663
2020-09-08;"Košický kraj";10;0;0;0;NA;97868;10;2020-09-08;626
2020-09-07;"Košický kraj";4;0;0;0;NA;97868;4;2020-09-07;616
2020-09-06;"Košický kraj";2;0;0;0;NA;97868;2;2020-09-06;612
2020-09-05;"Košický kraj";10;0;0;0;NA;97868;10;2020-09-05;610
2020-09-04;"Košický kraj";14;0;0;0;NA;97868;14;2020-09-04;600
2020-09-03;"Košický kraj";22;0;0;0;NA;97868;22;2020-09-03;586
2020-09-02;"Košický kraj";13;0;0;0;NA;97868;13;2020-09-02;564
2020-09-01;"Košický kraj";21;0;0;0;NA;97868;21;2020-09-01;551
2020-08-31;"Košický kraj";9;0;0;0;NA;97868;9;2020-08-31;530
2020-08-30;"Košický kraj";21;0;0;0;NA;97868;21;2020-08-30;521
2020-08-29;"Košický kraj";1;0;0;0;NA;97868;1;2020-08-29;500
2020-08-28;"Košický kraj";19;0;0;0;NA;97868;19;2020-08-28;499
2020-08-27;"Košický kraj";15;0;0;0;NA;97868;15;2020-08-27;480
2020-08-26;"Košický kraj";8;0;0;0;NA;97868;8;2020-08-26;465
2020-08-25;"Košický kraj";23;0;0;0;NA;97868;23;2020-08-25;457
2020-08-24;"Košický kraj";6;0;0;0;NA;97868;6;2020-08-24;434
2020-08-23;"Košický kraj";8;0;0;0;NA;97868;8;2020-08-23;428
2020-08-22;"Košický kraj";13;0;0;0;NA;97868;13;2020-08-22;420
2020-08-21;"Košický kraj";10;0;0;0;NA;97868;10;2020-08-21;407
2020-08-20;"Košický kraj";10;0;0;0;NA;97868;10;2020-08-20;397
2020-08-19;"Košický kraj";3;0;0;0;NA;97868;3;2020-08-19;387
2020-08-18;"Košický kraj";7;0;0;0;NA;97868;7;2020-08-18;384
2020-08-17;"Košický kraj";2;0;0;0;NA;97868;2;2020-08-17;377
2020-08-16;"Košický kraj";2;0;0;0;NA;97868;2;2020-08-16;375
2020-08-15;"Košický kraj";3;0;0;0;NA;97868;3;2020-08-15;373
2020-08-14;"Košický kraj";1;0;0;0;NA;97868;1;2020-08-14;370
2020-08-13;"Košický kraj";3;0;0;0;NA;97868;3;2020-08-13;369
2020-08-12;"Košický kraj";12;0;0;0;NA;97868;12;2020-08-12;366
2020-08-11;"Košický kraj";5;0;0;0;NA;97868;5;2020-08-11;354
2020-08-10;"Košický kraj";1;0;0;0;NA;97868;1;2020-08-10;349
2020-08-09;"Košický kraj";0;0;0;0;NA;97868;0;2020-08-09;348
2020-08-08;"Košický kraj";5;0;0;0;NA;97868;5;2020-08-08;348
2020-08-07;"Košický kraj";7;0;0;0;NA;97868;7;2020-08-07;343
2020-08-06;"Košický kraj";3;0;0;0;NA;97868;3;2020-08-06;336
2020-08-05;"Košický kraj";4;0;0;0;NA;97868;4;2020-08-05;333
2020-08-04;"Košický kraj";1;0;0;0;NA;97868;1;2020-08-04;329
2020-08-03;"Košický kraj";1;0;0;0;NA;97868;1;2020-08-03;328
2020-08-02;"Košický kraj";0;0;0;0;NA;97868;0;2020-08-02;327
2020-08-01;"Košický kraj";0;0;0;0;NA;97868;0;2020-08-01;327
2020-07-31;"Košický kraj";0;0;0;0;NA;97868;0;2020-07-31;327
2020-07-30;"Košický kraj";2;0;0;0;NA;97868;2;2020-07-30;327
2020-07-29;"Košický kraj";1;0;0;0;NA;97868;1;2020-07-29;325
2020-07-28;"Košický kraj";9;0;0;0;NA;97868;9;2020-07-28;324
2020-07-27;"Košický kraj";4;0;0;0;NA;97868;4;2020-07-27;315
2020-07-26;"Košický kraj";0;0;0;0;NA;97868;0;2020-07-26;311
2020-07-25;"Košický kraj";2;0;0;0;NA;97868;2;2020-07-25;311
2020-07-24;"Košický kraj";2;0;0;0;NA;97868;2;2020-07-24;309
2020-07-23;"Košický kraj";1;0;0;0;NA;97868;1;2020-07-23;307
2020-07-22;"Košický kraj";1;0;0;0;NA;97868;1;2020-07-22;306
2020-07-21;"Košický kraj";0;0;0;0;NA;97868;0;2020-07-21;305
2020-07-20;"Košický kraj";0;0;0;0;NA;97868;0;2020-07-20;305
2020-07-19;"Košický kraj";0;0;0;0;NA;97868;0;2020-07-19;305
2020-07-18;"Košický kraj";1;0;0;0;NA;97868;1;2020-07-18;305
2020-07-17;"Košický kraj";1;0;0;0;NA;97868;1;2020-07-17;304
2020-07-16;"Košický kraj";0;0;0;0;NA;97868;0;2020-07-16;303
2020-07-15;"Košický kraj";2;0;0;0;NA;97868;2;2020-07-15;303
2020-07-14;"Košický kraj";1;0;0;0;NA;97868;1;2020-07-14;301
2020-07-13;"Košický kraj";1;0;0;0;NA;97868;1;2020-07-13;300
2020-07-12;"Košický kraj";0;0;0;0;NA;97868;0;2020-07-12;299
2020-07-11;"Košický kraj";0;0;0;0;NA;97868;0;2020-07-11;299
2020-07-10;"Košický kraj";1;0;0;0;NA;97868;1;2020-07-10;299
2020-07-09;"Košický kraj";1;0;0;0;NA;97868;1;2020-07-09;298
2020-07-08;"Košický kraj";12;0;0;0;NA;97868;12;2020-07-08;297
2020-07-07;"Košický kraj";0;0;0;0;NA;97868;0;2020-07-07;285
2020-07-06;"Košický kraj";0;0;0;0;NA;97868;0;2020-07-06;285
2020-07-05;"Košický kraj";0;0;0;0;NA;97868;0;2020-07-05;285
2020-07-04;"Košický kraj";0;0;0;0;NA;97868;0;2020-07-04;285
2020-07-03;"Košický kraj";1;0;0;0;NA;97868;1;2020-07-03;285
2020-07-02;"Košický kraj";0;0;0;0;NA;97868;0;2020-07-02;284
2020-07-01;"Košický kraj";1;0;0;0;NA;97868;1;2020-07-01;284
2020-06-30;"Košický kraj";0;0;0;0;NA;97868;0;2020-06-30;283
2020-06-29;"Košický kraj";0;0;0;0;NA;97868;0;2020-06-29;283
2020-06-28;"Košický kraj";0;0;0;0;NA;97868;0;2020-06-28;283
2020-06-27;"Košický kraj";0;0;0;0;NA;97868;0;2020-06-27;283
2020-06-26;"Košický kraj";0;0;0;0;NA;97868;0;2020-06-26;283
2020-06-25;"Košický kraj";3;0;0;0;NA;97868;3;2020-06-25;283
2020-06-24;"Košický kraj";3;0;0;0;NA;97868;3;2020-06-24;280
2020-06-23;"Košický kraj";3;0;0;0;NA;97868;3;2020-06-23;277
2020-06-22;"Košický kraj";0;0;0;0;NA;97868;0;2020-06-22;274
2020-06-21;"Košický kraj";0;0;0;0;NA;97868;0;2020-06-21;274
2020-06-20;"Košický kraj";0;0;0;0;NA;97868;0;2020-06-20;274
2020-06-19;"Košický kraj";0;0;0;0;NA;97868;0;2020-06-19;274
2020-06-18;"Košický kraj";1;0;0;0;NA;97868;1;2020-06-18;274
2020-06-17;"Košický kraj";0;0;0;0;NA;97868;0;2020-06-17;273
2020-06-16;"Košický kraj";2;0;0;0;NA;97868;2;2020-06-16;273
2020-06-14;"Košický kraj";0;0;0;0;NA;97868;0;2020-06-14;271
2020-06-13;"Košický kraj";0;0;0;0;NA;97868;0;2020-06-13;271
2020-06-12;"Košický kraj";0;0;0;0;NA;97868;0;2020-06-12;271
2020-06-11;"Košický kraj";0;0;0;0;NA;97868;0;2020-06-11;271
2020-06-10;"Košický kraj";6;0;0;0;NA;97868;6;2020-06-10;271
2020-06-09;"Košický kraj";0;0;0;0;NA;97868;0;2020-06-09;265
2020-06-08;"Košický kraj";0;0;0;0;NA;97868;0;2020-06-08;265
2020-06-07;"Košický kraj";2;0;0;0;NA;97868;2;2020-06-07;265
2020-06-05;"Košický kraj";0;0;0;0;NA;97868;0;2020-06-05;263
2020-06-03;"Košický kraj";0;0;0;0;NA;97868;0;2020-06-03;263
2020-06-02;"Košický kraj";1;0;0;0;NA;97868;1;2020-06-02;263
2020-05-31;"Košický kraj";0;0;0;0;NA;97868;0;2020-05-31;262
2020-05-29;"Košický kraj";1;0;0;0;NA;97868;1;2020-05-29;262
2020-05-27;"Košický kraj";0;0;0;0;NA;97868;0;2020-05-27;261
2020-05-26;"Košický kraj";1;0;0;0;NA;97868;1;2020-05-26;261
2020-05-25;"Košický kraj";1;0;0;0;NA;97868;1;2020-05-25;260
2020-05-24;"Košický kraj";0;0;0;0;NA;97868;0;2020-05-24;259
2020-05-23;"Košický kraj";0;0;0;0;NA;97868;0;2020-05-23;259
2020-05-22;"Košický kraj";0;0;0;0;NA;97868;0;2020-05-22;259
2020-05-21;"Košický kraj";0;0;0;0;NA;97868;0;2020-05-21;259
2020-05-20;"Košický kraj";3;0;0;0;NA;97868;3;2020-05-20;259
2020-05-19;"Košický kraj";0;0;0;0;NA;97868;0;2020-05-19;256
2020-05-17;"Košický kraj";1;0;0;0;NA;97868;1;2020-05-17;256
2020-05-16;"Košický kraj";1;0;0;0;NA;97868;1;2020-05-16;255
2020-05-15;"Košický kraj";10;0;0;0;NA;97868;10;2020-05-15;254
2020-05-14;"Košický kraj";1;0;0;0;NA;97868;1;2020-05-14;244
2020-05-13;"Košický kraj";6;0;0;0;NA;97868;6;2020-05-13;243
2020-05-12;"Košický kraj";0;0;0;0;NA;97868;0;2020-05-12;237
2020-05-11;"Košický kraj";0;0;0;0;NA;97868;0;2020-05-11;237
2020-05-09;"Košický kraj";0;0;0;0;NA;97868;0;2020-05-09;237
2020-05-07;"Košický kraj";0;0;0;0;NA;97868;0;2020-05-07;237
2020-05-06;"Košický kraj";1;0;0;0;NA;97868;1;2020-05-06;237
2020-05-05;"Košický kraj";0;0;0;0;NA;97868;0;2020-05-05;236
2020-05-04;"Košický kraj";0;0;0;0;NA;97868;0;2020-05-04;236
2020-05-03;"Košický kraj";0;0;0;0;NA;97868;0;2020-05-03;236
2020-05-02;"Košický kraj";1;0;0;0;NA;97868;1;2020-05-02;236
2020-05-01;"Košický kraj";0;0;0;0;NA;97868;0;2020-05-01;235
2020-04-30;"Košický kraj";1;0;0;0;NA;97868;1;2020-04-30;235
2020-04-29;"Košický kraj";1;0;0;0;NA;97868;1;2020-04-29;234
2020-04-28;"Košický kraj";1;0;0;0;NA;97868;1;2020-04-28;233
2020-04-27;"Košický kraj";1;0;0;0;NA;97868;1;2020-04-27;232
2020-04-26;"Košický kraj";0;0;0;0;NA;97868;0;2020-04-26;231
2020-04-25;"Košický kraj";0;0;0;0;NA;97868;0;2020-04-25;231
2020-04-24;"Košický kraj";3;0;0;0;NA;97868;3;2020-04-24;231
2020-04-23;"Košický kraj";4;0;0;0;NA;97868;4;2020-04-23;228
2020-04-22;"Košický kraj";21;0;0;0;NA;97868;21;2020-04-22;224
2020-04-21;"Košický kraj";4;0;0;0;NA;97868;4;2020-04-21;203
2020-04-20;"Košický kraj";0;0;0;0;NA;97868;0;2020-04-20;199
2020-04-19;"Košický kraj";1;0;0;0;NA;97868;1;2020-04-19;199
2020-04-18;"Košický kraj";2;0;0;0;NA;97868;2;2020-04-18;198
2020-04-17;"Košický kraj";7;0;0;0;NA;97868;7;2020-04-17;196
2020-04-16;"Košický kraj";29;0;0;0;NA;97868;29;2020-04-16;189
2020-04-15;"Košický kraj";50;0;0;0;NA;97868;50;2020-04-15;160
2020-04-14;"Košický kraj";4;0;0;0;NA;97868;4;2020-04-14;110
2020-04-13;"Košický kraj";5;0;0;0;NA;97868;5;2020-04-13;106
2020-04-12;"Košický kraj";4;0;0;0;NA;97868;4;2020-04-12;101
2020-04-11;"Košický kraj";2;0;0;0;NA;97868;2;2020-04-11;97
2020-04-10;"Košický kraj";1;0;0;0;NA;97868;1;2020-04-10;95
2020-04-09;"Košický kraj";4;0;0;0;NA;97868;4;2020-04-09;94
2020-04-08;"Košický kraj";5;0;0;0;NA;97868;5;2020-04-08;90
2020-04-07;"Košický kraj";34;0;0;0;NA;97868;34;2020-04-07;85
2020-04-06;"Košický kraj";6;0;0;0;NA;97868;6;2020-04-06;51
2020-04-05;"Košický kraj";4;0;0;0;NA;97868;4;2020-04-05;45
2020-04-04;"Košický kraj";5;0;0;0;NA;97868;5;2020-04-04;41
2020-04-03;"Košický kraj";4;0;0;0;NA;97868;4;2020-04-03;36
2020-04-02;"Košický kraj";3;0;0;0;NA;97868;3;2020-04-02;32
2020-04-01;"Košický kraj";3;0;0;0;NA;97868;3;2020-04-01;29
2020-03-31;"Košický kraj";1;0;0;0;NA;97868;1;2020-03-31;26
2020-03-30;"Košický kraj";5;0;0;0;NA;97868;5;2020-03-30;25
2020-03-29;"Košický kraj";0;0;0;0;NA;97868;0;2020-03-29;20
2020-03-28;"Košický kraj";1;0;0;0;NA;97868;1;2020-03-28;20
2020-03-27;"Košický kraj";1;0;0;0;NA;97868;1;2020-03-27;19
2020-03-26;"Košický kraj";3;0;0;0;NA;97868;3;2020-03-26;18
2020-03-25;"Košický kraj";2;0;0;0;NA;97868;2;2020-03-25;15
2020-03-24;"Košický kraj";0;0;0;0;NA;97868;0;2020-03-24;13
2020-03-23;"Košický kraj";2;0;0;0;NA;97868;2;2020-03-23;13
2020-03-22;"Košický kraj";0;0;0;0;NA;97868;0;2020-03-22;11
2020-03-21;"Košický kraj";3;0;0;0;NA;97868;3;2020-03-21;11
2020-03-20;"Košický kraj";1;0;0;0;NA;97868;1;2020-03-20;8
2020-03-19;"Košický kraj";0;0;0;0;NA;97868;0;2020-03-19;7
2020-03-18;"Košický kraj";0;0;0;0;NA;97868;0;2020-03-18;7
2020-03-17;"Košický kraj";0;0;0;0;NA;97868;0;2020-03-17;7
2020-03-16;"Košický kraj";3;0;0;0;NA;97868;3;2020-03-16;7
2020-03-15;"Košický kraj";1;0;0;0;NA;97868;1;2020-03-15;4
2020-03-14;"Košický kraj";0;0;0;0;NA;97868;0;2020-03-14;3
2020-03-13;"Košický kraj";2;0;0;0;NA;97868;2;2020-03-13;3
2020-03-12;"Košický kraj";0;0;0;0;NA;97868;0;2020-03-12;1
2020-03-11;"Košický kraj";0;0;0;0;NA;97868;0;2020-03-11;1
2020-03-09;"Košický kraj";1;0;0;0;NA;97868;1;2020-03-09;1
2020-03-08;"Košický kraj";0;0;0;0;NA;97868;0;2020-03-08;0
2020-03-07;"Košický kraj";0;0;0;0;NA;97868;0;2020-03-07;0
2020-03-06;"Košický kraj";0;0;0;0;NA;97868;0;2020-03-06;0
2021-07-25;"Nitriansky kraj";1;497;1;498;39310;92783;2;2021-07-25;92783
2021-07-24;"Nitriansky kraj";0;508;0;508;NA;92783;0;2021-07-24;92781
2021-07-23;"Nitriansky kraj";3;744;1;745;NA;92783;4;2021-07-23;92781
2021-07-22;"Nitriansky kraj";5;521;0;521;NA;92783;5;2021-07-22;92777
2021-07-21;"Nitriansky kraj";6;513;2;515;NA;92783;8;2021-07-21;92772
2021-07-20;"Nitriansky kraj";1;469;1;470;NA;92783;2;2021-07-20;92764
2021-07-19;"Nitriansky kraj";2;653;0;653;NA;92783;2;2021-07-19;92762
2021-07-18;"Nitriansky kraj";1;685;0;685;NA;92783;1;2021-07-18;92760
2021-07-17;"Nitriansky kraj";5;456;0;456;NA;92783;5;2021-07-17;92759
2021-07-16;"Nitriansky kraj";2;784;0;784;NA;92783;2;2021-07-16;92754
2021-07-15;"Nitriansky kraj";11;570;0;570;NA;92783;11;2021-07-15;92752
2021-07-14;"Nitriansky kraj";4;488;0;488;NA;92783;4;2021-07-14;92741
2021-07-13;"Nitriansky kraj";2;637;2;639;NA;92783;4;2021-07-13;92737
2021-07-12;"Nitriansky kraj";1;754;0;754;NA;92783;1;2021-07-12;92733
2021-07-11;"Nitriansky kraj";1;546;0;546;NA;92783;1;2021-07-11;92732
2021-07-10;"Nitriansky kraj";1;573;0;573;NA;92783;1;2021-07-10;92731
2021-07-09;"Nitriansky kraj";3;870;0;870;NA;92783;3;2021-07-09;92730
2021-07-08;"Nitriansky kraj";0;616;0;616;NA;92783;0;2021-07-08;92727
2021-07-07;"Nitriansky kraj";2;874;2;876;NA;92783;4;2021-07-07;92727
2021-07-06;"Nitriansky kraj";1;891;1;892;NA;92783;2;2021-07-06;92723
2021-07-05;"Nitriansky kraj";1;452;0;452;NA;92783;1;2021-07-05;92721
2021-07-04;"Nitriansky kraj";0;745;1;746;NA;92783;1;2021-07-04;92720
2021-07-03;"Nitriansky kraj";0;611;0;611;NA;92783;0;2021-07-03;92719
2021-07-02;"Nitriansky kraj";0;1061;0;1061;NA;92783;0;2021-07-02;92719
2021-07-01;"Nitriansky kraj";0;316;1;317;NA;92783;1;2021-07-01;92719
2021-06-30;"Nitriansky kraj";1;6536;2;6538;NA;92783;3;2021-06-30;92718
2021-06-29;"Nitriansky kraj";1;3310;0;3310;NA;92783;1;2021-06-29;92715
2021-06-28;"Nitriansky kraj";3;4393;0;4393;NA;92783;3;2021-06-28;92714
2021-06-27;"Nitriansky kraj";0;3263;0;3263;NA;92783;0;2021-06-27;92711
2021-06-26;"Nitriansky kraj";1;4845;2;4847;NA;92783;3;2021-06-26;92711
2021-06-25;"Nitriansky kraj";8;5174;1;5175;NA;92783;9;2021-06-25;92708
2021-06-24;"Nitriansky kraj";1;3354;0;3354;NA;92783;1;2021-06-24;92699
2021-06-23;"Nitriansky kraj";1;3033;0;3033;NA;92783;1;2021-06-23;92698
2021-06-22;"Nitriansky kraj";1;3240;3;3243;NA;92783;4;2021-06-22;92697
2021-06-21;"Nitriansky kraj";8;5059;8;5067;NA;92783;16;2021-06-21;92693
2021-06-20;"Nitriansky kraj";0;4437;6;4443;NA;92783;6;2021-06-20;92677
2021-06-19;"Nitriansky kraj";0;5750;4;5754;NA;92783;4;2021-06-19;92671
2021-06-18;"Nitriansky kraj";4;6453;3;6456;NA;92783;7;2021-06-18;92667
2021-06-17;"Nitriansky kraj";5;4152;1;4153;NA;92783;6;2021-06-17;92660
2021-06-16;"Nitriansky kraj";4;3694;3;3697;NA;92783;7;2021-06-16;92654
2021-06-15;"Nitriansky kraj";1;3995;0;3995;NA;92783;1;2021-06-15;92647
2021-06-14;"Nitriansky kraj";0;5590;3;5593;NA;92783;3;2021-06-14;92646
2021-06-13;"Nitriansky kraj";0;6184;3;6187;NA;92783;3;2021-06-13;92643
2021-06-12;"Nitriansky kraj";1;7913;1;7914;NA;92783;2;2021-06-12;92640
2021-06-11;"Nitriansky kraj";3;6768;4;6772;NA;92783;7;2021-06-11;92638
2021-06-10;"Nitriansky kraj";7;4539;1;4540;NA;92783;8;2021-06-10;92631
2021-06-09;"Nitriansky kraj";2;4517;2;4519;NA;92783;4;2021-06-09;92623
2021-06-08;"Nitriansky kraj";8;4239;3;4242;NA;92783;11;2021-06-08;92619
2021-06-07;"Nitriansky kraj";6;5648;8;5656;NA;92783;14;2021-06-07;92608
2021-06-06;"Nitriansky kraj";0;6981;4;6985;NA;92783;4;2021-06-06;92594
2021-06-05;"Nitriansky kraj";6;8417;9;8426;NA;92783;15;2021-06-05;92590
2021-06-04;"Nitriansky kraj";9;7462;5;7467;NA;92783;14;2021-06-04;92575
2021-06-03;"Nitriansky kraj";2;5064;6;5070;NA;92783;8;2021-06-03;92561
2021-06-02;"Nitriansky kraj";11;4902;11;4913;NA;92783;22;2021-06-02;92553
2021-06-01;"Nitriansky kraj";3;4698;2;4700;NA;92783;5;2021-06-01;92531
2021-05-31;"Nitriansky kraj";8;8708;8;8716;NA;92783;16;2021-05-31;92526
2021-05-30;"Nitriansky kraj";1;9067;8;9075;NA;92783;9;2021-05-30;92510
2021-05-29;"Nitriansky kraj";2;12799;7;12806;NA;92783;9;2021-05-29;92501
2021-05-28;"Nitriansky kraj";10;8872;6;8878;NA;92783;16;2021-05-28;92492
2021-05-27;"Nitriansky kraj";4;6015;5;6020;NA;92783;9;2021-05-27;92476
2021-05-26;"Nitriansky kraj";11;8266;8;8274;NA;92783;19;2021-05-26;92467
2021-05-25;"Nitriansky kraj";15;7228;8;7236;NA;92783;23;2021-05-25;92448
2021-05-24;"Nitriansky kraj";14;9599;17;9616;NA;92783;31;2021-05-24;92425
2021-05-23;"Nitriansky kraj";1;9456;13;9469;NA;92783;14;2021-05-23;92394
2021-05-22;"Nitriansky kraj";7;16774;11;16785;NA;92783;18;2021-05-22;92380
2021-05-21;"Nitriansky kraj";18;10473;15;10488;NA;92783;33;2021-05-21;92362
2021-05-20;"Nitriansky kraj";8;7059;7;7066;NA;92783;15;2021-05-20;92329
2021-05-19;"Nitriansky kraj";20;6640;14;6654;NA;92783;34;2021-05-19;92314
2021-05-18;"Nitriansky kraj";23;7615;18;7633;NA;92783;41;2021-05-18;92280
2021-05-17;"Nitriansky kraj";22;9575;20;9595;NA;92783;42;2021-05-17;92239
2021-05-16;"Nitriansky kraj";4;13830;15;13845;NA;92783;19;2021-05-16;92197
2021-05-15;"Nitriansky kraj";5;25389;23;25412;NA;92783;28;2021-05-15;92178
2021-05-14;"Nitriansky kraj";18;13273;23;13296;NA;92783;41;2021-05-14;92150
2021-05-13;"Nitriansky kraj";24;8049;19;8068;NA;92783;43;2021-05-13;92109
2021-05-12;"Nitriansky kraj";10;7466;26;7492;NA;92783;36;2021-05-12;92066
2021-05-11;"Nitriansky kraj";36;7978;13;7991;NA;92783;49;2021-05-11;92030
2021-05-10;"Nitriansky kraj";16;13590;33;13623;NA;92783;49;2021-05-10;91981
2021-05-09;"Nitriansky kraj";8;21879;35;21914;NA;92783;43;2021-05-09;91932
2021-05-08;"Nitriansky kraj";0;24318;29;24347;NA;92783;29;2021-05-08;91889
2021-05-07;"Nitriansky kraj";32;14657;20;14677;NA;92783;52;2021-05-07;91860
2021-05-06;"Nitriansky kraj";30;9275;20;9295;NA;92783;50;2021-05-06;91808
2021-05-05;"Nitriansky kraj";19;8518;23;8541;NA;92783;42;2021-05-05;91758
2021-05-04;"Nitriansky kraj";46;8954;27;8981;NA;92783;73;2021-05-04;91716
2021-05-03;"Nitriansky kraj";32;14490;44;14534;NA;92783;76;2021-05-03;91643
2021-05-02;"Nitriansky kraj";4;31751;46;31797;NA;92783;50;2021-05-02;91567
2021-05-01;"Nitriansky kraj";23;60451;43;60494;NA;92783;66;2021-05-01;91517
2021-04-30;"Nitriansky kraj";28;31803;53;31856;NA;92783;81;2021-04-30;91451
2021-04-29;"Nitriansky kraj";27;13995;32;14027;NA;92783;59;2021-04-29;91370
2021-04-28;"Nitriansky kraj";36;14716;45;14761;NA;92783;81;2021-04-28;91311
2021-04-27;"Nitriansky kraj";51;13154;35;13189;NA;92783;86;2021-04-27;91230
2021-04-26;"Nitriansky kraj";38;21029;44;21073;NA;92783;82;2021-04-26;91144
2021-04-25;"Nitriansky kraj";7;44053;43;44096;NA;92783;50;2021-04-25;91062
2021-04-24;"Nitriansky kraj";23;93455;72;93527;NA;92783;95;2021-04-24;91012
2021-04-23;"Nitriansky kraj";54;35145;51;35196;NA;92783;105;2021-04-23;90917
2021-04-22;"Nitriansky kraj";32;15435;44;15479;NA;92783;76;2021-04-22;90812
2021-04-21;"Nitriansky kraj";38;14222;45;14267;NA;92783;83;2021-04-21;90736
2021-04-20;"Nitriansky kraj";67;16058;51;16109;NA;92783;118;2021-04-20;90653
2021-04-19;"Nitriansky kraj";35;24816;59;24875;NA;92783;94;2021-04-19;90535
2021-04-18;"Nitriansky kraj";0;39569;27;39596;NA;92783;27;2021-04-18;90441
2021-04-17;"Nitriansky kraj";34;92102;82;92184;NA;92783;116;2021-04-17;90414
2021-04-16;"Nitriansky kraj";46;32348;37;32385;NA;92783;83;2021-04-16;90298
2021-04-15;"Nitriansky kraj";75;16215;52;16267;NA;92783;127;2021-04-15;90215
2021-04-14;"Nitriansky kraj";43;15303;42;15345;NA;92783;85;2021-04-14;90088
2021-04-13;"Nitriansky kraj";110;15104;44;15148;NA;92783;154;2021-04-13;90003
2021-04-12;"Nitriansky kraj";29;22817;50;22867;NA;92783;79;2021-04-12;89849
2021-04-11;"Nitriansky kraj";1;37537;31;37568;NA;92783;32;2021-04-11;89770
2021-04-10;"Nitriansky kraj";35;95851;115;95966;NA;92783;150;2021-04-10;89738
2021-04-09;"Nitriansky kraj";69;30669;58;30727;NA;92783;127;2021-04-09;89588
2021-04-08;"Nitriansky kraj";71;15369;36;15405;NA;92783;107;2021-04-08;89461
2021-04-07;"Nitriansky kraj";64;18541;47;18588;NA;92783;111;2021-04-07;89354
2021-04-06;"Nitriansky kraj";65;33218;112;33330;NA;92783;177;2021-04-06;89243
2021-04-05;"Nitriansky kraj";37;12673;48;12721;NA;92783;85;2021-04-05;89066
2021-04-04;"Nitriansky kraj";5;17887;35;17922;NA;92783;40;2021-04-04;88981
2021-04-03;"Nitriansky kraj";26;85465;153;85618;NA;92783;179;2021-04-03;88941
2021-04-02;"Nitriansky kraj";32;18743;46;18789;NA;92783;78;2021-04-02;88762
2021-04-01;"Nitriansky kraj";63;24610;83;24693;NA;92783;146;2021-04-01;88684
2021-03-31;"Nitriansky kraj";73;21752;94;21846;NA;92783;167;2021-03-31;88538
2021-03-30;"Nitriansky kraj";125;17122;83;17205;NA;92783;208;2021-03-30;88371
2021-03-29;"Nitriansky kraj";81;25139;100;25239;NA;92783;181;2021-03-29;88163
2021-03-28;"Nitriansky kraj";6;45581;106;45687;NA;92783;112;2021-03-28;87982
2021-03-27;"Nitriansky kraj";39;104125;174;104299;NA;92783;213;2021-03-27;87870
2021-03-26;"Nitriansky kraj";90;40444;115;40559;NA;92783;205;2021-03-26;87657
2021-03-25;"Nitriansky kraj";95;19219;94;19313;NA;92783;189;2021-03-25;87452
2021-03-24;"Nitriansky kraj";90;14784;91;14875;NA;92783;181;2021-03-24;87263
2021-03-23;"Nitriansky kraj";167;16753;66;16819;NA;92783;233;2021-03-23;87082
2021-03-22;"Nitriansky kraj";101;24886;125;25011;NA;92783;226;2021-03-22;86849
2021-03-21;"Nitriansky kraj";27;42773;99;42872;NA;92783;126;2021-03-21;86623
2021-03-20;"Nitriansky kraj";36;100640;207;100847;NA;92783;243;2021-03-20;86497
2021-03-19;"Nitriansky kraj";76;37307;102;37409;NA;92783;178;2021-03-19;86254
2021-03-18;"Nitriansky kraj";103;20051;113;20164;NA;92783;216;2021-03-18;86076
2021-03-17;"Nitriansky kraj";87;15839;127;15966;NA;92783;214;2021-03-17;85860
2021-03-16;"Nitriansky kraj";172;18085;121;18206;NA;92783;293;2021-03-16;85646
2021-03-15;"Nitriansky kraj";130;24491;165;24656;NA;92783;295;2021-03-15;85353
2021-03-14;"Nitriansky kraj";3;45770;107;45877;NA;92783;110;2021-03-14;85058
2021-03-13;"Nitriansky kraj";65;112573;242;112815;NA;92783;307;2021-03-13;84948
2021-03-12;"Nitriansky kraj";127;40777;159;40936;NA;92783;286;2021-03-12;84641
2021-03-11;"Nitriansky kraj";131;18686;130;18816;NA;92783;261;2021-03-11;84355
2021-03-10;"Nitriansky kraj";96;17422;143;17565;NA;92783;239;2021-03-10;84094
2021-03-09;"Nitriansky kraj";260;17635;149;17784;NA;92783;409;2021-03-09;83855
2021-03-08;"Nitriansky kraj";145;27214;172;27386;NA;92783;317;2021-03-08;83446
2021-03-07;"Nitriansky kraj";48;46867;185;47052;NA;92783;233;2021-03-07;83129
2021-03-06;"Nitriansky kraj";86;112027;327;112354;NA;92783;413;2021-03-06;82896
2021-03-05;"Nitriansky kraj";133;39068;200;39268;NA;92783;333;2021-03-05;82483
2021-03-04;"Nitriansky kraj";176;18340;173;18513;NA;92783;349;2021-03-04;82150
2021-03-03;"Nitriansky kraj";172;17210;177;17387;NA;92783;349;2021-03-03;81801
2021-03-02;"Nitriansky kraj";274;21003;366;21369;NA;92783;640;2021-03-02;81452
2021-03-01;"Nitriansky kraj";133;27881;279;28160;NA;92783;412;2021-03-01;80812
2021-02-28;"Nitriansky kraj";80;40866;218;41084;NA;92783;298;2021-02-28;80400
2021-02-27;"Nitriansky kraj";101;106352;496;106848;NA;92783;597;2021-02-27;80102
2021-02-26;"Nitriansky kraj";109;36788;308;37096;NA;92783;417;2021-02-26;79505
2021-02-25;"Nitriansky kraj";188;15243;212;15455;NA;92783;400;2021-02-25;79088
2021-02-24;"Nitriansky kraj";125;13833;260;14093;NA;92783;385;2021-02-24;78688
2021-02-23;"Nitriansky kraj";273;15402;273;15675;NA;92783;546;2021-02-23;78303
2021-02-22;"Nitriansky kraj";154;26478;330;26808;NA;92783;484;2021-02-22;77757
2021-02-21;"Nitriansky kraj";22;43664;320;43984;NA;92783;342;2021-02-21;77273
2021-02-20;"Nitriansky kraj";128;109038;586;109624;NA;92783;714;2021-02-20;76931
2021-02-19;"Nitriansky kraj";173;36849;328;37177;NA;92783;501;2021-02-19;76217
2021-02-18;"Nitriansky kraj";202;17046;275;17321;NA;92783;477;2021-02-18;75716
2021-02-17;"Nitriansky kraj";198;12080;310;12390;NA;92783;508;2021-02-17;75239
2021-02-16;"Nitriansky kraj";284;16066;288;16354;NA;92783;572;2021-02-16;74731
2021-02-15;"Nitriansky kraj";122;28636;474;29110;NA;92783;596;2021-02-15;74159
2021-02-14;"Nitriansky kraj";8;49392;315;49707;NA;92783;323;2021-02-14;73563
2021-02-13;"Nitriansky kraj";127;110294;690;110984;NA;92783;817;2021-02-13;73240
2021-02-12;"Nitriansky kraj";162;33405;407;33812;NA;92783;569;2021-02-12;72423
2021-02-11;"Nitriansky kraj";195;12406;270;12676;NA;92783;465;2021-02-11;71854
2021-02-10;"Nitriansky kraj";186;17770;644;18414;NA;92783;830;2021-02-10;71389
2021-02-09;"Nitriansky kraj";260;18530;385;18915;NA;92783;645;2021-02-09;70559
2021-02-08;"Nitriansky kraj";177;37530;569;38099;NA;92783;746;2021-02-08;69914
2021-02-07;"Nitriansky kraj";20;52307;513;52820;NA;92783;533;2021-02-07;69168
2021-02-06;"Nitriansky kraj";129;101439;764;102203;NA;92783;893;2021-02-06;68635
2021-02-05;"Nitriansky kraj";244;26137;491;26628;NA;92783;735;2021-02-05;67742
2021-02-04;"Nitriansky kraj";308;15681;512;16193;NA;92783;820;2021-02-04;67007
2021-02-03;"Nitriansky kraj";191;13459;382;13841;NA;92783;573;2021-02-03;66187
2021-02-02;"Nitriansky kraj";327;17880;382;18262;NA;92783;709;2021-02-02;65614
2021-02-01;"Nitriansky kraj";221;24002;460;24462;NA;92783;681;2021-02-01;64905
2021-01-31;"Nitriansky kraj";9;46215;507;46722;NA;92783;516;2021-01-31;64224
2021-01-30;"Nitriansky kraj";152;99241;1090;100331;NA;92783;1242;2021-01-30;63708
2021-01-29;"Nitriansky kraj";302;22461;477;22938;NA;92783;779;2021-01-29;62466
2021-01-28;"Nitriansky kraj";269;11370;398;11768;NA;92783;667;2021-01-28;61687
2021-01-27;"Nitriansky kraj";235;6758;299;7057;NA;92783;534;2021-01-27;61020
2021-01-26;"Nitriansky kraj";345;16015;454;16469;NA;92783;799;2021-01-26;60486
2021-01-25;"Nitriansky kraj";201;21909;434;22343;NA;92783;635;2021-01-25;59687
2021-01-24;"Nitriansky kraj";12;79041;897;79938;NA;92783;909;2021-01-24;59052
2021-01-23;"Nitriansky kraj";277;97845;1446;99291;NA;92783;1723;2021-01-23;58143
2021-01-22;"Nitriansky kraj";139;35924;619;36543;NA;92783;758;2021-01-22;56420
2021-01-21;"Nitriansky kraj";305;14649;412;15061;NA;92783;717;2021-01-21;55662
2021-01-20;"Nitriansky kraj";326;11991;625;12616;NA;92783;951;2021-01-20;54945
2021-01-19;"Nitriansky kraj";344;11015;633;11648;NA;92783;977;2021-01-19;53994
2021-01-18;"Nitriansky kraj";367;8901;519;9420;NA;92783;886;2021-01-18;53017
2021-01-17;"Nitriansky kraj";97;15061;275;15336;NA;92783;372;2021-01-17;52131
2021-01-16;"Nitriansky kraj";64;36838;679;37517;NA;92783;743;2021-01-16;51759
2021-01-15;"Nitriansky kraj";373;15940;474;16414;NA;92783;847;2021-01-15;51016
2021-01-14;"Nitriansky kraj";627;10577;452;11029;NA;92783;1079;2021-01-14;50169
2021-01-13;"Nitriansky kraj";663;9234;484;9718;NA;92783;1147;2021-01-13;49090
2021-01-12;"Nitriansky kraj";642;9014;557;9571;NA;92783;1199;2021-01-12;47943
2021-01-11;"Nitriansky kraj";422;8625;556;9181;NA;92783;978;2021-01-11;46744
2021-01-10;"Nitriansky kraj";44;19841;730;20571;NA;92783;774;2021-01-10;45766
2021-01-09;"Nitriansky kraj";532;36823;1071;37894;NA;92783;1603;2021-01-09;44992
2021-01-08;"Nitriansky kraj";817;14302;711;15013;NA;92783;1528;2021-01-08;43389
2021-01-07;"Nitriansky kraj";438;10413;822;11235;NA;92783;1260;2021-01-07;41861
2021-01-06;"Nitriansky kraj";259;3192;197;3389;NA;92783;456;2021-01-06;40601
2021-01-05;"Nitriansky kraj";732;8918;1208;10126;NA;92783;1940;2021-01-05;40145
2021-01-04;"Nitriansky kraj";362;8696;1329;10025;NA;92783;1691;2021-01-04;38205
2021-01-03;"Nitriansky kraj";42;84;20;104;NA;92783;62;2021-01-03;36514
2021-01-02;"Nitriansky kraj";249;1090;26;1116;NA;92783;275;2021-01-02;36452
2021-01-01;"Nitriansky kraj";119;781;95;876;NA;92783;214;2021-01-01;36177
2020-12-31;"Nitriansky kraj";786;7646;962;8608;NA;92783;1748;2020-12-31;35963
2020-12-30;"Nitriansky kraj";1094;9619;1165;10784;NA;92783;2259;2020-12-30;34215
2020-12-29;"Nitriansky kraj";607;8277;1286;9563;NA;92783;1893;2020-12-29;31956
2020-12-28;"Nitriansky kraj";83;6981;1271;8252;NA;92783;1354;2020-12-28;30063
2020-12-27;"Nitriansky kraj";22;60;8;68;NA;92783;30;2020-12-27;28709
2020-12-26;"Nitriansky kraj";54;297;56;353;NA;92783;110;2020-12-26;28679
2020-12-25;"Nitriansky kraj";35;60;11;71;NA;92783;46;2020-12-25;28569
2020-12-24;"Nitriansky kraj";514;1861;176;2037;NA;92783;690;2020-12-24;28523
2020-12-23;"Nitriansky kraj";349;15295;843;16138;NA;92783;1192;2020-12-23;27833
2020-12-22;"Nitriansky kraj";673;10989;994;11983;NA;92783;1667;2020-12-22;26641
2020-12-21;"Nitriansky kraj";128;7953;976;8929;NA;92783;1104;2020-12-21;24974
2020-12-20;"Nitriansky kraj";77;50;10;60;NA;92783;87;2020-12-20;23870
2020-12-19;"Nitriansky kraj";262;2259;159;2418;NA;92783;421;2020-12-19;23783
2020-12-18;"Nitriansky kraj";512;8437;551;8988;NA;92783;1063;2020-12-18;23362
2020-12-17;"Nitriansky kraj";586;6894;514;7408;NA;92783;1100;2020-12-17;22299
2020-12-16;"Nitriansky kraj";357;8613;535;9148;NA;92783;892;2020-12-16;21199
2020-12-15;"Nitriansky kraj";461;9365;769;10134;NA;92783;1230;2020-12-15;20307
2020-12-14;"Nitriansky kraj";217;8089;827;8916;NA;92783;1044;2020-12-14;19077
2020-12-13;"Nitriansky kraj";12;69;6;75;NA;92783;18;2020-12-13;18033
2020-12-12;"Nitriansky kraj";341;1832;125;1957;NA;92783;466;2020-12-12;18015
2020-12-11;"Nitriansky kraj";409;5430;416;5846;NA;92783;825;2020-12-11;17549
2020-12-10;"Nitriansky kraj";360;5473;351;5824;NA;92783;711;2020-12-10;16724
2020-12-09;"Nitriansky kraj";362;5506;529;6035;NA;92783;891;2020-12-09;16013
2020-12-08;"Nitriansky kraj";340;8168;548;8716;NA;92783;888;2020-12-08;15122
2020-12-07;"Nitriansky kraj";139;6243;573;6816;NA;92783;712;2020-12-07;14234
2020-12-06;"Nitriansky kraj";15;89;4;93;NA;92783;19;2020-12-06;13522
2020-12-05;"Nitriansky kraj";136;1388;19;1407;NA;92783;155;2020-12-05;13503
2020-12-04;"Nitriansky kraj";232;2884;74;2958;NA;92783;306;2020-12-04;13348
2020-12-03;"Nitriansky kraj";248;2471;110;2581;NA;92783;358;2020-12-03;13042
2020-12-02;"Nitriansky kraj";252;3733;163;3896;NA;92783;415;2020-12-02;12684
2020-12-01;"Nitriansky kraj";331;2891;131;3022;NA;92783;462;2020-12-01;12269
2020-11-30;"Nitriansky kraj";91;4228;188;4416;NA;92783;279;2020-11-30;11807
2020-11-29;"Nitriansky kraj";3;634;42;676;NA;92783;45;2020-11-29;11528
2020-11-28;"Nitriansky kraj";135;892;31;923;NA;92783;166;2020-11-28;11483
2020-11-27;"Nitriansky kraj";177;2069;73;2142;NA;92783;250;2020-11-27;11317
2020-11-26;"Nitriansky kraj";191;2813;80;2893;NA;92783;271;2020-11-26;11067
2020-11-25;"Nitriansky kraj";325;2478;91;2569;NA;92783;416;2020-11-25;10796
2020-11-24;"Nitriansky kraj";147;1641;64;1705;NA;92783;211;2020-11-24;10380
2020-11-23;"Nitriansky kraj";102;9891;212;10103;NA;92783;314;2020-11-23;10169
2020-11-22;"Nitriansky kraj";7;1176;25;1201;NA;92783;32;2020-11-22;9855
2020-11-21;"Nitriansky kraj";86;1083;38;1121;NA;92783;124;2020-11-21;9823
2020-11-20;"Nitriansky kraj";264;4180;103;4283;NA;92783;367;2020-11-20;9699
2020-11-19;"Nitriansky kraj";185;3065;134;3199;NA;92783;319;2020-11-19;9332
2020-11-18;"Nitriansky kraj";188;2214;79;2293;NA;92783;267;2020-11-18;9013
2020-11-17;"Nitriansky kraj";178;596;29;625;NA;92783;207;2020-11-17;8746
2020-11-16;"Nitriansky kraj";139;1877;75;1952;NA;92783;214;2020-11-16;8539
2020-11-15;"Nitriansky kraj";14;180;5;185;NA;92783;19;2020-11-15;8325
2020-11-14;"Nitriansky kraj";114;1131;32;1163;NA;92783;146;2020-11-14;8306
2020-11-13;"Nitriansky kraj";210;936;46;982;NA;92783;256;2020-11-13;8160
2020-11-12;"Nitriansky kraj";256;1195;35;1230;NA;92783;291;2020-11-12;7904
2020-11-11;"Nitriansky kraj";279;1247;22;1269;NA;92783;301;2020-11-11;7613
2020-11-10;"Nitriansky kraj";192;2623;39;2662;NA;92783;231;2020-11-10;7312
2020-11-09;"Nitriansky kraj";128;3136;43;3179;NA;92783;171;2020-11-09;7081
2020-11-08;"Nitriansky kraj";43;1462;32;1494;NA;92783;75;2020-11-08;6910
2020-11-07;"Nitriansky kraj";130;1046;4;1050;NA;92783;134;2020-11-07;6835
2020-11-06;"Nitriansky kraj";210;2264;32;2296;NA;92783;242;2020-11-06;6701
2020-11-05;"Nitriansky kraj";178;313;14;327;NA;92783;192;2020-11-05;6459
2020-11-04;"Nitriansky kraj";211;297;16;313;NA;92783;227;2020-11-04;6267
2020-11-03;"Nitriansky kraj";216;435;25;460;NA;92783;241;2020-11-03;6040
2020-11-02;"Nitriansky kraj";171;4208;46;4254;NA;92783;217;2020-11-02;5799
2020-11-01;"Nitriansky kraj";130;2546;27;2573;NA;92783;157;2020-11-01;5582
2020-10-31;"Nitriansky kraj";261;10466;134;10600;NA;92783;395;2020-10-31;5425
2020-10-30;"Nitriansky kraj";204;2593;42;2635;NA;92783;246;2020-10-30;5030
2020-10-29;"Nitriansky kraj";293;841;39;880;NA;92783;332;2020-10-29;4784
2020-10-28;"Nitriansky kraj";216;608;59;667;NA;92783;275;2020-10-28;4452
2020-10-27;"Nitriansky kraj";296;550;47;597;NA;92783;343;2020-10-27;4177
2020-10-26;"Nitriansky kraj";69;633;56;689;NA;92783;125;2020-10-26;3834
2020-10-25;"Nitriansky kraj";50;62;8;70;NA;92783;58;2020-10-25;3709
2020-10-24;"Nitriansky kraj";169;237;11;248;NA;92783;180;2020-10-24;3651
2020-10-23;"Nitriansky kraj";282;762;41;803;NA;92783;323;2020-10-23;3471
2020-10-22;"Nitriansky kraj";137;444;39;483;NA;92783;176;2020-10-22;3148
2020-10-21;"Nitriansky kraj";146;208;3;211;NA;92783;149;2020-10-21;2972
2020-10-20;"Nitriansky kraj";197;78;6;84;NA;92783;203;2020-10-20;2823
2020-10-19;"Nitriansky kraj";148;79;1;80;NA;92783;149;2020-10-19;2620
2020-10-18;"Nitriansky kraj";22;0;0;0;NA;92783;22;2020-10-18;2471
2020-10-17;"Nitriansky kraj";67;0;0;0;NA;92783;67;2020-10-17;2449
2020-10-16;"Nitriansky kraj";133;28;3;31;NA;92783;136;2020-10-16;2382
2020-10-15;"Nitriansky kraj";106;31;2;33;NA;92783;108;2020-10-15;2246
2020-10-14;"Nitriansky kraj";80;22;4;26;NA;92783;84;2020-10-14;2138
2020-10-13;"Nitriansky kraj";101;82;2;84;NA;92783;103;2020-10-13;2054
2020-10-12;"Nitriansky kraj";36;0;0;0;NA;92783;36;2020-10-12;1951
2020-10-11;"Nitriansky kraj";8;0;0;0;NA;92783;8;2020-10-11;1915
2020-10-10;"Nitriansky kraj";107;0;0;0;NA;92783;107;2020-10-10;1907
2020-10-09;"Nitriansky kraj";120;0;0;0;NA;92783;120;2020-10-09;1800
2020-10-08;"Nitriansky kraj";132;0;0;0;NA;92783;132;2020-10-08;1680
2020-10-07;"Nitriansky kraj";81;0;0;0;NA;92783;81;2020-10-07;1548
2020-10-06;"Nitriansky kraj";48;0;0;0;NA;92783;48;2020-10-06;1467
2020-10-05;"Nitriansky kraj";20;0;0;0;NA;92783;20;2020-10-05;1419
2020-10-04;"Nitriansky kraj";17;0;0;0;NA;92783;17;2020-10-04;1399
2020-10-03;"Nitriansky kraj";96;0;0;0;NA;92783;96;2020-10-03;1382
2020-10-02;"Nitriansky kraj";108;0;0;0;NA;92783;108;2020-10-02;1286
2020-10-01;"Nitriansky kraj";95;0;0;0;NA;92783;95;2020-10-01;1178
2020-09-30;"Nitriansky kraj";100;0;0;0;NA;92783;100;2020-09-30;1083
2020-09-29;"Nitriansky kraj";50;0;0;0;NA;92783;50;2020-09-29;983
2020-09-28;"Nitriansky kraj";22;0;0;0;NA;92783;22;2020-09-28;933
2020-09-27;"Nitriansky kraj";16;0;0;0;NA;92783;16;2020-09-27;911
2020-09-26;"Nitriansky kraj";64;0;0;0;NA;92783;64;2020-09-26;895
2020-09-25;"Nitriansky kraj";90;0;0;0;NA;92783;90;2020-09-25;831
2020-09-24;"Nitriansky kraj";51;0;0;0;NA;92783;51;2020-09-24;741
2020-09-23;"Nitriansky kraj";70;0;0;0;NA;92783;70;2020-09-23;690
2020-09-22;"Nitriansky kraj";18;0;0;0;NA;92783;18;2020-09-22;620
2020-09-21;"Nitriansky kraj";10;0;0;0;NA;92783;10;2020-09-21;602
2020-09-20;"Nitriansky kraj";4;0;0;0;NA;92783;4;2020-09-20;592
2020-09-19;"Nitriansky kraj";14;0;0;0;NA;92783;14;2020-09-19;588
2020-09-18;"Nitriansky kraj";19;0;0;0;NA;92783;19;2020-09-18;574
2020-09-17;"Nitriansky kraj";30;0;0;0;NA;92783;30;2020-09-17;555
2020-09-16;"Nitriansky kraj";6;0;0;0;NA;92783;6;2020-09-16;525
2020-09-15;"Nitriansky kraj";19;0;0;0;NA;92783;19;2020-09-15;519
2020-09-14;"Nitriansky kraj";28;0;0;0;NA;92783;28;2020-09-14;500
2020-09-13;"Nitriansky kraj";3;0;0;0;NA;92783;3;2020-09-13;472
2020-09-12;"Nitriansky kraj";12;0;0;0;NA;92783;12;2020-09-12;469
2020-09-11;"Nitriansky kraj";23;0;0;0;NA;92783;23;2020-09-11;457
2020-09-10;"Nitriansky kraj";29;0;0;0;NA;92783;29;2020-09-10;434
2020-09-09;"Nitriansky kraj";19;0;0;0;NA;92783;19;2020-09-09;405
2020-09-08;"Nitriansky kraj";17;0;0;0;NA;92783;17;2020-09-08;386
2020-09-07;"Nitriansky kraj";17;0;0;0;NA;92783;17;2020-09-07;369
2020-09-06;"Nitriansky kraj";0;0;0;0;NA;92783;0;2020-09-06;352
2020-09-05;"Nitriansky kraj";22;0;0;0;NA;92783;22;2020-09-05;352
2020-09-04;"Nitriansky kraj";34;0;0;0;NA;92783;34;2020-09-04;330
2020-09-03;"Nitriansky kraj";15;0;0;0;NA;92783;15;2020-09-03;296
2020-09-02;"Nitriansky kraj";15;0;0;0;NA;92783;15;2020-09-02;281
2020-09-01;"Nitriansky kraj";2;0;0;0;NA;92783;2;2020-09-01;266
2020-08-31;"Nitriansky kraj";12;0;0;0;NA;92783;12;2020-08-31;264
2020-08-30;"Nitriansky kraj";1;0;0;0;NA;92783;1;2020-08-30;252
2020-08-29;"Nitriansky kraj";7;0;0;0;NA;92783;7;2020-08-29;251
2020-08-28;"Nitriansky kraj";12;0;0;0;NA;92783;12;2020-08-28;244
2020-08-27;"Nitriansky kraj";12;0;0;0;NA;92783;12;2020-08-27;232
2020-08-26;"Nitriansky kraj";4;0;0;0;NA;92783;4;2020-08-26;220
2020-08-25;"Nitriansky kraj";8;0;0;0;NA;92783;8;2020-08-25;216
2020-08-24;"Nitriansky kraj";1;0;0;0;NA;92783;1;2020-08-24;208
2020-08-23;"Nitriansky kraj";1;0;0;0;NA;92783;1;2020-08-23;207
2020-08-22;"Nitriansky kraj";2;0;0;0;NA;92783;2;2020-08-22;206
2020-08-21;"Nitriansky kraj";0;0;0;0;NA;92783;0;2020-08-21;204
2020-08-20;"Nitriansky kraj";7;0;0;0;NA;92783;7;2020-08-20;204
2020-08-19;"Nitriansky kraj";1;0;0;0;NA;92783;1;2020-08-19;197
2020-08-18;"Nitriansky kraj";2;0;0;0;NA;92783;2;2020-08-18;196
2020-08-17;"Nitriansky kraj";1;0;0;0;NA;92783;1;2020-08-17;194
2020-08-16;"Nitriansky kraj";0;0;0;0;NA;92783;0;2020-08-16;193
2020-08-15;"Nitriansky kraj";2;0;0;0;NA;92783;2;2020-08-15;193
2020-08-14;"Nitriansky kraj";1;0;0;0;NA;92783;1;2020-08-14;191
2020-08-13;"Nitriansky kraj";4;0;0;0;NA;92783;4;2020-08-13;190
2020-08-12;"Nitriansky kraj";0;0;0;0;NA;92783;0;2020-08-12;186
2020-08-11;"Nitriansky kraj";1;0;0;0;NA;92783;1;2020-08-11;186
2020-08-10;"Nitriansky kraj";0;0;0;0;NA;92783;0;2020-08-10;185
2020-08-09;"Nitriansky kraj";0;0;0;0;NA;92783;0;2020-08-09;185
2020-08-08;"Nitriansky kraj";0;0;0;0;NA;92783;0;2020-08-08;185
2020-08-07;"Nitriansky kraj";4;0;0;0;NA;92783;4;2020-08-07;185
2020-08-06;"Nitriansky kraj";4;0;0;0;NA;92783;4;2020-08-06;181
2020-08-05;"Nitriansky kraj";0;0;0;0;NA;92783;0;2020-08-05;177
2020-08-04;"Nitriansky kraj";7;0;0;0;NA;92783;7;2020-08-04;177
2020-08-03;"Nitriansky kraj";0;0;0;0;NA;92783;0;2020-08-03;170
2020-08-02;"Nitriansky kraj";0;0;0;0;NA;92783;0;2020-08-02;170
2020-08-01;"Nitriansky kraj";0;0;0;0;NA;92783;0;2020-08-01;170
2020-07-31;"Nitriansky kraj";0;0;0;0;NA;92783;0;2020-07-31;170
2020-07-30;"Nitriansky kraj";0;0;0;0;NA;92783;0;2020-07-30;170
2020-07-29;"Nitriansky kraj";0;0;0;0;NA;92783;0;2020-07-29;170
2020-07-28;"Nitriansky kraj";0;0;0;0;NA;92783;0;2020-07-28;170
2020-07-27;"Nitriansky kraj";0;0;0;0;NA;92783;0;2020-07-27;170
2020-07-26;"Nitriansky kraj";0;0;0;0;NA;92783;0;2020-07-26;170
2020-07-25;"Nitriansky kraj";0;0;0;0;NA;92783;0;2020-07-25;170
2020-07-24;"Nitriansky kraj";1;0;0;0;NA;92783;1;2020-07-24;170
2020-07-23;"Nitriansky kraj";3;0;0;0;NA;92783;3;2020-07-23;169
2020-07-22;"Nitriansky kraj";2;0;0;0;NA;92783;2;2020-07-22;166
2020-07-21;"Nitriansky kraj";14;0;0;0;NA;92783;14;2020-07-21;164
2020-07-20;"Nitriansky kraj";11;0;0;0;NA;92783;11;2020-07-20;150
2020-07-19;"Nitriansky kraj";0;0;0;0;NA;92783;0;2020-07-19;139
2020-07-18;"Nitriansky kraj";0;0;0;0;NA;92783;0;2020-07-18;139
2020-07-17;"Nitriansky kraj";0;0;0;0;NA;92783;0;2020-07-17;139
2020-07-16;"Nitriansky kraj";4;0;0;0;NA;92783;4;2020-07-16;139
2020-07-15;"Nitriansky kraj";5;0;0;0;NA;92783;5;2020-07-15;135
2020-07-14;"Nitriansky kraj";0;0;0;0;NA;92783;0;2020-07-14;130
2020-07-13;"Nitriansky kraj";0;0;0;0;NA;92783;0;2020-07-13;130
2020-07-12;"Nitriansky kraj";0;0;0;0;NA;92783;0;2020-07-12;130
2020-07-11;"Nitriansky kraj";0;0;0;0;NA;92783;0;2020-07-11;130
2020-07-10;"Nitriansky kraj";0;0;0;0;NA;92783;0;2020-07-10;130
2020-07-09;"Nitriansky kraj";1;0;0;0;NA;92783;1;2020-07-09;130
2020-07-08;"Nitriansky kraj";2;0;0;0;NA;92783;2;2020-07-08;129
2020-07-07;"Nitriansky kraj";0;0;0;0;NA;92783;0;2020-07-07;127
2020-07-06;"Nitriansky kraj";0;0;0;0;NA;92783;0;2020-07-06;127
2020-07-05;"Nitriansky kraj";0;0;0;0;NA;92783;0;2020-07-05;127
2020-07-04;"Nitriansky kraj";0;0;0;0;NA;92783;0;2020-07-04;127
2020-07-03;"Nitriansky kraj";0;0;0;0;NA;92783;0;2020-07-03;127
2020-07-02;"Nitriansky kraj";0;0;0;0;NA;92783;0;2020-07-02;127
2020-07-01;"Nitriansky kraj";3;0;0;0;NA;92783;3;2020-07-01;127
2020-06-30;"Nitriansky kraj";0;0;0;0;NA;92783;0;2020-06-30;124
2020-06-29;"Nitriansky kraj";0;0;0;0;NA;92783;0;2020-06-29;124
2020-06-28;"Nitriansky kraj";0;0;0;0;NA;92783;0;2020-06-28;124
2020-06-27;"Nitriansky kraj";0;0;0;0;NA;92783;0;2020-06-27;124
2020-06-26;"Nitriansky kraj";0;0;0;0;NA;92783;0;2020-06-26;124
2020-06-25;"Nitriansky kraj";0;0;0;0;NA;92783;0;2020-06-25;124
2020-06-24;"Nitriansky kraj";1;0;0;0;NA;92783;1;2020-06-24;124
2020-06-23;"Nitriansky kraj";0;0;0;0;NA;92783;0;2020-06-23;123
2020-06-22;"Nitriansky kraj";0;0;0;0;NA;92783;0;2020-06-22;123
2020-06-21;"Nitriansky kraj";0;0;0;0;NA;92783;0;2020-06-21;123
2020-06-20;"Nitriansky kraj";0;0;0;0;NA;92783;0;2020-06-20;123
2020-06-19;"Nitriansky kraj";0;0;0;0;NA;92783;0;2020-06-19;123
2020-06-18;"Nitriansky kraj";0;0;0;0;NA;92783;0;2020-06-18;123
2020-06-17;"Nitriansky kraj";0;0;0;0;NA;92783;0;2020-06-17;123
2020-06-16;"Nitriansky kraj";0;0;0;0;NA;92783;0;2020-06-16;123
2020-06-14;"Nitriansky kraj";0;0;0;0;NA;92783;0;2020-06-14;123
2020-06-13;"Nitriansky kraj";0;0;0;0;NA;92783;0;2020-06-13;123
2020-06-12;"Nitriansky kraj";0;0;0;0;NA;92783;0;2020-06-12;123
2020-06-11;"Nitriansky kraj";0;0;0;0;NA;92783;0;2020-06-11;123
2020-06-10;"Nitriansky kraj";1;0;0;0;NA;92783;1;2020-06-10;123
2020-06-09;"Nitriansky kraj";1;0;0;0;NA;92783;1;2020-06-09;122
2020-06-08;"Nitriansky kraj";0;0;0;0;NA;92783;0;2020-06-08;121
2020-06-07;"Nitriansky kraj";0;0;0;0;NA;92783;0;2020-06-07;121
2020-06-05;"Nitriansky kraj";0;0;0;0;NA;92783;0;2020-06-05;121
2020-06-03;"Nitriansky kraj";0;0;0;0;NA;92783;0;2020-06-03;121
2020-06-02;"Nitriansky kraj";1;0;0;0;NA;92783;1;2020-06-02;121
2020-05-31;"Nitriansky kraj";0;0;0;0;NA;92783;0;2020-05-31;120
2020-05-29;"Nitriansky kraj";0;0;0;0;NA;92783;0;2020-05-29;120
2020-05-27;"Nitriansky kraj";0;0;0;0;NA;92783;0;2020-05-27;120
2020-05-26;"Nitriansky kraj";0;0;0;0;NA;92783;0;2020-05-26;120
2020-05-25;"Nitriansky kraj";0;0;0;0;NA;92783;0;2020-05-25;120
2020-05-24;"Nitriansky kraj";2;0;0;0;NA;92783;2;2020-05-24;120
2020-05-23;"Nitriansky kraj";0;0;0;0;NA;92783;0;2020-05-23;118
2020-05-22;"Nitriansky kraj";1;0;0;0;NA;92783;1;2020-05-22;118
2020-05-21;"Nitriansky kraj";0;0;0;0;NA;92783;0;2020-05-21;117
2020-05-20;"Nitriansky kraj";0;0;0;0;NA;92783;0;2020-05-20;117
2020-05-19;"Nitriansky kraj";0;0;0;0;NA;92783;0;2020-05-19;117
2020-05-17;"Nitriansky kraj";0;0;0;0;NA;92783;0;2020-05-17;117
2020-05-16;"Nitriansky kraj";0;0;0;0;NA;92783;0;2020-05-16;117
2020-05-15;"Nitriansky kraj";1;0;0;0;NA;92783;1;2020-05-15;117
2020-05-14;"Nitriansky kraj";0;0;0;0;NA;92783;0;2020-05-14;116
2020-05-13;"Nitriansky kraj";0;0;0;0;NA;92783;0;2020-05-13;116
2020-05-12;"Nitriansky kraj";0;0;0;0;NA;92783;0;2020-05-12;116
2020-05-11;"Nitriansky kraj";2;0;0;0;NA;92783;2;2020-05-11;116
2020-05-09;"Nitriansky kraj";0;0;0;0;NA;92783;0;2020-05-09;114
2020-05-07;"Nitriansky kraj";1;0;0;0;NA;92783;1;2020-05-07;114
2020-05-06;"Nitriansky kraj";9;0;0;0;NA;92783;9;2020-05-06;113
2020-05-05;"Nitriansky kraj";0;0;0;0;NA;92783;0;2020-05-05;104
2020-05-04;"Nitriansky kraj";5;0;0;0;NA;92783;5;2020-05-04;104
2020-05-03;"Nitriansky kraj";2;0;0;0;NA;92783;2;2020-05-03;99
2020-05-02;"Nitriansky kraj";0;0;0;0;NA;92783;0;2020-05-02;97
2020-05-01;"Nitriansky kraj";1;0;0;0;NA;92783;1;2020-05-01;97
2020-04-30;"Nitriansky kraj";0;0;0;0;NA;92783;0;2020-04-30;96
2020-04-29;"Nitriansky kraj";0;0;0;0;NA;92783;0;2020-04-29;96
2020-04-28;"Nitriansky kraj";1;0;0;0;NA;92783;1;2020-04-28;96
2020-04-27;"Nitriansky kraj";0;0;0;0;NA;92783;0;2020-04-27;95
2020-04-26;"Nitriansky kraj";0;0;0;0;NA;92783;0;2020-04-26;95
2020-04-25;"Nitriansky kraj";0;0;0;0;NA;92783;0;2020-04-25;95
2020-04-24;"Nitriansky kraj";0;0;0;0;NA;92783;0;2020-04-24;95
2020-04-23;"Nitriansky kraj";3;0;0;0;NA;92783;3;2020-04-23;95
2020-04-22;"Nitriansky kraj";16;0;0;0;NA;92783;16;2020-04-22;92
2020-04-21;"Nitriansky kraj";6;0;0;0;NA;92783;6;2020-04-21;76
2020-04-20;"Nitriansky kraj";5;0;0;0;NA;92783;5;2020-04-20;70
2020-04-19;"Nitriansky kraj";0;0;0;0;NA;92783;0;2020-04-19;65
2020-04-18;"Nitriansky kraj";0;0;0;0;NA;92783;0;2020-04-18;65
2020-04-17;"Nitriansky kraj";7;0;0;0;NA;92783;7;2020-04-17;65
2020-04-16;"Nitriansky kraj";0;0;0;0;NA;92783;0;2020-04-16;58
2020-04-15;"Nitriansky kraj";6;0;0;0;NA;92783;6;2020-04-15;58
2020-04-14;"Nitriansky kraj";2;0;0;0;NA;92783;2;2020-04-14;52
2020-04-13;"Nitriansky kraj";1;0;0;0;NA;92783;1;2020-04-13;50
2020-04-12;"Nitriansky kraj";3;0;0;0;NA;92783;3;2020-04-12;49
2020-04-11;"Nitriansky kraj";1;0;0;0;NA;92783;1;2020-04-11;46
2020-04-10;"Nitriansky kraj";1;0;0;0;NA;92783;1;2020-04-10;45
2020-04-09;"Nitriansky kraj";0;0;0;0;NA;92783;0;2020-04-09;44
2020-04-08;"Nitriansky kraj";2;0;0;0;NA;92783;2;2020-04-08;44
2020-04-07;"Nitriansky kraj";3;0;0;0;NA;92783;3;2020-04-07;42
2020-04-06;"Nitriansky kraj";4;0;0;0;NA;92783;4;2020-04-06;39
2020-04-05;"Nitriansky kraj";5;0;0;0;NA;92783;5;2020-04-05;35
2020-04-04;"Nitriansky kraj";0;0;0;0;NA;92783;0;2020-04-04;30
2020-04-03;"Nitriansky kraj";0;0;0;0;NA;92783;0;2020-04-03;30
2020-04-02;"Nitriansky kraj";1;0;0;0;NA;92783;1;2020-04-02;30
2020-04-01;"Nitriansky kraj";0;0;0;0;NA;92783;0;2020-04-01;29
2020-03-31;"Nitriansky kraj";3;0;0;0;NA;92783;3;2020-03-31;29
2020-03-30;"Nitriansky kraj";3;0;0;0;NA;92783;3;2020-03-30;26
2020-03-29;"Nitriansky kraj";3;0;0;0;NA;92783;3;2020-03-29;23
2020-03-28;"Nitriansky kraj";1;0;0;0;NA;92783;1;2020-03-28;20
2020-03-27;"Nitriansky kraj";1;0;0;0;NA;92783;1;2020-03-27;19
2020-03-26;"Nitriansky kraj";1;0;0;0;NA;92783;1;2020-03-26;18
2020-03-25;"Nitriansky kraj";1;0;0;0;NA;92783;1;2020-03-25;17
2020-03-24;"Nitriansky kraj";0;0;0;0;NA;92783;0;2020-03-24;16
2020-03-23;"Nitriansky kraj";2;0;0;0;NA;92783;2;2020-03-23;16
2020-03-22;"Nitriansky kraj";2;0;0;0;NA;92783;2;2020-03-22;14
2020-03-21;"Nitriansky kraj";2;0;0;0;NA;92783;2;2020-03-21;12
2020-03-20;"Nitriansky kraj";1;0;0;0;NA;92783;1;2020-03-20;10
2020-03-19;"Nitriansky kraj";1;0;0;0;NA;92783;1;2020-03-19;9
2020-03-18;"Nitriansky kraj";2;0;0;0;NA;92783;2;2020-03-18;8
2020-03-17;"Nitriansky kraj";1;0;0;0;NA;92783;1;2020-03-17;6
2020-03-16;"Nitriansky kraj";0;0;0;0;NA;92783;0;2020-03-16;5
2020-03-15;"Nitriansky kraj";4;0;0;0;NA;92783;4;2020-03-15;5
2020-03-14;"Nitriansky kraj";1;0;0;0;NA;92783;1;2020-03-14;1
2020-03-13;"Nitriansky kraj";0;0;0;0;NA;92783;0;2020-03-13;0
2020-03-12;"Nitriansky kraj";0;0;0;0;NA;92783;0;2020-03-12;0
2020-03-11;"Nitriansky kraj";0;0;0;0;NA;92783;0;2020-03-11;0
2020-03-09;"Nitriansky kraj";0;0;0;0;NA;92783;0;2020-03-09;0
2020-03-08;"Nitriansky kraj";0;0;0;0;NA;92783;0;2020-03-08;0
2020-03-07;"Nitriansky kraj";0;0;0;0;NA;92783;0;2020-03-07;0
2020-03-06;"Nitriansky kraj";0;0;0;0;NA;92783;0;2020-03-06;0
2021-07-25;"Prešovský kraj";0;327;1;328;60133;113970;1;2021-07-25;113970
2021-07-24;"Prešovský kraj";8;665;0;665;NA;113970;8;2021-07-24;113969
2021-07-23;"Prešovský kraj";8;1193;1;1194;NA;113970;9;2021-07-23;113961
2021-07-22;"Prešovský kraj";13;1354;10;1364;NA;113970;23;2021-07-22;113952
2021-07-21;"Prešovský kraj";5;1018;1;1019;NA;113970;6;2021-07-21;113929
2021-07-20;"Prešovský kraj";4;991;0;991;NA;113970;4;2021-07-20;113923
2021-07-19;"Prešovský kraj";2;1578;4;1582;NA;113970;6;2021-07-19;113919
2021-07-18;"Prešovský kraj";1;578;0;578;NA;113970;1;2021-07-18;113913
2021-07-17;"Prešovský kraj";6;1172;1;1173;NA;113970;7;2021-07-17;113912
2021-07-16;"Prešovský kraj";4;1445;2;1447;NA;113970;6;2021-07-16;113905
2021-07-15;"Prešovský kraj";5;1254;4;1258;NA;113970;9;2021-07-15;113899
2021-07-14;"Prešovský kraj";1;977;1;978;NA;113970;2;2021-07-14;113890
2021-07-13;"Prešovský kraj";1;1033;2;1035;NA;113970;3;2021-07-13;113888
2021-07-12;"Prešovský kraj";1;1867;2;1869;NA;113970;3;2021-07-12;113885
2021-07-11;"Prešovský kraj";0;620;1;621;NA;113970;1;2021-07-11;113882
2021-07-10;"Prešovský kraj";4;1206;2;1208;NA;113970;6;2021-07-10;113881
2021-07-09;"Prešovský kraj";6;1787;1;1788;NA;113970;7;2021-07-09;113875
2021-07-08;"Prešovský kraj";5;1192;0;1192;NA;113970;5;2021-07-08;113868
2021-07-07;"Prešovský kraj";7;1383;3;1386;NA;113970;10;2021-07-07;113863
2021-07-06;"Prešovský kraj";5;1423;2;1425;NA;113970;7;2021-07-06;113853
2021-07-05;"Prešovský kraj";2;619;0;619;NA;113970;2;2021-07-05;113846
2021-07-04;"Prešovský kraj";0;773;0;773;NA;113970;0;2021-07-04;113844
2021-07-03;"Prešovský kraj";2;1363;0;1363;NA;113970;2;2021-07-03;113844
2021-07-02;"Prešovský kraj";4;1796;0;1796;NA;113970;4;2021-07-02;113842
2021-07-01;"Prešovský kraj";2;1590;1;1591;NA;113970;3;2021-07-01;113838
2021-06-30;"Prešovský kraj";3;8668;4;8672;NA;113970;7;2021-06-30;113835
2021-06-29;"Prešovský kraj";1;4929;3;4932;NA;113970;4;2021-06-29;113828
2021-06-28;"Prešovský kraj";5;6071;2;6073;NA;113970;7;2021-06-28;113824
2021-06-27;"Prešovský kraj";0;3748;1;3749;NA;113970;1;2021-06-27;113817
2021-06-26;"Prešovský kraj";4;5791;1;5792;NA;113970;5;2021-06-26;113816
2021-06-25;"Prešovský kraj";7;7321;4;7325;NA;113970;11;2021-06-25;113811
2021-06-24;"Prešovský kraj";10;5406;5;5411;NA;113970;15;2021-06-24;113800
2021-06-23;"Prešovský kraj";4;5124;2;5126;NA;113970;6;2021-06-23;113785
2021-06-22;"Prešovský kraj";5;5096;1;5097;NA;113970;6;2021-06-22;113779
2021-06-21;"Prešovský kraj";13;6933;6;6939;NA;113970;19;2021-06-21;113773
2021-06-20;"Prešovský kraj";0;5066;3;5069;NA;113970;3;2021-06-20;113754
2021-06-19;"Prešovský kraj";1;7349;5;7354;NA;113970;6;2021-06-19;113751
2021-06-18;"Prešovský kraj";9;8606;10;8616;NA;113970;19;2021-06-18;113745
2021-06-17;"Prešovský kraj";9;6548;5;6553;NA;113970;14;2021-06-17;113726
2021-06-16;"Prešovský kraj";6;6378;3;6381;NA;113970;9;2021-06-16;113712
2021-06-15;"Prešovský kraj";2;5675;4;5679;NA;113970;6;2021-06-15;113703
2021-06-14;"Prešovský kraj";5;8229;13;8242;NA;113970;18;2021-06-14;113697
2021-06-13;"Prešovský kraj";1;6437;7;6444;NA;113970;8;2021-06-13;113679
2021-06-12;"Prešovský kraj";3;8881;9;8890;NA;113970;12;2021-06-12;113671
2021-06-11;"Prešovský kraj";21;9877;9;9886;NA;113970;30;2021-06-11;113659
2021-06-10;"Prešovský kraj";11;6512;10;6522;NA;113970;21;2021-06-10;113629
2021-06-09;"Prešovský kraj";16;6375;3;6378;NA;113970;19;2021-06-09;113608
2021-06-08;"Prešovský kraj";31;6495;12;6507;NA;113970;43;2021-06-08;113589
2021-06-07;"Prešovský kraj";11;9104;15;9119;NA;113970;26;2021-06-07;113546
2021-06-06;"Prešovský kraj";0;7999;5;8004;NA;113970;5;2021-06-06;113520
2021-06-05;"Prešovský kraj";17;10248;15;10263;NA;113970;32;2021-06-05;113515
2021-06-04;"Prešovský kraj";26;10321;18;10339;NA;113970;44;2021-06-04;113483
2021-06-03;"Prešovský kraj";14;6820;16;6836;NA;113970;30;2021-06-03;113439
2021-06-02;"Prešovský kraj";47;7372;14;7386;NA;113970;61;2021-06-02;113409
2021-06-01;"Prešovský kraj";15;6926;14;6940;NA;113970;29;2021-06-01;113348
2021-05-31;"Prešovský kraj";27;9949;22;9971;NA;113970;49;2021-05-31;113319
2021-05-30;"Prešovský kraj";2;9694;14;9708;NA;113970;16;2021-05-30;113270
2021-05-29;"Prešovský kraj";23;12709;24;12733;NA;113970;47;2021-05-29;113254
2021-05-28;"Prešovský kraj";30;12468;19;12487;NA;113970;49;2021-05-28;113207
2021-05-27;"Prešovský kraj";16;7610;37;7647;NA;113970;53;2021-05-27;113158
2021-05-26;"Prešovský kraj";32;8138;23;8161;NA;113970;55;2021-05-26;113105
2021-05-25;"Prešovský kraj";38;8690;20;8710;NA;113970;58;2021-05-25;113050
2021-05-24;"Prešovský kraj";17;13298;37;13335;NA;113970;54;2021-05-24;112992
2021-05-23;"Prešovský kraj";3;11933;20;11953;NA;113970;23;2021-05-23;112938
2021-05-22;"Prešovský kraj";11;14422;44;14466;NA;113970;55;2021-05-22;112915
2021-05-21;"Prešovský kraj";44;13803;24;13827;NA;113970;68;2021-05-21;112860
2021-05-20;"Prešovský kraj";13;9437;29;9466;NA;113970;42;2021-05-20;112792
2021-05-19;"Prešovský kraj";60;10756;36;10792;NA;113970;96;2021-05-19;112750
2021-05-18;"Prešovský kraj";44;9060;27;9087;NA;113970;71;2021-05-18;112654
2021-05-17;"Prešovský kraj";60;12855;47;12902;NA;113970;107;2021-05-17;112583
2021-05-16;"Prešovský kraj";20;16302;66;16368;NA;113970;86;2021-05-16;112476
2021-05-15;"Prešovský kraj";20;24585;81;24666;NA;113970;101;2021-05-15;112390
2021-05-14;"Prešovský kraj";49;18671;68;18739;NA;113970;117;2021-05-14;112289
2021-05-13;"Prešovský kraj";54;11166;71;11237;NA;113970;125;2021-05-13;112172
2021-05-12;"Prešovský kraj";59;10822;39;10861;NA;113970;98;2021-05-12;112047
2021-05-11;"Prešovský kraj";61;10728;48;10776;NA;113970;109;2021-05-11;111949
2021-05-10;"Prešovský kraj";79;15726;67;15793;NA;113970;146;2021-05-10;111840
2021-05-09;"Prešovský kraj";54;21614;82;21696;NA;113970;136;2021-05-09;111694
2021-05-08;"Prešovský kraj";39;23050;52;23102;NA;113970;91;2021-05-08;111558
2021-05-07;"Prešovský kraj";81;23543;66;23609;NA;113970;147;2021-05-07;111467
2021-05-06;"Prešovský kraj";107;12924;66;12990;NA;113970;173;2021-05-06;111320
2021-05-05;"Prešovský kraj";60;12808;84;12892;NA;113970;144;2021-05-05;111147
2021-05-04;"Prešovský kraj";203;13470;67;13537;NA;113970;270;2021-05-04;111003
2021-05-03;"Prešovský kraj";68;18458;109;18567;NA;113970;177;2021-05-03;110733
2021-05-02;"Prešovský kraj";29;36694;102;36796;NA;113970;131;2021-05-02;110556
2021-05-01;"Prešovský kraj";70;57153;183;57336;NA;113970;253;2021-05-01;110425
2021-04-30;"Prešovský kraj";135;39333;118;39451;NA;113970;253;2021-04-30;110172
2021-04-29;"Prešovský kraj";110;16633;97;16730;NA;113970;207;2021-04-29;109919
2021-04-28;"Prešovský kraj";122;18671;89;18760;NA;113970;211;2021-04-28;109712
2021-04-27;"Prešovský kraj";154;19989;120;20109;NA;113970;274;2021-04-27;109501
2021-04-26;"Prešovský kraj";99;27241;123;27364;NA;113970;222;2021-04-26;109227
2021-04-25;"Prešovský kraj";9;52773;156;52929;NA;113970;165;2021-04-25;109005
2021-04-24;"Prešovský kraj";61;85689;243;85932;NA;113970;304;2021-04-24;108840
2021-04-23;"Prešovský kraj";171;40362;137;40499;NA;113970;308;2021-04-23;108536
2021-04-22;"Prešovský kraj";86;18104;125;18229;NA;113970;211;2021-04-22;108228
2021-04-21;"Prešovský kraj";144;21549;139;21688;NA;113970;283;2021-04-21;108017
2021-04-20;"Prešovský kraj";115;23345;128;23473;NA;113970;243;2021-04-20;107734
2021-04-19;"Prešovský kraj";106;29133;145;29278;NA;113970;251;2021-04-19;107491
2021-04-18;"Prešovský kraj";4;51824;129;51953;NA;113970;133;2021-04-18;107240
2021-04-17;"Prešovský kraj";119;97970;238;98208;NA;113970;357;2021-04-17;107107
2021-04-16;"Prešovský kraj";135;40989;146;41135;NA;113970;281;2021-04-16;106750
2021-04-15;"Prešovský kraj";112;20179;137;20316;NA;113970;249;2021-04-15;106469
2021-04-14;"Prešovský kraj";199;23331;130;23461;NA;113970;329;2021-04-14;106220
2021-04-13;"Prešovský kraj";180;23907;116;24023;NA;113970;296;2021-04-13;105891
2021-04-12;"Prešovský kraj";172;30152;175;30327;NA;113970;347;2021-04-12;105595
2021-04-11;"Prešovský kraj";11;49955;187;50142;NA;113970;198;2021-04-11;105248
2021-04-10;"Prešovský kraj";94;90181;297;90478;NA;113970;391;2021-04-10;105050
2021-04-09;"Prešovský kraj";255;37163;200;37363;NA;113970;455;2021-04-09;104659
2021-04-08;"Prešovský kraj";192;18891;157;19048;NA;113970;349;2021-04-08;104204
2021-04-07;"Prešovský kraj";314;27797;154;27951;NA;113970;468;2021-04-07;103855
2021-04-06;"Prešovský kraj";231;41710;268;41978;NA;113970;499;2021-04-06;103387
2021-04-05;"Prešovský kraj";54;18454;132;18586;NA;113970;186;2021-04-05;102888
2021-04-04;"Prešovský kraj";31;18569;91;18660;NA;113970;122;2021-04-04;102702
2021-04-03;"Prešovský kraj";104;90664;321;90985;NA;113970;425;2021-04-03;102580
2021-04-02;"Prešovský kraj";194;23381;134;23515;NA;113970;328;2021-04-02;102155
2021-04-01;"Prešovský kraj";256;42879;195;43074;NA;113970;451;2021-04-01;101827
2021-03-31;"Prešovský kraj";311;30176;227;30403;NA;113970;538;2021-03-31;101376
2021-03-30;"Prešovský kraj";374;20747;203;20950;NA;113970;577;2021-03-30;100838
2021-03-29;"Prešovský kraj";219;28188;229;28417;NA;113970;448;2021-03-29;100261
2021-03-28;"Prešovský kraj";26;46811;256;47067;NA;113970;282;2021-03-28;99813
2021-03-27;"Prešovský kraj";181;88673;372;89045;NA;113970;553;2021-03-27;99531
2021-03-26;"Prešovský kraj";310;47751;299;48050;NA;113970;609;2021-03-26;98978
2021-03-25;"Prešovský kraj";248;22281;213;22494;NA;113970;461;2021-03-25;98369
2021-03-24;"Prešovský kraj";381;19588;213;19801;NA;113970;594;2021-03-24;97908
2021-03-23;"Prešovský kraj";241;20351;255;20606;NA;113970;496;2021-03-23;97314
2021-03-22;"Prešovský kraj";299;28634;287;28921;NA;113970;586;2021-03-22;96818
2021-03-21;"Prešovský kraj";32;49439;266;49705;NA;113970;298;2021-03-21;96232
2021-03-20;"Prešovský kraj";180;92529;426;92955;NA;113970;606;2021-03-20;95934
2021-03-19;"Prešovský kraj";373;46582;326;46908;NA;113970;699;2021-03-19;95328
2021-03-18;"Prešovský kraj";251;21721;217;21938;NA;113970;468;2021-03-18;94629
2021-03-17;"Prešovský kraj";331;20887;231;21118;NA;113970;562;2021-03-17;94161
2021-03-16;"Prešovský kraj";461;21094;278;21372;NA;113970;739;2021-03-16;93599
2021-03-15;"Prešovský kraj";370;28813;324;29137;NA;113970;694;2021-03-15;92860
2021-03-14;"Prešovský kraj";52;50410;356;50766;NA;113970;408;2021-03-14;92166
2021-03-13;"Prešovský kraj";200;94768;531;95299;NA;113970;731;2021-03-13;91758
2021-03-12;"Prešovský kraj";425;47691;368;48059;NA;113970;793;2021-03-12;91027
2021-03-11;"Prešovský kraj";463;22059;253;22312;NA;113970;716;2021-03-11;90234
2021-03-10;"Prešovský kraj";325;20821;293;21114;NA;113970;618;2021-03-10;89518
2021-03-09;"Prešovský kraj";505;21496;288;21784;NA;113970;793;2021-03-09;88900
2021-03-08;"Prešovský kraj";314;28903;333;29236;NA;113970;647;2021-03-08;88107
2021-03-07;"Prešovský kraj";19;48328;388;48716;NA;113970;407;2021-03-07;87460
2021-03-06;"Prešovský kraj";193;97527;591;98118;NA;113970;784;2021-03-06;87053
2021-03-05;"Prešovský kraj";497;46054;397;46451;NA;113970;894;2021-03-05;86269
2021-03-04;"Prešovský kraj";372;22670;359;23029;NA;113970;731;2021-03-04;85375
2021-03-03;"Prešovský kraj";397;21623;333;21956;NA;113970;730;2021-03-03;84644
2021-03-02;"Prešovský kraj";421;22682;357;23039;NA;113970;778;2021-03-02;83914
2021-03-01;"Prešovský kraj";303;27716;406;28122;NA;113970;709;2021-03-01;83136
2021-02-28;"Prešovský kraj";75;45000;387;45387;NA;113970;462;2021-02-28;82427
2021-02-27;"Prešovský kraj";273;90231;734;90965;NA;113970;1007;2021-02-27;81965
2021-02-26;"Prešovský kraj";455;41340;438;41778;NA;113970;893;2021-02-26;80958
2021-02-25;"Prešovský kraj";270;19496;337;19833;NA;113970;607;2021-02-25;80065
2021-02-24;"Prešovský kraj";328;19026;377;19403;NA;113970;705;2021-02-24;79458
2021-02-23;"Prešovský kraj";430;21277;345;21622;NA;113970;775;2021-02-23;78753
2021-02-22;"Prešovský kraj";351;27180;356;27536;NA;113970;707;2021-02-22;77978
2021-02-21;"Prešovský kraj";66;31841;302;32143;NA;113970;368;2021-02-21;77271
2021-02-20;"Prešovský kraj";129;71413;517;71930;NA;113970;646;2021-02-20;76903
2021-02-19;"Prešovský kraj";381;38995;430;39425;NA;113970;811;2021-02-19;76257
2021-02-18;"Prešovský kraj";268;16960;322;17282;NA;113970;590;2021-02-18;75446
2021-02-17;"Prešovský kraj";293;17392;246;17638;NA;113970;539;2021-02-17;74856
2021-02-16;"Prešovský kraj";422;18862;265;19127;NA;113970;687;2021-02-16;74317
2021-02-15;"Prešovský kraj";211;31366;303;31669;NA;113970;514;2021-02-15;73630
2021-02-14;"Prešovský kraj";27;39387;321;39708;NA;113970;348;2021-02-14;73116
2021-02-13;"Prešovský kraj";157;74747;402;75149;NA;113970;559;2021-02-13;72768
2021-02-12;"Prešovský kraj";308;38758;365;39123;NA;113970;673;2021-02-12;72209
2021-02-11;"Prešovský kraj";218;16207;238;16445;NA;113970;456;2021-02-11;71536
2021-02-10;"Prešovský kraj";220;18542;282;18824;NA;113970;502;2021-02-10;71080
2021-02-09;"Prešovský kraj";323;21497;370;21867;NA;113970;693;2021-02-09;70578
2021-02-08;"Prešovský kraj";161;36924;261;37185;NA;113970;422;2021-02-08;69885
2021-02-07;"Prešovský kraj";21;34227;209;34436;NA;113970;230;2021-02-07;69463
2021-02-06;"Prešovský kraj";176;69164;360;69524;NA;113970;536;2021-02-06;69233
2021-02-05;"Prešovský kraj";177;31271;262;31533;NA;113970;439;2021-02-05;68697
2021-02-04;"Prešovský kraj";176;13080;237;13317;NA;113970;413;2021-02-04;68258
2021-02-03;"Prešovský kraj";251;8423;236;8659;NA;113970;487;2021-02-03;67845
2021-02-02;"Prešovský kraj";249;11769;264;12033;NA;113970;513;2021-02-02;67358
2021-02-01;"Prešovský kraj";220;16059;316;16375;NA;113970;536;2021-02-01;66845
2021-01-31;"Prešovský kraj";42;10587;107;10694;NA;113970;149;2021-01-31;66309
2021-01-30;"Prešovský kraj";142;23939;215;24154;NA;113970;357;2021-01-30;66160
2021-01-29;"Prešovský kraj";185;17924;326;18250;NA;113970;511;2021-01-29;65803
2021-01-28;"Prešovský kraj";311;7348;150;7498;NA;113970;461;2021-01-28;65292
2021-01-27;"Prešovský kraj";153;9730;147;9877;NA;113970;300;2021-01-27;64831
2021-01-26;"Prešovský kraj";252;16653;151;16804;NA;113970;403;2021-01-26;64531
2021-01-25;"Prešovský kraj";196;30092;253;30345;NA;113970;449;2021-01-25;64128
2021-01-24;"Prešovský kraj";12;45706;304;46010;NA;113970;316;2021-01-24;63679
2021-01-23;"Prešovský kraj";189;96883;487;97370;NA;113970;676;2021-01-23;63363
2021-01-22;"Prešovský kraj";187;35383;261;35644;NA;113970;448;2021-01-22;62687
2021-01-21;"Prešovský kraj";187;20434;212;20646;NA;113970;399;2021-01-21;62239
2021-01-20;"Prešovský kraj";253;14782;195;14977;NA;113970;448;2021-01-20;61840
2021-01-19;"Prešovský kraj";281;12329;305;12634;NA;113970;586;2021-01-19;61392
2021-01-18;"Prešovský kraj";203;10422;336;10758;NA;113970;539;2021-01-18;60806
2021-01-17;"Prešovský kraj";107;14391;1008;15399;NA;113970;1115;2021-01-17;60267
2021-01-16;"Prešovský kraj";72;1838;81;1919;NA;113970;153;2021-01-16;59152
2021-01-15;"Prešovský kraj";159;7033;257;7290;NA;113970;416;2021-01-15;58999
2021-01-14;"Prešovský kraj";268;5534;256;5790;NA;113970;524;2021-01-14;58583
2021-01-13;"Prešovský kraj";342;5649;226;5875;NA;113970;568;2021-01-13;58059
2021-01-12;"Prešovský kraj";455;8487;409;8896;NA;113970;864;2021-01-12;57491
2021-01-11;"Prešovský kraj";343;8369;481;8850;NA;113970;824;2021-01-11;56627
2021-01-10;"Prešovský kraj";63;476;23;499;NA;113970;86;2021-01-10;55803
2021-01-09;"Prešovský kraj";439;2248;125;2373;NA;113970;564;2021-01-09;55717
2021-01-08;"Prešovský kraj";430;10855;572;11427;NA;113970;1002;2021-01-08;55153
2021-01-07;"Prešovský kraj";268;7789;648;8437;NA;113970;916;2021-01-07;54151
2021-01-06;"Prešovský kraj";315;1484;134;1618;NA;113970;449;2021-01-06;53235
2021-01-05;"Prešovský kraj";655;11591;1003;12594;NA;113970;1658;2021-01-05;52786
2021-01-04;"Prešovský kraj";371;17198;1812;19010;NA;113970;2183;2021-01-04;51128
2021-01-03;"Prešovský kraj";89;459;41;500;NA;113970;130;2021-01-03;48945
2021-01-02;"Prešovský kraj";65;1556;160;1716;NA;113970;225;2021-01-02;48815
2021-01-01;"Prešovský kraj";174;956;71;1027;NA;113970;245;2021-01-01;48590
2020-12-31;"Prešovský kraj";640;11959;783;12742;NA;113970;1423;2020-12-31;48345
2020-12-30;"Prešovský kraj";729;9062;802;9864;NA;113970;1531;2020-12-30;46922
2020-12-29;"Prešovský kraj";435;9273;949;10222;NA;113970;1384;2020-12-29;45391
2020-12-28;"Prešovský kraj";393;9046;1079;10125;NA;113970;1472;2020-12-28;44007
2020-12-27;"Prešovský kraj";40;613;45;658;NA;113970;85;2020-12-27;42535
2020-12-26;"Prešovský kraj";64;176;12;188;NA;113970;76;2020-12-26;42450
2020-12-25;"Prešovský kraj";208;274;11;285;NA;113970;219;2020-12-25;42374
2020-12-24;"Prešovský kraj";452;1214;85;1299;NA;113970;537;2020-12-24;42155
2020-12-23;"Prešovský kraj";361;11369;635;12004;NA;113970;996;2020-12-23;41618
2020-12-22;"Prešovský kraj";439;9371;710;10081;NA;113970;1149;2020-12-22;40622
2020-12-21;"Prešovský kraj";432;9923;880;10803;NA;113970;1312;2020-12-21;39473
2020-12-20;"Prešovský kraj";184;396;20;416;NA;113970;204;2020-12-20;38161
2020-12-19;"Prešovský kraj";276;1658;151;1809;NA;113970;427;2020-12-19;37957
2020-12-18;"Prešovský kraj";396;8845;595;9440;NA;113970;991;2020-12-18;37530
2020-12-17;"Prešovský kraj";427;10826;891;11717;NA;113970;1318;2020-12-17;36539
2020-12-16;"Prešovský kraj";466;6017;508;6525;NA;113970;974;2020-12-16;35221
2020-12-15;"Prešovský kraj";411;5685;584;6269;NA;113970;995;2020-12-15;34247
2020-12-14;"Prešovský kraj";334;5767;508;6275;NA;113970;842;2020-12-14;33252
2020-12-13;"Prešovský kraj";89;29;8;37;NA;113970;97;2020-12-13;32410
2020-12-12;"Prešovský kraj";319;2474;166;2640;NA;113970;485;2020-12-12;32313
2020-12-11;"Prešovský kraj";560;5602;402;6004;NA;113970;962;2020-12-11;31828
2020-12-10;"Prešovský kraj";337;5202;443;5645;NA;113970;780;2020-12-10;30866
2020-12-09;"Prešovský kraj";358;4357;314;4671;NA;113970;672;2020-12-09;30086
2020-12-08;"Prešovský kraj";350;6629;651;7280;NA;113970;1001;2020-12-08;29414
2020-12-07;"Prešovský kraj";309;4345;327;4672;NA;113970;636;2020-12-07;28413
2020-12-06;"Prešovský kraj";59;655;26;681;NA;113970;85;2020-12-06;27777
2020-12-05;"Prešovský kraj";218;984;87;1071;NA;113970;305;2020-12-05;27692
2020-12-04;"Prešovský kraj";352;5070;293;5363;NA;113970;645;2020-12-04;27387
2020-12-03;"Prešovský kraj";284;2456;179;2635;NA;113970;463;2020-12-03;26742
2020-12-02;"Prešovský kraj";232;2830;225;3055;NA;113970;457;2020-12-02;26279
2020-12-01;"Prešovský kraj";281;1884;196;2080;NA;113970;477;2020-12-01;25822
2020-11-30;"Prešovský kraj";196;5333;97;5430;NA;113970;293;2020-11-30;25345
2020-11-29;"Prešovský kraj";27;379;42;421;NA;113970;69;2020-11-29;25052
2020-11-28;"Prešovský kraj";199;772;77;849;NA;113970;276;2020-11-28;24983
2020-11-27;"Prešovský kraj";232;2350;130;2480;NA;113970;362;2020-11-27;24707
2020-11-26;"Prešovský kraj";263;3014;329;3343;NA;113970;592;2020-11-26;24345
2020-11-25;"Prešovský kraj";302;2174;103;2277;NA;113970;405;2020-11-25;23753
2020-11-24;"Prešovský kraj";365;1777;156;1933;NA;113970;521;2020-11-24;23348
2020-11-23;"Prešovský kraj";164;1099;60;1159;NA;113970;224;2020-11-23;22827
2020-11-22;"Prešovský kraj";46;44;1;45;NA;113970;47;2020-11-22;22603
2020-11-21;"Prešovský kraj";205;754;62;816;NA;113970;267;2020-11-21;22556
2020-11-20;"Prešovský kraj";363;2258;102;2360;NA;113970;465;2020-11-20;22289
2020-11-19;"Prešovský kraj";359;2096;238;2334;NA;113970;597;2020-11-19;21824
2020-11-18;"Prešovský kraj";270;488;43;531;NA;113970;313;2020-11-18;21227
2020-11-17;"Prešovský kraj";347;205;23;228;NA;113970;370;2020-11-17;20914
2020-11-16;"Prešovský kraj";226;540;58;598;NA;113970;284;2020-11-16;20544
2020-11-15;"Prešovský kraj";186;39;4;43;NA;113970;190;2020-11-15;20260
2020-11-14;"Prešovský kraj";261;54;4;58;NA;113970;265;2020-11-14;20070
2020-11-13;"Prešovský kraj";395;166;8;174;NA;113970;403;2020-11-13;19805
2020-11-12;"Prešovský kraj";397;229;50;279;NA;113970;447;2020-11-12;19402
2020-11-11;"Prešovský kraj";516;161;15;176;NA;113970;531;2020-11-11;18955
2020-11-10;"Prešovský kraj";437;197;9;206;NA;113970;446;2020-11-10;18424
2020-11-09;"Prešovský kraj";190;4110;945;5055;NA;113970;1135;2020-11-09;17978
2020-11-08;"Prešovský kraj";97;2817;32;2849;NA;113970;129;2020-11-08;16843
2020-11-07;"Prešovský kraj";416;8578;81;8659;NA;113970;497;2020-11-07;16714
2020-11-06;"Prešovský kraj";520;4791;76;4867;NA;113970;596;2020-11-06;16217
2020-11-05;"Prešovský kraj";397;180;5;185;NA;113970;402;2020-11-05;15621
2020-11-04;"Prešovský kraj";350;807;8;815;NA;113970;358;2020-11-04;15219
2020-11-03;"Prešovský kraj";565;98;12;110;NA;113970;577;2020-11-03;14861
2020-11-02;"Prešovský kraj";203;4158;1004;5162;NA;113970;1207;2020-11-02;14284
2020-11-01;"Prešovský kraj";386;2906;53;2959;NA;113970;439;2020-11-01;13077
2020-10-31;"Prešovský kraj";315;10497;170;10667;NA;113970;485;2020-10-31;12638
2020-10-30;"Prešovský kraj";552;2949;65;3014;NA;113970;617;2020-10-30;12153
2020-10-29;"Prešovský kraj";594;301;38;339;NA;113970;632;2020-10-29;11536
2020-10-28;"Prešovský kraj";617;291;46;337;NA;113970;663;2020-10-28;10904
2020-10-27;"Prešovský kraj";656;268;34;302;NA;113970;690;2020-10-27;10241
2020-10-26;"Prešovský kraj";137;363;57;420;NA;113970;194;2020-10-26;9551
2020-10-25;"Prešovský kraj";237;346;11;357;NA;113970;248;2020-10-25;9357
2020-10-24;"Prešovský kraj";719;200;12;212;NA;113970;731;2020-10-24;9109
2020-10-23;"Prešovský kraj";750;218;8;226;NA;113970;758;2020-10-23;8378
2020-10-22;"Prešovský kraj";646;396;30;426;NA;113970;676;2020-10-22;7620
2020-10-21;"Prešovský kraj";383;58;8;66;NA;113970;391;2020-10-21;6944
2020-10-20;"Prešovský kraj";493;65;7;72;NA;113970;500;2020-10-20;6553
2020-10-19;"Prešovský kraj";140;235;15;250;NA;113970;155;2020-10-19;6053
2020-10-18;"Prešovský kraj";209;0;0;0;NA;113970;209;2020-10-18;5898
2020-10-17;"Prešovský kraj";342;0;0;0;NA;113970;342;2020-10-17;5689
2020-10-16;"Prešovský kraj";388;57;3;60;NA;113970;391;2020-10-16;5347
2020-10-15;"Prešovský kraj";435;85;18;103;NA;113970;453;2020-10-15;4956
2020-10-14;"Prešovský kraj";451;54;10;64;NA;113970;461;2020-10-14;4503
2020-10-13;"Prešovský kraj";264;50;6;56;NA;113970;270;2020-10-13;4042
2020-10-12;"Prešovský kraj";214;334;35;369;NA;113970;249;2020-10-12;3772
2020-10-11;"Prešovský kraj";127;0;0;0;NA;113970;127;2020-10-11;3523
2020-10-10;"Prešovský kraj";248;0;0;0;NA;113970;248;2020-10-10;3396
2020-10-09;"Prešovský kraj";406;0;0;0;NA;113970;406;2020-10-09;3148
2020-10-08;"Prešovský kraj";245;0;0;0;NA;113970;245;2020-10-08;2742
2020-10-07;"Prešovský kraj";244;0;0;0;NA;113970;244;2020-10-07;2497
2020-10-06;"Prešovský kraj";166;0;0;0;NA;113970;166;2020-10-06;2253
2020-10-05;"Prešovský kraj";84;0;0;0;NA;113970;84;2020-10-05;2087
2020-10-04;"Prešovský kraj";118;0;0;0;NA;113970;118;2020-10-04;2003
2020-10-03;"Prešovský kraj";204;0;0;0;NA;113970;204;2020-10-03;1885
2020-10-02;"Prešovský kraj";149;0;0;0;NA;113970;149;2020-10-02;1681
2020-10-01;"Prešovský kraj";136;0;0;0;NA;113970;136;2020-10-01;1532
2020-09-30;"Prešovský kraj";121;0;0;0;NA;113970;121;2020-09-30;1396
2020-09-29;"Prešovský kraj";156;0;0;0;NA;113970;156;2020-09-29;1275
2020-09-28;"Prešovský kraj";51;0;0;0;NA;113970;51;2020-09-28;1119
2020-09-27;"Prešovský kraj";10;0;0;0;NA;113970;10;2020-09-27;1068
2020-09-26;"Prešovský kraj";72;0;0;0;NA;113970;72;2020-09-26;1058
2020-09-25;"Prešovský kraj";91;0;0;0;NA;113970;91;2020-09-25;986
2020-09-24;"Prešovský kraj";52;0;0;0;NA;113970;52;2020-09-24;895
2020-09-23;"Prešovský kraj";55;0;0;0;NA;113970;55;2020-09-23;843
2020-09-22;"Prešovský kraj";29;0;0;0;NA;113970;29;2020-09-22;788
2020-09-21;"Prešovský kraj";14;0;0;0;NA;113970;14;2020-09-21;759
2020-09-20;"Prešovský kraj";5;0;0;0;NA;113970;5;2020-09-20;745
2020-09-19;"Prešovský kraj";12;0;0;0;NA;113970;12;2020-09-19;740
2020-09-18;"Prešovský kraj";29;0;0;0;NA;113970;29;2020-09-18;728
2020-09-17;"Prešovský kraj";25;0;0;0;NA;113970;25;2020-09-17;699
2020-09-16;"Prešovský kraj";8;0;0;0;NA;113970;8;2020-09-16;674
2020-09-15;"Prešovský kraj";10;0;0;0;NA;113970;10;2020-09-15;666
2020-09-14;"Prešovský kraj";47;0;0;0;NA;113970;47;2020-09-14;656
2020-09-13;"Prešovský kraj";3;0;0;0;NA;113970;3;2020-09-13;609
2020-09-12;"Prešovský kraj";4;0;0;0;NA;113970;4;2020-09-12;606
2020-09-11;"Prešovský kraj";15;0;0;0;NA;113970;15;2020-09-11;602
2020-09-10;"Prešovský kraj";10;0;0;0;NA;113970;10;2020-09-10;587
2020-09-09;"Prešovský kraj";21;0;0;0;NA;113970;21;2020-09-09;577
2020-09-08;"Prešovský kraj";23;0;0;0;NA;113970;23;2020-09-08;556
2020-09-07;"Prešovský kraj";5;0;0;0;NA;113970;5;2020-09-07;533
2020-09-06;"Prešovský kraj";3;0;0;0;NA;113970;3;2020-09-06;528
2020-09-05;"Prešovský kraj";7;0;0;0;NA;113970;7;2020-09-05;525
2020-09-04;"Prešovský kraj";24;0;0;0;NA;113970;24;2020-09-04;518
2020-09-03;"Prešovský kraj";8;0;0;0;NA;113970;8;2020-09-03;494
2020-09-02;"Prešovský kraj";9;0;0;0;NA;113970;9;2020-09-02;486
2020-09-01;"Prešovský kraj";6;0;0;0;NA;113970;6;2020-09-01;477
2020-08-31;"Prešovský kraj";3;0;0;0;NA;113970;3;2020-08-31;471
2020-08-30;"Prešovský kraj";6;0;0;0;NA;113970;6;2020-08-30;468
2020-08-29;"Prešovský kraj";4;0;0;0;NA;113970;4;2020-08-29;462
2020-08-28;"Prešovský kraj";6;0;0;0;NA;113970;6;2020-08-28;458
2020-08-27;"Prešovský kraj";7;0;0;0;NA;113970;7;2020-08-27;452
2020-08-26;"Prešovský kraj";22;0;0;0;NA;113970;22;2020-08-26;445
2020-08-25;"Prešovský kraj";1;0;0;0;NA;113970;1;2020-08-25;423
2020-08-24;"Prešovský kraj";5;0;0;0;NA;113970;5;2020-08-24;422
2020-08-23;"Prešovský kraj";3;0;0;0;NA;113970;3;2020-08-23;417
2020-08-22;"Prešovský kraj";3;0;0;0;NA;113970;3;2020-08-22;414
2020-08-21;"Prešovský kraj";11;0;0;0;NA;113970;11;2020-08-21;411
2020-08-20;"Prešovský kraj";8;0;0;0;NA;113970;8;2020-08-20;400
2020-08-19;"Prešovský kraj";8;0;0;0;NA;113970;8;2020-08-19;392
2020-08-18;"Prešovský kraj";6;0;0;0;NA;113970;6;2020-08-18;384
2020-08-17;"Prešovský kraj";1;0;0;0;NA;113970;1;2020-08-17;378
2020-08-16;"Prešovský kraj";0;0;0;0;NA;113970;0;2020-08-16;377
2020-08-15;"Prešovský kraj";8;0;0;0;NA;113970;8;2020-08-15;377
2020-08-14;"Prešovský kraj";6;0;0;0;NA;113970;6;2020-08-14;369
2020-08-13;"Prešovský kraj";8;0;0;0;NA;113970;8;2020-08-13;363
2020-08-12;"Prešovský kraj";19;0;0;0;NA;113970;19;2020-08-12;355
2020-08-11;"Prešovský kraj";3;0;0;0;NA;113970;3;2020-08-11;336
2020-08-10;"Prešovský kraj";0;0;0;0;NA;113970;0;2020-08-10;333
2020-08-09;"Prešovský kraj";0;0;0;0;NA;113970;0;2020-08-09;333
2020-08-08;"Prešovský kraj";2;0;0;0;NA;113970;2;2020-08-08;333
2020-08-07;"Prešovský kraj";6;0;0;0;NA;113970;6;2020-08-07;331
2020-08-06;"Prešovský kraj";2;0;0;0;NA;113970;2;2020-08-06;325
2020-08-05;"Prešovský kraj";8;0;0;0;NA;113970;8;2020-08-05;323
2020-08-04;"Prešovský kraj";5;0;0;0;NA;113970;5;2020-08-04;315
2020-08-03;"Prešovský kraj";4;0;0;0;NA;113970;4;2020-08-03;310
2020-08-02;"Prešovský kraj";6;0;0;0;NA;113970;6;2020-08-02;306
2020-08-01;"Prešovský kraj";0;0;0;0;NA;113970;0;2020-08-01;300
2020-07-31;"Prešovský kraj";2;0;0;0;NA;113970;2;2020-07-31;300
2020-07-30;"Prešovský kraj";6;0;0;0;NA;113970;6;2020-07-30;298
2020-07-29;"Prešovský kraj";5;0;0;0;NA;113970;5;2020-07-29;292
2020-07-28;"Prešovský kraj";0;0;0;0;NA;113970;0;2020-07-28;287
2020-07-27;"Prešovský kraj";1;0;0;0;NA;113970;1;2020-07-27;287
2020-07-26;"Prešovský kraj";1;0;0;0;NA;113970;1;2020-07-26;286
2020-07-25;"Prešovský kraj";21;0;0;0;NA;113970;21;2020-07-25;285
2020-07-24;"Prešovský kraj";1;0;0;0;NA;113970;1;2020-07-24;264
2020-07-23;"Prešovský kraj";5;0;0;0;NA;113970;5;2020-07-23;263
2020-07-22;"Prešovský kraj";1;0;0;0;NA;113970;1;2020-07-22;258
2020-07-21;"Prešovský kraj";2;0;0;0;NA;113970;2;2020-07-21;257
2020-07-20;"Prešovský kraj";1;0;0;0;NA;113970;1;2020-07-20;255
2020-07-19;"Prešovský kraj";0;0;0;0;NA;113970;0;2020-07-19;254
2020-07-18;"Prešovský kraj";0;0;0;0;NA;113970;0;2020-07-18;254
2020-07-17;"Prešovský kraj";3;0;0;0;NA;113970;3;2020-07-17;254
2020-07-16;"Prešovský kraj";1;0;0;0;NA;113970;1;2020-07-16;251
2020-07-15;"Prešovský kraj";5;0;0;0;NA;113970;5;2020-07-15;250
2020-07-14;"Prešovský kraj";5;0;0;0;NA;113970;5;2020-07-14;245
2020-07-13;"Prešovský kraj";1;0;0;0;NA;113970;1;2020-07-13;240
2020-07-12;"Prešovský kraj";1;0;0;0;NA;113970;1;2020-07-12;239
2020-07-11;"Prešovský kraj";6;0;0;0;NA;113970;6;2020-07-11;238
2020-07-10;"Prešovský kraj";5;0;0;0;NA;113970;5;2020-07-10;232
2020-07-09;"Prešovský kraj";2;0;0;0;NA;113970;2;2020-07-09;227
2020-07-08;"Prešovský kraj";14;0;0;0;NA;113970;14;2020-07-08;225
2020-07-07;"Prešovský kraj";2;0;0;0;NA;113970;2;2020-07-07;211
2020-07-06;"Prešovský kraj";0;0;0;0;NA;113970;0;2020-07-06;209
2020-07-05;"Prešovský kraj";0;0;0;0;NA;113970;0;2020-07-05;209
2020-07-04;"Prešovský kraj";1;0;0;0;NA;113970;1;2020-07-04;209
2020-07-03;"Prešovský kraj";3;0;0;0;NA;113970;3;2020-07-03;208
2020-07-02;"Prešovský kraj";0;0;0;0;NA;113970;0;2020-07-02;205
2020-07-01;"Prešovský kraj";0;0;0;0;NA;113970;0;2020-07-01;205
2020-06-30;"Prešovský kraj";7;0;0;0;NA;113970;7;2020-06-30;205
2020-06-29;"Prešovský kraj";0;0;0;0;NA;113970;0;2020-06-29;198
2020-06-28;"Prešovský kraj";0;0;0;0;NA;113970;0;2020-06-28;198
2020-06-27;"Prešovský kraj";3;0;0;0;NA;113970;3;2020-06-27;198
2020-06-26;"Prešovský kraj";3;0;0;0;NA;113970;3;2020-06-26;195
2020-06-25;"Prešovský kraj";0;0;0;0;NA;113970;0;2020-06-25;192
2020-06-24;"Prešovský kraj";4;0;0;0;NA;113970;4;2020-06-24;192
2020-06-23;"Prešovský kraj";0;0;0;0;NA;113970;0;2020-06-23;188
2020-06-22;"Prešovský kraj";0;0;0;0;NA;113970;0;2020-06-22;188
2020-06-21;"Prešovský kraj";0;0;0;0;NA;113970;0;2020-06-21;188
2020-06-20;"Prešovský kraj";0;0;0;0;NA;113970;0;2020-06-20;188
2020-06-19;"Prešovský kraj";1;0;0;0;NA;113970;1;2020-06-19;188
2020-06-18;"Prešovský kraj";0;0;0;0;NA;113970;0;2020-06-18;187
2020-06-17;"Prešovský kraj";0;0;0;0;NA;113970;0;2020-06-17;187
2020-06-16;"Prešovský kraj";6;0;0;0;NA;113970;6;2020-06-16;187
2020-06-14;"Prešovský kraj";0;0;0;0;NA;113970;0;2020-06-14;181
2020-06-13;"Prešovský kraj";0;0;0;0;NA;113970;0;2020-06-13;181
2020-06-12;"Prešovský kraj";1;0;0;0;NA;113970;1;2020-06-12;181
2020-06-11;"Prešovský kraj";0;0;0;0;NA;113970;0;2020-06-11;180
2020-06-10;"Prešovský kraj";0;0;0;0;NA;113970;0;2020-06-10;180
2020-06-09;"Prešovský kraj";0;0;0;0;NA;113970;0;2020-06-09;180
2020-06-08;"Prešovský kraj";0;0;0;0;NA;113970;0;2020-06-08;180
2020-06-07;"Prešovský kraj";0;0;0;0;NA;113970;0;2020-06-07;180
2020-06-05;"Prešovský kraj";0;0;0;0;NA;113970;0;2020-06-05;180
2020-06-03;"Prešovský kraj";0;0;0;0;NA;113970;0;2020-06-03;180
2020-06-02;"Prešovský kraj";1;0;0;0;NA;113970;1;2020-06-02;180
2020-05-31;"Prešovský kraj";1;0;0;0;NA;113970;1;2020-05-31;179
2020-05-29;"Prešovský kraj";0;0;0;0;NA;113970;0;2020-05-29;178
2020-05-27;"Prešovský kraj";0;0;0;0;NA;113970;0;2020-05-27;178
2020-05-26;"Prešovský kraj";0;0;0;0;NA;113970;0;2020-05-26;178
2020-05-25;"Prešovský kraj";0;0;0;0;NA;113970;0;2020-05-25;178
2020-05-24;"Prešovský kraj";0;0;0;0;NA;113970;0;2020-05-24;178
2020-05-23;"Prešovský kraj";0;0;0;0;NA;113970;0;2020-05-23;178
2020-05-22;"Prešovský kraj";0;0;0;0;NA;113970;0;2020-05-22;178
2020-05-21;"Prešovský kraj";1;0;0;0;NA;113970;1;2020-05-21;178
2020-05-20;"Prešovský kraj";0;0;0;0;NA;113970;0;2020-05-20;177
2020-05-19;"Prešovský kraj";0;0;0;0;NA;113970;0;2020-05-19;177
2020-05-17;"Prešovský kraj";0;0;0;0;NA;113970;0;2020-05-17;177
2020-05-16;"Prešovský kraj";0;0;0;0;NA;113970;0;2020-05-16;177
2020-05-15;"Prešovský kraj";0;0;0;0;NA;113970;0;2020-05-15;177
2020-05-14;"Prešovský kraj";0;0;0;0;NA;113970;0;2020-05-14;177
2020-05-13;"Prešovský kraj";1;0;0;0;NA;113970;1;2020-05-13;177
2020-05-12;"Prešovský kraj";0;0;0;0;NA;113970;0;2020-05-12;176
2020-05-11;"Prešovský kraj";1;0;0;0;NA;113970;1;2020-05-11;176
2020-05-09;"Prešovský kraj";0;0;0;0;NA;113970;0;2020-05-09;175
2020-05-07;"Prešovský kraj";0;0;0;0;NA;113970;0;2020-05-07;175
2020-05-06;"Prešovský kraj";0;0;0;0;NA;113970;0;2020-05-06;175
2020-05-05;"Prešovský kraj";1;0;0;0;NA;113970;1;2020-05-05;175
2020-05-04;"Prešovský kraj";0;0;0;0;NA;113970;0;2020-05-04;174
2020-05-03;"Prešovský kraj";0;0;0;0;NA;113970;0;2020-05-03;174
2020-05-02;"Prešovský kraj";0;0;0;0;NA;113970;0;2020-05-02;174
2020-05-01;"Prešovský kraj";2;0;0;0;NA;113970;2;2020-05-01;174
2020-04-30;"Prešovský kraj";0;0;0;0;NA;113970;0;2020-04-30;172
2020-04-29;"Prešovský kraj";1;0;0;0;NA;113970;1;2020-04-29;172
2020-04-28;"Prešovský kraj";1;0;0;0;NA;113970;1;2020-04-28;171
2020-04-27;"Prešovský kraj";2;0;0;0;NA;113970;2;2020-04-27;170
2020-04-26;"Prešovský kraj";0;0;0;0;NA;113970;0;2020-04-26;168
2020-04-25;"Prešovský kraj";0;0;0;0;NA;113970;0;2020-04-25;168
2020-04-24;"Prešovský kraj";0;0;0;0;NA;113970;0;2020-04-24;168
2020-04-23;"Prešovský kraj";2;0;0;0;NA;113970;2;2020-04-23;168
2020-04-22;"Prešovský kraj";11;0;0;0;NA;113970;11;2020-04-22;166
2020-04-21;"Prešovský kraj";12;0;0;0;NA;113970;12;2020-04-21;155
2020-04-20;"Prešovský kraj";2;0;0;0;NA;113970;2;2020-04-20;143
2020-04-19;"Prešovský kraj";4;0;0;0;NA;113970;4;2020-04-19;141
2020-04-18;"Prešovský kraj";1;0;0;0;NA;113970;1;2020-04-18;137
2020-04-17;"Prešovský kraj";4;0;0;0;NA;113970;4;2020-04-17;136
2020-04-16;"Prešovský kraj";9;0;0;0;NA;113970;9;2020-04-16;132
2020-04-15;"Prešovský kraj";21;0;0;0;NA;113970;21;2020-04-15;123
2020-04-14;"Prešovský kraj";1;0;0;0;NA;113970;1;2020-04-14;102
2020-04-13;"Prešovský kraj";2;0;0;0;NA;113970;2;2020-04-13;101
2020-04-12;"Prešovský kraj";6;0;0;0;NA;113970;6;2020-04-12;99
2020-04-11;"Prešovský kraj";4;0;0;0;NA;113970;4;2020-04-11;93
2020-04-10;"Prešovský kraj";0;0;0;0;NA;113970;0;2020-04-10;89
2020-04-09;"Prešovský kraj";1;0;0;0;NA;113970;1;2020-04-09;89
2020-04-08;"Prešovský kraj";0;0;0;0;NA;113970;0;2020-04-08;88
2020-04-07;"Prešovský kraj";7;0;0;0;NA;113970;7;2020-04-07;88
2020-04-06;"Prešovský kraj";10;0;0;0;NA;113970;10;2020-04-06;81
2020-04-05;"Prešovský kraj";13;0;0;0;NA;113970;13;2020-04-05;71
2020-04-04;"Prešovský kraj";1;0;0;0;NA;113970;1;2020-04-04;58
2020-04-03;"Prešovský kraj";4;0;0;0;NA;113970;4;2020-04-03;57
2020-04-02;"Prešovský kraj";6;0;0;0;NA;113970;6;2020-04-02;53
2020-04-01;"Prešovský kraj";6;0;0;0;NA;113970;6;2020-04-01;47
2020-03-31;"Prešovský kraj";6;0;0;0;NA;113970;6;2020-03-31;41
2020-03-30;"Prešovský kraj";2;0;0;0;NA;113970;2;2020-03-30;35
2020-03-29;"Prešovský kraj";2;0;0;0;NA;113970;2;2020-03-29;33
2020-03-28;"Prešovský kraj";2;0;0;0;NA;113970;2;2020-03-28;31
2020-03-27;"Prešovský kraj";1;0;0;0;NA;113970;1;2020-03-27;29
2020-03-26;"Prešovský kraj";8;0;0;0;NA;113970;8;2020-03-26;28
2020-03-25;"Prešovský kraj";1;0;0;0;NA;113970;1;2020-03-25;20
2020-03-24;"Prešovský kraj";4;0;0;0;NA;113970;4;2020-03-24;19
2020-03-23;"Prešovský kraj";0;0;0;0;NA;113970;0;2020-03-23;15
2020-03-22;"Prešovský kraj";1;0;0;0;NA;113970;1;2020-03-22;15
2020-03-21;"Prešovský kraj";2;0;0;0;NA;113970;2;2020-03-21;14
2020-03-20;"Prešovský kraj";3;0;0;0;NA;113970;3;2020-03-20;12
2020-03-19;"Prešovský kraj";2;0;0;0;NA;113970;2;2020-03-19;9
2020-03-18;"Prešovský kraj";1;0;0;0;NA;113970;1;2020-03-18;7
2020-03-17;"Prešovský kraj";1;0;0;0;NA;113970;1;2020-03-17;6
2020-03-16;"Prešovský kraj";4;0;0;0;NA;113970;4;2020-03-16;5
2020-03-15;"Prešovský kraj";0;0;0;0;NA;113970;0;2020-03-15;1
2020-03-14;"Prešovský kraj";1;0;0;0;NA;113970;1;2020-03-14;1
2020-03-13;"Prešovský kraj";0;0;0;0;NA;113970;0;2020-03-13;0
2020-03-12;"Prešovský kraj";0;0;0;0;NA;113970;0;2020-03-12;0
2020-03-11;"Prešovský kraj";0;0;0;0;NA;113970;0;2020-03-11;0
2020-03-09;"Prešovský kraj";0;0;0;0;NA;113970;0;2020-03-09;0
2020-03-08;"Prešovský kraj";0;0;0;0;NA;113970;0;2020-03-08;0
2020-03-07;"Prešovský kraj";0;0;0;0;NA;113970;0;2020-03-07;0
2020-03-06;"Prešovský kraj";0;0;0;0;NA;113970;0;2020-03-06;0
2021-07-25;"Trenčiansky kraj";0;225;1;226;53330;100728;1;2021-07-25;100728
2021-07-24;"Trenčiansky kraj";3;435;1;436;NA;100728;4;2021-07-24;100727
2021-07-23;"Trenčiansky kraj";3;886;0;886;NA;100728;3;2021-07-23;100723
2021-07-22;"Trenčiansky kraj";2;709;2;711;NA;100728;4;2021-07-22;100720
2021-07-21;"Trenčiansky kraj";8;607;2;609;NA;100728;10;2021-07-21;100716
2021-07-20;"Trenčiansky kraj";4;471;1;472;NA;100728;5;2021-07-20;100706
2021-07-19;"Trenčiansky kraj";0;821;4;825;NA;100728;4;2021-07-19;100701
2021-07-18;"Trenčiansky kraj";0;434;0;434;NA;100728;0;2021-07-18;100697
2021-07-17;"Trenčiansky kraj";3;596;0;596;NA;100728;3;2021-07-17;100697
2021-07-16;"Trenčiansky kraj";4;1047;0;1047;NA;100728;4;2021-07-16;100694
2021-07-15;"Trenčiansky kraj";2;784;0;784;NA;100728;2;2021-07-15;100690
2021-07-14;"Trenčiansky kraj";8;645;0;645;NA;100728;8;2021-07-14;100688
2021-07-13;"Trenčiansky kraj";1;520;3;523;NA;100728;4;2021-07-13;100680
2021-07-12;"Trenčiansky kraj";9;820;2;822;NA;100728;11;2021-07-12;100676
2021-07-11;"Trenčiansky kraj";0;579;0;579;NA;100728;0;2021-07-11;100665
2021-07-10;"Trenčiansky kraj";2;493;0;493;NA;100728;2;2021-07-10;100665
2021-07-09;"Trenčiansky kraj";7;1341;0;1341;NA;100728;7;2021-07-09;100663
2021-07-08;"Trenčiansky kraj";2;800;1;801;NA;100728;3;2021-07-08;100656
2021-07-07;"Trenčiansky kraj";2;928;0;928;NA;100728;2;2021-07-07;100653
2021-07-06;"Trenčiansky kraj";4;1041;1;1042;NA;100728;5;2021-07-06;100651
2021-07-05;"Trenčiansky kraj";1;508;0;508;NA;100728;1;2021-07-05;100646
2021-07-04;"Trenčiansky kraj";0;606;1;607;NA;100728;1;2021-07-04;100645
2021-07-03;"Trenčiansky kraj";3;737;1;738;NA;100728;4;2021-07-03;100644
2021-07-02;"Trenčiansky kraj";5;1498;2;1500;NA;100728;7;2021-07-02;100640
2021-07-01;"Trenčiansky kraj";4;1145;1;1146;NA;100728;5;2021-07-01;100633
2021-06-30;"Trenčiansky kraj";2;6993;6;6999;NA;100728;8;2021-06-30;100628
2021-06-29;"Trenčiansky kraj";4;2773;5;2778;NA;100728;9;2021-06-29;100620
2021-06-28;"Trenčiansky kraj";5;3644;4;3648;NA;100728;9;2021-06-28;100611
2021-06-27;"Trenčiansky kraj";0;2861;1;2862;NA;100728;1;2021-06-27;100602
2021-06-26;"Trenčiansky kraj";1;3547;4;3551;NA;100728;5;2021-06-26;100601
2021-06-25;"Trenčiansky kraj";2;4497;1;4498;NA;100728;3;2021-06-25;100596
2021-06-24;"Trenčiansky kraj";3;3205;4;3209;NA;100728;7;2021-06-24;100593
2021-06-23;"Trenčiansky kraj";4;2725;2;2727;NA;100728;6;2021-06-23;100586
2021-06-22;"Trenčiansky kraj";7;3058;3;3061;NA;100728;10;2021-06-22;100580
2021-06-21;"Trenčiansky kraj";10;3891;4;3895;NA;100728;14;2021-06-21;100570
2021-06-20;"Trenčiansky kraj";0;3579;5;3584;NA;100728;5;2021-06-20;100556
2021-06-19;"Trenčiansky kraj";5;4413;1;4414;NA;100728;6;2021-06-19;100551
2021-06-18;"Trenčiansky kraj";7;6725;7;6732;NA;100728;14;2021-06-18;100545
2021-06-17;"Trenčiansky kraj";0;3469;6;3475;NA;100728;6;2021-06-17;100531
2021-06-16;"Trenčiansky kraj";4;3183;3;3186;NA;100728;7;2021-06-16;100525
2021-06-15;"Trenčiansky kraj";10;3697;2;3699;NA;100728;12;2021-06-15;100518
2021-06-14;"Trenčiansky kraj";10;4802;15;4817;NA;100728;25;2021-06-14;100506
2021-06-13;"Trenčiansky kraj";0;4643;4;4647;NA;100728;4;2021-06-13;100481
2021-06-12;"Trenčiansky kraj";4;5596;9;5605;NA;100728;13;2021-06-12;100477
2021-06-11;"Trenčiansky kraj";10;7169;11;7180;NA;100728;21;2021-06-11;100464
2021-06-10;"Trenčiansky kraj";5;4345;7;4352;NA;100728;12;2021-06-10;100443
2021-06-09;"Trenčiansky kraj";7;3693;7;3700;NA;100728;14;2021-06-09;100431
2021-06-08;"Trenčiansky kraj";21;3965;7;3972;NA;100728;28;2021-06-08;100417
2021-06-07;"Trenčiansky kraj";13;5559;10;5569;NA;100728;23;2021-06-07;100389
2021-06-06;"Trenčiansky kraj";0;5500;10;5510;NA;100728;10;2021-06-06;100366
2021-06-05;"Trenčiansky kraj";7;6511;5;6516;NA;100728;12;2021-06-05;100356
2021-06-04;"Trenčiansky kraj";16;7653;3;7656;NA;100728;19;2021-06-04;100344
2021-06-03;"Trenčiansky kraj";9;4485;10;4495;NA;100728;19;2021-06-03;100325
2021-06-02;"Trenčiansky kraj";28;4329;8;4337;NA;100728;36;2021-06-02;100306
2021-06-01;"Trenčiansky kraj";22;5395;18;5413;NA;100728;40;2021-06-01;100270
2021-05-31;"Trenčiansky kraj";30;6116;24;6140;NA;100728;54;2021-05-31;100230
2021-05-30;"Trenčiansky kraj";0;8258;16;8274;NA;100728;16;2021-05-30;100176
2021-05-29;"Trenčiansky kraj";13;7915;14;7929;NA;100728;27;2021-05-29;100160
2021-05-28;"Trenčiansky kraj";22;8995;25;9020;NA;100728;47;2021-05-28;100133
2021-05-27;"Trenčiansky kraj";6;5205;12;5217;NA;100728;18;2021-05-27;100086
2021-05-26;"Trenčiansky kraj";26;5068;15;5083;NA;100728;41;2021-05-26;100068
2021-05-25;"Trenčiansky kraj";18;6168;24;6192;NA;100728;42;2021-05-25;100027
2021-05-24;"Trenčiansky kraj";19;9292;37;9329;NA;100728;56;2021-05-24;99985
2021-05-23;"Trenčiansky kraj";0;9083;26;9109;NA;100728;26;2021-05-23;99929
2021-05-22;"Trenčiansky kraj";11;11314;21;11335;NA;100728;32;2021-05-22;99903
2021-05-21;"Trenčiansky kraj";23;11572;26;11598;NA;100728;49;2021-05-21;99871
2021-05-20;"Trenčiansky kraj";23;6319;25;6344;NA;100728;48;2021-05-20;99822
2021-05-19;"Trenčiansky kraj";16;5693;32;5725;NA;100728;48;2021-05-19;99774
2021-05-18;"Trenčiansky kraj";26;7778;28;7806;NA;100728;54;2021-05-18;99726
2021-05-17;"Trenčiansky kraj";37;7670;43;7713;NA;100728;80;2021-05-17;99672
2021-05-16;"Trenčiansky kraj";25;15615;41;15656;NA;100728;66;2021-05-16;99592
2021-05-15;"Trenčiansky kraj";3;21237;32;21269;NA;100728;35;2021-05-15;99526
2021-05-14;"Trenčiansky kraj";41;18675;42;18717;NA;100728;83;2021-05-14;99491
2021-05-13;"Trenčiansky kraj";41;8194;24;8218;NA;100728;65;2021-05-13;99408
2021-05-12;"Trenčiansky kraj";41;7408;31;7439;NA;100728;72;2021-05-12;99343
2021-05-11;"Trenčiansky kraj";66;10505;32;10537;NA;100728;98;2021-05-11;99271
2021-05-10;"Trenčiansky kraj";48;12989;55;13044;NA;100728;103;2021-05-10;99173
2021-05-09;"Trenčiansky kraj";52;17737;39;17776;NA;100728;91;2021-05-09;99070
2021-05-08;"Trenčiansky kraj";3;23822;33;23855;NA;100728;36;2021-05-08;98979
2021-05-07;"Trenčiansky kraj";45;23548;56;23604;NA;100728;101;2021-05-07;98943
2021-05-06;"Trenčiansky kraj";26;10770;44;10814;NA;100728;70;2021-05-06;98842
2021-05-05;"Trenčiansky kraj";73;9376;41;9417;NA;100728;114;2021-05-05;98772
2021-05-04;"Trenčiansky kraj";55;12733;53;12786;NA;100728;108;2021-05-04;98658
2021-05-03;"Trenčiansky kraj";60;15330;51;15381;NA;100728;111;2021-05-03;98550
2021-05-02;"Trenčiansky kraj";0;31163;65;31228;NA;100728;65;2021-05-02;98439
2021-05-01;"Trenčiansky kraj";71;56982;60;57042;NA;100728;131;2021-05-01;98374
2021-04-30;"Trenčiansky kraj";77;29426;61;29487;NA;100728;138;2021-04-30;98243
2021-04-29;"Trenčiansky kraj";49;13197;59;13256;NA;100728;108;2021-04-29;98105
2021-04-28;"Trenčiansky kraj";79;12536;52;12588;NA;100728;131;2021-04-28;97997
2021-04-27;"Trenčiansky kraj";107;15526;40;15566;NA;100728;147;2021-04-27;97866
2021-04-26;"Trenčiansky kraj";52;21066;63;21129;NA;100728;115;2021-04-26;97719
2021-04-25;"Trenčiansky kraj";0;34560;48;34608;NA;100728;48;2021-04-25;97604
2021-04-24;"Trenčiansky kraj";76;72398;100;72498;NA;100728;176;2021-04-24;97556
2021-04-23;"Trenčiansky kraj";143;29959;79;30038;NA;100728;222;2021-04-23;97380
2021-04-22;"Trenčiansky kraj";71;13847;64;13911;NA;100728;135;2021-04-22;97158
2021-04-21;"Trenčiansky kraj";79;12999;67;13066;NA;100728;146;2021-04-21;97023
2021-04-20;"Trenčiansky kraj";142;17739;80;17819;NA;100728;222;2021-04-20;96877
2021-04-19;"Trenčiansky kraj";102;22630;103;22733;NA;100728;205;2021-04-19;96655
2021-04-18;"Trenčiansky kraj";3;40879;97;40976;NA;100728;100;2021-04-18;96450
2021-04-17;"Trenčiansky kraj";77;81498;136;81634;NA;100728;213;2021-04-17;96350
2021-04-16;"Trenčiansky kraj";100;31960;90;32050;NA;100728;190;2021-04-16;96137
2021-04-15;"Trenčiansky kraj";71;14478;69;14547;NA;100728;140;2021-04-15;95947
2021-04-14;"Trenčiansky kraj";135;15573;72;15645;NA;100728;207;2021-04-14;95807
2021-04-13;"Trenčiansky kraj";189;18720;75;18795;NA;100728;264;2021-04-13;95600
2021-04-12;"Trenčiansky kraj";97;23743;91;23834;NA;100728;188;2021-04-12;95336
2021-04-11;"Trenčiansky kraj";1;34735;75;34810;NA;100728;76;2021-04-11;95148
2021-04-10;"Trenčiansky kraj";81;83093;145;83238;NA;100728;226;2021-04-10;95072
2021-04-09;"Trenčiansky kraj";120;28014;91;28105;NA;100728;211;2021-04-09;94846
2021-04-08;"Trenčiansky kraj";112;13282;85;13367;NA;100728;197;2021-04-08;94635
2021-04-07;"Trenčiansky kraj";204;17689;122;17811;NA;100728;326;2021-04-07;94438
2021-04-06;"Trenčiansky kraj";157;28566;178;28744;NA;100728;335;2021-04-06;94112
2021-04-05;"Trenčiansky kraj";15;9227;64;9291;NA;100728;79;2021-04-05;93777
2021-04-04;"Trenčiansky kraj";2;20291;85;20376;NA;100728;87;2021-04-04;93698
2021-04-03;"Trenčiansky kraj";86;80473;221;80694;NA;100728;307;2021-04-03;93611
2021-04-02;"Trenčiansky kraj";126;21620;81;21701;NA;100728;207;2021-04-02;93304
2021-04-01;"Trenčiansky kraj";159;32376;139;32515;NA;100728;298;2021-04-01;93097
2021-03-31;"Trenčiansky kraj";198;20100;130;20230;NA;100728;328;2021-03-31;92799
2021-03-30;"Trenčiansky kraj";272;17304;136;17440;NA;100728;408;2021-03-30;92471
2021-03-29;"Trenčiansky kraj";142;19479;170;19649;NA;100728;312;2021-03-29;92063
2021-03-28;"Trenčiansky kraj";3;34759;116;34875;NA;100728;119;2021-03-28;91751
2021-03-27;"Trenčiansky kraj";130;77314;293;77607;NA;100728;423;2021-03-27;91632
2021-03-26;"Trenčiansky kraj";211;35098;157;35255;NA;100728;368;2021-03-26;91209
2021-03-25;"Trenčiansky kraj";184;16579;176;16755;NA;100728;360;2021-03-25;90841
2021-03-24;"Trenčiansky kraj";259;13101;171;13272;NA;100728;430;2021-03-24;90481
2021-03-23;"Trenčiansky kraj";349;17588;174;17762;NA;100728;523;2021-03-23;90051
2021-03-22;"Trenčiansky kraj";141;21116;213;21329;NA;100728;354;2021-03-22;89528
2021-03-21;"Trenčiansky kraj";85;32711;164;32875;NA;100728;249;2021-03-21;89174
2021-03-20;"Trenčiansky kraj";128;80035;322;80357;NA;100728;450;2021-03-20;88925
2021-03-19;"Trenčiansky kraj";231;34792;232;35024;NA;100728;463;2021-03-19;88475
2021-03-18;"Trenčiansky kraj";262;16105;178;16283;NA;100728;440;2021-03-18;88012
2021-03-17;"Trenčiansky kraj";366;13435;163;13598;NA;100728;529;2021-03-17;87572
2021-03-16;"Trenčiansky kraj";450;15281;241;15522;NA;100728;691;2021-03-16;87043
2021-03-15;"Trenčiansky kraj";162;21235;261;21496;NA;100728;423;2021-03-15;86352
2021-03-14;"Trenčiansky kraj";42;34416;238;34654;NA;100728;280;2021-03-14;85929
2021-03-13;"Trenčiansky kraj";270;79186;453;79639;NA;100728;723;2021-03-13;85649
2021-03-12;"Trenčiansky kraj";366;34795;307;35102;NA;100728;673;2021-03-12;84926
2021-03-11;"Trenčiansky kraj";302;15558;213;15771;NA;100728;515;2021-03-11;84253
2021-03-10;"Trenčiansky kraj";402;13585;237;13822;NA;100728;639;2021-03-10;83738
2021-03-09;"Trenčiansky kraj";586;17982;285;18267;NA;100728;871;2021-03-09;83099
2021-03-08;"Trenčiansky kraj";174;21704;363;22067;NA;100728;537;2021-03-08;82228
2021-03-07;"Trenčiansky kraj";4;33660;313;33973;NA;100728;317;2021-03-07;81691
2021-03-06;"Trenčiansky kraj";260;79661;529;80190;NA;100728;789;2021-03-06;81374
2021-03-05;"Trenčiansky kraj";326;32960;416;33376;NA;100728;742;2021-03-05;80585
2021-03-04;"Trenčiansky kraj";323;16821;317;17138;NA;100728;640;2021-03-04;79843
2021-03-03;"Trenčiansky kraj";413;13960;347;14307;NA;100728;760;2021-03-03;79203
2021-03-02;"Trenčiansky kraj";612;17794;344;18138;NA;100728;956;2021-03-02;78443
2021-03-01;"Trenčiansky kraj";217;21104;445;21549;NA;100728;662;2021-03-01;77487
2021-02-28;"Trenčiansky kraj";45;30238;376;30614;NA;100728;421;2021-02-28;76825
2021-02-27;"Trenčiansky kraj";277;78735;686;79421;NA;100728;963;2021-02-27;76404
2021-02-26;"Trenčiansky kraj";420;32942;435;33377;NA;100728;855;2021-02-26;75441
2021-02-25;"Trenčiansky kraj";424;14029;328;14357;NA;100728;752;2021-02-25;74586
2021-02-24;"Trenčiansky kraj";427;11997;398;12395;NA;100728;825;2021-02-24;73834
2021-02-23;"Trenčiansky kraj";577;14904;390;15294;NA;100728;967;2021-02-23;73009
2021-02-22;"Trenčiansky kraj";160;19969;468;20437;NA;100728;628;2021-02-22;72042
2021-02-21;"Trenčiansky kraj";64;29478;392;29870;NA;100728;456;2021-02-21;71414
2021-02-20;"Trenčiansky kraj";274;77840;745;78585;NA;100728;1019;2021-02-20;70958
2021-02-19;"Trenčiansky kraj";272;30266;523;30789;NA;100728;795;2021-02-19;69939
2021-02-18;"Trenčiansky kraj";355;14094;403;14497;NA;100728;758;2021-02-18;69144
2021-02-17;"Trenčiansky kraj";363;11413;377;11790;NA;100728;740;2021-02-17;68386
2021-02-16;"Trenčiansky kraj";488;17761;406;18167;NA;100728;894;2021-02-16;67646
2021-02-15;"Trenčiansky kraj";151;21846;463;22309;NA;100728;614;2021-02-15;66752
2021-02-14;"Trenčiansky kraj";2;31255;324;31579;NA;100728;326;2021-02-14;66138
2021-02-13;"Trenčiansky kraj";274;63006;522;63528;NA;100728;796;2021-02-13;65812
2021-02-12;"Trenčiansky kraj";276;27979;412;28391;NA;100728;688;2021-02-12;65016
2021-02-11;"Trenčiansky kraj";291;11567;323;11890;NA;100728;614;2021-02-11;64328
2021-02-10;"Trenčiansky kraj";304;11401;317;11718;NA;100728;621;2021-02-10;63714
2021-02-09;"Trenčiansky kraj";514;18405;360;18765;NA;100728;874;2021-02-09;63093
2021-02-08;"Trenčiansky kraj";182;26832;430;27262;NA;100728;612;2021-02-08;62219
2021-02-07;"Trenčiansky kraj";31;36781;341;37122;NA;100728;372;2021-02-07;61607
2021-02-06;"Trenčiansky kraj";216;63931;560;64491;NA;100728;776;2021-02-06;61235
2021-02-05;"Trenčiansky kraj";202;18164;367;18531;NA;100728;569;2021-02-05;60459
2021-02-04;"Trenčiansky kraj";266;7248;311;7559;NA;100728;577;2021-02-04;59890
2021-02-03;"Trenčiansky kraj";162;6718;320;7038;NA;100728;482;2021-02-03;59313
2021-02-02;"Trenčiansky kraj";347;8074;381;8455;NA;100728;728;2021-02-02;58831
2021-02-01;"Trenčiansky kraj";167;8917;311;9228;NA;100728;478;2021-02-01;58103
2021-01-31;"Trenčiansky kraj";7;19103;159;19262;NA;100728;166;2021-01-31;57625
2021-01-30;"Trenčiansky kraj";228;38167;332;38499;NA;100728;560;2021-01-30;57459
2021-01-29;"Trenčiansky kraj";214;7586;235;7821;NA;100728;449;2021-01-29;56899
2021-01-28;"Trenčiansky kraj";307;5442;158;5600;NA;100728;465;2021-01-28;56450
2021-01-27;"Trenčiansky kraj";166;4842;181;5023;NA;100728;347;2021-01-27;55985
2021-01-26;"Trenčiansky kraj";303;14589;250;14839;NA;100728;553;2021-01-26;55638
2021-01-25;"Trenčiansky kraj";160;24310;207;24517;NA;100728;367;2021-01-25;55085
2021-01-24;"Trenčiansky kraj";51;38369;282;38651;NA;100728;333;2021-01-24;54718
2021-01-23;"Trenčiansky kraj";206;114125;749;114874;NA;100728;955;2021-01-23;54385
2021-01-22;"Trenčiansky kraj";148;21831;241;22072;NA;100728;389;2021-01-22;53430
2021-01-21;"Trenčiansky kraj";143;8586;166;8752;NA;100728;309;2021-01-21;53041
2021-01-20;"Trenčiansky kraj";181;8189;227;8416;NA;100728;408;2021-01-20;52732
2021-01-19;"Trenčiansky kraj";363;6600;262;6862;NA;100728;625;2021-01-19;52324
2021-01-18;"Trenčiansky kraj";72;4970;321;5291;NA;100728;393;2021-01-18;51699
2021-01-17;"Trenčiansky kraj";124;156;11;167;NA;100728;135;2021-01-17;51306
2021-01-16;"Trenčiansky kraj";39;1288;53;1341;NA;100728;92;2021-01-16;51171
2021-01-15;"Trenčiansky kraj";264;4031;214;4245;NA;100728;478;2021-01-15;51079
2021-01-14;"Trenčiansky kraj";275;3193;189;3382;NA;100728;464;2021-01-14;50601
2021-01-13;"Trenčiansky kraj";222;3893;215;4108;NA;100728;437;2021-01-13;50137
2021-01-12;"Trenčiansky kraj";508;4604;261;4865;NA;100728;769;2021-01-12;49700
2021-01-11;"Trenčiansky kraj";142;4367;354;4721;NA;100728;496;2021-01-11;48931
2021-01-10;"Trenčiansky kraj";89;4969;77;5046;NA;100728;166;2021-01-10;48435
2021-01-09;"Trenčiansky kraj";276;8280;128;8408;NA;100728;404;2021-01-09;48269
2021-01-08;"Trenčiansky kraj";489;6435;484;6919;NA;100728;973;2021-01-08;47865
2021-01-07;"Trenčiansky kraj";420;6138;577;6715;NA;100728;997;2021-01-07;46892
2021-01-06;"Trenčiansky kraj";221;1021;64;1085;NA;100728;285;2021-01-06;45895
2021-01-05;"Trenčiansky kraj";669;5753;706;6459;NA;100728;1375;2021-01-05;45610
2021-01-04;"Trenčiansky kraj";337;5248;782;6030;NA;100728;1119;2021-01-04;44235
2021-01-03;"Trenčiansky kraj";38;114;15;129;NA;100728;53;2021-01-03;43116
2021-01-02;"Trenčiansky kraj";129;196;23;219;NA;100728;152;2021-01-02;43063
2021-01-01;"Trenčiansky kraj";329;347;23;370;NA;100728;352;2021-01-01;42911
2020-12-31;"Trenčiansky kraj";597;4943;557;5500;NA;100728;1154;2020-12-31;42559
2020-12-30;"Trenčiansky kraj";836;7012;762;7774;NA;100728;1598;2020-12-30;41405
2020-12-29;"Trenčiansky kraj";459;6122;1009;7131;NA;100728;1468;2020-12-29;39807
2020-12-28;"Trenčiansky kraj";258;4195;777;4972;NA;100728;1035;2020-12-28;38339
2020-12-27;"Trenčiansky kraj";5;208;36;244;NA;100728;41;2020-12-27;37304
2020-12-26;"Trenčiansky kraj";174;74;10;84;NA;100728;184;2020-12-26;37263
2020-12-25;"Trenčiansky kraj";251;325;47;372;NA;100728;298;2020-12-25;37079
2020-12-24;"Trenčiansky kraj";552;2194;256;2450;NA;100728;808;2020-12-24;36781
2020-12-23;"Trenčiansky kraj";421;6552;661;7213;NA;100728;1082;2020-12-23;35973
2020-12-22;"Trenčiansky kraj";673;5760;694;6454;NA;100728;1367;2020-12-22;34891
2020-12-21;"Trenčiansky kraj";248;13321;956;14277;NA;100728;1204;2020-12-21;33524
2020-12-20;"Trenčiansky kraj";238;12504;292;12796;NA;100728;530;2020-12-20;32320
2020-12-19;"Trenčiansky kraj";341;1611;150;1761;NA;100728;491;2020-12-19;31790
2020-12-18;"Trenčiansky kraj";521;5199;615;5814;NA;100728;1136;2020-12-18;31299
2020-12-17;"Trenčiansky kraj";670;3843;524;4367;NA;100728;1194;2020-12-17;30163
2020-12-16;"Trenčiansky kraj";461;4464;647;5111;NA;100728;1108;2020-12-16;28969
2020-12-15;"Trenčiansky kraj";595;3805;670;4475;NA;100728;1265;2020-12-15;27861
2020-12-14;"Trenčiansky kraj";318;3194;613;3807;NA;100728;931;2020-12-14;26596
2020-12-13;"Trenčiansky kraj";77;49;6;55;NA;100728;83;2020-12-13;25665
2020-12-12;"Trenčiansky kraj";314;1191;132;1323;NA;100728;446;2020-12-12;25582
2020-12-11;"Trenčiansky kraj";751;4066;479;4545;NA;100728;1230;2020-12-11;25136
2020-12-10;"Trenčiansky kraj";271;3354;473;3827;NA;100728;744;2020-12-10;23906
2020-12-09;"Trenčiansky kraj";508;3788;466;4254;NA;100728;974;2020-12-09;23162
2020-12-08;"Trenčiansky kraj";546;3440;522;3962;NA;100728;1068;2020-12-08;22188
2020-12-07;"Trenčiansky kraj";258;3832;468;4300;NA;100728;726;2020-12-07;21120
2020-12-06;"Trenčiansky kraj";114;179;10;189;NA;100728;124;2020-12-06;20394
2020-12-05;"Trenčiansky kraj";223;610;56;666;NA;100728;279;2020-12-05;20270
2020-12-04;"Trenčiansky kraj";253;2943;273;3216;NA;100728;526;2020-12-04;19991
2020-12-03;"Trenčiansky kraj";503;1714;178;1892;NA;100728;681;2020-12-03;19465
2020-12-02;"Trenčiansky kraj";418;1844;232;2076;NA;100728;650;2020-12-02;18784
2020-12-01;"Trenčiansky kraj";321;5741;358;6099;NA;100728;679;2020-12-01;18134
2020-11-30;"Trenčiansky kraj";167;11514;520;12034;NA;100728;687;2020-11-30;17455
2020-11-29;"Trenčiansky kraj";29;30;5;35;NA;100728;34;2020-11-29;16768
2020-11-28;"Trenčiansky kraj";202;1051;93;1144;NA;100728;295;2020-11-28;16734
2020-11-27;"Trenčiansky kraj";330;1888;186;2074;NA;100728;516;2020-11-27;16439
2020-11-26;"Trenčiansky kraj";395;1252;122;1374;NA;100728;517;2020-11-26;15923
2020-11-25;"Trenčiansky kraj";322;1444;160;1604;NA;100728;482;2020-11-25;15406
2020-11-24;"Trenčiansky kraj";348;2553;308;2861;NA;100728;656;2020-11-24;14924
2020-11-23;"Trenčiansky kraj";159;1186;122;1308;NA;100728;281;2020-11-23;14268
2020-11-22;"Trenčiansky kraj";26;30;7;37;NA;100728;33;2020-11-22;13987
2020-11-21;"Trenčiansky kraj";255;1376;69;1445;NA;100728;324;2020-11-21;13954
2020-11-20;"Trenčiansky kraj";316;861;93;954;NA;100728;409;2020-11-20;13630
2020-11-19;"Trenčiansky kraj";316;740;113;853;NA;100728;429;2020-11-19;13221
2020-11-18;"Trenčiansky kraj";233;379;66;445;NA;100728;299;2020-11-18;12792
2020-11-17;"Trenčiansky kraj";222;106;15;121;NA;100728;237;2020-11-17;12493
2020-11-16;"Trenčiansky kraj";245;236;45;281;NA;100728;290;2020-11-16;12256
2020-11-15;"Trenčiansky kraj";109;29;6;35;NA;100728;115;2020-11-15;11966
2020-11-14;"Trenčiansky kraj";190;74;11;85;NA;100728;201;2020-11-14;11851
2020-11-13;"Trenčiansky kraj";308;131;13;144;NA;100728;321;2020-11-13;11650
2020-11-12;"Trenčiansky kraj";324;124;5;129;NA;100728;329;2020-11-12;11329
2020-11-11;"Trenčiansky kraj";366;113;10;123;NA;100728;376;2020-11-11;11000
2020-11-10;"Trenčiansky kraj";277;106;6;112;NA;100728;283;2020-11-10;10624
2020-11-09;"Trenčiansky kraj";115;1407;48;1455;NA;100728;163;2020-11-09;10341
2020-11-08;"Trenčiansky kraj";81;1271;8;1279;NA;100728;89;2020-11-08;10178
2020-11-07;"Trenčiansky kraj";319;3662;59;3721;NA;100728;378;2020-11-07;10089
2020-11-06;"Trenčiansky kraj";383;6893;84;6977;NA;100728;467;2020-11-06;9711
2020-11-05;"Trenčiansky kraj";399;98;15;113;NA;100728;414;2020-11-05;9244
2020-11-04;"Trenčiansky kraj";370;91;9;100;NA;100728;379;2020-11-04;8830
2020-11-03;"Trenčiansky kraj";575;97;8;105;NA;100728;583;2020-11-03;8451
2020-11-02;"Trenčiansky kraj";197;1833;68;1901;NA;100728;265;2020-11-02;7868
2020-11-01;"Trenčiansky kraj";257;808;24;832;NA;100728;281;2020-11-01;7603
2020-10-31;"Trenčiansky kraj";332;4719;82;4801;NA;100728;414;2020-10-31;7322
2020-10-30;"Trenčiansky kraj";299;5283;102;5385;NA;100728;401;2020-10-30;6908
2020-10-29;"Trenčiansky kraj";496;764;68;832;NA;100728;564;2020-10-29;6507
2020-10-28;"Trenčiansky kraj";269;192;33;225;NA;100728;302;2020-10-28;5943
2020-10-27;"Trenčiansky kraj";473;127;27;154;NA;100728;500;2020-10-27;5641
2020-10-26;"Trenčiansky kraj";177;107;36;143;NA;100728;213;2020-10-26;5141
2020-10-25;"Trenčiansky kraj";138;9;5;14;NA;100728;143;2020-10-25;4928
2020-10-24;"Trenčiansky kraj";395;128;6;134;NA;100728;401;2020-10-24;4785
2020-10-23;"Trenčiansky kraj";301;154;8;162;NA;100728;309;2020-10-23;4384
2020-10-22;"Trenčiansky kraj";273;82;12;94;NA;100728;285;2020-10-22;4075
2020-10-21;"Trenčiansky kraj";183;53;9;62;NA;100728;192;2020-10-21;3790
2020-10-20;"Trenčiansky kraj";212;47;6;53;NA;100728;218;2020-10-20;3598
2020-10-19;"Trenčiansky kraj";41;83;25;108;NA;100728;66;2020-10-19;3380
2020-10-18;"Trenčiansky kraj";104;0;0;0;NA;100728;104;2020-10-18;3314
2020-10-17;"Trenčiansky kraj";157;0;0;0;NA;100728;157;2020-10-17;3210
2020-10-16;"Trenčiansky kraj";225;42;6;48;NA;100728;231;2020-10-16;3053
2020-10-15;"Trenčiansky kraj";255;39;4;43;NA;100728;259;2020-10-15;2822
2020-10-14;"Trenčiansky kraj";162;42;7;49;NA;100728;169;2020-10-14;2563
2020-10-13;"Trenčiansky kraj";124;105;12;117;NA;100728;136;2020-10-13;2394
2020-10-12;"Trenčiansky kraj";55;0;0;0;NA;100728;55;2020-10-12;2258
2020-10-11;"Trenčiansky kraj";73;0;0;0;NA;100728;73;2020-10-11;2203
2020-10-10;"Trenčiansky kraj";180;0;0;0;NA;100728;180;2020-10-10;2130
2020-10-09;"Trenčiansky kraj";198;0;0;0;NA;100728;198;2020-10-09;1950
2020-10-08;"Trenčiansky kraj";115;0;0;0;NA;100728;115;2020-10-08;1752
2020-10-07;"Trenčiansky kraj";75;0;0;0;NA;100728;75;2020-10-07;1637
2020-10-06;"Trenčiansky kraj";72;0;0;0;NA;100728;72;2020-10-06;1562
2020-10-05;"Trenčiansky kraj";32;0;0;0;NA;100728;32;2020-10-05;1490
2020-10-04;"Trenčiansky kraj";37;0;0;0;NA;100728;37;2020-10-04;1458
2020-10-03;"Trenčiansky kraj";79;0;0;0;NA;100728;79;2020-10-03;1421
2020-10-02;"Trenčiansky kraj";69;0;0;0;NA;100728;69;2020-10-02;1342
2020-10-01;"Trenčiansky kraj";58;0;0;0;NA;100728;58;2020-10-01;1273
2020-09-30;"Trenčiansky kraj";76;0;0;0;NA;100728;76;2020-09-30;1215
2020-09-29;"Trenčiansky kraj";43;0;0;0;NA;100728;43;2020-09-29;1139
2020-09-28;"Trenčiansky kraj";7;0;0;0;NA;100728;7;2020-09-28;1096
2020-09-27;"Trenčiansky kraj";12;0;0;0;NA;100728;12;2020-09-27;1089
2020-09-26;"Trenčiansky kraj";37;0;0;0;NA;100728;37;2020-09-26;1077
2020-09-25;"Trenčiansky kraj";72;0;0;0;NA;100728;72;2020-09-25;1040
2020-09-24;"Trenčiansky kraj";41;0;0;0;NA;100728;41;2020-09-24;968
2020-09-23;"Trenčiansky kraj";32;0;0;0;NA;100728;32;2020-09-23;927
2020-09-22;"Trenčiansky kraj";26;0;0;0;NA;100728;26;2020-09-22;895
2020-09-21;"Trenčiansky kraj";23;0;0;0;NA;100728;23;2020-09-21;869
2020-09-20;"Trenčiansky kraj";21;0;0;0;NA;100728;21;2020-09-20;846
2020-09-19;"Trenčiansky kraj";20;0;0;0;NA;100728;20;2020-09-19;825
2020-09-18;"Trenčiansky kraj";41;0;0;0;NA;100728;41;2020-09-18;805
2020-09-17;"Trenčiansky kraj";20;0;0;0;NA;100728;20;2020-09-17;764
2020-09-16;"Trenčiansky kraj";14;0;0;0;NA;100728;14;2020-09-16;744
2020-09-15;"Trenčiansky kraj";8;0;0;0;NA;100728;8;2020-09-15;730
2020-09-14;"Trenčiansky kraj";5;0;0;0;NA;100728;5;2020-09-14;722
2020-09-13;"Trenčiansky kraj";12;0;0;0;NA;100728;12;2020-09-13;717
2020-09-12;"Trenčiansky kraj";2;0;0;0;NA;100728;2;2020-09-12;705
2020-09-11;"Trenčiansky kraj";27;0;0;0;NA;100728;27;2020-09-11;703
2020-09-10;"Trenčiansky kraj";15;0;0;0;NA;100728;15;2020-09-10;676
2020-09-09;"Trenčiansky kraj";11;0;0;0;NA;100728;11;2020-09-09;661
2020-09-08;"Trenčiansky kraj";12;0;0;0;NA;100728;12;2020-09-08;650
2020-09-07;"Trenčiansky kraj";6;0;0;0;NA;100728;6;2020-09-07;638
2020-09-06;"Trenčiansky kraj";1;0;0;0;NA;100728;1;2020-09-06;632
2020-09-05;"Trenčiansky kraj";3;0;0;0;NA;100728;3;2020-09-05;631
2020-09-04;"Trenčiansky kraj";9;0;0;0;NA;100728;9;2020-09-04;628
2020-09-03;"Trenčiansky kraj";10;0;0;0;NA;100728;10;2020-09-03;619
2020-09-02;"Trenčiansky kraj";5;0;0;0;NA;100728;5;2020-09-02;609
2020-09-01;"Trenčiansky kraj";1;0;0;0;NA;100728;1;2020-09-01;604
2020-08-31;"Trenčiansky kraj";12;0;0;0;NA;100728;12;2020-08-31;603
2020-08-30;"Trenčiansky kraj";0;0;0;0;NA;100728;0;2020-08-30;591
2020-08-29;"Trenčiansky kraj";1;0;0;0;NA;100728;1;2020-08-29;591
2020-08-28;"Trenčiansky kraj";12;0;0;0;NA;100728;12;2020-08-28;590
2020-08-27;"Trenčiansky kraj";10;0;0;0;NA;100728;10;2020-08-27;578
2020-08-26;"Trenčiansky kraj";15;0;0;0;NA;100728;15;2020-08-26;568
2020-08-25;"Trenčiansky kraj";12;0;0;0;NA;100728;12;2020-08-25;553
2020-08-24;"Trenčiansky kraj";4;0;0;0;NA;100728;4;2020-08-24;541
2020-08-23;"Trenčiansky kraj";5;0;0;0;NA;100728;5;2020-08-23;537
2020-08-22;"Trenčiansky kraj";6;0;0;0;NA;100728;6;2020-08-22;532
2020-08-21;"Trenčiansky kraj";6;0;0;0;NA;100728;6;2020-08-21;526
2020-08-20;"Trenčiansky kraj";20;0;0;0;NA;100728;20;2020-08-20;520
2020-08-19;"Trenčiansky kraj";17;0;0;0;NA;100728;17;2020-08-19;500
2020-08-18;"Trenčiansky kraj";9;0;0;0;NA;100728;9;2020-08-18;483
2020-08-17;"Trenčiansky kraj";4;0;0;0;NA;100728;4;2020-08-17;474
2020-08-16;"Trenčiansky kraj";0;0;0;0;NA;100728;0;2020-08-16;470
2020-08-15;"Trenčiansky kraj";9;0;0;0;NA;100728;9;2020-08-15;470
2020-08-14;"Trenčiansky kraj";15;0;0;0;NA;100728;15;2020-08-14;461
2020-08-13;"Trenčiansky kraj";23;0;0;0;NA;100728;23;2020-08-13;446
2020-08-12;"Trenčiansky kraj";6;0;0;0;NA;100728;6;2020-08-12;423
2020-08-11;"Trenčiansky kraj";7;0;0;0;NA;100728;7;2020-08-11;417
2020-08-10;"Trenčiansky kraj";9;0;0;0;NA;100728;9;2020-08-10;410
2020-08-09;"Trenčiansky kraj";1;0;0;0;NA;100728;1;2020-08-09;401
2020-08-08;"Trenčiansky kraj";4;0;0;0;NA;100728;4;2020-08-08;400
2020-08-07;"Trenčiansky kraj";4;0;0;0;NA;100728;4;2020-08-07;396
2020-08-06;"Trenčiansky kraj";13;0;0;0;NA;100728;13;2020-08-06;392
2020-08-05;"Trenčiansky kraj";39;0;0;0;NA;100728;39;2020-08-05;379
2020-08-04;"Trenčiansky kraj";9;0;0;0;NA;100728;9;2020-08-04;340
2020-08-03;"Trenčiansky kraj";0;0;0;0;NA;100728;0;2020-08-03;331
2020-08-02;"Trenčiansky kraj";2;0;0;0;NA;100728;2;2020-08-02;331
2020-08-01;"Trenčiansky kraj";6;0;0;0;NA;100728;6;2020-08-01;329
2020-07-31;"Trenčiansky kraj";16;0;0;0;NA;100728;16;2020-07-31;323
2020-07-30;"Trenčiansky kraj";4;0;0;0;NA;100728;4;2020-07-30;307
2020-07-29;"Trenčiansky kraj";5;0;0;0;NA;100728;5;2020-07-29;303
2020-07-28;"Trenčiansky kraj";11;0;0;0;NA;100728;11;2020-07-28;298
2020-07-27;"Trenčiansky kraj";4;0;0;0;NA;100728;4;2020-07-27;287
2020-07-26;"Trenčiansky kraj";1;0;0;0;NA;100728;1;2020-07-26;283
2020-07-25;"Trenčiansky kraj";7;0;0;0;NA;100728;7;2020-07-25;282
2020-07-24;"Trenčiansky kraj";5;0;0;0;NA;100728;5;2020-07-24;275
2020-07-23;"Trenčiansky kraj";10;0;0;0;NA;100728;10;2020-07-23;270
2020-07-22;"Trenčiansky kraj";11;0;0;0;NA;100728;11;2020-07-22;260
2020-07-21;"Trenčiansky kraj";6;0;0;0;NA;100728;6;2020-07-21;249
2020-07-20;"Trenčiansky kraj";13;0;0;0;NA;100728;13;2020-07-20;243
2020-07-19;"Trenčiansky kraj";0;0;0;0;NA;100728;0;2020-07-19;230
2020-07-18;"Trenčiansky kraj";0;0;0;0;NA;100728;0;2020-07-18;230
2020-07-17;"Trenčiansky kraj";1;0;0;0;NA;100728;1;2020-07-17;230
2020-07-16;"Trenčiansky kraj";0;0;0;0;NA;100728;0;2020-07-16;229
2020-07-15;"Trenčiansky kraj";2;0;0;0;NA;100728;2;2020-07-15;229
2020-07-14;"Trenčiansky kraj";8;0;0;0;NA;100728;8;2020-07-14;227
2020-07-13;"Trenčiansky kraj";1;0;0;0;NA;100728;1;2020-07-13;219
2020-07-12;"Trenčiansky kraj";0;0;0;0;NA;100728;0;2020-07-12;218
2020-07-11;"Trenčiansky kraj";0;0;0;0;NA;100728;0;2020-07-11;218
2020-07-10;"Trenčiansky kraj";3;0;0;0;NA;100728;3;2020-07-10;218
2020-07-09;"Trenčiansky kraj";2;0;0;0;NA;100728;2;2020-07-09;215
2020-07-08;"Trenčiansky kraj";1;0;0;0;NA;100728;1;2020-07-08;213
2020-07-07;"Trenčiansky kraj";9;0;0;0;NA;100728;9;2020-07-07;212
2020-07-06;"Trenčiansky kraj";1;0;0;0;NA;100728;1;2020-07-06;203
2020-07-05;"Trenčiansky kraj";1;0;0;0;NA;100728;1;2020-07-05;202
2020-07-04;"Trenčiansky kraj";0;0;0;0;NA;100728;0;2020-07-04;201
2020-07-03;"Trenčiansky kraj";2;0;0;0;NA;100728;2;2020-07-03;201
2020-07-02;"Trenčiansky kraj";10;0;0;0;NA;100728;10;2020-07-02;199
2020-07-01;"Trenčiansky kraj";1;0;0;0;NA;100728;1;2020-07-01;189
2020-06-30;"Trenčiansky kraj";6;0;0;0;NA;100728;6;2020-06-30;188
2020-06-29;"Trenčiansky kraj";1;0;0;0;NA;100728;1;2020-06-29;182
2020-06-28;"Trenčiansky kraj";0;0;0;0;NA;100728;0;2020-06-28;181
2020-06-27;"Trenčiansky kraj";0;0;0;0;NA;100728;0;2020-06-27;181
2020-06-26;"Trenčiansky kraj";0;0;0;0;NA;100728;0;2020-06-26;181
2020-06-25;"Trenčiansky kraj";2;0;0;0;NA;100728;2;2020-06-25;181
2020-06-24;"Trenčiansky kraj";1;0;0;0;NA;100728;1;2020-06-24;179
2020-06-23;"Trenčiansky kraj";0;0;0;0;NA;100728;0;2020-06-23;178
2020-06-22;"Trenčiansky kraj";0;0;0;0;NA;100728;0;2020-06-22;178
2020-06-21;"Trenčiansky kraj";0;0;0;0;NA;100728;0;2020-06-21;178
2020-06-20;"Trenčiansky kraj";0;0;0;0;NA;100728;0;2020-06-20;178
2020-06-19;"Trenčiansky kraj";0;0;0;0;NA;100728;0;2020-06-19;178
2020-06-18;"Trenčiansky kraj";0;0;0;0;NA;100728;0;2020-06-18;178
2020-06-17;"Trenčiansky kraj";0;0;0;0;NA;100728;0;2020-06-17;178
2020-06-16;"Trenčiansky kraj";0;0;0;0;NA;100728;0;2020-06-16;178
2020-06-14;"Trenčiansky kraj";0;0;0;0;NA;100728;0;2020-06-14;178
2020-06-13;"Trenčiansky kraj";0;0;0;0;NA;100728;0;2020-06-13;178
2020-06-12;"Trenčiansky kraj";0;0;0;0;NA;100728;0;2020-06-12;178
2020-06-11;"Trenčiansky kraj";0;0;0;0;NA;100728;0;2020-06-11;178
2020-06-10;"Trenčiansky kraj";1;0;0;0;NA;100728;1;2020-06-10;178
2020-06-09;"Trenčiansky kraj";0;0;0;0;NA;100728;0;2020-06-09;177
2020-06-08;"Trenčiansky kraj";0;0;0;0;NA;100728;0;2020-06-08;177
2020-06-07;"Trenčiansky kraj";0;0;0;0;NA;100728;0;2020-06-07;177
2020-06-05;"Trenčiansky kraj";0;0;0;0;NA;100728;0;2020-06-05;177
2020-06-03;"Trenčiansky kraj";0;0;0;0;NA;100728;0;2020-06-03;177
2020-06-02;"Trenčiansky kraj";0;0;0;0;NA;100728;0;2020-06-02;177
2020-05-31;"Trenčiansky kraj";0;0;0;0;NA;100728;0;2020-05-31;177
2020-05-29;"Trenčiansky kraj";0;0;0;0;NA;100728;0;2020-05-29;177
2020-05-27;"Trenčiansky kraj";2;0;0;0;NA;100728;2;2020-05-27;177
2020-05-26;"Trenčiansky kraj";0;0;0;0;NA;100728;0;2020-05-26;175
2020-05-25;"Trenčiansky kraj";0;0;0;0;NA;100728;0;2020-05-25;175
2020-05-24;"Trenčiansky kraj";0;0;0;0;NA;100728;0;2020-05-24;175
2020-05-23;"Trenčiansky kraj";0;0;0;0;NA;100728;0;2020-05-23;175
2020-05-22;"Trenčiansky kraj";0;0;0;0;NA;100728;0;2020-05-22;175
2020-05-21;"Trenčiansky kraj";0;0;0;0;NA;100728;0;2020-05-21;175
2020-05-20;"Trenčiansky kraj";0;0;0;0;NA;100728;0;2020-05-20;175
2020-05-19;"Trenčiansky kraj";0;0;0;0;NA;100728;0;2020-05-19;175
2020-05-17;"Trenčiansky kraj";0;0;0;0;NA;100728;0;2020-05-17;175
2020-05-16;"Trenčiansky kraj";0;0;0;0;NA;100728;0;2020-05-16;175
2020-05-15;"Trenčiansky kraj";1;0;0;0;NA;100728;1;2020-05-15;175
2020-05-14;"Trenčiansky kraj";2;0;0;0;NA;100728;2;2020-05-14;174
2020-05-13;"Trenčiansky kraj";1;0;0;0;NA;100728;1;2020-05-13;172
2020-05-12;"Trenčiansky kraj";1;0;0;0;NA;100728;1;2020-05-12;171
2020-05-11;"Trenčiansky kraj";3;0;0;0;NA;100728;3;2020-05-11;170
2020-05-09;"Trenčiansky kraj";2;0;0;0;NA;100728;2;2020-05-09;167
2020-05-07;"Trenčiansky kraj";6;0;0;0;NA;100728;6;2020-05-07;165
2020-05-06;"Trenčiansky kraj";0;0;0;0;NA;100728;0;2020-05-06;159
2020-05-05;"Trenčiansky kraj";2;0;0;0;NA;100728;2;2020-05-05;159
2020-05-04;"Trenčiansky kraj";0;0;0;0;NA;100728;0;2020-05-04;157
2020-05-03;"Trenčiansky kraj";0;0;0;0;NA;100728;0;2020-05-03;157
2020-05-02;"Trenčiansky kraj";0;0;0;0;NA;100728;0;2020-05-02;157
2020-05-01;"Trenčiansky kraj";0;0;0;0;NA;100728;0;2020-05-01;157
2020-04-30;"Trenčiansky kraj";0;0;0;0;NA;100728;0;2020-04-30;157
2020-04-29;"Trenčiansky kraj";2;0;0;0;NA;100728;2;2020-04-29;157
2020-04-28;"Trenčiansky kraj";1;0;0;0;NA;100728;1;2020-04-28;155
2020-04-27;"Trenčiansky kraj";0;0;0;0;NA;100728;0;2020-04-27;154
2020-04-26;"Trenčiansky kraj";1;0;0;0;NA;100728;1;2020-04-26;154
2020-04-25;"Trenčiansky kraj";0;0;0;0;NA;100728;0;2020-04-25;153
2020-04-24;"Trenčiansky kraj";0;0;0;0;NA;100728;0;2020-04-24;153
2020-04-23;"Trenčiansky kraj";11;0;0;0;NA;100728;11;2020-04-23;153
2020-04-22;"Trenčiansky kraj";1;0;0;0;NA;100728;1;2020-04-22;142
2020-04-21;"Trenčiansky kraj";11;0;0;0;NA;100728;11;2020-04-21;141
2020-04-20;"Trenčiansky kraj";15;0;0;0;NA;100728;15;2020-04-20;130
2020-04-19;"Trenčiansky kraj";2;0;0;0;NA;100728;2;2020-04-19;115
2020-04-18;"Trenčiansky kraj";3;0;0;0;NA;100728;3;2020-04-18;113
2020-04-17;"Trenčiansky kraj";4;0;0;0;NA;100728;4;2020-04-17;110
2020-04-16;"Trenčiansky kraj";10;0;0;0;NA;100728;10;2020-04-16;106
2020-04-15;"Trenčiansky kraj";4;0;0;0;NA;100728;4;2020-04-15;96
2020-04-14;"Trenčiansky kraj";0;0;0;0;NA;100728;0;2020-04-14;92
2020-04-13;"Trenčiansky kraj";1;0;0;0;NA;100728;1;2020-04-13;92
2020-04-12;"Trenčiansky kraj";2;0;0;0;NA;100728;2;2020-04-12;91
2020-04-11;"Trenčiansky kraj";3;0;0;0;NA;100728;3;2020-04-11;89
2020-04-10;"Trenčiansky kraj";0;0;0;0;NA;100728;0;2020-04-10;86
2020-04-09;"Trenčiansky kraj";0;0;0;0;NA;100728;0;2020-04-09;86
2020-04-08;"Trenčiansky kraj";2;0;0;0;NA;100728;2;2020-04-08;86
2020-04-07;"Trenčiansky kraj";18;0;0;0;NA;100728;18;2020-04-07;84
2020-04-06;"Trenčiansky kraj";0;0;0;0;NA;100728;0;2020-04-06;66
2020-04-05;"Trenčiansky kraj";3;0;0;0;NA;100728;3;2020-04-05;66
2020-04-04;"Trenčiansky kraj";5;0;0;0;NA;100728;5;2020-04-04;63
2020-04-03;"Trenčiansky kraj";4;0;0;0;NA;100728;4;2020-04-03;58
2020-04-02;"Trenčiansky kraj";1;0;0;0;NA;100728;1;2020-04-02;54
2020-04-01;"Trenčiansky kraj";3;0;0;0;NA;100728;3;2020-04-01;53
2020-03-31;"Trenčiansky kraj";1;0;0;0;NA;100728;1;2020-03-31;50
2020-03-30;"Trenčiansky kraj";3;0;0;0;NA;100728;3;2020-03-30;49
2020-03-29;"Trenčiansky kraj";6;0;0;0;NA;100728;6;2020-03-29;46
2020-03-28;"Trenčiansky kraj";9;0;0;0;NA;100728;9;2020-03-28;40
2020-03-27;"Trenčiansky kraj";2;0;0;0;NA;100728;2;2020-03-27;31
2020-03-26;"Trenčiansky kraj";6;0;0;0;NA;100728;6;2020-03-26;29
2020-03-25;"Trenčiansky kraj";3;0;0;0;NA;100728;3;2020-03-25;23
2020-03-24;"Trenčiansky kraj";1;0;0;0;NA;100728;1;2020-03-24;20
2020-03-23;"Trenčiansky kraj";0;0;0;0;NA;100728;0;2020-03-23;19
2020-03-22;"Trenčiansky kraj";0;0;0;0;NA;100728;0;2020-03-22;19
2020-03-21;"Trenčiansky kraj";2;0;0;0;NA;100728;2;2020-03-21;19
2020-03-20;"Trenčiansky kraj";2;0;0;0;NA;100728;2;2020-03-20;17
2020-03-19;"Trenčiansky kraj";8;0;0;0;NA;100728;8;2020-03-19;15
2020-03-18;"Trenčiansky kraj";0;0;0;0;NA;100728;0;2020-03-18;7
2020-03-17;"Trenčiansky kraj";0;0;0;0;NA;100728;0;2020-03-17;7
2020-03-16;"Trenčiansky kraj";1;0;0;0;NA;100728;1;2020-03-16;7
2020-03-15;"Trenčiansky kraj";5;0;0;0;NA;100728;5;2020-03-15;6
2020-03-14;"Trenčiansky kraj";0;0;0;0;NA;100728;0;2020-03-14;1
2020-03-13;"Trenčiansky kraj";0;0;0;0;NA;100728;0;2020-03-13;1
2020-03-12;"Trenčiansky kraj";1;0;0;0;NA;100728;1;2020-03-12;1
2020-03-11;"Trenčiansky kraj";0;0;0;0;NA;100728;0;2020-03-11;0
2020-03-09;"Trenčiansky kraj";0;0;0;0;NA;100728;0;2020-03-09;0
2020-03-08;"Trenčiansky kraj";0;0;0;0;NA;100728;0;2020-03-08;0
2020-03-07;"Trenčiansky kraj";0;0;0;0;NA;100728;0;2020-03-07;0
2020-03-06;"Trenčiansky kraj";0;0;0;0;NA;100728;0;2020-03-06;0
2021-07-25;"Trnavský kraj";0;540;0;540;45863;90336;0;2021-07-25;90336
2021-07-24;"Trnavský kraj";4;637;2;639;NA;90336;6;2021-07-24;90336
2021-07-23;"Trnavský kraj";3;915;0;915;NA;90336;3;2021-07-23;90330
2021-07-22;"Trnavský kraj";0;598;2;600;NA;90336;2;2021-07-22;90327
2021-07-21;"Trnavský kraj";2;558;2;560;NA;90336;4;2021-07-21;90325
2021-07-20;"Trnavský kraj";2;481;0;481;NA;90336;2;2021-07-20;90321
2021-07-19;"Trnavský kraj";9;719;0;719;NA;90336;9;2021-07-19;90319
2021-07-18;"Trnavský kraj";0;600;2;602;NA;90336;2;2021-07-18;90310
2021-07-17;"Trnavský kraj";8;658;0;658;NA;90336;8;2021-07-17;90308
2021-07-16;"Trnavský kraj";11;824;0;824;NA;90336;11;2021-07-16;90300
2021-07-15;"Trnavský kraj";4;832;1;833;NA;90336;5;2021-07-15;90289
2021-07-14;"Trnavský kraj";1;699;1;700;NA;90336;2;2021-07-14;90284
2021-07-13;"Trnavský kraj";1;693;1;694;NA;90336;2;2021-07-13;90282
2021-07-12;"Trnavský kraj";4;959;0;959;NA;90336;4;2021-07-12;90280
2021-07-11;"Trnavský kraj";0;692;0;692;NA;90336;0;2021-07-11;90276
2021-07-10;"Trnavský kraj";1;803;0;803;NA;90336;1;2021-07-10;90276
2021-07-09;"Trnavský kraj";3;1262;3;1265;NA;90336;6;2021-07-09;90275
2021-07-08;"Trnavský kraj";4;755;0;755;NA;90336;4;2021-07-08;90269
2021-07-07;"Trnavský kraj";9;924;2;926;NA;90336;11;2021-07-07;90265
2021-07-06;"Trnavský kraj";2;1401;1;1402;NA;90336;3;2021-07-06;90254
2021-07-05;"Trnavský kraj";1;503;2;505;NA;90336;3;2021-07-05;90251
2021-07-04;"Trnavský kraj";0;1129;3;1132;NA;90336;3;2021-07-04;90248
2021-07-03;"Trnavský kraj";4;815;0;815;NA;90336;4;2021-07-03;90245
2021-07-02;"Trnavský kraj";2;1137;2;1139;NA;90336;4;2021-07-02;90241
2021-07-01;"Trnavský kraj";4;437;0;437;NA;90336;4;2021-07-01;90237
2021-06-30;"Trnavský kraj";0;5109;1;5110;NA;90336;1;2021-06-30;90233
2021-06-29;"Trnavský kraj";4;2563;1;2564;NA;90336;5;2021-06-29;90232
2021-06-28;"Trnavský kraj";2;2600;1;2601;NA;90336;3;2021-06-28;90227
2021-06-27;"Trnavský kraj";0;3213;0;3213;NA;90336;0;2021-06-27;90224
2021-06-26;"Trnavský kraj";3;3871;1;3872;NA;90336;4;2021-06-26;90224
2021-06-25;"Trnavský kraj";2;4374;3;4377;NA;90336;5;2021-06-25;90220
2021-06-24;"Trnavský kraj";4;2635;4;2639;NA;90336;8;2021-06-24;90215
2021-06-23;"Trnavský kraj";4;2842;2;2844;NA;90336;6;2021-06-23;90207
2021-06-22;"Trnavský kraj";2;2995;1;2996;NA;90336;3;2021-06-22;90201
2021-06-21;"Trnavský kraj";6;3114;5;3119;NA;90336;11;2021-06-21;90198
2021-06-20;"Trnavský kraj";0;3952;1;3953;NA;90336;1;2021-06-20;90187
2021-06-19;"Trnavský kraj";3;4735;2;4737;NA;90336;5;2021-06-19;90186
2021-06-18;"Trnavský kraj";5;6125;4;6129;NA;90336;9;2021-06-18;90181
2021-06-17;"Trnavský kraj";3;3340;0;3340;NA;90336;3;2021-06-17;90172
2021-06-16;"Trnavský kraj";6;2926;3;2929;NA;90336;9;2021-06-16;90169
2021-06-15;"Trnavský kraj";8;3234;3;3237;NA;90336;11;2021-06-15;90160
2021-06-14;"Trnavský kraj";2;3829;1;3830;NA;90336;3;2021-06-14;90149
2021-06-13;"Trnavský kraj";0;5001;8;5009;NA;90336;8;2021-06-13;90146
2021-06-12;"Trnavský kraj";11;5807;2;5809;NA;90336;13;2021-06-12;90138
2021-06-11;"Trnavský kraj";17;5850;4;5854;NA;90336;21;2021-06-11;90125
2021-06-10;"Trnavský kraj";14;3476;1;3477;NA;90336;15;2021-06-10;90104
2021-06-09;"Trnavský kraj";10;3681;1;3682;NA;90336;11;2021-06-09;90089
2021-06-08;"Trnavský kraj";8;3344;4;3348;NA;90336;12;2021-06-08;90078
2021-06-07;"Trnavský kraj";12;4498;8;4506;NA;90336;20;2021-06-07;90066
2021-06-06;"Trnavský kraj";0;5517;2;5519;NA;90336;2;2021-06-06;90046
2021-06-05;"Trnavský kraj";20;6905;8;6913;NA;90336;28;2021-06-05;90044
2021-06-04;"Trnavský kraj";9;6731;10;6741;NA;90336;19;2021-06-04;90016
2021-06-03;"Trnavský kraj";14;4361;11;4372;NA;90336;25;2021-06-03;89997
2021-06-02;"Trnavský kraj";4;4148;11;4159;NA;90336;15;2021-06-02;89972
2021-06-01;"Trnavský kraj";18;3662;5;3667;NA;90336;23;2021-06-01;89957
2021-05-31;"Trnavský kraj";14;5515;16;5531;NA;90336;30;2021-05-31;89934
2021-05-30;"Trnavský kraj";0;6473;7;6480;NA;90336;7;2021-05-30;89904
2021-05-29;"Trnavský kraj";11;8964;4;8968;NA;90336;15;2021-05-29;89897
2021-05-28;"Trnavský kraj";14;7160;11;7171;NA;90336;25;2021-05-28;89882
2021-05-27;"Trnavský kraj";22;4753;8;4761;NA;90336;30;2021-05-27;89857
2021-05-26;"Trnavský kraj";6;4870;8;4878;NA;90336;14;2021-05-26;89827
2021-05-25;"Trnavský kraj";19;5026;27;5053;NA;90336;46;2021-05-25;89813
2021-05-24;"Trnavský kraj";15;6520;22;6542;NA;90336;37;2021-05-24;89767
2021-05-23;"Trnavský kraj";0;7920;8;7928;NA;90336;8;2021-05-23;89730
2021-05-22;"Trnavský kraj";13;13381;21;13402;NA;90336;34;2021-05-22;89722
2021-05-21;"Trnavský kraj";16;8520;19;8539;NA;90336;35;2021-05-21;89688
2021-05-20;"Trnavský kraj";15;5511;11;5522;NA;90336;26;2021-05-20;89653
2021-05-19;"Trnavský kraj";18;5431;13;5444;NA;90336;31;2021-05-19;89627
2021-05-18;"Trnavský kraj";26;5768;15;5783;NA;90336;41;2021-05-18;89596
2021-05-17;"Trnavský kraj";17;6262;24;6286;NA;90336;41;2021-05-17;89555
2021-05-16;"Trnavský kraj";10;9984;8;9992;NA;90336;18;2021-05-16;89514
2021-05-15;"Trnavský kraj";11;18525;14;18539;NA;90336;25;2021-05-15;89496
2021-05-14;"Trnavský kraj";34;10279;21;10300;NA;90336;55;2021-05-14;89471
2021-05-13;"Trnavský kraj";26;6913;12;6925;NA;90336;38;2021-05-13;89416
2021-05-12;"Trnavský kraj";34;6621;26;6647;NA;90336;60;2021-05-12;89378
2021-05-11;"Trnavský kraj";32;6393;13;6406;NA;90336;45;2021-05-11;89318
2021-05-10;"Trnavský kraj";58;9139;24;9163;NA;90336;82;2021-05-10;89273
2021-05-09;"Trnavský kraj";21;12570;12;12582;NA;90336;33;2021-05-09;89191
2021-05-08;"Trnavský kraj";4;23028;22;23050;NA;90336;26;2021-05-08;89158
2021-05-07;"Trnavský kraj";26;15465;30;15495;NA;90336;56;2021-05-07;89132
2021-05-06;"Trnavský kraj";22;8407;22;8429;NA;90336;44;2021-05-06;89076
2021-05-05;"Trnavský kraj";34;6273;22;6295;NA;90336;56;2021-05-05;89032
2021-05-04;"Trnavský kraj";51;8538;17;8555;NA;90336;68;2021-05-04;88976
2021-05-03;"Trnavský kraj";20;8957;22;8979;NA;90336;42;2021-05-03;88908
2021-05-02;"Trnavský kraj";0;25657;29;25686;NA;90336;29;2021-05-02;88866
2021-05-01;"Trnavský kraj";30;81353;64;81417;NA;90336;94;2021-05-01;88837
2021-04-30;"Trnavský kraj";45;26846;35;26881;NA;90336;80;2021-04-30;88743
2021-04-29;"Trnavský kraj";25;20323;28;20351;NA;90336;53;2021-04-29;88663
2021-04-28;"Trnavský kraj";46;8896;28;8924;NA;90336;74;2021-04-28;88610
2021-04-27;"Trnavský kraj";54;8749;37;8786;NA;90336;91;2021-04-27;88536
2021-04-26;"Trnavský kraj";53;16116;42;16158;NA;90336;95;2021-04-26;88445
2021-04-25;"Trnavský kraj";0;30183;24;30207;NA;90336;24;2021-04-25;88350
2021-04-24;"Trnavský kraj";46;126077;84;126161;NA;90336;130;2021-04-24;88326
2021-04-23;"Trnavský kraj";71;25739;53;25792;NA;90336;124;2021-04-23;88196
2021-04-22;"Trnavský kraj";40;10901;25;10926;NA;90336;65;2021-04-22;88072
2021-04-21;"Trnavský kraj";60;10748;45;10793;NA;90336;105;2021-04-21;88007
2021-04-20;"Trnavský kraj";57;13504;28;13532;NA;90336;85;2021-04-20;87902
2021-04-19;"Trnavský kraj";46;14603;18;14621;NA;90336;64;2021-04-19;87817
2021-04-18;"Trnavský kraj";7;40843;43;40886;NA;90336;50;2021-04-18;87753
2021-04-17;"Trnavský kraj";58;118102;89;118191;NA;90336;147;2021-04-17;87703
2021-04-16;"Trnavský kraj";67;25962;48;26010;NA;90336;115;2021-04-16;87556
2021-04-15;"Trnavský kraj";65;11373;36;11409;NA;90336;101;2021-04-15;87441
2021-04-14;"Trnavský kraj";78;18442;53;18495;NA;90336;131;2021-04-14;87340
2021-04-13;"Trnavský kraj";126;9871;44;9915;NA;90336;170;2021-04-13;87209
2021-04-12;"Trnavský kraj";40;15577;40;15617;NA;90336;80;2021-04-12;87039
2021-04-11;"Trnavský kraj";3;44420;44;44464;NA;90336;47;2021-04-11;86959
2021-04-10;"Trnavský kraj";60;123822;107;123929;NA;90336;167;2021-04-10;86912
2021-04-09;"Trnavský kraj";95;26191;34;26225;NA;90336;129;2021-04-09;86745
2021-04-08;"Trnavský kraj";85;10903;54;10957;NA;90336;139;2021-04-08;86616
2021-04-07;"Trnavský kraj";131;15979;81;16060;NA;90336;212;2021-04-07;86477
2021-04-06;"Trnavský kraj";92;20586;90;20676;NA;90336;182;2021-04-06;86265
2021-04-05;"Trnavský kraj";91;7517;17;7534;NA;90336;108;2021-04-05;86083
2021-04-04;"Trnavský kraj";9;28831;49;28880;NA;90336;58;2021-04-04;85975
2021-04-03;"Trnavský kraj";29;144452;186;144638;NA;90336;215;2021-04-03;85917
2021-04-02;"Trnavský kraj";91;17538;33;17571;NA;90336;124;2021-04-02;85702
2021-04-01;"Trnavský kraj";118;22279;71;22350;NA;90336;189;2021-04-01;85578
2021-03-31;"Trnavský kraj";140;15828;82;15910;NA;90336;222;2021-03-31;85389
2021-03-30;"Trnavský kraj";182;10482;79;10561;NA;90336;261;2021-03-30;85167
2021-03-29;"Trnavský kraj";126;19255;122;19377;NA;90336;248;2021-03-29;84906
2021-03-28;"Trnavský kraj";26;50664;134;50798;NA;90336;160;2021-03-28;84658
2021-03-27;"Trnavský kraj";64;130217;246;130463;NA;90336;310;2021-03-27;84498
2021-03-26;"Trnavský kraj";139;30217;130;30347;NA;90336;269;2021-03-26;84188
2021-03-25;"Trnavský kraj";135;14212;80;14292;NA;90336;215;2021-03-25;83919
2021-03-24;"Trnavský kraj";159;10521;89;10610;NA;90336;248;2021-03-24;83704
2021-03-23;"Trnavský kraj";221;12735;104;12839;NA;90336;325;2021-03-23;83456
2021-03-22;"Trnavský kraj";103;17118;110;17228;NA;90336;213;2021-03-22;83131
2021-03-21;"Trnavský kraj";31;49119;150;49269;NA;90336;181;2021-03-21;82918
2021-03-20;"Trnavský kraj";112;136963;317;137280;NA;90336;429;2021-03-20;82737
2021-03-19;"Trnavský kraj";174;29071;137;29208;NA;90336;311;2021-03-19;82308
2021-03-18;"Trnavský kraj";158;12217;136;12353;NA;90336;294;2021-03-18;81997
2021-03-17;"Trnavský kraj";245;10434;103;10537;NA;90336;348;2021-03-17;81703
2021-03-16;"Trnavský kraj";311;12811;135;12946;NA;90336;446;2021-03-16;81355
2021-03-15;"Trnavský kraj";127;18271;146;18417;NA;90336;273;2021-03-15;80909
2021-03-14;"Trnavský kraj";14;47608;164;47772;NA;90336;178;2021-03-14;80636
2021-03-13;"Trnavský kraj";155;139224;409;139633;NA;90336;564;2021-03-13;80458
2021-03-12;"Trnavský kraj";201;28566;181;28747;NA;90336;382;2021-03-12;79894
2021-03-11;"Trnavský kraj";204;13301;140;13441;NA;90336;344;2021-03-11;79512
2021-03-10;"Trnavský kraj";242;10583;135;10718;NA;90336;377;2021-03-10;79168
2021-03-09;"Trnavský kraj";442;12824;155;12979;NA;90336;597;2021-03-09;78791
2021-03-08;"Trnavský kraj";182;21812;166;21978;NA;90336;348;2021-03-08;78194
2021-03-07;"Trnavský kraj";30;45463;227;45690;NA;90336;257;2021-03-07;77846
2021-03-06;"Trnavský kraj";154;135784;531;136315;NA;90336;685;2021-03-06;77589
2021-03-05;"Trnavský kraj";299;27959;239;28198;NA;90336;538;2021-03-05;76904
2021-03-04;"Trnavský kraj";238;14505;176;14681;NA;90336;414;2021-03-04;76366
2021-03-03;"Trnavský kraj";413;11583;246;11829;NA;90336;659;2021-03-03;75952
2021-03-02;"Trnavský kraj";477;12367;191;12558;NA;90336;668;2021-03-02;75293
2021-03-01;"Trnavský kraj";189;18586;234;18820;NA;90336;423;2021-03-01;74625
2021-02-28;"Trnavský kraj";87;47709;321;48030;NA;90336;408;2021-02-28;74202
2021-02-27;"Trnavský kraj";264;140224;800;141024;NA;90336;1064;2021-02-27;73794
2021-02-26;"Trnavský kraj";362;26637;284;26921;NA;90336;646;2021-02-26;72730
2021-02-25;"Trnavský kraj";433;10490;227;10717;NA;90336;660;2021-02-25;72084
2021-02-24;"Trnavský kraj";407;9113;290;9403;NA;90336;697;2021-02-24;71424
2021-02-23;"Trnavský kraj";469;11322;284;11606;NA;90336;753;2021-02-23;70727
2021-02-22;"Trnavský kraj";206;19901;330;20231;NA;90336;536;2021-02-22;69974
2021-02-21;"Trnavský kraj";38;48221;329;48550;NA;90336;367;2021-02-21;69438
2021-02-20;"Trnavský kraj";273;135835;859;136694;NA;90336;1132;2021-02-20;69071
2021-02-19;"Trnavský kraj";335;26382;366;26748;NA;90336;701;2021-02-19;67939
2021-02-18;"Trnavský kraj";344;11264;348;11612;NA;90336;692;2021-02-18;67238
2021-02-17;"Trnavský kraj";431;8783;416;9199;NA;90336;847;2021-02-17;66546
2021-02-16;"Trnavský kraj";426;11236;294;11530;NA;90336;720;2021-02-16;65699
2021-02-15;"Trnavský kraj";146;18276;326;18602;NA;90336;472;2021-02-15;64979
2021-02-14;"Trnavský kraj";51;57642;495;58137;NA;90336;546;2021-02-14;64507
2021-02-13;"Trnavský kraj";218;137051;994;138045;NA;90336;1212;2021-02-13;63961
2021-02-12;"Trnavský kraj";300;24090;352;24442;NA;90336;652;2021-02-12;62749
2021-02-11;"Trnavský kraj";422;9831;349;10180;NA;90336;771;2021-02-11;62097
2021-02-10;"Trnavský kraj";511;9194;342;9536;NA;90336;853;2021-02-10;61326
2021-02-09;"Trnavský kraj";544;12755;369;13124;NA;90336;913;2021-02-09;60473
2021-02-08;"Trnavský kraj";220;33414;497;33911;NA;90336;717;2021-02-08;59560
2021-02-07;"Trnavský kraj";140;69694;628;70322;NA;90336;768;2021-02-07;58843
2021-02-06;"Trnavský kraj";348;112687;1482;114169;NA;90336;1830;2021-02-06;58075
2021-02-05;"Trnavský kraj";377;16063;373;16436;NA;90336;750;2021-02-05;56245
2021-02-04;"Trnavský kraj";456;7317;456;7773;NA;90336;912;2021-02-04;55495
2021-02-03;"Trnavský kraj";472;6584;434;7018;NA;90336;906;2021-02-03;54583
2021-02-02;"Trnavský kraj";446;14243;424;14667;NA;90336;870;2021-02-02;53677
2021-02-01;"Trnavský kraj";198;38882;679;39561;NA;90336;877;2021-02-01;52807
2021-01-31;"Trnavský kraj";19;64707;822;65529;NA;90336;841;2021-01-31;51930
2021-01-30;"Trnavský kraj";323;111483;1288;112771;NA;90336;1611;2021-01-30;51089
2021-01-29;"Trnavský kraj";421;9689;290;9979;NA;90336;711;2021-01-29;49478
2021-01-28;"Trnavský kraj";389;5817;289;6106;NA;90336;678;2021-01-28;48767
2021-01-27;"Trnavský kraj";433;5554;225;5779;NA;90336;658;2021-01-27;48089
2021-01-26;"Trnavský kraj";565;25411;636;26047;NA;90336;1201;2021-01-26;47431
2021-01-25;"Trnavský kraj";210;41805;620;42425;NA;90336;830;2021-01-25;46230
2021-01-24;"Trnavský kraj";91;66399;779;67178;NA;90336;870;2021-01-24;45400
2021-01-23;"Trnavský kraj";372;113375;1319;114694;NA;90336;1691;2021-01-23;44530
2021-01-22;"Trnavský kraj";217;32755;505;33260;NA;90336;722;2021-01-22;42839
2021-01-21;"Trnavský kraj";311;13913;377;14290;NA;90336;688;2021-01-21;42117
2021-01-20;"Trnavský kraj";503;8685;283;8968;NA;90336;786;2021-01-20;41429
2021-01-19;"Trnavský kraj";415;7013;347;7360;NA;90336;762;2021-01-19;40643
2021-01-18;"Trnavský kraj";247;6690;513;7203;NA;90336;760;2021-01-18;39881
2021-01-17;"Trnavský kraj";128;854;215;1069;NA;90336;343;2021-01-17;39121
2021-01-16;"Trnavský kraj";103;898;24;922;NA;90336;127;2021-01-16;38778
2021-01-15;"Trnavský kraj";278;5467;336;5803;NA;90336;614;2021-01-15;38651
2021-01-14;"Trnavský kraj";452;4001;338;4339;NA;90336;790;2021-01-14;38037
2021-01-13;"Trnavský kraj";457;4751;378;5129;NA;90336;835;2021-01-13;37247
2021-01-12;"Trnavský kraj";469;7175;483;7658;NA;90336;952;2021-01-12;36412
2021-01-11;"Trnavský kraj";370;5012;392;5404;NA;90336;762;2021-01-11;35460
2021-01-10;"Trnavský kraj";71;13;0;13;NA;90336;71;2021-01-10;34698
2021-01-09;"Trnavský kraj";417;1775;100;1875;NA;90336;517;2021-01-09;34627
2021-01-08;"Trnavský kraj";381;6554;532;7086;NA;90336;913;2021-01-08;34110
2021-01-07;"Trnavský kraj";501;4080;390;4470;NA;90336;891;2021-01-07;33197
2021-01-06;"Trnavský kraj";179;758;132;890;NA;90336;311;2021-01-06;32306
2021-01-05;"Trnavský kraj";611;5608;616;6224;NA;90336;1227;2021-01-05;31995
2021-01-04;"Trnavský kraj";302;5556;709;6265;NA;90336;1011;2021-01-04;30768
2021-01-03;"Trnavský kraj";60;53;7;60;NA;90336;67;2021-01-03;29757
2021-01-02;"Trnavský kraj";282;417;32;449;NA;90336;314;2021-01-02;29690
2021-01-01;"Trnavský kraj";143;455;76;531;NA;90336;219;2021-01-01;29376
2020-12-31;"Trnavský kraj";498;8488;858;9346;NA;90336;1356;2020-12-31;29157
2020-12-30;"Trnavský kraj";785;5318;612;5930;NA;90336;1397;2020-12-30;27801
2020-12-29;"Trnavský kraj";322;5364;639;6003;NA;90336;961;2020-12-29;26404
2020-12-28;"Trnavský kraj";213;5334;615;5949;NA;90336;828;2020-12-28;25443
2020-12-27;"Trnavský kraj";27;20;4;24;NA;90336;31;2020-12-27;24615
2020-12-26;"Trnavský kraj";148;44;1;45;NA;90336;149;2020-12-26;24584
2020-12-25;"Trnavský kraj";65;49;5;54;NA;90336;70;2020-12-25;24435
2020-12-24;"Trnavský kraj";333;1359;117;1476;NA;90336;450;2020-12-24;24365
2020-12-23;"Trnavský kraj";210;7259;414;7673;NA;90336;624;2020-12-23;23915
2020-12-22;"Trnavský kraj";311;5590;491;6081;NA;90336;802;2020-12-22;23291
2020-12-21;"Trnavský kraj";328;4527;399;4926;NA;90336;727;2020-12-21;22489
2020-12-20;"Trnavský kraj";134;133;12;145;NA;90336;146;2020-12-20;21762
2020-12-19;"Trnavský kraj";201;1407;103;1510;NA;90336;304;2020-12-19;21616
2020-12-18;"Trnavský kraj";341;4898;378;5276;NA;90336;719;2020-12-18;21312
2020-12-17;"Trnavský kraj";375;5271;443;5714;NA;90336;818;2020-12-17;20593
2020-12-16;"Trnavský kraj";312;5249;405;5654;NA;90336;717;2020-12-16;19775
2020-12-15;"Trnavský kraj";492;6623;632;7255;NA;90336;1124;2020-12-15;19058
2020-12-14;"Trnavský kraj";161;3505;292;3797;NA;90336;453;2020-12-14;17934
2020-12-13;"Trnavský kraj";7;7;0;7;NA;90336;7;2020-12-13;17481
2020-12-12;"Trnavský kraj";254;1456;114;1570;NA;90336;368;2020-12-12;17474
2020-12-11;"Trnavský kraj";384;4683;262;4945;NA;90336;646;2020-12-11;17106
2020-12-10;"Trnavský kraj";183;5194;320;5514;NA;90336;503;2020-12-10;16460
2020-12-09;"Trnavský kraj";521;4283;321;4604;NA;90336;842;2020-12-09;15957
2020-12-08;"Trnavský kraj";281;4090;304;4394;NA;90336;585;2020-12-08;15115
2020-12-07;"Trnavský kraj";178;2895;199;3094;NA;90336;377;2020-12-07;14530
2020-12-06;"Trnavský kraj";46;0;0;0;NA;90336;46;2020-12-06;14153
2020-12-05;"Trnavský kraj";129;2218;41;2259;NA;90336;170;2020-12-05;14107
2020-12-04;"Trnavský kraj";242;3948;158;4106;NA;90336;400;2020-12-04;13937
2020-12-03;"Trnavský kraj";248;2770;190;2960;NA;90336;438;2020-12-03;13537
2020-12-02;"Trnavský kraj";284;4516;176;4692;NA;90336;460;2020-12-02;13099
2020-12-01;"Trnavský kraj";253;3190;205;3395;NA;90336;458;2020-12-01;12639
2020-11-30;"Trnavský kraj";200;7360;186;7546;NA;90336;386;2020-11-30;12181
2020-11-29;"Trnavský kraj";17;738;36;774;NA;90336;53;2020-11-29;11795
2020-11-28;"Trnavský kraj";83;1453;77;1530;NA;90336;160;2020-11-28;11742
2020-11-27;"Trnavský kraj";148;1779;85;1864;NA;90336;233;2020-11-27;11582
2020-11-26;"Trnavský kraj";234;1123;68;1191;NA;90336;302;2020-11-26;11349
2020-11-25;"Trnavský kraj";232;1168;74;1242;NA;90336;306;2020-11-25;11047
2020-11-24;"Trnavský kraj";295;1909;96;2005;NA;90336;391;2020-11-24;10741
2020-11-23;"Trnavský kraj";242;7393;129;7522;NA;90336;371;2020-11-23;10350
2020-11-22;"Trnavský kraj";10;82;9;91;NA;90336;19;2020-11-22;9979
2020-11-21;"Trnavský kraj";129;1354;36;1390;NA;90336;165;2020-11-21;9960
2020-11-20;"Trnavský kraj";246;1154;64;1218;NA;90336;310;2020-11-20;9795
2020-11-19;"Trnavský kraj";157;823;64;887;NA;90336;221;2020-11-19;9485
2020-11-18;"Trnavský kraj";235;822;82;904;NA;90336;317;2020-11-18;9264
2020-11-17;"Trnavský kraj";129;705;74;779;NA;90336;203;2020-11-17;8947
2020-11-16;"Trnavský kraj";187;732;32;764;NA;90336;219;2020-11-16;8744
2020-11-15;"Trnavský kraj";23;73;4;77;NA;90336;27;2020-11-15;8525
2020-11-14;"Trnavský kraj";86;397;12;409;NA;90336;98;2020-11-14;8498
2020-11-13;"Trnavský kraj";219;1312;21;1333;NA;90336;240;2020-11-13;8400
2020-11-12;"Trnavský kraj";162;420;18;438;NA;90336;180;2020-11-12;8160
2020-11-11;"Trnavský kraj";257;392;15;407;NA;90336;272;2020-11-11;7980
2020-11-10;"Trnavský kraj";189;889;30;919;NA;90336;219;2020-11-10;7708
2020-11-09;"Trnavský kraj";196;369;23;392;NA;90336;219;2020-11-09;7489
2020-11-08;"Trnavský kraj";55;400;4;404;NA;90336;59;2020-11-08;7270
2020-11-07;"Trnavský kraj";207;6070;74;6144;NA;90336;281;2020-11-07;7211
2020-11-06;"Trnavský kraj";260;1531;19;1550;NA;90336;279;2020-11-06;6930
2020-11-05;"Trnavský kraj";150;220;27;247;NA;90336;177;2020-11-05;6651
2020-11-04;"Trnavský kraj";188;212;10;222;NA;90336;198;2020-11-04;6474
2020-11-03;"Trnavský kraj";317;127;8;135;NA;90336;325;2020-11-03;6276
2020-11-02;"Trnavský kraj";281;1728;31;1759;NA;90336;312;2020-11-02;5951
2020-11-01;"Trnavský kraj";87;494;27;521;NA;90336;114;2020-11-01;5639
2020-10-31;"Trnavský kraj";259;5024;41;5065;NA;90336;300;2020-10-31;5525
2020-10-30;"Trnavský kraj";198;3784;27;3811;NA;90336;225;2020-10-30;5225
2020-10-29;"Trnavský kraj";273;1461;16;1477;NA;90336;289;2020-10-29;5000
2020-10-28;"Trnavský kraj";319;117;16;133;NA;90336;335;2020-10-28;4711
2020-10-27;"Trnavský kraj";199;461;36;497;NA;90336;235;2020-10-27;4376
2020-10-26;"Trnavský kraj";153;29;2;31;NA;90336;155;2020-10-26;4141
2020-10-25;"Trnavský kraj";95;19;1;20;NA;90336;96;2020-10-25;3986
2020-10-24;"Trnavský kraj";158;109;2;111;NA;90336;160;2020-10-24;3890
2020-10-23;"Trnavský kraj";201;89;4;93;NA;90336;205;2020-10-23;3730
2020-10-22;"Trnavský kraj";195;55;2;57;NA;90336;197;2020-10-22;3525
2020-10-21;"Trnavský kraj";134;73;3;76;NA;90336;137;2020-10-21;3328
2020-10-20;"Trnavský kraj";202;82;3;85;NA;90336;205;2020-10-20;3191
2020-10-19;"Trnavský kraj";67;55;0;55;NA;90336;67;2020-10-19;2986
2020-10-18;"Trnavský kraj";84;0;0;0;NA;90336;84;2020-10-18;2919
2020-10-17;"Trnavský kraj";123;0;0;0;NA;90336;123;2020-10-17;2835
2020-10-16;"Trnavský kraj";86;45;2;47;NA;90336;88;2020-10-16;2712
2020-10-15;"Trnavský kraj";155;66;2;68;NA;90336;157;2020-10-15;2624
2020-10-14;"Trnavský kraj";236;468;3;471;NA;90336;239;2020-10-14;2467
2020-10-13;"Trnavský kraj";138;16;2;18;NA;90336;140;2020-10-13;2228
2020-10-12;"Trnavský kraj";33;41;1;42;NA;90336;34;2020-10-12;2088
2020-10-11;"Trnavský kraj";31;0;0;0;NA;90336;31;2020-10-11;2054
2020-10-10;"Trnavský kraj";128;0;0;0;NA;90336;128;2020-10-10;2023
2020-10-09;"Trnavský kraj";156;0;0;0;NA;90336;156;2020-10-09;1895
2020-10-08;"Trnavský kraj";153;0;0;0;NA;90336;153;2020-10-08;1739
2020-10-07;"Trnavský kraj";80;0;0;0;NA;90336;80;2020-10-07;1586
2020-10-06;"Trnavský kraj";112;0;0;0;NA;90336;112;2020-10-06;1506
2020-10-05;"Trnavský kraj";33;0;0;0;NA;90336;33;2020-10-05;1394
2020-10-04;"Trnavský kraj";44;0;0;0;NA;90336;44;2020-10-04;1361
2020-10-03;"Trnavský kraj";60;0;0;0;NA;90336;60;2020-10-03;1317
2020-10-02;"Trnavský kraj";41;0;0;0;NA;90336;41;2020-10-02;1257
2020-10-01;"Trnavský kraj";53;0;0;0;NA;90336;53;2020-10-01;1216
2020-09-30;"Trnavský kraj";91;0;0;0;NA;90336;91;2020-09-30;1163
2020-09-29;"Trnavský kraj";40;0;0;0;NA;90336;40;2020-09-29;1072
2020-09-28;"Trnavský kraj";69;0;0;0;NA;90336;69;2020-09-28;1032
2020-09-27;"Trnavský kraj";30;0;0;0;NA;90336;30;2020-09-27;963
2020-09-26;"Trnavský kraj";46;0;0;0;NA;90336;46;2020-09-26;933
2020-09-25;"Trnavský kraj";32;0;0;0;NA;90336;32;2020-09-25;887
2020-09-24;"Trnavský kraj";42;0;0;0;NA;90336;42;2020-09-24;855
2020-09-23;"Trnavský kraj";43;0;0;0;NA;90336;43;2020-09-23;813
2020-09-22;"Trnavský kraj";55;0;0;0;NA;90336;55;2020-09-22;770
2020-09-21;"Trnavský kraj";41;0;0;0;NA;90336;41;2020-09-21;715
2020-09-20;"Trnavský kraj";17;0;0;0;NA;90336;17;2020-09-20;674
2020-09-19;"Trnavský kraj";4;0;0;0;NA;90336;4;2020-09-19;657
2020-09-18;"Trnavský kraj";33;0;0;0;NA;90336;33;2020-09-18;653
2020-09-17;"Trnavský kraj";42;0;0;0;NA;90336;42;2020-09-17;620
2020-09-16;"Trnavský kraj";49;0;0;0;NA;90336;49;2020-09-16;578
2020-09-15;"Trnavský kraj";5;0;0;0;NA;90336;5;2020-09-15;529
2020-09-14;"Trnavský kraj";26;0;0;0;NA;90336;26;2020-09-14;524
2020-09-13;"Trnavský kraj";9;0;0;0;NA;90336;9;2020-09-13;498
2020-09-12;"Trnavský kraj";12;0;0;0;NA;90336;12;2020-09-12;489
2020-09-11;"Trnavský kraj";16;0;0;0;NA;90336;16;2020-09-11;477
2020-09-10;"Trnavský kraj";32;0;0;0;NA;90336;32;2020-09-10;461
2020-09-09;"Trnavský kraj";14;0;0;0;NA;90336;14;2020-09-09;429
2020-09-08;"Trnavský kraj";11;0;0;0;NA;90336;11;2020-09-08;415
2020-09-07;"Trnavský kraj";7;0;0;0;NA;90336;7;2020-09-07;404
2020-09-06;"Trnavský kraj";5;0;0;0;NA;90336;5;2020-09-06;397
2020-09-05;"Trnavský kraj";7;0;0;0;NA;90336;7;2020-09-05;392
2020-09-04;"Trnavský kraj";16;0;0;0;NA;90336;16;2020-09-04;385
2020-09-03;"Trnavský kraj";8;0;0;0;NA;90336;8;2020-09-03;369
2020-09-02;"Trnavský kraj";7;0;0;0;NA;90336;7;2020-09-02;361
2020-09-01;"Trnavský kraj";1;0;0;0;NA;90336;1;2020-09-01;354
2020-08-31;"Trnavský kraj";6;0;0;0;NA;90336;6;2020-08-31;353
2020-08-30;"Trnavský kraj";1;0;0;0;NA;90336;1;2020-08-30;347
2020-08-29;"Trnavský kraj";3;0;0;0;NA;90336;3;2020-08-29;346
2020-08-28;"Trnavský kraj";14;0;0;0;NA;90336;14;2020-08-28;343
2020-08-27;"Trnavský kraj";6;0;0;0;NA;90336;6;2020-08-27;329
2020-08-26;"Trnavský kraj";4;0;0;0;NA;90336;4;2020-08-26;323
2020-08-25;"Trnavský kraj";7;0;0;0;NA;90336;7;2020-08-25;319
2020-08-24;"Trnavský kraj";1;0;0;0;NA;90336;1;2020-08-24;312
2020-08-23;"Trnavský kraj";6;0;0;0;NA;90336;6;2020-08-23;311
2020-08-22;"Trnavský kraj";3;0;0;0;NA;90336;3;2020-08-22;305
2020-08-21;"Trnavský kraj";4;0;0;0;NA;90336;4;2020-08-21;302
2020-08-20;"Trnavský kraj";23;0;0;0;NA;90336;23;2020-08-20;298
2020-08-19;"Trnavský kraj";13;0;0;0;NA;90336;13;2020-08-19;275
2020-08-18;"Trnavský kraj";20;0;0;0;NA;90336;20;2020-08-18;262
2020-08-17;"Trnavský kraj";3;0;0;0;NA;90336;3;2020-08-17;242
2020-08-16;"Trnavský kraj";0;0;0;0;NA;90336;0;2020-08-16;239
2020-08-15;"Trnavský kraj";7;0;0;0;NA;90336;7;2020-08-15;239
2020-08-14;"Trnavský kraj";6;0;0;0;NA;90336;6;2020-08-14;232
2020-08-13;"Trnavský kraj";10;0;0;0;NA;90336;10;2020-08-13;226
2020-08-12;"Trnavský kraj";2;0;0;0;NA;90336;2;2020-08-12;216
2020-08-11;"Trnavský kraj";30;0;0;0;NA;90336;30;2020-08-11;214
2020-08-10;"Trnavský kraj";0;0;0;0;NA;90336;0;2020-08-10;184
2020-08-09;"Trnavský kraj";0;0;0;0;NA;90336;0;2020-08-09;184
2020-08-08;"Trnavský kraj";13;0;0;0;NA;90336;13;2020-08-08;184
2020-08-07;"Trnavský kraj";4;0;0;0;NA;90336;4;2020-08-07;171
2020-08-06;"Trnavský kraj";4;0;0;0;NA;90336;4;2020-08-06;167
2020-08-05;"Trnavský kraj";0;0;0;0;NA;90336;0;2020-08-05;163
2020-08-04;"Trnavský kraj";1;0;0;0;NA;90336;1;2020-08-04;163
2020-08-03;"Trnavský kraj";2;0;0;0;NA;90336;2;2020-08-03;162
2020-08-02;"Trnavský kraj";1;0;0;0;NA;90336;1;2020-08-02;160
2020-08-01;"Trnavský kraj";0;0;0;0;NA;90336;0;2020-08-01;159
2020-07-31;"Trnavský kraj";7;0;0;0;NA;90336;7;2020-07-31;159
2020-07-30;"Trnavský kraj";6;0;0;0;NA;90336;6;2020-07-30;152
2020-07-29;"Trnavský kraj";0;0;0;0;NA;90336;0;2020-07-29;146
2020-07-28;"Trnavský kraj";1;0;0;0;NA;90336;1;2020-07-28;146
2020-07-27;"Trnavský kraj";2;0;0;0;NA;90336;2;2020-07-27;145
2020-07-26;"Trnavský kraj";0;0;0;0;NA;90336;0;2020-07-26;143
2020-07-25;"Trnavský kraj";0;0;0;0;NA;90336;0;2020-07-25;143
2020-07-24;"Trnavský kraj";1;0;0;0;NA;90336;1;2020-07-24;143
2020-07-23;"Trnavský kraj";2;0;0;0;NA;90336;2;2020-07-23;142
2020-07-22;"Trnavský kraj";1;0;0;0;NA;90336;1;2020-07-22;140
2020-07-21;"Trnavský kraj";2;0;0;0;NA;90336;2;2020-07-21;139
2020-07-20;"Trnavský kraj";0;0;0;0;NA;90336;0;2020-07-20;137
2020-07-19;"Trnavský kraj";0;0;0;0;NA;90336;0;2020-07-19;137
2020-07-18;"Trnavský kraj";0;0;0;0;NA;90336;0;2020-07-18;137
2020-07-17;"Trnavský kraj";0;0;0;0;NA;90336;0;2020-07-17;137
2020-07-16;"Trnavský kraj";0;0;0;0;NA;90336;0;2020-07-16;137
2020-07-15;"Trnavský kraj";1;0;0;0;NA;90336;1;2020-07-15;137
2020-07-14;"Trnavský kraj";0;0;0;0;NA;90336;0;2020-07-14;136
2020-07-13;"Trnavský kraj";0;0;0;0;NA;90336;0;2020-07-13;136
2020-07-12;"Trnavský kraj";0;0;0;0;NA;90336;0;2020-07-12;136
2020-07-11;"Trnavský kraj";0;0;0;0;NA;90336;0;2020-07-11;136
2020-07-10;"Trnavský kraj";0;0;0;0;NA;90336;0;2020-07-10;136
2020-07-09;"Trnavský kraj";0;0;0;0;NA;90336;0;2020-07-09;136
2020-07-08;"Trnavský kraj";3;0;0;0;NA;90336;3;2020-07-08;136
2020-07-07;"Trnavský kraj";4;0;0;0;NA;90336;4;2020-07-07;133
2020-07-06;"Trnavský kraj";0;0;0;0;NA;90336;0;2020-07-06;129
2020-07-05;"Trnavský kraj";0;0;0;0;NA;90336;0;2020-07-05;129
2020-07-04;"Trnavský kraj";0;0;0;0;NA;90336;0;2020-07-04;129
2020-07-03;"Trnavský kraj";0;0;0;0;NA;90336;0;2020-07-03;129
2020-07-02;"Trnavský kraj";3;0;0;0;NA;90336;3;2020-07-02;129
2020-07-01;"Trnavský kraj";0;0;0;0;NA;90336;0;2020-07-01;126
2020-06-30;"Trnavský kraj";0;0;0;0;NA;90336;0;2020-06-30;126
2020-06-29;"Trnavský kraj";0;0;0;0;NA;90336;0;2020-06-29;126
2020-06-28;"Trnavský kraj";0;0;0;0;NA;90336;0;2020-06-28;126
2020-06-27;"Trnavský kraj";0;0;0;0;NA;90336;0;2020-06-27;126
2020-06-26;"Trnavský kraj";0;0;0;0;NA;90336;0;2020-06-26;126
2020-06-25;"Trnavský kraj";0;0;0;0;NA;90336;0;2020-06-25;126
2020-06-24;"Trnavský kraj";0;0;0;0;NA;90336;0;2020-06-24;126
2020-06-23;"Trnavský kraj";0;0;0;0;NA;90336;0;2020-06-23;126
2020-06-22;"Trnavský kraj";0;0;0;0;NA;90336;0;2020-06-22;126
2020-06-21;"Trnavský kraj";0;0;0;0;NA;90336;0;2020-06-21;126
2020-06-20;"Trnavský kraj";0;0;0;0;NA;90336;0;2020-06-20;126
2020-06-19;"Trnavský kraj";0;0;0;0;NA;90336;0;2020-06-19;126
2020-06-18;"Trnavský kraj";2;0;0;0;NA;90336;2;2020-06-18;126
2020-06-17;"Trnavský kraj";0;0;0;0;NA;90336;0;2020-06-17;124
2020-06-16;"Trnavský kraj";0;0;0;0;NA;90336;0;2020-06-16;124
2020-06-14;"Trnavský kraj";0;0;0;0;NA;90336;0;2020-06-14;124
2020-06-13;"Trnavský kraj";0;0;0;0;NA;90336;0;2020-06-13;124
2020-06-12;"Trnavský kraj";0;0;0;0;NA;90336;0;2020-06-12;124
2020-06-11;"Trnavský kraj";0;0;0;0;NA;90336;0;2020-06-11;124
2020-06-10;"Trnavský kraj";0;0;0;0;NA;90336;0;2020-06-10;124
2020-06-09;"Trnavský kraj";0;0;0;0;NA;90336;0;2020-06-09;124
2020-06-08;"Trnavský kraj";0;0;0;0;NA;90336;0;2020-06-08;124
2020-06-07;"Trnavský kraj";0;0;0;0;NA;90336;0;2020-06-07;124
2020-06-05;"Trnavský kraj";0;0;0;0;NA;90336;0;2020-06-05;124
2020-06-03;"Trnavský kraj";0;0;0;0;NA;90336;0;2020-06-03;124
2020-06-02;"Trnavský kraj";0;0;0;0;NA;90336;0;2020-06-02;124
2020-05-31;"Trnavský kraj";0;0;0;0;NA;90336;0;2020-05-31;124
2020-05-29;"Trnavský kraj";0;0;0;0;NA;90336;0;2020-05-29;124
2020-05-27;"Trnavský kraj";0;0;0;0;NA;90336;0;2020-05-27;124
2020-05-26;"Trnavský kraj";0;0;0;0;NA;90336;0;2020-05-26;124
2020-05-25;"Trnavský kraj";1;0;0;0;NA;90336;1;2020-05-25;124
2020-05-24;"Trnavský kraj";0;0;0;0;NA;90336;0;2020-05-24;123
2020-05-23;"Trnavský kraj";2;0;0;0;NA;90336;2;2020-05-23;123
2020-05-22;"Trnavský kraj";0;0;0;0;NA;90336;0;2020-05-22;121
2020-05-21;"Trnavský kraj";0;0;0;0;NA;90336;0;2020-05-21;121
2020-05-20;"Trnavský kraj";2;0;0;0;NA;90336;2;2020-05-20;121
2020-05-19;"Trnavský kraj";0;0;0;0;NA;90336;0;2020-05-19;119
2020-05-17;"Trnavský kraj";0;0;0;0;NA;90336;0;2020-05-17;119
2020-05-16;"Trnavský kraj";0;0;0;0;NA;90336;0;2020-05-16;119
2020-05-15;"Trnavský kraj";1;0;0;0;NA;90336;1;2020-05-15;119
2020-05-14;"Trnavský kraj";0;0;0;0;NA;90336;0;2020-05-14;118
2020-05-13;"Trnavský kraj";0;0;0;0;NA;90336;0;2020-05-13;118
2020-05-12;"Trnavský kraj";0;0;0;0;NA;90336;0;2020-05-12;118
2020-05-11;"Trnavský kraj";2;0;0;0;NA;90336;2;2020-05-11;118
2020-05-09;"Trnavský kraj";0;0;0;0;NA;90336;0;2020-05-09;116
2020-05-07;"Trnavský kraj";0;0;0;0;NA;90336;0;2020-05-07;116
2020-05-06;"Trnavský kraj";0;0;0;0;NA;90336;0;2020-05-06;116
2020-05-05;"Trnavský kraj";0;0;0;0;NA;90336;0;2020-05-05;116
2020-05-04;"Trnavský kraj";0;0;0;0;NA;90336;0;2020-05-04;116
2020-05-03;"Trnavský kraj";0;0;0;0;NA;90336;0;2020-05-03;116
2020-05-02;"Trnavský kraj";0;0;0;0;NA;90336;0;2020-05-02;116
2020-05-01;"Trnavský kraj";0;0;0;0;NA;90336;0;2020-05-01;116
2020-04-30;"Trnavský kraj";0;0;0;0;NA;90336;0;2020-04-30;116
2020-04-29;"Trnavský kraj";0;0;0;0;NA;90336;0;2020-04-29;116
2020-04-28;"Trnavský kraj";1;0;0;0;NA;90336;1;2020-04-28;116
2020-04-27;"Trnavský kraj";0;0;0;0;NA;90336;0;2020-04-27;115
2020-04-26;"Trnavský kraj";0;0;0;0;NA;90336;0;2020-04-26;115
2020-04-25;"Trnavský kraj";2;0;0;0;NA;90336;2;2020-04-25;115
2020-04-24;"Trnavský kraj";4;0;0;0;NA;90336;4;2020-04-24;113
2020-04-23;"Trnavský kraj";5;0;0;0;NA;90336;5;2020-04-23;109
2020-04-22;"Trnavský kraj";10;0;0;0;NA;90336;10;2020-04-22;104
2020-04-21;"Trnavský kraj";5;0;0;0;NA;90336;5;2020-04-21;94
2020-04-20;"Trnavský kraj";0;0;0;0;NA;90336;0;2020-04-20;89
2020-04-19;"Trnavský kraj";1;0;0;0;NA;90336;1;2020-04-19;89
2020-04-18;"Trnavský kraj";4;0;0;0;NA;90336;4;2020-04-18;88
2020-04-17;"Trnavský kraj";7;0;0;0;NA;90336;7;2020-04-17;84
2020-04-16;"Trnavský kraj";5;0;0;0;NA;90336;5;2020-04-16;77
2020-04-15;"Trnavský kraj";5;0;0;0;NA;90336;5;2020-04-15;72
2020-04-14;"Trnavský kraj";1;0;0;0;NA;90336;1;2020-04-14;67
2020-04-13;"Trnavský kraj";0;0;0;0;NA;90336;0;2020-04-13;66
2020-04-12;"Trnavský kraj";0;0;0;0;NA;90336;0;2020-04-12;66
2020-04-11;"Trnavský kraj";0;0;0;0;NA;90336;0;2020-04-11;66
2020-04-10;"Trnavský kraj";2;0;0;0;NA;90336;2;2020-04-10;66
2020-04-09;"Trnavský kraj";3;0;0;0;NA;90336;3;2020-04-09;64
2020-04-08;"Trnavský kraj";4;0;0;0;NA;90336;4;2020-04-08;61
2020-04-07;"Trnavský kraj";6;0;0;0;NA;90336;6;2020-04-07;57
2020-04-06;"Trnavský kraj";6;0;0;0;NA;90336;6;2020-04-06;51
2020-04-05;"Trnavský kraj";1;0;0;0;NA;90336;1;2020-04-05;45
2020-04-04;"Trnavský kraj";1;0;0;0;NA;90336;1;2020-04-04;44
2020-04-03;"Trnavský kraj";3;0;0;0;NA;90336;3;2020-04-03;43
2020-04-02;"Trnavský kraj";4;0;0;0;NA;90336;4;2020-04-02;40
2020-04-01;"Trnavský kraj";0;0;0;0;NA;90336;0;2020-04-01;36
2020-03-31;"Trnavský kraj";3;0;0;0;NA;90336;3;2020-03-31;36
2020-03-30;"Trnavský kraj";4;0;0;0;NA;90336;4;2020-03-30;33
2020-03-29;"Trnavský kraj";1;0;0;0;NA;90336;1;2020-03-29;29
2020-03-28;"Trnavský kraj";3;0;0;0;NA;90336;3;2020-03-28;28
2020-03-27;"Trnavský kraj";5;0;0;0;NA;90336;5;2020-03-27;25
2020-03-26;"Trnavský kraj";5;0;0;0;NA;90336;5;2020-03-26;20
2020-03-25;"Trnavský kraj";1;0;0;0;NA;90336;1;2020-03-25;15
2020-03-24;"Trnavský kraj";0;0;0;0;NA;90336;0;2020-03-24;14
2020-03-23;"Trnavský kraj";2;0;0;0;NA;90336;2;2020-03-23;14
2020-03-22;"Trnavský kraj";1;0;0;0;NA;90336;1;2020-03-22;12
2020-03-21;"Trnavský kraj";5;0;0;0;NA;90336;5;2020-03-21;11
2020-03-20;"Trnavský kraj";0;0;0;0;NA;90336;0;2020-03-20;6
2020-03-19;"Trnavský kraj";0;0;0;0;NA;90336;0;2020-03-19;6
2020-03-18;"Trnavský kraj";0;0;0;0;NA;90336;0;2020-03-18;6
2020-03-17;"Trnavský kraj";3;0;0;0;NA;90336;3;2020-03-17;6
2020-03-16;"Trnavský kraj";1;0;0;0;NA;90336;1;2020-03-16;3
2020-03-15;"Trnavský kraj";0;0;0;0;NA;90336;0;2020-03-15;2
2020-03-14;"Trnavský kraj";0;0;0;0;NA;90336;0;2020-03-14;2
2020-03-13;"Trnavský kraj";1;0;0;0;NA;90336;1;2020-03-13;2
2020-03-12;"Trnavský kraj";1;0;0;0;NA;90336;1;2020-03-12;1
2020-03-11;"Trnavský kraj";0;0;0;0;NA;90336;0;2020-03-11;0
2020-03-09;"Trnavský kraj";0;0;0;0;NA;90336;0;2020-03-09;0
2020-03-08;"Trnavský kraj";0;0;0;0;NA;90336;0;2020-03-08;0
2020-03-07;"Trnavský kraj";0;0;0;0;NA;90336;0;2020-03-07;0
2020-03-06;"Trnavský kraj";0;0;0;0;NA;90336;0;2020-03-06;0
2021-07-25;"Žilinský kraj";2;543;2;545;58024;108758;4;2021-07-25;108758
2021-07-24;"Žilinský kraj";2;1153;1;1154;NA;108758;3;2021-07-24;108754
2021-07-23;"Žilinský kraj";4;1430;0;1430;NA;108758;4;2021-07-23;108751
2021-07-22;"Žilinský kraj";2;1064;0;1064;NA;108758;2;2021-07-22;108747
2021-07-21;"Žilinský kraj";2;997;0;997;NA;108758;2;2021-07-21;108745
2021-07-20;"Žilinský kraj";4;1381;0;1381;NA;108758;4;2021-07-20;108743
2021-07-19;"Žilinský kraj";4;1500;1;1501;NA;108758;5;2021-07-19;108739
2021-07-18;"Žilinský kraj";0;854;1;855;NA;108758;1;2021-07-18;108734
2021-07-17;"Žilinský kraj";0;1343;0;1343;NA;108758;0;2021-07-17;108733
2021-07-16;"Žilinský kraj";2;1733;0;1733;NA;108758;2;2021-07-16;108733
2021-07-15;"Žilinský kraj";2;1577;0;1577;NA;108758;2;2021-07-15;108731
2021-07-14;"Žilinský kraj";5;1042;1;1043;NA;108758;6;2021-07-14;108729
2021-07-13;"Žilinský kraj";3;1533;1;1534;NA;108758;4;2021-07-13;108723
2021-07-12;"Žilinský kraj";3;1240;1;1241;NA;108758;4;2021-07-12;108719
2021-07-11;"Žilinský kraj";2;989;0;989;NA;108758;2;2021-07-11;108715
2021-07-10;"Žilinský kraj";1;1376;2;1378;NA;108758;3;2021-07-10;108713
2021-07-09;"Žilinský kraj";1;2205;1;2206;NA;108758;2;2021-07-09;108710
2021-07-08;"Žilinský kraj";6;1776;3;1779;NA;108758;9;2021-07-08;108708
2021-07-07;"Žilinský kraj";1;1592;3;1595;NA;108758;4;2021-07-07;108699
2021-07-06;"Žilinský kraj";4;1956;0;1956;NA;108758;4;2021-07-06;108695
2021-07-05;"Žilinský kraj";2;911;1;912;NA;108758;3;2021-07-05;108691
2021-07-04;"Žilinský kraj";0;921;0;921;NA;108758;0;2021-07-04;108688
2021-07-03;"Žilinský kraj";1;1607;1;1608;NA;108758;2;2021-07-03;108688
2021-07-02;"Žilinský kraj";0;3428;3;3431;NA;108758;3;2021-07-02;108686
2021-07-01;"Žilinský kraj";1;1118;0;1118;NA;108758;1;2021-07-01;108683
2021-06-30;"Žilinský kraj";1;10382;6;10388;NA;108758;7;2021-06-30;108682
2021-06-29;"Žilinský kraj";10;6006;0;6006;NA;108758;10;2021-06-29;108675
2021-06-28;"Žilinský kraj";4;6185;2;6187;NA;108758;6;2021-06-28;108665
2021-06-27;"Žilinský kraj";3;4702;1;4703;NA;108758;4;2021-06-27;108659
2021-06-26;"Žilinský kraj";4;5919;0;5919;NA;108758;4;2021-06-26;108655
2021-06-25;"Žilinský kraj";8;9651;5;9656;NA;108758;13;2021-06-25;108651
2021-06-24;"Žilinský kraj";6;5657;3;5660;NA;108758;9;2021-06-24;108638
2021-06-23;"Žilinský kraj";7;5955;10;5965;NA;108758;17;2021-06-23;108629
2021-06-22;"Žilinský kraj";6;5228;8;5236;NA;108758;14;2021-06-22;108612
2021-06-21;"Žilinský kraj";6;6269;8;6277;NA;108758;14;2021-06-21;108598
2021-06-20;"Žilinský kraj";1;5531;8;5539;NA;108758;9;2021-06-20;108584
2021-06-19;"Žilinský kraj";9;8353;2;8355;NA;108758;11;2021-06-19;108575
2021-06-18;"Žilinský kraj";11;10624;12;10636;NA;108758;23;2021-06-18;108564
2021-06-17;"Žilinský kraj";10;6086;12;6098;NA;108758;22;2021-06-17;108541
2021-06-16;"Žilinský kraj";17;5786;11;5797;NA;108758;28;2021-06-16;108519
2021-06-15;"Žilinský kraj";13;5994;13;6007;NA;108758;26;2021-06-15;108491
2021-06-14;"Žilinský kraj";10;7554;21;7575;NA;108758;31;2021-06-14;108465
2021-06-13;"Žilinský kraj";2;6682;9;6691;NA;108758;11;2021-06-13;108434
2021-06-12;"Žilinský kraj";9;8634;11;8645;NA;108758;20;2021-06-12;108423
2021-06-11;"Žilinský kraj";11;11556;14;11570;NA;108758;25;2021-06-11;108403
2021-06-10;"Žilinský kraj";14;6788;14;6802;NA;108758;28;2021-06-10;108378
2021-06-09;"Žilinský kraj";23;5928;14;5942;NA;108758;37;2021-06-09;108350
2021-06-08;"Žilinský kraj";18;6615;16;6631;NA;108758;34;2021-06-08;108313
2021-06-07;"Žilinský kraj";25;8529;21;8550;NA;108758;46;2021-06-07;108279
2021-06-06;"Žilinský kraj";10;8056;27;8083;NA;108758;37;2021-06-06;108233
2021-06-05;"Žilinský kraj";8;9175;10;9185;NA;108758;18;2021-06-05;108196
2021-06-04;"Žilinský kraj";19;12215;34;12249;NA;108758;53;2021-06-04;108178
2021-06-03;"Žilinský kraj";12;6933;33;6966;NA;108758;45;2021-06-03;108125
2021-06-02;"Žilinský kraj";17;7090;28;7118;NA;108758;45;2021-06-02;108080
2021-06-01;"Žilinský kraj";38;8252;45;8297;NA;108758;83;2021-06-01;108035
2021-05-31;"Žilinský kraj";31;9614;59;9673;NA;108758;90;2021-05-31;107952
2021-05-30;"Žilinský kraj";21;9025;35;9060;NA;108758;56;2021-05-30;107862
2021-05-29;"Žilinský kraj";13;11195;23;11218;NA;108758;36;2021-05-29;107806
2021-05-28;"Žilinský kraj";28;13277;30;13307;NA;108758;58;2021-05-28;107770
2021-05-27;"Žilinský kraj";17;8267;39;8306;NA;108758;56;2021-05-27;107712
2021-05-26;"Žilinský kraj";20;8329;25;8354;NA;108758;45;2021-05-26;107656
2021-05-25;"Žilinský kraj";21;9614;38;9652;NA;108758;59;2021-05-25;107611
2021-05-24;"Žilinský kraj";36;11437;57;11494;NA;108758;93;2021-05-24;107552
2021-05-23;"Žilinský kraj";4;10922;56;10978;NA;108758;60;2021-05-23;107459
2021-05-22;"Žilinský kraj";21;11893;28;11921;NA;108758;49;2021-05-22;107399
2021-05-21;"Žilinský kraj";28;15654;50;15704;NA;108758;78;2021-05-21;107350
2021-05-20;"Žilinský kraj";30;9540;30;9570;NA;108758;60;2021-05-20;107272
2021-05-19;"Žilinský kraj";46;8693;41;8734;NA;108758;87;2021-05-19;107212
2021-05-18;"Žilinský kraj";52;10609;44;10653;NA;108758;96;2021-05-18;107125
2021-05-17;"Žilinský kraj";51;12676;84;12760;NA;108758;135;2021-05-17;107029
2021-05-16;"Žilinský kraj";13;14114;42;14156;NA;108758;55;2021-05-16;106894
2021-05-15;"Žilinský kraj";30;18404;35;18439;NA;108758;65;2021-05-15;106839
2021-05-14;"Žilinský kraj";34;21205;82;21287;NA;108758;116;2021-05-14;106774
2021-05-13;"Žilinský kraj";64;11865;51;11916;NA;108758;115;2021-05-13;106658
2021-05-12;"Žilinský kraj";57;10337;51;10388;NA;108758;108;2021-05-12;106543
2021-05-11;"Žilinský kraj";70;11824;51;11875;NA;108758;121;2021-05-11;106435
2021-05-10;"Žilinský kraj";69;16172;72;16244;NA;108758;141;2021-05-10;106314
2021-05-09;"Žilinský kraj";58;20385;77;20462;NA;108758;135;2021-05-09;106173
2021-05-08;"Žilinský kraj";0;24133;63;24196;NA;108758;63;2021-05-08;106038
2021-05-07;"Žilinský kraj";65;26522;87;26609;NA;108758;152;2021-05-07;105975
2021-05-06;"Žilinský kraj";67;16605;72;16677;NA;108758;139;2021-05-06;105823
2021-05-05;"Žilinský kraj";71;13096;73;13169;NA;108758;144;2021-05-05;105684
2021-05-04;"Žilinský kraj";81;16749;80;16829;NA;108758;161;2021-05-04;105540
2021-05-03;"Žilinský kraj";97;20391;111;20502;NA;108758;208;2021-05-03;105379
2021-05-02;"Žilinský kraj";8;28886;64;28950;NA;108758;72;2021-05-02;105171
2021-05-01;"Žilinský kraj";65;55053;105;55158;NA;108758;170;2021-05-01;105099
2021-04-30;"Žilinský kraj";84;44000;117;44117;NA;108758;201;2021-04-30;104929
2021-04-29;"Žilinský kraj";77;24566;101;24667;NA;108758;178;2021-04-29;104728
2021-04-28;"Žilinský kraj";76;19214;91;19305;NA;108758;167;2021-04-28;104550
2021-04-27;"Žilinský kraj";97;21795;110;21905;NA;108758;207;2021-04-27;104383
2021-04-26;"Žilinský kraj";114;27412;136;27548;NA;108758;250;2021-04-26;104176
2021-04-25;"Žilinský kraj";38;35750;82;35832;NA;108758;120;2021-04-25;103926
2021-04-24;"Žilinský kraj";93;78854;157;79011;NA;108758;250;2021-04-24;103806
2021-04-23;"Žilinský kraj";144;49440;153;49593;NA;108758;297;2021-04-23;103556
2021-04-22;"Žilinský kraj";110;25222;132;25354;NA;108758;242;2021-04-22;103259
2021-04-21;"Žilinský kraj";118;20616;145;20761;NA;108758;263;2021-04-21;103017
2021-04-20;"Žilinský kraj";128;23873;136;24009;NA;108758;264;2021-04-20;102754
2021-04-19;"Žilinský kraj";164;32773;210;32983;NA;108758;374;2021-04-19;102490
2021-04-18;"Žilinský kraj";18;36767;91;36858;NA;108758;109;2021-04-18;102116
2021-04-17;"Žilinský kraj";108;89377;156;89533;NA;108758;264;2021-04-17;102007
2021-04-16;"Žilinský kraj";185;47843;208;48051;NA;108758;393;2021-04-16;101743
2021-04-15;"Žilinský kraj";108;24825;130;24955;NA;108758;238;2021-04-15;101350
2021-04-14;"Žilinský kraj";135;23145;145;23290;NA;108758;280;2021-04-14;101112
2021-04-13;"Žilinský kraj";171;25050;135;25185;NA;108758;306;2021-04-13;100832
2021-04-12;"Žilinský kraj";266;30794;189;30983;NA;108758;455;2021-04-12;100526
2021-04-11;"Žilinský kraj";19;37126;107;37233;NA;108758;126;2021-04-11;100071
2021-04-10;"Žilinský kraj";111;86284;237;86521;NA;108758;348;2021-04-10;99945
2021-04-09;"Žilinský kraj";195;41972;206;42178;NA;108758;401;2021-04-09;99597
2021-04-08;"Žilinský kraj";179;24404;141;24545;NA;108758;320;2021-04-08;99196
2021-04-07;"Žilinský kraj";309;28651;174;28825;NA;108758;483;2021-04-07;98876
2021-04-06;"Žilinský kraj";308;40107;301;40408;NA;108758;609;2021-04-06;98393
2021-04-05;"Žilinský kraj";17;14747;140;14887;NA;108758;157;2021-04-05;97784
2021-04-04;"Žilinský kraj";17;16284;69;16353;NA;108758;86;2021-04-04;97627
2021-04-03;"Žilinský kraj";180;100699;403;101102;NA;108758;583;2021-04-03;97541
2021-04-02;"Žilinský kraj";73;22411;83;22494;NA;108758;156;2021-04-02;96958
2021-04-01;"Žilinský kraj";334;43264;240;43504;NA;108758;574;2021-04-01;96802
2021-03-31;"Žilinský kraj";170;31632;247;31879;NA;108758;417;2021-03-31;96228
2021-03-30;"Žilinský kraj";406;26323;243;26566;NA;108758;649;2021-03-30;95811
2021-03-29;"Žilinský kraj";297;28024;268;28292;NA;108758;565;2021-03-29;95162
2021-03-28;"Žilinský kraj";21;36206;239;36445;NA;108758;260;2021-03-28;94597
2021-03-27;"Žilinský kraj";151;89107;353;89460;NA;108758;504;2021-03-27;94337
2021-03-26;"Žilinský kraj";312;51757;330;52087;NA;108758;642;2021-03-26;93833
2021-03-25;"Žilinský kraj";281;27619;214;27833;NA;108758;495;2021-03-25;93191
2021-03-24;"Žilinský kraj";280;21268;260;21528;NA;108758;540;2021-03-24;92696
2021-03-23;"Žilinský kraj";418;23193;278;23471;NA;108758;696;2021-03-23;92156
2021-03-22;"Žilinský kraj";293;29289;314;29603;NA;108758;607;2021-03-22;91460
2021-03-21;"Žilinský kraj";32;33705;227;33932;NA;108758;259;2021-03-21;90853
2021-03-20;"Žilinský kraj";165;93015;497;93512;NA;108758;662;2021-03-20;90594
2021-03-19;"Žilinský kraj";357;51988;414;52402;NA;108758;771;2021-03-19;89932
2021-03-18;"Žilinský kraj";329;28455;294;28749;NA;108758;623;2021-03-18;89161
2021-03-17;"Žilinský kraj";395;21919;269;22188;NA;108758;664;2021-03-17;88538
2021-03-16;"Žilinský kraj";514;24341;317;24658;NA;108758;831;2021-03-16;87874
2021-03-15;"Žilinský kraj";341;29613;419;30032;NA;108758;760;2021-03-15;87043
2021-03-14;"Žilinský kraj";87;34121;267;34388;NA;108758;354;2021-03-14;86283
2021-03-13;"Žilinský kraj";113;93386;581;93967;NA;108758;694;2021-03-13;85929
2021-03-12;"Žilinský kraj";520;52329;411;52740;NA;108758;931;2021-03-12;85235
2021-03-11;"Žilinský kraj";399;28189;302;28491;NA;108758;701;2021-03-11;84304
2021-03-10;"Žilinský kraj";368;22414;378;22792;NA;108758;746;2021-03-10;83603
2021-03-09;"Žilinský kraj";537;24857;316;25173;NA;108758;853;2021-03-09;82857
2021-03-08;"Žilinský kraj";387;30873;458;31331;NA;108758;845;2021-03-08;82004
2021-03-07;"Žilinský kraj";48;33469;290;33759;NA;108758;338;2021-03-07;81159
2021-03-06;"Žilinský kraj";173;92410;589;92999;NA;108758;762;2021-03-06;80821
2021-03-05;"Žilinský kraj";369;51987;484;52471;NA;108758;853;2021-03-05;80059
2021-03-04;"Žilinský kraj";467;30037;377;30414;NA;108758;844;2021-03-04;79206
2021-03-03;"Žilinský kraj";448;26261;394;26655;NA;108758;842;2021-03-03;78362
2021-03-02;"Žilinský kraj";551;25913;378;26291;NA;108758;929;2021-03-02;77520
2021-03-01;"Žilinský kraj";375;30498;441;30939;NA;108758;816;2021-03-01;76591
2021-02-28;"Žilinský kraj";61;34802;327;35129;NA;108758;388;2021-02-28;75775
2021-02-27;"Žilinský kraj";159;83781;639;84420;NA;108758;798;2021-02-27;75387
2021-02-26;"Žilinský kraj";459;47500;508;48008;NA;108758;967;2021-02-26;74589
2021-02-25;"Žilinský kraj";347;30879;393;31272;NA;108758;740;2021-02-25;73622
2021-02-24;"Žilinský kraj";339;18760;395;19155;NA;108758;734;2021-02-24;72882
2021-02-23;"Žilinský kraj";437;22172;418;22590;NA;108758;855;2021-02-23;72148
2021-02-22;"Žilinský kraj";345;29270;438;29708;NA;108758;783;2021-02-22;71293
2021-02-21;"Žilinský kraj";36;28686;322;29008;NA;108758;358;2021-02-21;70510
2021-02-20;"Žilinský kraj";152;89944;671;90615;NA;108758;823;2021-02-20;70152
2021-02-19;"Žilinský kraj";337;45541;418;45959;NA;108758;755;2021-02-19;69329
2021-02-18;"Žilinský kraj";263;24662;337;24999;NA;108758;600;2021-02-18;68574
2021-02-17;"Žilinský kraj";269;17932;355;18287;NA;108758;624;2021-02-17;67974
2021-02-16;"Žilinský kraj";321;24298;325;24623;NA;108758;646;2021-02-16;67350
2021-02-15;"Žilinský kraj";230;30420;311;30731;NA;108758;541;2021-02-15;66704
2021-02-14;"Žilinský kraj";30;28574;231;28805;NA;108758;261;2021-02-14;66163
2021-02-13;"Žilinský kraj";91;69638;453;70091;NA;108758;544;2021-02-13;65902
2021-02-12;"Žilinský kraj";242;43338;336;43674;NA;108758;578;2021-02-12;65358
2021-02-11;"Žilinský kraj";228;23521;300;23821;NA;108758;528;2021-02-11;64780
2021-02-10;"Žilinský kraj";259;17894;267;18161;NA;108758;526;2021-02-10;64252
2021-02-09;"Žilinský kraj";377;24784;274;25058;NA;108758;651;2021-02-09;63726
2021-02-08;"Žilinský kraj";160;41375;390;41765;NA;108758;550;2021-02-08;63075
2021-02-07;"Žilinský kraj";24;46446;252;46698;NA;108758;276;2021-02-07;62525
2021-02-06;"Žilinský kraj";71;72880;367;73247;NA;108758;438;2021-02-06;62249
2021-02-05;"Žilinský kraj";248;31869;323;32192;NA;108758;571;2021-02-05;61811
2021-02-04;"Žilinský kraj";238;13240;258;13498;NA;108758;496;2021-02-04;61240
2021-02-03;"Žilinský kraj";194;9186;255;9441;NA;108758;449;2021-02-03;60744
2021-02-02;"Žilinský kraj";216;9280;272;9552;NA;108758;488;2021-02-02;60295
2021-02-01;"Žilinský kraj";220;19690;370;20060;NA;108758;590;2021-02-01;59807
2021-01-31;"Žilinský kraj";11;2652;27;2679;NA;108758;38;2021-01-31;59217
2021-01-30;"Žilinský kraj";85;18447;187;18634;NA;108758;272;2021-01-30;59179
2021-01-29;"Žilinský kraj";209;22891;304;23195;NA;108758;513;2021-01-29;58907
2021-01-28;"Žilinský kraj";240;5533;172;5705;NA;108758;412;2021-01-28;58394
2021-01-27;"Žilinský kraj";256;6725;119;6844;NA;108758;375;2021-01-27;57982
2021-01-26;"Žilinský kraj";245;49781;348;50129;NA;108758;593;2021-01-26;57607
2021-01-25;"Žilinský kraj";159;21245;150;21395;NA;108758;309;2021-01-25;57014
2021-01-24;"Žilinský kraj";22;55835;268;56103;NA;108758;290;2021-01-24;56705
2021-01-23;"Žilinský kraj";91;101730;444;102174;NA;108758;535;2021-01-23;56415
2021-01-22;"Žilinský kraj";163;32160;237;32397;NA;108758;400;2021-01-22;55880
2021-01-21;"Žilinský kraj";116;19828;181;20009;NA;108758;297;2021-01-21;55480
2021-01-20;"Žilinský kraj";236;17126;159;17285;NA;108758;395;2021-01-20;55183
2021-01-19;"Žilinský kraj";245;15730;285;16015;NA;108758;530;2021-01-19;54788
2021-01-18;"Žilinský kraj";236;12685;326;13011;NA;108758;562;2021-01-18;54258
2021-01-17;"Žilinský kraj";95;147;8;155;NA;108758;103;2021-01-17;53696
2021-01-16;"Žilinský kraj";14;516;31;547;NA;108758;45;2021-01-16;53593
2021-01-15;"Žilinský kraj";248;7486;209;7695;NA;108758;457;2021-01-15;53548
2021-01-14;"Žilinský kraj";166;5319;239;5558;NA;108758;405;2021-01-14;53091
2021-01-13;"Žilinský kraj";247;11263;557;11820;NA;108758;804;2021-01-13;52686
2021-01-12;"Žilinský kraj";376;8770;413;9183;NA;108758;789;2021-01-12;51882
2021-01-11;"Žilinský kraj";351;10663;519;11182;NA;108758;870;2021-01-11;51093
2021-01-10;"Žilinský kraj";38;229;6;235;NA;108758;44;2021-01-10;50223
2021-01-09;"Žilinský kraj";192;1669;77;1746;NA;108758;269;2021-01-09;50179
2021-01-08;"Žilinský kraj";413;9208;484;9692;NA;108758;897;2021-01-08;49910
2021-01-07;"Žilinský kraj";438;23836;1902;25738;NA;108758;2340;2021-01-07;49013
2021-01-06;"Žilinský kraj";145;1076;67;1143;NA;108758;212;2021-01-06;46673
2021-01-05;"Žilinský kraj";717;10632;847;11479;NA;108758;1564;2021-01-05;46461
2021-01-04;"Žilinský kraj";479;10145;1039;11184;NA;108758;1518;2021-01-04;44897
2021-01-03;"Žilinský kraj";13;1006;107;1113;NA;108758;120;2021-01-03;43379
2021-01-02;"Žilinský kraj";98;789;91;880;NA;108758;189;2021-01-02;43259
2021-01-01;"Žilinský kraj";118;241;13;254;NA;108758;131;2021-01-01;43070
2020-12-31;"Žilinský kraj";395;10008;809;10817;NA;108758;1204;2020-12-31;42939
2020-12-30;"Žilinský kraj";1038;12030;849;12879;NA;108758;1887;2020-12-30;41735
2020-12-29;"Žilinský kraj";256;10584;1041;11625;NA;108758;1297;2020-12-29;39848
2020-12-28;"Žilinský kraj";406;11177;1048;12225;NA;108758;1454;2020-12-28;38551
2020-12-27;"Žilinský kraj";40;684;94;778;NA;108758;134;2020-12-27;37097
2020-12-26;"Žilinský kraj";135;593;48;641;NA;108758;183;2020-12-26;36963
2020-12-25;"Žilinský kraj";66;83;9;92;NA;108758;75;2020-12-25;36780
2020-12-24;"Žilinský kraj";643;1060;80;1140;NA;108758;723;2020-12-24;36705
2020-12-23;"Žilinský kraj";228;17281;1031;18312;NA;108758;1259;2020-12-23;35982
2020-12-22;"Žilinský kraj";519;13746;1031;14777;NA;108758;1550;2020-12-22;34723
2020-12-21;"Žilinský kraj";444;12608;1096;13704;NA;108758;1540;2020-12-21;33173
2020-12-20;"Žilinský kraj";36;598;80;678;NA;108758;116;2020-12-20;31633
2020-12-19;"Žilinský kraj";208;2076;145;2221;NA;108758;353;2020-12-19;31517
2020-12-18;"Žilinský kraj";333;6925;400;7325;NA;108758;733;2020-12-18;31164
2020-12-17;"Žilinský kraj";500;4243;279;4522;NA;108758;779;2020-12-17;30431
2020-12-16;"Žilinský kraj";333;3999;280;4279;NA;108758;613;2020-12-16;29652
2020-12-15;"Žilinský kraj";528;4139;378;4517;NA;108758;906;2020-12-15;29039
2020-12-14;"Žilinský kraj";321;4300;355;4655;NA;108758;676;2020-12-14;28133
2020-12-13;"Žilinský kraj";26;494;66;560;NA;108758;92;2020-12-13;27457
2020-12-12;"Žilinský kraj";95;1116;61;1177;NA;108758;156;2020-12-12;27365
2020-12-11;"Žilinský kraj";455;4507;269;4776;NA;108758;724;2020-12-11;27209
2020-12-10;"Žilinský kraj";166;9341;838;10179;NA;108758;1004;2020-12-10;26485
2020-12-09;"Žilinský kraj";392;2200;131;2331;NA;108758;523;2020-12-09;25481
2020-12-08;"Žilinský kraj";331;3248;123;3371;NA;108758;454;2020-12-08;24958
2020-12-07;"Žilinský kraj";348;2254;127;2381;NA;108758;475;2020-12-07;24504
2020-12-06;"Žilinský kraj";15;128;6;134;NA;108758;21;2020-12-06;24029
2020-12-05;"Žilinský kraj";98;1500;53;1553;NA;108758;151;2020-12-05;24008
2020-12-04;"Žilinský kraj";228;2891;122;3013;NA;108758;350;2020-12-04;23857
2020-12-03;"Žilinský kraj";237;1424;117;1541;NA;108758;354;2020-12-03;23507
2020-12-02;"Žilinský kraj";181;1396;69;1465;NA;108758;250;2020-12-02;23153
2020-12-01;"Žilinský kraj";209;6239;284;6523;NA;108758;493;2020-12-01;22903
2020-11-30;"Žilinský kraj";203;5326;305;5631;NA;108758;508;2020-11-30;22410
2020-11-29;"Žilinský kraj";18;81;7;88;NA;108758;25;2020-11-29;21902
2020-11-28;"Žilinský kraj";99;349;15;364;NA;108758;114;2020-11-28;21877
2020-11-27;"Žilinský kraj";218;904;46;950;NA;108758;264;2020-11-27;21763
2020-11-26;"Žilinský kraj";190;1041;54;1095;NA;108758;244;2020-11-26;21499
2020-11-25;"Žilinský kraj";225;1217;49;1266;NA;108758;274;2020-11-25;21255
2020-11-24;"Žilinský kraj";213;2139;67;2206;NA;108758;280;2020-11-24;20981
2020-11-23;"Žilinský kraj";170;759;44;803;NA;108758;214;2020-11-23;20701
2020-11-22;"Žilinský kraj";11;67;2;69;NA;108758;13;2020-11-22;20487
2020-11-21;"Žilinský kraj";61;505;20;525;NA;108758;81;2020-11-21;20474
2020-11-20;"Žilinský kraj";251;1074;45;1119;NA;108758;296;2020-11-20;20393
2020-11-19;"Žilinský kraj";252;752;61;813;NA;108758;313;2020-11-19;20097
2020-11-18;"Žilinský kraj";346;348;15;363;NA;108758;361;2020-11-18;19784
2020-11-17;"Žilinský kraj";123;490;15;505;NA;108758;138;2020-11-17;19423
2020-11-16;"Žilinský kraj";227;247;15;262;NA;108758;242;2020-11-16;19285
2020-11-15;"Žilinský kraj";63;13;0;13;NA;108758;63;2020-11-15;19043
2020-11-14;"Žilinský kraj";189;1038;11;1049;NA;108758;200;2020-11-14;18980
2020-11-13;"Žilinský kraj";181;125;9;134;NA;108758;190;2020-11-13;18780
2020-11-12;"Žilinský kraj";334;79;2;81;NA;108758;336;2020-11-12;18590
2020-11-11;"Žilinský kraj";489;147;10;157;NA;108758;499;2020-11-11;18254
2020-11-10;"Žilinský kraj";374;519;9;528;NA;108758;383;2020-11-10;17755
2020-11-09;"Žilinský kraj";143;2335;30;2365;NA;108758;173;2020-11-09;17372
2020-11-08;"Žilinský kraj";59;2538;37;2575;NA;108758;96;2020-11-08;17199
2020-11-07;"Žilinský kraj";312;8175;88;8263;NA;108758;400;2020-11-07;17103
2020-11-06;"Žilinský kraj";503;4090;38;4128;NA;108758;541;2020-11-06;16703
2020-11-05;"Žilinský kraj";473;64;4;68;NA;108758;477;2020-11-05;16162
2020-11-04;"Žilinský kraj";423;178;10;188;NA;108758;433;2020-11-04;15685
2020-11-03;"Žilinský kraj";688;889;16;905;NA;108758;704;2020-11-03;15252
2020-11-02;"Žilinský kraj";472;1043;39;1082;NA;108758;511;2020-11-02;14548
2020-11-01;"Žilinský kraj";349;5096;130;5226;NA;108758;479;2020-11-01;14037
2020-10-31;"Žilinský kraj";661;7963;203;8166;NA;108758;864;2020-10-31;13558
2020-10-30;"Žilinský kraj";529;2575;61;2636;NA;108758;590;2020-10-30;12694
2020-10-29;"Žilinský kraj";740;503;17;520;NA;108758;757;2020-10-29;12104
2020-10-28;"Žilinský kraj";635;105;11;116;NA;108758;646;2020-10-28;11347
2020-10-27;"Žilinský kraj";355;154;24;178;NA;108758;379;2020-10-27;10701
2020-10-26;"Žilinský kraj";148;117;28;145;NA;108758;176;2020-10-26;10322
2020-10-25;"Žilinský kraj";436;0;0;0;NA;108758;436;2020-10-25;10146
2020-10-24;"Žilinský kraj";803;0;0;0;NA;108758;803;2020-10-24;9710
2020-10-23;"Žilinský kraj";659;102;13;115;NA;108758;672;2020-10-23;8907
2020-10-22;"Žilinský kraj";525;33;3;36;NA;108758;528;2020-10-22;8235
2020-10-21;"Žilinský kraj";478;74;14;88;NA;108758;492;2020-10-21;7707
2020-10-20;"Žilinský kraj";524;127;8;135;NA;108758;532;2020-10-20;7215
2020-10-19;"Žilinský kraj";70;80;12;92;NA;108758;82;2020-10-19;6683
2020-10-18;"Žilinský kraj";159;0;0;0;NA;108758;159;2020-10-18;6601
2020-10-17;"Žilinský kraj";509;0;0;0;NA;108758;509;2020-10-17;6442
2020-10-16;"Žilinský kraj";603;51;9;60;NA;108758;612;2020-10-16;5933
2020-10-15;"Žilinský kraj";679;61;3;64;NA;108758;682;2020-10-15;5321
2020-10-14;"Žilinský kraj";523;269;6;275;NA;108758;529;2020-10-14;4639
2020-10-13;"Žilinský kraj";367;458;40;498;NA;108758;407;2020-10-13;4110
2020-10-12;"Žilinský kraj";62;0;0;0;NA;108758;62;2020-10-12;3703
2020-10-11;"Žilinský kraj";50;0;0;0;NA;108758;50;2020-10-11;3641
2020-10-10;"Žilinský kraj";213;0;0;0;NA;108758;213;2020-10-10;3591
2020-10-09;"Žilinský kraj";543;0;0;0;NA;108758;543;2020-10-09;3378
2020-10-08;"Žilinský kraj";238;0;0;0;NA;108758;238;2020-10-08;2835
2020-10-07;"Žilinský kraj";168;0;0;0;NA;108758;168;2020-10-07;2597
2020-10-06;"Žilinský kraj";233;0;0;0;NA;108758;233;2020-10-06;2429
2020-10-05;"Žilinský kraj";33;0;0;0;NA;108758;33;2020-10-05;2196
2020-10-04;"Žilinský kraj";35;0;0;0;NA;108758;35;2020-10-04;2163
2020-10-03;"Žilinský kraj";155;0;0;0;NA;108758;155;2020-10-03;2128
2020-10-02;"Žilinský kraj";105;0;0;0;NA;108758;105;2020-10-02;1973
2020-10-01;"Žilinský kraj";147;0;0;0;NA;108758;147;2020-10-01;1868
2020-09-30;"Žilinský kraj";163;0;0;0;NA;108758;163;2020-09-30;1721
2020-09-29;"Žilinský kraj";105;0;0;0;NA;108758;105;2020-09-29;1558
2020-09-28;"Žilinský kraj";34;0;0;0;NA;108758;34;2020-09-28;1453
2020-09-27;"Žilinský kraj";108;0;0;0;NA;108758;108;2020-09-27;1419
2020-09-26;"Žilinský kraj";96;0;0;0;NA;108758;96;2020-09-26;1311
2020-09-25;"Žilinský kraj";69;0;0;0;NA;108758;69;2020-09-25;1215
2020-09-24;"Žilinský kraj";100;0;0;0;NA;108758;100;2020-09-24;1146
2020-09-23;"Žilinský kraj";65;0;0;0;NA;108758;65;2020-09-23;1046
2020-09-22;"Žilinský kraj";65;0;0;0;NA;108758;65;2020-09-22;981
2020-09-21;"Žilinský kraj";47;0;0;0;NA;108758;47;2020-09-21;916
2020-09-20;"Žilinský kraj";4;0;0;0;NA;108758;4;2020-09-20;869
2020-09-19;"Žilinský kraj";6;0;0;0;NA;108758;6;2020-09-19;865
2020-09-18;"Žilinský kraj";82;0;0;0;NA;108758;82;2020-09-18;859
2020-09-17;"Žilinský kraj";30;0;0;0;NA;108758;30;2020-09-17;777
2020-09-16;"Žilinský kraj";34;0;0;0;NA;108758;34;2020-09-16;747
2020-09-15;"Žilinský kraj";12;0;0;0;NA;108758;12;2020-09-15;713
2020-09-14;"Žilinský kraj";39;0;0;0;NA;108758;39;2020-09-14;701
2020-09-13;"Žilinský kraj";6;0;0;0;NA;108758;6;2020-09-13;662
2020-09-12;"Žilinský kraj";4;0;0;0;NA;108758;4;2020-09-12;656
2020-09-11;"Žilinský kraj";31;0;0;0;NA;108758;31;2020-09-11;652
2020-09-10;"Žilinský kraj";31;0;0;0;NA;108758;31;2020-09-10;621
2020-09-09;"Žilinský kraj";23;0;0;0;NA;108758;23;2020-09-09;590
2020-09-08;"Žilinský kraj";25;0;0;0;NA;108758;25;2020-09-08;567
2020-09-07;"Žilinský kraj";11;0;0;0;NA;108758;11;2020-09-07;542
2020-09-06;"Žilinský kraj";0;0;0;0;NA;108758;0;2020-09-06;531
2020-09-05;"Žilinský kraj";2;0;0;0;NA;108758;2;2020-09-05;531
2020-09-04;"Žilinský kraj";33;0;0;0;NA;108758;33;2020-09-04;529
2020-09-03;"Žilinský kraj";18;0;0;0;NA;108758;18;2020-09-03;496
2020-09-02;"Žilinský kraj";16;0;0;0;NA;108758;16;2020-09-02;478
2020-09-01;"Žilinský kraj";4;0;0;0;NA;108758;4;2020-09-01;462
2020-08-31;"Žilinský kraj";5;0;0;0;NA;108758;5;2020-08-31;458
2020-08-30;"Žilinský kraj";3;0;0;0;NA;108758;3;2020-08-30;453
2020-08-29;"Žilinský kraj";5;0;0;0;NA;108758;5;2020-08-29;450
2020-08-28;"Žilinský kraj";13;0;0;0;NA;108758;13;2020-08-28;445
2020-08-27;"Žilinský kraj";18;0;0;0;NA;108758;18;2020-08-27;432
2020-08-26;"Žilinský kraj";8;0;0;0;NA;108758;8;2020-08-26;414
2020-08-25;"Žilinský kraj";2;0;0;0;NA;108758;2;2020-08-25;406
2020-08-24;"Žilinský kraj";5;0;0;0;NA;108758;5;2020-08-24;404
2020-08-23;"Žilinský kraj";0;0;0;0;NA;108758;0;2020-08-23;399
2020-08-22;"Žilinský kraj";0;0;0;0;NA;108758;0;2020-08-22;399
2020-08-21;"Žilinský kraj";10;0;0;0;NA;108758;10;2020-08-21;399
2020-08-20;"Žilinský kraj";13;0;0;0;NA;108758;13;2020-08-20;389
2020-08-19;"Žilinský kraj";7;0;0;0;NA;108758;7;2020-08-19;376
2020-08-18;"Žilinský kraj";9;0;0;0;NA;108758;9;2020-08-18;369
2020-08-17;"Žilinský kraj";1;0;0;0;NA;108758;1;2020-08-17;360
2020-08-16;"Žilinský kraj";0;0;0;0;NA;108758;0;2020-08-16;359
2020-08-15;"Žilinský kraj";0;0;0;0;NA;108758;0;2020-08-15;359
2020-08-14;"Žilinský kraj";4;0;0;0;NA;108758;4;2020-08-14;359
2020-08-13;"Žilinský kraj";2;0;0;0;NA;108758;2;2020-08-13;355
2020-08-12;"Žilinský kraj";0;0;0;0;NA;108758;0;2020-08-12;353
2020-08-11;"Žilinský kraj";4;0;0;0;NA;108758;4;2020-08-11;353
2020-08-10;"Žilinský kraj";1;0;0;0;NA;108758;1;2020-08-10;349
2020-08-09;"Žilinský kraj";0;0;0;0;NA;108758;0;2020-08-09;348
2020-08-08;"Žilinský kraj";3;0;0;0;NA;108758;3;2020-08-08;348
2020-08-07;"Žilinský kraj";8;0;0;0;NA;108758;8;2020-08-07;345
2020-08-06;"Žilinský kraj";1;0;0;0;NA;108758;1;2020-08-06;337
2020-08-05;"Žilinský kraj";1;0;0;0;NA;108758;1;2020-08-05;336
2020-08-04;"Žilinský kraj";2;0;0;0;NA;108758;2;2020-08-04;335
2020-08-03;"Žilinský kraj";0;0;0;0;NA;108758;0;2020-08-03;333
2020-08-02;"Žilinský kraj";1;0;0;0;NA;108758;1;2020-08-02;333
2020-08-01;"Žilinský kraj";0;0;0;0;NA;108758;0;2020-08-01;332
2020-07-31;"Žilinský kraj";4;0;0;0;NA;108758;4;2020-07-31;332
2020-07-30;"Žilinský kraj";2;0;0;0;NA;108758;2;2020-07-30;328
2020-07-29;"Žilinský kraj";2;0;0;0;NA;108758;2;2020-07-29;326
2020-07-28;"Žilinský kraj";4;0;0;0;NA;108758;4;2020-07-28;324
2020-07-27;"Žilinský kraj";6;0;0;0;NA;108758;6;2020-07-27;320
2020-07-26;"Žilinský kraj";0;0;0;0;NA;108758;0;2020-07-26;314
2020-07-25;"Žilinský kraj";0;0;0;0;NA;108758;0;2020-07-25;314
2020-07-24;"Žilinský kraj";2;0;0;0;NA;108758;2;2020-07-24;314
2020-07-23;"Žilinský kraj";0;0;0;0;NA;108758;0;2020-07-23;312
2020-07-22;"Žilinský kraj";1;0;0;0;NA;108758;1;2020-07-22;312
2020-07-21;"Žilinský kraj";2;0;0;0;NA;108758;2;2020-07-21;311
2020-07-20;"Žilinský kraj";3;0;0;0;NA;108758;3;2020-07-20;309
2020-07-19;"Žilinský kraj";0;0;0;0;NA;108758;0;2020-07-19;306
2020-07-18;"Žilinský kraj";0;0;0;0;NA;108758;0;2020-07-18;306
2020-07-17;"Žilinský kraj";2;0;0;0;NA;108758;2;2020-07-17;306
2020-07-16;"Žilinský kraj";2;0;0;0;NA;108758;2;2020-07-16;304
2020-07-15;"Žilinský kraj";2;0;0;0;NA;108758;2;2020-07-15;302
2020-07-14;"Žilinský kraj";1;0;0;0;NA;108758;1;2020-07-14;300
2020-07-13;"Žilinský kraj";0;0;0;0;NA;108758;0;2020-07-13;299
2020-07-12;"Žilinský kraj";0;0;0;0;NA;108758;0;2020-07-12;299
2020-07-11;"Žilinský kraj";2;0;0;0;NA;108758;2;2020-07-11;299
2020-07-10;"Žilinský kraj";3;0;0;0;NA;108758;3;2020-07-10;297
2020-07-09;"Žilinský kraj";2;0;0;0;NA;108758;2;2020-07-09;294
2020-07-08;"Žilinský kraj";10;0;0;0;NA;108758;10;2020-07-08;292
2020-07-07;"Žilinský kraj";7;0;0;0;NA;108758;7;2020-07-07;282
2020-07-06;"Žilinský kraj";0;0;0;0;NA;108758;0;2020-07-06;275
2020-07-05;"Žilinský kraj";0;0;0;0;NA;108758;0;2020-07-05;275
2020-07-04;"Žilinský kraj";10;0;0;0;NA;108758;10;2020-07-04;275
2020-07-03;"Žilinský kraj";18;0;0;0;NA;108758;18;2020-07-03;265
2020-07-02;"Žilinský kraj";7;0;0;0;NA;108758;7;2020-07-02;247
2020-07-01;"Žilinský kraj";0;0;0;0;NA;108758;0;2020-07-01;240
2020-06-30;"Žilinský kraj";4;0;0;0;NA;108758;4;2020-06-30;240
2020-06-29;"Žilinský kraj";0;0;0;0;NA;108758;0;2020-06-29;236
2020-06-28;"Žilinský kraj";1;0;0;0;NA;108758;1;2020-06-28;236
2020-06-27;"Žilinský kraj";3;0;0;0;NA;108758;3;2020-06-27;235
2020-06-26;"Žilinský kraj";5;0;0;0;NA;108758;5;2020-06-26;232
2020-06-25;"Žilinský kraj";7;0;0;0;NA;108758;7;2020-06-25;227
2020-06-24;"Žilinský kraj";11;0;0;0;NA;108758;11;2020-06-24;220
2020-06-23;"Žilinský kraj";9;0;0;0;NA;108758;9;2020-06-23;209
2020-06-22;"Žilinský kraj";0;0;0;0;NA;108758;0;2020-06-22;200
2020-06-21;"Žilinský kraj";1;0;0;0;NA;108758;1;2020-06-21;200
2020-06-20;"Žilinský kraj";1;0;0;0;NA;108758;1;2020-06-20;199
2020-06-19;"Žilinský kraj";4;0;0;0;NA;108758;4;2020-06-19;198
2020-06-18;"Žilinský kraj";1;0;0;0;NA;108758;1;2020-06-18;194
2020-06-17;"Žilinský kraj";0;0;0;0;NA;108758;0;2020-06-17;193
2020-06-16;"Žilinský kraj";1;0;0;0;NA;108758;1;2020-06-16;193
2020-06-14;"Žilinský kraj";0;0;0;0;NA;108758;0;2020-06-14;192
2020-06-13;"Žilinský kraj";0;0;0;0;NA;108758;0;2020-06-13;192
2020-06-12;"Žilinský kraj";0;0;0;0;NA;108758;0;2020-06-12;192
2020-06-11;"Žilinský kraj";0;0;0;0;NA;108758;0;2020-06-11;192
2020-06-10;"Žilinský kraj";0;0;0;0;NA;108758;0;2020-06-10;192
2020-06-09;"Žilinský kraj";1;0;0;0;NA;108758;1;2020-06-09;192
2020-06-08;"Žilinský kraj";0;0;0;0;NA;108758;0;2020-06-08;191
2020-06-07;"Žilinský kraj";0;0;0;0;NA;108758;0;2020-06-07;191
2020-06-05;"Žilinský kraj";0;0;0;0;NA;108758;0;2020-06-05;191
2020-06-03;"Žilinský kraj";0;0;0;0;NA;108758;0;2020-06-03;191
2020-06-02;"Žilinský kraj";0;0;0;0;NA;108758;0;2020-06-02;191
2020-05-31;"Žilinský kraj";0;0;0;0;NA;108758;0;2020-05-31;191
2020-05-29;"Žilinský kraj";0;0;0;0;NA;108758;0;2020-05-29;191
2020-05-27;"Žilinský kraj";1;0;0;0;NA;108758;1;2020-05-27;191
2020-05-26;"Žilinský kraj";1;0;0;0;NA;108758;1;2020-05-26;190
2020-05-25;"Žilinský kraj";0;0;0;0;NA;108758;0;2020-05-25;189
2020-05-24;"Žilinský kraj";0;0;0;0;NA;108758;0;2020-05-24;189
2020-05-23;"Žilinský kraj";0;0;0;0;NA;108758;0;2020-05-23;189
2020-05-22;"Žilinský kraj";0;0;0;0;NA;108758;0;2020-05-22;189
2020-05-21;"Žilinský kraj";0;0;0;0;NA;108758;0;2020-05-21;189
2020-05-20;"Žilinský kraj";0;0;0;0;NA;108758;0;2020-05-20;189
2020-05-19;"Žilinský kraj";1;0;0;0;NA;108758;1;2020-05-19;189
2020-05-17;"Žilinský kraj";0;0;0;0;NA;108758;0;2020-05-17;188
2020-05-16;"Žilinský kraj";0;0;0;0;NA;108758;0;2020-05-16;188
2020-05-15;"Žilinský kraj";0;0;0;0;NA;108758;0;2020-05-15;188
2020-05-14;"Žilinský kraj";0;0;0;0;NA;108758;0;2020-05-14;188
2020-05-13;"Žilinský kraj";0;0;0;0;NA;108758;0;2020-05-13;188
2020-05-12;"Žilinský kraj";0;0;0;0;NA;108758;0;2020-05-12;188
2020-05-11;"Žilinský kraj";0;0;0;0;NA;108758;0;2020-05-11;188
2020-05-09;"Žilinský kraj";0;0;0;0;NA;108758;0;2020-05-09;188
2020-05-07;"Žilinský kraj";0;0;0;0;NA;108758;0;2020-05-07;188
2020-05-06;"Žilinský kraj";2;0;0;0;NA;108758;2;2020-05-06;188
2020-05-05;"Žilinský kraj";3;0;0;0;NA;108758;3;2020-05-05;186
2020-05-04;"Žilinský kraj";3;0;0;0;NA;108758;3;2020-05-04;183
2020-05-03;"Žilinský kraj";1;0;0;0;NA;108758;1;2020-05-03;180
2020-05-02;"Žilinský kraj";0;0;0;0;NA;108758;0;2020-05-02;179
2020-05-01;"Žilinský kraj";1;0;0;0;NA;108758;1;2020-05-01;179
2020-04-30;"Žilinský kraj";0;0;0;0;NA;108758;0;2020-04-30;178
2020-04-29;"Žilinský kraj";0;0;0;0;NA;108758;0;2020-04-29;178
2020-04-28;"Žilinský kraj";0;0;0;0;NA;108758;0;2020-04-28;178
2020-04-27;"Žilinský kraj";0;0;0;0;NA;108758;0;2020-04-27;178
2020-04-26;"Žilinský kraj";0;0;0;0;NA;108758;0;2020-04-26;178
2020-04-25;"Žilinský kraj";2;0;0;0;NA;108758;2;2020-04-25;178
2020-04-24;"Žilinský kraj";1;0;0;0;NA;108758;1;2020-04-24;176
2020-04-23;"Žilinský kraj";2;0;0;0;NA;108758;2;2020-04-23;175
2020-04-22;"Žilinský kraj";9;0;0;0;NA;108758;9;2020-04-22;173
2020-04-21;"Žilinský kraj";1;0;0;0;NA;108758;1;2020-04-21;164
2020-04-20;"Žilinský kraj";4;0;0;0;NA;108758;4;2020-04-20;163
2020-04-19;"Žilinský kraj";0;0;0;0;NA;108758;0;2020-04-19;159
2020-04-18;"Žilinský kraj";49;0;0;0;NA;108758;49;2020-04-18;159
2020-04-17;"Žilinský kraj";3;0;0;0;NA;108758;3;2020-04-17;110
2020-04-16;"Žilinský kraj";4;0;0;0;NA;108758;4;2020-04-16;107
2020-04-15;"Žilinský kraj";7;0;0;0;NA;108758;7;2020-04-15;103
2020-04-14;"Žilinský kraj";1;0;0;0;NA;108758;1;2020-04-14;96
2020-04-13;"Žilinský kraj";2;0;0;0;NA;108758;2;2020-04-13;95
2020-04-12;"Žilinský kraj";5;0;0;0;NA;108758;5;2020-04-12;93
2020-04-11;"Žilinský kraj";2;0;0;0;NA;108758;2;2020-04-11;88
2020-04-10;"Žilinský kraj";1;0;0;0;NA;108758;1;2020-04-10;86
2020-04-09;"Žilinský kraj";1;0;0;0;NA;108758;1;2020-04-09;85
2020-04-08;"Žilinský kraj";3;0;0;0;NA;108758;3;2020-04-08;84
2020-04-07;"Žilinský kraj";5;0;0;0;NA;108758;5;2020-04-07;81
2020-04-06;"Žilinský kraj";6;0;0;0;NA;108758;6;2020-04-06;76
2020-04-05;"Žilinský kraj";8;0;0;0;NA;108758;8;2020-04-05;70
2020-04-04;"Žilinský kraj";0;0;0;0;NA;108758;0;2020-04-04;62
2020-04-03;"Žilinský kraj";3;0;0;0;NA;108758;3;2020-04-03;62
2020-04-02;"Žilinský kraj";5;0;0;0;NA;108758;5;2020-04-02;59
2020-04-01;"Žilinský kraj";4;0;0;0;NA;108758;4;2020-04-01;54
2020-03-31;"Žilinský kraj";1;0;0;0;NA;108758;1;2020-03-31;50
2020-03-30;"Žilinský kraj";3;0;0;0;NA;108758;3;2020-03-30;49
2020-03-29;"Žilinský kraj";0;0;0;0;NA;108758;0;2020-03-29;46
2020-03-28;"Žilinský kraj";1;0;0;0;NA;108758;1;2020-03-28;46
2020-03-27;"Žilinský kraj";9;0;0;0;NA;108758;9;2020-03-27;45
2020-03-26;"Žilinský kraj";4;0;0;0;NA;108758;4;2020-03-26;36
2020-03-25;"Žilinský kraj";1;0;0;0;NA;108758;1;2020-03-25;32
2020-03-24;"Žilinský kraj";2;0;0;0;NA;108758;2;2020-03-24;31
2020-03-23;"Žilinský kraj";3;0;0;0;NA;108758;3;2020-03-23;29
2020-03-22;"Žilinský kraj";1;0;0;0;NA;108758;1;2020-03-22;26
2020-03-21;"Žilinský kraj";2;0;0;0;NA;108758;2;2020-03-21;25
2020-03-20;"Žilinský kraj";4;0;0;0;NA;108758;4;2020-03-20;23
2020-03-19;"Žilinský kraj";2;0;0;0;NA;108758;2;2020-03-19;19
2020-03-18;"Žilinský kraj";1;0;0;0;NA;108758;1;2020-03-18;17
2020-03-17;"Žilinský kraj";5;0;0;0;NA;108758;5;2020-03-17;16
2020-03-16;"Žilinský kraj";1;0;0;0;NA;108758;1;2020-03-16;11
2020-03-15;"Žilinský kraj";2;0;0;0;NA;108758;2;2020-03-15;10
2020-03-14;"Žilinský kraj";1;0;0;0;NA;108758;1;2020-03-14;8
2020-03-13;"Žilinský kraj";5;0;0;0;NA;108758;5;2020-03-13;7
2020-03-12;"Žilinský kraj";1;0;0;0;NA;108758;1;2020-03-12;2
2020-03-11;"Žilinský kraj";0;0;0;0;NA;108758;0;2020-03-11;1
2020-03-09;"Žilinský kraj";1;0;0;0;NA;108758;1;2020-03-09;1
2020-03-08;"Žilinský kraj";0;0;0;0;NA;108758;0;2020-03-08;0
2020-03-07;"Žilinský kraj";0;0;0;0;NA;108758;0;2020-03-07;0
2020-03-06;"Žilinský kraj";0;0;0;0;NA;108758;0;2020-03-06;0
