"Datum";"Region";"PCR_Pos";"Ag_Neg";"Ag_Pos";"Total";"Pocet.potvrdenych";"Potvrdenych";"newcases";"date";"positive"
2021-08-28;"Banskobystrický kraj";9;787;5;792;0;45843;14;2021-08-28;45843
2021-08-27;"Banskobystrický kraj";7;1558;11;1569;NA;45843;18;2021-08-27;45829
2021-08-26;"Banskobystrický kraj";7;1166;2;1168;NA;45843;9;2021-08-26;45811
2021-08-25;"Banskobystrický kraj";6;1024;1;1025;NA;45843;7;2021-08-25;45802
2021-08-24;"Banskobystrický kraj";12;1117;1;1118;NA;45843;13;2021-08-24;45795
2021-08-23;"Banskobystrický kraj";7;1451;5;1456;NA;45843;12;2021-08-23;45782
2021-08-22;"Banskobystrický kraj";0;651;2;653;NA;45843;2;2021-08-22;45770
2021-08-21;"Banskobystrický kraj";3;793;1;794;NA;45843;4;2021-08-21;45768
2021-08-20;"Banskobystrický kraj";5;1616;4;1620;NA;45843;9;2021-08-20;45764
2021-08-19;"Banskobystrický kraj";4;1092;3;1095;NA;45843;7;2021-08-19;45755
2021-08-18;"Banskobystrický kraj";1;1044;1;1045;NA;45843;2;2021-08-18;45748
2021-08-17;"Banskobystrický kraj";12;890;0;890;NA;45843;12;2021-08-17;45746
2021-08-16;"Banskobystrický kraj";7;1255;3;1258;NA;45843;10;2021-08-16;45734
2021-08-15;"Banskobystrický kraj";0;364;3;367;NA;45843;3;2021-08-15;45724
2021-08-14;"Banskobystrický kraj";6;435;1;436;NA;45843;7;2021-08-14;45721
2021-08-13;"Banskobystrický kraj";11;895;0;895;NA;45843;11;2021-08-13;45714
2021-08-12;"Banskobystrický kraj";10;951;1;952;NA;45843;11;2021-08-12;45703
2021-08-11;"Banskobystrický kraj";7;575;3;578;NA;45843;10;2021-08-11;45692
2021-08-10;"Banskobystrický kraj";7;678;2;680;NA;45843;9;2021-08-10;45682
2021-08-09;"Banskobystrický kraj";9;1063;0;1063;NA;45843;9;2021-08-09;45673
2021-08-08;"Banskobystrický kraj";4;335;1;336;NA;45843;5;2021-08-08;45664
2021-08-07;"Banskobystrický kraj";0;308;4;312;NA;45843;4;2021-08-07;45659
2021-08-06;"Banskobystrický kraj";5;929;2;931;NA;45843;7;2021-08-06;45655
2021-08-05;"Banskobystrický kraj";2;837;1;838;NA;45843;3;2021-08-05;45648
2021-08-04;"Banskobystrický kraj";2;579;1;580;NA;45843;3;2021-08-04;45645
2021-08-03;"Banskobystrický kraj";4;743;0;743;NA;45843;4;2021-08-03;45642
2021-08-02;"Banskobystrický kraj";6;934;0;934;NA;45843;6;2021-08-02;45638
2021-08-01;"Banskobystrický kraj";0;271;0;271;NA;45843;0;2021-08-01;45632
2021-07-31;"Banskobystrický kraj";1;370;4;374;NA;45843;5;2021-07-31;45632
2021-07-30;"Banskobystrický kraj";27;826;2;828;NA;45843;29;2021-07-30;45627
2021-07-29;"Banskobystrický kraj";2;890;1;891;NA;45843;3;2021-07-29;45598
2021-07-28;"Banskobystrický kraj";4;520;1;521;NA;45843;5;2021-07-28;45595
2021-07-27;"Banskobystrický kraj";15;1092;0;1092;NA;45843;15;2021-07-27;45590
2021-07-26;"Banskobystrický kraj";2;911;1;912;NA;45843;3;2021-07-26;45575
2021-07-25;"Banskobystrický kraj";0;367;1;368;NA;45843;1;2021-07-25;45572
2021-07-24;"Banskobystrický kraj";2;298;0;298;NA;45843;2;2021-07-24;45571
2021-07-23;"Banskobystrický kraj";7;840;0;840;NA;45843;7;2021-07-23;45569
2021-07-22;"Banskobystrický kraj";5;727;3;730;NA;45843;8;2021-07-22;45562
2021-07-21;"Banskobystrický kraj";2;560;0;560;NA;45843;2;2021-07-21;45554
2021-07-20;"Banskobystrický kraj";6;675;2;677;NA;45843;8;2021-07-20;45552
2021-07-19;"Banskobystrický kraj";1;854;3;857;NA;45843;4;2021-07-19;45544
2021-07-18;"Banskobystrický kraj";0;377;1;378;NA;45843;1;2021-07-18;45540
2021-07-17;"Banskobystrický kraj";1;324;0;324;NA;45843;1;2021-07-17;45539
2021-07-16;"Banskobystrický kraj";3;974;1;975;NA;45843;4;2021-07-16;45538
2021-07-15;"Banskobystrický kraj";1;1038;0;1038;NA;45843;1;2021-07-15;45534
2021-07-14;"Banskobystrický kraj";3;765;0;765;NA;45843;3;2021-07-14;45533
2021-07-13;"Banskobystrický kraj";2;694;0;694;NA;45843;2;2021-07-13;45530
2021-07-12;"Banskobystrický kraj";1;1057;0;1057;NA;45843;1;2021-07-12;45528
2021-07-11;"Banskobystrický kraj";0;446;0;446;NA;45843;0;2021-07-11;45527
2021-07-10;"Banskobystrický kraj";2;368;0;368;NA;45843;2;2021-07-10;45527
2021-07-09;"Banskobystrický kraj";3;1209;0;1209;NA;45843;3;2021-07-09;45525
2021-07-08;"Banskobystrický kraj";0;1083;1;1084;NA;45843;1;2021-07-08;45522
2021-07-07;"Banskobystrický kraj";1;798;0;798;NA;45843;1;2021-07-07;45521
2021-07-06;"Banskobystrický kraj";6;1365;0;1365;NA;45843;6;2021-07-06;45520
2021-07-05;"Banskobystrický kraj";2;392;1;393;NA;45843;3;2021-07-05;45514
2021-07-04;"Banskobystrický kraj";0;318;0;318;NA;45843;0;2021-07-04;45511
2021-07-03;"Banskobystrický kraj";1;413;1;414;NA;45843;2;2021-07-03;45511
2021-07-02;"Banskobystrický kraj";3;1045;0;1045;NA;45843;3;2021-07-02;45509
2021-07-01;"Banskobystrický kraj";0;705;1;706;NA;45843;1;2021-07-01;45506
2021-06-30;"Banskobystrický kraj";3;7444;1;7445;NA;45843;4;2021-06-30;45505
2021-06-29;"Banskobystrický kraj";2;4642;1;4643;NA;45843;3;2021-06-29;45501
2021-06-28;"Banskobystrický kraj";3;5695;1;5696;NA;45843;4;2021-06-28;45498
2021-06-27;"Banskobystrický kraj";0;4369;5;4374;NA;45843;5;2021-06-27;45494
2021-06-26;"Banskobystrický kraj";0;4289;4;4293;NA;45843;4;2021-06-26;45489
2021-06-25;"Banskobystrický kraj";2;6717;2;6719;NA;45843;4;2021-06-25;45485
2021-06-24;"Banskobystrický kraj";6;4575;2;4577;NA;45843;8;2021-06-24;45481
2021-06-23;"Banskobystrický kraj";4;4947;0;4947;NA;45843;4;2021-06-23;45473
2021-06-22;"Banskobystrický kraj";7;4527;0;4527;NA;45843;7;2021-06-22;45469
2021-06-21;"Banskobystrický kraj";6;5835;8;5843;NA;45843;14;2021-06-21;45462
2021-06-20;"Banskobystrický kraj";0;5055;7;5062;NA;45843;7;2021-06-20;45448
2021-06-19;"Banskobystrický kraj";0;5639;4;5643;NA;45843;4;2021-06-19;45441
2021-06-18;"Banskobystrický kraj";4;7642;1;7643;NA;45843;5;2021-06-18;45437
2021-06-17;"Banskobystrický kraj";2;5245;3;5248;NA;45843;5;2021-06-17;45432
2021-06-16;"Banskobystrický kraj";10;5951;5;5956;NA;45843;15;2021-06-16;45427
2021-06-15;"Banskobystrický kraj";9;5576;6;5582;NA;45843;15;2021-06-15;45412
2021-06-14;"Banskobystrický kraj";8;6922;7;6929;NA;45843;15;2021-06-14;45397
2021-06-13;"Banskobystrický kraj";0;6405;7;6412;NA;45843;7;2021-06-13;45382
2021-06-12;"Banskobystrický kraj";3;6338;6;6344;NA;45843;9;2021-06-12;45375
2021-06-11;"Banskobystrický kraj";5;9693;15;9708;NA;45843;20;2021-06-11;45366
2021-06-10;"Banskobystrický kraj";10;5726;8;5734;NA;45843;18;2021-06-10;45346
2021-06-09;"Banskobystrický kraj";9;5720;4;5724;NA;45843;13;2021-06-09;45328
2021-06-08;"Banskobystrický kraj";15;5645;10;5655;NA;45843;25;2021-06-08;45315
2021-06-07;"Banskobystrický kraj";4;7582;21;7603;NA;45843;25;2021-06-07;45290
2021-06-06;"Banskobystrický kraj";1;7497;12;7509;NA;45843;13;2021-06-06;45265
2021-06-05;"Banskobystrický kraj";15;7531;9;7540;NA;45843;24;2021-06-05;45252
2021-06-04;"Banskobystrický kraj";2;9297;14;9311;NA;45843;16;2021-06-04;45228
2021-06-03;"Banskobystrický kraj";8;6497;24;6521;NA;45843;32;2021-06-03;45212
2021-06-02;"Banskobystrický kraj";7;6837;6;6843;NA;45843;13;2021-06-02;45180
2021-06-01;"Banskobystrický kraj";12;7145;14;7159;NA;45843;26;2021-06-01;45167
2021-05-31;"Banskobystrický kraj";4;9546;31;9577;NA;45843;35;2021-05-31;45141
2021-05-30;"Banskobystrický kraj";3;8959;19;8978;NA;45843;22;2021-05-30;45106
2021-05-29;"Banskobystrický kraj";11;9763;18;9781;NA;45843;29;2021-05-29;45084
2021-05-28;"Banskobystrický kraj";13;11905;27;11932;NA;45843;40;2021-05-28;45055
2021-05-27;"Banskobystrický kraj";7;8760;12;8772;NA;45843;19;2021-05-27;45015
2021-05-26;"Banskobystrický kraj";18;7905;17;7922;NA;45843;35;2021-05-26;44996
2021-05-25;"Banskobystrický kraj";27;8949;30;8979;NA;45843;57;2021-05-25;44961
2021-05-24;"Banskobystrický kraj";9;12469;44;12513;NA;45843;53;2021-05-24;44904
2021-05-23;"Banskobystrický kraj";0;9798;27;9825;NA;45843;27;2021-05-23;44851
2021-05-22;"Banskobystrický kraj";20;9608;26;9634;NA;45843;46;2021-05-22;44824
2021-05-21;"Banskobystrický kraj";22;12796;25;12821;NA;45843;47;2021-05-21;44778
2021-05-20;"Banskobystrický kraj";14;8994;25;9019;NA;45843;39;2021-05-20;44731
2021-05-19;"Banskobystrický kraj";42;8608;21;8629;NA;45843;63;2021-05-19;44692
2021-05-18;"Banskobystrický kraj";27;9437;25;9462;NA;45843;52;2021-05-18;44629
2021-05-17;"Banskobystrický kraj";11;13399;33;13432;NA;45843;44;2021-05-17;44577
2021-05-16;"Banskobystrický kraj";15;14072;26;14098;NA;45843;41;2021-05-16;44533
2021-05-15;"Banskobystrický kraj";11;15356;29;15385;NA;45843;40;2021-05-15;44492
2021-05-14;"Banskobystrický kraj";35;18939;45;18984;NA;45843;80;2021-05-14;44452
2021-05-13;"Banskobystrický kraj";37;10605;40;10645;NA;45843;77;2021-05-13;44372
2021-05-12;"Banskobystrický kraj";31;10841;45;10886;NA;45843;76;2021-05-12;44295
2021-05-11;"Banskobystrický kraj";42;11325;48;11373;NA;45843;90;2021-05-11;44219
2021-05-10;"Banskobystrický kraj";28;17621;68;17689;NA;45843;96;2021-05-10;44129
2021-05-09;"Banskobystrický kraj";25;21902;68;21970;NA;45843;93;2021-05-09;44033
2021-05-08;"Banskobystrický kraj";11;14285;26;14311;NA;45843;37;2021-05-08;43940
2021-05-07;"Banskobystrický kraj";41;21806;78;21884;NA;45843;119;2021-05-07;43903
2021-05-06;"Banskobystrický kraj";36;12251;70;12321;NA;45843;106;2021-05-06;43784
2021-05-05;"Banskobystrický kraj";34;12592;63;12655;NA;45843;97;2021-05-05;43678
2021-05-04;"Banskobystrický kraj";83;13888;47;13935;NA;45843;130;2021-05-04;43581
2021-05-03;"Banskobystrický kraj";30;20872;80;20952;NA;45843;110;2021-05-03;43451
2021-05-02;"Banskobystrický kraj";6;33040;60;33100;NA;45843;66;2021-05-02;43341
2021-05-01;"Banskobystrický kraj";54;36900;67;36967;NA;45843;121;2021-05-01;43275
2021-04-30;"Banskobystrický kraj";38;34957;86;35043;NA;45843;124;2021-04-30;43154
2021-04-29;"Banskobystrický kraj";55;16839;68;16907;NA;45843;123;2021-04-29;43030
2021-04-28;"Banskobystrický kraj";66;17959;67;18026;NA;45843;133;2021-04-28;42907
2021-04-27;"Banskobystrický kraj";70;19152;73;19225;NA;45843;143;2021-04-27;42774
2021-04-26;"Banskobystrický kraj";34;28517;101;28618;NA;45843;135;2021-04-26;42631
2021-04-25;"Banskobystrický kraj";14;40601;106;40707;NA;45843;120;2021-04-25;42496
2021-04-24;"Banskobystrický kraj";40;51944;98;52042;NA;45843;138;2021-04-24;42376
2021-04-23;"Banskobystrický kraj";78;37920;88;38008;NA;45843;166;2021-04-23;42238
2021-04-22;"Banskobystrický kraj";51;17412;57;17469;NA;45843;108;2021-04-22;42072
2021-04-21;"Banskobystrický kraj";76;19208;94;19302;NA;45843;170;2021-04-21;41964
2021-04-20;"Banskobystrický kraj";116;21233;98;21331;NA;45843;214;2021-04-20;41794
2021-04-19;"Banskobystrický kraj";48;31407;105;31512;NA;45843;153;2021-04-19;41580
2021-04-18;"Banskobystrický kraj";16;43375;90;43465;NA;45843;106;2021-04-18;41427
2021-04-17;"Banskobystrický kraj";42;64939;92;65031;NA;45843;134;2021-04-17;41321
2021-04-16;"Banskobystrický kraj";72;37307;100;37407;NA;45843;172;2021-04-16;41187
2021-04-15;"Banskobystrický kraj";67;20115;83;20198;NA;45843;150;2021-04-15;41015
2021-04-14;"Banskobystrický kraj";69;21260;86;21346;NA;45843;155;2021-04-14;40865
2021-04-13;"Banskobystrický kraj";130;23076;77;23153;NA;45843;207;2021-04-13;40710
2021-04-12;"Banskobystrický kraj";60;32272;130;32402;NA;45843;190;2021-04-12;40503
2021-04-11;"Banskobystrický kraj";0;41367;88;41455;NA;45843;88;2021-04-11;40313
2021-04-10;"Banskobystrický kraj";56;64728;141;64869;NA;45843;197;2021-04-10;40225
2021-04-09;"Banskobystrický kraj";106;31570;118;31688;NA;45843;224;2021-04-09;40028
2021-04-08;"Banskobystrický kraj";132;18989;148;19137;NA;45843;280;2021-04-08;39804
2021-04-07;"Banskobystrický kraj";226;25118;94;25212;NA;45843;320;2021-04-07;39524
2021-04-06;"Banskobystrický kraj";93;42486;187;42673;NA;45843;280;2021-04-06;39204
2021-04-05;"Banskobystrický kraj";15;11797;87;11884;NA;45843;102;2021-04-05;38924
2021-04-04;"Banskobystrický kraj";24;19683;79;19762;NA;45843;103;2021-04-04;38822
2021-04-03;"Banskobystrický kraj";5;72553;211;72764;NA;45843;216;2021-04-03;38719
2021-04-02;"Banskobystrický kraj";71;13455;66;13521;NA;45843;137;2021-04-02;38503
2021-04-01;"Banskobystrický kraj";171;39406;200;39606;NA;45843;371;2021-04-01;38366
2021-03-31;"Banskobystrický kraj";147;25543;161;25704;NA;45843;308;2021-03-31;37995
2021-03-30;"Banskobystrický kraj";167;21442;159;21601;NA;45843;326;2021-03-30;37687
2021-03-29;"Banskobystrický kraj";119;29491;218;29709;NA;45843;337;2021-03-29;37361
2021-03-28;"Banskobystrický kraj";25;40610;189;40799;NA;45843;214;2021-03-28;37024
2021-03-27;"Banskobystrický kraj";85;63414;260;63674;NA;45843;345;2021-03-27;36810
2021-03-26;"Banskobystrický kraj";122;43661;240;43901;NA;45843;362;2021-03-26;36465
2021-03-25;"Banskobystrický kraj";120;21589;240;21829;NA;45843;360;2021-03-25;36103
2021-03-24;"Banskobystrický kraj";200;19336;227;19563;NA;45843;427;2021-03-24;35743
2021-03-23;"Banskobystrický kraj";241;21540;257;21797;NA;45843;498;2021-03-23;35316
2021-03-22;"Banskobystrický kraj";65;30480;274;30754;NA;45843;339;2021-03-22;34818
2021-03-21;"Banskobystrický kraj";31;40039;280;40319;NA;45843;311;2021-03-21;34479
2021-03-20;"Banskobystrický kraj";119;67926;383;68309;NA;45843;502;2021-03-20;34168
2021-03-19;"Banskobystrický kraj";240;44036;306;44342;NA;45843;546;2021-03-19;33666
2021-03-18;"Banskobystrický kraj";160;22467;273;22740;NA;45843;433;2021-03-18;33120
2021-03-17;"Banskobystrický kraj";262;21573;245;21818;NA;45843;507;2021-03-17;32687
2021-03-16;"Banskobystrický kraj";340;23349;224;23573;NA;45843;564;2021-03-16;32180
2021-03-15;"Banskobystrický kraj";95;32306;366;32672;NA;45843;461;2021-03-15;31616
2021-03-14;"Banskobystrický kraj";39;39212;218;39430;NA;45843;257;2021-03-14;31155
2021-03-13;"Banskobystrický kraj";209;67463;395;67858;NA;45843;604;2021-03-13;30898
2021-03-12;"Banskobystrický kraj";206;41442;330;41772;NA;45843;536;2021-03-12;30294
2021-03-11;"Banskobystrický kraj";228;21337;274;21611;NA;45843;502;2021-03-11;29758
2021-03-10;"Banskobystrický kraj";260;20399;238;20637;NA;45843;498;2021-03-10;29256
2021-03-09;"Banskobystrický kraj";352;21790;284;22074;NA;45843;636;2021-03-09;28758
2021-03-08;"Banskobystrický kraj";191;31468;427;31895;NA;45843;618;2021-03-08;28122
2021-03-07;"Banskobystrický kraj";60;39191;295;39486;NA;45843;355;2021-03-07;27504
2021-03-06;"Banskobystrický kraj";164;70895;410;71305;NA;45843;574;2021-03-06;27149
2021-03-05;"Banskobystrický kraj";221;42336;389;42725;NA;45843;610;2021-03-05;26575
2021-03-04;"Banskobystrický kraj";226;22007;334;22341;NA;45843;560;2021-03-04;25965
2021-03-03;"Banskobystrický kraj";317;21949;331;22280;NA;45843;648;2021-03-03;25405
2021-03-02;"Banskobystrický kraj";291;23160;354;23514;NA;45843;645;2021-03-02;24757
2021-03-01;"Banskobystrický kraj";151;31773;434;32207;NA;45843;585;2021-03-01;24112
2021-02-28;"Banskobystrický kraj";45;38663;336;38999;NA;45843;381;2021-02-28;23527
2021-02-27;"Banskobystrický kraj";289;66667;529;67196;NA;45843;818;2021-02-27;23146
2021-02-26;"Banskobystrický kraj";326;39670;468;40138;NA;45843;794;2021-02-26;22328
2021-02-25;"Banskobystrický kraj";375;18081;366;18447;NA;45843;741;2021-02-25;21534
2021-02-24;"Banskobystrický kraj";332;16735;373;17108;NA;45843;705;2021-02-24;20793
2021-02-23;"Banskobystrický kraj";462;19932;439;20371;NA;45843;901;2021-02-23;20088
2021-02-22;"Banskobystrický kraj";67;28643;598;29241;NA;45843;665;2021-02-22;19187
2021-02-21;"Banskobystrický kraj";68;37619;444;38063;NA;45843;512;2021-02-21;18522
2021-02-20;"Banskobystrický kraj";280;68851;598;69449;NA;45843;878;2021-02-20;18010
2021-02-19;"Banskobystrický kraj";420;39888;511;40399;NA;45843;931;2021-02-19;17132
2021-02-18;"Banskobystrický kraj";241;18618;396;19014;NA;45843;637;2021-02-18;16201
2021-02-17;"Banskobystrický kraj";415;16740;389;17129;NA;45843;804;2021-02-17;15564
2021-02-16;"Banskobystrický kraj";338;19731;368;20099;NA;45843;706;2021-02-16;14760
2021-02-15;"Banskobystrický kraj";118;35835;591;36426;NA;45843;709;2021-02-15;14054
2021-02-14;"Banskobystrický kraj";60;31894;386;32280;NA;45843;446;2021-02-14;13345
2021-02-13;"Banskobystrický kraj";202;53889;492;54381;NA;45843;694;2021-02-13;12899
2021-02-12;"Banskobystrický kraj";312;37270;533;37803;NA;45843;845;2021-02-12;12205
2021-02-11;"Banskobystrický kraj";305;21200;386;21586;NA;45843;691;2021-02-11;11360
2021-02-10;"Banskobystrický kraj";333;14790;344;15134;NA;45843;677;2021-02-10;10669
2021-02-09;"Banskobystrický kraj";329;18504;362;18866;NA;45843;691;2021-02-09;9992
2021-02-08;"Banskobystrický kraj";103;49716;695;50411;NA;45843;798;2021-02-08;9301
2021-02-07;"Banskobystrický kraj";70;37659;335;37994;NA;45843;405;2021-02-07;8503
2021-02-06;"Banskobystrický kraj";178;69388;570;69958;NA;45843;748;2021-02-06;8098
2021-02-05;"Banskobystrický kraj";282;24577;363;24940;NA;45843;645;2021-02-05;7350
2021-02-04;"Banskobystrický kraj";240;14367;430;14797;NA;45843;670;2021-02-04;6705
2021-02-03;"Banskobystrický kraj";350;9459;255;9714;NA;45843;605;2021-02-03;6035
2021-02-02;"Banskobystrický kraj";277;15741;334;16075;NA;45843;611;2021-02-02;5430
2021-02-01;"Banskobystrický kraj";75;24346;489;24835;NA;45843;564;2021-02-01;4819
2021-01-31;"Banskobystrický kraj";34;19983;201;20184;NA;45843;235;2021-01-31;4255
2021-01-30;"Banskobystrický kraj";163;63896;525;64421;NA;45843;688;2021-01-30;4020
2021-01-29;"Banskobystrický kraj";196;17368;274;17642;NA;45843;470;2021-01-29;3332
2021-01-28;"Banskobystrický kraj";218;15613;382;15995;NA;45843;600;2021-01-28;2862
2021-01-27;"Banskobystrický kraj";191;8132;200;8332;NA;45843;391;2021-01-27;2262
2021-01-26;"Banskobystrický kraj";238;19795;283;20078;NA;45843;521;2021-01-26;1871
2021-01-25;"Banskobystrický kraj";82;33666;412;34078;NA;45843;494;2021-01-25;1350
2021-01-24;"Banskobystrický kraj";38;35587;278;35865;NA;45843;316;2021-01-24;856
2021-01-23;"Banskobystrický kraj";142;89058;523;89581;NA;45843;665;2021-01-23;540
2021-01-22;"Banskobystrický kraj";175;25887;355;26242;NA;45843;530;2021-01-22;-125
2021-01-21;"Banskobystrický kraj";194;17063;279;17342;NA;45843;473;2021-01-21;-655
2021-01-20;"Banskobystrický kraj";231;9142;186;9328;NA;45843;417;2021-01-20;-1128
2021-01-19;"Banskobystrický kraj";213;10708;311;11019;NA;45843;524;2021-01-19;-1545
2021-01-18;"Banskobystrický kraj";94;7402;401;7803;NA;45843;495;2021-01-18;-2069
2021-01-17;"Banskobystrický kraj";110;8154;77;8231;NA;45843;187;2021-01-17;-2564
2021-01-16;"Banskobystrický kraj";58;2274;57;2331;NA;45843;115;2021-01-16;-2751
2021-01-15;"Banskobystrický kraj";164;7673;217;7890;NA;45843;381;2021-01-15;-2866
2021-01-14;"Banskobystrický kraj";220;5760;325;6085;NA;45843;545;2021-01-14;-3247
2021-01-13;"Banskobystrický kraj";235;5974;217;6191;NA;45843;452;2021-01-13;-3792
2021-01-12;"Banskobystrický kraj";194;6600;290;6890;NA;45843;484;2021-01-12;-4244
2021-01-11;"Banskobystrický kraj";76;8231;481;8712;NA;45843;557;2021-01-11;-4728
2021-01-10;"Banskobystrický kraj";110;433;4;437;NA;45843;114;2021-01-10;-5285
2021-01-09;"Banskobystrický kraj";297;2378;81;2459;NA;45843;378;2021-01-09;-5399
2021-01-08;"Banskobystrický kraj";435;9807;443;10250;NA;45843;878;2021-01-08;-5777
2021-01-07;"Banskobystrický kraj";127;6322;366;6688;NA;45843;493;2021-01-07;-6655
2021-01-06;"Banskobystrický kraj";305;3374;185;3559;NA;45843;490;2021-01-06;-7148
2021-01-05;"Banskobystrický kraj";372;7349;533;7882;NA;45843;905;2021-01-05;-7638
2021-01-04;"Banskobystrický kraj";130;7083;700;7783;NA;45843;830;2021-01-04;-8543
2021-01-03;"Banskobystrický kraj";199;320;19;339;NA;45843;218;2021-01-03;-9373
2021-01-02;"Banskobystrický kraj";123;702;85;787;NA;45843;208;2021-01-02;-9591
2021-01-01;"Banskobystrický kraj";220;1958;132;2090;NA;45843;352;2021-01-01;-9799
2020-12-31;"Banskobystrický kraj";499;7679;633;8312;NA;45843;1132;2020-12-31;-10151
2020-12-30;"Banskobystrický kraj";593;7407;541;7948;NA;45843;1134;2020-12-30;-11283
2020-12-29;"Banskobystrický kraj";240;7876;660;8536;NA;45843;900;2020-12-29;-12417
2020-12-28;"Banskobystrický kraj";131;6120;720;6840;NA;45843;851;2020-12-28;-13317
2020-12-27;"Banskobystrický kraj";116;541;25;566;NA;45843;141;2020-12-27;-14168
2020-12-26;"Banskobystrický kraj";61;295;35;330;NA;45843;96;2020-12-26;-14309
2020-12-25;"Banskobystrický kraj";65;888;10;898;NA;45843;75;2020-12-25;-14405
2020-12-24;"Banskobystrický kraj";452;3685;135;3820;NA;45843;587;2020-12-24;-14480
2020-12-23;"Banskobystrický kraj";368;9892;473;10365;NA;45843;841;2020-12-23;-15067
2020-12-22;"Banskobystrický kraj";307;8467;619;9086;NA;45843;926;2020-12-22;-15908
2020-12-21;"Banskobystrický kraj";286;4922;455;5377;NA;45843;741;2020-12-21;-16834
2020-12-20;"Banskobystrický kraj";155;249;14;263;NA;45843;169;2020-12-20;-17575
2020-12-19;"Banskobystrický kraj";170;3084;138;3222;NA;45843;308;2020-12-19;-17744
2020-12-18;"Banskobystrický kraj";432;5959;331;6290;NA;45843;763;2020-12-18;-18052
2020-12-17;"Banskobystrický kraj";468;8753;653;9406;NA;45843;1121;2020-12-17;-18815
2020-12-16;"Banskobystrický kraj";379;10184;567;10751;NA;45843;946;2020-12-16;-19936
2020-12-15;"Banskobystrický kraj";336;5281;425;5706;NA;45843;761;2020-12-15;-20882
2020-12-14;"Banskobystrický kraj";148;4012;259;4271;NA;45843;407;2020-12-14;-21643
2020-12-13;"Banskobystrický kraj";122;142;1;143;NA;45843;123;2020-12-13;-22050
2020-12-12;"Banskobystrický kraj";137;2714;138;2852;NA;45843;275;2020-12-12;-22173
2020-12-11;"Banskobystrický kraj";468;6633;362;6995;NA;45843;830;2020-12-11;-22448
2020-12-10;"Banskobystrický kraj";280;5501;369;5870;NA;45843;649;2020-12-10;-23278
2020-12-09;"Banskobystrický kraj";323;3941;205;4146;NA;45843;528;2020-12-09;-23927
2020-12-08;"Banskobystrický kraj";256;3782;272;4054;NA;45843;528;2020-12-08;-24455
2020-12-07;"Banskobystrický kraj";175;2633;177;2810;NA;45843;352;2020-12-07;-24983
2020-12-06;"Banskobystrický kraj";121;507;11;518;NA;45843;132;2020-12-06;-25335
2020-12-05;"Banskobystrický kraj";109;1099;34;1133;NA;45843;143;2020-12-05;-25467
2020-12-04;"Banskobystrický kraj";339;3828;174;4002;NA;45843;513;2020-12-04;-25610
2020-12-03;"Banskobystrický kraj";240;3193;234;3427;NA;45843;474;2020-12-03;-26123
2020-12-02;"Banskobystrický kraj";217;4442;186;4628;NA;45843;403;2020-12-02;-26597
2020-12-01;"Banskobystrický kraj";215;2702;134;2836;NA;45843;349;2020-12-01;-27000
2020-11-30;"Banskobystrický kraj";74;4314;241;4555;NA;45843;315;2020-11-30;-27349
2020-11-29;"Banskobystrický kraj";19;208;7;215;NA;45843;26;2020-11-29;-27664
2020-11-28;"Banskobystrický kraj";81;1408;55;1463;NA;45843;136;2020-11-28;-27690
2020-11-27;"Banskobystrický kraj";219;2266;123;2389;NA;45843;342;2020-11-27;-27826
2020-11-26;"Banskobystrický kraj";208;2124;93;2217;NA;45843;301;2020-11-26;-28168
2020-11-25;"Banskobystrický kraj";170;1952;86;2038;NA;45843;256;2020-11-25;-28469
2020-11-24;"Banskobystrický kraj";166;2566;69;2635;NA;45843;235;2020-11-24;-28725
2020-11-23;"Banskobystrický kraj";66;10147;193;10340;NA;45843;259;2020-11-23;-28960
2020-11-22;"Banskobystrický kraj";38;104;1;105;NA;45843;39;2020-11-22;-29219
2020-11-21;"Banskobystrický kraj";52;904;14;918;NA;45843;66;2020-11-21;-29258
2020-11-20;"Banskobystrický kraj";127;2005;107;2112;NA;45843;234;2020-11-20;-29324
2020-11-19;"Banskobystrický kraj";170;1218;82;1300;NA;45843;252;2020-11-19;-29558
2020-11-18;"Banskobystrický kraj";153;698;65;763;NA;45843;218;2020-11-18;-29810
2020-11-17;"Banskobystrický kraj";52;578;35;613;NA;45843;87;2020-11-17;-30028
2020-11-16;"Banskobystrický kraj";106;470;25;495;NA;45843;131;2020-11-16;-30115
2020-11-15;"Banskobystrický kraj";52;301;4;305;NA;45843;56;2020-11-15;-30246
2020-11-14;"Banskobystrický kraj";73;305;2;307;NA;45843;75;2020-11-14;-30302
2020-11-13;"Banskobystrický kraj";157;552;11;563;NA;45843;168;2020-11-13;-30377
2020-11-12;"Banskobystrický kraj";218;952;44;996;NA;45843;262;2020-11-12;-30545
2020-11-11;"Banskobystrický kraj";224;437;9;446;NA;45843;233;2020-11-11;-30807
2020-11-10;"Banskobystrický kraj";263;463;18;481;NA;45843;281;2020-11-10;-31040
2020-11-09;"Banskobystrický kraj";80;2678;31;2709;NA;45843;111;2020-11-09;-31321
2020-11-08;"Banskobystrický kraj";82;981;16;997;NA;45843;98;2020-11-08;-31432
2020-11-07;"Banskobystrický kraj";164;8828;94;8922;NA;45843;258;2020-11-07;-31530
2020-11-06;"Banskobystrický kraj";227;2496;16;2512;NA;45843;243;2020-11-06;-31788
2020-11-05;"Banskobystrický kraj";240;290;33;323;NA;45843;273;2020-11-05;-32031
2020-11-04;"Banskobystrický kraj";254;1366;13;1379;NA;45843;267;2020-11-04;-32304
2020-11-03;"Banskobystrický kraj";246;1332;4;1336;NA;45843;250;2020-11-03;-32571
2020-11-02;"Banskobystrický kraj";90;2909;65;2974;NA;45843;155;2020-11-02;-32821
2020-11-01;"Banskobystrický kraj";101;2671;42;2713;NA;45843;143;2020-11-01;-32976
2020-10-31;"Banskobystrický kraj";199;13516;116;13632;NA;45843;315;2020-10-31;-33119
2020-10-30;"Banskobystrický kraj";254;2829;20;2849;NA;45843;274;2020-10-30;-33434
2020-10-29;"Banskobystrický kraj";372;969;42;1011;NA;45843;414;2020-10-29;-33708
2020-10-28;"Banskobystrický kraj";285;302;30;332;NA;45843;315;2020-10-28;-34122
2020-10-27;"Banskobystrický kraj";266;654;40;694;NA;45843;306;2020-10-27;-34437
2020-10-26;"Banskobystrický kraj";38;234;29;263;NA;45843;67;2020-10-26;-34743
2020-10-25;"Banskobystrický kraj";50;140;11;151;NA;45843;61;2020-10-25;-34810
2020-10-24;"Banskobystrický kraj";315;114;12;126;NA;45843;327;2020-10-24;-34871
2020-10-23;"Banskobystrický kraj";231;230;29;259;NA;45843;260;2020-10-23;-35198
2020-10-22;"Banskobystrický kraj";264;253;24;277;NA;45843;288;2020-10-22;-35458
2020-10-21;"Banskobystrický kraj";209;266;3;269;NA;45843;212;2020-10-21;-35746
2020-10-20;"Banskobystrický kraj";210;66;3;69;NA;45843;213;2020-10-20;-35958
2020-10-19;"Banskobystrický kraj";27;73;12;85;NA;45843;39;2020-10-19;-36171
2020-10-18;"Banskobystrický kraj";49;0;0;0;NA;45843;49;2020-10-18;-36210
2020-10-17;"Banskobystrický kraj";91;0;0;0;NA;45843;91;2020-10-17;-36259
2020-10-16;"Banskobystrický kraj";224;37;3;40;NA;45843;227;2020-10-16;-36350
2020-10-15;"Banskobystrický kraj";133;29;1;30;NA;45843;134;2020-10-15;-36577
2020-10-14;"Banskobystrický kraj";139;31;1;32;NA;45843;140;2020-10-14;-36711
2020-10-13;"Banskobystrický kraj";151;169;11;180;NA;45843;162;2020-10-13;-36851
2020-10-12;"Banskobystrický kraj";11;110;4;114;NA;45843;15;2020-10-12;-37013
2020-10-11;"Banskobystrický kraj";14;0;0;0;NA;45843;14;2020-10-11;-37028
2020-10-10;"Banskobystrický kraj";53;0;0;0;NA;45843;53;2020-10-10;-37042
2020-10-09;"Banskobystrický kraj";128;0;0;0;NA;45843;128;2020-10-09;-37095
2020-10-08;"Banskobystrický kraj";99;0;0;0;NA;45843;99;2020-10-08;-37223
2020-10-07;"Banskobystrický kraj";124;0;0;0;NA;45843;124;2020-10-07;-37322
2020-10-06;"Banskobystrický kraj";68;0;0;0;NA;45843;68;2020-10-06;-37446
2020-10-05;"Banskobystrický kraj";49;0;0;0;NA;45843;49;2020-10-05;-37514
2020-10-04;"Banskobystrický kraj";8;0;0;0;NA;45843;8;2020-10-04;-37563
2020-10-03;"Banskobystrický kraj";37;0;0;0;NA;45843;37;2020-10-03;-37571
2020-10-02;"Banskobystrický kraj";74;0;0;0;NA;45843;74;2020-10-02;-37608
2020-10-01;"Banskobystrický kraj";49;0;0;0;NA;45843;49;2020-10-01;-37682
2020-09-30;"Banskobystrický kraj";60;0;0;0;NA;45843;60;2020-09-30;-37731
2020-09-29;"Banskobystrický kraj";24;0;0;0;NA;45843;24;2020-09-29;-37791
2020-09-28;"Banskobystrický kraj";0;0;0;0;NA;45843;0;2020-09-28;-37815
2020-09-27;"Banskobystrický kraj";20;0;0;0;NA;45843;20;2020-09-27;-37815
2020-09-26;"Banskobystrický kraj";24;0;0;0;NA;45843;24;2020-09-26;-37835
2020-09-25;"Banskobystrický kraj";29;0;0;0;NA;45843;29;2020-09-25;-37859
2020-09-24;"Banskobystrický kraj";25;0;0;0;NA;45843;25;2020-09-24;-37888
2020-09-23;"Banskobystrický kraj";17;0;0;0;NA;45843;17;2020-09-23;-37913
2020-09-22;"Banskobystrický kraj";25;0;0;0;NA;45843;25;2020-09-22;-37930
2020-09-21;"Banskobystrický kraj";3;0;0;0;NA;45843;3;2020-09-21;-37955
2020-09-20;"Banskobystrický kraj";0;0;0;0;NA;45843;0;2020-09-20;-37958
2020-09-19;"Banskobystrický kraj";3;0;0;0;NA;45843;3;2020-09-19;-37958
2020-09-18;"Banskobystrický kraj";24;0;0;0;NA;45843;24;2020-09-18;-37961
2020-09-17;"Banskobystrický kraj";14;0;0;0;NA;45843;14;2020-09-17;-37985
2020-09-16;"Banskobystrický kraj";6;0;0;0;NA;45843;6;2020-09-16;-37999
2020-09-15;"Banskobystrický kraj";2;0;0;0;NA;45843;2;2020-09-15;-38005
2020-09-14;"Banskobystrický kraj";13;0;0;0;NA;45843;13;2020-09-14;-38007
2020-09-13;"Banskobystrický kraj";1;0;0;0;NA;45843;1;2020-09-13;-38020
2020-09-12;"Banskobystrický kraj";5;0;0;0;NA;45843;5;2020-09-12;-38021
2020-09-11;"Banskobystrický kraj";19;0;0;0;NA;45843;19;2020-09-11;-38026
2020-09-10;"Banskobystrický kraj";11;0;0;0;NA;45843;11;2020-09-10;-38045
2020-09-09;"Banskobystrický kraj";13;0;0;0;NA;45843;13;2020-09-09;-38056
2020-09-08;"Banskobystrický kraj";5;0;0;0;NA;45843;5;2020-09-08;-38069
2020-09-07;"Banskobystrický kraj";2;0;0;0;NA;45843;2;2020-09-07;-38074
2020-09-06;"Banskobystrický kraj";0;0;0;0;NA;45843;0;2020-09-06;-38076
2020-09-05;"Banskobystrický kraj";0;0;0;0;NA;45843;0;2020-09-05;-38076
2020-09-04;"Banskobystrický kraj";9;0;0;0;NA;45843;9;2020-09-04;-38076
2020-09-03;"Banskobystrický kraj";5;0;0;0;NA;45843;5;2020-09-03;-38085
2020-09-02;"Banskobystrický kraj";6;0;0;0;NA;45843;6;2020-09-02;-38090
2020-09-01;"Banskobystrický kraj";2;0;0;0;NA;45843;2;2020-09-01;-38096
2020-08-31;"Banskobystrický kraj";6;0;0;0;NA;45843;6;2020-08-31;-38098
2020-08-30;"Banskobystrický kraj";0;0;0;0;NA;45843;0;2020-08-30;-38104
2020-08-29;"Banskobystrický kraj";1;0;0;0;NA;45843;1;2020-08-29;-38104
2020-08-28;"Banskobystrický kraj";3;0;0;0;NA;45843;3;2020-08-28;-38105
2020-08-27;"Banskobystrický kraj";1;0;0;0;NA;45843;1;2020-08-27;-38108
2020-08-26;"Banskobystrický kraj";2;0;0;0;NA;45843;2;2020-08-26;-38109
2020-08-25;"Banskobystrický kraj";2;0;0;0;NA;45843;2;2020-08-25;-38111
2020-08-24;"Banskobystrický kraj";0;0;0;0;NA;45843;0;2020-08-24;-38113
2020-08-23;"Banskobystrický kraj";0;0;0;0;NA;45843;0;2020-08-23;-38113
2020-08-22;"Banskobystrický kraj";0;0;0;0;NA;45843;0;2020-08-22;-38113
2020-08-21;"Banskobystrický kraj";4;0;0;0;NA;45843;4;2020-08-21;-38113
2020-08-20;"Banskobystrický kraj";1;0;0;0;NA;45843;1;2020-08-20;-38117
2020-08-19;"Banskobystrický kraj";4;0;0;0;NA;45843;4;2020-08-19;-38118
2020-08-18;"Banskobystrický kraj";0;0;0;0;NA;45843;0;2020-08-18;-38122
2020-08-17;"Banskobystrický kraj";1;0;0;0;NA;45843;1;2020-08-17;-38122
2020-08-16;"Banskobystrický kraj";0;0;0;0;NA;45843;0;2020-08-16;-38123
2020-08-15;"Banskobystrický kraj";0;0;0;0;NA;45843;0;2020-08-15;-38123
2020-08-14;"Banskobystrický kraj";5;0;0;0;NA;45843;5;2020-08-14;-38123
2020-08-13;"Banskobystrický kraj";0;0;0;0;NA;45843;0;2020-08-13;-38128
2020-08-12;"Banskobystrický kraj";0;0;0;0;NA;45843;0;2020-08-12;-38128
2020-08-11;"Banskobystrický kraj";2;0;0;0;NA;45843;2;2020-08-11;-38128
2020-08-10;"Banskobystrický kraj";3;0;0;0;NA;45843;3;2020-08-10;-38130
2020-08-09;"Banskobystrický kraj";0;0;0;0;NA;45843;0;2020-08-09;-38133
2020-08-08;"Banskobystrický kraj";2;0;0;0;NA;45843;2;2020-08-08;-38133
2020-08-07;"Banskobystrický kraj";1;0;0;0;NA;45843;1;2020-08-07;-38135
2020-08-06;"Banskobystrický kraj";1;0;0;0;NA;45843;1;2020-08-06;-38136
2020-08-05;"Banskobystrický kraj";0;0;0;0;NA;45843;0;2020-08-05;-38137
2020-08-04;"Banskobystrický kraj";3;0;0;0;NA;45843;3;2020-08-04;-38137
2020-08-03;"Banskobystrický kraj";0;0;0;0;NA;45843;0;2020-08-03;-38140
2020-08-02;"Banskobystrický kraj";0;0;0;0;NA;45843;0;2020-08-02;-38140
2020-08-01;"Banskobystrický kraj";1;0;0;0;NA;45843;1;2020-08-01;-38140
2020-07-31;"Banskobystrický kraj";2;0;0;0;NA;45843;2;2020-07-31;-38141
2020-07-30;"Banskobystrický kraj";1;0;0;0;NA;45843;1;2020-07-30;-38143
2020-07-29;"Banskobystrický kraj";0;0;0;0;NA;45843;0;2020-07-29;-38144
2020-07-28;"Banskobystrický kraj";2;0;0;0;NA;45843;2;2020-07-28;-38144
2020-07-27;"Banskobystrický kraj";3;0;0;0;NA;45843;3;2020-07-27;-38146
2020-07-26;"Banskobystrický kraj";0;0;0;0;NA;45843;0;2020-07-26;-38149
2020-07-25;"Banskobystrický kraj";0;0;0;0;NA;45843;0;2020-07-25;-38149
2020-07-24;"Banskobystrický kraj";9;0;0;0;NA;45843;9;2020-07-24;-38149
2020-07-23;"Banskobystrický kraj";0;0;0;0;NA;45843;0;2020-07-23;-38158
2020-07-22;"Banskobystrický kraj";3;0;0;0;NA;45843;3;2020-07-22;-38158
2020-07-21;"Banskobystrický kraj";3;0;0;0;NA;45843;3;2020-07-21;-38161
2020-07-20;"Banskobystrický kraj";1;0;0;0;NA;45843;1;2020-07-20;-38164
2020-07-19;"Banskobystrický kraj";1;0;0;0;NA;45843;1;2020-07-19;-38165
2020-07-18;"Banskobystrický kraj";0;0;0;0;NA;45843;0;2020-07-18;-38166
2020-07-17;"Banskobystrický kraj";2;0;0;0;NA;45843;2;2020-07-17;-38166
2020-07-16;"Banskobystrický kraj";1;0;0;0;NA;45843;1;2020-07-16;-38168
2020-07-15;"Banskobystrický kraj";4;0;0;0;NA;45843;4;2020-07-15;-38169
2020-07-14;"Banskobystrický kraj";2;0;0;0;NA;45843;2;2020-07-14;-38173
2020-07-13;"Banskobystrický kraj";1;0;0;0;NA;45843;1;2020-07-13;-38175
2020-07-12;"Banskobystrický kraj";0;0;0;0;NA;45843;0;2020-07-12;-38176
2020-07-11;"Banskobystrický kraj";0;0;0;0;NA;45843;0;2020-07-11;-38176
2020-07-10;"Banskobystrický kraj";3;0;0;0;NA;45843;3;2020-07-10;-38176
2020-07-09;"Banskobystrický kraj";9;0;0;0;NA;45843;9;2020-07-09;-38179
2020-07-08;"Banskobystrický kraj";0;0;0;0;NA;45843;0;2020-07-08;-38188
2020-07-07;"Banskobystrický kraj";4;0;0;0;NA;45843;4;2020-07-07;-38188
2020-07-06;"Banskobystrický kraj";0;0;0;0;NA;45843;0;2020-07-06;-38192
2020-07-05;"Banskobystrický kraj";0;0;0;0;NA;45843;0;2020-07-05;-38192
2020-07-04;"Banskobystrický kraj";1;0;0;0;NA;45843;1;2020-07-04;-38192
2020-07-03;"Banskobystrický kraj";4;0;0;0;NA;45843;4;2020-07-03;-38193
2020-07-02;"Banskobystrický kraj";0;0;0;0;NA;45843;0;2020-07-02;-38197
2020-07-01;"Banskobystrický kraj";1;0;0;0;NA;45843;1;2020-07-01;-38197
2020-06-30;"Banskobystrický kraj";0;12;0;12;NA;45843;0;2020-06-30;-38198
2020-06-29;"Banskobystrický kraj";0;0;0;0;NA;45843;0;2020-06-29;-38198
2020-06-28;"Banskobystrický kraj";0;0;0;0;NA;45843;0;2020-06-28;-38198
2020-06-27;"Banskobystrický kraj";0;0;0;0;NA;45843;0;2020-06-27;-38198
2020-06-26;"Banskobystrický kraj";0;0;0;0;NA;45843;0;2020-06-26;-38198
2020-06-25;"Banskobystrický kraj";1;0;0;0;NA;45843;1;2020-06-25;-38198
2020-06-24;"Banskobystrický kraj";0;0;0;0;NA;45843;0;2020-06-24;-38199
2020-06-23;"Banskobystrický kraj";6;0;0;0;NA;45843;6;2020-06-23;-38199
2020-06-22;"Banskobystrický kraj";0;0;0;0;NA;45843;0;2020-06-22;-38205
2020-06-21;"Banskobystrický kraj";0;0;0;0;NA;45843;0;2020-06-21;-38205
2020-06-20;"Banskobystrický kraj";0;0;0;0;NA;45843;0;2020-06-20;-38205
2020-06-19;"Banskobystrický kraj";2;0;0;0;NA;45843;2;2020-06-19;-38205
2020-06-18;"Banskobystrický kraj";10;0;0;0;NA;45843;10;2020-06-18;-38207
2020-06-17;"Banskobystrický kraj";1;0;0;0;NA;45843;1;2020-06-17;-38217
2020-06-16;"Banskobystrický kraj";0;0;0;0;NA;45843;0;2020-06-16;-38218
2020-06-14;"Banskobystrický kraj";2;0;0;0;NA;45843;2;2020-06-14;-38218
2020-06-13;"Banskobystrický kraj";2;0;0;0;NA;45843;2;2020-06-13;-38220
2020-06-12;"Banskobystrický kraj";0;0;0;0;NA;45843;0;2020-06-12;-38222
2020-06-11;"Banskobystrický kraj";1;0;0;0;NA;45843;1;2020-06-11;-38222
2020-06-10;"Banskobystrický kraj";0;0;0;0;NA;45843;0;2020-06-10;-38223
2020-06-09;"Banskobystrický kraj";0;0;0;0;NA;45843;0;2020-06-09;-38223
2020-06-08;"Banskobystrický kraj";0;0;0;0;NA;45843;0;2020-06-08;-38223
2020-06-07;"Banskobystrický kraj";0;0;0;0;NA;45843;0;2020-06-07;-38223
2020-06-05;"Banskobystrický kraj";2;0;0;0;NA;45843;2;2020-06-05;-38223
2020-06-03;"Banskobystrický kraj";0;0;0;0;NA;45843;0;2020-06-03;-38225
2020-06-02;"Banskobystrický kraj";0;0;0;0;NA;45843;0;2020-06-02;-38225
2020-05-31;"Banskobystrický kraj";0;0;0;0;NA;45843;0;2020-05-31;-38225
2020-05-29;"Banskobystrický kraj";0;0;0;0;NA;45843;0;2020-05-29;-38225
2020-05-27;"Banskobystrický kraj";1;0;0;0;NA;45843;1;2020-05-27;-38225
2020-05-26;"Banskobystrický kraj";0;0;0;0;NA;45843;0;2020-05-26;-38226
2020-05-25;"Banskobystrický kraj";0;0;0;0;NA;45843;0;2020-05-25;-38226
2020-05-24;"Banskobystrický kraj";0;0;0;0;NA;45843;0;2020-05-24;-38226
2020-05-23;"Banskobystrický kraj";1;0;0;0;NA;45843;1;2020-05-23;-38226
2020-05-22;"Banskobystrický kraj";0;0;0;0;NA;45843;0;2020-05-22;-38227
2020-05-21;"Banskobystrický kraj";0;0;0;0;NA;45843;0;2020-05-21;-38227
2020-05-20;"Banskobystrický kraj";1;0;0;0;NA;45843;1;2020-05-20;-38227
2020-05-19;"Banskobystrický kraj";0;0;0;0;NA;45843;0;2020-05-19;-38228
2020-05-17;"Banskobystrický kraj";0;0;0;0;NA;45843;0;2020-05-17;-38228
2020-05-16;"Banskobystrický kraj";0;0;0;0;NA;45843;0;2020-05-16;-38228
2020-05-15;"Banskobystrický kraj";0;0;0;0;NA;45843;0;2020-05-15;-38228
2020-05-14;"Banskobystrický kraj";0;0;0;0;NA;45843;0;2020-05-14;-38228
2020-05-13;"Banskobystrický kraj";0;0;0;0;NA;45843;0;2020-05-13;-38228
2020-05-12;"Banskobystrický kraj";1;0;0;0;NA;45843;1;2020-05-12;-38228
2020-05-11;"Banskobystrický kraj";0;0;0;0;NA;45843;0;2020-05-11;-38229
2020-05-09;"Banskobystrický kraj";0;0;0;0;NA;45843;0;2020-05-09;-38229
2020-05-07;"Banskobystrický kraj";2;0;0;0;NA;45843;2;2020-05-07;-38229
2020-05-06;"Banskobystrický kraj";1;0;0;0;NA;45843;1;2020-05-06;-38231
2020-05-05;"Banskobystrický kraj";2;0;0;0;NA;45843;2;2020-05-05;-38232
2020-05-04;"Banskobystrický kraj";0;0;0;0;NA;45843;0;2020-05-04;-38234
2020-05-03;"Banskobystrický kraj";0;0;0;0;NA;45843;0;2020-05-03;-38234
2020-05-02;"Banskobystrický kraj";0;0;0;0;NA;45843;0;2020-05-02;-38234
2020-05-01;"Banskobystrický kraj";0;0;0;0;NA;45843;0;2020-05-01;-38234
2020-04-30;"Banskobystrický kraj";1;0;0;0;NA;45843;1;2020-04-30;-38234
2020-04-29;"Banskobystrický kraj";1;0;0;0;NA;45843;1;2020-04-29;-38235
2020-04-28;"Banskobystrický kraj";0;0;0;0;NA;45843;0;2020-04-28;-38236
2020-04-27;"Banskobystrický kraj";0;0;0;0;NA;45843;0;2020-04-27;-38236
2020-04-26;"Banskobystrický kraj";0;0;0;0;NA;45843;0;2020-04-26;-38236
2020-04-25;"Banskobystrický kraj";2;0;0;0;NA;45843;2;2020-04-25;-38236
2020-04-24;"Banskobystrický kraj";3;0;0;0;NA;45843;3;2020-04-24;-38238
2020-04-23;"Banskobystrický kraj";2;0;0;0;NA;45843;2;2020-04-23;-38241
2020-04-22;"Banskobystrický kraj";2;0;0;0;NA;45843;2;2020-04-22;-38243
2020-04-21;"Banskobystrický kraj";2;0;0;0;NA;45843;2;2020-04-21;-38245
2020-04-20;"Banskobystrický kraj";0;0;0;0;NA;45843;0;2020-04-20;-38247
2020-04-19;"Banskobystrický kraj";0;0;0;0;NA;45843;0;2020-04-19;-38247
2020-04-18;"Banskobystrický kraj";8;0;0;0;NA;45843;8;2020-04-18;-38247
2020-04-17;"Banskobystrický kraj";2;0;0;0;NA;45843;2;2020-04-17;-38255
2020-04-16;"Banskobystrický kraj";0;0;0;0;NA;45843;0;2020-04-16;-38257
2020-04-15;"Banskobystrický kraj";10;0;0;0;NA;45843;10;2020-04-15;-38257
2020-04-14;"Banskobystrický kraj";0;0;0;0;NA;45843;0;2020-04-14;-38267
2020-04-13;"Banskobystrický kraj";2;0;0;0;NA;45843;2;2020-04-13;-38267
2020-04-12;"Banskobystrický kraj";4;0;0;0;NA;45843;4;2020-04-12;-38269
2020-04-11;"Banskobystrický kraj";1;0;0;0;NA;45843;1;2020-04-11;-38273
2020-04-10;"Banskobystrický kraj";0;0;0;0;NA;45843;0;2020-04-10;-38274
2020-04-09;"Banskobystrický kraj";2;0;0;0;NA;45843;2;2020-04-09;-38274
2020-04-08;"Banskobystrický kraj";0;0;0;0;NA;45843;0;2020-04-08;-38276
2020-04-07;"Banskobystrický kraj";4;0;0;0;NA;45843;4;2020-04-07;-38276
2020-04-06;"Banskobystrický kraj";10;0;0;0;NA;45843;10;2020-04-06;-38280
2020-04-05;"Banskobystrický kraj";9;0;0;0;NA;45843;9;2020-04-05;-38290
2020-04-04;"Banskobystrický kraj";0;0;0;0;NA;45843;0;2020-04-04;-38299
2020-04-03;"Banskobystrický kraj";2;0;0;0;NA;45843;2;2020-04-03;-38299
2020-04-02;"Banskobystrický kraj";2;0;0;0;NA;45843;2;2020-04-02;-38301
2020-04-01;"Banskobystrický kraj";5;0;0;0;NA;45843;5;2020-04-01;-38303
2020-03-31;"Banskobystrický kraj";3;0;0;0;NA;45843;3;2020-03-31;-38308
2020-03-30;"Banskobystrický kraj";1;0;0;0;NA;45843;1;2020-03-30;-38311
2020-03-29;"Banskobystrický kraj";2;0;0;0;NA;45843;2;2020-03-29;-38312
2020-03-28;"Banskobystrický kraj";1;0;0;0;NA;45843;1;2020-03-28;-38314
2020-03-27;"Banskobystrický kraj";1;0;0;0;NA;45843;1;2020-03-27;-38315
2020-03-26;"Banskobystrický kraj";1;0;0;0;NA;45843;1;2020-03-26;-38316
2020-03-25;"Banskobystrický kraj";0;0;0;0;NA;45843;0;2020-03-25;-38317
2020-03-24;"Banskobystrický kraj";1;0;0;0;NA;45843;1;2020-03-24;-38317
2020-03-23;"Banskobystrický kraj";1;0;0;0;NA;45843;1;2020-03-23;-38318
2020-03-22;"Banskobystrický kraj";0;0;0;0;NA;45843;0;2020-03-22;-38319
2020-03-21;"Banskobystrický kraj";3;0;0;0;NA;45843;3;2020-03-21;-38319
2020-03-20;"Banskobystrický kraj";0;0;0;0;NA;45843;0;2020-03-20;-38322
2020-03-19;"Banskobystrický kraj";2;0;0;0;NA;45843;2;2020-03-19;-38322
2020-03-18;"Banskobystrický kraj";1;0;0;0;NA;45843;1;2020-03-18;-38324
2020-03-17;"Banskobystrický kraj";1;0;0;0;NA;45843;1;2020-03-17;-38325
2020-03-16;"Banskobystrický kraj";0;0;0;0;NA;45843;0;2020-03-16;-38326
2020-03-15;"Banskobystrický kraj";1;0;0;0;NA;45843;1;2020-03-15;-38326
2020-03-14;"Banskobystrický kraj";0;0;0;0;NA;45843;0;2020-03-14;-38327
2020-03-13;"Banskobystrický kraj";1;0;0;0;NA;45843;1;2020-03-13;-38327
2020-03-12;"Banskobystrický kraj";0;0;0;0;NA;45843;0;2020-03-12;-38328
2020-03-11;"Banskobystrický kraj";0;0;0;0;NA;45843;0;2020-03-11;-38328
2020-03-09;"Banskobystrický kraj";0;0;0;0;NA;45843;0;2020-03-09;-38328
2020-03-08;"Banskobystrický kraj";0;0;0;0;NA;45843;0;2020-03-08;-38328
2020-03-07;"Banskobystrický kraj";0;0;0;0;NA;45843;0;2020-03-07;-38328
2020-03-06;"Banskobystrický kraj";0;0;0;0;NA;45843;0;2020-03-06;-38328
2021-08-28;"Bratislavský kraj";24;1351;7;1358;0;46989;31;2021-08-28;46989
2021-08-27;"Bratislavský kraj";19;2454;7;2461;NA;46989;26;2021-08-27;46958
2021-08-26;"Bratislavský kraj";15;2148;19;2167;NA;46989;34;2021-08-26;46932
2021-08-25;"Bratislavský kraj";29;1817;10;1827;NA;46989;39;2021-08-25;46898
2021-08-24;"Bratislavský kraj";22;1668;4;1672;NA;46989;26;2021-08-24;46859
2021-08-23;"Bratislavský kraj";21;2182;7;2189;NA;46989;28;2021-08-23;46833
2021-08-22;"Bratislavský kraj";5;1383;8;1391;NA;46989;13;2021-08-22;46805
2021-08-21;"Bratislavský kraj";18;1681;4;1685;NA;46989;22;2021-08-21;46792
2021-08-20;"Bratislavský kraj";27;2743;19;2762;NA;46989;46;2021-08-20;46770
2021-08-19;"Bratislavský kraj";15;2122;9;2131;NA;46989;24;2021-08-19;46724
2021-08-18;"Bratislavský kraj";16;1659;11;1670;NA;46989;27;2021-08-18;46700
2021-08-17;"Bratislavský kraj";18;1523;5;1528;NA;46989;23;2021-08-17;46673
2021-08-16;"Bratislavský kraj";18;2468;12;2480;NA;46989;30;2021-08-16;46650
2021-08-15;"Bratislavský kraj";3;1169;6;1175;NA;46989;9;2021-08-15;46620
2021-08-14;"Bratislavský kraj";11;1519;4;1523;NA;46989;15;2021-08-14;46611
2021-08-13;"Bratislavský kraj";32;2628;7;2635;NA;46989;39;2021-08-13;46596
2021-08-12;"Bratislavský kraj";16;1824;9;1833;NA;46989;25;2021-08-12;46557
2021-08-11;"Bratislavský kraj";22;1621;5;1626;NA;46989;27;2021-08-11;46532
2021-08-10;"Bratislavský kraj";15;1624;7;1631;NA;46989;22;2021-08-10;46505
2021-08-09;"Bratislavský kraj";35;1917;9;1926;NA;46989;44;2021-08-09;46483
2021-08-08;"Bratislavský kraj";3;1152;4;1156;NA;46989;7;2021-08-08;46439
2021-08-07;"Bratislavský kraj";6;1572;9;1581;NA;46989;15;2021-08-07;46432
2021-08-06;"Bratislavský kraj";9;2510;10;2520;NA;46989;19;2021-08-06;46417
2021-08-05;"Bratislavský kraj";10;1651;7;1658;NA;46989;17;2021-08-05;46398
2021-08-04;"Bratislavský kraj";9;1578;0;1578;NA;46989;9;2021-08-04;46381
2021-08-03;"Bratislavský kraj";11;1507;5;1512;NA;46989;16;2021-08-03;46372
2021-08-02;"Bratislavský kraj";15;1749;11;1760;NA;46989;26;2021-08-02;46356
2021-08-01;"Bratislavský kraj";4;1224;8;1232;NA;46989;12;2021-08-01;46330
2021-07-31;"Bratislavský kraj";7;1623;2;1625;NA;46989;9;2021-07-31;46318
2021-07-30;"Bratislavský kraj";15;2361;7;2368;NA;46989;22;2021-07-30;46309
2021-07-29;"Bratislavský kraj";19;1790;7;1797;NA;46989;26;2021-07-29;46287
2021-07-28;"Bratislavský kraj";8;1538;11;1549;NA;46989;19;2021-07-28;46261
2021-07-27;"Bratislavský kraj";9;1476;5;1481;NA;46989;14;2021-07-27;46242
2021-07-26;"Bratislavský kraj";17;1806;7;1813;NA;46989;24;2021-07-26;46228
2021-07-25;"Bratislavský kraj";4;1411;2;1413;NA;46989;6;2021-07-25;46204
2021-07-24;"Bratislavský kraj";9;1732;3;1735;NA;46989;12;2021-07-24;46198
2021-07-23;"Bratislavský kraj";6;2400;3;2403;NA;46989;9;2021-07-23;46186
2021-07-22;"Bratislavský kraj";12;1944;6;1950;NA;46989;18;2021-07-22;46177
2021-07-21;"Bratislavský kraj";5;1860;6;1866;NA;46989;11;2021-07-21;46159
2021-07-20;"Bratislavský kraj";19;1550;1;1551;NA;46989;20;2021-07-20;46148
2021-07-19;"Bratislavský kraj";15;2259;3;2262;NA;46989;18;2021-07-19;46128
2021-07-18;"Bratislavský kraj";2;1462;3;1465;NA;46989;5;2021-07-18;46110
2021-07-17;"Bratislavský kraj";3;1870;2;1872;NA;46989;5;2021-07-17;46105
2021-07-16;"Bratislavský kraj";8;2834;4;2838;NA;46989;12;2021-07-16;46100
2021-07-15;"Bratislavský kraj";5;1674;0;1674;NA;46989;5;2021-07-15;46088
2021-07-14;"Bratislavský kraj";5;1895;3;1898;NA;46989;8;2021-07-14;46083
2021-07-13;"Bratislavský kraj";4;1584;4;1588;NA;46989;8;2021-07-13;46075
2021-07-12;"Bratislavský kraj";6;1780;5;1785;NA;46989;11;2021-07-12;46067
2021-07-11;"Bratislavský kraj";3;1896;3;1899;NA;46989;6;2021-07-11;46056
2021-07-10;"Bratislavský kraj";5;2240;3;2243;NA;46989;8;2021-07-10;46050
2021-07-09;"Bratislavský kraj";13;3538;7;3545;NA;46989;20;2021-07-09;46042
2021-07-08;"Bratislavský kraj";9;2433;4;2437;NA;46989;13;2021-07-08;46022
2021-07-07;"Bratislavský kraj";5;2792;4;2796;NA;46989;9;2021-07-07;46009
2021-07-06;"Bratislavský kraj";19;2771;4;2775;NA;46989;23;2021-07-06;46000
2021-07-05;"Bratislavský kraj";5;2455;5;2460;NA;46989;10;2021-07-05;45977
2021-07-04;"Bratislavský kraj";3;1824;2;1826;NA;46989;5;2021-07-04;45967
2021-07-03;"Bratislavský kraj";8;2205;5;2210;NA;46989;13;2021-07-03;45962
2021-07-02;"Bratislavský kraj";4;2227;4;2231;NA;46989;8;2021-07-02;45949
2021-07-01;"Bratislavský kraj";6;1809;5;1814;NA;46989;11;2021-07-01;45941
2021-06-30;"Bratislavský kraj";2;11548;11;11559;NA;46989;13;2021-06-30;45930
2021-06-29;"Bratislavský kraj";5;6831;7;6838;NA;46989;12;2021-06-29;45917
2021-06-28;"Bratislavský kraj";16;6651;24;6675;NA;46989;40;2021-06-28;45905
2021-06-27;"Bratislavský kraj";4;6689;11;6700;NA;46989;15;2021-06-27;45865
2021-06-26;"Bratislavský kraj";3;8741;6;8747;NA;46989;9;2021-06-26;45850
2021-06-25;"Bratislavský kraj";7;10284;15;10299;NA;46989;22;2021-06-25;45841
2021-06-24;"Bratislavský kraj";3;7384;16;7400;NA;46989;19;2021-06-24;45819
2021-06-23;"Bratislavský kraj";4;7346;12;7358;NA;46989;16;2021-06-23;45800
2021-06-22;"Bratislavský kraj";6;7244;10;7254;NA;46989;16;2021-06-22;45784
2021-06-21;"Bratislavský kraj";5;7641;9;7650;NA;46989;14;2021-06-21;45768
2021-06-20;"Bratislavský kraj";0;7369;5;7374;NA;46989;5;2021-06-20;45754
2021-06-19;"Bratislavský kraj";3;9226;4;9230;NA;46989;7;2021-06-19;45749
2021-06-18;"Bratislavský kraj";5;12763;9;12772;NA;46989;14;2021-06-18;45742
2021-06-17;"Bratislavský kraj";3;8625;13;8638;NA;46989;16;2021-06-17;45728
2021-06-16;"Bratislavský kraj";3;7105;4;7109;NA;46989;7;2021-06-16;45712
2021-06-15;"Bratislavský kraj";7;7309;17;7326;NA;46989;24;2021-06-15;45705
2021-06-14;"Bratislavský kraj";4;8231;9;8240;NA;46989;13;2021-06-14;45681
2021-06-13;"Bratislavský kraj";2;8791;11;8802;NA;46989;13;2021-06-13;45668
2021-06-12;"Bratislavský kraj";4;11152;11;11163;NA;46989;15;2021-06-12;45655
2021-06-11;"Bratislavský kraj";9;13644;21;13665;NA;46989;30;2021-06-11;45640
2021-06-10;"Bratislavský kraj";12;8637;15;8652;NA;46989;27;2021-06-10;45610
2021-06-09;"Bratislavský kraj";12;7596;12;7608;NA;46989;24;2021-06-09;45583
2021-06-08;"Bratislavský kraj";13;7907;29;7936;NA;46989;42;2021-06-08;45559
2021-06-07;"Bratislavský kraj";13;9247;43;9290;NA;46989;56;2021-06-07;45517
2021-06-06;"Bratislavský kraj";3;10350;20;10370;NA;46989;23;2021-06-06;45461
2021-06-05;"Bratislavský kraj";2;12692;15;12707;NA;46989;17;2021-06-05;45438
2021-06-04;"Bratislavský kraj";10;13812;31;13843;NA;46989;41;2021-06-04;45421
2021-06-03;"Bratislavský kraj";12;9615;19;9634;NA;46989;31;2021-06-03;45380
2021-06-02;"Bratislavský kraj";10;8684;17;8701;NA;46989;27;2021-06-02;45349
2021-06-01;"Bratislavský kraj";3;8812;25;8837;NA;46989;28;2021-06-01;45322
2021-05-31;"Bratislavský kraj";18;11248;32;11280;NA;46989;50;2021-05-31;45294
2021-05-30;"Bratislavský kraj";1;11758;17;11775;NA;46989;18;2021-05-30;45244
2021-05-29;"Bratislavský kraj";4;12245;8;12253;NA;46989;12;2021-05-29;45226
2021-05-28;"Bratislavský kraj";14;15865;23;15888;NA;46989;37;2021-05-28;45214
2021-05-27;"Bratislavský kraj";5;11321;18;11339;NA;46989;23;2021-05-27;45177
2021-05-26;"Bratislavský kraj";20;10709;17;10726;NA;46989;37;2021-05-26;45154
2021-05-25;"Bratislavský kraj";19;11864;31;11895;NA;46989;50;2021-05-25;45117
2021-05-24;"Bratislavský kraj";12;12965;23;12988;NA;46989;35;2021-05-24;45067
2021-05-23;"Bratislavský kraj";7;13074;24;13098;NA;46989;31;2021-05-23;45032
2021-05-22;"Bratislavský kraj";6;14044;22;14066;NA;46989;28;2021-05-22;45001
2021-05-21;"Bratislavský kraj";15;18996;22;19018;NA;46989;37;2021-05-21;44973
2021-05-20;"Bratislavský kraj";15;14112;17;14129;NA;46989;32;2021-05-20;44936
2021-05-19;"Bratislavský kraj";21;11958;24;11982;NA;46989;45;2021-05-19;44904
2021-05-18;"Bratislavský kraj";14;13005;33;13038;NA;46989;47;2021-05-18;44859
2021-05-17;"Bratislavský kraj";15;13854;29;13883;NA;46989;44;2021-05-17;44812
2021-05-16;"Bratislavský kraj";12;19797;32;19829;NA;46989;44;2021-05-16;44768
2021-05-15;"Bratislavský kraj";1;18113;30;18143;NA;46989;31;2021-05-15;44724
2021-05-14;"Bratislavský kraj";15;22225;30;22255;NA;46989;45;2021-05-14;44693
2021-05-13;"Bratislavský kraj";9;16211;17;16228;NA;46989;26;2021-05-13;44648
2021-05-12;"Bratislavský kraj";11;14638;28;14666;NA;46989;39;2021-05-12;44622
2021-05-11;"Bratislavský kraj";29;16741;32;16773;NA;46989;61;2021-05-11;44583
2021-05-10;"Bratislavský kraj";27;19991;64;20055;NA;46989;91;2021-05-10;44522
2021-05-09;"Bratislavský kraj";9;29358;32;29390;NA;46989;41;2021-05-09;44431
2021-05-08;"Bratislavský kraj";5;19451;24;19475;NA;46989;29;2021-05-08;44390
2021-05-07;"Bratislavský kraj";32;28211;65;28276;NA;46989;97;2021-05-07;44361
2021-05-06;"Bratislavský kraj";19;20079;52;20131;NA;46989;71;2021-05-06;44264
2021-05-05;"Bratislavský kraj";29;15526;31;15557;NA;46989;60;2021-05-05;44193
2021-05-04;"Bratislavský kraj";46;19143;53;19196;NA;46989;99;2021-05-04;44133
2021-05-03;"Bratislavský kraj";37;22322;64;22386;NA;46989;101;2021-05-03;44034
2021-05-02;"Bratislavský kraj";38;43064;75;43139;NA;46989;113;2021-05-02;43933
2021-05-01;"Bratislavský kraj";11;39905;40;39945;NA;46989;51;2021-05-01;43820
2021-04-30;"Bratislavský kraj";43;47403;82;47485;NA;46989;125;2021-04-30;43769
2021-04-29;"Bratislavský kraj";48;30257;96;30353;NA;46989;144;2021-04-29;43644
2021-04-28;"Bratislavský kraj";40;28905;78;28983;NA;46989;118;2021-04-28;43500
2021-04-27;"Bratislavský kraj";41;30168;52;30220;NA;46989;93;2021-04-27;43382
2021-04-26;"Bratislavský kraj";59;34733;97;34830;NA;46989;156;2021-04-26;43289
2021-04-25;"Bratislavský kraj";8;57615;74;57689;NA;46989;82;2021-04-25;43133
2021-04-24;"Bratislavský kraj";28;74858;66;74924;NA;46989;94;2021-04-24;43051
2021-04-23;"Bratislavský kraj";70;48614;62;48676;NA;46989;132;2021-04-23;42957
2021-04-22;"Bratislavský kraj";39;31037;72;31109;NA;46989;111;2021-04-22;42825
2021-04-21;"Bratislavský kraj";48;30442;62;30504;NA;46989;110;2021-04-21;42714
2021-04-20;"Bratislavský kraj";58;35216;63;35279;NA;46989;121;2021-04-20;42604
2021-04-19;"Bratislavský kraj";48;39500;80;39580;NA;46989;128;2021-04-19;42483
2021-04-18;"Bratislavský kraj";35;62300;76;62376;NA;46989;111;2021-04-18;42355
2021-04-17;"Bratislavský kraj";13;80359;111;80470;NA;46989;124;2021-04-17;42244
2021-04-16;"Bratislavský kraj";62;47296;80;47376;NA;46989;142;2021-04-16;42120
2021-04-15;"Bratislavský kraj";34;32176;74;32250;NA;46989;108;2021-04-15;41978
2021-04-14;"Bratislavský kraj";65;33961;88;34049;NA;46989;153;2021-04-14;41870
2021-04-13;"Bratislavský kraj";82;35512;82;35594;NA;46989;164;2021-04-13;41717
2021-04-12;"Bratislavský kraj";77;42286;115;42401;NA;46989;192;2021-04-12;41553
2021-04-11;"Bratislavský kraj";42;61151;123;61274;NA;46989;165;2021-04-11;41361
2021-04-10;"Bratislavský kraj";14;77874;167;78041;NA;46989;181;2021-04-10;41196
2021-04-09;"Bratislavský kraj";72;41556;97;41653;NA;46989;169;2021-04-09;41015
2021-04-08;"Bratislavský kraj";71;28866;95;28961;NA;46989;166;2021-04-08;40846
2021-04-07;"Bratislavský kraj";96;38061;101;38162;NA;46989;197;2021-04-07;40680
2021-04-06;"Bratislavský kraj";94;56222;179;56401;NA;46989;273;2021-04-06;40483
2021-04-05;"Bratislavský kraj";85;18538;85;18623;NA;46989;170;2021-04-05;40210
2021-04-04;"Bratislavský kraj";37;29225;75;29300;NA;46989;112;2021-04-04;40040
2021-04-03;"Bratislavský kraj";52;79865;220;80085;NA;46989;272;2021-04-03;39928
2021-04-02;"Bratislavský kraj";33;23790;104;23894;NA;46989;137;2021-04-02;39656
2021-04-01;"Bratislavský kraj";119;57388;159;57547;NA;46989;278;2021-04-01;39519
2021-03-31;"Bratislavský kraj";105;46371;177;46548;NA;46989;282;2021-03-31;39241
2021-03-30;"Bratislavský kraj";100;39599;144;39743;NA;46989;244;2021-03-30;38959
2021-03-29;"Bratislavský kraj";153;40364;178;40542;NA;46989;331;2021-03-29;38715
2021-03-28;"Bratislavský kraj";59;53372;137;53509;NA;46989;196;2021-03-28;38384
2021-03-27;"Bratislavský kraj";53;79834;240;80074;NA;46989;293;2021-03-27;38188
2021-03-26;"Bratislavský kraj";114;56108;191;56299;NA;46989;305;2021-03-26;37895
2021-03-25;"Bratislavský kraj";76;36859;172;37031;NA;46989;248;2021-03-25;37590
2021-03-24;"Bratislavský kraj";120;30567;201;30768;NA;46989;321;2021-03-24;37342
2021-03-23;"Bratislavský kraj";138;36430;190;36620;NA;46989;328;2021-03-23;37021
2021-03-22;"Bratislavský kraj";110;42756;220;42976;NA;46989;330;2021-03-22;36693
2021-03-21;"Bratislavský kraj";54;61299;212;61511;NA;46989;266;2021-03-21;36363
2021-03-20;"Bratislavský kraj";59;73300;228;73528;NA;46989;287;2021-03-20;36097
2021-03-19;"Bratislavský kraj";139;54576;257;54833;NA;46989;396;2021-03-19;35810
2021-03-18;"Bratislavský kraj";142;34611;192;34803;NA;46989;334;2021-03-18;35414
2021-03-17;"Bratislavský kraj";177;30482;217;30699;NA;46989;394;2021-03-17;35080
2021-03-16;"Bratislavský kraj";258;36798;287;37085;NA;46989;545;2021-03-16;34686
2021-03-15;"Bratislavský kraj";180;38226;255;38481;NA;46989;435;2021-03-15;34141
2021-03-14;"Bratislavský kraj";75;52611;275;52886;NA;46989;350;2021-03-14;33706
2021-03-13;"Bratislavský kraj";110;81405;341;81746;NA;46989;451;2021-03-13;33356
2021-03-12;"Bratislavský kraj";152;55233;312;55545;NA;46989;464;2021-03-12;32905
2021-03-11;"Bratislavský kraj";178;34678;286;34964;NA;46989;464;2021-03-11;32441
2021-03-10;"Bratislavský kraj";164;31061;280;31341;NA;46989;444;2021-03-10;31977
2021-03-09;"Bratislavský kraj";242;37687;267;37954;NA;46989;509;2021-03-09;31533
2021-03-08;"Bratislavský kraj";255;41199;348;41547;NA;46989;603;2021-03-08;31024
2021-03-07;"Bratislavský kraj";142;52812;301;53113;NA;46989;443;2021-03-07;30421
2021-03-06;"Bratislavský kraj";79;71821;415;72236;NA;46989;494;2021-03-06;29978
2021-03-05;"Bratislavský kraj";238;50840;294;51134;NA;46989;532;2021-03-05;29484
2021-03-04;"Bratislavský kraj";204;34544;344;34888;NA;46989;548;2021-03-04;28952
2021-03-03;"Bratislavský kraj";250;30527;364;30891;NA;46989;614;2021-03-03;28404
2021-03-02;"Bratislavský kraj";267;39735;388;40123;NA;46989;655;2021-03-02;27790
2021-03-01;"Bratislavský kraj";320;38222;432;38654;NA;46989;752;2021-03-01;27135
2021-02-28;"Bratislavský kraj";184;50323;323;50646;NA;46989;507;2021-02-28;26383
2021-02-27;"Bratislavský kraj";151;76580;464;77044;NA;46989;615;2021-02-27;25876
2021-02-26;"Bratislavský kraj";277;47326;401;47727;NA;46989;678;2021-02-26;25261
2021-02-25;"Bratislavský kraj";277;28769;405;29174;NA;46989;682;2021-02-25;24583
2021-02-24;"Bratislavský kraj";217;27095;412;27507;NA;46989;629;2021-02-24;23901
2021-02-23;"Bratislavský kraj";257;31297;395;31692;NA;46989;652;2021-02-23;23272
2021-02-22;"Bratislavský kraj";353;36607;483;37090;NA;46989;836;2021-02-22;22620
2021-02-21;"Bratislavský kraj";185;54150;396;54546;NA;46989;581;2021-02-21;21784
2021-02-20;"Bratislavský kraj";167;74814;550;75364;NA;46989;717;2021-02-20;21203
2021-02-19;"Bratislavský kraj";280;44882;416;45298;NA;46989;696;2021-02-19;20486
2021-02-18;"Bratislavský kraj";263;26379;371;26750;NA;46989;634;2021-02-18;19790
2021-02-17;"Bratislavský kraj";264;22820;316;23136;NA;46989;580;2021-02-17;19156
2021-02-16;"Bratislavský kraj";289;28262;352;28614;NA;46989;641;2021-02-16;18576
2021-02-15;"Bratislavský kraj";248;36893;396;37289;NA;46989;644;2021-02-15;17935
2021-02-14;"Bratislavský kraj";153;47948;323;48271;NA;46989;476;2021-02-14;17291
2021-02-13;"Bratislavský kraj";173;68589;515;69104;NA;46989;688;2021-02-13;16815
2021-02-12;"Bratislavský kraj";282;35729;327;36056;NA;46989;609;2021-02-12;16127
2021-02-11;"Bratislavský kraj";337;24565;285;24850;NA;46989;622;2021-02-11;15518
2021-02-10;"Bratislavský kraj";314;22944;356;23300;NA;46989;670;2021-02-10;14896
2021-02-09;"Bratislavský kraj";288;36565;454;37019;NA;46989;742;2021-02-09;14226
2021-02-08;"Bratislavský kraj";484;31896;397;32293;NA;46989;881;2021-02-08;13484
2021-02-07;"Bratislavský kraj";243;51290;425;51715;NA;46989;668;2021-02-07;12603
2021-02-06;"Bratislavský kraj";116;61682;501;62183;NA;46989;617;2021-02-06;11935
2021-02-05;"Bratislavský kraj";327;27033;375;27408;NA;46989;702;2021-02-05;11318
2021-02-04;"Bratislavský kraj";555;17260;348;17608;NA;46989;903;2021-02-04;10616
2021-02-03;"Bratislavský kraj";161;13020;352;13372;NA;46989;513;2021-02-03;9713
2021-02-02;"Bratislavský kraj";397;25947;480;26427;NA;46989;877;2021-02-02;9200
2021-02-01;"Bratislavský kraj";221;35541;513;36054;NA;46989;734;2021-02-01;8323
2021-01-31;"Bratislavský kraj";180;35693;425;36118;NA;46989;605;2021-01-31;7589
2021-01-30;"Bratislavský kraj";310;49588;521;50109;NA;46989;831;2021-01-30;6984
2021-01-29;"Bratislavský kraj";344;16568;344;16912;NA;46989;688;2021-01-29;6153
2021-01-28;"Bratislavský kraj";307;10715;297;11012;NA;46989;604;2021-01-28;5465
2021-01-27;"Bratislavský kraj";336;22222;345;22567;NA;46989;681;2021-01-27;4861
2021-01-26;"Bratislavský kraj";297;21894;300;22194;NA;46989;597;2021-01-26;4180
2021-01-25;"Bratislavský kraj";356;23335;249;23584;NA;46989;605;2021-01-25;3583
2021-01-24;"Bratislavský kraj";175;37903;404;38307;NA;46989;579;2021-01-24;2978
2021-01-23;"Bratislavský kraj";396;79453;690;80143;NA;46989;1086;2021-01-23;2399
2021-01-22;"Bratislavský kraj";199;42055;365;42420;NA;46989;564;2021-01-22;1313
2021-01-21;"Bratislavský kraj";255;105746;1317;107063;NA;46989;1572;2021-01-21;749
2021-01-20;"Bratislavský kraj";360;27289;452;27741;NA;46989;812;2021-01-20;-823
2021-01-19;"Bratislavský kraj";375;15318;346;15664;NA;46989;721;2021-01-19;-1635
2021-01-18;"Bratislavský kraj";357;12533;707;13240;NA;46989;1064;2021-01-18;-2356
2021-01-17;"Bratislavský kraj";244;482;26;508;NA;46989;270;2021-01-17;-3420
2021-01-16;"Bratislavský kraj";70;3016;156;3172;NA;46989;226;2021-01-16;-3690
2021-01-15;"Bratislavský kraj";251;7896;256;8152;NA;46989;507;2021-01-15;-3916
2021-01-14;"Bratislavský kraj";363;8523;273;8796;NA;46989;636;2021-01-14;-4423
2021-01-13;"Bratislavský kraj";336;8490;327;8817;NA;46989;663;2021-01-13;-5059
2021-01-12;"Bratislavský kraj";450;10509;455;10964;NA;46989;905;2021-01-12;-5722
2021-01-11;"Bratislavský kraj";397;19863;364;20227;NA;46989;761;2021-01-11;-6627
2021-01-10;"Bratislavský kraj";252;1507;79;1586;NA;46989;331;2021-01-10;-7388
2021-01-09;"Bratislavský kraj";351;4721;277;4998;NA;46989;628;2021-01-09;-7719
2021-01-08;"Bratislavský kraj";556;10045;436;10481;NA;46989;992;2021-01-08;-8347
2021-01-07;"Bratislavský kraj";537;6872;352;7224;NA;46989;889;2021-01-07;-9339
2021-01-06;"Bratislavský kraj";271;3329;216;3545;NA;46989;487;2021-01-06;-10228
2021-01-05;"Bratislavský kraj";619;10635;814;11449;NA;46989;1433;2021-01-05;-10715
2021-01-04;"Bratislavský kraj";601;8226;538;8764;NA;46989;1139;2021-01-04;-12148
2021-01-03;"Bratislavský kraj";77;433;41;474;NA;46989;118;2021-01-03;-13287
2021-01-02;"Bratislavský kraj";185;462;57;519;NA;46989;242;2021-01-02;-13405
2021-01-01;"Bratislavský kraj";235;3277;131;3408;NA;46989;366;2021-01-01;-13647
2020-12-31;"Bratislavský kraj";925;14684;563;15247;NA;46989;1488;2020-12-31;-14013
2020-12-30;"Bratislavský kraj";650;9823;554;10377;NA;46989;1204;2020-12-30;-15501
2020-12-29;"Bratislavský kraj";303;10718;772;11490;NA;46989;1075;2020-12-29;-16705
2020-12-28;"Bratislavský kraj";255;8365;555;8920;NA;46989;810;2020-12-28;-17780
2020-12-27;"Bratislavský kraj";160;709;76;785;NA;46989;236;2020-12-27;-18590
2020-12-26;"Bratislavský kraj";75;480;27;507;NA;46989;102;2020-12-26;-18826
2020-12-25;"Bratislavský kraj";114;503;38;541;NA;46989;152;2020-12-25;-18928
2020-12-24;"Bratislavský kraj";536;3367;104;3471;NA;46989;640;2020-12-24;-19080
2020-12-23;"Bratislavský kraj";416;13255;496;13751;NA;46989;912;2020-12-23;-19720
2020-12-22;"Bratislavský kraj";327;15545;759;16304;NA;46989;1086;2020-12-22;-20632
2020-12-21;"Bratislavský kraj";392;15685;2007;17692;NA;46989;2399;2020-12-21;-21718
2020-12-20;"Bratislavský kraj";180;797;57;854;NA;46989;237;2020-12-20;-24117
2020-12-19;"Bratislavský kraj";396;3314;130;3444;NA;46989;526;2020-12-19;-24354
2020-12-18;"Bratislavský kraj";306;10644;394;11038;NA;46989;700;2020-12-18;-24880
2020-12-17;"Bratislavský kraj";502;10343;419;10762;NA;46989;921;2020-12-17;-25580
2020-12-16;"Bratislavský kraj";282;10772;452;11224;NA;46989;734;2020-12-16;-26501
2020-12-15;"Bratislavský kraj";423;10916;479;11395;NA;46989;902;2020-12-15;-27235
2020-12-14;"Bratislavský kraj";279;7356;300;7656;NA;46989;579;2020-12-14;-28137
2020-12-13;"Bratislavský kraj";125;139;10;149;NA;46989;135;2020-12-13;-28716
2020-12-12;"Bratislavský kraj";361;3886;157;4043;NA;46989;518;2020-12-12;-28851
2020-12-11;"Bratislavský kraj";326;7348;289;7637;NA;46989;615;2020-12-11;-29369
2020-12-10;"Bratislavský kraj";286;5823;209;6032;NA;46989;495;2020-12-10;-29984
2020-12-09;"Bratislavský kraj";382;4795;178;4973;NA;46989;560;2020-12-09;-30479
2020-12-08;"Bratislavský kraj";234;6243;207;6450;NA;46989;441;2020-12-08;-31039
2020-12-07;"Bratislavský kraj";272;4639;152;4791;NA;46989;424;2020-12-07;-31480
2020-12-06;"Bratislavský kraj";61;1625;52;1677;NA;46989;113;2020-12-06;-31904
2020-12-05;"Bratislavský kraj";266;2221;41;2262;NA;46989;307;2020-12-05;-32017
2020-12-04;"Bratislavský kraj";200;4954;99;5053;NA;46989;299;2020-12-04;-32324
2020-12-03;"Bratislavský kraj";213;5672;95;5767;NA;46989;308;2020-12-03;-32623
2020-12-02;"Bratislavský kraj";205;3462;103;3565;NA;46989;308;2020-12-02;-32931
2020-12-01;"Bratislavský kraj";255;3889;172;4061;NA;46989;427;2020-12-01;-33239
2020-11-30;"Bratislavský kraj";152;2153;121;2274;NA;46989;273;2020-11-30;-33666
2020-11-29;"Bratislavský kraj";52;201;24;225;NA;46989;76;2020-11-29;-33939
2020-11-28;"Bratislavský kraj";232;2624;33;2657;NA;46989;265;2020-11-28;-34015
2020-11-27;"Bratislavský kraj";54;2540;64;2604;NA;46989;118;2020-11-27;-34280
2020-11-26;"Bratislavský kraj";129;1976;60;2036;NA;46989;189;2020-11-26;-34398
2020-11-25;"Bratislavský kraj";140;1770;47;1817;NA;46989;187;2020-11-25;-34587
2020-11-24;"Bratislavský kraj";81;2988;67;3055;NA;46989;148;2020-11-24;-34774
2020-11-23;"Bratislavský kraj";67;7083;58;7141;NA;46989;125;2020-11-23;-34922
2020-11-22;"Bratislavský kraj";36;81;7;88;NA;46989;43;2020-11-22;-35047
2020-11-21;"Bratislavský kraj";109;2126;47;2173;NA;46989;156;2020-11-21;-35090
2020-11-20;"Bratislavský kraj";118;2876;48;2924;NA;46989;166;2020-11-20;-35246
2020-11-19;"Bratislavský kraj";173;987;29;1016;NA;46989;202;2020-11-19;-35412
2020-11-18;"Bratislavský kraj";118;616;75;691;NA;46989;193;2020-11-18;-35614
2020-11-17;"Bratislavský kraj";108;928;23;951;NA;46989;131;2020-11-17;-35807
2020-11-16;"Bratislavský kraj";82;651;9;660;NA;46989;91;2020-11-16;-35938
2020-11-15;"Bratislavský kraj";47;236;0;236;NA;46989;47;2020-11-15;-36029
2020-11-14;"Bratislavský kraj";53;1834;15;1849;NA;46989;68;2020-11-14;-36076
2020-11-13;"Bratislavský kraj";94;2096;21;2117;NA;46989;115;2020-11-13;-36144
2020-11-12;"Bratislavský kraj";141;1727;6;1733;NA;46989;147;2020-11-12;-36259
2020-11-11;"Bratislavský kraj";159;1429;12;1441;NA;46989;171;2020-11-11;-36406
2020-11-10;"Bratislavský kraj";136;805;14;819;NA;46989;150;2020-11-10;-36577
2020-11-09;"Bratislavský kraj";70;616;8;624;NA;46989;78;2020-11-09;-36727
2020-11-08;"Bratislavský kraj";82;869;6;875;NA;46989;88;2020-11-08;-36805
2020-11-07;"Bratislavský kraj";88;4039;17;4056;NA;46989;105;2020-11-07;-36893
2020-11-06;"Bratislavský kraj";281;6441;25;6466;NA;46989;306;2020-11-06;-36998
2020-11-05;"Bratislavský kraj";175;476;11;487;NA;46989;186;2020-11-05;-37304
2020-11-04;"Bratislavský kraj";65;411;10;421;NA;46989;75;2020-11-04;-37490
2020-11-03;"Bratislavský kraj";251;1085;12;1097;NA;46989;263;2020-11-03;-37565
2020-11-02;"Bratislavský kraj";202;3365;22;3387;NA;46989;224;2020-11-02;-37828
2020-11-01;"Bratislavský kraj";227;8694;39;8733;NA;46989;266;2020-11-01;-38052
2020-10-31;"Bratislavský kraj";173;22407;123;22530;NA;46989;296;2020-10-31;-38318
2020-10-30;"Bratislavský kraj";158;17350;138;17488;NA;46989;296;2020-10-30;-38614
2020-10-29;"Bratislavský kraj";262;116;4;120;NA;46989;266;2020-10-29;-38910
2020-10-28;"Bratislavský kraj";220;260;15;275;NA;46989;235;2020-10-28;-39176
2020-10-27;"Bratislavský kraj";256;145;4;149;NA;46989;260;2020-10-27;-39411
2020-10-26;"Bratislavský kraj";123;229;11;240;NA;46989;134;2020-10-26;-39671
2020-10-25;"Bratislavský kraj";152;33;2;35;NA;46989;154;2020-10-25;-39805
2020-10-24;"Bratislavský kraj";170;221;6;227;NA;46989;176;2020-10-24;-39959
2020-10-23;"Bratislavský kraj";151;144;8;152;NA;46989;159;2020-10-23;-40135
2020-10-22;"Bratislavský kraj";192;204;15;219;NA;46989;207;2020-10-22;-40294
2020-10-21;"Bratislavský kraj";66;90;6;96;NA;46989;72;2020-10-21;-40501
2020-10-20;"Bratislavský kraj";183;97;4;101;NA;46989;187;2020-10-20;-40573
2020-10-19;"Bratislavský kraj";148;80;3;83;NA;46989;151;2020-10-19;-40760
2020-10-18;"Bratislavský kraj";75;92;0;92;NA;46989;75;2020-10-18;-40911
2020-10-17;"Bratislavský kraj";136;0;0;0;NA;46989;136;2020-10-17;-40986
2020-10-16;"Bratislavský kraj";103;14;1;15;NA;46989;104;2020-10-16;-41122
2020-10-15;"Bratislavský kraj";135;6;1;7;NA;46989;136;2020-10-15;-41226
2020-10-14;"Bratislavský kraj";127;4;0;4;NA;46989;127;2020-10-14;-41362
2020-10-13;"Bratislavský kraj";86;108;8;116;NA;46989;94;2020-10-13;-41489
2020-10-12;"Bratislavský kraj";46;0;0;0;NA;46989;46;2020-10-12;-41583
2020-10-11;"Bratislavský kraj";80;0;0;0;NA;46989;80;2020-10-11;-41629
2020-10-10;"Bratislavský kraj";55;0;0;0;NA;46989;55;2020-10-10;-41709
2020-10-09;"Bratislavský kraj";148;0;0;0;NA;46989;148;2020-10-09;-41764
2020-10-08;"Bratislavský kraj";100;0;0;0;NA;46989;100;2020-10-08;-41912
2020-10-07;"Bratislavský kraj";107;0;0;0;NA;46989;107;2020-10-07;-42012
2020-10-06;"Bratislavský kraj";108;0;0;0;NA;46989;108;2020-10-06;-42119
2020-10-05;"Bratislavský kraj";30;0;0;0;NA;46989;30;2020-10-05;-42227
2020-10-04;"Bratislavský kraj";49;0;0;0;NA;46989;49;2020-10-04;-42257
2020-10-03;"Bratislavský kraj";82;0;0;0;NA;46989;82;2020-10-03;-42306
2020-10-02;"Bratislavský kraj";101;0;0;0;NA;46989;101;2020-10-02;-42388
2020-10-01;"Bratislavský kraj";72;0;0;0;NA;46989;72;2020-10-01;-42489
2020-09-30;"Bratislavský kraj";91;0;0;0;NA;46989;91;2020-09-30;-42561
2020-09-29;"Bratislavský kraj";74;0;0;0;NA;46989;74;2020-09-29;-42652
2020-09-28;"Bratislavský kraj";29;0;0;0;NA;46989;29;2020-09-28;-42726
2020-09-27;"Bratislavský kraj";48;0;0;0;NA;46989;48;2020-09-27;-42755
2020-09-26;"Bratislavský kraj";86;0;0;0;NA;46989;86;2020-09-26;-42803
2020-09-25;"Bratislavský kraj";97;0;0;0;NA;46989;97;2020-09-25;-42889
2020-09-24;"Bratislavský kraj";73;0;0;0;NA;46989;73;2020-09-24;-42986
2020-09-23;"Bratislavský kraj";55;0;0;0;NA;46989;55;2020-09-23;-43059
2020-09-22;"Bratislavský kraj";81;0;0;0;NA;46989;81;2020-09-22;-43114
2020-09-21;"Bratislavský kraj";32;0;0;0;NA;46989;32;2020-09-21;-43195
2020-09-20;"Bratislavský kraj";25;0;0;0;NA;46989;25;2020-09-20;-43227
2020-09-19;"Bratislavský kraj";59;0;0;0;NA;46989;59;2020-09-19;-43252
2020-09-18;"Bratislavský kraj";42;0;0;0;NA;46989;42;2020-09-18;-43311
2020-09-17;"Bratislavský kraj";52;0;0;0;NA;46989;52;2020-09-17;-43353
2020-09-16;"Bratislavský kraj";32;0;0;0;NA;46989;32;2020-09-16;-43405
2020-09-15;"Bratislavský kraj";26;0;0;0;NA;46989;26;2020-09-15;-43437
2020-09-14;"Bratislavský kraj";24;0;0;0;NA;46989;24;2020-09-14;-43463
2020-09-13;"Bratislavský kraj";11;0;0;0;NA;46989;11;2020-09-13;-43487
2020-09-12;"Bratislavský kraj";24;0;0;0;NA;46989;24;2020-09-12;-43498
2020-09-11;"Bratislavský kraj";50;0;0;0;NA;46989;50;2020-09-11;-43522
2020-09-10;"Bratislavský kraj";47;0;0;0;NA;46989;47;2020-09-10;-43572
2020-09-09;"Bratislavský kraj";40;0;0;0;NA;46989;40;2020-09-09;-43619
2020-09-08;"Bratislavský kraj";58;0;0;0;NA;46989;58;2020-09-08;-43659
2020-09-07;"Bratislavský kraj";39;0;0;0;NA;46989;39;2020-09-07;-43717
2020-09-06;"Bratislavský kraj";11;0;0;0;NA;46989;11;2020-09-06;-43756
2020-09-05;"Bratislavský kraj";37;0;0;0;NA;46989;37;2020-09-05;-43767
2020-09-04;"Bratislavský kraj";87;0;0;0;NA;46989;87;2020-09-04;-43804
2020-09-03;"Bratislavský kraj";51;0;0;0;NA;46989;51;2020-09-03;-43891
2020-09-02;"Bratislavský kraj";50;0;0;0;NA;46989;50;2020-09-02;-43942
2020-09-01;"Bratislavský kraj";16;0;0;0;NA;46989;16;2020-09-01;-43992
2020-08-31;"Bratislavský kraj";19;0;0;0;NA;46989;19;2020-08-31;-44008
2020-08-30;"Bratislavský kraj";9;0;0;0;NA;46989;9;2020-08-30;-44027
2020-08-29;"Bratislavský kraj";12;0;0;0;NA;46989;12;2020-08-29;-44036
2020-08-28;"Bratislavský kraj";35;0;0;0;NA;46989;35;2020-08-28;-44048
2020-08-27;"Bratislavský kraj";33;0;0;0;NA;46989;33;2020-08-27;-44083
2020-08-26;"Bratislavský kraj";27;0;0;0;NA;46989;27;2020-08-26;-44116
2020-08-25;"Bratislavský kraj";29;0;0;0;NA;46989;29;2020-08-25;-44143
2020-08-24;"Bratislavský kraj";6;0;0;0;NA;46989;6;2020-08-24;-44172
2020-08-23;"Bratislavský kraj";45;0;0;0;NA;46989;45;2020-08-23;-44178
2020-08-22;"Bratislavský kraj";13;0;0;0;NA;46989;13;2020-08-22;-44223
2020-08-21;"Bratislavský kraj";46;0;0;0;NA;46989;46;2020-08-21;-44236
2020-08-20;"Bratislavský kraj";41;0;0;0;NA;46989;41;2020-08-20;-44282
2020-08-19;"Bratislavský kraj";27;0;0;0;NA;46989;27;2020-08-19;-44323
2020-08-18;"Bratislavský kraj";47;0;0;0;NA;46989;47;2020-08-18;-44350
2020-08-17;"Bratislavský kraj";2;0;0;0;NA;46989;2;2020-08-17;-44397
2020-08-16;"Bratislavský kraj";3;0;0;0;NA;46989;3;2020-08-16;-44399
2020-08-15;"Bratislavský kraj";18;0;0;0;NA;46989;18;2020-08-15;-44402
2020-08-14;"Bratislavský kraj";16;0;0;0;NA;46989;16;2020-08-14;-44420
2020-08-13;"Bratislavský kraj";12;0;0;0;NA;46989;12;2020-08-13;-44436
2020-08-12;"Bratislavský kraj";10;0;0;0;NA;46989;10;2020-08-12;-44448
2020-08-11;"Bratislavský kraj";23;0;0;0;NA;46989;23;2020-08-11;-44458
2020-08-10;"Bratislavský kraj";2;0;0;0;NA;46989;2;2020-08-10;-44481
2020-08-09;"Bratislavský kraj";2;0;0;0;NA;46989;2;2020-08-09;-44483
2020-08-08;"Bratislavský kraj";1;0;0;0;NA;46989;1;2020-08-08;-44485
2020-08-07;"Bratislavský kraj";9;0;0;0;NA;46989;9;2020-08-07;-44486
2020-08-06;"Bratislavský kraj";15;0;0;0;NA;46989;15;2020-08-06;-44495
2020-08-05;"Bratislavský kraj";11;0;0;0;NA;46989;11;2020-08-05;-44510
2020-08-04;"Bratislavský kraj";21;0;0;0;NA;46989;21;2020-08-04;-44521
2020-08-03;"Bratislavský kraj";7;0;0;0;NA;46989;7;2020-08-03;-44542
2020-08-02;"Bratislavský kraj";0;0;0;0;NA;46989;0;2020-08-02;-44549
2020-08-01;"Bratislavský kraj";0;0;0;0;NA;46989;0;2020-08-01;-44549
2020-07-31;"Bratislavský kraj";14;0;0;0;NA;46989;14;2020-07-31;-44549
2020-07-30;"Bratislavský kraj";6;0;0;0;NA;46989;6;2020-07-30;-44563
2020-07-29;"Bratislavský kraj";7;0;0;0;NA;46989;7;2020-07-29;-44569
2020-07-28;"Bratislavský kraj";14;0;0;0;NA;46989;14;2020-07-28;-44576
2020-07-27;"Bratislavský kraj";3;0;0;0;NA;46989;3;2020-07-27;-44590
2020-07-26;"Bratislavský kraj";0;0;0;0;NA;46989;0;2020-07-26;-44593
2020-07-25;"Bratislavský kraj";8;0;0;0;NA;46989;8;2020-07-25;-44593
2020-07-24;"Bratislavský kraj";2;0;0;0;NA;46989;2;2020-07-24;-44601
2020-07-23;"Bratislavský kraj";8;0;0;0;NA;46989;8;2020-07-23;-44603
2020-07-22;"Bratislavský kraj";11;0;0;0;NA;46989;11;2020-07-22;-44611
2020-07-21;"Bratislavský kraj";8;0;0;0;NA;46989;8;2020-07-21;-44622
2020-07-20;"Bratislavský kraj";12;0;0;0;NA;46989;12;2020-07-20;-44630
2020-07-19;"Bratislavský kraj";0;0;0;0;NA;46989;0;2020-07-19;-44642
2020-07-18;"Bratislavský kraj";2;0;0;0;NA;46989;2;2020-07-18;-44642
2020-07-17;"Bratislavský kraj";2;0;0;0;NA;46989;2;2020-07-17;-44644
2020-07-16;"Bratislavský kraj";6;0;0;0;NA;46989;6;2020-07-16;-44646
2020-07-15;"Bratislavský kraj";3;0;0;0;NA;46989;3;2020-07-15;-44652
2020-07-14;"Bratislavský kraj";2;0;0;0;NA;46989;2;2020-07-14;-44655
2020-07-13;"Bratislavský kraj";2;0;0;0;NA;46989;2;2020-07-13;-44657
2020-07-12;"Bratislavský kraj";0;0;0;0;NA;46989;0;2020-07-12;-44659
2020-07-11;"Bratislavský kraj";0;0;0;0;NA;46989;0;2020-07-11;-44659
2020-07-10;"Bratislavský kraj";8;0;0;0;NA;46989;8;2020-07-10;-44659
2020-07-09;"Bratislavský kraj";2;0;0;0;NA;46989;2;2020-07-09;-44667
2020-07-08;"Bratislavský kraj";11;0;0;0;NA;46989;11;2020-07-08;-44669
2020-07-07;"Bratislavský kraj";5;0;0;0;NA;46989;5;2020-07-07;-44680
2020-07-06;"Bratislavský kraj";1;0;0;0;NA;46989;1;2020-07-06;-44685
2020-07-05;"Bratislavský kraj";0;0;0;0;NA;46989;0;2020-07-05;-44686
2020-07-04;"Bratislavský kraj";3;0;0;0;NA;46989;3;2020-07-04;-44686
2020-07-03;"Bratislavský kraj";1;0;0;0;NA;46989;1;2020-07-03;-44689
2020-07-02;"Bratislavský kraj";0;0;0;0;NA;46989;0;2020-07-02;-44690
2020-07-01;"Bratislavský kraj";7;0;0;0;NA;46989;7;2020-07-01;-44690
2020-06-30;"Bratislavský kraj";3;0;0;0;NA;46989;3;2020-06-30;-44697
2020-06-29;"Bratislavský kraj";1;0;0;0;NA;46989;1;2020-06-29;-44700
2020-06-28;"Bratislavský kraj";0;0;0;0;NA;46989;0;2020-06-28;-44701
2020-06-27;"Bratislavský kraj";1;0;0;0;NA;46989;1;2020-06-27;-44701
2020-06-26;"Bratislavský kraj";6;0;0;0;NA;46989;6;2020-06-26;-44702
2020-06-25;"Bratislavský kraj";0;0;0;0;NA;46989;0;2020-06-25;-44708
2020-06-24;"Bratislavský kraj";3;0;0;0;NA;46989;3;2020-06-24;-44708
2020-06-23;"Bratislavský kraj";0;0;0;0;NA;46989;0;2020-06-23;-44711
2020-06-22;"Bratislavský kraj";1;0;0;0;NA;46989;1;2020-06-22;-44711
2020-06-21;"Bratislavský kraj";0;0;0;0;NA;46989;0;2020-06-21;-44712
2020-06-20;"Bratislavský kraj";0;0;0;0;NA;46989;0;2020-06-20;-44712
2020-06-19;"Bratislavský kraj";3;0;0;0;NA;46989;3;2020-06-19;-44712
2020-06-18;"Bratislavský kraj";0;0;0;0;NA;46989;0;2020-06-18;-44715
2020-06-17;"Bratislavský kraj";0;0;0;0;NA;46989;0;2020-06-17;-44715
2020-06-16;"Bratislavský kraj";0;0;0;0;NA;46989;0;2020-06-16;-44715
2020-06-14;"Bratislavský kraj";2;0;0;0;NA;46989;2;2020-06-14;-44715
2020-06-13;"Bratislavský kraj";1;0;0;0;NA;46989;1;2020-06-13;-44717
2020-06-12;"Bratislavský kraj";2;0;0;0;NA;46989;2;2020-06-12;-44718
2020-06-11;"Bratislavský kraj";0;0;0;0;NA;46989;0;2020-06-11;-44720
2020-06-10;"Bratislavský kraj";0;0;0;0;NA;46989;0;2020-06-10;-44720
2020-06-09;"Bratislavský kraj";0;0;0;0;NA;46989;0;2020-06-09;-44720
2020-06-08;"Bratislavský kraj";1;0;0;0;NA;46989;1;2020-06-08;-44720
2020-06-07;"Bratislavský kraj";0;0;0;0;NA;46989;0;2020-06-07;-44721
2020-06-05;"Bratislavský kraj";0;0;0;0;NA;46989;0;2020-06-05;-44721
2020-06-03;"Bratislavský kraj";1;0;0;0;NA;46989;1;2020-06-03;-44721
2020-06-02;"Bratislavský kraj";0;0;0;0;NA;46989;0;2020-06-02;-44722
2020-05-31;"Bratislavský kraj";0;0;0;0;NA;46989;0;2020-05-31;-44722
2020-05-29;"Bratislavský kraj";0;0;0;0;NA;46989;0;2020-05-29;-44722
2020-05-27;"Bratislavský kraj";1;0;0;0;NA;46989;1;2020-05-27;-44722
2020-05-26;"Bratislavský kraj";0;0;0;0;NA;46989;0;2020-05-26;-44723
2020-05-25;"Bratislavský kraj";0;0;0;0;NA;46989;0;2020-05-25;-44723
2020-05-24;"Bratislavský kraj";0;0;0;0;NA;46989;0;2020-05-24;-44723
2020-05-23;"Bratislavský kraj";2;0;0;0;NA;46989;2;2020-05-23;-44723
2020-05-22;"Bratislavský kraj";0;0;0;0;NA;46989;0;2020-05-22;-44725
2020-05-21;"Bratislavský kraj";0;0;0;0;NA;46989;0;2020-05-21;-44725
2020-05-20;"Bratislavský kraj";0;0;0;0;NA;46989;0;2020-05-20;-44725
2020-05-19;"Bratislavský kraj";0;0;0;0;NA;46989;0;2020-05-19;-44725
2020-05-17;"Bratislavský kraj";0;0;0;0;NA;46989;0;2020-05-17;-44725
2020-05-16;"Bratislavský kraj";0;0;0;0;NA;46989;0;2020-05-16;-44725
2020-05-15;"Bratislavský kraj";0;0;0;0;NA;46989;0;2020-05-15;-44725
2020-05-14;"Bratislavský kraj";0;0;0;0;NA;46989;0;2020-05-14;-44725
2020-05-13;"Bratislavský kraj";0;0;0;0;NA;46989;0;2020-05-13;-44725
2020-05-12;"Bratislavský kraj";2;0;0;0;NA;46989;2;2020-05-12;-44725
2020-05-11;"Bratislavský kraj";0;0;0;0;NA;46989;0;2020-05-11;-44727
2020-05-09;"Bratislavský kraj";0;0;0;0;NA;46989;0;2020-05-09;-44727
2020-05-07;"Bratislavský kraj";1;0;0;0;NA;46989;1;2020-05-07;-44727
2020-05-06;"Bratislavský kraj";3;0;0;0;NA;46989;3;2020-05-06;-44728
2020-05-05;"Bratislavský kraj";0;0;0;0;NA;46989;0;2020-05-05;-44731
2020-05-04;"Bratislavský kraj";0;0;0;0;NA;46989;0;2020-05-04;-44731
2020-05-03;"Bratislavský kraj";2;0;0;0;NA;46989;2;2020-05-03;-44731
2020-05-02;"Bratislavský kraj";0;0;0;0;NA;46989;0;2020-05-02;-44733
2020-05-01;"Bratislavský kraj";0;0;0;0;NA;46989;0;2020-05-01;-44733
2020-04-30;"Bratislavský kraj";5;0;0;0;NA;46989;5;2020-04-30;-44733
2020-04-29;"Bratislavský kraj";0;0;0;0;NA;46989;0;2020-04-29;-44738
2020-04-28;"Bratislavský kraj";2;0;0;0;NA;46989;2;2020-04-28;-44738
2020-04-27;"Bratislavský kraj";0;0;0;0;NA;46989;0;2020-04-27;-44740
2020-04-26;"Bratislavský kraj";1;0;0;0;NA;46989;1;2020-04-26;-44740
2020-04-25;"Bratislavský kraj";0;0;0;0;NA;46989;0;2020-04-25;-44741
2020-04-24;"Bratislavský kraj";2;0;0;0;NA;46989;2;2020-04-24;-44741
2020-04-23;"Bratislavský kraj";6;0;0;0;NA;46989;6;2020-04-23;-44743
2020-04-22;"Bratislavský kraj";11;0;0;0;NA;46989;11;2020-04-22;-44749
2020-04-21;"Bratislavský kraj";4;0;0;0;NA;46989;4;2020-04-21;-44760
2020-04-20;"Bratislavský kraj";0;0;0;0;NA;46989;0;2020-04-20;-44764
2020-04-19;"Bratislavský kraj";4;0;0;0;NA;46989;4;2020-04-19;-44764
2020-04-18;"Bratislavský kraj";5;0;0;0;NA;46989;5;2020-04-18;-44768
2020-04-17;"Bratislavský kraj";6;0;0;0;NA;46989;6;2020-04-17;-44773
2020-04-16;"Bratislavský kraj";15;0;0;0;NA;46989;15;2020-04-16;-44779
2020-04-15;"Bratislavský kraj";11;0;0;0;NA;46989;11;2020-04-15;-44794
2020-04-14;"Bratislavský kraj";19;0;0;0;NA;46989;19;2020-04-14;-44805
2020-04-13;"Bratislavský kraj";53;0;0;0;NA;46989;53;2020-04-13;-44824
2020-04-12;"Bratislavský kraj";3;0;0;0;NA;46989;3;2020-04-12;-44877
2020-04-11;"Bratislavský kraj";1;0;0;0;NA;46989;1;2020-04-11;-44880
2020-04-10;"Bratislavský kraj";8;0;0;0;NA;46989;8;2020-04-10;-44881
2020-04-09;"Bratislavský kraj";3;0;0;0;NA;46989;3;2020-04-09;-44889
2020-04-08;"Bratislavský kraj";3;0;0;0;NA;46989;3;2020-04-08;-44892
2020-04-07;"Bratislavský kraj";24;0;0;0;NA;46989;24;2020-04-07;-44895
2020-04-06;"Bratislavský kraj";5;0;0;0;NA;46989;5;2020-04-06;-44919
2020-04-05;"Bratislavský kraj";6;0;0;0;NA;46989;6;2020-04-05;-44924
2020-04-04;"Bratislavský kraj";2;0;0;0;NA;46989;2;2020-04-04;-44930
2020-04-03;"Bratislavský kraj";1;0;0;0;NA;46989;1;2020-04-03;-44932
2020-04-02;"Bratislavský kraj";2;0;0;0;NA;46989;2;2020-04-02;-44933
2020-04-01;"Bratislavský kraj";5;0;0;0;NA;46989;5;2020-04-01;-44935
2020-03-31;"Bratislavský kraj";19;0;0;0;NA;46989;19;2020-03-31;-44940
2020-03-30;"Bratislavský kraj";6;0;0;0;NA;46989;6;2020-03-30;-44959
2020-03-29;"Bratislavský kraj";8;0;0;0;NA;46989;8;2020-03-29;-44965
2020-03-28;"Bratislavský kraj";4;0;0;0;NA;46989;4;2020-03-28;-44973
2020-03-27;"Bratislavský kraj";3;0;0;0;NA;46989;3;2020-03-27;-44977
2020-03-26;"Bratislavský kraj";15;0;0;0;NA;46989;15;2020-03-26;-44980
2020-03-25;"Bratislavský kraj";1;0;0;0;NA;46989;1;2020-03-25;-44995
2020-03-24;"Bratislavský kraj";4;0;0;0;NA;46989;4;2020-03-24;-44996
2020-03-23;"Bratislavský kraj";9;0;0;0;NA;46989;9;2020-03-23;-45000
2020-03-22;"Bratislavský kraj";2;0;0;0;NA;46989;2;2020-03-22;-45009
2020-03-21;"Bratislavský kraj";22;0;0;0;NA;46989;22;2020-03-21;-45011
2020-03-20;"Bratislavský kraj";3;0;0;0;NA;46989;3;2020-03-20;-45033
2020-03-19;"Bratislavský kraj";4;0;0;0;NA;46989;4;2020-03-19;-45036
2020-03-18;"Bratislavský kraj";3;0;0;0;NA;46989;3;2020-03-18;-45040
2020-03-17;"Bratislavský kraj";13;0;0;0;NA;46989;13;2020-03-17;-45043
2020-03-16;"Bratislavský kraj";1;0;0;0;NA;46989;1;2020-03-16;-45056
2020-03-15;"Bratislavský kraj";4;0;0;0;NA;46989;4;2020-03-15;-45057
2020-03-14;"Bratislavský kraj";9;0;0;0;NA;46989;9;2020-03-14;-45061
2020-03-13;"Bratislavský kraj";2;0;0;0;NA;46989;2;2020-03-13;-45070
2020-03-12;"Bratislavský kraj";8;0;0;0;NA;46989;8;2020-03-12;-45072
2020-03-11;"Bratislavský kraj";3;0;0;0;NA;46989;3;2020-03-11;-45080
2020-03-09;"Bratislavský kraj";0;0;0;0;NA;46989;0;2020-03-09;-45083
2020-03-08;"Bratislavský kraj";2;0;0;0;NA;46989;2;2020-03-08;-45083
2020-03-07;"Bratislavský kraj";2;0;0;0;NA;46989;2;2020-03-07;-45085
2020-03-06;"Bratislavský kraj";1;0;0;0;NA;46989;1;2020-03-06;-45087
2021-08-28;"Košický kraj";14;1720;11;1731;0;44828;25;2021-08-28;44828
2021-08-27;"Košický kraj";22;2423;13;2436;NA;44828;35;2021-08-27;44803
2021-08-26;"Košický kraj";19;2191;13;2204;NA;44828;32;2021-08-26;44768
2021-08-25;"Košický kraj";33;1939;6;1945;NA;44828;39;2021-08-25;44736
2021-08-24;"Košický kraj";14;2264;2;2266;NA;44828;16;2021-08-24;44697
2021-08-23;"Košický kraj";33;2386;5;2391;NA;44828;38;2021-08-23;44681
2021-08-22;"Košický kraj";4;1457;8;1465;NA;44828;12;2021-08-22;44643
2021-08-21;"Košický kraj";35;2042;3;2045;NA;44828;38;2021-08-21;44631
2021-08-20;"Košický kraj";13;3098;5;3103;NA;44828;18;2021-08-20;44593
2021-08-19;"Košický kraj";14;2117;6;2123;NA;44828;20;2021-08-19;44575
2021-08-18;"Košický kraj";30;1770;8;1778;NA;44828;38;2021-08-18;44555
2021-08-17;"Košický kraj";24;1619;3;1622;NA;44828;27;2021-08-17;44517
2021-08-16;"Košický kraj";3;2094;8;2102;NA;44828;11;2021-08-16;44490
2021-08-15;"Košický kraj";1;771;5;776;NA;44828;6;2021-08-15;44479
2021-08-14;"Košický kraj";15;1144;1;1145;NA;44828;16;2021-08-14;44473
2021-08-13;"Košický kraj";14;1862;8;1870;NA;44828;22;2021-08-13;44457
2021-08-12;"Košický kraj";10;1156;3;1159;NA;44828;13;2021-08-12;44435
2021-08-11;"Košický kraj";6;1298;4;1302;NA;44828;10;2021-08-11;44422
2021-08-10;"Košický kraj";10;1352;8;1360;NA;44828;18;2021-08-10;44412
2021-08-09;"Košický kraj";12;1578;2;1580;NA;44828;14;2021-08-09;44394
2021-08-08;"Košický kraj";8;688;1;689;NA;44828;9;2021-08-08;44380
2021-08-07;"Košický kraj";3;1061;3;1064;NA;44828;6;2021-08-07;44371
2021-08-06;"Košický kraj";9;1536;6;1542;NA;44828;15;2021-08-06;44365
2021-08-05;"Košický kraj";26;1220;6;1226;NA;44828;32;2021-08-05;44350
2021-08-04;"Košický kraj";8;1321;4;1325;NA;44828;12;2021-08-04;44318
2021-08-03;"Košický kraj";33;1078;3;1081;NA;44828;36;2021-08-03;44306
2021-08-02;"Košický kraj";6;1613;8;1621;NA;44828;14;2021-08-02;44270
2021-08-01;"Košický kraj";1;662;1;663;NA;44828;2;2021-08-01;44256
2021-07-31;"Košický kraj";17;1072;2;1074;NA;44828;19;2021-07-31;44254
2021-07-30;"Košický kraj";12;1500;7;1507;NA;44828;19;2021-07-30;44235
2021-07-29;"Košický kraj";7;1183;5;1188;NA;44828;12;2021-07-29;44216
2021-07-28;"Košický kraj";15;910;4;914;NA;44828;19;2021-07-28;44204
2021-07-27;"Košický kraj";17;1132;7;1139;NA;44828;24;2021-07-27;44185
2021-07-26;"Košický kraj";3;1585;8;1593;NA;44828;11;2021-07-26;44161
2021-07-25;"Košický kraj";0;719;3;722;NA;44828;3;2021-07-25;44150
2021-07-24;"Košický kraj";18;928;4;932;NA;44828;22;2021-07-24;44147
2021-07-23;"Košický kraj";9;1446;5;1451;NA;44828;14;2021-07-23;44125
2021-07-22;"Košický kraj";1;1177;4;1181;NA;44828;5;2021-07-22;44111
2021-07-21;"Košický kraj";4;1117;3;1120;NA;44828;7;2021-07-21;44106
2021-07-20;"Košický kraj";6;1291;1;1292;NA;44828;7;2021-07-20;44099
2021-07-19;"Košický kraj";2;1449;2;1451;NA;44828;4;2021-07-19;44092
2021-07-18;"Košický kraj";0;643;0;643;NA;44828;0;2021-07-18;44088
2021-07-17;"Košický kraj";3;986;5;991;NA;44828;8;2021-07-17;44088
2021-07-16;"Košický kraj";3;1486;4;1490;NA;44828;7;2021-07-16;44080
2021-07-15;"Košický kraj";4;1301;4;1305;NA;44828;8;2021-07-15;44073
2021-07-14;"Košický kraj";2;1090;3;1093;NA;44828;5;2021-07-14;44065
2021-07-13;"Košický kraj";4;1329;1;1330;NA;44828;5;2021-07-13;44060
2021-07-12;"Košický kraj";3;1773;3;1776;NA;44828;6;2021-07-12;44055
2021-07-11;"Košický kraj";1;537;2;539;NA;44828;3;2021-07-11;44049
2021-07-10;"Košický kraj";9;1051;0;1051;NA;44828;9;2021-07-10;44046
2021-07-09;"Košický kraj";5;1855;5;1860;NA;44828;10;2021-07-09;44037
2021-07-08;"Košický kraj";13;1211;2;1213;NA;44828;15;2021-07-08;44027
2021-07-07;"Košický kraj";6;1436;1;1437;NA;44828;7;2021-07-07;44012
2021-07-06;"Košický kraj";4;1766;2;1768;NA;44828;6;2021-07-06;44005
2021-07-05;"Košický kraj";1;491;0;491;NA;44828;1;2021-07-05;43999
2021-07-04;"Košický kraj";0;480;2;482;NA;44828;2;2021-07-04;43998
2021-07-03;"Košický kraj";2;1112;0;1112;NA;44828;2;2021-07-03;43996
2021-07-02;"Košický kraj";2;1724;3;1727;NA;44828;5;2021-07-02;43994
2021-07-01;"Košický kraj";0;1139;2;1141;NA;44828;2;2021-07-01;43989
2021-06-30;"Košický kraj";5;9248;7;9255;NA;44828;12;2021-06-30;43987
2021-06-29;"Košický kraj";6;5692;7;5699;NA;44828;13;2021-06-29;43975
2021-06-28;"Košický kraj";5;6129;2;6131;NA;44828;7;2021-06-28;43962
2021-06-27;"Košický kraj";8;4612;3;4615;NA;44828;11;2021-06-27;43955
2021-06-26;"Košický kraj";4;5699;14;5713;NA;44828;18;2021-06-26;43944
2021-06-25;"Košický kraj";5;6981;2;6983;NA;44828;7;2021-06-25;43926
2021-06-24;"Košický kraj";1;5072;3;5075;NA;44828;4;2021-06-24;43919
2021-06-23;"Košický kraj";8;5373;3;5376;NA;44828;11;2021-06-23;43915
2021-06-22;"Košický kraj";1;5269;3;5272;NA;44828;4;2021-06-22;43904
2021-06-21;"Košický kraj";5;6830;11;6841;NA;44828;16;2021-06-21;43900
2021-06-20;"Košický kraj";0;4882;6;4888;NA;44828;6;2021-06-20;43884
2021-06-19;"Košický kraj";7;6473;1;6474;NA;44828;8;2021-06-19;43878
2021-06-18;"Košický kraj";4;7969;8;7977;NA;44828;12;2021-06-18;43870
2021-06-17;"Košický kraj";6;6128;3;6131;NA;44828;9;2021-06-17;43858
2021-06-16;"Košický kraj";11;6059;7;6066;NA;44828;18;2021-06-16;43849
2021-06-15;"Košický kraj";12;6301;2;6303;NA;44828;14;2021-06-15;43831
2021-06-14;"Košický kraj";10;7010;9;7019;NA;44828;19;2021-06-14;43817
2021-06-13;"Košický kraj";7;6948;8;6956;NA;44828;15;2021-06-13;43798
2021-06-12;"Košický kraj";7;7485;9;7494;NA;44828;16;2021-06-12;43783
2021-06-11;"Košický kraj";15;8973;6;8979;NA;44828;21;2021-06-11;43767
2021-06-10;"Košický kraj";11;6588;16;6604;NA;44828;27;2021-06-10;43746
2021-06-09;"Košický kraj";37;6056;7;6063;NA;44828;44;2021-06-09;43719
2021-06-08;"Košický kraj";33;7019;13;7032;NA;44828;46;2021-06-08;43675
2021-06-07;"Košický kraj";11;8106;22;8128;NA;44828;33;2021-06-07;43629
2021-06-06;"Košický kraj";1;7843;7;7850;NA;44828;8;2021-06-06;43596
2021-06-05;"Košický kraj";21;9286;3;9289;NA;44828;24;2021-06-05;43588
2021-06-04;"Košický kraj";26;11377;20;11397;NA;44828;46;2021-06-04;43564
2021-06-03;"Košický kraj";23;6467;14;6481;NA;44828;37;2021-06-03;43518
2021-06-02;"Košický kraj";15;7180;24;7204;NA;44828;39;2021-06-02;43481
2021-06-01;"Košický kraj";13;7562;10;7572;NA;44828;23;2021-06-01;43442
2021-05-31;"Košický kraj";13;9256;18;9274;NA;44828;31;2021-05-31;43419
2021-05-30;"Košický kraj";3;11215;10;11225;NA;44828;13;2021-05-30;43388
2021-05-29;"Košický kraj";25;10942;22;10964;NA;44828;47;2021-05-29;43375
2021-05-28;"Košický kraj";17;13055;29;13084;NA;44828;46;2021-05-28;43328
2021-05-27;"Košický kraj";19;7924;26;7950;NA;44828;45;2021-05-27;43282
2021-05-26;"Košický kraj";35;8118;27;8145;NA;44828;62;2021-05-26;43237
2021-05-25;"Košický kraj";33;9296;29;9325;NA;44828;62;2021-05-25;43175
2021-05-24;"Košický kraj";10;10855;27;10882;NA;44828;37;2021-05-24;43113
2021-05-23;"Košický kraj";4;12151;15;12166;NA;44828;19;2021-05-23;43076
2021-05-22;"Košický kraj";27;12601;19;12620;NA;44828;46;2021-05-22;43057
2021-05-21;"Košický kraj";24;14910;27;14937;NA;44828;51;2021-05-21;43011
2021-05-20;"Košický kraj";20;9422;28;9450;NA;44828;48;2021-05-20;42960
2021-05-19;"Košický kraj";30;10421;21;10442;NA;44828;51;2021-05-19;42912
2021-05-18;"Košický kraj";34;10254;36;10290;NA;44828;70;2021-05-18;42861
2021-05-17;"Košický kraj";20;12686;38;12724;NA;44828;58;2021-05-17;42791
2021-05-16;"Košický kraj";37;17865;20;17885;NA;44828;57;2021-05-16;42733
2021-05-15;"Košický kraj";22;25602;28;25630;NA;44828;50;2021-05-15;42676
2021-05-14;"Košický kraj";32;21824;42;21866;NA;44828;74;2021-05-14;42626
2021-05-13;"Košický kraj";39;10172;32;10204;NA;44828;71;2021-05-13;42552
2021-05-12;"Košický kraj";85;10868;33;10901;NA;44828;118;2021-05-12;42481
2021-05-11;"Košický kraj";68;11166;32;11198;NA;44828;100;2021-05-11;42363
2021-05-10;"Košický kraj";25;17044;42;17086;NA;44828;67;2021-05-10;42263
2021-05-09;"Košický kraj";84;25594;55;25649;NA;44828;139;2021-05-09;42196
2021-05-08;"Košický kraj";18;23399;23;23422;NA;44828;41;2021-05-08;42057
2021-05-07;"Košický kraj";51;24497;57;24554;NA;44828;108;2021-05-07;42016
2021-05-06;"Košický kraj";55;11847;43;11890;NA;44828;98;2021-05-06;41908
2021-05-05;"Košický kraj";23;12124;35;12159;NA;44828;58;2021-05-05;41810
2021-05-04;"Košický kraj";143;13562;38;13600;NA;44828;181;2021-05-04;41752
2021-05-03;"Košický kraj";37;16944;68;17012;NA;44828;105;2021-05-03;41571
2021-05-02;"Košický kraj";45;36096;56;36152;NA;44828;101;2021-05-02;41466
2021-05-01;"Košický kraj";54;52075;76;52151;NA;44828;130;2021-05-01;41365
2021-04-30;"Košický kraj";59;44602;94;44696;NA;44828;153;2021-04-30;41235
2021-04-29;"Košický kraj";76;17014;53;17067;NA;44828;129;2021-04-29;41082
2021-04-28;"Košický kraj";99;17970;52;18022;NA;44828;151;2021-04-28;40953
2021-04-27;"Košický kraj";108;20670;43;20713;NA;44828;151;2021-04-27;40802
2021-04-26;"Košický kraj";39;25915;96;26011;NA;44828;135;2021-04-26;40651
2021-04-25;"Košický kraj";23;48355;57;48412;NA;44828;80;2021-04-25;40516
2021-04-24;"Košický kraj";68;90124;114;90238;NA;44828;182;2021-04-24;40436
2021-04-23;"Košický kraj";110;41232;72;41304;NA;44828;182;2021-04-23;40254
2021-04-22;"Košický kraj";56;16772;44;16816;NA;44828;100;2021-04-22;40072
2021-04-21;"Košický kraj";114;19519;61;19580;NA;44828;175;2021-04-21;39972
2021-04-20;"Košický kraj";81;25432;63;25495;NA;44828;144;2021-04-20;39797
2021-04-19;"Košický kraj";93;29950;108;30058;NA;44828;201;2021-04-19;39653
2021-04-18;"Košický kraj";10;48913;82;48995;NA;44828;92;2021-04-18;39452
2021-04-17;"Košický kraj";187;83856;103;83959;NA;44828;290;2021-04-17;39360
2021-04-16;"Košický kraj";83;41568;127;41695;NA;44828;210;2021-04-16;39070
2021-04-15;"Košický kraj";104;18522;93;18615;NA;44828;197;2021-04-15;38860
2021-04-14;"Košický kraj";119;20089;64;20153;NA;44828;183;2021-04-14;38663
2021-04-13;"Košický kraj";81;23175;120;23295;NA;44828;201;2021-04-13;38480
2021-04-12;"Košický kraj";129;26573;124;26697;NA;44828;253;2021-04-12;38279
2021-04-11;"Košický kraj";29;46949;80;47029;NA;44828;109;2021-04-11;38026
2021-04-10;"Košický kraj";138;100114;183;100297;NA;44828;321;2021-04-10;37917
2021-04-09;"Košický kraj";168;35206;133;35339;NA;44828;301;2021-04-09;37596
2021-04-08;"Košický kraj";81;18530;90;18620;NA;44828;171;2021-04-08;37295
2021-04-07;"Košický kraj";232;28027;194;28221;NA;44828;426;2021-04-07;37124
2021-04-06;"Košický kraj";121;36495;164;36659;NA;44828;285;2021-04-06;36698
2021-04-05;"Košický kraj";19;14361;66;14427;NA;44828;85;2021-04-05;36413
2021-04-04;"Košický kraj";33;15089;66;15155;NA;44828;99;2021-04-04;36328
2021-04-03;"Košický kraj";138;97664;241;97905;NA;44828;379;2021-04-03;36229
2021-04-02;"Košický kraj";128;24515;76;24591;NA;44828;204;2021-04-02;35850
2021-04-01;"Košický kraj";165;46151;156;46307;NA;44828;321;2021-04-01;35646
2021-03-31;"Košický kraj";160;29659;124;29783;NA;44828;284;2021-03-31;35325
2021-03-30;"Košický kraj";229;24038;163;24201;NA;44828;392;2021-03-30;35041
2021-03-29;"Košický kraj";78;28843;194;29037;NA;44828;272;2021-03-29;34649
2021-03-28;"Košický kraj";39;44263;128;44391;NA;44828;167;2021-03-28;34377
2021-03-27;"Košický kraj";222;96602;265;96867;NA;44828;487;2021-03-27;34210
2021-03-26;"Košický kraj";233;45252;202;45454;NA;44828;435;2021-03-26;33723
2021-03-25;"Košický kraj";133;23804;175;23979;NA;44828;308;2021-03-25;33288
2021-03-24;"Košický kraj";165;20696;155;20851;NA;44828;320;2021-03-24;32980
2021-03-23;"Košický kraj";202;22434;192;22626;NA;44828;394;2021-03-23;32660
2021-03-22;"Košický kraj";169;26890;228;27118;NA;44828;397;2021-03-22;32266
2021-03-21;"Košický kraj";109;46746;167;46913;NA;44828;276;2021-03-21;31869
2021-03-20;"Košický kraj";126;101334;311;101645;NA;44828;437;2021-03-20;31593
2021-03-19;"Košický kraj";205;45632;260;45892;NA;44828;465;2021-03-19;31156
2021-03-18;"Košický kraj";274;23827;212;24039;NA;44828;486;2021-03-18;30691
2021-03-17;"Košický kraj";177;21548;195;21743;NA;44828;372;2021-03-17;30205
2021-03-16;"Košický kraj";386;23454;226;23680;NA;44828;612;2021-03-16;29833
2021-03-15;"Košický kraj";173;27900;297;28197;NA;44828;470;2021-03-15;29221
2021-03-14;"Košický kraj";145;44354;220;44574;NA;44828;365;2021-03-14;28751
2021-03-13;"Košický kraj";146;103790;483;104273;NA;44828;629;2021-03-13;28386
2021-03-12;"Košický kraj";366;47871;321;48192;NA;44828;687;2021-03-12;27757
2021-03-11;"Košický kraj";396;23229;263;23492;NA;44828;659;2021-03-11;27070
2021-03-10;"Košický kraj";121;22205;269;22474;NA;44828;390;2021-03-10;26411
2021-03-09;"Košický kraj";676;24509;300;24809;NA;44828;976;2021-03-09;26021
2021-03-08;"Košický kraj";559;29852;344;30196;NA;44828;903;2021-03-08;25045
2021-03-07;"Košický kraj";45;44230;299;44529;NA;44828;344;2021-03-07;24142
2021-03-06;"Košický kraj";177;105598;532;106130;NA;44828;709;2021-03-06;23798
2021-03-05;"Košický kraj";439;45567;424;45991;NA;44828;863;2021-03-05;23089
2021-03-04;"Košický kraj";417;23862;320;24182;NA;44828;737;2021-03-04;22226
2021-03-03;"Košický kraj";390;23169;298;23467;NA;44828;688;2021-03-03;21489
2021-03-02;"Košický kraj";464;24158;368;24526;NA;44828;832;2021-03-02;20801
2021-03-01;"Košický kraj";389;30013;514;30527;NA;44828;903;2021-03-01;19969
2021-02-28;"Košický kraj";265;43053;334;43387;NA;44828;599;2021-02-28;19066
2021-02-27;"Košický kraj";301;100559;784;101343;NA;44828;1085;2021-02-27;18467
2021-02-26;"Košický kraj";440;45466;492;45958;NA;44828;932;2021-02-26;17382
2021-02-25;"Košický kraj";331;19872;342;20214;NA;44828;673;2021-02-25;16450
2021-02-24;"Košický kraj";263;18751;505;19256;NA;44828;768;2021-02-24;15777
2021-02-23;"Košický kraj";642;21605;341;21946;NA;44828;983;2021-02-23;15009
2021-02-22;"Košický kraj";362;30858;434;31292;NA;44828;796;2021-02-22;14026
2021-02-21;"Košický kraj";170;40464;385;40849;NA;44828;555;2021-02-21;13230
2021-02-20;"Košický kraj";283;92550;770;93320;NA;44828;1053;2021-02-20;12675
2021-02-19;"Košický kraj";507;41579;583;42162;NA;44828;1090;2021-02-19;11622
2021-02-18;"Košický kraj";397;18442;345;18787;NA;44828;742;2021-02-18;10532
2021-02-17;"Košický kraj";322;18080;387;18467;NA;44828;709;2021-02-17;9790
2021-02-16;"Košický kraj";600;22111;463;22574;NA;44828;1063;2021-02-16;9081
2021-02-15;"Košický kraj";216;27633;419;28052;NA;44828;635;2021-02-15;8018
2021-02-14;"Košický kraj";241;56743;524;57267;NA;44828;765;2021-02-14;7383
2021-02-13;"Košický kraj";206;93745;765;94510;NA;44828;971;2021-02-13;6618
2021-02-12;"Košický kraj";448;49924;611;50535;NA;44828;1059;2021-02-12;5647
2021-02-11;"Košický kraj";435;14524;323;14847;NA;44828;758;2021-02-11;4588
2021-02-10;"Košický kraj";360;18475;431;18906;NA;44828;791;2021-02-10;3830
2021-02-09;"Košický kraj";544;24841;463;25304;NA;44828;1007;2021-02-09;3039
2021-02-08;"Košický kraj";237;24836;392;25228;NA;44828;629;2021-02-08;2032
2021-02-07;"Košický kraj";208;56897;612;57509;NA;44828;820;2021-02-07;1403
2021-02-06;"Košický kraj";318;104357;884;105241;NA;44828;1202;2021-02-06;583
2021-02-05;"Košický kraj";384;43186;494;43680;NA;44828;878;2021-02-05;-619
2021-02-04;"Košický kraj";391;14512;371;14883;NA;44828;762;2021-02-04;-1497
2021-02-03;"Košický kraj";296;12599;339;12938;NA;44828;635;2021-02-03;-2259
2021-02-02;"Košický kraj";473;43883;1212;45095;NA;44828;1685;2021-02-02;-2894
2021-02-01;"Košický kraj";415;21984;362;22346;NA;44828;777;2021-02-01;-4579
2021-01-31;"Košický kraj";142;54690;617;55307;NA;44828;759;2021-01-31;-5356
2021-01-30;"Košický kraj";320;76722;661;77383;NA;44828;981;2021-01-30;-6115
2021-01-29;"Košický kraj";311;37164;466;37630;NA;44828;777;2021-01-29;-7096
2021-01-28;"Košický kraj";540;9006;244;9250;NA;44828;784;2021-01-28;-7873
2021-01-27;"Košický kraj";265;7575;211;7786;NA;44828;476;2021-01-27;-8657
2021-01-26;"Košický kraj";530;14210;245;14455;NA;44828;775;2021-01-26;-9133
2021-01-25;"Košický kraj";226;26431;413;26844;NA;44828;639;2021-01-25;-9908
2021-01-24;"Košický kraj";150;44419;581;45000;NA;44828;731;2021-01-24;-10547
2021-01-23;"Košický kraj";232;82705;857;83562;NA;44828;1089;2021-01-23;-11278
2021-01-22;"Košický kraj";316;19997;265;20262;NA;44828;581;2021-01-22;-12367
2021-01-21;"Košický kraj";274;14053;159;14212;NA;44828;433;2021-01-21;-12948
2021-01-20;"Košický kraj";374;10844;201;11045;NA;44828;575;2021-01-20;-13381
2021-01-19;"Košický kraj";248;9717;181;9898;NA;44828;429;2021-01-19;-13956
2021-01-18;"Košický kraj";333;7659;262;7921;NA;44828;595;2021-01-18;-14385
2021-01-17;"Košický kraj";155;535;14;549;NA;44828;169;2021-01-17;-14980
2021-01-16;"Košický kraj";153;1403;47;1450;NA;44828;200;2021-01-16;-15149
2021-01-15;"Košický kraj";308;6443;213;6656;NA;44828;521;2021-01-15;-15349
2021-01-14;"Košický kraj";358;5471;221;5692;NA;44828;579;2021-01-14;-15870
2021-01-13;"Košický kraj";421;4897;226;5123;NA;44828;647;2021-01-13;-16449
2021-01-12;"Košický kraj";482;6473;237;6710;NA;44828;719;2021-01-12;-17096
2021-01-11;"Košický kraj";309;7553;286;7839;NA;44828;595;2021-01-11;-17815
2021-01-10;"Košický kraj";193;136;6;142;NA;44828;199;2021-01-10;-18410
2021-01-09;"Košický kraj";469;1134;45;1179;NA;44828;514;2021-01-09;-18609
2021-01-08;"Košický kraj";551;7106;348;7454;NA;44828;899;2021-01-08;-19123
2021-01-07;"Košický kraj";251;5853;398;6251;NA;44828;649;2021-01-07;-20022
2021-01-06;"Košický kraj";442;429;33;462;NA;44828;475;2021-01-06;-20671
2021-01-05;"Košický kraj";584;7633;527;8160;NA;44828;1111;2021-01-05;-21146
2021-01-04;"Košický kraj";407;6479;660;7139;NA;44828;1067;2021-01-04;-22257
2021-01-03;"Košický kraj";118;661;22;683;NA;44828;140;2021-01-03;-23324
2021-01-02;"Košický kraj";88;440;52;492;NA;44828;140;2021-01-02;-23464
2021-01-01;"Košický kraj";398;725;49;774;NA;44828;447;2021-01-01;-23604
2020-12-31;"Košický kraj";625;7877;461;8338;NA;44828;1086;2020-12-31;-24051
2020-12-30;"Košický kraj";590;6477;412;6889;NA;44828;1002;2020-12-30;-25137
2020-12-29;"Košický kraj";419;7573;605;8178;NA;44828;1024;2020-12-29;-26139
2020-12-28;"Košický kraj";356;8296;804;9100;NA;44828;1160;2020-12-28;-27163
2020-12-27;"Košický kraj";159;147;16;163;NA;44828;175;2020-12-27;-28323
2020-12-26;"Košický kraj";163;274;23;297;NA;44828;186;2020-12-26;-28498
2020-12-25;"Košický kraj";237;140;10;150;NA;44828;247;2020-12-25;-28684
2020-12-24;"Košický kraj";564;1470;90;1560;NA;44828;654;2020-12-24;-28931
2020-12-23;"Košický kraj";304;7942;354;8296;NA;44828;658;2020-12-23;-29585
2020-12-22;"Košický kraj";438;7915;459;8374;NA;44828;897;2020-12-22;-30243
2020-12-21;"Košický kraj";405;6981;509;7490;NA;44828;914;2020-12-21;-31140
2020-12-20;"Košický kraj";215;73;11;84;NA;44828;226;2020-12-20;-32054
2020-12-19;"Košický kraj";207;1309;63;1372;NA;44828;270;2020-12-19;-32280
2020-12-18;"Košický kraj";310;8484;326;8810;NA;44828;636;2020-12-18;-32550
2020-12-17;"Košický kraj";463;5292;255;5547;NA;44828;718;2020-12-17;-33186
2020-12-16;"Košický kraj";455;5898;316;6214;NA;44828;771;2020-12-16;-33904
2020-12-15;"Košický kraj";319;5086;338;5424;NA;44828;657;2020-12-15;-34675
2020-12-14;"Košický kraj";256;3401;264;3665;NA;44828;520;2020-12-14;-35332
2020-12-13;"Košický kraj";47;181;2;183;NA;44828;49;2020-12-13;-35852
2020-12-12;"Košický kraj";369;1587;118;1705;NA;44828;487;2020-12-12;-35901
2020-12-11;"Košický kraj";354;5461;258;5719;NA;44828;612;2020-12-11;-36388
2020-12-10;"Košický kraj";283;4064;176;4240;NA;44828;459;2020-12-10;-37000
2020-12-09;"Košický kraj";279;3786;166;3952;NA;44828;445;2020-12-09;-37459
2020-12-08;"Košický kraj";226;4105;355;4460;NA;44828;581;2020-12-08;-37904
2020-12-07;"Košický kraj";270;2383;106;2489;NA;44828;376;2020-12-07;-38485
2020-12-06;"Košický kraj";121;97;20;117;NA;44828;141;2020-12-06;-38861
2020-12-05;"Košický kraj";90;1096;48;1144;NA;44828;138;2020-12-05;-39002
2020-12-04;"Košický kraj";224;2680;82;2762;NA;44828;306;2020-12-04;-39140
2020-12-03;"Košický kraj";211;7717;173;7890;NA;44828;384;2020-12-03;-39446
2020-12-02;"Košický kraj";193;8132;496;8628;NA;44828;689;2020-12-02;-39830
2020-12-01;"Košický kraj";178;2237;124;2361;NA;44828;302;2020-12-01;-40519
2020-11-30;"Košický kraj";171;3598;59;3657;NA;44828;230;2020-11-30;-40821
2020-11-29;"Košický kraj";31;325;17;342;NA;44828;48;2020-11-29;-41051
2020-11-28;"Košický kraj";69;721;52;773;NA;44828;121;2020-11-28;-41099
2020-11-27;"Košický kraj";149;2921;78;2999;NA;44828;227;2020-11-27;-41220
2020-11-26;"Košický kraj";239;1234;60;1294;NA;44828;299;2020-11-26;-41447
2020-11-25;"Košický kraj";237;1785;123;1908;NA;44828;360;2020-11-25;-41746
2020-11-24;"Košický kraj";196;1976;67;2043;NA;44828;263;2020-11-24;-42106
2020-11-23;"Košický kraj";51;4115;63;4178;NA;44828;114;2020-11-23;-42369
2020-11-22;"Košický kraj";57;57;5;62;NA;44828;62;2020-11-22;-42483
2020-11-21;"Košický kraj";87;858;36;894;NA;44828;123;2020-11-21;-42545
2020-11-20;"Košický kraj";176;3084;49;3133;NA;44828;225;2020-11-20;-42668
2020-11-19;"Košický kraj";206;1736;48;1784;NA;44828;254;2020-11-19;-42893
2020-11-18;"Košický kraj";122;532;17;549;NA;44828;139;2020-11-18;-43147
2020-11-17;"Košický kraj";152;82;9;91;NA;44828;161;2020-11-17;-43286
2020-11-16;"Košický kraj";114;596;27;623;NA;44828;141;2020-11-16;-43447
2020-11-15;"Košický kraj";15;338;7;345;NA;44828;22;2020-11-15;-43588
2020-11-14;"Košický kraj";234;520;12;532;NA;44828;246;2020-11-14;-43610
2020-11-13;"Košický kraj";207;664;29;693;NA;44828;236;2020-11-13;-43856
2020-11-12;"Košický kraj";192;736;13;749;NA;44828;205;2020-11-12;-44092
2020-11-11;"Košický kraj";301;593;7;600;NA;44828;308;2020-11-11;-44297
2020-11-10;"Košický kraj";190;541;11;552;NA;44828;201;2020-11-10;-44605
2020-11-09;"Košický kraj";129;380;17;397;NA;44828;146;2020-11-09;-44806
2020-11-08;"Košický kraj";78;1306;8;1314;NA;44828;86;2020-11-08;-44952
2020-11-07;"Košický kraj";192;3909;22;3931;NA;44828;214;2020-11-07;-45038
2020-11-06;"Košický kraj";195;5310;34;5344;NA;44828;229;2020-11-06;-45252
2020-11-05;"Košický kraj";342;330;31;361;NA;44828;373;2020-11-05;-45481
2020-11-04;"Košický kraj";101;154;6;160;NA;44828;107;2020-11-04;-45854
2020-11-03;"Košický kraj";358;1122;13;1135;NA;44828;371;2020-11-03;-45961
2020-11-02;"Košický kraj";111;6125;56;6181;NA;44828;167;2020-11-02;-46332
2020-11-01;"Košický kraj";346;6522;34;6556;NA;44828;380;2020-11-01;-46499
2020-10-31;"Košický kraj";82;14035;106;14141;NA;44828;188;2020-10-31;-46879
2020-10-30;"Košický kraj";379;2835;27;2862;NA;44828;406;2020-10-30;-47067
2020-10-29;"Košický kraj";333;983;13;996;NA;44828;346;2020-10-29;-47473
2020-10-28;"Košický kraj";224;305;13;318;NA;44828;237;2020-10-28;-47819
2020-10-27;"Košický kraj";386;439;21;460;NA;44828;407;2020-10-27;-48056
2020-10-26;"Košický kraj";56;212;12;224;NA;44828;68;2020-10-26;-48463
2020-10-25;"Košický kraj";154;79;2;81;NA;44828;156;2020-10-25;-48531
2020-10-24;"Košický kraj";313;118;16;134;NA;44828;329;2020-10-24;-48687
2020-10-23;"Košický kraj";315;331;8;339;NA;44828;323;2020-10-23;-49016
2020-10-22;"Košický kraj";349;530;16;546;NA;44828;365;2020-10-22;-49339
2020-10-21;"Košický kraj";129;84;2;86;NA;44828;131;2020-10-21;-49704
2020-10-20;"Košický kraj";181;14;1;15;NA;44828;182;2020-10-20;-49835
2020-10-19;"Košický kraj";64;38;1;39;NA;44828;65;2020-10-19;-50017
2020-10-18;"Košický kraj";158;0;0;0;NA;44828;158;2020-10-18;-50082
2020-10-17;"Košický kraj";142;0;0;0;NA;44828;142;2020-10-17;-50240
2020-10-16;"Košický kraj";206;19;0;19;NA;44828;206;2020-10-16;-50382
2020-10-15;"Košický kraj";177;19;5;24;NA;44828;182;2020-10-15;-50588
2020-10-14;"Košický kraj";211;8;0;8;NA;44828;211;2020-10-14;-50770
2020-10-13;"Košický kraj";179;80;3;83;NA;44828;182;2020-10-13;-50981
2020-10-12;"Košický kraj";74;0;0;0;NA;44828;74;2020-10-12;-51163
2020-10-11;"Košický kraj";121;0;0;0;NA;44828;121;2020-10-11;-51237
2020-10-10;"Košický kraj";70;0;0;0;NA;44828;70;2020-10-10;-51358
2020-10-09;"Košický kraj";188;0;0;0;NA;44828;188;2020-10-09;-51428
2020-10-08;"Košický kraj";102;0;0;0;NA;44828;102;2020-10-08;-51616
2020-10-07;"Košický kraj";158;0;0;0;NA;44828;158;2020-10-07;-51718
2020-10-06;"Košický kraj";70;0;0;0;NA;44828;70;2020-10-06;-51876
2020-10-05;"Košický kraj";39;0;0;0;NA;44828;39;2020-10-05;-51946
2020-10-04;"Košický kraj";45;0;0;0;NA;44828;45;2020-10-04;-51985
2020-10-03;"Košický kraj";105;0;0;0;NA;44828;105;2020-10-03;-52030
2020-10-02;"Košický kraj";57;0;0;0;NA;44828;57;2020-10-02;-52135
2020-10-01;"Košický kraj";69;0;0;0;NA;44828;69;2020-10-01;-52192
2020-09-30;"Košický kraj";95;0;0;0;NA;44828;95;2020-09-30;-52261
2020-09-29;"Košický kraj";75;0;0;0;NA;44828;75;2020-09-29;-52356
2020-09-28;"Košický kraj";19;0;0;0;NA;44828;19;2020-09-28;-52431
2020-09-27;"Košický kraj";21;0;0;0;NA;44828;21;2020-09-27;-52450
2020-09-26;"Košický kraj";53;0;0;0;NA;44828;53;2020-09-26;-52471
2020-09-25;"Košický kraj";72;0;0;0;NA;44828;72;2020-09-25;-52524
2020-09-24;"Košický kraj";35;0;0;0;NA;44828;35;2020-09-24;-52596
2020-09-23;"Košický kraj";23;0;0;0;NA;44828;23;2020-09-23;-52631
2020-09-22;"Košický kraj";39;0;0;0;NA;44828;39;2020-09-22;-52654
2020-09-21;"Košický kraj";5;0;0;0;NA;44828;5;2020-09-21;-52693
2020-09-20;"Košický kraj";3;0;0;0;NA;44828;3;2020-09-20;-52698
2020-09-19;"Košický kraj";13;0;0;0;NA;44828;13;2020-09-19;-52701
2020-09-18;"Košický kraj";20;0;0;0;NA;44828;20;2020-09-18;-52714
2020-09-17;"Košický kraj";22;0;0;0;NA;44828;22;2020-09-17;-52734
2020-09-16;"Košický kraj";12;0;0;0;NA;44828;12;2020-09-16;-52756
2020-09-15;"Košický kraj";10;0;0;0;NA;44828;10;2020-09-15;-52768
2020-09-14;"Košický kraj";6;0;0;0;NA;44828;6;2020-09-14;-52778
2020-09-13;"Košický kraj";3;0;0;0;NA;44828;3;2020-09-13;-52784
2020-09-12;"Košický kraj";16;0;0;0;NA;44828;16;2020-09-12;-52787
2020-09-11;"Košický kraj";20;0;0;0;NA;44828;20;2020-09-11;-52803
2020-09-10;"Košický kraj";11;0;0;0;NA;44828;11;2020-09-10;-52823
2020-09-09;"Košický kraj";37;0;0;0;NA;44828;37;2020-09-09;-52834
2020-09-08;"Košický kraj";10;0;0;0;NA;44828;10;2020-09-08;-52871
2020-09-07;"Košický kraj";4;0;0;0;NA;44828;4;2020-09-07;-52881
2020-09-06;"Košický kraj";2;0;0;0;NA;44828;2;2020-09-06;-52885
2020-09-05;"Košický kraj";10;0;0;0;NA;44828;10;2020-09-05;-52887
2020-09-04;"Košický kraj";14;0;0;0;NA;44828;14;2020-09-04;-52897
2020-09-03;"Košický kraj";22;0;0;0;NA;44828;22;2020-09-03;-52911
2020-09-02;"Košický kraj";13;0;0;0;NA;44828;13;2020-09-02;-52933
2020-09-01;"Košický kraj";21;0;0;0;NA;44828;21;2020-09-01;-52946
2020-08-31;"Košický kraj";9;0;0;0;NA;44828;9;2020-08-31;-52967
2020-08-30;"Košický kraj";21;0;0;0;NA;44828;21;2020-08-30;-52976
2020-08-29;"Košický kraj";1;0;0;0;NA;44828;1;2020-08-29;-52997
2020-08-28;"Košický kraj";19;0;0;0;NA;44828;19;2020-08-28;-52998
2020-08-27;"Košický kraj";15;0;0;0;NA;44828;15;2020-08-27;-53017
2020-08-26;"Košický kraj";8;0;0;0;NA;44828;8;2020-08-26;-53032
2020-08-25;"Košický kraj";23;0;0;0;NA;44828;23;2020-08-25;-53040
2020-08-24;"Košický kraj";6;0;0;0;NA;44828;6;2020-08-24;-53063
2020-08-23;"Košický kraj";8;0;0;0;NA;44828;8;2020-08-23;-53069
2020-08-22;"Košický kraj";13;0;0;0;NA;44828;13;2020-08-22;-53077
2020-08-21;"Košický kraj";10;0;0;0;NA;44828;10;2020-08-21;-53090
2020-08-20;"Košický kraj";10;0;0;0;NA;44828;10;2020-08-20;-53100
2020-08-19;"Košický kraj";3;0;0;0;NA;44828;3;2020-08-19;-53110
2020-08-18;"Košický kraj";7;0;0;0;NA;44828;7;2020-08-18;-53113
2020-08-17;"Košický kraj";2;0;0;0;NA;44828;2;2020-08-17;-53120
2020-08-16;"Košický kraj";2;0;0;0;NA;44828;2;2020-08-16;-53122
2020-08-15;"Košický kraj";3;0;0;0;NA;44828;3;2020-08-15;-53124
2020-08-14;"Košický kraj";1;0;0;0;NA;44828;1;2020-08-14;-53127
2020-08-13;"Košický kraj";3;0;0;0;NA;44828;3;2020-08-13;-53128
2020-08-12;"Košický kraj";12;0;0;0;NA;44828;12;2020-08-12;-53131
2020-08-11;"Košický kraj";5;0;0;0;NA;44828;5;2020-08-11;-53143
2020-08-10;"Košický kraj";1;0;0;0;NA;44828;1;2020-08-10;-53148
2020-08-09;"Košický kraj";0;0;0;0;NA;44828;0;2020-08-09;-53149
2020-08-08;"Košický kraj";5;0;0;0;NA;44828;5;2020-08-08;-53149
2020-08-07;"Košický kraj";7;0;0;0;NA;44828;7;2020-08-07;-53154
2020-08-06;"Košický kraj";3;0;0;0;NA;44828;3;2020-08-06;-53161
2020-08-05;"Košický kraj";4;0;0;0;NA;44828;4;2020-08-05;-53164
2020-08-04;"Košický kraj";1;0;0;0;NA;44828;1;2020-08-04;-53168
2020-08-03;"Košický kraj";1;0;0;0;NA;44828;1;2020-08-03;-53169
2020-08-02;"Košický kraj";0;0;0;0;NA;44828;0;2020-08-02;-53170
2020-08-01;"Košický kraj";0;0;0;0;NA;44828;0;2020-08-01;-53170
2020-07-31;"Košický kraj";0;0;0;0;NA;44828;0;2020-07-31;-53170
2020-07-30;"Košický kraj";2;0;0;0;NA;44828;2;2020-07-30;-53170
2020-07-29;"Košický kraj";1;0;0;0;NA;44828;1;2020-07-29;-53172
2020-07-28;"Košický kraj";9;0;0;0;NA;44828;9;2020-07-28;-53173
2020-07-27;"Košický kraj";4;0;0;0;NA;44828;4;2020-07-27;-53182
2020-07-26;"Košický kraj";0;0;0;0;NA;44828;0;2020-07-26;-53186
2020-07-25;"Košický kraj";2;0;0;0;NA;44828;2;2020-07-25;-53186
2020-07-24;"Košický kraj";2;0;0;0;NA;44828;2;2020-07-24;-53188
2020-07-23;"Košický kraj";1;0;0;0;NA;44828;1;2020-07-23;-53190
2020-07-22;"Košický kraj";1;0;0;0;NA;44828;1;2020-07-22;-53191
2020-07-21;"Košický kraj";0;0;0;0;NA;44828;0;2020-07-21;-53192
2020-07-20;"Košický kraj";0;0;0;0;NA;44828;0;2020-07-20;-53192
2020-07-19;"Košický kraj";0;0;0;0;NA;44828;0;2020-07-19;-53192
2020-07-18;"Košický kraj";1;0;0;0;NA;44828;1;2020-07-18;-53192
2020-07-17;"Košický kraj";1;0;0;0;NA;44828;1;2020-07-17;-53193
2020-07-16;"Košický kraj";0;0;0;0;NA;44828;0;2020-07-16;-53194
2020-07-15;"Košický kraj";2;0;0;0;NA;44828;2;2020-07-15;-53194
2020-07-14;"Košický kraj";1;0;0;0;NA;44828;1;2020-07-14;-53196
2020-07-13;"Košický kraj";1;0;0;0;NA;44828;1;2020-07-13;-53197
2020-07-12;"Košický kraj";0;0;0;0;NA;44828;0;2020-07-12;-53198
2020-07-11;"Košický kraj";0;0;0;0;NA;44828;0;2020-07-11;-53198
2020-07-10;"Košický kraj";1;0;0;0;NA;44828;1;2020-07-10;-53198
2020-07-09;"Košický kraj";1;0;0;0;NA;44828;1;2020-07-09;-53199
2020-07-08;"Košický kraj";12;0;0;0;NA;44828;12;2020-07-08;-53200
2020-07-07;"Košický kraj";0;0;0;0;NA;44828;0;2020-07-07;-53212
2020-07-06;"Košický kraj";0;0;0;0;NA;44828;0;2020-07-06;-53212
2020-07-05;"Košický kraj";0;0;0;0;NA;44828;0;2020-07-05;-53212
2020-07-04;"Košický kraj";0;0;0;0;NA;44828;0;2020-07-04;-53212
2020-07-03;"Košický kraj";1;0;0;0;NA;44828;1;2020-07-03;-53212
2020-07-02;"Košický kraj";0;0;0;0;NA;44828;0;2020-07-02;-53213
2020-07-01;"Košický kraj";1;0;0;0;NA;44828;1;2020-07-01;-53213
2020-06-30;"Košický kraj";0;0;0;0;NA;44828;0;2020-06-30;-53214
2020-06-29;"Košický kraj";0;0;0;0;NA;44828;0;2020-06-29;-53214
2020-06-28;"Košický kraj";0;0;0;0;NA;44828;0;2020-06-28;-53214
2020-06-27;"Košický kraj";0;0;0;0;NA;44828;0;2020-06-27;-53214
2020-06-26;"Košický kraj";0;0;0;0;NA;44828;0;2020-06-26;-53214
2020-06-25;"Košický kraj";3;0;0;0;NA;44828;3;2020-06-25;-53214
2020-06-24;"Košický kraj";3;0;0;0;NA;44828;3;2020-06-24;-53217
2020-06-23;"Košický kraj";3;0;0;0;NA;44828;3;2020-06-23;-53220
2020-06-22;"Košický kraj";0;0;0;0;NA;44828;0;2020-06-22;-53223
2020-06-21;"Košický kraj";0;0;0;0;NA;44828;0;2020-06-21;-53223
2020-06-20;"Košický kraj";0;0;0;0;NA;44828;0;2020-06-20;-53223
2020-06-19;"Košický kraj";0;0;0;0;NA;44828;0;2020-06-19;-53223
2020-06-18;"Košický kraj";1;0;0;0;NA;44828;1;2020-06-18;-53223
2020-06-17;"Košický kraj";0;0;0;0;NA;44828;0;2020-06-17;-53224
2020-06-16;"Košický kraj";2;0;0;0;NA;44828;2;2020-06-16;-53224
2020-06-14;"Košický kraj";0;0;0;0;NA;44828;0;2020-06-14;-53226
2020-06-13;"Košický kraj";0;0;0;0;NA;44828;0;2020-06-13;-53226
2020-06-12;"Košický kraj";0;0;0;0;NA;44828;0;2020-06-12;-53226
2020-06-11;"Košický kraj";0;0;0;0;NA;44828;0;2020-06-11;-53226
2020-06-10;"Košický kraj";6;0;0;0;NA;44828;6;2020-06-10;-53226
2020-06-09;"Košický kraj";0;0;0;0;NA;44828;0;2020-06-09;-53232
2020-06-08;"Košický kraj";0;0;0;0;NA;44828;0;2020-06-08;-53232
2020-06-07;"Košický kraj";2;0;0;0;NA;44828;2;2020-06-07;-53232
2020-06-05;"Košický kraj";0;0;0;0;NA;44828;0;2020-06-05;-53234
2020-06-03;"Košický kraj";0;0;0;0;NA;44828;0;2020-06-03;-53234
2020-06-02;"Košický kraj";1;0;0;0;NA;44828;1;2020-06-02;-53234
2020-05-31;"Košický kraj";0;0;0;0;NA;44828;0;2020-05-31;-53235
2020-05-29;"Košický kraj";1;0;0;0;NA;44828;1;2020-05-29;-53235
2020-05-27;"Košický kraj";0;0;0;0;NA;44828;0;2020-05-27;-53236
2020-05-26;"Košický kraj";1;0;0;0;NA;44828;1;2020-05-26;-53236
2020-05-25;"Košický kraj";1;0;0;0;NA;44828;1;2020-05-25;-53237
2020-05-24;"Košický kraj";0;0;0;0;NA;44828;0;2020-05-24;-53238
2020-05-23;"Košický kraj";0;0;0;0;NA;44828;0;2020-05-23;-53238
2020-05-22;"Košický kraj";0;0;0;0;NA;44828;0;2020-05-22;-53238
2020-05-21;"Košický kraj";0;0;0;0;NA;44828;0;2020-05-21;-53238
2020-05-20;"Košický kraj";3;0;0;0;NA;44828;3;2020-05-20;-53238
2020-05-19;"Košický kraj";0;0;0;0;NA;44828;0;2020-05-19;-53241
2020-05-17;"Košický kraj";1;0;0;0;NA;44828;1;2020-05-17;-53241
2020-05-16;"Košický kraj";1;0;0;0;NA;44828;1;2020-05-16;-53242
2020-05-15;"Košický kraj";10;0;0;0;NA;44828;10;2020-05-15;-53243
2020-05-14;"Košický kraj";1;0;0;0;NA;44828;1;2020-05-14;-53253
2020-05-13;"Košický kraj";6;0;0;0;NA;44828;6;2020-05-13;-53254
2020-05-12;"Košický kraj";0;0;0;0;NA;44828;0;2020-05-12;-53260
2020-05-11;"Košický kraj";0;0;0;0;NA;44828;0;2020-05-11;-53260
2020-05-09;"Košický kraj";0;0;0;0;NA;44828;0;2020-05-09;-53260
2020-05-07;"Košický kraj";0;0;0;0;NA;44828;0;2020-05-07;-53260
2020-05-06;"Košický kraj";1;0;0;0;NA;44828;1;2020-05-06;-53260
2020-05-05;"Košický kraj";0;0;0;0;NA;44828;0;2020-05-05;-53261
2020-05-04;"Košický kraj";0;0;0;0;NA;44828;0;2020-05-04;-53261
2020-05-03;"Košický kraj";0;0;0;0;NA;44828;0;2020-05-03;-53261
2020-05-02;"Košický kraj";1;0;0;0;NA;44828;1;2020-05-02;-53261
2020-05-01;"Košický kraj";0;0;0;0;NA;44828;0;2020-05-01;-53262
2020-04-30;"Košický kraj";1;0;0;0;NA;44828;1;2020-04-30;-53262
2020-04-29;"Košický kraj";1;0;0;0;NA;44828;1;2020-04-29;-53263
2020-04-28;"Košický kraj";1;0;0;0;NA;44828;1;2020-04-28;-53264
2020-04-27;"Košický kraj";1;0;0;0;NA;44828;1;2020-04-27;-53265
2020-04-26;"Košický kraj";0;0;0;0;NA;44828;0;2020-04-26;-53266
2020-04-25;"Košický kraj";0;0;0;0;NA;44828;0;2020-04-25;-53266
2020-04-24;"Košický kraj";3;0;0;0;NA;44828;3;2020-04-24;-53266
2020-04-23;"Košický kraj";4;0;0;0;NA;44828;4;2020-04-23;-53269
2020-04-22;"Košický kraj";21;0;0;0;NA;44828;21;2020-04-22;-53273
2020-04-21;"Košický kraj";4;0;0;0;NA;44828;4;2020-04-21;-53294
2020-04-20;"Košický kraj";0;0;0;0;NA;44828;0;2020-04-20;-53298
2020-04-19;"Košický kraj";1;0;0;0;NA;44828;1;2020-04-19;-53298
2020-04-18;"Košický kraj";2;0;0;0;NA;44828;2;2020-04-18;-53299
2020-04-17;"Košický kraj";7;0;0;0;NA;44828;7;2020-04-17;-53301
2020-04-16;"Košický kraj";29;0;0;0;NA;44828;29;2020-04-16;-53308
2020-04-15;"Košický kraj";50;0;0;0;NA;44828;50;2020-04-15;-53337
2020-04-14;"Košický kraj";4;0;0;0;NA;44828;4;2020-04-14;-53387
2020-04-13;"Košický kraj";5;0;0;0;NA;44828;5;2020-04-13;-53391
2020-04-12;"Košický kraj";4;0;0;0;NA;44828;4;2020-04-12;-53396
2020-04-11;"Košický kraj";2;0;0;0;NA;44828;2;2020-04-11;-53400
2020-04-10;"Košický kraj";1;0;0;0;NA;44828;1;2020-04-10;-53402
2020-04-09;"Košický kraj";4;0;0;0;NA;44828;4;2020-04-09;-53403
2020-04-08;"Košický kraj";5;0;0;0;NA;44828;5;2020-04-08;-53407
2020-04-07;"Košický kraj";34;0;0;0;NA;44828;34;2020-04-07;-53412
2020-04-06;"Košický kraj";6;0;0;0;NA;44828;6;2020-04-06;-53446
2020-04-05;"Košický kraj";4;0;0;0;NA;44828;4;2020-04-05;-53452
2020-04-04;"Košický kraj";5;0;0;0;NA;44828;5;2020-04-04;-53456
2020-04-03;"Košický kraj";4;0;0;0;NA;44828;4;2020-04-03;-53461
2020-04-02;"Košický kraj";3;0;0;0;NA;44828;3;2020-04-02;-53465
2020-04-01;"Košický kraj";3;0;0;0;NA;44828;3;2020-04-01;-53468
2020-03-31;"Košický kraj";1;0;0;0;NA;44828;1;2020-03-31;-53471
2020-03-30;"Košický kraj";5;0;0;0;NA;44828;5;2020-03-30;-53472
2020-03-29;"Košický kraj";0;0;0;0;NA;44828;0;2020-03-29;-53477
2020-03-28;"Košický kraj";1;0;0;0;NA;44828;1;2020-03-28;-53477
2020-03-27;"Košický kraj";1;0;0;0;NA;44828;1;2020-03-27;-53478
2020-03-26;"Košický kraj";3;0;0;0;NA;44828;3;2020-03-26;-53479
2020-03-25;"Košický kraj";2;0;0;0;NA;44828;2;2020-03-25;-53482
2020-03-24;"Košický kraj";0;0;0;0;NA;44828;0;2020-03-24;-53484
2020-03-23;"Košický kraj";2;0;0;0;NA;44828;2;2020-03-23;-53484
2020-03-22;"Košický kraj";0;0;0;0;NA;44828;0;2020-03-22;-53486
2020-03-21;"Košický kraj";3;0;0;0;NA;44828;3;2020-03-21;-53486
2020-03-20;"Košický kraj";1;0;0;0;NA;44828;1;2020-03-20;-53489
2020-03-19;"Košický kraj";0;0;0;0;NA;44828;0;2020-03-19;-53490
2020-03-18;"Košický kraj";0;0;0;0;NA;44828;0;2020-03-18;-53490
2020-03-17;"Košický kraj";0;0;0;0;NA;44828;0;2020-03-17;-53490
2020-03-16;"Košický kraj";3;0;0;0;NA;44828;3;2020-03-16;-53490
2020-03-15;"Košický kraj";1;0;0;0;NA;44828;1;2020-03-15;-53493
2020-03-14;"Košický kraj";0;0;0;0;NA;44828;0;2020-03-14;-53494
2020-03-13;"Košický kraj";2;0;0;0;NA;44828;2;2020-03-13;-53494
2020-03-12;"Košický kraj";0;0;0;0;NA;44828;0;2020-03-12;-53496
2020-03-11;"Košický kraj";0;0;0;0;NA;44828;0;2020-03-11;-53496
2020-03-09;"Košický kraj";1;0;0;0;NA;44828;1;2020-03-09;-53496
2020-03-08;"Košický kraj";0;0;0;0;NA;44828;0;2020-03-08;-53497
2020-03-07;"Košický kraj";0;0;0;0;NA;44828;0;2020-03-07;-53497
2020-03-06;"Košický kraj";0;0;0;0;NA;44828;0;2020-03-06;-53497
2021-08-28;"Nitriansky kraj";5;859;3;862;0;53337;8;2021-08-28;53337
2021-08-27;"Nitriansky kraj";7;1493;4;1497;NA;53337;11;2021-08-27;53329
2021-08-26;"Nitriansky kraj";2;1015;4;1019;NA;53337;6;2021-08-26;53318
2021-08-25;"Nitriansky kraj";15;847;1;848;NA;53337;16;2021-08-25;53312
2021-08-24;"Nitriansky kraj";6;796;2;798;NA;53337;8;2021-08-24;53296
2021-08-23;"Nitriansky kraj";13;1162;4;1166;NA;53337;17;2021-08-23;53288
2021-08-22;"Nitriansky kraj";0;1093;3;1096;NA;53337;3;2021-08-22;53271
2021-08-21;"Nitriansky kraj";1;777;1;778;NA;53337;2;2021-08-21;53268
2021-08-20;"Nitriansky kraj";8;1457;5;1462;NA;53337;13;2021-08-20;53266
2021-08-19;"Nitriansky kraj";11;1095;4;1099;NA;53337;15;2021-08-19;53253
2021-08-18;"Nitriansky kraj";8;1111;7;1118;NA;53337;15;2021-08-18;53238
2021-08-17;"Nitriansky kraj";4;948;3;951;NA;53337;7;2021-08-17;53223
2021-08-16;"Nitriansky kraj";7;1004;4;1008;NA;53337;11;2021-08-16;53216
2021-08-15;"Nitriansky kraj";2;580;1;581;NA;53337;3;2021-08-15;53205
2021-08-14;"Nitriansky kraj";1;787;5;792;NA;53337;6;2021-08-14;53202
2021-08-13;"Nitriansky kraj";0;862;1;863;NA;53337;1;2021-08-13;53196
2021-08-12;"Nitriansky kraj";5;683;0;683;NA;53337;5;2021-08-12;53195
2021-08-11;"Nitriansky kraj";3;455;1;456;NA;53337;4;2021-08-11;53190
2021-08-10;"Nitriansky kraj";3;529;1;530;NA;53337;4;2021-08-10;53186
2021-08-09;"Nitriansky kraj";3;916;1;917;NA;53337;4;2021-08-09;53182
2021-08-08;"Nitriansky kraj";0;615;1;616;NA;53337;1;2021-08-08;53178
2021-08-07;"Nitriansky kraj";0;473;1;474;NA;53337;1;2021-08-07;53177
2021-08-06;"Nitriansky kraj";5;693;0;693;NA;53337;5;2021-08-06;53176
2021-08-05;"Nitriansky kraj";6;549;0;549;NA;53337;6;2021-08-05;53171
2021-08-04;"Nitriansky kraj";1;453;0;453;NA;53337;1;2021-08-04;53165
2021-08-03;"Nitriansky kraj";5;445;0;445;NA;53337;5;2021-08-03;53164
2021-08-02;"Nitriansky kraj";1;620;4;624;NA;53337;5;2021-08-02;53159
2021-08-01;"Nitriansky kraj";1;551;0;551;NA;53337;1;2021-08-01;53154
2021-07-31;"Nitriansky kraj";1;468;1;469;NA;53337;2;2021-07-31;53153
2021-07-30;"Nitriansky kraj";2;689;0;689;NA;53337;2;2021-07-30;53151
2021-07-29;"Nitriansky kraj";3;661;2;663;NA;53337;5;2021-07-29;53149
2021-07-28;"Nitriansky kraj";4;598;0;598;NA;53337;4;2021-07-28;53144
2021-07-27;"Nitriansky kraj";12;555;1;556;NA;53337;13;2021-07-27;53140
2021-07-26;"Nitriansky kraj";7;912;0;912;NA;53337;7;2021-07-26;53127
2021-07-25;"Nitriansky kraj";1;591;1;592;NA;53337;2;2021-07-25;53120
2021-07-24;"Nitriansky kraj";0;544;0;544;NA;53337;0;2021-07-24;53118
2021-07-23;"Nitriansky kraj";3;777;1;778;NA;53337;4;2021-07-23;53118
2021-07-22;"Nitriansky kraj";5;622;0;622;NA;53337;5;2021-07-22;53114
2021-07-21;"Nitriansky kraj";6;607;2;609;NA;53337;8;2021-07-21;53109
2021-07-20;"Nitriansky kraj";1;469;1;470;NA;53337;2;2021-07-20;53101
2021-07-19;"Nitriansky kraj";2;924;0;924;NA;53337;2;2021-07-19;53099
2021-07-18;"Nitriansky kraj";1;685;0;685;NA;53337;1;2021-07-18;53097
2021-07-17;"Nitriansky kraj";5;546;0;546;NA;53337;5;2021-07-17;53096
2021-07-16;"Nitriansky kraj";2;784;0;784;NA;53337;2;2021-07-16;53091
2021-07-15;"Nitriansky kraj";11;662;0;662;NA;53337;11;2021-07-15;53089
2021-07-14;"Nitriansky kraj";4;588;0;588;NA;53337;4;2021-07-14;53078
2021-07-13;"Nitriansky kraj";2;637;2;639;NA;53337;4;2021-07-13;53074
2021-07-12;"Nitriansky kraj";1;754;0;754;NA;53337;1;2021-07-12;53070
2021-07-11;"Nitriansky kraj";1;892;0;892;NA;53337;1;2021-07-11;53069
2021-07-10;"Nitriansky kraj";1;573;0;573;NA;53337;1;2021-07-10;53068
2021-07-09;"Nitriansky kraj";3;870;0;870;NA;53337;3;2021-07-09;53067
2021-07-08;"Nitriansky kraj";0;616;0;616;NA;53337;0;2021-07-08;53064
2021-07-07;"Nitriansky kraj";2;874;2;876;NA;53337;4;2021-07-07;53064
2021-07-06;"Nitriansky kraj";1;1198;1;1199;NA;53337;2;2021-07-06;53060
2021-07-05;"Nitriansky kraj";1;452;0;452;NA;53337;1;2021-07-05;53058
2021-07-04;"Nitriansky kraj";0;745;1;746;NA;53337;1;2021-07-04;53057
2021-07-03;"Nitriansky kraj";0;611;0;611;NA;53337;0;2021-07-03;53056
2021-07-02;"Nitriansky kraj";0;1061;0;1061;NA;53337;0;2021-07-02;53056
2021-07-01;"Nitriansky kraj";0;316;1;317;NA;53337;1;2021-07-01;53056
2021-06-30;"Nitriansky kraj";1;6702;2;6704;NA;53337;3;2021-06-30;53055
2021-06-29;"Nitriansky kraj";1;3536;0;3536;NA;53337;1;2021-06-29;53052
2021-06-28;"Nitriansky kraj";3;4393;0;4393;NA;53337;3;2021-06-28;53051
2021-06-27;"Nitriansky kraj";0;3263;0;3263;NA;53337;0;2021-06-27;53048
2021-06-26;"Nitriansky kraj";1;4845;2;4847;NA;53337;3;2021-06-26;53048
2021-06-25;"Nitriansky kraj";8;5174;1;5175;NA;53337;9;2021-06-25;53045
2021-06-24;"Nitriansky kraj";1;3354;0;3354;NA;53337;1;2021-06-24;53036
2021-06-23;"Nitriansky kraj";1;3033;0;3033;NA;53337;1;2021-06-23;53035
2021-06-22;"Nitriansky kraj";1;3240;3;3243;NA;53337;4;2021-06-22;53034
2021-06-21;"Nitriansky kraj";8;5362;8;5370;NA;53337;16;2021-06-21;53030
2021-06-20;"Nitriansky kraj";0;4437;6;4443;NA;53337;6;2021-06-20;53014
2021-06-19;"Nitriansky kraj";0;5750;4;5754;NA;53337;4;2021-06-19;53008
2021-06-18;"Nitriansky kraj";4;6453;3;6456;NA;53337;7;2021-06-18;53004
2021-06-17;"Nitriansky kraj";5;4152;1;4153;NA;53337;6;2021-06-17;52997
2021-06-16;"Nitriansky kraj";4;3694;3;3697;NA;53337;7;2021-06-16;52991
2021-06-15;"Nitriansky kraj";1;3995;0;3995;NA;53337;1;2021-06-15;52984
2021-06-14;"Nitriansky kraj";0;5875;3;5878;NA;53337;3;2021-06-14;52983
2021-06-13;"Nitriansky kraj";0;6184;3;6187;NA;53337;3;2021-06-13;52980
2021-06-12;"Nitriansky kraj";1;7913;1;7914;NA;53337;2;2021-06-12;52977
2021-06-11;"Nitriansky kraj";3;6891;4;6895;NA;53337;7;2021-06-11;52975
2021-06-10;"Nitriansky kraj";7;4539;1;4540;NA;53337;8;2021-06-10;52968
2021-06-09;"Nitriansky kraj";2;4706;2;4708;NA;53337;4;2021-06-09;52960
2021-06-08;"Nitriansky kraj";8;4239;3;4242;NA;53337;11;2021-06-08;52956
2021-06-07;"Nitriansky kraj";6;5841;8;5849;NA;53337;14;2021-06-07;52945
2021-06-06;"Nitriansky kraj";0;6981;4;6985;NA;53337;4;2021-06-06;52931
2021-06-05;"Nitriansky kraj";6;8529;9;8538;NA;53337;15;2021-06-05;52927
2021-06-04;"Nitriansky kraj";9;7608;5;7613;NA;53337;14;2021-06-04;52912
2021-06-03;"Nitriansky kraj";2;5064;6;5070;NA;53337;8;2021-06-03;52898
2021-06-02;"Nitriansky kraj";11;5119;11;5130;NA;53337;22;2021-06-02;52890
2021-06-01;"Nitriansky kraj";3;4847;2;4849;NA;53337;5;2021-06-01;52868
2021-05-31;"Nitriansky kraj";8;8933;8;8941;NA;53337;16;2021-05-31;52863
2021-05-30;"Nitriansky kraj";1;9067;8;9075;NA;53337;9;2021-05-30;52847
2021-05-29;"Nitriansky kraj";2;12799;7;12806;NA;53337;9;2021-05-29;52838
2021-05-28;"Nitriansky kraj";10;8872;6;8878;NA;53337;16;2021-05-28;52829
2021-05-27;"Nitriansky kraj";4;6164;5;6169;NA;53337;9;2021-05-27;52813
2021-05-26;"Nitriansky kraj";11;8509;10;8519;NA;53337;21;2021-05-26;52804
2021-05-25;"Nitriansky kraj";15;7342;8;7350;NA;53337;23;2021-05-25;52783
2021-05-24;"Nitriansky kraj";14;9816;17;9833;NA;53337;31;2021-05-24;52760
2021-05-23;"Nitriansky kraj";1;9456;13;9469;NA;53337;14;2021-05-23;52729
2021-05-22;"Nitriansky kraj";7;16939;11;16950;NA;53337;18;2021-05-22;52715
2021-05-21;"Nitriansky kraj";18;10632;15;10647;NA;53337;33;2021-05-21;52697
2021-05-20;"Nitriansky kraj";8;7185;7;7192;NA;53337;15;2021-05-20;52664
2021-05-19;"Nitriansky kraj";20;6787;14;6801;NA;53337;34;2021-05-19;52649
2021-05-18;"Nitriansky kraj";23;7791;18;7809;NA;53337;41;2021-05-18;52615
2021-05-17;"Nitriansky kraj";22;9774;20;9794;NA;53337;42;2021-05-17;52574
2021-05-16;"Nitriansky kraj";4;13830;15;13845;NA;53337;19;2021-05-16;52532
2021-05-15;"Nitriansky kraj";5;25389;23;25412;NA;53337;28;2021-05-15;52513
2021-05-14;"Nitriansky kraj";18;13385;23;13408;NA;53337;41;2021-05-14;52485
2021-05-13;"Nitriansky kraj";24;8289;19;8308;NA;53337;43;2021-05-13;52444
2021-05-12;"Nitriansky kraj";10;7682;26;7708;NA;53337;36;2021-05-12;52401
2021-05-11;"Nitriansky kraj";36;8163;13;8176;NA;53337;49;2021-05-11;52365
2021-05-10;"Nitriansky kraj";16;13800;42;13842;NA;53337;58;2021-05-10;52316
2021-05-09;"Nitriansky kraj";8;21879;35;21914;NA;53337;43;2021-05-09;52258
2021-05-08;"Nitriansky kraj";0;24318;29;24347;NA;53337;29;2021-05-08;52215
2021-05-07;"Nitriansky kraj";32;14915;20;14935;NA;53337;52;2021-05-07;52186
2021-05-06;"Nitriansky kraj";30;9463;20;9483;NA;53337;50;2021-05-06;52134
2021-05-05;"Nitriansky kraj";19;8527;23;8550;NA;53337;42;2021-05-05;52084
2021-05-04;"Nitriansky kraj";46;9380;27;9407;NA;53337;73;2021-05-04;52042
2021-05-03;"Nitriansky kraj";32;14490;44;14534;NA;53337;76;2021-05-03;51969
2021-05-02;"Nitriansky kraj";4;31751;46;31797;NA;53337;50;2021-05-02;51893
2021-05-01;"Nitriansky kraj";23;60451;43;60494;NA;53337;66;2021-05-01;51843
2021-04-30;"Nitriansky kraj";28;31803;53;31856;NA;53337;81;2021-04-30;51777
2021-04-29;"Nitriansky kraj";27;14265;34;14299;NA;53337;61;2021-04-29;51696
2021-04-28;"Nitriansky kraj";36;14716;45;14761;NA;53337;81;2021-04-28;51635
2021-04-27;"Nitriansky kraj";51;13154;35;13189;NA;53337;86;2021-04-27;51554
2021-04-26;"Nitriansky kraj";38;21029;44;21073;NA;53337;82;2021-04-26;51468
2021-04-25;"Nitriansky kraj";7;44312;46;44358;NA;53337;53;2021-04-25;51386
2021-04-24;"Nitriansky kraj";23;93455;72;93527;NA;53337;95;2021-04-24;51333
2021-04-23;"Nitriansky kraj";54;35145;51;35196;NA;53337;105;2021-04-23;51238
2021-04-22;"Nitriansky kraj";32;15435;44;15479;NA;53337;76;2021-04-22;51133
2021-04-21;"Nitriansky kraj";38;14228;45;14273;NA;53337;83;2021-04-21;51057
2021-04-20;"Nitriansky kraj";67;16058;51;16109;NA;53337;118;2021-04-20;50974
2021-04-19;"Nitriansky kraj";35;24819;59;24878;NA;53337;94;2021-04-19;50856
2021-04-18;"Nitriansky kraj";0;39569;27;39596;NA;53337;27;2021-04-18;50762
2021-04-17;"Nitriansky kraj";34;92102;82;92184;NA;53337;116;2021-04-17;50735
2021-04-16;"Nitriansky kraj";46;32348;37;32385;NA;53337;83;2021-04-16;50619
2021-04-15;"Nitriansky kraj";75;16215;52;16267;NA;53337;127;2021-04-15;50536
2021-04-14;"Nitriansky kraj";43;15303;42;15345;NA;53337;85;2021-04-14;50409
2021-04-13;"Nitriansky kraj";110;15104;44;15148;NA;53337;154;2021-04-13;50324
2021-04-12;"Nitriansky kraj";29;22817;50;22867;NA;53337;79;2021-04-12;50170
2021-04-11;"Nitriansky kraj";1;37537;31;37568;NA;53337;32;2021-04-11;50091
2021-04-10;"Nitriansky kraj";35;95851;115;95966;NA;53337;150;2021-04-10;50059
2021-04-09;"Nitriansky kraj";69;30669;58;30727;NA;53337;127;2021-04-09;49909
2021-04-08;"Nitriansky kraj";71;15369;36;15405;NA;53337;107;2021-04-08;49782
2021-04-07;"Nitriansky kraj";64;18541;47;18588;NA;53337;111;2021-04-07;49675
2021-04-06;"Nitriansky kraj";65;33218;112;33330;NA;53337;177;2021-04-06;49564
2021-04-05;"Nitriansky kraj";37;12673;48;12721;NA;53337;85;2021-04-05;49387
2021-04-04;"Nitriansky kraj";5;17887;35;17922;NA;53337;40;2021-04-04;49302
2021-04-03;"Nitriansky kraj";26;85465;153;85618;NA;53337;179;2021-04-03;49262
2021-04-02;"Nitriansky kraj";32;18743;46;18789;NA;53337;78;2021-04-02;49083
2021-04-01;"Nitriansky kraj";63;24610;83;24693;NA;53337;146;2021-04-01;49005
2021-03-31;"Nitriansky kraj";73;21752;94;21846;NA;53337;167;2021-03-31;48859
2021-03-30;"Nitriansky kraj";125;17122;83;17205;NA;53337;208;2021-03-30;48692
2021-03-29;"Nitriansky kraj";81;25139;100;25239;NA;53337;181;2021-03-29;48484
2021-03-28;"Nitriansky kraj";6;45581;106;45687;NA;53337;112;2021-03-28;48303
2021-03-27;"Nitriansky kraj";39;104104;174;104278;NA;53337;213;2021-03-27;48191
2021-03-26;"Nitriansky kraj";90;40444;115;40559;NA;53337;205;2021-03-26;47978
2021-03-25;"Nitriansky kraj";95;19219;94;19313;NA;53337;189;2021-03-25;47773
2021-03-24;"Nitriansky kraj";90;14787;91;14878;NA;53337;181;2021-03-24;47584
2021-03-23;"Nitriansky kraj";167;16753;66;16819;NA;53337;233;2021-03-23;47403
2021-03-22;"Nitriansky kraj";101;24886;125;25011;NA;53337;226;2021-03-22;47170
2021-03-21;"Nitriansky kraj";27;42773;99;42872;NA;53337;126;2021-03-21;46944
2021-03-20;"Nitriansky kraj";36;100640;207;100847;NA;53337;243;2021-03-20;46818
2021-03-19;"Nitriansky kraj";76;37312;102;37414;NA;53337;178;2021-03-19;46575
2021-03-18;"Nitriansky kraj";103;20051;113;20164;NA;53337;216;2021-03-18;46397
2021-03-17;"Nitriansky kraj";87;15839;127;15966;NA;53337;214;2021-03-17;46181
2021-03-16;"Nitriansky kraj";172;18085;121;18206;NA;53337;293;2021-03-16;45967
2021-03-15;"Nitriansky kraj";130;24491;165;24656;NA;53337;295;2021-03-15;45674
2021-03-14;"Nitriansky kraj";3;45770;107;45877;NA;53337;110;2021-03-14;45379
2021-03-13;"Nitriansky kraj";65;112573;242;112815;NA;53337;307;2021-03-13;45269
2021-03-12;"Nitriansky kraj";127;40777;159;40936;NA;53337;286;2021-03-12;44962
2021-03-11;"Nitriansky kraj";131;18686;130;18816;NA;53337;261;2021-03-11;44676
2021-03-10;"Nitriansky kraj";96;17422;143;17565;NA;53337;239;2021-03-10;44415
2021-03-09;"Nitriansky kraj";260;17635;149;17784;NA;53337;409;2021-03-09;44176
2021-03-08;"Nitriansky kraj";145;27214;172;27386;NA;53337;317;2021-03-08;43767
2021-03-07;"Nitriansky kraj";48;46867;185;47052;NA;53337;233;2021-03-07;43450
2021-03-06;"Nitriansky kraj";86;112027;327;112354;NA;53337;413;2021-03-06;43217
2021-03-05;"Nitriansky kraj";133;39068;200;39268;NA;53337;333;2021-03-05;42804
2021-03-04;"Nitriansky kraj";176;18340;173;18513;NA;53337;349;2021-03-04;42471
2021-03-03;"Nitriansky kraj";172;17210;177;17387;NA;53337;349;2021-03-03;42122
2021-03-02;"Nitriansky kraj";274;21003;366;21369;NA;53337;640;2021-03-02;41773
2021-03-01;"Nitriansky kraj";133;27881;279;28160;NA;53337;412;2021-03-01;41133
2021-02-28;"Nitriansky kraj";80;40866;218;41084;NA;53337;298;2021-02-28;40721
2021-02-27;"Nitriansky kraj";101;106352;496;106848;NA;53337;597;2021-02-27;40423
2021-02-26;"Nitriansky kraj";109;36788;308;37096;NA;53337;417;2021-02-26;39826
2021-02-25;"Nitriansky kraj";188;15243;212;15455;NA;53337;400;2021-02-25;39409
2021-02-24;"Nitriansky kraj";125;13833;260;14093;NA;53337;385;2021-02-24;39009
2021-02-23;"Nitriansky kraj";273;15402;273;15675;NA;53337;546;2021-02-23;38624
2021-02-22;"Nitriansky kraj";154;26478;330;26808;NA;53337;484;2021-02-22;38078
2021-02-21;"Nitriansky kraj";22;43664;320;43984;NA;53337;342;2021-02-21;37594
2021-02-20;"Nitriansky kraj";128;109038;586;109624;NA;53337;714;2021-02-20;37252
2021-02-19;"Nitriansky kraj";173;36849;328;37177;NA;53337;501;2021-02-19;36538
2021-02-18;"Nitriansky kraj";202;17046;275;17321;NA;53337;477;2021-02-18;36037
2021-02-17;"Nitriansky kraj";198;12080;310;12390;NA;53337;508;2021-02-17;35560
2021-02-16;"Nitriansky kraj";284;16066;288;16354;NA;53337;572;2021-02-16;35052
2021-02-15;"Nitriansky kraj";122;28636;474;29110;NA;53337;596;2021-02-15;34480
2021-02-14;"Nitriansky kraj";8;49392;315;49707;NA;53337;323;2021-02-14;33884
2021-02-13;"Nitriansky kraj";127;110294;690;110984;NA;53337;817;2021-02-13;33561
2021-02-12;"Nitriansky kraj";162;33405;407;33812;NA;53337;569;2021-02-12;32744
2021-02-11;"Nitriansky kraj";195;12406;270;12676;NA;53337;465;2021-02-11;32175
2021-02-10;"Nitriansky kraj";186;17770;644;18414;NA;53337;830;2021-02-10;31710
2021-02-09;"Nitriansky kraj";260;18530;385;18915;NA;53337;645;2021-02-09;30880
2021-02-08;"Nitriansky kraj";177;37530;569;38099;NA;53337;746;2021-02-08;30235
2021-02-07;"Nitriansky kraj";20;52307;513;52820;NA;53337;533;2021-02-07;29489
2021-02-06;"Nitriansky kraj";129;101439;764;102203;NA;53337;893;2021-02-06;28956
2021-02-05;"Nitriansky kraj";244;26137;491;26628;NA;53337;735;2021-02-05;28063
2021-02-04;"Nitriansky kraj";308;15681;512;16193;NA;53337;820;2021-02-04;27328
2021-02-03;"Nitriansky kraj";191;13459;382;13841;NA;53337;573;2021-02-03;26508
2021-02-02;"Nitriansky kraj";327;17880;382;18262;NA;53337;709;2021-02-02;25935
2021-02-01;"Nitriansky kraj";221;24002;460;24462;NA;53337;681;2021-02-01;25226
2021-01-31;"Nitriansky kraj";9;46215;507;46722;NA;53337;516;2021-01-31;24545
2021-01-30;"Nitriansky kraj";152;99241;1090;100331;NA;53337;1242;2021-01-30;24029
2021-01-29;"Nitriansky kraj";302;22461;477;22938;NA;53337;779;2021-01-29;22787
2021-01-28;"Nitriansky kraj";269;11370;398;11768;NA;53337;667;2021-01-28;22008
2021-01-27;"Nitriansky kraj";235;6758;299;7057;NA;53337;534;2021-01-27;21341
2021-01-26;"Nitriansky kraj";345;16015;454;16469;NA;53337;799;2021-01-26;20807
2021-01-25;"Nitriansky kraj";201;21909;434;22343;NA;53337;635;2021-01-25;20008
2021-01-24;"Nitriansky kraj";12;79041;897;79938;NA;53337;909;2021-01-24;19373
2021-01-23;"Nitriansky kraj";277;97845;1446;99291;NA;53337;1723;2021-01-23;18464
2021-01-22;"Nitriansky kraj";139;35924;619;36543;NA;53337;758;2021-01-22;16741
2021-01-21;"Nitriansky kraj";305;14649;412;15061;NA;53337;717;2021-01-21;15983
2021-01-20;"Nitriansky kraj";326;11991;625;12616;NA;53337;951;2021-01-20;15266
2021-01-19;"Nitriansky kraj";344;11015;633;11648;NA;53337;977;2021-01-19;14315
2021-01-18;"Nitriansky kraj";367;8901;519;9420;NA;53337;886;2021-01-18;13338
2021-01-17;"Nitriansky kraj";97;15061;275;15336;NA;53337;372;2021-01-17;12452
2021-01-16;"Nitriansky kraj";64;36838;679;37517;NA;53337;743;2021-01-16;12080
2021-01-15;"Nitriansky kraj";373;15940;474;16414;NA;53337;847;2021-01-15;11337
2021-01-14;"Nitriansky kraj";627;10577;452;11029;NA;53337;1079;2021-01-14;10490
2021-01-13;"Nitriansky kraj";663;9234;484;9718;NA;53337;1147;2021-01-13;9411
2021-01-12;"Nitriansky kraj";642;8805;545;9350;NA;53337;1187;2021-01-12;8264
2021-01-11;"Nitriansky kraj";422;8347;513;8860;NA;53337;935;2021-01-11;7077
2021-01-10;"Nitriansky kraj";44;19841;730;20571;NA;53337;774;2021-01-10;6142
2021-01-09;"Nitriansky kraj";532;36823;1071;37894;NA;53337;1603;2021-01-09;5368
2021-01-08;"Nitriansky kraj";817;14001;691;14692;NA;53337;1508;2021-01-08;3765
2021-01-07;"Nitriansky kraj";438;10121;795;10916;NA;53337;1233;2021-01-07;2257
2021-01-06;"Nitriansky kraj";259;3192;197;3389;NA;53337;456;2021-01-06;1024
2021-01-05;"Nitriansky kraj";732;8918;1208;10126;NA;53337;1940;2021-01-05;568
2021-01-04;"Nitriansky kraj";362;8375;1287;9662;NA;53337;1649;2021-01-04;-1372
2021-01-03;"Nitriansky kraj";42;84;20;104;NA;53337;62;2021-01-03;-3021
2021-01-02;"Nitriansky kraj";249;1090;26;1116;NA;53337;275;2021-01-02;-3083
2021-01-01;"Nitriansky kraj";119;781;95;876;NA;53337;214;2021-01-01;-3358
2020-12-31;"Nitriansky kraj";786;7646;962;8608;NA;53337;1748;2020-12-31;-3572
2020-12-30;"Nitriansky kraj";1094;9619;1165;10784;NA;53337;2259;2020-12-30;-5320
2020-12-29;"Nitriansky kraj";607;8277;1286;9563;NA;53337;1893;2020-12-29;-7579
2020-12-28;"Nitriansky kraj";83;6804;1220;8024;NA;53337;1303;2020-12-28;-9472
2020-12-27;"Nitriansky kraj";22;60;8;68;NA;53337;30;2020-12-27;-10775
2020-12-26;"Nitriansky kraj";54;297;56;353;NA;53337;110;2020-12-26;-10805
2020-12-25;"Nitriansky kraj";35;60;11;71;NA;53337;46;2020-12-25;-10915
2020-12-24;"Nitriansky kraj";514;1861;176;2037;NA;53337;690;2020-12-24;-10961
2020-12-23;"Nitriansky kraj";349;15295;843;16138;NA;53337;1192;2020-12-23;-11651
2020-12-22;"Nitriansky kraj";673;10989;994;11983;NA;53337;1667;2020-12-22;-12843
2020-12-21;"Nitriansky kraj";128;7953;976;8929;NA;53337;1104;2020-12-21;-14510
2020-12-20;"Nitriansky kraj";77;50;10;60;NA;53337;87;2020-12-20;-15614
2020-12-19;"Nitriansky kraj";262;2259;159;2418;NA;53337;421;2020-12-19;-15701
2020-12-18;"Nitriansky kraj";512;8437;551;8988;NA;53337;1063;2020-12-18;-16122
2020-12-17;"Nitriansky kraj";586;6894;514;7408;NA;53337;1100;2020-12-17;-17185
2020-12-16;"Nitriansky kraj";357;8380;513;8893;NA;53337;870;2020-12-16;-18285
2020-12-15;"Nitriansky kraj";461;9365;769;10134;NA;53337;1230;2020-12-15;-19155
2020-12-14;"Nitriansky kraj";217;8089;827;8916;NA;53337;1044;2020-12-14;-20385
2020-12-13;"Nitriansky kraj";12;69;6;75;NA;53337;18;2020-12-13;-21429
2020-12-12;"Nitriansky kraj";341;1832;125;1957;NA;53337;466;2020-12-12;-21447
2020-12-11;"Nitriansky kraj";409;5430;416;5846;NA;53337;825;2020-12-11;-21913
2020-12-10;"Nitriansky kraj";360;5473;351;5824;NA;53337;711;2020-12-10;-22738
2020-12-09;"Nitriansky kraj";362;5506;529;6035;NA;53337;891;2020-12-09;-23449
2020-12-08;"Nitriansky kraj";340;8168;548;8716;NA;53337;888;2020-12-08;-24340
2020-12-07;"Nitriansky kraj";139;6243;573;6816;NA;53337;712;2020-12-07;-25228
2020-12-06;"Nitriansky kraj";15;89;4;93;NA;53337;19;2020-12-06;-25940
2020-12-05;"Nitriansky kraj";136;1388;19;1407;NA;53337;155;2020-12-05;-25959
2020-12-04;"Nitriansky kraj";232;2884;74;2958;NA;53337;306;2020-12-04;-26114
2020-12-03;"Nitriansky kraj";248;2471;110;2581;NA;53337;358;2020-12-03;-26420
2020-12-02;"Nitriansky kraj";252;3733;163;3896;NA;53337;415;2020-12-02;-26778
2020-12-01;"Nitriansky kraj";331;2891;131;3022;NA;53337;462;2020-12-01;-27193
2020-11-30;"Nitriansky kraj";91;4228;188;4416;NA;53337;279;2020-11-30;-27655
2020-11-29;"Nitriansky kraj";3;634;42;676;NA;53337;45;2020-11-29;-27934
2020-11-28;"Nitriansky kraj";135;892;31;923;NA;53337;166;2020-11-28;-27979
2020-11-27;"Nitriansky kraj";177;2069;73;2142;NA;53337;250;2020-11-27;-28145
2020-11-26;"Nitriansky kraj";191;2813;80;2893;NA;53337;271;2020-11-26;-28395
2020-11-25;"Nitriansky kraj";325;2478;91;2569;NA;53337;416;2020-11-25;-28666
2020-11-24;"Nitriansky kraj";147;1641;64;1705;NA;53337;211;2020-11-24;-29082
2020-11-23;"Nitriansky kraj";102;9891;212;10103;NA;53337;314;2020-11-23;-29293
2020-11-22;"Nitriansky kraj";7;1176;25;1201;NA;53337;32;2020-11-22;-29607
2020-11-21;"Nitriansky kraj";86;1083;38;1121;NA;53337;124;2020-11-21;-29639
2020-11-20;"Nitriansky kraj";264;4180;103;4283;NA;53337;367;2020-11-20;-29763
2020-11-19;"Nitriansky kraj";185;3065;134;3199;NA;53337;319;2020-11-19;-30130
2020-11-18;"Nitriansky kraj";188;2214;79;2293;NA;53337;267;2020-11-18;-30449
2020-11-17;"Nitriansky kraj";178;596;29;625;NA;53337;207;2020-11-17;-30716
2020-11-16;"Nitriansky kraj";139;1877;75;1952;NA;53337;214;2020-11-16;-30923
2020-11-15;"Nitriansky kraj";14;180;5;185;NA;53337;19;2020-11-15;-31137
2020-11-14;"Nitriansky kraj";114;1131;32;1163;NA;53337;146;2020-11-14;-31156
2020-11-13;"Nitriansky kraj";210;936;46;982;NA;53337;256;2020-11-13;-31302
2020-11-12;"Nitriansky kraj";256;1195;35;1230;NA;53337;291;2020-11-12;-31558
2020-11-11;"Nitriansky kraj";279;1247;22;1269;NA;53337;301;2020-11-11;-31849
2020-11-10;"Nitriansky kraj";192;2623;39;2662;NA;53337;231;2020-11-10;-32150
2020-11-09;"Nitriansky kraj";128;3136;43;3179;NA;53337;171;2020-11-09;-32381
2020-11-08;"Nitriansky kraj";43;1462;32;1494;NA;53337;75;2020-11-08;-32552
2020-11-07;"Nitriansky kraj";130;1046;4;1050;NA;53337;134;2020-11-07;-32627
2020-11-06;"Nitriansky kraj";210;2264;32;2296;NA;53337;242;2020-11-06;-32761
2020-11-05;"Nitriansky kraj";178;313;14;327;NA;53337;192;2020-11-05;-33003
2020-11-04;"Nitriansky kraj";211;297;16;313;NA;53337;227;2020-11-04;-33195
2020-11-03;"Nitriansky kraj";216;435;25;460;NA;53337;241;2020-11-03;-33422
2020-11-02;"Nitriansky kraj";171;4208;46;4254;NA;53337;217;2020-11-02;-33663
2020-11-01;"Nitriansky kraj";130;2546;27;2573;NA;53337;157;2020-11-01;-33880
2020-10-31;"Nitriansky kraj";261;10466;134;10600;NA;53337;395;2020-10-31;-34037
2020-10-30;"Nitriansky kraj";204;2593;42;2635;NA;53337;246;2020-10-30;-34432
2020-10-29;"Nitriansky kraj";293;841;39;880;NA;53337;332;2020-10-29;-34678
2020-10-28;"Nitriansky kraj";216;608;59;667;NA;53337;275;2020-10-28;-35010
2020-10-27;"Nitriansky kraj";296;550;47;597;NA;53337;343;2020-10-27;-35285
2020-10-26;"Nitriansky kraj";69;633;56;689;NA;53337;125;2020-10-26;-35628
2020-10-25;"Nitriansky kraj";50;62;8;70;NA;53337;58;2020-10-25;-35753
2020-10-24;"Nitriansky kraj";169;237;11;248;NA;53337;180;2020-10-24;-35811
2020-10-23;"Nitriansky kraj";282;762;41;803;NA;53337;323;2020-10-23;-35991
2020-10-22;"Nitriansky kraj";137;444;39;483;NA;53337;176;2020-10-22;-36314
2020-10-21;"Nitriansky kraj";146;208;3;211;NA;53337;149;2020-10-21;-36490
2020-10-20;"Nitriansky kraj";197;78;6;84;NA;53337;203;2020-10-20;-36639
2020-10-19;"Nitriansky kraj";148;79;1;80;NA;53337;149;2020-10-19;-36842
2020-10-18;"Nitriansky kraj";22;0;0;0;NA;53337;22;2020-10-18;-36991
2020-10-17;"Nitriansky kraj";67;0;0;0;NA;53337;67;2020-10-17;-37013
2020-10-16;"Nitriansky kraj";133;28;3;31;NA;53337;136;2020-10-16;-37080
2020-10-15;"Nitriansky kraj";106;31;2;33;NA;53337;108;2020-10-15;-37216
2020-10-14;"Nitriansky kraj";80;22;4;26;NA;53337;84;2020-10-14;-37324
2020-10-13;"Nitriansky kraj";101;82;2;84;NA;53337;103;2020-10-13;-37408
2020-10-12;"Nitriansky kraj";36;0;0;0;NA;53337;36;2020-10-12;-37511
2020-10-11;"Nitriansky kraj";8;0;0;0;NA;53337;8;2020-10-11;-37547
2020-10-10;"Nitriansky kraj";107;0;0;0;NA;53337;107;2020-10-10;-37555
2020-10-09;"Nitriansky kraj";120;0;0;0;NA;53337;120;2020-10-09;-37662
2020-10-08;"Nitriansky kraj";132;0;0;0;NA;53337;132;2020-10-08;-37782
2020-10-07;"Nitriansky kraj";81;0;0;0;NA;53337;81;2020-10-07;-37914
2020-10-06;"Nitriansky kraj";48;0;0;0;NA;53337;48;2020-10-06;-37995
2020-10-05;"Nitriansky kraj";20;0;0;0;NA;53337;20;2020-10-05;-38043
2020-10-04;"Nitriansky kraj";17;0;0;0;NA;53337;17;2020-10-04;-38063
2020-10-03;"Nitriansky kraj";96;0;0;0;NA;53337;96;2020-10-03;-38080
2020-10-02;"Nitriansky kraj";108;0;0;0;NA;53337;108;2020-10-02;-38176
2020-10-01;"Nitriansky kraj";95;0;0;0;NA;53337;95;2020-10-01;-38284
2020-09-30;"Nitriansky kraj";100;0;0;0;NA;53337;100;2020-09-30;-38379
2020-09-29;"Nitriansky kraj";50;0;0;0;NA;53337;50;2020-09-29;-38479
2020-09-28;"Nitriansky kraj";22;0;0;0;NA;53337;22;2020-09-28;-38529
2020-09-27;"Nitriansky kraj";16;0;0;0;NA;53337;16;2020-09-27;-38551
2020-09-26;"Nitriansky kraj";64;0;0;0;NA;53337;64;2020-09-26;-38567
2020-09-25;"Nitriansky kraj";90;0;0;0;NA;53337;90;2020-09-25;-38631
2020-09-24;"Nitriansky kraj";51;0;0;0;NA;53337;51;2020-09-24;-38721
2020-09-23;"Nitriansky kraj";70;0;0;0;NA;53337;70;2020-09-23;-38772
2020-09-22;"Nitriansky kraj";18;0;0;0;NA;53337;18;2020-09-22;-38842
2020-09-21;"Nitriansky kraj";10;0;0;0;NA;53337;10;2020-09-21;-38860
2020-09-20;"Nitriansky kraj";4;0;0;0;NA;53337;4;2020-09-20;-38870
2020-09-19;"Nitriansky kraj";14;0;0;0;NA;53337;14;2020-09-19;-38874
2020-09-18;"Nitriansky kraj";19;0;0;0;NA;53337;19;2020-09-18;-38888
2020-09-17;"Nitriansky kraj";30;0;0;0;NA;53337;30;2020-09-17;-38907
2020-09-16;"Nitriansky kraj";6;0;0;0;NA;53337;6;2020-09-16;-38937
2020-09-15;"Nitriansky kraj";19;0;0;0;NA;53337;19;2020-09-15;-38943
2020-09-14;"Nitriansky kraj";28;0;0;0;NA;53337;28;2020-09-14;-38962
2020-09-13;"Nitriansky kraj";3;0;0;0;NA;53337;3;2020-09-13;-38990
2020-09-12;"Nitriansky kraj";12;0;0;0;NA;53337;12;2020-09-12;-38993
2020-09-11;"Nitriansky kraj";23;0;0;0;NA;53337;23;2020-09-11;-39005
2020-09-10;"Nitriansky kraj";29;0;0;0;NA;53337;29;2020-09-10;-39028
2020-09-09;"Nitriansky kraj";19;0;0;0;NA;53337;19;2020-09-09;-39057
2020-09-08;"Nitriansky kraj";17;0;0;0;NA;53337;17;2020-09-08;-39076
2020-09-07;"Nitriansky kraj";17;0;0;0;NA;53337;17;2020-09-07;-39093
2020-09-06;"Nitriansky kraj";0;0;0;0;NA;53337;0;2020-09-06;-39110
2020-09-05;"Nitriansky kraj";22;0;0;0;NA;53337;22;2020-09-05;-39110
2020-09-04;"Nitriansky kraj";34;0;0;0;NA;53337;34;2020-09-04;-39132
2020-09-03;"Nitriansky kraj";15;0;0;0;NA;53337;15;2020-09-03;-39166
2020-09-02;"Nitriansky kraj";15;0;0;0;NA;53337;15;2020-09-02;-39181
2020-09-01;"Nitriansky kraj";2;0;0;0;NA;53337;2;2020-09-01;-39196
2020-08-31;"Nitriansky kraj";12;0;0;0;NA;53337;12;2020-08-31;-39198
2020-08-30;"Nitriansky kraj";1;0;0;0;NA;53337;1;2020-08-30;-39210
2020-08-29;"Nitriansky kraj";7;0;0;0;NA;53337;7;2020-08-29;-39211
2020-08-28;"Nitriansky kraj";12;0;0;0;NA;53337;12;2020-08-28;-39218
2020-08-27;"Nitriansky kraj";12;0;0;0;NA;53337;12;2020-08-27;-39230
2020-08-26;"Nitriansky kraj";4;0;0;0;NA;53337;4;2020-08-26;-39242
2020-08-25;"Nitriansky kraj";8;0;0;0;NA;53337;8;2020-08-25;-39246
2020-08-24;"Nitriansky kraj";1;0;0;0;NA;53337;1;2020-08-24;-39254
2020-08-23;"Nitriansky kraj";1;0;0;0;NA;53337;1;2020-08-23;-39255
2020-08-22;"Nitriansky kraj";2;0;0;0;NA;53337;2;2020-08-22;-39256
2020-08-21;"Nitriansky kraj";0;0;0;0;NA;53337;0;2020-08-21;-39258
2020-08-20;"Nitriansky kraj";7;0;0;0;NA;53337;7;2020-08-20;-39258
2020-08-19;"Nitriansky kraj";1;0;0;0;NA;53337;1;2020-08-19;-39265
2020-08-18;"Nitriansky kraj";2;0;0;0;NA;53337;2;2020-08-18;-39266
2020-08-17;"Nitriansky kraj";1;0;0;0;NA;53337;1;2020-08-17;-39268
2020-08-16;"Nitriansky kraj";0;0;0;0;NA;53337;0;2020-08-16;-39269
2020-08-15;"Nitriansky kraj";2;0;0;0;NA;53337;2;2020-08-15;-39269
2020-08-14;"Nitriansky kraj";1;0;0;0;NA;53337;1;2020-08-14;-39271
2020-08-13;"Nitriansky kraj";4;0;0;0;NA;53337;4;2020-08-13;-39272
2020-08-12;"Nitriansky kraj";0;0;0;0;NA;53337;0;2020-08-12;-39276
2020-08-11;"Nitriansky kraj";1;0;0;0;NA;53337;1;2020-08-11;-39276
2020-08-10;"Nitriansky kraj";0;0;0;0;NA;53337;0;2020-08-10;-39277
2020-08-09;"Nitriansky kraj";0;0;0;0;NA;53337;0;2020-08-09;-39277
2020-08-08;"Nitriansky kraj";0;0;0;0;NA;53337;0;2020-08-08;-39277
2020-08-07;"Nitriansky kraj";4;0;0;0;NA;53337;4;2020-08-07;-39277
2020-08-06;"Nitriansky kraj";4;0;0;0;NA;53337;4;2020-08-06;-39281
2020-08-05;"Nitriansky kraj";0;0;0;0;NA;53337;0;2020-08-05;-39285
2020-08-04;"Nitriansky kraj";7;0;0;0;NA;53337;7;2020-08-04;-39285
2020-08-03;"Nitriansky kraj";0;0;0;0;NA;53337;0;2020-08-03;-39292
2020-08-02;"Nitriansky kraj";0;0;0;0;NA;53337;0;2020-08-02;-39292
2020-08-01;"Nitriansky kraj";0;0;0;0;NA;53337;0;2020-08-01;-39292
2020-07-31;"Nitriansky kraj";0;0;0;0;NA;53337;0;2020-07-31;-39292
2020-07-30;"Nitriansky kraj";0;0;0;0;NA;53337;0;2020-07-30;-39292
2020-07-29;"Nitriansky kraj";0;0;0;0;NA;53337;0;2020-07-29;-39292
2020-07-28;"Nitriansky kraj";0;0;0;0;NA;53337;0;2020-07-28;-39292
2020-07-27;"Nitriansky kraj";0;0;0;0;NA;53337;0;2020-07-27;-39292
2020-07-26;"Nitriansky kraj";0;0;0;0;NA;53337;0;2020-07-26;-39292
2020-07-25;"Nitriansky kraj";0;0;0;0;NA;53337;0;2020-07-25;-39292
2020-07-24;"Nitriansky kraj";1;0;0;0;NA;53337;1;2020-07-24;-39292
2020-07-23;"Nitriansky kraj";3;0;0;0;NA;53337;3;2020-07-23;-39293
2020-07-22;"Nitriansky kraj";2;0;0;0;NA;53337;2;2020-07-22;-39296
2020-07-21;"Nitriansky kraj";14;0;0;0;NA;53337;14;2020-07-21;-39298
2020-07-20;"Nitriansky kraj";11;0;0;0;NA;53337;11;2020-07-20;-39312
2020-07-19;"Nitriansky kraj";0;0;0;0;NA;53337;0;2020-07-19;-39323
2020-07-18;"Nitriansky kraj";0;0;0;0;NA;53337;0;2020-07-18;-39323
2020-07-17;"Nitriansky kraj";0;0;0;0;NA;53337;0;2020-07-17;-39323
2020-07-16;"Nitriansky kraj";4;0;0;0;NA;53337;4;2020-07-16;-39323
2020-07-15;"Nitriansky kraj";5;0;0;0;NA;53337;5;2020-07-15;-39327
2020-07-14;"Nitriansky kraj";0;0;0;0;NA;53337;0;2020-07-14;-39332
2020-07-13;"Nitriansky kraj";0;0;0;0;NA;53337;0;2020-07-13;-39332
2020-07-12;"Nitriansky kraj";0;0;0;0;NA;53337;0;2020-07-12;-39332
2020-07-11;"Nitriansky kraj";0;0;0;0;NA;53337;0;2020-07-11;-39332
2020-07-10;"Nitriansky kraj";0;0;0;0;NA;53337;0;2020-07-10;-39332
2020-07-09;"Nitriansky kraj";1;0;0;0;NA;53337;1;2020-07-09;-39332
2020-07-08;"Nitriansky kraj";2;0;0;0;NA;53337;2;2020-07-08;-39333
2020-07-07;"Nitriansky kraj";0;0;0;0;NA;53337;0;2020-07-07;-39335
2020-07-06;"Nitriansky kraj";0;0;0;0;NA;53337;0;2020-07-06;-39335
2020-07-05;"Nitriansky kraj";0;0;0;0;NA;53337;0;2020-07-05;-39335
2020-07-04;"Nitriansky kraj";0;0;0;0;NA;53337;0;2020-07-04;-39335
2020-07-03;"Nitriansky kraj";0;0;0;0;NA;53337;0;2020-07-03;-39335
2020-07-02;"Nitriansky kraj";0;0;0;0;NA;53337;0;2020-07-02;-39335
2020-07-01;"Nitriansky kraj";3;0;0;0;NA;53337;3;2020-07-01;-39335
2020-06-30;"Nitriansky kraj";0;0;0;0;NA;53337;0;2020-06-30;-39338
2020-06-29;"Nitriansky kraj";0;0;0;0;NA;53337;0;2020-06-29;-39338
2020-06-28;"Nitriansky kraj";0;0;0;0;NA;53337;0;2020-06-28;-39338
2020-06-27;"Nitriansky kraj";0;0;0;0;NA;53337;0;2020-06-27;-39338
2020-06-26;"Nitriansky kraj";0;0;0;0;NA;53337;0;2020-06-26;-39338
2020-06-25;"Nitriansky kraj";0;0;0;0;NA;53337;0;2020-06-25;-39338
2020-06-24;"Nitriansky kraj";1;0;0;0;NA;53337;1;2020-06-24;-39338
2020-06-23;"Nitriansky kraj";0;0;0;0;NA;53337;0;2020-06-23;-39339
2020-06-22;"Nitriansky kraj";0;0;0;0;NA;53337;0;2020-06-22;-39339
2020-06-21;"Nitriansky kraj";0;0;0;0;NA;53337;0;2020-06-21;-39339
2020-06-20;"Nitriansky kraj";0;0;0;0;NA;53337;0;2020-06-20;-39339
2020-06-19;"Nitriansky kraj";0;0;0;0;NA;53337;0;2020-06-19;-39339
2020-06-18;"Nitriansky kraj";0;0;0;0;NA;53337;0;2020-06-18;-39339
2020-06-17;"Nitriansky kraj";0;0;0;0;NA;53337;0;2020-06-17;-39339
2020-06-16;"Nitriansky kraj";0;0;0;0;NA;53337;0;2020-06-16;-39339
2020-06-14;"Nitriansky kraj";0;0;0;0;NA;53337;0;2020-06-14;-39339
2020-06-13;"Nitriansky kraj";0;0;0;0;NA;53337;0;2020-06-13;-39339
2020-06-12;"Nitriansky kraj";0;0;0;0;NA;53337;0;2020-06-12;-39339
2020-06-11;"Nitriansky kraj";0;0;0;0;NA;53337;0;2020-06-11;-39339
2020-06-10;"Nitriansky kraj";1;0;0;0;NA;53337;1;2020-06-10;-39339
2020-06-09;"Nitriansky kraj";1;0;0;0;NA;53337;1;2020-06-09;-39340
2020-06-08;"Nitriansky kraj";0;0;0;0;NA;53337;0;2020-06-08;-39341
2020-06-07;"Nitriansky kraj";0;0;0;0;NA;53337;0;2020-06-07;-39341
2020-06-05;"Nitriansky kraj";0;0;0;0;NA;53337;0;2020-06-05;-39341
2020-06-03;"Nitriansky kraj";0;0;0;0;NA;53337;0;2020-06-03;-39341
2020-06-02;"Nitriansky kraj";1;0;0;0;NA;53337;1;2020-06-02;-39341
2020-05-31;"Nitriansky kraj";0;0;0;0;NA;53337;0;2020-05-31;-39342
2020-05-29;"Nitriansky kraj";0;0;0;0;NA;53337;0;2020-05-29;-39342
2020-05-27;"Nitriansky kraj";0;0;0;0;NA;53337;0;2020-05-27;-39342
2020-05-26;"Nitriansky kraj";0;0;0;0;NA;53337;0;2020-05-26;-39342
2020-05-25;"Nitriansky kraj";0;0;0;0;NA;53337;0;2020-05-25;-39342
2020-05-24;"Nitriansky kraj";2;0;0;0;NA;53337;2;2020-05-24;-39342
2020-05-23;"Nitriansky kraj";0;0;0;0;NA;53337;0;2020-05-23;-39344
2020-05-22;"Nitriansky kraj";1;0;0;0;NA;53337;1;2020-05-22;-39344
2020-05-21;"Nitriansky kraj";0;0;0;0;NA;53337;0;2020-05-21;-39345
2020-05-20;"Nitriansky kraj";0;0;0;0;NA;53337;0;2020-05-20;-39345
2020-05-19;"Nitriansky kraj";0;0;0;0;NA;53337;0;2020-05-19;-39345
2020-05-17;"Nitriansky kraj";0;0;0;0;NA;53337;0;2020-05-17;-39345
2020-05-16;"Nitriansky kraj";0;0;0;0;NA;53337;0;2020-05-16;-39345
2020-05-15;"Nitriansky kraj";1;0;0;0;NA;53337;1;2020-05-15;-39345
2020-05-14;"Nitriansky kraj";0;0;0;0;NA;53337;0;2020-05-14;-39346
2020-05-13;"Nitriansky kraj";0;0;0;0;NA;53337;0;2020-05-13;-39346
2020-05-12;"Nitriansky kraj";0;0;0;0;NA;53337;0;2020-05-12;-39346
2020-05-11;"Nitriansky kraj";2;0;0;0;NA;53337;2;2020-05-11;-39346
2020-05-09;"Nitriansky kraj";0;0;0;0;NA;53337;0;2020-05-09;-39348
2020-05-07;"Nitriansky kraj";1;0;0;0;NA;53337;1;2020-05-07;-39348
2020-05-06;"Nitriansky kraj";9;0;0;0;NA;53337;9;2020-05-06;-39349
2020-05-05;"Nitriansky kraj";0;0;0;0;NA;53337;0;2020-05-05;-39358
2020-05-04;"Nitriansky kraj";5;0;0;0;NA;53337;5;2020-05-04;-39358
2020-05-03;"Nitriansky kraj";2;0;0;0;NA;53337;2;2020-05-03;-39363
2020-05-02;"Nitriansky kraj";0;0;0;0;NA;53337;0;2020-05-02;-39365
2020-05-01;"Nitriansky kraj";1;0;0;0;NA;53337;1;2020-05-01;-39365
2020-04-30;"Nitriansky kraj";0;0;0;0;NA;53337;0;2020-04-30;-39366
2020-04-29;"Nitriansky kraj";0;0;0;0;NA;53337;0;2020-04-29;-39366
2020-04-28;"Nitriansky kraj";1;0;0;0;NA;53337;1;2020-04-28;-39366
2020-04-27;"Nitriansky kraj";0;0;0;0;NA;53337;0;2020-04-27;-39367
2020-04-26;"Nitriansky kraj";0;0;0;0;NA;53337;0;2020-04-26;-39367
2020-04-25;"Nitriansky kraj";0;0;0;0;NA;53337;0;2020-04-25;-39367
2020-04-24;"Nitriansky kraj";0;0;0;0;NA;53337;0;2020-04-24;-39367
2020-04-23;"Nitriansky kraj";3;0;0;0;NA;53337;3;2020-04-23;-39367
2020-04-22;"Nitriansky kraj";16;0;0;0;NA;53337;16;2020-04-22;-39370
2020-04-21;"Nitriansky kraj";6;0;0;0;NA;53337;6;2020-04-21;-39386
2020-04-20;"Nitriansky kraj";5;0;0;0;NA;53337;5;2020-04-20;-39392
2020-04-19;"Nitriansky kraj";0;0;0;0;NA;53337;0;2020-04-19;-39397
2020-04-18;"Nitriansky kraj";0;0;0;0;NA;53337;0;2020-04-18;-39397
2020-04-17;"Nitriansky kraj";7;0;0;0;NA;53337;7;2020-04-17;-39397
2020-04-16;"Nitriansky kraj";0;0;0;0;NA;53337;0;2020-04-16;-39404
2020-04-15;"Nitriansky kraj";6;0;0;0;NA;53337;6;2020-04-15;-39404
2020-04-14;"Nitriansky kraj";2;0;0;0;NA;53337;2;2020-04-14;-39410
2020-04-13;"Nitriansky kraj";1;0;0;0;NA;53337;1;2020-04-13;-39412
2020-04-12;"Nitriansky kraj";3;0;0;0;NA;53337;3;2020-04-12;-39413
2020-04-11;"Nitriansky kraj";1;0;0;0;NA;53337;1;2020-04-11;-39416
2020-04-10;"Nitriansky kraj";1;0;0;0;NA;53337;1;2020-04-10;-39417
2020-04-09;"Nitriansky kraj";0;0;0;0;NA;53337;0;2020-04-09;-39418
2020-04-08;"Nitriansky kraj";2;0;0;0;NA;53337;2;2020-04-08;-39418
2020-04-07;"Nitriansky kraj";3;0;0;0;NA;53337;3;2020-04-07;-39420
2020-04-06;"Nitriansky kraj";4;0;0;0;NA;53337;4;2020-04-06;-39423
2020-04-05;"Nitriansky kraj";5;0;0;0;NA;53337;5;2020-04-05;-39427
2020-04-04;"Nitriansky kraj";0;0;0;0;NA;53337;0;2020-04-04;-39432
2020-04-03;"Nitriansky kraj";0;0;0;0;NA;53337;0;2020-04-03;-39432
2020-04-02;"Nitriansky kraj";1;0;0;0;NA;53337;1;2020-04-02;-39432
2020-04-01;"Nitriansky kraj";0;0;0;0;NA;53337;0;2020-04-01;-39433
2020-03-31;"Nitriansky kraj";3;0;0;0;NA;53337;3;2020-03-31;-39433
2020-03-30;"Nitriansky kraj";3;0;0;0;NA;53337;3;2020-03-30;-39436
2020-03-29;"Nitriansky kraj";3;0;0;0;NA;53337;3;2020-03-29;-39439
2020-03-28;"Nitriansky kraj";1;0;0;0;NA;53337;1;2020-03-28;-39442
2020-03-27;"Nitriansky kraj";1;0;0;0;NA;53337;1;2020-03-27;-39443
2020-03-26;"Nitriansky kraj";1;0;0;0;NA;53337;1;2020-03-26;-39444
2020-03-25;"Nitriansky kraj";1;0;0;0;NA;53337;1;2020-03-25;-39445
2020-03-24;"Nitriansky kraj";0;0;0;0;NA;53337;0;2020-03-24;-39446
2020-03-23;"Nitriansky kraj";2;0;0;0;NA;53337;2;2020-03-23;-39446
2020-03-22;"Nitriansky kraj";2;0;0;0;NA;53337;2;2020-03-22;-39448
2020-03-21;"Nitriansky kraj";2;0;0;0;NA;53337;2;2020-03-21;-39450
2020-03-20;"Nitriansky kraj";1;0;0;0;NA;53337;1;2020-03-20;-39452
2020-03-19;"Nitriansky kraj";1;0;0;0;NA;53337;1;2020-03-19;-39453
2020-03-18;"Nitriansky kraj";2;0;0;0;NA;53337;2;2020-03-18;-39454
2020-03-17;"Nitriansky kraj";1;0;0;0;NA;53337;1;2020-03-17;-39456
2020-03-16;"Nitriansky kraj";0;0;0;0;NA;53337;0;2020-03-16;-39457
2020-03-15;"Nitriansky kraj";4;0;0;0;NA;53337;4;2020-03-15;-39457
2020-03-14;"Nitriansky kraj";1;0;0;0;NA;53337;1;2020-03-14;-39461
2020-03-13;"Nitriansky kraj";0;0;0;0;NA;53337;0;2020-03-13;-39462
2020-03-12;"Nitriansky kraj";0;0;0;0;NA;53337;0;2020-03-12;-39462
2020-03-11;"Nitriansky kraj";0;0;0;0;NA;53337;0;2020-03-11;-39462
2020-03-09;"Nitriansky kraj";0;0;0;0;NA;53337;0;2020-03-09;-39462
2020-03-08;"Nitriansky kraj";0;0;0;0;NA;53337;0;2020-03-08;-39462
2020-03-07;"Nitriansky kraj";0;0;0;0;NA;53337;0;2020-03-07;-39462
2020-03-06;"Nitriansky kraj";0;0;0;0;NA;53337;0;2020-03-06;-39462
2021-08-28;"Prešovský kraj";5;1571;7;1578;0;53858;12;2021-08-28;53858
2021-08-27;"Prešovský kraj";32;2359;7;2366;NA;53858;39;2021-08-27;53846
2021-08-26;"Prešovský kraj";13;1992;8;2000;NA;53858;21;2021-08-26;53807
2021-08-25;"Prešovský kraj";18;1847;4;1851;NA;53858;22;2021-08-25;53786
2021-08-24;"Prešovský kraj";10;2042;5;2047;NA;53858;15;2021-08-24;53764
2021-08-23;"Prešovský kraj";16;2487;5;2492;NA;53858;21;2021-08-23;53749
2021-08-22;"Prešovský kraj";0;1359;6;1365;NA;53858;6;2021-08-22;53728
2021-08-21;"Prešovský kraj";29;1943;4;1947;NA;53858;33;2021-08-21;53722
2021-08-20;"Prešovský kraj";15;2821;7;2828;NA;53858;22;2021-08-20;53689
2021-08-19;"Prešovský kraj";22;2198;8;2206;NA;53858;30;2021-08-19;53667
2021-08-18;"Prešovský kraj";6;1734;11;1745;NA;53858;17;2021-08-18;53637
2021-08-17;"Prešovský kraj";29;1781;6;1787;NA;53858;35;2021-08-17;53620
2021-08-16;"Prešovský kraj";11;2427;7;2434;NA;53858;18;2021-08-16;53585
2021-08-15;"Prešovský kraj";0;837;2;839;NA;53858;2;2021-08-15;53567
2021-08-14;"Prešovský kraj";14;1603;1;1604;NA;53858;15;2021-08-14;53565
2021-08-13;"Prešovský kraj";24;1619;12;1631;NA;53858;36;2021-08-13;53550
2021-08-12;"Prešovský kraj";9;1718;3;1721;NA;53858;12;2021-08-12;53514
2021-08-11;"Prešovský kraj";15;1180;4;1184;NA;53858;19;2021-08-11;53502
2021-08-10;"Prešovský kraj";10;1088;4;1092;NA;53858;14;2021-08-10;53483
2021-08-09;"Prešovský kraj";13;2131;4;2135;NA;53858;17;2021-08-09;53469
2021-08-08;"Prešovský kraj";2;629;2;631;NA;53858;4;2021-08-08;53452
2021-08-07;"Prešovský kraj";5;1064;3;1067;NA;53858;8;2021-08-07;53448
2021-08-06;"Prešovský kraj";9;1409;4;1413;NA;53858;13;2021-08-06;53440
2021-08-05;"Prešovský kraj";9;1356;2;1358;NA;53858;11;2021-08-05;53427
2021-08-04;"Prešovský kraj";6;981;1;982;NA;53858;7;2021-08-04;53416
2021-08-03;"Prešovský kraj";8;967;1;968;NA;53858;9;2021-08-03;53409
2021-08-02;"Prešovský kraj";5;1467;6;1473;NA;53858;11;2021-08-02;53400
2021-08-01;"Prešovský kraj";0;712;2;714;NA;53858;2;2021-08-01;53389
2021-07-31;"Prešovský kraj";20;1027;0;1027;NA;53858;20;2021-07-31;53387
2021-07-30;"Prešovský kraj";2;1382;1;1383;NA;53858;3;2021-07-30;53367
2021-07-29;"Prešovský kraj";6;1291;1;1292;NA;53858;7;2021-07-29;53364
2021-07-28;"Prešovský kraj";6;1099;1;1100;NA;53858;7;2021-07-28;53357
2021-07-27;"Prešovský kraj";5;1123;2;1125;NA;53858;7;2021-07-27;53350
2021-07-26;"Prešovský kraj";12;1573;1;1574;NA;53858;13;2021-07-26;53343
2021-07-25;"Prešovský kraj";0;675;1;676;NA;53858;1;2021-07-25;53330
2021-07-24;"Prešovský kraj";8;1015;0;1015;NA;53858;8;2021-07-24;53329
2021-07-23;"Prešovský kraj";8;1608;1;1609;NA;53858;9;2021-07-23;53321
2021-07-22;"Prešovský kraj";13;1431;10;1441;NA;53858;23;2021-07-22;53312
2021-07-21;"Prešovský kraj";5;1076;1;1077;NA;53858;6;2021-07-21;53289
2021-07-20;"Prešovský kraj";4;1046;0;1046;NA;53858;4;2021-07-20;53283
2021-07-19;"Prešovský kraj";2;1644;4;1648;NA;53858;6;2021-07-19;53279
2021-07-18;"Prešovský kraj";1;629;0;629;NA;53858;1;2021-07-18;53273
2021-07-17;"Prešovský kraj";6;1232;1;1233;NA;53858;7;2021-07-17;53272
2021-07-16;"Prešovský kraj";4;1558;2;1560;NA;53858;6;2021-07-16;53265
2021-07-15;"Prešovský kraj";5;1282;4;1286;NA;53858;9;2021-07-15;53259
2021-07-14;"Prešovský kraj";1;1051;2;1053;NA;53858;3;2021-07-14;53250
2021-07-13;"Prešovský kraj";1;1071;2;1073;NA;53858;3;2021-07-13;53247
2021-07-12;"Prešovský kraj";1;1949;2;1951;NA;53858;3;2021-07-12;53244
2021-07-11;"Prešovský kraj";0;645;1;646;NA;53858;1;2021-07-11;53241
2021-07-10;"Prešovský kraj";4;1206;2;1208;NA;53858;6;2021-07-10;53240
2021-07-09;"Prešovský kraj";6;1957;1;1958;NA;53858;7;2021-07-09;53234
2021-07-08;"Prešovský kraj";5;1192;0;1192;NA;53858;5;2021-07-08;53227
2021-07-07;"Prešovský kraj";7;1468;3;1471;NA;53858;10;2021-07-07;53222
2021-07-06;"Prešovský kraj";5;1423;2;1425;NA;53858;7;2021-07-06;53212
2021-07-05;"Prešovský kraj";2;619;0;619;NA;53858;2;2021-07-05;53205
2021-07-04;"Prešovský kraj";0;773;0;773;NA;53858;0;2021-07-04;53203
2021-07-03;"Prešovský kraj";2;1363;0;1363;NA;53858;2;2021-07-03;53203
2021-07-02;"Prešovský kraj";4;1796;0;1796;NA;53858;4;2021-07-02;53201
2021-07-01;"Prešovský kraj";2;1590;1;1591;NA;53858;3;2021-07-01;53197
2021-06-30;"Prešovský kraj";3;8670;4;8674;NA;53858;7;2021-06-30;53194
2021-06-29;"Prešovský kraj";1;4935;3;4938;NA;53858;4;2021-06-29;53187
2021-06-28;"Prešovský kraj";5;6109;2;6111;NA;53858;7;2021-06-28;53183
2021-06-27;"Prešovský kraj";0;3835;1;3836;NA;53858;1;2021-06-27;53176
2021-06-26;"Prešovský kraj";4;5791;1;5792;NA;53858;5;2021-06-26;53175
2021-06-25;"Prešovský kraj";7;7321;4;7325;NA;53858;11;2021-06-25;53170
2021-06-24;"Prešovský kraj";10;5406;5;5411;NA;53858;15;2021-06-24;53159
2021-06-23;"Prešovský kraj";4;5124;2;5126;NA;53858;6;2021-06-23;53144
2021-06-22;"Prešovský kraj";5;5143;1;5144;NA;53858;6;2021-06-22;53138
2021-06-21;"Prešovský kraj";13;7033;6;7039;NA;53858;19;2021-06-21;53132
2021-06-20;"Prešovský kraj";0;5173;3;5176;NA;53858;3;2021-06-20;53113
2021-06-19;"Prešovský kraj";1;7349;5;7354;NA;53858;6;2021-06-19;53110
2021-06-18;"Prešovský kraj";9;8682;10;8692;NA;53858;19;2021-06-18;53104
2021-06-17;"Prešovský kraj";9;6548;5;6553;NA;53858;14;2021-06-17;53085
2021-06-16;"Prešovský kraj";6;6422;3;6425;NA;53858;9;2021-06-16;53071
2021-06-15;"Prešovský kraj";2;5709;4;5713;NA;53858;6;2021-06-15;53062
2021-06-14;"Prešovský kraj";5;8229;13;8242;NA;53858;18;2021-06-14;53056
2021-06-13;"Prešovský kraj";1;6437;7;6444;NA;53858;8;2021-06-13;53038
2021-06-12;"Prešovský kraj";3;8881;9;8890;NA;53858;12;2021-06-12;53030
2021-06-11;"Prešovský kraj";21;9877;9;9886;NA;53858;30;2021-06-11;53018
2021-06-10;"Prešovský kraj";11;6512;10;6522;NA;53858;21;2021-06-10;52988
2021-06-09;"Prešovský kraj";16;6375;3;6378;NA;53858;19;2021-06-09;52967
2021-06-08;"Prešovský kraj";31;6495;12;6507;NA;53858;43;2021-06-08;52948
2021-06-07;"Prešovský kraj";11;9111;15;9126;NA;53858;26;2021-06-07;52905
2021-06-06;"Prešovský kraj";0;7999;5;8004;NA;53858;5;2021-06-06;52879
2021-06-05;"Prešovský kraj";17;10248;15;10263;NA;53858;32;2021-06-05;52874
2021-06-04;"Prešovský kraj";26;10321;18;10339;NA;53858;44;2021-06-04;52842
2021-06-03;"Prešovský kraj";14;6820;16;6836;NA;53858;30;2021-06-03;52798
2021-06-02;"Prešovský kraj";47;7372;14;7386;NA;53858;61;2021-06-02;52768
2021-06-01;"Prešovský kraj";15;6926;14;6940;NA;53858;29;2021-06-01;52707
2021-05-31;"Prešovský kraj";27;9951;22;9973;NA;53858;49;2021-05-31;52678
2021-05-30;"Prešovský kraj";2;9694;14;9708;NA;53858;16;2021-05-30;52629
2021-05-29;"Prešovský kraj";23;12709;24;12733;NA;53858;47;2021-05-29;52613
2021-05-28;"Prešovský kraj";30;12468;19;12487;NA;53858;49;2021-05-28;52566
2021-05-27;"Prešovský kraj";16;7610;37;7647;NA;53858;53;2021-05-27;52517
2021-05-26;"Prešovský kraj";32;8140;23;8163;NA;53858;55;2021-05-26;52464
2021-05-25;"Prešovský kraj";38;8690;20;8710;NA;53858;58;2021-05-25;52409
2021-05-24;"Prešovský kraj";17;13298;37;13335;NA;53858;54;2021-05-24;52351
2021-05-23;"Prešovský kraj";3;11933;20;11953;NA;53858;23;2021-05-23;52297
2021-05-22;"Prešovský kraj";11;14422;44;14466;NA;53858;55;2021-05-22;52274
2021-05-21;"Prešovský kraj";44;13803;24;13827;NA;53858;68;2021-05-21;52219
2021-05-20;"Prešovský kraj";13;9437;29;9466;NA;53858;42;2021-05-20;52151
2021-05-19;"Prešovský kraj";60;10756;36;10792;NA;53858;96;2021-05-19;52109
2021-05-18;"Prešovský kraj";44;9062;27;9089;NA;53858;71;2021-05-18;52013
2021-05-17;"Prešovský kraj";60;12856;47;12903;NA;53858;107;2021-05-17;51942
2021-05-16;"Prešovský kraj";20;16302;66;16368;NA;53858;86;2021-05-16;51835
2021-05-15;"Prešovský kraj";20;24585;81;24666;NA;53858;101;2021-05-15;51749
2021-05-14;"Prešovský kraj";49;18671;68;18739;NA;53858;117;2021-05-14;51648
2021-05-13;"Prešovský kraj";54;11166;71;11237;NA;53858;125;2021-05-13;51531
2021-05-12;"Prešovský kraj";59;10822;39;10861;NA;53858;98;2021-05-12;51406
2021-05-11;"Prešovský kraj";61;10728;48;10776;NA;53858;109;2021-05-11;51308
2021-05-10;"Prešovský kraj";79;15726;67;15793;NA;53858;146;2021-05-10;51199
2021-05-09;"Prešovský kraj";54;21614;82;21696;NA;53858;136;2021-05-09;51053
2021-05-08;"Prešovský kraj";39;23050;52;23102;NA;53858;91;2021-05-08;50917
2021-05-07;"Prešovský kraj";81;23543;66;23609;NA;53858;147;2021-05-07;50826
2021-05-06;"Prešovský kraj";107;12924;66;12990;NA;53858;173;2021-05-06;50679
2021-05-05;"Prešovský kraj";60;12808;84;12892;NA;53858;144;2021-05-05;50506
2021-05-04;"Prešovský kraj";203;13470;67;13537;NA;53858;270;2021-05-04;50362
2021-05-03;"Prešovský kraj";68;18458;109;18567;NA;53858;177;2021-05-03;50092
2021-05-02;"Prešovský kraj";29;36664;102;36766;NA;53858;131;2021-05-02;49915
2021-05-01;"Prešovský kraj";70;57153;183;57336;NA;53858;253;2021-05-01;49784
2021-04-30;"Prešovský kraj";135;39333;118;39451;NA;53858;253;2021-04-30;49531
2021-04-29;"Prešovský kraj";110;16635;97;16732;NA;53858;207;2021-04-29;49278
2021-04-28;"Prešovský kraj";122;18671;89;18760;NA;53858;211;2021-04-28;49071
2021-04-27;"Prešovský kraj";154;19994;120;20114;NA;53858;274;2021-04-27;48860
2021-04-26;"Prešovský kraj";99;27241;123;27364;NA;53858;222;2021-04-26;48586
2021-04-25;"Prešovský kraj";9;52776;156;52932;NA;53858;165;2021-04-25;48364
2021-04-24;"Prešovský kraj";61;85698;243;85941;NA;53858;304;2021-04-24;48199
2021-04-23;"Prešovský kraj";171;40365;137;40502;NA;53858;308;2021-04-23;47895
2021-04-22;"Prešovský kraj";86;18104;125;18229;NA;53858;211;2021-04-22;47587
2021-04-21;"Prešovský kraj";144;21550;139;21689;NA;53858;283;2021-04-21;47376
2021-04-20;"Prešovský kraj";115;23346;128;23474;NA;53858;243;2021-04-20;47093
2021-04-19;"Prešovský kraj";106;29133;145;29278;NA;53858;251;2021-04-19;46850
2021-04-18;"Prešovský kraj";4;51824;129;51953;NA;53858;133;2021-04-18;46599
2021-04-17;"Prešovský kraj";119;97970;238;98208;NA;53858;357;2021-04-17;46466
2021-04-16;"Prešovský kraj";135;40989;146;41135;NA;53858;281;2021-04-16;46109
2021-04-15;"Prešovský kraj";112;20179;137;20316;NA;53858;249;2021-04-15;45828
2021-04-14;"Prešovský kraj";199;23332;130;23462;NA;53858;329;2021-04-14;45579
2021-04-13;"Prešovský kraj";180;23907;116;24023;NA;53858;296;2021-04-13;45250
2021-04-12;"Prešovský kraj";172;30152;175;30327;NA;53858;347;2021-04-12;44954
2021-04-11;"Prešovský kraj";11;49955;187;50142;NA;53858;198;2021-04-11;44607
2021-04-10;"Prešovský kraj";94;90181;297;90478;NA;53858;391;2021-04-10;44409
2021-04-09;"Prešovský kraj";255;37163;200;37363;NA;53858;455;2021-04-09;44018
2021-04-08;"Prešovský kraj";192;18893;157;19050;NA;53858;349;2021-04-08;43563
2021-04-07;"Prešovský kraj";314;27797;154;27951;NA;53858;468;2021-04-07;43214
2021-04-06;"Prešovský kraj";231;41711;268;41979;NA;53858;499;2021-04-06;42746
2021-04-05;"Prešovský kraj";54;18454;132;18586;NA;53858;186;2021-04-05;42247
2021-04-04;"Prešovský kraj";31;18569;91;18660;NA;53858;122;2021-04-04;42061
2021-04-03;"Prešovský kraj";104;90664;321;90985;NA;53858;425;2021-04-03;41939
2021-04-02;"Prešovský kraj";194;23381;134;23515;NA;53858;328;2021-04-02;41514
2021-04-01;"Prešovský kraj";256;42879;195;43074;NA;53858;451;2021-04-01;41186
2021-03-31;"Prešovský kraj";311;30176;227;30403;NA;53858;538;2021-03-31;40735
2021-03-30;"Prešovský kraj";374;20751;203;20954;NA;53858;577;2021-03-30;40197
2021-03-29;"Prešovský kraj";219;28188;229;28417;NA;53858;448;2021-03-29;39620
2021-03-28;"Prešovský kraj";26;46811;256;47067;NA;53858;282;2021-03-28;39172
2021-03-27;"Prešovský kraj";181;88673;372;89045;NA;53858;553;2021-03-27;38890
2021-03-26;"Prešovský kraj";310;47751;299;48050;NA;53858;609;2021-03-26;38337
2021-03-25;"Prešovský kraj";248;22281;213;22494;NA;53858;461;2021-03-25;37728
2021-03-24;"Prešovský kraj";381;19590;213;19803;NA;53858;594;2021-03-24;37267
2021-03-23;"Prešovský kraj";241;20351;255;20606;NA;53858;496;2021-03-23;36673
2021-03-22;"Prešovský kraj";299;28634;287;28921;NA;53858;586;2021-03-22;36177
2021-03-21;"Prešovský kraj";32;49439;266;49705;NA;53858;298;2021-03-21;35591
2021-03-20;"Prešovský kraj";180;92529;426;92955;NA;53858;606;2021-03-20;35293
2021-03-19;"Prešovský kraj";373;46582;326;46908;NA;53858;699;2021-03-19;34687
2021-03-18;"Prešovský kraj";251;21721;217;21938;NA;53858;468;2021-03-18;33988
2021-03-17;"Prešovský kraj";331;20887;231;21118;NA;53858;562;2021-03-17;33520
2021-03-16;"Prešovský kraj";461;21094;278;21372;NA;53858;739;2021-03-16;32958
2021-03-15;"Prešovský kraj";370;28813;324;29137;NA;53858;694;2021-03-15;32219
2021-03-14;"Prešovský kraj";52;50410;356;50766;NA;53858;408;2021-03-14;31525
2021-03-13;"Prešovský kraj";200;94768;531;95299;NA;53858;731;2021-03-13;31117
2021-03-12;"Prešovský kraj";425;47691;368;48059;NA;53858;793;2021-03-12;30386
2021-03-11;"Prešovský kraj";463;22059;253;22312;NA;53858;716;2021-03-11;29593
2021-03-10;"Prešovský kraj";325;20821;293;21114;NA;53858;618;2021-03-10;28877
2021-03-09;"Prešovský kraj";505;21496;288;21784;NA;53858;793;2021-03-09;28259
2021-03-08;"Prešovský kraj";314;28903;333;29236;NA;53858;647;2021-03-08;27466
2021-03-07;"Prešovský kraj";19;48328;388;48716;NA;53858;407;2021-03-07;26819
2021-03-06;"Prešovský kraj";193;97527;591;98118;NA;53858;784;2021-03-06;26412
2021-03-05;"Prešovský kraj";497;46054;397;46451;NA;53858;894;2021-03-05;25628
2021-03-04;"Prešovský kraj";372;22670;359;23029;NA;53858;731;2021-03-04;24734
2021-03-03;"Prešovský kraj";397;21623;333;21956;NA;53858;730;2021-03-03;24003
2021-03-02;"Prešovský kraj";421;22682;357;23039;NA;53858;778;2021-03-02;23273
2021-03-01;"Prešovský kraj";303;27716;406;28122;NA;53858;709;2021-03-01;22495
2021-02-28;"Prešovský kraj";75;45000;387;45387;NA;53858;462;2021-02-28;21786
2021-02-27;"Prešovský kraj";273;90231;734;90965;NA;53858;1007;2021-02-27;21324
2021-02-26;"Prešovský kraj";455;41340;438;41778;NA;53858;893;2021-02-26;20317
2021-02-25;"Prešovský kraj";270;19496;337;19833;NA;53858;607;2021-02-25;19424
2021-02-24;"Prešovský kraj";328;19026;377;19403;NA;53858;705;2021-02-24;18817
2021-02-23;"Prešovský kraj";430;21277;345;21622;NA;53858;775;2021-02-23;18112
2021-02-22;"Prešovský kraj";351;27180;356;27536;NA;53858;707;2021-02-22;17337
2021-02-21;"Prešovský kraj";66;31841;302;32143;NA;53858;368;2021-02-21;16630
2021-02-20;"Prešovský kraj";129;71413;517;71930;NA;53858;646;2021-02-20;16262
2021-02-19;"Prešovský kraj";381;38995;430;39425;NA;53858;811;2021-02-19;15616
2021-02-18;"Prešovský kraj";268;16960;322;17282;NA;53858;590;2021-02-18;14805
2021-02-17;"Prešovský kraj";293;17392;246;17638;NA;53858;539;2021-02-17;14215
2021-02-16;"Prešovský kraj";422;18862;265;19127;NA;53858;687;2021-02-16;13676
2021-02-15;"Prešovský kraj";211;31366;303;31669;NA;53858;514;2021-02-15;12989
2021-02-14;"Prešovský kraj";27;39387;321;39708;NA;53858;348;2021-02-14;12475
2021-02-13;"Prešovský kraj";157;74747;402;75149;NA;53858;559;2021-02-13;12127
2021-02-12;"Prešovský kraj";308;38758;365;39123;NA;53858;673;2021-02-12;11568
2021-02-11;"Prešovský kraj";218;16207;238;16445;NA;53858;456;2021-02-11;10895
2021-02-10;"Prešovský kraj";220;18542;282;18824;NA;53858;502;2021-02-10;10439
2021-02-09;"Prešovský kraj";323;21497;370;21867;NA;53858;693;2021-02-09;9937
2021-02-08;"Prešovský kraj";161;36924;261;37185;NA;53858;422;2021-02-08;9244
2021-02-07;"Prešovský kraj";21;34227;209;34436;NA;53858;230;2021-02-07;8822
2021-02-06;"Prešovský kraj";176;69164;360;69524;NA;53858;536;2021-02-06;8592
2021-02-05;"Prešovský kraj";177;31271;262;31533;NA;53858;439;2021-02-05;8056
2021-02-04;"Prešovský kraj";176;13080;237;13317;NA;53858;413;2021-02-04;7617
2021-02-03;"Prešovský kraj";251;8421;236;8657;NA;53858;487;2021-02-03;7204
2021-02-02;"Prešovský kraj";249;11769;264;12033;NA;53858;513;2021-02-02;6717
2021-02-01;"Prešovský kraj";220;16059;316;16375;NA;53858;536;2021-02-01;6204
2021-01-31;"Prešovský kraj";42;10587;107;10694;NA;53858;149;2021-01-31;5668
2021-01-30;"Prešovský kraj";142;23939;215;24154;NA;53858;357;2021-01-30;5519
2021-01-29;"Prešovský kraj";185;17924;326;18250;NA;53858;511;2021-01-29;5162
2021-01-28;"Prešovský kraj";311;7348;150;7498;NA;53858;461;2021-01-28;4651
2021-01-27;"Prešovský kraj";153;9730;147;9877;NA;53858;300;2021-01-27;4190
2021-01-26;"Prešovský kraj";252;16653;151;16804;NA;53858;403;2021-01-26;3890
2021-01-25;"Prešovský kraj";196;30092;253;30345;NA;53858;449;2021-01-25;3487
2021-01-24;"Prešovský kraj";12;45706;304;46010;NA;53858;316;2021-01-24;3038
2021-01-23;"Prešovský kraj";189;96883;487;97370;NA;53858;676;2021-01-23;2722
2021-01-22;"Prešovský kraj";187;35383;261;35644;NA;53858;448;2021-01-22;2046
2021-01-21;"Prešovský kraj";187;20434;212;20646;NA;53858;399;2021-01-21;1598
2021-01-20;"Prešovský kraj";253;14782;195;14977;NA;53858;448;2021-01-20;1199
2021-01-19;"Prešovský kraj";281;12329;305;12634;NA;53858;586;2021-01-19;751
2021-01-18;"Prešovský kraj";203;10422;336;10758;NA;53858;539;2021-01-18;165
2021-01-17;"Prešovský kraj";107;14391;1008;15399;NA;53858;1115;2021-01-17;-374
2021-01-16;"Prešovský kraj";72;1838;81;1919;NA;53858;153;2021-01-16;-1489
2021-01-15;"Prešovský kraj";159;7033;257;7290;NA;53858;416;2021-01-15;-1642
2021-01-14;"Prešovský kraj";268;5534;256;5790;NA;53858;524;2021-01-14;-2058
2021-01-13;"Prešovský kraj";342;5649;226;5875;NA;53858;568;2021-01-13;-2582
2021-01-12;"Prešovský kraj";455;8251;386;8637;NA;53858;841;2021-01-12;-3150
2021-01-11;"Prešovský kraj";343;8149;471;8620;NA;53858;814;2021-01-11;-3991
2021-01-10;"Prešovský kraj";63;476;23;499;NA;53858;86;2021-01-10;-4805
2021-01-09;"Prešovský kraj";439;2248;125;2373;NA;53858;564;2021-01-09;-4891
2021-01-08;"Prešovský kraj";430;10416;561;10977;NA;53858;991;2021-01-08;-5455
2021-01-07;"Prešovský kraj";268;7432;622;8054;NA;53858;890;2021-01-07;-6446
2021-01-06;"Prešovský kraj";315;1484;134;1618;NA;53858;449;2021-01-06;-7336
2021-01-05;"Prešovský kraj";655;11275;976;12251;NA;53858;1631;2021-01-05;-7785
2021-01-04;"Prešovský kraj";371;16845;1789;18634;NA;53858;2160;2021-01-04;-9416
2021-01-03;"Prešovský kraj";89;459;41;500;NA;53858;130;2021-01-03;-11576
2021-01-02;"Prešovský kraj";65;1556;160;1716;NA;53858;225;2021-01-02;-11706
2021-01-01;"Prešovský kraj";174;956;71;1027;NA;53858;245;2021-01-01;-11931
2020-12-31;"Prešovský kraj";640;11959;783;12742;NA;53858;1423;2020-12-31;-12176
2020-12-30;"Prešovský kraj";729;9062;802;9864;NA;53858;1531;2020-12-30;-13599
2020-12-29;"Prešovský kraj";435;9273;949;10222;NA;53858;1384;2020-12-29;-15130
2020-12-28;"Prešovský kraj";393;9046;1079;10125;NA;53858;1472;2020-12-28;-16514
2020-12-27;"Prešovský kraj";40;613;45;658;NA;53858;85;2020-12-27;-17986
2020-12-26;"Prešovský kraj";64;176;12;188;NA;53858;76;2020-12-26;-18071
2020-12-25;"Prešovský kraj";208;274;11;285;NA;53858;219;2020-12-25;-18147
2020-12-24;"Prešovský kraj";452;1214;85;1299;NA;53858;537;2020-12-24;-18366
2020-12-23;"Prešovský kraj";361;11372;636;12008;NA;53858;997;2020-12-23;-18903
2020-12-22;"Prešovský kraj";439;9371;710;10081;NA;53858;1149;2020-12-22;-19900
2020-12-21;"Prešovský kraj";432;9884;880;10764;NA;53858;1312;2020-12-21;-21049
2020-12-20;"Prešovský kraj";184;396;20;416;NA;53858;204;2020-12-20;-22361
2020-12-19;"Prešovský kraj";276;1658;151;1809;NA;53858;427;2020-12-19;-22565
2020-12-18;"Prešovský kraj";396;8845;595;9440;NA;53858;991;2020-12-18;-22992
2020-12-17;"Prešovský kraj";427;10826;891;11717;NA;53858;1318;2020-12-17;-23983
2020-12-16;"Prešovský kraj";466;6003;505;6508;NA;53858;971;2020-12-16;-25301
2020-12-15;"Prešovský kraj";411;5685;584;6269;NA;53858;995;2020-12-15;-26272
2020-12-14;"Prešovský kraj";334;5767;508;6275;NA;53858;842;2020-12-14;-27267
2020-12-13;"Prešovský kraj";89;29;8;37;NA;53858;97;2020-12-13;-28109
2020-12-12;"Prešovský kraj";319;2474;166;2640;NA;53858;485;2020-12-12;-28206
2020-12-11;"Prešovský kraj";560;5602;402;6004;NA;53858;962;2020-12-11;-28691
2020-12-10;"Prešovský kraj";337;5202;443;5645;NA;53858;780;2020-12-10;-29653
2020-12-09;"Prešovský kraj";358;4357;314;4671;NA;53858;672;2020-12-09;-30433
2020-12-08;"Prešovský kraj";350;6629;651;7280;NA;53858;1001;2020-12-08;-31105
2020-12-07;"Prešovský kraj";309;4345;327;4672;NA;53858;636;2020-12-07;-32106
2020-12-06;"Prešovský kraj";59;655;26;681;NA;53858;85;2020-12-06;-32742
2020-12-05;"Prešovský kraj";218;984;87;1071;NA;53858;305;2020-12-05;-32827
2020-12-04;"Prešovský kraj";352;5070;293;5363;NA;53858;645;2020-12-04;-33132
2020-12-03;"Prešovský kraj";284;2456;179;2635;NA;53858;463;2020-12-03;-33777
2020-12-02;"Prešovský kraj";232;2830;225;3055;NA;53858;457;2020-12-02;-34240
2020-12-01;"Prešovský kraj";281;1884;196;2080;NA;53858;477;2020-12-01;-34697
2020-11-30;"Prešovský kraj";196;5333;97;5430;NA;53858;293;2020-11-30;-35174
2020-11-29;"Prešovský kraj";27;379;42;421;NA;53858;69;2020-11-29;-35467
2020-11-28;"Prešovský kraj";199;772;77;849;NA;53858;276;2020-11-28;-35536
2020-11-27;"Prešovský kraj";232;2350;130;2480;NA;53858;362;2020-11-27;-35812
2020-11-26;"Prešovský kraj";263;3014;329;3343;NA;53858;592;2020-11-26;-36174
2020-11-25;"Prešovský kraj";302;2174;103;2277;NA;53858;405;2020-11-25;-36766
2020-11-24;"Prešovský kraj";365;1777;156;1933;NA;53858;521;2020-11-24;-37171
2020-11-23;"Prešovský kraj";164;1099;60;1159;NA;53858;224;2020-11-23;-37692
2020-11-22;"Prešovský kraj";46;44;1;45;NA;53858;47;2020-11-22;-37916
2020-11-21;"Prešovský kraj";205;754;62;816;NA;53858;267;2020-11-21;-37963
2020-11-20;"Prešovský kraj";363;2258;102;2360;NA;53858;465;2020-11-20;-38230
2020-11-19;"Prešovský kraj";359;2096;238;2334;NA;53858;597;2020-11-19;-38695
2020-11-18;"Prešovský kraj";270;488;43;531;NA;53858;313;2020-11-18;-39292
2020-11-17;"Prešovský kraj";347;205;23;228;NA;53858;370;2020-11-17;-39605
2020-11-16;"Prešovský kraj";226;540;58;598;NA;53858;284;2020-11-16;-39975
2020-11-15;"Prešovský kraj";186;39;4;43;NA;53858;190;2020-11-15;-40259
2020-11-14;"Prešovský kraj";261;54;4;58;NA;53858;265;2020-11-14;-40449
2020-11-13;"Prešovský kraj";395;166;8;174;NA;53858;403;2020-11-13;-40714
2020-11-12;"Prešovský kraj";397;229;50;279;NA;53858;447;2020-11-12;-41117
2020-11-11;"Prešovský kraj";516;161;15;176;NA;53858;531;2020-11-11;-41564
2020-11-10;"Prešovský kraj";437;197;9;206;NA;53858;446;2020-11-10;-42095
2020-11-09;"Prešovský kraj";190;4110;945;5055;NA;53858;1135;2020-11-09;-42541
2020-11-08;"Prešovský kraj";97;2817;32;2849;NA;53858;129;2020-11-08;-43676
2020-11-07;"Prešovský kraj";416;8578;81;8659;NA;53858;497;2020-11-07;-43805
2020-11-06;"Prešovský kraj";520;4791;76;4867;NA;53858;596;2020-11-06;-44302
2020-11-05;"Prešovský kraj";397;180;5;185;NA;53858;402;2020-11-05;-44898
2020-11-04;"Prešovský kraj";350;807;8;815;NA;53858;358;2020-11-04;-45300
2020-11-03;"Prešovský kraj";565;98;12;110;NA;53858;577;2020-11-03;-45658
2020-11-02;"Prešovský kraj";203;4158;1004;5162;NA;53858;1207;2020-11-02;-46235
2020-11-01;"Prešovský kraj";386;2906;53;2959;NA;53858;439;2020-11-01;-47442
2020-10-31;"Prešovský kraj";315;10497;170;10667;NA;53858;485;2020-10-31;-47881
2020-10-30;"Prešovský kraj";552;2949;65;3014;NA;53858;617;2020-10-30;-48366
2020-10-29;"Prešovský kraj";594;301;38;339;NA;53858;632;2020-10-29;-48983
2020-10-28;"Prešovský kraj";617;291;46;337;NA;53858;663;2020-10-28;-49615
2020-10-27;"Prešovský kraj";656;268;34;302;NA;53858;690;2020-10-27;-50278
2020-10-26;"Prešovský kraj";137;363;57;420;NA;53858;194;2020-10-26;-50968
2020-10-25;"Prešovský kraj";237;346;11;357;NA;53858;248;2020-10-25;-51162
2020-10-24;"Prešovský kraj";719;200;12;212;NA;53858;731;2020-10-24;-51410
2020-10-23;"Prešovský kraj";750;218;8;226;NA;53858;758;2020-10-23;-52141
2020-10-22;"Prešovský kraj";646;396;30;426;NA;53858;676;2020-10-22;-52899
2020-10-21;"Prešovský kraj";383;58;8;66;NA;53858;391;2020-10-21;-53575
2020-10-20;"Prešovský kraj";493;65;7;72;NA;53858;500;2020-10-20;-53966
2020-10-19;"Prešovský kraj";140;235;15;250;NA;53858;155;2020-10-19;-54466
2020-10-18;"Prešovský kraj";209;0;0;0;NA;53858;209;2020-10-18;-54621
2020-10-17;"Prešovský kraj";342;0;0;0;NA;53858;342;2020-10-17;-54830
2020-10-16;"Prešovský kraj";388;57;3;60;NA;53858;391;2020-10-16;-55172
2020-10-15;"Prešovský kraj";435;85;18;103;NA;53858;453;2020-10-15;-55563
2020-10-14;"Prešovský kraj";451;54;10;64;NA;53858;461;2020-10-14;-56016
2020-10-13;"Prešovský kraj";264;50;6;56;NA;53858;270;2020-10-13;-56477
2020-10-12;"Prešovský kraj";214;334;35;369;NA;53858;249;2020-10-12;-56747
2020-10-11;"Prešovský kraj";127;0;0;0;NA;53858;127;2020-10-11;-56996
2020-10-10;"Prešovský kraj";248;0;0;0;NA;53858;248;2020-10-10;-57123
2020-10-09;"Prešovský kraj";406;0;0;0;NA;53858;406;2020-10-09;-57371
2020-10-08;"Prešovský kraj";245;0;0;0;NA;53858;245;2020-10-08;-57777
2020-10-07;"Prešovský kraj";244;0;0;0;NA;53858;244;2020-10-07;-58022
2020-10-06;"Prešovský kraj";166;0;0;0;NA;53858;166;2020-10-06;-58266
2020-10-05;"Prešovský kraj";84;0;0;0;NA;53858;84;2020-10-05;-58432
2020-10-04;"Prešovský kraj";118;0;0;0;NA;53858;118;2020-10-04;-58516
2020-10-03;"Prešovský kraj";204;0;0;0;NA;53858;204;2020-10-03;-58634
2020-10-02;"Prešovský kraj";149;0;0;0;NA;53858;149;2020-10-02;-58838
2020-10-01;"Prešovský kraj";136;0;0;0;NA;53858;136;2020-10-01;-58987
2020-09-30;"Prešovský kraj";121;0;0;0;NA;53858;121;2020-09-30;-59123
2020-09-29;"Prešovský kraj";156;0;0;0;NA;53858;156;2020-09-29;-59244
2020-09-28;"Prešovský kraj";51;0;0;0;NA;53858;51;2020-09-28;-59400
2020-09-27;"Prešovský kraj";10;0;0;0;NA;53858;10;2020-09-27;-59451
2020-09-26;"Prešovský kraj";72;0;0;0;NA;53858;72;2020-09-26;-59461
2020-09-25;"Prešovský kraj";91;0;0;0;NA;53858;91;2020-09-25;-59533
2020-09-24;"Prešovský kraj";52;0;0;0;NA;53858;52;2020-09-24;-59624
2020-09-23;"Prešovský kraj";55;0;0;0;NA;53858;55;2020-09-23;-59676
2020-09-22;"Prešovský kraj";29;0;0;0;NA;53858;29;2020-09-22;-59731
2020-09-21;"Prešovský kraj";14;0;0;0;NA;53858;14;2020-09-21;-59760
2020-09-20;"Prešovský kraj";5;0;0;0;NA;53858;5;2020-09-20;-59774
2020-09-19;"Prešovský kraj";12;0;0;0;NA;53858;12;2020-09-19;-59779
2020-09-18;"Prešovský kraj";29;0;0;0;NA;53858;29;2020-09-18;-59791
2020-09-17;"Prešovský kraj";25;0;0;0;NA;53858;25;2020-09-17;-59820
2020-09-16;"Prešovský kraj";8;0;0;0;NA;53858;8;2020-09-16;-59845
2020-09-15;"Prešovský kraj";10;0;0;0;NA;53858;10;2020-09-15;-59853
2020-09-14;"Prešovský kraj";47;0;0;0;NA;53858;47;2020-09-14;-59863
2020-09-13;"Prešovský kraj";3;0;0;0;NA;53858;3;2020-09-13;-59910
2020-09-12;"Prešovský kraj";4;0;0;0;NA;53858;4;2020-09-12;-59913
2020-09-11;"Prešovský kraj";15;0;0;0;NA;53858;15;2020-09-11;-59917
2020-09-10;"Prešovský kraj";10;0;0;0;NA;53858;10;2020-09-10;-59932
2020-09-09;"Prešovský kraj";21;0;0;0;NA;53858;21;2020-09-09;-59942
2020-09-08;"Prešovský kraj";23;0;0;0;NA;53858;23;2020-09-08;-59963
2020-09-07;"Prešovský kraj";5;0;0;0;NA;53858;5;2020-09-07;-59986
2020-09-06;"Prešovský kraj";3;0;0;0;NA;53858;3;2020-09-06;-59991
2020-09-05;"Prešovský kraj";7;0;0;0;NA;53858;7;2020-09-05;-59994
2020-09-04;"Prešovský kraj";24;0;0;0;NA;53858;24;2020-09-04;-60001
2020-09-03;"Prešovský kraj";8;0;0;0;NA;53858;8;2020-09-03;-60025
2020-09-02;"Prešovský kraj";9;0;0;0;NA;53858;9;2020-09-02;-60033
2020-09-01;"Prešovský kraj";6;0;0;0;NA;53858;6;2020-09-01;-60042
2020-08-31;"Prešovský kraj";3;0;0;0;NA;53858;3;2020-08-31;-60048
2020-08-30;"Prešovský kraj";6;0;0;0;NA;53858;6;2020-08-30;-60051
2020-08-29;"Prešovský kraj";4;0;0;0;NA;53858;4;2020-08-29;-60057
2020-08-28;"Prešovský kraj";6;0;0;0;NA;53858;6;2020-08-28;-60061
2020-08-27;"Prešovský kraj";7;0;0;0;NA;53858;7;2020-08-27;-60067
2020-08-26;"Prešovský kraj";22;0;0;0;NA;53858;22;2020-08-26;-60074
2020-08-25;"Prešovský kraj";1;0;0;0;NA;53858;1;2020-08-25;-60096
2020-08-24;"Prešovský kraj";5;0;0;0;NA;53858;5;2020-08-24;-60097
2020-08-23;"Prešovský kraj";3;0;0;0;NA;53858;3;2020-08-23;-60102
2020-08-22;"Prešovský kraj";3;0;0;0;NA;53858;3;2020-08-22;-60105
2020-08-21;"Prešovský kraj";11;0;0;0;NA;53858;11;2020-08-21;-60108
2020-08-20;"Prešovský kraj";8;0;0;0;NA;53858;8;2020-08-20;-60119
2020-08-19;"Prešovský kraj";8;0;0;0;NA;53858;8;2020-08-19;-60127
2020-08-18;"Prešovský kraj";6;0;0;0;NA;53858;6;2020-08-18;-60135
2020-08-17;"Prešovský kraj";1;0;0;0;NA;53858;1;2020-08-17;-60141
2020-08-16;"Prešovský kraj";0;0;0;0;NA;53858;0;2020-08-16;-60142
2020-08-15;"Prešovský kraj";8;0;0;0;NA;53858;8;2020-08-15;-60142
2020-08-14;"Prešovský kraj";6;0;0;0;NA;53858;6;2020-08-14;-60150
2020-08-13;"Prešovský kraj";8;0;0;0;NA;53858;8;2020-08-13;-60156
2020-08-12;"Prešovský kraj";19;0;0;0;NA;53858;19;2020-08-12;-60164
2020-08-11;"Prešovský kraj";3;0;0;0;NA;53858;3;2020-08-11;-60183
2020-08-10;"Prešovský kraj";0;0;0;0;NA;53858;0;2020-08-10;-60186
2020-08-09;"Prešovský kraj";0;0;0;0;NA;53858;0;2020-08-09;-60186
2020-08-08;"Prešovský kraj";2;0;0;0;NA;53858;2;2020-08-08;-60186
2020-08-07;"Prešovský kraj";6;0;0;0;NA;53858;6;2020-08-07;-60188
2020-08-06;"Prešovský kraj";2;0;0;0;NA;53858;2;2020-08-06;-60194
2020-08-05;"Prešovský kraj";8;0;0;0;NA;53858;8;2020-08-05;-60196
2020-08-04;"Prešovský kraj";5;0;0;0;NA;53858;5;2020-08-04;-60204
2020-08-03;"Prešovský kraj";4;0;0;0;NA;53858;4;2020-08-03;-60209
2020-08-02;"Prešovský kraj";6;0;0;0;NA;53858;6;2020-08-02;-60213
2020-08-01;"Prešovský kraj";0;0;0;0;NA;53858;0;2020-08-01;-60219
2020-07-31;"Prešovský kraj";2;0;0;0;NA;53858;2;2020-07-31;-60219
2020-07-30;"Prešovský kraj";6;0;0;0;NA;53858;6;2020-07-30;-60221
2020-07-29;"Prešovský kraj";5;0;0;0;NA;53858;5;2020-07-29;-60227
2020-07-28;"Prešovský kraj";0;0;0;0;NA;53858;0;2020-07-28;-60232
2020-07-27;"Prešovský kraj";1;0;0;0;NA;53858;1;2020-07-27;-60232
2020-07-26;"Prešovský kraj";1;0;0;0;NA;53858;1;2020-07-26;-60233
2020-07-25;"Prešovský kraj";21;0;0;0;NA;53858;21;2020-07-25;-60234
2020-07-24;"Prešovský kraj";1;0;0;0;NA;53858;1;2020-07-24;-60255
2020-07-23;"Prešovský kraj";5;0;0;0;NA;53858;5;2020-07-23;-60256
2020-07-22;"Prešovský kraj";1;0;0;0;NA;53858;1;2020-07-22;-60261
2020-07-21;"Prešovský kraj";2;0;0;0;NA;53858;2;2020-07-21;-60262
2020-07-20;"Prešovský kraj";1;0;0;0;NA;53858;1;2020-07-20;-60264
2020-07-19;"Prešovský kraj";0;0;0;0;NA;53858;0;2020-07-19;-60265
2020-07-18;"Prešovský kraj";0;0;0;0;NA;53858;0;2020-07-18;-60265
2020-07-17;"Prešovský kraj";3;0;0;0;NA;53858;3;2020-07-17;-60265
2020-07-16;"Prešovský kraj";1;0;0;0;NA;53858;1;2020-07-16;-60268
2020-07-15;"Prešovský kraj";5;0;0;0;NA;53858;5;2020-07-15;-60269
2020-07-14;"Prešovský kraj";5;0;0;0;NA;53858;5;2020-07-14;-60274
2020-07-13;"Prešovský kraj";1;0;0;0;NA;53858;1;2020-07-13;-60279
2020-07-12;"Prešovský kraj";1;0;0;0;NA;53858;1;2020-07-12;-60280
2020-07-11;"Prešovský kraj";6;0;0;0;NA;53858;6;2020-07-11;-60281
2020-07-10;"Prešovský kraj";5;0;0;0;NA;53858;5;2020-07-10;-60287
2020-07-09;"Prešovský kraj";2;0;0;0;NA;53858;2;2020-07-09;-60292
2020-07-08;"Prešovský kraj";14;0;0;0;NA;53858;14;2020-07-08;-60294
2020-07-07;"Prešovský kraj";2;0;0;0;NA;53858;2;2020-07-07;-60308
2020-07-06;"Prešovský kraj";0;0;0;0;NA;53858;0;2020-07-06;-60310
2020-07-05;"Prešovský kraj";0;0;0;0;NA;53858;0;2020-07-05;-60310
2020-07-04;"Prešovský kraj";1;0;0;0;NA;53858;1;2020-07-04;-60310
2020-07-03;"Prešovský kraj";3;0;0;0;NA;53858;3;2020-07-03;-60311
2020-07-02;"Prešovský kraj";0;0;0;0;NA;53858;0;2020-07-02;-60314
2020-07-01;"Prešovský kraj";0;0;0;0;NA;53858;0;2020-07-01;-60314
2020-06-30;"Prešovský kraj";7;0;0;0;NA;53858;7;2020-06-30;-60314
2020-06-29;"Prešovský kraj";0;0;0;0;NA;53858;0;2020-06-29;-60321
2020-06-28;"Prešovský kraj";0;0;0;0;NA;53858;0;2020-06-28;-60321
2020-06-27;"Prešovský kraj";3;0;0;0;NA;53858;3;2020-06-27;-60321
2020-06-26;"Prešovský kraj";3;0;0;0;NA;53858;3;2020-06-26;-60324
2020-06-25;"Prešovský kraj";0;0;0;0;NA;53858;0;2020-06-25;-60327
2020-06-24;"Prešovský kraj";4;0;0;0;NA;53858;4;2020-06-24;-60327
2020-06-23;"Prešovský kraj";0;0;0;0;NA;53858;0;2020-06-23;-60331
2020-06-22;"Prešovský kraj";0;0;0;0;NA;53858;0;2020-06-22;-60331
2020-06-21;"Prešovský kraj";0;0;0;0;NA;53858;0;2020-06-21;-60331
2020-06-20;"Prešovský kraj";0;0;0;0;NA;53858;0;2020-06-20;-60331
2020-06-19;"Prešovský kraj";1;0;0;0;NA;53858;1;2020-06-19;-60331
2020-06-18;"Prešovský kraj";0;0;0;0;NA;53858;0;2020-06-18;-60332
2020-06-17;"Prešovský kraj";0;0;0;0;NA;53858;0;2020-06-17;-60332
2020-06-16;"Prešovský kraj";6;0;0;0;NA;53858;6;2020-06-16;-60332
2020-06-14;"Prešovský kraj";0;0;0;0;NA;53858;0;2020-06-14;-60338
2020-06-13;"Prešovský kraj";0;0;0;0;NA;53858;0;2020-06-13;-60338
2020-06-12;"Prešovský kraj";1;0;0;0;NA;53858;1;2020-06-12;-60338
2020-06-11;"Prešovský kraj";0;0;0;0;NA;53858;0;2020-06-11;-60339
2020-06-10;"Prešovský kraj";0;0;0;0;NA;53858;0;2020-06-10;-60339
2020-06-09;"Prešovský kraj";0;0;0;0;NA;53858;0;2020-06-09;-60339
2020-06-08;"Prešovský kraj";0;0;0;0;NA;53858;0;2020-06-08;-60339
2020-06-07;"Prešovský kraj";0;0;0;0;NA;53858;0;2020-06-07;-60339
2020-06-05;"Prešovský kraj";0;0;0;0;NA;53858;0;2020-06-05;-60339
2020-06-03;"Prešovský kraj";0;0;0;0;NA;53858;0;2020-06-03;-60339
2020-06-02;"Prešovský kraj";1;0;0;0;NA;53858;1;2020-06-02;-60339
2020-05-31;"Prešovský kraj";1;0;0;0;NA;53858;1;2020-05-31;-60340
2020-05-29;"Prešovský kraj";0;0;0;0;NA;53858;0;2020-05-29;-60341
2020-05-27;"Prešovský kraj";0;0;0;0;NA;53858;0;2020-05-27;-60341
2020-05-26;"Prešovský kraj";0;0;0;0;NA;53858;0;2020-05-26;-60341
2020-05-25;"Prešovský kraj";0;0;0;0;NA;53858;0;2020-05-25;-60341
2020-05-24;"Prešovský kraj";0;0;0;0;NA;53858;0;2020-05-24;-60341
2020-05-23;"Prešovský kraj";0;0;0;0;NA;53858;0;2020-05-23;-60341
2020-05-22;"Prešovský kraj";0;0;0;0;NA;53858;0;2020-05-22;-60341
2020-05-21;"Prešovský kraj";1;0;0;0;NA;53858;1;2020-05-21;-60341
2020-05-20;"Prešovský kraj";0;0;0;0;NA;53858;0;2020-05-20;-60342
2020-05-19;"Prešovský kraj";0;0;0;0;NA;53858;0;2020-05-19;-60342
2020-05-17;"Prešovský kraj";0;0;0;0;NA;53858;0;2020-05-17;-60342
2020-05-16;"Prešovský kraj";0;0;0;0;NA;53858;0;2020-05-16;-60342
2020-05-15;"Prešovský kraj";0;0;0;0;NA;53858;0;2020-05-15;-60342
2020-05-14;"Prešovský kraj";0;0;0;0;NA;53858;0;2020-05-14;-60342
2020-05-13;"Prešovský kraj";1;0;0;0;NA;53858;1;2020-05-13;-60342
2020-05-12;"Prešovský kraj";0;0;0;0;NA;53858;0;2020-05-12;-60343
2020-05-11;"Prešovský kraj";1;0;0;0;NA;53858;1;2020-05-11;-60343
2020-05-09;"Prešovský kraj";0;0;0;0;NA;53858;0;2020-05-09;-60344
2020-05-07;"Prešovský kraj";0;0;0;0;NA;53858;0;2020-05-07;-60344
2020-05-06;"Prešovský kraj";0;0;0;0;NA;53858;0;2020-05-06;-60344
2020-05-05;"Prešovský kraj";1;0;0;0;NA;53858;1;2020-05-05;-60344
2020-05-04;"Prešovský kraj";0;0;0;0;NA;53858;0;2020-05-04;-60345
2020-05-03;"Prešovský kraj";0;0;0;0;NA;53858;0;2020-05-03;-60345
2020-05-02;"Prešovský kraj";0;0;0;0;NA;53858;0;2020-05-02;-60345
2020-05-01;"Prešovský kraj";2;0;0;0;NA;53858;2;2020-05-01;-60345
2020-04-30;"Prešovský kraj";0;0;0;0;NA;53858;0;2020-04-30;-60347
2020-04-29;"Prešovský kraj";1;0;0;0;NA;53858;1;2020-04-29;-60347
2020-04-28;"Prešovský kraj";1;0;0;0;NA;53858;1;2020-04-28;-60348
2020-04-27;"Prešovský kraj";2;0;0;0;NA;53858;2;2020-04-27;-60349
2020-04-26;"Prešovský kraj";0;0;0;0;NA;53858;0;2020-04-26;-60351
2020-04-25;"Prešovský kraj";0;0;0;0;NA;53858;0;2020-04-25;-60351
2020-04-24;"Prešovský kraj";0;0;0;0;NA;53858;0;2020-04-24;-60351
2020-04-23;"Prešovský kraj";2;0;0;0;NA;53858;2;2020-04-23;-60351
2020-04-22;"Prešovský kraj";11;0;0;0;NA;53858;11;2020-04-22;-60353
2020-04-21;"Prešovský kraj";12;0;0;0;NA;53858;12;2020-04-21;-60364
2020-04-20;"Prešovský kraj";2;0;0;0;NA;53858;2;2020-04-20;-60376
2020-04-19;"Prešovský kraj";4;0;0;0;NA;53858;4;2020-04-19;-60378
2020-04-18;"Prešovský kraj";1;0;0;0;NA;53858;1;2020-04-18;-60382
2020-04-17;"Prešovský kraj";4;0;0;0;NA;53858;4;2020-04-17;-60383
2020-04-16;"Prešovský kraj";9;0;0;0;NA;53858;9;2020-04-16;-60387
2020-04-15;"Prešovský kraj";21;0;0;0;NA;53858;21;2020-04-15;-60396
2020-04-14;"Prešovský kraj";1;0;0;0;NA;53858;1;2020-04-14;-60417
2020-04-13;"Prešovský kraj";2;0;0;0;NA;53858;2;2020-04-13;-60418
2020-04-12;"Prešovský kraj";6;0;0;0;NA;53858;6;2020-04-12;-60420
2020-04-11;"Prešovský kraj";4;0;0;0;NA;53858;4;2020-04-11;-60426
2020-04-10;"Prešovský kraj";0;0;0;0;NA;53858;0;2020-04-10;-60430
2020-04-09;"Prešovský kraj";1;0;0;0;NA;53858;1;2020-04-09;-60430
2020-04-08;"Prešovský kraj";0;0;0;0;NA;53858;0;2020-04-08;-60431
2020-04-07;"Prešovský kraj";7;0;0;0;NA;53858;7;2020-04-07;-60431
2020-04-06;"Prešovský kraj";10;0;0;0;NA;53858;10;2020-04-06;-60438
2020-04-05;"Prešovský kraj";13;0;0;0;NA;53858;13;2020-04-05;-60448
2020-04-04;"Prešovský kraj";1;0;0;0;NA;53858;1;2020-04-04;-60461
2020-04-03;"Prešovský kraj";4;0;0;0;NA;53858;4;2020-04-03;-60462
2020-04-02;"Prešovský kraj";6;0;0;0;NA;53858;6;2020-04-02;-60466
2020-04-01;"Prešovský kraj";6;0;0;0;NA;53858;6;2020-04-01;-60472
2020-03-31;"Prešovský kraj";6;0;0;0;NA;53858;6;2020-03-31;-60478
2020-03-30;"Prešovský kraj";2;0;0;0;NA;53858;2;2020-03-30;-60484
2020-03-29;"Prešovský kraj";2;0;0;0;NA;53858;2;2020-03-29;-60486
2020-03-28;"Prešovský kraj";2;0;0;0;NA;53858;2;2020-03-28;-60488
2020-03-27;"Prešovský kraj";1;0;0;0;NA;53858;1;2020-03-27;-60490
2020-03-26;"Prešovský kraj";8;0;0;0;NA;53858;8;2020-03-26;-60491
2020-03-25;"Prešovský kraj";1;0;0;0;NA;53858;1;2020-03-25;-60499
2020-03-24;"Prešovský kraj";4;0;0;0;NA;53858;4;2020-03-24;-60500
2020-03-23;"Prešovský kraj";0;0;0;0;NA;53858;0;2020-03-23;-60504
2020-03-22;"Prešovský kraj";1;0;0;0;NA;53858;1;2020-03-22;-60504
2020-03-21;"Prešovský kraj";2;0;0;0;NA;53858;2;2020-03-21;-60505
2020-03-20;"Prešovský kraj";3;0;0;0;NA;53858;3;2020-03-20;-60507
2020-03-19;"Prešovský kraj";2;0;0;0;NA;53858;2;2020-03-19;-60510
2020-03-18;"Prešovský kraj";1;0;0;0;NA;53858;1;2020-03-18;-60512
2020-03-17;"Prešovský kraj";1;0;0;0;NA;53858;1;2020-03-17;-60513
2020-03-16;"Prešovský kraj";4;0;0;0;NA;53858;4;2020-03-16;-60514
2020-03-15;"Prešovský kraj";0;0;0;0;NA;53858;0;2020-03-15;-60518
2020-03-14;"Prešovský kraj";1;0;0;0;NA;53858;1;2020-03-14;-60518
2020-03-13;"Prešovský kraj";0;0;0;0;NA;53858;0;2020-03-13;-60519
2020-03-12;"Prešovský kraj";0;0;0;0;NA;53858;0;2020-03-12;-60519
2020-03-11;"Prešovský kraj";0;0;0;0;NA;53858;0;2020-03-11;-60519
2020-03-09;"Prešovský kraj";0;0;0;0;NA;53858;0;2020-03-09;-60519
2020-03-08;"Prešovský kraj";0;0;0;0;NA;53858;0;2020-03-08;-60519
2020-03-07;"Prešovský kraj";0;0;0;0;NA;53858;0;2020-03-07;-60519
2020-03-06;"Prešovský kraj";0;0;0;0;NA;53858;0;2020-03-06;-60519
2021-08-28;"Trenčiansky kraj";9;921;10;931;0;47525;19;2021-08-28;47525
2021-08-27;"Trenčiansky kraj";21;1488;1;1489;NA;47525;22;2021-08-27;47506
2021-08-26;"Trenčiansky kraj";8;936;6;942;NA;47525;14;2021-08-26;47484
2021-08-25;"Trenčiansky kraj";40;845;6;851;NA;47525;46;2021-08-25;47470
2021-08-24;"Trenčiansky kraj";4;796;4;800;NA;47525;8;2021-08-24;47424
2021-08-23;"Trenčiansky kraj";6;1022;16;1038;NA;47525;22;2021-08-23;47416
2021-08-22;"Trenčiansky kraj";0;736;9;745;NA;47525;9;2021-08-22;47394
2021-08-21;"Trenčiansky kraj";5;910;7;917;NA;47525;12;2021-08-21;47385
2021-08-20;"Trenčiansky kraj";15;1478;2;1480;NA;47525;17;2021-08-20;47373
2021-08-19;"Trenčiansky kraj";2;936;2;938;NA;47525;4;2021-08-19;47356
2021-08-18;"Trenčiansky kraj";6;784;7;791;NA;47525;13;2021-08-18;47352
2021-08-17;"Trenčiansky kraj";9;615;1;616;NA;47525;10;2021-08-17;47339
2021-08-16;"Trenčiansky kraj";5;893;3;896;NA;47525;8;2021-08-16;47329
2021-08-15;"Trenčiansky kraj";0;506;1;507;NA;47525;1;2021-08-15;47321
2021-08-14;"Trenčiansky kraj";12;535;6;541;NA;47525;18;2021-08-14;47320
2021-08-13;"Trenčiansky kraj";2;869;0;869;NA;47525;2;2021-08-13;47302
2021-08-12;"Trenčiansky kraj";2;532;3;535;NA;47525;5;2021-08-12;47300
2021-08-11;"Trenčiansky kraj";1;668;0;668;NA;47525;1;2021-08-11;47295
2021-08-10;"Trenčiansky kraj";8;523;1;524;NA;47525;9;2021-08-10;47294
2021-08-09;"Trenčiansky kraj";8;681;1;682;NA;47525;9;2021-08-09;47285
2021-08-08;"Trenčiansky kraj";0;403;0;403;NA;47525;0;2021-08-08;47276
2021-08-07;"Trenčiansky kraj";3;448;0;448;NA;47525;3;2021-08-07;47276
2021-08-06;"Trenčiansky kraj";3;942;1;943;NA;47525;4;2021-08-06;47273
2021-08-05;"Trenčiansky kraj";3;570;1;571;NA;47525;4;2021-08-05;47269
2021-08-04;"Trenčiansky kraj";14;537;3;540;NA;47525;17;2021-08-04;47265
2021-08-03;"Trenčiansky kraj";9;508;5;513;NA;47525;14;2021-08-03;47248
2021-08-02;"Trenčiansky kraj";1;807;2;809;NA;47525;3;2021-08-02;47234
2021-08-01;"Trenčiansky kraj";0;458;1;459;NA;47525;1;2021-08-01;47231
2021-07-31;"Trenčiansky kraj";4;525;2;527;NA;47525;6;2021-07-31;47230
2021-07-30;"Trenčiansky kraj";2;1041;0;1041;NA;47525;2;2021-07-30;47224
2021-07-29;"Trenčiansky kraj";5;684;0;684;NA;47525;5;2021-07-29;47222
2021-07-28;"Trenčiansky kraj";3;517;2;519;NA;47525;5;2021-07-28;47217
2021-07-27;"Trenčiansky kraj";6;551;1;552;NA;47525;7;2021-07-27;47212
2021-07-26;"Trenčiansky kraj";7;772;1;773;NA;47525;8;2021-07-26;47205
2021-07-25;"Trenčiansky kraj";0;487;2;489;NA;47525;2;2021-07-25;47197
2021-07-24;"Trenčiansky kraj";3;643;1;644;NA;47525;4;2021-07-24;47195
2021-07-23;"Trenčiansky kraj";3;1151;0;1151;NA;47525;3;2021-07-23;47191
2021-07-22;"Trenčiansky kraj";2;844;2;846;NA;47525;4;2021-07-22;47188
2021-07-21;"Trenčiansky kraj";8;661;2;663;NA;47525;10;2021-07-21;47184
2021-07-20;"Trenčiansky kraj";4;525;1;526;NA;47525;5;2021-07-20;47174
2021-07-19;"Trenčiansky kraj";0;866;4;870;NA;47525;4;2021-07-19;47169
2021-07-18;"Trenčiansky kraj";0;526;0;526;NA;47525;0;2021-07-18;47165
2021-07-17;"Trenčiansky kraj";3;673;0;673;NA;47525;3;2021-07-17;47165
2021-07-16;"Trenčiansky kraj";4;1122;0;1122;NA;47525;4;2021-07-16;47162
2021-07-15;"Trenčiansky kraj";2;824;0;824;NA;47525;2;2021-07-15;47158
2021-07-14;"Trenčiansky kraj";8;645;0;645;NA;47525;8;2021-07-14;47156
2021-07-13;"Trenčiansky kraj";1;520;3;523;NA;47525;4;2021-07-13;47148
2021-07-12;"Trenčiansky kraj";9;820;2;822;NA;47525;11;2021-07-12;47144
2021-07-11;"Trenčiansky kraj";0;609;0;609;NA;47525;0;2021-07-11;47133
2021-07-10;"Trenčiansky kraj";2;535;0;535;NA;47525;2;2021-07-10;47133
2021-07-09;"Trenčiansky kraj";7;1379;0;1379;NA;47525;7;2021-07-09;47131
2021-07-08;"Trenčiansky kraj";2;815;1;816;NA;47525;3;2021-07-08;47124
2021-07-07;"Trenčiansky kraj";2;928;0;928;NA;47525;2;2021-07-07;47121
2021-07-06;"Trenčiansky kraj";4;1041;1;1042;NA;47525;5;2021-07-06;47119
2021-07-05;"Trenčiansky kraj";1;508;0;508;NA;47525;1;2021-07-05;47114
2021-07-04;"Trenčiansky kraj";0;612;1;613;NA;47525;1;2021-07-04;47113
2021-07-03;"Trenčiansky kraj";3;815;1;816;NA;47525;4;2021-07-03;47112
2021-07-02;"Trenčiansky kraj";5;1583;2;1585;NA;47525;7;2021-07-02;47108
2021-07-01;"Trenčiansky kraj";4;1152;1;1153;NA;47525;5;2021-07-01;47101
2021-06-30;"Trenčiansky kraj";2;6993;6;6999;NA;47525;8;2021-06-30;47096
2021-06-29;"Trenčiansky kraj";4;2773;5;2778;NA;47525;9;2021-06-29;47088
2021-06-28;"Trenčiansky kraj";5;3644;4;3648;NA;47525;9;2021-06-28;47079
2021-06-27;"Trenčiansky kraj";0;2861;1;2862;NA;47525;1;2021-06-27;47070
2021-06-26;"Trenčiansky kraj";1;3547;4;3551;NA;47525;5;2021-06-26;47069
2021-06-25;"Trenčiansky kraj";2;4497;1;4498;NA;47525;3;2021-06-25;47064
2021-06-24;"Trenčiansky kraj";3;3205;4;3209;NA;47525;7;2021-06-24;47061
2021-06-23;"Trenčiansky kraj";4;2725;2;2727;NA;47525;6;2021-06-23;47054
2021-06-22;"Trenčiansky kraj";7;3058;3;3061;NA;47525;10;2021-06-22;47048
2021-06-21;"Trenčiansky kraj";10;3891;4;3895;NA;47525;14;2021-06-21;47038
2021-06-20;"Trenčiansky kraj";0;3579;5;3584;NA;47525;5;2021-06-20;47024
2021-06-19;"Trenčiansky kraj";5;4413;1;4414;NA;47525;6;2021-06-19;47019
2021-06-18;"Trenčiansky kraj";7;6725;7;6732;NA;47525;14;2021-06-18;47013
2021-06-17;"Trenčiansky kraj";0;3469;6;3475;NA;47525;6;2021-06-17;46999
2021-06-16;"Trenčiansky kraj";4;3183;3;3186;NA;47525;7;2021-06-16;46993
2021-06-15;"Trenčiansky kraj";10;3697;2;3699;NA;47525;12;2021-06-15;46986
2021-06-14;"Trenčiansky kraj";10;4805;15;4820;NA;47525;25;2021-06-14;46974
2021-06-13;"Trenčiansky kraj";0;4643;4;4647;NA;47525;4;2021-06-13;46949
2021-06-12;"Trenčiansky kraj";4;5456;8;5464;NA;47525;12;2021-06-12;46945
2021-06-11;"Trenčiansky kraj";10;7169;11;7180;NA;47525;21;2021-06-11;46933
2021-06-10;"Trenčiansky kraj";5;4345;7;4352;NA;47525;12;2021-06-10;46912
2021-06-09;"Trenčiansky kraj";7;3693;7;3700;NA;47525;14;2021-06-09;46900
2021-06-08;"Trenčiansky kraj";21;3965;7;3972;NA;47525;28;2021-06-08;46886
2021-06-07;"Trenčiansky kraj";13;5560;10;5570;NA;47525;23;2021-06-07;46858
2021-06-06;"Trenčiansky kraj";0;5500;10;5510;NA;47525;10;2021-06-06;46835
2021-06-05;"Trenčiansky kraj";7;6511;5;6516;NA;47525;12;2021-06-05;46825
2021-06-04;"Trenčiansky kraj";16;7653;3;7656;NA;47525;19;2021-06-04;46813
2021-06-03;"Trenčiansky kraj";9;4485;10;4495;NA;47525;19;2021-06-03;46794
2021-06-02;"Trenčiansky kraj";28;4329;8;4337;NA;47525;36;2021-06-02;46775
2021-06-01;"Trenčiansky kraj";22;5396;18;5414;NA;47525;40;2021-06-01;46739
2021-05-31;"Trenčiansky kraj";30;6117;24;6141;NA;47525;54;2021-05-31;46699
2021-05-30;"Trenčiansky kraj";0;8258;16;8274;NA;47525;16;2021-05-30;46645
2021-05-29;"Trenčiansky kraj";13;7915;14;7929;NA;47525;27;2021-05-29;46629
2021-05-28;"Trenčiansky kraj";22;8995;25;9020;NA;47525;47;2021-05-28;46602
2021-05-27;"Trenčiansky kraj";6;5205;12;5217;NA;47525;18;2021-05-27;46555
2021-05-26;"Trenčiansky kraj";26;5069;15;5084;NA;47525;41;2021-05-26;46537
2021-05-25;"Trenčiansky kraj";18;6168;24;6192;NA;47525;42;2021-05-25;46496
2021-05-24;"Trenčiansky kraj";19;9292;37;9329;NA;47525;56;2021-05-24;46454
2021-05-23;"Trenčiansky kraj";0;9083;26;9109;NA;47525;26;2021-05-23;46398
2021-05-22;"Trenčiansky kraj";11;11314;21;11335;NA;47525;32;2021-05-22;46372
2021-05-21;"Trenčiansky kraj";23;11572;26;11598;NA;47525;49;2021-05-21;46340
2021-05-20;"Trenčiansky kraj";23;6320;25;6345;NA;47525;48;2021-05-20;46291
2021-05-19;"Trenčiansky kraj";16;5694;32;5726;NA;47525;48;2021-05-19;46243
2021-05-18;"Trenčiansky kraj";26;7779;28;7807;NA;47525;54;2021-05-18;46195
2021-05-17;"Trenčiansky kraj";37;7671;43;7714;NA;47525;80;2021-05-17;46141
2021-05-16;"Trenčiansky kraj";25;15615;41;15656;NA;47525;66;2021-05-16;46061
2021-05-15;"Trenčiansky kraj";3;21237;32;21269;NA;47525;35;2021-05-15;45995
2021-05-14;"Trenčiansky kraj";41;18676;42;18718;NA;47525;83;2021-05-14;45960
2021-05-13;"Trenčiansky kraj";41;8195;24;8219;NA;47525;65;2021-05-13;45877
2021-05-12;"Trenčiansky kraj";41;7409;31;7440;NA;47525;72;2021-05-12;45812
2021-05-11;"Trenčiansky kraj";66;10507;32;10539;NA;47525;98;2021-05-11;45740
2021-05-10;"Trenčiansky kraj";48;12989;55;13044;NA;47525;103;2021-05-10;45642
2021-05-09;"Trenčiansky kraj";52;17737;39;17776;NA;47525;91;2021-05-09;45539
2021-05-08;"Trenčiansky kraj";3;23822;33;23855;NA;47525;36;2021-05-08;45448
2021-05-07;"Trenčiansky kraj";45;23549;56;23605;NA;47525;101;2021-05-07;45412
2021-05-06;"Trenčiansky kraj";26;10771;44;10815;NA;47525;70;2021-05-06;45311
2021-05-05;"Trenčiansky kraj";73;9377;41;9418;NA;47525;114;2021-05-05;45241
2021-05-04;"Trenčiansky kraj";55;12733;53;12786;NA;47525;108;2021-05-04;45127
2021-05-03;"Trenčiansky kraj";60;15331;51;15382;NA;47525;111;2021-05-03;45019
2021-05-02;"Trenčiansky kraj";0;31163;65;31228;NA;47525;65;2021-05-02;44908
2021-05-01;"Trenčiansky kraj";71;56982;60;57042;NA;47525;131;2021-05-01;44843
2021-04-30;"Trenčiansky kraj";77;29427;61;29488;NA;47525;138;2021-04-30;44712
2021-04-29;"Trenčiansky kraj";49;13198;59;13257;NA;47525;108;2021-04-29;44574
2021-04-28;"Trenčiansky kraj";79;12537;52;12589;NA;47525;131;2021-04-28;44466
2021-04-27;"Trenčiansky kraj";107;15527;40;15567;NA;47525;147;2021-04-27;44335
2021-04-26;"Trenčiansky kraj";52;21070;63;21133;NA;47525;115;2021-04-26;44188
2021-04-25;"Trenčiansky kraj";0;34560;48;34608;NA;47525;48;2021-04-25;44073
2021-04-24;"Trenčiansky kraj";76;72398;100;72498;NA;47525;176;2021-04-24;44025
2021-04-23;"Trenčiansky kraj";143;29959;79;30038;NA;47525;222;2021-04-23;43849
2021-04-22;"Trenčiansky kraj";71;13847;64;13911;NA;47525;135;2021-04-22;43627
2021-04-21;"Trenčiansky kraj";79;13000;67;13067;NA;47525;146;2021-04-21;43492
2021-04-20;"Trenčiansky kraj";142;17740;80;17820;NA;47525;222;2021-04-20;43346
2021-04-19;"Trenčiansky kraj";102;22631;103;22734;NA;47525;205;2021-04-19;43124
2021-04-18;"Trenčiansky kraj";3;40879;97;40976;NA;47525;100;2021-04-18;42919
2021-04-17;"Trenčiansky kraj";77;81498;136;81634;NA;47525;213;2021-04-17;42819
2021-04-16;"Trenčiansky kraj";100;31961;90;32051;NA;47525;190;2021-04-16;42606
2021-04-15;"Trenčiansky kraj";71;14479;69;14548;NA;47525;140;2021-04-15;42416
2021-04-14;"Trenčiansky kraj";135;15574;72;15646;NA;47525;207;2021-04-14;42276
2021-04-13;"Trenčiansky kraj";189;18721;75;18796;NA;47525;264;2021-04-13;42069
2021-04-12;"Trenčiansky kraj";97;23743;91;23834;NA;47525;188;2021-04-12;41805
2021-04-11;"Trenčiansky kraj";1;34735;75;34810;NA;47525;76;2021-04-11;41617
2021-04-10;"Trenčiansky kraj";81;83093;145;83238;NA;47525;226;2021-04-10;41541
2021-04-09;"Trenčiansky kraj";120;28014;91;28105;NA;47525;211;2021-04-09;41315
2021-04-08;"Trenčiansky kraj";112;13283;85;13368;NA;47525;197;2021-04-08;41104
2021-04-07;"Trenčiansky kraj";204;17688;123;17811;NA;47525;327;2021-04-07;40907
2021-04-06;"Trenčiansky kraj";157;28567;178;28745;NA;47525;335;2021-04-06;40580
2021-04-05;"Trenčiansky kraj";15;9227;64;9291;NA;47525;79;2021-04-05;40245
2021-04-04;"Trenčiansky kraj";2;20291;85;20376;NA;47525;87;2021-04-04;40166
2021-04-03;"Trenčiansky kraj";86;80473;221;80694;NA;47525;307;2021-04-03;40079
2021-04-02;"Trenčiansky kraj";126;21620;81;21701;NA;47525;207;2021-04-02;39772
2021-04-01;"Trenčiansky kraj";159;32376;139;32515;NA;47525;298;2021-04-01;39565
2021-03-31;"Trenčiansky kraj";198;20100;130;20230;NA;47525;328;2021-03-31;39267
2021-03-30;"Trenčiansky kraj";272;17305;136;17441;NA;47525;408;2021-03-30;38939
2021-03-29;"Trenčiansky kraj";142;19479;170;19649;NA;47525;312;2021-03-29;38531
2021-03-28;"Trenčiansky kraj";3;34759;116;34875;NA;47525;119;2021-03-28;38219
2021-03-27;"Trenčiansky kraj";130;77314;293;77607;NA;47525;423;2021-03-27;38100
2021-03-26;"Trenčiansky kraj";211;35095;157;35252;NA;47525;368;2021-03-26;37677
2021-03-25;"Trenčiansky kraj";184;16580;176;16756;NA;47525;360;2021-03-25;37309
2021-03-24;"Trenčiansky kraj";259;13102;171;13273;NA;47525;430;2021-03-24;36949
2021-03-23;"Trenčiansky kraj";349;17589;174;17763;NA;47525;523;2021-03-23;36519
2021-03-22;"Trenčiansky kraj";141;21116;213;21329;NA;47525;354;2021-03-22;35996
2021-03-21;"Trenčiansky kraj";85;32711;164;32875;NA;47525;249;2021-03-21;35642
2021-03-20;"Trenčiansky kraj";128;80035;322;80357;NA;47525;450;2021-03-20;35393
2021-03-19;"Trenčiansky kraj";231;34783;232;35015;NA;47525;463;2021-03-19;34943
2021-03-18;"Trenčiansky kraj";262;16105;178;16283;NA;47525;440;2021-03-18;34480
2021-03-17;"Trenčiansky kraj";366;13435;164;13599;NA;47525;530;2021-03-17;34040
2021-03-16;"Trenčiansky kraj";450;15282;241;15523;NA;47525;691;2021-03-16;33510
2021-03-15;"Trenčiansky kraj";162;21235;261;21496;NA;47525;423;2021-03-15;32819
2021-03-14;"Trenčiansky kraj";42;34416;238;34654;NA;47525;280;2021-03-14;32396
2021-03-13;"Trenčiansky kraj";270;79186;453;79639;NA;47525;723;2021-03-13;32116
2021-03-12;"Trenčiansky kraj";366;34795;307;35102;NA;47525;673;2021-03-12;31393
2021-03-11;"Trenčiansky kraj";302;15558;213;15771;NA;47525;515;2021-03-11;30720
2021-03-10;"Trenčiansky kraj";402;13585;237;13822;NA;47525;639;2021-03-10;30205
2021-03-09;"Trenčiansky kraj";586;17982;285;18267;NA;47525;871;2021-03-09;29566
2021-03-08;"Trenčiansky kraj";174;21704;363;22067;NA;47525;537;2021-03-08;28695
2021-03-07;"Trenčiansky kraj";4;33660;313;33973;NA;47525;317;2021-03-07;28158
2021-03-06;"Trenčiansky kraj";260;79661;529;80190;NA;47525;789;2021-03-06;27841
2021-03-05;"Trenčiansky kraj";326;32960;416;33376;NA;47525;742;2021-03-05;27052
2021-03-04;"Trenčiansky kraj";323;16821;317;17138;NA;47525;640;2021-03-04;26310
2021-03-03;"Trenčiansky kraj";413;13960;347;14307;NA;47525;760;2021-03-03;25670
2021-03-02;"Trenčiansky kraj";612;17794;344;18138;NA;47525;956;2021-03-02;24910
2021-03-01;"Trenčiansky kraj";217;21104;445;21549;NA;47525;662;2021-03-01;23954
2021-02-28;"Trenčiansky kraj";45;30238;376;30614;NA;47525;421;2021-02-28;23292
2021-02-27;"Trenčiansky kraj";277;78735;686;79421;NA;47525;963;2021-02-27;22871
2021-02-26;"Trenčiansky kraj";420;32944;435;33379;NA;47525;855;2021-02-26;21908
2021-02-25;"Trenčiansky kraj";424;14029;328;14357;NA;47525;752;2021-02-25;21053
2021-02-24;"Trenčiansky kraj";427;11997;398;12395;NA;47525;825;2021-02-24;20301
2021-02-23;"Trenčiansky kraj";577;14904;390;15294;NA;47525;967;2021-02-23;19476
2021-02-22;"Trenčiansky kraj";160;19969;468;20437;NA;47525;628;2021-02-22;18509
2021-02-21;"Trenčiansky kraj";64;29478;392;29870;NA;47525;456;2021-02-21;17881
2021-02-20;"Trenčiansky kraj";274;77840;745;78585;NA;47525;1019;2021-02-20;17425
2021-02-19;"Trenčiansky kraj";272;30266;523;30789;NA;47525;795;2021-02-19;16406
2021-02-18;"Trenčiansky kraj";355;14094;403;14497;NA;47525;758;2021-02-18;15611
2021-02-17;"Trenčiansky kraj";363;11413;377;11790;NA;47525;740;2021-02-17;14853
2021-02-16;"Trenčiansky kraj";488;17761;406;18167;NA;47525;894;2021-02-16;14113
2021-02-15;"Trenčiansky kraj";151;21846;463;22309;NA;47525;614;2021-02-15;13219
2021-02-14;"Trenčiansky kraj";2;31255;324;31579;NA;47525;326;2021-02-14;12605
2021-02-13;"Trenčiansky kraj";274;63006;522;63528;NA;47525;796;2021-02-13;12279
2021-02-12;"Trenčiansky kraj";276;27979;412;28391;NA;47525;688;2021-02-12;11483
2021-02-11;"Trenčiansky kraj";291;11567;323;11890;NA;47525;614;2021-02-11;10795
2021-02-10;"Trenčiansky kraj";304;11408;317;11725;NA;47525;621;2021-02-10;10181
2021-02-09;"Trenčiansky kraj";514;18412;360;18772;NA;47525;874;2021-02-09;9560
2021-02-08;"Trenčiansky kraj";182;26832;430;27262;NA;47525;612;2021-02-08;8686
2021-02-07;"Trenčiansky kraj";31;36781;341;37122;NA;47525;372;2021-02-07;8074
2021-02-06;"Trenčiansky kraj";216;63931;560;64491;NA;47525;776;2021-02-06;7702
2021-02-05;"Trenčiansky kraj";202;18164;367;18531;NA;47525;569;2021-02-05;6926
2021-02-04;"Trenčiansky kraj";266;7253;311;7564;NA;47525;577;2021-02-04;6357
2021-02-03;"Trenčiansky kraj";162;6723;320;7043;NA;47525;482;2021-02-03;5780
2021-02-02;"Trenčiansky kraj";347;8074;381;8455;NA;47525;728;2021-02-02;5298
2021-02-01;"Trenčiansky kraj";167;8921;311;9232;NA;47525;478;2021-02-01;4570
2021-01-31;"Trenčiansky kraj";7;19103;159;19262;NA;47525;166;2021-01-31;4092
2021-01-30;"Trenčiansky kraj";228;38167;332;38499;NA;47525;560;2021-01-30;3926
2021-01-29;"Trenčiansky kraj";214;7590;235;7825;NA;47525;449;2021-01-29;3366
2021-01-28;"Trenčiansky kraj";307;5442;158;5600;NA;47525;465;2021-01-28;2917
2021-01-27;"Trenčiansky kraj";166;4842;181;5023;NA;47525;347;2021-01-27;2452
2021-01-26;"Trenčiansky kraj";303;14589;250;14839;NA;47525;553;2021-01-26;2105
2021-01-25;"Trenčiansky kraj";160;24310;207;24517;NA;47525;367;2021-01-25;1552
2021-01-24;"Trenčiansky kraj";51;38369;282;38651;NA;47525;333;2021-01-24;1185
2021-01-23;"Trenčiansky kraj";206;114125;749;114874;NA;47525;955;2021-01-23;852
2021-01-22;"Trenčiansky kraj";148;21831;241;22072;NA;47525;389;2021-01-22;-103
2021-01-21;"Trenčiansky kraj";143;8586;166;8752;NA;47525;309;2021-01-21;-492
2021-01-20;"Trenčiansky kraj";181;8189;227;8416;NA;47525;408;2021-01-20;-801
2021-01-19;"Trenčiansky kraj";363;6600;262;6862;NA;47525;625;2021-01-19;-1209
2021-01-18;"Trenčiansky kraj";72;4970;321;5291;NA;47525;393;2021-01-18;-1834
2021-01-17;"Trenčiansky kraj";124;156;11;167;NA;47525;135;2021-01-17;-2227
2021-01-16;"Trenčiansky kraj";39;1288;53;1341;NA;47525;92;2021-01-16;-2362
2021-01-15;"Trenčiansky kraj";264;4031;214;4245;NA;47525;478;2021-01-15;-2454
2021-01-14;"Trenčiansky kraj";275;3193;189;3382;NA;47525;464;2021-01-14;-2932
2021-01-13;"Trenčiansky kraj";222;3893;215;4108;NA;47525;437;2021-01-13;-3396
2021-01-12;"Trenčiansky kraj";508;4604;261;4865;NA;47525;769;2021-01-12;-3833
2021-01-11;"Trenčiansky kraj";142;4367;354;4721;NA;47525;496;2021-01-11;-4602
2021-01-10;"Trenčiansky kraj";89;4969;77;5046;NA;47525;166;2021-01-10;-5098
2021-01-09;"Trenčiansky kraj";276;8280;128;8408;NA;47525;404;2021-01-09;-5264
2021-01-08;"Trenčiansky kraj";489;6435;484;6919;NA;47525;973;2021-01-08;-5668
2021-01-07;"Trenčiansky kraj";420;6138;577;6715;NA;47525;997;2021-01-07;-6641
2021-01-06;"Trenčiansky kraj";221;1021;64;1085;NA;47525;285;2021-01-06;-7638
2021-01-05;"Trenčiansky kraj";669;5753;706;6459;NA;47525;1375;2021-01-05;-7923
2021-01-04;"Trenčiansky kraj";337;5248;782;6030;NA;47525;1119;2021-01-04;-9298
2021-01-03;"Trenčiansky kraj";38;114;15;129;NA;47525;53;2021-01-03;-10417
2021-01-02;"Trenčiansky kraj";129;196;23;219;NA;47525;152;2021-01-02;-10470
2021-01-01;"Trenčiansky kraj";329;347;23;370;NA;47525;352;2021-01-01;-10622
2020-12-31;"Trenčiansky kraj";597;4943;557;5500;NA;47525;1154;2020-12-31;-10974
2020-12-30;"Trenčiansky kraj";836;7012;762;7774;NA;47525;1598;2020-12-30;-12128
2020-12-29;"Trenčiansky kraj";459;6121;1009;7130;NA;47525;1468;2020-12-29;-13726
2020-12-28;"Trenčiansky kraj";258;4195;777;4972;NA;47525;1035;2020-12-28;-15194
2020-12-27;"Trenčiansky kraj";5;208;36;244;NA;47525;41;2020-12-27;-16229
2020-12-26;"Trenčiansky kraj";174;74;10;84;NA;47525;184;2020-12-26;-16270
2020-12-25;"Trenčiansky kraj";251;325;47;372;NA;47525;298;2020-12-25;-16454
2020-12-24;"Trenčiansky kraj";552;2194;256;2450;NA;47525;808;2020-12-24;-16752
2020-12-23;"Trenčiansky kraj";421;6552;661;7213;NA;47525;1082;2020-12-23;-17560
2020-12-22;"Trenčiansky kraj";673;5760;694;6454;NA;47525;1367;2020-12-22;-18642
2020-12-21;"Trenčiansky kraj";248;13395;979;14374;NA;47525;1227;2020-12-21;-20009
2020-12-20;"Trenčiansky kraj";238;12504;292;12796;NA;47525;530;2020-12-20;-21236
2020-12-19;"Trenčiansky kraj";341;1611;150;1761;NA;47525;491;2020-12-19;-21766
2020-12-18;"Trenčiansky kraj";521;5199;615;5814;NA;47525;1136;2020-12-18;-22257
2020-12-17;"Trenčiansky kraj";670;3843;524;4367;NA;47525;1194;2020-12-17;-23393
2020-12-16;"Trenčiansky kraj";461;4474;648;5122;NA;47525;1109;2020-12-16;-24587
2020-12-15;"Trenčiansky kraj";595;3805;670;4475;NA;47525;1265;2020-12-15;-25696
2020-12-14;"Trenčiansky kraj";318;3194;613;3807;NA;47525;931;2020-12-14;-26961
2020-12-13;"Trenčiansky kraj";77;49;6;55;NA;47525;83;2020-12-13;-27892
2020-12-12;"Trenčiansky kraj";314;1191;136;1327;NA;47525;450;2020-12-12;-27975
2020-12-11;"Trenčiansky kraj";751;4049;478;4527;NA;47525;1229;2020-12-11;-28425
2020-12-10;"Trenčiansky kraj";271;3354;473;3827;NA;47525;744;2020-12-10;-29654
2020-12-09;"Trenčiansky kraj";508;3788;466;4254;NA;47525;974;2020-12-09;-30398
2020-12-08;"Trenčiansky kraj";546;3440;522;3962;NA;47525;1068;2020-12-08;-31372
2020-12-07;"Trenčiansky kraj";258;3832;468;4300;NA;47525;726;2020-12-07;-32440
2020-12-06;"Trenčiansky kraj";114;179;10;189;NA;47525;124;2020-12-06;-33166
2020-12-05;"Trenčiansky kraj";223;610;56;666;NA;47525;279;2020-12-05;-33290
2020-12-04;"Trenčiansky kraj";253;2943;273;3216;NA;47525;526;2020-12-04;-33569
2020-12-03;"Trenčiansky kraj";503;1714;178;1892;NA;47525;681;2020-12-03;-34095
2020-12-02;"Trenčiansky kraj";418;1844;232;2076;NA;47525;650;2020-12-02;-34776
2020-12-01;"Trenčiansky kraj";321;5642;351;5993;NA;47525;672;2020-12-01;-35426
2020-11-30;"Trenčiansky kraj";167;11514;520;12034;NA;47525;687;2020-11-30;-36098
2020-11-29;"Trenčiansky kraj";29;30;5;35;NA;47525;34;2020-11-29;-36785
2020-11-28;"Trenčiansky kraj";202;1051;93;1144;NA;47525;295;2020-11-28;-36819
2020-11-27;"Trenčiansky kraj";330;1888;186;2074;NA;47525;516;2020-11-27;-37114
2020-11-26;"Trenčiansky kraj";395;1252;122;1374;NA;47525;517;2020-11-26;-37630
2020-11-25;"Trenčiansky kraj";322;1444;160;1604;NA;47525;482;2020-11-25;-38147
2020-11-24;"Trenčiansky kraj";348;2553;308;2861;NA;47525;656;2020-11-24;-38629
2020-11-23;"Trenčiansky kraj";159;1186;122;1308;NA;47525;281;2020-11-23;-39285
2020-11-22;"Trenčiansky kraj";26;30;7;37;NA;47525;33;2020-11-22;-39566
2020-11-21;"Trenčiansky kraj";255;1376;69;1445;NA;47525;324;2020-11-21;-39599
2020-11-20;"Trenčiansky kraj";316;861;93;954;NA;47525;409;2020-11-20;-39923
2020-11-19;"Trenčiansky kraj";316;740;113;853;NA;47525;429;2020-11-19;-40332
2020-11-18;"Trenčiansky kraj";233;379;66;445;NA;47525;299;2020-11-18;-40761
2020-11-17;"Trenčiansky kraj";222;106;15;121;NA;47525;237;2020-11-17;-41060
2020-11-16;"Trenčiansky kraj";245;236;45;281;NA;47525;290;2020-11-16;-41297
2020-11-15;"Trenčiansky kraj";109;29;6;35;NA;47525;115;2020-11-15;-41587
2020-11-14;"Trenčiansky kraj";190;74;11;85;NA;47525;201;2020-11-14;-41702
2020-11-13;"Trenčiansky kraj";308;131;13;144;NA;47525;321;2020-11-13;-41903
2020-11-12;"Trenčiansky kraj";324;124;5;129;NA;47525;329;2020-11-12;-42224
2020-11-11;"Trenčiansky kraj";366;113;10;123;NA;47525;376;2020-11-11;-42553
2020-11-10;"Trenčiansky kraj";277;106;6;112;NA;47525;283;2020-11-10;-42929
2020-11-09;"Trenčiansky kraj";115;1407;48;1455;NA;47525;163;2020-11-09;-43212
2020-11-08;"Trenčiansky kraj";81;1271;8;1279;NA;47525;89;2020-11-08;-43375
2020-11-07;"Trenčiansky kraj";319;3662;59;3721;NA;47525;378;2020-11-07;-43464
2020-11-06;"Trenčiansky kraj";383;6893;84;6977;NA;47525;467;2020-11-06;-43842
2020-11-05;"Trenčiansky kraj";399;98;15;113;NA;47525;414;2020-11-05;-44309
2020-11-04;"Trenčiansky kraj";370;91;9;100;NA;47525;379;2020-11-04;-44723
2020-11-03;"Trenčiansky kraj";575;97;8;105;NA;47525;583;2020-11-03;-45102
2020-11-02;"Trenčiansky kraj";197;1833;68;1901;NA;47525;265;2020-11-02;-45685
2020-11-01;"Trenčiansky kraj";257;808;24;832;NA;47525;281;2020-11-01;-45950
2020-10-31;"Trenčiansky kraj";332;4719;82;4801;NA;47525;414;2020-10-31;-46231
2020-10-30;"Trenčiansky kraj";299;5283;102;5385;NA;47525;401;2020-10-30;-46645
2020-10-29;"Trenčiansky kraj";496;764;68;832;NA;47525;564;2020-10-29;-47046
2020-10-28;"Trenčiansky kraj";269;192;33;225;NA;47525;302;2020-10-28;-47610
2020-10-27;"Trenčiansky kraj";473;127;27;154;NA;47525;500;2020-10-27;-47912
2020-10-26;"Trenčiansky kraj";177;107;36;143;NA;47525;213;2020-10-26;-48412
2020-10-25;"Trenčiansky kraj";138;9;5;14;NA;47525;143;2020-10-25;-48625
2020-10-24;"Trenčiansky kraj";395;128;6;134;NA;47525;401;2020-10-24;-48768
2020-10-23;"Trenčiansky kraj";301;154;8;162;NA;47525;309;2020-10-23;-49169
2020-10-22;"Trenčiansky kraj";273;82;12;94;NA;47525;285;2020-10-22;-49478
2020-10-21;"Trenčiansky kraj";183;53;9;62;NA;47525;192;2020-10-21;-49763
2020-10-20;"Trenčiansky kraj";212;47;6;53;NA;47525;218;2020-10-20;-49955
2020-10-19;"Trenčiansky kraj";41;83;25;108;NA;47525;66;2020-10-19;-50173
2020-10-18;"Trenčiansky kraj";104;0;0;0;NA;47525;104;2020-10-18;-50239
2020-10-17;"Trenčiansky kraj";157;0;0;0;NA;47525;157;2020-10-17;-50343
2020-10-16;"Trenčiansky kraj";225;42;6;48;NA;47525;231;2020-10-16;-50500
2020-10-15;"Trenčiansky kraj";255;39;4;43;NA;47525;259;2020-10-15;-50731
2020-10-14;"Trenčiansky kraj";162;42;7;49;NA;47525;169;2020-10-14;-50990
2020-10-13;"Trenčiansky kraj";124;105;12;117;NA;47525;136;2020-10-13;-51159
2020-10-12;"Trenčiansky kraj";55;0;0;0;NA;47525;55;2020-10-12;-51295
2020-10-11;"Trenčiansky kraj";73;0;0;0;NA;47525;73;2020-10-11;-51350
2020-10-10;"Trenčiansky kraj";180;0;0;0;NA;47525;180;2020-10-10;-51423
2020-10-09;"Trenčiansky kraj";198;0;0;0;NA;47525;198;2020-10-09;-51603
2020-10-08;"Trenčiansky kraj";115;0;0;0;NA;47525;115;2020-10-08;-51801
2020-10-07;"Trenčiansky kraj";75;0;0;0;NA;47525;75;2020-10-07;-51916
2020-10-06;"Trenčiansky kraj";72;0;0;0;NA;47525;72;2020-10-06;-51991
2020-10-05;"Trenčiansky kraj";32;0;0;0;NA;47525;32;2020-10-05;-52063
2020-10-04;"Trenčiansky kraj";37;0;0;0;NA;47525;37;2020-10-04;-52095
2020-10-03;"Trenčiansky kraj";79;0;0;0;NA;47525;79;2020-10-03;-52132
2020-10-02;"Trenčiansky kraj";69;0;0;0;NA;47525;69;2020-10-02;-52211
2020-10-01;"Trenčiansky kraj";58;0;0;0;NA;47525;58;2020-10-01;-52280
2020-09-30;"Trenčiansky kraj";76;0;0;0;NA;47525;76;2020-09-30;-52338
2020-09-29;"Trenčiansky kraj";43;0;0;0;NA;47525;43;2020-09-29;-52414
2020-09-28;"Trenčiansky kraj";7;0;0;0;NA;47525;7;2020-09-28;-52457
2020-09-27;"Trenčiansky kraj";12;0;0;0;NA;47525;12;2020-09-27;-52464
2020-09-26;"Trenčiansky kraj";37;0;0;0;NA;47525;37;2020-09-26;-52476
2020-09-25;"Trenčiansky kraj";72;0;0;0;NA;47525;72;2020-09-25;-52513
2020-09-24;"Trenčiansky kraj";41;0;0;0;NA;47525;41;2020-09-24;-52585
2020-09-23;"Trenčiansky kraj";32;0;0;0;NA;47525;32;2020-09-23;-52626
2020-09-22;"Trenčiansky kraj";26;0;0;0;NA;47525;26;2020-09-22;-52658
2020-09-21;"Trenčiansky kraj";23;0;0;0;NA;47525;23;2020-09-21;-52684
2020-09-20;"Trenčiansky kraj";21;0;0;0;NA;47525;21;2020-09-20;-52707
2020-09-19;"Trenčiansky kraj";20;0;0;0;NA;47525;20;2020-09-19;-52728
2020-09-18;"Trenčiansky kraj";41;0;0;0;NA;47525;41;2020-09-18;-52748
2020-09-17;"Trenčiansky kraj";20;0;0;0;NA;47525;20;2020-09-17;-52789
2020-09-16;"Trenčiansky kraj";14;0;0;0;NA;47525;14;2020-09-16;-52809
2020-09-15;"Trenčiansky kraj";8;0;0;0;NA;47525;8;2020-09-15;-52823
2020-09-14;"Trenčiansky kraj";5;0;0;0;NA;47525;5;2020-09-14;-52831
2020-09-13;"Trenčiansky kraj";12;0;0;0;NA;47525;12;2020-09-13;-52836
2020-09-12;"Trenčiansky kraj";2;0;0;0;NA;47525;2;2020-09-12;-52848
2020-09-11;"Trenčiansky kraj";27;0;0;0;NA;47525;27;2020-09-11;-52850
2020-09-10;"Trenčiansky kraj";15;0;0;0;NA;47525;15;2020-09-10;-52877
2020-09-09;"Trenčiansky kraj";11;0;0;0;NA;47525;11;2020-09-09;-52892
2020-09-08;"Trenčiansky kraj";12;0;0;0;NA;47525;12;2020-09-08;-52903
2020-09-07;"Trenčiansky kraj";6;0;0;0;NA;47525;6;2020-09-07;-52915
2020-09-06;"Trenčiansky kraj";1;0;0;0;NA;47525;1;2020-09-06;-52921
2020-09-05;"Trenčiansky kraj";3;0;0;0;NA;47525;3;2020-09-05;-52922
2020-09-04;"Trenčiansky kraj";9;0;0;0;NA;47525;9;2020-09-04;-52925
2020-09-03;"Trenčiansky kraj";10;0;0;0;NA;47525;10;2020-09-03;-52934
2020-09-02;"Trenčiansky kraj";5;0;0;0;NA;47525;5;2020-09-02;-52944
2020-09-01;"Trenčiansky kraj";1;0;0;0;NA;47525;1;2020-09-01;-52949
2020-08-31;"Trenčiansky kraj";12;0;0;0;NA;47525;12;2020-08-31;-52950
2020-08-30;"Trenčiansky kraj";0;0;0;0;NA;47525;0;2020-08-30;-52962
2020-08-29;"Trenčiansky kraj";1;0;0;0;NA;47525;1;2020-08-29;-52962
2020-08-28;"Trenčiansky kraj";12;0;0;0;NA;47525;12;2020-08-28;-52963
2020-08-27;"Trenčiansky kraj";10;0;0;0;NA;47525;10;2020-08-27;-52975
2020-08-26;"Trenčiansky kraj";15;0;0;0;NA;47525;15;2020-08-26;-52985
2020-08-25;"Trenčiansky kraj";12;0;0;0;NA;47525;12;2020-08-25;-53000
2020-08-24;"Trenčiansky kraj";4;0;0;0;NA;47525;4;2020-08-24;-53012
2020-08-23;"Trenčiansky kraj";5;0;0;0;NA;47525;5;2020-08-23;-53016
2020-08-22;"Trenčiansky kraj";6;0;0;0;NA;47525;6;2020-08-22;-53021
2020-08-21;"Trenčiansky kraj";6;0;0;0;NA;47525;6;2020-08-21;-53027
2020-08-20;"Trenčiansky kraj";20;0;0;0;NA;47525;20;2020-08-20;-53033
2020-08-19;"Trenčiansky kraj";17;0;0;0;NA;47525;17;2020-08-19;-53053
2020-08-18;"Trenčiansky kraj";9;0;0;0;NA;47525;9;2020-08-18;-53070
2020-08-17;"Trenčiansky kraj";4;0;0;0;NA;47525;4;2020-08-17;-53079
2020-08-16;"Trenčiansky kraj";0;0;0;0;NA;47525;0;2020-08-16;-53083
2020-08-15;"Trenčiansky kraj";9;0;0;0;NA;47525;9;2020-08-15;-53083
2020-08-14;"Trenčiansky kraj";15;0;0;0;NA;47525;15;2020-08-14;-53092
2020-08-13;"Trenčiansky kraj";23;0;0;0;NA;47525;23;2020-08-13;-53107
2020-08-12;"Trenčiansky kraj";6;0;0;0;NA;47525;6;2020-08-12;-53130
2020-08-11;"Trenčiansky kraj";7;0;0;0;NA;47525;7;2020-08-11;-53136
2020-08-10;"Trenčiansky kraj";9;0;0;0;NA;47525;9;2020-08-10;-53143
2020-08-09;"Trenčiansky kraj";1;0;0;0;NA;47525;1;2020-08-09;-53152
2020-08-08;"Trenčiansky kraj";4;0;0;0;NA;47525;4;2020-08-08;-53153
2020-08-07;"Trenčiansky kraj";4;0;0;0;NA;47525;4;2020-08-07;-53157
2020-08-06;"Trenčiansky kraj";13;0;0;0;NA;47525;13;2020-08-06;-53161
2020-08-05;"Trenčiansky kraj";39;0;0;0;NA;47525;39;2020-08-05;-53174
2020-08-04;"Trenčiansky kraj";9;0;0;0;NA;47525;9;2020-08-04;-53213
2020-08-03;"Trenčiansky kraj";0;0;0;0;NA;47525;0;2020-08-03;-53222
2020-08-02;"Trenčiansky kraj";2;0;0;0;NA;47525;2;2020-08-02;-53222
2020-08-01;"Trenčiansky kraj";6;0;0;0;NA;47525;6;2020-08-01;-53224
2020-07-31;"Trenčiansky kraj";16;0;0;0;NA;47525;16;2020-07-31;-53230
2020-07-30;"Trenčiansky kraj";4;0;0;0;NA;47525;4;2020-07-30;-53246
2020-07-29;"Trenčiansky kraj";5;0;0;0;NA;47525;5;2020-07-29;-53250
2020-07-28;"Trenčiansky kraj";11;0;0;0;NA;47525;11;2020-07-28;-53255
2020-07-27;"Trenčiansky kraj";4;0;0;0;NA;47525;4;2020-07-27;-53266
2020-07-26;"Trenčiansky kraj";1;0;0;0;NA;47525;1;2020-07-26;-53270
2020-07-25;"Trenčiansky kraj";7;0;0;0;NA;47525;7;2020-07-25;-53271
2020-07-24;"Trenčiansky kraj";5;0;0;0;NA;47525;5;2020-07-24;-53278
2020-07-23;"Trenčiansky kraj";10;0;0;0;NA;47525;10;2020-07-23;-53283
2020-07-22;"Trenčiansky kraj";11;0;0;0;NA;47525;11;2020-07-22;-53293
2020-07-21;"Trenčiansky kraj";6;0;0;0;NA;47525;6;2020-07-21;-53304
2020-07-20;"Trenčiansky kraj";13;0;0;0;NA;47525;13;2020-07-20;-53310
2020-07-19;"Trenčiansky kraj";0;0;0;0;NA;47525;0;2020-07-19;-53323
2020-07-18;"Trenčiansky kraj";0;0;0;0;NA;47525;0;2020-07-18;-53323
2020-07-17;"Trenčiansky kraj";1;0;0;0;NA;47525;1;2020-07-17;-53323
2020-07-16;"Trenčiansky kraj";0;0;0;0;NA;47525;0;2020-07-16;-53324
2020-07-15;"Trenčiansky kraj";2;0;0;0;NA;47525;2;2020-07-15;-53324
2020-07-14;"Trenčiansky kraj";8;0;0;0;NA;47525;8;2020-07-14;-53326
2020-07-13;"Trenčiansky kraj";1;0;0;0;NA;47525;1;2020-07-13;-53334
2020-07-12;"Trenčiansky kraj";0;0;0;0;NA;47525;0;2020-07-12;-53335
2020-07-11;"Trenčiansky kraj";0;0;0;0;NA;47525;0;2020-07-11;-53335
2020-07-10;"Trenčiansky kraj";3;0;0;0;NA;47525;3;2020-07-10;-53335
2020-07-09;"Trenčiansky kraj";2;0;0;0;NA;47525;2;2020-07-09;-53338
2020-07-08;"Trenčiansky kraj";1;0;0;0;NA;47525;1;2020-07-08;-53340
2020-07-07;"Trenčiansky kraj";9;0;0;0;NA;47525;9;2020-07-07;-53341
2020-07-06;"Trenčiansky kraj";1;0;0;0;NA;47525;1;2020-07-06;-53350
2020-07-05;"Trenčiansky kraj";1;0;0;0;NA;47525;1;2020-07-05;-53351
2020-07-04;"Trenčiansky kraj";0;0;0;0;NA;47525;0;2020-07-04;-53352
2020-07-03;"Trenčiansky kraj";2;0;0;0;NA;47525;2;2020-07-03;-53352
2020-07-02;"Trenčiansky kraj";10;0;0;0;NA;47525;10;2020-07-02;-53354
2020-07-01;"Trenčiansky kraj";1;0;0;0;NA;47525;1;2020-07-01;-53364
2020-06-30;"Trenčiansky kraj";6;0;0;0;NA;47525;6;2020-06-30;-53365
2020-06-29;"Trenčiansky kraj";1;0;0;0;NA;47525;1;2020-06-29;-53371
2020-06-28;"Trenčiansky kraj";0;0;0;0;NA;47525;0;2020-06-28;-53372
2020-06-27;"Trenčiansky kraj";0;0;0;0;NA;47525;0;2020-06-27;-53372
2020-06-26;"Trenčiansky kraj";0;0;0;0;NA;47525;0;2020-06-26;-53372
2020-06-25;"Trenčiansky kraj";2;0;0;0;NA;47525;2;2020-06-25;-53372
2020-06-24;"Trenčiansky kraj";1;0;0;0;NA;47525;1;2020-06-24;-53374
2020-06-23;"Trenčiansky kraj";0;0;0;0;NA;47525;0;2020-06-23;-53375
2020-06-22;"Trenčiansky kraj";0;0;0;0;NA;47525;0;2020-06-22;-53375
2020-06-21;"Trenčiansky kraj";0;0;0;0;NA;47525;0;2020-06-21;-53375
2020-06-20;"Trenčiansky kraj";0;0;0;0;NA;47525;0;2020-06-20;-53375
2020-06-19;"Trenčiansky kraj";0;0;0;0;NA;47525;0;2020-06-19;-53375
2020-06-18;"Trenčiansky kraj";0;0;0;0;NA;47525;0;2020-06-18;-53375
2020-06-17;"Trenčiansky kraj";0;0;0;0;NA;47525;0;2020-06-17;-53375
2020-06-16;"Trenčiansky kraj";0;0;0;0;NA;47525;0;2020-06-16;-53375
2020-06-14;"Trenčiansky kraj";0;0;0;0;NA;47525;0;2020-06-14;-53375
2020-06-13;"Trenčiansky kraj";0;0;0;0;NA;47525;0;2020-06-13;-53375
2020-06-12;"Trenčiansky kraj";0;0;0;0;NA;47525;0;2020-06-12;-53375
2020-06-11;"Trenčiansky kraj";0;0;0;0;NA;47525;0;2020-06-11;-53375
2020-06-10;"Trenčiansky kraj";1;0;0;0;NA;47525;1;2020-06-10;-53375
2020-06-09;"Trenčiansky kraj";0;0;0;0;NA;47525;0;2020-06-09;-53376
2020-06-08;"Trenčiansky kraj";0;0;0;0;NA;47525;0;2020-06-08;-53376
2020-06-07;"Trenčiansky kraj";0;0;0;0;NA;47525;0;2020-06-07;-53376
2020-06-05;"Trenčiansky kraj";0;0;0;0;NA;47525;0;2020-06-05;-53376
2020-06-03;"Trenčiansky kraj";0;0;0;0;NA;47525;0;2020-06-03;-53376
2020-06-02;"Trenčiansky kraj";0;0;0;0;NA;47525;0;2020-06-02;-53376
2020-05-31;"Trenčiansky kraj";0;0;0;0;NA;47525;0;2020-05-31;-53376
2020-05-29;"Trenčiansky kraj";0;0;0;0;NA;47525;0;2020-05-29;-53376
2020-05-27;"Trenčiansky kraj";2;0;0;0;NA;47525;2;2020-05-27;-53376
2020-05-26;"Trenčiansky kraj";0;0;0;0;NA;47525;0;2020-05-26;-53378
2020-05-25;"Trenčiansky kraj";0;0;0;0;NA;47525;0;2020-05-25;-53378
2020-05-24;"Trenčiansky kraj";0;0;0;0;NA;47525;0;2020-05-24;-53378
2020-05-23;"Trenčiansky kraj";0;0;0;0;NA;47525;0;2020-05-23;-53378
2020-05-22;"Trenčiansky kraj";0;0;0;0;NA;47525;0;2020-05-22;-53378
2020-05-21;"Trenčiansky kraj";0;0;0;0;NA;47525;0;2020-05-21;-53378
2020-05-20;"Trenčiansky kraj";0;0;0;0;NA;47525;0;2020-05-20;-53378
2020-05-19;"Trenčiansky kraj";0;0;0;0;NA;47525;0;2020-05-19;-53378
2020-05-17;"Trenčiansky kraj";0;0;0;0;NA;47525;0;2020-05-17;-53378
2020-05-16;"Trenčiansky kraj";0;0;0;0;NA;47525;0;2020-05-16;-53378
2020-05-15;"Trenčiansky kraj";1;0;0;0;NA;47525;1;2020-05-15;-53378
2020-05-14;"Trenčiansky kraj";2;0;0;0;NA;47525;2;2020-05-14;-53379
2020-05-13;"Trenčiansky kraj";1;0;0;0;NA;47525;1;2020-05-13;-53381
2020-05-12;"Trenčiansky kraj";1;0;0;0;NA;47525;1;2020-05-12;-53382
2020-05-11;"Trenčiansky kraj";3;0;0;0;NA;47525;3;2020-05-11;-53383
2020-05-09;"Trenčiansky kraj";2;0;0;0;NA;47525;2;2020-05-09;-53386
2020-05-07;"Trenčiansky kraj";6;0;0;0;NA;47525;6;2020-05-07;-53388
2020-05-06;"Trenčiansky kraj";0;0;0;0;NA;47525;0;2020-05-06;-53394
2020-05-05;"Trenčiansky kraj";2;0;0;0;NA;47525;2;2020-05-05;-53394
2020-05-04;"Trenčiansky kraj";0;0;0;0;NA;47525;0;2020-05-04;-53396
2020-05-03;"Trenčiansky kraj";0;0;0;0;NA;47525;0;2020-05-03;-53396
2020-05-02;"Trenčiansky kraj";0;0;0;0;NA;47525;0;2020-05-02;-53396
2020-05-01;"Trenčiansky kraj";0;0;0;0;NA;47525;0;2020-05-01;-53396
2020-04-30;"Trenčiansky kraj";0;0;0;0;NA;47525;0;2020-04-30;-53396
2020-04-29;"Trenčiansky kraj";2;0;0;0;NA;47525;2;2020-04-29;-53396
2020-04-28;"Trenčiansky kraj";1;0;0;0;NA;47525;1;2020-04-28;-53398
2020-04-27;"Trenčiansky kraj";0;0;0;0;NA;47525;0;2020-04-27;-53399
2020-04-26;"Trenčiansky kraj";1;0;0;0;NA;47525;1;2020-04-26;-53399
2020-04-25;"Trenčiansky kraj";0;0;0;0;NA;47525;0;2020-04-25;-53400
2020-04-24;"Trenčiansky kraj";0;0;0;0;NA;47525;0;2020-04-24;-53400
2020-04-23;"Trenčiansky kraj";11;0;0;0;NA;47525;11;2020-04-23;-53400
2020-04-22;"Trenčiansky kraj";1;0;0;0;NA;47525;1;2020-04-22;-53411
2020-04-21;"Trenčiansky kraj";11;0;0;0;NA;47525;11;2020-04-21;-53412
2020-04-20;"Trenčiansky kraj";15;0;0;0;NA;47525;15;2020-04-20;-53423
2020-04-19;"Trenčiansky kraj";2;0;0;0;NA;47525;2;2020-04-19;-53438
2020-04-18;"Trenčiansky kraj";3;0;0;0;NA;47525;3;2020-04-18;-53440
2020-04-17;"Trenčiansky kraj";4;0;0;0;NA;47525;4;2020-04-17;-53443
2020-04-16;"Trenčiansky kraj";10;0;0;0;NA;47525;10;2020-04-16;-53447
2020-04-15;"Trenčiansky kraj";4;0;0;0;NA;47525;4;2020-04-15;-53457
2020-04-14;"Trenčiansky kraj";0;0;0;0;NA;47525;0;2020-04-14;-53461
2020-04-13;"Trenčiansky kraj";1;0;0;0;NA;47525;1;2020-04-13;-53461
2020-04-12;"Trenčiansky kraj";2;0;0;0;NA;47525;2;2020-04-12;-53462
2020-04-11;"Trenčiansky kraj";3;0;0;0;NA;47525;3;2020-04-11;-53464
2020-04-10;"Trenčiansky kraj";0;0;0;0;NA;47525;0;2020-04-10;-53467
2020-04-09;"Trenčiansky kraj";0;0;0;0;NA;47525;0;2020-04-09;-53467
2020-04-08;"Trenčiansky kraj";2;0;0;0;NA;47525;2;2020-04-08;-53467
2020-04-07;"Trenčiansky kraj";18;0;0;0;NA;47525;18;2020-04-07;-53469
2020-04-06;"Trenčiansky kraj";0;0;0;0;NA;47525;0;2020-04-06;-53487
2020-04-05;"Trenčiansky kraj";3;0;0;0;NA;47525;3;2020-04-05;-53487
2020-04-04;"Trenčiansky kraj";5;0;0;0;NA;47525;5;2020-04-04;-53490
2020-04-03;"Trenčiansky kraj";4;0;0;0;NA;47525;4;2020-04-03;-53495
2020-04-02;"Trenčiansky kraj";1;0;0;0;NA;47525;1;2020-04-02;-53499
2020-04-01;"Trenčiansky kraj";3;0;0;0;NA;47525;3;2020-04-01;-53500
2020-03-31;"Trenčiansky kraj";1;0;0;0;NA;47525;1;2020-03-31;-53503
2020-03-30;"Trenčiansky kraj";3;0;0;0;NA;47525;3;2020-03-30;-53504
2020-03-29;"Trenčiansky kraj";6;0;0;0;NA;47525;6;2020-03-29;-53507
2020-03-28;"Trenčiansky kraj";9;0;0;0;NA;47525;9;2020-03-28;-53513
2020-03-27;"Trenčiansky kraj";2;0;0;0;NA;47525;2;2020-03-27;-53522
2020-03-26;"Trenčiansky kraj";6;0;0;0;NA;47525;6;2020-03-26;-53524
2020-03-25;"Trenčiansky kraj";3;0;0;0;NA;47525;3;2020-03-25;-53530
2020-03-24;"Trenčiansky kraj";1;0;0;0;NA;47525;1;2020-03-24;-53533
2020-03-23;"Trenčiansky kraj";0;0;0;0;NA;47525;0;2020-03-23;-53534
2020-03-22;"Trenčiansky kraj";0;0;0;0;NA;47525;0;2020-03-22;-53534
2020-03-21;"Trenčiansky kraj";2;0;0;0;NA;47525;2;2020-03-21;-53534
2020-03-20;"Trenčiansky kraj";2;0;0;0;NA;47525;2;2020-03-20;-53536
2020-03-19;"Trenčiansky kraj";8;0;0;0;NA;47525;8;2020-03-19;-53538
2020-03-18;"Trenčiansky kraj";0;0;0;0;NA;47525;0;2020-03-18;-53546
2020-03-17;"Trenčiansky kraj";0;0;0;0;NA;47525;0;2020-03-17;-53546
2020-03-16;"Trenčiansky kraj";1;0;0;0;NA;47525;1;2020-03-16;-53546
2020-03-15;"Trenčiansky kraj";5;0;0;0;NA;47525;5;2020-03-15;-53547
2020-03-14;"Trenčiansky kraj";0;0;0;0;NA;47525;0;2020-03-14;-53552
2020-03-13;"Trenčiansky kraj";0;0;0;0;NA;47525;0;2020-03-13;-53552
2020-03-12;"Trenčiansky kraj";1;0;0;0;NA;47525;1;2020-03-12;-53552
2020-03-11;"Trenčiansky kraj";0;0;0;0;NA;47525;0;2020-03-11;-53553
2020-03-09;"Trenčiansky kraj";0;0;0;0;NA;47525;0;2020-03-09;-53553
2020-03-08;"Trenčiansky kraj";0;0;0;0;NA;47525;0;2020-03-08;-53553
2020-03-07;"Trenčiansky kraj";0;0;0;0;NA;47525;0;2020-03-07;-53553
2020-03-06;"Trenčiansky kraj";0;0;0;0;NA;47525;0;2020-03-06;-53553
2021-08-28;"Trnavský kraj";17;478;0;478;0;44384;17;2021-08-28;44384
2021-08-27;"Trnavský kraj";1;986;3;989;NA;44384;4;2021-08-27;44367
2021-08-26;"Trnavský kraj";8;591;2;593;NA;44384;10;2021-08-26;44363
2021-08-25;"Trnavský kraj";11;529;5;534;NA;44384;16;2021-08-25;44353
2021-08-24;"Trnavský kraj";7;657;1;658;NA;44384;8;2021-08-24;44337
2021-08-23;"Trnavský kraj";4;824;1;825;NA;44384;5;2021-08-23;44329
2021-08-22;"Trnavský kraj";0;449;0;449;NA;44384;0;2021-08-22;44324
2021-08-21;"Trnavský kraj";8;674;0;674;NA;44384;8;2021-08-21;44324
2021-08-20;"Trnavský kraj";4;1051;4;1055;NA;44384;8;2021-08-20;44316
2021-08-19;"Trnavský kraj";10;852;3;855;NA;44384;13;2021-08-19;44308
2021-08-18;"Trnavský kraj";6;715;0;715;NA;44384;6;2021-08-18;44295
2021-08-17;"Trnavský kraj";7;494;4;498;NA;44384;11;2021-08-17;44289
2021-08-16;"Trnavský kraj";9;879;0;879;NA;44384;9;2021-08-16;44278
2021-08-15;"Trnavský kraj";0;509;1;510;NA;44384;1;2021-08-15;44269
2021-08-14;"Trnavský kraj";10;772;3;775;NA;44384;13;2021-08-14;44268
2021-08-13;"Trnavský kraj";5;1005;5;1010;NA;44384;10;2021-08-13;44255
2021-08-12;"Trnavský kraj";3;638;3;641;NA;44384;6;2021-08-12;44245
2021-08-11;"Trnavský kraj";7;560;2;562;NA;44384;9;2021-08-11;44239
2021-08-10;"Trnavský kraj";3;731;3;734;NA;44384;6;2021-08-10;44230
2021-08-09;"Trnavský kraj";12;784;0;784;NA;44384;12;2021-08-09;44224
2021-08-08;"Trnavský kraj";1;521;0;521;NA;44384;1;2021-08-08;44212
2021-08-07;"Trnavský kraj";9;694;0;694;NA;44384;9;2021-08-07;44211
2021-08-06;"Trnavský kraj";3;967;0;967;NA;44384;3;2021-08-06;44202
2021-08-05;"Trnavský kraj";2;651;1;652;NA;44384;3;2021-08-05;44199
2021-08-04;"Trnavský kraj";1;868;1;869;NA;44384;2;2021-08-04;44196
2021-08-03;"Trnavský kraj";13;645;0;645;NA;44384;13;2021-08-03;44194
2021-08-02;"Trnavský kraj";2;725;1;726;NA;44384;3;2021-08-02;44181
2021-08-01;"Trnavský kraj";0;565;2;567;NA;44384;2;2021-08-01;44178
2021-07-31;"Trnavský kraj";3;886;0;886;NA;44384;3;2021-07-31;44176
2021-07-30;"Trnavský kraj";3;1071;3;1074;NA;44384;6;2021-07-30;44173
2021-07-29;"Trnavský kraj";1;775;0;775;NA;44384;1;2021-07-29;44167
2021-07-28;"Trnavský kraj";5;794;1;795;NA;44384;6;2021-07-28;44166
2021-07-27;"Trnavský kraj";7;623;2;625;NA;44384;9;2021-07-27;44160
2021-07-26;"Trnavský kraj";2;857;2;859;NA;44384;4;2021-07-26;44151
2021-07-25;"Trnavský kraj";0;707;0;707;NA;44384;0;2021-07-25;44147
2021-07-24;"Trnavský kraj";4;828;2;830;NA;44384;6;2021-07-24;44147
2021-07-23;"Trnavský kraj";3;1057;0;1057;NA;44384;3;2021-07-23;44141
2021-07-22;"Trnavský kraj";0;671;2;673;NA;44384;2;2021-07-22;44138
2021-07-21;"Trnavský kraj";2;660;2;662;NA;44384;4;2021-07-21;44136
2021-07-20;"Trnavský kraj";2;593;0;593;NA;44384;2;2021-07-20;44132
2021-07-19;"Trnavský kraj";9;886;0;886;NA;44384;9;2021-07-19;44130
2021-07-18;"Trnavský kraj";0;600;2;602;NA;44384;2;2021-07-18;44121
2021-07-17;"Trnavský kraj";8;796;0;796;NA;44384;8;2021-07-17;44119
2021-07-16;"Trnavský kraj";11;963;0;963;NA;44384;11;2021-07-16;44111
2021-07-15;"Trnavský kraj";4;832;1;833;NA;44384;5;2021-07-15;44100
2021-07-14;"Trnavský kraj";1;699;1;700;NA;44384;2;2021-07-14;44095
2021-07-13;"Trnavský kraj";1;693;1;694;NA;44384;2;2021-07-13;44093
2021-07-12;"Trnavský kraj";4;959;0;959;NA;44384;4;2021-07-12;44091
2021-07-11;"Trnavský kraj";0;692;0;692;NA;44384;0;2021-07-11;44087
2021-07-10;"Trnavský kraj";1;803;0;803;NA;44384;1;2021-07-10;44087
2021-07-09;"Trnavský kraj";3;1262;3;1265;NA;44384;6;2021-07-09;44086
2021-07-08;"Trnavský kraj";4;755;0;755;NA;44384;4;2021-07-08;44080
2021-07-07;"Trnavský kraj";9;924;2;926;NA;44384;11;2021-07-07;44076
2021-07-06;"Trnavský kraj";2;1401;1;1402;NA;44384;3;2021-07-06;44065
2021-07-05;"Trnavský kraj";1;503;2;505;NA;44384;3;2021-07-05;44062
2021-07-04;"Trnavský kraj";0;1129;3;1132;NA;44384;3;2021-07-04;44059
2021-07-03;"Trnavský kraj";4;815;0;815;NA;44384;4;2021-07-03;44056
2021-07-02;"Trnavský kraj";2;1137;2;1139;NA;44384;4;2021-07-02;44052
2021-07-01;"Trnavský kraj";4;437;0;437;NA;44384;4;2021-07-01;44048
2021-06-30;"Trnavský kraj";0;5109;1;5110;NA;44384;1;2021-06-30;44044
2021-06-29;"Trnavský kraj";4;2563;1;2564;NA;44384;5;2021-06-29;44043
2021-06-28;"Trnavský kraj";2;2600;1;2601;NA;44384;3;2021-06-28;44038
2021-06-27;"Trnavský kraj";0;3213;0;3213;NA;44384;0;2021-06-27;44035
2021-06-26;"Trnavský kraj";3;3871;1;3872;NA;44384;4;2021-06-26;44035
2021-06-25;"Trnavský kraj";2;4374;3;4377;NA;44384;5;2021-06-25;44031
2021-06-24;"Trnavský kraj";4;2520;3;2523;NA;44384;7;2021-06-24;44026
2021-06-23;"Trnavský kraj";4;2842;2;2844;NA;44384;6;2021-06-23;44019
2021-06-22;"Trnavský kraj";2;2996;1;2997;NA;44384;3;2021-06-22;44013
2021-06-21;"Trnavský kraj";6;3114;5;3119;NA;44384;11;2021-06-21;44010
2021-06-20;"Trnavský kraj";0;3952;1;3953;NA;44384;1;2021-06-20;43999
2021-06-19;"Trnavský kraj";3;4735;2;4737;NA;44384;5;2021-06-19;43998
2021-06-18;"Trnavský kraj";5;6125;4;6129;NA;44384;9;2021-06-18;43993
2021-06-17;"Trnavský kraj";3;3340;0;3340;NA;44384;3;2021-06-17;43984
2021-06-16;"Trnavský kraj";6;2926;3;2929;NA;44384;9;2021-06-16;43981
2021-06-15;"Trnavský kraj";8;3234;3;3237;NA;44384;11;2021-06-15;43972
2021-06-14;"Trnavský kraj";2;3829;1;3830;NA;44384;3;2021-06-14;43961
2021-06-13;"Trnavský kraj";0;5001;8;5009;NA;44384;8;2021-06-13;43958
2021-06-12;"Trnavský kraj";11;5807;2;5809;NA;44384;13;2021-06-12;43950
2021-06-11;"Trnavský kraj";17;5850;4;5854;NA;44384;21;2021-06-11;43937
2021-06-10;"Trnavský kraj";14;3476;1;3477;NA;44384;15;2021-06-10;43916
2021-06-09;"Trnavský kraj";10;3681;1;3682;NA;44384;11;2021-06-09;43901
2021-06-08;"Trnavský kraj";8;3344;4;3348;NA;44384;12;2021-06-08;43890
2021-06-07;"Trnavský kraj";12;4498;8;4506;NA;44384;20;2021-06-07;43878
2021-06-06;"Trnavský kraj";0;5517;2;5519;NA;44384;2;2021-06-06;43858
2021-06-05;"Trnavský kraj";20;6905;8;6913;NA;44384;28;2021-06-05;43856
2021-06-04;"Trnavský kraj";9;6731;10;6741;NA;44384;19;2021-06-04;43828
2021-06-03;"Trnavský kraj";14;4361;11;4372;NA;44384;25;2021-06-03;43809
2021-06-02;"Trnavský kraj";4;4148;11;4159;NA;44384;15;2021-06-02;43784
2021-06-01;"Trnavský kraj";18;3662;5;3667;NA;44384;23;2021-06-01;43769
2021-05-31;"Trnavský kraj";14;5515;16;5531;NA;44384;30;2021-05-31;43746
2021-05-30;"Trnavský kraj";0;6473;7;6480;NA;44384;7;2021-05-30;43716
2021-05-29;"Trnavský kraj";11;8964;4;8968;NA;44384;15;2021-05-29;43709
2021-05-28;"Trnavský kraj";14;7160;11;7171;NA;44384;25;2021-05-28;43694
2021-05-27;"Trnavský kraj";22;4753;8;4761;NA;44384;30;2021-05-27;43669
2021-05-26;"Trnavský kraj";6;4870;8;4878;NA;44384;14;2021-05-26;43639
2021-05-25;"Trnavský kraj";19;5026;27;5053;NA;44384;46;2021-05-25;43625
2021-05-24;"Trnavský kraj";15;6520;22;6542;NA;44384;37;2021-05-24;43579
2021-05-23;"Trnavský kraj";0;7920;8;7928;NA;44384;8;2021-05-23;43542
2021-05-22;"Trnavský kraj";13;13381;21;13402;NA;44384;34;2021-05-22;43534
2021-05-21;"Trnavský kraj";16;8525;19;8544;NA;44384;35;2021-05-21;43500
2021-05-20;"Trnavský kraj";15;5511;11;5522;NA;44384;26;2021-05-20;43465
2021-05-19;"Trnavský kraj";18;5431;13;5444;NA;44384;31;2021-05-19;43439
2021-05-18;"Trnavský kraj";26;5768;15;5783;NA;44384;41;2021-05-18;43408
2021-05-17;"Trnavský kraj";17;6262;24;6286;NA;44384;41;2021-05-17;43367
2021-05-16;"Trnavský kraj";10;9984;8;9992;NA;44384;18;2021-05-16;43326
2021-05-15;"Trnavský kraj";11;18525;14;18539;NA;44384;25;2021-05-15;43308
2021-05-14;"Trnavský kraj";34;10279;21;10300;NA;44384;55;2021-05-14;43283
2021-05-13;"Trnavský kraj";26;6913;12;6925;NA;44384;38;2021-05-13;43228
2021-05-12;"Trnavský kraj";34;6621;26;6647;NA;44384;60;2021-05-12;43190
2021-05-11;"Trnavský kraj";32;6393;13;6406;NA;44384;45;2021-05-11;43130
2021-05-10;"Trnavský kraj";58;9139;24;9163;NA;44384;82;2021-05-10;43085
2021-05-09;"Trnavský kraj";21;12570;12;12582;NA;44384;33;2021-05-09;43003
2021-05-08;"Trnavský kraj";4;23028;22;23050;NA;44384;26;2021-05-08;42970
2021-05-07;"Trnavský kraj";26;15465;30;15495;NA;44384;56;2021-05-07;42944
2021-05-06;"Trnavský kraj";22;8407;22;8429;NA;44384;44;2021-05-06;42888
2021-05-05;"Trnavský kraj";34;6273;22;6295;NA;44384;56;2021-05-05;42844
2021-05-04;"Trnavský kraj";51;8538;17;8555;NA;44384;68;2021-05-04;42788
2021-05-03;"Trnavský kraj";20;8957;22;8979;NA;44384;42;2021-05-03;42720
2021-05-02;"Trnavský kraj";0;25657;29;25686;NA;44384;29;2021-05-02;42678
2021-05-01;"Trnavský kraj";30;81353;64;81417;NA;44384;94;2021-05-01;42649
2021-04-30;"Trnavský kraj";45;26846;35;26881;NA;44384;80;2021-04-30;42555
2021-04-29;"Trnavský kraj";25;20323;28;20351;NA;44384;53;2021-04-29;42475
2021-04-28;"Trnavský kraj";46;8896;28;8924;NA;44384;74;2021-04-28;42422
2021-04-27;"Trnavský kraj";54;8756;37;8793;NA;44384;91;2021-04-27;42348
2021-04-26;"Trnavský kraj";53;16116;42;16158;NA;44384;95;2021-04-26;42257
2021-04-25;"Trnavský kraj";0;30183;24;30207;NA;44384;24;2021-04-25;42162
2021-04-24;"Trnavský kraj";46;126077;84;126161;NA;44384;130;2021-04-24;42138
2021-04-23;"Trnavský kraj";71;25741;53;25794;NA;44384;124;2021-04-23;42008
2021-04-22;"Trnavský kraj";40;10904;25;10929;NA;44384;65;2021-04-22;41884
2021-04-21;"Trnavský kraj";60;10748;45;10793;NA;44384;105;2021-04-21;41819
2021-04-20;"Trnavský kraj";57;13504;28;13532;NA;44384;85;2021-04-20;41714
2021-04-19;"Trnavský kraj";46;14603;18;14621;NA;44384;64;2021-04-19;41629
2021-04-18;"Trnavský kraj";7;40843;43;40886;NA;44384;50;2021-04-18;41565
2021-04-17;"Trnavský kraj";58;118102;89;118191;NA;44384;147;2021-04-17;41515
2021-04-16;"Trnavský kraj";67;25962;48;26010;NA;44384;115;2021-04-16;41368
2021-04-15;"Trnavský kraj";65;11373;36;11409;NA;44384;101;2021-04-15;41253
2021-04-14;"Trnavský kraj";78;18442;53;18495;NA;44384;131;2021-04-14;41152
2021-04-13;"Trnavský kraj";126;9871;44;9915;NA;44384;170;2021-04-13;41021
2021-04-12;"Trnavský kraj";40;15577;40;15617;NA;44384;80;2021-04-12;40851
2021-04-11;"Trnavský kraj";3;44420;44;44464;NA;44384;47;2021-04-11;40771
2021-04-10;"Trnavský kraj";60;123822;107;123929;NA;44384;167;2021-04-10;40724
2021-04-09;"Trnavský kraj";95;26191;34;26225;NA;44384;129;2021-04-09;40557
2021-04-08;"Trnavský kraj";85;10913;54;10967;NA;44384;139;2021-04-08;40428
2021-04-07;"Trnavský kraj";131;15979;81;16060;NA;44384;212;2021-04-07;40289
2021-04-06;"Trnavský kraj";92;20586;90;20676;NA;44384;182;2021-04-06;40077
2021-04-05;"Trnavský kraj";91;7542;17;7559;NA;44384;108;2021-04-05;39895
2021-04-04;"Trnavský kraj";9;28831;49;28880;NA;44384;58;2021-04-04;39787
2021-04-03;"Trnavský kraj";29;144452;186;144638;NA;44384;215;2021-04-03;39729
2021-04-02;"Trnavský kraj";91;17538;33;17571;NA;44384;124;2021-04-02;39514
2021-04-01;"Trnavský kraj";118;22279;71;22350;NA;44384;189;2021-04-01;39390
2021-03-31;"Trnavský kraj";140;15828;82;15910;NA;44384;222;2021-03-31;39201
2021-03-30;"Trnavský kraj";182;10482;79;10561;NA;44384;261;2021-03-30;38979
2021-03-29;"Trnavský kraj";126;19255;122;19377;NA;44384;248;2021-03-29;38718
2021-03-28;"Trnavský kraj";26;50664;134;50798;NA;44384;160;2021-03-28;38470
2021-03-27;"Trnavský kraj";64;130217;246;130463;NA;44384;310;2021-03-27;38310
2021-03-26;"Trnavský kraj";139;30217;130;30347;NA;44384;269;2021-03-26;38000
2021-03-25;"Trnavský kraj";135;14212;80;14292;NA;44384;215;2021-03-25;37731
2021-03-24;"Trnavský kraj";159;10521;89;10610;NA;44384;248;2021-03-24;37516
2021-03-23;"Trnavský kraj";221;12735;104;12839;NA;44384;325;2021-03-23;37268
2021-03-22;"Trnavský kraj";103;17118;110;17228;NA;44384;213;2021-03-22;36943
2021-03-21;"Trnavský kraj";31;49119;150;49269;NA;44384;181;2021-03-21;36730
2021-03-20;"Trnavský kraj";112;136963;317;137280;NA;44384;429;2021-03-20;36549
2021-03-19;"Trnavský kraj";174;29071;137;29208;NA;44384;311;2021-03-19;36120
2021-03-18;"Trnavský kraj";158;12217;136;12353;NA;44384;294;2021-03-18;35809
2021-03-17;"Trnavský kraj";245;10434;103;10537;NA;44384;348;2021-03-17;35515
2021-03-16;"Trnavský kraj";311;12811;135;12946;NA;44384;446;2021-03-16;35167
2021-03-15;"Trnavský kraj";127;18271;146;18417;NA;44384;273;2021-03-15;34721
2021-03-14;"Trnavský kraj";14;47608;164;47772;NA;44384;178;2021-03-14;34448
2021-03-13;"Trnavský kraj";155;139224;409;139633;NA;44384;564;2021-03-13;34270
2021-03-12;"Trnavský kraj";201;28566;181;28747;NA;44384;382;2021-03-12;33706
2021-03-11;"Trnavský kraj";204;13301;140;13441;NA;44384;344;2021-03-11;33324
2021-03-10;"Trnavský kraj";242;10583;135;10718;NA;44384;377;2021-03-10;32980
2021-03-09;"Trnavský kraj";442;12824;155;12979;NA;44384;597;2021-03-09;32603
2021-03-08;"Trnavský kraj";182;21812;166;21978;NA;44384;348;2021-03-08;32006
2021-03-07;"Trnavský kraj";30;45463;227;45690;NA;44384;257;2021-03-07;31658
2021-03-06;"Trnavský kraj";154;135784;531;136315;NA;44384;685;2021-03-06;31401
2021-03-05;"Trnavský kraj";299;27959;239;28198;NA;44384;538;2021-03-05;30716
2021-03-04;"Trnavský kraj";238;14505;176;14681;NA;44384;414;2021-03-04;30178
2021-03-03;"Trnavský kraj";413;11583;246;11829;NA;44384;659;2021-03-03;29764
2021-03-02;"Trnavský kraj";477;12367;191;12558;NA;44384;668;2021-03-02;29105
2021-03-01;"Trnavský kraj";189;18586;234;18820;NA;44384;423;2021-03-01;28437
2021-02-28;"Trnavský kraj";87;47709;321;48030;NA;44384;408;2021-02-28;28014
2021-02-27;"Trnavský kraj";264;140224;800;141024;NA;44384;1064;2021-02-27;27606
2021-02-26;"Trnavský kraj";362;26637;284;26921;NA;44384;646;2021-02-26;26542
2021-02-25;"Trnavský kraj";433;10490;227;10717;NA;44384;660;2021-02-25;25896
2021-02-24;"Trnavský kraj";407;9113;290;9403;NA;44384;697;2021-02-24;25236
2021-02-23;"Trnavský kraj";469;11322;284;11606;NA;44384;753;2021-02-23;24539
2021-02-22;"Trnavský kraj";206;19901;330;20231;NA;44384;536;2021-02-22;23786
2021-02-21;"Trnavský kraj";38;48221;329;48550;NA;44384;367;2021-02-21;23250
2021-02-20;"Trnavský kraj";273;135835;859;136694;NA;44384;1132;2021-02-20;22883
2021-02-19;"Trnavský kraj";335;26382;366;26748;NA;44384;701;2021-02-19;21751
2021-02-18;"Trnavský kraj";344;11264;348;11612;NA;44384;692;2021-02-18;21050
2021-02-17;"Trnavský kraj";431;8783;416;9199;NA;44384;847;2021-02-17;20358
2021-02-16;"Trnavský kraj";426;11236;294;11530;NA;44384;720;2021-02-16;19511
2021-02-15;"Trnavský kraj";146;18276;326;18602;NA;44384;472;2021-02-15;18791
2021-02-14;"Trnavský kraj";51;57642;495;58137;NA;44384;546;2021-02-14;18319
2021-02-13;"Trnavský kraj";218;137051;994;138045;NA;44384;1212;2021-02-13;17773
2021-02-12;"Trnavský kraj";300;24090;352;24442;NA;44384;652;2021-02-12;16561
2021-02-11;"Trnavský kraj";422;9831;349;10180;NA;44384;771;2021-02-11;15909
2021-02-10;"Trnavský kraj";511;9194;342;9536;NA;44384;853;2021-02-10;15138
2021-02-09;"Trnavský kraj";544;12755;369;13124;NA;44384;913;2021-02-09;14285
2021-02-08;"Trnavský kraj";220;33414;497;33911;NA;44384;717;2021-02-08;13372
2021-02-07;"Trnavský kraj";140;69694;628;70322;NA;44384;768;2021-02-07;12655
2021-02-06;"Trnavský kraj";348;112687;1482;114169;NA;44384;1830;2021-02-06;11887
2021-02-05;"Trnavský kraj";377;16063;373;16436;NA;44384;750;2021-02-05;10057
2021-02-04;"Trnavský kraj";456;7317;456;7773;NA;44384;912;2021-02-04;9307
2021-02-03;"Trnavský kraj";472;6583;434;7017;NA;44384;906;2021-02-03;8395
2021-02-02;"Trnavský kraj";446;14243;424;14667;NA;44384;870;2021-02-02;7489
2021-02-01;"Trnavský kraj";198;38882;679;39561;NA;44384;877;2021-02-01;6619
2021-01-31;"Trnavský kraj";19;64707;822;65529;NA;44384;841;2021-01-31;5742
2021-01-30;"Trnavský kraj";323;111483;1288;112771;NA;44384;1611;2021-01-30;4901
2021-01-29;"Trnavský kraj";421;9689;290;9979;NA;44384;711;2021-01-29;3290
2021-01-28;"Trnavský kraj";389;5817;289;6106;NA;44384;678;2021-01-28;2579
2021-01-27;"Trnavský kraj";433;5554;225;5779;NA;44384;658;2021-01-27;1901
2021-01-26;"Trnavský kraj";565;25411;636;26047;NA;44384;1201;2021-01-26;1243
2021-01-25;"Trnavský kraj";210;41805;620;42425;NA;44384;830;2021-01-25;42
2021-01-24;"Trnavský kraj";91;66399;779;67178;NA;44384;870;2021-01-24;-788
2021-01-23;"Trnavský kraj";372;113375;1319;114694;NA;44384;1691;2021-01-23;-1658
2021-01-22;"Trnavský kraj";217;32755;505;33260;NA;44384;722;2021-01-22;-3349
2021-01-21;"Trnavský kraj";311;13913;377;14290;NA;44384;688;2021-01-21;-4071
2021-01-20;"Trnavský kraj";503;8685;283;8968;NA;44384;786;2021-01-20;-4759
2021-01-19;"Trnavský kraj";415;7013;347;7360;NA;44384;762;2021-01-19;-5545
2021-01-18;"Trnavský kraj";247;6690;513;7203;NA;44384;760;2021-01-18;-6307
2021-01-17;"Trnavský kraj";128;854;215;1069;NA;44384;343;2021-01-17;-7067
2021-01-16;"Trnavský kraj";103;898;24;922;NA;44384;127;2021-01-16;-7410
2021-01-15;"Trnavský kraj";278;5467;336;5803;NA;44384;614;2021-01-15;-7537
2021-01-14;"Trnavský kraj";452;4001;338;4339;NA;44384;790;2021-01-14;-8151
2021-01-13;"Trnavský kraj";457;4751;378;5129;NA;44384;835;2021-01-13;-8941
2021-01-12;"Trnavský kraj";469;6860;470;7330;NA;44384;939;2021-01-12;-9776
2021-01-11;"Trnavský kraj";370;4587;360;4947;NA;44384;730;2021-01-11;-10715
2021-01-10;"Trnavský kraj";71;13;0;13;NA;44384;71;2021-01-10;-11445
2021-01-09;"Trnavský kraj";417;1775;100;1875;NA;44384;517;2021-01-09;-11516
2021-01-08;"Trnavský kraj";381;6016;506;6522;NA;44384;887;2021-01-08;-12033
2021-01-07;"Trnavský kraj";501;3545;329;3874;NA;44384;830;2021-01-07;-12920
2021-01-06;"Trnavský kraj";179;758;132;890;NA;44384;311;2021-01-06;-13750
2021-01-05;"Trnavský kraj";611;5165;561;5726;NA;44384;1172;2021-01-05;-14061
2021-01-04;"Trnavský kraj";302;5556;709;6265;NA;44384;1011;2021-01-04;-15233
2021-01-03;"Trnavský kraj";60;53;7;60;NA;44384;67;2021-01-03;-16244
2021-01-02;"Trnavský kraj";282;417;32;449;NA;44384;314;2021-01-02;-16311
2021-01-01;"Trnavský kraj";143;455;76;531;NA;44384;219;2021-01-01;-16625
2020-12-31;"Trnavský kraj";498;8703;880;9583;NA;44384;1378;2020-12-31;-16844
2020-12-30;"Trnavský kraj";785;5318;612;5930;NA;44384;1397;2020-12-30;-18222
2020-12-29;"Trnavský kraj";322;5364;639;6003;NA;44384;961;2020-12-29;-19619
2020-12-28;"Trnavský kraj";213;5334;615;5949;NA;44384;828;2020-12-28;-20580
2020-12-27;"Trnavský kraj";27;20;4;24;NA;44384;31;2020-12-27;-21408
2020-12-26;"Trnavský kraj";148;44;1;45;NA;44384;149;2020-12-26;-21439
2020-12-25;"Trnavský kraj";65;49;5;54;NA;44384;70;2020-12-25;-21588
2020-12-24;"Trnavský kraj";333;1359;117;1476;NA;44384;450;2020-12-24;-21658
2020-12-23;"Trnavský kraj";210;7259;414;7673;NA;44384;624;2020-12-23;-22108
2020-12-22;"Trnavský kraj";311;5897;515;6412;NA;44384;826;2020-12-22;-22732
2020-12-21;"Trnavský kraj";328;4527;399;4926;NA;44384;727;2020-12-21;-23558
2020-12-20;"Trnavský kraj";134;133;12;145;NA;44384;146;2020-12-20;-24285
2020-12-19;"Trnavský kraj";201;1407;103;1510;NA;44384;304;2020-12-19;-24431
2020-12-18;"Trnavský kraj";341;4898;378;5276;NA;44384;719;2020-12-18;-24735
2020-12-17;"Trnavský kraj";375;5271;443;5714;NA;44384;818;2020-12-17;-25454
2020-12-16;"Trnavský kraj";312;5249;405;5654;NA;44384;717;2020-12-16;-26272
2020-12-15;"Trnavský kraj";492;6624;632;7256;NA;44384;1124;2020-12-15;-26989
2020-12-14;"Trnavský kraj";161;3505;292;3797;NA;44384;453;2020-12-14;-28113
2020-12-13;"Trnavský kraj";7;7;0;7;NA;44384;7;2020-12-13;-28566
2020-12-12;"Trnavský kraj";254;1456;114;1570;NA;44384;368;2020-12-12;-28573
2020-12-11;"Trnavský kraj";384;4683;262;4945;NA;44384;646;2020-12-11;-28941
2020-12-10;"Trnavský kraj";183;5197;320;5517;NA;44384;503;2020-12-10;-29587
2020-12-09;"Trnavský kraj";521;4283;321;4604;NA;44384;842;2020-12-09;-30090
2020-12-08;"Trnavský kraj";281;4090;304;4394;NA;44384;585;2020-12-08;-30932
2020-12-07;"Trnavský kraj";178;2895;199;3094;NA;44384;377;2020-12-07;-31517
2020-12-06;"Trnavský kraj";46;0;0;0;NA;44384;46;2020-12-06;-31894
2020-12-05;"Trnavský kraj";129;2218;41;2259;NA;44384;170;2020-12-05;-31940
2020-12-04;"Trnavský kraj";242;3948;158;4106;NA;44384;400;2020-12-04;-32110
2020-12-03;"Trnavský kraj";248;2770;190;2960;NA;44384;438;2020-12-03;-32510
2020-12-02;"Trnavský kraj";284;4516;176;4692;NA;44384;460;2020-12-02;-32948
2020-12-01;"Trnavský kraj";253;3190;205;3395;NA;44384;458;2020-12-01;-33408
2020-11-30;"Trnavský kraj";200;7360;186;7546;NA;44384;386;2020-11-30;-33866
2020-11-29;"Trnavský kraj";17;738;36;774;NA;44384;53;2020-11-29;-34252
2020-11-28;"Trnavský kraj";83;1453;77;1530;NA;44384;160;2020-11-28;-34305
2020-11-27;"Trnavský kraj";148;1779;85;1864;NA;44384;233;2020-11-27;-34465
2020-11-26;"Trnavský kraj";234;1123;68;1191;NA;44384;302;2020-11-26;-34698
2020-11-25;"Trnavský kraj";232;1168;74;1242;NA;44384;306;2020-11-25;-35000
2020-11-24;"Trnavský kraj";295;1909;96;2005;NA;44384;391;2020-11-24;-35306
2020-11-23;"Trnavský kraj";242;7393;129;7522;NA;44384;371;2020-11-23;-35697
2020-11-22;"Trnavský kraj";10;82;9;91;NA;44384;19;2020-11-22;-36068
2020-11-21;"Trnavský kraj";129;1354;36;1390;NA;44384;165;2020-11-21;-36087
2020-11-20;"Trnavský kraj";246;1154;64;1218;NA;44384;310;2020-11-20;-36252
2020-11-19;"Trnavský kraj";157;823;64;887;NA;44384;221;2020-11-19;-36562
2020-11-18;"Trnavský kraj";235;822;82;904;NA;44384;317;2020-11-18;-36783
2020-11-17;"Trnavský kraj";129;705;74;779;NA;44384;203;2020-11-17;-37100
2020-11-16;"Trnavský kraj";187;732;32;764;NA;44384;219;2020-11-16;-37303
2020-11-15;"Trnavský kraj";23;73;4;77;NA;44384;27;2020-11-15;-37522
2020-11-14;"Trnavský kraj";86;397;12;409;NA;44384;98;2020-11-14;-37549
2020-11-13;"Trnavský kraj";219;1312;21;1333;NA;44384;240;2020-11-13;-37647
2020-11-12;"Trnavský kraj";162;420;18;438;NA;44384;180;2020-11-12;-37887
2020-11-11;"Trnavský kraj";257;392;15;407;NA;44384;272;2020-11-11;-38067
2020-11-10;"Trnavský kraj";189;889;30;919;NA;44384;219;2020-11-10;-38339
2020-11-09;"Trnavský kraj";196;369;23;392;NA;44384;219;2020-11-09;-38558
2020-11-08;"Trnavský kraj";55;400;4;404;NA;44384;59;2020-11-08;-38777
2020-11-07;"Trnavský kraj";207;6070;74;6144;NA;44384;281;2020-11-07;-38836
2020-11-06;"Trnavský kraj";260;1531;19;1550;NA;44384;279;2020-11-06;-39117
2020-11-05;"Trnavský kraj";150;220;27;247;NA;44384;177;2020-11-05;-39396
2020-11-04;"Trnavský kraj";188;212;10;222;NA;44384;198;2020-11-04;-39573
2020-11-03;"Trnavský kraj";317;127;8;135;NA;44384;325;2020-11-03;-39771
2020-11-02;"Trnavský kraj";281;1728;31;1759;NA;44384;312;2020-11-02;-40096
2020-11-01;"Trnavský kraj";87;494;27;521;NA;44384;114;2020-11-01;-40408
2020-10-31;"Trnavský kraj";259;5024;41;5065;NA;44384;300;2020-10-31;-40522
2020-10-30;"Trnavský kraj";198;3784;27;3811;NA;44384;225;2020-10-30;-40822
2020-10-29;"Trnavský kraj";273;1461;16;1477;NA;44384;289;2020-10-29;-41047
2020-10-28;"Trnavský kraj";319;117;16;133;NA;44384;335;2020-10-28;-41336
2020-10-27;"Trnavský kraj";199;461;36;497;NA;44384;235;2020-10-27;-41671
2020-10-26;"Trnavský kraj";153;29;2;31;NA;44384;155;2020-10-26;-41906
2020-10-25;"Trnavský kraj";95;19;1;20;NA;44384;96;2020-10-25;-42061
2020-10-24;"Trnavský kraj";158;109;2;111;NA;44384;160;2020-10-24;-42157
2020-10-23;"Trnavský kraj";201;89;4;93;NA;44384;205;2020-10-23;-42317
2020-10-22;"Trnavský kraj";195;55;2;57;NA;44384;197;2020-10-22;-42522
2020-10-21;"Trnavský kraj";134;73;3;76;NA;44384;137;2020-10-21;-42719
2020-10-20;"Trnavský kraj";202;82;3;85;NA;44384;205;2020-10-20;-42856
2020-10-19;"Trnavský kraj";67;55;0;55;NA;44384;67;2020-10-19;-43061
2020-10-18;"Trnavský kraj";84;0;0;0;NA;44384;84;2020-10-18;-43128
2020-10-17;"Trnavský kraj";123;0;0;0;NA;44384;123;2020-10-17;-43212
2020-10-16;"Trnavský kraj";86;45;2;47;NA;44384;88;2020-10-16;-43335
2020-10-15;"Trnavský kraj";155;66;2;68;NA;44384;157;2020-10-15;-43423
2020-10-14;"Trnavský kraj";236;468;3;471;NA;44384;239;2020-10-14;-43580
2020-10-13;"Trnavský kraj";138;16;2;18;NA;44384;140;2020-10-13;-43819
2020-10-12;"Trnavský kraj";33;41;1;42;NA;44384;34;2020-10-12;-43959
2020-10-11;"Trnavský kraj";31;0;0;0;NA;44384;31;2020-10-11;-43993
2020-10-10;"Trnavský kraj";128;0;0;0;NA;44384;128;2020-10-10;-44024
2020-10-09;"Trnavský kraj";156;0;0;0;NA;44384;156;2020-10-09;-44152
2020-10-08;"Trnavský kraj";153;0;0;0;NA;44384;153;2020-10-08;-44308
2020-10-07;"Trnavský kraj";80;0;0;0;NA;44384;80;2020-10-07;-44461
2020-10-06;"Trnavský kraj";112;0;0;0;NA;44384;112;2020-10-06;-44541
2020-10-05;"Trnavský kraj";33;0;0;0;NA;44384;33;2020-10-05;-44653
2020-10-04;"Trnavský kraj";44;0;0;0;NA;44384;44;2020-10-04;-44686
2020-10-03;"Trnavský kraj";60;0;0;0;NA;44384;60;2020-10-03;-44730
2020-10-02;"Trnavský kraj";41;0;0;0;NA;44384;41;2020-10-02;-44790
2020-10-01;"Trnavský kraj";53;0;0;0;NA;44384;53;2020-10-01;-44831
2020-09-30;"Trnavský kraj";91;0;0;0;NA;44384;91;2020-09-30;-44884
2020-09-29;"Trnavský kraj";40;0;0;0;NA;44384;40;2020-09-29;-44975
2020-09-28;"Trnavský kraj";69;0;0;0;NA;44384;69;2020-09-28;-45015
2020-09-27;"Trnavský kraj";30;0;0;0;NA;44384;30;2020-09-27;-45084
2020-09-26;"Trnavský kraj";46;0;0;0;NA;44384;46;2020-09-26;-45114
2020-09-25;"Trnavský kraj";32;0;0;0;NA;44384;32;2020-09-25;-45160
2020-09-24;"Trnavský kraj";42;0;0;0;NA;44384;42;2020-09-24;-45192
2020-09-23;"Trnavský kraj";43;0;0;0;NA;44384;43;2020-09-23;-45234
2020-09-22;"Trnavský kraj";55;0;0;0;NA;44384;55;2020-09-22;-45277
2020-09-21;"Trnavský kraj";41;0;0;0;NA;44384;41;2020-09-21;-45332
2020-09-20;"Trnavský kraj";17;0;0;0;NA;44384;17;2020-09-20;-45373
2020-09-19;"Trnavský kraj";4;0;0;0;NA;44384;4;2020-09-19;-45390
2020-09-18;"Trnavský kraj";33;0;0;0;NA;44384;33;2020-09-18;-45394
2020-09-17;"Trnavský kraj";42;0;0;0;NA;44384;42;2020-09-17;-45427
2020-09-16;"Trnavský kraj";49;0;0;0;NA;44384;49;2020-09-16;-45469
2020-09-15;"Trnavský kraj";5;0;0;0;NA;44384;5;2020-09-15;-45518
2020-09-14;"Trnavský kraj";26;0;0;0;NA;44384;26;2020-09-14;-45523
2020-09-13;"Trnavský kraj";9;0;0;0;NA;44384;9;2020-09-13;-45549
2020-09-12;"Trnavský kraj";12;0;0;0;NA;44384;12;2020-09-12;-45558
2020-09-11;"Trnavský kraj";16;0;0;0;NA;44384;16;2020-09-11;-45570
2020-09-10;"Trnavský kraj";32;0;0;0;NA;44384;32;2020-09-10;-45586
2020-09-09;"Trnavský kraj";14;0;0;0;NA;44384;14;2020-09-09;-45618
2020-09-08;"Trnavský kraj";11;0;0;0;NA;44384;11;2020-09-08;-45632
2020-09-07;"Trnavský kraj";7;0;0;0;NA;44384;7;2020-09-07;-45643
2020-09-06;"Trnavský kraj";5;0;0;0;NA;44384;5;2020-09-06;-45650
2020-09-05;"Trnavský kraj";7;0;0;0;NA;44384;7;2020-09-05;-45655
2020-09-04;"Trnavský kraj";16;0;0;0;NA;44384;16;2020-09-04;-45662
2020-09-03;"Trnavský kraj";8;0;0;0;NA;44384;8;2020-09-03;-45678
2020-09-02;"Trnavský kraj";7;0;0;0;NA;44384;7;2020-09-02;-45686
2020-09-01;"Trnavský kraj";1;0;0;0;NA;44384;1;2020-09-01;-45693
2020-08-31;"Trnavský kraj";6;0;0;0;NA;44384;6;2020-08-31;-45694
2020-08-30;"Trnavský kraj";1;0;0;0;NA;44384;1;2020-08-30;-45700
2020-08-29;"Trnavský kraj";3;0;0;0;NA;44384;3;2020-08-29;-45701
2020-08-28;"Trnavský kraj";14;0;0;0;NA;44384;14;2020-08-28;-45704
2020-08-27;"Trnavský kraj";6;0;0;0;NA;44384;6;2020-08-27;-45718
2020-08-26;"Trnavský kraj";4;0;0;0;NA;44384;4;2020-08-26;-45724
2020-08-25;"Trnavský kraj";7;0;0;0;NA;44384;7;2020-08-25;-45728
2020-08-24;"Trnavský kraj";1;0;0;0;NA;44384;1;2020-08-24;-45735
2020-08-23;"Trnavský kraj";6;0;0;0;NA;44384;6;2020-08-23;-45736
2020-08-22;"Trnavský kraj";3;0;0;0;NA;44384;3;2020-08-22;-45742
2020-08-21;"Trnavský kraj";4;0;0;0;NA;44384;4;2020-08-21;-45745
2020-08-20;"Trnavský kraj";23;0;0;0;NA;44384;23;2020-08-20;-45749
2020-08-19;"Trnavský kraj";13;0;0;0;NA;44384;13;2020-08-19;-45772
2020-08-18;"Trnavský kraj";20;0;0;0;NA;44384;20;2020-08-18;-45785
2020-08-17;"Trnavský kraj";3;0;0;0;NA;44384;3;2020-08-17;-45805
2020-08-16;"Trnavský kraj";0;0;0;0;NA;44384;0;2020-08-16;-45808
2020-08-15;"Trnavský kraj";7;0;0;0;NA;44384;7;2020-08-15;-45808
2020-08-14;"Trnavský kraj";6;0;0;0;NA;44384;6;2020-08-14;-45815
2020-08-13;"Trnavský kraj";10;0;0;0;NA;44384;10;2020-08-13;-45821
2020-08-12;"Trnavský kraj";2;0;0;0;NA;44384;2;2020-08-12;-45831
2020-08-11;"Trnavský kraj";30;0;0;0;NA;44384;30;2020-08-11;-45833
2020-08-10;"Trnavský kraj";0;0;0;0;NA;44384;0;2020-08-10;-45863
2020-08-09;"Trnavský kraj";0;0;0;0;NA;44384;0;2020-08-09;-45863
2020-08-08;"Trnavský kraj";13;0;0;0;NA;44384;13;2020-08-08;-45863
2020-08-07;"Trnavský kraj";4;0;0;0;NA;44384;4;2020-08-07;-45876
2020-08-06;"Trnavský kraj";4;0;0;0;NA;44384;4;2020-08-06;-45880
2020-08-05;"Trnavský kraj";0;0;0;0;NA;44384;0;2020-08-05;-45884
2020-08-04;"Trnavský kraj";1;0;0;0;NA;44384;1;2020-08-04;-45884
2020-08-03;"Trnavský kraj";2;0;0;0;NA;44384;2;2020-08-03;-45885
2020-08-02;"Trnavský kraj";1;0;0;0;NA;44384;1;2020-08-02;-45887
2020-08-01;"Trnavský kraj";0;0;0;0;NA;44384;0;2020-08-01;-45888
2020-07-31;"Trnavský kraj";7;0;0;0;NA;44384;7;2020-07-31;-45888
2020-07-30;"Trnavský kraj";6;0;0;0;NA;44384;6;2020-07-30;-45895
2020-07-29;"Trnavský kraj";0;0;0;0;NA;44384;0;2020-07-29;-45901
2020-07-28;"Trnavský kraj";1;0;0;0;NA;44384;1;2020-07-28;-45901
2020-07-27;"Trnavský kraj";2;0;0;0;NA;44384;2;2020-07-27;-45902
2020-07-26;"Trnavský kraj";0;0;0;0;NA;44384;0;2020-07-26;-45904
2020-07-25;"Trnavský kraj";0;0;0;0;NA;44384;0;2020-07-25;-45904
2020-07-24;"Trnavský kraj";1;0;0;0;NA;44384;1;2020-07-24;-45904
2020-07-23;"Trnavský kraj";2;0;0;0;NA;44384;2;2020-07-23;-45905
2020-07-22;"Trnavský kraj";1;0;0;0;NA;44384;1;2020-07-22;-45907
2020-07-21;"Trnavský kraj";2;0;0;0;NA;44384;2;2020-07-21;-45908
2020-07-20;"Trnavský kraj";0;0;0;0;NA;44384;0;2020-07-20;-45910
2020-07-19;"Trnavský kraj";0;0;0;0;NA;44384;0;2020-07-19;-45910
2020-07-18;"Trnavský kraj";0;0;0;0;NA;44384;0;2020-07-18;-45910
2020-07-17;"Trnavský kraj";0;0;0;0;NA;44384;0;2020-07-17;-45910
2020-07-16;"Trnavský kraj";0;0;0;0;NA;44384;0;2020-07-16;-45910
2020-07-15;"Trnavský kraj";1;0;0;0;NA;44384;1;2020-07-15;-45910
2020-07-14;"Trnavský kraj";0;0;0;0;NA;44384;0;2020-07-14;-45911
2020-07-13;"Trnavský kraj";0;0;0;0;NA;44384;0;2020-07-13;-45911
2020-07-12;"Trnavský kraj";0;0;0;0;NA;44384;0;2020-07-12;-45911
2020-07-11;"Trnavský kraj";0;0;0;0;NA;44384;0;2020-07-11;-45911
2020-07-10;"Trnavský kraj";0;0;0;0;NA;44384;0;2020-07-10;-45911
2020-07-09;"Trnavský kraj";0;0;0;0;NA;44384;0;2020-07-09;-45911
2020-07-08;"Trnavský kraj";3;0;0;0;NA;44384;3;2020-07-08;-45911
2020-07-07;"Trnavský kraj";4;0;0;0;NA;44384;4;2020-07-07;-45914
2020-07-06;"Trnavský kraj";0;0;0;0;NA;44384;0;2020-07-06;-45918
2020-07-05;"Trnavský kraj";0;0;0;0;NA;44384;0;2020-07-05;-45918
2020-07-04;"Trnavský kraj";0;0;0;0;NA;44384;0;2020-07-04;-45918
2020-07-03;"Trnavský kraj";0;0;0;0;NA;44384;0;2020-07-03;-45918
2020-07-02;"Trnavský kraj";3;0;0;0;NA;44384;3;2020-07-02;-45918
2020-07-01;"Trnavský kraj";0;0;0;0;NA;44384;0;2020-07-01;-45921
2020-06-30;"Trnavský kraj";0;0;0;0;NA;44384;0;2020-06-30;-45921
2020-06-29;"Trnavský kraj";0;0;0;0;NA;44384;0;2020-06-29;-45921
2020-06-28;"Trnavský kraj";0;0;0;0;NA;44384;0;2020-06-28;-45921
2020-06-27;"Trnavský kraj";0;0;0;0;NA;44384;0;2020-06-27;-45921
2020-06-26;"Trnavský kraj";0;0;0;0;NA;44384;0;2020-06-26;-45921
2020-06-25;"Trnavský kraj";0;0;0;0;NA;44384;0;2020-06-25;-45921
2020-06-24;"Trnavský kraj";0;0;0;0;NA;44384;0;2020-06-24;-45921
2020-06-23;"Trnavský kraj";0;0;0;0;NA;44384;0;2020-06-23;-45921
2020-06-22;"Trnavský kraj";0;0;0;0;NA;44384;0;2020-06-22;-45921
2020-06-21;"Trnavský kraj";0;0;0;0;NA;44384;0;2020-06-21;-45921
2020-06-20;"Trnavský kraj";0;0;0;0;NA;44384;0;2020-06-20;-45921
2020-06-19;"Trnavský kraj";0;0;0;0;NA;44384;0;2020-06-19;-45921
2020-06-18;"Trnavský kraj";2;0;0;0;NA;44384;2;2020-06-18;-45921
2020-06-17;"Trnavský kraj";0;0;0;0;NA;44384;0;2020-06-17;-45923
2020-06-16;"Trnavský kraj";0;0;0;0;NA;44384;0;2020-06-16;-45923
2020-06-14;"Trnavský kraj";0;0;0;0;NA;44384;0;2020-06-14;-45923
2020-06-13;"Trnavský kraj";0;0;0;0;NA;44384;0;2020-06-13;-45923
2020-06-12;"Trnavský kraj";0;0;0;0;NA;44384;0;2020-06-12;-45923
2020-06-11;"Trnavský kraj";0;0;0;0;NA;44384;0;2020-06-11;-45923
2020-06-10;"Trnavský kraj";0;0;0;0;NA;44384;0;2020-06-10;-45923
2020-06-09;"Trnavský kraj";0;0;0;0;NA;44384;0;2020-06-09;-45923
2020-06-08;"Trnavský kraj";0;0;0;0;NA;44384;0;2020-06-08;-45923
2020-06-07;"Trnavský kraj";0;0;0;0;NA;44384;0;2020-06-07;-45923
2020-06-05;"Trnavský kraj";0;0;0;0;NA;44384;0;2020-06-05;-45923
2020-06-03;"Trnavský kraj";0;0;0;0;NA;44384;0;2020-06-03;-45923
2020-06-02;"Trnavský kraj";0;0;0;0;NA;44384;0;2020-06-02;-45923
2020-05-31;"Trnavský kraj";0;0;0;0;NA;44384;0;2020-05-31;-45923
2020-05-29;"Trnavský kraj";0;0;0;0;NA;44384;0;2020-05-29;-45923
2020-05-27;"Trnavský kraj";0;0;0;0;NA;44384;0;2020-05-27;-45923
2020-05-26;"Trnavský kraj";0;0;0;0;NA;44384;0;2020-05-26;-45923
2020-05-25;"Trnavský kraj";1;0;0;0;NA;44384;1;2020-05-25;-45923
2020-05-24;"Trnavský kraj";0;0;0;0;NA;44384;0;2020-05-24;-45924
2020-05-23;"Trnavský kraj";2;0;0;0;NA;44384;2;2020-05-23;-45924
2020-05-22;"Trnavský kraj";0;0;0;0;NA;44384;0;2020-05-22;-45926
2020-05-21;"Trnavský kraj";0;0;0;0;NA;44384;0;2020-05-21;-45926
2020-05-20;"Trnavský kraj";2;0;0;0;NA;44384;2;2020-05-20;-45926
2020-05-19;"Trnavský kraj";0;0;0;0;NA;44384;0;2020-05-19;-45928
2020-05-17;"Trnavský kraj";0;0;0;0;NA;44384;0;2020-05-17;-45928
2020-05-16;"Trnavský kraj";0;0;0;0;NA;44384;0;2020-05-16;-45928
2020-05-15;"Trnavský kraj";1;0;0;0;NA;44384;1;2020-05-15;-45928
2020-05-14;"Trnavský kraj";0;0;0;0;NA;44384;0;2020-05-14;-45929
2020-05-13;"Trnavský kraj";0;0;0;0;NA;44384;0;2020-05-13;-45929
2020-05-12;"Trnavský kraj";0;0;0;0;NA;44384;0;2020-05-12;-45929
2020-05-11;"Trnavský kraj";2;0;0;0;NA;44384;2;2020-05-11;-45929
2020-05-09;"Trnavský kraj";0;0;0;0;NA;44384;0;2020-05-09;-45931
2020-05-07;"Trnavský kraj";0;0;0;0;NA;44384;0;2020-05-07;-45931
2020-05-06;"Trnavský kraj";0;0;0;0;NA;44384;0;2020-05-06;-45931
2020-05-05;"Trnavský kraj";0;0;0;0;NA;44384;0;2020-05-05;-45931
2020-05-04;"Trnavský kraj";0;0;0;0;NA;44384;0;2020-05-04;-45931
2020-05-03;"Trnavský kraj";0;0;0;0;NA;44384;0;2020-05-03;-45931
2020-05-02;"Trnavský kraj";0;0;0;0;NA;44384;0;2020-05-02;-45931
2020-05-01;"Trnavský kraj";0;0;0;0;NA;44384;0;2020-05-01;-45931
2020-04-30;"Trnavský kraj";0;0;0;0;NA;44384;0;2020-04-30;-45931
2020-04-29;"Trnavský kraj";0;0;0;0;NA;44384;0;2020-04-29;-45931
2020-04-28;"Trnavský kraj";1;0;0;0;NA;44384;1;2020-04-28;-45931
2020-04-27;"Trnavský kraj";0;0;0;0;NA;44384;0;2020-04-27;-45932
2020-04-26;"Trnavský kraj";0;0;0;0;NA;44384;0;2020-04-26;-45932
2020-04-25;"Trnavský kraj";2;0;0;0;NA;44384;2;2020-04-25;-45932
2020-04-24;"Trnavský kraj";4;0;0;0;NA;44384;4;2020-04-24;-45934
2020-04-23;"Trnavský kraj";5;0;0;0;NA;44384;5;2020-04-23;-45938
2020-04-22;"Trnavský kraj";10;0;0;0;NA;44384;10;2020-04-22;-45943
2020-04-21;"Trnavský kraj";5;0;0;0;NA;44384;5;2020-04-21;-45953
2020-04-20;"Trnavský kraj";0;0;0;0;NA;44384;0;2020-04-20;-45958
2020-04-19;"Trnavský kraj";1;0;0;0;NA;44384;1;2020-04-19;-45958
2020-04-18;"Trnavský kraj";4;0;0;0;NA;44384;4;2020-04-18;-45959
2020-04-17;"Trnavský kraj";7;0;0;0;NA;44384;7;2020-04-17;-45963
2020-04-16;"Trnavský kraj";5;0;0;0;NA;44384;5;2020-04-16;-45970
2020-04-15;"Trnavský kraj";5;0;0;0;NA;44384;5;2020-04-15;-45975
2020-04-14;"Trnavský kraj";1;0;0;0;NA;44384;1;2020-04-14;-45980
2020-04-13;"Trnavský kraj";0;0;0;0;NA;44384;0;2020-04-13;-45981
2020-04-12;"Trnavský kraj";0;0;0;0;NA;44384;0;2020-04-12;-45981
2020-04-11;"Trnavský kraj";0;0;0;0;NA;44384;0;2020-04-11;-45981
2020-04-10;"Trnavský kraj";2;0;0;0;NA;44384;2;2020-04-10;-45981
2020-04-09;"Trnavský kraj";3;0;0;0;NA;44384;3;2020-04-09;-45983
2020-04-08;"Trnavský kraj";4;0;0;0;NA;44384;4;2020-04-08;-45986
2020-04-07;"Trnavský kraj";6;0;0;0;NA;44384;6;2020-04-07;-45990
2020-04-06;"Trnavský kraj";6;0;0;0;NA;44384;6;2020-04-06;-45996
2020-04-05;"Trnavský kraj";1;0;0;0;NA;44384;1;2020-04-05;-46002
2020-04-04;"Trnavský kraj";1;0;0;0;NA;44384;1;2020-04-04;-46003
2020-04-03;"Trnavský kraj";3;0;0;0;NA;44384;3;2020-04-03;-46004
2020-04-02;"Trnavský kraj";4;0;0;0;NA;44384;4;2020-04-02;-46007
2020-04-01;"Trnavský kraj";0;0;0;0;NA;44384;0;2020-04-01;-46011
2020-03-31;"Trnavský kraj";3;0;0;0;NA;44384;3;2020-03-31;-46011
2020-03-30;"Trnavský kraj";4;0;0;0;NA;44384;4;2020-03-30;-46014
2020-03-29;"Trnavský kraj";1;0;0;0;NA;44384;1;2020-03-29;-46018
2020-03-28;"Trnavský kraj";3;0;0;0;NA;44384;3;2020-03-28;-46019
2020-03-27;"Trnavský kraj";5;0;0;0;NA;44384;5;2020-03-27;-46022
2020-03-26;"Trnavský kraj";5;0;0;0;NA;44384;5;2020-03-26;-46027
2020-03-25;"Trnavský kraj";1;0;0;0;NA;44384;1;2020-03-25;-46032
2020-03-24;"Trnavský kraj";0;0;0;0;NA;44384;0;2020-03-24;-46033
2020-03-23;"Trnavský kraj";2;0;0;0;NA;44384;2;2020-03-23;-46033
2020-03-22;"Trnavský kraj";1;0;0;0;NA;44384;1;2020-03-22;-46035
2020-03-21;"Trnavský kraj";5;0;0;0;NA;44384;5;2020-03-21;-46036
2020-03-20;"Trnavský kraj";0;0;0;0;NA;44384;0;2020-03-20;-46041
2020-03-19;"Trnavský kraj";0;0;0;0;NA;44384;0;2020-03-19;-46041
2020-03-18;"Trnavský kraj";0;0;0;0;NA;44384;0;2020-03-18;-46041
2020-03-17;"Trnavský kraj";3;0;0;0;NA;44384;3;2020-03-17;-46041
2020-03-16;"Trnavský kraj";1;0;0;0;NA;44384;1;2020-03-16;-46044
2020-03-15;"Trnavský kraj";0;0;0;0;NA;44384;0;2020-03-15;-46045
2020-03-14;"Trnavský kraj";0;0;0;0;NA;44384;0;2020-03-14;-46045
2020-03-13;"Trnavský kraj";1;0;0;0;NA;44384;1;2020-03-13;-46045
2020-03-12;"Trnavský kraj";1;0;0;0;NA;44384;1;2020-03-12;-46046
2020-03-11;"Trnavský kraj";0;0;0;0;NA;44384;0;2020-03-11;-46047
2020-03-09;"Trnavský kraj";0;0;0;0;NA;44384;0;2020-03-09;-46047
2020-03-08;"Trnavský kraj";0;0;0;0;NA;44384;0;2020-03-08;-46047
2020-03-07;"Trnavský kraj";0;0;0;0;NA;44384;0;2020-03-07;-46047
2020-03-06;"Trnavský kraj";0;0;0;0;NA;44384;0;2020-03-06;-46047
2021-08-28;"Žilinský kraj";2;891;1;892;0;50506;3;2021-08-28;50506
2021-08-27;"Žilinský kraj";13;1631;12;1643;NA;50506;25;2021-08-27;50503
2021-08-26;"Žilinský kraj";17;1597;7;1604;NA;50506;24;2021-08-26;50478
2021-08-25;"Žilinský kraj";9;1175;11;1186;NA;50506;20;2021-08-25;50454
2021-08-24;"Žilinský kraj";6;1367;9;1376;NA;50506;15;2021-08-24;50434
2021-08-23;"Žilinský kraj";11;1841;7;1848;NA;50506;18;2021-08-23;50419
2021-08-22;"Žilinský kraj";2;692;3;695;NA;50506;5;2021-08-22;50401
2021-08-21;"Žilinský kraj";6;1154;2;1156;NA;50506;8;2021-08-21;50396
2021-08-20;"Žilinský kraj";7;2234;5;2239;NA;50506;12;2021-08-20;50388
2021-08-19;"Žilinský kraj";6;1291;3;1294;NA;50506;9;2021-08-19;50376
2021-08-18;"Žilinský kraj";4;1288;7;1295;NA;50506;11;2021-08-18;50367
2021-08-17;"Žilinský kraj";9;1184;3;1187;NA;50506;12;2021-08-17;50356
2021-08-16;"Žilinský kraj";14;1581;5;1586;NA;50506;19;2021-08-16;50344
2021-08-15;"Žilinský kraj";1;815;2;817;NA;50506;3;2021-08-15;50325
2021-08-14;"Žilinský kraj";5;1165;0;1165;NA;50506;5;2021-08-14;50322
2021-08-13;"Žilinský kraj";6;1612;0;1612;NA;50506;6;2021-08-13;50317
2021-08-12;"Žilinský kraj";4;1215;4;1219;NA;50506;8;2021-08-12;50311
2021-08-11;"Žilinský kraj";13;1219;3;1222;NA;50506;16;2021-08-11;50303
2021-08-10;"Žilinský kraj";12;1257;3;1260;NA;50506;15;2021-08-10;50287
2021-08-09;"Žilinský kraj";9;1103;1;1104;NA;50506;10;2021-08-09;50272
2021-08-08;"Žilinský kraj";1;727;5;732;NA;50506;6;2021-08-08;50262
2021-08-07;"Žilinský kraj";7;1165;1;1166;NA;50506;8;2021-08-07;50256
2021-08-06;"Žilinský kraj";1;1311;0;1311;NA;50506;1;2021-08-06;50248
2021-08-05;"Žilinský kraj";7;1124;3;1127;NA;50506;10;2021-08-05;50247
2021-08-04;"Žilinský kraj";12;853;0;853;NA;50506;12;2021-08-04;50237
2021-08-03;"Žilinský kraj";11;918;0;918;NA;50506;11;2021-08-03;50225
2021-08-02;"Žilinský kraj";5;1507;1;1508;NA;50506;6;2021-08-02;50214
2021-08-01;"Žilinský kraj";0;679;2;681;NA;50506;2;2021-08-01;50208
2021-07-31;"Žilinský kraj";4;1114;0;1114;NA;50506;4;2021-07-31;50206
2021-07-30;"Žilinský kraj";3;1590;0;1590;NA;50506;3;2021-07-30;50202
2021-07-29;"Žilinský kraj";1;1299;0;1299;NA;50506;1;2021-07-29;50199
2021-07-28;"Žilinský kraj";4;901;0;901;NA;50506;4;2021-07-28;50198
2021-07-27;"Žilinský kraj";11;1378;0;1378;NA;50506;11;2021-07-27;50194
2021-07-26;"Žilinský kraj";1;1292;1;1293;NA;50506;2;2021-07-26;50183
2021-07-25;"Žilinský kraj";2;828;2;830;NA;50506;4;2021-07-25;50181
2021-07-24;"Žilinský kraj";2;1338;2;1340;NA;50506;4;2021-07-24;50177
2021-07-23;"Žilinský kraj";4;1730;0;1730;NA;50506;4;2021-07-23;50173
2021-07-22;"Žilinský kraj";2;1207;0;1207;NA;50506;2;2021-07-22;50169
2021-07-21;"Žilinský kraj";2;1021;0;1021;NA;50506;2;2021-07-21;50167
2021-07-20;"Žilinský kraj";4;1439;0;1439;NA;50506;4;2021-07-20;50165
2021-07-19;"Žilinský kraj";4;1759;1;1760;NA;50506;5;2021-07-19;50161
2021-07-18;"Žilinský kraj";0;854;1;855;NA;50506;1;2021-07-18;50156
2021-07-17;"Žilinský kraj";0;1350;0;1350;NA;50506;0;2021-07-17;50155
2021-07-16;"Žilinský kraj";2;1740;0;1740;NA;50506;2;2021-07-16;50155
2021-07-15;"Žilinský kraj";2;1577;0;1577;NA;50506;2;2021-07-15;50153
2021-07-14;"Žilinský kraj";5;1042;1;1043;NA;50506;6;2021-07-14;50151
2021-07-13;"Žilinský kraj";3;1709;1;1710;NA;50506;4;2021-07-13;50145
2021-07-12;"Žilinský kraj";3;1321;1;1322;NA;50506;4;2021-07-12;50141
2021-07-11;"Žilinský kraj";2;989;0;989;NA;50506;2;2021-07-11;50137
2021-07-10;"Žilinský kraj";1;1511;4;1515;NA;50506;5;2021-07-10;50135
2021-07-09;"Žilinský kraj";1;2205;1;2206;NA;50506;2;2021-07-09;50130
2021-07-08;"Žilinský kraj";6;1776;3;1779;NA;50506;9;2021-07-08;50128
2021-07-07;"Žilinský kraj";1;1585;3;1588;NA;50506;4;2021-07-07;50119
2021-07-06;"Žilinský kraj";4;1956;0;1956;NA;50506;4;2021-07-06;50115
2021-07-05;"Žilinský kraj";2;911;1;912;NA;50506;3;2021-07-05;50111
2021-07-04;"Žilinský kraj";0;921;0;921;NA;50506;0;2021-07-04;50108
2021-07-03;"Žilinský kraj";1;1607;1;1608;NA;50506;2;2021-07-03;50108
2021-07-02;"Žilinský kraj";0;3428;3;3431;NA;50506;3;2021-07-02;50106
2021-07-01;"Žilinský kraj";1;1118;0;1118;NA;50506;1;2021-07-01;50103
2021-06-30;"Žilinský kraj";1;10382;6;10388;NA;50506;7;2021-06-30;50102
2021-06-29;"Žilinský kraj";10;5946;0;5946;NA;50506;10;2021-06-29;50095
2021-06-28;"Žilinský kraj";4;6245;2;6247;NA;50506;6;2021-06-28;50085
2021-06-27;"Žilinský kraj";3;4702;1;4703;NA;50506;4;2021-06-27;50079
2021-06-26;"Žilinský kraj";4;5919;0;5919;NA;50506;4;2021-06-26;50075
2021-06-25;"Žilinský kraj";8;9756;5;9761;NA;50506;13;2021-06-25;50071
2021-06-24;"Žilinský kraj";6;5657;3;5660;NA;50506;9;2021-06-24;50058
2021-06-23;"Žilinský kraj";7;5955;10;5965;NA;50506;17;2021-06-23;50049
2021-06-22;"Žilinský kraj";6;5214;8;5222;NA;50506;14;2021-06-22;50032
2021-06-21;"Žilinský kraj";6;6287;8;6295;NA;50506;14;2021-06-21;50018
2021-06-20;"Žilinský kraj";1;5531;8;5539;NA;50506;9;2021-06-20;50004
2021-06-19;"Žilinský kraj";9;8353;2;8355;NA;50506;11;2021-06-19;49995
2021-06-18;"Žilinský kraj";11;10624;12;10636;NA;50506;23;2021-06-18;49984
2021-06-17;"Žilinský kraj";10;6092;12;6104;NA;50506;22;2021-06-17;49961
2021-06-16;"Žilinský kraj";17;5786;11;5797;NA;50506;28;2021-06-16;49939
2021-06-15;"Žilinský kraj";13;5996;13;6009;NA;50506;26;2021-06-15;49911
2021-06-14;"Žilinský kraj";10;7554;21;7575;NA;50506;31;2021-06-14;49885
2021-06-13;"Žilinský kraj";2;6682;9;6691;NA;50506;11;2021-06-13;49854
2021-06-12;"Žilinský kraj";9;8634;11;8645;NA;50506;20;2021-06-12;49843
2021-06-11;"Žilinský kraj";11;11566;14;11580;NA;50506;25;2021-06-11;49823
2021-06-10;"Žilinský kraj";14;6788;14;6802;NA;50506;28;2021-06-10;49798
2021-06-09;"Žilinský kraj";23;5925;14;5939;NA;50506;37;2021-06-09;49770
2021-06-08;"Žilinský kraj";18;6615;16;6631;NA;50506;34;2021-06-08;49733
2021-06-07;"Žilinský kraj";25;8534;21;8555;NA;50506;46;2021-06-07;49699
2021-06-06;"Žilinský kraj";10;8056;27;8083;NA;50506;37;2021-06-06;49653
2021-06-05;"Žilinský kraj";8;9175;10;9185;NA;50506;18;2021-06-05;49616
2021-06-04;"Žilinský kraj";19;12215;34;12249;NA;50506;53;2021-06-04;49598
2021-06-03;"Žilinský kraj";12;7033;33;7066;NA;50506;45;2021-06-03;49545
2021-06-02;"Žilinský kraj";17;7090;28;7118;NA;50506;45;2021-06-02;49500
2021-06-01;"Žilinský kraj";38;8285;46;8331;NA;50506;84;2021-06-01;49455
2021-05-31;"Žilinský kraj";31;9616;59;9675;NA;50506;90;2021-05-31;49371
2021-05-30;"Žilinský kraj";21;9025;35;9060;NA;50506;56;2021-05-30;49281
2021-05-29;"Žilinský kraj";13;11195;23;11218;NA;50506;36;2021-05-29;49225
2021-05-28;"Žilinský kraj";28;13277;30;13307;NA;50506;58;2021-05-28;49189
2021-05-27;"Žilinský kraj";17;8267;39;8306;NA;50506;56;2021-05-27;49131
2021-05-26;"Žilinský kraj";20;8329;25;8354;NA;50506;45;2021-05-26;49075
2021-05-25;"Žilinský kraj";21;9624;38;9662;NA;50506;59;2021-05-25;49030
2021-05-24;"Žilinský kraj";36;11487;57;11544;NA;50506;93;2021-05-24;48971
2021-05-23;"Žilinský kraj";4;10923;56;10979;NA;50506;60;2021-05-23;48878
2021-05-22;"Žilinský kraj";21;11893;28;11921;NA;50506;49;2021-05-22;48818
2021-05-21;"Žilinský kraj";28;15654;50;15704;NA;50506;78;2021-05-21;48769
2021-05-20;"Žilinský kraj";30;9616;30;9646;NA;50506;60;2021-05-20;48691
2021-05-19;"Žilinský kraj";46;8693;41;8734;NA;50506;87;2021-05-19;48631
2021-05-18;"Žilinský kraj";52;10609;44;10653;NA;50506;96;2021-05-18;48544
2021-05-17;"Žilinský kraj";51;12676;84;12760;NA;50506;135;2021-05-17;48448
2021-05-16;"Žilinský kraj";13;14114;42;14156;NA;50506;55;2021-05-16;48313
2021-05-15;"Žilinský kraj";30;18404;35;18439;NA;50506;65;2021-05-15;48258
2021-05-14;"Žilinský kraj";34;21205;82;21287;NA;50506;116;2021-05-14;48193
2021-05-13;"Žilinský kraj";64;11865;51;11916;NA;50506;115;2021-05-13;48077
2021-05-12;"Žilinský kraj";57;10337;51;10388;NA;50506;108;2021-05-12;47962
2021-05-11;"Žilinský kraj";70;12174;51;12225;NA;50506;121;2021-05-11;47854
2021-05-10;"Žilinský kraj";69;16182;72;16254;NA;50506;141;2021-05-10;47733
2021-05-09;"Žilinský kraj";58;20385;77;20462;NA;50506;135;2021-05-09;47592
2021-05-08;"Žilinský kraj";0;24133;63;24196;NA;50506;63;2021-05-08;47457
2021-05-07;"Žilinský kraj";65;26522;87;26609;NA;50506;152;2021-05-07;47394
2021-05-06;"Žilinský kraj";67;16605;72;16677;NA;50506;139;2021-05-06;47242
2021-05-05;"Žilinský kraj";71;13096;73;13169;NA;50506;144;2021-05-05;47103
2021-05-04;"Žilinský kraj";81;16749;80;16829;NA;50506;161;2021-05-04;46959
2021-05-03;"Žilinský kraj";97;20391;111;20502;NA;50506;208;2021-05-03;46798
2021-05-02;"Žilinský kraj";8;28886;64;28950;NA;50506;72;2021-05-02;46590
2021-05-01;"Žilinský kraj";65;55053;105;55158;NA;50506;170;2021-05-01;46518
2021-04-30;"Žilinský kraj";84;44000;117;44117;NA;50506;201;2021-04-30;46348
2021-04-29;"Žilinský kraj";77;24566;101;24667;NA;50506;178;2021-04-29;46147
2021-04-28;"Žilinský kraj";76;19214;91;19305;NA;50506;167;2021-04-28;45969
2021-04-27;"Žilinský kraj";97;21805;110;21915;NA;50506;207;2021-04-27;45802
2021-04-26;"Žilinský kraj";114;27412;136;27548;NA;50506;250;2021-04-26;45595
2021-04-25;"Žilinský kraj";38;35750;82;35832;NA;50506;120;2021-04-25;45345
2021-04-24;"Žilinský kraj";93;78854;157;79011;NA;50506;250;2021-04-24;45225
2021-04-23;"Žilinský kraj";144;49440;153;49593;NA;50506;297;2021-04-23;44975
2021-04-22;"Žilinský kraj";110;25224;132;25356;NA;50506;242;2021-04-22;44678
2021-04-21;"Žilinský kraj";118;20616;145;20761;NA;50506;263;2021-04-21;44436
2021-04-20;"Žilinský kraj";128;23873;136;24009;NA;50506;264;2021-04-20;44173
2021-04-19;"Žilinský kraj";164;32773;210;32983;NA;50506;374;2021-04-19;43909
2021-04-18;"Žilinský kraj";18;36767;91;36858;NA;50506;109;2021-04-18;43535
2021-04-17;"Žilinský kraj";108;89377;156;89533;NA;50506;264;2021-04-17;43426
2021-04-16;"Žilinský kraj";185;47847;208;48055;NA;50506;393;2021-04-16;43162
2021-04-15;"Žilinský kraj";108;24830;130;24960;NA;50506;238;2021-04-15;42769
2021-04-14;"Žilinský kraj";135;23145;145;23290;NA;50506;280;2021-04-14;42531
2021-04-13;"Žilinský kraj";171;25050;135;25185;NA;50506;306;2021-04-13;42251
2021-04-12;"Žilinský kraj";266;30794;189;30983;NA;50506;455;2021-04-12;41945
2021-04-11;"Žilinský kraj";19;37126;107;37233;NA;50506;126;2021-04-11;41490
2021-04-10;"Žilinský kraj";111;86284;237;86521;NA;50506;348;2021-04-10;41364
2021-04-09;"Žilinský kraj";195;41973;206;42179;NA;50506;401;2021-04-09;41016
2021-04-08;"Žilinský kraj";179;24404;141;24545;NA;50506;320;2021-04-08;40615
2021-04-07;"Žilinský kraj";309;28651;174;28825;NA;50506;483;2021-04-07;40295
2021-04-06;"Žilinský kraj";308;40107;301;40408;NA;50506;609;2021-04-06;39812
2021-04-05;"Žilinský kraj";17;14747;140;14887;NA;50506;157;2021-04-05;39203
2021-04-04;"Žilinský kraj";17;16284;69;16353;NA;50506;86;2021-04-04;39046
2021-04-03;"Žilinský kraj";180;100699;403;101102;NA;50506;583;2021-04-03;38960
2021-04-02;"Žilinský kraj";73;22411;83;22494;NA;50506;156;2021-04-02;38377
2021-04-01;"Žilinský kraj";334;43264;240;43504;NA;50506;574;2021-04-01;38221
2021-03-31;"Žilinský kraj";170;31635;247;31882;NA;50506;417;2021-03-31;37647
2021-03-30;"Žilinský kraj";406;26323;243;26566;NA;50506;649;2021-03-30;37230
2021-03-29;"Žilinský kraj";297;28029;268;28297;NA;50506;565;2021-03-29;36581
2021-03-28;"Žilinský kraj";21;36206;239;36445;NA;50506;260;2021-03-28;36016
2021-03-27;"Žilinský kraj";151;89107;353;89460;NA;50506;504;2021-03-27;35756
2021-03-26;"Žilinský kraj";312;51757;330;52087;NA;50506;642;2021-03-26;35252
2021-03-25;"Žilinský kraj";281;27619;214;27833;NA;50506;495;2021-03-25;34610
2021-03-24;"Žilinský kraj";280;21268;260;21528;NA;50506;540;2021-03-24;34115
2021-03-23;"Žilinský kraj";418;23193;278;23471;NA;50506;696;2021-03-23;33575
2021-03-22;"Žilinský kraj";293;29289;314;29603;NA;50506;607;2021-03-22;32879
2021-03-21;"Žilinský kraj";32;33705;227;33932;NA;50506;259;2021-03-21;32272
2021-03-20;"Žilinský kraj";165;93015;497;93512;NA;50506;662;2021-03-20;32013
2021-03-19;"Žilinský kraj";357;51988;414;52402;NA;50506;771;2021-03-19;31351
2021-03-18;"Žilinský kraj";329;28459;294;28753;NA;50506;623;2021-03-18;30580
2021-03-17;"Žilinský kraj";395;21919;269;22188;NA;50506;664;2021-03-17;29957
2021-03-16;"Žilinský kraj";514;24341;317;24658;NA;50506;831;2021-03-16;29293
2021-03-15;"Žilinský kraj";341;29613;419;30032;NA;50506;760;2021-03-15;28462
2021-03-14;"Žilinský kraj";87;34121;267;34388;NA;50506;354;2021-03-14;27702
2021-03-13;"Žilinský kraj";113;93386;581;93967;NA;50506;694;2021-03-13;27348
2021-03-12;"Žilinský kraj";520;52329;411;52740;NA;50506;931;2021-03-12;26654
2021-03-11;"Žilinský kraj";399;28189;302;28491;NA;50506;701;2021-03-11;25723
2021-03-10;"Žilinský kraj";368;22414;378;22792;NA;50506;746;2021-03-10;25022
2021-03-09;"Žilinský kraj";537;24857;316;25173;NA;50506;853;2021-03-09;24276
2021-03-08;"Žilinský kraj";387;30873;458;31331;NA;50506;845;2021-03-08;23423
2021-03-07;"Žilinský kraj";48;33469;290;33759;NA;50506;338;2021-03-07;22578
2021-03-06;"Žilinský kraj";173;92410;589;92999;NA;50506;762;2021-03-06;22240
2021-03-05;"Žilinský kraj";369;51987;484;52471;NA;50506;853;2021-03-05;21478
2021-03-04;"Žilinský kraj";467;30037;377;30414;NA;50506;844;2021-03-04;20625
2021-03-03;"Žilinský kraj";448;26261;394;26655;NA;50506;842;2021-03-03;19781
2021-03-02;"Žilinský kraj";551;25913;378;26291;NA;50506;929;2021-03-02;18939
2021-03-01;"Žilinský kraj";375;30498;441;30939;NA;50506;816;2021-03-01;18010
2021-02-28;"Žilinský kraj";61;34802;327;35129;NA;50506;388;2021-02-28;17194
2021-02-27;"Žilinský kraj";159;83781;639;84420;NA;50506;798;2021-02-27;16806
2021-02-26;"Žilinský kraj";459;47500;508;48008;NA;50506;967;2021-02-26;16008
2021-02-25;"Žilinský kraj";347;30879;393;31272;NA;50506;740;2021-02-25;15041
2021-02-24;"Žilinský kraj";339;18760;395;19155;NA;50506;734;2021-02-24;14301
2021-02-23;"Žilinský kraj";437;22172;418;22590;NA;50506;855;2021-02-23;13567
2021-02-22;"Žilinský kraj";345;29270;438;29708;NA;50506;783;2021-02-22;12712
2021-02-21;"Žilinský kraj";36;28686;322;29008;NA;50506;358;2021-02-21;11929
2021-02-20;"Žilinský kraj";152;89944;671;90615;NA;50506;823;2021-02-20;11571
2021-02-19;"Žilinský kraj";337;45541;417;45958;NA;50506;754;2021-02-19;10748
2021-02-18;"Žilinský kraj";263;24662;337;24999;NA;50506;600;2021-02-18;9994
2021-02-17;"Žilinský kraj";269;17932;355;18287;NA;50506;624;2021-02-17;9394
2021-02-16;"Žilinský kraj";321;24298;325;24623;NA;50506;646;2021-02-16;8770
2021-02-15;"Žilinský kraj";230;30420;311;30731;NA;50506;541;2021-02-15;8124
2021-02-14;"Žilinský kraj";30;28574;231;28805;NA;50506;261;2021-02-14;7583
2021-02-13;"Žilinský kraj";91;69638;453;70091;NA;50506;544;2021-02-13;7322
2021-02-12;"Žilinský kraj";242;43338;336;43674;NA;50506;578;2021-02-12;6778
2021-02-11;"Žilinský kraj";228;23521;300;23821;NA;50506;528;2021-02-11;6200
2021-02-10;"Žilinský kraj";259;17894;267;18161;NA;50506;526;2021-02-10;5672
2021-02-09;"Žilinský kraj";377;24784;274;25058;NA;50506;651;2021-02-09;5146
2021-02-08;"Žilinský kraj";160;41375;390;41765;NA;50506;550;2021-02-08;4495
2021-02-07;"Žilinský kraj";24;46446;252;46698;NA;50506;276;2021-02-07;3945
2021-02-06;"Žilinský kraj";71;72880;367;73247;NA;50506;438;2021-02-06;3669
2021-02-05;"Žilinský kraj";248;31869;323;32192;NA;50506;571;2021-02-05;3231
2021-02-04;"Žilinský kraj";238;13240;258;13498;NA;50506;496;2021-02-04;2660
2021-02-03;"Žilinský kraj";194;9186;255;9441;NA;50506;449;2021-02-03;2164
2021-02-02;"Žilinský kraj";216;9280;272;9552;NA;50506;488;2021-02-02;1715
2021-02-01;"Žilinský kraj";220;19690;370;20060;NA;50506;590;2021-02-01;1227
2021-01-31;"Žilinský kraj";11;2652;27;2679;NA;50506;38;2021-01-31;637
2021-01-30;"Žilinský kraj";85;18447;187;18634;NA;50506;272;2021-01-30;599
2021-01-29;"Žilinský kraj";209;22891;304;23195;NA;50506;513;2021-01-29;327
2021-01-28;"Žilinský kraj";240;5533;172;5705;NA;50506;412;2021-01-28;-186
2021-01-27;"Žilinský kraj";256;6725;119;6844;NA;50506;375;2021-01-27;-598
2021-01-26;"Žilinský kraj";245;49781;348;50129;NA;50506;593;2021-01-26;-973
2021-01-25;"Žilinský kraj";159;21245;150;21395;NA;50506;309;2021-01-25;-1566
2021-01-24;"Žilinský kraj";22;55835;268;56103;NA;50506;290;2021-01-24;-1875
2021-01-23;"Žilinský kraj";91;101730;444;102174;NA;50506;535;2021-01-23;-2165
2021-01-22;"Žilinský kraj";163;32160;237;32397;NA;50506;400;2021-01-22;-2700
2021-01-21;"Žilinský kraj";116;19828;181;20009;NA;50506;297;2021-01-21;-3100
2021-01-20;"Žilinský kraj";236;17126;159;17285;NA;50506;395;2021-01-20;-3397
2021-01-19;"Žilinský kraj";245;15730;285;16015;NA;50506;530;2021-01-19;-3792
2021-01-18;"Žilinský kraj";236;12685;326;13011;NA;50506;562;2021-01-18;-4322
2021-01-17;"Žilinský kraj";95;147;8;155;NA;50506;103;2021-01-17;-4884
2021-01-16;"Žilinský kraj";14;516;31;547;NA;50506;45;2021-01-16;-4987
2021-01-15;"Žilinský kraj";248;7486;209;7695;NA;50506;457;2021-01-15;-5032
2021-01-14;"Žilinský kraj";166;5319;239;5558;NA;50506;405;2021-01-14;-5489
2021-01-13;"Žilinský kraj";247;11263;557;11820;NA;50506;804;2021-01-13;-5894
2021-01-12;"Žilinský kraj";376;8410;385;8795;NA;50506;761;2021-01-12;-6698
2021-01-11;"Žilinský kraj";351;10058;465;10523;NA;50506;816;2021-01-11;-7459
2021-01-10;"Žilinský kraj";38;229;6;235;NA;50506;44;2021-01-10;-8275
2021-01-09;"Žilinský kraj";192;1282;60;1342;NA;50506;252;2021-01-09;-8319
2021-01-08;"Žilinský kraj";413;8721;462;9183;NA;50506;875;2021-01-08;-8571
2021-01-07;"Žilinský kraj";438;23407;1872;25279;NA;50506;2310;2021-01-07;-9446
2021-01-06;"Žilinský kraj";145;1076;67;1143;NA;50506;212;2021-01-06;-11756
2021-01-05;"Žilinský kraj";717;10227;796;11023;NA;50506;1513;2021-01-05;-11968
2021-01-04;"Žilinský kraj";479;9313;893;10206;NA;50506;1372;2021-01-04;-13481
2021-01-03;"Žilinský kraj";13;1006;107;1113;NA;50506;120;2021-01-03;-14853
2021-01-02;"Žilinský kraj";98;789;91;880;NA;50506;189;2021-01-02;-14973
2021-01-01;"Žilinský kraj";118;241;13;254;NA;50506;131;2021-01-01;-15162
2020-12-31;"Žilinský kraj";395;9934;811;10745;NA;50506;1206;2020-12-31;-15293
2020-12-30;"Žilinský kraj";1038;12071;852;12923;NA;50506;1890;2020-12-30;-16499
2020-12-29;"Žilinský kraj";256;10650;1023;11673;NA;50506;1279;2020-12-29;-18389
2020-12-28;"Žilinský kraj";406;11507;1086;12593;NA;50506;1492;2020-12-28;-19668
2020-12-27;"Žilinský kraj";40;684;94;778;NA;50506;134;2020-12-27;-21160
2020-12-26;"Žilinský kraj";135;593;48;641;NA;50506;183;2020-12-26;-21294
2020-12-25;"Žilinský kraj";66;83;9;92;NA;50506;75;2020-12-25;-21477
2020-12-24;"Žilinský kraj";643;667;55;722;NA;50506;698;2020-12-24;-21552
2020-12-23;"Žilinský kraj";228;17294;1043;18337;NA;50506;1271;2020-12-23;-22250
2020-12-22;"Žilinský kraj";519;13765;1013;14778;NA;50506;1532;2020-12-22;-23521
2020-12-21;"Žilinský kraj";444;12942;1127;14069;NA;50506;1571;2020-12-21;-25053
2020-12-20;"Žilinský kraj";36;598;80;678;NA;50506;116;2020-12-20;-26624
2020-12-19;"Žilinský kraj";208;1678;127;1805;NA;50506;335;2020-12-19;-26740
2020-12-18;"Žilinský kraj";333;7025;397;7422;NA;50506;730;2020-12-18;-27075
2020-12-17;"Žilinský kraj";500;4235;281;4516;NA;50506;781;2020-12-17;-27805
2020-12-16;"Žilinský kraj";333;4037;280;4317;NA;50506;613;2020-12-16;-28586
2020-12-15;"Žilinský kraj";528;4081;359;4440;NA;50506;887;2020-12-15;-29199
2020-12-14;"Žilinský kraj";321;4626;393;5019;NA;50506;714;2020-12-14;-30086
2020-12-13;"Žilinský kraj";26;494;66;560;NA;50506;92;2020-12-13;-30800
2020-12-12;"Žilinský kraj";95;767;46;813;NA;50506;141;2020-12-12;-30892
2020-12-11;"Žilinský kraj";455;4518;258;4776;NA;50506;713;2020-12-11;-31033
2020-12-10;"Žilinský kraj";166;9297;845;10142;NA;50506;1011;2020-12-10;-31746
2020-12-09;"Žilinský kraj";392;2179;132;2311;NA;50506;524;2020-12-09;-32757
2020-12-08;"Žilinský kraj";331;3127;101;3228;NA;50506;432;2020-12-08;-33281
2020-12-07;"Žilinský kraj";348;2746;162;2908;NA;50506;510;2020-12-07;-33713
2020-12-06;"Žilinský kraj";15;128;6;134;NA;50506;21;2020-12-06;-34223
2020-12-05;"Žilinský kraj";98;781;41;822;NA;50506;139;2020-12-05;-34244
2020-12-04;"Žilinský kraj";228;3091;107;3198;NA;50506;335;2020-12-04;-34383
2020-12-03;"Žilinský kraj";237;1609;115;1724;NA;50506;352;2020-12-03;-34718
2020-12-02;"Žilinský kraj";181;1710;94;1804;NA;50506;275;2020-12-02;-35070
2020-12-01;"Žilinský kraj";209;6239;284;6523;NA;50506;493;2020-12-01;-35345
2020-11-30;"Žilinský kraj";203;5326;305;5631;NA;50506;508;2020-11-30;-35838
2020-11-29;"Žilinský kraj";18;81;7;88;NA;50506;25;2020-11-29;-36346
2020-11-28;"Žilinský kraj";99;349;15;364;NA;50506;114;2020-11-28;-36371
2020-11-27;"Žilinský kraj";218;904;46;950;NA;50506;264;2020-11-27;-36485
2020-11-26;"Žilinský kraj";190;1041;54;1095;NA;50506;244;2020-11-26;-36749
2020-11-25;"Žilinský kraj";225;1217;49;1266;NA;50506;274;2020-11-25;-36993
2020-11-24;"Žilinský kraj";213;2139;67;2206;NA;50506;280;2020-11-24;-37267
2020-11-23;"Žilinský kraj";170;759;44;803;NA;50506;214;2020-11-23;-37547
2020-11-22;"Žilinský kraj";11;67;2;69;NA;50506;13;2020-11-22;-37761
2020-11-21;"Žilinský kraj";61;505;20;525;NA;50506;81;2020-11-21;-37774
2020-11-20;"Žilinský kraj";251;1074;45;1119;NA;50506;296;2020-11-20;-37855
2020-11-19;"Žilinský kraj";252;752;61;813;NA;50506;313;2020-11-19;-38151
2020-11-18;"Žilinský kraj";346;348;15;363;NA;50506;361;2020-11-18;-38464
2020-11-17;"Žilinský kraj";123;490;15;505;NA;50506;138;2020-11-17;-38825
2020-11-16;"Žilinský kraj";227;247;15;262;NA;50506;242;2020-11-16;-38963
2020-11-15;"Žilinský kraj";63;13;0;13;NA;50506;63;2020-11-15;-39205
2020-11-14;"Žilinský kraj";189;1038;11;1049;NA;50506;200;2020-11-14;-39268
2020-11-13;"Žilinský kraj";181;125;9;134;NA;50506;190;2020-11-13;-39468
2020-11-12;"Žilinský kraj";334;79;2;81;NA;50506;336;2020-11-12;-39658
2020-11-11;"Žilinský kraj";489;147;10;157;NA;50506;499;2020-11-11;-39994
2020-11-10;"Žilinský kraj";374;519;9;528;NA;50506;383;2020-11-10;-40493
2020-11-09;"Žilinský kraj";143;2335;30;2365;NA;50506;173;2020-11-09;-40876
2020-11-08;"Žilinský kraj";59;2538;37;2575;NA;50506;96;2020-11-08;-41049
2020-11-07;"Žilinský kraj";312;8175;88;8263;NA;50506;400;2020-11-07;-41145
2020-11-06;"Žilinský kraj";503;4090;38;4128;NA;50506;541;2020-11-06;-41545
2020-11-05;"Žilinský kraj";473;64;4;68;NA;50506;477;2020-11-05;-42086
2020-11-04;"Žilinský kraj";423;178;10;188;NA;50506;433;2020-11-04;-42563
2020-11-03;"Žilinský kraj";688;889;16;905;NA;50506;704;2020-11-03;-42996
2020-11-02;"Žilinský kraj";472;1043;39;1082;NA;50506;511;2020-11-02;-43700
2020-11-01;"Žilinský kraj";349;5096;130;5226;NA;50506;479;2020-11-01;-44211
2020-10-31;"Žilinský kraj";661;7963;203;8166;NA;50506;864;2020-10-31;-44690
2020-10-30;"Žilinský kraj";529;2575;61;2636;NA;50506;590;2020-10-30;-45554
2020-10-29;"Žilinský kraj";740;503;17;520;NA;50506;757;2020-10-29;-46144
2020-10-28;"Žilinský kraj";635;105;11;116;NA;50506;646;2020-10-28;-46901
2020-10-27;"Žilinský kraj";355;154;24;178;NA;50506;379;2020-10-27;-47547
2020-10-26;"Žilinský kraj";148;117;28;145;NA;50506;176;2020-10-26;-47926
2020-10-25;"Žilinský kraj";436;0;0;0;NA;50506;436;2020-10-25;-48102
2020-10-24;"Žilinský kraj";803;0;0;0;NA;50506;803;2020-10-24;-48538
2020-10-23;"Žilinský kraj";659;102;13;115;NA;50506;672;2020-10-23;-49341
2020-10-22;"Žilinský kraj";525;33;3;36;NA;50506;528;2020-10-22;-50013
2020-10-21;"Žilinský kraj";478;74;14;88;NA;50506;492;2020-10-21;-50541
2020-10-20;"Žilinský kraj";524;127;8;135;NA;50506;532;2020-10-20;-51033
2020-10-19;"Žilinský kraj";70;80;12;92;NA;50506;82;2020-10-19;-51565
2020-10-18;"Žilinský kraj";159;0;0;0;NA;50506;159;2020-10-18;-51647
2020-10-17;"Žilinský kraj";509;0;0;0;NA;50506;509;2020-10-17;-51806
2020-10-16;"Žilinský kraj";603;51;9;60;NA;50506;612;2020-10-16;-52315
2020-10-15;"Žilinský kraj";679;61;3;64;NA;50506;682;2020-10-15;-52927
2020-10-14;"Žilinský kraj";523;269;6;275;NA;50506;529;2020-10-14;-53609
2020-10-13;"Žilinský kraj";367;458;40;498;NA;50506;407;2020-10-13;-54138
2020-10-12;"Žilinský kraj";62;0;0;0;NA;50506;62;2020-10-12;-54545
2020-10-11;"Žilinský kraj";50;0;0;0;NA;50506;50;2020-10-11;-54607
2020-10-10;"Žilinský kraj";213;0;0;0;NA;50506;213;2020-10-10;-54657
2020-10-09;"Žilinský kraj";543;0;0;0;NA;50506;543;2020-10-09;-54870
2020-10-08;"Žilinský kraj";238;0;0;0;NA;50506;238;2020-10-08;-55413
2020-10-07;"Žilinský kraj";168;0;0;0;NA;50506;168;2020-10-07;-55651
2020-10-06;"Žilinský kraj";233;0;0;0;NA;50506;233;2020-10-06;-55819
2020-10-05;"Žilinský kraj";33;0;0;0;NA;50506;33;2020-10-05;-56052
2020-10-04;"Žilinský kraj";35;0;0;0;NA;50506;35;2020-10-04;-56085
2020-10-03;"Žilinský kraj";155;0;0;0;NA;50506;155;2020-10-03;-56120
2020-10-02;"Žilinský kraj";105;0;0;0;NA;50506;105;2020-10-02;-56275
2020-10-01;"Žilinský kraj";147;0;0;0;NA;50506;147;2020-10-01;-56380
2020-09-30;"Žilinský kraj";163;0;0;0;NA;50506;163;2020-09-30;-56527
2020-09-29;"Žilinský kraj";105;0;0;0;NA;50506;105;2020-09-29;-56690
2020-09-28;"Žilinský kraj";34;0;0;0;NA;50506;34;2020-09-28;-56795
2020-09-27;"Žilinský kraj";108;0;0;0;NA;50506;108;2020-09-27;-56829
2020-09-26;"Žilinský kraj";96;0;0;0;NA;50506;96;2020-09-26;-56937
2020-09-25;"Žilinský kraj";69;0;0;0;NA;50506;69;2020-09-25;-57033
2020-09-24;"Žilinský kraj";100;0;0;0;NA;50506;100;2020-09-24;-57102
2020-09-23;"Žilinský kraj";65;0;0;0;NA;50506;65;2020-09-23;-57202
2020-09-22;"Žilinský kraj";65;0;0;0;NA;50506;65;2020-09-22;-57267
2020-09-21;"Žilinský kraj";47;0;0;0;NA;50506;47;2020-09-21;-57332
2020-09-20;"Žilinský kraj";4;0;0;0;NA;50506;4;2020-09-20;-57379
2020-09-19;"Žilinský kraj";6;0;0;0;NA;50506;6;2020-09-19;-57383
2020-09-18;"Žilinský kraj";82;0;0;0;NA;50506;82;2020-09-18;-57389
2020-09-17;"Žilinský kraj";30;0;0;0;NA;50506;30;2020-09-17;-57471
2020-09-16;"Žilinský kraj";34;0;0;0;NA;50506;34;2020-09-16;-57501
2020-09-15;"Žilinský kraj";12;0;0;0;NA;50506;12;2020-09-15;-57535
2020-09-14;"Žilinský kraj";39;0;0;0;NA;50506;39;2020-09-14;-57547
2020-09-13;"Žilinský kraj";6;0;0;0;NA;50506;6;2020-09-13;-57586
2020-09-12;"Žilinský kraj";4;0;0;0;NA;50506;4;2020-09-12;-57592
2020-09-11;"Žilinský kraj";31;0;0;0;NA;50506;31;2020-09-11;-57596
2020-09-10;"Žilinský kraj";31;0;0;0;NA;50506;31;2020-09-10;-57627
2020-09-09;"Žilinský kraj";23;0;0;0;NA;50506;23;2020-09-09;-57658
2020-09-08;"Žilinský kraj";25;0;0;0;NA;50506;25;2020-09-08;-57681
2020-09-07;"Žilinský kraj";11;0;0;0;NA;50506;11;2020-09-07;-57706
2020-09-06;"Žilinský kraj";0;0;0;0;NA;50506;0;2020-09-06;-57717
2020-09-05;"Žilinský kraj";2;0;0;0;NA;50506;2;2020-09-05;-57717
2020-09-04;"Žilinský kraj";33;0;0;0;NA;50506;33;2020-09-04;-57719
2020-09-03;"Žilinský kraj";18;0;0;0;NA;50506;18;2020-09-03;-57752
2020-09-02;"Žilinský kraj";16;0;0;0;NA;50506;16;2020-09-02;-57770
2020-09-01;"Žilinský kraj";4;0;0;0;NA;50506;4;2020-09-01;-57786
2020-08-31;"Žilinský kraj";5;0;0;0;NA;50506;5;2020-08-31;-57790
2020-08-30;"Žilinský kraj";3;0;0;0;NA;50506;3;2020-08-30;-57795
2020-08-29;"Žilinský kraj";5;0;0;0;NA;50506;5;2020-08-29;-57798
2020-08-28;"Žilinský kraj";13;0;0;0;NA;50506;13;2020-08-28;-57803
2020-08-27;"Žilinský kraj";18;0;0;0;NA;50506;18;2020-08-27;-57816
2020-08-26;"Žilinský kraj";8;0;0;0;NA;50506;8;2020-08-26;-57834
2020-08-25;"Žilinský kraj";2;0;0;0;NA;50506;2;2020-08-25;-57842
2020-08-24;"Žilinský kraj";5;0;0;0;NA;50506;5;2020-08-24;-57844
2020-08-23;"Žilinský kraj";0;0;0;0;NA;50506;0;2020-08-23;-57849
2020-08-22;"Žilinský kraj";0;0;0;0;NA;50506;0;2020-08-22;-57849
2020-08-21;"Žilinský kraj";10;0;0;0;NA;50506;10;2020-08-21;-57849
2020-08-20;"Žilinský kraj";13;0;0;0;NA;50506;13;2020-08-20;-57859
2020-08-19;"Žilinský kraj";7;0;0;0;NA;50506;7;2020-08-19;-57872
2020-08-18;"Žilinský kraj";9;0;0;0;NA;50506;9;2020-08-18;-57879
2020-08-17;"Žilinský kraj";1;0;0;0;NA;50506;1;2020-08-17;-57888
2020-08-16;"Žilinský kraj";0;0;0;0;NA;50506;0;2020-08-16;-57889
2020-08-15;"Žilinský kraj";0;0;0;0;NA;50506;0;2020-08-15;-57889
2020-08-14;"Žilinský kraj";4;0;0;0;NA;50506;4;2020-08-14;-57889
2020-08-13;"Žilinský kraj";2;0;0;0;NA;50506;2;2020-08-13;-57893
2020-08-12;"Žilinský kraj";0;0;0;0;NA;50506;0;2020-08-12;-57895
2020-08-11;"Žilinský kraj";4;0;0;0;NA;50506;4;2020-08-11;-57895
2020-08-10;"Žilinský kraj";1;0;0;0;NA;50506;1;2020-08-10;-57899
2020-08-09;"Žilinský kraj";0;0;0;0;NA;50506;0;2020-08-09;-57900
2020-08-08;"Žilinský kraj";3;0;0;0;NA;50506;3;2020-08-08;-57900
2020-08-07;"Žilinský kraj";8;0;0;0;NA;50506;8;2020-08-07;-57903
2020-08-06;"Žilinský kraj";1;0;0;0;NA;50506;1;2020-08-06;-57911
2020-08-05;"Žilinský kraj";1;0;0;0;NA;50506;1;2020-08-05;-57912
2020-08-04;"Žilinský kraj";2;0;0;0;NA;50506;2;2020-08-04;-57913
2020-08-03;"Žilinský kraj";0;0;0;0;NA;50506;0;2020-08-03;-57915
2020-08-02;"Žilinský kraj";1;0;0;0;NA;50506;1;2020-08-02;-57915
2020-08-01;"Žilinský kraj";0;0;0;0;NA;50506;0;2020-08-01;-57916
2020-07-31;"Žilinský kraj";4;0;0;0;NA;50506;4;2020-07-31;-57916
2020-07-30;"Žilinský kraj";2;0;0;0;NA;50506;2;2020-07-30;-57920
2020-07-29;"Žilinský kraj";2;0;0;0;NA;50506;2;2020-07-29;-57922
2020-07-28;"Žilinský kraj";4;0;0;0;NA;50506;4;2020-07-28;-57924
2020-07-27;"Žilinský kraj";6;0;0;0;NA;50506;6;2020-07-27;-57928
2020-07-26;"Žilinský kraj";0;0;0;0;NA;50506;0;2020-07-26;-57934
2020-07-25;"Žilinský kraj";0;0;0;0;NA;50506;0;2020-07-25;-57934
2020-07-24;"Žilinský kraj";2;0;0;0;NA;50506;2;2020-07-24;-57934
2020-07-23;"Žilinský kraj";0;0;0;0;NA;50506;0;2020-07-23;-57936
2020-07-22;"Žilinský kraj";1;0;0;0;NA;50506;1;2020-07-22;-57936
2020-07-21;"Žilinský kraj";2;0;0;0;NA;50506;2;2020-07-21;-57937
2020-07-20;"Žilinský kraj";3;0;0;0;NA;50506;3;2020-07-20;-57939
2020-07-19;"Žilinský kraj";0;0;0;0;NA;50506;0;2020-07-19;-57942
2020-07-18;"Žilinský kraj";0;0;0;0;NA;50506;0;2020-07-18;-57942
2020-07-17;"Žilinský kraj";2;0;0;0;NA;50506;2;2020-07-17;-57942
2020-07-16;"Žilinský kraj";2;0;0;0;NA;50506;2;2020-07-16;-57944
2020-07-15;"Žilinský kraj";2;0;0;0;NA;50506;2;2020-07-15;-57946
2020-07-14;"Žilinský kraj";1;0;0;0;NA;50506;1;2020-07-14;-57948
2020-07-13;"Žilinský kraj";0;0;0;0;NA;50506;0;2020-07-13;-57949
2020-07-12;"Žilinský kraj";0;0;0;0;NA;50506;0;2020-07-12;-57949
2020-07-11;"Žilinský kraj";2;0;0;0;NA;50506;2;2020-07-11;-57949
2020-07-10;"Žilinský kraj";3;0;0;0;NA;50506;3;2020-07-10;-57951
2020-07-09;"Žilinský kraj";2;0;0;0;NA;50506;2;2020-07-09;-57954
2020-07-08;"Žilinský kraj";10;0;0;0;NA;50506;10;2020-07-08;-57956
2020-07-07;"Žilinský kraj";7;0;0;0;NA;50506;7;2020-07-07;-57966
2020-07-06;"Žilinský kraj";0;0;0;0;NA;50506;0;2020-07-06;-57973
2020-07-05;"Žilinský kraj";0;0;0;0;NA;50506;0;2020-07-05;-57973
2020-07-04;"Žilinský kraj";10;0;0;0;NA;50506;10;2020-07-04;-57973
2020-07-03;"Žilinský kraj";18;0;0;0;NA;50506;18;2020-07-03;-57983
2020-07-02;"Žilinský kraj";7;0;0;0;NA;50506;7;2020-07-02;-58001
2020-07-01;"Žilinský kraj";0;0;0;0;NA;50506;0;2020-07-01;-58008
2020-06-30;"Žilinský kraj";4;0;0;0;NA;50506;4;2020-06-30;-58008
2020-06-29;"Žilinský kraj";0;0;0;0;NA;50506;0;2020-06-29;-58012
2020-06-28;"Žilinský kraj";1;0;0;0;NA;50506;1;2020-06-28;-58012
2020-06-27;"Žilinský kraj";3;0;0;0;NA;50506;3;2020-06-27;-58013
2020-06-26;"Žilinský kraj";5;0;0;0;NA;50506;5;2020-06-26;-58016
2020-06-25;"Žilinský kraj";7;0;0;0;NA;50506;7;2020-06-25;-58021
2020-06-24;"Žilinský kraj";11;0;0;0;NA;50506;11;2020-06-24;-58028
2020-06-23;"Žilinský kraj";9;0;0;0;NA;50506;9;2020-06-23;-58039
2020-06-22;"Žilinský kraj";0;0;0;0;NA;50506;0;2020-06-22;-58048
2020-06-21;"Žilinský kraj";1;0;0;0;NA;50506;1;2020-06-21;-58048
2020-06-20;"Žilinský kraj";1;0;0;0;NA;50506;1;2020-06-20;-58049
2020-06-19;"Žilinský kraj";4;0;0;0;NA;50506;4;2020-06-19;-58050
2020-06-18;"Žilinský kraj";1;0;0;0;NA;50506;1;2020-06-18;-58054
2020-06-17;"Žilinský kraj";0;0;0;0;NA;50506;0;2020-06-17;-58055
2020-06-16;"Žilinský kraj";1;0;0;0;NA;50506;1;2020-06-16;-58055
2020-06-14;"Žilinský kraj";0;0;0;0;NA;50506;0;2020-06-14;-58056
2020-06-13;"Žilinský kraj";0;0;0;0;NA;50506;0;2020-06-13;-58056
2020-06-12;"Žilinský kraj";0;0;0;0;NA;50506;0;2020-06-12;-58056
2020-06-11;"Žilinský kraj";0;0;0;0;NA;50506;0;2020-06-11;-58056
2020-06-10;"Žilinský kraj";0;0;0;0;NA;50506;0;2020-06-10;-58056
2020-06-09;"Žilinský kraj";1;0;0;0;NA;50506;1;2020-06-09;-58056
2020-06-08;"Žilinský kraj";0;0;0;0;NA;50506;0;2020-06-08;-58057
2020-06-07;"Žilinský kraj";0;0;0;0;NA;50506;0;2020-06-07;-58057
2020-06-05;"Žilinský kraj";0;0;0;0;NA;50506;0;2020-06-05;-58057
2020-06-03;"Žilinský kraj";0;0;0;0;NA;50506;0;2020-06-03;-58057
2020-06-02;"Žilinský kraj";0;0;0;0;NA;50506;0;2020-06-02;-58057
2020-05-31;"Žilinský kraj";0;0;0;0;NA;50506;0;2020-05-31;-58057
2020-05-29;"Žilinský kraj";0;0;0;0;NA;50506;0;2020-05-29;-58057
2020-05-27;"Žilinský kraj";1;0;0;0;NA;50506;1;2020-05-27;-58057
2020-05-26;"Žilinský kraj";1;0;0;0;NA;50506;1;2020-05-26;-58058
2020-05-25;"Žilinský kraj";0;0;0;0;NA;50506;0;2020-05-25;-58059
2020-05-24;"Žilinský kraj";0;0;0;0;NA;50506;0;2020-05-24;-58059
2020-05-23;"Žilinský kraj";0;0;0;0;NA;50506;0;2020-05-23;-58059
2020-05-22;"Žilinský kraj";0;0;0;0;NA;50506;0;2020-05-22;-58059
2020-05-21;"Žilinský kraj";0;0;0;0;NA;50506;0;2020-05-21;-58059
2020-05-20;"Žilinský kraj";0;0;0;0;NA;50506;0;2020-05-20;-58059
2020-05-19;"Žilinský kraj";1;0;0;0;NA;50506;1;2020-05-19;-58059
2020-05-17;"Žilinský kraj";0;0;0;0;NA;50506;0;2020-05-17;-58060
2020-05-16;"Žilinský kraj";0;0;0;0;NA;50506;0;2020-05-16;-58060
2020-05-15;"Žilinský kraj";0;0;0;0;NA;50506;0;2020-05-15;-58060
2020-05-14;"Žilinský kraj";0;0;0;0;NA;50506;0;2020-05-14;-58060
2020-05-13;"Žilinský kraj";0;0;0;0;NA;50506;0;2020-05-13;-58060
2020-05-12;"Žilinský kraj";0;0;0;0;NA;50506;0;2020-05-12;-58060
2020-05-11;"Žilinský kraj";0;0;0;0;NA;50506;0;2020-05-11;-58060
2020-05-09;"Žilinský kraj";0;0;0;0;NA;50506;0;2020-05-09;-58060
2020-05-07;"Žilinský kraj";0;0;0;0;NA;50506;0;2020-05-07;-58060
2020-05-06;"Žilinský kraj";2;0;0;0;NA;50506;2;2020-05-06;-58060
2020-05-05;"Žilinský kraj";3;0;0;0;NA;50506;3;2020-05-05;-58062
2020-05-04;"Žilinský kraj";3;0;0;0;NA;50506;3;2020-05-04;-58065
2020-05-03;"Žilinský kraj";1;0;0;0;NA;50506;1;2020-05-03;-58068
2020-05-02;"Žilinský kraj";0;0;0;0;NA;50506;0;2020-05-02;-58069
2020-05-01;"Žilinský kraj";1;0;0;0;NA;50506;1;2020-05-01;-58069
2020-04-30;"Žilinský kraj";0;0;0;0;NA;50506;0;2020-04-30;-58070
2020-04-29;"Žilinský kraj";0;0;0;0;NA;50506;0;2020-04-29;-58070
2020-04-28;"Žilinský kraj";0;0;0;0;NA;50506;0;2020-04-28;-58070
2020-04-27;"Žilinský kraj";0;0;0;0;NA;50506;0;2020-04-27;-58070
2020-04-26;"Žilinský kraj";0;0;0;0;NA;50506;0;2020-04-26;-58070
2020-04-25;"Žilinský kraj";2;0;0;0;NA;50506;2;2020-04-25;-58070
2020-04-24;"Žilinský kraj";1;0;0;0;NA;50506;1;2020-04-24;-58072
2020-04-23;"Žilinský kraj";2;0;0;0;NA;50506;2;2020-04-23;-58073
2020-04-22;"Žilinský kraj";9;0;0;0;NA;50506;9;2020-04-22;-58075
2020-04-21;"Žilinský kraj";1;0;0;0;NA;50506;1;2020-04-21;-58084
2020-04-20;"Žilinský kraj";4;0;0;0;NA;50506;4;2020-04-20;-58085
2020-04-19;"Žilinský kraj";0;0;0;0;NA;50506;0;2020-04-19;-58089
2020-04-18;"Žilinský kraj";49;0;0;0;NA;50506;49;2020-04-18;-58089
2020-04-17;"Žilinský kraj";3;0;0;0;NA;50506;3;2020-04-17;-58138
2020-04-16;"Žilinský kraj";4;0;0;0;NA;50506;4;2020-04-16;-58141
2020-04-15;"Žilinský kraj";7;0;0;0;NA;50506;7;2020-04-15;-58145
2020-04-14;"Žilinský kraj";1;0;0;0;NA;50506;1;2020-04-14;-58152
2020-04-13;"Žilinský kraj";2;0;0;0;NA;50506;2;2020-04-13;-58153
2020-04-12;"Žilinský kraj";5;0;0;0;NA;50506;5;2020-04-12;-58155
2020-04-11;"Žilinský kraj";2;0;0;0;NA;50506;2;2020-04-11;-58160
2020-04-10;"Žilinský kraj";1;0;0;0;NA;50506;1;2020-04-10;-58162
2020-04-09;"Žilinský kraj";1;0;0;0;NA;50506;1;2020-04-09;-58163
2020-04-08;"Žilinský kraj";3;0;0;0;NA;50506;3;2020-04-08;-58164
2020-04-07;"Žilinský kraj";5;0;0;0;NA;50506;5;2020-04-07;-58167
2020-04-06;"Žilinský kraj";6;0;0;0;NA;50506;6;2020-04-06;-58172
2020-04-05;"Žilinský kraj";8;0;0;0;NA;50506;8;2020-04-05;-58178
2020-04-04;"Žilinský kraj";0;0;0;0;NA;50506;0;2020-04-04;-58186
2020-04-03;"Žilinský kraj";3;0;0;0;NA;50506;3;2020-04-03;-58186
2020-04-02;"Žilinský kraj";5;0;0;0;NA;50506;5;2020-04-02;-58189
2020-04-01;"Žilinský kraj";4;0;0;0;NA;50506;4;2020-04-01;-58194
2020-03-31;"Žilinský kraj";1;0;0;0;NA;50506;1;2020-03-31;-58198
2020-03-30;"Žilinský kraj";3;0;0;0;NA;50506;3;2020-03-30;-58199
2020-03-29;"Žilinský kraj";0;0;0;0;NA;50506;0;2020-03-29;-58202
2020-03-28;"Žilinský kraj";1;0;0;0;NA;50506;1;2020-03-28;-58202
2020-03-27;"Žilinský kraj";9;0;0;0;NA;50506;9;2020-03-27;-58203
2020-03-26;"Žilinský kraj";4;0;0;0;NA;50506;4;2020-03-26;-58212
2020-03-25;"Žilinský kraj";1;0;0;0;NA;50506;1;2020-03-25;-58216
2020-03-24;"Žilinský kraj";2;0;0;0;NA;50506;2;2020-03-24;-58217
2020-03-23;"Žilinský kraj";3;0;0;0;NA;50506;3;2020-03-23;-58219
2020-03-22;"Žilinský kraj";1;0;0;0;NA;50506;1;2020-03-22;-58222
2020-03-21;"Žilinský kraj";2;0;0;0;NA;50506;2;2020-03-21;-58223
2020-03-20;"Žilinský kraj";4;0;0;0;NA;50506;4;2020-03-20;-58225
2020-03-19;"Žilinský kraj";2;0;0;0;NA;50506;2;2020-03-19;-58229
2020-03-18;"Žilinský kraj";1;0;0;0;NA;50506;1;2020-03-18;-58231
2020-03-17;"Žilinský kraj";5;0;0;0;NA;50506;5;2020-03-17;-58232
2020-03-16;"Žilinský kraj";1;0;0;0;NA;50506;1;2020-03-16;-58237
2020-03-15;"Žilinský kraj";2;0;0;0;NA;50506;2;2020-03-15;-58238
2020-03-14;"Žilinský kraj";1;0;0;0;NA;50506;1;2020-03-14;-58240
2020-03-13;"Žilinský kraj";5;0;0;0;NA;50506;5;2020-03-13;-58241
2020-03-12;"Žilinský kraj";1;0;0;0;NA;50506;1;2020-03-12;-58246
2020-03-11;"Žilinský kraj";0;0;0;0;NA;50506;0;2020-03-11;-58247
2020-03-09;"Žilinský kraj";1;0;0;0;NA;50506;1;2020-03-09;-58247
2020-03-08;"Žilinský kraj";0;0;0;0;NA;50506;0;2020-03-08;-58248
2020-03-07;"Žilinský kraj";0;0;0;0;NA;50506;0;2020-03-07;-58248
2020-03-06;"Žilinský kraj";0;0;0;0;NA;50506;0;2020-03-06;-58248
