"Datum";"Region";"PCR_Pos";"Ag_Neg";"Ag_Pos";"Total";"Pocet.potvrdenych";"Potvrdenych";"newcases";"date";"positive"
2022-02-15;"Banskobystrický kraj";2287;3936;520;4456;128894;204543;2807;2022-02-15;204543
2022-02-14;"Banskobystrický kraj";2071;6707;841;7548;NA;204543;2912;2022-02-14;201736
2022-02-13;"Banskobystrický kraj";577;2050;408;2458;NA;204543;985;2022-02-13;198824
2022-02-12;"Banskobystrický kraj";1308;823;271;1094;NA;204543;1579;2022-02-12;197839
2022-02-11;"Banskobystrický kraj";2684;3816;555;4371;NA;204543;3239;2022-02-11;196260
2022-02-10;"Banskobystrický kraj";1765;5732;567;6299;NA;204543;2332;2022-02-10;193021
2022-02-09;"Banskobystrický kraj";2544;3767;569;4336;NA;204543;3113;2022-02-09;190689
2022-02-08;"Banskobystrický kraj";1806;4416;537;4953;NA;204543;2343;2022-02-08;187576
2022-02-07;"Banskobystrický kraj";1683;7384;728;8112;NA;204543;2411;2022-02-07;185233
2022-02-06;"Banskobystrický kraj";604;2244;392;2636;NA;204543;996;2022-02-06;182822
2022-02-05;"Banskobystrický kraj";1032;1434;233;1667;NA;204543;1265;2022-02-05;181826
2022-02-04;"Banskobystrický kraj";1866;3745;438;4183;NA;204543;2304;2022-02-04;180561
2022-02-03;"Banskobystrický kraj";1561;5431;359;5790;NA;204543;1920;2022-02-03;178257
2022-02-02;"Banskobystrický kraj";1716;4778;395;5173;NA;204543;2111;2022-02-02;176337
2022-02-01;"Banskobystrický kraj";1918;4557;410;4967;NA;204543;2328;2022-02-01;174226
2022-01-31;"Banskobystrický kraj";779;9006;553;9559;NA;204543;1332;2022-01-31;171898
2022-01-30;"Banskobystrický kraj";412;3055;267;3322;NA;204543;679;2022-01-30;170566
2022-01-29;"Banskobystrický kraj";981;1155;174;1329;NA;204543;1155;2022-01-29;169887
2022-01-28;"Banskobystrický kraj";1040;3814;313;4127;NA;204543;1353;2022-01-28;168732
2022-01-27;"Banskobystrický kraj";1035;4955;225;5180;NA;204543;1260;2022-01-27;167379
2022-01-26;"Banskobystrický kraj";1060;4035;213;4248;NA;204543;1273;2022-01-26;166119
2022-01-25;"Banskobystrický kraj";1001;6118;257;6375;NA;204543;1258;2022-01-25;164846
2022-01-24;"Banskobystrický kraj";557;10186;257;10443;NA;204543;814;2022-01-24;163588
2022-01-23;"Banskobystrický kraj";246;3710;129;3839;NA;204543;375;2022-01-23;162774
2022-01-22;"Banskobystrický kraj";411;1077;64;1141;NA;204543;475;2022-01-22;162399
2022-01-21;"Banskobystrický kraj";578;3491;113;3604;NA;204543;691;2022-01-21;161924
2022-01-20;"Banskobystrický kraj";490;3809;91;3900;NA;204543;581;2022-01-20;161233
2022-01-19;"Banskobystrický kraj";421;4173;98;4271;NA;204543;519;2022-01-19;160652
2022-01-18;"Banskobystrický kraj";517;4737;95;4832;NA;204543;612;2022-01-18;160133
2022-01-17;"Banskobystrický kraj";269;8099;114;8213;NA;204543;383;2022-01-17;159521
2022-01-16;"Banskobystrický kraj";63;2746;84;2830;NA;204543;147;2022-01-16;159138
2022-01-15;"Banskobystrický kraj";287;858;16;874;NA;204543;303;2022-01-15;158991
2022-01-14;"Banskobystrický kraj";165;2758;67;2825;NA;204543;232;2022-01-14;158688
2022-01-13;"Banskobystrický kraj";182;3411;57;3468;NA;204543;239;2022-01-13;158456
2022-01-12;"Banskobystrický kraj";241;3787;67;3854;NA;204543;308;2022-01-12;158217
2022-01-11;"Banskobystrický kraj";327;4970;74;5044;NA;204543;401;2022-01-11;157909
2022-01-10;"Banskobystrický kraj";219;7978;108;8086;NA;204543;327;2022-01-10;157508
2022-01-09;"Banskobystrický kraj";54;3514;38;3552;NA;204543;92;2022-01-09;157181
2022-01-08;"Banskobystrický kraj";177;1054;40;1094;NA;204543;217;2022-01-08;157089
2022-01-07;"Banskobystrický kraj";320;3087;86;3173;NA;204543;406;2022-01-07;156872
2022-01-06;"Banskobystrický kraj";101;985;21;1006;NA;204543;122;2022-01-06;156466
2022-01-05;"Banskobystrický kraj";376;2852;67;2919;NA;204543;443;2022-01-05;156344
2022-01-04;"Banskobystrický kraj";458;4194;72;4266;NA;204543;530;2022-01-04;155901
2022-01-03;"Banskobystrický kraj";420;8216;115;8331;NA;204543;535;2022-01-03;155371
2022-01-02;"Banskobystrický kraj";117;2239;95;2334;NA;204543;212;2022-01-02;154836
2022-01-01;"Banskobystrický kraj";33;80;4;84;NA;204543;37;2022-01-01;154624
2021-12-31;"Banskobystrický kraj";316;1803;68;1871;NA;204543;384;2021-12-31;154587
2021-12-30;"Banskobystrický kraj";308;2833;88;2921;NA;204543;396;2021-12-30;154203
2021-12-29;"Banskobystrický kraj";390;2448;83;2531;NA;204543;473;2021-12-29;153807
2021-12-28;"Banskobystrický kraj";492;2902;95;2997;NA;204543;587;2021-12-28;153334
2021-12-27;"Banskobystrický kraj";397;5029;203;5232;NA;204543;600;2021-12-27;152747
2021-12-26;"Banskobystrický kraj";76;1245;62;1307;NA;204543;138;2021-12-26;152147
2021-12-25;"Banskobystrický kraj";107;373;45;418;NA;204543;152;2021-12-25;152009
2021-12-24;"Banskobystrický kraj";116;213;10;223;NA;204543;126;2021-12-24;151857
2021-12-23;"Banskobystrický kraj";429;3501;107;3608;NA;204543;536;2021-12-23;151731
2021-12-22;"Banskobystrický kraj";393;3394;106;3500;NA;204543;499;2021-12-22;151195
2021-12-21;"Banskobystrický kraj";508;4173;88;4261;NA;204543;596;2021-12-21;150696
2021-12-20;"Banskobystrický kraj";424;7610;186;7796;NA;204543;610;2021-12-20;150100
2021-12-19;"Banskobystrický kraj";39;2681;87;2768;NA;204543;126;2021-12-19;149490
2021-12-18;"Banskobystrický kraj";333;1036;67;1103;NA;204543;400;2021-12-18;149364
2021-12-17;"Banskobystrický kraj";465;3805;102;3907;NA;204543;567;2021-12-17;148964
2021-12-16;"Banskobystrický kraj";499;4278;116;4394;NA;204543;615;2021-12-16;148397
2021-12-15;"Banskobystrický kraj";554;4772;102;4874;NA;204543;656;2021-12-15;147782
2021-12-14;"Banskobystrický kraj";729;4610;108;4718;NA;204543;837;2021-12-14;147126
2021-12-13;"Banskobystrický kraj";470;8201;222;8423;NA;204543;692;2021-12-13;146289
2021-12-12;"Banskobystrický kraj";161;3332;101;3433;NA;204543;262;2021-12-12;145597
2021-12-11;"Banskobystrický kraj";568;1166;82;1248;NA;204543;650;2021-12-11;145335
2021-12-10;"Banskobystrický kraj";731;4033;185;4218;NA;204543;916;2021-12-10;144685
2021-12-09;"Banskobystrický kraj";652;4381;139;4520;NA;204543;791;2021-12-09;143769
2021-12-08;"Banskobystrický kraj";1087;4100;169;4269;NA;204543;1256;2021-12-08;142978
2021-12-07;"Banskobystrický kraj";1104;5410;201;5611;NA;204543;1305;2021-12-07;141722
2021-12-06;"Banskobystrický kraj";647;9096;318;9414;NA;204543;965;2021-12-06;140417
2021-12-05;"Banskobystrický kraj";217;3421;152;3573;NA;204543;369;2021-12-05;139452
2021-12-04;"Banskobystrický kraj";654;1334;131;1465;NA;204543;785;2021-12-04;139083
2021-12-03;"Banskobystrický kraj";1117;5057;246;5303;NA;204543;1363;2021-12-03;138298
2021-12-02;"Banskobystrický kraj";1710;5255;258;5513;NA;204543;1968;2021-12-02;136935
2021-12-01;"Banskobystrický kraj";947;4753;264;5017;NA;204543;1211;2021-12-01;134967
2021-11-30;"Banskobystrický kraj";1266;6543;245;6788;NA;204543;1511;2021-11-30;133756
2021-11-29;"Banskobystrický kraj";591;10653;468;11121;NA;204543;1059;2021-11-29;132245
2021-11-28;"Banskobystrický kraj";418;4289;216;4505;NA;204543;634;2021-11-28;131186
2021-11-27;"Banskobystrický kraj";827;1781;208;1989;NA;204543;1035;2021-11-27;130552
2021-11-26;"Banskobystrický kraj";963;4771;354;5125;NA;204543;1317;2021-11-26;129517
2021-11-25;"Banskobystrický kraj";1110;5911;350;6261;NA;204543;1460;2021-11-25;128200
2021-11-24;"Banskobystrický kraj";1387;5956;325;6281;NA;204543;1712;2021-11-24;126740
2021-11-23;"Banskobystrický kraj";1436;6082;377;6459;NA;204543;1813;2021-11-23;125028
2021-11-22;"Banskobystrický kraj";489;8727;579;9306;NA;204543;1068;2021-11-22;123215
2021-11-21;"Banskobystrický kraj";408;4109;305;4414;NA;204543;713;2021-11-21;122147
2021-11-20;"Banskobystrický kraj";985;1758;199;1957;NA;204543;1184;2021-11-20;121434
2021-11-19;"Banskobystrický kraj";1006;4886;470;5356;NA;204543;1476;2021-11-19;120250
2021-11-18;"Banskobystrický kraj";979;8037;618;8655;NA;204543;1597;2021-11-18;118774
2021-11-17;"Banskobystrický kraj";772;1051;147;1198;NA;204543;919;2021-11-17;117177
2021-11-16;"Banskobystrický kraj";1130;5473;453;5926;NA;204543;1583;2021-11-16;116258
2021-11-15;"Banskobystrický kraj";749;7884;588;8472;NA;204543;1337;2021-11-15;114675
2021-11-14;"Banskobystrický kraj";311;2629;302;2931;NA;204543;613;2021-11-14;113338
2021-11-13;"Banskobystrický kraj";761;1471;214;1685;NA;204543;975;2021-11-13;112725
2021-11-12;"Banskobystrický kraj";972;5019;434;5453;NA;204543;1406;2021-11-12;111750
2021-11-11;"Banskobystrický kraj";1023;5584;345;5929;NA;204543;1368;2021-11-11;110344
2021-11-10;"Banskobystrický kraj";950;4713;333;5046;NA;204543;1283;2021-11-10;108976
2021-11-09;"Banskobystrický kraj";921;4616;283;4899;NA;204543;1204;2021-11-09;107693
2021-11-08;"Banskobystrický kraj";519;7249;488;7737;NA;204543;1007;2021-11-08;106489
2021-11-07;"Banskobystrický kraj";460;2479;258;2737;NA;204543;718;2021-11-07;105482
2021-11-06;"Banskobystrický kraj";505;1344;170;1514;NA;204543;675;2021-11-06;104764
2021-11-05;"Banskobystrický kraj";997;4773;342;5115;NA;204543;1339;2021-11-05;104089
2021-11-04;"Banskobystrický kraj";1086;4811;248;5059;NA;204543;1334;2021-11-04;102750
2021-11-03;"Banskobystrický kraj";976;4825;330;5155;NA;204543;1306;2021-11-03;101416
2021-11-02;"Banskobystrický kraj";538;5709;492;6201;NA;204543;1030;2021-11-02;100110
2021-11-01;"Banskobystrický kraj";390;1178;132;1310;NA;204543;522;2021-11-01;99080
2021-10-31;"Banskobystrický kraj";150;1700;210;1910;NA;204543;360;2021-10-31;98558
2021-10-30;"Banskobystrický kraj";449;1508;140;1648;NA;204543;589;2021-10-30;98198
2021-10-29;"Banskobystrický kraj";780;4178;286;4464;NA;204543;1066;2021-10-29;97609
2021-10-28;"Banskobystrický kraj";744;4182;247;4429;NA;204543;991;2021-10-28;96543
2021-10-27;"Banskobystrický kraj";664;4577;233;4810;NA;204543;897;2021-10-27;95552
2021-10-26;"Banskobystrický kraj";700;3673;187;3860;NA;204543;887;2021-10-26;94655
2021-10-25;"Banskobystrický kraj";376;5478;257;5735;NA;204543;633;2021-10-25;93768
2021-10-24;"Banskobystrický kraj";161;1707;143;1850;NA;204543;304;2021-10-24;93135
2021-10-23;"Banskobystrický kraj";238;1286;79;1365;NA;204543;317;2021-10-23;92831
2021-10-22;"Banskobystrický kraj";530;3816;185;4001;NA;204543;715;2021-10-22;92514
2021-10-21;"Banskobystrický kraj";416;4128;140;4268;NA;204543;556;2021-10-21;91799
2021-10-20;"Banskobystrický kraj";387;3615;123;3738;NA;204543;510;2021-10-20;91243
2021-10-19;"Banskobystrický kraj";419;4094;103;4197;NA;204543;522;2021-10-19;90733
2021-10-18;"Banskobystrický kraj";162;5286;175;5461;NA;204543;337;2021-10-18;90211
2021-10-17;"Banskobystrický kraj";26;1555;71;1626;NA;204543;97;2021-10-17;89874
2021-10-16;"Banskobystrický kraj";162;1387;50;1437;NA;204543;212;2021-10-16;89777
2021-10-15;"Banskobystrický kraj";187;3693;81;3774;NA;204543;268;2021-10-15;89565
2021-10-14;"Banskobystrický kraj";198;3705;47;3752;NA;204543;245;2021-10-14;89297
2021-10-13;"Banskobystrický kraj";217;3068;55;3123;NA;204543;272;2021-10-13;89052
2021-10-12;"Banskobystrický kraj";301;3743;59;3802;NA;204543;360;2021-10-12;88780
2021-10-11;"Banskobystrický kraj";128;4734;96;4830;NA;204543;224;2021-10-11;88420
2021-10-10;"Banskobystrický kraj";26;1815;53;1868;NA;204543;79;2021-10-10;88196
2021-10-09;"Banskobystrický kraj";73;1122;27;1149;NA;204543;100;2021-10-09;88117
2021-10-08;"Banskobystrický kraj";239;3027;61;3088;NA;204543;300;2021-10-08;88017
2021-10-07;"Banskobystrický kraj";179;3437;42;3479;NA;204543;221;2021-10-07;87717
2021-10-06;"Banskobystrický kraj";136;3862;48;3910;NA;204543;184;2021-10-06;87496
2021-10-05;"Banskobystrický kraj";209;2979;54;3033;NA;204543;263;2021-10-05;87312
2021-10-04;"Banskobystrický kraj";126;3725;64;3789;NA;204543;190;2021-10-04;87049
2021-10-03;"Banskobystrický kraj";11;1407;34;1441;NA;204543;45;2021-10-03;86859
2021-10-02;"Banskobystrický kraj";66;1042;26;1068;NA;204543;92;2021-10-02;86814
2021-10-01;"Banskobystrický kraj";158;3228;51;3279;NA;204543;209;2021-10-01;86722
2021-09-30;"Banskobystrický kraj";120;3362;30;3392;NA;204543;150;2021-09-30;86513
2021-09-29;"Banskobystrický kraj";118;2626;40;2666;NA;204543;158;2021-09-29;86363
2021-09-28;"Banskobystrický kraj";112;3061;45;3106;NA;204543;157;2021-09-28;86205
2021-09-27;"Banskobystrický kraj";90;4456;72;4528;NA;204543;162;2021-09-27;86048
2021-09-26;"Banskobystrický kraj";17;1498;31;1529;NA;204543;48;2021-09-26;85886
2021-09-25;"Banskobystrický kraj";17;1481;7;1488;NA;204543;24;2021-09-25;85838
2021-09-24;"Banskobystrický kraj";98;4254;32;4286;NA;204543;130;2021-09-24;85814
2021-09-23;"Banskobystrický kraj";63;3019;13;3032;NA;204543;76;2021-09-23;85684
2021-09-22;"Banskobystrický kraj";75;2442;19;2461;NA;204543;94;2021-09-22;85608
2021-09-21;"Banskobystrický kraj";125;2976;20;2996;NA;204543;145;2021-09-21;85514
2021-09-20;"Banskobystrický kraj";45;3951;30;3981;NA;204543;75;2021-09-20;85369
2021-09-19;"Banskobystrický kraj";6;1456;24;1480;NA;204543;30;2021-09-19;85294
2021-09-18;"Banskobystrický kraj";44;1318;15;1333;NA;204543;59;2021-09-18;85264
2021-09-17;"Banskobystrický kraj";73;3485;32;3517;NA;204543;105;2021-09-17;85205
2021-09-16;"Banskobystrický kraj";95;3019;29;3048;NA;204543;124;2021-09-16;85100
2021-09-15;"Banskobystrický kraj";22;394;1;395;NA;204543;23;2021-09-15;84976
2021-09-14;"Banskobystrický kraj";95;2508;28;2536;NA;204543;123;2021-09-14;84953
2021-09-13;"Banskobystrický kraj";29;3206;28;3234;NA;204543;57;2021-09-13;84830
2021-09-12;"Banskobystrický kraj";7;958;15;973;NA;204543;22;2021-09-12;84773
2021-09-11;"Banskobystrický kraj";31;865;11;876;NA;204543;42;2021-09-11;84751
2021-09-10;"Banskobystrický kraj";59;2250;24;2274;NA;204543;83;2021-09-10;84709
2021-09-09;"Banskobystrický kraj";46;2011;17;2028;NA;204543;63;2021-09-09;84626
2021-09-08;"Banskobystrický kraj";46;1713;27;1740;NA;204543;73;2021-09-08;84563
2021-09-07;"Banskobystrický kraj";27;1422;21;1443;NA;204543;48;2021-09-07;84490
2021-09-06;"Banskobystrický kraj";26;2570;13;2583;NA;204543;39;2021-09-06;84442
2021-09-05;"Banskobystrický kraj";9;742;2;744;NA;204543;11;2021-09-05;84403
2021-09-04;"Banskobystrický kraj";14;745;10;755;NA;204543;24;2021-09-04;84392
2021-09-03;"Banskobystrický kraj";49;2116;22;2138;NA;204543;71;2021-09-03;84368
2021-09-02;"Banskobystrický kraj";19;1730;25;1755;NA;204543;44;2021-09-02;84297
2021-09-01;"Banskobystrický kraj";6;230;6;236;NA;204543;12;2021-09-01;84253
2021-08-31;"Banskobystrický kraj";18;1406;13;1419;NA;204543;31;2021-08-31;84241
2021-08-30;"Banskobystrický kraj";23;1867;10;1877;NA;204543;33;2021-08-30;84210
2021-08-29;"Banskobystrický kraj";0;351;5;356;NA;204543;5;2021-08-29;84177
2021-08-28;"Banskobystrický kraj";9;827;5;832;NA;204543;14;2021-08-28;84172
2021-08-27;"Banskobystrický kraj";7;1608;12;1620;NA;204543;19;2021-08-27;84158
2021-08-26;"Banskobystrický kraj";7;1161;2;1163;NA;204543;9;2021-08-26;84139
2021-08-25;"Banskobystrický kraj";6;1052;1;1053;NA;204543;7;2021-08-25;84130
2021-08-24;"Banskobystrický kraj";12;1117;1;1118;NA;204543;13;2021-08-24;84123
2021-08-23;"Banskobystrický kraj";7;1368;5;1373;NA;204543;12;2021-08-23;84110
2021-08-22;"Banskobystrický kraj";0;773;2;775;NA;204543;2;2021-08-22;84098
2021-08-21;"Banskobystrický kraj";3;793;1;794;NA;204543;4;2021-08-21;84096
2021-08-20;"Banskobystrický kraj";5;1616;4;1620;NA;204543;9;2021-08-20;84092
2021-08-19;"Banskobystrický kraj";4;1092;3;1095;NA;204543;7;2021-08-19;84083
2021-08-18;"Banskobystrický kraj";1;1044;1;1045;NA;204543;2;2021-08-18;84076
2021-08-17;"Banskobystrický kraj";12;890;0;890;NA;204543;12;2021-08-17;84074
2021-08-16;"Banskobystrický kraj";7;1321;3;1324;NA;204543;10;2021-08-16;84062
2021-08-15;"Banskobystrický kraj";0;366;3;369;NA;204543;3;2021-08-15;84052
2021-08-14;"Banskobystrický kraj";6;435;1;436;NA;204543;7;2021-08-14;84049
2021-08-13;"Banskobystrický kraj";11;898;0;898;NA;204543;11;2021-08-13;84042
2021-08-12;"Banskobystrický kraj";10;951;1;952;NA;204543;11;2021-08-12;84031
2021-08-11;"Banskobystrický kraj";7;575;3;578;NA;204543;10;2021-08-11;84020
2021-08-10;"Banskobystrický kraj";7;678;2;680;NA;204543;9;2021-08-10;84010
2021-08-09;"Banskobystrický kraj";9;1064;0;1064;NA;204543;9;2021-08-09;84001
2021-08-08;"Banskobystrický kraj";4;335;1;336;NA;204543;5;2021-08-08;83992
2021-08-07;"Banskobystrický kraj";0;308;4;312;NA;204543;4;2021-08-07;83987
2021-08-06;"Banskobystrický kraj";5;929;2;931;NA;204543;7;2021-08-06;83983
2021-08-05;"Banskobystrický kraj";2;838;1;839;NA;204543;3;2021-08-05;83976
2021-08-04;"Banskobystrický kraj";2;579;1;580;NA;204543;3;2021-08-04;83973
2021-08-03;"Banskobystrický kraj";4;743;0;743;NA;204543;4;2021-08-03;83970
2021-08-02;"Banskobystrický kraj";6;934;0;934;NA;204543;6;2021-08-02;83966
2021-08-01;"Banskobystrický kraj";0;271;0;271;NA;204543;0;2021-08-01;83960
2021-07-31;"Banskobystrický kraj";1;370;4;374;NA;204543;5;2021-07-31;83960
2021-07-30;"Banskobystrický kraj";27;928;2;930;NA;204543;29;2021-07-30;83955
2021-07-29;"Banskobystrický kraj";2;890;1;891;NA;204543;3;2021-07-29;83926
2021-07-28;"Banskobystrický kraj";4;520;1;521;NA;204543;5;2021-07-28;83923
2021-07-27;"Banskobystrický kraj";15;1092;0;1092;NA;204543;15;2021-07-27;83918
2021-07-26;"Banskobystrický kraj";2;911;1;912;NA;204543;3;2021-07-26;83903
2021-07-25;"Banskobystrický kraj";0;367;1;368;NA;204543;1;2021-07-25;83900
2021-07-24;"Banskobystrický kraj";2;298;0;298;NA;204543;2;2021-07-24;83899
2021-07-23;"Banskobystrický kraj";7;840;0;840;NA;204543;7;2021-07-23;83897
2021-07-22;"Banskobystrický kraj";5;727;3;730;NA;204543;8;2021-07-22;83890
2021-07-21;"Banskobystrický kraj";2;560;0;560;NA;204543;2;2021-07-21;83882
2021-07-20;"Banskobystrický kraj";6;885;2;887;NA;204543;8;2021-07-20;83880
2021-07-19;"Banskobystrický kraj";1;854;3;857;NA;204543;4;2021-07-19;83872
2021-07-18;"Banskobystrický kraj";0;377;1;378;NA;204543;1;2021-07-18;83868
2021-07-17;"Banskobystrický kraj";1;324;0;324;NA;204543;1;2021-07-17;83867
2021-07-16;"Banskobystrický kraj";3;974;1;975;NA;204543;4;2021-07-16;83866
2021-07-15;"Banskobystrický kraj";1;1038;0;1038;NA;204543;1;2021-07-15;83862
2021-07-14;"Banskobystrický kraj";3;765;0;765;NA;204543;3;2021-07-14;83861
2021-07-13;"Banskobystrický kraj";2;695;0;695;NA;204543;2;2021-07-13;83858
2021-07-12;"Banskobystrický kraj";1;1057;0;1057;NA;204543;1;2021-07-12;83856
2021-07-11;"Banskobystrický kraj";0;446;0;446;NA;204543;0;2021-07-11;83855
2021-07-10;"Banskobystrický kraj";2;368;0;368;NA;204543;2;2021-07-10;83855
2021-07-09;"Banskobystrický kraj";3;1209;0;1209;NA;204543;3;2021-07-09;83853
2021-07-08;"Banskobystrický kraj";0;1083;1;1084;NA;204543;1;2021-07-08;83850
2021-07-07;"Banskobystrický kraj";1;798;0;798;NA;204543;1;2021-07-07;83849
2021-07-06;"Banskobystrický kraj";6;1365;0;1365;NA;204543;6;2021-07-06;83848
2021-07-05;"Banskobystrický kraj";2;392;1;393;NA;204543;3;2021-07-05;83842
2021-07-04;"Banskobystrický kraj";0;318;0;318;NA;204543;0;2021-07-04;83839
2021-07-03;"Banskobystrický kraj";1;413;1;414;NA;204543;2;2021-07-03;83839
2021-07-02;"Banskobystrický kraj";3;1045;0;1045;NA;204543;3;2021-07-02;83837
2021-07-01;"Banskobystrický kraj";0;705;1;706;NA;204543;1;2021-07-01;83834
2021-06-30;"Banskobystrický kraj";3;7607;1;7608;NA;204543;4;2021-06-30;83833
2021-06-29;"Banskobystrický kraj";2;4642;1;4643;NA;204543;3;2021-06-29;83829
2021-06-28;"Banskobystrický kraj";3;5695;1;5696;NA;204543;4;2021-06-28;83826
2021-06-27;"Banskobystrický kraj";0;4369;5;4374;NA;204543;5;2021-06-27;83822
2021-06-26;"Banskobystrický kraj";0;4289;4;4293;NA;204543;4;2021-06-26;83817
2021-06-25;"Banskobystrický kraj";2;6717;2;6719;NA;204543;4;2021-06-25;83813
2021-06-24;"Banskobystrický kraj";6;4585;2;4587;NA;204543;8;2021-06-24;83809
2021-06-23;"Banskobystrický kraj";4;4947;0;4947;NA;204543;4;2021-06-23;83801
2021-06-22;"Banskobystrický kraj";7;4527;0;4527;NA;204543;7;2021-06-22;83797
2021-06-21;"Banskobystrický kraj";6;5836;8;5844;NA;204543;14;2021-06-21;83790
2021-06-20;"Banskobystrický kraj";0;5055;7;5062;NA;204543;7;2021-06-20;83776
2021-06-19;"Banskobystrický kraj";0;5639;4;5643;NA;204543;4;2021-06-19;83769
2021-06-18;"Banskobystrický kraj";4;7642;1;7643;NA;204543;5;2021-06-18;83765
2021-06-17;"Banskobystrický kraj";2;5245;3;5248;NA;204543;5;2021-06-17;83760
2021-06-16;"Banskobystrický kraj";10;5951;5;5956;NA;204543;15;2021-06-16;83755
2021-06-15;"Banskobystrický kraj";9;5576;6;5582;NA;204543;15;2021-06-15;83740
2021-06-14;"Banskobystrický kraj";8;6922;7;6929;NA;204543;15;2021-06-14;83725
2021-06-13;"Banskobystrický kraj";0;6407;7;6414;NA;204543;7;2021-06-13;83710
2021-06-12;"Banskobystrický kraj";3;6338;6;6344;NA;204543;9;2021-06-12;83703
2021-06-11;"Banskobystrický kraj";5;9693;15;9708;NA;204543;20;2021-06-11;83694
2021-06-10;"Banskobystrický kraj";10;5726;8;5734;NA;204543;18;2021-06-10;83674
2021-06-09;"Banskobystrický kraj";9;5720;4;5724;NA;204543;13;2021-06-09;83656
2021-06-08;"Banskobystrický kraj";15;5645;10;5655;NA;204543;25;2021-06-08;83643
2021-06-07;"Banskobystrický kraj";4;7582;21;7603;NA;204543;25;2021-06-07;83618
2021-06-06;"Banskobystrický kraj";1;7497;12;7509;NA;204543;13;2021-06-06;83593
2021-06-05;"Banskobystrický kraj";15;7531;9;7540;NA;204543;24;2021-06-05;83580
2021-06-04;"Banskobystrický kraj";2;9352;14;9366;NA;204543;16;2021-06-04;83556
2021-06-03;"Banskobystrický kraj";8;6507;24;6531;NA;204543;32;2021-06-03;83540
2021-06-02;"Banskobystrický kraj";7;6837;6;6843;NA;204543;13;2021-06-02;83508
2021-06-01;"Banskobystrický kraj";12;7146;14;7160;NA;204543;26;2021-06-01;83495
2021-05-31;"Banskobystrický kraj";4;9546;31;9577;NA;204543;35;2021-05-31;83469
2021-05-30;"Banskobystrický kraj";3;8959;19;8978;NA;204543;22;2021-05-30;83434
2021-05-29;"Banskobystrický kraj";11;9763;18;9781;NA;204543;29;2021-05-29;83412
2021-05-28;"Banskobystrický kraj";13;11905;27;11932;NA;204543;40;2021-05-28;83383
2021-05-27;"Banskobystrický kraj";7;8760;12;8772;NA;204543;19;2021-05-27;83343
2021-05-26;"Banskobystrický kraj";18;7905;17;7922;NA;204543;35;2021-05-26;83324
2021-05-25;"Banskobystrický kraj";27;8951;30;8981;NA;204543;57;2021-05-25;83289
2021-05-24;"Banskobystrický kraj";9;12469;44;12513;NA;204543;53;2021-05-24;83232
2021-05-23;"Banskobystrický kraj";0;9798;27;9825;NA;204543;27;2021-05-23;83179
2021-05-22;"Banskobystrický kraj";20;9608;26;9634;NA;204543;46;2021-05-22;83152
2021-05-21;"Banskobystrický kraj";22;12796;25;12821;NA;204543;47;2021-05-21;83106
2021-05-20;"Banskobystrický kraj";14;8994;25;9019;NA;204543;39;2021-05-20;83059
2021-05-19;"Banskobystrický kraj";42;8608;21;8629;NA;204543;63;2021-05-19;83020
2021-05-18;"Banskobystrický kraj";27;9450;25;9475;NA;204543;52;2021-05-18;82957
2021-05-17;"Banskobystrický kraj";11;13399;33;13432;NA;204543;44;2021-05-17;82905
2021-05-16;"Banskobystrický kraj";15;14072;26;14098;NA;204543;41;2021-05-16;82861
2021-05-15;"Banskobystrický kraj";11;15356;29;15385;NA;204543;40;2021-05-15;82820
2021-05-14;"Banskobystrický kraj";35;18939;45;18984;NA;204543;80;2021-05-14;82780
2021-05-13;"Banskobystrický kraj";37;10605;40;10645;NA;204543;77;2021-05-13;82700
2021-05-12;"Banskobystrický kraj";31;10857;45;10902;NA;204543;76;2021-05-12;82623
2021-05-11;"Banskobystrický kraj";42;11325;48;11373;NA;204543;90;2021-05-11;82547
2021-05-10;"Banskobystrický kraj";28;17621;68;17689;NA;204543;96;2021-05-10;82457
2021-05-09;"Banskobystrický kraj";25;21902;68;21970;NA;204543;93;2021-05-09;82361
2021-05-08;"Banskobystrický kraj";11;14285;26;14311;NA;204543;37;2021-05-08;82268
2021-05-07;"Banskobystrický kraj";41;21806;78;21884;NA;204543;119;2021-05-07;82231
2021-05-06;"Banskobystrický kraj";36;12251;70;12321;NA;204543;106;2021-05-06;82112
2021-05-05;"Banskobystrický kraj";34;12592;63;12655;NA;204543;97;2021-05-05;82006
2021-05-04;"Banskobystrický kraj";83;13888;47;13935;NA;204543;130;2021-05-04;81909
2021-05-03;"Banskobystrický kraj";30;20872;80;20952;NA;204543;110;2021-05-03;81779
2021-05-02;"Banskobystrický kraj";6;33040;60;33100;NA;204543;66;2021-05-02;81669
2021-05-01;"Banskobystrický kraj";54;36900;67;36967;NA;204543;121;2021-05-01;81603
2021-04-30;"Banskobystrický kraj";38;34957;86;35043;NA;204543;124;2021-04-30;81482
2021-04-29;"Banskobystrický kraj";55;16839;68;16907;NA;204543;123;2021-04-29;81358
2021-04-28;"Banskobystrický kraj";66;17959;67;18026;NA;204543;133;2021-04-28;81235
2021-04-27;"Banskobystrický kraj";70;19152;73;19225;NA;204543;143;2021-04-27;81102
2021-04-26;"Banskobystrický kraj";34;28517;101;28618;NA;204543;135;2021-04-26;80959
2021-04-25;"Banskobystrický kraj";14;40601;106;40707;NA;204543;120;2021-04-25;80824
2021-04-24;"Banskobystrický kraj";40;51944;98;52042;NA;204543;138;2021-04-24;80704
2021-04-23;"Banskobystrický kraj";78;37922;88;38010;NA;204543;166;2021-04-23;80566
2021-04-22;"Banskobystrický kraj";51;17415;57;17472;NA;204543;108;2021-04-22;80400
2021-04-21;"Banskobystrický kraj";76;19218;94;19312;NA;204543;170;2021-04-21;80292
2021-04-20;"Banskobystrický kraj";116;21234;98;21332;NA;204543;214;2021-04-20;80122
2021-04-19;"Banskobystrický kraj";48;31408;105;31513;NA;204543;153;2021-04-19;79908
2021-04-18;"Banskobystrický kraj";16;43375;90;43465;NA;204543;106;2021-04-18;79755
2021-04-17;"Banskobystrický kraj";42;64939;92;65031;NA;204543;134;2021-04-17;79649
2021-04-16;"Banskobystrický kraj";72;37307;100;37407;NA;204543;172;2021-04-16;79515
2021-04-15;"Banskobystrický kraj";67;20127;83;20210;NA;204543;150;2021-04-15;79343
2021-04-14;"Banskobystrický kraj";69;21260;86;21346;NA;204543;155;2021-04-14;79193
2021-04-13;"Banskobystrický kraj";130;23076;77;23153;NA;204543;207;2021-04-13;79038
2021-04-12;"Banskobystrický kraj";60;32272;130;32402;NA;204543;190;2021-04-12;78831
2021-04-11;"Banskobystrický kraj";0;41367;88;41455;NA;204543;88;2021-04-11;78641
2021-04-10;"Banskobystrický kraj";56;64728;141;64869;NA;204543;197;2021-04-10;78553
2021-04-09;"Banskobystrický kraj";106;31570;118;31688;NA;204543;224;2021-04-09;78356
2021-04-08;"Banskobystrický kraj";132;19000;148;19148;NA;204543;280;2021-04-08;78132
2021-04-07;"Banskobystrický kraj";226;25121;94;25215;NA;204543;320;2021-04-07;77852
2021-04-06;"Banskobystrický kraj";93;42496;187;42683;NA;204543;280;2021-04-06;77532
2021-04-05;"Banskobystrický kraj";15;11797;87;11884;NA;204543;102;2021-04-05;77252
2021-04-04;"Banskobystrický kraj";24;19683;79;19762;NA;204543;103;2021-04-04;77150
2021-04-03;"Banskobystrický kraj";5;72553;211;72764;NA;204543;216;2021-04-03;77047
2021-04-02;"Banskobystrický kraj";71;13455;66;13521;NA;204543;137;2021-04-02;76831
2021-04-01;"Banskobystrický kraj";171;39407;200;39607;NA;204543;371;2021-04-01;76694
2021-03-31;"Banskobystrický kraj";147;25543;161;25704;NA;204543;308;2021-03-31;76323
2021-03-30;"Banskobystrický kraj";167;21442;159;21601;NA;204543;326;2021-03-30;76015
2021-03-29;"Banskobystrický kraj";119;29492;218;29710;NA;204543;337;2021-03-29;75689
2021-03-28;"Banskobystrický kraj";25;40610;189;40799;NA;204543;214;2021-03-28;75352
2021-03-27;"Banskobystrický kraj";85;63414;260;63674;NA;204543;345;2021-03-27;75138
2021-03-26;"Banskobystrický kraj";122;43671;240;43911;NA;204543;362;2021-03-26;74793
2021-03-25;"Banskobystrický kraj";120;21598;240;21838;NA;204543;360;2021-03-25;74431
2021-03-24;"Banskobystrický kraj";200;19337;227;19564;NA;204543;427;2021-03-24;74071
2021-03-23;"Banskobystrický kraj";241;21541;257;21798;NA;204543;498;2021-03-23;73644
2021-03-22;"Banskobystrický kraj";65;30480;274;30754;NA;204543;339;2021-03-22;73146
2021-03-21;"Banskobystrický kraj";31;40039;280;40319;NA;204543;311;2021-03-21;72807
2021-03-20;"Banskobystrický kraj";119;67926;383;68309;NA;204543;502;2021-03-20;72496
2021-03-19;"Banskobystrický kraj";240;44038;306;44344;NA;204543;546;2021-03-19;71994
2021-03-18;"Banskobystrický kraj";160;22469;273;22742;NA;204543;433;2021-03-18;71448
2021-03-17;"Banskobystrický kraj";262;21573;245;21818;NA;204543;507;2021-03-17;71015
2021-03-16;"Banskobystrický kraj";340;23349;224;23573;NA;204543;564;2021-03-16;70508
2021-03-15;"Banskobystrický kraj";95;32306;366;32672;NA;204543;461;2021-03-15;69944
2021-03-14;"Banskobystrický kraj";39;39212;218;39430;NA;204543;257;2021-03-14;69483
2021-03-13;"Banskobystrický kraj";209;67463;395;67858;NA;204543;604;2021-03-13;69226
2021-03-12;"Banskobystrický kraj";206;41444;330;41774;NA;204543;536;2021-03-12;68622
2021-03-11;"Banskobystrický kraj";228;21338;274;21612;NA;204543;502;2021-03-11;68086
2021-03-10;"Banskobystrický kraj";260;20400;238;20638;NA;204543;498;2021-03-10;67584
2021-03-09;"Banskobystrický kraj";352;21790;284;22074;NA;204543;636;2021-03-09;67086
2021-03-08;"Banskobystrický kraj";191;31471;427;31898;NA;204543;618;2021-03-08;66450
2021-03-07;"Banskobystrický kraj";60;39191;295;39486;NA;204543;355;2021-03-07;65832
2021-03-06;"Banskobystrický kraj";164;70897;410;71307;NA;204543;574;2021-03-06;65477
2021-03-05;"Banskobystrický kraj";221;42336;389;42725;NA;204543;610;2021-03-05;64903
2021-03-04;"Banskobystrický kraj";226;22009;334;22343;NA;204543;560;2021-03-04;64293
2021-03-03;"Banskobystrický kraj";317;21949;331;22280;NA;204543;648;2021-03-03;63733
2021-03-02;"Banskobystrický kraj";291;23160;354;23514;NA;204543;645;2021-03-02;63085
2021-03-01;"Banskobystrický kraj";151;31773;434;32207;NA;204543;585;2021-03-01;62440
2021-02-28;"Banskobystrický kraj";45;38665;336;39001;NA;204543;381;2021-02-28;61855
2021-02-27;"Banskobystrický kraj";289;66667;529;67196;NA;204543;818;2021-02-27;61474
2021-02-26;"Banskobystrický kraj";326;39674;468;40142;NA;204543;794;2021-02-26;60656
2021-02-25;"Banskobystrický kraj";375;18081;366;18447;NA;204543;741;2021-02-25;59862
2021-02-24;"Banskobystrický kraj";332;16735;373;17108;NA;204543;705;2021-02-24;59121
2021-02-23;"Banskobystrický kraj";462;19932;439;20371;NA;204543;901;2021-02-23;58416
2021-02-22;"Banskobystrický kraj";67;28643;598;29241;NA;204543;665;2021-02-22;57515
2021-02-21;"Banskobystrický kraj";68;37619;444;38063;NA;204543;512;2021-02-21;56850
2021-02-20;"Banskobystrický kraj";280;68851;598;69449;NA;204543;878;2021-02-20;56338
2021-02-19;"Banskobystrický kraj";420;39888;511;40399;NA;204543;931;2021-02-19;55460
2021-02-18;"Banskobystrický kraj";241;18618;396;19014;NA;204543;637;2021-02-18;54529
2021-02-17;"Banskobystrický kraj";415;16740;389;17129;NA;204543;804;2021-02-17;53892
2021-02-16;"Banskobystrický kraj";338;19731;368;20099;NA;204543;706;2021-02-16;53088
2021-02-15;"Banskobystrický kraj";118;35835;591;36426;NA;204543;709;2021-02-15;52382
2021-02-14;"Banskobystrický kraj";60;31894;386;32280;NA;204543;446;2021-02-14;51673
2021-02-13;"Banskobystrický kraj";202;53889;492;54381;NA;204543;694;2021-02-13;51227
2021-02-12;"Banskobystrický kraj";312;37270;533;37803;NA;204543;845;2021-02-12;50533
2021-02-11;"Banskobystrický kraj";305;21196;386;21582;NA;204543;691;2021-02-11;49688
2021-02-10;"Banskobystrický kraj";333;14790;344;15134;NA;204543;677;2021-02-10;48997
2021-02-09;"Banskobystrický kraj";329;18504;362;18866;NA;204543;691;2021-02-09;48320
2021-02-08;"Banskobystrický kraj";103;49716;695;50411;NA;204543;798;2021-02-08;47629
2021-02-07;"Banskobystrický kraj";70;37659;335;37994;NA;204543;405;2021-02-07;46831
2021-02-06;"Banskobystrický kraj";178;69388;570;69958;NA;204543;748;2021-02-06;46426
2021-02-05;"Banskobystrický kraj";282;24577;363;24940;NA;204543;645;2021-02-05;45678
2021-02-04;"Banskobystrický kraj";240;14367;430;14797;NA;204543;670;2021-02-04;45033
2021-02-03;"Banskobystrický kraj";350;9459;255;9714;NA;204543;605;2021-02-03;44363
2021-02-02;"Banskobystrický kraj";277;15741;334;16075;NA;204543;611;2021-02-02;43758
2021-02-01;"Banskobystrický kraj";75;24346;489;24835;NA;204543;564;2021-02-01;43147
2021-01-31;"Banskobystrický kraj";34;19983;201;20184;NA;204543;235;2021-01-31;42583
2021-01-30;"Banskobystrický kraj";163;63896;525;64421;NA;204543;688;2021-01-30;42348
2021-01-29;"Banskobystrický kraj";196;17368;274;17642;NA;204543;470;2021-01-29;41660
2021-01-28;"Banskobystrický kraj";218;15613;382;15995;NA;204543;600;2021-01-28;41190
2021-01-27;"Banskobystrický kraj";191;8132;200;8332;NA;204543;391;2021-01-27;40590
2021-01-26;"Banskobystrický kraj";238;19795;283;20078;NA;204543;521;2021-01-26;40199
2021-01-25;"Banskobystrický kraj";82;33666;412;34078;NA;204543;494;2021-01-25;39678
2021-01-24;"Banskobystrický kraj";38;35587;278;35865;NA;204543;316;2021-01-24;39184
2021-01-23;"Banskobystrický kraj";142;89058;523;89581;NA;204543;665;2021-01-23;38868
2021-01-22;"Banskobystrický kraj";175;25887;355;26242;NA;204543;530;2021-01-22;38203
2021-01-21;"Banskobystrický kraj";194;17063;279;17342;NA;204543;473;2021-01-21;37673
2021-01-20;"Banskobystrický kraj";231;9142;186;9328;NA;204543;417;2021-01-20;37200
2021-01-19;"Banskobystrický kraj";213;10708;311;11019;NA;204543;524;2021-01-19;36783
2021-01-18;"Banskobystrický kraj";94;7402;401;7803;NA;204543;495;2021-01-18;36259
2021-01-17;"Banskobystrický kraj";110;8154;77;8231;NA;204543;187;2021-01-17;35764
2021-01-16;"Banskobystrický kraj";58;2274;57;2331;NA;204543;115;2021-01-16;35577
2021-01-15;"Banskobystrický kraj";164;7673;217;7890;NA;204543;381;2021-01-15;35462
2021-01-14;"Banskobystrický kraj";220;5760;325;6085;NA;204543;545;2021-01-14;35081
2021-01-13;"Banskobystrický kraj";235;5974;217;6191;NA;204543;452;2021-01-13;34536
2021-01-12;"Banskobystrický kraj";194;6600;290;6890;NA;204543;484;2021-01-12;34084
2021-01-11;"Banskobystrický kraj";76;8231;481;8712;NA;204543;557;2021-01-11;33600
2021-01-10;"Banskobystrický kraj";110;433;4;437;NA;204543;114;2021-01-10;33043
2021-01-09;"Banskobystrický kraj";297;2378;81;2459;NA;204543;378;2021-01-09;32929
2021-01-08;"Banskobystrický kraj";435;9805;443;10248;NA;204543;878;2021-01-08;32551
2021-01-07;"Banskobystrický kraj";127;6322;366;6688;NA;204543;493;2021-01-07;31673
2021-01-06;"Banskobystrický kraj";305;3374;185;3559;NA;204543;490;2021-01-06;31180
2021-01-05;"Banskobystrický kraj";372;7349;533;7882;NA;204543;905;2021-01-05;30690
2021-01-04;"Banskobystrický kraj";130;7087;700;7787;NA;204543;830;2021-01-04;29785
2021-01-03;"Banskobystrický kraj";199;320;19;339;NA;204543;218;2021-01-03;28955
2021-01-02;"Banskobystrický kraj";123;702;85;787;NA;204543;208;2021-01-02;28737
2021-01-01;"Banskobystrický kraj";220;1958;132;2090;NA;204543;352;2021-01-01;28529
2020-12-31;"Banskobystrický kraj";499;7679;633;8312;NA;204543;1132;2020-12-31;28177
2020-12-30;"Banskobystrický kraj";593;7407;541;7948;NA;204543;1134;2020-12-30;27045
2020-12-29;"Banskobystrický kraj";240;7876;660;8536;NA;204543;900;2020-12-29;25911
2020-12-28;"Banskobystrický kraj";131;6120;720;6840;NA;204543;851;2020-12-28;25011
2020-12-27;"Banskobystrický kraj";116;541;25;566;NA;204543;141;2020-12-27;24160
2020-12-26;"Banskobystrický kraj";61;295;35;330;NA;204543;96;2020-12-26;24019
2020-12-25;"Banskobystrický kraj";65;888;10;898;NA;204543;75;2020-12-25;23923
2020-12-24;"Banskobystrický kraj";452;3685;135;3820;NA;204543;587;2020-12-24;23848
2020-12-23;"Banskobystrický kraj";368;9892;473;10365;NA;204543;841;2020-12-23;23261
2020-12-22;"Banskobystrický kraj";307;8468;619;9087;NA;204543;926;2020-12-22;22420
2020-12-21;"Banskobystrický kraj";286;4922;455;5377;NA;204543;741;2020-12-21;21494
2020-12-20;"Banskobystrický kraj";155;250;14;264;NA;204543;169;2020-12-20;20753
2020-12-19;"Banskobystrický kraj";170;3084;138;3222;NA;204543;308;2020-12-19;20584
2020-12-18;"Banskobystrický kraj";432;5959;331;6290;NA;204543;763;2020-12-18;20276
2020-12-17;"Banskobystrický kraj";468;8753;653;9406;NA;204543;1121;2020-12-17;19513
2020-12-16;"Banskobystrický kraj";379;10184;567;10751;NA;204543;946;2020-12-16;18392
2020-12-15;"Banskobystrický kraj";336;5281;425;5706;NA;204543;761;2020-12-15;17446
2020-12-14;"Banskobystrický kraj";148;4012;259;4271;NA;204543;407;2020-12-14;16685
2020-12-13;"Banskobystrický kraj";122;142;1;143;NA;204543;123;2020-12-13;16278
2020-12-12;"Banskobystrický kraj";137;2714;138;2852;NA;204543;275;2020-12-12;16155
2020-12-11;"Banskobystrický kraj";468;6633;362;6995;NA;204543;830;2020-12-11;15880
2020-12-10;"Banskobystrický kraj";280;5501;369;5870;NA;204543;649;2020-12-10;15050
2020-12-09;"Banskobystrický kraj";323;3941;205;4146;NA;204543;528;2020-12-09;14401
2020-12-08;"Banskobystrický kraj";256;3782;272;4054;NA;204543;528;2020-12-08;13873
2020-12-07;"Banskobystrický kraj";175;2633;177;2810;NA;204543;352;2020-12-07;13345
2020-12-06;"Banskobystrický kraj";121;507;11;518;NA;204543;132;2020-12-06;12993
2020-12-05;"Banskobystrický kraj";109;1099;34;1133;NA;204543;143;2020-12-05;12861
2020-12-04;"Banskobystrický kraj";339;3828;174;4002;NA;204543;513;2020-12-04;12718
2020-12-03;"Banskobystrický kraj";240;3193;234;3427;NA;204543;474;2020-12-03;12205
2020-12-02;"Banskobystrický kraj";217;4442;186;4628;NA;204543;403;2020-12-02;11731
2020-12-01;"Banskobystrický kraj";215;2702;134;2836;NA;204543;349;2020-12-01;11328
2020-11-30;"Banskobystrický kraj";74;4314;241;4555;NA;204543;315;2020-11-30;10979
2020-11-29;"Banskobystrický kraj";19;208;7;215;NA;204543;26;2020-11-29;10664
2020-11-28;"Banskobystrický kraj";81;1408;55;1463;NA;204543;136;2020-11-28;10638
2020-11-27;"Banskobystrický kraj";219;2566;123;2689;NA;204543;342;2020-11-27;10502
2020-11-26;"Banskobystrický kraj";208;2124;93;2217;NA;204543;301;2020-11-26;10160
2020-11-25;"Banskobystrický kraj";170;1952;86;2038;NA;204543;256;2020-11-25;9859
2020-11-24;"Banskobystrický kraj";166;2566;69;2635;NA;204543;235;2020-11-24;9603
2020-11-23;"Banskobystrický kraj";66;10147;193;10340;NA;204543;259;2020-11-23;9368
2020-11-22;"Banskobystrický kraj";38;104;1;105;NA;204543;39;2020-11-22;9109
2020-11-21;"Banskobystrický kraj";52;904;14;918;NA;204543;66;2020-11-21;9070
2020-11-20;"Banskobystrický kraj";127;2005;107;2112;NA;204543;234;2020-11-20;9004
2020-11-19;"Banskobystrický kraj";170;1218;82;1300;NA;204543;252;2020-11-19;8770
2020-11-18;"Banskobystrický kraj";153;698;65;763;NA;204543;218;2020-11-18;8518
2020-11-17;"Banskobystrický kraj";52;578;35;613;NA;204543;87;2020-11-17;8300
2020-11-16;"Banskobystrický kraj";106;470;25;495;NA;204543;131;2020-11-16;8213
2020-11-15;"Banskobystrický kraj";52;301;4;305;NA;204543;56;2020-11-15;8082
2020-11-14;"Banskobystrický kraj";73;305;2;307;NA;204543;75;2020-11-14;8026
2020-11-13;"Banskobystrický kraj";157;552;11;563;NA;204543;168;2020-11-13;7951
2020-11-12;"Banskobystrický kraj";218;952;44;996;NA;204543;262;2020-11-12;7783
2020-11-11;"Banskobystrický kraj";224;437;9;446;NA;204543;233;2020-11-11;7521
2020-11-10;"Banskobystrický kraj";263;463;18;481;NA;204543;281;2020-11-10;7288
2020-11-09;"Banskobystrický kraj";80;2678;31;2709;NA;204543;111;2020-11-09;7007
2020-11-08;"Banskobystrický kraj";82;981;16;997;NA;204543;98;2020-11-08;6896
2020-11-07;"Banskobystrický kraj";164;8828;94;8922;NA;204543;258;2020-11-07;6798
2020-11-06;"Banskobystrický kraj";227;2496;16;2512;NA;204543;243;2020-11-06;6540
2020-11-05;"Banskobystrický kraj";240;290;33;323;NA;204543;273;2020-11-05;6297
2020-11-04;"Banskobystrický kraj";254;1366;13;1379;NA;204543;267;2020-11-04;6024
2020-11-03;"Banskobystrický kraj";246;1332;4;1336;NA;204543;250;2020-11-03;5757
2020-11-02;"Banskobystrický kraj";90;2909;65;2974;NA;204543;155;2020-11-02;5507
2020-11-01;"Banskobystrický kraj";101;2671;42;2713;NA;204543;143;2020-11-01;5352
2020-10-31;"Banskobystrický kraj";199;13516;116;13632;NA;204543;315;2020-10-31;5209
2020-10-30;"Banskobystrický kraj";254;2829;20;2849;NA;204543;274;2020-10-30;4894
2020-10-29;"Banskobystrický kraj";372;969;42;1011;NA;204543;414;2020-10-29;4620
2020-10-28;"Banskobystrický kraj";285;302;30;332;NA;204543;315;2020-10-28;4206
2020-10-27;"Banskobystrický kraj";266;654;40;694;NA;204543;306;2020-10-27;3891
2020-10-26;"Banskobystrický kraj";38;234;29;263;NA;204543;67;2020-10-26;3585
2020-10-25;"Banskobystrický kraj";50;140;11;151;NA;204543;61;2020-10-25;3518
2020-10-24;"Banskobystrický kraj";315;114;12;126;NA;204543;327;2020-10-24;3457
2020-10-23;"Banskobystrický kraj";231;230;29;259;NA;204543;260;2020-10-23;3130
2020-10-22;"Banskobystrický kraj";264;253;24;277;NA;204543;288;2020-10-22;2870
2020-10-21;"Banskobystrický kraj";209;266;3;269;NA;204543;212;2020-10-21;2582
2020-10-20;"Banskobystrický kraj";210;66;3;69;NA;204543;213;2020-10-20;2370
2020-10-19;"Banskobystrický kraj";27;73;12;85;NA;204543;39;2020-10-19;2157
2020-10-18;"Banskobystrický kraj";49;0;0;0;NA;204543;49;2020-10-18;2118
2020-10-17;"Banskobystrický kraj";91;0;0;0;NA;204543;91;2020-10-17;2069
2020-10-16;"Banskobystrický kraj";224;37;3;40;NA;204543;227;2020-10-16;1978
2020-10-15;"Banskobystrický kraj";133;29;1;30;NA;204543;134;2020-10-15;1751
2020-10-14;"Banskobystrický kraj";139;31;1;32;NA;204543;140;2020-10-14;1617
2020-10-13;"Banskobystrický kraj";151;169;11;180;NA;204543;162;2020-10-13;1477
2020-10-12;"Banskobystrický kraj";11;110;4;114;NA;204543;15;2020-10-12;1315
2020-10-11;"Banskobystrický kraj";14;0;0;0;NA;204543;14;2020-10-11;1300
2020-10-10;"Banskobystrický kraj";53;0;0;0;NA;204543;53;2020-10-10;1286
2020-10-09;"Banskobystrický kraj";128;0;0;0;NA;204543;128;2020-10-09;1233
2020-10-08;"Banskobystrický kraj";99;0;0;0;NA;204543;99;2020-10-08;1105
2020-10-07;"Banskobystrický kraj";124;0;0;0;NA;204543;124;2020-10-07;1006
2020-10-06;"Banskobystrický kraj";68;0;0;0;NA;204543;68;2020-10-06;882
2020-10-05;"Banskobystrický kraj";49;0;0;0;NA;204543;49;2020-10-05;814
2020-10-04;"Banskobystrický kraj";8;0;0;0;NA;204543;8;2020-10-04;765
2020-10-03;"Banskobystrický kraj";37;0;0;0;NA;204543;37;2020-10-03;757
2020-10-02;"Banskobystrický kraj";74;0;0;0;NA;204543;74;2020-10-02;720
2020-10-01;"Banskobystrický kraj";49;16;0;16;NA;204543;49;2020-10-01;646
2020-09-30;"Banskobystrický kraj";60;0;0;0;NA;204543;60;2020-09-30;597
2020-09-29;"Banskobystrický kraj";24;0;0;0;NA;204543;24;2020-09-29;537
2020-09-28;"Banskobystrický kraj";0;0;0;0;NA;204543;0;2020-09-28;513
2020-09-27;"Banskobystrický kraj";20;0;0;0;NA;204543;20;2020-09-27;513
2020-09-26;"Banskobystrický kraj";24;0;0;0;NA;204543;24;2020-09-26;493
2020-09-25;"Banskobystrický kraj";29;0;0;0;NA;204543;29;2020-09-25;469
2020-09-24;"Banskobystrický kraj";25;0;0;0;NA;204543;25;2020-09-24;440
2020-09-23;"Banskobystrický kraj";17;0;0;0;NA;204543;17;2020-09-23;415
2020-09-22;"Banskobystrický kraj";25;0;0;0;NA;204543;25;2020-09-22;398
2020-09-21;"Banskobystrický kraj";3;0;0;0;NA;204543;3;2020-09-21;373
2020-09-20;"Banskobystrický kraj";0;0;0;0;NA;204543;0;2020-09-20;370
2020-09-19;"Banskobystrický kraj";3;0;0;0;NA;204543;3;2020-09-19;370
2020-09-18;"Banskobystrický kraj";24;0;0;0;NA;204543;24;2020-09-18;367
2020-09-17;"Banskobystrický kraj";14;0;0;0;NA;204543;14;2020-09-17;343
2020-09-16;"Banskobystrický kraj";6;0;0;0;NA;204543;6;2020-09-16;329
2020-09-15;"Banskobystrický kraj";2;0;0;0;NA;204543;2;2020-09-15;323
2020-09-14;"Banskobystrický kraj";13;0;0;0;NA;204543;13;2020-09-14;321
2020-09-13;"Banskobystrický kraj";1;0;0;0;NA;204543;1;2020-09-13;308
2020-09-12;"Banskobystrický kraj";5;0;0;0;NA;204543;5;2020-09-12;307
2020-09-11;"Banskobystrický kraj";19;0;0;0;NA;204543;19;2020-09-11;302
2020-09-10;"Banskobystrický kraj";11;0;0;0;NA;204543;11;2020-09-10;283
2020-09-09;"Banskobystrický kraj";13;0;0;0;NA;204543;13;2020-09-09;272
2020-09-08;"Banskobystrický kraj";5;0;0;0;NA;204543;5;2020-09-08;259
2020-09-07;"Banskobystrický kraj";2;0;0;0;NA;204543;2;2020-09-07;254
2020-09-06;"Banskobystrický kraj";0;0;0;0;NA;204543;0;2020-09-06;252
2020-09-05;"Banskobystrický kraj";0;0;0;0;NA;204543;0;2020-09-05;252
2020-09-04;"Banskobystrický kraj";9;0;0;0;NA;204543;9;2020-09-04;252
2020-09-03;"Banskobystrický kraj";5;0;0;0;NA;204543;5;2020-09-03;243
2020-09-02;"Banskobystrický kraj";6;0;0;0;NA;204543;6;2020-09-02;238
2020-09-01;"Banskobystrický kraj";2;0;0;0;NA;204543;2;2020-09-01;232
2020-08-31;"Banskobystrický kraj";6;0;0;0;NA;204543;6;2020-08-31;230
2020-08-30;"Banskobystrický kraj";0;0;0;0;NA;204543;0;2020-08-30;224
2020-08-29;"Banskobystrický kraj";1;0;0;0;NA;204543;1;2020-08-29;224
2020-08-28;"Banskobystrický kraj";3;0;0;0;NA;204543;3;2020-08-28;223
2020-08-27;"Banskobystrický kraj";1;0;0;0;NA;204543;1;2020-08-27;220
2020-08-26;"Banskobystrický kraj";2;0;0;0;NA;204543;2;2020-08-26;219
2020-08-25;"Banskobystrický kraj";2;0;0;0;NA;204543;2;2020-08-25;217
2020-08-24;"Banskobystrický kraj";0;0;0;0;NA;204543;0;2020-08-24;215
2020-08-23;"Banskobystrický kraj";0;0;0;0;NA;204543;0;2020-08-23;215
2020-08-22;"Banskobystrický kraj";0;0;0;0;NA;204543;0;2020-08-22;215
2020-08-21;"Banskobystrický kraj";4;0;0;0;NA;204543;4;2020-08-21;215
2020-08-20;"Banskobystrický kraj";1;0;0;0;NA;204543;1;2020-08-20;211
2020-08-19;"Banskobystrický kraj";4;0;0;0;NA;204543;4;2020-08-19;210
2020-08-18;"Banskobystrický kraj";0;0;0;0;NA;204543;0;2020-08-18;206
2020-08-17;"Banskobystrický kraj";1;0;0;0;NA;204543;1;2020-08-17;206
2020-08-16;"Banskobystrický kraj";0;0;0;0;NA;204543;0;2020-08-16;205
2020-08-15;"Banskobystrický kraj";0;0;0;0;NA;204543;0;2020-08-15;205
2020-08-14;"Banskobystrický kraj";5;0;0;0;NA;204543;5;2020-08-14;205
2020-08-13;"Banskobystrický kraj";0;0;0;0;NA;204543;0;2020-08-13;200
2020-08-12;"Banskobystrický kraj";0;0;0;0;NA;204543;0;2020-08-12;200
2020-08-11;"Banskobystrický kraj";2;0;0;0;NA;204543;2;2020-08-11;200
2020-08-10;"Banskobystrický kraj";3;0;0;0;NA;204543;3;2020-08-10;198
2020-08-09;"Banskobystrický kraj";0;0;0;0;NA;204543;0;2020-08-09;195
2020-08-08;"Banskobystrický kraj";2;0;0;0;NA;204543;2;2020-08-08;195
2020-08-07;"Banskobystrický kraj";1;0;0;0;NA;204543;1;2020-08-07;193
2020-08-06;"Banskobystrický kraj";1;0;0;0;NA;204543;1;2020-08-06;192
2020-08-05;"Banskobystrický kraj";0;0;0;0;NA;204543;0;2020-08-05;191
2020-08-04;"Banskobystrický kraj";3;0;0;0;NA;204543;3;2020-08-04;191
2020-08-03;"Banskobystrický kraj";0;0;0;0;NA;204543;0;2020-08-03;188
2020-08-02;"Banskobystrický kraj";0;0;0;0;NA;204543;0;2020-08-02;188
2020-08-01;"Banskobystrický kraj";1;0;0;0;NA;204543;1;2020-08-01;188
2020-07-31;"Banskobystrický kraj";2;0;0;0;NA;204543;2;2020-07-31;187
2020-07-30;"Banskobystrický kraj";1;0;0;0;NA;204543;1;2020-07-30;185
2020-07-29;"Banskobystrický kraj";0;0;0;0;NA;204543;0;2020-07-29;184
2020-07-28;"Banskobystrický kraj";2;0;0;0;NA;204543;2;2020-07-28;184
2020-07-27;"Banskobystrický kraj";3;0;0;0;NA;204543;3;2020-07-27;182
2020-07-26;"Banskobystrický kraj";0;0;0;0;NA;204543;0;2020-07-26;179
2020-07-25;"Banskobystrický kraj";0;0;0;0;NA;204543;0;2020-07-25;179
2020-07-24;"Banskobystrický kraj";9;0;0;0;NA;204543;9;2020-07-24;179
2020-07-23;"Banskobystrický kraj";0;0;0;0;NA;204543;0;2020-07-23;170
2020-07-22;"Banskobystrický kraj";3;0;0;0;NA;204543;3;2020-07-22;170
2020-07-21;"Banskobystrický kraj";3;0;0;0;NA;204543;3;2020-07-21;167
2020-07-20;"Banskobystrický kraj";1;0;0;0;NA;204543;1;2020-07-20;164
2020-07-19;"Banskobystrický kraj";1;0;0;0;NA;204543;1;2020-07-19;163
2020-07-18;"Banskobystrický kraj";0;0;0;0;NA;204543;0;2020-07-18;162
2020-07-17;"Banskobystrický kraj";2;0;0;0;NA;204543;2;2020-07-17;162
2020-07-16;"Banskobystrický kraj";1;0;0;0;NA;204543;1;2020-07-16;160
2020-07-15;"Banskobystrický kraj";4;0;0;0;NA;204543;4;2020-07-15;159
2020-07-14;"Banskobystrický kraj";2;0;0;0;NA;204543;2;2020-07-14;155
2020-07-13;"Banskobystrický kraj";1;0;0;0;NA;204543;1;2020-07-13;153
2020-07-12;"Banskobystrický kraj";0;0;0;0;NA;204543;0;2020-07-12;152
2020-07-11;"Banskobystrický kraj";0;0;0;0;NA;204543;0;2020-07-11;152
2020-07-10;"Banskobystrický kraj";3;0;0;0;NA;204543;3;2020-07-10;152
2020-07-09;"Banskobystrický kraj";9;0;0;0;NA;204543;9;2020-07-09;149
2020-07-08;"Banskobystrický kraj";0;0;0;0;NA;204543;0;2020-07-08;140
2020-07-07;"Banskobystrický kraj";4;0;0;0;NA;204543;4;2020-07-07;140
2020-07-06;"Banskobystrický kraj";0;0;0;0;NA;204543;0;2020-07-06;136
2020-07-05;"Banskobystrický kraj";0;0;0;0;NA;204543;0;2020-07-05;136
2020-07-04;"Banskobystrický kraj";1;0;0;0;NA;204543;1;2020-07-04;136
2020-07-03;"Banskobystrický kraj";4;0;0;0;NA;204543;4;2020-07-03;135
2020-07-02;"Banskobystrický kraj";0;0;0;0;NA;204543;0;2020-07-02;131
2020-07-01;"Banskobystrický kraj";1;0;0;0;NA;204543;1;2020-07-01;131
2020-06-30;"Banskobystrický kraj";0;12;0;12;NA;204543;0;2020-06-30;130
2020-06-29;"Banskobystrický kraj";0;0;0;0;NA;204543;0;2020-06-29;130
2020-06-28;"Banskobystrický kraj";0;0;0;0;NA;204543;0;2020-06-28;130
2020-06-27;"Banskobystrický kraj";0;0;0;0;NA;204543;0;2020-06-27;130
2020-06-26;"Banskobystrický kraj";0;0;0;0;NA;204543;0;2020-06-26;130
2020-06-25;"Banskobystrický kraj";1;0;0;0;NA;204543;1;2020-06-25;130
2020-06-24;"Banskobystrický kraj";0;0;0;0;NA;204543;0;2020-06-24;129
2020-06-23;"Banskobystrický kraj";6;0;0;0;NA;204543;6;2020-06-23;129
2020-06-22;"Banskobystrický kraj";0;0;0;0;NA;204543;0;2020-06-22;123
2020-06-21;"Banskobystrický kraj";0;0;0;0;NA;204543;0;2020-06-21;123
2020-06-20;"Banskobystrický kraj";0;0;0;0;NA;204543;0;2020-06-20;123
2020-06-19;"Banskobystrický kraj";2;0;0;0;NA;204543;2;2020-06-19;123
2020-06-18;"Banskobystrický kraj";10;0;0;0;NA;204543;10;2020-06-18;121
2020-06-17;"Banskobystrický kraj";1;0;0;0;NA;204543;1;2020-06-17;111
2020-06-16;"Banskobystrický kraj";0;0;0;0;NA;204543;0;2020-06-16;110
2020-06-14;"Banskobystrický kraj";2;0;0;0;NA;204543;2;2020-06-14;110
2020-06-13;"Banskobystrický kraj";2;0;0;0;NA;204543;2;2020-06-13;108
2020-06-12;"Banskobystrický kraj";0;0;0;0;NA;204543;0;2020-06-12;106
2020-06-11;"Banskobystrický kraj";1;0;0;0;NA;204543;1;2020-06-11;106
2020-06-10;"Banskobystrický kraj";0;0;0;0;NA;204543;0;2020-06-10;105
2020-06-09;"Banskobystrický kraj";0;0;0;0;NA;204543;0;2020-06-09;105
2020-06-08;"Banskobystrický kraj";0;0;0;0;NA;204543;0;2020-06-08;105
2020-06-07;"Banskobystrický kraj";0;0;0;0;NA;204543;0;2020-06-07;105
2020-06-05;"Banskobystrický kraj";2;0;0;0;NA;204543;2;2020-06-05;105
2020-06-03;"Banskobystrický kraj";0;0;0;0;NA;204543;0;2020-06-03;103
2020-06-02;"Banskobystrický kraj";0;0;0;0;NA;204543;0;2020-06-02;103
2020-05-31;"Banskobystrický kraj";0;0;0;0;NA;204543;0;2020-05-31;103
2020-05-29;"Banskobystrický kraj";0;0;0;0;NA;204543;0;2020-05-29;103
2020-05-27;"Banskobystrický kraj";1;0;0;0;NA;204543;1;2020-05-27;103
2020-05-26;"Banskobystrický kraj";0;0;0;0;NA;204543;0;2020-05-26;102
2020-05-25;"Banskobystrický kraj";0;0;0;0;NA;204543;0;2020-05-25;102
2020-05-24;"Banskobystrický kraj";0;0;0;0;NA;204543;0;2020-05-24;102
2020-05-23;"Banskobystrický kraj";1;0;0;0;NA;204543;1;2020-05-23;102
2020-05-22;"Banskobystrický kraj";0;0;0;0;NA;204543;0;2020-05-22;101
2020-05-21;"Banskobystrický kraj";0;0;0;0;NA;204543;0;2020-05-21;101
2020-05-20;"Banskobystrický kraj";1;0;0;0;NA;204543;1;2020-05-20;101
2020-05-19;"Banskobystrický kraj";0;0;0;0;NA;204543;0;2020-05-19;100
2020-05-17;"Banskobystrický kraj";0;0;0;0;NA;204543;0;2020-05-17;100
2020-05-16;"Banskobystrický kraj";0;0;0;0;NA;204543;0;2020-05-16;100
2020-05-15;"Banskobystrický kraj";0;0;0;0;NA;204543;0;2020-05-15;100
2020-05-14;"Banskobystrický kraj";0;0;0;0;NA;204543;0;2020-05-14;100
2020-05-13;"Banskobystrický kraj";0;0;0;0;NA;204543;0;2020-05-13;100
2020-05-12;"Banskobystrický kraj";1;0;0;0;NA;204543;1;2020-05-12;100
2020-05-11;"Banskobystrický kraj";0;0;0;0;NA;204543;0;2020-05-11;99
2020-05-09;"Banskobystrický kraj";0;0;0;0;NA;204543;0;2020-05-09;99
2020-05-07;"Banskobystrický kraj";2;0;0;0;NA;204543;2;2020-05-07;99
2020-05-06;"Banskobystrický kraj";1;0;0;0;NA;204543;1;2020-05-06;97
2020-05-05;"Banskobystrický kraj";2;0;0;0;NA;204543;2;2020-05-05;96
2020-05-04;"Banskobystrický kraj";0;0;0;0;NA;204543;0;2020-05-04;94
2020-05-03;"Banskobystrický kraj";0;0;0;0;NA;204543;0;2020-05-03;94
2020-05-02;"Banskobystrický kraj";0;0;0;0;NA;204543;0;2020-05-02;94
2020-05-01;"Banskobystrický kraj";0;0;0;0;NA;204543;0;2020-05-01;94
2020-04-30;"Banskobystrický kraj";1;0;0;0;NA;204543;1;2020-04-30;94
2020-04-29;"Banskobystrický kraj";1;0;0;0;NA;204543;1;2020-04-29;93
2020-04-28;"Banskobystrický kraj";0;0;0;0;NA;204543;0;2020-04-28;92
2020-04-27;"Banskobystrický kraj";0;0;0;0;NA;204543;0;2020-04-27;92
2020-04-26;"Banskobystrický kraj";0;0;0;0;NA;204543;0;2020-04-26;92
2020-04-25;"Banskobystrický kraj";2;0;0;0;NA;204543;2;2020-04-25;92
2020-04-24;"Banskobystrický kraj";3;0;0;0;NA;204543;3;2020-04-24;90
2020-04-23;"Banskobystrický kraj";2;0;0;0;NA;204543;2;2020-04-23;87
2020-04-22;"Banskobystrický kraj";2;0;0;0;NA;204543;2;2020-04-22;85
2020-04-21;"Banskobystrický kraj";2;0;0;0;NA;204543;2;2020-04-21;83
2020-04-20;"Banskobystrický kraj";0;0;0;0;NA;204543;0;2020-04-20;81
2020-04-19;"Banskobystrický kraj";0;0;0;0;NA;204543;0;2020-04-19;81
2020-04-18;"Banskobystrický kraj";8;0;0;0;NA;204543;8;2020-04-18;81
2020-04-17;"Banskobystrický kraj";2;0;0;0;NA;204543;2;2020-04-17;73
2020-04-16;"Banskobystrický kraj";0;0;0;0;NA;204543;0;2020-04-16;71
2020-04-15;"Banskobystrický kraj";10;0;0;0;NA;204543;10;2020-04-15;71
2020-04-14;"Banskobystrický kraj";0;0;0;0;NA;204543;0;2020-04-14;61
2020-04-13;"Banskobystrický kraj";2;0;0;0;NA;204543;2;2020-04-13;61
2020-04-12;"Banskobystrický kraj";4;0;0;0;NA;204543;4;2020-04-12;59
2020-04-11;"Banskobystrický kraj";1;0;0;0;NA;204543;1;2020-04-11;55
2020-04-10;"Banskobystrický kraj";0;0;0;0;NA;204543;0;2020-04-10;54
2020-04-09;"Banskobystrický kraj";2;0;0;0;NA;204543;2;2020-04-09;54
2020-04-08;"Banskobystrický kraj";0;0;0;0;NA;204543;0;2020-04-08;52
2020-04-07;"Banskobystrický kraj";4;0;0;0;NA;204543;4;2020-04-07;52
2020-04-06;"Banskobystrický kraj";10;0;0;0;NA;204543;10;2020-04-06;48
2020-04-05;"Banskobystrický kraj";9;0;0;0;NA;204543;9;2020-04-05;38
2020-04-04;"Banskobystrický kraj";0;0;0;0;NA;204543;0;2020-04-04;29
2020-04-03;"Banskobystrický kraj";2;0;0;0;NA;204543;2;2020-04-03;29
2020-04-02;"Banskobystrický kraj";2;0;0;0;NA;204543;2;2020-04-02;27
2020-04-01;"Banskobystrický kraj";5;0;0;0;NA;204543;5;2020-04-01;25
2020-03-31;"Banskobystrický kraj";3;0;0;0;NA;204543;3;2020-03-31;20
2020-03-30;"Banskobystrický kraj";1;0;0;0;NA;204543;1;2020-03-30;17
2020-03-29;"Banskobystrický kraj";2;0;0;0;NA;204543;2;2020-03-29;16
2020-03-28;"Banskobystrický kraj";1;0;0;0;NA;204543;1;2020-03-28;14
2020-03-27;"Banskobystrický kraj";1;0;0;0;NA;204543;1;2020-03-27;13
2020-03-26;"Banskobystrický kraj";1;0;0;0;NA;204543;1;2020-03-26;12
2020-03-25;"Banskobystrický kraj";0;0;0;0;NA;204543;0;2020-03-25;11
2020-03-24;"Banskobystrický kraj";1;0;0;0;NA;204543;1;2020-03-24;11
2020-03-23;"Banskobystrický kraj";1;0;0;0;NA;204543;1;2020-03-23;10
2020-03-22;"Banskobystrický kraj";0;0;0;0;NA;204543;0;2020-03-22;9
2020-03-21;"Banskobystrický kraj";3;0;0;0;NA;204543;3;2020-03-21;9
2020-03-20;"Banskobystrický kraj";0;0;0;0;NA;204543;0;2020-03-20;6
2020-03-19;"Banskobystrický kraj";2;0;0;0;NA;204543;2;2020-03-19;6
2020-03-18;"Banskobystrický kraj";1;0;0;0;NA;204543;1;2020-03-18;4
2020-03-17;"Banskobystrický kraj";1;0;0;0;NA;204543;1;2020-03-17;3
2020-03-16;"Banskobystrický kraj";0;0;0;0;NA;204543;0;2020-03-16;2
2020-03-15;"Banskobystrický kraj";1;0;0;0;NA;204543;1;2020-03-15;2
2020-03-14;"Banskobystrický kraj";0;0;0;0;NA;204543;0;2020-03-14;1
2020-03-13;"Banskobystrický kraj";1;0;0;0;NA;204543;1;2020-03-13;1
2020-03-12;"Banskobystrický kraj";0;0;0;0;NA;204543;0;2020-03-12;0
2020-03-11;"Banskobystrický kraj";0;0;0;0;NA;204543;0;2020-03-11;0
2020-03-09;"Banskobystrický kraj";0;0;0;0;NA;204543;0;2020-03-09;0
2020-03-08;"Banskobystrický kraj";0;0;0;0;NA;204543;0;2020-03-08;0
2020-03-07;"Banskobystrický kraj";0;0;0;0;NA;204543;0;2020-03-07;0
2020-03-06;"Banskobystrický kraj";0;0;0;0;NA;204543;0;2020-03-06;0
2022-02-15;"Bratislavský kraj";2276;4449;418;4867;165205;243732;2694;2022-02-15;243732
2022-02-14;"Bratislavský kraj";2700;5737;544;6281;NA;243732;3244;2022-02-14;241038
2022-02-13;"Bratislavský kraj";1343;2124;368;2492;NA;243732;1711;2022-02-13;237794
2022-02-12;"Bratislavský kraj";1872;2173;313;2486;NA;243732;2185;2022-02-12;236083
2022-02-11;"Bratislavský kraj";2431;5006;410;5416;NA;243732;2841;2022-02-11;233898
2022-02-10;"Bratislavský kraj";2595;4478;413;4891;NA;243732;3008;2022-02-10;231057
2022-02-09;"Bratislavský kraj";2414;4473;456;4929;NA;243732;2870;2022-02-09;228049
2022-02-08;"Bratislavský kraj";2878;5064;500;5564;NA;243732;3378;2022-02-08;225179
2022-02-07;"Bratislavský kraj";2636;6779;648;7427;NA;243732;3284;2022-02-07;221801
2022-02-06;"Bratislavský kraj";1680;2964;376;3340;NA;243732;2056;2022-02-06;218517
2022-02-05;"Bratislavský kraj";2156;2366;307;2673;NA;243732;2463;2022-02-05;216461
2022-02-04;"Bratislavský kraj";2586;4628;399;5027;NA;243732;2985;2022-02-04;213998
2022-02-03;"Bratislavský kraj";2540;5871;427;6298;NA;243732;2967;2022-02-03;211013
2022-02-02;"Bratislavský kraj";2655;4939;460;5399;NA;243732;3115;2022-02-02;208046
2022-02-01;"Bratislavský kraj";2758;5865;465;6330;NA;243732;3223;2022-02-01;204931
2022-01-31;"Bratislavský kraj";2172;7830;704;8534;NA;243732;2876;2022-01-31;201708
2022-01-30;"Bratislavský kraj";1418;3314;362;3676;NA;243732;1780;2022-01-30;198832
2022-01-29;"Bratislavský kraj";1762;3138;326;3464;NA;243732;2088;2022-01-29;197052
2022-01-28;"Bratislavský kraj";2237;5043;389;5432;NA;243732;2626;2022-01-28;194964
2022-01-27;"Bratislavský kraj";2014;5975;334;6309;NA;243732;2348;2022-01-27;192338
2022-01-26;"Bratislavský kraj";1792;4895;367;5262;NA;243732;2159;2022-01-26;189990
2022-01-25;"Bratislavský kraj";1933;5551;385;5936;NA;243732;2318;2022-01-25;187831
2022-01-24;"Bratislavský kraj";1173;7911;315;8226;NA;243732;1488;2022-01-24;185513
2022-01-23;"Bratislavský kraj";862;3289;151;3440;NA;243732;1013;2022-01-23;184025
2022-01-22;"Bratislavský kraj";1130;2802;125;2927;NA;243732;1255;2022-01-22;183012
2022-01-21;"Bratislavský kraj";1057;4653;166;4819;NA;243732;1223;2022-01-21;181757
2022-01-20;"Bratislavský kraj";940;4893;146;5039;NA;243732;1086;2022-01-20;180534
2022-01-19;"Bratislavský kraj";857;4618;169;4787;NA;243732;1026;2022-01-19;179448
2022-01-18;"Bratislavský kraj";794;5002;163;5165;NA;243732;957;2022-01-18;178422
2022-01-17;"Bratislavský kraj";534;7242;150;7392;NA;243732;684;2022-01-17;177465
2022-01-16;"Bratislavský kraj";300;2854;77;2931;NA;243732;377;2022-01-16;176781
2022-01-15;"Bratislavský kraj";543;2139;71;2210;NA;243732;614;2022-01-15;176404
2022-01-14;"Bratislavský kraj";356;3692;70;3762;NA;243732;426;2022-01-14;175790
2022-01-13;"Bratislavský kraj";382;4579;82;4661;NA;243732;464;2022-01-13;175364
2022-01-12;"Bratislavský kraj";415;4014;71;4085;NA;243732;486;2022-01-12;174900
2022-01-11;"Bratislavský kraj";407;4910;110;5020;NA;243732;517;2022-01-11;174414
2022-01-10;"Bratislavský kraj";413;6380;101;6481;NA;243732;514;2022-01-10;173897
2022-01-09;"Bratislavský kraj";187;3080;71;3151;NA;243732;258;2022-01-09;173383
2022-01-08;"Bratislavský kraj";323;1951;58;2009;NA;243732;381;2022-01-08;173125
2022-01-07;"Bratislavský kraj";436;3809;100;3909;NA;243732;536;2022-01-07;172744
2022-01-06;"Bratislavský kraj";192;2163;51;2214;NA;243732;243;2022-01-06;172208
2022-01-05;"Bratislavský kraj";426;4044;69;4113;NA;243732;495;2022-01-05;171965
2022-01-04;"Bratislavský kraj";446;4467;101;4568;NA;243732;547;2022-01-04;171470
2022-01-03;"Bratislavský kraj";578;5672;129;5801;NA;243732;707;2022-01-03;170923
2022-01-02;"Bratislavský kraj";198;3137;80;3217;NA;243732;278;2022-01-02;170216
2022-01-01;"Bratislavský kraj";7;1103;36;1139;NA;243732;43;2022-01-01;169938
2021-12-31;"Bratislavský kraj";371;3443;92;3535;NA;243732;463;2021-12-31;169895
2021-12-30;"Bratislavský kraj";468;3619;119;3738;NA;243732;587;2021-12-30;169432
2021-12-29;"Bratislavský kraj";404;3598;85;3683;NA;243732;489;2021-12-29;168845
2021-12-28;"Bratislavský kraj";578;4329;121;4450;NA;243732;699;2021-12-28;168356
2021-12-27;"Bratislavský kraj";656;4693;108;4801;NA;243732;764;2021-12-27;167657
2021-12-26;"Bratislavský kraj";198;2549;83;2632;NA;243732;281;2021-12-26;166893
2021-12-25;"Bratislavský kraj";34;1160;53;1213;NA;243732;87;2021-12-25;166612
2021-12-24;"Bratislavský kraj";171;2214;55;2269;NA;243732;226;2021-12-24;166525
2021-12-23;"Bratislavský kraj";678;4134;115;4249;NA;243732;793;2021-12-23;166299
2021-12-22;"Bratislavský kraj";575;4919;118;5037;NA;243732;693;2021-12-22;165506
2021-12-21;"Bratislavský kraj";625;5628;167;5795;NA;243732;792;2021-12-21;164813
2021-12-20;"Bratislavský kraj";528;6163;158;6321;NA;243732;686;2021-12-20;164021
2021-12-19;"Bratislavský kraj";250;3042;98;3140;NA;243732;348;2021-12-19;163335
2021-12-18;"Bratislavský kraj";528;2654;103;2757;NA;243732;631;2021-12-18;162987
2021-12-17;"Bratislavský kraj";683;4917;145;5062;NA;243732;828;2021-12-17;162356
2021-12-16;"Bratislavský kraj";730;5576;162;5738;NA;243732;892;2021-12-16;161528
2021-12-15;"Bratislavský kraj";881;4884;158;5042;NA;243732;1039;2021-12-15;160636
2021-12-14;"Bratislavský kraj";869;5397;179;5576;NA;243732;1048;2021-12-14;159597
2021-12-13;"Bratislavský kraj";648;7614;239;7853;NA;243732;887;2021-12-13;158549
2021-12-12;"Bratislavský kraj";534;3474;129;3603;NA;243732;663;2021-12-12;157662
2021-12-11;"Bratislavský kraj";698;2377;153;2530;NA;243732;851;2021-12-11;156999
2021-12-10;"Bratislavský kraj";796;4728;186;4914;NA;243732;982;2021-12-10;156148
2021-12-09;"Bratislavský kraj";1040;4152;174;4326;NA;243732;1214;2021-12-09;155166
2021-12-08;"Bratislavský kraj";1172;4602;196;4798;NA;243732;1368;2021-12-08;153952
2021-12-07;"Bratislavský kraj";1236;5173;257;5430;NA;243732;1493;2021-12-07;152584
2021-12-06;"Bratislavský kraj";1434;8714;312;9026;NA;243732;1746;2021-12-06;151091
2021-12-05;"Bratislavský kraj";633;3874;197;4071;NA;243732;830;2021-12-05;149345
2021-12-04;"Bratislavský kraj";936;4332;195;4527;NA;243732;1131;2021-12-04;148515
2021-12-03;"Bratislavský kraj";1222;4351;269;4620;NA;243732;1491;2021-12-03;147384
2021-12-02;"Bratislavský kraj";2053;5097;311;5408;NA;243732;2364;2021-12-02;145893
2021-12-01;"Bratislavský kraj";1161;9058;295;9353;NA;243732;1456;2021-12-01;143529
2021-11-30;"Bratislavský kraj";1442;6508;355;6863;NA;243732;1797;2021-11-30;142073
2021-11-29;"Bratislavský kraj";863;8823;452;9275;NA;243732;1315;2021-11-29;140276
2021-11-28;"Bratislavský kraj";617;5102;295;5397;NA;243732;912;2021-11-28;138961
2021-11-27;"Bratislavský kraj";1026;3497;329;3826;NA;243732;1355;2021-11-27;138049
2021-11-26;"Bratislavský kraj";1346;5483;422;5905;NA;243732;1768;2021-11-26;136694
2021-11-25;"Bratislavský kraj";1415;6383;451;6834;NA;243732;1866;2021-11-25;134926
2021-11-24;"Bratislavský kraj";1286;6849;467;7316;NA;243732;1753;2021-11-24;133060
2021-11-23;"Bratislavský kraj";1651;6351;433;6784;NA;243732;2084;2021-11-23;131307
2021-11-22;"Bratislavský kraj";1197;8722;584;9306;NA;243732;1781;2021-11-22;129223
2021-11-21;"Bratislavský kraj";702;4324;320;4644;NA;243732;1022;2021-11-21;127442
2021-11-20;"Bratislavský kraj";1005;3514;360;3874;NA;243732;1365;2021-11-20;126420
2021-11-19;"Bratislavský kraj";1444;5927;549;6476;NA;243732;1993;2021-11-19;125055
2021-11-18;"Bratislavský kraj";1052;6358;548;6906;NA;243732;1600;2021-11-18;123062
2021-11-17;"Bratislavský kraj";832;2439;308;2747;NA;243732;1140;2021-11-17;121462
2021-11-16;"Bratislavský kraj";1067;5792;443;6235;NA;243732;1510;2021-11-16;120322
2021-11-15;"Bratislavský kraj";1014;6330;519;6849;NA;243732;1533;2021-11-15;118812
2021-11-14;"Bratislavský kraj";448;3202;335;3537;NA;243732;783;2021-11-14;117279
2021-11-13;"Bratislavský kraj";587;3251;313;3564;NA;243732;900;2021-11-13;116496
2021-11-12;"Bratislavský kraj";856;5723;357;6080;NA;243732;1213;2021-11-12;115596
2021-11-11;"Bratislavský kraj";787;6028;355;6383;NA;243732;1142;2021-11-11;114383
2021-11-10;"Bratislavský kraj";840;5903;385;6288;NA;243732;1225;2021-11-10;113241
2021-11-09;"Bratislavský kraj";939;5733;350;6083;NA;243732;1289;2021-11-09;112016
2021-11-08;"Bratislavský kraj";579;5641;404;6045;NA;243732;983;2021-11-08;110727
2021-11-07;"Bratislavský kraj";363;2836;244;3080;NA;243732;607;2021-11-07;109744
2021-11-06;"Bratislavský kraj";538;2901;243;3144;NA;243732;781;2021-11-06;109137
2021-11-05;"Bratislavský kraj";801;5640;318;5958;NA;243732;1119;2021-11-05;108356
2021-11-04;"Bratislavský kraj";768;5233;273;5506;NA;243732;1041;2021-11-04;107237
2021-11-03;"Bratislavský kraj";690;5120;290;5410;NA;243732;980;2021-11-03;106196
2021-11-02;"Bratislavský kraj";422;6356;327;6683;NA;243732;749;2021-11-02;105216
2021-11-01;"Bratislavský kraj";395;1733;136;1869;NA;243732;531;2021-11-01;104467
2021-10-31;"Bratislavský kraj";209;2280;163;2443;NA;243732;372;2021-10-31;103936
2021-10-30;"Bratislavský kraj";429;2138;118;2256;NA;243732;547;2021-10-30;103564
2021-10-29;"Bratislavský kraj";445;4757;219;4976;NA;243732;664;2021-10-29;103017
2021-10-28;"Bratislavský kraj";372;4777;179;4956;NA;243732;551;2021-10-28;102353
2021-10-27;"Bratislavský kraj";376;4522;164;4686;NA;243732;540;2021-10-27;101802
2021-10-26;"Bratislavský kraj";461;4492;188;4680;NA;243732;649;2021-10-26;101262
2021-10-25;"Bratislavský kraj";379;5347;192;5539;NA;243732;571;2021-10-25;100613
2021-10-24;"Bratislavský kraj";114;2369;91;2460;NA;243732;205;2021-10-24;100042
2021-10-23;"Bratislavský kraj";301;2666;91;2757;NA;243732;392;2021-10-23;99837
2021-10-22;"Bratislavský kraj";309;4466;122;4588;NA;243732;431;2021-10-22;99445
2021-10-21;"Bratislavský kraj";244;4544;101;4645;NA;243732;345;2021-10-21;99014
2021-10-20;"Bratislavský kraj";262;3897;95;3992;NA;243732;357;2021-10-20;98669
2021-10-19;"Bratislavský kraj";260;4116;68;4184;NA;243732;328;2021-10-19;98312
2021-10-18;"Bratislavský kraj";250;5014;114;5128;NA;243732;364;2021-10-18;97984
2021-10-17;"Bratislavský kraj";54;2460;73;2533;NA;243732;127;2021-10-17;97620
2021-10-16;"Bratislavský kraj";185;2687;63;2750;NA;243732;248;2021-10-16;97493
2021-10-15;"Bratislavský kraj";169;4200;64;4264;NA;243732;233;2021-10-15;97245
2021-10-14;"Bratislavský kraj";173;4714;61;4775;NA;243732;234;2021-10-14;97012
2021-10-13;"Bratislavský kraj";143;3671;76;3747;NA;243732;219;2021-10-13;96778
2021-10-12;"Bratislavský kraj";183;4037;78;4115;NA;243732;261;2021-10-12;96559
2021-10-11;"Bratislavský kraj";191;4798;88;4886;NA;243732;279;2021-10-11;96298
2021-10-10;"Bratislavský kraj";29;2176;43;2219;NA;243732;72;2021-10-10;96019
2021-10-09;"Bratislavský kraj";141;2419;34;2453;NA;243732;175;2021-10-09;95947
2021-10-08;"Bratislavský kraj";130;4511;63;4574;NA;243732;193;2021-10-08;95772
2021-10-07;"Bratislavský kraj";92;4137;61;4198;NA;243732;153;2021-10-07;95579
2021-10-06;"Bratislavský kraj";147;4028;68;4096;NA;243732;215;2021-10-06;95426
2021-10-05;"Bratislavský kraj";164;4468;70;4538;NA;243732;234;2021-10-05;95211
2021-10-04;"Bratislavský kraj";129;4653;79;4732;NA;243732;208;2021-10-04;94977
2021-10-03;"Bratislavský kraj";41;2144;42;2186;NA;243732;83;2021-10-03;94769
2021-10-02;"Bratislavský kraj";104;2605;40;2645;NA;243732;144;2021-10-02;94686
2021-10-01;"Bratislavský kraj";108;4818;57;4875;NA;243732;165;2021-10-01;94542
2021-09-30;"Bratislavský kraj";90;3854;60;3914;NA;243732;150;2021-09-30;94377
2021-09-29;"Bratislavský kraj";115;3508;58;3566;NA;243732;173;2021-09-29;94227
2021-09-28;"Bratislavský kraj";144;4003;48;4051;NA;243732;192;2021-09-28;94054
2021-09-27;"Bratislavský kraj";123;4427;70;4497;NA;243732;193;2021-09-27;93862
2021-09-26;"Bratislavský kraj";32;2194;31;2225;NA;243732;63;2021-09-26;93669
2021-09-25;"Bratislavský kraj";85;2742;38;2780;NA;243732;123;2021-09-25;93606
2021-09-24;"Bratislavský kraj";82;4212;59;4271;NA;243732;141;2021-09-24;93483
2021-09-23;"Bratislavský kraj";90;3975;51;4026;NA;243732;141;2021-09-23;93342
2021-09-22;"Bratislavský kraj";84;3757;63;3820;NA;243732;147;2021-09-22;93201
2021-09-21;"Bratislavský kraj";95;3574;39;3613;NA;243732;134;2021-09-21;93054
2021-09-20;"Bratislavský kraj";84;3937;31;3968;NA;243732;115;2021-09-20;92920
2021-09-19;"Bratislavský kraj";31;1850;28;1878;NA;243732;59;2021-09-19;92805
2021-09-18;"Bratislavský kraj";60;1989;19;2008;NA;243732;79;2021-09-18;92746
2021-09-17;"Bratislavský kraj";87;3443;27;3470;NA;243732;114;2021-09-17;92667
2021-09-16;"Bratislavský kraj";57;3781;43;3824;NA;243732;100;2021-09-16;92553
2021-09-15;"Bratislavský kraj";41;1104;21;1125;NA;243732;62;2021-09-15;92453
2021-09-14;"Bratislavský kraj";78;3518;31;3549;NA;243732;109;2021-09-14;92391
2021-09-13;"Bratislavský kraj";47;3191;28;3219;NA;243732;75;2021-09-13;92282
2021-09-12;"Bratislavský kraj";13;1713;21;1734;NA;243732;34;2021-09-12;92207
2021-09-11;"Bratislavský kraj";36;2064;13;2077;NA;243732;49;2021-09-11;92173
2021-09-10;"Bratislavský kraj";47;3628;18;3646;NA;243732;65;2021-09-10;92124
2021-09-09;"Bratislavský kraj";50;3010;30;3040;NA;243732;80;2021-09-09;92059
2021-09-08;"Bratislavský kraj";56;2925;20;2945;NA;243732;76;2021-09-08;91979
2021-09-07;"Bratislavský kraj";50;3272;18;3290;NA;243732;68;2021-09-07;91903
2021-09-06;"Bratislavský kraj";63;2821;29;2850;NA;243732;92;2021-09-06;91835
2021-09-05;"Bratislavský kraj";10;1682;14;1696;NA;243732;24;2021-09-05;91743
2021-09-04;"Bratislavský kraj";41;2612;11;2623;NA;243732;52;2021-09-04;91719
2021-09-03;"Bratislavský kraj";55;3016;14;3030;NA;243732;69;2021-09-03;91667
2021-09-02;"Bratislavský kraj";35;2423;23;2446;NA;243732;58;2021-09-02;91598
2021-09-01;"Bratislavský kraj";16;929;9;938;NA;243732;25;2021-09-01;91540
2021-08-31;"Bratislavský kraj";28;5197;22;5219;NA;243732;50;2021-08-31;91515
2021-08-30;"Bratislavský kraj";24;2403;13;2416;NA;243732;37;2021-08-30;91465
2021-08-29;"Bratislavský kraj";11;1016;6;1022;NA;243732;17;2021-08-29;91428
2021-08-28;"Bratislavský kraj";24;1714;11;1725;NA;243732;35;2021-08-28;91411
2021-08-27;"Bratislavský kraj";19;2850;9;2859;NA;243732;28;2021-08-27;91376
2021-08-26;"Bratislavský kraj";15;2382;19;2401;NA;243732;34;2021-08-26;91348
2021-08-25;"Bratislavský kraj";29;1888;10;1898;NA;243732;39;2021-08-25;91314
2021-08-24;"Bratislavský kraj";22;1785;4;1789;NA;243732;26;2021-08-24;91275
2021-08-23;"Bratislavský kraj";21;2183;7;2190;NA;243732;28;2021-08-23;91249
2021-08-22;"Bratislavský kraj";5;1383;8;1391;NA;243732;13;2021-08-22;91221
2021-08-21;"Bratislavský kraj";18;1681;4;1685;NA;243732;22;2021-08-21;91208
2021-08-20;"Bratislavský kraj";27;2747;19;2766;NA;243732;46;2021-08-20;91186
2021-08-19;"Bratislavský kraj";15;2122;9;2131;NA;243732;24;2021-08-19;91140
2021-08-18;"Bratislavský kraj";16;1659;11;1670;NA;243732;27;2021-08-18;91116
2021-08-17;"Bratislavský kraj";18;1608;5;1613;NA;243732;23;2021-08-17;91089
2021-08-16;"Bratislavský kraj";18;2559;12;2571;NA;243732;30;2021-08-16;91066
2021-08-15;"Bratislavský kraj";3;1169;6;1175;NA;243732;9;2021-08-15;91036
2021-08-14;"Bratislavský kraj";11;1519;4;1523;NA;243732;15;2021-08-14;91027
2021-08-13;"Bratislavský kraj";32;2634;7;2641;NA;243732;39;2021-08-13;91012
2021-08-12;"Bratislavský kraj";16;1824;9;1833;NA;243732;25;2021-08-12;90973
2021-08-11;"Bratislavský kraj";22;1621;5;1626;NA;243732;27;2021-08-11;90948
2021-08-10;"Bratislavský kraj";15;1630;7;1637;NA;243732;22;2021-08-10;90921
2021-08-09;"Bratislavský kraj";35;1927;9;1936;NA;243732;44;2021-08-09;90899
2021-08-08;"Bratislavský kraj";3;1152;4;1156;NA;243732;7;2021-08-08;90855
2021-08-07;"Bratislavský kraj";6;1572;9;1581;NA;243732;15;2021-08-07;90848
2021-08-06;"Bratislavský kraj";9;2510;10;2520;NA;243732;19;2021-08-06;90833
2021-08-05;"Bratislavský kraj";10;1651;7;1658;NA;243732;17;2021-08-05;90814
2021-08-04;"Bratislavský kraj";9;1578;0;1578;NA;243732;9;2021-08-04;90797
2021-08-03;"Bratislavský kraj";11;1507;5;1512;NA;243732;16;2021-08-03;90788
2021-08-02;"Bratislavský kraj";15;1749;11;1760;NA;243732;26;2021-08-02;90772
2021-08-01;"Bratislavský kraj";4;1224;8;1232;NA;243732;12;2021-08-01;90746
2021-07-31;"Bratislavský kraj";7;1623;2;1625;NA;243732;9;2021-07-31;90734
2021-07-30;"Bratislavský kraj";15;2540;7;2547;NA;243732;22;2021-07-30;90725
2021-07-29;"Bratislavský kraj";19;1790;7;1797;NA;243732;26;2021-07-29;90703
2021-07-28;"Bratislavský kraj";8;1538;11;1549;NA;243732;19;2021-07-28;90677
2021-07-27;"Bratislavský kraj";9;1476;5;1481;NA;243732;14;2021-07-27;90658
2021-07-26;"Bratislavský kraj";17;1806;7;1813;NA;243732;24;2021-07-26;90644
2021-07-25;"Bratislavský kraj";4;1411;2;1413;NA;243732;6;2021-07-25;90620
2021-07-24;"Bratislavský kraj";9;1732;3;1735;NA;243732;12;2021-07-24;90614
2021-07-23;"Bratislavský kraj";6;2400;3;2403;NA;243732;9;2021-07-23;90602
2021-07-22;"Bratislavský kraj";12;1944;6;1950;NA;243732;18;2021-07-22;90593
2021-07-21;"Bratislavský kraj";5;1860;6;1866;NA;243732;11;2021-07-21;90575
2021-07-20;"Bratislavský kraj";19;1559;1;1560;NA;243732;20;2021-07-20;90564
2021-07-19;"Bratislavský kraj";15;2259;3;2262;NA;243732;18;2021-07-19;90544
2021-07-18;"Bratislavský kraj";2;1462;3;1465;NA;243732;5;2021-07-18;90526
2021-07-17;"Bratislavský kraj";3;1870;2;1872;NA;243732;5;2021-07-17;90521
2021-07-16;"Bratislavský kraj";8;2834;4;2838;NA;243732;12;2021-07-16;90516
2021-07-15;"Bratislavský kraj";5;1677;0;1677;NA;243732;5;2021-07-15;90504
2021-07-14;"Bratislavský kraj";5;1904;3;1907;NA;243732;8;2021-07-14;90499
2021-07-13;"Bratislavský kraj";4;1584;4;1588;NA;243732;8;2021-07-13;90491
2021-07-12;"Bratislavský kraj";6;1780;5;1785;NA;243732;11;2021-07-12;90483
2021-07-11;"Bratislavský kraj";3;1896;3;1899;NA;243732;6;2021-07-11;90472
2021-07-10;"Bratislavský kraj";5;2240;3;2243;NA;243732;8;2021-07-10;90466
2021-07-09;"Bratislavský kraj";13;3546;7;3553;NA;243732;20;2021-07-09;90458
2021-07-08;"Bratislavský kraj";9;2433;4;2437;NA;243732;13;2021-07-08;90438
2021-07-07;"Bratislavský kraj";5;2792;4;2796;NA;243732;9;2021-07-07;90425
2021-07-06;"Bratislavský kraj";19;2771;4;2775;NA;243732;23;2021-07-06;90416
2021-07-05;"Bratislavský kraj";5;2481;5;2486;NA;243732;10;2021-07-05;90393
2021-07-04;"Bratislavský kraj";3;1824;2;1826;NA;243732;5;2021-07-04;90383
2021-07-03;"Bratislavský kraj";8;2205;5;2210;NA;243732;13;2021-07-03;90378
2021-07-02;"Bratislavský kraj";4;2227;4;2231;NA;243732;8;2021-07-02;90365
2021-07-01;"Bratislavský kraj";6;1809;5;1814;NA;243732;11;2021-07-01;90357
2021-06-30;"Bratislavský kraj";2;11548;11;11559;NA;243732;13;2021-06-30;90346
2021-06-29;"Bratislavský kraj";5;6831;7;6838;NA;243732;12;2021-06-29;90333
2021-06-28;"Bratislavský kraj";16;6654;24;6678;NA;243732;40;2021-06-28;90321
2021-06-27;"Bratislavský kraj";4;6689;11;6700;NA;243732;15;2021-06-27;90281
2021-06-26;"Bratislavský kraj";3;8741;6;8747;NA;243732;9;2021-06-26;90266
2021-06-25;"Bratislavský kraj";7;10285;15;10300;NA;243732;22;2021-06-25;90257
2021-06-24;"Bratislavský kraj";3;7384;16;7400;NA;243732;19;2021-06-24;90235
2021-06-23;"Bratislavský kraj";4;7346;12;7358;NA;243732;16;2021-06-23;90216
2021-06-22;"Bratislavský kraj";6;7244;10;7254;NA;243732;16;2021-06-22;90200
2021-06-21;"Bratislavský kraj";5;7641;9;7650;NA;243732;14;2021-06-21;90184
2021-06-20;"Bratislavský kraj";0;7369;5;7374;NA;243732;5;2021-06-20;90170
2021-06-19;"Bratislavský kraj";3;9226;4;9230;NA;243732;7;2021-06-19;90165
2021-06-18;"Bratislavský kraj";5;12763;9;12772;NA;243732;14;2021-06-18;90158
2021-06-17;"Bratislavský kraj";3;8625;13;8638;NA;243732;16;2021-06-17;90144
2021-06-16;"Bratislavský kraj";3;7105;4;7109;NA;243732;7;2021-06-16;90128
2021-06-15;"Bratislavský kraj";7;7309;17;7326;NA;243732;24;2021-06-15;90121
2021-06-14;"Bratislavský kraj";4;8231;9;8240;NA;243732;13;2021-06-14;90097
2021-06-13;"Bratislavský kraj";2;8791;11;8802;NA;243732;13;2021-06-13;90084
2021-06-12;"Bratislavský kraj";4;11152;11;11163;NA;243732;15;2021-06-12;90071
2021-06-11;"Bratislavský kraj";9;13644;21;13665;NA;243732;30;2021-06-11;90056
2021-06-10;"Bratislavský kraj";12;8637;15;8652;NA;243732;27;2021-06-10;90026
2021-06-09;"Bratislavský kraj";12;7596;12;7608;NA;243732;24;2021-06-09;89999
2021-06-08;"Bratislavský kraj";13;7907;29;7936;NA;243732;42;2021-06-08;89975
2021-06-07;"Bratislavský kraj";13;9247;43;9290;NA;243732;56;2021-06-07;89933
2021-06-06;"Bratislavský kraj";3;10350;20;10370;NA;243732;23;2021-06-06;89877
2021-06-05;"Bratislavský kraj";2;12692;15;12707;NA;243732;17;2021-06-05;89854
2021-06-04;"Bratislavský kraj";10;13846;31;13877;NA;243732;41;2021-06-04;89837
2021-06-03;"Bratislavský kraj";12;9615;19;9634;NA;243732;31;2021-06-03;89796
2021-06-02;"Bratislavský kraj";10;8684;17;8701;NA;243732;27;2021-06-02;89765
2021-06-01;"Bratislavský kraj";3;8812;25;8837;NA;243732;28;2021-06-01;89738
2021-05-31;"Bratislavský kraj";18;11248;32;11280;NA;243732;50;2021-05-31;89710
2021-05-30;"Bratislavský kraj";1;11758;17;11775;NA;243732;18;2021-05-30;89660
2021-05-29;"Bratislavský kraj";4;12245;8;12253;NA;243732;12;2021-05-29;89642
2021-05-28;"Bratislavský kraj";14;15865;23;15888;NA;243732;37;2021-05-28;89630
2021-05-27;"Bratislavský kraj";5;11321;18;11339;NA;243732;23;2021-05-27;89593
2021-05-26;"Bratislavský kraj";20;10709;17;10726;NA;243732;37;2021-05-26;89570
2021-05-25;"Bratislavský kraj";19;11864;31;11895;NA;243732;50;2021-05-25;89533
2021-05-24;"Bratislavský kraj";12;12966;23;12989;NA;243732;35;2021-05-24;89483
2021-05-23;"Bratislavský kraj";7;13074;24;13098;NA;243732;31;2021-05-23;89448
2021-05-22;"Bratislavský kraj";6;14044;22;14066;NA;243732;28;2021-05-22;89417
2021-05-21;"Bratislavský kraj";15;18996;22;19018;NA;243732;37;2021-05-21;89389
2021-05-20;"Bratislavský kraj";15;14112;17;14129;NA;243732;32;2021-05-20;89352
2021-05-19;"Bratislavský kraj";21;11958;24;11982;NA;243732;45;2021-05-19;89320
2021-05-18;"Bratislavský kraj";14;13005;33;13038;NA;243732;47;2021-05-18;89275
2021-05-17;"Bratislavský kraj";15;13854;29;13883;NA;243732;44;2021-05-17;89228
2021-05-16;"Bratislavský kraj";12;19797;32;19829;NA;243732;44;2021-05-16;89184
2021-05-15;"Bratislavský kraj";1;18113;30;18143;NA;243732;31;2021-05-15;89140
2021-05-14;"Bratislavský kraj";15;22228;30;22258;NA;243732;45;2021-05-14;89109
2021-05-13;"Bratislavský kraj";9;16211;17;16228;NA;243732;26;2021-05-13;89064
2021-05-12;"Bratislavský kraj";11;14638;28;14666;NA;243732;39;2021-05-12;89038
2021-05-11;"Bratislavský kraj";29;16741;32;16773;NA;243732;61;2021-05-11;88999
2021-05-10;"Bratislavský kraj";27;19991;64;20055;NA;243732;91;2021-05-10;88938
2021-05-09;"Bratislavský kraj";9;29358;32;29390;NA;243732;41;2021-05-09;88847
2021-05-08;"Bratislavský kraj";5;19451;24;19475;NA;243732;29;2021-05-08;88806
2021-05-07;"Bratislavský kraj";32;28211;65;28276;NA;243732;97;2021-05-07;88777
2021-05-06;"Bratislavský kraj";19;20079;52;20131;NA;243732;71;2021-05-06;88680
2021-05-05;"Bratislavský kraj";29;15526;31;15557;NA;243732;60;2021-05-05;88609
2021-05-04;"Bratislavský kraj";46;19143;53;19196;NA;243732;99;2021-05-04;88549
2021-05-03;"Bratislavský kraj";37;22322;64;22386;NA;243732;101;2021-05-03;88450
2021-05-02;"Bratislavský kraj";38;43064;75;43139;NA;243732;113;2021-05-02;88349
2021-05-01;"Bratislavský kraj";11;39905;40;39945;NA;243732;51;2021-05-01;88236
2021-04-30;"Bratislavský kraj";43;47403;82;47485;NA;243732;125;2021-04-30;88185
2021-04-29;"Bratislavský kraj";48;30257;96;30353;NA;243732;144;2021-04-29;88060
2021-04-28;"Bratislavský kraj";40;28905;78;28983;NA;243732;118;2021-04-28;87916
2021-04-27;"Bratislavský kraj";41;30168;52;30220;NA;243732;93;2021-04-27;87798
2021-04-26;"Bratislavský kraj";59;34733;97;34830;NA;243732;156;2021-04-26;87705
2021-04-25;"Bratislavský kraj";8;57615;74;57689;NA;243732;82;2021-04-25;87549
2021-04-24;"Bratislavský kraj";28;74858;66;74924;NA;243732;94;2021-04-24;87467
2021-04-23;"Bratislavský kraj";70;48614;62;48676;NA;243732;132;2021-04-23;87373
2021-04-22;"Bratislavský kraj";39;31037;72;31109;NA;243732;111;2021-04-22;87241
2021-04-21;"Bratislavský kraj";48;30442;62;30504;NA;243732;110;2021-04-21;87130
2021-04-20;"Bratislavský kraj";58;35216;63;35279;NA;243732;121;2021-04-20;87020
2021-04-19;"Bratislavský kraj";48;39500;80;39580;NA;243732;128;2021-04-19;86899
2021-04-18;"Bratislavský kraj";35;62300;76;62376;NA;243732;111;2021-04-18;86771
2021-04-17;"Bratislavský kraj";13;80359;111;80470;NA;243732;124;2021-04-17;86660
2021-04-16;"Bratislavský kraj";62;47296;80;47376;NA;243732;142;2021-04-16;86536
2021-04-15;"Bratislavský kraj";34;32176;74;32250;NA;243732;108;2021-04-15;86394
2021-04-14;"Bratislavský kraj";65;33961;88;34049;NA;243732;153;2021-04-14;86286
2021-04-13;"Bratislavský kraj";82;35512;82;35594;NA;243732;164;2021-04-13;86133
2021-04-12;"Bratislavský kraj";77;42286;115;42401;NA;243732;192;2021-04-12;85969
2021-04-11;"Bratislavský kraj";42;61151;123;61274;NA;243732;165;2021-04-11;85777
2021-04-10;"Bratislavský kraj";14;77874;167;78041;NA;243732;181;2021-04-10;85612
2021-04-09;"Bratislavský kraj";72;41556;97;41653;NA;243732;169;2021-04-09;85431
2021-04-08;"Bratislavský kraj";71;28866;95;28961;NA;243732;166;2021-04-08;85262
2021-04-07;"Bratislavský kraj";96;38061;101;38162;NA;243732;197;2021-04-07;85096
2021-04-06;"Bratislavský kraj";94;56204;179;56383;NA;243732;273;2021-04-06;84899
2021-04-05;"Bratislavský kraj";85;18538;85;18623;NA;243732;170;2021-04-05;84626
2021-04-04;"Bratislavský kraj";37;29225;75;29300;NA;243732;112;2021-04-04;84456
2021-04-03;"Bratislavský kraj";52;79865;220;80085;NA;243732;272;2021-04-03;84344
2021-04-02;"Bratislavský kraj";33;23790;104;23894;NA;243732;137;2021-04-02;84072
2021-04-01;"Bratislavský kraj";119;57388;159;57547;NA;243732;278;2021-04-01;83935
2021-03-31;"Bratislavský kraj";105;46371;177;46548;NA;243732;282;2021-03-31;83657
2021-03-30;"Bratislavský kraj";100;39599;144;39743;NA;243732;244;2021-03-30;83375
2021-03-29;"Bratislavský kraj";153;40364;178;40542;NA;243732;331;2021-03-29;83131
2021-03-28;"Bratislavský kraj";59;53372;137;53509;NA;243732;196;2021-03-28;82800
2021-03-27;"Bratislavský kraj";53;79834;240;80074;NA;243732;293;2021-03-27;82604
2021-03-26;"Bratislavský kraj";114;56108;191;56299;NA;243732;305;2021-03-26;82311
2021-03-25;"Bratislavský kraj";76;36859;172;37031;NA;243732;248;2021-03-25;82006
2021-03-24;"Bratislavský kraj";120;30567;201;30768;NA;243732;321;2021-03-24;81758
2021-03-23;"Bratislavský kraj";138;36438;190;36628;NA;243732;328;2021-03-23;81437
2021-03-22;"Bratislavský kraj";110;42756;220;42976;NA;243732;330;2021-03-22;81109
2021-03-21;"Bratislavský kraj";54;61299;212;61511;NA;243732;266;2021-03-21;80779
2021-03-20;"Bratislavský kraj";59;73300;228;73528;NA;243732;287;2021-03-20;80513
2021-03-19;"Bratislavský kraj";139;54576;257;54833;NA;243732;396;2021-03-19;80226
2021-03-18;"Bratislavský kraj";142;34611;192;34803;NA;243732;334;2021-03-18;79830
2021-03-17;"Bratislavský kraj";177;30482;217;30699;NA;243732;394;2021-03-17;79496
2021-03-16;"Bratislavský kraj";258;36798;287;37085;NA;243732;545;2021-03-16;79102
2021-03-15;"Bratislavský kraj";180;38226;255;38481;NA;243732;435;2021-03-15;78557
2021-03-14;"Bratislavský kraj";75;52611;275;52886;NA;243732;350;2021-03-14;78122
2021-03-13;"Bratislavský kraj";110;81405;341;81746;NA;243732;451;2021-03-13;77772
2021-03-12;"Bratislavský kraj";152;55233;312;55545;NA;243732;464;2021-03-12;77321
2021-03-11;"Bratislavský kraj";178;34678;286;34964;NA;243732;464;2021-03-11;76857
2021-03-10;"Bratislavský kraj";164;31061;280;31341;NA;243732;444;2021-03-10;76393
2021-03-09;"Bratislavský kraj";242;37687;267;37954;NA;243732;509;2021-03-09;75949
2021-03-08;"Bratislavský kraj";255;41199;348;41547;NA;243732;603;2021-03-08;75440
2021-03-07;"Bratislavský kraj";142;52812;301;53113;NA;243732;443;2021-03-07;74837
2021-03-06;"Bratislavský kraj";79;71821;415;72236;NA;243732;494;2021-03-06;74394
2021-03-05;"Bratislavský kraj";238;50653;293;50946;NA;243732;531;2021-03-05;73900
2021-03-04;"Bratislavský kraj";204;34544;344;34888;NA;243732;548;2021-03-04;73369
2021-03-03;"Bratislavský kraj";250;30527;364;30891;NA;243732;614;2021-03-03;72821
2021-03-02;"Bratislavský kraj";267;39735;388;40123;NA;243732;655;2021-03-02;72207
2021-03-01;"Bratislavský kraj";320;38222;432;38654;NA;243732;752;2021-03-01;71552
2021-02-28;"Bratislavský kraj";184;50323;323;50646;NA;243732;507;2021-02-28;70800
2021-02-27;"Bratislavský kraj";151;76580;464;77044;NA;243732;615;2021-02-27;70293
2021-02-26;"Bratislavský kraj";277;47326;401;47727;NA;243732;678;2021-02-26;69678
2021-02-25;"Bratislavský kraj";277;28769;405;29174;NA;243732;682;2021-02-25;69000
2021-02-24;"Bratislavský kraj";217;27095;412;27507;NA;243732;629;2021-02-24;68318
2021-02-23;"Bratislavský kraj";257;31297;395;31692;NA;243732;652;2021-02-23;67689
2021-02-22;"Bratislavský kraj";353;36607;483;37090;NA;243732;836;2021-02-22;67037
2021-02-21;"Bratislavský kraj";185;54150;396;54546;NA;243732;581;2021-02-21;66201
2021-02-20;"Bratislavský kraj";167;74814;550;75364;NA;243732;717;2021-02-20;65620
2021-02-19;"Bratislavský kraj";280;44882;416;45298;NA;243732;696;2021-02-19;64903
2021-02-18;"Bratislavský kraj";263;26379;371;26750;NA;243732;634;2021-02-18;64207
2021-02-17;"Bratislavský kraj";264;22820;316;23136;NA;243732;580;2021-02-17;63573
2021-02-16;"Bratislavský kraj";289;28262;352;28614;NA;243732;641;2021-02-16;62993
2021-02-15;"Bratislavský kraj";248;36893;396;37289;NA;243732;644;2021-02-15;62352
2021-02-14;"Bratislavský kraj";153;47948;323;48271;NA;243732;476;2021-02-14;61708
2021-02-13;"Bratislavský kraj";173;68589;515;69104;NA;243732;688;2021-02-13;61232
2021-02-12;"Bratislavský kraj";282;35729;327;36056;NA;243732;609;2021-02-12;60544
2021-02-11;"Bratislavský kraj";337;24565;285;24850;NA;243732;622;2021-02-11;59935
2021-02-10;"Bratislavský kraj";314;22944;356;23300;NA;243732;670;2021-02-10;59313
2021-02-09;"Bratislavský kraj";288;36565;454;37019;NA;243732;742;2021-02-09;58643
2021-02-08;"Bratislavský kraj";484;31896;397;32293;NA;243732;881;2021-02-08;57901
2021-02-07;"Bratislavský kraj";243;51290;425;51715;NA;243732;668;2021-02-07;57020
2021-02-06;"Bratislavský kraj";116;61682;501;62183;NA;243732;617;2021-02-06;56352
2021-02-05;"Bratislavský kraj";327;27033;375;27408;NA;243732;702;2021-02-05;55735
2021-02-04;"Bratislavský kraj";555;17260;348;17608;NA;243732;903;2021-02-04;55033
2021-02-03;"Bratislavský kraj";161;13020;352;13372;NA;243732;513;2021-02-03;54130
2021-02-02;"Bratislavský kraj";397;25947;480;26427;NA;243732;877;2021-02-02;53617
2021-02-01;"Bratislavský kraj";221;35541;513;36054;NA;243732;734;2021-02-01;52740
2021-01-31;"Bratislavský kraj";180;35693;425;36118;NA;243732;605;2021-01-31;52006
2021-01-30;"Bratislavský kraj";310;49588;521;50109;NA;243732;831;2021-01-30;51401
2021-01-29;"Bratislavský kraj";344;16568;344;16912;NA;243732;688;2021-01-29;50570
2021-01-28;"Bratislavský kraj";307;10715;297;11012;NA;243732;604;2021-01-28;49882
2021-01-27;"Bratislavský kraj";336;22222;345;22567;NA;243732;681;2021-01-27;49278
2021-01-26;"Bratislavský kraj";297;21894;300;22194;NA;243732;597;2021-01-26;48597
2021-01-25;"Bratislavský kraj";356;23335;249;23584;NA;243732;605;2021-01-25;48000
2021-01-24;"Bratislavský kraj";175;37903;404;38307;NA;243732;579;2021-01-24;47395
2021-01-23;"Bratislavský kraj";396;79453;690;80143;NA;243732;1086;2021-01-23;46816
2021-01-22;"Bratislavský kraj";199;42055;365;42420;NA;243732;564;2021-01-22;45730
2021-01-21;"Bratislavský kraj";255;105746;1317;107063;NA;243732;1572;2021-01-21;45166
2021-01-20;"Bratislavský kraj";360;27289;452;27741;NA;243732;812;2021-01-20;43594
2021-01-19;"Bratislavský kraj";375;15318;346;15664;NA;243732;721;2021-01-19;42782
2021-01-18;"Bratislavský kraj";357;12533;707;13240;NA;243732;1064;2021-01-18;42061
2021-01-17;"Bratislavský kraj";244;482;26;508;NA;243732;270;2021-01-17;40997
2021-01-16;"Bratislavský kraj";70;3016;156;3172;NA;243732;226;2021-01-16;40727
2021-01-15;"Bratislavský kraj";251;7896;256;8152;NA;243732;507;2021-01-15;40501
2021-01-14;"Bratislavský kraj";363;8523;273;8796;NA;243732;636;2021-01-14;39994
2021-01-13;"Bratislavský kraj";336;8490;327;8817;NA;243732;663;2021-01-13;39358
2021-01-12;"Bratislavský kraj";450;10509;455;10964;NA;243732;905;2021-01-12;38695
2021-01-11;"Bratislavský kraj";397;19863;364;20227;NA;243732;761;2021-01-11;37790
2021-01-10;"Bratislavský kraj";252;1507;79;1586;NA;243732;331;2021-01-10;37029
2021-01-09;"Bratislavský kraj";351;4721;277;4998;NA;243732;628;2021-01-09;36698
2021-01-08;"Bratislavský kraj";556;10045;436;10481;NA;243732;992;2021-01-08;36070
2021-01-07;"Bratislavský kraj";537;6872;352;7224;NA;243732;889;2021-01-07;35078
2021-01-06;"Bratislavský kraj";271;3329;216;3545;NA;243732;487;2021-01-06;34189
2021-01-05;"Bratislavský kraj";619;10635;814;11449;NA;243732;1433;2021-01-05;33702
2021-01-04;"Bratislavský kraj";601;8226;538;8764;NA;243732;1139;2021-01-04;32269
2021-01-03;"Bratislavský kraj";77;433;41;474;NA;243732;118;2021-01-03;31130
2021-01-02;"Bratislavský kraj";185;462;57;519;NA;243732;242;2021-01-02;31012
2021-01-01;"Bratislavský kraj";235;3277;131;3408;NA;243732;366;2021-01-01;30770
2020-12-31;"Bratislavský kraj";925;14135;519;14654;NA;243732;1444;2020-12-31;30404
2020-12-30;"Bratislavský kraj";650;9164;533;9697;NA;243732;1183;2020-12-30;28960
2020-12-29;"Bratislavský kraj";303;10108;699;10807;NA;243732;1002;2020-12-29;27777
2020-12-28;"Bratislavský kraj";255;7784;473;8257;NA;243732;728;2020-12-28;26775
2020-12-27;"Bratislavský kraj";160;709;76;785;NA;243732;236;2020-12-27;26047
2020-12-26;"Bratislavský kraj";75;480;27;507;NA;243732;102;2020-12-26;25811
2020-12-25;"Bratislavský kraj";114;503;38;541;NA;243732;152;2020-12-25;25709
2020-12-24;"Bratislavský kraj";536;3367;104;3471;NA;243732;640;2020-12-24;25557
2020-12-23;"Bratislavský kraj";416;12590;447;13037;NA;243732;863;2020-12-23;24917
2020-12-22;"Bratislavský kraj";327;14587;699;15286;NA;243732;1026;2020-12-22;24054
2020-12-21;"Bratislavský kraj";392;14972;1946;16918;NA;243732;2338;2020-12-21;23028
2020-12-20;"Bratislavský kraj";180;797;57;854;NA;243732;237;2020-12-20;20690
2020-12-19;"Bratislavský kraj";396;3314;130;3444;NA;243732;526;2020-12-19;20453
2020-12-18;"Bratislavský kraj";306;9938;345;10283;NA;243732;651;2020-12-18;19927
2020-12-17;"Bratislavský kraj";502;9739;386;10125;NA;243732;888;2020-12-17;19276
2020-12-16;"Bratislavský kraj";282;10201;418;10619;NA;243732;700;2020-12-16;18388
2020-12-15;"Bratislavský kraj";423;10450;454;10904;NA;243732;877;2020-12-15;17688
2020-12-14;"Bratislavský kraj";279;6793;261;7054;NA;243732;540;2020-12-14;16811
2020-12-13;"Bratislavský kraj";125;139;10;149;NA;243732;135;2020-12-13;16271
2020-12-12;"Bratislavský kraj";361;3886;157;4043;NA;243732;518;2020-12-12;16136
2020-12-11;"Bratislavský kraj";326;6824;235;7059;NA;243732;561;2020-12-11;15618
2020-12-10;"Bratislavský kraj";286;5279;166;5445;NA;243732;452;2020-12-10;15057
2020-12-09;"Bratislavský kraj";382;4778;177;4955;NA;243732;559;2020-12-09;14605
2020-12-08;"Bratislavský kraj";234;6243;207;6450;NA;243732;441;2020-12-08;14046
2020-12-07;"Bratislavský kraj";272;4639;152;4791;NA;243732;424;2020-12-07;13605
2020-12-06;"Bratislavský kraj";61;1625;52;1677;NA;243732;113;2020-12-06;13181
2020-12-05;"Bratislavský kraj";266;2221;41;2262;NA;243732;307;2020-12-05;13068
2020-12-04;"Bratislavský kraj";200;4954;99;5053;NA;243732;299;2020-12-04;12761
2020-12-03;"Bratislavský kraj";213;5672;95;5767;NA;243732;308;2020-12-03;12462
2020-12-02;"Bratislavský kraj";205;3462;103;3565;NA;243732;308;2020-12-02;12154
2020-12-01;"Bratislavský kraj";255;3889;172;4061;NA;243732;427;2020-12-01;11846
2020-11-30;"Bratislavský kraj";152;2153;121;2274;NA;243732;273;2020-11-30;11419
2020-11-29;"Bratislavský kraj";52;201;24;225;NA;243732;76;2020-11-29;11146
2020-11-28;"Bratislavský kraj";232;2624;33;2657;NA;243732;265;2020-11-28;11070
2020-11-27;"Bratislavský kraj";54;2540;64;2604;NA;243732;118;2020-11-27;10805
2020-11-26;"Bratislavský kraj";129;1976;60;2036;NA;243732;189;2020-11-26;10687
2020-11-25;"Bratislavský kraj";140;1770;47;1817;NA;243732;187;2020-11-25;10498
2020-11-24;"Bratislavský kraj";81;2988;67;3055;NA;243732;148;2020-11-24;10311
2020-11-23;"Bratislavský kraj";67;7083;58;7141;NA;243732;125;2020-11-23;10163
2020-11-22;"Bratislavský kraj";36;81;7;88;NA;243732;43;2020-11-22;10038
2020-11-21;"Bratislavský kraj";109;2126;47;2173;NA;243732;156;2020-11-21;9995
2020-11-20;"Bratislavský kraj";118;2876;48;2924;NA;243732;166;2020-11-20;9839
2020-11-19;"Bratislavský kraj";173;987;29;1016;NA;243732;202;2020-11-19;9673
2020-11-18;"Bratislavský kraj";118;616;75;691;NA;243732;193;2020-11-18;9471
2020-11-17;"Bratislavský kraj";108;928;23;951;NA;243732;131;2020-11-17;9278
2020-11-16;"Bratislavský kraj";82;651;9;660;NA;243732;91;2020-11-16;9147
2020-11-15;"Bratislavský kraj";47;236;0;236;NA;243732;47;2020-11-15;9056
2020-11-14;"Bratislavský kraj";53;1834;15;1849;NA;243732;68;2020-11-14;9009
2020-11-13;"Bratislavský kraj";94;2096;21;2117;NA;243732;115;2020-11-13;8941
2020-11-12;"Bratislavský kraj";141;1727;6;1733;NA;243732;147;2020-11-12;8826
2020-11-11;"Bratislavský kraj";159;1429;12;1441;NA;243732;171;2020-11-11;8679
2020-11-10;"Bratislavský kraj";136;805;14;819;NA;243732;150;2020-11-10;8508
2020-11-09;"Bratislavský kraj";70;616;8;624;NA;243732;78;2020-11-09;8358
2020-11-08;"Bratislavský kraj";82;869;6;875;NA;243732;88;2020-11-08;8280
2020-11-07;"Bratislavský kraj";88;4039;17;4056;NA;243732;105;2020-11-07;8192
2020-11-06;"Bratislavský kraj";281;6441;25;6466;NA;243732;306;2020-11-06;8087
2020-11-05;"Bratislavský kraj";175;476;11;487;NA;243732;186;2020-11-05;7781
2020-11-04;"Bratislavský kraj";65;411;10;421;NA;243732;75;2020-11-04;7595
2020-11-03;"Bratislavský kraj";251;1085;12;1097;NA;243732;263;2020-11-03;7520
2020-11-02;"Bratislavský kraj";202;3365;22;3387;NA;243732;224;2020-11-02;7257
2020-11-01;"Bratislavský kraj";227;8694;39;8733;NA;243732;266;2020-11-01;7033
2020-10-31;"Bratislavský kraj";173;22407;123;22530;NA;243732;296;2020-10-31;6767
2020-10-30;"Bratislavský kraj";158;17350;138;17488;NA;243732;296;2020-10-30;6471
2020-10-29;"Bratislavský kraj";262;116;4;120;NA;243732;266;2020-10-29;6175
2020-10-28;"Bratislavský kraj";220;260;15;275;NA;243732;235;2020-10-28;5909
2020-10-27;"Bratislavský kraj";256;145;4;149;NA;243732;260;2020-10-27;5674
2020-10-26;"Bratislavský kraj";123;229;11;240;NA;243732;134;2020-10-26;5414
2020-10-25;"Bratislavský kraj";152;33;2;35;NA;243732;154;2020-10-25;5280
2020-10-24;"Bratislavský kraj";170;221;6;227;NA;243732;176;2020-10-24;5126
2020-10-23;"Bratislavský kraj";151;144;8;152;NA;243732;159;2020-10-23;4950
2020-10-22;"Bratislavský kraj";192;204;15;219;NA;243732;207;2020-10-22;4791
2020-10-21;"Bratislavský kraj";66;90;6;96;NA;243732;72;2020-10-21;4584
2020-10-20;"Bratislavský kraj";183;97;4;101;NA;243732;187;2020-10-20;4512
2020-10-19;"Bratislavský kraj";148;80;3;83;NA;243732;151;2020-10-19;4325
2020-10-18;"Bratislavský kraj";75;92;0;92;NA;243732;75;2020-10-18;4174
2020-10-17;"Bratislavský kraj";136;0;0;0;NA;243732;136;2020-10-17;4099
2020-10-16;"Bratislavský kraj";103;14;1;15;NA;243732;104;2020-10-16;3963
2020-10-15;"Bratislavský kraj";135;6;1;7;NA;243732;136;2020-10-15;3859
2020-10-14;"Bratislavský kraj";127;4;0;4;NA;243732;127;2020-10-14;3723
2020-10-13;"Bratislavský kraj";86;108;8;116;NA;243732;94;2020-10-13;3596
2020-10-12;"Bratislavský kraj";46;0;0;0;NA;243732;46;2020-10-12;3502
2020-10-11;"Bratislavský kraj";80;0;0;0;NA;243732;80;2020-10-11;3456
2020-10-10;"Bratislavský kraj";55;0;0;0;NA;243732;55;2020-10-10;3376
2020-10-09;"Bratislavský kraj";148;0;0;0;NA;243732;148;2020-10-09;3321
2020-10-08;"Bratislavský kraj";100;0;0;0;NA;243732;100;2020-10-08;3173
2020-10-07;"Bratislavský kraj";107;0;0;0;NA;243732;107;2020-10-07;3073
2020-10-06;"Bratislavský kraj";108;0;0;0;NA;243732;108;2020-10-06;2966
2020-10-05;"Bratislavský kraj";30;0;0;0;NA;243732;30;2020-10-05;2858
2020-10-04;"Bratislavský kraj";49;0;0;0;NA;243732;49;2020-10-04;2828
2020-10-03;"Bratislavský kraj";82;0;0;0;NA;243732;82;2020-10-03;2779
2020-10-02;"Bratislavský kraj";101;0;0;0;NA;243732;101;2020-10-02;2697
2020-10-01;"Bratislavský kraj";72;0;0;0;NA;243732;72;2020-10-01;2596
2020-09-30;"Bratislavský kraj";91;0;0;0;NA;243732;91;2020-09-30;2524
2020-09-29;"Bratislavský kraj";74;0;0;0;NA;243732;74;2020-09-29;2433
2020-09-28;"Bratislavský kraj";29;0;0;0;NA;243732;29;2020-09-28;2359
2020-09-27;"Bratislavský kraj";48;0;0;0;NA;243732;48;2020-09-27;2330
2020-09-26;"Bratislavský kraj";86;0;0;0;NA;243732;86;2020-09-26;2282
2020-09-25;"Bratislavský kraj";97;0;0;0;NA;243732;97;2020-09-25;2196
2020-09-24;"Bratislavský kraj";73;0;0;0;NA;243732;73;2020-09-24;2099
2020-09-23;"Bratislavský kraj";55;0;0;0;NA;243732;55;2020-09-23;2026
2020-09-22;"Bratislavský kraj";81;0;0;0;NA;243732;81;2020-09-22;1971
2020-09-21;"Bratislavský kraj";32;0;0;0;NA;243732;32;2020-09-21;1890
2020-09-20;"Bratislavský kraj";25;0;0;0;NA;243732;25;2020-09-20;1858
2020-09-19;"Bratislavský kraj";59;0;0;0;NA;243732;59;2020-09-19;1833
2020-09-18;"Bratislavský kraj";42;0;0;0;NA;243732;42;2020-09-18;1774
2020-09-17;"Bratislavský kraj";52;0;0;0;NA;243732;52;2020-09-17;1732
2020-09-16;"Bratislavský kraj";32;0;0;0;NA;243732;32;2020-09-16;1680
2020-09-15;"Bratislavský kraj";26;0;0;0;NA;243732;26;2020-09-15;1648
2020-09-14;"Bratislavský kraj";24;0;0;0;NA;243732;24;2020-09-14;1622
2020-09-13;"Bratislavský kraj";11;0;0;0;NA;243732;11;2020-09-13;1598
2020-09-12;"Bratislavský kraj";24;0;0;0;NA;243732;24;2020-09-12;1587
2020-09-11;"Bratislavský kraj";50;0;0;0;NA;243732;50;2020-09-11;1563
2020-09-10;"Bratislavský kraj";47;0;0;0;NA;243732;47;2020-09-10;1513
2020-09-09;"Bratislavský kraj";40;0;0;0;NA;243732;40;2020-09-09;1466
2020-09-08;"Bratislavský kraj";58;0;0;0;NA;243732;58;2020-09-08;1426
2020-09-07;"Bratislavský kraj";39;0;0;0;NA;243732;39;2020-09-07;1368
2020-09-06;"Bratislavský kraj";11;0;0;0;NA;243732;11;2020-09-06;1329
2020-09-05;"Bratislavský kraj";37;0;0;0;NA;243732;37;2020-09-05;1318
2020-09-04;"Bratislavský kraj";87;0;0;0;NA;243732;87;2020-09-04;1281
2020-09-03;"Bratislavský kraj";51;0;0;0;NA;243732;51;2020-09-03;1194
2020-09-02;"Bratislavský kraj";50;0;0;0;NA;243732;50;2020-09-02;1143
2020-09-01;"Bratislavský kraj";16;0;0;0;NA;243732;16;2020-09-01;1093
2020-08-31;"Bratislavský kraj";19;0;0;0;NA;243732;19;2020-08-31;1077
2020-08-30;"Bratislavský kraj";9;0;0;0;NA;243732;9;2020-08-30;1058
2020-08-29;"Bratislavský kraj";12;0;0;0;NA;243732;12;2020-08-29;1049
2020-08-28;"Bratislavský kraj";35;0;0;0;NA;243732;35;2020-08-28;1037
2020-08-27;"Bratislavský kraj";33;0;0;0;NA;243732;33;2020-08-27;1002
2020-08-26;"Bratislavský kraj";27;0;0;0;NA;243732;27;2020-08-26;969
2020-08-25;"Bratislavský kraj";29;0;0;0;NA;243732;29;2020-08-25;942
2020-08-24;"Bratislavský kraj";6;0;0;0;NA;243732;6;2020-08-24;913
2020-08-23;"Bratislavský kraj";45;0;0;0;NA;243732;45;2020-08-23;907
2020-08-22;"Bratislavský kraj";13;0;0;0;NA;243732;13;2020-08-22;862
2020-08-21;"Bratislavský kraj";46;0;0;0;NA;243732;46;2020-08-21;849
2020-08-20;"Bratislavský kraj";41;0;0;0;NA;243732;41;2020-08-20;803
2020-08-19;"Bratislavský kraj";27;0;0;0;NA;243732;27;2020-08-19;762
2020-08-18;"Bratislavský kraj";47;0;0;0;NA;243732;47;2020-08-18;735
2020-08-17;"Bratislavský kraj";2;0;0;0;NA;243732;2;2020-08-17;688
2020-08-16;"Bratislavský kraj";3;0;0;0;NA;243732;3;2020-08-16;686
2020-08-15;"Bratislavský kraj";18;0;0;0;NA;243732;18;2020-08-15;683
2020-08-14;"Bratislavský kraj";16;0;0;0;NA;243732;16;2020-08-14;665
2020-08-13;"Bratislavský kraj";12;0;0;0;NA;243732;12;2020-08-13;649
2020-08-12;"Bratislavský kraj";10;0;0;0;NA;243732;10;2020-08-12;637
2020-08-11;"Bratislavský kraj";23;0;0;0;NA;243732;23;2020-08-11;627
2020-08-10;"Bratislavský kraj";2;0;0;0;NA;243732;2;2020-08-10;604
2020-08-09;"Bratislavský kraj";2;0;0;0;NA;243732;2;2020-08-09;602
2020-08-08;"Bratislavský kraj";1;0;0;0;NA;243732;1;2020-08-08;600
2020-08-07;"Bratislavský kraj";9;0;0;0;NA;243732;9;2020-08-07;599
2020-08-06;"Bratislavský kraj";15;0;0;0;NA;243732;15;2020-08-06;590
2020-08-05;"Bratislavský kraj";11;0;0;0;NA;243732;11;2020-08-05;575
2020-08-04;"Bratislavský kraj";21;0;0;0;NA;243732;21;2020-08-04;564
2020-08-03;"Bratislavský kraj";7;0;0;0;NA;243732;7;2020-08-03;543
2020-08-02;"Bratislavský kraj";0;0;0;0;NA;243732;0;2020-08-02;536
2020-08-01;"Bratislavský kraj";0;0;0;0;NA;243732;0;2020-08-01;536
2020-07-31;"Bratislavský kraj";14;0;0;0;NA;243732;14;2020-07-31;536
2020-07-30;"Bratislavský kraj";6;0;0;0;NA;243732;6;2020-07-30;522
2020-07-29;"Bratislavský kraj";7;0;0;0;NA;243732;7;2020-07-29;516
2020-07-28;"Bratislavský kraj";14;0;0;0;NA;243732;14;2020-07-28;509
2020-07-27;"Bratislavský kraj";3;0;0;0;NA;243732;3;2020-07-27;495
2020-07-26;"Bratislavský kraj";0;0;0;0;NA;243732;0;2020-07-26;492
2020-07-25;"Bratislavský kraj";8;0;0;0;NA;243732;8;2020-07-25;492
2020-07-24;"Bratislavský kraj";2;0;0;0;NA;243732;2;2020-07-24;484
2020-07-23;"Bratislavský kraj";8;0;0;0;NA;243732;8;2020-07-23;482
2020-07-22;"Bratislavský kraj";11;0;0;0;NA;243732;11;2020-07-22;474
2020-07-21;"Bratislavský kraj";8;0;0;0;NA;243732;8;2020-07-21;463
2020-07-20;"Bratislavský kraj";12;0;0;0;NA;243732;12;2020-07-20;455
2020-07-19;"Bratislavský kraj";0;0;0;0;NA;243732;0;2020-07-19;443
2020-07-18;"Bratislavský kraj";2;0;0;0;NA;243732;2;2020-07-18;443
2020-07-17;"Bratislavský kraj";2;0;0;0;NA;243732;2;2020-07-17;441
2020-07-16;"Bratislavský kraj";6;0;0;0;NA;243732;6;2020-07-16;439
2020-07-15;"Bratislavský kraj";3;0;0;0;NA;243732;3;2020-07-15;433
2020-07-14;"Bratislavský kraj";2;0;0;0;NA;243732;2;2020-07-14;430
2020-07-13;"Bratislavský kraj";2;0;0;0;NA;243732;2;2020-07-13;428
2020-07-12;"Bratislavský kraj";0;0;0;0;NA;243732;0;2020-07-12;426
2020-07-11;"Bratislavský kraj";0;0;0;0;NA;243732;0;2020-07-11;426
2020-07-10;"Bratislavský kraj";8;0;0;0;NA;243732;8;2020-07-10;426
2020-07-09;"Bratislavský kraj";2;0;0;0;NA;243732;2;2020-07-09;418
2020-07-08;"Bratislavský kraj";11;0;0;0;NA;243732;11;2020-07-08;416
2020-07-07;"Bratislavský kraj";5;0;0;0;NA;243732;5;2020-07-07;405
2020-07-06;"Bratislavský kraj";1;0;0;0;NA;243732;1;2020-07-06;400
2020-07-05;"Bratislavský kraj";0;0;0;0;NA;243732;0;2020-07-05;399
2020-07-04;"Bratislavský kraj";3;0;0;0;NA;243732;3;2020-07-04;399
2020-07-03;"Bratislavský kraj";1;0;0;0;NA;243732;1;2020-07-03;396
2020-07-02;"Bratislavský kraj";0;0;0;0;NA;243732;0;2020-07-02;395
2020-07-01;"Bratislavský kraj";7;0;0;0;NA;243732;7;2020-07-01;395
2020-06-30;"Bratislavský kraj";3;0;0;0;NA;243732;3;2020-06-30;388
2020-06-29;"Bratislavský kraj";1;0;0;0;NA;243732;1;2020-06-29;385
2020-06-28;"Bratislavský kraj";0;0;0;0;NA;243732;0;2020-06-28;384
2020-06-27;"Bratislavský kraj";1;0;0;0;NA;243732;1;2020-06-27;384
2020-06-26;"Bratislavský kraj";6;0;0;0;NA;243732;6;2020-06-26;383
2020-06-25;"Bratislavský kraj";0;0;0;0;NA;243732;0;2020-06-25;377
2020-06-24;"Bratislavský kraj";3;0;0;0;NA;243732;3;2020-06-24;377
2020-06-23;"Bratislavský kraj";0;0;0;0;NA;243732;0;2020-06-23;374
2020-06-22;"Bratislavský kraj";1;0;0;0;NA;243732;1;2020-06-22;374
2020-06-21;"Bratislavský kraj";0;0;0;0;NA;243732;0;2020-06-21;373
2020-06-20;"Bratislavský kraj";0;0;0;0;NA;243732;0;2020-06-20;373
2020-06-19;"Bratislavský kraj";3;0;0;0;NA;243732;3;2020-06-19;373
2020-06-18;"Bratislavský kraj";0;0;0;0;NA;243732;0;2020-06-18;370
2020-06-17;"Bratislavský kraj";0;0;0;0;NA;243732;0;2020-06-17;370
2020-06-16;"Bratislavský kraj";0;0;0;0;NA;243732;0;2020-06-16;370
2020-06-14;"Bratislavský kraj";2;0;0;0;NA;243732;2;2020-06-14;370
2020-06-13;"Bratislavský kraj";1;0;0;0;NA;243732;1;2020-06-13;368
2020-06-12;"Bratislavský kraj";2;0;0;0;NA;243732;2;2020-06-12;367
2020-06-11;"Bratislavský kraj";0;0;0;0;NA;243732;0;2020-06-11;365
2020-06-10;"Bratislavský kraj";0;0;0;0;NA;243732;0;2020-06-10;365
2020-06-09;"Bratislavský kraj";0;0;0;0;NA;243732;0;2020-06-09;365
2020-06-08;"Bratislavský kraj";1;0;0;0;NA;243732;1;2020-06-08;365
2020-06-07;"Bratislavský kraj";0;0;0;0;NA;243732;0;2020-06-07;364
2020-06-05;"Bratislavský kraj";0;0;0;0;NA;243732;0;2020-06-05;364
2020-06-03;"Bratislavský kraj";1;0;0;0;NA;243732;1;2020-06-03;364
2020-06-02;"Bratislavský kraj";0;0;0;0;NA;243732;0;2020-06-02;363
2020-05-31;"Bratislavský kraj";0;0;0;0;NA;243732;0;2020-05-31;363
2020-05-29;"Bratislavský kraj";0;0;0;0;NA;243732;0;2020-05-29;363
2020-05-27;"Bratislavský kraj";1;0;0;0;NA;243732;1;2020-05-27;363
2020-05-26;"Bratislavský kraj";0;0;0;0;NA;243732;0;2020-05-26;362
2020-05-25;"Bratislavský kraj";0;0;0;0;NA;243732;0;2020-05-25;362
2020-05-24;"Bratislavský kraj";0;0;0;0;NA;243732;0;2020-05-24;362
2020-05-23;"Bratislavský kraj";2;0;0;0;NA;243732;2;2020-05-23;362
2020-05-22;"Bratislavský kraj";0;0;0;0;NA;243732;0;2020-05-22;360
2020-05-21;"Bratislavský kraj";0;0;0;0;NA;243732;0;2020-05-21;360
2020-05-20;"Bratislavský kraj";0;0;0;0;NA;243732;0;2020-05-20;360
2020-05-19;"Bratislavský kraj";0;0;0;0;NA;243732;0;2020-05-19;360
2020-05-17;"Bratislavský kraj";0;0;0;0;NA;243732;0;2020-05-17;360
2020-05-16;"Bratislavský kraj";0;0;0;0;NA;243732;0;2020-05-16;360
2020-05-15;"Bratislavský kraj";0;0;0;0;NA;243732;0;2020-05-15;360
2020-05-14;"Bratislavský kraj";0;0;0;0;NA;243732;0;2020-05-14;360
2020-05-13;"Bratislavský kraj";0;0;0;0;NA;243732;0;2020-05-13;360
2020-05-12;"Bratislavský kraj";2;0;0;0;NA;243732;2;2020-05-12;360
2020-05-11;"Bratislavský kraj";0;0;0;0;NA;243732;0;2020-05-11;358
2020-05-09;"Bratislavský kraj";0;0;0;0;NA;243732;0;2020-05-09;358
2020-05-07;"Bratislavský kraj";1;0;0;0;NA;243732;1;2020-05-07;358
2020-05-06;"Bratislavský kraj";3;0;0;0;NA;243732;3;2020-05-06;357
2020-05-05;"Bratislavský kraj";0;0;0;0;NA;243732;0;2020-05-05;354
2020-05-04;"Bratislavský kraj";0;0;0;0;NA;243732;0;2020-05-04;354
2020-05-03;"Bratislavský kraj";2;0;0;0;NA;243732;2;2020-05-03;354
2020-05-02;"Bratislavský kraj";0;0;0;0;NA;243732;0;2020-05-02;352
2020-05-01;"Bratislavský kraj";0;0;0;0;NA;243732;0;2020-05-01;352
2020-04-30;"Bratislavský kraj";5;0;0;0;NA;243732;5;2020-04-30;352
2020-04-29;"Bratislavský kraj";0;0;0;0;NA;243732;0;2020-04-29;347
2020-04-28;"Bratislavský kraj";2;0;0;0;NA;243732;2;2020-04-28;347
2020-04-27;"Bratislavský kraj";0;0;0;0;NA;243732;0;2020-04-27;345
2020-04-26;"Bratislavský kraj";1;0;0;0;NA;243732;1;2020-04-26;345
2020-04-25;"Bratislavský kraj";0;0;0;0;NA;243732;0;2020-04-25;344
2020-04-24;"Bratislavský kraj";2;0;0;0;NA;243732;2;2020-04-24;344
2020-04-23;"Bratislavský kraj";6;0;0;0;NA;243732;6;2020-04-23;342
2020-04-22;"Bratislavský kraj";11;0;0;0;NA;243732;11;2020-04-22;336
2020-04-21;"Bratislavský kraj";4;0;0;0;NA;243732;4;2020-04-21;325
2020-04-20;"Bratislavský kraj";0;0;0;0;NA;243732;0;2020-04-20;321
2020-04-19;"Bratislavský kraj";4;0;0;0;NA;243732;4;2020-04-19;321
2020-04-18;"Bratislavský kraj";5;0;0;0;NA;243732;5;2020-04-18;317
2020-04-17;"Bratislavský kraj";6;0;0;0;NA;243732;6;2020-04-17;312
2020-04-16;"Bratislavský kraj";15;0;0;0;NA;243732;15;2020-04-16;306
2020-04-15;"Bratislavský kraj";11;0;0;0;NA;243732;11;2020-04-15;291
2020-04-14;"Bratislavský kraj";19;0;0;0;NA;243732;19;2020-04-14;280
2020-04-13;"Bratislavský kraj";53;0;0;0;NA;243732;53;2020-04-13;261
2020-04-12;"Bratislavský kraj";3;0;0;0;NA;243732;3;2020-04-12;208
2020-04-11;"Bratislavský kraj";1;0;0;0;NA;243732;1;2020-04-11;205
2020-04-10;"Bratislavský kraj";8;0;0;0;NA;243732;8;2020-04-10;204
2020-04-09;"Bratislavský kraj";3;0;0;0;NA;243732;3;2020-04-09;196
2020-04-08;"Bratislavský kraj";3;0;0;0;NA;243732;3;2020-04-08;193
2020-04-07;"Bratislavský kraj";24;0;0;0;NA;243732;24;2020-04-07;190
2020-04-06;"Bratislavský kraj";5;0;0;0;NA;243732;5;2020-04-06;166
2020-04-05;"Bratislavský kraj";6;0;0;0;NA;243732;6;2020-04-05;161
2020-04-04;"Bratislavský kraj";2;0;0;0;NA;243732;2;2020-04-04;155
2020-04-03;"Bratislavský kraj";1;0;0;0;NA;243732;1;2020-04-03;153
2020-04-02;"Bratislavský kraj";2;0;0;0;NA;243732;2;2020-04-02;152
2020-04-01;"Bratislavský kraj";5;0;0;0;NA;243732;5;2020-04-01;150
2020-03-31;"Bratislavský kraj";19;0;0;0;NA;243732;19;2020-03-31;145
2020-03-30;"Bratislavský kraj";6;0;0;0;NA;243732;6;2020-03-30;126
2020-03-29;"Bratislavský kraj";8;0;0;0;NA;243732;8;2020-03-29;120
2020-03-28;"Bratislavský kraj";4;0;0;0;NA;243732;4;2020-03-28;112
2020-03-27;"Bratislavský kraj";3;0;0;0;NA;243732;3;2020-03-27;108
2020-03-26;"Bratislavský kraj";15;0;0;0;NA;243732;15;2020-03-26;105
2020-03-25;"Bratislavský kraj";1;0;0;0;NA;243732;1;2020-03-25;90
2020-03-24;"Bratislavský kraj";4;0;0;0;NA;243732;4;2020-03-24;89
2020-03-23;"Bratislavský kraj";9;0;0;0;NA;243732;9;2020-03-23;85
2020-03-22;"Bratislavský kraj";2;0;0;0;NA;243732;2;2020-03-22;76
2020-03-21;"Bratislavský kraj";22;0;0;0;NA;243732;22;2020-03-21;74
2020-03-20;"Bratislavský kraj";3;0;0;0;NA;243732;3;2020-03-20;52
2020-03-19;"Bratislavský kraj";4;0;0;0;NA;243732;4;2020-03-19;49
2020-03-18;"Bratislavský kraj";3;0;0;0;NA;243732;3;2020-03-18;45
2020-03-17;"Bratislavský kraj";13;0;0;0;NA;243732;13;2020-03-17;42
2020-03-16;"Bratislavský kraj";1;0;0;0;NA;243732;1;2020-03-16;29
2020-03-15;"Bratislavský kraj";4;0;0;0;NA;243732;4;2020-03-15;28
2020-03-14;"Bratislavský kraj";9;0;0;0;NA;243732;9;2020-03-14;24
2020-03-13;"Bratislavský kraj";2;0;0;0;NA;243732;2;2020-03-13;15
2020-03-12;"Bratislavský kraj";8;0;0;0;NA;243732;8;2020-03-12;13
2020-03-11;"Bratislavský kraj";3;0;0;0;NA;243732;3;2020-03-11;5
2020-03-09;"Bratislavský kraj";0;0;0;0;NA;243732;0;2020-03-09;2
2020-03-08;"Bratislavský kraj";2;0;0;0;NA;243732;2;2020-03-08;2
2020-03-07;"Bratislavský kraj";2;0;0;0;NA;243732;2;2020-03-07;0
2020-03-06;"Bratislavský kraj";1;0;0;0;NA;243732;1;2020-03-06;-2
2022-02-15;"Košický kraj";2768;5403;811;6214;170650;257494;3579;2022-02-15;257494
2022-02-14;"Košický kraj";2337;7955;1082;9037;NA;257494;3419;2022-02-14;253915
2022-02-13;"Košický kraj";1235;4132;790;4922;NA;257494;2025;2022-02-13;250496
2022-02-12;"Košický kraj";1728;1980;518;2498;NA;257494;2246;2022-02-12;248471
2022-02-11;"Košický kraj";2665;4723;618;5341;NA;257494;3283;2022-02-11;246225
2022-02-10;"Košický kraj";2135;5254;699;5953;NA;257494;2834;2022-02-10;242942
2022-02-09;"Košický kraj";2067;5876;741;6617;NA;257494;2808;2022-02-09;240108
2022-02-08;"Košický kraj";2993;6059;760;6819;NA;257494;3753;2022-02-08;237300
2022-02-07;"Košický kraj";1939;7860;958;8818;NA;257494;2897;2022-02-07;233547
2022-02-06;"Košický kraj";998;4414;668;5082;NA;257494;1666;2022-02-06;230650
2022-02-05;"Košický kraj";2209;2463;436;2899;NA;257494;2645;2022-02-05;228984
2022-02-04;"Košický kraj";2563;5681;634;6315;NA;257494;3197;2022-02-04;226339
2022-02-03;"Košický kraj";1916;6352;655;7007;NA;257494;2571;2022-02-03;223142
2022-02-02;"Košický kraj";2498;6869;623;7492;NA;257494;3121;2022-02-02;220571
2022-02-01;"Košický kraj";2173;6702;677;7379;NA;257494;2850;2022-02-01;217450
2022-01-31;"Košický kraj";2020;9960;841;10801;NA;257494;2861;2022-01-31;214600
2022-01-30;"Košický kraj";1002;5621;528;6149;NA;257494;1530;2022-01-30;211739
2022-01-29;"Košický kraj";1731;2720;386;3106;NA;257494;2117;2022-01-29;210209
2022-01-28;"Košický kraj";1743;5571;492;6063;NA;257494;2235;2022-01-28;208092
2022-01-27;"Košický kraj";1553;5792;413;6205;NA;257494;1966;2022-01-27;205857
2022-01-26;"Košický kraj";1683;5613;399;6012;NA;257494;2082;2022-01-26;203891
2022-01-25;"Košický kraj";1409;6210;404;6614;NA;257494;1813;2022-01-25;201809
2022-01-24;"Košický kraj";1141;8669;431;9100;NA;257494;1572;2022-01-24;199996
2022-01-23;"Košický kraj";516;5418;287;5705;NA;257494;803;2022-01-23;198424
2022-01-22;"Košický kraj";914;2528;177;2705;NA;257494;1091;2022-01-22;197621
2022-01-21;"Košický kraj";589;5186;227;5413;NA;257494;816;2022-01-21;196530
2022-01-20;"Košický kraj";769;5379;200;5579;NA;257494;969;2022-01-20;195714
2022-01-19;"Košický kraj";629;5329;178;5507;NA;257494;807;2022-01-19;194745
2022-01-18;"Košický kraj";716;5758;140;5898;NA;257494;856;2022-01-18;193938
2022-01-17;"Košický kraj";486;8867;183;9050;NA;257494;669;2022-01-17;193082
2022-01-16;"Košický kraj";51;5264;137;5401;NA;257494;188;2022-01-16;192413
2022-01-15;"Košický kraj";422;2208;69;2277;NA;257494;491;2022-01-15;192225
2022-01-14;"Košický kraj";175;4208;91;4299;NA;257494;266;2022-01-14;191734
2022-01-13;"Košický kraj";165;4919;77;4996;NA;257494;242;2022-01-13;191468
2022-01-12;"Košický kraj";295;4604;78;4682;NA;257494;373;2022-01-12;191226
2022-01-11;"Košický kraj";349;5295;70;5365;NA;257494;419;2022-01-11;190853
2022-01-10;"Košický kraj";290;8249;128;8377;NA;257494;418;2022-01-10;190434
2022-01-09;"Košický kraj";230;5838;86;5924;NA;257494;316;2022-01-09;190016
2022-01-08;"Košický kraj";157;2417;57;2474;NA;257494;214;2022-01-08;189700
2022-01-07;"Košický kraj";388;5017;129;5146;NA;257494;517;2022-01-07;189486
2022-01-06;"Košický kraj";118;1576;55;1631;NA;257494;173;2022-01-06;188969
2022-01-05;"Košický kraj";354;5082;102;5184;NA;257494;456;2022-01-05;188796
2022-01-04;"Košický kraj";450;5273;84;5357;NA;257494;534;2022-01-04;188340
2022-01-03;"Košický kraj";439;7970;140;8110;NA;257494;579;2022-01-03;187806
2022-01-02;"Košický kraj";284;4614;109;4723;NA;257494;393;2022-01-02;187227
2022-01-01;"Košický kraj";28;360;18;378;NA;257494;46;2022-01-01;186834
2021-12-31;"Košický kraj";122;2999;86;3085;NA;257494;208;2021-12-31;186788
2021-12-30;"Košický kraj";401;3949;118;4067;NA;257494;519;2021-12-30;186580
2021-12-29;"Košický kraj";378;4194;111;4305;NA;257494;489;2021-12-29;186061
2021-12-28;"Košický kraj";509;4450;125;4575;NA;257494;634;2021-12-28;185572
2021-12-27;"Košický kraj";495;6822;205;7027;NA;257494;700;2021-12-27;184938
2021-12-26;"Košický kraj";109;2510;115;2625;NA;257494;224;2021-12-26;184238
2021-12-25;"Košický kraj";30;644;43;687;NA;257494;73;2021-12-25;184014
2021-12-24;"Košický kraj";95;1055;50;1105;NA;257494;145;2021-12-24;183941
2021-12-23;"Košický kraj";644;4479;131;4610;NA;257494;775;2021-12-23;183796
2021-12-22;"Košický kraj";224;4309;106;4415;NA;257494;330;2021-12-22;183021
2021-12-21;"Košický kraj";544;6491;138;6629;NA;257494;682;2021-12-21;182691
2021-12-20;"Košický kraj";464;8510;193;8703;NA;257494;657;2021-12-20;182009
2021-12-19;"Košický kraj";137;5447;177;5624;NA;257494;314;2021-12-19;181352
2021-12-18;"Košický kraj";414;2555;102;2657;NA;257494;516;2021-12-18;181038
2021-12-17;"Košický kraj";428;4832;145;4977;NA;257494;573;2021-12-17;180522
2021-12-16;"Košický kraj";476;5845;168;6013;NA;257494;644;2021-12-16;179949
2021-12-15;"Košický kraj";508;5956;172;6128;NA;257494;680;2021-12-15;179305
2021-12-14;"Košický kraj";957;5789;172;5961;NA;257494;1129;2021-12-14;178625
2021-12-13;"Košický kraj";679;9657;248;9905;NA;257494;927;2021-12-13;177496
2021-12-12;"Košický kraj";243;6657;198;6855;NA;257494;441;2021-12-12;176569
2021-12-11;"Košický kraj";519;2996;134;3130;NA;257494;653;2021-12-11;176128
2021-12-10;"Košický kraj";936;5465;185;5650;NA;257494;1121;2021-12-10;175475
2021-12-09;"Košický kraj";755;5779;198;5977;NA;257494;953;2021-12-09;174354
2021-12-08;"Košický kraj";1095;6574;275;6849;NA;257494;1370;2021-12-08;173401
2021-12-07;"Košický kraj";1212;6323;267;6590;NA;257494;1479;2021-12-07;172031
2021-12-06;"Košický kraj";904;10627;313;10940;NA;257494;1217;2021-12-06;170552
2021-12-05;"Košický kraj";404;7756;263;8019;NA;257494;667;2021-12-05;169335
2021-12-04;"Košický kraj";1007;3097;180;3277;NA;257494;1187;2021-12-04;168668
2021-12-03;"Košický kraj";1338;6065;271;6336;NA;257494;1609;2021-12-03;167481
2021-12-02;"Košický kraj";2209;5654;302;5956;NA;257494;2511;2021-12-02;165872
2021-12-01;"Košický kraj";1016;6483;388;6871;NA;257494;1404;2021-12-01;163361
2021-11-30;"Košický kraj";1125;8173;471;8644;NA;257494;1596;2021-11-30;161957
2021-11-29;"Košický kraj";993;14057;634;14691;NA;257494;1627;2021-11-29;160361
2021-11-28;"Košický kraj";972;10211;473;10684;NA;257494;1445;2021-11-28;158734
2021-11-27;"Košický kraj";1103;3566;219;3785;NA;257494;1322;2021-11-27;157289
2021-11-26;"Košický kraj";1395;6059;383;6442;NA;257494;1778;2021-11-26;155967
2021-11-25;"Košický kraj";1373;6875;476;7351;NA;257494;1849;2021-11-25;154189
2021-11-24;"Košický kraj";1194;6905;457;7362;NA;257494;1651;2021-11-24;152340
2021-11-23;"Košický kraj";1178;7185;488;7673;NA;257494;1666;2021-11-23;150689
2021-11-22;"Košický kraj";861;10709;741;11450;NA;257494;1602;2021-11-22;149023
2021-11-21;"Košický kraj";985;7394;657;8051;NA;257494;1642;2021-11-21;147421
2021-11-20;"Košický kraj";1083;2859;295;3154;NA;257494;1378;2021-11-20;145779
2021-11-19;"Košický kraj";1078;7774;570;8344;NA;257494;1648;2021-11-19;144401
2021-11-18;"Košický kraj";1061;9410;719;10129;NA;257494;1780;2021-11-18;142753
2021-11-17;"Košický kraj";1319;2824;262;3086;NA;257494;1581;2021-11-17;140973
2021-11-16;"Košický kraj";1484;7135;543;7678;NA;257494;2027;2021-11-16;139392
2021-11-15;"Košický kraj";902;10812;754;11566;NA;257494;1656;2021-11-15;137365
2021-11-14;"Košický kraj";715;5756;455;6211;NA;257494;1170;2021-11-14;135709
2021-11-13;"Košický kraj";869;2686;312;2998;NA;257494;1181;2021-11-13;134539
2021-11-12;"Košický kraj";1132;5616;410;6026;NA;257494;1542;2021-11-12;133358
2021-11-11;"Košický kraj";1035;6139;460;6599;NA;257494;1495;2021-11-11;131816
2021-11-10;"Košický kraj";933;6633;497;7130;NA;257494;1430;2021-11-10;130321
2021-11-09;"Košický kraj";967;5540;389;5929;NA;257494;1356;2021-11-09;128891
2021-11-08;"Košický kraj";701;7838;601;8439;NA;257494;1302;2021-11-08;127535
2021-11-07;"Košický kraj";691;4578;425;5003;NA;257494;1116;2021-11-07;126233
2021-11-06;"Košický kraj";996;2276;217;2493;NA;257494;1213;2021-11-06;125117
2021-11-05;"Košický kraj";1029;4905;367;5272;NA;257494;1396;2021-11-05;123904
2021-11-04;"Košický kraj";1000;5354;360;5714;NA;257494;1360;2021-11-04;122508
2021-11-03;"Košický kraj";1051;5749;361;6110;NA;257494;1412;2021-11-03;121148
2021-11-02;"Košický kraj";915;8775;566;9341;NA;257494;1481;2021-11-02;119736
2021-11-01;"Košický kraj";181;1999;265;2264;NA;257494;446;2021-11-01;118255
2021-10-31;"Košický kraj";385;2337;227;2564;NA;257494;612;2021-10-31;117809
2021-10-30;"Košický kraj";641;2380;180;2560;NA;257494;821;2021-10-30;117197
2021-10-29;"Košický kraj";750;4608;289;4897;NA;257494;1039;2021-10-29;116376
2021-10-28;"Košický kraj";823;5115;255;5370;NA;257494;1078;2021-10-28;115337
2021-10-27;"Košický kraj";723;4831;259;5090;NA;257494;982;2021-10-27;114259
2021-10-26;"Košický kraj";618;5049;225;5274;NA;257494;843;2021-10-26;113277
2021-10-25;"Košický kraj";268;6747;292;7039;NA;257494;560;2021-10-25;112434
2021-10-24;"Košický kraj";170;3447;205;3652;NA;257494;375;2021-10-24;111874
2021-10-23;"Košický kraj";397;1953;86;2039;NA;257494;483;2021-10-23;111499
2021-10-22;"Košický kraj";474;4679;130;4809;NA;257494;604;2021-10-22;111016
2021-10-21;"Košický kraj";669;5094;172;5266;NA;257494;841;2021-10-21;110412
2021-10-20;"Košický kraj";398;4963;152;5115;NA;257494;550;2021-10-20;109571
2021-10-19;"Košický kraj";579;4870;161;5031;NA;257494;740;2021-10-19;109021
2021-10-18;"Košický kraj";180;7090;171;7261;NA;257494;351;2021-10-18;108281
2021-10-17;"Košický kraj";70;3614;125;3739;NA;257494;195;2021-10-17;107930
2021-10-16;"Košický kraj";312;1839;40;1879;NA;257494;352;2021-10-16;107735
2021-10-15;"Košický kraj";312;4530;77;4607;NA;257494;389;2021-10-15;107383
2021-10-14;"Košický kraj";327;4652;95;4747;NA;257494;422;2021-10-14;106994
2021-10-13;"Košický kraj";168;4168;88;4256;NA;257494;256;2021-10-13;106572
2021-10-12;"Košický kraj";391;4119;75;4194;NA;257494;466;2021-10-12;106316
2021-10-11;"Košický kraj";119;6351;121;6472;NA;257494;240;2021-10-11;105850
2021-10-10;"Košický kraj";104;2921;63;2984;NA;257494;167;2021-10-10;105610
2021-10-09;"Košický kraj";111;1687;43;1730;NA;257494;154;2021-10-09;105443
2021-10-08;"Košický kraj";274;4143;68;4211;NA;257494;342;2021-10-08;105289
2021-10-07;"Košický kraj";277;4399;74;4473;NA;257494;351;2021-10-07;104947
2021-10-06;"Košický kraj";178;4369;89;4458;NA;257494;267;2021-10-06;104596
2021-10-05;"Košický kraj";345;4542;78;4620;NA;257494;423;2021-10-05;104329
2021-10-04;"Košický kraj";122;6094;110;6204;NA;257494;232;2021-10-04;103906
2021-10-03;"Košický kraj";133;3176;74;3250;NA;257494;207;2021-10-03;103674
2021-10-02;"Košický kraj";124;2567;41;2608;NA;257494;165;2021-10-02;103467
2021-10-01;"Košický kraj";181;4251;73;4324;NA;257494;254;2021-10-01;103302
2021-09-30;"Košický kraj";244;4780;71;4851;NA;257494;315;2021-09-30;103048
2021-09-29;"Košický kraj";183;3824;64;3888;NA;257494;247;2021-09-29;102733
2021-09-28;"Košický kraj";303;4339;80;4419;NA;257494;383;2021-09-28;102486
2021-09-27;"Košický kraj";117;6358;77;6435;NA;257494;194;2021-09-27;102103
2021-09-26;"Košický kraj";13;2809;44;2853;NA;257494;57;2021-09-26;101909
2021-09-25;"Košický kraj";162;2521;35;2556;NA;257494;197;2021-09-25;101852
2021-09-24;"Košický kraj";183;4756;43;4799;NA;257494;226;2021-09-24;101655
2021-09-23;"Košický kraj";142;3880;51;3931;NA;257494;193;2021-09-23;101429
2021-09-22;"Košický kraj";151;4436;52;4488;NA;257494;203;2021-09-22;101236
2021-09-21;"Košický kraj";234;4441;44;4485;NA;257494;278;2021-09-21;101033
2021-09-20;"Košický kraj";158;6017;73;6090;NA;257494;231;2021-09-20;100755
2021-09-19;"Košický kraj";15;2487;30;2517;NA;257494;45;2021-09-19;100524
2021-09-18;"Košický kraj";187;2504;24;2528;NA;257494;211;2021-09-18;100479
2021-09-17;"Košický kraj";121;4797;41;4838;NA;257494;162;2021-09-17;100268
2021-09-16;"Košický kraj";228;4503;71;4574;NA;257494;299;2021-09-16;100106
2021-09-15;"Košický kraj";52;989;16;1005;NA;257494;68;2021-09-15;99807
2021-09-14;"Košický kraj";142;3456;47;3503;NA;257494;189;2021-09-14;99739
2021-09-13;"Košický kraj";96;4949;48;4997;NA;257494;144;2021-09-13;99550
2021-09-12;"Košický kraj";14;2003;31;2034;NA;257494;45;2021-09-12;99406
2021-09-11;"Košický kraj";105;2186;19;2205;NA;257494;124;2021-09-11;99361
2021-09-10;"Košický kraj";125;4293;42;4335;NA;257494;167;2021-09-10;99237
2021-09-09;"Košický kraj";115;3226;30;3256;NA;257494;145;2021-09-09;99070
2021-09-08;"Košický kraj";86;2753;36;2789;NA;257494;122;2021-09-08;98925
2021-09-07;"Košický kraj";79;2686;53;2739;NA;257494;132;2021-09-07;98803
2021-09-06;"Košický kraj";41;2786;36;2822;NA;257494;77;2021-09-06;98671
2021-09-05;"Košický kraj";52;1393;18;1411;NA;257494;70;2021-09-05;98594
2021-09-04;"Košický kraj";37;1678;12;1690;NA;257494;49;2021-09-04;98524
2021-09-03;"Košický kraj";47;2913;35;2948;NA;257494;82;2021-09-03;98475
2021-09-02;"Košický kraj";56;2686;26;2712;NA;257494;82;2021-09-02;98393
2021-09-01;"Košický kraj";95;629;13;642;NA;257494;108;2021-09-01;98311
2021-08-31;"Košický kraj";30;2525;22;2547;NA;257494;52;2021-08-31;98203
2021-08-30;"Košický kraj";8;2404;28;2432;NA;257494;36;2021-08-30;98151
2021-08-29;"Košický kraj";16;603;1;604;NA;257494;17;2021-08-29;98115
2021-08-28;"Košický kraj";14;2103;11;2114;NA;257494;25;2021-08-28;98098
2021-08-27;"Košický kraj";22;2908;16;2924;NA;257494;38;2021-08-27;98073
2021-08-26;"Košický kraj";19;2292;13;2305;NA;257494;32;2021-08-26;98035
2021-08-25;"Košický kraj";33;2010;6;2016;NA;257494;39;2021-08-25;98003
2021-08-24;"Košický kraj";14;2337;3;2340;NA;257494;17;2021-08-24;97964
2021-08-23;"Košický kraj";33;2461;5;2466;NA;257494;38;2021-08-23;97947
2021-08-22;"Košický kraj";4;1457;8;1465;NA;257494;12;2021-08-22;97909
2021-08-21;"Košický kraj";35;2134;5;2139;NA;257494;40;2021-08-21;97897
2021-08-20;"Košický kraj";13;3215;5;3220;NA;257494;18;2021-08-20;97857
2021-08-19;"Košický kraj";14;2178;6;2184;NA;257494;20;2021-08-19;97839
2021-08-18;"Košický kraj";30;1827;8;1835;NA;257494;38;2021-08-18;97819
2021-08-17;"Košický kraj";24;1619;3;1622;NA;257494;27;2021-08-17;97781
2021-08-16;"Košický kraj";3;2236;10;2246;NA;257494;13;2021-08-16;97754
2021-08-15;"Košický kraj";1;778;5;783;NA;257494;6;2021-08-15;97741
2021-08-14;"Košický kraj";15;1222;1;1223;NA;257494;16;2021-08-14;97735
2021-08-13;"Košický kraj";14;1928;8;1936;NA;257494;22;2021-08-13;97719
2021-08-12;"Košický kraj";10;1248;3;1251;NA;257494;13;2021-08-12;97697
2021-08-11;"Košický kraj";6;1368;5;1373;NA;257494;11;2021-08-11;97684
2021-08-10;"Košický kraj";10;1352;8;1360;NA;257494;18;2021-08-10;97673
2021-08-09;"Košický kraj";12;1651;3;1654;NA;257494;15;2021-08-09;97655
2021-08-08;"Košický kraj";8;688;1;689;NA;257494;9;2021-08-08;97640
2021-08-07;"Košický kraj";3;1125;3;1128;NA;257494;6;2021-08-07;97631
2021-08-06;"Košický kraj";9;1614;6;1620;NA;257494;15;2021-08-06;97625
2021-08-05;"Košický kraj";26;1254;6;1260;NA;257494;32;2021-08-05;97610
2021-08-04;"Košický kraj";8;1373;5;1378;NA;257494;13;2021-08-04;97578
2021-08-03;"Košický kraj";33;1121;3;1124;NA;257494;36;2021-08-03;97565
2021-08-02;"Košický kraj";6;1702;8;1710;NA;257494;14;2021-08-02;97529
2021-08-01;"Košický kraj";1;662;1;663;NA;257494;2;2021-08-01;97515
2021-07-31;"Košický kraj";17;1153;2;1155;NA;257494;19;2021-07-31;97513
2021-07-30;"Košický kraj";12;1657;7;1664;NA;257494;19;2021-07-30;97494
2021-07-29;"Košický kraj";7;1242;5;1247;NA;257494;12;2021-07-29;97475
2021-07-28;"Košický kraj";15;956;5;961;NA;257494;20;2021-07-28;97463
2021-07-27;"Košický kraj";17;1180;7;1187;NA;257494;24;2021-07-27;97443
2021-07-26;"Košický kraj";3;1666;9;1675;NA;257494;12;2021-07-26;97419
2021-07-25;"Košický kraj";0;719;3;722;NA;257494;3;2021-07-25;97407
2021-07-24;"Košický kraj";18;996;4;1000;NA;257494;22;2021-07-24;97404
2021-07-23;"Košický kraj";9;1524;5;1529;NA;257494;14;2021-07-23;97382
2021-07-22;"Košický kraj";1;1254;4;1258;NA;257494;5;2021-07-22;97368
2021-07-21;"Košický kraj";4;1117;3;1120;NA;257494;7;2021-07-21;97363
2021-07-20;"Košický kraj";6;1355;1;1356;NA;257494;7;2021-07-20;97356
2021-07-19;"Košický kraj";2;1517;2;1519;NA;257494;4;2021-07-19;97349
2021-07-18;"Košický kraj";0;644;0;644;NA;257494;0;2021-07-18;97345
2021-07-17;"Košický kraj";3;1101;5;1106;NA;257494;8;2021-07-17;97345
2021-07-16;"Košický kraj";3;1609;4;1613;NA;257494;7;2021-07-16;97337
2021-07-15;"Košický kraj";4;1383;4;1387;NA;257494;8;2021-07-15;97330
2021-07-14;"Košický kraj";2;1175;4;1179;NA;257494;6;2021-07-14;97322
2021-07-13;"Košický kraj";4;1331;1;1332;NA;257494;5;2021-07-13;97316
2021-07-12;"Košický kraj";3;1894;3;1897;NA;257494;6;2021-07-12;97311
2021-07-11;"Košický kraj";1;537;2;539;NA;257494;3;2021-07-11;97305
2021-07-10;"Košický kraj";9;1167;0;1167;NA;257494;9;2021-07-10;97302
2021-07-09;"Košický kraj";5;2005;5;2010;NA;257494;10;2021-07-09;97293
2021-07-08;"Košický kraj";13;1282;2;1284;NA;257494;15;2021-07-08;97283
2021-07-07;"Košický kraj";6;1524;1;1525;NA;257494;7;2021-07-07;97268
2021-07-06;"Košický kraj";4;1886;2;1888;NA;257494;6;2021-07-06;97261
2021-07-05;"Košický kraj";1;573;1;574;NA;257494;2;2021-07-05;97255
2021-07-04;"Košický kraj";0;482;2;484;NA;257494;2;2021-07-04;97253
2021-07-03;"Košický kraj";2;1227;0;1227;NA;257494;2;2021-07-03;97251
2021-07-02;"Košický kraj";2;1883;3;1886;NA;257494;5;2021-07-02;97249
2021-07-01;"Košický kraj";0;1211;2;1213;NA;257494;2;2021-07-01;97244
2021-06-30;"Košický kraj";5;9306;7;9313;NA;257494;12;2021-06-30;97242
2021-06-29;"Košický kraj";6;5692;7;5699;NA;257494;13;2021-06-29;97230
2021-06-28;"Košický kraj";5;6129;2;6131;NA;257494;7;2021-06-28;97217
2021-06-27;"Košický kraj";8;4636;3;4639;NA;257494;11;2021-06-27;97210
2021-06-26;"Košický kraj";4;5699;14;5713;NA;257494;18;2021-06-26;97199
2021-06-25;"Košický kraj";5;6981;2;6983;NA;257494;7;2021-06-25;97181
2021-06-24;"Košický kraj";1;5072;3;5075;NA;257494;4;2021-06-24;97174
2021-06-23;"Košický kraj";8;5373;3;5376;NA;257494;11;2021-06-23;97170
2021-06-22;"Košický kraj";1;5269;3;5272;NA;257494;4;2021-06-22;97159
2021-06-21;"Košický kraj";5;6830;11;6841;NA;257494;16;2021-06-21;97155
2021-06-20;"Košický kraj";0;4882;6;4888;NA;257494;6;2021-06-20;97139
2021-06-19;"Košický kraj";7;6473;1;6474;NA;257494;8;2021-06-19;97133
2021-06-18;"Košický kraj";4;7969;8;7977;NA;257494;12;2021-06-18;97125
2021-06-17;"Košický kraj";6;6128;3;6131;NA;257494;9;2021-06-17;97113
2021-06-16;"Košický kraj";11;6059;7;6066;NA;257494;18;2021-06-16;97104
2021-06-15;"Košický kraj";12;6301;2;6303;NA;257494;14;2021-06-15;97086
2021-06-14;"Košický kraj";10;7076;9;7085;NA;257494;19;2021-06-14;97072
2021-06-13;"Košický kraj";7;6948;8;6956;NA;257494;15;2021-06-13;97053
2021-06-12;"Košický kraj";7;7485;9;7494;NA;257494;16;2021-06-12;97038
2021-06-11;"Košický kraj";15;8973;6;8979;NA;257494;21;2021-06-11;97022
2021-06-10;"Košický kraj";11;6588;16;6604;NA;257494;27;2021-06-10;97001
2021-06-09;"Košický kraj";37;6056;7;6063;NA;257494;44;2021-06-09;96974
2021-06-08;"Košický kraj";33;7019;13;7032;NA;257494;46;2021-06-08;96930
2021-06-07;"Košický kraj";11;8106;22;8128;NA;257494;33;2021-06-07;96884
2021-06-06;"Košický kraj";1;7843;7;7850;NA;257494;8;2021-06-06;96851
2021-06-05;"Košický kraj";21;9286;3;9289;NA;257494;24;2021-06-05;96843
2021-06-04;"Košický kraj";26;11418;20;11438;NA;257494;46;2021-06-04;96819
2021-06-03;"Košický kraj";23;6467;14;6481;NA;257494;37;2021-06-03;96773
2021-06-02;"Košický kraj";15;7180;24;7204;NA;257494;39;2021-06-02;96736
2021-06-01;"Košický kraj";13;7562;10;7572;NA;257494;23;2021-06-01;96697
2021-05-31;"Košický kraj";13;9256;18;9274;NA;257494;31;2021-05-31;96674
2021-05-30;"Košický kraj";3;11215;10;11225;NA;257494;13;2021-05-30;96643
2021-05-29;"Košický kraj";25;10942;22;10964;NA;257494;47;2021-05-29;96630
2021-05-28;"Košický kraj";17;13055;29;13084;NA;257494;46;2021-05-28;96583
2021-05-27;"Košický kraj";19;7924;26;7950;NA;257494;45;2021-05-27;96537
2021-05-26;"Košický kraj";35;8118;27;8145;NA;257494;62;2021-05-26;96492
2021-05-25;"Košický kraj";33;9296;29;9325;NA;257494;62;2021-05-25;96430
2021-05-24;"Košický kraj";10;10855;27;10882;NA;257494;37;2021-05-24;96368
2021-05-23;"Košický kraj";4;12151;15;12166;NA;257494;19;2021-05-23;96331
2021-05-22;"Košický kraj";27;12601;19;12620;NA;257494;46;2021-05-22;96312
2021-05-21;"Košický kraj";24;14910;27;14937;NA;257494;51;2021-05-21;96266
2021-05-20;"Košický kraj";20;9422;28;9450;NA;257494;48;2021-05-20;96215
2021-05-19;"Košický kraj";30;10421;21;10442;NA;257494;51;2021-05-19;96167
2021-05-18;"Košický kraj";34;10254;36;10290;NA;257494;70;2021-05-18;96116
2021-05-17;"Košický kraj";20;12686;38;12724;NA;257494;58;2021-05-17;96046
2021-05-16;"Košický kraj";37;17865;20;17885;NA;257494;57;2021-05-16;95988
2021-05-15;"Košický kraj";22;25602;28;25630;NA;257494;50;2021-05-15;95931
2021-05-14;"Košický kraj";32;21824;42;21866;NA;257494;74;2021-05-14;95881
2021-05-13;"Košický kraj";39;10172;32;10204;NA;257494;71;2021-05-13;95807
2021-05-12;"Košický kraj";85;10868;33;10901;NA;257494;118;2021-05-12;95736
2021-05-11;"Košický kraj";68;11166;32;11198;NA;257494;100;2021-05-11;95618
2021-05-10;"Košický kraj";25;17044;42;17086;NA;257494;67;2021-05-10;95518
2021-05-09;"Košický kraj";84;25594;55;25649;NA;257494;139;2021-05-09;95451
2021-05-08;"Košický kraj";18;23399;23;23422;NA;257494;41;2021-05-08;95312
2021-05-07;"Košický kraj";51;24497;57;24554;NA;257494;108;2021-05-07;95271
2021-05-06;"Košický kraj";55;11847;43;11890;NA;257494;98;2021-05-06;95163
2021-05-05;"Košický kraj";23;12124;35;12159;NA;257494;58;2021-05-05;95065
2021-05-04;"Košický kraj";143;13562;38;13600;NA;257494;181;2021-05-04;95007
2021-05-03;"Košický kraj";37;16944;68;17012;NA;257494;105;2021-05-03;94826
2021-05-02;"Košický kraj";45;36096;56;36152;NA;257494;101;2021-05-02;94721
2021-05-01;"Košický kraj";54;52075;76;52151;NA;257494;130;2021-05-01;94620
2021-04-30;"Košický kraj";59;44602;94;44696;NA;257494;153;2021-04-30;94490
2021-04-29;"Košický kraj";76;17014;53;17067;NA;257494;129;2021-04-29;94337
2021-04-28;"Košický kraj";99;17970;52;18022;NA;257494;151;2021-04-28;94208
2021-04-27;"Košický kraj";108;20670;43;20713;NA;257494;151;2021-04-27;94057
2021-04-26;"Košický kraj";39;25915;96;26011;NA;257494;135;2021-04-26;93906
2021-04-25;"Košický kraj";23;48355;57;48412;NA;257494;80;2021-04-25;93771
2021-04-24;"Košický kraj";68;90124;114;90238;NA;257494;182;2021-04-24;93691
2021-04-23;"Košický kraj";110;41232;72;41304;NA;257494;182;2021-04-23;93509
2021-04-22;"Košický kraj";56;16772;44;16816;NA;257494;100;2021-04-22;93327
2021-04-21;"Košický kraj";114;19519;61;19580;NA;257494;175;2021-04-21;93227
2021-04-20;"Košický kraj";81;25432;63;25495;NA;257494;144;2021-04-20;93052
2021-04-19;"Košický kraj";93;29950;108;30058;NA;257494;201;2021-04-19;92908
2021-04-18;"Košický kraj";10;48913;82;48995;NA;257494;92;2021-04-18;92707
2021-04-17;"Košický kraj";187;83856;103;83959;NA;257494;290;2021-04-17;92615
2021-04-16;"Košický kraj";83;41568;127;41695;NA;257494;210;2021-04-16;92325
2021-04-15;"Košický kraj";104;18522;93;18615;NA;257494;197;2021-04-15;92115
2021-04-14;"Košický kraj";119;20089;64;20153;NA;257494;183;2021-04-14;91918
2021-04-13;"Košický kraj";81;23175;120;23295;NA;257494;201;2021-04-13;91735
2021-04-12;"Košický kraj";129;26573;124;26697;NA;257494;253;2021-04-12;91534
2021-04-11;"Košický kraj";29;46949;80;47029;NA;257494;109;2021-04-11;91281
2021-04-10;"Košický kraj";138;100114;183;100297;NA;257494;321;2021-04-10;91172
2021-04-09;"Košický kraj";168;35206;133;35339;NA;257494;301;2021-04-09;90851
2021-04-08;"Košický kraj";81;18530;90;18620;NA;257494;171;2021-04-08;90550
2021-04-07;"Košický kraj";232;28027;194;28221;NA;257494;426;2021-04-07;90379
2021-04-06;"Košický kraj";121;36495;164;36659;NA;257494;285;2021-04-06;89953
2021-04-05;"Košický kraj";19;14361;66;14427;NA;257494;85;2021-04-05;89668
2021-04-04;"Košický kraj";33;15089;66;15155;NA;257494;99;2021-04-04;89583
2021-04-03;"Košický kraj";138;97664;241;97905;NA;257494;379;2021-04-03;89484
2021-04-02;"Košický kraj";128;24515;76;24591;NA;257494;204;2021-04-02;89105
2021-04-01;"Košický kraj";165;46151;156;46307;NA;257494;321;2021-04-01;88901
2021-03-31;"Košický kraj";160;29659;124;29783;NA;257494;284;2021-03-31;88580
2021-03-30;"Košický kraj";229;24038;163;24201;NA;257494;392;2021-03-30;88296
2021-03-29;"Košický kraj";78;28843;194;29037;NA;257494;272;2021-03-29;87904
2021-03-28;"Košický kraj";39;44263;128;44391;NA;257494;167;2021-03-28;87632
2021-03-27;"Košický kraj";222;96602;265;96867;NA;257494;487;2021-03-27;87465
2021-03-26;"Košický kraj";233;45252;202;45454;NA;257494;435;2021-03-26;86978
2021-03-25;"Košický kraj";133;23804;175;23979;NA;257494;308;2021-03-25;86543
2021-03-24;"Košický kraj";165;20696;155;20851;NA;257494;320;2021-03-24;86235
2021-03-23;"Košický kraj";202;22434;192;22626;NA;257494;394;2021-03-23;85915
2021-03-22;"Košický kraj";169;26890;228;27118;NA;257494;397;2021-03-22;85521
2021-03-21;"Košický kraj";109;46746;167;46913;NA;257494;276;2021-03-21;85124
2021-03-20;"Košický kraj";126;101334;311;101645;NA;257494;437;2021-03-20;84848
2021-03-19;"Košický kraj";205;45632;260;45892;NA;257494;465;2021-03-19;84411
2021-03-18;"Košický kraj";274;23827;212;24039;NA;257494;486;2021-03-18;83946
2021-03-17;"Košický kraj";177;21548;195;21743;NA;257494;372;2021-03-17;83460
2021-03-16;"Košický kraj";386;23454;226;23680;NA;257494;612;2021-03-16;83088
2021-03-15;"Košický kraj";173;27900;297;28197;NA;257494;470;2021-03-15;82476
2021-03-14;"Košický kraj";145;44354;220;44574;NA;257494;365;2021-03-14;82006
2021-03-13;"Košický kraj";146;103790;483;104273;NA;257494;629;2021-03-13;81641
2021-03-12;"Košický kraj";366;47871;321;48192;NA;257494;687;2021-03-12;81012
2021-03-11;"Košický kraj";396;23229;263;23492;NA;257494;659;2021-03-11;80325
2021-03-10;"Košický kraj";121;22205;269;22474;NA;257494;390;2021-03-10;79666
2021-03-09;"Košický kraj";676;24509;300;24809;NA;257494;976;2021-03-09;79276
2021-03-08;"Košický kraj";559;29852;344;30196;NA;257494;903;2021-03-08;78300
2021-03-07;"Košický kraj";45;44230;299;44529;NA;257494;344;2021-03-07;77397
2021-03-06;"Košický kraj";177;105598;532;106130;NA;257494;709;2021-03-06;77053
2021-03-05;"Košický kraj";439;45567;424;45991;NA;257494;863;2021-03-05;76344
2021-03-04;"Košický kraj";417;23862;320;24182;NA;257494;737;2021-03-04;75481
2021-03-03;"Košický kraj";390;23169;298;23467;NA;257494;688;2021-03-03;74744
2021-03-02;"Košický kraj";464;24158;368;24526;NA;257494;832;2021-03-02;74056
2021-03-01;"Košický kraj";389;30013;514;30527;NA;257494;903;2021-03-01;73224
2021-02-28;"Košický kraj";265;43053;334;43387;NA;257494;599;2021-02-28;72321
2021-02-27;"Košický kraj";301;100559;784;101343;NA;257494;1085;2021-02-27;71722
2021-02-26;"Košický kraj";440;45466;492;45958;NA;257494;932;2021-02-26;70637
2021-02-25;"Košický kraj";331;19872;342;20214;NA;257494;673;2021-02-25;69705
2021-02-24;"Košický kraj";263;18751;505;19256;NA;257494;768;2021-02-24;69032
2021-02-23;"Košický kraj";642;21605;341;21946;NA;257494;983;2021-02-23;68264
2021-02-22;"Košický kraj";362;30858;434;31292;NA;257494;796;2021-02-22;67281
2021-02-21;"Košický kraj";170;40464;385;40849;NA;257494;555;2021-02-21;66485
2021-02-20;"Košický kraj";283;92550;770;93320;NA;257494;1053;2021-02-20;65930
2021-02-19;"Košický kraj";507;41579;583;42162;NA;257494;1090;2021-02-19;64877
2021-02-18;"Košický kraj";397;18442;345;18787;NA;257494;742;2021-02-18;63787
2021-02-17;"Košický kraj";322;18080;387;18467;NA;257494;709;2021-02-17;63045
2021-02-16;"Košický kraj";600;22111;463;22574;NA;257494;1063;2021-02-16;62336
2021-02-15;"Košický kraj";216;27633;419;28052;NA;257494;635;2021-02-15;61273
2021-02-14;"Košický kraj";241;56743;524;57267;NA;257494;765;2021-02-14;60638
2021-02-13;"Košický kraj";206;93745;765;94510;NA;257494;971;2021-02-13;59873
2021-02-12;"Košický kraj";448;49924;611;50535;NA;257494;1059;2021-02-12;58902
2021-02-11;"Košický kraj";435;14524;323;14847;NA;257494;758;2021-02-11;57843
2021-02-10;"Košický kraj";360;18475;431;18906;NA;257494;791;2021-02-10;57085
2021-02-09;"Košický kraj";544;24841;463;25304;NA;257494;1007;2021-02-09;56294
2021-02-08;"Košický kraj";237;24836;392;25228;NA;257494;629;2021-02-08;55287
2021-02-07;"Košický kraj";208;56897;612;57509;NA;257494;820;2021-02-07;54658
2021-02-06;"Košický kraj";318;104357;884;105241;NA;257494;1202;2021-02-06;53838
2021-02-05;"Košický kraj";384;43186;494;43680;NA;257494;878;2021-02-05;52636
2021-02-04;"Košický kraj";391;14512;371;14883;NA;257494;762;2021-02-04;51758
2021-02-03;"Košický kraj";296;12599;339;12938;NA;257494;635;2021-02-03;50996
2021-02-02;"Košický kraj";473;43883;1212;45095;NA;257494;1685;2021-02-02;50361
2021-02-01;"Košický kraj";415;21984;362;22346;NA;257494;777;2021-02-01;48676
2021-01-31;"Košický kraj";142;54690;617;55307;NA;257494;759;2021-01-31;47899
2021-01-30;"Košický kraj";320;76722;661;77383;NA;257494;981;2021-01-30;47140
2021-01-29;"Košický kraj";311;37164;466;37630;NA;257494;777;2021-01-29;46159
2021-01-28;"Košický kraj";540;9006;244;9250;NA;257494;784;2021-01-28;45382
2021-01-27;"Košický kraj";265;7575;211;7786;NA;257494;476;2021-01-27;44598
2021-01-26;"Košický kraj";530;14210;245;14455;NA;257494;775;2021-01-26;44122
2021-01-25;"Košický kraj";226;26431;413;26844;NA;257494;639;2021-01-25;43347
2021-01-24;"Košický kraj";150;44419;581;45000;NA;257494;731;2021-01-24;42708
2021-01-23;"Košický kraj";232;82705;857;83562;NA;257494;1089;2021-01-23;41977
2021-01-22;"Košický kraj";316;19997;265;20262;NA;257494;581;2021-01-22;40888
2021-01-21;"Košický kraj";274;14053;159;14212;NA;257494;433;2021-01-21;40307
2021-01-20;"Košický kraj";374;10844;201;11045;NA;257494;575;2021-01-20;39874
2021-01-19;"Košický kraj";248;9717;181;9898;NA;257494;429;2021-01-19;39299
2021-01-18;"Košický kraj";333;7659;262;7921;NA;257494;595;2021-01-18;38870
2021-01-17;"Košický kraj";155;535;14;549;NA;257494;169;2021-01-17;38275
2021-01-16;"Košický kraj";153;1403;47;1450;NA;257494;200;2021-01-16;38106
2021-01-15;"Košický kraj";308;6443;213;6656;NA;257494;521;2021-01-15;37906
2021-01-14;"Košický kraj";358;5471;221;5692;NA;257494;579;2021-01-14;37385
2021-01-13;"Košický kraj";421;4897;226;5123;NA;257494;647;2021-01-13;36806
2021-01-12;"Košický kraj";482;6473;237;6710;NA;257494;719;2021-01-12;36159
2021-01-11;"Košický kraj";309;7553;286;7839;NA;257494;595;2021-01-11;35440
2021-01-10;"Košický kraj";193;136;6;142;NA;257494;199;2021-01-10;34845
2021-01-09;"Košický kraj";469;1134;45;1179;NA;257494;514;2021-01-09;34646
2021-01-08;"Košický kraj";551;7106;348;7454;NA;257494;899;2021-01-08;34132
2021-01-07;"Košický kraj";251;5853;398;6251;NA;257494;649;2021-01-07;33233
2021-01-06;"Košický kraj";442;429;33;462;NA;257494;475;2021-01-06;32584
2021-01-05;"Košický kraj";584;7633;527;8160;NA;257494;1111;2021-01-05;32109
2021-01-04;"Košický kraj";407;6479;660;7139;NA;257494;1067;2021-01-04;30998
2021-01-03;"Košický kraj";118;661;22;683;NA;257494;140;2021-01-03;29931
2021-01-02;"Košický kraj";88;440;52;492;NA;257494;140;2021-01-02;29791
2021-01-01;"Košický kraj";398;725;49;774;NA;257494;447;2021-01-01;29651
2020-12-31;"Košický kraj";625;7509;453;7962;NA;257494;1078;2020-12-31;29204
2020-12-30;"Košický kraj";590;6076;395;6471;NA;257494;985;2020-12-30;28126
2020-12-29;"Košický kraj";419;7454;596;8050;NA;257494;1015;2020-12-29;27141
2020-12-28;"Košický kraj";356;7933;756;8689;NA;257494;1112;2020-12-28;26126
2020-12-27;"Košický kraj";159;147;16;163;NA;257494;175;2020-12-27;25014
2020-12-26;"Košický kraj";163;274;23;297;NA;257494;186;2020-12-26;24839
2020-12-25;"Košický kraj";237;140;10;150;NA;257494;247;2020-12-25;24653
2020-12-24;"Košický kraj";564;1470;90;1560;NA;257494;654;2020-12-24;24406
2020-12-23;"Košický kraj";304;7339;327;7666;NA;257494;631;2020-12-23;23752
2020-12-22;"Košický kraj";438;7284;429;7713;NA;257494;867;2020-12-22;23121
2020-12-21;"Košický kraj";405;6703;504;7207;NA;257494;909;2020-12-21;22254
2020-12-20;"Košický kraj";215;73;11;84;NA;257494;226;2020-12-20;21345
2020-12-19;"Košický kraj";207;1309;63;1372;NA;257494;270;2020-12-19;21119
2020-12-18;"Košický kraj";310;7707;292;7999;NA;257494;602;2020-12-18;20849
2020-12-17;"Košický kraj";463;5101;253;5354;NA;257494;716;2020-12-17;20247
2020-12-16;"Košický kraj";455;5725;295;6020;NA;257494;750;2020-12-16;19531
2020-12-15;"Košický kraj";319;4787;327;5114;NA;257494;646;2020-12-15;18781
2020-12-14;"Košický kraj";256;2905;225;3130;NA;257494;481;2020-12-14;18135
2020-12-13;"Košický kraj";47;181;2;183;NA;257494;49;2020-12-13;17654
2020-12-12;"Košický kraj";369;1587;118;1705;NA;257494;487;2020-12-12;17605
2020-12-11;"Košický kraj";354;5328;256;5584;NA;257494;610;2020-12-11;17118
2020-12-10;"Košický kraj";283;3987;174;4161;NA;257494;457;2020-12-10;16508
2020-12-09;"Košický kraj";279;3786;166;3952;NA;257494;445;2020-12-09;16051
2020-12-08;"Košický kraj";226;4105;355;4460;NA;257494;581;2020-12-08;15606
2020-12-07;"Košický kraj";270;2383;106;2489;NA;257494;376;2020-12-07;15025
2020-12-06;"Košický kraj";121;482;33;515;NA;257494;154;2020-12-06;14649
2020-12-05;"Košický kraj";90;1096;48;1144;NA;257494;138;2020-12-05;14495
2020-12-04;"Košický kraj";224;2680;82;2762;NA;257494;306;2020-12-04;14357
2020-12-03;"Košický kraj";211;7717;173;7890;NA;257494;384;2020-12-03;14051
2020-12-02;"Košický kraj";193;8132;496;8628;NA;257494;689;2020-12-02;13667
2020-12-01;"Košický kraj";178;2237;124;2361;NA;257494;302;2020-12-01;12978
2020-11-30;"Košický kraj";171;3598;59;3657;NA;257494;230;2020-11-30;12676
2020-11-29;"Košický kraj";31;325;17;342;NA;257494;48;2020-11-29;12446
2020-11-28;"Košický kraj";69;721;52;773;NA;257494;121;2020-11-28;12398
2020-11-27;"Košický kraj";149;2921;78;2999;NA;257494;227;2020-11-27;12277
2020-11-26;"Košický kraj";239;1234;60;1294;NA;257494;299;2020-11-26;12050
2020-11-25;"Košický kraj";237;1785;123;1908;NA;257494;360;2020-11-25;11751
2020-11-24;"Košický kraj";196;1976;67;2043;NA;257494;263;2020-11-24;11391
2020-11-23;"Košický kraj";51;4115;63;4178;NA;257494;114;2020-11-23;11128
2020-11-22;"Košický kraj";57;57;5;62;NA;257494;62;2020-11-22;11014
2020-11-21;"Košický kraj";87;858;36;894;NA;257494;123;2020-11-21;10952
2020-11-20;"Košický kraj";176;3084;49;3133;NA;257494;225;2020-11-20;10829
2020-11-19;"Košický kraj";206;1736;48;1784;NA;257494;254;2020-11-19;10604
2020-11-18;"Košický kraj";122;532;17;549;NA;257494;139;2020-11-18;10350
2020-11-17;"Košický kraj";152;82;9;91;NA;257494;161;2020-11-17;10211
2020-11-16;"Košický kraj";114;596;27;623;NA;257494;141;2020-11-16;10050
2020-11-15;"Košický kraj";15;338;7;345;NA;257494;22;2020-11-15;9909
2020-11-14;"Košický kraj";234;520;12;532;NA;257494;246;2020-11-14;9887
2020-11-13;"Košický kraj";207;664;29;693;NA;257494;236;2020-11-13;9641
2020-11-12;"Košický kraj";192;736;13;749;NA;257494;205;2020-11-12;9405
2020-11-11;"Košický kraj";301;593;7;600;NA;257494;308;2020-11-11;9200
2020-11-10;"Košický kraj";190;541;11;552;NA;257494;201;2020-11-10;8892
2020-11-09;"Košický kraj";129;380;17;397;NA;257494;146;2020-11-09;8691
2020-11-08;"Košický kraj";78;1306;8;1314;NA;257494;86;2020-11-08;8545
2020-11-07;"Košický kraj";192;3909;22;3931;NA;257494;214;2020-11-07;8459
2020-11-06;"Košický kraj";195;5310;34;5344;NA;257494;229;2020-11-06;8245
2020-11-05;"Košický kraj";342;330;31;361;NA;257494;373;2020-11-05;8016
2020-11-04;"Košický kraj";101;154;6;160;NA;257494;107;2020-11-04;7643
2020-11-03;"Košický kraj";358;1122;13;1135;NA;257494;371;2020-11-03;7536
2020-11-02;"Košický kraj";111;6125;56;6181;NA;257494;167;2020-11-02;7165
2020-11-01;"Košický kraj";346;6522;34;6556;NA;257494;380;2020-11-01;6998
2020-10-31;"Košický kraj";82;14035;106;14141;NA;257494;188;2020-10-31;6618
2020-10-30;"Košický kraj";379;2835;27;2862;NA;257494;406;2020-10-30;6430
2020-10-29;"Košický kraj";333;983;13;996;NA;257494;346;2020-10-29;6024
2020-10-28;"Košický kraj";224;305;13;318;NA;257494;237;2020-10-28;5678
2020-10-27;"Košický kraj";386;439;21;460;NA;257494;407;2020-10-27;5441
2020-10-26;"Košický kraj";56;212;12;224;NA;257494;68;2020-10-26;5034
2020-10-25;"Košický kraj";154;79;2;81;NA;257494;156;2020-10-25;4966
2020-10-24;"Košický kraj";313;118;16;134;NA;257494;329;2020-10-24;4810
2020-10-23;"Košický kraj";315;331;8;339;NA;257494;323;2020-10-23;4481
2020-10-22;"Košický kraj";349;530;16;546;NA;257494;365;2020-10-22;4158
2020-10-21;"Košický kraj";129;84;2;86;NA;257494;131;2020-10-21;3793
2020-10-20;"Košický kraj";181;14;1;15;NA;257494;182;2020-10-20;3662
2020-10-19;"Košický kraj";64;38;1;39;NA;257494;65;2020-10-19;3480
2020-10-18;"Košický kraj";158;0;0;0;NA;257494;158;2020-10-18;3415
2020-10-17;"Košický kraj";142;0;0;0;NA;257494;142;2020-10-17;3257
2020-10-16;"Košický kraj";206;19;0;19;NA;257494;206;2020-10-16;3115
2020-10-15;"Košický kraj";177;19;5;24;NA;257494;182;2020-10-15;2909
2020-10-14;"Košický kraj";211;8;0;8;NA;257494;211;2020-10-14;2727
2020-10-13;"Košický kraj";179;80;3;83;NA;257494;182;2020-10-13;2516
2020-10-12;"Košický kraj";74;0;0;0;NA;257494;74;2020-10-12;2334
2020-10-11;"Košický kraj";121;0;0;0;NA;257494;121;2020-10-11;2260
2020-10-10;"Košický kraj";70;0;0;0;NA;257494;70;2020-10-10;2139
2020-10-09;"Košický kraj";188;0;0;0;NA;257494;188;2020-10-09;2069
2020-10-08;"Košický kraj";102;0;0;0;NA;257494;102;2020-10-08;1881
2020-10-07;"Košický kraj";158;0;0;0;NA;257494;158;2020-10-07;1779
2020-10-06;"Košický kraj";70;0;0;0;NA;257494;70;2020-10-06;1621
2020-10-05;"Košický kraj";39;0;0;0;NA;257494;39;2020-10-05;1551
2020-10-04;"Košický kraj";45;0;0;0;NA;257494;45;2020-10-04;1512
2020-10-03;"Košický kraj";105;0;0;0;NA;257494;105;2020-10-03;1467
2020-10-02;"Košický kraj";57;0;0;0;NA;257494;57;2020-10-02;1362
2020-10-01;"Košický kraj";69;0;0;0;NA;257494;69;2020-10-01;1305
2020-09-30;"Košický kraj";95;0;0;0;NA;257494;95;2020-09-30;1236
2020-09-29;"Košický kraj";75;0;0;0;NA;257494;75;2020-09-29;1141
2020-09-28;"Košický kraj";19;0;0;0;NA;257494;19;2020-09-28;1066
2020-09-27;"Košický kraj";21;0;0;0;NA;257494;21;2020-09-27;1047
2020-09-26;"Košický kraj";53;0;0;0;NA;257494;53;2020-09-26;1026
2020-09-25;"Košický kraj";72;0;0;0;NA;257494;72;2020-09-25;973
2020-09-24;"Košický kraj";35;0;0;0;NA;257494;35;2020-09-24;901
2020-09-23;"Košický kraj";23;0;0;0;NA;257494;23;2020-09-23;866
2020-09-22;"Košický kraj";39;0;0;0;NA;257494;39;2020-09-22;843
2020-09-21;"Košický kraj";5;0;0;0;NA;257494;5;2020-09-21;804
2020-09-20;"Košický kraj";3;0;0;0;NA;257494;3;2020-09-20;799
2020-09-19;"Košický kraj";13;0;0;0;NA;257494;13;2020-09-19;796
2020-09-18;"Košický kraj";20;0;0;0;NA;257494;20;2020-09-18;783
2020-09-17;"Košický kraj";22;0;0;0;NA;257494;22;2020-09-17;763
2020-09-16;"Košický kraj";12;0;0;0;NA;257494;12;2020-09-16;741
2020-09-15;"Košický kraj";10;0;0;0;NA;257494;10;2020-09-15;729
2020-09-14;"Košický kraj";6;0;0;0;NA;257494;6;2020-09-14;719
2020-09-13;"Košický kraj";3;0;0;0;NA;257494;3;2020-09-13;713
2020-09-12;"Košický kraj";16;0;0;0;NA;257494;16;2020-09-12;710
2020-09-11;"Košický kraj";20;0;0;0;NA;257494;20;2020-09-11;694
2020-09-10;"Košický kraj";11;0;0;0;NA;257494;11;2020-09-10;674
2020-09-09;"Košický kraj";37;0;0;0;NA;257494;37;2020-09-09;663
2020-09-08;"Košický kraj";10;0;0;0;NA;257494;10;2020-09-08;626
2020-09-07;"Košický kraj";4;0;0;0;NA;257494;4;2020-09-07;616
2020-09-06;"Košický kraj";2;0;0;0;NA;257494;2;2020-09-06;612
2020-09-05;"Košický kraj";10;0;0;0;NA;257494;10;2020-09-05;610
2020-09-04;"Košický kraj";14;0;0;0;NA;257494;14;2020-09-04;600
2020-09-03;"Košický kraj";22;0;0;0;NA;257494;22;2020-09-03;586
2020-09-02;"Košický kraj";13;0;0;0;NA;257494;13;2020-09-02;564
2020-09-01;"Košický kraj";21;0;0;0;NA;257494;21;2020-09-01;551
2020-08-31;"Košický kraj";9;0;0;0;NA;257494;9;2020-08-31;530
2020-08-30;"Košický kraj";21;0;0;0;NA;257494;21;2020-08-30;521
2020-08-29;"Košický kraj";1;0;0;0;NA;257494;1;2020-08-29;500
2020-08-28;"Košický kraj";19;0;0;0;NA;257494;19;2020-08-28;499
2020-08-27;"Košický kraj";15;0;0;0;NA;257494;15;2020-08-27;480
2020-08-26;"Košický kraj";8;0;0;0;NA;257494;8;2020-08-26;465
2020-08-25;"Košický kraj";23;0;0;0;NA;257494;23;2020-08-25;457
2020-08-24;"Košický kraj";6;0;0;0;NA;257494;6;2020-08-24;434
2020-08-23;"Košický kraj";8;0;0;0;NA;257494;8;2020-08-23;428
2020-08-22;"Košický kraj";13;0;0;0;NA;257494;13;2020-08-22;420
2020-08-21;"Košický kraj";10;0;0;0;NA;257494;10;2020-08-21;407
2020-08-20;"Košický kraj";10;0;0;0;NA;257494;10;2020-08-20;397
2020-08-19;"Košický kraj";3;0;0;0;NA;257494;3;2020-08-19;387
2020-08-18;"Košický kraj";7;0;0;0;NA;257494;7;2020-08-18;384
2020-08-17;"Košický kraj";2;0;0;0;NA;257494;2;2020-08-17;377
2020-08-16;"Košický kraj";2;0;0;0;NA;257494;2;2020-08-16;375
2020-08-15;"Košický kraj";3;0;0;0;NA;257494;3;2020-08-15;373
2020-08-14;"Košický kraj";1;0;0;0;NA;257494;1;2020-08-14;370
2020-08-13;"Košický kraj";3;0;0;0;NA;257494;3;2020-08-13;369
2020-08-12;"Košický kraj";12;0;0;0;NA;257494;12;2020-08-12;366
2020-08-11;"Košický kraj";5;0;0;0;NA;257494;5;2020-08-11;354
2020-08-10;"Košický kraj";1;0;0;0;NA;257494;1;2020-08-10;349
2020-08-09;"Košický kraj";0;0;0;0;NA;257494;0;2020-08-09;348
2020-08-08;"Košický kraj";5;0;0;0;NA;257494;5;2020-08-08;348
2020-08-07;"Košický kraj";7;0;0;0;NA;257494;7;2020-08-07;343
2020-08-06;"Košický kraj";3;0;0;0;NA;257494;3;2020-08-06;336
2020-08-05;"Košický kraj";4;0;0;0;NA;257494;4;2020-08-05;333
2020-08-04;"Košický kraj";1;0;0;0;NA;257494;1;2020-08-04;329
2020-08-03;"Košický kraj";1;0;0;0;NA;257494;1;2020-08-03;328
2020-08-02;"Košický kraj";0;0;0;0;NA;257494;0;2020-08-02;327
2020-08-01;"Košický kraj";0;0;0;0;NA;257494;0;2020-08-01;327
2020-07-31;"Košický kraj";0;0;0;0;NA;257494;0;2020-07-31;327
2020-07-30;"Košický kraj";2;0;0;0;NA;257494;2;2020-07-30;327
2020-07-29;"Košický kraj";1;0;0;0;NA;257494;1;2020-07-29;325
2020-07-28;"Košický kraj";9;0;0;0;NA;257494;9;2020-07-28;324
2020-07-27;"Košický kraj";4;0;0;0;NA;257494;4;2020-07-27;315
2020-07-26;"Košický kraj";0;0;0;0;NA;257494;0;2020-07-26;311
2020-07-25;"Košický kraj";2;0;0;0;NA;257494;2;2020-07-25;311
2020-07-24;"Košický kraj";2;0;0;0;NA;257494;2;2020-07-24;309
2020-07-23;"Košický kraj";1;0;0;0;NA;257494;1;2020-07-23;307
2020-07-22;"Košický kraj";1;0;0;0;NA;257494;1;2020-07-22;306
2020-07-21;"Košický kraj";0;0;0;0;NA;257494;0;2020-07-21;305
2020-07-20;"Košický kraj";0;0;0;0;NA;257494;0;2020-07-20;305
2020-07-19;"Košický kraj";0;0;0;0;NA;257494;0;2020-07-19;305
2020-07-18;"Košický kraj";1;0;0;0;NA;257494;1;2020-07-18;305
2020-07-17;"Košický kraj";1;0;0;0;NA;257494;1;2020-07-17;304
2020-07-16;"Košický kraj";0;0;0;0;NA;257494;0;2020-07-16;303
2020-07-15;"Košický kraj";2;0;0;0;NA;257494;2;2020-07-15;303
2020-07-14;"Košický kraj";1;0;0;0;NA;257494;1;2020-07-14;301
2020-07-13;"Košický kraj";1;0;0;0;NA;257494;1;2020-07-13;300
2020-07-12;"Košický kraj";0;0;0;0;NA;257494;0;2020-07-12;299
2020-07-11;"Košický kraj";0;0;0;0;NA;257494;0;2020-07-11;299
2020-07-10;"Košický kraj";1;0;0;0;NA;257494;1;2020-07-10;299
2020-07-09;"Košický kraj";1;0;0;0;NA;257494;1;2020-07-09;298
2020-07-08;"Košický kraj";12;0;0;0;NA;257494;12;2020-07-08;297
2020-07-07;"Košický kraj";0;0;0;0;NA;257494;0;2020-07-07;285
2020-07-06;"Košický kraj";0;0;0;0;NA;257494;0;2020-07-06;285
2020-07-05;"Košický kraj";0;0;0;0;NA;257494;0;2020-07-05;285
2020-07-04;"Košický kraj";0;0;0;0;NA;257494;0;2020-07-04;285
2020-07-03;"Košický kraj";1;0;0;0;NA;257494;1;2020-07-03;285
2020-07-02;"Košický kraj";0;0;0;0;NA;257494;0;2020-07-02;284
2020-07-01;"Košický kraj";1;0;0;0;NA;257494;1;2020-07-01;284
2020-06-30;"Košický kraj";0;0;0;0;NA;257494;0;2020-06-30;283
2020-06-29;"Košický kraj";0;0;0;0;NA;257494;0;2020-06-29;283
2020-06-28;"Košický kraj";0;0;0;0;NA;257494;0;2020-06-28;283
2020-06-27;"Košický kraj";0;0;0;0;NA;257494;0;2020-06-27;283
2020-06-26;"Košický kraj";0;0;0;0;NA;257494;0;2020-06-26;283
2020-06-25;"Košický kraj";3;0;0;0;NA;257494;3;2020-06-25;283
2020-06-24;"Košický kraj";3;0;0;0;NA;257494;3;2020-06-24;280
2020-06-23;"Košický kraj";3;0;0;0;NA;257494;3;2020-06-23;277
2020-06-22;"Košický kraj";0;0;0;0;NA;257494;0;2020-06-22;274
2020-06-21;"Košický kraj";0;0;0;0;NA;257494;0;2020-06-21;274
2020-06-20;"Košický kraj";0;0;0;0;NA;257494;0;2020-06-20;274
2020-06-19;"Košický kraj";0;0;0;0;NA;257494;0;2020-06-19;274
2020-06-18;"Košický kraj";1;0;0;0;NA;257494;1;2020-06-18;274
2020-06-17;"Košický kraj";0;0;0;0;NA;257494;0;2020-06-17;273
2020-06-16;"Košický kraj";2;0;0;0;NA;257494;2;2020-06-16;273
2020-06-14;"Košický kraj";0;0;0;0;NA;257494;0;2020-06-14;271
2020-06-13;"Košický kraj";0;0;0;0;NA;257494;0;2020-06-13;271
2020-06-12;"Košický kraj";0;0;0;0;NA;257494;0;2020-06-12;271
2020-06-11;"Košický kraj";0;0;0;0;NA;257494;0;2020-06-11;271
2020-06-10;"Košický kraj";6;0;0;0;NA;257494;6;2020-06-10;271
2020-06-09;"Košický kraj";0;0;0;0;NA;257494;0;2020-06-09;265
2020-06-08;"Košický kraj";0;0;0;0;NA;257494;0;2020-06-08;265
2020-06-07;"Košický kraj";2;0;0;0;NA;257494;2;2020-06-07;265
2020-06-05;"Košický kraj";0;0;0;0;NA;257494;0;2020-06-05;263
2020-06-03;"Košický kraj";0;0;0;0;NA;257494;0;2020-06-03;263
2020-06-02;"Košický kraj";1;0;0;0;NA;257494;1;2020-06-02;263
2020-05-31;"Košický kraj";0;0;0;0;NA;257494;0;2020-05-31;262
2020-05-29;"Košický kraj";1;0;0;0;NA;257494;1;2020-05-29;262
2020-05-27;"Košický kraj";0;0;0;0;NA;257494;0;2020-05-27;261
2020-05-26;"Košický kraj";1;0;0;0;NA;257494;1;2020-05-26;261
2020-05-25;"Košický kraj";1;0;0;0;NA;257494;1;2020-05-25;260
2020-05-24;"Košický kraj";0;0;0;0;NA;257494;0;2020-05-24;259
2020-05-23;"Košický kraj";0;0;0;0;NA;257494;0;2020-05-23;259
2020-05-22;"Košický kraj";0;0;0;0;NA;257494;0;2020-05-22;259
2020-05-21;"Košický kraj";0;0;0;0;NA;257494;0;2020-05-21;259
2020-05-20;"Košický kraj";3;0;0;0;NA;257494;3;2020-05-20;259
2020-05-19;"Košický kraj";0;0;0;0;NA;257494;0;2020-05-19;256
2020-05-17;"Košický kraj";1;0;0;0;NA;257494;1;2020-05-17;256
2020-05-16;"Košický kraj";1;0;0;0;NA;257494;1;2020-05-16;255
2020-05-15;"Košický kraj";10;0;0;0;NA;257494;10;2020-05-15;254
2020-05-14;"Košický kraj";1;0;0;0;NA;257494;1;2020-05-14;244
2020-05-13;"Košický kraj";6;0;0;0;NA;257494;6;2020-05-13;243
2020-05-12;"Košický kraj";0;0;0;0;NA;257494;0;2020-05-12;237
2020-05-11;"Košický kraj";0;0;0;0;NA;257494;0;2020-05-11;237
2020-05-09;"Košický kraj";0;0;0;0;NA;257494;0;2020-05-09;237
2020-05-07;"Košický kraj";0;0;0;0;NA;257494;0;2020-05-07;237
2020-05-06;"Košický kraj";1;0;0;0;NA;257494;1;2020-05-06;237
2020-05-05;"Košický kraj";0;0;0;0;NA;257494;0;2020-05-05;236
2020-05-04;"Košický kraj";0;0;0;0;NA;257494;0;2020-05-04;236
2020-05-03;"Košický kraj";0;0;0;0;NA;257494;0;2020-05-03;236
2020-05-02;"Košický kraj";1;0;0;0;NA;257494;1;2020-05-02;236
2020-05-01;"Košický kraj";0;0;0;0;NA;257494;0;2020-05-01;235
2020-04-30;"Košický kraj";1;0;0;0;NA;257494;1;2020-04-30;235
2020-04-29;"Košický kraj";1;0;0;0;NA;257494;1;2020-04-29;234
2020-04-28;"Košický kraj";1;0;0;0;NA;257494;1;2020-04-28;233
2020-04-27;"Košický kraj";1;0;0;0;NA;257494;1;2020-04-27;232
2020-04-26;"Košický kraj";0;0;0;0;NA;257494;0;2020-04-26;231
2020-04-25;"Košický kraj";0;0;0;0;NA;257494;0;2020-04-25;231
2020-04-24;"Košický kraj";3;0;0;0;NA;257494;3;2020-04-24;231
2020-04-23;"Košický kraj";4;0;0;0;NA;257494;4;2020-04-23;228
2020-04-22;"Košický kraj";21;0;0;0;NA;257494;21;2020-04-22;224
2020-04-21;"Košický kraj";4;0;0;0;NA;257494;4;2020-04-21;203
2020-04-20;"Košický kraj";0;0;0;0;NA;257494;0;2020-04-20;199
2020-04-19;"Košický kraj";1;0;0;0;NA;257494;1;2020-04-19;199
2020-04-18;"Košický kraj";2;0;0;0;NA;257494;2;2020-04-18;198
2020-04-17;"Košický kraj";7;0;0;0;NA;257494;7;2020-04-17;196
2020-04-16;"Košický kraj";29;0;0;0;NA;257494;29;2020-04-16;189
2020-04-15;"Košický kraj";50;0;0;0;NA;257494;50;2020-04-15;160
2020-04-14;"Košický kraj";4;0;0;0;NA;257494;4;2020-04-14;110
2020-04-13;"Košický kraj";5;0;0;0;NA;257494;5;2020-04-13;106
2020-04-12;"Košický kraj";4;0;0;0;NA;257494;4;2020-04-12;101
2020-04-11;"Košický kraj";2;0;0;0;NA;257494;2;2020-04-11;97
2020-04-10;"Košický kraj";1;0;0;0;NA;257494;1;2020-04-10;95
2020-04-09;"Košický kraj";4;0;0;0;NA;257494;4;2020-04-09;94
2020-04-08;"Košický kraj";5;0;0;0;NA;257494;5;2020-04-08;90
2020-04-07;"Košický kraj";34;0;0;0;NA;257494;34;2020-04-07;85
2020-04-06;"Košický kraj";6;0;0;0;NA;257494;6;2020-04-06;51
2020-04-05;"Košický kraj";4;0;0;0;NA;257494;4;2020-04-05;45
2020-04-04;"Košický kraj";5;0;0;0;NA;257494;5;2020-04-04;41
2020-04-03;"Košický kraj";4;0;0;0;NA;257494;4;2020-04-03;36
2020-04-02;"Košický kraj";3;0;0;0;NA;257494;3;2020-04-02;32
2020-04-01;"Košický kraj";3;0;0;0;NA;257494;3;2020-04-01;29
2020-03-31;"Košický kraj";1;0;0;0;NA;257494;1;2020-03-31;26
2020-03-30;"Košický kraj";5;0;0;0;NA;257494;5;2020-03-30;25
2020-03-29;"Košický kraj";0;0;0;0;NA;257494;0;2020-03-29;20
2020-03-28;"Košický kraj";1;0;0;0;NA;257494;1;2020-03-28;20
2020-03-27;"Košický kraj";1;0;0;0;NA;257494;1;2020-03-27;19
2020-03-26;"Košický kraj";3;0;0;0;NA;257494;3;2020-03-26;18
2020-03-25;"Košický kraj";2;0;0;0;NA;257494;2;2020-03-25;15
2020-03-24;"Košický kraj";0;0;0;0;NA;257494;0;2020-03-24;13
2020-03-23;"Košický kraj";2;0;0;0;NA;257494;2;2020-03-23;13
2020-03-22;"Košický kraj";0;0;0;0;NA;257494;0;2020-03-22;11
2020-03-21;"Košický kraj";3;0;0;0;NA;257494;3;2020-03-21;11
2020-03-20;"Košický kraj";1;0;0;0;NA;257494;1;2020-03-20;8
2020-03-19;"Košický kraj";0;0;0;0;NA;257494;0;2020-03-19;7
2020-03-18;"Košický kraj";0;0;0;0;NA;257494;0;2020-03-18;7
2020-03-17;"Košický kraj";0;0;0;0;NA;257494;0;2020-03-17;7
2020-03-16;"Košický kraj";3;0;0;0;NA;257494;3;2020-03-16;7
2020-03-15;"Košický kraj";1;0;0;0;NA;257494;1;2020-03-15;4
2020-03-14;"Košický kraj";0;0;0;0;NA;257494;0;2020-03-14;3
2020-03-13;"Košický kraj";2;0;0;0;NA;257494;2;2020-03-13;3
2020-03-12;"Košický kraj";0;0;0;0;NA;257494;0;2020-03-12;1
2020-03-11;"Košický kraj";0;0;0;0;NA;257494;0;2020-03-11;1
2020-03-09;"Košický kraj";1;0;0;0;NA;257494;1;2020-03-09;1
2020-03-08;"Košický kraj";0;0;0;0;NA;257494;0;2020-03-08;0
2020-03-07;"Košický kraj";0;0;0;0;NA;257494;0;2020-03-07;0
2020-03-06;"Košický kraj";0;0;0;0;NA;257494;0;2020-03-06;0
2022-02-15;"Nitriansky kraj";2093;3555;656;4211;123535;204947;2749;2022-02-15;204947
2022-02-14;"Nitriansky kraj";2094;4602;673;5275;NA;204947;2767;2022-02-14;202198
2022-02-13;"Nitriansky kraj";1146;2102;371;2473;NA;204947;1517;2022-02-13;199431
2022-02-12;"Nitriansky kraj";1301;834;220;1054;NA;204947;1521;2022-02-12;197914
2022-02-11;"Nitriansky kraj";2042;2545;500;3045;NA;204947;2542;2022-02-11;196393
2022-02-10;"Nitriansky kraj";2374;3300;519;3819;NA;204947;2893;2022-02-10;193851
2022-02-09;"Nitriansky kraj";2133;4635;607;5242;NA;204947;2740;2022-02-09;190958
2022-02-08;"Nitriansky kraj";1801;4717;694;5411;NA;204947;2495;2022-02-08;188218
2022-02-07;"Nitriansky kraj";2240;5626;704;6330;NA;204947;2944;2022-02-07;185723
2022-02-06;"Nitriansky kraj";1309;2519;457;2976;NA;204947;1766;2022-02-06;182779
2022-02-05;"Nitriansky kraj";1609;1390;327;1717;NA;204947;1936;2022-02-05;181013
2022-02-04;"Nitriansky kraj";1848;3863;481;4344;NA;204947;2329;2022-02-04;179077
2022-02-03;"Nitriansky kraj";2425;3979;462;4441;NA;204947;2887;2022-02-03;176748
2022-02-02;"Nitriansky kraj";1903;5098;717;5815;NA;204947;2620;2022-02-02;173861
2022-02-01;"Nitriansky kraj";2288;4373;571;4944;NA;204947;2859;2022-02-01;171241
2022-01-31;"Nitriansky kraj";1329;7304;680;7984;NA;204947;2009;2022-01-31;168382
2022-01-30;"Nitriansky kraj";777;3153;425;3578;NA;204947;1202;2022-01-30;166373
2022-01-29;"Nitriansky kraj";1099;1542;274;1816;NA;204947;1373;2022-01-29;165171
2022-01-28;"Nitriansky kraj";1610;3825;351;4176;NA;204947;1961;2022-01-28;163798
2022-01-27;"Nitriansky kraj";1429;3682;285;3967;NA;204947;1714;2022-01-27;161837
2022-01-26;"Nitriansky kraj";1392;4318;296;4614;NA;204947;1688;2022-01-26;160123
2022-01-25;"Nitriansky kraj";1591;4566;422;4988;NA;204947;2013;2022-01-25;158435
2022-01-24;"Nitriansky kraj";770;7245;352;7597;NA;204947;1122;2022-01-24;156422
2022-01-23;"Nitriansky kraj";327;2983;202;3185;NA;204947;529;2022-01-23;155300
2022-01-22;"Nitriansky kraj";596;1912;148;2060;NA;204947;744;2022-01-22;154771
2022-01-21;"Nitriansky kraj";532;3368;137;3505;NA;204947;669;2022-01-21;154027
2022-01-20;"Nitriansky kraj";737;3532;129;3661;NA;204947;866;2022-01-20;153358
2022-01-19;"Nitriansky kraj";614;4573;121;4694;NA;204947;735;2022-01-19;152492
2022-01-18;"Nitriansky kraj";650;3324;125;3449;NA;204947;775;2022-01-18;151757
2022-01-17;"Nitriansky kraj";439;7777;152;7929;NA;204947;591;2022-01-17;150982
2022-01-16;"Nitriansky kraj";140;3191;71;3262;NA;204947;211;2022-01-16;150391
2022-01-15;"Nitriansky kraj";268;1651;50;1701;NA;204947;318;2022-01-15;150180
2022-01-14;"Nitriansky kraj";167;2900;68;2968;NA;204947;235;2022-01-14;149862
2022-01-13;"Nitriansky kraj";244;3295;53;3348;NA;204947;297;2022-01-13;149627
2022-01-12;"Nitriansky kraj";298;4325;66;4391;NA;204947;364;2022-01-12;149330
2022-01-11;"Nitriansky kraj";424;3990;50;4040;NA;204947;474;2022-01-11;148966
2022-01-10;"Nitriansky kraj";292;7646;71;7717;NA;204947;363;2022-01-10;148492
2022-01-09;"Nitriansky kraj";100;3419;48;3467;NA;204947;148;2022-01-09;148129
2022-01-08;"Nitriansky kraj";206;1352;47;1399;NA;204947;253;2022-01-08;147981
2022-01-07;"Nitriansky kraj";326;2970;74;3044;NA;204947;400;2022-01-07;147728
2022-01-06;"Nitriansky kraj";125;910;33;943;NA;204947;158;2022-01-06;147328
2022-01-05;"Nitriansky kraj";357;4227;66;4293;NA;204947;423;2022-01-05;147170
2022-01-04;"Nitriansky kraj";453;3697;85;3782;NA;204947;538;2022-01-04;146747
2022-01-03;"Nitriansky kraj";353;7361;117;7478;NA;204947;470;2022-01-03;146209
2022-01-02;"Nitriansky kraj";25;3035;95;3130;NA;204947;120;2022-01-02;145739
2022-01-01;"Nitriansky kraj";71;177;9;186;NA;204947;80;2022-01-01;145619
2021-12-31;"Nitriansky kraj";382;1506;69;1575;NA;204947;451;2021-12-31;145539
2021-12-30;"Nitriansky kraj";325;3328;89;3417;NA;204947;414;2021-12-30;145088
2021-12-29;"Nitriansky kraj";347;2371;61;2432;NA;204947;408;2021-12-29;144674
2021-12-28;"Nitriansky kraj";628;2501;88;2589;NA;204947;716;2021-12-28;144266
2021-12-27;"Nitriansky kraj";402;4251;169;4420;NA;204947;571;2021-12-27;143550
2021-12-26;"Nitriansky kraj";84;1039;53;1092;NA;204947;137;2021-12-26;142979
2021-12-25;"Nitriansky kraj";22;499;31;530;NA;204947;53;2021-12-25;142842
2021-12-24;"Nitriansky kraj";175;448;26;474;NA;204947;201;2021-12-24;142789
2021-12-23;"Nitriansky kraj";472;3420;110;3530;NA;204947;582;2021-12-23;142588
2021-12-22;"Nitriansky kraj";398;3517;95;3612;NA;204947;493;2021-12-22;142006
2021-12-21;"Nitriansky kraj";735;2912;93;3005;NA;204947;828;2021-12-21;141513
2021-12-20;"Nitriansky kraj";407;6752;169;6921;NA;204947;576;2021-12-20;140685
2021-12-19;"Nitriansky kraj";198;3587;98;3685;NA;204947;296;2021-12-19;140109
2021-12-18;"Nitriansky kraj";361;1456;96;1552;NA;204947;457;2021-12-18;139813
2021-12-17;"Nitriansky kraj";409;4934;153;5087;NA;204947;562;2021-12-17;139356
2021-12-16;"Nitriansky kraj";429;4228;144;4372;NA;204947;573;2021-12-16;138794
2021-12-15;"Nitriansky kraj";639;5682;143;5825;NA;204947;782;2021-12-15;138221
2021-12-14;"Nitriansky kraj";907;4720;200;4920;NA;204947;1107;2021-12-14;137439
2021-12-13;"Nitriansky kraj";524;7386;291;7677;NA;204947;815;2021-12-13;136332
2021-12-12;"Nitriansky kraj";289;3893;174;4067;NA;204947;463;2021-12-12;135517
2021-12-11;"Nitriansky kraj";458;1754;121;1875;NA;204947;579;2021-12-11;135054
2021-12-10;"Nitriansky kraj";591;4868;177;5045;NA;204947;768;2021-12-10;134475
2021-12-09;"Nitriansky kraj";741;3426;202;3628;NA;204947;943;2021-12-09;133707
2021-12-08;"Nitriansky kraj";954;5136;200;5336;NA;204947;1154;2021-12-08;132764
2021-12-07;"Nitriansky kraj";900;4045;197;4242;NA;204947;1097;2021-12-07;131610
2021-12-06;"Nitriansky kraj";699;8194;339;8533;NA;204947;1038;2021-12-06;130513
2021-12-05;"Nitriansky kraj";337;4314;192;4506;NA;204947;529;2021-12-05;129475
2021-12-04;"Nitriansky kraj";758;2045;180;2225;NA;204947;938;2021-12-04;128946
2021-12-03;"Nitriansky kraj";920;5783;237;6020;NA;204947;1157;2021-12-03;128008
2021-12-02;"Nitriansky kraj";1388;3896;267;4163;NA;204947;1655;2021-12-02;126851
2021-12-01;"Nitriansky kraj";982;4077;261;4338;NA;204947;1243;2021-12-01;125196
2021-11-30;"Nitriansky kraj";751;5575;241;5816;NA;204947;992;2021-11-30;123953
2021-11-29;"Nitriansky kraj";665;10150;499;10649;NA;204947;1164;2021-11-29;122961
2021-11-28;"Nitriansky kraj";357;6214;300;6514;NA;204947;657;2021-11-28;121797
2021-11-27;"Nitriansky kraj";560;2879;281;3160;NA;204947;841;2021-11-27;121140
2021-11-26;"Nitriansky kraj";824;5529;290;5819;NA;204947;1114;2021-11-26;120299
2021-11-25;"Nitriansky kraj";847;4151;342;4493;NA;204947;1189;2021-11-25;119185
2021-11-24;"Nitriansky kraj";875;4419;325;4744;NA;204947;1200;2021-11-24;117996
2021-11-23;"Nitriansky kraj";1103;5148;353;5501;NA;204947;1456;2021-11-23;116796
2021-11-22;"Nitriansky kraj";545;7101;465;7566;NA;204947;1010;2021-11-22;115340
2021-11-21;"Nitriansky kraj";345;3410;314;3724;NA;204947;659;2021-11-21;114330
2021-11-20;"Nitriansky kraj";579;1865;252;2117;NA;204947;831;2021-11-20;113671
2021-11-19;"Nitriansky kraj";571;4255;349;4604;NA;204947;920;2021-11-19;112840
2021-11-18;"Nitriansky kraj";677;4881;420;5301;NA;204947;1097;2021-11-18;111920
2021-11-17;"Nitriansky kraj";479;1622;207;1829;NA;204947;686;2021-11-17;110823
2021-11-16;"Nitriansky kraj";668;3879;266;4145;NA;204947;934;2021-11-16;110137
2021-11-15;"Nitriansky kraj";556;6031;440;6471;NA;204947;996;2021-11-15;109203
2021-11-14;"Nitriansky kraj";229;2796;259;3055;NA;204947;488;2021-11-14;108207
2021-11-13;"Nitriansky kraj";387;1473;201;1674;NA;204947;588;2021-11-13;107719
2021-11-12;"Nitriansky kraj";552;3096;270;3366;NA;204947;822;2021-11-12;107131
2021-11-11;"Nitriansky kraj";539;3541;238;3779;NA;204947;777;2021-11-11;106309
2021-11-10;"Nitriansky kraj";411;3494;234;3728;NA;204947;645;2021-11-10;105532
2021-11-09;"Nitriansky kraj";413;3313;210;3523;NA;204947;623;2021-11-09;104887
2021-11-08;"Nitriansky kraj";464;4936;331;5267;NA;204947;795;2021-11-08;104264
2021-11-07;"Nitriansky kraj";209;2074;161;2235;NA;204947;370;2021-11-07;103469
2021-11-06;"Nitriansky kraj";236;1407;114;1521;NA;204947;350;2021-11-06;103099
2021-11-05;"Nitriansky kraj";407;2583;185;2768;NA;204947;592;2021-11-05;102749
2021-11-04;"Nitriansky kraj";437;3083;168;3251;NA;204947;605;2021-11-04;102157
2021-11-03;"Nitriansky kraj";525;2891;157;3048;NA;204947;682;2021-11-03;101552
2021-11-02;"Nitriansky kraj";320;4279;239;4518;NA;204947;559;2021-11-02;100870
2021-11-01;"Nitriansky kraj";136;712;61;773;NA;204947;197;2021-11-01;100311
2021-10-31;"Nitriansky kraj";109;1234;114;1348;NA;204947;223;2021-10-31;100114
2021-10-30;"Nitriansky kraj";202;1218;82;1300;NA;204947;284;2021-10-30;99891
2021-10-29;"Nitriansky kraj";347;2481;120;2601;NA;204947;467;2021-10-29;99607
2021-10-28;"Nitriansky kraj";281;2603;95;2698;NA;204947;376;2021-10-28;99140
2021-10-27;"Nitriansky kraj";340;2923;112;3035;NA;204947;452;2021-10-27;98764
2021-10-26;"Nitriansky kraj";297;2926;117;3043;NA;204947;414;2021-10-26;98312
2021-10-25;"Nitriansky kraj";171;3599;124;3723;NA;204947;295;2021-10-25;97898
2021-10-24;"Nitriansky kraj";58;1914;74;1988;NA;204947;132;2021-10-24;97603
2021-10-23;"Nitriansky kraj";173;1815;77;1892;NA;204947;250;2021-10-23;97471
2021-10-22;"Nitriansky kraj";202;2216;68;2284;NA;204947;270;2021-10-22;97221
2021-10-21;"Nitriansky kraj";214;2793;65;2858;NA;204947;279;2021-10-21;96951
2021-10-20;"Nitriansky kraj";218;2328;74;2402;NA;204947;292;2021-10-20;96672
2021-10-19;"Nitriansky kraj";250;2929;65;2994;NA;204947;315;2021-10-19;96380
2021-10-18;"Nitriansky kraj";81;3259;90;3349;NA;204947;171;2021-10-18;96065
2021-10-17;"Nitriansky kraj";36;3010;92;3102;NA;204947;128;2021-10-17;95894
2021-10-16;"Nitriansky kraj";37;1477;38;1515;NA;204947;75;2021-10-16;95766
2021-10-15;"Nitriansky kraj";145;2653;34;2687;NA;204947;179;2021-10-15;95691
2021-10-14;"Nitriansky kraj";95;2389;30;2419;NA;204947;125;2021-10-14;95512
2021-10-13;"Nitriansky kraj";91;2248;36;2284;NA;204947;127;2021-10-13;95387
2021-10-12;"Nitriansky kraj";119;2905;34;2939;NA;204947;153;2021-10-12;95260
2021-10-11;"Nitriansky kraj";91;2703;42;2745;NA;204947;133;2021-10-11;95107
2021-10-10;"Nitriansky kraj";33;1527;22;1549;NA;204947;55;2021-10-10;94974
2021-10-09;"Nitriansky kraj";17;1395;17;1412;NA;204947;34;2021-10-09;94919
2021-10-08;"Nitriansky kraj";61;3004;37;3041;NA;204947;98;2021-10-08;94885
2021-10-07;"Nitriansky kraj";59;2829;30;2859;NA;204947;89;2021-10-07;94787
2021-10-06;"Nitriansky kraj";66;2657;28;2685;NA;204947;94;2021-10-06;94698
2021-10-05;"Nitriansky kraj";97;2536;32;2568;NA;204947;129;2021-10-05;94604
2021-10-04;"Nitriansky kraj";56;3263;49;3312;NA;204947;105;2021-10-04;94475
2021-10-03;"Nitriansky kraj";10;1591;24;1615;NA;204947;34;2021-10-03;94370
2021-10-02;"Nitriansky kraj";46;1567;20;1587;NA;204947;66;2021-10-02;94336
2021-10-01;"Nitriansky kraj";26;2830;34;2864;NA;204947;60;2021-10-01;94270
2021-09-30;"Nitriansky kraj";66;2468;15;2483;NA;204947;81;2021-09-30;94210
2021-09-29;"Nitriansky kraj";92;2266;16;2282;NA;204947;108;2021-09-29;94129
2021-09-28;"Nitriansky kraj";86;2893;27;2920;NA;204947;113;2021-09-28;94021
2021-09-27;"Nitriansky kraj";50;3633;41;3674;NA;204947;91;2021-09-27;93908
2021-09-26;"Nitriansky kraj";12;1635;20;1655;NA;204947;32;2021-09-26;93817
2021-09-25;"Nitriansky kraj";43;1456;20;1476;NA;204947;63;2021-09-25;93785
2021-09-24;"Nitriansky kraj";35;2783;15;2798;NA;204947;50;2021-09-24;93722
2021-09-23;"Nitriansky kraj";69;2503;20;2523;NA;204947;89;2021-09-23;93672
2021-09-22;"Nitriansky kraj";68;2380;17;2397;NA;204947;85;2021-09-22;93583
2021-09-21;"Nitriansky kraj";70;2684;30;2714;NA;204947;100;2021-09-21;93498
2021-09-20;"Nitriansky kraj";41;2497;21;2518;NA;204947;62;2021-09-20;93398
2021-09-19;"Nitriansky kraj";16;1553;20;1573;NA;204947;36;2021-09-19;93336
2021-09-18;"Nitriansky kraj";42;1421;19;1440;NA;204947;61;2021-09-18;93300
2021-09-17;"Nitriansky kraj";54;2757;30;2787;NA;204947;84;2021-09-17;93239
2021-09-16;"Nitriansky kraj";55;2499;44;2543;NA;204947;99;2021-09-16;93155
2021-09-15;"Nitriansky kraj";34;538;12;550;NA;204947;46;2021-09-15;93056
2021-09-14;"Nitriansky kraj";52;1821;20;1841;NA;204947;72;2021-09-14;93010
2021-09-13;"Nitriansky kraj";27;2373;27;2400;NA;204947;54;2021-09-13;92938
2021-09-12;"Nitriansky kraj";4;1182;17;1199;NA;204947;21;2021-09-12;92884
2021-09-11;"Nitriansky kraj";36;1181;8;1189;NA;204947;44;2021-09-11;92863
2021-09-10;"Nitriansky kraj";25;2133;12;2145;NA;204947;37;2021-09-10;92819
2021-09-09;"Nitriansky kraj";15;1611;20;1631;NA;204947;35;2021-09-09;92782
2021-09-08;"Nitriansky kraj";30;1463;22;1485;NA;204947;52;2021-09-08;92747
2021-09-07;"Nitriansky kraj";35;1460;9;1469;NA;204947;44;2021-09-07;92695
2021-09-06;"Nitriansky kraj";19;1668;27;1695;NA;204947;46;2021-09-06;92651
2021-09-05;"Nitriansky kraj";10;1007;8;1015;NA;204947;18;2021-09-05;92605
2021-09-04;"Nitriansky kraj";18;1119;10;1129;NA;204947;28;2021-09-04;92587
2021-09-03;"Nitriansky kraj";20;1743;17;1760;NA;204947;37;2021-09-03;92559
2021-09-02;"Nitriansky kraj";16;1389;14;1403;NA;204947;30;2021-09-02;92522
2021-09-01;"Nitriansky kraj";9;322;2;324;NA;204947;11;2021-09-01;92492
2021-08-31;"Nitriansky kraj";10;1360;6;1366;NA;204947;16;2021-08-31;92481
2021-08-30;"Nitriansky kraj";8;1381;10;1391;NA;204947;18;2021-08-30;92465
2021-08-29;"Nitriansky kraj";2;450;1;451;NA;204947;3;2021-08-29;92447
2021-08-28;"Nitriansky kraj";5;1071;3;1074;NA;204947;8;2021-08-28;92444
2021-08-27;"Nitriansky kraj";7;1804;4;1808;NA;204947;11;2021-08-27;92436
2021-08-26;"Nitriansky kraj";2;1255;6;1261;NA;204947;8;2021-08-26;92425
2021-08-25;"Nitriansky kraj";15;1087;3;1090;NA;204947;18;2021-08-25;92417
2021-08-24;"Nitriansky kraj";6;990;2;992;NA;204947;8;2021-08-24;92399
2021-08-23;"Nitriansky kraj";13;1271;4;1275;NA;204947;17;2021-08-23;92391
2021-08-22;"Nitriansky kraj";0;1167;3;1170;NA;204947;3;2021-08-22;92374
2021-08-21;"Nitriansky kraj";1;853;2;855;NA;204947;3;2021-08-21;92371
2021-08-20;"Nitriansky kraj";8;1580;5;1585;NA;204947;13;2021-08-20;92368
2021-08-19;"Nitriansky kraj";11;1167;4;1171;NA;204947;15;2021-08-19;92355
2021-08-18;"Nitriansky kraj";8;1180;7;1187;NA;204947;15;2021-08-18;92340
2021-08-17;"Nitriansky kraj";4;1035;3;1038;NA;204947;7;2021-08-17;92325
2021-08-16;"Nitriansky kraj";7;1129;4;1133;NA;204947;11;2021-08-16;92318
2021-08-15;"Nitriansky kraj";2;662;1;663;NA;204947;3;2021-08-15;92307
2021-08-14;"Nitriansky kraj";1;878;5;883;NA;204947;6;2021-08-14;92304
2021-08-13;"Nitriansky kraj";0;957;1;958;NA;204947;1;2021-08-13;92298
2021-08-12;"Nitriansky kraj";5;765;0;765;NA;204947;5;2021-08-12;92297
2021-08-11;"Nitriansky kraj";3;527;1;528;NA;204947;4;2021-08-11;92292
2021-08-10;"Nitriansky kraj";3;570;1;571;NA;204947;4;2021-08-10;92288
2021-08-09;"Nitriansky kraj";3;992;1;993;NA;204947;4;2021-08-09;92284
2021-08-08;"Nitriansky kraj";0;668;1;669;NA;204947;1;2021-08-08;92280
2021-08-07;"Nitriansky kraj";0;557;1;558;NA;204947;1;2021-08-07;92279
2021-08-06;"Nitriansky kraj";5;799;0;799;NA;204947;5;2021-08-06;92278
2021-08-05;"Nitriansky kraj";6;612;0;612;NA;204947;6;2021-08-05;92273
2021-08-04;"Nitriansky kraj";1;497;2;499;NA;204947;3;2021-08-04;92267
2021-08-03;"Nitriansky kraj";5;1455;0;1455;NA;204947;5;2021-08-03;92264
2021-08-02;"Nitriansky kraj";1;683;4;687;NA;204947;5;2021-08-02;92259
2021-08-01;"Nitriansky kraj";1;606;0;606;NA;204947;1;2021-08-01;92254
2021-07-31;"Nitriansky kraj";1;514;1;515;NA;204947;2;2021-07-31;92253
2021-07-30;"Nitriansky kraj";2;827;0;827;NA;204947;2;2021-07-30;92251
2021-07-29;"Nitriansky kraj";3;720;2;722;NA;204947;5;2021-07-29;92249
2021-07-28;"Nitriansky kraj";4;598;0;598;NA;204947;4;2021-07-28;92244
2021-07-27;"Nitriansky kraj";12;602;1;603;NA;204947;13;2021-07-27;92240
2021-07-26;"Nitriansky kraj";7;970;1;971;NA;204947;8;2021-07-26;92227
2021-07-25;"Nitriansky kraj";1;654;1;655;NA;204947;2;2021-07-25;92219
2021-07-24;"Nitriansky kraj";0;620;0;620;NA;204947;0;2021-07-24;92217
2021-07-23;"Nitriansky kraj";3;851;1;852;NA;204947;4;2021-07-23;92217
2021-07-22;"Nitriansky kraj";5;689;0;689;NA;204947;5;2021-07-22;92213
2021-07-21;"Nitriansky kraj";6;650;2;652;NA;204947;8;2021-07-21;92208
2021-07-20;"Nitriansky kraj";1;527;1;528;NA;204947;2;2021-07-20;92200
2021-07-19;"Nitriansky kraj";2;965;0;965;NA;204947;2;2021-07-19;92198
2021-07-18;"Nitriansky kraj";1;747;0;747;NA;204947;1;2021-07-18;92196
2021-07-17;"Nitriansky kraj";5;612;0;612;NA;204947;5;2021-07-17;92195
2021-07-16;"Nitriansky kraj";2;876;0;876;NA;204947;2;2021-07-16;92190
2021-07-15;"Nitriansky kraj";11;708;0;708;NA;204947;11;2021-07-15;92188
2021-07-14;"Nitriansky kraj";4;646;0;646;NA;204947;4;2021-07-14;92177
2021-07-13;"Nitriansky kraj";2;697;2;699;NA;204947;4;2021-07-13;92173
2021-07-12;"Nitriansky kraj";1;819;0;819;NA;204947;1;2021-07-12;92169
2021-07-11;"Nitriansky kraj";1;961;0;961;NA;204947;1;2021-07-11;92168
2021-07-10;"Nitriansky kraj";1;630;0;630;NA;204947;1;2021-07-10;92167
2021-07-09;"Nitriansky kraj";3;1000;0;1000;NA;204947;3;2021-07-09;92166
2021-07-08;"Nitriansky kraj";0;683;0;683;NA;204947;0;2021-07-08;92163
2021-07-07;"Nitriansky kraj";2;935;2;937;NA;204947;4;2021-07-07;92163
2021-07-06;"Nitriansky kraj";1;1269;1;1270;NA;204947;2;2021-07-06;92159
2021-07-05;"Nitriansky kraj";1;507;0;507;NA;204947;1;2021-07-05;92157
2021-07-04;"Nitriansky kraj";0;821;1;822;NA;204947;1;2021-07-04;92156
2021-07-03;"Nitriansky kraj";0;611;0;611;NA;204947;0;2021-07-03;92155
2021-07-02;"Nitriansky kraj";0;1259;0;1259;NA;204947;0;2021-07-02;92155
2021-07-01;"Nitriansky kraj";0;339;1;340;NA;204947;1;2021-07-01;92155
2021-06-30;"Nitriansky kraj";1;6777;2;6779;NA;204947;3;2021-06-30;92154
2021-06-29;"Nitriansky kraj";1;3536;0;3536;NA;204947;1;2021-06-29;92151
2021-06-28;"Nitriansky kraj";3;4393;0;4393;NA;204947;3;2021-06-28;92150
2021-06-27;"Nitriansky kraj";0;3263;0;3263;NA;204947;0;2021-06-27;92147
2021-06-26;"Nitriansky kraj";1;4979;3;4982;NA;204947;4;2021-06-26;92147
2021-06-25;"Nitriansky kraj";8;5182;1;5183;NA;204947;9;2021-06-25;92143
2021-06-24;"Nitriansky kraj";1;3354;0;3354;NA;204947;1;2021-06-24;92134
2021-06-23;"Nitriansky kraj";1;3033;0;3033;NA;204947;1;2021-06-23;92133
2021-06-22;"Nitriansky kraj";1;3240;3;3243;NA;204947;4;2021-06-22;92132
2021-06-21;"Nitriansky kraj";8;5362;8;5370;NA;204947;16;2021-06-21;92128
2021-06-20;"Nitriansky kraj";0;4437;6;4443;NA;204947;6;2021-06-20;92112
2021-06-19;"Nitriansky kraj";0;5983;4;5987;NA;204947;4;2021-06-19;92106
2021-06-18;"Nitriansky kraj";4;6453;3;6456;NA;204947;7;2021-06-18;92102
2021-06-17;"Nitriansky kraj";5;4152;1;4153;NA;204947;6;2021-06-17;92095
2021-06-16;"Nitriansky kraj";4;3694;3;3697;NA;204947;7;2021-06-16;92089
2021-06-15;"Nitriansky kraj";1;3995;0;3995;NA;204947;1;2021-06-15;92082
2021-06-14;"Nitriansky kraj";0;5875;3;5878;NA;204947;3;2021-06-14;92081
2021-06-13;"Nitriansky kraj";0;6073;3;6076;NA;204947;3;2021-06-13;92078
2021-06-12;"Nitriansky kraj";1;8293;1;8294;NA;204947;2;2021-06-12;92075
2021-06-11;"Nitriansky kraj";3;6891;4;6895;NA;204947;7;2021-06-11;92073
2021-06-10;"Nitriansky kraj";7;4539;1;4540;NA;204947;8;2021-06-10;92066
2021-06-09;"Nitriansky kraj";2;4706;2;4708;NA;204947;4;2021-06-09;92058
2021-06-08;"Nitriansky kraj";8;4239;3;4242;NA;204947;11;2021-06-08;92054
2021-06-07;"Nitriansky kraj";6;5841;8;5849;NA;204947;14;2021-06-07;92043
2021-06-06;"Nitriansky kraj";0;6981;4;6985;NA;204947;4;2021-06-06;92029
2021-06-05;"Nitriansky kraj";6;9089;9;9098;NA;204947;15;2021-06-05;92025
2021-06-04;"Nitriansky kraj";9;7639;5;7644;NA;204947;14;2021-06-04;92010
2021-06-03;"Nitriansky kraj";2;5064;6;5070;NA;204947;8;2021-06-03;91996
2021-06-02;"Nitriansky kraj";11;5119;11;5130;NA;204947;22;2021-06-02;91988
2021-06-01;"Nitriansky kraj";3;4847;2;4849;NA;204947;5;2021-06-01;91966
2021-05-31;"Nitriansky kraj";8;8933;8;8941;NA;204947;16;2021-05-31;91961
2021-05-30;"Nitriansky kraj";1;9067;8;9075;NA;204947;9;2021-05-30;91945
2021-05-29;"Nitriansky kraj";2;13610;7;13617;NA;204947;9;2021-05-29;91936
2021-05-28;"Nitriansky kraj";10;8872;6;8878;NA;204947;16;2021-05-28;91927
2021-05-27;"Nitriansky kraj";4;6164;5;6169;NA;204947;9;2021-05-27;91911
2021-05-26;"Nitriansky kraj";11;8509;10;8519;NA;204947;21;2021-05-26;91902
2021-05-25;"Nitriansky kraj";15;7350;8;7358;NA;204947;23;2021-05-25;91881
2021-05-24;"Nitriansky kraj";14;9816;17;9833;NA;204947;31;2021-05-24;91858
2021-05-23;"Nitriansky kraj";1;9456;13;9469;NA;204947;14;2021-05-23;91827
2021-05-22;"Nitriansky kraj";7;16939;11;16950;NA;204947;18;2021-05-22;91813
2021-05-21;"Nitriansky kraj";18;10632;15;10647;NA;204947;33;2021-05-21;91795
2021-05-20;"Nitriansky kraj";8;7185;7;7192;NA;204947;15;2021-05-20;91762
2021-05-19;"Nitriansky kraj";20;6787;14;6801;NA;204947;34;2021-05-19;91747
2021-05-18;"Nitriansky kraj";23;7797;18;7815;NA;204947;41;2021-05-18;91713
2021-05-17;"Nitriansky kraj";22;9774;20;9794;NA;204947;42;2021-05-17;91672
2021-05-16;"Nitriansky kraj";4;13830;15;13845;NA;204947;19;2021-05-16;91630
2021-05-15;"Nitriansky kraj";5;25389;23;25412;NA;204947;28;2021-05-15;91611
2021-05-14;"Nitriansky kraj";18;13385;23;13408;NA;204947;41;2021-05-14;91583
2021-05-13;"Nitriansky kraj";24;8289;19;8308;NA;204947;43;2021-05-13;91542
2021-05-12;"Nitriansky kraj";10;7682;26;7708;NA;204947;36;2021-05-12;91499
2021-05-11;"Nitriansky kraj";36;8169;13;8182;NA;204947;49;2021-05-11;91463
2021-05-10;"Nitriansky kraj";16;13800;42;13842;NA;204947;58;2021-05-10;91414
2021-05-09;"Nitriansky kraj";8;21879;35;21914;NA;204947;43;2021-05-09;91356
2021-05-08;"Nitriansky kraj";0;24318;29;24347;NA;204947;29;2021-05-08;91313
2021-05-07;"Nitriansky kraj";32;14915;20;14935;NA;204947;52;2021-05-07;91284
2021-05-06;"Nitriansky kraj";30;9463;20;9483;NA;204947;50;2021-05-06;91232
2021-05-05;"Nitriansky kraj";19;8527;23;8550;NA;204947;42;2021-05-05;91182
2021-05-04;"Nitriansky kraj";46;9385;27;9412;NA;204947;73;2021-05-04;91140
2021-05-03;"Nitriansky kraj";32;14490;44;14534;NA;204947;76;2021-05-03;91067
2021-05-02;"Nitriansky kraj";4;31751;46;31797;NA;204947;50;2021-05-02;90991
2021-05-01;"Nitriansky kraj";23;60451;43;60494;NA;204947;66;2021-05-01;90941
2021-04-30;"Nitriansky kraj";28;31803;53;31856;NA;204947;81;2021-04-30;90875
2021-04-29;"Nitriansky kraj";27;14265;34;14299;NA;204947;61;2021-04-29;90794
2021-04-28;"Nitriansky kraj";36;14716;45;14761;NA;204947;81;2021-04-28;90733
2021-04-27;"Nitriansky kraj";51;13154;35;13189;NA;204947;86;2021-04-27;90652
2021-04-26;"Nitriansky kraj";38;21029;44;21073;NA;204947;82;2021-04-26;90566
2021-04-25;"Nitriansky kraj";7;44312;46;44358;NA;204947;53;2021-04-25;90484
2021-04-24;"Nitriansky kraj";23;93455;72;93527;NA;204947;95;2021-04-24;90431
2021-04-23;"Nitriansky kraj";54;35145;51;35196;NA;204947;105;2021-04-23;90336
2021-04-22;"Nitriansky kraj";32;15435;44;15479;NA;204947;76;2021-04-22;90231
2021-04-21;"Nitriansky kraj";38;14228;45;14273;NA;204947;83;2021-04-21;90155
2021-04-20;"Nitriansky kraj";67;16058;51;16109;NA;204947;118;2021-04-20;90072
2021-04-19;"Nitriansky kraj";35;24819;59;24878;NA;204947;94;2021-04-19;89954
2021-04-18;"Nitriansky kraj";0;39569;27;39596;NA;204947;27;2021-04-18;89860
2021-04-17;"Nitriansky kraj";34;92102;82;92184;NA;204947;116;2021-04-17;89833
2021-04-16;"Nitriansky kraj";46;32348;37;32385;NA;204947;83;2021-04-16;89717
2021-04-15;"Nitriansky kraj";75;16215;52;16267;NA;204947;127;2021-04-15;89634
2021-04-14;"Nitriansky kraj";43;15303;42;15345;NA;204947;85;2021-04-14;89507
2021-04-13;"Nitriansky kraj";110;15104;44;15148;NA;204947;154;2021-04-13;89422
2021-04-12;"Nitriansky kraj";29;22817;50;22867;NA;204947;79;2021-04-12;89268
2021-04-11;"Nitriansky kraj";1;37537;31;37568;NA;204947;32;2021-04-11;89189
2021-04-10;"Nitriansky kraj";35;95851;115;95966;NA;204947;150;2021-04-10;89157
2021-04-09;"Nitriansky kraj";69;30669;58;30727;NA;204947;127;2021-04-09;89007
2021-04-08;"Nitriansky kraj";71;15361;36;15397;NA;204947;107;2021-04-08;88880
2021-04-07;"Nitriansky kraj";64;18541;47;18588;NA;204947;111;2021-04-07;88773
2021-04-06;"Nitriansky kraj";65;33218;112;33330;NA;204947;177;2021-04-06;88662
2021-04-05;"Nitriansky kraj";37;12673;48;12721;NA;204947;85;2021-04-05;88485
2021-04-04;"Nitriansky kraj";5;17887;35;17922;NA;204947;40;2021-04-04;88400
2021-04-03;"Nitriansky kraj";26;85465;153;85618;NA;204947;179;2021-04-03;88360
2021-04-02;"Nitriansky kraj";32;18743;46;18789;NA;204947;78;2021-04-02;88181
2021-04-01;"Nitriansky kraj";63;24610;83;24693;NA;204947;146;2021-04-01;88103
2021-03-31;"Nitriansky kraj";73;21752;94;21846;NA;204947;167;2021-03-31;87957
2021-03-30;"Nitriansky kraj";125;17122;83;17205;NA;204947;208;2021-03-30;87790
2021-03-29;"Nitriansky kraj";81;25139;100;25239;NA;204947;181;2021-03-29;87582
2021-03-28;"Nitriansky kraj";6;45581;106;45687;NA;204947;112;2021-03-28;87401
2021-03-27;"Nitriansky kraj";39;104104;174;104278;NA;204947;213;2021-03-27;87289
2021-03-26;"Nitriansky kraj";90;40444;115;40559;NA;204947;205;2021-03-26;87076
2021-03-25;"Nitriansky kraj";95;19219;94;19313;NA;204947;189;2021-03-25;86871
2021-03-24;"Nitriansky kraj";90;14787;91;14878;NA;204947;181;2021-03-24;86682
2021-03-23;"Nitriansky kraj";167;16753;66;16819;NA;204947;233;2021-03-23;86501
2021-03-22;"Nitriansky kraj";101;24886;125;25011;NA;204947;226;2021-03-22;86268
2021-03-21;"Nitriansky kraj";27;42773;99;42872;NA;204947;126;2021-03-21;86042
2021-03-20;"Nitriansky kraj";36;100640;207;100847;NA;204947;243;2021-03-20;85916
2021-03-19;"Nitriansky kraj";76;37312;102;37414;NA;204947;178;2021-03-19;85673
2021-03-18;"Nitriansky kraj";103;20051;113;20164;NA;204947;216;2021-03-18;85495
2021-03-17;"Nitriansky kraj";87;15839;127;15966;NA;204947;214;2021-03-17;85279
2021-03-16;"Nitriansky kraj";172;18085;121;18206;NA;204947;293;2021-03-16;85065
2021-03-15;"Nitriansky kraj";130;24481;165;24646;NA;204947;295;2021-03-15;84772
2021-03-14;"Nitriansky kraj";3;45770;107;45877;NA;204947;110;2021-03-14;84477
2021-03-13;"Nitriansky kraj";65;112573;242;112815;NA;204947;307;2021-03-13;84367
2021-03-12;"Nitriansky kraj";127;40777;159;40936;NA;204947;286;2021-03-12;84060
2021-03-11;"Nitriansky kraj";131;18686;130;18816;NA;204947;261;2021-03-11;83774
2021-03-10;"Nitriansky kraj";96;17422;143;17565;NA;204947;239;2021-03-10;83513
2021-03-09;"Nitriansky kraj";260;17635;149;17784;NA;204947;409;2021-03-09;83274
2021-03-08;"Nitriansky kraj";145;27214;172;27386;NA;204947;317;2021-03-08;82865
2021-03-07;"Nitriansky kraj";48;46867;185;47052;NA;204947;233;2021-03-07;82548
2021-03-06;"Nitriansky kraj";86;112027;327;112354;NA;204947;413;2021-03-06;82315
2021-03-05;"Nitriansky kraj";133;39068;200;39268;NA;204947;333;2021-03-05;81902
2021-03-04;"Nitriansky kraj";176;18340;173;18513;NA;204947;349;2021-03-04;81569
2021-03-03;"Nitriansky kraj";172;17210;177;17387;NA;204947;349;2021-03-03;81220
2021-03-02;"Nitriansky kraj";274;21003;366;21369;NA;204947;640;2021-03-02;80871
2021-03-01;"Nitriansky kraj";133;27881;279;28160;NA;204947;412;2021-03-01;80231
2021-02-28;"Nitriansky kraj";80;40866;218;41084;NA;204947;298;2021-02-28;79819
2021-02-27;"Nitriansky kraj";101;106352;496;106848;NA;204947;597;2021-02-27;79521
2021-02-26;"Nitriansky kraj";109;36788;308;37096;NA;204947;417;2021-02-26;78924
2021-02-25;"Nitriansky kraj";188;15243;212;15455;NA;204947;400;2021-02-25;78507
2021-02-24;"Nitriansky kraj";125;13833;260;14093;NA;204947;385;2021-02-24;78107
2021-02-23;"Nitriansky kraj";273;15402;273;15675;NA;204947;546;2021-02-23;77722
2021-02-22;"Nitriansky kraj";154;26478;330;26808;NA;204947;484;2021-02-22;77176
2021-02-21;"Nitriansky kraj";22;43664;320;43984;NA;204947;342;2021-02-21;76692
2021-02-20;"Nitriansky kraj";128;109038;586;109624;NA;204947;714;2021-02-20;76350
2021-02-19;"Nitriansky kraj";173;36849;328;37177;NA;204947;501;2021-02-19;75636
2021-02-18;"Nitriansky kraj";202;17045;275;17320;NA;204947;477;2021-02-18;75135
2021-02-17;"Nitriansky kraj";198;12080;310;12390;NA;204947;508;2021-02-17;74658
2021-02-16;"Nitriansky kraj";284;16066;288;16354;NA;204947;572;2021-02-16;74150
2021-02-15;"Nitriansky kraj";122;28636;474;29110;NA;204947;596;2021-02-15;73578
2021-02-14;"Nitriansky kraj";8;49392;315;49707;NA;204947;323;2021-02-14;72982
2021-02-13;"Nitriansky kraj";127;110294;690;110984;NA;204947;817;2021-02-13;72659
2021-02-12;"Nitriansky kraj";162;33405;407;33812;NA;204947;569;2021-02-12;71842
2021-02-11;"Nitriansky kraj";195;12406;270;12676;NA;204947;465;2021-02-11;71273
2021-02-10;"Nitriansky kraj";186;17770;644;18414;NA;204947;830;2021-02-10;70808
2021-02-09;"Nitriansky kraj";260;18530;385;18915;NA;204947;645;2021-02-09;69978
2021-02-08;"Nitriansky kraj";177;37530;569;38099;NA;204947;746;2021-02-08;69333
2021-02-07;"Nitriansky kraj";20;52307;513;52820;NA;204947;533;2021-02-07;68587
2021-02-06;"Nitriansky kraj";129;101439;764;102203;NA;204947;893;2021-02-06;68054
2021-02-05;"Nitriansky kraj";244;26137;491;26628;NA;204947;735;2021-02-05;67161
2021-02-04;"Nitriansky kraj";308;15681;512;16193;NA;204947;820;2021-02-04;66426
2021-02-03;"Nitriansky kraj";191;13459;382;13841;NA;204947;573;2021-02-03;65606
2021-02-02;"Nitriansky kraj";327;17880;382;18262;NA;204947;709;2021-02-02;65033
2021-02-01;"Nitriansky kraj";221;24002;460;24462;NA;204947;681;2021-02-01;64324
2021-01-31;"Nitriansky kraj";9;46215;507;46722;NA;204947;516;2021-01-31;63643
2021-01-30;"Nitriansky kraj";152;99241;1090;100331;NA;204947;1242;2021-01-30;63127
2021-01-29;"Nitriansky kraj";302;22461;477;22938;NA;204947;779;2021-01-29;61885
2021-01-28;"Nitriansky kraj";269;11370;398;11768;NA;204947;667;2021-01-28;61106
2021-01-27;"Nitriansky kraj";235;6758;299;7057;NA;204947;534;2021-01-27;60439
2021-01-26;"Nitriansky kraj";345;16015;454;16469;NA;204947;799;2021-01-26;59905
2021-01-25;"Nitriansky kraj";201;21909;434;22343;NA;204947;635;2021-01-25;59106
2021-01-24;"Nitriansky kraj";12;79041;897;79938;NA;204947;909;2021-01-24;58471
2021-01-23;"Nitriansky kraj";277;97845;1446;99291;NA;204947;1723;2021-01-23;57562
2021-01-22;"Nitriansky kraj";139;35924;619;36543;NA;204947;758;2021-01-22;55839
2021-01-21;"Nitriansky kraj";305;14649;412;15061;NA;204947;717;2021-01-21;55081
2021-01-20;"Nitriansky kraj";326;11991;625;12616;NA;204947;951;2021-01-20;54364
2021-01-19;"Nitriansky kraj";344;11015;633;11648;NA;204947;977;2021-01-19;53413
2021-01-18;"Nitriansky kraj";367;8901;519;9420;NA;204947;886;2021-01-18;52436
2021-01-17;"Nitriansky kraj";97;15061;275;15336;NA;204947;372;2021-01-17;51550
2021-01-16;"Nitriansky kraj";64;36838;679;37517;NA;204947;743;2021-01-16;51178
2021-01-15;"Nitriansky kraj";373;15940;474;16414;NA;204947;847;2021-01-15;50435
2021-01-14;"Nitriansky kraj";627;10577;452;11029;NA;204947;1079;2021-01-14;49588
2021-01-13;"Nitriansky kraj";663;9234;484;9718;NA;204947;1147;2021-01-13;48509
2021-01-12;"Nitriansky kraj";642;8805;545;9350;NA;204947;1187;2021-01-12;47362
2021-01-11;"Nitriansky kraj";422;8347;513;8860;NA;204947;935;2021-01-11;46175
2021-01-10;"Nitriansky kraj";44;19841;730;20571;NA;204947;774;2021-01-10;45240
2021-01-09;"Nitriansky kraj";532;36823;1071;37894;NA;204947;1603;2021-01-09;44466
2021-01-08;"Nitriansky kraj";817;14001;691;14692;NA;204947;1508;2021-01-08;42863
2021-01-07;"Nitriansky kraj";438;10121;795;10916;NA;204947;1233;2021-01-07;41355
2021-01-06;"Nitriansky kraj";259;3192;197;3389;NA;204947;456;2021-01-06;40122
2021-01-05;"Nitriansky kraj";732;8918;1208;10126;NA;204947;1940;2021-01-05;39666
2021-01-04;"Nitriansky kraj";362;8375;1287;9662;NA;204947;1649;2021-01-04;37726
2021-01-03;"Nitriansky kraj";42;84;20;104;NA;204947;62;2021-01-03;36077
2021-01-02;"Nitriansky kraj";249;1090;26;1116;NA;204947;275;2021-01-02;36015
2021-01-01;"Nitriansky kraj";119;781;95;876;NA;204947;214;2021-01-01;35740
2020-12-31;"Nitriansky kraj";786;7646;962;8608;NA;204947;1748;2020-12-31;35526
2020-12-30;"Nitriansky kraj";1094;9619;1165;10784;NA;204947;2259;2020-12-30;33778
2020-12-29;"Nitriansky kraj";607;8028;1245;9273;NA;204947;1852;2020-12-29;31519
2020-12-28;"Nitriansky kraj";83;6804;1220;8024;NA;204947;1303;2020-12-28;29667
2020-12-27;"Nitriansky kraj";22;60;8;68;NA;204947;30;2020-12-27;28364
2020-12-26;"Nitriansky kraj";54;297;56;353;NA;204947;110;2020-12-26;28334
2020-12-25;"Nitriansky kraj";35;60;11;71;NA;204947;46;2020-12-25;28224
2020-12-24;"Nitriansky kraj";514;1861;176;2037;NA;204947;690;2020-12-24;28178
2020-12-23;"Nitriansky kraj";349;14679;782;15461;NA;204947;1131;2020-12-23;27488
2020-12-22;"Nitriansky kraj";673;10623;949;11572;NA;204947;1622;2020-12-22;26357
2020-12-21;"Nitriansky kraj";128;7587;931;8518;NA;204947;1059;2020-12-21;24735
2020-12-20;"Nitriansky kraj";77;50;10;60;NA;204947;87;2020-12-20;23676
2020-12-19;"Nitriansky kraj";262;2259;159;2418;NA;204947;421;2020-12-19;23589
2020-12-18;"Nitriansky kraj";512;7946;518;8464;NA;204947;1030;2020-12-18;23168
2020-12-17;"Nitriansky kraj";586;6519;486;7005;NA;204947;1072;2020-12-17;22138
2020-12-16;"Nitriansky kraj";357;8097;500;8597;NA;204947;857;2020-12-16;21066
2020-12-15;"Nitriansky kraj";461;9084;750;9834;NA;204947;1211;2020-12-15;20209
2020-12-14;"Nitriansky kraj";217;7816;797;8613;NA;204947;1014;2020-12-14;18998
2020-12-13;"Nitriansky kraj";12;69;6;75;NA;204947;18;2020-12-13;17984
2020-12-12;"Nitriansky kraj";341;1832;125;1957;NA;204947;466;2020-12-12;17966
2020-12-11;"Nitriansky kraj";409;5117;384;5501;NA;204947;793;2020-12-11;17500
2020-12-10;"Nitriansky kraj";360;5239;345;5584;NA;204947;705;2020-12-10;16707
2020-12-09;"Nitriansky kraj";362;5494;529;6023;NA;204947;891;2020-12-09;16002
2020-12-08;"Nitriansky kraj";340;8168;548;8716;NA;204947;888;2020-12-08;15111
2020-12-07;"Nitriansky kraj";139;6243;573;6816;NA;204947;712;2020-12-07;14223
2020-12-06;"Nitriansky kraj";15;89;4;93;NA;204947;19;2020-12-06;13511
2020-12-05;"Nitriansky kraj";136;1388;19;1407;NA;204947;155;2020-12-05;13492
2020-12-04;"Nitriansky kraj";232;2884;74;2958;NA;204947;306;2020-12-04;13337
2020-12-03;"Nitriansky kraj";248;2471;110;2581;NA;204947;358;2020-12-03;13031
2020-12-02;"Nitriansky kraj";252;2580;151;2731;NA;204947;403;2020-12-02;12673
2020-12-01;"Nitriansky kraj";331;2891;131;3022;NA;204947;462;2020-12-01;12270
2020-11-30;"Nitriansky kraj";91;4228;188;4416;NA;204947;279;2020-11-30;11808
2020-11-29;"Nitriansky kraj";3;634;42;676;NA;204947;45;2020-11-29;11529
2020-11-28;"Nitriansky kraj";135;892;31;923;NA;204947;166;2020-11-28;11484
2020-11-27;"Nitriansky kraj";177;2069;73;2142;NA;204947;250;2020-11-27;11318
2020-11-26;"Nitriansky kraj";191;2813;80;2893;NA;204947;271;2020-11-26;11068
2020-11-25;"Nitriansky kraj";325;2478;91;2569;NA;204947;416;2020-11-25;10797
2020-11-24;"Nitriansky kraj";147;1641;64;1705;NA;204947;211;2020-11-24;10381
2020-11-23;"Nitriansky kraj";102;9891;212;10103;NA;204947;314;2020-11-23;10170
2020-11-22;"Nitriansky kraj";7;1176;25;1201;NA;204947;32;2020-11-22;9856
2020-11-21;"Nitriansky kraj";86;1083;38;1121;NA;204947;124;2020-11-21;9824
2020-11-20;"Nitriansky kraj";264;4180;103;4283;NA;204947;367;2020-11-20;9700
2020-11-19;"Nitriansky kraj";185;3065;134;3199;NA;204947;319;2020-11-19;9333
2020-11-18;"Nitriansky kraj";188;2214;79;2293;NA;204947;267;2020-11-18;9014
2020-11-17;"Nitriansky kraj";178;596;29;625;NA;204947;207;2020-11-17;8747
2020-11-16;"Nitriansky kraj";139;1877;75;1952;NA;204947;214;2020-11-16;8540
2020-11-15;"Nitriansky kraj";14;180;5;185;NA;204947;19;2020-11-15;8326
2020-11-14;"Nitriansky kraj";114;1131;32;1163;NA;204947;146;2020-11-14;8307
2020-11-13;"Nitriansky kraj";210;936;46;982;NA;204947;256;2020-11-13;8161
2020-11-12;"Nitriansky kraj";256;1195;35;1230;NA;204947;291;2020-11-12;7905
2020-11-11;"Nitriansky kraj";279;1247;22;1269;NA;204947;301;2020-11-11;7614
2020-11-10;"Nitriansky kraj";192;2623;39;2662;NA;204947;231;2020-11-10;7313
2020-11-09;"Nitriansky kraj";128;3136;43;3179;NA;204947;171;2020-11-09;7082
2020-11-08;"Nitriansky kraj";43;1462;32;1494;NA;204947;75;2020-11-08;6911
2020-11-07;"Nitriansky kraj";130;1046;4;1050;NA;204947;134;2020-11-07;6836
2020-11-06;"Nitriansky kraj";210;2264;32;2296;NA;204947;242;2020-11-06;6702
2020-11-05;"Nitriansky kraj";178;313;14;327;NA;204947;192;2020-11-05;6460
2020-11-04;"Nitriansky kraj";211;297;16;313;NA;204947;227;2020-11-04;6268
2020-11-03;"Nitriansky kraj";216;435;25;460;NA;204947;241;2020-11-03;6041
2020-11-02;"Nitriansky kraj";171;4208;46;4254;NA;204947;217;2020-11-02;5800
2020-11-01;"Nitriansky kraj";130;2546;27;2573;NA;204947;157;2020-11-01;5583
2020-10-31;"Nitriansky kraj";261;10466;134;10600;NA;204947;395;2020-10-31;5426
2020-10-30;"Nitriansky kraj";204;2593;42;2635;NA;204947;246;2020-10-30;5031
2020-10-29;"Nitriansky kraj";293;841;39;880;NA;204947;332;2020-10-29;4785
2020-10-28;"Nitriansky kraj";216;608;59;667;NA;204947;275;2020-10-28;4453
2020-10-27;"Nitriansky kraj";296;550;47;597;NA;204947;343;2020-10-27;4178
2020-10-26;"Nitriansky kraj";69;633;56;689;NA;204947;125;2020-10-26;3835
2020-10-25;"Nitriansky kraj";50;62;8;70;NA;204947;58;2020-10-25;3710
2020-10-24;"Nitriansky kraj";169;237;11;248;NA;204947;180;2020-10-24;3652
2020-10-23;"Nitriansky kraj";282;762;41;803;NA;204947;323;2020-10-23;3472
2020-10-22;"Nitriansky kraj";137;444;39;483;NA;204947;176;2020-10-22;3149
2020-10-21;"Nitriansky kraj";146;208;3;211;NA;204947;149;2020-10-21;2973
2020-10-20;"Nitriansky kraj";197;78;6;84;NA;204947;203;2020-10-20;2824
2020-10-19;"Nitriansky kraj";148;79;1;80;NA;204947;149;2020-10-19;2621
2020-10-18;"Nitriansky kraj";22;0;0;0;NA;204947;22;2020-10-18;2472
2020-10-17;"Nitriansky kraj";67;0;0;0;NA;204947;67;2020-10-17;2450
2020-10-16;"Nitriansky kraj";133;28;3;31;NA;204947;136;2020-10-16;2383
2020-10-15;"Nitriansky kraj";106;31;2;33;NA;204947;108;2020-10-15;2247
2020-10-14;"Nitriansky kraj";80;22;4;26;NA;204947;84;2020-10-14;2139
2020-10-13;"Nitriansky kraj";101;82;2;84;NA;204947;103;2020-10-13;2055
2020-10-12;"Nitriansky kraj";36;0;0;0;NA;204947;36;2020-10-12;1952
2020-10-11;"Nitriansky kraj";8;0;0;0;NA;204947;8;2020-10-11;1916
2020-10-10;"Nitriansky kraj";107;0;0;0;NA;204947;107;2020-10-10;1908
2020-10-09;"Nitriansky kraj";120;0;0;0;NA;204947;120;2020-10-09;1801
2020-10-08;"Nitriansky kraj";132;0;0;0;NA;204947;132;2020-10-08;1681
2020-10-07;"Nitriansky kraj";81;0;0;0;NA;204947;81;2020-10-07;1549
2020-10-06;"Nitriansky kraj";48;0;0;0;NA;204947;48;2020-10-06;1468
2020-10-05;"Nitriansky kraj";20;0;0;0;NA;204947;20;2020-10-05;1420
2020-10-04;"Nitriansky kraj";17;0;0;0;NA;204947;17;2020-10-04;1400
2020-10-03;"Nitriansky kraj";96;0;0;0;NA;204947;96;2020-10-03;1383
2020-10-02;"Nitriansky kraj";108;0;0;0;NA;204947;108;2020-10-02;1287
2020-10-01;"Nitriansky kraj";95;0;0;0;NA;204947;95;2020-10-01;1179
2020-09-30;"Nitriansky kraj";100;0;0;0;NA;204947;100;2020-09-30;1084
2020-09-29;"Nitriansky kraj";50;0;0;0;NA;204947;50;2020-09-29;984
2020-09-28;"Nitriansky kraj";22;0;0;0;NA;204947;22;2020-09-28;934
2020-09-27;"Nitriansky kraj";16;0;0;0;NA;204947;16;2020-09-27;912
2020-09-26;"Nitriansky kraj";64;0;0;0;NA;204947;64;2020-09-26;896
2020-09-25;"Nitriansky kraj";90;0;0;0;NA;204947;90;2020-09-25;832
2020-09-24;"Nitriansky kraj";51;0;0;0;NA;204947;51;2020-09-24;742
2020-09-23;"Nitriansky kraj";70;0;0;0;NA;204947;70;2020-09-23;691
2020-09-22;"Nitriansky kraj";18;0;0;0;NA;204947;18;2020-09-22;621
2020-09-21;"Nitriansky kraj";10;0;0;0;NA;204947;10;2020-09-21;603
2020-09-20;"Nitriansky kraj";4;0;0;0;NA;204947;4;2020-09-20;593
2020-09-19;"Nitriansky kraj";14;0;0;0;NA;204947;14;2020-09-19;589
2020-09-18;"Nitriansky kraj";19;0;0;0;NA;204947;19;2020-09-18;575
2020-09-17;"Nitriansky kraj";30;0;0;0;NA;204947;30;2020-09-17;556
2020-09-16;"Nitriansky kraj";6;0;0;0;NA;204947;6;2020-09-16;526
2020-09-15;"Nitriansky kraj";19;0;0;0;NA;204947;19;2020-09-15;520
2020-09-14;"Nitriansky kraj";28;0;0;0;NA;204947;28;2020-09-14;501
2020-09-13;"Nitriansky kraj";3;0;0;0;NA;204947;3;2020-09-13;473
2020-09-12;"Nitriansky kraj";12;0;0;0;NA;204947;12;2020-09-12;470
2020-09-11;"Nitriansky kraj";23;0;0;0;NA;204947;23;2020-09-11;458
2020-09-10;"Nitriansky kraj";29;0;0;0;NA;204947;29;2020-09-10;435
2020-09-09;"Nitriansky kraj";19;0;0;0;NA;204947;19;2020-09-09;406
2020-09-08;"Nitriansky kraj";17;0;0;0;NA;204947;17;2020-09-08;387
2020-09-07;"Nitriansky kraj";17;0;0;0;NA;204947;17;2020-09-07;370
2020-09-06;"Nitriansky kraj";0;0;0;0;NA;204947;0;2020-09-06;353
2020-09-05;"Nitriansky kraj";22;0;0;0;NA;204947;22;2020-09-05;353
2020-09-04;"Nitriansky kraj";34;0;0;0;NA;204947;34;2020-09-04;331
2020-09-03;"Nitriansky kraj";15;0;0;0;NA;204947;15;2020-09-03;297
2020-09-02;"Nitriansky kraj";15;0;0;0;NA;204947;15;2020-09-02;282
2020-09-01;"Nitriansky kraj";2;0;0;0;NA;204947;2;2020-09-01;267
2020-08-31;"Nitriansky kraj";12;0;0;0;NA;204947;12;2020-08-31;265
2020-08-30;"Nitriansky kraj";1;0;0;0;NA;204947;1;2020-08-30;253
2020-08-29;"Nitriansky kraj";7;46;0;46;NA;204947;7;2020-08-29;252
2020-08-28;"Nitriansky kraj";12;0;0;0;NA;204947;12;2020-08-28;245
2020-08-27;"Nitriansky kraj";12;0;0;0;NA;204947;12;2020-08-27;233
2020-08-26;"Nitriansky kraj";4;0;0;0;NA;204947;4;2020-08-26;221
2020-08-25;"Nitriansky kraj";8;0;0;0;NA;204947;8;2020-08-25;217
2020-08-24;"Nitriansky kraj";1;0;0;0;NA;204947;1;2020-08-24;209
2020-08-23;"Nitriansky kraj";1;0;0;0;NA;204947;1;2020-08-23;208
2020-08-22;"Nitriansky kraj";2;0;0;0;NA;204947;2;2020-08-22;207
2020-08-21;"Nitriansky kraj";0;0;0;0;NA;204947;0;2020-08-21;205
2020-08-20;"Nitriansky kraj";7;0;0;0;NA;204947;7;2020-08-20;205
2020-08-19;"Nitriansky kraj";1;0;0;0;NA;204947;1;2020-08-19;198
2020-08-18;"Nitriansky kraj";2;0;0;0;NA;204947;2;2020-08-18;197
2020-08-17;"Nitriansky kraj";1;0;0;0;NA;204947;1;2020-08-17;195
2020-08-16;"Nitriansky kraj";0;0;0;0;NA;204947;0;2020-08-16;194
2020-08-15;"Nitriansky kraj";2;0;0;0;NA;204947;2;2020-08-15;194
2020-08-14;"Nitriansky kraj";1;0;0;0;NA;204947;1;2020-08-14;192
2020-08-13;"Nitriansky kraj";4;0;0;0;NA;204947;4;2020-08-13;191
2020-08-12;"Nitriansky kraj";0;0;0;0;NA;204947;0;2020-08-12;187
2020-08-11;"Nitriansky kraj";1;0;0;0;NA;204947;1;2020-08-11;187
2020-08-10;"Nitriansky kraj";0;0;0;0;NA;204947;0;2020-08-10;186
2020-08-09;"Nitriansky kraj";0;0;0;0;NA;204947;0;2020-08-09;186
2020-08-08;"Nitriansky kraj";0;0;0;0;NA;204947;0;2020-08-08;186
2020-08-07;"Nitriansky kraj";4;0;0;0;NA;204947;4;2020-08-07;186
2020-08-06;"Nitriansky kraj";4;0;0;0;NA;204947;4;2020-08-06;182
2020-08-05;"Nitriansky kraj";0;0;0;0;NA;204947;0;2020-08-05;178
2020-08-04;"Nitriansky kraj";7;0;0;0;NA;204947;7;2020-08-04;178
2020-08-03;"Nitriansky kraj";0;0;0;0;NA;204947;0;2020-08-03;171
2020-08-02;"Nitriansky kraj";0;0;0;0;NA;204947;0;2020-08-02;171
2020-08-01;"Nitriansky kraj";0;0;0;0;NA;204947;0;2020-08-01;171
2020-07-31;"Nitriansky kraj";0;0;0;0;NA;204947;0;2020-07-31;171
2020-07-30;"Nitriansky kraj";0;0;0;0;NA;204947;0;2020-07-30;171
2020-07-29;"Nitriansky kraj";0;0;0;0;NA;204947;0;2020-07-29;171
2020-07-28;"Nitriansky kraj";0;0;0;0;NA;204947;0;2020-07-28;171
2020-07-27;"Nitriansky kraj";0;0;0;0;NA;204947;0;2020-07-27;171
2020-07-26;"Nitriansky kraj";0;0;0;0;NA;204947;0;2020-07-26;171
2020-07-25;"Nitriansky kraj";0;0;0;0;NA;204947;0;2020-07-25;171
2020-07-24;"Nitriansky kraj";1;0;0;0;NA;204947;1;2020-07-24;171
2020-07-23;"Nitriansky kraj";3;0;0;0;NA;204947;3;2020-07-23;170
2020-07-22;"Nitriansky kraj";2;0;0;0;NA;204947;2;2020-07-22;167
2020-07-21;"Nitriansky kraj";14;0;0;0;NA;204947;14;2020-07-21;165
2020-07-20;"Nitriansky kraj";11;0;0;0;NA;204947;11;2020-07-20;151
2020-07-19;"Nitriansky kraj";0;0;0;0;NA;204947;0;2020-07-19;140
2020-07-18;"Nitriansky kraj";0;0;0;0;NA;204947;0;2020-07-18;140
2020-07-17;"Nitriansky kraj";0;0;0;0;NA;204947;0;2020-07-17;140
2020-07-16;"Nitriansky kraj";4;0;0;0;NA;204947;4;2020-07-16;140
2020-07-15;"Nitriansky kraj";5;0;0;0;NA;204947;5;2020-07-15;136
2020-07-14;"Nitriansky kraj";0;0;0;0;NA;204947;0;2020-07-14;131
2020-07-13;"Nitriansky kraj";0;0;0;0;NA;204947;0;2020-07-13;131
2020-07-12;"Nitriansky kraj";0;0;0;0;NA;204947;0;2020-07-12;131
2020-07-11;"Nitriansky kraj";0;0;0;0;NA;204947;0;2020-07-11;131
2020-07-10;"Nitriansky kraj";0;0;0;0;NA;204947;0;2020-07-10;131
2020-07-09;"Nitriansky kraj";1;0;0;0;NA;204947;1;2020-07-09;131
2020-07-08;"Nitriansky kraj";2;0;0;0;NA;204947;2;2020-07-08;130
2020-07-07;"Nitriansky kraj";0;0;0;0;NA;204947;0;2020-07-07;128
2020-07-06;"Nitriansky kraj";0;0;0;0;NA;204947;0;2020-07-06;128
2020-07-05;"Nitriansky kraj";0;0;0;0;NA;204947;0;2020-07-05;128
2020-07-04;"Nitriansky kraj";0;0;0;0;NA;204947;0;2020-07-04;128
2020-07-03;"Nitriansky kraj";0;0;0;0;NA;204947;0;2020-07-03;128
2020-07-02;"Nitriansky kraj";0;0;0;0;NA;204947;0;2020-07-02;128
2020-07-01;"Nitriansky kraj";3;0;0;0;NA;204947;3;2020-07-01;128
2020-06-30;"Nitriansky kraj";0;0;0;0;NA;204947;0;2020-06-30;125
2020-06-29;"Nitriansky kraj";0;0;0;0;NA;204947;0;2020-06-29;125
2020-06-28;"Nitriansky kraj";0;0;0;0;NA;204947;0;2020-06-28;125
2020-06-27;"Nitriansky kraj";0;0;0;0;NA;204947;0;2020-06-27;125
2020-06-26;"Nitriansky kraj";0;0;0;0;NA;204947;0;2020-06-26;125
2020-06-25;"Nitriansky kraj";0;0;0;0;NA;204947;0;2020-06-25;125
2020-06-24;"Nitriansky kraj";1;0;0;0;NA;204947;1;2020-06-24;125
2020-06-23;"Nitriansky kraj";0;0;0;0;NA;204947;0;2020-06-23;124
2020-06-22;"Nitriansky kraj";0;0;0;0;NA;204947;0;2020-06-22;124
2020-06-21;"Nitriansky kraj";0;0;0;0;NA;204947;0;2020-06-21;124
2020-06-20;"Nitriansky kraj";0;0;0;0;NA;204947;0;2020-06-20;124
2020-06-19;"Nitriansky kraj";0;0;0;0;NA;204947;0;2020-06-19;124
2020-06-18;"Nitriansky kraj";0;0;0;0;NA;204947;0;2020-06-18;124
2020-06-17;"Nitriansky kraj";0;0;0;0;NA;204947;0;2020-06-17;124
2020-06-16;"Nitriansky kraj";0;0;0;0;NA;204947;0;2020-06-16;124
2020-06-14;"Nitriansky kraj";0;0;0;0;NA;204947;0;2020-06-14;124
2020-06-13;"Nitriansky kraj";0;0;0;0;NA;204947;0;2020-06-13;124
2020-06-12;"Nitriansky kraj";0;0;0;0;NA;204947;0;2020-06-12;124
2020-06-11;"Nitriansky kraj";0;0;0;0;NA;204947;0;2020-06-11;124
2020-06-10;"Nitriansky kraj";1;0;0;0;NA;204947;1;2020-06-10;124
2020-06-09;"Nitriansky kraj";1;0;0;0;NA;204947;1;2020-06-09;123
2020-06-08;"Nitriansky kraj";0;0;0;0;NA;204947;0;2020-06-08;122
2020-06-07;"Nitriansky kraj";0;0;0;0;NA;204947;0;2020-06-07;122
2020-06-05;"Nitriansky kraj";0;0;0;0;NA;204947;0;2020-06-05;122
2020-06-03;"Nitriansky kraj";0;0;0;0;NA;204947;0;2020-06-03;122
2020-06-02;"Nitriansky kraj";1;0;0;0;NA;204947;1;2020-06-02;122
2020-05-31;"Nitriansky kraj";0;0;0;0;NA;204947;0;2020-05-31;121
2020-05-29;"Nitriansky kraj";0;0;0;0;NA;204947;0;2020-05-29;121
2020-05-27;"Nitriansky kraj";0;0;0;0;NA;204947;0;2020-05-27;121
2020-05-26;"Nitriansky kraj";0;0;0;0;NA;204947;0;2020-05-26;121
2020-05-25;"Nitriansky kraj";0;0;0;0;NA;204947;0;2020-05-25;121
2020-05-24;"Nitriansky kraj";2;0;0;0;NA;204947;2;2020-05-24;121
2020-05-23;"Nitriansky kraj";0;0;0;0;NA;204947;0;2020-05-23;119
2020-05-22;"Nitriansky kraj";1;0;0;0;NA;204947;1;2020-05-22;119
2020-05-21;"Nitriansky kraj";0;0;0;0;NA;204947;0;2020-05-21;118
2020-05-20;"Nitriansky kraj";0;0;0;0;NA;204947;0;2020-05-20;118
2020-05-19;"Nitriansky kraj";0;0;0;0;NA;204947;0;2020-05-19;118
2020-05-17;"Nitriansky kraj";0;0;0;0;NA;204947;0;2020-05-17;118
2020-05-16;"Nitriansky kraj";0;0;0;0;NA;204947;0;2020-05-16;118
2020-05-15;"Nitriansky kraj";1;0;0;0;NA;204947;1;2020-05-15;118
2020-05-14;"Nitriansky kraj";0;0;0;0;NA;204947;0;2020-05-14;117
2020-05-13;"Nitriansky kraj";0;0;0;0;NA;204947;0;2020-05-13;117
2020-05-12;"Nitriansky kraj";0;0;0;0;NA;204947;0;2020-05-12;117
2020-05-11;"Nitriansky kraj";2;0;0;0;NA;204947;2;2020-05-11;117
2020-05-09;"Nitriansky kraj";0;0;0;0;NA;204947;0;2020-05-09;115
2020-05-07;"Nitriansky kraj";1;0;0;0;NA;204947;1;2020-05-07;115
2020-05-06;"Nitriansky kraj";9;0;0;0;NA;204947;9;2020-05-06;114
2020-05-05;"Nitriansky kraj";0;0;0;0;NA;204947;0;2020-05-05;105
2020-05-04;"Nitriansky kraj";5;0;0;0;NA;204947;5;2020-05-04;105
2020-05-03;"Nitriansky kraj";2;0;0;0;NA;204947;2;2020-05-03;100
2020-05-02;"Nitriansky kraj";0;0;0;0;NA;204947;0;2020-05-02;98
2020-05-01;"Nitriansky kraj";1;0;0;0;NA;204947;1;2020-05-01;98
2020-04-30;"Nitriansky kraj";0;0;0;0;NA;204947;0;2020-04-30;97
2020-04-29;"Nitriansky kraj";0;0;0;0;NA;204947;0;2020-04-29;97
2020-04-28;"Nitriansky kraj";1;0;0;0;NA;204947;1;2020-04-28;97
2020-04-27;"Nitriansky kraj";0;0;0;0;NA;204947;0;2020-04-27;96
2020-04-26;"Nitriansky kraj";0;0;0;0;NA;204947;0;2020-04-26;96
2020-04-25;"Nitriansky kraj";0;0;0;0;NA;204947;0;2020-04-25;96
2020-04-24;"Nitriansky kraj";0;0;0;0;NA;204947;0;2020-04-24;96
2020-04-23;"Nitriansky kraj";3;0;0;0;NA;204947;3;2020-04-23;96
2020-04-22;"Nitriansky kraj";16;0;0;0;NA;204947;16;2020-04-22;93
2020-04-21;"Nitriansky kraj";6;0;0;0;NA;204947;6;2020-04-21;77
2020-04-20;"Nitriansky kraj";5;0;0;0;NA;204947;5;2020-04-20;71
2020-04-19;"Nitriansky kraj";0;0;0;0;NA;204947;0;2020-04-19;66
2020-04-18;"Nitriansky kraj";0;0;0;0;NA;204947;0;2020-04-18;66
2020-04-17;"Nitriansky kraj";7;0;0;0;NA;204947;7;2020-04-17;66
2020-04-16;"Nitriansky kraj";0;0;0;0;NA;204947;0;2020-04-16;59
2020-04-15;"Nitriansky kraj";6;0;0;0;NA;204947;6;2020-04-15;59
2020-04-14;"Nitriansky kraj";2;0;0;0;NA;204947;2;2020-04-14;53
2020-04-13;"Nitriansky kraj";1;0;0;0;NA;204947;1;2020-04-13;51
2020-04-12;"Nitriansky kraj";3;0;0;0;NA;204947;3;2020-04-12;50
2020-04-11;"Nitriansky kraj";1;0;0;0;NA;204947;1;2020-04-11;47
2020-04-10;"Nitriansky kraj";1;0;0;0;NA;204947;1;2020-04-10;46
2020-04-09;"Nitriansky kraj";0;0;0;0;NA;204947;0;2020-04-09;45
2020-04-08;"Nitriansky kraj";2;0;0;0;NA;204947;2;2020-04-08;45
2020-04-07;"Nitriansky kraj";3;0;0;0;NA;204947;3;2020-04-07;43
2020-04-06;"Nitriansky kraj";4;0;0;0;NA;204947;4;2020-04-06;40
2020-04-05;"Nitriansky kraj";5;0;0;0;NA;204947;5;2020-04-05;36
2020-04-04;"Nitriansky kraj";0;0;0;0;NA;204947;0;2020-04-04;31
2020-04-03;"Nitriansky kraj";0;0;0;0;NA;204947;0;2020-04-03;31
2020-04-02;"Nitriansky kraj";1;0;0;0;NA;204947;1;2020-04-02;31
2020-04-01;"Nitriansky kraj";0;0;0;0;NA;204947;0;2020-04-01;30
2020-03-31;"Nitriansky kraj";3;0;0;0;NA;204947;3;2020-03-31;30
2020-03-30;"Nitriansky kraj";3;0;0;0;NA;204947;3;2020-03-30;27
2020-03-29;"Nitriansky kraj";3;0;0;0;NA;204947;3;2020-03-29;24
2020-03-28;"Nitriansky kraj";1;0;0;0;NA;204947;1;2020-03-28;21
2020-03-27;"Nitriansky kraj";1;0;0;0;NA;204947;1;2020-03-27;20
2020-03-26;"Nitriansky kraj";1;0;0;0;NA;204947;1;2020-03-26;19
2020-03-25;"Nitriansky kraj";1;0;0;0;NA;204947;1;2020-03-25;18
2020-03-24;"Nitriansky kraj";0;0;0;0;NA;204947;0;2020-03-24;17
2020-03-23;"Nitriansky kraj";2;0;0;0;NA;204947;2;2020-03-23;17
2020-03-22;"Nitriansky kraj";2;0;0;0;NA;204947;2;2020-03-22;15
2020-03-21;"Nitriansky kraj";2;0;0;0;NA;204947;2;2020-03-21;13
2020-03-20;"Nitriansky kraj";1;0;0;0;NA;204947;1;2020-03-20;11
2020-03-19;"Nitriansky kraj";1;0;0;0;NA;204947;1;2020-03-19;10
2020-03-18;"Nitriansky kraj";2;0;0;0;NA;204947;2;2020-03-18;9
2020-03-17;"Nitriansky kraj";1;0;0;0;NA;204947;1;2020-03-17;7
2020-03-16;"Nitriansky kraj";0;0;0;0;NA;204947;0;2020-03-16;6
2020-03-15;"Nitriansky kraj";4;0;0;0;NA;204947;4;2020-03-15;6
2020-03-14;"Nitriansky kraj";1;0;0;0;NA;204947;1;2020-03-14;2
2020-03-13;"Nitriansky kraj";0;0;0;0;NA;204947;0;2020-03-13;1
2020-03-12;"Nitriansky kraj";0;0;0;0;NA;204947;0;2020-03-12;1
2020-03-11;"Nitriansky kraj";0;0;0;0;NA;204947;0;2020-03-11;1
2020-03-09;"Nitriansky kraj";0;0;0;0;NA;204947;0;2020-03-09;1
2020-03-08;"Nitriansky kraj";0;0;0;0;NA;204947;0;2020-03-08;1
2020-03-07;"Nitriansky kraj";0;0;0;0;NA;204947;0;2020-03-07;1
2020-03-06;"Nitriansky kraj";0;0;0;0;NA;204947;0;2020-03-06;1
2022-02-15;"Prešovský kraj";2992;4448;540;4988;199851;288178;3532;2022-02-15;288178
2022-02-14;"Prešovský kraj";2122;6011;812;6823;NA;288178;2934;2022-02-14;284646
2022-02-13;"Prešovský kraj";1338;2299;403;2702;NA;288178;1741;2022-02-13;281712
2022-02-12;"Prešovský kraj";2333;1813;348;2161;NA;288178;2681;2022-02-12;279971
2022-02-11;"Prešovský kraj";2666;3811;506;4317;NA;288178;3172;2022-02-11;277290
2022-02-10;"Prešovský kraj";2977;4459;595;5054;NA;288178;3572;2022-02-10;274118
2022-02-09;"Prešovský kraj";2644;4500;634;5134;NA;288178;3278;2022-02-09;270546
2022-02-08;"Prešovský kraj";3387;4890;651;5541;NA;288178;4038;2022-02-08;267268
2022-02-07;"Prešovský kraj";2132;6919;941;7860;NA;288178;3073;2022-02-07;263230
2022-02-06;"Prešovský kraj";1360;2884;490;3374;NA;288178;1850;2022-02-06;260157
2022-02-05;"Prešovský kraj";2813;1993;334;2327;NA;288178;3147;2022-02-05;258307
2022-02-04;"Prešovský kraj";2944;4556;573;5129;NA;288178;3517;2022-02-04;255160
2022-02-03;"Prešovský kraj";3375;5205;487;5692;NA;288178;3862;2022-02-03;251643
2022-02-02;"Prešovský kraj";3150;5598;561;6159;NA;288178;3711;2022-02-02;247781
2022-02-01;"Prešovský kraj";2791;5597;628;6225;NA;288178;3419;2022-02-01;244070
2022-01-31;"Prešovský kraj";2444;9142;929;10071;NA;288178;3373;2022-01-31;240651
2022-01-30;"Prešovský kraj";1311;3437;495;3932;NA;288178;1806;2022-01-30;237278
2022-01-29;"Prešovský kraj";2291;1949;282;2231;NA;288178;2573;2022-01-29;235472
2022-01-28;"Prešovský kraj";2473;4784;486;5270;NA;288178;2959;2022-01-28;232899
2022-01-27;"Prešovský kraj";2353;4558;412;4970;NA;288178;2765;2022-01-27;229940
2022-01-26;"Prešovský kraj";2311;5628;405;6033;NA;288178;2716;2022-01-26;227175
2022-01-25;"Prešovský kraj";2127;5284;346;5630;NA;288178;2473;2022-01-25;224459
2022-01-24;"Prešovský kraj";1324;7617;410;8027;NA;288178;1734;2022-01-24;221986
2022-01-23;"Prešovský kraj";262;3584;218;3802;NA;288178;480;2022-01-23;220252
2022-01-22;"Prešovský kraj";1448;1764;157;1921;NA;288178;1605;2022-01-22;219772
2022-01-21;"Prešovský kraj";1128;4312;196;4508;NA;288178;1324;2022-01-21;218167
2022-01-20;"Prešovský kraj";1184;4012;156;4168;NA;288178;1340;2022-01-20;216843
2022-01-19;"Prešovský kraj";822;4781;173;4954;NA;288178;995;2022-01-19;215503
2022-01-18;"Prešovský kraj";1032;4918;163;5081;NA;288178;1195;2022-01-18;214508
2022-01-17;"Prešovský kraj";784;7143;150;7293;NA;288178;934;2022-01-17;213313
2022-01-16;"Prešovský kraj";113;3113;98;3211;NA;288178;211;2022-01-16;212379
2022-01-15;"Prešovský kraj";675;1546;64;1610;NA;288178;739;2022-01-15;212168
2022-01-14;"Prešovský kraj";202;3792;78;3870;NA;288178;280;2022-01-14;211429
2022-01-13;"Prešovský kraj";252;3550;89;3639;NA;288178;341;2022-01-13;211149
2022-01-12;"Prešovský kraj";431;4183;77;4260;NA;288178;508;2022-01-12;210808
2022-01-11;"Prešovský kraj";438;4812;80;4892;NA;288178;518;2022-01-11;210300
2022-01-10;"Prešovský kraj";469;7561;135;7696;NA;288178;604;2022-01-10;209782
2022-01-09;"Prešovský kraj";114;4129;78;4207;NA;288178;192;2022-01-09;209178
2022-01-08;"Prešovský kraj";291;2097;39;2136;NA;288178;330;2022-01-08;208986
2022-01-07;"Prešovský kraj";370;3882;106;3988;NA;288178;476;2022-01-07;208656
2022-01-06;"Prešovský kraj";104;1000;43;1043;NA;288178;147;2022-01-06;208180
2022-01-05;"Prešovský kraj";373;4752;100;4852;NA;288178;473;2022-01-05;208033
2022-01-04;"Prešovský kraj";428;4558;77;4635;NA;288178;505;2022-01-04;207560
2022-01-03;"Prešovský kraj";390;6860;105;6965;NA;288178;495;2022-01-03;207055
2022-01-02;"Prešovský kraj";158;3180;75;3255;NA;288178;233;2022-01-02;206560
2022-01-01;"Prešovský kraj";55;379;8;387;NA;288178;63;2022-01-01;206327
2021-12-31;"Prešovský kraj";220;2178;77;2255;NA;288178;297;2021-12-31;206264
2021-12-30;"Prešovský kraj";230;2985;81;3066;NA;288178;311;2021-12-30;205967
2021-12-29;"Prešovský kraj";298;3924;73;3997;NA;288178;371;2021-12-29;205656
2021-12-28;"Prešovský kraj";365;3625;60;3685;NA;288178;425;2021-12-28;205285
2021-12-27;"Prešovský kraj";593;5336;93;5429;NA;288178;686;2021-12-27;204860
2021-12-26;"Prešovský kraj";112;1584;62;1646;NA;288178;174;2021-12-26;204174
2021-12-25;"Prešovský kraj";12;600;29;629;NA;288178;41;2021-12-25;204000
2021-12-24;"Prešovský kraj";27;463;26;489;NA;288178;53;2021-12-24;203959
2021-12-23;"Prešovský kraj";623;3120;76;3196;NA;288178;699;2021-12-23;203906
2021-12-22;"Prešovský kraj";234;3600;86;3686;NA;288178;320;2021-12-22;203207
2021-12-21;"Prešovský kraj";520;4571;78;4649;NA;288178;598;2021-12-21;202887
2021-12-20;"Prešovský kraj";371;7186;107;7293;NA;288178;478;2021-12-20;202289
2021-12-19;"Prešovský kraj";110;3166;74;3240;NA;288178;184;2021-12-19;201811
2021-12-18;"Prešovský kraj";313;1562;61;1623;NA;288178;374;2021-12-18;201627
2021-12-17;"Prešovský kraj";429;4479;96;4575;NA;288178;525;2021-12-17;201253
2021-12-16;"Prešovský kraj";401;4557;95;4652;NA;288178;496;2021-12-16;200728
2021-12-15;"Prešovský kraj";473;4499;79;4578;NA;288178;552;2021-12-15;200232
2021-12-14;"Prešovský kraj";662;5467;125;5592;NA;288178;787;2021-12-14;199680
2021-12-13;"Prešovský kraj";588;8085;175;8260;NA;288178;763;2021-12-13;198893
2021-12-12;"Prešovský kraj";160;3852;106;3958;NA;288178;266;2021-12-12;198130
2021-12-11;"Prešovský kraj";483;2040;91;2131;NA;288178;574;2021-12-11;197864
2021-12-10;"Prešovský kraj";649;5013;140;5153;NA;288178;789;2021-12-10;197290
2021-12-09;"Prešovský kraj";669;4702;135;4837;NA;288178;804;2021-12-09;196501
2021-12-08;"Prešovský kraj";944;4794;167;4961;NA;288178;1111;2021-12-08;195697
2021-12-07;"Prešovský kraj";1217;5851;188;6039;NA;288178;1405;2021-12-07;194586
2021-12-06;"Prešovský kraj";784;8604;247;8851;NA;288178;1031;2021-12-06;193181
2021-12-05;"Prešovský kraj";145;4439;133;4572;NA;288178;278;2021-12-05;192150
2021-12-04;"Prešovský kraj";1025;2290;127;2417;NA;288178;1152;2021-12-04;191872
2021-12-03;"Prešovský kraj";1040;5264;231;5495;NA;288178;1271;2021-12-03;190720
2021-12-02;"Prešovský kraj";2255;5291;183;5474;NA;288178;2438;2021-12-02;189449
2021-12-01;"Prešovský kraj";826;5267;239;5506;NA;288178;1065;2021-12-01;187011
2021-11-30;"Prešovský kraj";1123;6651;265;6916;NA;288178;1388;2021-11-30;185946
2021-11-29;"Prešovský kraj";583;11478;473;11951;NA;288178;1056;2021-11-29;184558
2021-11-28;"Prešovský kraj";919;5898;234;6132;NA;288178;1153;2021-11-28;183502
2021-11-27;"Prešovský kraj";884;2977;219;3196;NA;288178;1103;2021-11-27;182349
2021-11-26;"Prešovský kraj";1311;5890;328;6218;NA;288178;1639;2021-11-26;181246
2021-11-25;"Prešovský kraj";1285;5051;307;5358;NA;288178;1592;2021-11-25;179607
2021-11-24;"Prešovský kraj";1209;6120;357;6477;NA;288178;1566;2021-11-24;178015
2021-11-23;"Prešovský kraj";1099;6631;314;6945;NA;288178;1413;2021-11-23;176449
2021-11-22;"Prešovský kraj";905;8209;529;8738;NA;288178;1434;2021-11-22;175036
2021-11-21;"Prešovský kraj";950;3766;316;4082;NA;288178;1266;2021-11-21;173602
2021-11-20;"Prešovský kraj";1372;2193;222;2415;NA;288178;1594;2021-11-20;172336
2021-11-19;"Prešovský kraj";1629;5864;452;6316;NA;288178;2081;2021-11-19;170742
2021-11-18;"Prešovský kraj";823;6693;518;7211;NA;288178;1341;2021-11-18;168661
2021-11-17;"Prešovský kraj";1648;1336;148;1484;NA;288178;1796;2021-11-17;167320
2021-11-16;"Prešovský kraj";1346;5511;398;5909;NA;288178;1744;2021-11-16;165524
2021-11-15;"Prešovský kraj";897;7798;577;8375;NA;288178;1474;2021-11-15;163780
2021-11-14;"Prešovský kraj";603;3168;311;3479;NA;288178;914;2021-11-14;162306
2021-11-13;"Prešovský kraj";1255;2068;262;2330;NA;288178;1517;2021-11-13;161392
2021-11-12;"Prešovský kraj";1358;5236;371;5607;NA;288178;1729;2021-11-12;159875
2021-11-11;"Prešovský kraj";1218;5087;438;5525;NA;288178;1656;2021-11-11;158146
2021-11-10;"Prešovský kraj";1278;4966;380;5346;NA;288178;1658;2021-11-10;156490
2021-11-09;"Prešovský kraj";1038;5431;407;5838;NA;288178;1445;2021-11-09;154832
2021-11-08;"Prešovský kraj";1068;6987;574;7561;NA;288178;1642;2021-11-08;153387
2021-11-07;"Prešovský kraj";421;2500;242;2742;NA;288178;663;2021-11-07;151745
2021-11-06;"Prešovský kraj";1389;1899;234;2133;NA;288178;1623;2021-11-06;151082
2021-11-05;"Prešovský kraj";1080;4974;367;5341;NA;288178;1447;2021-11-05;149459
2021-11-04;"Prešovský kraj";1743;5162;322;5484;NA;288178;2065;2021-11-04;148012
2021-11-03;"Prešovský kraj";1326;5337;387;5724;NA;288178;1713;2021-11-03;145947
2021-11-02;"Prešovský kraj";1002;7553;556;8109;NA;288178;1558;2021-11-02;144234
2021-11-01;"Prešovský kraj";347;1402;131;1533;NA;288178;478;2021-11-01;142676
2021-10-31;"Prešovský kraj";447;2045;210;2255;NA;288178;657;2021-10-31;142198
2021-10-30;"Prešovský kraj";1148;1928;183;2111;NA;288178;1331;2021-10-30;141541
2021-10-29;"Prešovský kraj";1360;4460;253;4713;NA;288178;1613;2021-10-29;140210
2021-10-28;"Prešovský kraj";960;4500;300;4800;NA;288178;1260;2021-10-28;138597
2021-10-27;"Prešovský kraj";1444;4325;221;4546;NA;288178;1665;2021-10-27;137337
2021-10-26;"Prešovský kraj";940;5125;217;5342;NA;288178;1157;2021-10-26;135672
2021-10-25;"Prešovský kraj";673;6077;348;6425;NA;288178;1021;2021-10-25;134515
2021-10-24;"Prešovský kraj";110;2180;149;2329;NA;288178;259;2021-10-24;133494
2021-10-23;"Prešovský kraj";1145;1928;141;2069;NA;288178;1286;2021-10-23;133235
2021-10-22;"Prešovský kraj";792;4876;177;5053;NA;288178;969;2021-10-22;131949
2021-10-21;"Prešovský kraj";901;4738;191;4929;NA;288178;1092;2021-10-21;130980
2021-10-20;"Prešovský kraj";833;4199;195;4394;NA;288178;1028;2021-10-20;129888
2021-10-19;"Prešovský kraj";830;4728;175;4903;NA;288178;1005;2021-10-19;128860
2021-10-18;"Prešovský kraj";454;5752;240;5992;NA;288178;694;2021-10-18;127855
2021-10-17;"Prešovský kraj";181;2430;131;2561;NA;288178;312;2021-10-17;127161
2021-10-16;"Prešovský kraj";561;1924;94;2018;NA;288178;655;2021-10-16;126849
2021-10-15;"Prešovský kraj";533;4735;107;4842;NA;288178;640;2021-10-15;126194
2021-10-14;"Prešovský kraj";506;3948;85;4033;NA;288178;591;2021-10-14;125554
2021-10-13;"Prešovský kraj";549;3794;98;3892;NA;288178;647;2021-10-13;124963
2021-10-12;"Prešovský kraj";520;3966;101;4067;NA;288178;621;2021-10-12;124316
2021-10-11;"Prešovský kraj";433;5421;131;5552;NA;288178;564;2021-10-11;123695
2021-10-10;"Prešovský kraj";78;2099;64;2163;NA;288178;142;2021-10-10;123131
2021-10-09;"Prešovský kraj";311;2077;47;2124;NA;288178;358;2021-10-09;122989
2021-10-08;"Prešovský kraj";636;4934;94;5028;NA;288178;730;2021-10-08;122631
2021-10-07;"Prešovský kraj";487;3919;101;4020;NA;288178;588;2021-10-07;121901
2021-10-06;"Prešovský kraj";296;3851;104;3955;NA;288178;400;2021-10-06;121313
2021-10-05;"Prešovský kraj";430;4151;90;4241;NA;288178;520;2021-10-05;120913
2021-10-04;"Prešovský kraj";353;5569;125;5694;NA;288178;478;2021-10-04;120393
2021-10-03;"Prešovský kraj";19;2324;47;2371;NA;288178;66;2021-10-03;119915
2021-10-02;"Prešovský kraj";269;2238;58;2296;NA;288178;327;2021-10-02;119849
2021-10-01;"Prešovský kraj";325;4997;63;5060;NA;288178;388;2021-10-01;119522
2021-09-30;"Prešovský kraj";265;4044;83;4127;NA;288178;348;2021-09-30;119134
2021-09-29;"Prešovský kraj";381;3825;55;3880;NA;288178;436;2021-09-29;118786
2021-09-28;"Prešovský kraj";312;4714;69;4783;NA;288178;381;2021-09-28;118350
2021-09-27;"Prešovský kraj";257;5062;104;5166;NA;288178;361;2021-09-27;117969
2021-09-26;"Prešovský kraj";8;2422;67;2489;NA;288178;75;2021-09-26;117608
2021-09-25;"Prešovský kraj";134;2540;46;2586;NA;288178;180;2021-09-25;117533
2021-09-24;"Prešovský kraj";297;4822;61;4883;NA;288178;358;2021-09-24;117353
2021-09-23;"Prešovský kraj";109;4105;45;4150;NA;288178;154;2021-09-23;116995
2021-09-22;"Prešovský kraj";177;3836;41;3877;NA;288178;218;2021-09-22;116841
2021-09-21;"Prešovský kraj";219;5059;66;5125;NA;288178;285;2021-09-21;116623
2021-09-20;"Prešovský kraj";180;5183;68;5251;NA;288178;248;2021-09-20;116338
2021-09-19;"Prešovský kraj";7;2726;30;2756;NA;288178;37;2021-09-19;116090
2021-09-18;"Prešovský kraj";169;2406;37;2443;NA;288178;206;2021-09-18;116053
2021-09-17;"Prešovský kraj";157;4402;52;4454;NA;288178;209;2021-09-17;115847
2021-09-16;"Prešovský kraj";146;4371;71;4442;NA;288178;217;2021-09-16;115638
2021-09-15;"Prešovský kraj";68;701;19;720;NA;288178;87;2021-09-15;115421
2021-09-14;"Prešovský kraj";133;3369;38;3407;NA;288178;171;2021-09-14;115334
2021-09-13;"Prešovský kraj";105;4225;37;4262;NA;288178;142;2021-09-13;115163
2021-09-12;"Prešovský kraj";4;1776;29;1805;NA;288178;33;2021-09-12;115021
2021-09-11;"Prešovský kraj";65;2012;24;2036;NA;288178;89;2021-09-11;114988
2021-09-10;"Prešovský kraj";105;3241;30;3271;NA;288178;135;2021-09-10;114899
2021-09-09;"Prešovský kraj";29;3090;27;3117;NA;288178;56;2021-09-09;114764
2021-09-08;"Prešovský kraj";73;2444;20;2464;NA;288178;93;2021-09-08;114708
2021-09-07;"Prešovský kraj";82;2449;24;2473;NA;288178;106;2021-09-07;114615
2021-09-06;"Prešovský kraj";61;3282;20;3302;NA;288178;81;2021-09-06;114509
2021-09-05;"Prešovský kraj";5;1338;11;1349;NA;288178;16;2021-09-05;114428
2021-09-04;"Prešovský kraj";27;1864;14;1878;NA;288178;41;2021-09-04;114412
2021-09-03;"Prešovský kraj";39;2976;15;2991;NA;288178;54;2021-09-03;114371
2021-09-02;"Prešovský kraj";39;2558;20;2578;NA;288178;59;2021-09-02;114317
2021-09-01;"Prešovský kraj";14;575;6;581;NA;288178;20;2021-09-01;114258
2021-08-31;"Prešovský kraj";47;2438;13;2451;NA;288178;60;2021-08-31;114238
2021-08-30;"Prešovský kraj";23;2827;19;2846;NA;288178;42;2021-08-30;114178
2021-08-29;"Prešovský kraj";3;781;1;782;NA;288178;4;2021-08-29;114136
2021-08-28;"Prešovský kraj";5;2101;8;2109;NA;288178;13;2021-08-28;114132
2021-08-27;"Prešovský kraj";32;3084;8;3092;NA;288178;40;2021-08-27;114119
2021-08-26;"Prešovský kraj";13;2094;8;2102;NA;288178;21;2021-08-26;114079
2021-08-25;"Prešovský kraj";18;1947;4;1951;NA;288178;22;2021-08-25;114058
2021-08-24;"Prešovský kraj";10;2138;5;2143;NA;288178;15;2021-08-24;114036
2021-08-23;"Prešovský kraj";16;2576;6;2582;NA;288178;22;2021-08-23;114021
2021-08-22;"Prešovský kraj";0;1440;6;1446;NA;288178;6;2021-08-22;113999
2021-08-21;"Prešovský kraj";28;2018;4;2022;NA;288178;32;2021-08-21;113993
2021-08-20;"Prešovský kraj";15;2906;7;2913;NA;288178;22;2021-08-20;113961
2021-08-19;"Prešovský kraj";22;2242;8;2250;NA;288178;30;2021-08-19;113939
2021-08-18;"Prešovský kraj";6;1752;11;1763;NA;288178;17;2021-08-18;113909
2021-08-17;"Prešovský kraj";29;1829;6;1835;NA;288178;35;2021-08-17;113892
2021-08-16;"Prešovský kraj";11;2524;7;2531;NA;288178;18;2021-08-16;113857
2021-08-15;"Prešovský kraj";0;896;2;898;NA;288178;2;2021-08-15;113839
2021-08-14;"Prešovský kraj";14;1662;1;1663;NA;288178;15;2021-08-14;113837
2021-08-13;"Prešovský kraj";24;1646;12;1658;NA;288178;36;2021-08-13;113822
2021-08-12;"Prešovský kraj";9;1752;3;1755;NA;288178;12;2021-08-12;113786
2021-08-11;"Prešovský kraj";15;1193;3;1196;NA;288178;18;2021-08-11;113774
2021-08-10;"Prešovský kraj";10;1102;4;1106;NA;288178;14;2021-08-10;113756
2021-08-09;"Prešovský kraj";13;2156;4;2160;NA;288178;17;2021-08-09;113742
2021-08-08;"Prešovský kraj";2;675;2;677;NA;288178;4;2021-08-08;113725
2021-08-07;"Prešovský kraj";5;1114;3;1117;NA;288178;8;2021-08-07;113721
2021-08-06;"Prešovský kraj";9;1459;4;1463;NA;288178;13;2021-08-06;113713
2021-08-05;"Prešovský kraj";9;1370;2;1372;NA;288178;11;2021-08-05;113700
2021-08-04;"Prešovský kraj";6;1007;1;1008;NA;288178;7;2021-08-04;113689
2021-08-03;"Prešovský kraj";8;976;1;977;NA;288178;9;2021-08-03;113682
2021-08-02;"Prešovský kraj";5;1477;6;1483;NA;288178;11;2021-08-02;113673
2021-08-01;"Prešovský kraj";0;738;2;740;NA;288178;2;2021-08-01;113662
2021-07-31;"Prešovský kraj";20;1080;0;1080;NA;288178;20;2021-07-31;113660
2021-07-30;"Prešovský kraj";2;1518;1;1519;NA;288178;3;2021-07-30;113640
2021-07-29;"Prešovský kraj";6;1302;1;1303;NA;288178;7;2021-07-29;113637
2021-07-28;"Prešovský kraj";6;1106;1;1107;NA;288178;7;2021-07-28;113630
2021-07-27;"Prešovský kraj";5;1140;2;1142;NA;288178;7;2021-07-27;113623
2021-07-26;"Prešovský kraj";12;1583;1;1584;NA;288178;13;2021-07-26;113616
2021-07-25;"Prešovský kraj";0;687;1;688;NA;288178;1;2021-07-25;113603
2021-07-24;"Prešovský kraj";8;1040;0;1040;NA;288178;8;2021-07-24;113602
2021-07-23;"Prešovský kraj";8;1608;1;1609;NA;288178;9;2021-07-23;113594
2021-07-22;"Prešovský kraj";13;1431;10;1441;NA;288178;23;2021-07-22;113585
2021-07-21;"Prešovský kraj";5;1076;1;1077;NA;288178;6;2021-07-21;113562
2021-07-20;"Prešovský kraj";4;1064;0;1064;NA;288178;4;2021-07-20;113556
2021-07-19;"Prešovský kraj";2;1644;4;1648;NA;288178;6;2021-07-19;113552
2021-07-18;"Prešovský kraj";1;647;0;647;NA;288178;1;2021-07-18;113546
2021-07-17;"Prešovský kraj";6;1245;1;1246;NA;288178;7;2021-07-17;113545
2021-07-16;"Prešovský kraj";4;1558;2;1560;NA;288178;6;2021-07-16;113538
2021-07-15;"Prešovský kraj";5;1310;4;1314;NA;288178;9;2021-07-15;113532
2021-07-14;"Prešovský kraj";1;1051;2;1053;NA;288178;3;2021-07-14;113523
2021-07-13;"Prešovský kraj";1;1071;2;1073;NA;288178;3;2021-07-13;113520
2021-07-12;"Prešovský kraj";1;1949;2;1951;NA;288178;3;2021-07-12;113517
2021-07-11;"Prešovský kraj";0;660;1;661;NA;288178;1;2021-07-11;113514
2021-07-10;"Prešovský kraj";4;1229;2;1231;NA;288178;6;2021-07-10;113513
2021-07-09;"Prešovský kraj";6;1957;1;1958;NA;288178;7;2021-07-09;113507
2021-07-08;"Prešovský kraj";5;1192;0;1192;NA;288178;5;2021-07-08;113500
2021-07-07;"Prešovský kraj";7;1468;3;1471;NA;288178;10;2021-07-07;113495
2021-07-06;"Prešovský kraj";5;1423;2;1425;NA;288178;7;2021-07-06;113485
2021-07-05;"Prešovský kraj";2;645;0;645;NA;288178;2;2021-07-05;113478
2021-07-04;"Prešovský kraj";0;788;0;788;NA;288178;0;2021-07-04;113476
2021-07-03;"Prešovský kraj";2;1391;0;1391;NA;288178;2;2021-07-03;113476
2021-07-02;"Prešovský kraj";4;1796;0;1796;NA;288178;4;2021-07-02;113474
2021-07-01;"Prešovský kraj";2;1590;1;1591;NA;288178;3;2021-07-01;113470
2021-06-30;"Prešovský kraj";3;8829;4;8833;NA;288178;7;2021-06-30;113467
2021-06-29;"Prešovský kraj";1;4935;3;4938;NA;288178;4;2021-06-29;113460
2021-06-28;"Prešovský kraj";5;6109;2;6111;NA;288178;7;2021-06-28;113456
2021-06-27;"Prešovský kraj";0;3852;1;3853;NA;288178;1;2021-06-27;113449
2021-06-26;"Prešovský kraj";4;5815;1;5816;NA;288178;5;2021-06-26;113448
2021-06-25;"Prešovský kraj";7;7321;4;7325;NA;288178;11;2021-06-25;113443
2021-06-24;"Prešovský kraj";10;5406;5;5411;NA;288178;15;2021-06-24;113432
2021-06-23;"Prešovský kraj";4;5124;2;5126;NA;288178;6;2021-06-23;113417
2021-06-22;"Prešovský kraj";5;5143;1;5144;NA;288178;6;2021-06-22;113411
2021-06-21;"Prešovský kraj";13;7033;6;7039;NA;288178;19;2021-06-21;113405
2021-06-20;"Prešovský kraj";0;5204;3;5207;NA;288178;3;2021-06-20;113386
2021-06-19;"Prešovský kraj";1;7349;5;7354;NA;288178;6;2021-06-19;113383
2021-06-18;"Prešovský kraj";9;8682;10;8692;NA;288178;19;2021-06-18;113377
2021-06-17;"Prešovský kraj";9;6548;5;6553;NA;288178;14;2021-06-17;113358
2021-06-16;"Prešovský kraj";6;6422;3;6425;NA;288178;9;2021-06-16;113344
2021-06-15;"Prešovský kraj";2;5709;4;5713;NA;288178;6;2021-06-15;113335
2021-06-14;"Prešovský kraj";5;8229;13;8242;NA;288178;18;2021-06-14;113329
2021-06-13;"Prešovský kraj";1;6455;7;6462;NA;288178;8;2021-06-13;113311
2021-06-12;"Prešovský kraj";3;8904;9;8913;NA;288178;12;2021-06-12;113303
2021-06-11;"Prešovský kraj";21;9877;9;9886;NA;288178;30;2021-06-11;113291
2021-06-10;"Prešovský kraj";11;6512;10;6522;NA;288178;21;2021-06-10;113261
2021-06-09;"Prešovský kraj";16;6375;3;6378;NA;288178;19;2021-06-09;113240
2021-06-08;"Prešovský kraj";31;6495;12;6507;NA;288178;43;2021-06-08;113221
2021-06-07;"Prešovský kraj";11;9111;15;9126;NA;288178;26;2021-06-07;113178
2021-06-06;"Prešovský kraj";0;8016;5;8021;NA;288178;5;2021-06-06;113152
2021-06-05;"Prešovský kraj";17;10248;15;10263;NA;288178;32;2021-06-05;113147
2021-06-04;"Prešovský kraj";26;10375;18;10393;NA;288178;44;2021-06-04;113115
2021-06-03;"Prešovský kraj";14;6820;16;6836;NA;288178;30;2021-06-03;113071
2021-06-02;"Prešovský kraj";47;7372;14;7386;NA;288178;61;2021-06-02;113041
2021-06-01;"Prešovský kraj";15;6926;14;6940;NA;288178;29;2021-06-01;112980
2021-05-31;"Prešovský kraj";27;9951;22;9973;NA;288178;49;2021-05-31;112951
2021-05-30;"Prešovský kraj";2;9717;14;9731;NA;288178;16;2021-05-30;112902
2021-05-29;"Prešovský kraj";23;12733;24;12757;NA;288178;47;2021-05-29;112886
2021-05-28;"Prešovský kraj";30;12468;19;12487;NA;288178;49;2021-05-28;112839
2021-05-27;"Prešovský kraj";16;7653;37;7690;NA;288178;53;2021-05-27;112790
2021-05-26;"Prešovský kraj";32;8140;23;8163;NA;288178;55;2021-05-26;112737
2021-05-25;"Prešovský kraj";38;8690;20;8710;NA;288178;58;2021-05-25;112682
2021-05-24;"Prešovský kraj";17;13298;37;13335;NA;288178;54;2021-05-24;112624
2021-05-23;"Prešovský kraj";3;11947;20;11967;NA;288178;23;2021-05-23;112570
2021-05-22;"Prešovský kraj";11;14422;44;14466;NA;288178;55;2021-05-22;112547
2021-05-21;"Prešovský kraj";44;13803;24;13827;NA;288178;68;2021-05-21;112492
2021-05-20;"Prešovský kraj";13;9437;29;9466;NA;288178;42;2021-05-20;112424
2021-05-19;"Prešovský kraj";60;10756;36;10792;NA;288178;96;2021-05-19;112382
2021-05-18;"Prešovský kraj";44;9062;27;9089;NA;288178;71;2021-05-18;112286
2021-05-17;"Prešovský kraj";60;12856;47;12903;NA;288178;107;2021-05-17;112215
2021-05-16;"Prešovský kraj";20;16302;66;16368;NA;288178;86;2021-05-16;112108
2021-05-15;"Prešovský kraj";20;24604;81;24685;NA;288178;101;2021-05-15;112022
2021-05-14;"Prešovský kraj";49;18671;68;18739;NA;288178;117;2021-05-14;111921
2021-05-13;"Prešovský kraj";54;11166;71;11237;NA;288178;125;2021-05-13;111804
2021-05-12;"Prešovský kraj";59;10822;39;10861;NA;288178;98;2021-05-12;111679
2021-05-11;"Prešovský kraj";61;10728;48;10776;NA;288178;109;2021-05-11;111581
2021-05-10;"Prešovský kraj";79;15726;67;15793;NA;288178;146;2021-05-10;111472
2021-05-09;"Prešovský kraj";54;21658;82;21740;NA;288178;136;2021-05-09;111326
2021-05-08;"Prešovský kraj";39;23050;52;23102;NA;288178;91;2021-05-08;111190
2021-05-07;"Prešovský kraj";81;23543;66;23609;NA;288178;147;2021-05-07;111099
2021-05-06;"Prešovský kraj";107;12924;66;12990;NA;288178;173;2021-05-06;110952
2021-05-05;"Prešovský kraj";60;12808;84;12892;NA;288178;144;2021-05-05;110779
2021-05-04;"Prešovský kraj";203;13470;67;13537;NA;288178;270;2021-05-04;110635
2021-05-03;"Prešovský kraj";68;18458;109;18567;NA;288178;177;2021-05-03;110365
2021-05-02;"Prešovský kraj";29;36676;102;36778;NA;288178;131;2021-05-02;110188
2021-05-01;"Prešovský kraj";70;57153;183;57336;NA;288178;253;2021-05-01;110057
2021-04-30;"Prešovský kraj";135;39333;118;39451;NA;288178;253;2021-04-30;109804
2021-04-29;"Prešovský kraj";110;16635;97;16732;NA;288178;207;2021-04-29;109551
2021-04-28;"Prešovský kraj";122;18671;89;18760;NA;288178;211;2021-04-28;109344
2021-04-27;"Prešovský kraj";154;19994;120;20114;NA;288178;274;2021-04-27;109133
2021-04-26;"Prešovský kraj";99;27241;123;27364;NA;288178;222;2021-04-26;108859
2021-04-25;"Prešovský kraj";9;52776;156;52932;NA;288178;165;2021-04-25;108637
2021-04-24;"Prešovský kraj";61;85698;243;85941;NA;288178;304;2021-04-24;108472
2021-04-23;"Prešovský kraj";171;40365;137;40502;NA;288178;308;2021-04-23;108168
2021-04-22;"Prešovský kraj";86;18104;125;18229;NA;288178;211;2021-04-22;107860
2021-04-21;"Prešovský kraj";144;21550;139;21689;NA;288178;283;2021-04-21;107649
2021-04-20;"Prešovský kraj";115;23346;128;23474;NA;288178;243;2021-04-20;107366
2021-04-19;"Prešovský kraj";106;29133;145;29278;NA;288178;251;2021-04-19;107123
2021-04-18;"Prešovský kraj";4;51824;129;51953;NA;288178;133;2021-04-18;106872
2021-04-17;"Prešovský kraj";119;97970;238;98208;NA;288178;357;2021-04-17;106739
2021-04-16;"Prešovský kraj";135;40989;146;41135;NA;288178;281;2021-04-16;106382
2021-04-15;"Prešovský kraj";112;20179;137;20316;NA;288178;249;2021-04-15;106101
2021-04-14;"Prešovský kraj";199;23332;130;23462;NA;288178;329;2021-04-14;105852
2021-04-13;"Prešovský kraj";180;23907;116;24023;NA;288178;296;2021-04-13;105523
2021-04-12;"Prešovský kraj";172;30152;175;30327;NA;288178;347;2021-04-12;105227
2021-04-11;"Prešovský kraj";11;49955;187;50142;NA;288178;198;2021-04-11;104880
2021-04-10;"Prešovský kraj";94;90181;297;90478;NA;288178;391;2021-04-10;104682
2021-04-09;"Prešovský kraj";255;37163;200;37363;NA;288178;455;2021-04-09;104291
2021-04-08;"Prešovský kraj";192;18893;157;19050;NA;288178;349;2021-04-08;103836
2021-04-07;"Prešovský kraj";314;27797;154;27951;NA;288178;468;2021-04-07;103487
2021-04-06;"Prešovský kraj";231;41711;268;41979;NA;288178;499;2021-04-06;103019
2021-04-05;"Prešovský kraj";54;18454;132;18586;NA;288178;186;2021-04-05;102520
2021-04-04;"Prešovský kraj";31;18569;91;18660;NA;288178;122;2021-04-04;102334
2021-04-03;"Prešovský kraj";104;90664;321;90985;NA;288178;425;2021-04-03;102212
2021-04-02;"Prešovský kraj";194;23381;134;23515;NA;288178;328;2021-04-02;101787
2021-04-01;"Prešovský kraj";256;42879;195;43074;NA;288178;451;2021-04-01;101459
2021-03-31;"Prešovský kraj";311;30176;227;30403;NA;288178;538;2021-03-31;101008
2021-03-30;"Prešovský kraj";374;20751;203;20954;NA;288178;577;2021-03-30;100470
2021-03-29;"Prešovský kraj";219;28188;229;28417;NA;288178;448;2021-03-29;99893
2021-03-28;"Prešovský kraj";26;46811;256;47067;NA;288178;282;2021-03-28;99445
2021-03-27;"Prešovský kraj";181;88673;372;89045;NA;288178;553;2021-03-27;99163
2021-03-26;"Prešovský kraj";310;47751;299;48050;NA;288178;609;2021-03-26;98610
2021-03-25;"Prešovský kraj";248;22281;213;22494;NA;288178;461;2021-03-25;98001
2021-03-24;"Prešovský kraj";381;19590;213;19803;NA;288178;594;2021-03-24;97540
2021-03-23;"Prešovský kraj";241;20351;255;20606;NA;288178;496;2021-03-23;96946
2021-03-22;"Prešovský kraj";299;28634;287;28921;NA;288178;586;2021-03-22;96450
2021-03-21;"Prešovský kraj";32;49439;266;49705;NA;288178;298;2021-03-21;95864
2021-03-20;"Prešovský kraj";180;92529;426;92955;NA;288178;606;2021-03-20;95566
2021-03-19;"Prešovský kraj";373;46582;326;46908;NA;288178;699;2021-03-19;94960
2021-03-18;"Prešovský kraj";251;21721;217;21938;NA;288178;468;2021-03-18;94261
2021-03-17;"Prešovský kraj";331;20887;231;21118;NA;288178;562;2021-03-17;93793
2021-03-16;"Prešovský kraj";461;21094;278;21372;NA;288178;739;2021-03-16;93231
2021-03-15;"Prešovský kraj";370;28813;324;29137;NA;288178;694;2021-03-15;92492
2021-03-14;"Prešovský kraj";52;50410;356;50766;NA;288178;408;2021-03-14;91798
2021-03-13;"Prešovský kraj";200;94768;531;95299;NA;288178;731;2021-03-13;91390
2021-03-12;"Prešovský kraj";425;47691;368;48059;NA;288178;793;2021-03-12;90659
2021-03-11;"Prešovský kraj";463;22059;253;22312;NA;288178;716;2021-03-11;89866
2021-03-10;"Prešovský kraj";325;20821;293;21114;NA;288178;618;2021-03-10;89150
2021-03-09;"Prešovský kraj";505;21496;288;21784;NA;288178;793;2021-03-09;88532
2021-03-08;"Prešovský kraj";314;28903;333;29236;NA;288178;647;2021-03-08;87739
2021-03-07;"Prešovský kraj";19;48328;388;48716;NA;288178;407;2021-03-07;87092
2021-03-06;"Prešovský kraj";193;97527;591;98118;NA;288178;784;2021-03-06;86685
2021-03-05;"Prešovský kraj";497;46054;397;46451;NA;288178;894;2021-03-05;85901
2021-03-04;"Prešovský kraj";372;22670;359;23029;NA;288178;731;2021-03-04;85007
2021-03-03;"Prešovský kraj";397;21623;333;21956;NA;288178;730;2021-03-03;84276
2021-03-02;"Prešovský kraj";421;22682;357;23039;NA;288178;778;2021-03-02;83546
2021-03-01;"Prešovský kraj";303;27716;406;28122;NA;288178;709;2021-03-01;82768
2021-02-28;"Prešovský kraj";75;45000;387;45387;NA;288178;462;2021-02-28;82059
2021-02-27;"Prešovský kraj";273;90231;734;90965;NA;288178;1007;2021-02-27;81597
2021-02-26;"Prešovský kraj";455;41340;438;41778;NA;288178;893;2021-02-26;80590
2021-02-25;"Prešovský kraj";270;19496;337;19833;NA;288178;607;2021-02-25;79697
2021-02-24;"Prešovský kraj";328;19026;377;19403;NA;288178;705;2021-02-24;79090
2021-02-23;"Prešovský kraj";430;21277;345;21622;NA;288178;775;2021-02-23;78385
2021-02-22;"Prešovský kraj";351;27180;356;27536;NA;288178;707;2021-02-22;77610
2021-02-21;"Prešovský kraj";66;31453;301;31754;NA;288178;367;2021-02-21;76903
2021-02-20;"Prešovský kraj";129;71413;517;71930;NA;288178;646;2021-02-20;76536
2021-02-19;"Prešovský kraj";381;38995;430;39425;NA;288178;811;2021-02-19;75890
2021-02-18;"Prešovský kraj";268;16960;322;17282;NA;288178;590;2021-02-18;75079
2021-02-17;"Prešovský kraj";293;17392;246;17638;NA;288178;539;2021-02-17;74489
2021-02-16;"Prešovský kraj";422;18862;265;19127;NA;288178;687;2021-02-16;73950
2021-02-15;"Prešovský kraj";211;31366;303;31669;NA;288178;514;2021-02-15;73263
2021-02-14;"Prešovský kraj";27;39387;321;39708;NA;288178;348;2021-02-14;72749
2021-02-13;"Prešovský kraj";157;74747;402;75149;NA;288178;559;2021-02-13;72401
2021-02-12;"Prešovský kraj";308;38758;365;39123;NA;288178;673;2021-02-12;71842
2021-02-11;"Prešovský kraj";218;16207;238;16445;NA;288178;456;2021-02-11;71169
2021-02-10;"Prešovský kraj";220;18542;282;18824;NA;288178;502;2021-02-10;70713
2021-02-09;"Prešovský kraj";323;21497;370;21867;NA;288178;693;2021-02-09;70211
2021-02-08;"Prešovský kraj";161;36924;261;37185;NA;288178;422;2021-02-08;69518
2021-02-07;"Prešovský kraj";21;34227;209;34436;NA;288178;230;2021-02-07;69096
2021-02-06;"Prešovský kraj";176;69164;360;69524;NA;288178;536;2021-02-06;68866
2021-02-05;"Prešovský kraj";177;31271;262;31533;NA;288178;439;2021-02-05;68330
2021-02-04;"Prešovský kraj";176;13080;237;13317;NA;288178;413;2021-02-04;67891
2021-02-03;"Prešovský kraj";251;8421;236;8657;NA;288178;487;2021-02-03;67478
2021-02-02;"Prešovský kraj";249;11769;264;12033;NA;288178;513;2021-02-02;66991
2021-02-01;"Prešovský kraj";220;16059;316;16375;NA;288178;536;2021-02-01;66478
2021-01-31;"Prešovský kraj";42;10587;107;10694;NA;288178;149;2021-01-31;65942
2021-01-30;"Prešovský kraj";142;23939;215;24154;NA;288178;357;2021-01-30;65793
2021-01-29;"Prešovský kraj";185;17924;326;18250;NA;288178;511;2021-01-29;65436
2021-01-28;"Prešovský kraj";311;7348;150;7498;NA;288178;461;2021-01-28;64925
2021-01-27;"Prešovský kraj";153;9730;147;9877;NA;288178;300;2021-01-27;64464
2021-01-26;"Prešovský kraj";252;16653;151;16804;NA;288178;403;2021-01-26;64164
2021-01-25;"Prešovský kraj";196;30092;253;30345;NA;288178;449;2021-01-25;63761
2021-01-24;"Prešovský kraj";12;45706;304;46010;NA;288178;316;2021-01-24;63312
2021-01-23;"Prešovský kraj";189;96883;487;97370;NA;288178;676;2021-01-23;62996
2021-01-22;"Prešovský kraj";187;35383;261;35644;NA;288178;448;2021-01-22;62320
2021-01-21;"Prešovský kraj";187;20434;212;20646;NA;288178;399;2021-01-21;61872
2021-01-20;"Prešovský kraj";253;14782;195;14977;NA;288178;448;2021-01-20;61473
2021-01-19;"Prešovský kraj";281;12329;305;12634;NA;288178;586;2021-01-19;61025
2021-01-18;"Prešovský kraj";203;10422;336;10758;NA;288178;539;2021-01-18;60439
2021-01-17;"Prešovský kraj";107;14391;1008;15399;NA;288178;1115;2021-01-17;59900
2021-01-16;"Prešovský kraj";72;1838;81;1919;NA;288178;153;2021-01-16;58785
2021-01-15;"Prešovský kraj";159;7033;257;7290;NA;288178;416;2021-01-15;58632
2021-01-14;"Prešovský kraj";268;5534;256;5790;NA;288178;524;2021-01-14;58216
2021-01-13;"Prešovský kraj";342;5649;226;5875;NA;288178;568;2021-01-13;57692
2021-01-12;"Prešovský kraj";455;8251;386;8637;NA;288178;841;2021-01-12;57124
2021-01-11;"Prešovský kraj";343;8149;471;8620;NA;288178;814;2021-01-11;56283
2021-01-10;"Prešovský kraj";63;476;23;499;NA;288178;86;2021-01-10;55469
2021-01-09;"Prešovský kraj";439;2248;125;2373;NA;288178;564;2021-01-09;55383
2021-01-08;"Prešovský kraj";430;10416;561;10977;NA;288178;991;2021-01-08;54819
2021-01-07;"Prešovský kraj";268;7432;622;8054;NA;288178;890;2021-01-07;53828
2021-01-06;"Prešovský kraj";315;1484;134;1618;NA;288178;449;2021-01-06;52938
2021-01-05;"Prešovský kraj";655;11275;976;12251;NA;288178;1631;2021-01-05;52489
2021-01-04;"Prešovský kraj";371;16845;1789;18634;NA;288178;2160;2021-01-04;50858
2021-01-03;"Prešovský kraj";89;459;41;500;NA;288178;130;2021-01-03;48698
2021-01-02;"Prešovský kraj";65;1556;160;1716;NA;288178;225;2021-01-02;48568
2021-01-01;"Prešovský kraj";174;956;71;1027;NA;288178;245;2021-01-01;48343
2020-12-31;"Prešovský kraj";640;11959;783;12742;NA;288178;1423;2020-12-31;48098
2020-12-30;"Prešovský kraj";729;8729;769;9498;NA;288178;1498;2020-12-30;46675
2020-12-29;"Prešovský kraj";435;9273;949;10222;NA;288178;1384;2020-12-29;45177
2020-12-28;"Prešovský kraj";393;9046;1079;10125;NA;288178;1472;2020-12-28;43793
2020-12-27;"Prešovský kraj";40;613;45;658;NA;288178;85;2020-12-27;42321
2020-12-26;"Prešovský kraj";64;176;12;188;NA;288178;76;2020-12-26;42236
2020-12-25;"Prešovský kraj";208;274;11;285;NA;288178;219;2020-12-25;42160
2020-12-24;"Prešovský kraj";452;1214;85;1299;NA;288178;537;2020-12-24;41941
2020-12-23;"Prešovský kraj";361;11006;618;11624;NA;288178;979;2020-12-23;41404
2020-12-22;"Prešovský kraj";439;9023;695;9718;NA;288178;1134;2020-12-22;40425
2020-12-21;"Prešovský kraj";432;9577;847;10424;NA;288178;1279;2020-12-21;39291
2020-12-20;"Prešovský kraj";184;396;20;416;NA;288178;204;2020-12-20;38012
2020-12-19;"Prešovský kraj";276;1658;151;1809;NA;288178;427;2020-12-19;37808
2020-12-18;"Prešovský kraj";396;8246;566;8812;NA;288178;962;2020-12-18;37381
2020-12-17;"Prešovský kraj";427;10505;866;11371;NA;288178;1293;2020-12-17;36419
2020-12-16;"Prešovský kraj";466;5613;473;6086;NA;288178;939;2020-12-16;35126
2020-12-15;"Prešovský kraj";411;5406;574;5980;NA;288178;985;2020-12-15;34187
2020-12-14;"Prešovský kraj";334;5538;477;6015;NA;288178;811;2020-12-14;33202
2020-12-13;"Prešovský kraj";89;29;8;37;NA;288178;97;2020-12-13;32391
2020-12-12;"Prešovský kraj";319;2474;166;2640;NA;288178;485;2020-12-12;32294
2020-12-11;"Prešovský kraj";560;5602;402;6004;NA;288178;962;2020-12-11;31809
2020-12-10;"Prešovský kraj";337;5019;423;5442;NA;288178;760;2020-12-10;30847
2020-12-09;"Prešovský kraj";358;4357;314;4671;NA;288178;672;2020-12-09;30087
2020-12-08;"Prešovský kraj";350;6629;651;7280;NA;288178;1001;2020-12-08;29415
2020-12-07;"Prešovský kraj";309;4345;327;4672;NA;288178;636;2020-12-07;28414
2020-12-06;"Prešovský kraj";59;655;26;681;NA;288178;85;2020-12-06;27778
2020-12-05;"Prešovský kraj";218;984;87;1071;NA;288178;305;2020-12-05;27693
2020-12-04;"Prešovský kraj";352;5070;293;5363;NA;288178;645;2020-12-04;27388
2020-12-03;"Prešovský kraj";284;2456;179;2635;NA;288178;463;2020-12-03;26743
2020-12-02;"Prešovský kraj";232;2830;225;3055;NA;288178;457;2020-12-02;26280
2020-12-01;"Prešovský kraj";281;1884;196;2080;NA;288178;477;2020-12-01;25823
2020-11-30;"Prešovský kraj";196;5333;97;5430;NA;288178;293;2020-11-30;25346
2020-11-29;"Prešovský kraj";27;379;42;421;NA;288178;69;2020-11-29;25053
2020-11-28;"Prešovský kraj";199;772;77;849;NA;288178;276;2020-11-28;24984
2020-11-27;"Prešovský kraj";232;2350;130;2480;NA;288178;362;2020-11-27;24708
2020-11-26;"Prešovský kraj";263;3014;329;3343;NA;288178;592;2020-11-26;24346
2020-11-25;"Prešovský kraj";302;2174;103;2277;NA;288178;405;2020-11-25;23754
2020-11-24;"Prešovský kraj";365;1777;156;1933;NA;288178;521;2020-11-24;23349
2020-11-23;"Prešovský kraj";164;1099;60;1159;NA;288178;224;2020-11-23;22828
2020-11-22;"Prešovský kraj";46;44;1;45;NA;288178;47;2020-11-22;22604
2020-11-21;"Prešovský kraj";205;754;62;816;NA;288178;267;2020-11-21;22557
2020-11-20;"Prešovský kraj";363;2258;102;2360;NA;288178;465;2020-11-20;22290
2020-11-19;"Prešovský kraj";359;2096;238;2334;NA;288178;597;2020-11-19;21825
2020-11-18;"Prešovský kraj";270;488;43;531;NA;288178;313;2020-11-18;21228
2020-11-17;"Prešovský kraj";347;205;23;228;NA;288178;370;2020-11-17;20915
2020-11-16;"Prešovský kraj";226;540;58;598;NA;288178;284;2020-11-16;20545
2020-11-15;"Prešovský kraj";186;39;4;43;NA;288178;190;2020-11-15;20261
2020-11-14;"Prešovský kraj";261;54;4;58;NA;288178;265;2020-11-14;20071
2020-11-13;"Prešovský kraj";395;166;8;174;NA;288178;403;2020-11-13;19806
2020-11-12;"Prešovský kraj";397;229;50;279;NA;288178;447;2020-11-12;19403
2020-11-11;"Prešovský kraj";516;161;15;176;NA;288178;531;2020-11-11;18956
2020-11-10;"Prešovský kraj";437;197;9;206;NA;288178;446;2020-11-10;18425
2020-11-09;"Prešovský kraj";190;4110;945;5055;NA;288178;1135;2020-11-09;17979
2020-11-08;"Prešovský kraj";97;2817;32;2849;NA;288178;129;2020-11-08;16844
2020-11-07;"Prešovský kraj";416;8578;81;8659;NA;288178;497;2020-11-07;16715
2020-11-06;"Prešovský kraj";520;4791;76;4867;NA;288178;596;2020-11-06;16218
2020-11-05;"Prešovský kraj";397;180;5;185;NA;288178;402;2020-11-05;15622
2020-11-04;"Prešovský kraj";350;807;8;815;NA;288178;358;2020-11-04;15220
2020-11-03;"Prešovský kraj";565;98;12;110;NA;288178;577;2020-11-03;14862
2020-11-02;"Prešovský kraj";203;4158;1004;5162;NA;288178;1207;2020-11-02;14285
2020-11-01;"Prešovský kraj";386;2906;53;2959;NA;288178;439;2020-11-01;13078
2020-10-31;"Prešovský kraj";315;10497;170;10667;NA;288178;485;2020-10-31;12639
2020-10-30;"Prešovský kraj";552;2949;65;3014;NA;288178;617;2020-10-30;12154
2020-10-29;"Prešovský kraj";594;301;38;339;NA;288178;632;2020-10-29;11537
2020-10-28;"Prešovský kraj";617;291;46;337;NA;288178;663;2020-10-28;10905
2020-10-27;"Prešovský kraj";656;268;34;302;NA;288178;690;2020-10-27;10242
2020-10-26;"Prešovský kraj";137;363;57;420;NA;288178;194;2020-10-26;9552
2020-10-25;"Prešovský kraj";237;346;11;357;NA;288178;248;2020-10-25;9358
2020-10-24;"Prešovský kraj";719;200;12;212;NA;288178;731;2020-10-24;9110
2020-10-23;"Prešovský kraj";750;218;8;226;NA;288178;758;2020-10-23;8379
2020-10-22;"Prešovský kraj";646;396;30;426;NA;288178;676;2020-10-22;7621
2020-10-21;"Prešovský kraj";383;58;8;66;NA;288178;391;2020-10-21;6945
2020-10-20;"Prešovský kraj";493;65;7;72;NA;288178;500;2020-10-20;6554
2020-10-19;"Prešovský kraj";140;235;15;250;NA;288178;155;2020-10-19;6054
2020-10-18;"Prešovský kraj";209;0;0;0;NA;288178;209;2020-10-18;5899
2020-10-17;"Prešovský kraj";342;0;0;0;NA;288178;342;2020-10-17;5690
2020-10-16;"Prešovský kraj";388;57;3;60;NA;288178;391;2020-10-16;5348
2020-10-15;"Prešovský kraj";435;85;18;103;NA;288178;453;2020-10-15;4957
2020-10-14;"Prešovský kraj";451;54;10;64;NA;288178;461;2020-10-14;4504
2020-10-13;"Prešovský kraj";264;50;6;56;NA;288178;270;2020-10-13;4043
2020-10-12;"Prešovský kraj";214;334;35;369;NA;288178;249;2020-10-12;3773
2020-10-11;"Prešovský kraj";127;0;0;0;NA;288178;127;2020-10-11;3524
2020-10-10;"Prešovský kraj";248;0;0;0;NA;288178;248;2020-10-10;3397
2020-10-09;"Prešovský kraj";406;0;0;0;NA;288178;406;2020-10-09;3149
2020-10-08;"Prešovský kraj";245;0;0;0;NA;288178;245;2020-10-08;2743
2020-10-07;"Prešovský kraj";244;0;0;0;NA;288178;244;2020-10-07;2498
2020-10-06;"Prešovský kraj";166;0;0;0;NA;288178;166;2020-10-06;2254
2020-10-05;"Prešovský kraj";84;0;0;0;NA;288178;84;2020-10-05;2088
2020-10-04;"Prešovský kraj";118;0;0;0;NA;288178;118;2020-10-04;2004
2020-10-03;"Prešovský kraj";204;0;0;0;NA;288178;204;2020-10-03;1886
2020-10-02;"Prešovský kraj";149;0;0;0;NA;288178;149;2020-10-02;1682
2020-10-01;"Prešovský kraj";136;0;0;0;NA;288178;136;2020-10-01;1533
2020-09-30;"Prešovský kraj";121;0;0;0;NA;288178;121;2020-09-30;1397
2020-09-29;"Prešovský kraj";156;0;0;0;NA;288178;156;2020-09-29;1276
2020-09-28;"Prešovský kraj";51;0;0;0;NA;288178;51;2020-09-28;1120
2020-09-27;"Prešovský kraj";10;0;0;0;NA;288178;10;2020-09-27;1069
2020-09-26;"Prešovský kraj";72;0;0;0;NA;288178;72;2020-09-26;1059
2020-09-25;"Prešovský kraj";91;0;0;0;NA;288178;91;2020-09-25;987
2020-09-24;"Prešovský kraj";52;0;0;0;NA;288178;52;2020-09-24;896
2020-09-23;"Prešovský kraj";55;0;0;0;NA;288178;55;2020-09-23;844
2020-09-22;"Prešovský kraj";29;0;0;0;NA;288178;29;2020-09-22;789
2020-09-21;"Prešovský kraj";14;0;0;0;NA;288178;14;2020-09-21;760
2020-09-20;"Prešovský kraj";5;0;0;0;NA;288178;5;2020-09-20;746
2020-09-19;"Prešovský kraj";12;0;0;0;NA;288178;12;2020-09-19;741
2020-09-18;"Prešovský kraj";29;0;0;0;NA;288178;29;2020-09-18;729
2020-09-17;"Prešovský kraj";25;0;0;0;NA;288178;25;2020-09-17;700
2020-09-16;"Prešovský kraj";8;0;0;0;NA;288178;8;2020-09-16;675
2020-09-15;"Prešovský kraj";10;0;0;0;NA;288178;10;2020-09-15;667
2020-09-14;"Prešovský kraj";47;0;0;0;NA;288178;47;2020-09-14;657
2020-09-13;"Prešovský kraj";3;0;0;0;NA;288178;3;2020-09-13;610
2020-09-12;"Prešovský kraj";4;0;0;0;NA;288178;4;2020-09-12;607
2020-09-11;"Prešovský kraj";15;0;0;0;NA;288178;15;2020-09-11;603
2020-09-10;"Prešovský kraj";10;0;0;0;NA;288178;10;2020-09-10;588
2020-09-09;"Prešovský kraj";21;0;0;0;NA;288178;21;2020-09-09;578
2020-09-08;"Prešovský kraj";23;0;0;0;NA;288178;23;2020-09-08;557
2020-09-07;"Prešovský kraj";5;0;0;0;NA;288178;5;2020-09-07;534
2020-09-06;"Prešovský kraj";3;0;0;0;NA;288178;3;2020-09-06;529
2020-09-05;"Prešovský kraj";7;0;0;0;NA;288178;7;2020-09-05;526
2020-09-04;"Prešovský kraj";24;0;0;0;NA;288178;24;2020-09-04;519
2020-09-03;"Prešovský kraj";8;0;0;0;NA;288178;8;2020-09-03;495
2020-09-02;"Prešovský kraj";9;0;0;0;NA;288178;9;2020-09-02;487
2020-09-01;"Prešovský kraj";6;0;0;0;NA;288178;6;2020-09-01;478
2020-08-31;"Prešovský kraj";3;0;0;0;NA;288178;3;2020-08-31;472
2020-08-30;"Prešovský kraj";6;0;0;0;NA;288178;6;2020-08-30;469
2020-08-29;"Prešovský kraj";4;0;0;0;NA;288178;4;2020-08-29;463
2020-08-28;"Prešovský kraj";6;0;0;0;NA;288178;6;2020-08-28;459
2020-08-27;"Prešovský kraj";7;0;0;0;NA;288178;7;2020-08-27;453
2020-08-26;"Prešovský kraj";22;0;0;0;NA;288178;22;2020-08-26;446
2020-08-25;"Prešovský kraj";1;0;0;0;NA;288178;1;2020-08-25;424
2020-08-24;"Prešovský kraj";5;0;0;0;NA;288178;5;2020-08-24;423
2020-08-23;"Prešovský kraj";3;0;0;0;NA;288178;3;2020-08-23;418
2020-08-22;"Prešovský kraj";3;0;0;0;NA;288178;3;2020-08-22;415
2020-08-21;"Prešovský kraj";11;0;0;0;NA;288178;11;2020-08-21;412
2020-08-20;"Prešovský kraj";8;0;0;0;NA;288178;8;2020-08-20;401
2020-08-19;"Prešovský kraj";8;0;0;0;NA;288178;8;2020-08-19;393
2020-08-18;"Prešovský kraj";6;0;0;0;NA;288178;6;2020-08-18;385
2020-08-17;"Prešovský kraj";1;0;0;0;NA;288178;1;2020-08-17;379
2020-08-16;"Prešovský kraj";0;0;0;0;NA;288178;0;2020-08-16;378
2020-08-15;"Prešovský kraj";8;0;0;0;NA;288178;8;2020-08-15;378
2020-08-14;"Prešovský kraj";6;0;0;0;NA;288178;6;2020-08-14;370
2020-08-13;"Prešovský kraj";8;0;0;0;NA;288178;8;2020-08-13;364
2020-08-12;"Prešovský kraj";19;0;0;0;NA;288178;19;2020-08-12;356
2020-08-11;"Prešovský kraj";3;0;0;0;NA;288178;3;2020-08-11;337
2020-08-10;"Prešovský kraj";0;0;0;0;NA;288178;0;2020-08-10;334
2020-08-09;"Prešovský kraj";0;0;0;0;NA;288178;0;2020-08-09;334
2020-08-08;"Prešovský kraj";2;0;0;0;NA;288178;2;2020-08-08;334
2020-08-07;"Prešovský kraj";6;0;0;0;NA;288178;6;2020-08-07;332
2020-08-06;"Prešovský kraj";2;0;0;0;NA;288178;2;2020-08-06;326
2020-08-05;"Prešovský kraj";8;0;0;0;NA;288178;8;2020-08-05;324
2020-08-04;"Prešovský kraj";5;0;0;0;NA;288178;5;2020-08-04;316
2020-08-03;"Prešovský kraj";4;0;0;0;NA;288178;4;2020-08-03;311
2020-08-02;"Prešovský kraj";6;0;0;0;NA;288178;6;2020-08-02;307
2020-08-01;"Prešovský kraj";0;0;0;0;NA;288178;0;2020-08-01;301
2020-07-31;"Prešovský kraj";2;0;0;0;NA;288178;2;2020-07-31;301
2020-07-30;"Prešovský kraj";6;0;0;0;NA;288178;6;2020-07-30;299
2020-07-29;"Prešovský kraj";5;0;0;0;NA;288178;5;2020-07-29;293
2020-07-28;"Prešovský kraj";0;0;0;0;NA;288178;0;2020-07-28;288
2020-07-27;"Prešovský kraj";1;0;0;0;NA;288178;1;2020-07-27;288
2020-07-26;"Prešovský kraj";1;0;0;0;NA;288178;1;2020-07-26;287
2020-07-25;"Prešovský kraj";21;0;0;0;NA;288178;21;2020-07-25;286
2020-07-24;"Prešovský kraj";1;0;0;0;NA;288178;1;2020-07-24;265
2020-07-23;"Prešovský kraj";5;0;0;0;NA;288178;5;2020-07-23;264
2020-07-22;"Prešovský kraj";1;0;0;0;NA;288178;1;2020-07-22;259
2020-07-21;"Prešovský kraj";2;0;0;0;NA;288178;2;2020-07-21;258
2020-07-20;"Prešovský kraj";1;0;0;0;NA;288178;1;2020-07-20;256
2020-07-19;"Prešovský kraj";0;0;0;0;NA;288178;0;2020-07-19;255
2020-07-18;"Prešovský kraj";0;0;0;0;NA;288178;0;2020-07-18;255
2020-07-17;"Prešovský kraj";3;0;0;0;NA;288178;3;2020-07-17;255
2020-07-16;"Prešovský kraj";1;0;0;0;NA;288178;1;2020-07-16;252
2020-07-15;"Prešovský kraj";5;0;0;0;NA;288178;5;2020-07-15;251
2020-07-14;"Prešovský kraj";5;0;0;0;NA;288178;5;2020-07-14;246
2020-07-13;"Prešovský kraj";1;0;0;0;NA;288178;1;2020-07-13;241
2020-07-12;"Prešovský kraj";1;0;0;0;NA;288178;1;2020-07-12;240
2020-07-11;"Prešovský kraj";6;0;0;0;NA;288178;6;2020-07-11;239
2020-07-10;"Prešovský kraj";5;0;0;0;NA;288178;5;2020-07-10;233
2020-07-09;"Prešovský kraj";2;0;0;0;NA;288178;2;2020-07-09;228
2020-07-08;"Prešovský kraj";14;0;0;0;NA;288178;14;2020-07-08;226
2020-07-07;"Prešovský kraj";2;0;0;0;NA;288178;2;2020-07-07;212
2020-07-06;"Prešovský kraj";0;0;0;0;NA;288178;0;2020-07-06;210
2020-07-05;"Prešovský kraj";0;0;0;0;NA;288178;0;2020-07-05;210
2020-07-04;"Prešovský kraj";1;0;0;0;NA;288178;1;2020-07-04;210
2020-07-03;"Prešovský kraj";3;0;0;0;NA;288178;3;2020-07-03;209
2020-07-02;"Prešovský kraj";0;0;0;0;NA;288178;0;2020-07-02;206
2020-07-01;"Prešovský kraj";0;0;0;0;NA;288178;0;2020-07-01;206
2020-06-30;"Prešovský kraj";7;0;0;0;NA;288178;7;2020-06-30;206
2020-06-29;"Prešovský kraj";0;0;0;0;NA;288178;0;2020-06-29;199
2020-06-28;"Prešovský kraj";0;0;0;0;NA;288178;0;2020-06-28;199
2020-06-27;"Prešovský kraj";3;0;0;0;NA;288178;3;2020-06-27;199
2020-06-26;"Prešovský kraj";3;0;0;0;NA;288178;3;2020-06-26;196
2020-06-25;"Prešovský kraj";0;0;0;0;NA;288178;0;2020-06-25;193
2020-06-24;"Prešovský kraj";4;0;0;0;NA;288178;4;2020-06-24;193
2020-06-23;"Prešovský kraj";0;0;0;0;NA;288178;0;2020-06-23;189
2020-06-22;"Prešovský kraj";0;0;0;0;NA;288178;0;2020-06-22;189
2020-06-21;"Prešovský kraj";0;0;0;0;NA;288178;0;2020-06-21;189
2020-06-20;"Prešovský kraj";0;0;0;0;NA;288178;0;2020-06-20;189
2020-06-19;"Prešovský kraj";1;0;0;0;NA;288178;1;2020-06-19;189
2020-06-18;"Prešovský kraj";0;0;0;0;NA;288178;0;2020-06-18;188
2020-06-17;"Prešovský kraj";0;0;0;0;NA;288178;0;2020-06-17;188
2020-06-16;"Prešovský kraj";6;0;0;0;NA;288178;6;2020-06-16;188
2020-06-14;"Prešovský kraj";0;0;0;0;NA;288178;0;2020-06-14;182
2020-06-13;"Prešovský kraj";0;0;0;0;NA;288178;0;2020-06-13;182
2020-06-12;"Prešovský kraj";1;0;0;0;NA;288178;1;2020-06-12;182
2020-06-11;"Prešovský kraj";0;0;0;0;NA;288178;0;2020-06-11;181
2020-06-10;"Prešovský kraj";0;0;0;0;NA;288178;0;2020-06-10;181
2020-06-09;"Prešovský kraj";0;0;0;0;NA;288178;0;2020-06-09;181
2020-06-08;"Prešovský kraj";0;0;0;0;NA;288178;0;2020-06-08;181
2020-06-07;"Prešovský kraj";0;0;0;0;NA;288178;0;2020-06-07;181
2020-06-05;"Prešovský kraj";0;0;0;0;NA;288178;0;2020-06-05;181
2020-06-03;"Prešovský kraj";0;0;0;0;NA;288178;0;2020-06-03;181
2020-06-02;"Prešovský kraj";1;0;0;0;NA;288178;1;2020-06-02;181
2020-05-31;"Prešovský kraj";1;0;0;0;NA;288178;1;2020-05-31;180
2020-05-29;"Prešovský kraj";0;0;0;0;NA;288178;0;2020-05-29;179
2020-05-27;"Prešovský kraj";0;0;0;0;NA;288178;0;2020-05-27;179
2020-05-26;"Prešovský kraj";0;0;0;0;NA;288178;0;2020-05-26;179
2020-05-25;"Prešovský kraj";0;0;0;0;NA;288178;0;2020-05-25;179
2020-05-24;"Prešovský kraj";0;0;0;0;NA;288178;0;2020-05-24;179
2020-05-23;"Prešovský kraj";0;0;0;0;NA;288178;0;2020-05-23;179
2020-05-22;"Prešovský kraj";0;0;0;0;NA;288178;0;2020-05-22;179
2020-05-21;"Prešovský kraj";1;0;0;0;NA;288178;1;2020-05-21;179
2020-05-20;"Prešovský kraj";0;0;0;0;NA;288178;0;2020-05-20;178
2020-05-19;"Prešovský kraj";0;0;0;0;NA;288178;0;2020-05-19;178
2020-05-17;"Prešovský kraj";0;0;0;0;NA;288178;0;2020-05-17;178
2020-05-16;"Prešovský kraj";0;0;0;0;NA;288178;0;2020-05-16;178
2020-05-15;"Prešovský kraj";0;0;0;0;NA;288178;0;2020-05-15;178
2020-05-14;"Prešovský kraj";0;0;0;0;NA;288178;0;2020-05-14;178
2020-05-13;"Prešovský kraj";1;0;0;0;NA;288178;1;2020-05-13;178
2020-05-12;"Prešovský kraj";0;0;0;0;NA;288178;0;2020-05-12;177
2020-05-11;"Prešovský kraj";1;0;0;0;NA;288178;1;2020-05-11;177
2020-05-09;"Prešovský kraj";0;0;0;0;NA;288178;0;2020-05-09;176
2020-05-07;"Prešovský kraj";0;0;0;0;NA;288178;0;2020-05-07;176
2020-05-06;"Prešovský kraj";0;0;0;0;NA;288178;0;2020-05-06;176
2020-05-05;"Prešovský kraj";1;0;0;0;NA;288178;1;2020-05-05;176
2020-05-04;"Prešovský kraj";0;0;0;0;NA;288178;0;2020-05-04;175
2020-05-03;"Prešovský kraj";0;0;0;0;NA;288178;0;2020-05-03;175
2020-05-02;"Prešovský kraj";0;0;0;0;NA;288178;0;2020-05-02;175
2020-05-01;"Prešovský kraj";2;0;0;0;NA;288178;2;2020-05-01;175
2020-04-30;"Prešovský kraj";0;0;0;0;NA;288178;0;2020-04-30;173
2020-04-29;"Prešovský kraj";1;0;0;0;NA;288178;1;2020-04-29;173
2020-04-28;"Prešovský kraj";1;0;0;0;NA;288178;1;2020-04-28;172
2020-04-27;"Prešovský kraj";2;0;0;0;NA;288178;2;2020-04-27;171
2020-04-26;"Prešovský kraj";0;0;0;0;NA;288178;0;2020-04-26;169
2020-04-25;"Prešovský kraj";0;0;0;0;NA;288178;0;2020-04-25;169
2020-04-24;"Prešovský kraj";0;0;0;0;NA;288178;0;2020-04-24;169
2020-04-23;"Prešovský kraj";2;0;0;0;NA;288178;2;2020-04-23;169
2020-04-22;"Prešovský kraj";11;0;0;0;NA;288178;11;2020-04-22;167
2020-04-21;"Prešovský kraj";12;0;0;0;NA;288178;12;2020-04-21;156
2020-04-20;"Prešovský kraj";2;0;0;0;NA;288178;2;2020-04-20;144
2020-04-19;"Prešovský kraj";4;0;0;0;NA;288178;4;2020-04-19;142
2020-04-18;"Prešovský kraj";1;0;0;0;NA;288178;1;2020-04-18;138
2020-04-17;"Prešovský kraj";4;0;0;0;NA;288178;4;2020-04-17;137
2020-04-16;"Prešovský kraj";9;0;0;0;NA;288178;9;2020-04-16;133
2020-04-15;"Prešovský kraj";21;0;0;0;NA;288178;21;2020-04-15;124
2020-04-14;"Prešovský kraj";1;0;0;0;NA;288178;1;2020-04-14;103
2020-04-13;"Prešovský kraj";2;0;0;0;NA;288178;2;2020-04-13;102
2020-04-12;"Prešovský kraj";6;0;0;0;NA;288178;6;2020-04-12;100
2020-04-11;"Prešovský kraj";4;0;0;0;NA;288178;4;2020-04-11;94
2020-04-10;"Prešovský kraj";0;0;0;0;NA;288178;0;2020-04-10;90
2020-04-09;"Prešovský kraj";1;0;0;0;NA;288178;1;2020-04-09;90
2020-04-08;"Prešovský kraj";0;0;0;0;NA;288178;0;2020-04-08;89
2020-04-07;"Prešovský kraj";7;0;0;0;NA;288178;7;2020-04-07;89
2020-04-06;"Prešovský kraj";10;0;0;0;NA;288178;10;2020-04-06;82
2020-04-05;"Prešovský kraj";13;0;0;0;NA;288178;13;2020-04-05;72
2020-04-04;"Prešovský kraj";1;0;0;0;NA;288178;1;2020-04-04;59
2020-04-03;"Prešovský kraj";4;0;0;0;NA;288178;4;2020-04-03;58
2020-04-02;"Prešovský kraj";6;0;0;0;NA;288178;6;2020-04-02;54
2020-04-01;"Prešovský kraj";6;0;0;0;NA;288178;6;2020-04-01;48
2020-03-31;"Prešovský kraj";6;0;0;0;NA;288178;6;2020-03-31;42
2020-03-30;"Prešovský kraj";2;0;0;0;NA;288178;2;2020-03-30;36
2020-03-29;"Prešovský kraj";2;0;0;0;NA;288178;2;2020-03-29;34
2020-03-28;"Prešovský kraj";2;0;0;0;NA;288178;2;2020-03-28;32
2020-03-27;"Prešovský kraj";1;0;0;0;NA;288178;1;2020-03-27;30
2020-03-26;"Prešovský kraj";8;0;0;0;NA;288178;8;2020-03-26;29
2020-03-25;"Prešovský kraj";1;0;0;0;NA;288178;1;2020-03-25;21
2020-03-24;"Prešovský kraj";4;0;0;0;NA;288178;4;2020-03-24;20
2020-03-23;"Prešovský kraj";0;0;0;0;NA;288178;0;2020-03-23;16
2020-03-22;"Prešovský kraj";1;0;0;0;NA;288178;1;2020-03-22;16
2020-03-21;"Prešovský kraj";2;0;0;0;NA;288178;2;2020-03-21;15
2020-03-20;"Prešovský kraj";3;0;0;0;NA;288178;3;2020-03-20;13
2020-03-19;"Prešovský kraj";2;0;0;0;NA;288178;2;2020-03-19;10
2020-03-18;"Prešovský kraj";1;0;0;0;NA;288178;1;2020-03-18;8
2020-03-17;"Prešovský kraj";1;0;0;0;NA;288178;1;2020-03-17;7
2020-03-16;"Prešovský kraj";4;0;0;0;NA;288178;4;2020-03-16;6
2020-03-15;"Prešovský kraj";0;0;0;0;NA;288178;0;2020-03-15;2
2020-03-14;"Prešovský kraj";1;0;0;0;NA;288178;1;2020-03-14;2
2020-03-13;"Prešovský kraj";0;0;0;0;NA;288178;0;2020-03-13;1
2020-03-12;"Prešovský kraj";0;0;0;0;NA;288178;0;2020-03-12;1
2020-03-11;"Prešovský kraj";0;0;0;0;NA;288178;0;2020-03-11;1
2020-03-09;"Prešovský kraj";0;0;0;0;NA;288178;0;2020-03-09;1
2020-03-08;"Prešovský kraj";0;0;0;0;NA;288178;0;2020-03-08;1
2020-03-07;"Prešovský kraj";0;0;0;0;NA;288178;0;2020-03-07;1
2020-03-06;"Prešovský kraj";0;0;0;0;NA;288178;0;2020-03-06;1
2022-02-15;"Trenčiansky kraj";2372;2054;423;2477;158068;234839;2795;2022-02-15;234839
2022-02-14;"Trenčiansky kraj";2401;3167;509;3676;NA;234839;2910;2022-02-14;232044
2022-02-13;"Trenčiansky kraj";1357;1379;326;1705;NA;234839;1683;2022-02-13;229134
2022-02-12;"Trenčiansky kraj";1802;1265;212;1477;NA;234839;2014;2022-02-12;227451
2022-02-11;"Trenčiansky kraj";2863;2281;414;2695;NA;234839;3277;2022-02-11;225437
2022-02-10;"Trenčiansky kraj";2853;2455;430;2885;NA;234839;3283;2022-02-10;222160
2022-02-09;"Trenčiansky kraj";2788;4031;529;4560;NA;234839;3317;2022-02-09;218877
2022-02-08;"Trenčiansky kraj";2592;2862;585;3447;NA;234839;3177;2022-02-08;215560
2022-02-07;"Trenčiansky kraj";2787;4605;831;5436;NA;234839;3618;2022-02-07;212383
2022-02-06;"Trenčiansky kraj";1431;2063;447;2510;NA;234839;1878;2022-02-06;208765
2022-02-05;"Trenčiansky kraj";1458;1616;304;1920;NA;234839;1762;2022-02-05;206887
2022-02-04;"Trenčiansky kraj";2480;2947;455;3402;NA;234839;2935;2022-02-04;205125
2022-02-03;"Trenčiansky kraj";2391;3290;450;3740;NA;234839;2841;2022-02-03;202190
2022-02-02;"Trenčiansky kraj";2486;4299;521;4820;NA;234839;3007;2022-02-02;199349
2022-02-01;"Trenčiansky kraj";2359;3669;505;4174;NA;234839;2864;2022-02-01;196342
2022-01-31;"Trenčiansky kraj";1823;7067;627;7694;NA;234839;2450;2022-01-31;193478
2022-01-30;"Trenčiansky kraj";680;2463;319;2782;NA;234839;999;2022-01-30;191028
2022-01-29;"Trenčiansky kraj";1227;1772;227;1999;NA;234839;1454;2022-01-29;190029
2022-01-28;"Trenčiansky kraj";1709;3590;322;3912;NA;234839;2031;2022-01-28;188575
2022-01-27;"Trenčiansky kraj";1533;3398;322;3720;NA;234839;1855;2022-01-27;186544
2022-01-26;"Trenčiansky kraj";1415;4523;311;4834;NA;234839;1726;2022-01-26;184689
2022-01-25;"Trenčiansky kraj";1553;3158;258;3416;NA;234839;1811;2022-01-25;182963
2022-01-24;"Trenčiansky kraj";755;6681;290;6971;NA;234839;1045;2022-01-24;181152
2022-01-23;"Trenčiansky kraj";337;2409;179;2588;NA;234839;516;2022-01-23;180107
2022-01-22;"Trenčiansky kraj";683;1675;103;1778;NA;234839;786;2022-01-22;179591
2022-01-21;"Trenčiansky kraj";576;3384;139;3523;NA;234839;715;2022-01-21;178805
2022-01-20;"Trenčiansky kraj";710;2568;104;2672;NA;234839;814;2022-01-20;178090
2022-01-19;"Trenčiansky kraj";621;3617;111;3728;NA;234839;732;2022-01-19;177276
2022-01-18;"Trenčiansky kraj";579;3445;101;3546;NA;234839;680;2022-01-18;176544
2022-01-17;"Trenčiansky kraj";380;6148;122;6270;NA;234839;502;2022-01-17;175864
2022-01-16;"Trenčiansky kraj";89;2319;72;2391;NA;234839;161;2022-01-16;175362
2022-01-15;"Trenčiansky kraj";194;1345;40;1385;NA;234839;234;2022-01-15;175201
2022-01-14;"Trenčiansky kraj";189;2746;48;2794;NA;234839;237;2022-01-14;174967
2022-01-13;"Trenčiansky kraj";134;3201;62;3263;NA;234839;196;2022-01-13;174730
2022-01-12;"Trenčiansky kraj";346;2953;53;3006;NA;234839;399;2022-01-12;174534
2022-01-11;"Trenčiansky kraj";300;2896;50;2946;NA;234839;350;2022-01-11;174135
2022-01-10;"Trenčiansky kraj";218;6882;81;6963;NA;234839;299;2022-01-10;173785
2022-01-09;"Trenčiansky kraj";40;2808;52;2860;NA;234839;92;2022-01-09;173486
2022-01-08;"Trenčiansky kraj";267;1601;45;1646;NA;234839;312;2022-01-08;173394
2022-01-07;"Trenčiansky kraj";334;2717;64;2781;NA;234839;398;2022-01-07;173082
2022-01-06;"Trenčiansky kraj";75;1111;45;1156;NA;234839;120;2022-01-06;172684
2022-01-05;"Trenčiansky kraj";496;2875;64;2939;NA;234839;560;2022-01-05;172564
2022-01-04;"Trenčiansky kraj";521;3727;73;3800;NA;234839;594;2022-01-04;172004
2022-01-03;"Trenčiansky kraj";357;5680;117;5797;NA;234839;474;2022-01-03;171410
2022-01-02;"Trenčiansky kraj";179;2403;74;2477;NA;234839;253;2022-01-02;170936
2022-01-01;"Trenčiansky kraj";4;526;28;554;NA;234839;32;2022-01-01;170683
2021-12-31;"Trenčiansky kraj";443;1426;77;1503;NA;234839;520;2021-12-31;170651
2021-12-30;"Trenčiansky kraj";370;2351;126;2477;NA;234839;496;2021-12-30;170131
2021-12-29;"Trenčiansky kraj";429;2436;83;2519;NA;234839;512;2021-12-29;169635
2021-12-28;"Trenčiansky kraj";609;2696;108;2804;NA;234839;717;2021-12-28;169123
2021-12-27;"Trenčiansky kraj";546;3200;100;3300;NA;234839;646;2021-12-27;168406
2021-12-26;"Trenčiansky kraj";147;1098;78;1176;NA;234839;225;2021-12-26;167760
2021-12-25;"Trenčiansky kraj";52;503;27;530;NA;234839;79;2021-12-25;167535
2021-12-24;"Trenčiansky kraj";176;652;37;689;NA;234839;213;2021-12-24;167456
2021-12-23;"Trenčiansky kraj";532;2380;103;2483;NA;234839;635;2021-12-23;167243
2021-12-22;"Trenčiansky kraj";512;2546;116;2662;NA;234839;628;2021-12-22;166608
2021-12-21;"Trenčiansky kraj";694;3219;119;3338;NA;234839;813;2021-12-21;165980
2021-12-20;"Trenčiansky kraj";488;6613;200;6813;NA;234839;688;2021-12-20;165167
2021-12-19;"Trenčiansky kraj";202;2574;118;2692;NA;234839;320;2021-12-19;164479
2021-12-18;"Trenčiansky kraj";438;1752;108;1860;NA;234839;546;2021-12-18;164159
2021-12-17;"Trenčiansky kraj";427;4006;135;4141;NA;234839;562;2021-12-17;163613
2021-12-16;"Trenčiansky kraj";649;3169;177;3346;NA;234839;826;2021-12-16;163051
2021-12-15;"Trenčiansky kraj";791;4596;165;4761;NA;234839;956;2021-12-15;162225
2021-12-14;"Trenčiansky kraj";885;3590;139;3729;NA;234839;1024;2021-12-14;161269
2021-12-13;"Trenčiansky kraj";573;7310;247;7557;NA;234839;820;2021-12-13;160245
2021-12-12;"Trenčiansky kraj";306;3156;156;3312;NA;234839;462;2021-12-12;159425
2021-12-11;"Trenčiansky kraj";706;1876;138;2014;NA;234839;844;2021-12-11;158963
2021-12-10;"Trenčiansky kraj";789;3643;199;3842;NA;234839;988;2021-12-10;158119
2021-12-09;"Trenčiansky kraj";967;3847;202;4049;NA;234839;1169;2021-12-09;157131
2021-12-08;"Trenčiansky kraj";1020;4428;201;4629;NA;234839;1221;2021-12-08;155962
2021-12-07;"Trenčiansky kraj";1241;6232;214;6446;NA;234839;1455;2021-12-07;154741
2021-12-06;"Trenčiansky kraj";751;8778;421;9199;NA;234839;1172;2021-12-06;153286
2021-12-05;"Trenčiansky kraj";510;3610;210;3820;NA;234839;720;2021-12-05;152114
2021-12-04;"Trenčiansky kraj";1058;2043;156;2199;NA;234839;1214;2021-12-04;151394
2021-12-03;"Trenčiansky kraj";1272;4379;304;4683;NA;234839;1576;2021-12-03;150180
2021-12-02;"Trenčiansky kraj";2007;4087;263;4350;NA;234839;2270;2021-12-02;148604
2021-12-01;"Trenčiansky kraj";1000;4935;296;5231;NA;234839;1296;2021-12-01;146334
2021-11-30;"Trenčiansky kraj";1086;4702;329;5031;NA;234839;1415;2021-11-30;145038
2021-11-29;"Trenčiansky kraj";1165;10325;540;10865;NA;234839;1705;2021-11-29;143623
2021-11-28;"Trenčiansky kraj";664;5566;308;5874;NA;234839;972;2021-11-28;141918
2021-11-27;"Trenčiansky kraj";1080;2782;301;3083;NA;234839;1381;2021-11-27;140946
2021-11-26;"Trenčiansky kraj";1238;4493;346;4839;NA;234839;1584;2021-11-26;139565
2021-11-25;"Trenčiansky kraj";1018;3590;343;3933;NA;234839;1361;2021-11-25;137981
2021-11-24;"Trenčiansky kraj";1362;5559;466;6025;NA;234839;1828;2021-11-24;136620
2021-11-23;"Trenčiansky kraj";1140;3717;347;4064;NA;234839;1487;2021-11-23;134792
2021-11-22;"Trenčiansky kraj";920;6467;566;7033;NA;234839;1486;2021-11-22;133305
2021-11-21;"Trenčiansky kraj";413;3233;377;3610;NA;234839;790;2021-11-21;131819
2021-11-20;"Trenčiansky kraj";914;2379;341;2720;NA;234839;1255;2021-11-20;131029
2021-11-19;"Trenčiansky kraj";1261;3785;445;4230;NA;234839;1706;2021-11-19;129774
2021-11-18;"Trenčiansky kraj";810;5024;524;5548;NA;234839;1334;2021-11-18;128068
2021-11-17;"Trenčiansky kraj";796;1852;237;2089;NA;234839;1033;2021-11-17;126734
2021-11-16;"Trenčiansky kraj";859;4060;401;4461;NA;234839;1260;2021-11-16;125701
2021-11-15;"Trenčiansky kraj";720;5114;550;5664;NA;234839;1270;2021-11-15;124441
2021-11-14;"Trenčiansky kraj";447;2462;343;2805;NA;234839;790;2021-11-14;123171
2021-11-13;"Trenčiansky kraj";478;1879;254;2133;NA;234839;732;2021-11-13;122381
2021-11-12;"Trenčiansky kraj";784;3855;338;4193;NA;234839;1122;2021-11-12;121649
2021-11-11;"Trenčiansky kraj";805;3561;345;3906;NA;234839;1150;2021-11-11;120527
2021-11-10;"Trenčiansky kraj";647;3358;279;3637;NA;234839;926;2021-11-10;119377
2021-11-09;"Trenčiansky kraj";752;2886;304;3190;NA;234839;1056;2021-11-09;118451
2021-11-08;"Trenčiansky kraj";489;4643;348;4991;NA;234839;837;2021-11-08;117395
2021-11-07;"Trenčiansky kraj";405;2043;220;2263;NA;234839;625;2021-11-07;116558
2021-11-06;"Trenčiansky kraj";542;1755;176;1931;NA;234839;718;2021-11-06;115933
2021-11-05;"Trenčiansky kraj";677;3083;238;3321;NA;234839;915;2021-11-05;115215
2021-11-04;"Trenčiansky kraj";563;2713;229;2942;NA;234839;792;2021-11-04;114300
2021-11-03;"Trenčiansky kraj";619;2955;222;3177;NA;234839;841;2021-11-03;113508
2021-11-02;"Trenčiansky kraj";663;3808;309;4117;NA;234839;972;2021-11-02;112667
2021-11-01;"Trenčiansky kraj";219;1029;101;1130;NA;234839;320;2021-11-01;111695
2021-10-31;"Trenčiansky kraj";151;1462;152;1614;NA;234839;303;2021-10-31;111375
2021-10-30;"Trenčiansky kraj";345;1770;130;1900;NA;234839;475;2021-10-30;111072
2021-10-29;"Trenčiansky kraj";415;2860;129;2989;NA;234839;544;2021-10-29;110597
2021-10-28;"Trenčiansky kraj";429;2653;157;2810;NA;234839;586;2021-10-28;110053
2021-10-27;"Trenčiansky kraj";463;2612;93;2705;NA;234839;556;2021-10-27;109467
2021-10-26;"Trenčiansky kraj";419;2635;133;2768;NA;234839;552;2021-10-26;108911
2021-10-25;"Trenčiansky kraj";192;3370;130;3500;NA;234839;322;2021-10-25;108359
2021-10-24;"Trenčiansky kraj";121;1643;79;1722;NA;234839;200;2021-10-24;108037
2021-10-23;"Trenčiansky kraj";326;1737;64;1801;NA;234839;390;2021-10-23;107837
2021-10-22;"Trenčiansky kraj";358;2694;78;2772;NA;234839;436;2021-10-22;107447
2021-10-21;"Trenčiansky kraj";247;2343;74;2417;NA;234839;321;2021-10-21;107011
2021-10-20;"Trenčiansky kraj";302;2101;70;2171;NA;234839;372;2021-10-20;106690
2021-10-19;"Trenčiansky kraj";227;2847;59;2906;NA;234839;286;2021-10-19;106318
2021-10-18;"Trenčiansky kraj";143;2453;71;2524;NA;234839;214;2021-10-18;106032
2021-10-17;"Trenčiansky kraj";46;1457;31;1488;NA;234839;77;2021-10-17;105818
2021-10-16;"Trenčiansky kraj";76;1671;35;1706;NA;234839;111;2021-10-16;105741
2021-10-15;"Trenčiansky kraj";126;2925;50;2975;NA;234839;176;2021-10-15;105630
2021-10-14;"Trenčiansky kraj";103;1717;27;1744;NA;234839;130;2021-10-14;105454
2021-10-13;"Trenčiansky kraj";171;2656;28;2684;NA;234839;199;2021-10-13;105324
2021-10-12;"Trenčiansky kraj";114;2350;32;2382;NA;234839;146;2021-10-12;105125
2021-10-11;"Trenčiansky kraj";109;2541;48;2589;NA;234839;157;2021-10-11;104979
2021-10-10;"Trenčiansky kraj";17;1487;23;1510;NA;234839;40;2021-10-10;104822
2021-10-09;"Trenčiansky kraj";157;1809;16;1825;NA;234839;173;2021-10-09;104782
2021-10-08;"Trenčiansky kraj";82;3087;37;3124;NA;234839;119;2021-10-08;104609
2021-10-07;"Trenčiansky kraj";107;2039;30;2069;NA;234839;137;2021-10-07;104490
2021-10-06;"Trenčiansky kraj";193;2289;36;2325;NA;234839;229;2021-10-06;104353
2021-10-05;"Trenčiansky kraj";119;2229;40;2269;NA;234839;159;2021-10-05;104124
2021-10-04;"Trenčiansky kraj";105;2769;52;2821;NA;234839;157;2021-10-04;103965
2021-10-03;"Trenčiansky kraj";30;1558;27;1585;NA;234839;57;2021-10-03;103808
2021-10-02;"Trenčiansky kraj";107;1794;35;1829;NA;234839;142;2021-10-02;103751
2021-10-01;"Trenčiansky kraj";119;2690;37;2727;NA;234839;156;2021-10-01;103609
2021-09-30;"Trenčiansky kraj";74;2327;50;2377;NA;234839;124;2021-09-30;103453
2021-09-29;"Trenčiansky kraj";170;2150;30;2180;NA;234839;200;2021-09-29;103329
2021-09-28;"Trenčiansky kraj";95;2267;31;2298;NA;234839;126;2021-09-28;103129
2021-09-27;"Trenčiansky kraj";56;2813;57;2870;NA;234839;113;2021-09-27;103003
2021-09-26;"Trenčiansky kraj";20;1675;33;1708;NA;234839;53;2021-09-26;102890
2021-09-25;"Trenčiansky kraj";76;1674;21;1695;NA;234839;97;2021-09-25;102837
2021-09-24;"Trenčiansky kraj";104;3220;35;3255;NA;234839;139;2021-09-24;102740
2021-09-23;"Trenčiansky kraj";91;2251;27;2278;NA;234839;118;2021-09-23;102601
2021-09-22;"Trenčiansky kraj";90;2146;24;2170;NA;234839;114;2021-09-22;102483
2021-09-21;"Trenčiansky kraj";79;2307;29;2336;NA;234839;108;2021-09-21;102369
2021-09-20;"Trenčiansky kraj";78;2612;37;2649;NA;234839;115;2021-09-20;102261
2021-09-19;"Trenčiansky kraj";11;1571;20;1591;NA;234839;31;2021-09-19;102146
2021-09-18;"Trenčiansky kraj";53;2099;14;2113;NA;234839;67;2021-09-18;102115
2021-09-17;"Trenčiansky kraj";55;3143;26;3169;NA;234839;81;2021-09-17;102048
2021-09-16;"Trenčiansky kraj";52;2160;20;2180;NA;234839;72;2021-09-16;101967
2021-09-15;"Trenčiansky kraj";63;1043;7;1050;NA;234839;70;2021-09-15;101895
2021-09-14;"Trenčiansky kraj";67;2449;25;2474;NA;234839;92;2021-09-14;101825
2021-09-13;"Trenčiansky kraj";33;2271;35;2306;NA;234839;68;2021-09-13;101733
2021-09-12;"Trenčiansky kraj";3;1411;11;1422;NA;234839;14;2021-09-12;101665
2021-09-11;"Trenčiansky kraj";55;1729;6;1735;NA;234839;61;2021-09-11;101651
2021-09-10;"Trenčiansky kraj";49;2246;15;2261;NA;234839;64;2021-09-10;101590
2021-09-09;"Trenčiansky kraj";24;1684;30;1714;NA;234839;54;2021-09-09;101526
2021-09-08;"Trenčiansky kraj";54;1770;15;1785;NA;234839;69;2021-09-08;101472
2021-09-07;"Trenčiansky kraj";43;1393;18;1411;NA;234839;61;2021-09-07;101403
2021-09-06;"Trenčiansky kraj";47;1398;15;1413;NA;234839;62;2021-09-06;101342
2021-09-05;"Trenčiansky kraj";2;966;23;989;NA;234839;25;2021-09-05;101280
2021-09-04;"Trenčiansky kraj";41;925;4;929;NA;234839;45;2021-09-04;101255
2021-09-03;"Trenčiansky kraj";53;1421;15;1436;NA;234839;68;2021-09-03;101210
2021-09-02;"Trenčiansky kraj";7;999;14;1013;NA;234839;21;2021-09-02;101142
2021-09-01;"Trenčiansky kraj";27;431;8;439;NA;234839;35;2021-09-01;101121
2021-08-31;"Trenčiansky kraj";21;1146;15;1161;NA;234839;36;2021-08-31;101086
2021-08-30;"Trenčiansky kraj";32;1166;10;1176;NA;234839;42;2021-08-30;101050
2021-08-29;"Trenčiansky kraj";1;482;11;493;NA;234839;12;2021-08-29;101008
2021-08-28;"Trenčiansky kraj";9;976;10;986;NA;234839;19;2021-08-28;100996
2021-08-27;"Trenčiansky kraj";21;1599;1;1600;NA;234839;22;2021-08-27;100977
2021-08-26;"Trenčiansky kraj";8;992;6;998;NA;234839;14;2021-08-26;100955
2021-08-25;"Trenčiansky kraj";40;875;7;882;NA;234839;47;2021-08-25;100941
2021-08-24;"Trenčiansky kraj";4;822;4;826;NA;234839;8;2021-08-24;100894
2021-08-23;"Trenčiansky kraj";6;1165;17;1182;NA;234839;23;2021-08-23;100886
2021-08-22;"Trenčiansky kraj";0;726;10;736;NA;234839;10;2021-08-22;100863
2021-08-21;"Trenčiansky kraj";5;964;7;971;NA;234839;12;2021-08-21;100853
2021-08-20;"Trenčiansky kraj";15;1537;2;1539;NA;234839;17;2021-08-20;100841
2021-08-19;"Trenčiansky kraj";2;985;2;987;NA;234839;4;2021-08-19;100824
2021-08-18;"Trenčiansky kraj";6;814;7;821;NA;234839;13;2021-08-18;100820
2021-08-17;"Trenčiansky kraj";9;633;1;634;NA;234839;10;2021-08-17;100807
2021-08-16;"Trenčiansky kraj";5;925;3;928;NA;234839;8;2021-08-16;100797
2021-08-15;"Trenčiansky kraj";0;558;1;559;NA;234839;1;2021-08-15;100789
2021-08-14;"Trenčiansky kraj";12;574;6;580;NA;234839;18;2021-08-14;100788
2021-08-13;"Trenčiansky kraj";2;933;0;933;NA;234839;2;2021-08-13;100770
2021-08-12;"Trenčiansky kraj";2;564;3;567;NA;234839;5;2021-08-12;100768
2021-08-11;"Trenčiansky kraj";1;680;0;680;NA;234839;1;2021-08-11;100763
2021-08-10;"Trenčiansky kraj";8;530;1;531;NA;234839;9;2021-08-10;100762
2021-08-09;"Trenčiansky kraj";8;694;1;695;NA;234839;9;2021-08-09;100753
2021-08-08;"Trenčiansky kraj";0;468;0;468;NA;234839;0;2021-08-08;100744
2021-08-07;"Trenčiansky kraj";3;464;0;464;NA;234839;3;2021-08-07;100744
2021-08-06;"Trenčiansky kraj";3;955;1;956;NA;234839;4;2021-08-06;100741
2021-08-05;"Trenčiansky kraj";3;579;1;580;NA;234839;4;2021-08-05;100737
2021-08-04;"Trenčiansky kraj";14;546;3;549;NA;234839;17;2021-08-04;100733
2021-08-03;"Trenčiansky kraj";9;508;5;513;NA;234839;14;2021-08-03;100716
2021-08-02;"Trenčiansky kraj";1;807;2;809;NA;234839;3;2021-08-02;100702
2021-08-01;"Trenčiansky kraj";0;458;1;459;NA;234839;1;2021-08-01;100699
2021-07-31;"Trenčiansky kraj";4;525;2;527;NA;234839;6;2021-07-31;100698
2021-07-30;"Trenčiansky kraj";2;1069;0;1069;NA;234839;2;2021-07-30;100692
2021-07-29;"Trenčiansky kraj";5;708;0;708;NA;234839;5;2021-07-29;100690
2021-07-28;"Trenčiansky kraj";3;517;2;519;NA;234839;5;2021-07-28;100685
2021-07-27;"Trenčiansky kraj";6;551;1;552;NA;234839;7;2021-07-27;100680
2021-07-26;"Trenčiansky kraj";7;772;1;773;NA;234839;8;2021-07-26;100673
2021-07-25;"Trenčiansky kraj";0;487;2;489;NA;234839;2;2021-07-25;100665
2021-07-24;"Trenčiansky kraj";3;643;1;644;NA;234839;4;2021-07-24;100663
2021-07-23;"Trenčiansky kraj";3;1151;0;1151;NA;234839;3;2021-07-23;100659
2021-07-22;"Trenčiansky kraj";2;844;2;846;NA;234839;4;2021-07-22;100656
2021-07-21;"Trenčiansky kraj";8;661;2;663;NA;234839;10;2021-07-21;100652
2021-07-20;"Trenčiansky kraj";4;525;1;526;NA;234839;5;2021-07-20;100642
2021-07-19;"Trenčiansky kraj";0;866;4;870;NA;234839;4;2021-07-19;100637
2021-07-18;"Trenčiansky kraj";0;526;0;526;NA;234839;0;2021-07-18;100633
2021-07-17;"Trenčiansky kraj";3;673;0;673;NA;234839;3;2021-07-17;100633
2021-07-16;"Trenčiansky kraj";4;1122;0;1122;NA;234839;4;2021-07-16;100630
2021-07-15;"Trenčiansky kraj";2;824;0;824;NA;234839;2;2021-07-15;100626
2021-07-14;"Trenčiansky kraj";8;645;0;645;NA;234839;8;2021-07-14;100624
2021-07-13;"Trenčiansky kraj";1;520;3;523;NA;234839;4;2021-07-13;100616
2021-07-12;"Trenčiansky kraj";9;820;2;822;NA;234839;11;2021-07-12;100612
2021-07-11;"Trenčiansky kraj";0;611;2;613;NA;234839;2;2021-07-11;100601
2021-07-10;"Trenčiansky kraj";2;535;0;535;NA;234839;2;2021-07-10;100599
2021-07-09;"Trenčiansky kraj";7;1379;0;1379;NA;234839;7;2021-07-09;100597
2021-07-08;"Trenčiansky kraj";2;815;1;816;NA;234839;3;2021-07-08;100590
2021-07-07;"Trenčiansky kraj";2;928;0;928;NA;234839;2;2021-07-07;100587
2021-07-06;"Trenčiansky kraj";4;1041;1;1042;NA;234839;5;2021-07-06;100585
2021-07-05;"Trenčiansky kraj";1;508;0;508;NA;234839;1;2021-07-05;100580
2021-07-04;"Trenčiansky kraj";0;612;1;613;NA;234839;1;2021-07-04;100579
2021-07-03;"Trenčiansky kraj";3;815;1;816;NA;234839;4;2021-07-03;100578
2021-07-02;"Trenčiansky kraj";5;1583;2;1585;NA;234839;7;2021-07-02;100574
2021-07-01;"Trenčiansky kraj";4;1152;1;1153;NA;234839;5;2021-07-01;100567
2021-06-30;"Trenčiansky kraj";2;7021;6;7027;NA;234839;8;2021-06-30;100562
2021-06-29;"Trenčiansky kraj";4;2773;5;2778;NA;234839;9;2021-06-29;100554
2021-06-28;"Trenčiansky kraj";5;3644;4;3648;NA;234839;9;2021-06-28;100545
2021-06-27;"Trenčiansky kraj";0;2861;1;2862;NA;234839;1;2021-06-27;100536
2021-06-26;"Trenčiansky kraj";1;3547;4;3551;NA;234839;5;2021-06-26;100535
2021-06-25;"Trenčiansky kraj";2;4626;1;4627;NA;234839;3;2021-06-25;100530
2021-06-24;"Trenčiansky kraj";3;3320;4;3324;NA;234839;7;2021-06-24;100527
2021-06-23;"Trenčiansky kraj";4;2808;2;2810;NA;234839;6;2021-06-23;100520
2021-06-22;"Trenčiansky kraj";7;3137;4;3141;NA;234839;11;2021-06-22;100514
2021-06-21;"Trenčiansky kraj";10;3891;4;3895;NA;234839;14;2021-06-21;100503
2021-06-20;"Trenčiansky kraj";0;3579;5;3584;NA;234839;5;2021-06-20;100489
2021-06-19;"Trenčiansky kraj";5;4528;1;4529;NA;234839;6;2021-06-19;100484
2021-06-18;"Trenčiansky kraj";7;6725;7;6732;NA;234839;14;2021-06-18;100478
2021-06-17;"Trenčiansky kraj";0;3469;6;3475;NA;234839;6;2021-06-17;100464
2021-06-16;"Trenčiansky kraj";4;3183;3;3186;NA;234839;7;2021-06-16;100458
2021-06-15;"Trenčiansky kraj";10;3697;2;3699;NA;234839;12;2021-06-15;100451
2021-06-14;"Trenčiansky kraj";10;4805;15;4820;NA;234839;25;2021-06-14;100439
2021-06-13;"Trenčiansky kraj";0;4643;4;4647;NA;234839;4;2021-06-13;100414
2021-06-12;"Trenčiansky kraj";4;5260;8;5268;NA;234839;12;2021-06-12;100410
2021-06-11;"Trenčiansky kraj";10;7365;11;7376;NA;234839;21;2021-06-11;100398
2021-06-10;"Trenčiansky kraj";5;4345;7;4352;NA;234839;12;2021-06-10;100377
2021-06-09;"Trenčiansky kraj";7;3693;7;3700;NA;234839;14;2021-06-09;100365
2021-06-08;"Trenčiansky kraj";21;3965;7;3972;NA;234839;28;2021-06-08;100351
2021-06-07;"Trenčiansky kraj";13;5560;10;5570;NA;234839;23;2021-06-07;100323
2021-06-06;"Trenčiansky kraj";0;5500;10;5510;NA;234839;10;2021-06-06;100300
2021-06-05;"Trenčiansky kraj";7;6511;5;6516;NA;234839;12;2021-06-05;100290
2021-06-04;"Trenčiansky kraj";16;7653;3;7656;NA;234839;19;2021-06-04;100278
2021-06-03;"Trenčiansky kraj";9;4485;10;4495;NA;234839;19;2021-06-03;100259
2021-06-02;"Trenčiansky kraj";28;4329;8;4337;NA;234839;36;2021-06-02;100240
2021-06-01;"Trenčiansky kraj";22;5396;18;5414;NA;234839;40;2021-06-01;100204
2021-05-31;"Trenčiansky kraj";30;6117;24;6141;NA;234839;54;2021-05-31;100164
2021-05-30;"Trenčiansky kraj";0;8258;16;8274;NA;234839;16;2021-05-30;100110
2021-05-29;"Trenčiansky kraj";13;7915;14;7929;NA;234839;27;2021-05-29;100094
2021-05-28;"Trenčiansky kraj";22;8995;25;9020;NA;234839;47;2021-05-28;100067
2021-05-27;"Trenčiansky kraj";6;5205;12;5217;NA;234839;18;2021-05-27;100020
2021-05-26;"Trenčiansky kraj";26;5069;15;5084;NA;234839;41;2021-05-26;100002
2021-05-25;"Trenčiansky kraj";18;6168;24;6192;NA;234839;42;2021-05-25;99961
2021-05-24;"Trenčiansky kraj";19;9292;37;9329;NA;234839;56;2021-05-24;99919
2021-05-23;"Trenčiansky kraj";0;9083;26;9109;NA;234839;26;2021-05-23;99863
2021-05-22;"Trenčiansky kraj";11;11314;21;11335;NA;234839;32;2021-05-22;99837
2021-05-21;"Trenčiansky kraj";23;11572;26;11598;NA;234839;49;2021-05-21;99805
2021-05-20;"Trenčiansky kraj";23;6320;25;6345;NA;234839;48;2021-05-20;99756
2021-05-19;"Trenčiansky kraj";16;5694;32;5726;NA;234839;48;2021-05-19;99708
2021-05-18;"Trenčiansky kraj";26;7779;28;7807;NA;234839;54;2021-05-18;99660
2021-05-17;"Trenčiansky kraj";37;7671;43;7714;NA;234839;80;2021-05-17;99606
2021-05-16;"Trenčiansky kraj";25;15615;41;15656;NA;234839;66;2021-05-16;99526
2021-05-15;"Trenčiansky kraj";3;21237;32;21269;NA;234839;35;2021-05-15;99460
2021-05-14;"Trenčiansky kraj";41;18676;42;18718;NA;234839;83;2021-05-14;99425
2021-05-13;"Trenčiansky kraj";41;8195;24;8219;NA;234839;65;2021-05-13;99342
2021-05-12;"Trenčiansky kraj";41;7409;31;7440;NA;234839;72;2021-05-12;99277
2021-05-11;"Trenčiansky kraj";66;10507;32;10539;NA;234839;98;2021-05-11;99205
2021-05-10;"Trenčiansky kraj";48;12989;55;13044;NA;234839;103;2021-05-10;99107
2021-05-09;"Trenčiansky kraj";52;17737;39;17776;NA;234839;91;2021-05-09;99004
2021-05-08;"Trenčiansky kraj";3;23822;33;23855;NA;234839;36;2021-05-08;98913
2021-05-07;"Trenčiansky kraj";45;23549;56;23605;NA;234839;101;2021-05-07;98877
2021-05-06;"Trenčiansky kraj";26;10771;44;10815;NA;234839;70;2021-05-06;98776
2021-05-05;"Trenčiansky kraj";73;9377;41;9418;NA;234839;114;2021-05-05;98706
2021-05-04;"Trenčiansky kraj";55;12733;53;12786;NA;234839;108;2021-05-04;98592
2021-05-03;"Trenčiansky kraj";60;15331;51;15382;NA;234839;111;2021-05-03;98484
2021-05-02;"Trenčiansky kraj";0;31152;65;31217;NA;234839;65;2021-05-02;98373
2021-05-01;"Trenčiansky kraj";71;56982;60;57042;NA;234839;131;2021-05-01;98308
2021-04-30;"Trenčiansky kraj";77;29427;61;29488;NA;234839;138;2021-04-30;98177
2021-04-29;"Trenčiansky kraj";49;13184;59;13243;NA;234839;108;2021-04-29;98039
2021-04-28;"Trenčiansky kraj";79;12537;52;12589;NA;234839;131;2021-04-28;97931
2021-04-27;"Trenčiansky kraj";107;15527;40;15567;NA;234839;147;2021-04-27;97800
2021-04-26;"Trenčiansky kraj";52;21070;63;21133;NA;234839;115;2021-04-26;97653
2021-04-25;"Trenčiansky kraj";0;34560;48;34608;NA;234839;48;2021-04-25;97538
2021-04-24;"Trenčiansky kraj";76;72398;100;72498;NA;234839;176;2021-04-24;97490
2021-04-23;"Trenčiansky kraj";143;29959;79;30038;NA;234839;222;2021-04-23;97314
2021-04-22;"Trenčiansky kraj";71;13847;64;13911;NA;234839;135;2021-04-22;97092
2021-04-21;"Trenčiansky kraj";79;13000;67;13067;NA;234839;146;2021-04-21;96957
2021-04-20;"Trenčiansky kraj";142;17740;80;17820;NA;234839;222;2021-04-20;96811
2021-04-19;"Trenčiansky kraj";102;22631;103;22734;NA;234839;205;2021-04-19;96589
2021-04-18;"Trenčiansky kraj";3;40879;97;40976;NA;234839;100;2021-04-18;96384
2021-04-17;"Trenčiansky kraj";77;81498;136;81634;NA;234839;213;2021-04-17;96284
2021-04-16;"Trenčiansky kraj";100;31961;90;32051;NA;234839;190;2021-04-16;96071
2021-04-15;"Trenčiansky kraj";71;14479;69;14548;NA;234839;140;2021-04-15;95881
2021-04-14;"Trenčiansky kraj";135;15563;72;15635;NA;234839;207;2021-04-14;95741
2021-04-13;"Trenčiansky kraj";189;18721;75;18796;NA;234839;264;2021-04-13;95534
2021-04-12;"Trenčiansky kraj";97;23743;91;23834;NA;234839;188;2021-04-12;95270
2021-04-11;"Trenčiansky kraj";1;34735;75;34810;NA;234839;76;2021-04-11;95082
2021-04-10;"Trenčiansky kraj";81;83093;145;83238;NA;234839;226;2021-04-10;95006
2021-04-09;"Trenčiansky kraj";120;28014;91;28105;NA;234839;211;2021-04-09;94780
2021-04-08;"Trenčiansky kraj";112;13283;85;13368;NA;234839;197;2021-04-08;94569
2021-04-07;"Trenčiansky kraj";204;17688;123;17811;NA;234839;327;2021-04-07;94372
2021-04-06;"Trenčiansky kraj";157;28567;178;28745;NA;234839;335;2021-04-06;94045
2021-04-05;"Trenčiansky kraj";15;9227;64;9291;NA;234839;79;2021-04-05;93710
2021-04-04;"Trenčiansky kraj";2;20291;85;20376;NA;234839;87;2021-04-04;93631
2021-04-03;"Trenčiansky kraj";86;80473;221;80694;NA;234839;307;2021-04-03;93544
2021-04-02;"Trenčiansky kraj";126;21620;81;21701;NA;234839;207;2021-04-02;93237
2021-04-01;"Trenčiansky kraj";159;32376;139;32515;NA;234839;298;2021-04-01;93030
2021-03-31;"Trenčiansky kraj";198;20100;130;20230;NA;234839;328;2021-03-31;92732
2021-03-30;"Trenčiansky kraj";272;17305;136;17441;NA;234839;408;2021-03-30;92404
2021-03-29;"Trenčiansky kraj";142;19479;170;19649;NA;234839;312;2021-03-29;91996
2021-03-28;"Trenčiansky kraj";3;34759;116;34875;NA;234839;119;2021-03-28;91684
2021-03-27;"Trenčiansky kraj";130;77314;293;77607;NA;234839;423;2021-03-27;91565
2021-03-26;"Trenčiansky kraj";211;35095;157;35252;NA;234839;368;2021-03-26;91142
2021-03-25;"Trenčiansky kraj";184;16580;176;16756;NA;234839;360;2021-03-25;90774
2021-03-24;"Trenčiansky kraj";259;13102;171;13273;NA;234839;430;2021-03-24;90414
2021-03-23;"Trenčiansky kraj";349;17589;174;17763;NA;234839;523;2021-03-23;89984
2021-03-22;"Trenčiansky kraj";141;21116;213;21329;NA;234839;354;2021-03-22;89461
2021-03-21;"Trenčiansky kraj";85;32711;164;32875;NA;234839;249;2021-03-21;89107
2021-03-20;"Trenčiansky kraj";128;80035;322;80357;NA;234839;450;2021-03-20;88858
2021-03-19;"Trenčiansky kraj";231;34783;232;35015;NA;234839;463;2021-03-19;88408
2021-03-18;"Trenčiansky kraj";262;16105;178;16283;NA;234839;440;2021-03-18;87945
2021-03-17;"Trenčiansky kraj";366;13435;164;13599;NA;234839;530;2021-03-17;87505
2021-03-16;"Trenčiansky kraj";450;15282;241;15523;NA;234839;691;2021-03-16;86975
2021-03-15;"Trenčiansky kraj";162;21235;261;21496;NA;234839;423;2021-03-15;86284
2021-03-14;"Trenčiansky kraj";42;34416;238;34654;NA;234839;280;2021-03-14;85861
2021-03-13;"Trenčiansky kraj";270;79186;453;79639;NA;234839;723;2021-03-13;85581
2021-03-12;"Trenčiansky kraj";366;34795;307;35102;NA;234839;673;2021-03-12;84858
2021-03-11;"Trenčiansky kraj";302;15558;213;15771;NA;234839;515;2021-03-11;84185
2021-03-10;"Trenčiansky kraj";402;13585;237;13822;NA;234839;639;2021-03-10;83670
2021-03-09;"Trenčiansky kraj";586;17982;285;18267;NA;234839;871;2021-03-09;83031
2021-03-08;"Trenčiansky kraj";174;21704;363;22067;NA;234839;537;2021-03-08;82160
2021-03-07;"Trenčiansky kraj";4;33660;313;33973;NA;234839;317;2021-03-07;81623
2021-03-06;"Trenčiansky kraj";260;79661;529;80190;NA;234839;789;2021-03-06;81306
2021-03-05;"Trenčiansky kraj";326;32969;415;33384;NA;234839;741;2021-03-05;80517
2021-03-04;"Trenčiansky kraj";323;16821;317;17138;NA;234839;640;2021-03-04;79776
2021-03-03;"Trenčiansky kraj";413;13960;347;14307;NA;234839;760;2021-03-03;79136
2021-03-02;"Trenčiansky kraj";612;17794;344;18138;NA;234839;956;2021-03-02;78376
2021-03-01;"Trenčiansky kraj";217;21104;445;21549;NA;234839;662;2021-03-01;77420
2021-02-28;"Trenčiansky kraj";45;30238;376;30614;NA;234839;421;2021-02-28;76758
2021-02-27;"Trenčiansky kraj";277;78735;686;79421;NA;234839;963;2021-02-27;76337
2021-02-26;"Trenčiansky kraj";420;32940;434;33374;NA;234839;854;2021-02-26;75374
2021-02-25;"Trenčiansky kraj";424;14029;328;14357;NA;234839;752;2021-02-25;74520
2021-02-24;"Trenčiansky kraj";427;12014;399;12413;NA;234839;826;2021-02-24;73768
2021-02-23;"Trenčiansky kraj";577;14904;390;15294;NA;234839;967;2021-02-23;72942
2021-02-22;"Trenčiansky kraj";160;19969;468;20437;NA;234839;628;2021-02-22;71975
2021-02-21;"Trenčiansky kraj";64;29478;392;29870;NA;234839;456;2021-02-21;71347
2021-02-20;"Trenčiansky kraj";274;77840;745;78585;NA;234839;1019;2021-02-20;70891
2021-02-19;"Trenčiansky kraj";272;30260;523;30783;NA;234839;795;2021-02-19;69872
2021-02-18;"Trenčiansky kraj";355;14094;403;14497;NA;234839;758;2021-02-18;69077
2021-02-17;"Trenčiansky kraj";363;11412;376;11788;NA;234839;739;2021-02-17;68319
2021-02-16;"Trenčiansky kraj";488;17761;406;18167;NA;234839;894;2021-02-16;67580
2021-02-15;"Trenčiansky kraj";151;21846;463;22309;NA;234839;614;2021-02-15;66686
2021-02-14;"Trenčiansky kraj";2;31255;324;31579;NA;234839;326;2021-02-14;66072
2021-02-13;"Trenčiansky kraj";274;63006;522;63528;NA;234839;796;2021-02-13;65746
2021-02-12;"Trenčiansky kraj";276;27979;412;28391;NA;234839;688;2021-02-12;64950
2021-02-11;"Trenčiansky kraj";291;11567;323;11890;NA;234839;614;2021-02-11;64262
2021-02-10;"Trenčiansky kraj";304;11408;317;11725;NA;234839;621;2021-02-10;63648
2021-02-09;"Trenčiansky kraj";514;18412;360;18772;NA;234839;874;2021-02-09;63027
2021-02-08;"Trenčiansky kraj";182;26832;430;27262;NA;234839;612;2021-02-08;62153
2021-02-07;"Trenčiansky kraj";31;36781;341;37122;NA;234839;372;2021-02-07;61541
2021-02-06;"Trenčiansky kraj";216;63931;560;64491;NA;234839;776;2021-02-06;61169
2021-02-05;"Trenčiansky kraj";202;18164;367;18531;NA;234839;569;2021-02-05;60393
2021-02-04;"Trenčiansky kraj";266;7253;311;7564;NA;234839;577;2021-02-04;59824
2021-02-03;"Trenčiansky kraj";162;6723;320;7043;NA;234839;482;2021-02-03;59247
2021-02-02;"Trenčiansky kraj";347;8074;381;8455;NA;234839;728;2021-02-02;58765
2021-02-01;"Trenčiansky kraj";167;8921;311;9232;NA;234839;478;2021-02-01;58037
2021-01-31;"Trenčiansky kraj";7;19103;159;19262;NA;234839;166;2021-01-31;57559
2021-01-30;"Trenčiansky kraj";228;38167;332;38499;NA;234839;560;2021-01-30;57393
2021-01-29;"Trenčiansky kraj";214;7590;235;7825;NA;234839;449;2021-01-29;56833
2021-01-28;"Trenčiansky kraj";307;5442;158;5600;NA;234839;465;2021-01-28;56384
2021-01-27;"Trenčiansky kraj";166;4842;181;5023;NA;234839;347;2021-01-27;55919
2021-01-26;"Trenčiansky kraj";303;14589;250;14839;NA;234839;553;2021-01-26;55572
2021-01-25;"Trenčiansky kraj";160;24310;207;24517;NA;234839;367;2021-01-25;55019
2021-01-24;"Trenčiansky kraj";51;38369;282;38651;NA;234839;333;2021-01-24;54652
2021-01-23;"Trenčiansky kraj";206;114125;749;114874;NA;234839;955;2021-01-23;54319
2021-01-22;"Trenčiansky kraj";148;21831;241;22072;NA;234839;389;2021-01-22;53364
2021-01-21;"Trenčiansky kraj";143;8586;166;8752;NA;234839;309;2021-01-21;52975
2021-01-20;"Trenčiansky kraj";181;8189;227;8416;NA;234839;408;2021-01-20;52666
2021-01-19;"Trenčiansky kraj";363;6600;262;6862;NA;234839;625;2021-01-19;52258
2021-01-18;"Trenčiansky kraj";72;4970;321;5291;NA;234839;393;2021-01-18;51633
2021-01-17;"Trenčiansky kraj";124;156;11;167;NA;234839;135;2021-01-17;51240
2021-01-16;"Trenčiansky kraj";39;1288;53;1341;NA;234839;92;2021-01-16;51105
2021-01-15;"Trenčiansky kraj";264;4031;214;4245;NA;234839;478;2021-01-15;51013
2021-01-14;"Trenčiansky kraj";275;3193;189;3382;NA;234839;464;2021-01-14;50535
2021-01-13;"Trenčiansky kraj";222;3893;215;4108;NA;234839;437;2021-01-13;50071
2021-01-12;"Trenčiansky kraj";508;4604;261;4865;NA;234839;769;2021-01-12;49634
2021-01-11;"Trenčiansky kraj";142;4367;354;4721;NA;234839;496;2021-01-11;48865
2021-01-10;"Trenčiansky kraj";89;4969;77;5046;NA;234839;166;2021-01-10;48369
2021-01-09;"Trenčiansky kraj";276;8280;128;8408;NA;234839;404;2021-01-09;48203
2021-01-08;"Trenčiansky kraj";489;6435;484;6919;NA;234839;973;2021-01-08;47799
2021-01-07;"Trenčiansky kraj";420;6138;577;6715;NA;234839;997;2021-01-07;46826
2021-01-06;"Trenčiansky kraj";221;1021;64;1085;NA;234839;285;2021-01-06;45829
2021-01-05;"Trenčiansky kraj";669;5753;706;6459;NA;234839;1375;2021-01-05;45544
2021-01-04;"Trenčiansky kraj";337;5248;782;6030;NA;234839;1119;2021-01-04;44169
2021-01-03;"Trenčiansky kraj";38;114;15;129;NA;234839;53;2021-01-03;43050
2021-01-02;"Trenčiansky kraj";129;196;23;219;NA;234839;152;2021-01-02;42997
2021-01-01;"Trenčiansky kraj";329;347;23;370;NA;234839;352;2021-01-01;42845
2020-12-31;"Trenčiansky kraj";597;4943;557;5500;NA;234839;1154;2020-12-31;42493
2020-12-30;"Trenčiansky kraj";836;7012;762;7774;NA;234839;1598;2020-12-30;41339
2020-12-29;"Trenčiansky kraj";459;6121;1009;7130;NA;234839;1468;2020-12-29;39741
2020-12-28;"Trenčiansky kraj";258;4195;777;4972;NA;234839;1035;2020-12-28;38273
2020-12-27;"Trenčiansky kraj";5;208;36;244;NA;234839;41;2020-12-27;37238
2020-12-26;"Trenčiansky kraj";174;74;10;84;NA;234839;184;2020-12-26;37197
2020-12-25;"Trenčiansky kraj";251;325;47;372;NA;234839;298;2020-12-25;37013
2020-12-24;"Trenčiansky kraj";552;2194;256;2450;NA;234839;808;2020-12-24;36715
2020-12-23;"Trenčiansky kraj";421;6552;661;7213;NA;234839;1082;2020-12-23;35907
2020-12-22;"Trenčiansky kraj";673;5760;694;6454;NA;234839;1367;2020-12-22;34825
2020-12-21;"Trenčiansky kraj";248;13395;979;14374;NA;234839;1227;2020-12-21;33458
2020-12-20;"Trenčiansky kraj";238;12504;292;12796;NA;234839;530;2020-12-20;32231
2020-12-19;"Trenčiansky kraj";341;1611;150;1761;NA;234839;491;2020-12-19;31701
2020-12-18;"Trenčiansky kraj";521;5199;615;5814;NA;234839;1136;2020-12-18;31210
2020-12-17;"Trenčiansky kraj";670;3843;524;4367;NA;234839;1194;2020-12-17;30074
2020-12-16;"Trenčiansky kraj";461;4474;648;5122;NA;234839;1109;2020-12-16;28880
2020-12-15;"Trenčiansky kraj";595;3805;670;4475;NA;234839;1265;2020-12-15;27771
2020-12-14;"Trenčiansky kraj";318;2907;552;3459;NA;234839;870;2020-12-14;26506
2020-12-13;"Trenčiansky kraj";77;49;6;55;NA;234839;83;2020-12-13;25636
2020-12-12;"Trenčiansky kraj";314;1191;136;1327;NA;234839;450;2020-12-12;25553
2020-12-11;"Trenčiansky kraj";751;3773;453;4226;NA;234839;1204;2020-12-11;25103
2020-12-10;"Trenčiansky kraj";271;3354;473;3827;NA;234839;744;2020-12-10;23899
2020-12-09;"Trenčiansky kraj";508;3788;466;4254;NA;234839;974;2020-12-09;23155
2020-12-08;"Trenčiansky kraj";546;3440;522;3962;NA;234839;1068;2020-12-08;22181
2020-12-07;"Trenčiansky kraj";258;3832;468;4300;NA;234839;726;2020-12-07;21113
2020-12-06;"Trenčiansky kraj";114;179;10;189;NA;234839;124;2020-12-06;20387
2020-12-05;"Trenčiansky kraj";223;610;56;666;NA;234839;279;2020-12-05;20263
2020-12-04;"Trenčiansky kraj";253;2943;273;3216;NA;234839;526;2020-12-04;19984
2020-12-03;"Trenčiansky kraj";503;1714;178;1892;NA;234839;681;2020-12-03;19458
2020-12-02;"Trenčiansky kraj";418;1844;232;2076;NA;234839;650;2020-12-02;18777
2020-12-01;"Trenčiansky kraj";321;5642;351;5993;NA;234839;672;2020-12-01;18127
2020-11-30;"Trenčiansky kraj";167;11514;520;12034;NA;234839;687;2020-11-30;17455
2020-11-29;"Trenčiansky kraj";29;30;5;35;NA;234839;34;2020-11-29;16768
2020-11-28;"Trenčiansky kraj";202;1051;93;1144;NA;234839;295;2020-11-28;16734
2020-11-27;"Trenčiansky kraj";330;1888;186;2074;NA;234839;516;2020-11-27;16439
2020-11-26;"Trenčiansky kraj";395;1252;122;1374;NA;234839;517;2020-11-26;15923
2020-11-25;"Trenčiansky kraj";322;1444;160;1604;NA;234839;482;2020-11-25;15406
2020-11-24;"Trenčiansky kraj";348;2553;308;2861;NA;234839;656;2020-11-24;14924
2020-11-23;"Trenčiansky kraj";159;1186;122;1308;NA;234839;281;2020-11-23;14268
2020-11-22;"Trenčiansky kraj";26;30;7;37;NA;234839;33;2020-11-22;13987
2020-11-21;"Trenčiansky kraj";255;1376;69;1445;NA;234839;324;2020-11-21;13954
2020-11-20;"Trenčiansky kraj";316;861;93;954;NA;234839;409;2020-11-20;13630
2020-11-19;"Trenčiansky kraj";316;740;113;853;NA;234839;429;2020-11-19;13221
2020-11-18;"Trenčiansky kraj";233;379;66;445;NA;234839;299;2020-11-18;12792
2020-11-17;"Trenčiansky kraj";222;106;15;121;NA;234839;237;2020-11-17;12493
2020-11-16;"Trenčiansky kraj";245;236;45;281;NA;234839;290;2020-11-16;12256
2020-11-15;"Trenčiansky kraj";109;29;6;35;NA;234839;115;2020-11-15;11966
2020-11-14;"Trenčiansky kraj";190;74;11;85;NA;234839;201;2020-11-14;11851
2020-11-13;"Trenčiansky kraj";308;131;13;144;NA;234839;321;2020-11-13;11650
2020-11-12;"Trenčiansky kraj";324;124;5;129;NA;234839;329;2020-11-12;11329
2020-11-11;"Trenčiansky kraj";366;113;10;123;NA;234839;376;2020-11-11;11000
2020-11-10;"Trenčiansky kraj";277;106;6;112;NA;234839;283;2020-11-10;10624
2020-11-09;"Trenčiansky kraj";115;1407;48;1455;NA;234839;163;2020-11-09;10341
2020-11-08;"Trenčiansky kraj";81;1271;8;1279;NA;234839;89;2020-11-08;10178
2020-11-07;"Trenčiansky kraj";319;3662;59;3721;NA;234839;378;2020-11-07;10089
2020-11-06;"Trenčiansky kraj";383;6893;84;6977;NA;234839;467;2020-11-06;9711
2020-11-05;"Trenčiansky kraj";399;98;15;113;NA;234839;414;2020-11-05;9244
2020-11-04;"Trenčiansky kraj";370;91;9;100;NA;234839;379;2020-11-04;8830
2020-11-03;"Trenčiansky kraj";575;97;8;105;NA;234839;583;2020-11-03;8451
2020-11-02;"Trenčiansky kraj";197;1833;68;1901;NA;234839;265;2020-11-02;7868
2020-11-01;"Trenčiansky kraj";257;808;24;832;NA;234839;281;2020-11-01;7603
2020-10-31;"Trenčiansky kraj";332;4719;82;4801;NA;234839;414;2020-10-31;7322
2020-10-30;"Trenčiansky kraj";299;5283;102;5385;NA;234839;401;2020-10-30;6908
2020-10-29;"Trenčiansky kraj";496;764;68;832;NA;234839;564;2020-10-29;6507
2020-10-28;"Trenčiansky kraj";269;192;33;225;NA;234839;302;2020-10-28;5943
2020-10-27;"Trenčiansky kraj";473;127;27;154;NA;234839;500;2020-10-27;5641
2020-10-26;"Trenčiansky kraj";177;107;36;143;NA;234839;213;2020-10-26;5141
2020-10-25;"Trenčiansky kraj";138;9;5;14;NA;234839;143;2020-10-25;4928
2020-10-24;"Trenčiansky kraj";395;128;6;134;NA;234839;401;2020-10-24;4785
2020-10-23;"Trenčiansky kraj";301;154;8;162;NA;234839;309;2020-10-23;4384
2020-10-22;"Trenčiansky kraj";273;82;12;94;NA;234839;285;2020-10-22;4075
2020-10-21;"Trenčiansky kraj";183;53;9;62;NA;234839;192;2020-10-21;3790
2020-10-20;"Trenčiansky kraj";212;47;6;53;NA;234839;218;2020-10-20;3598
2020-10-19;"Trenčiansky kraj";41;83;25;108;NA;234839;66;2020-10-19;3380
2020-10-18;"Trenčiansky kraj";104;0;0;0;NA;234839;104;2020-10-18;3314
2020-10-17;"Trenčiansky kraj";157;0;0;0;NA;234839;157;2020-10-17;3210
2020-10-16;"Trenčiansky kraj";225;42;6;48;NA;234839;231;2020-10-16;3053
2020-10-15;"Trenčiansky kraj";255;39;4;43;NA;234839;259;2020-10-15;2822
2020-10-14;"Trenčiansky kraj";162;42;7;49;NA;234839;169;2020-10-14;2563
2020-10-13;"Trenčiansky kraj";124;105;12;117;NA;234839;136;2020-10-13;2394
2020-10-12;"Trenčiansky kraj";55;0;0;0;NA;234839;55;2020-10-12;2258
2020-10-11;"Trenčiansky kraj";73;0;0;0;NA;234839;73;2020-10-11;2203
2020-10-10;"Trenčiansky kraj";180;0;0;0;NA;234839;180;2020-10-10;2130
2020-10-09;"Trenčiansky kraj";198;0;0;0;NA;234839;198;2020-10-09;1950
2020-10-08;"Trenčiansky kraj";115;0;0;0;NA;234839;115;2020-10-08;1752
2020-10-07;"Trenčiansky kraj";75;0;0;0;NA;234839;75;2020-10-07;1637
2020-10-06;"Trenčiansky kraj";72;0;0;0;NA;234839;72;2020-10-06;1562
2020-10-05;"Trenčiansky kraj";32;0;0;0;NA;234839;32;2020-10-05;1490
2020-10-04;"Trenčiansky kraj";37;0;0;0;NA;234839;37;2020-10-04;1458
2020-10-03;"Trenčiansky kraj";79;0;0;0;NA;234839;79;2020-10-03;1421
2020-10-02;"Trenčiansky kraj";69;0;0;0;NA;234839;69;2020-10-02;1342
2020-10-01;"Trenčiansky kraj";58;0;0;0;NA;234839;58;2020-10-01;1273
2020-09-30;"Trenčiansky kraj";76;0;0;0;NA;234839;76;2020-09-30;1215
2020-09-29;"Trenčiansky kraj";43;0;0;0;NA;234839;43;2020-09-29;1139
2020-09-28;"Trenčiansky kraj";7;0;0;0;NA;234839;7;2020-09-28;1096
2020-09-27;"Trenčiansky kraj";12;0;0;0;NA;234839;12;2020-09-27;1089
2020-09-26;"Trenčiansky kraj";37;0;0;0;NA;234839;37;2020-09-26;1077
2020-09-25;"Trenčiansky kraj";72;0;0;0;NA;234839;72;2020-09-25;1040
2020-09-24;"Trenčiansky kraj";41;0;0;0;NA;234839;41;2020-09-24;968
2020-09-23;"Trenčiansky kraj";32;0;0;0;NA;234839;32;2020-09-23;927
2020-09-22;"Trenčiansky kraj";26;0;0;0;NA;234839;26;2020-09-22;895
2020-09-21;"Trenčiansky kraj";23;0;0;0;NA;234839;23;2020-09-21;869
2020-09-20;"Trenčiansky kraj";21;0;0;0;NA;234839;21;2020-09-20;846
2020-09-19;"Trenčiansky kraj";20;0;0;0;NA;234839;20;2020-09-19;825
2020-09-18;"Trenčiansky kraj";41;0;0;0;NA;234839;41;2020-09-18;805
2020-09-17;"Trenčiansky kraj";20;0;0;0;NA;234839;20;2020-09-17;764
2020-09-16;"Trenčiansky kraj";14;0;0;0;NA;234839;14;2020-09-16;744
2020-09-15;"Trenčiansky kraj";8;0;0;0;NA;234839;8;2020-09-15;730
2020-09-14;"Trenčiansky kraj";5;0;0;0;NA;234839;5;2020-09-14;722
2020-09-13;"Trenčiansky kraj";12;0;0;0;NA;234839;12;2020-09-13;717
2020-09-12;"Trenčiansky kraj";2;0;0;0;NA;234839;2;2020-09-12;705
2020-09-11;"Trenčiansky kraj";27;0;0;0;NA;234839;27;2020-09-11;703
2020-09-10;"Trenčiansky kraj";15;0;0;0;NA;234839;15;2020-09-10;676
2020-09-09;"Trenčiansky kraj";11;0;0;0;NA;234839;11;2020-09-09;661
2020-09-08;"Trenčiansky kraj";12;0;0;0;NA;234839;12;2020-09-08;650
2020-09-07;"Trenčiansky kraj";6;0;0;0;NA;234839;6;2020-09-07;638
2020-09-06;"Trenčiansky kraj";1;0;0;0;NA;234839;1;2020-09-06;632
2020-09-05;"Trenčiansky kraj";3;0;0;0;NA;234839;3;2020-09-05;631
2020-09-04;"Trenčiansky kraj";9;0;0;0;NA;234839;9;2020-09-04;628
2020-09-03;"Trenčiansky kraj";10;0;0;0;NA;234839;10;2020-09-03;619
2020-09-02;"Trenčiansky kraj";5;0;0;0;NA;234839;5;2020-09-02;609
2020-09-01;"Trenčiansky kraj";1;0;0;0;NA;234839;1;2020-09-01;604
2020-08-31;"Trenčiansky kraj";12;0;0;0;NA;234839;12;2020-08-31;603
2020-08-30;"Trenčiansky kraj";0;0;0;0;NA;234839;0;2020-08-30;591
2020-08-29;"Trenčiansky kraj";1;0;0;0;NA;234839;1;2020-08-29;591
2020-08-28;"Trenčiansky kraj";12;0;0;0;NA;234839;12;2020-08-28;590
2020-08-27;"Trenčiansky kraj";10;0;0;0;NA;234839;10;2020-08-27;578
2020-08-26;"Trenčiansky kraj";15;0;0;0;NA;234839;15;2020-08-26;568
2020-08-25;"Trenčiansky kraj";12;0;0;0;NA;234839;12;2020-08-25;553
2020-08-24;"Trenčiansky kraj";4;0;0;0;NA;234839;4;2020-08-24;541
2020-08-23;"Trenčiansky kraj";5;0;0;0;NA;234839;5;2020-08-23;537
2020-08-22;"Trenčiansky kraj";6;0;0;0;NA;234839;6;2020-08-22;532
2020-08-21;"Trenčiansky kraj";6;0;0;0;NA;234839;6;2020-08-21;526
2020-08-20;"Trenčiansky kraj";20;0;0;0;NA;234839;20;2020-08-20;520
2020-08-19;"Trenčiansky kraj";17;0;0;0;NA;234839;17;2020-08-19;500
2020-08-18;"Trenčiansky kraj";9;0;0;0;NA;234839;9;2020-08-18;483
2020-08-17;"Trenčiansky kraj";4;0;0;0;NA;234839;4;2020-08-17;474
2020-08-16;"Trenčiansky kraj";0;0;0;0;NA;234839;0;2020-08-16;470
2020-08-15;"Trenčiansky kraj";9;0;0;0;NA;234839;9;2020-08-15;470
2020-08-14;"Trenčiansky kraj";15;0;0;0;NA;234839;15;2020-08-14;461
2020-08-13;"Trenčiansky kraj";23;0;0;0;NA;234839;23;2020-08-13;446
2020-08-12;"Trenčiansky kraj";6;0;0;0;NA;234839;6;2020-08-12;423
2020-08-11;"Trenčiansky kraj";7;0;0;0;NA;234839;7;2020-08-11;417
2020-08-10;"Trenčiansky kraj";9;0;0;0;NA;234839;9;2020-08-10;410
2020-08-09;"Trenčiansky kraj";1;0;0;0;NA;234839;1;2020-08-09;401
2020-08-08;"Trenčiansky kraj";4;0;0;0;NA;234839;4;2020-08-08;400
2020-08-07;"Trenčiansky kraj";4;0;0;0;NA;234839;4;2020-08-07;396
2020-08-06;"Trenčiansky kraj";13;0;0;0;NA;234839;13;2020-08-06;392
2020-08-05;"Trenčiansky kraj";39;0;0;0;NA;234839;39;2020-08-05;379
2020-08-04;"Trenčiansky kraj";9;0;0;0;NA;234839;9;2020-08-04;340
2020-08-03;"Trenčiansky kraj";0;0;0;0;NA;234839;0;2020-08-03;331
2020-08-02;"Trenčiansky kraj";2;0;0;0;NA;234839;2;2020-08-02;331
2020-08-01;"Trenčiansky kraj";6;0;0;0;NA;234839;6;2020-08-01;329
2020-07-31;"Trenčiansky kraj";16;0;0;0;NA;234839;16;2020-07-31;323
2020-07-30;"Trenčiansky kraj";4;0;0;0;NA;234839;4;2020-07-30;307
2020-07-29;"Trenčiansky kraj";5;0;0;0;NA;234839;5;2020-07-29;303
2020-07-28;"Trenčiansky kraj";11;0;0;0;NA;234839;11;2020-07-28;298
2020-07-27;"Trenčiansky kraj";4;0;0;0;NA;234839;4;2020-07-27;287
2020-07-26;"Trenčiansky kraj";1;0;0;0;NA;234839;1;2020-07-26;283
2020-07-25;"Trenčiansky kraj";7;0;0;0;NA;234839;7;2020-07-25;282
2020-07-24;"Trenčiansky kraj";5;0;0;0;NA;234839;5;2020-07-24;275
2020-07-23;"Trenčiansky kraj";10;0;0;0;NA;234839;10;2020-07-23;270
2020-07-22;"Trenčiansky kraj";11;0;0;0;NA;234839;11;2020-07-22;260
2020-07-21;"Trenčiansky kraj";6;0;0;0;NA;234839;6;2020-07-21;249
2020-07-20;"Trenčiansky kraj";13;0;0;0;NA;234839;13;2020-07-20;243
2020-07-19;"Trenčiansky kraj";0;0;0;0;NA;234839;0;2020-07-19;230
2020-07-18;"Trenčiansky kraj";0;0;0;0;NA;234839;0;2020-07-18;230
2020-07-17;"Trenčiansky kraj";1;0;0;0;NA;234839;1;2020-07-17;230
2020-07-16;"Trenčiansky kraj";0;0;0;0;NA;234839;0;2020-07-16;229
2020-07-15;"Trenčiansky kraj";2;0;0;0;NA;234839;2;2020-07-15;229
2020-07-14;"Trenčiansky kraj";8;0;0;0;NA;234839;8;2020-07-14;227
2020-07-13;"Trenčiansky kraj";1;0;0;0;NA;234839;1;2020-07-13;219
2020-07-12;"Trenčiansky kraj";0;0;0;0;NA;234839;0;2020-07-12;218
2020-07-11;"Trenčiansky kraj";0;0;0;0;NA;234839;0;2020-07-11;218
2020-07-10;"Trenčiansky kraj";3;0;0;0;NA;234839;3;2020-07-10;218
2020-07-09;"Trenčiansky kraj";2;0;0;0;NA;234839;2;2020-07-09;215
2020-07-08;"Trenčiansky kraj";1;0;0;0;NA;234839;1;2020-07-08;213
2020-07-07;"Trenčiansky kraj";9;0;0;0;NA;234839;9;2020-07-07;212
2020-07-06;"Trenčiansky kraj";1;0;0;0;NA;234839;1;2020-07-06;203
2020-07-05;"Trenčiansky kraj";1;0;0;0;NA;234839;1;2020-07-05;202
2020-07-04;"Trenčiansky kraj";0;0;0;0;NA;234839;0;2020-07-04;201
2020-07-03;"Trenčiansky kraj";2;0;0;0;NA;234839;2;2020-07-03;201
2020-07-02;"Trenčiansky kraj";10;0;0;0;NA;234839;10;2020-07-02;199
2020-07-01;"Trenčiansky kraj";1;0;0;0;NA;234839;1;2020-07-01;189
2020-06-30;"Trenčiansky kraj";6;0;0;0;NA;234839;6;2020-06-30;188
2020-06-29;"Trenčiansky kraj";1;0;0;0;NA;234839;1;2020-06-29;182
2020-06-28;"Trenčiansky kraj";0;0;0;0;NA;234839;0;2020-06-28;181
2020-06-27;"Trenčiansky kraj";0;0;0;0;NA;234839;0;2020-06-27;181
2020-06-26;"Trenčiansky kraj";0;0;0;0;NA;234839;0;2020-06-26;181
2020-06-25;"Trenčiansky kraj";2;0;0;0;NA;234839;2;2020-06-25;181
2020-06-24;"Trenčiansky kraj";1;0;0;0;NA;234839;1;2020-06-24;179
2020-06-23;"Trenčiansky kraj";0;0;0;0;NA;234839;0;2020-06-23;178
2020-06-22;"Trenčiansky kraj";0;0;0;0;NA;234839;0;2020-06-22;178
2020-06-21;"Trenčiansky kraj";0;0;0;0;NA;234839;0;2020-06-21;178
2020-06-20;"Trenčiansky kraj";0;0;0;0;NA;234839;0;2020-06-20;178
2020-06-19;"Trenčiansky kraj";0;0;0;0;NA;234839;0;2020-06-19;178
2020-06-18;"Trenčiansky kraj";0;0;0;0;NA;234839;0;2020-06-18;178
2020-06-17;"Trenčiansky kraj";0;0;0;0;NA;234839;0;2020-06-17;178
2020-06-16;"Trenčiansky kraj";0;0;0;0;NA;234839;0;2020-06-16;178
2020-06-14;"Trenčiansky kraj";0;0;0;0;NA;234839;0;2020-06-14;178
2020-06-13;"Trenčiansky kraj";0;0;0;0;NA;234839;0;2020-06-13;178
2020-06-12;"Trenčiansky kraj";0;0;0;0;NA;234839;0;2020-06-12;178
2020-06-11;"Trenčiansky kraj";0;0;0;0;NA;234839;0;2020-06-11;178
2020-06-10;"Trenčiansky kraj";1;0;0;0;NA;234839;1;2020-06-10;178
2020-06-09;"Trenčiansky kraj";0;0;0;0;NA;234839;0;2020-06-09;177
2020-06-08;"Trenčiansky kraj";0;0;0;0;NA;234839;0;2020-06-08;177
2020-06-07;"Trenčiansky kraj";0;0;0;0;NA;234839;0;2020-06-07;177
2020-06-05;"Trenčiansky kraj";0;0;0;0;NA;234839;0;2020-06-05;177
2020-06-03;"Trenčiansky kraj";0;0;0;0;NA;234839;0;2020-06-03;177
2020-06-02;"Trenčiansky kraj";0;0;0;0;NA;234839;0;2020-06-02;177
2020-05-31;"Trenčiansky kraj";0;0;0;0;NA;234839;0;2020-05-31;177
2020-05-29;"Trenčiansky kraj";0;0;0;0;NA;234839;0;2020-05-29;177
2020-05-27;"Trenčiansky kraj";2;0;0;0;NA;234839;2;2020-05-27;177
2020-05-26;"Trenčiansky kraj";0;0;0;0;NA;234839;0;2020-05-26;175
2020-05-25;"Trenčiansky kraj";0;0;0;0;NA;234839;0;2020-05-25;175
2020-05-24;"Trenčiansky kraj";0;0;0;0;NA;234839;0;2020-05-24;175
2020-05-23;"Trenčiansky kraj";0;0;0;0;NA;234839;0;2020-05-23;175
2020-05-22;"Trenčiansky kraj";0;0;0;0;NA;234839;0;2020-05-22;175
2020-05-21;"Trenčiansky kraj";0;0;0;0;NA;234839;0;2020-05-21;175
2020-05-20;"Trenčiansky kraj";0;0;0;0;NA;234839;0;2020-05-20;175
2020-05-19;"Trenčiansky kraj";0;0;0;0;NA;234839;0;2020-05-19;175
2020-05-17;"Trenčiansky kraj";0;0;0;0;NA;234839;0;2020-05-17;175
2020-05-16;"Trenčiansky kraj";0;0;0;0;NA;234839;0;2020-05-16;175
2020-05-15;"Trenčiansky kraj";1;0;0;0;NA;234839;1;2020-05-15;175
2020-05-14;"Trenčiansky kraj";2;0;0;0;NA;234839;2;2020-05-14;174
2020-05-13;"Trenčiansky kraj";1;0;0;0;NA;234839;1;2020-05-13;172
2020-05-12;"Trenčiansky kraj";1;0;0;0;NA;234839;1;2020-05-12;171
2020-05-11;"Trenčiansky kraj";3;0;0;0;NA;234839;3;2020-05-11;170
2020-05-09;"Trenčiansky kraj";2;0;0;0;NA;234839;2;2020-05-09;167
2020-05-07;"Trenčiansky kraj";6;0;0;0;NA;234839;6;2020-05-07;165
2020-05-06;"Trenčiansky kraj";0;0;0;0;NA;234839;0;2020-05-06;159
2020-05-05;"Trenčiansky kraj";2;0;0;0;NA;234839;2;2020-05-05;159
2020-05-04;"Trenčiansky kraj";0;0;0;0;NA;234839;0;2020-05-04;157
2020-05-03;"Trenčiansky kraj";0;0;0;0;NA;234839;0;2020-05-03;157
2020-05-02;"Trenčiansky kraj";0;0;0;0;NA;234839;0;2020-05-02;157
2020-05-01;"Trenčiansky kraj";0;0;0;0;NA;234839;0;2020-05-01;157
2020-04-30;"Trenčiansky kraj";0;0;0;0;NA;234839;0;2020-04-30;157
2020-04-29;"Trenčiansky kraj";2;0;0;0;NA;234839;2;2020-04-29;157
2020-04-28;"Trenčiansky kraj";1;0;0;0;NA;234839;1;2020-04-28;155
2020-04-27;"Trenčiansky kraj";0;0;0;0;NA;234839;0;2020-04-27;154
2020-04-26;"Trenčiansky kraj";1;0;0;0;NA;234839;1;2020-04-26;154
2020-04-25;"Trenčiansky kraj";0;0;0;0;NA;234839;0;2020-04-25;153
2020-04-24;"Trenčiansky kraj";0;0;0;0;NA;234839;0;2020-04-24;153
2020-04-23;"Trenčiansky kraj";11;0;0;0;NA;234839;11;2020-04-23;153
2020-04-22;"Trenčiansky kraj";1;0;0;0;NA;234839;1;2020-04-22;142
2020-04-21;"Trenčiansky kraj";11;0;0;0;NA;234839;11;2020-04-21;141
2020-04-20;"Trenčiansky kraj";15;0;0;0;NA;234839;15;2020-04-20;130
2020-04-19;"Trenčiansky kraj";2;0;0;0;NA;234839;2;2020-04-19;115
2020-04-18;"Trenčiansky kraj";3;0;0;0;NA;234839;3;2020-04-18;113
2020-04-17;"Trenčiansky kraj";4;0;0;0;NA;234839;4;2020-04-17;110
2020-04-16;"Trenčiansky kraj";10;0;0;0;NA;234839;10;2020-04-16;106
2020-04-15;"Trenčiansky kraj";4;0;0;0;NA;234839;4;2020-04-15;96
2020-04-14;"Trenčiansky kraj";0;0;0;0;NA;234839;0;2020-04-14;92
2020-04-13;"Trenčiansky kraj";1;0;0;0;NA;234839;1;2020-04-13;92
2020-04-12;"Trenčiansky kraj";2;0;0;0;NA;234839;2;2020-04-12;91
2020-04-11;"Trenčiansky kraj";3;0;0;0;NA;234839;3;2020-04-11;89
2020-04-10;"Trenčiansky kraj";0;0;0;0;NA;234839;0;2020-04-10;86
2020-04-09;"Trenčiansky kraj";0;0;0;0;NA;234839;0;2020-04-09;86
2020-04-08;"Trenčiansky kraj";2;0;0;0;NA;234839;2;2020-04-08;86
2020-04-07;"Trenčiansky kraj";18;0;0;0;NA;234839;18;2020-04-07;84
2020-04-06;"Trenčiansky kraj";0;0;0;0;NA;234839;0;2020-04-06;66
2020-04-05;"Trenčiansky kraj";3;0;0;0;NA;234839;3;2020-04-05;66
2020-04-04;"Trenčiansky kraj";5;0;0;0;NA;234839;5;2020-04-04;63
2020-04-03;"Trenčiansky kraj";4;0;0;0;NA;234839;4;2020-04-03;58
2020-04-02;"Trenčiansky kraj";1;0;0;0;NA;234839;1;2020-04-02;54
2020-04-01;"Trenčiansky kraj";3;0;0;0;NA;234839;3;2020-04-01;53
2020-03-31;"Trenčiansky kraj";1;0;0;0;NA;234839;1;2020-03-31;50
2020-03-30;"Trenčiansky kraj";3;0;0;0;NA;234839;3;2020-03-30;49
2020-03-29;"Trenčiansky kraj";6;0;0;0;NA;234839;6;2020-03-29;46
2020-03-28;"Trenčiansky kraj";9;0;0;0;NA;234839;9;2020-03-28;40
2020-03-27;"Trenčiansky kraj";2;0;0;0;NA;234839;2;2020-03-27;31
2020-03-26;"Trenčiansky kraj";6;0;0;0;NA;234839;6;2020-03-26;29
2020-03-25;"Trenčiansky kraj";3;0;0;0;NA;234839;3;2020-03-25;23
2020-03-24;"Trenčiansky kraj";1;0;0;0;NA;234839;1;2020-03-24;20
2020-03-23;"Trenčiansky kraj";0;0;0;0;NA;234839;0;2020-03-23;19
2020-03-22;"Trenčiansky kraj";0;0;0;0;NA;234839;0;2020-03-22;19
2020-03-21;"Trenčiansky kraj";2;0;0;0;NA;234839;2;2020-03-21;19
2020-03-20;"Trenčiansky kraj";2;0;0;0;NA;234839;2;2020-03-20;17
2020-03-19;"Trenčiansky kraj";8;0;0;0;NA;234839;8;2020-03-19;15
2020-03-18;"Trenčiansky kraj";0;0;0;0;NA;234839;0;2020-03-18;7
2020-03-17;"Trenčiansky kraj";0;0;0;0;NA;234839;0;2020-03-17;7
2020-03-16;"Trenčiansky kraj";1;0;0;0;NA;234839;1;2020-03-16;7
2020-03-15;"Trenčiansky kraj";5;0;0;0;NA;234839;5;2020-03-15;6
2020-03-14;"Trenčiansky kraj";0;0;0;0;NA;234839;0;2020-03-14;1
2020-03-13;"Trenčiansky kraj";0;0;0;0;NA;234839;0;2020-03-13;1
2020-03-12;"Trenčiansky kraj";1;0;0;0;NA;234839;1;2020-03-12;1
2020-03-11;"Trenčiansky kraj";0;0;0;0;NA;234839;0;2020-03-11;0
2020-03-09;"Trenčiansky kraj";0;0;0;0;NA;234839;0;2020-03-09;0
2020-03-08;"Trenčiansky kraj";0;0;0;0;NA;234839;0;2020-03-08;0
2020-03-07;"Trenčiansky kraj";0;0;0;0;NA;234839;0;2020-03-07;0
2020-03-06;"Trenčiansky kraj";0;0;0;0;NA;234839;0;2020-03-06;0
2022-02-15;"Trnavský kraj";2228;1995;287;2282;144933;206515;2515;2022-02-15;206515
2022-02-14;"Trnavský kraj";2216;3023;377;3400;NA;206515;2593;2022-02-14;204000
2022-02-13;"Trnavský kraj";805;779;177;956;NA;206515;982;2022-02-13;201407
2022-02-12;"Trnavský kraj";2081;812;115;927;NA;206515;2196;2022-02-12;200425
2022-02-11;"Trnavský kraj";1665;2112;260;2372;NA;206515;1925;2022-02-11;198229
2022-02-10;"Trnavský kraj";2491;1889;252;2141;NA;206515;2743;2022-02-10;196304
2022-02-09;"Trnavský kraj";2205;2414;355;2769;NA;206515;2560;2022-02-09;193561
2022-02-08;"Trnavský kraj";1758;2304;344;2648;NA;206515;2102;2022-02-08;191001
2022-02-07;"Trnavský kraj";2581;3279;453;3732;NA;206515;3034;2022-02-07;188899
2022-02-06;"Trnavský kraj";1194;1247;264;1511;NA;206515;1458;2022-02-06;185865
2022-02-05;"Trnavský kraj";2165;1071;183;1254;NA;206515;2348;2022-02-05;184407
2022-02-04;"Trnavský kraj";2191;2136;246;2382;NA;206515;2437;2022-02-04;182059
2022-02-03;"Trnavský kraj";2124;3229;341;3570;NA;206515;2465;2022-02-03;179622
2022-02-02;"Trnavský kraj";1812;2604;271;2875;NA;206515;2083;2022-02-02;177157
2022-02-01;"Trnavský kraj";2344;2602;312;2914;NA;206515;2656;2022-02-01;175074
2022-01-31;"Trnavský kraj";1931;4962;485;5447;NA;206515;2416;2022-01-31;172418
2022-01-30;"Trnavský kraj";709;1644;171;1815;NA;206515;880;2022-01-30;170002
2022-01-29;"Trnavský kraj";2136;1174;159;1333;NA;206515;2295;2022-01-29;169122
2022-01-28;"Trnavský kraj";1734;2314;212;2526;NA;206515;1946;2022-01-28;166827
2022-01-27;"Trnavský kraj";1989;2306;245;2551;NA;206515;2234;2022-01-27;164881
2022-01-26;"Trnavský kraj";1906;2702;213;2915;NA;206515;2119;2022-01-26;162647
2022-01-25;"Trnavský kraj";1631;2402;195;2597;NA;206515;1826;2022-01-25;160528
2022-01-24;"Trnavský kraj";999;4162;236;4398;NA;206515;1235;2022-01-24;158702
2022-01-23;"Trnavský kraj";299;1842;101;1943;NA;206515;400;2022-01-23;157467
2022-01-22;"Trnavský kraj";1169;1197;81;1278;NA;206515;1250;2022-01-22;157067
2022-01-21;"Trnavský kraj";830;2105;104;2209;NA;206515;934;2022-01-21;155817
2022-01-20;"Trnavský kraj";917;2499;100;2599;NA;206515;1017;2022-01-20;154883
2022-01-19;"Trnavský kraj";832;2113;84;2197;NA;206515;916;2022-01-19;153866
2022-01-18;"Trnavský kraj";704;2046;74;2120;NA;206515;778;2022-01-18;152950
2022-01-17;"Trnavský kraj";366;3880;86;3966;NA;206515;452;2022-01-17;152172
2022-01-16;"Trnavský kraj";84;1689;44;1733;NA;206515;128;2022-01-16;151720
2022-01-15;"Trnavský kraj";421;1015;33;1048;NA;206515;454;2022-01-15;151592
2022-01-14;"Trnavský kraj";349;2035;50;2085;NA;206515;399;2022-01-14;151138
2022-01-13;"Trnavský kraj";234;2056;52;2108;NA;206515;286;2022-01-13;150739
2022-01-12;"Trnavský kraj";400;1923;35;1958;NA;206515;435;2022-01-12;150453
2022-01-11;"Trnavský kraj";384;2259;33;2292;NA;206515;417;2022-01-11;150018
2022-01-10;"Trnavský kraj";258;4357;71;4428;NA;206515;329;2022-01-10;149601
2022-01-09;"Trnavský kraj";35;1921;22;1943;NA;206515;57;2022-01-09;149272
2022-01-08;"Trnavský kraj";364;1005;29;1034;NA;206515;393;2022-01-08;149215
2022-01-07;"Trnavský kraj";332;1984;47;2031;NA;206515;379;2022-01-07;148822
2022-01-06;"Trnavský kraj";234;830;20;850;NA;206515;254;2022-01-06;148443
2022-01-05;"Trnavský kraj";416;1925;37;1962;NA;206515;453;2022-01-05;148189
2022-01-04;"Trnavský kraj";538;2337;37;2374;NA;206515;575;2022-01-04;147736
2022-01-03;"Trnavský kraj";441;3897;65;3962;NA;206515;506;2022-01-03;147161
2022-01-02;"Trnavský kraj";79;1561;21;1582;NA;206515;100;2022-01-02;146655
2022-01-01;"Trnavský kraj";4;190;7;197;NA;206515;11;2022-01-01;146555
2021-12-31;"Trnavský kraj";485;1246;60;1306;NA;206515;545;2021-12-31;146544
2021-12-30;"Trnavský kraj";401;1927;58;1985;NA;206515;459;2021-12-30;145999
2021-12-29;"Trnavský kraj";401;1756;70;1826;NA;206515;471;2021-12-29;145540
2021-12-28;"Trnavský kraj";633;1742;73;1815;NA;206515;706;2021-12-28;145069
2021-12-27;"Trnavský kraj";463;2814;134;2948;NA;206515;597;2021-12-27;144363
2021-12-26;"Trnavský kraj";253;1019;30;1049;NA;206515;283;2021-12-26;143766
2021-12-25;"Trnavský kraj";104;341;41;382;NA;206515;145;2021-12-25;143483
2021-12-24;"Trnavský kraj";216;369;27;396;NA;206515;243;2021-12-24;143338
2021-12-23;"Trnavský kraj";570;1825;102;1927;NA;206515;672;2021-12-23;143095
2021-12-22;"Trnavský kraj";545;1732;81;1813;NA;206515;626;2021-12-22;142423
2021-12-21;"Trnavský kraj";699;2577;89;2666;NA;206515;788;2021-12-21;141797
2021-12-20;"Trnavský kraj";438;3941;103;4044;NA;206515;541;2021-12-20;141009
2021-12-19;"Trnavský kraj";155;1762;63;1825;NA;206515;218;2021-12-19;140468
2021-12-18;"Trnavský kraj";627;1302;77;1379;NA;206515;704;2021-12-18;140250
2021-12-17;"Trnavský kraj";576;2276;109;2385;NA;206515;685;2021-12-17;139546
2021-12-16;"Trnavský kraj";653;2530;123;2653;NA;206515;776;2021-12-16;138861
2021-12-15;"Trnavský kraj";746;2198;120;2318;NA;206515;866;2021-12-15;138085
2021-12-14;"Trnavský kraj";976;2718;134;2852;NA;206515;1110;2021-12-14;137219
2021-12-13;"Trnavský kraj";521;4857;175;5032;NA;206515;696;2021-12-13;136109
2021-12-12;"Trnavský kraj";337;2117;87;2204;NA;206515;424;2021-12-12;135413
2021-12-11;"Trnavský kraj";720;1324;83;1407;NA;206515;803;2021-12-11;134989
2021-12-10;"Trnavský kraj";702;2909;136;3045;NA;206515;838;2021-12-10;134186
2021-12-09;"Trnavský kraj";926;2313;96;2409;NA;206515;1022;2021-12-09;133348
2021-12-08;"Trnavský kraj";1233;2547;137;2684;NA;206515;1370;2021-12-08;132326
2021-12-07;"Trnavský kraj";1159;3637;174;3811;NA;206515;1333;2021-12-07;130956
2021-12-06;"Trnavský kraj";911;3649;208;3857;NA;206515;1119;2021-12-06;129623
2021-12-05;"Trnavský kraj";269;2302;106;2408;NA;206515;375;2021-12-05;128504
2021-12-04;"Trnavský kraj";1225;1623;115;1738;NA;206515;1340;2021-12-04;128129
2021-12-03;"Trnavský kraj";1246;2998;201;3199;NA;206515;1447;2021-12-03;126789
2021-12-02;"Trnavský kraj";1809;2379;188;2567;NA;206515;1997;2021-12-02;125342
2021-12-01;"Trnavský kraj";738;3011;179;3190;NA;206515;917;2021-12-01;123345
2021-11-30;"Trnavský kraj";1166;4217;202;4419;NA;206515;1368;2021-11-30;122428
2021-11-29;"Trnavský kraj";814;5360;299;5659;NA;206515;1113;2021-11-29;121060
2021-11-28;"Trnavský kraj";482;3086;146;3232;NA;206515;628;2021-11-28;119947
2021-11-27;"Trnavský kraj";1186;2240;206;2446;NA;206515;1392;2021-11-27;119319
2021-11-26;"Trnavský kraj";880;2895;202;3097;NA;206515;1082;2021-11-26;117927
2021-11-25;"Trnavský kraj";1002;2680;158;2838;NA;206515;1160;2021-11-25;116845
2021-11-24;"Trnavský kraj";1060;3442;250;3692;NA;206515;1310;2021-11-24;115685
2021-11-23;"Trnavský kraj";1078;3714;273;3987;NA;206515;1351;2021-11-23;114375
2021-11-22;"Trnavský kraj";696;4028;295;4323;NA;206515;991;2021-11-22;113024
2021-11-21;"Trnavský kraj";298;2270;212;2482;NA;206515;510;2021-11-21;112033
2021-11-20;"Trnavský kraj";826;1529;196;1725;NA;206515;1022;2021-11-20;111523
2021-11-19;"Trnavský kraj";901;3369;315;3684;NA;206515;1216;2021-11-19;110501
2021-11-18;"Trnavský kraj";796;2871;240;3111;NA;206515;1036;2021-11-18;109285
2021-11-17;"Trnavský kraj";769;1201;139;1340;NA;206515;908;2021-11-17;108249
2021-11-16;"Trnavský kraj";591;2754;206;2960;NA;206515;797;2021-11-16;107341
2021-11-15;"Trnavský kraj";606;3350;239;3589;NA;206515;845;2021-11-15;106544
2021-11-14;"Trnavský kraj";236;1578;141;1719;NA;206515;377;2021-11-14;105699
2021-11-13;"Trnavský kraj";815;1314;132;1446;NA;206515;947;2021-11-13;105322
2021-11-12;"Trnavský kraj";563;2584;157;2741;NA;206515;720;2021-11-12;104375
2021-11-11;"Trnavský kraj";512;2426;161;2587;NA;206515;673;2021-11-11;103655
2021-11-10;"Trnavský kraj";590;2315;173;2488;NA;206515;763;2021-11-10;102982
2021-11-09;"Trnavský kraj";585;2538;187;2725;NA;206515;772;2021-11-09;102219
2021-11-08;"Trnavský kraj";357;2715;163;2878;NA;206515;520;2021-11-08;101447
2021-11-07;"Trnavský kraj";162;1349;111;1460;NA;206515;273;2021-11-07;100927
2021-11-06;"Trnavský kraj";391;1287;82;1369;NA;206515;473;2021-11-06;100654
2021-11-05;"Trnavský kraj";447;2202;102;2304;NA;206515;549;2021-11-05;100181
2021-11-04;"Trnavský kraj";432;2289;112;2401;NA;206515;544;2021-11-04;99632
2021-11-03;"Trnavský kraj";420;2091;97;2188;NA;206515;517;2021-11-03;99088
2021-11-02;"Trnavský kraj";365;2777;124;2901;NA;206515;489;2021-11-02;98571
2021-11-01;"Trnavský kraj";220;583;27;610;NA;206515;247;2021-11-01;98082
2021-10-31;"Trnavský kraj";61;887;62;949;NA;206515;123;2021-10-31;97835
2021-10-30;"Trnavský kraj";251;1099;50;1149;NA;206515;301;2021-10-30;97712
2021-10-29;"Trnavský kraj";312;2123;53;2176;NA;206515;365;2021-10-29;97411
2021-10-28;"Trnavský kraj";339;2034;65;2099;NA;206515;404;2021-10-28;97046
2021-10-27;"Trnavský kraj";232;1884;58;1942;NA;206515;290;2021-10-27;96642
2021-10-26;"Trnavský kraj";366;1964;54;2018;NA;206515;420;2021-10-26;96352
2021-10-25;"Trnavský kraj";142;2786;72;2858;NA;206515;214;2021-10-25;95932
2021-10-24;"Trnavský kraj";11;990;30;1020;NA;206515;41;2021-10-24;95718
2021-10-23;"Trnavský kraj";228;1126;27;1153;NA;206515;255;2021-10-23;95677
2021-10-22;"Trnavský kraj";204;2269;51;2320;NA;206515;255;2021-10-22;95422
2021-10-21;"Trnavský kraj";188;1671;46;1717;NA;206515;234;2021-10-21;95167
2021-10-20;"Trnavský kraj";212;1634;47;1681;NA;206515;259;2021-10-20;94933
2021-10-19;"Trnavský kraj";240;1848;30;1878;NA;206515;270;2021-10-19;94674
2021-10-18;"Trnavský kraj";95;2316;72;2388;NA;206515;167;2021-10-18;94404
2021-10-17;"Trnavský kraj";5;1218;17;1235;NA;206515;22;2021-10-17;94237
2021-10-16;"Trnavský kraj";129;1233;17;1250;NA;206515;146;2021-10-16;94215
2021-10-15;"Trnavský kraj";122;2121;24;2145;NA;206515;146;2021-10-15;94069
2021-10-14;"Trnavský kraj";131;1663;24;1687;NA;206515;155;2021-10-14;93923
2021-10-13;"Trnavský kraj";128;2072;23;2095;NA;206515;151;2021-10-13;93768
2021-10-12;"Trnavský kraj";189;2788;38;2826;NA;206515;227;2021-10-12;93617
2021-10-11;"Trnavský kraj";115;2621;35;2656;NA;206515;150;2021-10-11;93390
2021-10-10;"Trnavský kraj";2;993;15;1008;NA;206515;17;2021-10-10;93240
2021-10-09;"Trnavský kraj";151;1099;10;1109;NA;206515;161;2021-10-09;93223
2021-10-08;"Trnavský kraj";106;2326;34;2360;NA;206515;140;2021-10-08;93062
2021-10-07;"Trnavský kraj";151;1744;25;1769;NA;206515;176;2021-10-07;92922
2021-10-06;"Trnavský kraj";122;1929;27;1956;NA;206515;149;2021-10-06;92746
2021-10-05;"Trnavský kraj";220;3726;34;3760;NA;206515;254;2021-10-05;92597
2021-10-04;"Trnavský kraj";54;1963;47;2010;NA;206515;101;2021-10-04;92343
2021-10-03;"Trnavský kraj";1;1106;17;1123;NA;206515;18;2021-10-03;92242
2021-10-02;"Trnavský kraj";52;1055;12;1067;NA;206515;64;2021-10-02;92224
2021-10-01;"Trnavský kraj";113;2243;17;2260;NA;206515;130;2021-10-01;92160
2021-09-30;"Trnavský kraj";109;1872;18;1890;NA;206515;127;2021-09-30;92030
2021-09-29;"Trnavský kraj";83;1331;11;1342;NA;206515;94;2021-09-29;91903
2021-09-28;"Trnavský kraj";135;1934;31;1965;NA;206515;166;2021-09-28;91809
2021-09-27;"Trnavský kraj";80;2084;25;2109;NA;206515;105;2021-09-27;91643
2021-09-26;"Trnavský kraj";2;1048;12;1060;NA;206515;14;2021-09-26;91538
2021-09-25;"Trnavský kraj";61;1105;9;1114;NA;206515;70;2021-09-25;91524
2021-09-24;"Trnavský kraj";41;2229;15;2244;NA;206515;56;2021-09-24;91454
2021-09-23;"Trnavský kraj";89;1691;16;1707;NA;206515;105;2021-09-23;91398
2021-09-22;"Trnavský kraj";119;1706;28;1734;NA;206515;147;2021-09-22;91293
2021-09-21;"Trnavský kraj";108;1505;17;1522;NA;206515;125;2021-09-21;91146
2021-09-20;"Trnavský kraj";50;1652;20;1672;NA;206515;70;2021-09-20;91021
2021-09-19;"Trnavský kraj";2;924;8;932;NA;206515;10;2021-09-19;90951
2021-09-18;"Trnavský kraj";100;982;6;988;NA;206515;106;2021-09-18;90941
2021-09-17;"Trnavský kraj";77;1709;20;1729;NA;206515;97;2021-09-17;90835
2021-09-16;"Trnavský kraj";105;1279;32;1311;NA;206515;137;2021-09-16;90738
2021-09-15;"Trnavský kraj";59;841;5;846;NA;206515;64;2021-09-15;90601
2021-09-14;"Trnavský kraj";38;1583;12;1595;NA;206515;50;2021-09-14;90537
2021-09-13;"Trnavský kraj";56;1410;16;1426;NA;206515;72;2021-09-13;90487
2021-09-12;"Trnavský kraj";0;653;1;654;NA;206515;1;2021-09-12;90415
2021-09-11;"Trnavský kraj";37;971;10;981;NA;206515;47;2021-09-11;90414
2021-09-10;"Trnavský kraj";43;1441;9;1450;NA;206515;52;2021-09-10;90367
2021-09-09;"Trnavský kraj";42;954;13;967;NA;206515;55;2021-09-09;90315
2021-09-08;"Trnavský kraj";65;802;15;817;NA;206515;80;2021-09-08;90260
2021-09-07;"Trnavský kraj";29;844;5;849;NA;206515;34;2021-09-07;90180
2021-09-06;"Trnavský kraj";18;1234;14;1248;NA;206515;32;2021-09-06;90146
2021-09-05;"Trnavský kraj";2;580;4;584;NA;206515;6;2021-09-05;90114
2021-09-04;"Trnavský kraj";17;868;6;874;NA;206515;23;2021-09-04;90108
2021-09-03;"Trnavský kraj";14;1060;5;1065;NA;206515;19;2021-09-03;90085
2021-09-02;"Trnavský kraj";30;830;10;840;NA;206515;40;2021-09-02;90066
2021-09-01;"Trnavský kraj";6;409;4;413;NA;206515;10;2021-09-01;90026
2021-08-31;"Trnavský kraj";13;884;3;887;NA;206515;16;2021-08-31;90016
2021-08-30;"Trnavský kraj";7;904;1;905;NA;206515;8;2021-08-30;90000
2021-08-29;"Trnavský kraj";8;427;1;428;NA;206515;9;2021-08-29;89992
2021-08-28;"Trnavský kraj";17;694;2;696;NA;206515;19;2021-08-28;89983
2021-08-27;"Trnavský kraj";1;1186;4;1190;NA;206515;5;2021-08-27;89964
2021-08-26;"Trnavský kraj";8;713;3;716;NA;206515;11;2021-08-26;89959
2021-08-25;"Trnavský kraj";11;683;6;689;NA;206515;17;2021-08-25;89948
2021-08-24;"Trnavský kraj";7;801;1;802;NA;206515;8;2021-08-24;89931
2021-08-23;"Trnavský kraj";4;844;1;845;NA;206515;5;2021-08-23;89923
2021-08-22;"Trnavský kraj";0;474;0;474;NA;206515;0;2021-08-22;89918
2021-08-21;"Trnavský kraj";8;703;0;703;NA;206515;8;2021-08-21;89918
2021-08-20;"Trnavský kraj";4;1095;4;1099;NA;206515;8;2021-08-20;89910
2021-08-19;"Trnavský kraj";10;881;3;884;NA;206515;13;2021-08-19;89902
2021-08-18;"Trnavský kraj";6;789;2;791;NA;206515;8;2021-08-18;89889
2021-08-17;"Trnavský kraj";7;524;4;528;NA;206515;11;2021-08-17;89881
2021-08-16;"Trnavský kraj";9;966;3;969;NA;206515;12;2021-08-16;89870
2021-08-15;"Trnavský kraj";0;556;1;557;NA;206515;1;2021-08-15;89858
2021-08-14;"Trnavský kraj";10;801;3;804;NA;206515;13;2021-08-14;89857
2021-08-13;"Trnavský kraj";5;1077;6;1083;NA;206515;11;2021-08-13;89844
2021-08-12;"Trnavský kraj";3;666;3;669;NA;206515;6;2021-08-12;89833
2021-08-11;"Trnavský kraj";7;576;2;578;NA;206515;9;2021-08-11;89827
2021-08-10;"Trnavský kraj";3;757;3;760;NA;206515;6;2021-08-10;89818
2021-08-09;"Trnavský kraj";12;808;0;808;NA;206515;12;2021-08-09;89812
2021-08-08;"Trnavský kraj";1;545;0;545;NA;206515;1;2021-08-08;89800
2021-08-07;"Trnavský kraj";9;724;0;724;NA;206515;9;2021-08-07;89799
2021-08-06;"Trnavský kraj";3;988;0;988;NA;206515;3;2021-08-06;89790
2021-08-05;"Trnavský kraj";2;662;1;663;NA;206515;3;2021-08-05;89787
2021-08-04;"Trnavský kraj";1;891;1;892;NA;206515;2;2021-08-04;89784
2021-08-03;"Trnavský kraj";13;645;0;645;NA;206515;13;2021-08-03;89782
2021-08-02;"Trnavský kraj";2;725;1;726;NA;206515;3;2021-08-02;89769
2021-08-01;"Trnavský kraj";0;565;2;567;NA;206515;2;2021-08-01;89766
2021-07-31;"Trnavský kraj";3;886;0;886;NA;206515;3;2021-07-31;89764
2021-07-30;"Trnavský kraj";3;1084;3;1087;NA;206515;6;2021-07-30;89761
2021-07-29;"Trnavský kraj";1;775;0;775;NA;206515;1;2021-07-29;89755
2021-07-28;"Trnavský kraj";5;794;1;795;NA;206515;6;2021-07-28;89754
2021-07-27;"Trnavský kraj";7;623;2;625;NA;206515;9;2021-07-27;89748
2021-07-26;"Trnavský kraj";2;857;2;859;NA;206515;4;2021-07-26;89739
2021-07-25;"Trnavský kraj";0;707;0;707;NA;206515;0;2021-07-25;89735
2021-07-24;"Trnavský kraj";4;828;2;830;NA;206515;6;2021-07-24;89735
2021-07-23;"Trnavský kraj";3;1057;0;1057;NA;206515;3;2021-07-23;89729
2021-07-22;"Trnavský kraj";0;671;2;673;NA;206515;2;2021-07-22;89726
2021-07-21;"Trnavský kraj";2;660;2;662;NA;206515;4;2021-07-21;89724
2021-07-20;"Trnavský kraj";2;593;0;593;NA;206515;2;2021-07-20;89720
2021-07-19;"Trnavský kraj";9;886;0;886;NA;206515;9;2021-07-19;89718
2021-07-18;"Trnavský kraj";0;600;2;602;NA;206515;2;2021-07-18;89709
2021-07-17;"Trnavský kraj";8;796;0;796;NA;206515;8;2021-07-17;89707
2021-07-16;"Trnavský kraj";11;963;0;963;NA;206515;11;2021-07-16;89699
2021-07-15;"Trnavský kraj";4;832;1;833;NA;206515;5;2021-07-15;89688
2021-07-14;"Trnavský kraj";1;699;1;700;NA;206515;2;2021-07-14;89683
2021-07-13;"Trnavský kraj";1;693;1;694;NA;206515;2;2021-07-13;89681
2021-07-12;"Trnavský kraj";4;959;0;959;NA;206515;4;2021-07-12;89679
2021-07-11;"Trnavský kraj";0;692;0;692;NA;206515;0;2021-07-11;89675
2021-07-10;"Trnavský kraj";1;803;0;803;NA;206515;1;2021-07-10;89675
2021-07-09;"Trnavský kraj";3;1262;3;1265;NA;206515;6;2021-07-09;89674
2021-07-08;"Trnavský kraj";4;755;0;755;NA;206515;4;2021-07-08;89668
2021-07-07;"Trnavský kraj";9;924;2;926;NA;206515;11;2021-07-07;89664
2021-07-06;"Trnavský kraj";2;1401;1;1402;NA;206515;3;2021-07-06;89653
2021-07-05;"Trnavský kraj";1;503;2;505;NA;206515;3;2021-07-05;89650
2021-07-04;"Trnavský kraj";0;1129;3;1132;NA;206515;3;2021-07-04;89647
2021-07-03;"Trnavský kraj";4;815;0;815;NA;206515;4;2021-07-03;89644
2021-07-02;"Trnavský kraj";2;1137;2;1139;NA;206515;4;2021-07-02;89640
2021-07-01;"Trnavský kraj";4;487;0;487;NA;206515;4;2021-07-01;89636
2021-06-30;"Trnavský kraj";0;5135;1;5136;NA;206515;1;2021-06-30;89632
2021-06-29;"Trnavský kraj";4;2563;1;2564;NA;206515;5;2021-06-29;89631
2021-06-28;"Trnavský kraj";2;2600;1;2601;NA;206515;3;2021-06-28;89626
2021-06-27;"Trnavský kraj";0;3213;0;3213;NA;206515;0;2021-06-27;89623
2021-06-26;"Trnavský kraj";3;3871;1;3872;NA;206515;4;2021-06-26;89623
2021-06-25;"Trnavský kraj";2;4374;3;4377;NA;206515;5;2021-06-25;89619
2021-06-24;"Trnavský kraj";4;2520;3;2523;NA;206515;7;2021-06-24;89614
2021-06-23;"Trnavský kraj";4;2842;2;2844;NA;206515;6;2021-06-23;89607
2021-06-22;"Trnavský kraj";2;2996;1;2997;NA;206515;3;2021-06-22;89601
2021-06-21;"Trnavský kraj";6;3114;5;3119;NA;206515;11;2021-06-21;89598
2021-06-20;"Trnavský kraj";0;3952;1;3953;NA;206515;1;2021-06-20;89587
2021-06-19;"Trnavský kraj";3;4735;2;4737;NA;206515;5;2021-06-19;89586
2021-06-18;"Trnavský kraj";5;6125;4;6129;NA;206515;9;2021-06-18;89581
2021-06-17;"Trnavský kraj";3;3340;0;3340;NA;206515;3;2021-06-17;89572
2021-06-16;"Trnavský kraj";6;2926;3;2929;NA;206515;9;2021-06-16;89569
2021-06-15;"Trnavský kraj";8;3234;3;3237;NA;206515;11;2021-06-15;89560
2021-06-14;"Trnavský kraj";2;3829;1;3830;NA;206515;3;2021-06-14;89549
2021-06-13;"Trnavský kraj";0;5001;8;5009;NA;206515;8;2021-06-13;89546
2021-06-12;"Trnavský kraj";11;5807;2;5809;NA;206515;13;2021-06-12;89538
2021-06-11;"Trnavský kraj";17;5850;4;5854;NA;206515;21;2021-06-11;89525
2021-06-10;"Trnavský kraj";14;3476;1;3477;NA;206515;15;2021-06-10;89504
2021-06-09;"Trnavský kraj";10;3681;1;3682;NA;206515;11;2021-06-09;89489
2021-06-08;"Trnavský kraj";8;3344;4;3348;NA;206515;12;2021-06-08;89478
2021-06-07;"Trnavský kraj";12;4498;8;4506;NA;206515;20;2021-06-07;89466
2021-06-06;"Trnavský kraj";0;5517;2;5519;NA;206515;2;2021-06-06;89446
2021-06-05;"Trnavský kraj";20;6905;8;6913;NA;206515;28;2021-06-05;89444
2021-06-04;"Trnavský kraj";9;6735;10;6745;NA;206515;19;2021-06-04;89416
2021-06-03;"Trnavský kraj";14;4361;11;4372;NA;206515;25;2021-06-03;89397
2021-06-02;"Trnavský kraj";4;4148;11;4159;NA;206515;15;2021-06-02;89372
2021-06-01;"Trnavský kraj";18;3662;5;3667;NA;206515;23;2021-06-01;89357
2021-05-31;"Trnavský kraj";14;5515;16;5531;NA;206515;30;2021-05-31;89334
2021-05-30;"Trnavský kraj";0;6473;7;6480;NA;206515;7;2021-05-30;89304
2021-05-29;"Trnavský kraj";11;8964;4;8968;NA;206515;15;2021-05-29;89297
2021-05-28;"Trnavský kraj";14;7160;11;7171;NA;206515;25;2021-05-28;89282
2021-05-27;"Trnavský kraj";22;4753;8;4761;NA;206515;30;2021-05-27;89257
2021-05-26;"Trnavský kraj";6;4870;8;4878;NA;206515;14;2021-05-26;89227
2021-05-25;"Trnavský kraj";19;5026;27;5053;NA;206515;46;2021-05-25;89213
2021-05-24;"Trnavský kraj";15;6520;22;6542;NA;206515;37;2021-05-24;89167
2021-05-23;"Trnavský kraj";0;7920;8;7928;NA;206515;8;2021-05-23;89130
2021-05-22;"Trnavský kraj";13;13381;21;13402;NA;206515;34;2021-05-22;89122
2021-05-21;"Trnavský kraj";16;8525;19;8544;NA;206515;35;2021-05-21;89088
2021-05-20;"Trnavský kraj";15;5511;11;5522;NA;206515;26;2021-05-20;89053
2021-05-19;"Trnavský kraj";18;5431;13;5444;NA;206515;31;2021-05-19;89027
2021-05-18;"Trnavský kraj";26;5768;15;5783;NA;206515;41;2021-05-18;88996
2021-05-17;"Trnavský kraj";17;6262;24;6286;NA;206515;41;2021-05-17;88955
2021-05-16;"Trnavský kraj";10;9984;8;9992;NA;206515;18;2021-05-16;88914
2021-05-15;"Trnavský kraj";11;18525;14;18539;NA;206515;25;2021-05-15;88896
2021-05-14;"Trnavský kraj";34;10279;21;10300;NA;206515;55;2021-05-14;88871
2021-05-13;"Trnavský kraj";26;6913;12;6925;NA;206515;38;2021-05-13;88816
2021-05-12;"Trnavský kraj";34;6621;26;6647;NA;206515;60;2021-05-12;88778
2021-05-11;"Trnavský kraj";32;6393;13;6406;NA;206515;45;2021-05-11;88718
2021-05-10;"Trnavský kraj";58;9139;24;9163;NA;206515;82;2021-05-10;88673
2021-05-09;"Trnavský kraj";21;12570;12;12582;NA;206515;33;2021-05-09;88591
2021-05-08;"Trnavský kraj";4;23028;22;23050;NA;206515;26;2021-05-08;88558
2021-05-07;"Trnavský kraj";26;15465;30;15495;NA;206515;56;2021-05-07;88532
2021-05-06;"Trnavský kraj";22;8407;22;8429;NA;206515;44;2021-05-06;88476
2021-05-05;"Trnavský kraj";34;6273;22;6295;NA;206515;56;2021-05-05;88432
2021-05-04;"Trnavský kraj";51;8538;17;8555;NA;206515;68;2021-05-04;88376
2021-05-03;"Trnavský kraj";20;8957;22;8979;NA;206515;42;2021-05-03;88308
2021-05-02;"Trnavský kraj";0;25657;29;25686;NA;206515;29;2021-05-02;88266
2021-05-01;"Trnavský kraj";30;81353;64;81417;NA;206515;94;2021-05-01;88237
2021-04-30;"Trnavský kraj";45;26846;35;26881;NA;206515;80;2021-04-30;88143
2021-04-29;"Trnavský kraj";25;20323;28;20351;NA;206515;53;2021-04-29;88063
2021-04-28;"Trnavský kraj";46;8896;28;8924;NA;206515;74;2021-04-28;88010
2021-04-27;"Trnavský kraj";54;8756;37;8793;NA;206515;91;2021-04-27;87936
2021-04-26;"Trnavský kraj";53;16116;42;16158;NA;206515;95;2021-04-26;87845
2021-04-25;"Trnavský kraj";0;30183;24;30207;NA;206515;24;2021-04-25;87750
2021-04-24;"Trnavský kraj";46;126077;84;126161;NA;206515;130;2021-04-24;87726
2021-04-23;"Trnavský kraj";71;25741;53;25794;NA;206515;124;2021-04-23;87596
2021-04-22;"Trnavský kraj";40;10904;25;10929;NA;206515;65;2021-04-22;87472
2021-04-21;"Trnavský kraj";60;10748;45;10793;NA;206515;105;2021-04-21;87407
2021-04-20;"Trnavský kraj";57;13504;28;13532;NA;206515;85;2021-04-20;87302
2021-04-19;"Trnavský kraj";46;14603;18;14621;NA;206515;64;2021-04-19;87217
2021-04-18;"Trnavský kraj";7;40843;43;40886;NA;206515;50;2021-04-18;87153
2021-04-17;"Trnavský kraj";58;118102;89;118191;NA;206515;147;2021-04-17;87103
2021-04-16;"Trnavský kraj";67;25962;48;26010;NA;206515;115;2021-04-16;86956
2021-04-15;"Trnavský kraj";65;11373;36;11409;NA;206515;101;2021-04-15;86841
2021-04-14;"Trnavský kraj";78;18442;53;18495;NA;206515;131;2021-04-14;86740
2021-04-13;"Trnavský kraj";126;9871;44;9915;NA;206515;170;2021-04-13;86609
2021-04-12;"Trnavský kraj";40;15577;40;15617;NA;206515;80;2021-04-12;86439
2021-04-11;"Trnavský kraj";3;44420;44;44464;NA;206515;47;2021-04-11;86359
2021-04-10;"Trnavský kraj";60;123822;107;123929;NA;206515;167;2021-04-10;86312
2021-04-09;"Trnavský kraj";95;26191;34;26225;NA;206515;129;2021-04-09;86145
2021-04-08;"Trnavský kraj";85;10913;54;10967;NA;206515;139;2021-04-08;86016
2021-04-07;"Trnavský kraj";131;15979;81;16060;NA;206515;212;2021-04-07;85877
2021-04-06;"Trnavský kraj";92;20586;90;20676;NA;206515;182;2021-04-06;85665
2021-04-05;"Trnavský kraj";91;7542;17;7559;NA;206515;108;2021-04-05;85483
2021-04-04;"Trnavský kraj";9;28831;49;28880;NA;206515;58;2021-04-04;85375
2021-04-03;"Trnavský kraj";29;144452;186;144638;NA;206515;215;2021-04-03;85317
2021-04-02;"Trnavský kraj";91;17538;33;17571;NA;206515;124;2021-04-02;85102
2021-04-01;"Trnavský kraj";118;22279;71;22350;NA;206515;189;2021-04-01;84978
2021-03-31;"Trnavský kraj";140;15828;82;15910;NA;206515;222;2021-03-31;84789
2021-03-30;"Trnavský kraj";182;10482;79;10561;NA;206515;261;2021-03-30;84567
2021-03-29;"Trnavský kraj";126;19255;122;19377;NA;206515;248;2021-03-29;84306
2021-03-28;"Trnavský kraj";26;50664;134;50798;NA;206515;160;2021-03-28;84058
2021-03-27;"Trnavský kraj";64;130217;246;130463;NA;206515;310;2021-03-27;83898
2021-03-26;"Trnavský kraj";139;30217;130;30347;NA;206515;269;2021-03-26;83588
2021-03-25;"Trnavský kraj";135;14212;80;14292;NA;206515;215;2021-03-25;83319
2021-03-24;"Trnavský kraj";159;10521;89;10610;NA;206515;248;2021-03-24;83104
2021-03-23;"Trnavský kraj";221;12735;104;12839;NA;206515;325;2021-03-23;82856
2021-03-22;"Trnavský kraj";103;17118;110;17228;NA;206515;213;2021-03-22;82531
2021-03-21;"Trnavský kraj";31;49119;150;49269;NA;206515;181;2021-03-21;82318
2021-03-20;"Trnavský kraj";112;136963;317;137280;NA;206515;429;2021-03-20;82137
2021-03-19;"Trnavský kraj";174;29071;137;29208;NA;206515;311;2021-03-19;81708
2021-03-18;"Trnavský kraj";158;12217;136;12353;NA;206515;294;2021-03-18;81397
2021-03-17;"Trnavský kraj";245;10434;103;10537;NA;206515;348;2021-03-17;81103
2021-03-16;"Trnavský kraj";311;12811;135;12946;NA;206515;446;2021-03-16;80755
2021-03-15;"Trnavský kraj";127;18271;146;18417;NA;206515;273;2021-03-15;80309
2021-03-14;"Trnavský kraj";14;47608;164;47772;NA;206515;178;2021-03-14;80036
2021-03-13;"Trnavský kraj";155;139224;409;139633;NA;206515;564;2021-03-13;79858
2021-03-12;"Trnavský kraj";201;28566;181;28747;NA;206515;382;2021-03-12;79294
2021-03-11;"Trnavský kraj";204;13301;140;13441;NA;206515;344;2021-03-11;78912
2021-03-10;"Trnavský kraj";242;10583;135;10718;NA;206515;377;2021-03-10;78568
2021-03-09;"Trnavský kraj";442;12824;155;12979;NA;206515;597;2021-03-09;78191
2021-03-08;"Trnavský kraj";182;21812;166;21978;NA;206515;348;2021-03-08;77594
2021-03-07;"Trnavský kraj";30;45463;227;45690;NA;206515;257;2021-03-07;77246
2021-03-06;"Trnavský kraj";154;135784;531;136315;NA;206515;685;2021-03-06;76989
2021-03-05;"Trnavský kraj";299;27959;239;28198;NA;206515;538;2021-03-05;76304
2021-03-04;"Trnavský kraj";238;14505;176;14681;NA;206515;414;2021-03-04;75766
2021-03-03;"Trnavský kraj";413;11583;246;11829;NA;206515;659;2021-03-03;75352
2021-03-02;"Trnavský kraj";477;12367;191;12558;NA;206515;668;2021-03-02;74693
2021-03-01;"Trnavský kraj";189;18586;234;18820;NA;206515;423;2021-03-01;74025
2021-02-28;"Trnavský kraj";87;47709;321;48030;NA;206515;408;2021-02-28;73602
2021-02-27;"Trnavský kraj";264;140224;800;141024;NA;206515;1064;2021-02-27;73194
2021-02-26;"Trnavský kraj";362;26637;284;26921;NA;206515;646;2021-02-26;72130
2021-02-25;"Trnavský kraj";433;10490;227;10717;NA;206515;660;2021-02-25;71484
2021-02-24;"Trnavský kraj";407;9113;290;9403;NA;206515;697;2021-02-24;70824
2021-02-23;"Trnavský kraj";469;11322;284;11606;NA;206515;753;2021-02-23;70127
2021-02-22;"Trnavský kraj";206;19901;330;20231;NA;206515;536;2021-02-22;69374
2021-02-21;"Trnavský kraj";38;48221;329;48550;NA;206515;367;2021-02-21;68838
2021-02-20;"Trnavský kraj";273;135835;859;136694;NA;206515;1132;2021-02-20;68471
2021-02-19;"Trnavský kraj";335;26382;366;26748;NA;206515;701;2021-02-19;67339
2021-02-18;"Trnavský kraj";344;11264;348;11612;NA;206515;692;2021-02-18;66638
2021-02-17;"Trnavský kraj";431;8783;416;9199;NA;206515;847;2021-02-17;65946
2021-02-16;"Trnavský kraj";426;11236;294;11530;NA;206515;720;2021-02-16;65099
2021-02-15;"Trnavský kraj";146;18276;326;18602;NA;206515;472;2021-02-15;64379
2021-02-14;"Trnavský kraj";51;57642;495;58137;NA;206515;546;2021-02-14;63907
2021-02-13;"Trnavský kraj";218;137051;994;138045;NA;206515;1212;2021-02-13;63361
2021-02-12;"Trnavský kraj";300;24090;352;24442;NA;206515;652;2021-02-12;62149
2021-02-11;"Trnavský kraj";422;9831;349;10180;NA;206515;771;2021-02-11;61497
2021-02-10;"Trnavský kraj";511;9194;342;9536;NA;206515;853;2021-02-10;60726
2021-02-09;"Trnavský kraj";544;12755;369;13124;NA;206515;913;2021-02-09;59873
2021-02-08;"Trnavský kraj";220;33414;497;33911;NA;206515;717;2021-02-08;58960
2021-02-07;"Trnavský kraj";140;69694;628;70322;NA;206515;768;2021-02-07;58243
2021-02-06;"Trnavský kraj";348;112687;1482;114169;NA;206515;1830;2021-02-06;57475
2021-02-05;"Trnavský kraj";377;16063;373;16436;NA;206515;750;2021-02-05;55645
2021-02-04;"Trnavský kraj";456;7317;456;7773;NA;206515;912;2021-02-04;54895
2021-02-03;"Trnavský kraj";472;6583;434;7017;NA;206515;906;2021-02-03;53983
2021-02-02;"Trnavský kraj";446;14243;424;14667;NA;206515;870;2021-02-02;53077
2021-02-01;"Trnavský kraj";198;38882;679;39561;NA;206515;877;2021-02-01;52207
2021-01-31;"Trnavský kraj";19;64707;822;65529;NA;206515;841;2021-01-31;51330
2021-01-30;"Trnavský kraj";323;111483;1288;112771;NA;206515;1611;2021-01-30;50489
2021-01-29;"Trnavský kraj";421;9689;290;9979;NA;206515;711;2021-01-29;48878
2021-01-28;"Trnavský kraj";389;5817;289;6106;NA;206515;678;2021-01-28;48167
2021-01-27;"Trnavský kraj";433;5554;225;5779;NA;206515;658;2021-01-27;47489
2021-01-26;"Trnavský kraj";565;25411;636;26047;NA;206515;1201;2021-01-26;46831
2021-01-25;"Trnavský kraj";210;41805;620;42425;NA;206515;830;2021-01-25;45630
2021-01-24;"Trnavský kraj";91;66399;779;67178;NA;206515;870;2021-01-24;44800
2021-01-23;"Trnavský kraj";372;113375;1319;114694;NA;206515;1691;2021-01-23;43930
2021-01-22;"Trnavský kraj";217;32755;505;33260;NA;206515;722;2021-01-22;42239
2021-01-21;"Trnavský kraj";311;13913;377;14290;NA;206515;688;2021-01-21;41517
2021-01-20;"Trnavský kraj";503;8685;283;8968;NA;206515;786;2021-01-20;40829
2021-01-19;"Trnavský kraj";415;7013;347;7360;NA;206515;762;2021-01-19;40043
2021-01-18;"Trnavský kraj";247;6690;513;7203;NA;206515;760;2021-01-18;39281
2021-01-17;"Trnavský kraj";128;854;215;1069;NA;206515;343;2021-01-17;38521
2021-01-16;"Trnavský kraj";103;898;24;922;NA;206515;127;2021-01-16;38178
2021-01-15;"Trnavský kraj";278;5467;336;5803;NA;206515;614;2021-01-15;38051
2021-01-14;"Trnavský kraj";452;4001;338;4339;NA;206515;790;2021-01-14;37437
2021-01-13;"Trnavský kraj";457;4751;378;5129;NA;206515;835;2021-01-13;36647
2021-01-12;"Trnavský kraj";469;6860;470;7330;NA;206515;939;2021-01-12;35812
2021-01-11;"Trnavský kraj";370;4587;360;4947;NA;206515;730;2021-01-11;34873
2021-01-10;"Trnavský kraj";71;13;0;13;NA;206515;71;2021-01-10;34143
2021-01-09;"Trnavský kraj";417;1775;100;1875;NA;206515;517;2021-01-09;34072
2021-01-08;"Trnavský kraj";381;6016;506;6522;NA;206515;887;2021-01-08;33555
2021-01-07;"Trnavský kraj";501;3545;329;3874;NA;206515;830;2021-01-07;32668
2021-01-06;"Trnavský kraj";179;758;132;890;NA;206515;311;2021-01-06;31838
2021-01-05;"Trnavský kraj";611;5165;561;5726;NA;206515;1172;2021-01-05;31527
2021-01-04;"Trnavský kraj";302;5556;709;6265;NA;206515;1011;2021-01-04;30355
2021-01-03;"Trnavský kraj";60;53;7;60;NA;206515;67;2021-01-03;29344
2021-01-02;"Trnavský kraj";282;417;32;449;NA;206515;314;2021-01-02;29277
2021-01-01;"Trnavský kraj";143;455;76;531;NA;206515;219;2021-01-01;28963
2020-12-31;"Trnavský kraj";498;8325;820;9145;NA;206515;1318;2020-12-31;28744
2020-12-30;"Trnavský kraj";785;5318;612;5930;NA;206515;1397;2020-12-30;27426
2020-12-29;"Trnavský kraj";322;4913;565;5478;NA;206515;887;2020-12-29;26029
2020-12-28;"Trnavský kraj";213;4900;552;5452;NA;206515;765;2020-12-28;25142
2020-12-27;"Trnavský kraj";27;20;4;24;NA;206515;31;2020-12-27;24377
2020-12-26;"Trnavský kraj";148;44;1;45;NA;206515;149;2020-12-26;24346
2020-12-25;"Trnavský kraj";65;49;5;54;NA;206515;70;2020-12-25;24197
2020-12-24;"Trnavský kraj";333;1359;117;1476;NA;206515;450;2020-12-24;24127
2020-12-23;"Trnavský kraj";210;6672;414;7086;NA;206515;624;2020-12-23;23677
2020-12-22;"Trnavský kraj";311;5427;455;5882;NA;206515;766;2020-12-22;23053
2020-12-21;"Trnavský kraj";328;4092;350;4442;NA;206515;678;2020-12-21;22287
2020-12-20;"Trnavský kraj";134;133;12;145;NA;206515;146;2020-12-20;21609
2020-12-19;"Trnavský kraj";201;1407;103;1510;NA;206515;304;2020-12-19;21463
2020-12-18;"Trnavský kraj";341;4432;334;4766;NA;206515;675;2020-12-18;21159
2020-12-17;"Trnavský kraj";375;4880;414;5294;NA;206515;789;2020-12-17;20484
2020-12-16;"Trnavský kraj";312;4945;383;5328;NA;206515;695;2020-12-16;19695
2020-12-15;"Trnavský kraj";492;6240;598;6838;NA;206515;1090;2020-12-15;19000
2020-12-14;"Trnavský kraj";161;3505;292;3797;NA;206515;453;2020-12-14;17910
2020-12-13;"Trnavský kraj";7;7;0;7;NA;206515;7;2020-12-13;17457
2020-12-12;"Trnavský kraj";254;1456;114;1570;NA;206515;368;2020-12-12;17450
2020-12-11;"Trnavský kraj";384;4289;241;4530;NA;206515;625;2020-12-11;17082
2020-12-10;"Trnavský kraj";183;5197;320;5517;NA;206515;503;2020-12-10;16457
2020-12-09;"Trnavský kraj";521;4199;317;4516;NA;206515;838;2020-12-09;15954
2020-12-08;"Trnavský kraj";281;4090;304;4394;NA;206515;585;2020-12-08;15116
2020-12-07;"Trnavský kraj";178;2895;199;3094;NA;206515;377;2020-12-07;14531
2020-12-06;"Trnavský kraj";46;0;0;0;NA;206515;46;2020-12-06;14154
2020-12-05;"Trnavský kraj";129;2218;41;2259;NA;206515;170;2020-12-05;14108
2020-12-04;"Trnavský kraj";242;3948;158;4106;NA;206515;400;2020-12-04;13938
2020-12-03;"Trnavský kraj";248;2770;190;2960;NA;206515;438;2020-12-03;13538
2020-12-02;"Trnavský kraj";284;4516;176;4692;NA;206515;460;2020-12-02;13100
2020-12-01;"Trnavský kraj";253;3190;205;3395;NA;206515;458;2020-12-01;12640
2020-11-30;"Trnavský kraj";200;7360;186;7546;NA;206515;386;2020-11-30;12182
2020-11-29;"Trnavský kraj";17;738;36;774;NA;206515;53;2020-11-29;11796
2020-11-28;"Trnavský kraj";83;1453;77;1530;NA;206515;160;2020-11-28;11743
2020-11-27;"Trnavský kraj";148;1779;85;1864;NA;206515;233;2020-11-27;11583
2020-11-26;"Trnavský kraj";234;1123;68;1191;NA;206515;302;2020-11-26;11350
2020-11-25;"Trnavský kraj";232;1168;74;1242;NA;206515;306;2020-11-25;11048
2020-11-24;"Trnavský kraj";295;1909;96;2005;NA;206515;391;2020-11-24;10742
2020-11-23;"Trnavský kraj";242;7393;129;7522;NA;206515;371;2020-11-23;10351
2020-11-22;"Trnavský kraj";10;82;9;91;NA;206515;19;2020-11-22;9980
2020-11-21;"Trnavský kraj";129;1354;36;1390;NA;206515;165;2020-11-21;9961
2020-11-20;"Trnavský kraj";246;1154;64;1218;NA;206515;310;2020-11-20;9796
2020-11-19;"Trnavský kraj";157;823;64;887;NA;206515;221;2020-11-19;9486
2020-11-18;"Trnavský kraj";235;822;82;904;NA;206515;317;2020-11-18;9265
2020-11-17;"Trnavský kraj";129;705;74;779;NA;206515;203;2020-11-17;8948
2020-11-16;"Trnavský kraj";187;732;32;764;NA;206515;219;2020-11-16;8745
2020-11-15;"Trnavský kraj";23;73;4;77;NA;206515;27;2020-11-15;8526
2020-11-14;"Trnavský kraj";86;397;12;409;NA;206515;98;2020-11-14;8499
2020-11-13;"Trnavský kraj";219;1312;21;1333;NA;206515;240;2020-11-13;8401
2020-11-12;"Trnavský kraj";162;420;18;438;NA;206515;180;2020-11-12;8161
2020-11-11;"Trnavský kraj";257;392;15;407;NA;206515;272;2020-11-11;7981
2020-11-10;"Trnavský kraj";189;889;30;919;NA;206515;219;2020-11-10;7709
2020-11-09;"Trnavský kraj";196;369;23;392;NA;206515;219;2020-11-09;7490
2020-11-08;"Trnavský kraj";55;400;4;404;NA;206515;59;2020-11-08;7271
2020-11-07;"Trnavský kraj";207;6070;74;6144;NA;206515;281;2020-11-07;7212
2020-11-06;"Trnavský kraj";260;1531;19;1550;NA;206515;279;2020-11-06;6931
2020-11-05;"Trnavský kraj";150;220;27;247;NA;206515;177;2020-11-05;6652
2020-11-04;"Trnavský kraj";188;212;10;222;NA;206515;198;2020-11-04;6475
2020-11-03;"Trnavský kraj";317;127;8;135;NA;206515;325;2020-11-03;6277
2020-11-02;"Trnavský kraj";281;1728;31;1759;NA;206515;312;2020-11-02;5952
2020-11-01;"Trnavský kraj";87;494;27;521;NA;206515;114;2020-11-01;5640
2020-10-31;"Trnavský kraj";259;5024;41;5065;NA;206515;300;2020-10-31;5526
2020-10-30;"Trnavský kraj";198;3784;27;3811;NA;206515;225;2020-10-30;5226
2020-10-29;"Trnavský kraj";273;1461;16;1477;NA;206515;289;2020-10-29;5001
2020-10-28;"Trnavský kraj";319;117;16;133;NA;206515;335;2020-10-28;4712
2020-10-27;"Trnavský kraj";199;461;36;497;NA;206515;235;2020-10-27;4377
2020-10-26;"Trnavský kraj";153;29;2;31;NA;206515;155;2020-10-26;4142
2020-10-25;"Trnavský kraj";95;19;1;20;NA;206515;96;2020-10-25;3987
2020-10-24;"Trnavský kraj";158;109;2;111;NA;206515;160;2020-10-24;3891
2020-10-23;"Trnavský kraj";201;89;4;93;NA;206515;205;2020-10-23;3731
2020-10-22;"Trnavský kraj";195;55;2;57;NA;206515;197;2020-10-22;3526
2020-10-21;"Trnavský kraj";134;73;3;76;NA;206515;137;2020-10-21;3329
2020-10-20;"Trnavský kraj";202;82;3;85;NA;206515;205;2020-10-20;3192
2020-10-19;"Trnavský kraj";67;55;0;55;NA;206515;67;2020-10-19;2987
2020-10-18;"Trnavský kraj";84;0;0;0;NA;206515;84;2020-10-18;2920
2020-10-17;"Trnavský kraj";123;0;0;0;NA;206515;123;2020-10-17;2836
2020-10-16;"Trnavský kraj";86;45;2;47;NA;206515;88;2020-10-16;2713
2020-10-15;"Trnavský kraj";155;66;2;68;NA;206515;157;2020-10-15;2625
2020-10-14;"Trnavský kraj";236;468;3;471;NA;206515;239;2020-10-14;2468
2020-10-13;"Trnavský kraj";138;16;2;18;NA;206515;140;2020-10-13;2229
2020-10-12;"Trnavský kraj";33;41;1;42;NA;206515;34;2020-10-12;2089
2020-10-11;"Trnavský kraj";31;0;0;0;NA;206515;31;2020-10-11;2055
2020-10-10;"Trnavský kraj";128;0;0;0;NA;206515;128;2020-10-10;2024
2020-10-09;"Trnavský kraj";156;0;0;0;NA;206515;156;2020-10-09;1896
2020-10-08;"Trnavský kraj";153;0;0;0;NA;206515;153;2020-10-08;1740
2020-10-07;"Trnavský kraj";80;0;0;0;NA;206515;80;2020-10-07;1587
2020-10-06;"Trnavský kraj";112;0;0;0;NA;206515;112;2020-10-06;1507
2020-10-05;"Trnavský kraj";33;0;0;0;NA;206515;33;2020-10-05;1395
2020-10-04;"Trnavský kraj";44;0;0;0;NA;206515;44;2020-10-04;1362
2020-10-03;"Trnavský kraj";60;0;0;0;NA;206515;60;2020-10-03;1318
2020-10-02;"Trnavský kraj";41;0;0;0;NA;206515;41;2020-10-02;1258
2020-10-01;"Trnavský kraj";53;0;0;0;NA;206515;53;2020-10-01;1217
2020-09-30;"Trnavský kraj";91;0;0;0;NA;206515;91;2020-09-30;1164
2020-09-29;"Trnavský kraj";40;0;0;0;NA;206515;40;2020-09-29;1073
2020-09-28;"Trnavský kraj";69;0;0;0;NA;206515;69;2020-09-28;1033
2020-09-27;"Trnavský kraj";30;0;0;0;NA;206515;30;2020-09-27;964
2020-09-26;"Trnavský kraj";46;0;0;0;NA;206515;46;2020-09-26;934
2020-09-25;"Trnavský kraj";32;0;0;0;NA;206515;32;2020-09-25;888
2020-09-24;"Trnavský kraj";42;0;0;0;NA;206515;42;2020-09-24;856
2020-09-23;"Trnavský kraj";43;0;0;0;NA;206515;43;2020-09-23;814
2020-09-22;"Trnavský kraj";55;0;0;0;NA;206515;55;2020-09-22;771
2020-09-21;"Trnavský kraj";41;0;0;0;NA;206515;41;2020-09-21;716
2020-09-20;"Trnavský kraj";17;0;0;0;NA;206515;17;2020-09-20;675
2020-09-19;"Trnavský kraj";4;0;0;0;NA;206515;4;2020-09-19;658
2020-09-18;"Trnavský kraj";33;0;0;0;NA;206515;33;2020-09-18;654
2020-09-17;"Trnavský kraj";42;0;0;0;NA;206515;42;2020-09-17;621
2020-09-16;"Trnavský kraj";49;0;0;0;NA;206515;49;2020-09-16;579
2020-09-15;"Trnavský kraj";5;0;0;0;NA;206515;5;2020-09-15;530
2020-09-14;"Trnavský kraj";26;0;0;0;NA;206515;26;2020-09-14;525
2020-09-13;"Trnavský kraj";9;0;0;0;NA;206515;9;2020-09-13;499
2020-09-12;"Trnavský kraj";12;0;0;0;NA;206515;12;2020-09-12;490
2020-09-11;"Trnavský kraj";16;0;0;0;NA;206515;16;2020-09-11;478
2020-09-10;"Trnavský kraj";32;0;0;0;NA;206515;32;2020-09-10;462
2020-09-09;"Trnavský kraj";14;0;0;0;NA;206515;14;2020-09-09;430
2020-09-08;"Trnavský kraj";11;0;0;0;NA;206515;11;2020-09-08;416
2020-09-07;"Trnavský kraj";7;0;0;0;NA;206515;7;2020-09-07;405
2020-09-06;"Trnavský kraj";5;0;0;0;NA;206515;5;2020-09-06;398
2020-09-05;"Trnavský kraj";7;0;0;0;NA;206515;7;2020-09-05;393
2020-09-04;"Trnavský kraj";16;0;0;0;NA;206515;16;2020-09-04;386
2020-09-03;"Trnavský kraj";8;0;0;0;NA;206515;8;2020-09-03;370
2020-09-02;"Trnavský kraj";7;0;0;0;NA;206515;7;2020-09-02;362
2020-09-01;"Trnavský kraj";1;0;0;0;NA;206515;1;2020-09-01;355
2020-08-31;"Trnavský kraj";6;0;0;0;NA;206515;6;2020-08-31;354
2020-08-30;"Trnavský kraj";1;0;0;0;NA;206515;1;2020-08-30;348
2020-08-29;"Trnavský kraj";3;0;0;0;NA;206515;3;2020-08-29;347
2020-08-28;"Trnavský kraj";14;0;0;0;NA;206515;14;2020-08-28;344
2020-08-27;"Trnavský kraj";6;0;0;0;NA;206515;6;2020-08-27;330
2020-08-26;"Trnavský kraj";4;0;0;0;NA;206515;4;2020-08-26;324
2020-08-25;"Trnavský kraj";7;0;0;0;NA;206515;7;2020-08-25;320
2020-08-24;"Trnavský kraj";1;0;0;0;NA;206515;1;2020-08-24;313
2020-08-23;"Trnavský kraj";6;0;0;0;NA;206515;6;2020-08-23;312
2020-08-22;"Trnavský kraj";3;0;0;0;NA;206515;3;2020-08-22;306
2020-08-21;"Trnavský kraj";4;0;0;0;NA;206515;4;2020-08-21;303
2020-08-20;"Trnavský kraj";23;0;0;0;NA;206515;23;2020-08-20;299
2020-08-19;"Trnavský kraj";13;0;0;0;NA;206515;13;2020-08-19;276
2020-08-18;"Trnavský kraj";20;0;0;0;NA;206515;20;2020-08-18;263
2020-08-17;"Trnavský kraj";3;0;0;0;NA;206515;3;2020-08-17;243
2020-08-16;"Trnavský kraj";0;0;0;0;NA;206515;0;2020-08-16;240
2020-08-15;"Trnavský kraj";7;0;0;0;NA;206515;7;2020-08-15;240
2020-08-14;"Trnavský kraj";6;0;0;0;NA;206515;6;2020-08-14;233
2020-08-13;"Trnavský kraj";10;0;0;0;NA;206515;10;2020-08-13;227
2020-08-12;"Trnavský kraj";2;0;0;0;NA;206515;2;2020-08-12;217
2020-08-11;"Trnavský kraj";30;0;0;0;NA;206515;30;2020-08-11;215
2020-08-10;"Trnavský kraj";0;0;0;0;NA;206515;0;2020-08-10;185
2020-08-09;"Trnavský kraj";0;0;0;0;NA;206515;0;2020-08-09;185
2020-08-08;"Trnavský kraj";13;0;0;0;NA;206515;13;2020-08-08;185
2020-08-07;"Trnavský kraj";4;0;0;0;NA;206515;4;2020-08-07;172
2020-08-06;"Trnavský kraj";4;0;0;0;NA;206515;4;2020-08-06;168
2020-08-05;"Trnavský kraj";0;0;0;0;NA;206515;0;2020-08-05;164
2020-08-04;"Trnavský kraj";1;0;0;0;NA;206515;1;2020-08-04;164
2020-08-03;"Trnavský kraj";2;0;0;0;NA;206515;2;2020-08-03;163
2020-08-02;"Trnavský kraj";1;0;0;0;NA;206515;1;2020-08-02;161
2020-08-01;"Trnavský kraj";0;0;0;0;NA;206515;0;2020-08-01;160
2020-07-31;"Trnavský kraj";7;0;0;0;NA;206515;7;2020-07-31;160
2020-07-30;"Trnavský kraj";6;0;0;0;NA;206515;6;2020-07-30;153
2020-07-29;"Trnavský kraj";0;0;0;0;NA;206515;0;2020-07-29;147
2020-07-28;"Trnavský kraj";1;0;0;0;NA;206515;1;2020-07-28;147
2020-07-27;"Trnavský kraj";2;0;0;0;NA;206515;2;2020-07-27;146
2020-07-26;"Trnavský kraj";0;0;0;0;NA;206515;0;2020-07-26;144
2020-07-25;"Trnavský kraj";0;0;0;0;NA;206515;0;2020-07-25;144
2020-07-24;"Trnavský kraj";1;0;0;0;NA;206515;1;2020-07-24;144
2020-07-23;"Trnavský kraj";2;0;0;0;NA;206515;2;2020-07-23;143
2020-07-22;"Trnavský kraj";1;0;0;0;NA;206515;1;2020-07-22;141
2020-07-21;"Trnavský kraj";2;0;0;0;NA;206515;2;2020-07-21;140
2020-07-20;"Trnavský kraj";0;0;0;0;NA;206515;0;2020-07-20;138
2020-07-19;"Trnavský kraj";0;0;0;0;NA;206515;0;2020-07-19;138
2020-07-18;"Trnavský kraj";0;0;0;0;NA;206515;0;2020-07-18;138
2020-07-17;"Trnavský kraj";0;0;0;0;NA;206515;0;2020-07-17;138
2020-07-16;"Trnavský kraj";0;0;0;0;NA;206515;0;2020-07-16;138
2020-07-15;"Trnavský kraj";1;0;0;0;NA;206515;1;2020-07-15;138
2020-07-14;"Trnavský kraj";0;0;0;0;NA;206515;0;2020-07-14;137
2020-07-13;"Trnavský kraj";0;0;0;0;NA;206515;0;2020-07-13;137
2020-07-12;"Trnavský kraj";0;0;0;0;NA;206515;0;2020-07-12;137
2020-07-11;"Trnavský kraj";0;0;0;0;NA;206515;0;2020-07-11;137
2020-07-10;"Trnavský kraj";0;0;0;0;NA;206515;0;2020-07-10;137
2020-07-09;"Trnavský kraj";0;0;0;0;NA;206515;0;2020-07-09;137
2020-07-08;"Trnavský kraj";3;0;0;0;NA;206515;3;2020-07-08;137
2020-07-07;"Trnavský kraj";4;0;0;0;NA;206515;4;2020-07-07;134
2020-07-06;"Trnavský kraj";0;0;0;0;NA;206515;0;2020-07-06;130
2020-07-05;"Trnavský kraj";0;0;0;0;NA;206515;0;2020-07-05;130
2020-07-04;"Trnavský kraj";0;0;0;0;NA;206515;0;2020-07-04;130
2020-07-03;"Trnavský kraj";0;0;0;0;NA;206515;0;2020-07-03;130
2020-07-02;"Trnavský kraj";3;0;0;0;NA;206515;3;2020-07-02;130
2020-07-01;"Trnavský kraj";0;0;0;0;NA;206515;0;2020-07-01;127
2020-06-30;"Trnavský kraj";0;0;0;0;NA;206515;0;2020-06-30;127
2020-06-29;"Trnavský kraj";0;0;0;0;NA;206515;0;2020-06-29;127
2020-06-28;"Trnavský kraj";0;0;0;0;NA;206515;0;2020-06-28;127
2020-06-27;"Trnavský kraj";0;0;0;0;NA;206515;0;2020-06-27;127
2020-06-26;"Trnavský kraj";0;0;0;0;NA;206515;0;2020-06-26;127
2020-06-25;"Trnavský kraj";0;0;0;0;NA;206515;0;2020-06-25;127
2020-06-24;"Trnavský kraj";0;0;0;0;NA;206515;0;2020-06-24;127
2020-06-23;"Trnavský kraj";0;0;0;0;NA;206515;0;2020-06-23;127
2020-06-22;"Trnavský kraj";0;0;0;0;NA;206515;0;2020-06-22;127
2020-06-21;"Trnavský kraj";0;0;0;0;NA;206515;0;2020-06-21;127
2020-06-20;"Trnavský kraj";0;0;0;0;NA;206515;0;2020-06-20;127
2020-06-19;"Trnavský kraj";0;0;0;0;NA;206515;0;2020-06-19;127
2020-06-18;"Trnavský kraj";2;0;0;0;NA;206515;2;2020-06-18;127
2020-06-17;"Trnavský kraj";0;0;0;0;NA;206515;0;2020-06-17;125
2020-06-16;"Trnavský kraj";0;0;0;0;NA;206515;0;2020-06-16;125
2020-06-14;"Trnavský kraj";0;0;0;0;NA;206515;0;2020-06-14;125
2020-06-13;"Trnavský kraj";0;0;0;0;NA;206515;0;2020-06-13;125
2020-06-12;"Trnavský kraj";0;0;0;0;NA;206515;0;2020-06-12;125
2020-06-11;"Trnavský kraj";0;0;0;0;NA;206515;0;2020-06-11;125
2020-06-10;"Trnavský kraj";0;0;0;0;NA;206515;0;2020-06-10;125
2020-06-09;"Trnavský kraj";0;0;0;0;NA;206515;0;2020-06-09;125
2020-06-08;"Trnavský kraj";0;0;0;0;NA;206515;0;2020-06-08;125
2020-06-07;"Trnavský kraj";0;0;0;0;NA;206515;0;2020-06-07;125
2020-06-05;"Trnavský kraj";0;0;0;0;NA;206515;0;2020-06-05;125
2020-06-03;"Trnavský kraj";0;0;0;0;NA;206515;0;2020-06-03;125
2020-06-02;"Trnavský kraj";0;0;0;0;NA;206515;0;2020-06-02;125
2020-05-31;"Trnavský kraj";0;0;0;0;NA;206515;0;2020-05-31;125
2020-05-29;"Trnavský kraj";0;0;0;0;NA;206515;0;2020-05-29;125
2020-05-27;"Trnavský kraj";0;0;0;0;NA;206515;0;2020-05-27;125
2020-05-26;"Trnavský kraj";0;0;0;0;NA;206515;0;2020-05-26;125
2020-05-25;"Trnavský kraj";1;0;0;0;NA;206515;1;2020-05-25;125
2020-05-24;"Trnavský kraj";0;0;0;0;NA;206515;0;2020-05-24;124
2020-05-23;"Trnavský kraj";2;0;0;0;NA;206515;2;2020-05-23;124
2020-05-22;"Trnavský kraj";0;0;0;0;NA;206515;0;2020-05-22;122
2020-05-21;"Trnavský kraj";0;0;0;0;NA;206515;0;2020-05-21;122
2020-05-20;"Trnavský kraj";2;0;0;0;NA;206515;2;2020-05-20;122
2020-05-19;"Trnavský kraj";0;0;0;0;NA;206515;0;2020-05-19;120
2020-05-17;"Trnavský kraj";0;0;0;0;NA;206515;0;2020-05-17;120
2020-05-16;"Trnavský kraj";0;0;0;0;NA;206515;0;2020-05-16;120
2020-05-15;"Trnavský kraj";1;0;0;0;NA;206515;1;2020-05-15;120
2020-05-14;"Trnavský kraj";0;0;0;0;NA;206515;0;2020-05-14;119
2020-05-13;"Trnavský kraj";0;0;0;0;NA;206515;0;2020-05-13;119
2020-05-12;"Trnavský kraj";0;0;0;0;NA;206515;0;2020-05-12;119
2020-05-11;"Trnavský kraj";2;0;0;0;NA;206515;2;2020-05-11;119
2020-05-09;"Trnavský kraj";0;0;0;0;NA;206515;0;2020-05-09;117
2020-05-07;"Trnavský kraj";0;0;0;0;NA;206515;0;2020-05-07;117
2020-05-06;"Trnavský kraj";0;0;0;0;NA;206515;0;2020-05-06;117
2020-05-05;"Trnavský kraj";0;0;0;0;NA;206515;0;2020-05-05;117
2020-05-04;"Trnavský kraj";0;0;0;0;NA;206515;0;2020-05-04;117
2020-05-03;"Trnavský kraj";0;0;0;0;NA;206515;0;2020-05-03;117
2020-05-02;"Trnavský kraj";0;0;0;0;NA;206515;0;2020-05-02;117
2020-05-01;"Trnavský kraj";0;0;0;0;NA;206515;0;2020-05-01;117
2020-04-30;"Trnavský kraj";0;0;0;0;NA;206515;0;2020-04-30;117
2020-04-29;"Trnavský kraj";0;0;0;0;NA;206515;0;2020-04-29;117
2020-04-28;"Trnavský kraj";1;0;0;0;NA;206515;1;2020-04-28;117
2020-04-27;"Trnavský kraj";0;0;0;0;NA;206515;0;2020-04-27;116
2020-04-26;"Trnavský kraj";0;0;0;0;NA;206515;0;2020-04-26;116
2020-04-25;"Trnavský kraj";2;0;0;0;NA;206515;2;2020-04-25;116
2020-04-24;"Trnavský kraj";4;0;0;0;NA;206515;4;2020-04-24;114
2020-04-23;"Trnavský kraj";5;0;0;0;NA;206515;5;2020-04-23;110
2020-04-22;"Trnavský kraj";10;0;0;0;NA;206515;10;2020-04-22;105
2020-04-21;"Trnavský kraj";5;0;0;0;NA;206515;5;2020-04-21;95
2020-04-20;"Trnavský kraj";0;0;0;0;NA;206515;0;2020-04-20;90
2020-04-19;"Trnavský kraj";1;0;0;0;NA;206515;1;2020-04-19;90
2020-04-18;"Trnavský kraj";4;0;0;0;NA;206515;4;2020-04-18;89
2020-04-17;"Trnavský kraj";7;0;0;0;NA;206515;7;2020-04-17;85
2020-04-16;"Trnavský kraj";5;0;0;0;NA;206515;5;2020-04-16;78
2020-04-15;"Trnavský kraj";5;0;0;0;NA;206515;5;2020-04-15;73
2020-04-14;"Trnavský kraj";1;0;0;0;NA;206515;1;2020-04-14;68
2020-04-13;"Trnavský kraj";0;0;0;0;NA;206515;0;2020-04-13;67
2020-04-12;"Trnavský kraj";0;0;0;0;NA;206515;0;2020-04-12;67
2020-04-11;"Trnavský kraj";0;0;0;0;NA;206515;0;2020-04-11;67
2020-04-10;"Trnavský kraj";2;0;0;0;NA;206515;2;2020-04-10;67
2020-04-09;"Trnavský kraj";3;0;0;0;NA;206515;3;2020-04-09;65
2020-04-08;"Trnavský kraj";4;0;0;0;NA;206515;4;2020-04-08;62
2020-04-07;"Trnavský kraj";6;0;0;0;NA;206515;6;2020-04-07;58
2020-04-06;"Trnavský kraj";6;0;0;0;NA;206515;6;2020-04-06;52
2020-04-05;"Trnavský kraj";1;0;0;0;NA;206515;1;2020-04-05;46
2020-04-04;"Trnavský kraj";1;0;0;0;NA;206515;1;2020-04-04;45
2020-04-03;"Trnavský kraj";3;0;0;0;NA;206515;3;2020-04-03;44
2020-04-02;"Trnavský kraj";4;0;0;0;NA;206515;4;2020-04-02;41
2020-04-01;"Trnavský kraj";0;0;0;0;NA;206515;0;2020-04-01;37
2020-03-31;"Trnavský kraj";3;0;0;0;NA;206515;3;2020-03-31;37
2020-03-30;"Trnavský kraj";4;0;0;0;NA;206515;4;2020-03-30;34
2020-03-29;"Trnavský kraj";1;0;0;0;NA;206515;1;2020-03-29;30
2020-03-28;"Trnavský kraj";3;0;0;0;NA;206515;3;2020-03-28;29
2020-03-27;"Trnavský kraj";5;0;0;0;NA;206515;5;2020-03-27;26
2020-03-26;"Trnavský kraj";5;0;0;0;NA;206515;5;2020-03-26;21
2020-03-25;"Trnavský kraj";1;0;0;0;NA;206515;1;2020-03-25;16
2020-03-24;"Trnavský kraj";0;0;0;0;NA;206515;0;2020-03-24;15
2020-03-23;"Trnavský kraj";2;0;0;0;NA;206515;2;2020-03-23;15
2020-03-22;"Trnavský kraj";1;0;0;0;NA;206515;1;2020-03-22;13
2020-03-21;"Trnavský kraj";5;0;0;0;NA;206515;5;2020-03-21;12
2020-03-20;"Trnavský kraj";0;0;0;0;NA;206515;0;2020-03-20;7
2020-03-19;"Trnavský kraj";0;0;0;0;NA;206515;0;2020-03-19;7
2020-03-18;"Trnavský kraj";0;0;0;0;NA;206515;0;2020-03-18;7
2020-03-17;"Trnavský kraj";3;0;0;0;NA;206515;3;2020-03-17;7
2020-03-16;"Trnavský kraj";1;0;0;0;NA;206515;1;2020-03-16;4
2020-03-15;"Trnavský kraj";0;0;0;0;NA;206515;0;2020-03-15;3
2020-03-14;"Trnavský kraj";0;0;0;0;NA;206515;0;2020-03-14;3
2020-03-13;"Trnavský kraj";1;0;0;0;NA;206515;1;2020-03-13;3
2020-03-12;"Trnavský kraj";1;0;0;0;NA;206515;1;2020-03-12;2
2020-03-11;"Trnavský kraj";0;0;0;0;NA;206515;0;2020-03-11;1
2020-03-09;"Trnavský kraj";0;0;0;0;NA;206515;0;2020-03-09;1
2020-03-08;"Trnavský kraj";0;0;0;0;NA;206515;0;2020-03-08;1
2020-03-07;"Trnavský kraj";0;0;0;0;NA;206515;0;2020-03-07;1
2020-03-06;"Trnavský kraj";0;0;0;0;NA;206515;0;2020-03-06;1
2022-02-15;"Žilinský kraj";2939;4043;559;4602;197388;281867;3498;2022-02-15;281867
2022-02-14;"Žilinský kraj";2955;3932;705;4637;NA;281867;3660;2022-02-14;278369
2022-02-13;"Žilinský kraj";751;1660;417;2077;NA;281867;1168;2022-02-13;274709
2022-02-12;"Žilinský kraj";1771;1303;291;1594;NA;281867;2062;2022-02-12;273541
2022-02-11;"Žilinský kraj";2856;3285;536;3821;NA;281867;3392;2022-02-11;271479
2022-02-10;"Žilinský kraj";2861;3434;563;3997;NA;281867;3424;2022-02-10;268087
2022-02-09;"Žilinský kraj";3365;3824;612;4436;NA;281867;3977;2022-02-09;264663
2022-02-08;"Žilinský kraj";3367;4772;764;5536;NA;281867;4131;2022-02-08;260686
2022-02-07;"Žilinský kraj";3242;5540;906;6446;NA;281867;4148;2022-02-07;256555
2022-02-06;"Žilinský kraj";1389;2570;523;3093;NA;281867;1912;2022-02-06;252407
2022-02-05;"Žilinský kraj";2107;1812;422;2234;NA;281867;2529;2022-02-05;250495
2022-02-04;"Žilinský kraj";3099;4358;630;4988;NA;281867;3729;2022-02-04;247966
2022-02-03;"Žilinský kraj";3201;4094;610;4704;NA;281867;3811;2022-02-03;244237
2022-02-02;"Žilinský kraj";3168;4596;663;5259;NA;281867;3831;2022-02-02;240426
2022-02-01;"Žilinský kraj";3593;5219;691;5910;NA;281867;4284;2022-02-01;236595
2022-01-31;"Žilinský kraj";2145;7490;931;8421;NA;281867;3076;2022-01-31;232311
2022-01-30;"Žilinský kraj";1487;2898;431;3329;NA;281867;1918;2022-01-30;229235
2022-01-29;"Žilinský kraj";2055;2033;365;2398;NA;281867;2420;2022-01-29;227317
2022-01-28;"Žilinský kraj";2572;4800;546;5346;NA;281867;3118;2022-01-28;224897
2022-01-27;"Žilinský kraj";2406;4036;537;4573;NA;281867;2943;2022-01-27;221779
2022-01-26;"Žilinský kraj";2693;5009;516;5525;NA;281867;3209;2022-01-26;218836
2022-01-25;"Žilinský kraj";2595;5626;416;6042;NA;281867;3011;2022-01-25;215627
2022-01-24;"Žilinský kraj";1401;7096;522;7618;NA;281867;1923;2022-01-24;212616
2022-01-23;"Žilinský kraj";654;2923;276;3199;NA;281867;930;2022-01-23;210693
2022-01-22;"Žilinský kraj";1256;1706;206;1912;NA;281867;1462;2022-01-22;209763
2022-01-21;"Žilinský kraj";1188;4187;265;4452;NA;281867;1453;2022-01-21;208301
2022-01-20;"Žilinský kraj";1288;3654;205;3859;NA;281867;1493;2022-01-20;206848
2022-01-19;"Žilinský kraj";1215;4086;206;4292;NA;281867;1421;2022-01-19;205355
2022-01-18;"Žilinský kraj";1191;4213;168;4381;NA;281867;1359;2022-01-18;203934
2022-01-17;"Žilinský kraj";675;6884;256;7140;NA;281867;931;2022-01-17;202575
2022-01-16;"Žilinský kraj";175;2418;106;2524;NA;281867;281;2022-01-16;201644
2022-01-15;"Žilinský kraj";398;1410;70;1480;NA;281867;468;2022-01-15;201363
2022-01-14;"Žilinský kraj";446;3716;106;3822;NA;281867;552;2022-01-14;200895
2022-01-13;"Žilinský kraj";295;2912;78;2990;NA;281867;373;2022-01-13;200343
2022-01-12;"Žilinský kraj";422;3168;72;3240;NA;281867;494;2022-01-12;199970
2022-01-11;"Žilinský kraj";622;4216;57;4273;NA;281867;679;2022-01-11;199476
2022-01-10;"Žilinský kraj";436;6342;102;6444;NA;281867;538;2022-01-10;198797
2022-01-09;"Žilinský kraj";95;2934;54;2988;NA;281867;149;2022-01-09;198259
2022-01-08;"Žilinský kraj";345;1650;45;1695;NA;281867;390;2022-01-08;198110
2022-01-07;"Žilinský kraj";525;4566;75;4641;NA;281867;600;2022-01-07;197720
2022-01-06;"Žilinský kraj";167;1214;40;1254;NA;281867;207;2022-01-06;197120
2022-01-05;"Žilinský kraj";471;3492;75;3567;NA;281867;546;2022-01-05;196913
2022-01-04;"Žilinský kraj";606;3762;87;3849;NA;281867;693;2022-01-04;196367
2022-01-03;"Žilinský kraj";601;6082;116;6198;NA;281867;717;2022-01-03;195674
2022-01-02;"Žilinský kraj";288;2596;85;2681;NA;281867;373;2022-01-02;194957
2022-01-01;"Žilinský kraj";14;439;15;454;NA;281867;29;2022-01-01;194584
2021-12-31;"Žilinský kraj";321;1608;70;1678;NA;281867;391;2021-12-31;194555
2021-12-30;"Žilinský kraj";492;2213;95;2308;NA;281867;587;2021-12-30;194164
2021-12-29;"Žilinský kraj";543;6864;83;6947;NA;281867;626;2021-12-29;193577
2021-12-28;"Žilinský kraj";641;3408;106;3514;NA;281867;747;2021-12-28;192951
2021-12-27;"Žilinský kraj";691;3960;145;4105;NA;281867;836;2021-12-27;192204
2021-12-26;"Žilinský kraj";242;1167;58;1225;NA;281867;300;2021-12-26;191368
2021-12-25;"Žilinský kraj";22;442;45;487;NA;281867;67;2021-12-25;191068
2021-12-24;"Žilinský kraj";98;518;21;539;NA;281867;119;2021-12-24;191001
2021-12-23;"Žilinský kraj";731;2678;105;2783;NA;281867;836;2021-12-23;190882
2021-12-22;"Žilinský kraj";510;2428;77;2505;NA;281867;587;2021-12-22;190046
2021-12-21;"Žilinský kraj";755;3641;102;3743;NA;281867;857;2021-12-21;189459
2021-12-20;"Žilinský kraj";563;4543;125;4668;NA;281867;688;2021-12-20;188602
2021-12-19;"Žilinský kraj";133;2215;90;2305;NA;281867;223;2021-12-19;187914
2021-12-18;"Žilinský kraj";417;1321;70;1391;NA;281867;487;2021-12-18;187691
2021-12-17;"Žilinský kraj";604;3895;127;4022;NA;281867;731;2021-12-17;187204
2021-12-16;"Žilinský kraj";660;3931;109;4040;NA;281867;769;2021-12-16;186473
2021-12-15;"Žilinský kraj";802;3489;122;3611;NA;281867;924;2021-12-15;185704
2021-12-14;"Žilinský kraj";798;4587;129;4716;NA;281867;927;2021-12-14;184780
2021-12-13;"Žilinský kraj";759;7755;212;7967;NA;281867;971;2021-12-13;183853
2021-12-12;"Žilinský kraj";340;2836;114;2950;NA;281867;454;2021-12-12;182882
2021-12-11;"Žilinský kraj";761;1849;112;1961;NA;281867;873;2021-12-11;182428
2021-12-10;"Žilinský kraj";638;4041;136;4177;NA;281867;774;2021-12-10;181555
2021-12-09;"Žilinský kraj";870;5842;161;6003;NA;281867;1031;2021-12-09;180781
2021-12-08;"Žilinský kraj";1018;3214;158;3372;NA;281867;1176;2021-12-08;179750
2021-12-07;"Žilinský kraj";1356;5147;160;5307;NA;281867;1516;2021-12-07;178574
2021-12-06;"Žilinský kraj";919;7441;226;7667;NA;281867;1145;2021-12-06;177058
2021-12-05;"Žilinský kraj";505;3306;134;3440;NA;281867;639;2021-12-05;175913
2021-12-04;"Žilinský kraj";704;1892;153;2045;NA;281867;857;2021-12-04;175274
2021-12-03;"Žilinský kraj";1204;4864;215;5079;NA;281867;1419;2021-12-03;174417
2021-12-02;"Žilinský kraj";1847;4131;199;4330;NA;281867;2046;2021-12-02;172998
2021-12-01;"Žilinský kraj";1183;4073;195;4268;NA;281867;1378;2021-12-01;170952
2021-11-30;"Žilinský kraj";1575;5467;252;5719;NA;281867;1827;2021-11-30;169574
2021-11-29;"Žilinský kraj";1395;9067;358;9425;NA;281867;1753;2021-11-29;167747
2021-11-28;"Žilinský kraj";625;4581;235;4816;NA;281867;860;2021-11-28;165994
2021-11-27;"Žilinský kraj";909;2557;192;2749;NA;281867;1101;2021-11-27;165134
2021-11-26;"Žilinský kraj";1195;6599;344;6943;NA;281867;1539;2021-11-26;164033
2021-11-25;"Žilinský kraj";1281;4701;331;5032;NA;281867;1612;2021-11-25;162494
2021-11-24;"Žilinský kraj";1792;4660;324;4984;NA;281867;2116;2021-11-24;160882
2021-11-23;"Žilinský kraj";1630;4654;353;5007;NA;281867;1983;2021-11-23;158766
2021-11-22;"Žilinský kraj";1126;6699;452;7151;NA;281867;1578;2021-11-22;156783
2021-11-21;"Žilinský kraj";443;2865;260;3125;NA;281867;703;2021-11-21;155205
2021-11-20;"Žilinský kraj";963;2104;241;2345;NA;281867;1204;2021-11-20;154502
2021-11-19;"Žilinský kraj";1281;4622;434;5056;NA;281867;1715;2021-11-19;153298
2021-11-18;"Žilinský kraj";1220;4432;376;4808;NA;281867;1596;2021-11-18;151583
2021-11-17;"Žilinský kraj";1001;1434;149;1583;NA;281867;1150;2021-11-17;149987
2021-11-16;"Žilinský kraj";1197;4058;323;4381;NA;281867;1520;2021-11-16;148837
2021-11-15;"Žilinský kraj";977;5050;476;5526;NA;281867;1453;2021-11-15;147317
2021-11-14;"Žilinský kraj";356;2287;262;2549;NA;281867;618;2021-11-14;145864
2021-11-13;"Žilinský kraj";652;1882;220;2102;NA;281867;872;2021-11-13;145246
2021-11-12;"Žilinský kraj";1027;4291;340;4631;NA;281867;1367;2021-11-12;144374
2021-11-11;"Žilinský kraj";924;4192;272;4464;NA;281867;1196;2021-11-11;143007
2021-11-10;"Žilinský kraj";897;4509;305;4814;NA;281867;1202;2021-11-10;141811
2021-11-09;"Žilinský kraj";1440;4619;256;4875;NA;281867;1696;2021-11-09;140609
2021-11-08;"Žilinský kraj";781;4438;425;4863;NA;281867;1206;2021-11-08;138913
2021-11-07;"Žilinský kraj";304;2130;231;2361;NA;281867;535;2021-11-07;137707
2021-11-06;"Žilinský kraj";741;2150;201;2351;NA;281867;942;2021-11-06;137172
2021-11-05;"Žilinský kraj";1064;4067;235;4302;NA;281867;1299;2021-11-05;136230
2021-11-04;"Žilinský kraj";776;3709;232;3941;NA;281867;1008;2021-11-04;134931
2021-11-03;"Žilinský kraj";1106;5550;338;5888;NA;281867;1444;2021-11-03;133923
2021-11-02;"Žilinský kraj";1136;4451;333;4784;NA;281867;1469;2021-11-02;132479
2021-11-01;"Žilinský kraj";399;1456;137;1593;NA;281867;536;2021-11-01;131010
2021-10-31;"Žilinský kraj";344;1387;145;1532;NA;281867;489;2021-10-31;130474
2021-10-30;"Žilinský kraj";571;1944;161;2105;NA;281867;732;2021-10-30;129985
2021-10-29;"Žilinský kraj";733;3339;194;3533;NA;281867;927;2021-10-29;129253
2021-10-28;"Žilinský kraj";639;4953;247;5200;NA;281867;886;2021-10-28;128326
2021-10-27;"Žilinský kraj";739;3446;173;3619;NA;281867;912;2021-10-27;127440
2021-10-26;"Žilinský kraj";945;4748;216;4964;NA;281867;1161;2021-10-26;126528
2021-10-25;"Žilinský kraj";649;5736;271;6007;NA;281867;920;2021-10-25;125367
2021-10-24;"Žilinský kraj";248;1679;107;1786;NA;281867;355;2021-10-24;124447
2021-10-23;"Žilinský kraj";399;2415;149;2564;NA;281867;548;2021-10-23;124092
2021-10-22;"Žilinský kraj";587;3898;151;4049;NA;281867;738;2021-10-22;123544
2021-10-21;"Žilinský kraj";591;3367;162;3529;NA;281867;753;2021-10-21;122806
2021-10-20;"Žilinský kraj";479;3864;154;4018;NA;281867;633;2021-10-20;122053
2021-10-19;"Žilinský kraj";675;3763;161;3924;NA;281867;836;2021-10-19;121420
2021-10-18;"Žilinský kraj";432;5160;271;5431;NA;281867;703;2021-10-18;120584
2021-10-17;"Žilinský kraj";135;1769;101;1870;NA;281867;236;2021-10-17;119881
2021-10-16;"Žilinský kraj";273;2341;100;2441;NA;281867;373;2021-10-16;119645
2021-10-15;"Žilinský kraj";347;3859;146;4005;NA;281867;493;2021-10-15;119272
2021-10-14;"Žilinský kraj";419;3035;110;3145;NA;281867;529;2021-10-14;118779
2021-10-13;"Žilinský kraj";404;3427;112;3539;NA;281867;516;2021-10-13;118250
2021-10-12;"Žilinský kraj";589;4000;141;4141;NA;281867;730;2021-10-12;117734
2021-10-11;"Žilinský kraj";323;4501;154;4655;NA;281867;477;2021-10-11;117004
2021-10-10;"Žilinský kraj";113;1577;77;1654;NA;281867;190;2021-10-10;116527
2021-10-09;"Žilinský kraj";201;1565;57;1622;NA;281867;258;2021-10-09;116337
2021-10-08;"Žilinský kraj";265;4227;99;4326;NA;281867;364;2021-10-08;116079
2021-10-07;"Žilinský kraj";338;3384;113;3497;NA;281867;451;2021-10-07;115715
2021-10-06;"Žilinský kraj";313;3901;89;3990;NA;281867;402;2021-10-06;115264
2021-10-05;"Žilinský kraj";387;4031;122;4153;NA;281867;509;2021-10-05;114862
2021-10-04;"Žilinský kraj";297;4449;121;4570;NA;281867;418;2021-10-04;114353
2021-10-03;"Žilinský kraj";22;1596;63;1659;NA;281867;85;2021-10-03;113935
2021-10-02;"Žilinský kraj";209;1990;45;2035;NA;281867;254;2021-10-02;113850
2021-10-01;"Žilinský kraj";263;4047;104;4151;NA;281867;367;2021-10-01;113596
2021-09-30;"Žilinský kraj";248;3531;71;3602;NA;281867;319;2021-09-30;113229
2021-09-29;"Žilinský kraj";285;3577;82;3659;NA;281867;367;2021-09-29;112910
2021-09-28;"Žilinský kraj";272;3656;73;3729;NA;281867;345;2021-09-28;112543
2021-09-27;"Žilinský kraj";239;4418;152;4570;NA;281867;391;2021-09-27;112198
2021-09-26;"Žilinský kraj";17;1665;42;1707;NA;281867;59;2021-09-26;111807
2021-09-25;"Žilinský kraj";111;1711;50;1761;NA;281867;161;2021-09-25;111748
2021-09-24;"Žilinský kraj";199;6127;98;6225;NA;281867;297;2021-09-24;111587
2021-09-23;"Žilinský kraj";176;2629;74;2703;NA;281867;250;2021-09-23;111290
2021-09-22;"Žilinský kraj";185;2728;77;2805;NA;281867;262;2021-09-22;111040
2021-09-21;"Žilinský kraj";250;3123;78;3201;NA;281867;328;2021-09-21;110778
2021-09-20;"Žilinský kraj";244;3231;95;3326;NA;281867;339;2021-09-20;110450
2021-09-19;"Žilinský kraj";26;1579;37;1616;NA;281867;63;2021-09-19;110111
2021-09-18;"Žilinský kraj";87;1441;45;1486;NA;281867;132;2021-09-18;110048
2021-09-17;"Žilinský kraj";192;3351;56;3407;NA;281867;248;2021-09-17;109916
2021-09-16;"Žilinský kraj";164;2744;87;2831;NA;281867;251;2021-09-16;109668
2021-09-15;"Žilinský kraj";31;555;11;566;NA;281867;42;2021-09-15;109417
2021-09-14;"Žilinský kraj";155;3268;61;3329;NA;281867;216;2021-09-14;109375
2021-09-13;"Žilinský kraj";81;3250;75;3325;NA;281867;156;2021-09-13;109159
2021-09-12;"Žilinský kraj";9;1138;24;1162;NA;281867;33;2021-09-12;109003
2021-09-11;"Žilinský kraj";47;1322;21;1343;NA;281867;68;2021-09-11;108970
2021-09-10;"Žilinský kraj";66;2439;34;2473;NA;281867;100;2021-09-10;108902
2021-09-09;"Žilinský kraj";56;2352;18;2370;NA;281867;74;2021-09-09;108802
2021-09-08;"Žilinský kraj";68;1560;24;1584;NA;281867;92;2021-09-08;108728
2021-09-07;"Žilinský kraj";72;1806;27;1833;NA;281867;99;2021-09-07;108636
2021-09-06;"Žilinský kraj";31;2381;45;2426;NA;281867;76;2021-09-06;108537
2021-09-05;"Žilinský kraj";11;785;8;793;NA;281867;19;2021-09-05;108461
2021-09-04;"Žilinský kraj";24;1080;5;1085;NA;281867;29;2021-09-04;108442
2021-09-03;"Žilinský kraj";52;2047;28;2075;NA;281867;80;2021-09-03;108413
2021-09-02;"Žilinský kraj";30;1432;22;1454;NA;281867;52;2021-09-02;108333
2021-09-01;"Žilinský kraj";5;461;6;467;NA;281867;11;2021-09-01;108281
2021-08-31;"Žilinský kraj";32;1710;15;1725;NA;281867;47;2021-08-31;108270
2021-08-30;"Žilinský kraj";7;1801;4;1805;NA;281867;11;2021-08-30;108223
2021-08-29;"Žilinský kraj";8;631;5;636;NA;281867;13;2021-08-29;108212
2021-08-28;"Žilinský kraj";2;1005;1;1006;NA;281867;3;2021-08-28;108199
2021-08-27;"Žilinský kraj";13;1765;12;1777;NA;281867;25;2021-08-27;108196
2021-08-26;"Žilinský kraj";17;1636;7;1643;NA;281867;24;2021-08-26;108171
2021-08-25;"Žilinský kraj";9;1203;11;1214;NA;281867;20;2021-08-25;108147
2021-08-24;"Žilinský kraj";6;1395;9;1404;NA;281867;15;2021-08-24;108127
2021-08-23;"Žilinský kraj";11;1877;7;1884;NA;281867;18;2021-08-23;108112
2021-08-22;"Žilinský kraj";2;733;3;736;NA;281867;5;2021-08-22;108094
2021-08-21;"Žilinský kraj";6;1183;2;1185;NA;281867;8;2021-08-21;108089
2021-08-20;"Žilinský kraj";7;2284;5;2289;NA;281867;12;2021-08-20;108081
2021-08-19;"Žilinský kraj";6;1281;3;1284;NA;281867;9;2021-08-19;108069
2021-08-18;"Žilinský kraj";4;1331;7;1338;NA;281867;11;2021-08-18;108060
2021-08-17;"Žilinský kraj";9;1219;3;1222;NA;281867;12;2021-08-17;108049
2021-08-16;"Žilinský kraj";14;1696;5;1701;NA;281867;19;2021-08-16;108037
2021-08-15;"Žilinský kraj";1;880;2;882;NA;281867;3;2021-08-15;108018
2021-08-14;"Žilinský kraj";5;1197;0;1197;NA;281867;5;2021-08-14;108015
2021-08-13;"Žilinský kraj";6;1685;0;1685;NA;281867;6;2021-08-13;108010
2021-08-12;"Žilinský kraj";4;1105;1;1106;NA;281867;5;2021-08-12;108004
2021-08-11;"Žilinský kraj";13;1250;3;1253;NA;281867;16;2021-08-11;107999
2021-08-10;"Žilinský kraj";12;1292;3;1295;NA;281867;15;2021-08-10;107983
2021-08-09;"Žilinský kraj";9;1142;1;1143;NA;281867;10;2021-08-09;107968
2021-08-08;"Žilinský kraj";1;748;5;753;NA;281867;6;2021-08-08;107958
2021-08-07;"Žilinský kraj";7;1192;1;1193;NA;281867;8;2021-08-07;107952
2021-08-06;"Žilinský kraj";1;1347;0;1347;NA;281867;1;2021-08-06;107944
2021-08-05;"Žilinský kraj";7;1148;3;1151;NA;281867;10;2021-08-05;107943
2021-08-04;"Žilinský kraj";12;895;0;895;NA;281867;12;2021-08-04;107933
2021-08-03;"Žilinský kraj";11;918;0;918;NA;281867;11;2021-08-03;107921
2021-08-02;"Žilinský kraj";5;1513;1;1514;NA;281867;6;2021-08-02;107910
2021-08-01;"Žilinský kraj";0;679;2;681;NA;281867;2;2021-08-01;107904
2021-07-31;"Žilinský kraj";4;1114;0;1114;NA;281867;4;2021-07-31;107902
2021-07-30;"Žilinský kraj";3;1671;0;1671;NA;281867;3;2021-07-30;107898
2021-07-29;"Žilinský kraj";1;1299;0;1299;NA;281867;1;2021-07-29;107895
2021-07-28;"Žilinský kraj";4;901;0;901;NA;281867;4;2021-07-28;107894
2021-07-27;"Žilinský kraj";11;1378;0;1378;NA;281867;11;2021-07-27;107890
2021-07-26;"Žilinský kraj";1;1301;1;1302;NA;281867;2;2021-07-26;107879
2021-07-25;"Žilinský kraj";2;828;2;830;NA;281867;4;2021-07-25;107877
2021-07-24;"Žilinský kraj";2;1338;2;1340;NA;281867;4;2021-07-24;107873
2021-07-23;"Žilinský kraj";4;1750;0;1750;NA;281867;4;2021-07-23;107869
2021-07-22;"Žilinský kraj";2;1207;0;1207;NA;281867;2;2021-07-22;107865
2021-07-21;"Žilinský kraj";2;1021;0;1021;NA;281867;2;2021-07-21;107863
2021-07-20;"Žilinský kraj";4;1439;0;1439;NA;281867;4;2021-07-20;107861
2021-07-19;"Žilinský kraj";4;1763;1;1764;NA;281867;5;2021-07-19;107857
2021-07-18;"Žilinský kraj";0;854;1;855;NA;281867;1;2021-07-18;107852
2021-07-17;"Žilinský kraj";0;1350;0;1350;NA;281867;0;2021-07-17;107851
2021-07-16;"Žilinský kraj";2;1767;0;1767;NA;281867;2;2021-07-16;107851
2021-07-15;"Žilinský kraj";2;1577;0;1577;NA;281867;2;2021-07-15;107849
2021-07-14;"Žilinský kraj";5;1042;1;1043;NA;281867;6;2021-07-14;107847
2021-07-13;"Žilinský kraj";3;1709;1;1710;NA;281867;4;2021-07-13;107841
2021-07-12;"Žilinský kraj";3;1325;1;1326;NA;281867;4;2021-07-12;107837
2021-07-11;"Žilinský kraj";2;989;0;989;NA;281867;2;2021-07-11;107833
2021-07-10;"Žilinský kraj";1;1511;4;1515;NA;281867;5;2021-07-10;107831
2021-07-09;"Žilinský kraj";1;2208;1;2209;NA;281867;2;2021-07-09;107826
2021-07-08;"Žilinský kraj";6;1776;3;1779;NA;281867;9;2021-07-08;107824
2021-07-07;"Žilinský kraj";1;1585;3;1588;NA;281867;4;2021-07-07;107815
2021-07-06;"Žilinský kraj";4;1956;0;1956;NA;281867;4;2021-07-06;107811
2021-07-05;"Žilinský kraj";2;1031;1;1032;NA;281867;3;2021-07-05;107807
2021-07-04;"Žilinský kraj";0;1003;0;1003;NA;281867;0;2021-07-04;107804
2021-07-03;"Žilinský kraj";1;1696;2;1698;NA;281867;3;2021-07-03;107804
2021-07-02;"Žilinský kraj";0;3356;2;3358;NA;281867;2;2021-07-02;107801
2021-07-01;"Žilinský kraj";1;1118;0;1118;NA;281867;1;2021-07-01;107799
2021-06-30;"Žilinský kraj";1;10464;6;10470;NA;281867;7;2021-06-30;107798
2021-06-29;"Žilinský kraj";10;5946;0;5946;NA;281867;10;2021-06-29;107791
2021-06-28;"Žilinský kraj";4;6245;2;6247;NA;281867;6;2021-06-28;107781
2021-06-27;"Žilinský kraj";3;4702;1;4703;NA;281867;4;2021-06-27;107775
2021-06-26;"Žilinský kraj";4;5919;0;5919;NA;281867;4;2021-06-26;107771
2021-06-25;"Žilinský kraj";8;9756;5;9761;NA;281867;13;2021-06-25;107767
2021-06-24;"Žilinský kraj";6;5657;3;5660;NA;281867;9;2021-06-24;107754
2021-06-23;"Žilinský kraj";7;5955;10;5965;NA;281867;17;2021-06-23;107745
2021-06-22;"Žilinský kraj";6;5214;8;5222;NA;281867;14;2021-06-22;107728
2021-06-21;"Žilinský kraj";6;6287;8;6295;NA;281867;14;2021-06-21;107714
2021-06-20;"Žilinský kraj";1;5531;8;5539;NA;281867;9;2021-06-20;107700
2021-06-19;"Žilinský kraj";9;8353;2;8355;NA;281867;11;2021-06-19;107691
2021-06-18;"Žilinský kraj";11;10624;12;10636;NA;281867;23;2021-06-18;107680
2021-06-17;"Žilinský kraj";10;6092;12;6104;NA;281867;22;2021-06-17;107657
2021-06-16;"Žilinský kraj";17;5786;11;5797;NA;281867;28;2021-06-16;107635
2021-06-15;"Žilinský kraj";13;5996;13;6009;NA;281867;26;2021-06-15;107607
2021-06-14;"Žilinský kraj";10;7596;21;7617;NA;281867;31;2021-06-14;107581
2021-06-13;"Žilinský kraj";2;6682;9;6691;NA;281867;11;2021-06-13;107550
2021-06-12;"Žilinský kraj";9;8634;11;8645;NA;281867;20;2021-06-12;107539
2021-06-11;"Žilinský kraj";11;11566;14;11580;NA;281867;25;2021-06-11;107519
2021-06-10;"Žilinský kraj";14;6788;14;6802;NA;281867;28;2021-06-10;107494
2021-06-09;"Žilinský kraj";23;5925;14;5939;NA;281867;37;2021-06-09;107466
2021-06-08;"Žilinský kraj";18;6615;16;6631;NA;281867;34;2021-06-08;107429
2021-06-07;"Žilinský kraj";25;8534;21;8555;NA;281867;46;2021-06-07;107395
2021-06-06;"Žilinský kraj";10;8056;27;8083;NA;281867;37;2021-06-06;107349
2021-06-05;"Žilinský kraj";8;9175;10;9185;NA;281867;18;2021-06-05;107312
2021-06-04;"Žilinský kraj";19;12260;34;12294;NA;281867;53;2021-06-04;107294
2021-06-03;"Žilinský kraj";12;7033;33;7066;NA;281867;45;2021-06-03;107241
2021-06-02;"Žilinský kraj";17;7090;28;7118;NA;281867;45;2021-06-02;107196
2021-06-01;"Žilinský kraj";38;8285;46;8331;NA;281867;84;2021-06-01;107151
2021-05-31;"Žilinský kraj";31;9616;59;9675;NA;281867;90;2021-05-31;107067
2021-05-30;"Žilinský kraj";21;9025;35;9060;NA;281867;56;2021-05-30;106977
2021-05-29;"Žilinský kraj";13;11195;23;11218;NA;281867;36;2021-05-29;106921
2021-05-28;"Žilinský kraj";28;13277;30;13307;NA;281867;58;2021-05-28;106885
2021-05-27;"Žilinský kraj";17;8267;39;8306;NA;281867;56;2021-05-27;106827
2021-05-26;"Žilinský kraj";20;8329;25;8354;NA;281867;45;2021-05-26;106771
2021-05-25;"Žilinský kraj";21;9624;38;9662;NA;281867;59;2021-05-25;106726
2021-05-24;"Žilinský kraj";36;11487;57;11544;NA;281867;93;2021-05-24;106667
2021-05-23;"Žilinský kraj";4;10923;56;10979;NA;281867;60;2021-05-23;106574
2021-05-22;"Žilinský kraj";21;11893;28;11921;NA;281867;49;2021-05-22;106514
2021-05-21;"Žilinský kraj";28;15654;50;15704;NA;281867;78;2021-05-21;106465
2021-05-20;"Žilinský kraj";30;9616;30;9646;NA;281867;60;2021-05-20;106387
2021-05-19;"Žilinský kraj";46;8693;41;8734;NA;281867;87;2021-05-19;106327
2021-05-18;"Žilinský kraj";52;10609;44;10653;NA;281867;96;2021-05-18;106240
2021-05-17;"Žilinský kraj";51;12676;84;12760;NA;281867;135;2021-05-17;106144
2021-05-16;"Žilinský kraj";13;14114;42;14156;NA;281867;55;2021-05-16;106009
2021-05-15;"Žilinský kraj";30;18404;35;18439;NA;281867;65;2021-05-15;105954
2021-05-14;"Žilinský kraj";34;21205;82;21287;NA;281867;116;2021-05-14;105889
2021-05-13;"Žilinský kraj";64;11865;51;11916;NA;281867;115;2021-05-13;105773
2021-05-12;"Žilinský kraj";57;10337;51;10388;NA;281867;108;2021-05-12;105658
2021-05-11;"Žilinský kraj";70;12174;51;12225;NA;281867;121;2021-05-11;105550
2021-05-10;"Žilinský kraj";69;16182;72;16254;NA;281867;141;2021-05-10;105429
2021-05-09;"Žilinský kraj";58;20385;77;20462;NA;281867;135;2021-05-09;105288
2021-05-08;"Žilinský kraj";0;24133;63;24196;NA;281867;63;2021-05-08;105153
2021-05-07;"Žilinský kraj";65;26522;87;26609;NA;281867;152;2021-05-07;105090
2021-05-06;"Žilinský kraj";67;16605;72;16677;NA;281867;139;2021-05-06;104938
2021-05-05;"Žilinský kraj";71;13096;73;13169;NA;281867;144;2021-05-05;104799
2021-05-04;"Žilinský kraj";81;16749;80;16829;NA;281867;161;2021-05-04;104655
2021-05-03;"Žilinský kraj";97;20391;111;20502;NA;281867;208;2021-05-03;104494
2021-05-02;"Žilinský kraj";8;28886;64;28950;NA;281867;72;2021-05-02;104286
2021-05-01;"Žilinský kraj";65;55053;105;55158;NA;281867;170;2021-05-01;104214
2021-04-30;"Žilinský kraj";84;44000;117;44117;NA;281867;201;2021-04-30;104044
2021-04-29;"Žilinský kraj";77;24566;101;24667;NA;281867;178;2021-04-29;103843
2021-04-28;"Žilinský kraj";76;19214;91;19305;NA;281867;167;2021-04-28;103665
2021-04-27;"Žilinský kraj";97;21805;110;21915;NA;281867;207;2021-04-27;103498
2021-04-26;"Žilinský kraj";114;27412;136;27548;NA;281867;250;2021-04-26;103291
2021-04-25;"Žilinský kraj";38;35750;82;35832;NA;281867;120;2021-04-25;103041
2021-04-24;"Žilinský kraj";93;78854;157;79011;NA;281867;250;2021-04-24;102921
2021-04-23;"Žilinský kraj";144;49440;153;49593;NA;281867;297;2021-04-23;102671
2021-04-22;"Žilinský kraj";110;25224;132;25356;NA;281867;242;2021-04-22;102374
2021-04-21;"Žilinský kraj";118;20616;145;20761;NA;281867;263;2021-04-21;102132
2021-04-20;"Žilinský kraj";128;23873;136;24009;NA;281867;264;2021-04-20;101869
2021-04-19;"Žilinský kraj";164;32773;210;32983;NA;281867;374;2021-04-19;101605
2021-04-18;"Žilinský kraj";18;36767;91;36858;NA;281867;109;2021-04-18;101231
2021-04-17;"Žilinský kraj";108;89377;156;89533;NA;281867;264;2021-04-17;101122
2021-04-16;"Žilinský kraj";185;47847;208;48055;NA;281867;393;2021-04-16;100858
2021-04-15;"Žilinský kraj";108;24830;130;24960;NA;281867;238;2021-04-15;100465
2021-04-14;"Žilinský kraj";135;23145;145;23290;NA;281867;280;2021-04-14;100227
2021-04-13;"Žilinský kraj";171;25050;135;25185;NA;281867;306;2021-04-13;99947
2021-04-12;"Žilinský kraj";266;30794;189;30983;NA;281867;455;2021-04-12;99641
2021-04-11;"Žilinský kraj";19;37126;107;37233;NA;281867;126;2021-04-11;99186
2021-04-10;"Žilinský kraj";111;86284;237;86521;NA;281867;348;2021-04-10;99060
2021-04-09;"Žilinský kraj";195;41973;206;42179;NA;281867;401;2021-04-09;98712
2021-04-08;"Žilinský kraj";179;24404;141;24545;NA;281867;320;2021-04-08;98311
2021-04-07;"Žilinský kraj";309;28651;174;28825;NA;281867;483;2021-04-07;97991
2021-04-06;"Žilinský kraj";308;40107;301;40408;NA;281867;609;2021-04-06;97508
2021-04-05;"Žilinský kraj";17;14747;140;14887;NA;281867;157;2021-04-05;96899
2021-04-04;"Žilinský kraj";17;16284;69;16353;NA;281867;86;2021-04-04;96742
2021-04-03;"Žilinský kraj";180;100699;403;101102;NA;281867;583;2021-04-03;96656
2021-04-02;"Žilinský kraj";73;22411;83;22494;NA;281867;156;2021-04-02;96073
2021-04-01;"Žilinský kraj";334;43264;240;43504;NA;281867;574;2021-04-01;95917
2021-03-31;"Žilinský kraj";170;31635;247;31882;NA;281867;417;2021-03-31;95343
2021-03-30;"Žilinský kraj";406;26323;243;26566;NA;281867;649;2021-03-30;94926
2021-03-29;"Žilinský kraj";297;28029;268;28297;NA;281867;565;2021-03-29;94277
2021-03-28;"Žilinský kraj";21;36206;239;36445;NA;281867;260;2021-03-28;93712
2021-03-27;"Žilinský kraj";151;89107;353;89460;NA;281867;504;2021-03-27;93452
2021-03-26;"Žilinský kraj";312;51757;330;52087;NA;281867;642;2021-03-26;92948
2021-03-25;"Žilinský kraj";281;27619;214;27833;NA;281867;495;2021-03-25;92306
2021-03-24;"Žilinský kraj";280;21268;260;21528;NA;281867;540;2021-03-24;91811
2021-03-23;"Žilinský kraj";418;23193;278;23471;NA;281867;696;2021-03-23;91271
2021-03-22;"Žilinský kraj";293;29289;314;29603;NA;281867;607;2021-03-22;90575
2021-03-21;"Žilinský kraj";32;33705;227;33932;NA;281867;259;2021-03-21;89968
2021-03-20;"Žilinský kraj";165;93015;497;93512;NA;281867;662;2021-03-20;89709
2021-03-19;"Žilinský kraj";357;51988;414;52402;NA;281867;771;2021-03-19;89047
2021-03-18;"Žilinský kraj";329;28459;294;28753;NA;281867;623;2021-03-18;88276
2021-03-17;"Žilinský kraj";395;21919;269;22188;NA;281867;664;2021-03-17;87653
2021-03-16;"Žilinský kraj";514;24341;317;24658;NA;281867;831;2021-03-16;86989
2021-03-15;"Žilinský kraj";341;29613;419;30032;NA;281867;760;2021-03-15;86158
2021-03-14;"Žilinský kraj";87;34121;267;34388;NA;281867;354;2021-03-14;85398
2021-03-13;"Žilinský kraj";113;93386;581;93967;NA;281867;694;2021-03-13;85044
2021-03-12;"Žilinský kraj";520;52329;411;52740;NA;281867;931;2021-03-12;84350
2021-03-11;"Žilinský kraj";399;28189;302;28491;NA;281867;701;2021-03-11;83419
2021-03-10;"Žilinský kraj";368;22414;378;22792;NA;281867;746;2021-03-10;82718
2021-03-09;"Žilinský kraj";537;24857;316;25173;NA;281867;853;2021-03-09;81972
2021-03-08;"Žilinský kraj";387;30873;458;31331;NA;281867;845;2021-03-08;81119
2021-03-07;"Žilinský kraj";48;33469;290;33759;NA;281867;338;2021-03-07;80274
2021-03-06;"Žilinský kraj";173;92410;589;92999;NA;281867;762;2021-03-06;79936
2021-03-05;"Žilinský kraj";369;51987;484;52471;NA;281867;853;2021-03-05;79174
2021-03-04;"Žilinský kraj";467;30037;377;30414;NA;281867;844;2021-03-04;78321
2021-03-03;"Žilinský kraj";448;26261;394;26655;NA;281867;842;2021-03-03;77477
2021-03-02;"Žilinský kraj";551;25913;378;26291;NA;281867;929;2021-03-02;76635
2021-03-01;"Žilinský kraj";375;30498;441;30939;NA;281867;816;2021-03-01;75706
2021-02-28;"Žilinský kraj";61;34802;327;35129;NA;281867;388;2021-02-28;74890
2021-02-27;"Žilinský kraj";159;83781;639;84420;NA;281867;798;2021-02-27;74502
2021-02-26;"Žilinský kraj";459;47500;508;48008;NA;281867;967;2021-02-26;73704
2021-02-25;"Žilinský kraj";347;30879;393;31272;NA;281867;740;2021-02-25;72737
2021-02-24;"Žilinský kraj";339;18760;395;19155;NA;281867;734;2021-02-24;71997
2021-02-23;"Žilinský kraj";437;22172;418;22590;NA;281867;855;2021-02-23;71263
2021-02-22;"Žilinský kraj";345;29270;438;29708;NA;281867;783;2021-02-22;70408
2021-02-21;"Žilinský kraj";36;28686;322;29008;NA;281867;358;2021-02-21;69625
2021-02-20;"Žilinský kraj";152;89944;671;90615;NA;281867;823;2021-02-20;69267
2021-02-19;"Žilinský kraj";337;45541;417;45958;NA;281867;754;2021-02-19;68444
2021-02-18;"Žilinský kraj";263;24662;337;24999;NA;281867;600;2021-02-18;67690
2021-02-17;"Žilinský kraj";269;17932;355;18287;NA;281867;624;2021-02-17;67090
2021-02-16;"Žilinský kraj";321;24298;325;24623;NA;281867;646;2021-02-16;66466
2021-02-15;"Žilinský kraj";230;30420;311;30731;NA;281867;541;2021-02-15;65820
2021-02-14;"Žilinský kraj";30;28574;231;28805;NA;281867;261;2021-02-14;65279
2021-02-13;"Žilinský kraj";91;69638;453;70091;NA;281867;544;2021-02-13;65018
2021-02-12;"Žilinský kraj";242;43338;336;43674;NA;281867;578;2021-02-12;64474
2021-02-11;"Žilinský kraj";228;23521;300;23821;NA;281867;528;2021-02-11;63896
2021-02-10;"Žilinský kraj";259;17894;267;18161;NA;281867;526;2021-02-10;63368
2021-02-09;"Žilinský kraj";377;24784;274;25058;NA;281867;651;2021-02-09;62842
2021-02-08;"Žilinský kraj";160;41375;390;41765;NA;281867;550;2021-02-08;62191
2021-02-07;"Žilinský kraj";24;46446;252;46698;NA;281867;276;2021-02-07;61641
2021-02-06;"Žilinský kraj";71;72880;367;73247;NA;281867;438;2021-02-06;61365
2021-02-05;"Žilinský kraj";248;31869;323;32192;NA;281867;571;2021-02-05;60927
2021-02-04;"Žilinský kraj";238;13240;258;13498;NA;281867;496;2021-02-04;60356
2021-02-03;"Žilinský kraj";194;9186;255;9441;NA;281867;449;2021-02-03;59860
2021-02-02;"Žilinský kraj";216;9280;272;9552;NA;281867;488;2021-02-02;59411
2021-02-01;"Žilinský kraj";220;19690;370;20060;NA;281867;590;2021-02-01;58923
2021-01-31;"Žilinský kraj";11;2652;27;2679;NA;281867;38;2021-01-31;58333
2021-01-30;"Žilinský kraj";85;18447;187;18634;NA;281867;272;2021-01-30;58295
2021-01-29;"Žilinský kraj";209;22891;304;23195;NA;281867;513;2021-01-29;58023
2021-01-28;"Žilinský kraj";240;5533;172;5705;NA;281867;412;2021-01-28;57510
2021-01-27;"Žilinský kraj";256;6725;119;6844;NA;281867;375;2021-01-27;57098
2021-01-26;"Žilinský kraj";245;49781;348;50129;NA;281867;593;2021-01-26;56723
2021-01-25;"Žilinský kraj";159;21245;150;21395;NA;281867;309;2021-01-25;56130
2021-01-24;"Žilinský kraj";22;55835;268;56103;NA;281867;290;2021-01-24;55821
2021-01-23;"Žilinský kraj";91;101730;444;102174;NA;281867;535;2021-01-23;55531
2021-01-22;"Žilinský kraj";163;32160;237;32397;NA;281867;400;2021-01-22;54996
2021-01-21;"Žilinský kraj";116;19828;181;20009;NA;281867;297;2021-01-21;54596
2021-01-20;"Žilinský kraj";236;17126;159;17285;NA;281867;395;2021-01-20;54299
2021-01-19;"Žilinský kraj";245;15730;285;16015;NA;281867;530;2021-01-19;53904
2021-01-18;"Žilinský kraj";236;12685;326;13011;NA;281867;562;2021-01-18;53374
2021-01-17;"Žilinský kraj";95;147;8;155;NA;281867;103;2021-01-17;52812
2021-01-16;"Žilinský kraj";14;516;31;547;NA;281867;45;2021-01-16;52709
2021-01-15;"Žilinský kraj";248;7486;209;7695;NA;281867;457;2021-01-15;52664
2021-01-14;"Žilinský kraj";166;5319;239;5558;NA;281867;405;2021-01-14;52207
2021-01-13;"Žilinský kraj";247;11263;557;11820;NA;281867;804;2021-01-13;51802
2021-01-12;"Žilinský kraj";376;8410;385;8795;NA;281867;761;2021-01-12;50998
2021-01-11;"Žilinský kraj";351;10058;465;10523;NA;281867;816;2021-01-11;50237
2021-01-10;"Žilinský kraj";38;229;6;235;NA;281867;44;2021-01-10;49421
2021-01-09;"Žilinský kraj";192;1282;60;1342;NA;281867;252;2021-01-09;49377
2021-01-08;"Žilinský kraj";413;8721;462;9183;NA;281867;875;2021-01-08;49125
2021-01-07;"Žilinský kraj";438;23407;1872;25279;NA;281867;2310;2021-01-07;48250
2021-01-06;"Žilinský kraj";145;1076;67;1143;NA;281867;212;2021-01-06;45940
2021-01-05;"Žilinský kraj";717;10227;796;11023;NA;281867;1513;2021-01-05;45728
2021-01-04;"Žilinský kraj";479;9313;893;10206;NA;281867;1372;2021-01-04;44215
2021-01-03;"Žilinský kraj";13;1006;107;1113;NA;281867;120;2021-01-03;42843
2021-01-02;"Žilinský kraj";98;789;91;880;NA;281867;189;2021-01-02;42723
2021-01-01;"Žilinský kraj";118;241;13;254;NA;281867;131;2021-01-01;42534
2020-12-31;"Žilinský kraj";395;9626;784;10410;NA;281867;1179;2020-12-31;42403
2020-12-30;"Žilinský kraj";1038;11781;823;12604;NA;281867;1861;2020-12-30;41224
2020-12-29;"Žilinský kraj";256;10159;979;11138;NA;281867;1235;2020-12-29;39363
2020-12-28;"Žilinský kraj";406;10704;976;11680;NA;281867;1382;2020-12-28;38128
2020-12-27;"Žilinský kraj";40;684;94;778;NA;281867;134;2020-12-27;36746
2020-12-26;"Žilinský kraj";135;593;48;641;NA;281867;183;2020-12-26;36612
2020-12-25;"Žilinský kraj";66;83;9;92;NA;281867;75;2020-12-25;36429
2020-12-24;"Žilinský kraj";643;667;55;722;NA;281867;698;2020-12-24;36354
2020-12-23;"Žilinský kraj";228;16229;975;17204;NA;281867;1203;2020-12-23;35656
2020-12-22;"Žilinský kraj";519;13483;988;14471;NA;281867;1507;2020-12-22;34453
2020-12-21;"Žilinský kraj";444;12429;1078;13507;NA;281867;1522;2020-12-21;32946
2020-12-20;"Žilinský kraj";36;598;80;678;NA;281867;116;2020-12-20;31424
2020-12-19;"Žilinský kraj";208;1678;127;1805;NA;281867;335;2020-12-19;31308
2020-12-18;"Žilinský kraj";333;6553;370;6923;NA;281867;703;2020-12-18;30973
2020-12-17;"Žilinský kraj";500;3922;262;4184;NA;281867;762;2020-12-17;30270
2020-12-16;"Žilinský kraj";333;3815;267;4082;NA;281867;600;2020-12-16;29508
2020-12-15;"Žilinský kraj";528;3729;340;4069;NA;281867;868;2020-12-15;28908
2020-12-14;"Žilinský kraj";321;3884;309;4193;NA;281867;630;2020-12-14;28040
2020-12-13;"Žilinský kraj";26;494;66;560;NA;281867;92;2020-12-13;27410
2020-12-12;"Žilinský kraj";95;767;46;813;NA;281867;141;2020-12-12;27318
2020-12-11;"Žilinský kraj";455;3938;227;4165;NA;281867;682;2020-12-11;27177
2020-12-10;"Žilinský kraj";166;9129;838;9967;NA;281867;1004;2020-12-10;26495
2020-12-09;"Žilinský kraj";392;2169;132;2301;NA;281867;524;2020-12-09;25491
2020-12-08;"Žilinský kraj";331;3127;101;3228;NA;281867;432;2020-12-08;24967
2020-12-07;"Žilinský kraj";348;2746;162;2908;NA;281867;510;2020-12-07;24535
2020-12-06;"Žilinský kraj";15;128;6;134;NA;281867;21;2020-12-06;24025
2020-12-05;"Žilinský kraj";98;781;41;822;NA;281867;139;2020-12-05;24004
2020-12-04;"Žilinský kraj";228;3091;107;3198;NA;281867;335;2020-12-04;23865
2020-12-03;"Žilinský kraj";237;1609;115;1724;NA;281867;352;2020-12-03;23530
2020-12-02;"Žilinský kraj";181;1710;94;1804;NA;281867;275;2020-12-02;23178
2020-12-01;"Žilinský kraj";209;6239;284;6523;NA;281867;493;2020-12-01;22903
2020-11-30;"Žilinský kraj";203;5326;305;5631;NA;281867;508;2020-11-30;22410
2020-11-29;"Žilinský kraj";18;81;7;88;NA;281867;25;2020-11-29;21902
2020-11-28;"Žilinský kraj";99;349;15;364;NA;281867;114;2020-11-28;21877
2020-11-27;"Žilinský kraj";218;904;46;950;NA;281867;264;2020-11-27;21763
2020-11-26;"Žilinský kraj";190;1041;54;1095;NA;281867;244;2020-11-26;21499
2020-11-25;"Žilinský kraj";225;1217;49;1266;NA;281867;274;2020-11-25;21255
2020-11-24;"Žilinský kraj";213;2139;67;2206;NA;281867;280;2020-11-24;20981
2020-11-23;"Žilinský kraj";170;759;44;803;NA;281867;214;2020-11-23;20701
2020-11-22;"Žilinský kraj";11;67;2;69;NA;281867;13;2020-11-22;20487
2020-11-21;"Žilinský kraj";61;505;20;525;NA;281867;81;2020-11-21;20474
2020-11-20;"Žilinský kraj";251;1074;45;1119;NA;281867;296;2020-11-20;20393
2020-11-19;"Žilinský kraj";252;752;61;813;NA;281867;313;2020-11-19;20097
2020-11-18;"Žilinský kraj";346;348;15;363;NA;281867;361;2020-11-18;19784
2020-11-17;"Žilinský kraj";123;490;15;505;NA;281867;138;2020-11-17;19423
2020-11-16;"Žilinský kraj";227;247;15;262;NA;281867;242;2020-11-16;19285
2020-11-15;"Žilinský kraj";63;13;0;13;NA;281867;63;2020-11-15;19043
2020-11-14;"Žilinský kraj";189;1038;11;1049;NA;281867;200;2020-11-14;18980
2020-11-13;"Žilinský kraj";181;125;9;134;NA;281867;190;2020-11-13;18780
2020-11-12;"Žilinský kraj";334;79;2;81;NA;281867;336;2020-11-12;18590
2020-11-11;"Žilinský kraj";489;147;10;157;NA;281867;499;2020-11-11;18254
2020-11-10;"Žilinský kraj";374;519;9;528;NA;281867;383;2020-11-10;17755
2020-11-09;"Žilinský kraj";143;2335;30;2365;NA;281867;173;2020-11-09;17372
2020-11-08;"Žilinský kraj";59;2538;37;2575;NA;281867;96;2020-11-08;17199
2020-11-07;"Žilinský kraj";312;8175;88;8263;NA;281867;400;2020-11-07;17103
2020-11-06;"Žilinský kraj";503;4090;38;4128;NA;281867;541;2020-11-06;16703
2020-11-05;"Žilinský kraj";473;64;4;68;NA;281867;477;2020-11-05;16162
2020-11-04;"Žilinský kraj";423;178;10;188;NA;281867;433;2020-11-04;15685
2020-11-03;"Žilinský kraj";688;889;16;905;NA;281867;704;2020-11-03;15252
2020-11-02;"Žilinský kraj";472;1043;39;1082;NA;281867;511;2020-11-02;14548
2020-11-01;"Žilinský kraj";349;5096;130;5226;NA;281867;479;2020-11-01;14037
2020-10-31;"Žilinský kraj";661;7963;203;8166;NA;281867;864;2020-10-31;13558
2020-10-30;"Žilinský kraj";529;2575;61;2636;NA;281867;590;2020-10-30;12694
2020-10-29;"Žilinský kraj";740;503;17;520;NA;281867;757;2020-10-29;12104
2020-10-28;"Žilinský kraj";635;105;11;116;NA;281867;646;2020-10-28;11347
2020-10-27;"Žilinský kraj";355;154;24;178;NA;281867;379;2020-10-27;10701
2020-10-26;"Žilinský kraj";148;117;28;145;NA;281867;176;2020-10-26;10322
2020-10-25;"Žilinský kraj";436;0;0;0;NA;281867;436;2020-10-25;10146
2020-10-24;"Žilinský kraj";803;0;0;0;NA;281867;803;2020-10-24;9710
2020-10-23;"Žilinský kraj";659;102;13;115;NA;281867;672;2020-10-23;8907
2020-10-22;"Žilinský kraj";525;33;3;36;NA;281867;528;2020-10-22;8235
2020-10-21;"Žilinský kraj";478;74;14;88;NA;281867;492;2020-10-21;7707
2020-10-20;"Žilinský kraj";524;127;8;135;NA;281867;532;2020-10-20;7215
2020-10-19;"Žilinský kraj";70;80;12;92;NA;281867;82;2020-10-19;6683
2020-10-18;"Žilinský kraj";159;0;0;0;NA;281867;159;2020-10-18;6601
2020-10-17;"Žilinský kraj";509;0;0;0;NA;281867;509;2020-10-17;6442
2020-10-16;"Žilinský kraj";603;51;9;60;NA;281867;612;2020-10-16;5933
2020-10-15;"Žilinský kraj";679;61;3;64;NA;281867;682;2020-10-15;5321
2020-10-14;"Žilinský kraj";523;269;6;275;NA;281867;529;2020-10-14;4639
2020-10-13;"Žilinský kraj";367;458;40;498;NA;281867;407;2020-10-13;4110
2020-10-12;"Žilinský kraj";62;0;0;0;NA;281867;62;2020-10-12;3703
2020-10-11;"Žilinský kraj";50;0;0;0;NA;281867;50;2020-10-11;3641
2020-10-10;"Žilinský kraj";213;0;0;0;NA;281867;213;2020-10-10;3591
2020-10-09;"Žilinský kraj";543;0;0;0;NA;281867;543;2020-10-09;3378
2020-10-08;"Žilinský kraj";238;0;0;0;NA;281867;238;2020-10-08;2835
2020-10-07;"Žilinský kraj";168;0;0;0;NA;281867;168;2020-10-07;2597
2020-10-06;"Žilinský kraj";233;0;0;0;NA;281867;233;2020-10-06;2429
2020-10-05;"Žilinský kraj";33;0;0;0;NA;281867;33;2020-10-05;2196
2020-10-04;"Žilinský kraj";35;0;0;0;NA;281867;35;2020-10-04;2163
2020-10-03;"Žilinský kraj";155;0;0;0;NA;281867;155;2020-10-03;2128
2020-10-02;"Žilinský kraj";105;0;0;0;NA;281867;105;2020-10-02;1973
2020-10-01;"Žilinský kraj";147;0;0;0;NA;281867;147;2020-10-01;1868
2020-09-30;"Žilinský kraj";163;0;0;0;NA;281867;163;2020-09-30;1721
2020-09-29;"Žilinský kraj";105;0;0;0;NA;281867;105;2020-09-29;1558
2020-09-28;"Žilinský kraj";34;0;0;0;NA;281867;34;2020-09-28;1453
2020-09-27;"Žilinský kraj";108;0;0;0;NA;281867;108;2020-09-27;1419
2020-09-26;"Žilinský kraj";96;0;0;0;NA;281867;96;2020-09-26;1311
2020-09-25;"Žilinský kraj";69;0;0;0;NA;281867;69;2020-09-25;1215
2020-09-24;"Žilinský kraj";100;0;0;0;NA;281867;100;2020-09-24;1146
2020-09-23;"Žilinský kraj";65;0;0;0;NA;281867;65;2020-09-23;1046
2020-09-22;"Žilinský kraj";65;0;0;0;NA;281867;65;2020-09-22;981
2020-09-21;"Žilinský kraj";47;0;0;0;NA;281867;47;2020-09-21;916
2020-09-20;"Žilinský kraj";4;0;0;0;NA;281867;4;2020-09-20;869
2020-09-19;"Žilinský kraj";6;0;0;0;NA;281867;6;2020-09-19;865
2020-09-18;"Žilinský kraj";82;0;0;0;NA;281867;82;2020-09-18;859
2020-09-17;"Žilinský kraj";30;0;0;0;NA;281867;30;2020-09-17;777
2020-09-16;"Žilinský kraj";34;0;0;0;NA;281867;34;2020-09-16;747
2020-09-15;"Žilinský kraj";12;0;0;0;NA;281867;12;2020-09-15;713
2020-09-14;"Žilinský kraj";39;0;0;0;NA;281867;39;2020-09-14;701
2020-09-13;"Žilinský kraj";6;0;0;0;NA;281867;6;2020-09-13;662
2020-09-12;"Žilinský kraj";4;0;0;0;NA;281867;4;2020-09-12;656
2020-09-11;"Žilinský kraj";31;0;0;0;NA;281867;31;2020-09-11;652
2020-09-10;"Žilinský kraj";31;12;0;12;NA;281867;31;2020-09-10;621
2020-09-09;"Žilinský kraj";23;0;0;0;NA;281867;23;2020-09-09;590
2020-09-08;"Žilinský kraj";25;0;0;0;NA;281867;25;2020-09-08;567
2020-09-07;"Žilinský kraj";11;0;0;0;NA;281867;11;2020-09-07;542
2020-09-06;"Žilinský kraj";0;0;0;0;NA;281867;0;2020-09-06;531
2020-09-05;"Žilinský kraj";2;0;0;0;NA;281867;2;2020-09-05;531
2020-09-04;"Žilinský kraj";33;0;0;0;NA;281867;33;2020-09-04;529
2020-09-03;"Žilinský kraj";18;0;0;0;NA;281867;18;2020-09-03;496
2020-09-02;"Žilinský kraj";16;0;0;0;NA;281867;16;2020-09-02;478
2020-09-01;"Žilinský kraj";4;0;0;0;NA;281867;4;2020-09-01;462
2020-08-31;"Žilinský kraj";5;0;0;0;NA;281867;5;2020-08-31;458
2020-08-30;"Žilinský kraj";3;0;0;0;NA;281867;3;2020-08-30;453
2020-08-29;"Žilinský kraj";5;0;0;0;NA;281867;5;2020-08-29;450
2020-08-28;"Žilinský kraj";13;0;0;0;NA;281867;13;2020-08-28;445
2020-08-27;"Žilinský kraj";18;0;0;0;NA;281867;18;2020-08-27;432
2020-08-26;"Žilinský kraj";8;0;0;0;NA;281867;8;2020-08-26;414
2020-08-25;"Žilinský kraj";2;0;0;0;NA;281867;2;2020-08-25;406
2020-08-24;"Žilinský kraj";5;0;0;0;NA;281867;5;2020-08-24;404
2020-08-23;"Žilinský kraj";0;0;0;0;NA;281867;0;2020-08-23;399
2020-08-22;"Žilinský kraj";0;0;0;0;NA;281867;0;2020-08-22;399
2020-08-21;"Žilinský kraj";10;0;0;0;NA;281867;10;2020-08-21;399
2020-08-20;"Žilinský kraj";13;0;0;0;NA;281867;13;2020-08-20;389
2020-08-19;"Žilinský kraj";7;0;0;0;NA;281867;7;2020-08-19;376
2020-08-18;"Žilinský kraj";9;0;0;0;NA;281867;9;2020-08-18;369
2020-08-17;"Žilinský kraj";1;0;0;0;NA;281867;1;2020-08-17;360
2020-08-16;"Žilinský kraj";0;0;0;0;NA;281867;0;2020-08-16;359
2020-08-15;"Žilinský kraj";0;0;0;0;NA;281867;0;2020-08-15;359
2020-08-14;"Žilinský kraj";4;0;0;0;NA;281867;4;2020-08-14;359
2020-08-13;"Žilinský kraj";2;0;0;0;NA;281867;2;2020-08-13;355
2020-08-12;"Žilinský kraj";0;0;0;0;NA;281867;0;2020-08-12;353
2020-08-11;"Žilinský kraj";4;0;0;0;NA;281867;4;2020-08-11;353
2020-08-10;"Žilinský kraj";1;0;0;0;NA;281867;1;2020-08-10;349
2020-08-09;"Žilinský kraj";0;0;0;0;NA;281867;0;2020-08-09;348
2020-08-08;"Žilinský kraj";3;0;0;0;NA;281867;3;2020-08-08;348
2020-08-07;"Žilinský kraj";8;0;0;0;NA;281867;8;2020-08-07;345
2020-08-06;"Žilinský kraj";1;0;0;0;NA;281867;1;2020-08-06;337
2020-08-05;"Žilinský kraj";1;0;0;0;NA;281867;1;2020-08-05;336
2020-08-04;"Žilinský kraj";2;0;0;0;NA;281867;2;2020-08-04;335
2020-08-03;"Žilinský kraj";0;0;0;0;NA;281867;0;2020-08-03;333
2020-08-02;"Žilinský kraj";1;0;0;0;NA;281867;1;2020-08-02;333
2020-08-01;"Žilinský kraj";0;0;0;0;NA;281867;0;2020-08-01;332
2020-07-31;"Žilinský kraj";4;0;0;0;NA;281867;4;2020-07-31;332
2020-07-30;"Žilinský kraj";2;0;0;0;NA;281867;2;2020-07-30;328
2020-07-29;"Žilinský kraj";2;0;0;0;NA;281867;2;2020-07-29;326
2020-07-28;"Žilinský kraj";4;0;0;0;NA;281867;4;2020-07-28;324
2020-07-27;"Žilinský kraj";6;0;0;0;NA;281867;6;2020-07-27;320
2020-07-26;"Žilinský kraj";0;0;0;0;NA;281867;0;2020-07-26;314
2020-07-25;"Žilinský kraj";0;0;0;0;NA;281867;0;2020-07-25;314
2020-07-24;"Žilinský kraj";2;0;0;0;NA;281867;2;2020-07-24;314
2020-07-23;"Žilinský kraj";0;0;0;0;NA;281867;0;2020-07-23;312
2020-07-22;"Žilinský kraj";1;0;0;0;NA;281867;1;2020-07-22;312
2020-07-21;"Žilinský kraj";2;0;0;0;NA;281867;2;2020-07-21;311
2020-07-20;"Žilinský kraj";3;0;0;0;NA;281867;3;2020-07-20;309
2020-07-19;"Žilinský kraj";0;0;0;0;NA;281867;0;2020-07-19;306
2020-07-18;"Žilinský kraj";0;0;0;0;NA;281867;0;2020-07-18;306
2020-07-17;"Žilinský kraj";2;0;0;0;NA;281867;2;2020-07-17;306
2020-07-16;"Žilinský kraj";2;0;0;0;NA;281867;2;2020-07-16;304
2020-07-15;"Žilinský kraj";2;0;0;0;NA;281867;2;2020-07-15;302
2020-07-14;"Žilinský kraj";1;0;0;0;NA;281867;1;2020-07-14;300
2020-07-13;"Žilinský kraj";0;0;0;0;NA;281867;0;2020-07-13;299
2020-07-12;"Žilinský kraj";0;0;0;0;NA;281867;0;2020-07-12;299
2020-07-11;"Žilinský kraj";2;0;0;0;NA;281867;2;2020-07-11;299
2020-07-10;"Žilinský kraj";3;0;0;0;NA;281867;3;2020-07-10;297
2020-07-09;"Žilinský kraj";2;0;0;0;NA;281867;2;2020-07-09;294
2020-07-08;"Žilinský kraj";10;0;0;0;NA;281867;10;2020-07-08;292
2020-07-07;"Žilinský kraj";7;0;0;0;NA;281867;7;2020-07-07;282
2020-07-06;"Žilinský kraj";0;0;0;0;NA;281867;0;2020-07-06;275
2020-07-05;"Žilinský kraj";0;0;0;0;NA;281867;0;2020-07-05;275
2020-07-04;"Žilinský kraj";10;0;0;0;NA;281867;10;2020-07-04;275
2020-07-03;"Žilinský kraj";18;0;0;0;NA;281867;18;2020-07-03;265
2020-07-02;"Žilinský kraj";7;0;0;0;NA;281867;7;2020-07-02;247
2020-07-01;"Žilinský kraj";0;0;0;0;NA;281867;0;2020-07-01;240
2020-06-30;"Žilinský kraj";4;0;0;0;NA;281867;4;2020-06-30;240
2020-06-29;"Žilinský kraj";0;0;0;0;NA;281867;0;2020-06-29;236
2020-06-28;"Žilinský kraj";1;0;0;0;NA;281867;1;2020-06-28;236
2020-06-27;"Žilinský kraj";3;0;0;0;NA;281867;3;2020-06-27;235
2020-06-26;"Žilinský kraj";5;0;0;0;NA;281867;5;2020-06-26;232
2020-06-25;"Žilinský kraj";7;0;0;0;NA;281867;7;2020-06-25;227
2020-06-24;"Žilinský kraj";11;0;0;0;NA;281867;11;2020-06-24;220
2020-06-23;"Žilinský kraj";9;0;0;0;NA;281867;9;2020-06-23;209
2020-06-22;"Žilinský kraj";0;0;0;0;NA;281867;0;2020-06-22;200
2020-06-21;"Žilinský kraj";1;0;0;0;NA;281867;1;2020-06-21;200
2020-06-20;"Žilinský kraj";1;0;0;0;NA;281867;1;2020-06-20;199
2020-06-19;"Žilinský kraj";4;0;0;0;NA;281867;4;2020-06-19;198
2020-06-18;"Žilinský kraj";1;0;0;0;NA;281867;1;2020-06-18;194
2020-06-17;"Žilinský kraj";0;0;0;0;NA;281867;0;2020-06-17;193
2020-06-16;"Žilinský kraj";1;0;0;0;NA;281867;1;2020-06-16;193
2020-06-14;"Žilinský kraj";0;0;0;0;NA;281867;0;2020-06-14;192
2020-06-13;"Žilinský kraj";0;0;0;0;NA;281867;0;2020-06-13;192
2020-06-12;"Žilinský kraj";0;0;0;0;NA;281867;0;2020-06-12;192
2020-06-11;"Žilinský kraj";0;0;0;0;NA;281867;0;2020-06-11;192
2020-06-10;"Žilinský kraj";0;0;0;0;NA;281867;0;2020-06-10;192
2020-06-09;"Žilinský kraj";1;0;0;0;NA;281867;1;2020-06-09;192
2020-06-08;"Žilinský kraj";0;0;0;0;NA;281867;0;2020-06-08;191
2020-06-07;"Žilinský kraj";0;0;0;0;NA;281867;0;2020-06-07;191
2020-06-05;"Žilinský kraj";0;0;0;0;NA;281867;0;2020-06-05;191
2020-06-03;"Žilinský kraj";0;0;0;0;NA;281867;0;2020-06-03;191
2020-06-02;"Žilinský kraj";0;0;0;0;NA;281867;0;2020-06-02;191
2020-05-31;"Žilinský kraj";0;0;0;0;NA;281867;0;2020-05-31;191
2020-05-29;"Žilinský kraj";0;0;0;0;NA;281867;0;2020-05-29;191
2020-05-27;"Žilinský kraj";1;0;0;0;NA;281867;1;2020-05-27;191
2020-05-26;"Žilinský kraj";1;0;0;0;NA;281867;1;2020-05-26;190
2020-05-25;"Žilinský kraj";0;0;0;0;NA;281867;0;2020-05-25;189
2020-05-24;"Žilinský kraj";0;0;0;0;NA;281867;0;2020-05-24;189
2020-05-23;"Žilinský kraj";0;0;0;0;NA;281867;0;2020-05-23;189
2020-05-22;"Žilinský kraj";0;0;0;0;NA;281867;0;2020-05-22;189
2020-05-21;"Žilinský kraj";0;0;0;0;NA;281867;0;2020-05-21;189
2020-05-20;"Žilinský kraj";0;0;0;0;NA;281867;0;2020-05-20;189
2020-05-19;"Žilinský kraj";1;0;0;0;NA;281867;1;2020-05-19;189
2020-05-17;"Žilinský kraj";0;0;0;0;NA;281867;0;2020-05-17;188
2020-05-16;"Žilinský kraj";0;0;0;0;NA;281867;0;2020-05-16;188
2020-05-15;"Žilinský kraj";0;0;0;0;NA;281867;0;2020-05-15;188
2020-05-14;"Žilinský kraj";0;0;0;0;NA;281867;0;2020-05-14;188
2020-05-13;"Žilinský kraj";0;0;0;0;NA;281867;0;2020-05-13;188
2020-05-12;"Žilinský kraj";0;0;0;0;NA;281867;0;2020-05-12;188
2020-05-11;"Žilinský kraj";0;0;0;0;NA;281867;0;2020-05-11;188
2020-05-09;"Žilinský kraj";0;0;0;0;NA;281867;0;2020-05-09;188
2020-05-07;"Žilinský kraj";0;0;0;0;NA;281867;0;2020-05-07;188
2020-05-06;"Žilinský kraj";2;0;0;0;NA;281867;2;2020-05-06;188
2020-05-05;"Žilinský kraj";3;0;0;0;NA;281867;3;2020-05-05;186
2020-05-04;"Žilinský kraj";3;0;0;0;NA;281867;3;2020-05-04;183
2020-05-03;"Žilinský kraj";1;0;0;0;NA;281867;1;2020-05-03;180
2020-05-02;"Žilinský kraj";0;0;0;0;NA;281867;0;2020-05-02;179
2020-05-01;"Žilinský kraj";1;0;0;0;NA;281867;1;2020-05-01;179
2020-04-30;"Žilinský kraj";0;0;0;0;NA;281867;0;2020-04-30;178
2020-04-29;"Žilinský kraj";0;0;0;0;NA;281867;0;2020-04-29;178
2020-04-28;"Žilinský kraj";0;0;0;0;NA;281867;0;2020-04-28;178
2020-04-27;"Žilinský kraj";0;0;0;0;NA;281867;0;2020-04-27;178
2020-04-26;"Žilinský kraj";0;0;0;0;NA;281867;0;2020-04-26;178
2020-04-25;"Žilinský kraj";2;0;0;0;NA;281867;2;2020-04-25;178
2020-04-24;"Žilinský kraj";1;0;0;0;NA;281867;1;2020-04-24;176
2020-04-23;"Žilinský kraj";2;0;0;0;NA;281867;2;2020-04-23;175
2020-04-22;"Žilinský kraj";9;0;0;0;NA;281867;9;2020-04-22;173
2020-04-21;"Žilinský kraj";1;0;0;0;NA;281867;1;2020-04-21;164
2020-04-20;"Žilinský kraj";4;0;0;0;NA;281867;4;2020-04-20;163
2020-04-19;"Žilinský kraj";0;0;0;0;NA;281867;0;2020-04-19;159
2020-04-18;"Žilinský kraj";49;0;0;0;NA;281867;49;2020-04-18;159
2020-04-17;"Žilinský kraj";3;0;0;0;NA;281867;3;2020-04-17;110
2020-04-16;"Žilinský kraj";4;0;0;0;NA;281867;4;2020-04-16;107
2020-04-15;"Žilinský kraj";7;0;0;0;NA;281867;7;2020-04-15;103
2020-04-14;"Žilinský kraj";1;0;0;0;NA;281867;1;2020-04-14;96
2020-04-13;"Žilinský kraj";2;0;0;0;NA;281867;2;2020-04-13;95
2020-04-12;"Žilinský kraj";5;0;0;0;NA;281867;5;2020-04-12;93
2020-04-11;"Žilinský kraj";2;0;0;0;NA;281867;2;2020-04-11;88
2020-04-10;"Žilinský kraj";1;0;0;0;NA;281867;1;2020-04-10;86
2020-04-09;"Žilinský kraj";1;0;0;0;NA;281867;1;2020-04-09;85
2020-04-08;"Žilinský kraj";3;0;0;0;NA;281867;3;2020-04-08;84
2020-04-07;"Žilinský kraj";5;0;0;0;NA;281867;5;2020-04-07;81
2020-04-06;"Žilinský kraj";6;0;0;0;NA;281867;6;2020-04-06;76
2020-04-05;"Žilinský kraj";8;0;0;0;NA;281867;8;2020-04-05;70
2020-04-04;"Žilinský kraj";0;0;0;0;NA;281867;0;2020-04-04;62
2020-04-03;"Žilinský kraj";3;0;0;0;NA;281867;3;2020-04-03;62
2020-04-02;"Žilinský kraj";5;0;0;0;NA;281867;5;2020-04-02;59
2020-04-01;"Žilinský kraj";4;0;0;0;NA;281867;4;2020-04-01;54
2020-03-31;"Žilinský kraj";1;0;0;0;NA;281867;1;2020-03-31;50
2020-03-30;"Žilinský kraj";3;0;0;0;NA;281867;3;2020-03-30;49
2020-03-29;"Žilinský kraj";0;0;0;0;NA;281867;0;2020-03-29;46
2020-03-28;"Žilinský kraj";1;0;0;0;NA;281867;1;2020-03-28;46
2020-03-27;"Žilinský kraj";9;0;0;0;NA;281867;9;2020-03-27;45
2020-03-26;"Žilinský kraj";4;0;0;0;NA;281867;4;2020-03-26;36
2020-03-25;"Žilinský kraj";1;0;0;0;NA;281867;1;2020-03-25;32
2020-03-24;"Žilinský kraj";2;0;0;0;NA;281867;2;2020-03-24;31
2020-03-23;"Žilinský kraj";3;0;0;0;NA;281867;3;2020-03-23;29
2020-03-22;"Žilinský kraj";1;0;0;0;NA;281867;1;2020-03-22;26
2020-03-21;"Žilinský kraj";2;0;0;0;NA;281867;2;2020-03-21;25
2020-03-20;"Žilinský kraj";4;0;0;0;NA;281867;4;2020-03-20;23
2020-03-19;"Žilinský kraj";2;0;0;0;NA;281867;2;2020-03-19;19
2020-03-18;"Žilinský kraj";1;0;0;0;NA;281867;1;2020-03-18;17
2020-03-17;"Žilinský kraj";5;0;0;0;NA;281867;5;2020-03-17;16
2020-03-16;"Žilinský kraj";1;0;0;0;NA;281867;1;2020-03-16;11
2020-03-15;"Žilinský kraj";2;0;0;0;NA;281867;2;2020-03-15;10
2020-03-14;"Žilinský kraj";1;0;0;0;NA;281867;1;2020-03-14;8
2020-03-13;"Žilinský kraj";5;0;0;0;NA;281867;5;2020-03-13;7
2020-03-12;"Žilinský kraj";1;0;0;0;NA;281867;1;2020-03-12;2
2020-03-11;"Žilinský kraj";0;0;0;0;NA;281867;0;2020-03-11;1
2020-03-09;"Žilinský kraj";1;0;0;0;NA;281867;1;2020-03-09;1
2020-03-08;"Žilinský kraj";0;0;0;0;NA;281867;0;2020-03-08;0
2020-03-07;"Žilinský kraj";0;0;0;0;NA;281867;0;2020-03-07;0
2020-03-06;"Žilinský kraj";0;0;0;0;NA;281867;0;2020-03-06;0
