"Datum";"Region";"PCR_Pos";"Ag_Neg";"Ag_Pos";"Total";"Pocet.potvrdenych";"Potvrdenych";"newcases";"date";"positive"
2021-07-05;"Banskobystrický kraj";2;236;1;237;38078;83764;3;2021-07-05;83764
2021-07-04;"Banskobystrický kraj";0;251;0;251;NA;83764;0;2021-07-04;83761
2021-07-03;"Banskobystrický kraj";1;400;1;401;NA;83764;2;2021-07-03;83761
2021-07-02;"Banskobystrický kraj";3;872;0;872;NA;83764;3;2021-07-02;83759
2021-07-01;"Banskobystrický kraj";0;678;1;679;NA;83764;1;2021-07-01;83756
2021-06-30;"Banskobystrický kraj";3;7348;1;7349;NA;83764;4;2021-06-30;83755
2021-06-29;"Banskobystrický kraj";2;4642;1;4643;NA;83764;3;2021-06-29;83751
2021-06-28;"Banskobystrický kraj";3;5608;1;5609;NA;83764;4;2021-06-28;83748
2021-06-27;"Banskobystrický kraj";0;4323;5;4328;NA;83764;5;2021-06-27;83744
2021-06-26;"Banskobystrický kraj";0;4222;4;4226;NA;83764;4;2021-06-26;83739
2021-06-25;"Banskobystrický kraj";2;6415;2;6417;NA;83764;4;2021-06-25;83735
2021-06-24;"Banskobystrický kraj";6;4484;2;4486;NA;83764;8;2021-06-24;83731
2021-06-23;"Banskobystrický kraj";4;4786;0;4786;NA;83764;4;2021-06-23;83723
2021-06-22;"Banskobystrický kraj";7;4504;0;4504;NA;83764;7;2021-06-22;83719
2021-06-21;"Banskobystrický kraj";6;5716;6;5722;NA;83764;12;2021-06-21;83712
2021-06-20;"Banskobystrický kraj";0;4937;6;4943;NA;83764;6;2021-06-20;83700
2021-06-19;"Banskobystrický kraj";0;5103;4;5107;NA;83764;4;2021-06-19;83694
2021-06-18;"Banskobystrický kraj";4;7457;1;7458;NA;83764;5;2021-06-18;83690
2021-06-17;"Banskobystrický kraj";2;5067;3;5070;NA;83764;5;2021-06-17;83685
2021-06-16;"Banskobystrický kraj";10;5769;5;5774;NA;83764;15;2021-06-16;83680
2021-06-15;"Banskobystrický kraj";9;5550;6;5556;NA;83764;15;2021-06-15;83665
2021-06-14;"Banskobystrický kraj";8;6805;7;6812;NA;83764;15;2021-06-14;83650
2021-06-13;"Banskobystrický kraj";0;6181;7;6188;NA;83764;7;2021-06-13;83635
2021-06-12;"Banskobystrický kraj";3;6168;5;6173;NA;83764;8;2021-06-12;83628
2021-06-11;"Banskobystrický kraj";5;9399;13;9412;NA;83764;18;2021-06-11;83620
2021-06-10;"Banskobystrický kraj";10;5545;7;5552;NA;83764;17;2021-06-10;83602
2021-06-09;"Banskobystrický kraj";9;5536;2;5538;NA;83764;11;2021-06-09;83585
2021-06-08;"Banskobystrický kraj";15;5594;10;5604;NA;83764;25;2021-06-08;83574
2021-06-07;"Banskobystrický kraj";4;7367;19;7386;NA;83764;23;2021-06-07;83549
2021-06-06;"Banskobystrický kraj";1;7246;11;7257;NA;83764;12;2021-06-06;83526
2021-06-05;"Banskobystrický kraj";15;7290;8;7298;NA;83764;23;2021-06-05;83514
2021-06-04;"Banskobystrický kraj";2;8707;12;8719;NA;83764;14;2021-06-04;83491
2021-06-03;"Banskobystrický kraj";8;6390;24;6414;NA;83764;32;2021-06-03;83477
2021-06-02;"Banskobystrický kraj";7;6597;5;6602;NA;83764;12;2021-06-02;83445
2021-06-01;"Banskobystrický kraj";12;7081;14;7095;NA;83764;26;2021-06-01;83433
2021-05-31;"Banskobystrický kraj";4;9298;28;9326;NA;83764;32;2021-05-31;83407
2021-05-30;"Banskobystrický kraj";3;8698;18;8716;NA;83764;21;2021-05-30;83375
2021-05-29;"Banskobystrický kraj";11;9209;13;9222;NA;83764;24;2021-05-29;83354
2021-05-28;"Banskobystrický kraj";13;11510;23;11533;NA;83764;36;2021-05-28;83330
2021-05-27;"Banskobystrický kraj";7;8760;12;8772;NA;83764;19;2021-05-27;83294
2021-05-26;"Banskobystrický kraj";18;7623;16;7639;NA;83764;34;2021-05-26;83275
2021-05-25;"Banskobystrický kraj";27;8883;30;8913;NA;83764;57;2021-05-25;83241
2021-05-24;"Banskobystrický kraj";9;12469;44;12513;NA;83764;53;2021-05-24;83184
2021-05-23;"Banskobystrický kraj";0;9522;25;9547;NA;83764;25;2021-05-23;83131
2021-05-22;"Banskobystrický kraj";20;9368;26;9394;NA;83764;46;2021-05-22;83106
2021-05-21;"Banskobystrický kraj";22;12364;21;12385;NA;83764;43;2021-05-21;83060
2021-05-20;"Banskobystrický kraj";14;8693;24;8717;NA;83764;38;2021-05-20;83017
2021-05-19;"Banskobystrický kraj";42;8344;18;8362;NA;83764;60;2021-05-19;82979
2021-05-18;"Banskobystrický kraj";27;9341;25;9366;NA;83764;52;2021-05-18;82919
2021-05-17;"Banskobystrický kraj";11;13179;29;13208;NA;83764;40;2021-05-17;82867
2021-05-16;"Banskobystrický kraj";15;13730;24;13754;NA;83764;39;2021-05-16;82827
2021-05-15;"Banskobystrický kraj";11;15020;29;15049;NA;83764;40;2021-05-15;82788
2021-05-14;"Banskobystrický kraj";35;18116;43;18159;NA;83764;78;2021-05-14;82748
2021-05-13;"Banskobystrický kraj";37;10605;40;10645;NA;83764;77;2021-05-13;82670
2021-05-12;"Banskobystrický kraj";31;10835;45;10880;NA;83764;76;2021-05-12;82593
2021-05-11;"Banskobystrický kraj";42;11227;48;11275;NA;83764;90;2021-05-11;82517
2021-05-10;"Banskobystrický kraj";28;17297;63;17360;NA;83764;91;2021-05-10;82427
2021-05-09;"Banskobystrický kraj";25;21333;66;21399;NA;83764;91;2021-05-09;82336
2021-05-08;"Banskobystrický kraj";11;13686;23;13709;NA;83764;34;2021-05-08;82245
2021-05-07;"Banskobystrický kraj";41;21278;74;21352;NA;83764;115;2021-05-07;82211
2021-05-06;"Banskobystrický kraj";36;12251;70;12321;NA;83764;106;2021-05-06;82096
2021-05-05;"Banskobystrický kraj";34;12592;63;12655;NA;83764;97;2021-05-05;81990
2021-05-04;"Banskobystrický kraj";83;13888;47;13935;NA;83764;130;2021-05-04;81893
2021-05-03;"Banskobystrický kraj";30;20872;80;20952;NA;83764;110;2021-05-03;81763
2021-05-02;"Banskobystrický kraj";6;32623;60;32683;NA;83764;66;2021-05-02;81653
2021-05-01;"Banskobystrický kraj";54;36770;67;36837;NA;83764;121;2021-05-01;81587
2021-04-30;"Banskobystrický kraj";38;34953;86;35039;NA;83764;124;2021-04-30;81466
2021-04-29;"Banskobystrický kraj";55;16839;68;16907;NA;83764;123;2021-04-29;81342
2021-04-28;"Banskobystrický kraj";66;17959;67;18026;NA;83764;133;2021-04-28;81219
2021-04-27;"Banskobystrický kraj";70;19152;73;19225;NA;83764;143;2021-04-27;81086
2021-04-26;"Banskobystrický kraj";34;28514;101;28615;NA;83764;135;2021-04-26;80943
2021-04-25;"Banskobystrický kraj";14;40204;106;40310;NA;83764;120;2021-04-25;80808
2021-04-24;"Banskobystrický kraj";40;51625;98;51723;NA;83764;138;2021-04-24;80688
2021-04-23;"Banskobystrický kraj";78;37724;88;37812;NA;83764;166;2021-04-23;80550
2021-04-22;"Banskobystrický kraj";51;17412;57;17469;NA;83764;108;2021-04-22;80384
2021-04-21;"Banskobystrický kraj";76;19192;94;19286;NA;83764;170;2021-04-21;80276
2021-04-20;"Banskobystrický kraj";116;21233;98;21331;NA;83764;214;2021-04-20;80106
2021-04-19;"Banskobystrický kraj";48;31407;105;31512;NA;83764;153;2021-04-19;79892
2021-04-18;"Banskobystrický kraj";16;42953;90;43043;NA;83764;106;2021-04-18;79739
2021-04-17;"Banskobystrický kraj";42;64939;92;65031;NA;83764;134;2021-04-17;79633
2021-04-16;"Banskobystrický kraj";72;37303;100;37403;NA;83764;172;2021-04-16;79499
2021-04-15;"Banskobystrický kraj";67;20117;83;20200;NA;83764;150;2021-04-15;79327
2021-04-14;"Banskobystrický kraj";69;21257;86;21343;NA;83764;155;2021-04-14;79177
2021-04-13;"Banskobystrický kraj";130;23076;77;23153;NA;83764;207;2021-04-13;79022
2021-04-12;"Banskobystrický kraj";60;32247;130;32377;NA;83764;190;2021-04-12;78815
2021-04-11;"Banskobystrický kraj";0;41367;88;41455;NA;83764;88;2021-04-11;78625
2021-04-10;"Banskobystrický kraj";56;64728;141;64869;NA;83764;197;2021-04-10;78537
2021-04-09;"Banskobystrický kraj";106;31566;118;31684;NA;83764;224;2021-04-09;78340
2021-04-08;"Banskobystrický kraj";132;18406;110;18516;NA;83764;242;2021-04-08;78116
2021-04-07;"Banskobystrický kraj";226;25117;94;25211;NA;83764;320;2021-04-07;77874
2021-04-06;"Banskobystrický kraj";93;42487;187;42674;NA;83764;280;2021-04-06;77554
2021-04-05;"Banskobystrický kraj";15;11797;87;11884;NA;83764;102;2021-04-05;77274
2021-04-04;"Banskobystrický kraj";24;19683;79;19762;NA;83764;103;2021-04-04;77172
2021-04-03;"Banskobystrický kraj";5;72553;211;72764;NA;83764;216;2021-04-03;77069
2021-04-02;"Banskobystrický kraj";71;13455;66;13521;NA;83764;137;2021-04-02;76853
2021-04-01;"Banskobystrický kraj";171;38877;200;39077;NA;83764;371;2021-04-01;76716
2021-03-31;"Banskobystrický kraj";147;25543;161;25704;NA;83764;308;2021-03-31;76345
2021-03-30;"Banskobystrický kraj";167;21439;159;21598;NA;83764;326;2021-03-30;76037
2021-03-29;"Banskobystrický kraj";119;29491;218;29709;NA;83764;337;2021-03-29;75711
2021-03-28;"Banskobystrický kraj";25;40610;189;40799;NA;83764;214;2021-03-28;75374
2021-03-27;"Banskobystrický kraj";85;64324;260;64584;NA;83764;345;2021-03-27;75160
2021-03-26;"Banskobystrický kraj";122;43657;240;43897;NA;83764;362;2021-03-26;74815
2021-03-25;"Banskobystrický kraj";120;21589;240;21829;NA;83764;360;2021-03-25;74453
2021-03-24;"Banskobystrický kraj";200;19319;227;19546;NA;83764;427;2021-03-24;74093
2021-03-23;"Banskobystrický kraj";241;21538;257;21795;NA;83764;498;2021-03-23;73666
2021-03-22;"Banskobystrický kraj";65;30478;274;30752;NA;83764;339;2021-03-22;73168
2021-03-21;"Banskobystrický kraj";31;40039;280;40319;NA;83764;311;2021-03-21;72829
2021-03-20;"Banskobystrický kraj";119;67926;383;68309;NA;83764;502;2021-03-20;72518
2021-03-19;"Banskobystrický kraj";240;44041;307;44348;NA;83764;547;2021-03-19;72016
2021-03-18;"Banskobystrický kraj";160;22467;273;22740;NA;83764;433;2021-03-18;71469
2021-03-17;"Banskobystrický kraj";262;21573;245;21818;NA;83764;507;2021-03-17;71036
2021-03-16;"Banskobystrický kraj";340;23365;224;23589;NA;83764;564;2021-03-16;70529
2021-03-15;"Banskobystrický kraj";95;31293;364;31657;NA;83764;459;2021-03-15;69965
2021-03-14;"Banskobystrický kraj";39;40650;229;40879;NA;83764;268;2021-03-14;69506
2021-03-13;"Banskobystrický kraj";209;67167;391;67558;NA;83764;600;2021-03-13;69238
2021-03-12;"Banskobystrický kraj";206;41439;330;41769;NA;83764;536;2021-03-12;68638
2021-03-11;"Banskobystrický kraj";228;21337;272;21609;NA;83764;500;2021-03-11;68102
2021-03-10;"Banskobystrický kraj";260;20381;238;20619;NA;83764;498;2021-03-10;67602
2021-03-09;"Banskobystrický kraj";352;21790;284;22074;NA;83764;636;2021-03-09;67104
2021-03-08;"Banskobystrický kraj";191;31488;427;31915;NA;83764;618;2021-03-08;66468
2021-03-07;"Banskobystrický kraj";60;39083;295;39378;NA;83764;355;2021-03-07;65850
2021-03-06;"Banskobystrický kraj";164;70562;410;70972;NA;83764;574;2021-03-06;65495
2021-03-05;"Banskobystrický kraj";221;42137;388;42525;NA;83764;609;2021-03-05;64921
2021-03-04;"Banskobystrický kraj";226;22007;334;22341;NA;83764;560;2021-03-04;64312
2021-03-03;"Banskobystrický kraj";317;21949;331;22280;NA;83764;648;2021-03-03;63752
2021-03-02;"Banskobystrický kraj";291;23152;354;23506;NA;83764;645;2021-03-02;63104
2021-03-01;"Banskobystrický kraj";151;31773;434;32207;NA;83764;585;2021-03-01;62459
2021-02-28;"Banskobystrický kraj";45;38663;336;38999;NA;83764;381;2021-02-28;61874
2021-02-27;"Banskobystrický kraj";289;66667;529;67196;NA;83764;818;2021-02-27;61493
2021-02-26;"Banskobystrický kraj";326;39489;468;39957;NA;83764;794;2021-02-26;60675
2021-02-25;"Banskobystrický kraj";375;18081;366;18447;NA;83764;741;2021-02-25;59881
2021-02-24;"Banskobystrický kraj";332;16735;373;17108;NA;83764;705;2021-02-24;59140
2021-02-23;"Banskobystrický kraj";462;19930;439;20369;NA;83764;901;2021-02-23;58435
2021-02-22;"Banskobystrický kraj";67;28643;598;29241;NA;83764;665;2021-02-22;57534
2021-02-21;"Banskobystrický kraj";68;37464;437;37901;NA;83764;505;2021-02-21;56869
2021-02-20;"Banskobystrický kraj";280;68851;598;69449;NA;83764;878;2021-02-20;56364
2021-02-19;"Banskobystrický kraj";420;39882;511;40393;NA;83764;931;2021-02-19;55486
2021-02-18;"Banskobystrický kraj";241;18618;396;19014;NA;83764;637;2021-02-18;54555
2021-02-17;"Banskobystrický kraj";415;16737;389;17126;NA;83764;804;2021-02-17;53918
2021-02-16;"Banskobystrický kraj";338;19727;368;20095;NA;83764;706;2021-02-16;53114
2021-02-15;"Banskobystrický kraj";118;35835;591;36426;NA;83764;709;2021-02-15;52408
2021-02-14;"Banskobystrický kraj";60;31894;386;32280;NA;83764;446;2021-02-14;51699
2021-02-13;"Banskobystrický kraj";202;53889;492;54381;NA;83764;694;2021-02-13;51253
2021-02-12;"Banskobystrický kraj";312;37270;533;37803;NA;83764;845;2021-02-12;50559
2021-02-11;"Banskobystrický kraj";305;21200;386;21586;NA;83764;691;2021-02-11;49714
2021-02-10;"Banskobystrický kraj";333;14790;344;15134;NA;83764;677;2021-02-10;49023
2021-02-09;"Banskobystrický kraj";329;18504;362;18866;NA;83764;691;2021-02-09;48346
2021-02-08;"Banskobystrický kraj";103;47046;672;47718;NA;83764;775;2021-02-08;47655
2021-02-07;"Banskobystrický kraj";70;37363;333;37696;NA;83764;403;2021-02-07;46880
2021-02-06;"Banskobystrický kraj";178;69388;570;69958;NA;83764;748;2021-02-06;46477
2021-02-05;"Banskobystrický kraj";282;24577;363;24940;NA;83764;645;2021-02-05;45729
2021-02-04;"Banskobystrický kraj";240;14367;430;14797;NA;83764;670;2021-02-04;45084
2021-02-03;"Banskobystrický kraj";350;9429;255;9684;NA;83764;605;2021-02-03;44414
2021-02-02;"Banskobystrický kraj";277;15740;334;16074;NA;83764;611;2021-02-02;43809
2021-02-01;"Banskobystrický kraj";75;24723;496;25219;NA;83764;571;2021-02-01;43198
2021-01-31;"Banskobystrický kraj";34;19983;201;20184;NA;83764;235;2021-01-31;42627
2021-01-30;"Banskobystrický kraj";163;63896;525;64421;NA;83764;688;2021-01-30;42392
2021-01-29;"Banskobystrický kraj";196;17360;269;17629;NA;83764;465;2021-01-29;41704
2021-01-28;"Banskobystrický kraj";218;14229;372;14601;NA;83764;590;2021-01-28;41239
2021-01-27;"Banskobystrický kraj";191;8128;200;8328;NA;83764;391;2021-01-27;40649
2021-01-26;"Banskobystrický kraj";238;19798;283;20081;NA;83764;521;2021-01-26;40258
2021-01-25;"Banskobystrický kraj";82;33666;412;34078;NA;83764;494;2021-01-25;39737
2021-01-24;"Banskobystrický kraj";38;35587;278;35865;NA;83764;316;2021-01-24;39243
2021-01-23;"Banskobystrický kraj";142;89032;524;89556;NA;83764;666;2021-01-23;38927
2021-01-22;"Banskobystrický kraj";175;26393;359;26752;NA;83764;534;2021-01-22;38261
2021-01-21;"Banskobystrický kraj";194;17308;285;17593;NA;83764;479;2021-01-21;37727
2021-01-20;"Banskobystrický kraj";231;9150;188;9338;NA;83764;419;2021-01-20;37248
2021-01-19;"Banskobystrický kraj";213;10708;311;11019;NA;83764;524;2021-01-19;36829
2021-01-18;"Banskobystrický kraj";94;7402;401;7803;NA;83764;495;2021-01-18;36305
2021-01-17;"Banskobystrický kraj";110;8154;77;8231;NA;83764;187;2021-01-17;35810
2021-01-16;"Banskobystrický kraj";58;2274;57;2331;NA;83764;115;2021-01-16;35623
2021-01-15;"Banskobystrický kraj";164;7673;217;7890;NA;83764;381;2021-01-15;35508
2021-01-14;"Banskobystrický kraj";220;5760;325;6085;NA;83764;545;2021-01-14;35127
2021-01-13;"Banskobystrický kraj";235;5974;217;6191;NA;83764;452;2021-01-13;34582
2021-01-12;"Banskobystrický kraj";194;6600;290;6890;NA;83764;484;2021-01-12;34130
2021-01-11;"Banskobystrický kraj";76;8231;481;8712;NA;83764;557;2021-01-11;33646
2021-01-10;"Banskobystrický kraj";110;433;4;437;NA;83764;114;2021-01-10;33089
2021-01-09;"Banskobystrický kraj";297;2378;81;2459;NA;83764;378;2021-01-09;32975
2021-01-08;"Banskobystrický kraj";435;9802;443;10245;NA;83764;878;2021-01-08;32597
2021-01-07;"Banskobystrický kraj";127;6322;366;6688;NA;83764;493;2021-01-07;31719
2021-01-06;"Banskobystrický kraj";305;3374;185;3559;NA;83764;490;2021-01-06;31226
2021-01-05;"Banskobystrický kraj";372;7349;533;7882;NA;83764;905;2021-01-05;30736
2021-01-04;"Banskobystrický kraj";130;7083;700;7783;NA;83764;830;2021-01-04;29831
2021-01-03;"Banskobystrický kraj";199;320;19;339;NA;83764;218;2021-01-03;29001
2021-01-02;"Banskobystrický kraj";123;702;85;787;NA;83764;208;2021-01-02;28783
2021-01-01;"Banskobystrický kraj";220;1958;132;2090;NA;83764;352;2021-01-01;28575
2020-12-31;"Banskobystrický kraj";499;7679;633;8312;NA;83764;1132;2020-12-31;28223
2020-12-30;"Banskobystrický kraj";593;7392;541;7933;NA;83764;1134;2020-12-30;27091
2020-12-29;"Banskobystrický kraj";240;7876;660;8536;NA;83764;900;2020-12-29;25957
2020-12-28;"Banskobystrický kraj";131;6120;720;6840;NA;83764;851;2020-12-28;25057
2020-12-27;"Banskobystrický kraj";116;541;25;566;NA;83764;141;2020-12-27;24206
2020-12-26;"Banskobystrický kraj";61;295;35;330;NA;83764;96;2020-12-26;24065
2020-12-25;"Banskobystrický kraj";65;888;10;898;NA;83764;75;2020-12-25;23969
2020-12-24;"Banskobystrický kraj";452;3685;135;3820;NA;83764;587;2020-12-24;23894
2020-12-23;"Banskobystrický kraj";368;10126;502;10628;NA;83764;870;2020-12-23;23307
2020-12-22;"Banskobystrický kraj";307;8467;619;9086;NA;83764;926;2020-12-22;22437
2020-12-21;"Banskobystrický kraj";286;4922;455;5377;NA;83764;741;2020-12-21;21511
2020-12-20;"Banskobystrický kraj";155;249;14;263;NA;83764;169;2020-12-20;20770
2020-12-19;"Banskobystrický kraj";170;3084;138;3222;NA;83764;308;2020-12-19;20601
2020-12-18;"Banskobystrický kraj";432;5959;331;6290;NA;83764;763;2020-12-18;20293
2020-12-17;"Banskobystrický kraj";468;8755;653;9408;NA;83764;1121;2020-12-17;19530
2020-12-16;"Banskobystrický kraj";379;10184;567;10751;NA;83764;946;2020-12-16;18409
2020-12-15;"Banskobystrický kraj";336;5281;425;5706;NA;83764;761;2020-12-15;17463
2020-12-14;"Banskobystrický kraj";148;4012;259;4271;NA;83764;407;2020-12-14;16702
2020-12-13;"Banskobystrický kraj";122;142;1;143;NA;83764;123;2020-12-13;16295
2020-12-12;"Banskobystrický kraj";137;2714;138;2852;NA;83764;275;2020-12-12;16172
2020-12-11;"Banskobystrický kraj";468;6633;362;6995;NA;83764;830;2020-12-11;15897
2020-12-10;"Banskobystrický kraj";280;5501;369;5870;NA;83764;649;2020-12-10;15067
2020-12-09;"Banskobystrický kraj";323;3941;205;4146;NA;83764;528;2020-12-09;14418
2020-12-08;"Banskobystrický kraj";256;3782;272;4054;NA;83764;528;2020-12-08;13890
2020-12-07;"Banskobystrický kraj";175;2633;177;2810;NA;83764;352;2020-12-07;13362
2020-12-06;"Banskobystrický kraj";121;507;11;518;NA;83764;132;2020-12-06;13010
2020-12-05;"Banskobystrický kraj";109;1099;34;1133;NA;83764;143;2020-12-05;12878
2020-12-04;"Banskobystrický kraj";339;3828;174;4002;NA;83764;513;2020-12-04;12735
2020-12-03;"Banskobystrický kraj";240;3193;234;3427;NA;83764;474;2020-12-03;12222
2020-12-02;"Banskobystrický kraj";217;4442;186;4628;NA;83764;403;2020-12-02;11748
2020-12-01;"Banskobystrický kraj";215;2702;134;2836;NA;83764;349;2020-12-01;11345
2020-11-30;"Banskobystrický kraj";74;4559;257;4816;NA;83764;331;2020-11-30;10996
2020-11-29;"Banskobystrický kraj";19;208;7;215;NA;83764;26;2020-11-29;10665
2020-11-28;"Banskobystrický kraj";81;1408;55;1463;NA;83764;136;2020-11-28;10639
2020-11-27;"Banskobystrický kraj";219;2266;123;2389;NA;83764;342;2020-11-27;10503
2020-11-26;"Banskobystrický kraj";208;2124;93;2217;NA;83764;301;2020-11-26;10161
2020-11-25;"Banskobystrický kraj";170;1952;86;2038;NA;83764;256;2020-11-25;9860
2020-11-24;"Banskobystrický kraj";166;2566;69;2635;NA;83764;235;2020-11-24;9604
2020-11-23;"Banskobystrický kraj";66;10240;194;10434;NA;83764;260;2020-11-23;9369
2020-11-22;"Banskobystrický kraj";38;104;1;105;NA;83764;39;2020-11-22;9109
2020-11-21;"Banskobystrický kraj";52;904;14;918;NA;83764;66;2020-11-21;9070
2020-11-20;"Banskobystrický kraj";127;2005;107;2112;NA;83764;234;2020-11-20;9004
2020-11-19;"Banskobystrický kraj";170;1218;82;1300;NA;83764;252;2020-11-19;8770
2020-11-18;"Banskobystrický kraj";153;698;65;763;NA;83764;218;2020-11-18;8518
2020-11-17;"Banskobystrický kraj";52;578;35;613;NA;83764;87;2020-11-17;8300
2020-11-16;"Banskobystrický kraj";106;470;25;495;NA;83764;131;2020-11-16;8213
2020-11-15;"Banskobystrický kraj";52;301;4;305;NA;83764;56;2020-11-15;8082
2020-11-14;"Banskobystrický kraj";73;305;2;307;NA;83764;75;2020-11-14;8026
2020-11-13;"Banskobystrický kraj";157;552;11;563;NA;83764;168;2020-11-13;7951
2020-11-12;"Banskobystrický kraj";218;952;44;996;NA;83764;262;2020-11-12;7783
2020-11-11;"Banskobystrický kraj";224;437;9;446;NA;83764;233;2020-11-11;7521
2020-11-10;"Banskobystrický kraj";263;463;18;481;NA;83764;281;2020-11-10;7288
2020-11-09;"Banskobystrický kraj";80;2678;31;2709;NA;83764;111;2020-11-09;7007
2020-11-08;"Banskobystrický kraj";82;981;16;997;NA;83764;98;2020-11-08;6896
2020-11-07;"Banskobystrický kraj";164;8828;94;8922;NA;83764;258;2020-11-07;6798
2020-11-06;"Banskobystrický kraj";227;2496;16;2512;NA;83764;243;2020-11-06;6540
2020-11-05;"Banskobystrický kraj";240;290;33;323;NA;83764;273;2020-11-05;6297
2020-11-04;"Banskobystrický kraj";254;1366;13;1379;NA;83764;267;2020-11-04;6024
2020-11-03;"Banskobystrický kraj";246;1332;4;1336;NA;83764;250;2020-11-03;5757
2020-11-02;"Banskobystrický kraj";90;2909;65;2974;NA;83764;155;2020-11-02;5507
2020-11-01;"Banskobystrický kraj";101;2671;42;2713;NA;83764;143;2020-11-01;5352
2020-10-31;"Banskobystrický kraj";199;13516;116;13632;NA;83764;315;2020-10-31;5209
2020-10-30;"Banskobystrický kraj";254;2829;20;2849;NA;83764;274;2020-10-30;4894
2020-10-29;"Banskobystrický kraj";372;969;42;1011;NA;83764;414;2020-10-29;4620
2020-10-28;"Banskobystrický kraj";285;302;30;332;NA;83764;315;2020-10-28;4206
2020-10-27;"Banskobystrický kraj";266;654;40;694;NA;83764;306;2020-10-27;3891
2020-10-26;"Banskobystrický kraj";38;234;29;263;NA;83764;67;2020-10-26;3585
2020-10-25;"Banskobystrický kraj";50;140;11;151;NA;83764;61;2020-10-25;3518
2020-10-24;"Banskobystrický kraj";315;114;12;126;NA;83764;327;2020-10-24;3457
2020-10-23;"Banskobystrický kraj";231;230;29;259;NA;83764;260;2020-10-23;3130
2020-10-22;"Banskobystrický kraj";264;253;24;277;NA;83764;288;2020-10-22;2870
2020-10-21;"Banskobystrický kraj";209;266;3;269;NA;83764;212;2020-10-21;2582
2020-10-20;"Banskobystrický kraj";210;66;3;69;NA;83764;213;2020-10-20;2370
2020-10-19;"Banskobystrický kraj";27;73;12;85;NA;83764;39;2020-10-19;2157
2020-10-18;"Banskobystrický kraj";49;0;0;0;NA;83764;49;2020-10-18;2118
2020-10-17;"Banskobystrický kraj";91;0;0;0;NA;83764;91;2020-10-17;2069
2020-10-16;"Banskobystrický kraj";224;37;3;40;NA;83764;227;2020-10-16;1978
2020-10-15;"Banskobystrický kraj";133;29;1;30;NA;83764;134;2020-10-15;1751
2020-10-14;"Banskobystrický kraj";139;31;1;32;NA;83764;140;2020-10-14;1617
2020-10-13;"Banskobystrický kraj";151;169;11;180;NA;83764;162;2020-10-13;1477
2020-10-12;"Banskobystrický kraj";11;110;4;114;NA;83764;15;2020-10-12;1315
2020-10-11;"Banskobystrický kraj";14;0;0;0;NA;83764;14;2020-10-11;1300
2020-10-10;"Banskobystrický kraj";53;0;0;0;NA;83764;53;2020-10-10;1286
2020-10-09;"Banskobystrický kraj";128;0;0;0;NA;83764;128;2020-10-09;1233
2020-10-08;"Banskobystrický kraj";99;0;0;0;NA;83764;99;2020-10-08;1105
2020-10-07;"Banskobystrický kraj";124;0;0;0;NA;83764;124;2020-10-07;1006
2020-10-06;"Banskobystrický kraj";68;0;0;0;NA;83764;68;2020-10-06;882
2020-10-05;"Banskobystrický kraj";49;0;0;0;NA;83764;49;2020-10-05;814
2020-10-04;"Banskobystrický kraj";8;0;0;0;NA;83764;8;2020-10-04;765
2020-10-03;"Banskobystrický kraj";37;0;0;0;NA;83764;37;2020-10-03;757
2020-10-02;"Banskobystrický kraj";74;0;0;0;NA;83764;74;2020-10-02;720
2020-10-01;"Banskobystrický kraj";49;0;0;0;NA;83764;49;2020-10-01;646
2020-09-30;"Banskobystrický kraj";60;0;0;0;NA;83764;60;2020-09-30;597
2020-09-29;"Banskobystrický kraj";24;0;0;0;NA;83764;24;2020-09-29;537
2020-09-28;"Banskobystrický kraj";0;0;0;0;NA;83764;0;2020-09-28;513
2020-09-27;"Banskobystrický kraj";20;0;0;0;NA;83764;20;2020-09-27;513
2020-09-26;"Banskobystrický kraj";24;0;0;0;NA;83764;24;2020-09-26;493
2020-09-25;"Banskobystrický kraj";29;0;0;0;NA;83764;29;2020-09-25;469
2020-09-24;"Banskobystrický kraj";25;0;0;0;NA;83764;25;2020-09-24;440
2020-09-23;"Banskobystrický kraj";17;0;0;0;NA;83764;17;2020-09-23;415
2020-09-22;"Banskobystrický kraj";25;0;0;0;NA;83764;25;2020-09-22;398
2020-09-21;"Banskobystrický kraj";3;0;0;0;NA;83764;3;2020-09-21;373
2020-09-20;"Banskobystrický kraj";0;0;0;0;NA;83764;0;2020-09-20;370
2020-09-19;"Banskobystrický kraj";3;0;0;0;NA;83764;3;2020-09-19;370
2020-09-18;"Banskobystrický kraj";24;0;0;0;NA;83764;24;2020-09-18;367
2020-09-17;"Banskobystrický kraj";14;0;0;0;NA;83764;14;2020-09-17;343
2020-09-16;"Banskobystrický kraj";6;0;0;0;NA;83764;6;2020-09-16;329
2020-09-15;"Banskobystrický kraj";2;0;0;0;NA;83764;2;2020-09-15;323
2020-09-14;"Banskobystrický kraj";13;0;0;0;NA;83764;13;2020-09-14;321
2020-09-13;"Banskobystrický kraj";1;0;0;0;NA;83764;1;2020-09-13;308
2020-09-12;"Banskobystrický kraj";5;0;0;0;NA;83764;5;2020-09-12;307
2020-09-11;"Banskobystrický kraj";19;0;0;0;NA;83764;19;2020-09-11;302
2020-09-10;"Banskobystrický kraj";11;0;0;0;NA;83764;11;2020-09-10;283
2020-09-09;"Banskobystrický kraj";13;0;0;0;NA;83764;13;2020-09-09;272
2020-09-08;"Banskobystrický kraj";5;0;0;0;NA;83764;5;2020-09-08;259
2020-09-07;"Banskobystrický kraj";2;0;0;0;NA;83764;2;2020-09-07;254
2020-09-06;"Banskobystrický kraj";0;0;0;0;NA;83764;0;2020-09-06;252
2020-09-05;"Banskobystrický kraj";0;0;0;0;NA;83764;0;2020-09-05;252
2020-09-04;"Banskobystrický kraj";9;0;0;0;NA;83764;9;2020-09-04;252
2020-09-03;"Banskobystrický kraj";5;0;0;0;NA;83764;5;2020-09-03;243
2020-09-02;"Banskobystrický kraj";6;0;0;0;NA;83764;6;2020-09-02;238
2020-09-01;"Banskobystrický kraj";2;0;0;0;NA;83764;2;2020-09-01;232
2020-08-31;"Banskobystrický kraj";6;0;0;0;NA;83764;6;2020-08-31;230
2020-08-30;"Banskobystrický kraj";0;0;0;0;NA;83764;0;2020-08-30;224
2020-08-29;"Banskobystrický kraj";1;0;0;0;NA;83764;1;2020-08-29;224
2020-08-28;"Banskobystrický kraj";3;0;0;0;NA;83764;3;2020-08-28;223
2020-08-27;"Banskobystrický kraj";1;0;0;0;NA;83764;1;2020-08-27;220
2020-08-26;"Banskobystrický kraj";2;0;0;0;NA;83764;2;2020-08-26;219
2020-08-25;"Banskobystrický kraj";2;0;0;0;NA;83764;2;2020-08-25;217
2020-08-24;"Banskobystrický kraj";0;0;0;0;NA;83764;0;2020-08-24;215
2020-08-23;"Banskobystrický kraj";0;0;0;0;NA;83764;0;2020-08-23;215
2020-08-22;"Banskobystrický kraj";0;0;0;0;NA;83764;0;2020-08-22;215
2020-08-21;"Banskobystrický kraj";4;0;0;0;NA;83764;4;2020-08-21;215
2020-08-20;"Banskobystrický kraj";1;0;0;0;NA;83764;1;2020-08-20;211
2020-08-19;"Banskobystrický kraj";4;0;0;0;NA;83764;4;2020-08-19;210
2020-08-18;"Banskobystrický kraj";0;0;0;0;NA;83764;0;2020-08-18;206
2020-08-17;"Banskobystrický kraj";1;0;0;0;NA;83764;1;2020-08-17;206
2020-08-16;"Banskobystrický kraj";0;0;0;0;NA;83764;0;2020-08-16;205
2020-08-15;"Banskobystrický kraj";0;0;0;0;NA;83764;0;2020-08-15;205
2020-08-14;"Banskobystrický kraj";5;0;0;0;NA;83764;5;2020-08-14;205
2020-08-13;"Banskobystrický kraj";0;0;0;0;NA;83764;0;2020-08-13;200
2020-08-12;"Banskobystrický kraj";0;0;0;0;NA;83764;0;2020-08-12;200
2020-08-11;"Banskobystrický kraj";2;0;0;0;NA;83764;2;2020-08-11;200
2020-08-10;"Banskobystrický kraj";3;0;0;0;NA;83764;3;2020-08-10;198
2020-08-09;"Banskobystrický kraj";0;0;0;0;NA;83764;0;2020-08-09;195
2020-08-08;"Banskobystrický kraj";2;0;0;0;NA;83764;2;2020-08-08;195
2020-08-07;"Banskobystrický kraj";1;0;0;0;NA;83764;1;2020-08-07;193
2020-08-06;"Banskobystrický kraj";1;0;0;0;NA;83764;1;2020-08-06;192
2020-08-05;"Banskobystrický kraj";0;0;0;0;NA;83764;0;2020-08-05;191
2020-08-04;"Banskobystrický kraj";3;0;0;0;NA;83764;3;2020-08-04;191
2020-08-03;"Banskobystrický kraj";0;0;0;0;NA;83764;0;2020-08-03;188
2020-08-02;"Banskobystrický kraj";0;0;0;0;NA;83764;0;2020-08-02;188
2020-08-01;"Banskobystrický kraj";1;0;0;0;NA;83764;1;2020-08-01;188
2020-07-31;"Banskobystrický kraj";2;0;0;0;NA;83764;2;2020-07-31;187
2020-07-30;"Banskobystrický kraj";1;0;0;0;NA;83764;1;2020-07-30;185
2020-07-29;"Banskobystrický kraj";0;0;0;0;NA;83764;0;2020-07-29;184
2020-07-28;"Banskobystrický kraj";2;0;0;0;NA;83764;2;2020-07-28;184
2020-07-27;"Banskobystrický kraj";3;0;0;0;NA;83764;3;2020-07-27;182
2020-07-26;"Banskobystrický kraj";0;0;0;0;NA;83764;0;2020-07-26;179
2020-07-25;"Banskobystrický kraj";0;0;0;0;NA;83764;0;2020-07-25;179
2020-07-24;"Banskobystrický kraj";9;0;0;0;NA;83764;9;2020-07-24;179
2020-07-23;"Banskobystrický kraj";0;0;0;0;NA;83764;0;2020-07-23;170
2020-07-22;"Banskobystrický kraj";3;0;0;0;NA;83764;3;2020-07-22;170
2020-07-21;"Banskobystrický kraj";3;0;0;0;NA;83764;3;2020-07-21;167
2020-07-20;"Banskobystrický kraj";1;0;0;0;NA;83764;1;2020-07-20;164
2020-07-19;"Banskobystrický kraj";1;0;0;0;NA;83764;1;2020-07-19;163
2020-07-18;"Banskobystrický kraj";0;0;0;0;NA;83764;0;2020-07-18;162
2020-07-17;"Banskobystrický kraj";2;0;0;0;NA;83764;2;2020-07-17;162
2020-07-16;"Banskobystrický kraj";1;0;0;0;NA;83764;1;2020-07-16;160
2020-07-15;"Banskobystrický kraj";4;0;0;0;NA;83764;4;2020-07-15;159
2020-07-14;"Banskobystrický kraj";2;0;0;0;NA;83764;2;2020-07-14;155
2020-07-13;"Banskobystrický kraj";1;0;0;0;NA;83764;1;2020-07-13;153
2020-07-12;"Banskobystrický kraj";0;0;0;0;NA;83764;0;2020-07-12;152
2020-07-11;"Banskobystrický kraj";0;0;0;0;NA;83764;0;2020-07-11;152
2020-07-10;"Banskobystrický kraj";3;0;0;0;NA;83764;3;2020-07-10;152
2020-07-09;"Banskobystrický kraj";9;0;0;0;NA;83764;9;2020-07-09;149
2020-07-08;"Banskobystrický kraj";0;0;0;0;NA;83764;0;2020-07-08;140
2020-07-07;"Banskobystrický kraj";4;0;0;0;NA;83764;4;2020-07-07;140
2020-07-06;"Banskobystrický kraj";0;0;0;0;NA;83764;0;2020-07-06;136
2020-07-05;"Banskobystrický kraj";0;0;0;0;NA;83764;0;2020-07-05;136
2020-07-04;"Banskobystrický kraj";1;0;0;0;NA;83764;1;2020-07-04;136
2020-07-03;"Banskobystrický kraj";4;0;0;0;NA;83764;4;2020-07-03;135
2020-07-02;"Banskobystrický kraj";0;0;0;0;NA;83764;0;2020-07-02;131
2020-07-01;"Banskobystrický kraj";1;0;0;0;NA;83764;1;2020-07-01;131
2020-06-30;"Banskobystrický kraj";0;0;0;0;NA;83764;0;2020-06-30;130
2020-06-29;"Banskobystrický kraj";0;0;0;0;NA;83764;0;2020-06-29;130
2020-06-28;"Banskobystrický kraj";0;0;0;0;NA;83764;0;2020-06-28;130
2020-06-27;"Banskobystrický kraj";0;0;0;0;NA;83764;0;2020-06-27;130
2020-06-26;"Banskobystrický kraj";0;0;0;0;NA;83764;0;2020-06-26;130
2020-06-25;"Banskobystrický kraj";1;0;0;0;NA;83764;1;2020-06-25;130
2020-06-24;"Banskobystrický kraj";0;0;0;0;NA;83764;0;2020-06-24;129
2020-06-23;"Banskobystrický kraj";6;0;0;0;NA;83764;6;2020-06-23;129
2020-06-22;"Banskobystrický kraj";0;0;0;0;NA;83764;0;2020-06-22;123
2020-06-21;"Banskobystrický kraj";0;0;0;0;NA;83764;0;2020-06-21;123
2020-06-20;"Banskobystrický kraj";0;0;0;0;NA;83764;0;2020-06-20;123
2020-06-19;"Banskobystrický kraj";2;0;0;0;NA;83764;2;2020-06-19;123
2020-06-18;"Banskobystrický kraj";10;0;0;0;NA;83764;10;2020-06-18;121
2020-06-17;"Banskobystrický kraj";1;0;0;0;NA;83764;1;2020-06-17;111
2020-06-16;"Banskobystrický kraj";0;0;0;0;NA;83764;0;2020-06-16;110
2020-06-14;"Banskobystrický kraj";2;0;0;0;NA;83764;2;2020-06-14;110
2020-06-13;"Banskobystrický kraj";2;0;0;0;NA;83764;2;2020-06-13;108
2020-06-12;"Banskobystrický kraj";0;0;0;0;NA;83764;0;2020-06-12;106
2020-06-11;"Banskobystrický kraj";1;0;0;0;NA;83764;1;2020-06-11;106
2020-06-10;"Banskobystrický kraj";0;0;0;0;NA;83764;0;2020-06-10;105
2020-06-09;"Banskobystrický kraj";0;0;0;0;NA;83764;0;2020-06-09;105
2020-06-08;"Banskobystrický kraj";0;0;0;0;NA;83764;0;2020-06-08;105
2020-06-07;"Banskobystrický kraj";0;0;0;0;NA;83764;0;2020-06-07;105
2020-06-05;"Banskobystrický kraj";2;0;0;0;NA;83764;2;2020-06-05;105
2020-06-03;"Banskobystrický kraj";0;0;0;0;NA;83764;0;2020-06-03;103
2020-06-02;"Banskobystrický kraj";0;0;0;0;NA;83764;0;2020-06-02;103
2020-05-31;"Banskobystrický kraj";0;0;0;0;NA;83764;0;2020-05-31;103
2020-05-29;"Banskobystrický kraj";0;0;0;0;NA;83764;0;2020-05-29;103
2020-05-27;"Banskobystrický kraj";1;0;0;0;NA;83764;1;2020-05-27;103
2020-05-26;"Banskobystrický kraj";0;0;0;0;NA;83764;0;2020-05-26;102
2020-05-25;"Banskobystrický kraj";0;0;0;0;NA;83764;0;2020-05-25;102
2020-05-24;"Banskobystrický kraj";0;0;0;0;NA;83764;0;2020-05-24;102
2020-05-23;"Banskobystrický kraj";1;0;0;0;NA;83764;1;2020-05-23;102
2020-05-22;"Banskobystrický kraj";0;0;0;0;NA;83764;0;2020-05-22;101
2020-05-21;"Banskobystrický kraj";0;0;0;0;NA;83764;0;2020-05-21;101
2020-05-20;"Banskobystrický kraj";1;0;0;0;NA;83764;1;2020-05-20;101
2020-05-19;"Banskobystrický kraj";0;0;0;0;NA;83764;0;2020-05-19;100
2020-05-17;"Banskobystrický kraj";0;0;0;0;NA;83764;0;2020-05-17;100
2020-05-16;"Banskobystrický kraj";0;0;0;0;NA;83764;0;2020-05-16;100
2020-05-15;"Banskobystrický kraj";0;0;0;0;NA;83764;0;2020-05-15;100
2020-05-14;"Banskobystrický kraj";0;0;0;0;NA;83764;0;2020-05-14;100
2020-05-13;"Banskobystrický kraj";0;0;0;0;NA;83764;0;2020-05-13;100
2020-05-12;"Banskobystrický kraj";1;0;0;0;NA;83764;1;2020-05-12;100
2020-05-11;"Banskobystrický kraj";0;0;0;0;NA;83764;0;2020-05-11;99
2020-05-09;"Banskobystrický kraj";0;0;0;0;NA;83764;0;2020-05-09;99
2020-05-07;"Banskobystrický kraj";2;0;0;0;NA;83764;2;2020-05-07;99
2020-05-06;"Banskobystrický kraj";1;0;0;0;NA;83764;1;2020-05-06;97
2020-05-05;"Banskobystrický kraj";2;0;0;0;NA;83764;2;2020-05-05;96
2020-05-04;"Banskobystrický kraj";0;0;0;0;NA;83764;0;2020-05-04;94
2020-05-03;"Banskobystrický kraj";0;0;0;0;NA;83764;0;2020-05-03;94
2020-05-02;"Banskobystrický kraj";0;0;0;0;NA;83764;0;2020-05-02;94
2020-05-01;"Banskobystrický kraj";0;0;0;0;NA;83764;0;2020-05-01;94
2020-04-30;"Banskobystrický kraj";1;0;0;0;NA;83764;1;2020-04-30;94
2020-04-29;"Banskobystrický kraj";1;0;0;0;NA;83764;1;2020-04-29;93
2020-04-28;"Banskobystrický kraj";0;0;0;0;NA;83764;0;2020-04-28;92
2020-04-27;"Banskobystrický kraj";0;0;0;0;NA;83764;0;2020-04-27;92
2020-04-26;"Banskobystrický kraj";0;0;0;0;NA;83764;0;2020-04-26;92
2020-04-25;"Banskobystrický kraj";2;0;0;0;NA;83764;2;2020-04-25;92
2020-04-24;"Banskobystrický kraj";3;0;0;0;NA;83764;3;2020-04-24;90
2020-04-23;"Banskobystrický kraj";2;0;0;0;NA;83764;2;2020-04-23;87
2020-04-22;"Banskobystrický kraj";2;0;0;0;NA;83764;2;2020-04-22;85
2020-04-21;"Banskobystrický kraj";2;0;0;0;NA;83764;2;2020-04-21;83
2020-04-20;"Banskobystrický kraj";0;0;0;0;NA;83764;0;2020-04-20;81
2020-04-19;"Banskobystrický kraj";0;0;0;0;NA;83764;0;2020-04-19;81
2020-04-18;"Banskobystrický kraj";8;0;0;0;NA;83764;8;2020-04-18;81
2020-04-17;"Banskobystrický kraj";2;0;0;0;NA;83764;2;2020-04-17;73
2020-04-16;"Banskobystrický kraj";0;0;0;0;NA;83764;0;2020-04-16;71
2020-04-15;"Banskobystrický kraj";10;0;0;0;NA;83764;10;2020-04-15;71
2020-04-14;"Banskobystrický kraj";0;0;0;0;NA;83764;0;2020-04-14;61
2020-04-13;"Banskobystrický kraj";2;0;0;0;NA;83764;2;2020-04-13;61
2020-04-12;"Banskobystrický kraj";4;0;0;0;NA;83764;4;2020-04-12;59
2020-04-11;"Banskobystrický kraj";1;0;0;0;NA;83764;1;2020-04-11;55
2020-04-10;"Banskobystrický kraj";0;0;0;0;NA;83764;0;2020-04-10;54
2020-04-09;"Banskobystrický kraj";2;0;0;0;NA;83764;2;2020-04-09;54
2020-04-08;"Banskobystrický kraj";0;0;0;0;NA;83764;0;2020-04-08;52
2020-04-07;"Banskobystrický kraj";4;0;0;0;NA;83764;4;2020-04-07;52
2020-04-06;"Banskobystrický kraj";10;0;0;0;NA;83764;10;2020-04-06;48
2020-04-05;"Banskobystrický kraj";9;0;0;0;NA;83764;9;2020-04-05;38
2020-04-04;"Banskobystrický kraj";0;0;0;0;NA;83764;0;2020-04-04;29
2020-04-03;"Banskobystrický kraj";2;0;0;0;NA;83764;2;2020-04-03;29
2020-04-02;"Banskobystrický kraj";2;0;0;0;NA;83764;2;2020-04-02;27
2020-04-01;"Banskobystrický kraj";5;0;0;0;NA;83764;5;2020-04-01;25
2020-03-31;"Banskobystrický kraj";3;0;0;0;NA;83764;3;2020-03-31;20
2020-03-30;"Banskobystrický kraj";1;0;0;0;NA;83764;1;2020-03-30;17
2020-03-29;"Banskobystrický kraj";2;0;0;0;NA;83764;2;2020-03-29;16
2020-03-28;"Banskobystrický kraj";1;0;0;0;NA;83764;1;2020-03-28;14
2020-03-27;"Banskobystrický kraj";1;0;0;0;NA;83764;1;2020-03-27;13
2020-03-26;"Banskobystrický kraj";1;0;0;0;NA;83764;1;2020-03-26;12
2020-03-25;"Banskobystrický kraj";0;0;0;0;NA;83764;0;2020-03-25;11
2020-03-24;"Banskobystrický kraj";1;0;0;0;NA;83764;1;2020-03-24;11
2020-03-23;"Banskobystrický kraj";1;0;0;0;NA;83764;1;2020-03-23;10
2020-03-22;"Banskobystrický kraj";0;0;0;0;NA;83764;0;2020-03-22;9
2020-03-21;"Banskobystrický kraj";3;0;0;0;NA;83764;3;2020-03-21;9
2020-03-20;"Banskobystrický kraj";0;0;0;0;NA;83764;0;2020-03-20;6
2020-03-19;"Banskobystrický kraj";2;0;0;0;NA;83764;2;2020-03-19;6
2020-03-18;"Banskobystrický kraj";1;0;0;0;NA;83764;1;2020-03-18;4
2020-03-17;"Banskobystrický kraj";1;0;0;0;NA;83764;1;2020-03-17;3
2020-03-16;"Banskobystrický kraj";0;0;0;0;NA;83764;0;2020-03-16;2
2020-03-15;"Banskobystrický kraj";1;0;0;0;NA;83764;1;2020-03-15;2
2020-03-14;"Banskobystrický kraj";0;0;0;0;NA;83764;0;2020-03-14;1
2020-03-13;"Banskobystrický kraj";1;0;0;0;NA;83764;1;2020-03-13;1
2020-03-12;"Banskobystrický kraj";0;0;0;0;NA;83764;0;2020-03-12;0
2020-03-11;"Banskobystrický kraj";0;0;0;0;NA;83764;0;2020-03-11;0
2020-03-09;"Banskobystrický kraj";0;0;0;0;NA;83764;0;2020-03-09;0
2020-03-08;"Banskobystrický kraj";0;0;0;0;NA;83764;0;2020-03-08;0
2020-03-07;"Banskobystrický kraj";0;0;0;0;NA;83764;0;2020-03-07;0
2020-03-06;"Banskobystrický kraj";0;0;0;0;NA;83764;0;2020-03-06;0
2021-07-05;"Bratislavský kraj";5;2383;1;2384;44408;91125;6;2021-07-05;91125
2021-07-04;"Bratislavský kraj";3;1749;0;1749;NA;91125;3;2021-07-04;91119
2021-07-03;"Bratislavský kraj";8;2085;1;2086;NA;91125;9;2021-07-03;91116
2021-07-02;"Bratislavský kraj";4;2034;4;2038;NA;91125;8;2021-07-02;91107
2021-07-01;"Bratislavský kraj";6;1716;5;1721;NA;91125;11;2021-07-01;91099
2021-06-30;"Bratislavský kraj";2;11597;11;11608;NA;91125;13;2021-06-30;91088
2021-06-29;"Bratislavský kraj";5;5100;6;5106;NA;91125;11;2021-06-29;91075
2021-06-28;"Bratislavský kraj";16;7957;26;7983;NA;91125;42;2021-06-28;91064
2021-06-27;"Bratislavský kraj";4;6821;10;6831;NA;91125;14;2021-06-27;91022
2021-06-26;"Bratislavský kraj";3;7598;5;7603;NA;91125;8;2021-06-26;91008
2021-06-25;"Bratislavský kraj";7;9154;14;9168;NA;91125;21;2021-06-25;91000
2021-06-24;"Bratislavský kraj";3;7376;17;7393;NA;91125;20;2021-06-24;90979
2021-06-23;"Bratislavský kraj";4;7041;12;7053;NA;91125;16;2021-06-23;90959
2021-06-22;"Bratislavský kraj";6;6636;9;6645;NA;91125;15;2021-06-22;90943
2021-06-21;"Bratislavský kraj";5;7120;9;7129;NA;91125;14;2021-06-21;90928
2021-06-20;"Bratislavský kraj";0;7465;6;7471;NA;91125;6;2021-06-20;90914
2021-06-19;"Bratislavský kraj";3;8444;4;8448;NA;91125;7;2021-06-19;90908
2021-06-18;"Bratislavský kraj";5;12455;9;12464;NA;91125;14;2021-06-18;90901
2021-06-17;"Bratislavský kraj";3;8369;13;8382;NA;91125;16;2021-06-17;90887
2021-06-16;"Bratislavský kraj";3;7084;4;7088;NA;91125;7;2021-06-16;90871
2021-06-15;"Bratislavský kraj";7;7205;16;7221;NA;91125;23;2021-06-15;90864
2021-06-14;"Bratislavský kraj";4;8132;9;8141;NA;91125;13;2021-06-14;90841
2021-06-13;"Bratislavský kraj";2;8677;10;8687;NA;91125;12;2021-06-13;90828
2021-06-12;"Bratislavský kraj";4;10617;11;10628;NA;91125;15;2021-06-12;90816
2021-06-11;"Bratislavský kraj";9;13336;21;13357;NA;91125;30;2021-06-11;90801
2021-06-10;"Bratislavský kraj";12;8511;15;8526;NA;91125;27;2021-06-10;90771
2021-06-09;"Bratislavský kraj";12;7521;12;7533;NA;91125;24;2021-06-09;90744
2021-06-08;"Bratislavský kraj";13;7670;29;7699;NA;91125;42;2021-06-08;90720
2021-06-07;"Bratislavský kraj";13;9145;43;9188;NA;91125;56;2021-06-07;90678
2021-06-06;"Bratislavský kraj";3;10213;20;10233;NA;91125;23;2021-06-06;90622
2021-06-05;"Bratislavský kraj";2;12187;15;12202;NA;91125;17;2021-06-05;90599
2021-06-04;"Bratislavský kraj";10;13556;31;13587;NA;91125;41;2021-06-04;90582
2021-06-03;"Bratislavský kraj";12;9452;19;9471;NA;91125;31;2021-06-03;90541
2021-06-02;"Bratislavský kraj";10;8684;17;8701;NA;91125;27;2021-06-02;90510
2021-06-01;"Bratislavský kraj";3;8540;25;8565;NA;91125;28;2021-06-01;90483
2021-05-31;"Bratislavský kraj";18;11120;32;11152;NA;91125;50;2021-05-31;90455
2021-05-30;"Bratislavský kraj";1;11608;16;11624;NA;91125;17;2021-05-30;90405
2021-05-29;"Bratislavský kraj";4;11742;8;11750;NA;91125;12;2021-05-29;90388
2021-05-28;"Bratislavský kraj";14;15585;22;15607;NA;91125;36;2021-05-28;90376
2021-05-27;"Bratislavský kraj";5;11196;18;11214;NA;91125;23;2021-05-27;90340
2021-05-26;"Bratislavský kraj";20;10518;17;10535;NA;91125;37;2021-05-26;90317
2021-05-25;"Bratislavský kraj";19;11473;31;11504;NA;91125;50;2021-05-25;90280
2021-05-24;"Bratislavský kraj";12;12965;23;12988;NA;91125;35;2021-05-24;90230
2021-05-23;"Bratislavský kraj";7;12858;24;12882;NA;91125;31;2021-05-23;90195
2021-05-22;"Bratislavský kraj";6;13522;21;13543;NA;91125;27;2021-05-22;90164
2021-05-21;"Bratislavský kraj";15;18645;22;18667;NA;91125;37;2021-05-21;90137
2021-05-20;"Bratislavský kraj";15;13718;17;13735;NA;91125;32;2021-05-20;90100
2021-05-19;"Bratislavský kraj";21;11760;24;11784;NA;91125;45;2021-05-19;90068
2021-05-18;"Bratislavský kraj";14;12748;32;12780;NA;91125;46;2021-05-18;90023
2021-05-17;"Bratislavský kraj";15;13750;29;13779;NA;91125;44;2021-05-17;89977
2021-05-16;"Bratislavský kraj";12;19549;32;19581;NA;91125;44;2021-05-16;89933
2021-05-15;"Bratislavský kraj";1;17469;30;17499;NA;91125;31;2021-05-15;89889
2021-05-14;"Bratislavský kraj";15;21841;30;21871;NA;91125;45;2021-05-14;89858
2021-05-13;"Bratislavský kraj";9;15952;17;15969;NA;91125;26;2021-05-13;89813
2021-05-12;"Bratislavský kraj";11;14413;28;14441;NA;91125;39;2021-05-12;89787
2021-05-11;"Bratislavský kraj";29;16490;31;16521;NA;91125;60;2021-05-11;89748
2021-05-10;"Bratislavský kraj";27;19747;64;19811;NA;91125;91;2021-05-10;89688
2021-05-09;"Bratislavský kraj";9;29162;32;29194;NA;91125;41;2021-05-09;89597
2021-05-08;"Bratislavský kraj";5;19014;24;19038;NA;91125;29;2021-05-08;89556
2021-05-07;"Bratislavský kraj";32;27516;64;27580;NA;91125;96;2021-05-07;89527
2021-05-06;"Bratislavský kraj";19;20079;52;20131;NA;91125;71;2021-05-06;89431
2021-05-05;"Bratislavský kraj";29;15368;29;15397;NA;91125;58;2021-05-05;89360
2021-05-04;"Bratislavský kraj";46;18910;53;18963;NA;91125;99;2021-05-04;89302
2021-05-03;"Bratislavský kraj";37;22180;64;22244;NA;91125;101;2021-05-03;89203
2021-05-02;"Bratislavský kraj";38;43064;75;43139;NA;91125;113;2021-05-02;89102
2021-05-01;"Bratislavský kraj";11;39905;40;39945;NA;91125;51;2021-05-01;88989
2021-04-30;"Bratislavský kraj";43;46706;82;46788;NA;91125;125;2021-04-30;88938
2021-04-29;"Bratislavský kraj";48;30015;94;30109;NA;91125;142;2021-04-29;88813
2021-04-28;"Bratislavský kraj";40;28408;76;28484;NA;91125;116;2021-04-28;88671
2021-04-27;"Bratislavský kraj";41;29922;52;29974;NA;91125;93;2021-04-27;88555
2021-04-26;"Bratislavský kraj";59;34519;96;34615;NA;91125;155;2021-04-26;88462
2021-04-25;"Bratislavský kraj";8;57615;74;57689;NA;91125;82;2021-04-25;88307
2021-04-24;"Bratislavský kraj";28;74254;66;74320;NA;91125;94;2021-04-24;88225
2021-04-23;"Bratislavský kraj";70;47937;61;47998;NA;91125;131;2021-04-23;88131
2021-04-22;"Bratislavský kraj";39;30816;72;30888;NA;91125;111;2021-04-22;88000
2021-04-21;"Bratislavský kraj";48;30099;62;30161;NA;91125;110;2021-04-21;87889
2021-04-20;"Bratislavský kraj";58;34760;63;34823;NA;91125;121;2021-04-20;87779
2021-04-19;"Bratislavský kraj";48;39305;80;39385;NA;91125;128;2021-04-19;87658
2021-04-18;"Bratislavský kraj";35;62300;76;62376;NA;91125;111;2021-04-18;87530
2021-04-17;"Bratislavský kraj";13;79656;111;79767;NA;91125;124;2021-04-17;87419
2021-04-16;"Bratislavský kraj";62;46723;80;46803;NA;91125;142;2021-04-16;87295
2021-04-15;"Bratislavský kraj";34;31695;74;31769;NA;91125;108;2021-04-15;87153
2021-04-14;"Bratislavský kraj";65;33494;88;33582;NA;91125;153;2021-04-14;87045
2021-04-13;"Bratislavský kraj";82;35032;82;35114;NA;91125;164;2021-04-13;86892
2021-04-12;"Bratislavský kraj";77;42034;115;42149;NA;91125;192;2021-04-12;86728
2021-04-11;"Bratislavský kraj";42;61151;123;61274;NA;91125;165;2021-04-11;86536
2021-04-10;"Bratislavský kraj";14;77167;167;77334;NA;91125;181;2021-04-10;86371
2021-04-09;"Bratislavský kraj";72;41034;97;41131;NA;91125;169;2021-04-09;86190
2021-04-08;"Bratislavský kraj";71;28475;93;28568;NA;91125;164;2021-04-08;86021
2021-04-07;"Bratislavský kraj";96;37570;101;37671;NA;91125;197;2021-04-07;85857
2021-04-06;"Bratislavský kraj";94;55523;175;55698;NA;91125;269;2021-04-06;85660
2021-04-05;"Bratislavský kraj";85;18380;85;18465;NA;91125;170;2021-04-05;85391
2021-04-04;"Bratislavský kraj";37;29225;75;29300;NA;91125;112;2021-04-04;85221
2021-04-03;"Bratislavský kraj";52;79082;220;79302;NA;91125;272;2021-04-03;85109
2021-04-02;"Bratislavský kraj";33;23790;104;23894;NA;91125;137;2021-04-02;84837
2021-04-01;"Bratislavský kraj";119;56653;158;56811;NA;91125;277;2021-04-01;84700
2021-03-31;"Bratislavský kraj";105;45689;149;45838;NA;91125;254;2021-03-31;84423
2021-03-30;"Bratislavský kraj";100;39010;142;39152;NA;91125;242;2021-03-30;84169
2021-03-29;"Bratislavský kraj";153;40124;178;40302;NA;91125;331;2021-03-29;83927
2021-03-28;"Bratislavský kraj";59;53372;137;53509;NA;91125;196;2021-03-28;83596
2021-03-27;"Bratislavský kraj";53;79160;239;79399;NA;91125;292;2021-03-27;83400
2021-03-26;"Bratislavský kraj";114;55513;190;55703;NA;91125;304;2021-03-26;83108
2021-03-25;"Bratislavský kraj";76;36300;170;36470;NA;91125;246;2021-03-25;82804
2021-03-24;"Bratislavský kraj";120;30184;200;30384;NA;91125;320;2021-03-24;82558
2021-03-23;"Bratislavský kraj";138;36029;189;36218;NA;91125;327;2021-03-23;82238
2021-03-22;"Bratislavský kraj";110;42516;218;42734;NA;91125;328;2021-03-22;81911
2021-03-21;"Bratislavský kraj";54;61299;212;61511;NA;91125;266;2021-03-21;81583
2021-03-20;"Bratislavský kraj";59;72630;228;72858;NA;91125;287;2021-03-20;81317
2021-03-19;"Bratislavský kraj";139;53952;255;54207;NA;91125;394;2021-03-19;81030
2021-03-18;"Bratislavský kraj";142;34057;190;34247;NA;91125;332;2021-03-18;80636
2021-03-17;"Bratislavský kraj";177;30179;215;30394;NA;91125;392;2021-03-17;80304
2021-03-16;"Bratislavský kraj";258;36425;282;36707;NA;91125;540;2021-03-16;79912
2021-03-15;"Bratislavský kraj";180;38089;252;38341;NA;91125;432;2021-03-15;79372
2021-03-14;"Bratislavský kraj";75;52609;275;52884;NA;91125;350;2021-03-14;78940
2021-03-13;"Bratislavský kraj";110;79741;329;80070;NA;91125;439;2021-03-13;78590
2021-03-12;"Bratislavský kraj";152;54534;301;54835;NA;91125;453;2021-03-12;78151
2021-03-11;"Bratislavský kraj";178;34290;281;34571;NA;91125;459;2021-03-11;77698
2021-03-10;"Bratislavský kraj";164;30828;273;31101;NA;91125;437;2021-03-10;77239
2021-03-09;"Bratislavský kraj";242;37798;267;38065;NA;91125;509;2021-03-09;76802
2021-03-08;"Bratislavský kraj";255;40722;343;41065;NA;91125;598;2021-03-08;76293
2021-03-07;"Bratislavský kraj";142;52812;301;53113;NA;91125;443;2021-03-07;75695
2021-03-06;"Bratislavský kraj";79;71410;412;71822;NA;91125;491;2021-03-06;75252
2021-03-05;"Bratislavský kraj";238;50484;292;50776;NA;91125;530;2021-03-05;74761
2021-03-04;"Bratislavský kraj";204;34544;344;34888;NA;91125;548;2021-03-04;74231
2021-03-03;"Bratislavský kraj";250;30525;364;30889;NA;91125;614;2021-03-03;73683
2021-03-02;"Bratislavský kraj";267;39735;388;40123;NA;91125;655;2021-03-02;73069
2021-03-01;"Bratislavský kraj";320;38222;432;38654;NA;91125;752;2021-03-01;72414
2021-02-28;"Bratislavský kraj";184;50323;323;50646;NA;91125;507;2021-02-28;71662
2021-02-27;"Bratislavský kraj";151;76580;464;77044;NA;91125;615;2021-02-27;71155
2021-02-26;"Bratislavský kraj";277;47265;400;47665;NA;91125;677;2021-02-26;70540
2021-02-25;"Bratislavský kraj";277;28769;405;29174;NA;91125;682;2021-02-25;69863
2021-02-24;"Bratislavský kraj";217;27095;412;27507;NA;91125;629;2021-02-24;69181
2021-02-23;"Bratislavský kraj";257;31297;395;31692;NA;91125;652;2021-02-23;68552
2021-02-22;"Bratislavský kraj";353;36454;480;36934;NA;91125;833;2021-02-22;67900
2021-02-21;"Bratislavský kraj";185;54150;396;54546;NA;91125;581;2021-02-21;67067
2021-02-20;"Bratislavský kraj";167;74787;550;75337;NA;91125;717;2021-02-20;66486
2021-02-19;"Bratislavský kraj";280;44871;415;45286;NA;91125;695;2021-02-19;65769
2021-02-18;"Bratislavský kraj";263;26377;371;26748;NA;91125;634;2021-02-18;65074
2021-02-17;"Bratislavský kraj";264;22815;316;23131;NA;91125;580;2021-02-17;64440
2021-02-16;"Bratislavský kraj";289;28262;352;28614;NA;91125;641;2021-02-16;63860
2021-02-15;"Bratislavský kraj";248;36893;396;37289;NA;91125;644;2021-02-15;63219
2021-02-14;"Bratislavský kraj";153;47948;323;48271;NA;91125;476;2021-02-14;62575
2021-02-13;"Bratislavský kraj";173;68589;515;69104;NA;91125;688;2021-02-13;62099
2021-02-12;"Bratislavský kraj";282;35729;327;36056;NA;91125;609;2021-02-12;61411
2021-02-11;"Bratislavský kraj";337;24542;285;24827;NA;91125;622;2021-02-11;60802
2021-02-10;"Bratislavský kraj";314;23120;359;23479;NA;91125;673;2021-02-10;60180
2021-02-09;"Bratislavský kraj";288;36565;454;37019;NA;91125;742;2021-02-09;59507
2021-02-08;"Bratislavský kraj";484;31866;397;32263;NA;91125;881;2021-02-08;58765
2021-02-07;"Bratislavský kraj";243;51290;425;51715;NA;91125;668;2021-02-07;57884
2021-02-06;"Bratislavský kraj";116;62602;508;63110;NA;91125;624;2021-02-06;57216
2021-02-05;"Bratislavský kraj";327;27033;375;27408;NA;91125;702;2021-02-05;56592
2021-02-04;"Bratislavský kraj";555;17260;348;17608;NA;91125;903;2021-02-04;55890
2021-02-03;"Bratislavský kraj";161;13057;352;13409;NA;91125;513;2021-02-03;54987
2021-02-02;"Bratislavský kraj";397;25945;480;26425;NA;91125;877;2021-02-02;54474
2021-02-01;"Bratislavský kraj";221;35536;513;36049;NA;91125;734;2021-02-01;53597
2021-01-31;"Bratislavský kraj";180;35693;425;36118;NA;91125;605;2021-01-31;52863
2021-01-30;"Bratislavský kraj";310;49588;521;50109;NA;91125;831;2021-01-30;52258
2021-01-29;"Bratislavský kraj";344;16568;344;16912;NA;91125;688;2021-01-29;51427
2021-01-28;"Bratislavský kraj";307;10710;297;11007;NA;91125;604;2021-01-28;50739
2021-01-27;"Bratislavský kraj";336;22217;345;22562;NA;91125;681;2021-01-27;50135
2021-01-26;"Bratislavský kraj";297;21884;300;22184;NA;91125;597;2021-01-26;49454
2021-01-25;"Bratislavský kraj";356;23257;249;23506;NA;91125;605;2021-01-25;48857
2021-01-24;"Bratislavský kraj";175;37903;404;38307;NA;91125;579;2021-01-24;48252
2021-01-23;"Bratislavský kraj";396;79447;690;80137;NA;91125;1086;2021-01-23;47673
2021-01-22;"Bratislavský kraj";199;42028;365;42393;NA;91125;564;2021-01-22;46587
2021-01-21;"Bratislavský kraj";255;105732;1317;107049;NA;91125;1572;2021-01-21;46023
2021-01-20;"Bratislavský kraj";360;27252;450;27702;NA;91125;810;2021-01-20;44451
2021-01-19;"Bratislavský kraj";375;15309;346;15655;NA;91125;721;2021-01-19;43641
2021-01-18;"Bratislavský kraj";357;12533;707;13240;NA;91125;1064;2021-01-18;42920
2021-01-17;"Bratislavský kraj";244;482;26;508;NA;91125;270;2021-01-17;41856
2021-01-16;"Bratislavský kraj";70;3016;156;3172;NA;91125;226;2021-01-16;41586
2021-01-15;"Bratislavský kraj";251;7896;256;8152;NA;91125;507;2021-01-15;41360
2021-01-14;"Bratislavský kraj";363;8511;273;8784;NA;91125;636;2021-01-14;40853
2021-01-13;"Bratislavský kraj";336;8490;327;8817;NA;91125;663;2021-01-13;40217
2021-01-12;"Bratislavský kraj";450;10728;463;11191;NA;91125;913;2021-01-12;39554
2021-01-11;"Bratislavský kraj";397;20140;381;20521;NA;91125;778;2021-01-11;38641
2021-01-10;"Bratislavský kraj";252;1507;79;1586;NA;91125;331;2021-01-10;37863
2021-01-09;"Bratislavský kraj";351;5005;291;5296;NA;91125;642;2021-01-09;37532
2021-01-08;"Bratislavský kraj";556;10045;436;10481;NA;91125;992;2021-01-08;36890
2021-01-07;"Bratislavský kraj";537;7532;409;7941;NA;91125;946;2021-01-07;35898
2021-01-06;"Bratislavský kraj";271;3329;216;3545;NA;91125;487;2021-01-06;34952
2021-01-05;"Bratislavský kraj";619;11035;846;11881;NA;91125;1465;2021-01-05;34465
2021-01-04;"Bratislavský kraj";601;8634;606;9240;NA;91125;1207;2021-01-04;33000
2021-01-03;"Bratislavský kraj";77;433;41;474;NA;91125;118;2021-01-03;31793
2021-01-02;"Bratislavský kraj";185;462;57;519;NA;91125;242;2021-01-02;31675
2021-01-01;"Bratislavský kraj";235;3277;131;3408;NA;91125;366;2021-01-01;31433
2020-12-31;"Bratislavský kraj";925;14380;545;14925;NA;91125;1470;2020-12-31;31067
2020-12-30;"Bratislavský kraj";650;9823;554;10377;NA;91125;1204;2020-12-30;29597
2020-12-29;"Bratislavský kraj";303;10832;774;11606;NA;91125;1077;2020-12-29;28393
2020-12-28;"Bratislavský kraj";255;8363;555;8918;NA;91125;810;2020-12-28;27316
2020-12-27;"Bratislavský kraj";160;709;76;785;NA;91125;236;2020-12-27;26506
2020-12-26;"Bratislavský kraj";75;480;27;507;NA;91125;102;2020-12-26;26270
2020-12-25;"Bratislavský kraj";114;503;38;541;NA;91125;152;2020-12-25;26168
2020-12-24;"Bratislavský kraj";536;3367;104;3471;NA;91125;640;2020-12-24;26016
2020-12-23;"Bratislavský kraj";416;13471;503;13974;NA;91125;919;2020-12-23;25376
2020-12-22;"Bratislavský kraj";327;15712;767;16479;NA;91125;1094;2020-12-22;24457
2020-12-21;"Bratislavský kraj";392;15685;2007;17692;NA;91125;2399;2020-12-21;23363
2020-12-20;"Bratislavský kraj";180;797;57;854;NA;91125;237;2020-12-20;20964
2020-12-19;"Bratislavský kraj";396;3314;130;3444;NA;91125;526;2020-12-19;20727
2020-12-18;"Bratislavský kraj";306;10644;394;11038;NA;91125;700;2020-12-18;20201
2020-12-17;"Bratislavský kraj";502;10343;419;10762;NA;91125;921;2020-12-17;19501
2020-12-16;"Bratislavský kraj";282;10772;452;11224;NA;91125;734;2020-12-16;18580
2020-12-15;"Bratislavský kraj";423;10916;479;11395;NA;91125;902;2020-12-15;17846
2020-12-14;"Bratislavský kraj";279;7198;293;7491;NA;91125;572;2020-12-14;16944
2020-12-13;"Bratislavský kraj";125;139;10;149;NA;91125;135;2020-12-13;16372
2020-12-12;"Bratislavský kraj";361;3886;157;4043;NA;91125;518;2020-12-12;16237
2020-12-11;"Bratislavský kraj";326;7344;289;7633;NA;91125;615;2020-12-11;15719
2020-12-10;"Bratislavský kraj";286;5823;209;6032;NA;91125;495;2020-12-10;15104
2020-12-09;"Bratislavský kraj";382;4795;178;4973;NA;91125;560;2020-12-09;14609
2020-12-08;"Bratislavský kraj";234;6243;207;6450;NA;91125;441;2020-12-08;14049
2020-12-07;"Bratislavský kraj";272;4639;152;4791;NA;91125;424;2020-12-07;13608
2020-12-06;"Bratislavský kraj";61;1625;52;1677;NA;91125;113;2020-12-06;13184
2020-12-05;"Bratislavský kraj";266;2221;41;2262;NA;91125;307;2020-12-05;13071
2020-12-04;"Bratislavský kraj";200;4954;99;5053;NA;91125;299;2020-12-04;12764
2020-12-03;"Bratislavský kraj";213;5672;95;5767;NA;91125;308;2020-12-03;12465
2020-12-02;"Bratislavský kraj";205;3462;103;3565;NA;91125;308;2020-12-02;12157
2020-12-01;"Bratislavský kraj";255;3889;172;4061;NA;91125;427;2020-12-01;11849
2020-11-30;"Bratislavský kraj";152;2153;121;2274;NA;91125;273;2020-11-30;11422
2020-11-29;"Bratislavský kraj";52;201;24;225;NA;91125;76;2020-11-29;11149
2020-11-28;"Bratislavský kraj";232;2624;33;2657;NA;91125;265;2020-11-28;11073
2020-11-27;"Bratislavský kraj";54;2540;64;2604;NA;91125;118;2020-11-27;10808
2020-11-26;"Bratislavský kraj";129;1976;60;2036;NA;91125;189;2020-11-26;10690
2020-11-25;"Bratislavský kraj";140;1770;47;1817;NA;91125;187;2020-11-25;10501
2020-11-24;"Bratislavský kraj";81;2988;67;3055;NA;91125;148;2020-11-24;10314
2020-11-23;"Bratislavský kraj";67;7083;58;7141;NA;91125;125;2020-11-23;10166
2020-11-22;"Bratislavský kraj";36;81;7;88;NA;91125;43;2020-11-22;10041
2020-11-21;"Bratislavský kraj";109;2126;47;2173;NA;91125;156;2020-11-21;9998
2020-11-20;"Bratislavský kraj";118;2876;48;2924;NA;91125;166;2020-11-20;9842
2020-11-19;"Bratislavský kraj";173;987;29;1016;NA;91125;202;2020-11-19;9676
2020-11-18;"Bratislavský kraj";118;616;75;691;NA;91125;193;2020-11-18;9474
2020-11-17;"Bratislavský kraj";108;928;23;951;NA;91125;131;2020-11-17;9281
2020-11-16;"Bratislavský kraj";82;651;9;660;NA;91125;91;2020-11-16;9150
2020-11-15;"Bratislavský kraj";47;236;0;236;NA;91125;47;2020-11-15;9059
2020-11-14;"Bratislavský kraj";53;1834;15;1849;NA;91125;68;2020-11-14;9012
2020-11-13;"Bratislavský kraj";94;2096;21;2117;NA;91125;115;2020-11-13;8944
2020-11-12;"Bratislavský kraj";141;1727;6;1733;NA;91125;147;2020-11-12;8829
2020-11-11;"Bratislavský kraj";159;1429;12;1441;NA;91125;171;2020-11-11;8682
2020-11-10;"Bratislavský kraj";136;805;14;819;NA;91125;150;2020-11-10;8511
2020-11-09;"Bratislavský kraj";70;616;8;624;NA;91125;78;2020-11-09;8361
2020-11-08;"Bratislavský kraj";82;869;6;875;NA;91125;88;2020-11-08;8283
2020-11-07;"Bratislavský kraj";88;4039;17;4056;NA;91125;105;2020-11-07;8195
2020-11-06;"Bratislavský kraj";281;6441;25;6466;NA;91125;306;2020-11-06;8090
2020-11-05;"Bratislavský kraj";175;476;11;487;NA;91125;186;2020-11-05;7784
2020-11-04;"Bratislavský kraj";65;411;10;421;NA;91125;75;2020-11-04;7598
2020-11-03;"Bratislavský kraj";251;1085;12;1097;NA;91125;263;2020-11-03;7523
2020-11-02;"Bratislavský kraj";202;3365;22;3387;NA;91125;224;2020-11-02;7260
2020-11-01;"Bratislavský kraj";227;8694;39;8733;NA;91125;266;2020-11-01;7036
2020-10-31;"Bratislavský kraj";173;22407;123;22530;NA;91125;296;2020-10-31;6770
2020-10-30;"Bratislavský kraj";158;17350;138;17488;NA;91125;296;2020-10-30;6474
2020-10-29;"Bratislavský kraj";262;116;4;120;NA;91125;266;2020-10-29;6178
2020-10-28;"Bratislavský kraj";220;260;15;275;NA;91125;235;2020-10-28;5912
2020-10-27;"Bratislavský kraj";256;145;4;149;NA;91125;260;2020-10-27;5677
2020-10-26;"Bratislavský kraj";123;229;11;240;NA;91125;134;2020-10-26;5417
2020-10-25;"Bratislavský kraj";152;33;2;35;NA;91125;154;2020-10-25;5283
2020-10-24;"Bratislavský kraj";170;221;6;227;NA;91125;176;2020-10-24;5129
2020-10-23;"Bratislavský kraj";151;144;8;152;NA;91125;159;2020-10-23;4953
2020-10-22;"Bratislavský kraj";192;204;15;219;NA;91125;207;2020-10-22;4794
2020-10-21;"Bratislavský kraj";66;90;6;96;NA;91125;72;2020-10-21;4587
2020-10-20;"Bratislavský kraj";183;97;4;101;NA;91125;187;2020-10-20;4515
2020-10-19;"Bratislavský kraj";148;80;3;83;NA;91125;151;2020-10-19;4328
2020-10-18;"Bratislavský kraj";75;92;0;92;NA;91125;75;2020-10-18;4177
2020-10-17;"Bratislavský kraj";136;0;0;0;NA;91125;136;2020-10-17;4102
2020-10-16;"Bratislavský kraj";103;14;1;15;NA;91125;104;2020-10-16;3966
2020-10-15;"Bratislavský kraj";135;6;1;7;NA;91125;136;2020-10-15;3862
2020-10-14;"Bratislavský kraj";127;4;0;4;NA;91125;127;2020-10-14;3726
2020-10-13;"Bratislavský kraj";86;108;8;116;NA;91125;94;2020-10-13;3599
2020-10-12;"Bratislavský kraj";46;0;0;0;NA;91125;46;2020-10-12;3505
2020-10-11;"Bratislavský kraj";80;0;0;0;NA;91125;80;2020-10-11;3459
2020-10-10;"Bratislavský kraj";55;0;0;0;NA;91125;55;2020-10-10;3379
2020-10-09;"Bratislavský kraj";148;0;0;0;NA;91125;148;2020-10-09;3324
2020-10-08;"Bratislavský kraj";100;0;0;0;NA;91125;100;2020-10-08;3176
2020-10-07;"Bratislavský kraj";107;0;0;0;NA;91125;107;2020-10-07;3076
2020-10-06;"Bratislavský kraj";108;0;0;0;NA;91125;108;2020-10-06;2969
2020-10-05;"Bratislavský kraj";30;0;0;0;NA;91125;30;2020-10-05;2861
2020-10-04;"Bratislavský kraj";49;0;0;0;NA;91125;49;2020-10-04;2831
2020-10-03;"Bratislavský kraj";82;0;0;0;NA;91125;82;2020-10-03;2782
2020-10-02;"Bratislavský kraj";101;0;0;0;NA;91125;101;2020-10-02;2700
2020-10-01;"Bratislavský kraj";72;0;0;0;NA;91125;72;2020-10-01;2599
2020-09-30;"Bratislavský kraj";91;0;0;0;NA;91125;91;2020-09-30;2527
2020-09-29;"Bratislavský kraj";74;0;0;0;NA;91125;74;2020-09-29;2436
2020-09-28;"Bratislavský kraj";29;0;0;0;NA;91125;29;2020-09-28;2362
2020-09-27;"Bratislavský kraj";48;0;0;0;NA;91125;48;2020-09-27;2333
2020-09-26;"Bratislavský kraj";86;0;0;0;NA;91125;86;2020-09-26;2285
2020-09-25;"Bratislavský kraj";97;0;0;0;NA;91125;97;2020-09-25;2199
2020-09-24;"Bratislavský kraj";73;0;0;0;NA;91125;73;2020-09-24;2102
2020-09-23;"Bratislavský kraj";55;0;0;0;NA;91125;55;2020-09-23;2029
2020-09-22;"Bratislavský kraj";81;0;0;0;NA;91125;81;2020-09-22;1974
2020-09-21;"Bratislavský kraj";32;0;0;0;NA;91125;32;2020-09-21;1893
2020-09-20;"Bratislavský kraj";25;0;0;0;NA;91125;25;2020-09-20;1861
2020-09-19;"Bratislavský kraj";59;0;0;0;NA;91125;59;2020-09-19;1836
2020-09-18;"Bratislavský kraj";42;0;0;0;NA;91125;42;2020-09-18;1777
2020-09-17;"Bratislavský kraj";52;0;0;0;NA;91125;52;2020-09-17;1735
2020-09-16;"Bratislavský kraj";32;0;0;0;NA;91125;32;2020-09-16;1683
2020-09-15;"Bratislavský kraj";26;0;0;0;NA;91125;26;2020-09-15;1651
2020-09-14;"Bratislavský kraj";24;0;0;0;NA;91125;24;2020-09-14;1625
2020-09-13;"Bratislavský kraj";11;0;0;0;NA;91125;11;2020-09-13;1601
2020-09-12;"Bratislavský kraj";24;0;0;0;NA;91125;24;2020-09-12;1590
2020-09-11;"Bratislavský kraj";50;0;0;0;NA;91125;50;2020-09-11;1566
2020-09-10;"Bratislavský kraj";47;0;0;0;NA;91125;47;2020-09-10;1516
2020-09-09;"Bratislavský kraj";40;0;0;0;NA;91125;40;2020-09-09;1469
2020-09-08;"Bratislavský kraj";58;0;0;0;NA;91125;58;2020-09-08;1429
2020-09-07;"Bratislavský kraj";39;0;0;0;NA;91125;39;2020-09-07;1371
2020-09-06;"Bratislavský kraj";11;0;0;0;NA;91125;11;2020-09-06;1332
2020-09-05;"Bratislavský kraj";37;0;0;0;NA;91125;37;2020-09-05;1321
2020-09-04;"Bratislavský kraj";87;0;0;0;NA;91125;87;2020-09-04;1284
2020-09-03;"Bratislavský kraj";51;0;0;0;NA;91125;51;2020-09-03;1197
2020-09-02;"Bratislavský kraj";50;0;0;0;NA;91125;50;2020-09-02;1146
2020-09-01;"Bratislavský kraj";16;0;0;0;NA;91125;16;2020-09-01;1096
2020-08-31;"Bratislavský kraj";19;0;0;0;NA;91125;19;2020-08-31;1080
2020-08-30;"Bratislavský kraj";9;0;0;0;NA;91125;9;2020-08-30;1061
2020-08-29;"Bratislavský kraj";12;0;0;0;NA;91125;12;2020-08-29;1052
2020-08-28;"Bratislavský kraj";35;0;0;0;NA;91125;35;2020-08-28;1040
2020-08-27;"Bratislavský kraj";33;0;0;0;NA;91125;33;2020-08-27;1005
2020-08-26;"Bratislavský kraj";27;0;0;0;NA;91125;27;2020-08-26;972
2020-08-25;"Bratislavský kraj";29;0;0;0;NA;91125;29;2020-08-25;945
2020-08-24;"Bratislavský kraj";6;0;0;0;NA;91125;6;2020-08-24;916
2020-08-23;"Bratislavský kraj";45;0;0;0;NA;91125;45;2020-08-23;910
2020-08-22;"Bratislavský kraj";13;0;0;0;NA;91125;13;2020-08-22;865
2020-08-21;"Bratislavský kraj";46;0;0;0;NA;91125;46;2020-08-21;852
2020-08-20;"Bratislavský kraj";41;0;0;0;NA;91125;41;2020-08-20;806
2020-08-19;"Bratislavský kraj";27;0;0;0;NA;91125;27;2020-08-19;765
2020-08-18;"Bratislavský kraj";47;0;0;0;NA;91125;47;2020-08-18;738
2020-08-17;"Bratislavský kraj";2;0;0;0;NA;91125;2;2020-08-17;691
2020-08-16;"Bratislavský kraj";3;0;0;0;NA;91125;3;2020-08-16;689
2020-08-15;"Bratislavský kraj";18;0;0;0;NA;91125;18;2020-08-15;686
2020-08-14;"Bratislavský kraj";16;0;0;0;NA;91125;16;2020-08-14;668
2020-08-13;"Bratislavský kraj";12;0;0;0;NA;91125;12;2020-08-13;652
2020-08-12;"Bratislavský kraj";10;0;0;0;NA;91125;10;2020-08-12;640
2020-08-11;"Bratislavský kraj";23;0;0;0;NA;91125;23;2020-08-11;630
2020-08-10;"Bratislavský kraj";2;0;0;0;NA;91125;2;2020-08-10;607
2020-08-09;"Bratislavský kraj";2;0;0;0;NA;91125;2;2020-08-09;605
2020-08-08;"Bratislavský kraj";1;0;0;0;NA;91125;1;2020-08-08;603
2020-08-07;"Bratislavský kraj";9;0;0;0;NA;91125;9;2020-08-07;602
2020-08-06;"Bratislavský kraj";15;0;0;0;NA;91125;15;2020-08-06;593
2020-08-05;"Bratislavský kraj";11;0;0;0;NA;91125;11;2020-08-05;578
2020-08-04;"Bratislavský kraj";21;0;0;0;NA;91125;21;2020-08-04;567
2020-08-03;"Bratislavský kraj";7;0;0;0;NA;91125;7;2020-08-03;546
2020-08-02;"Bratislavský kraj";0;0;0;0;NA;91125;0;2020-08-02;539
2020-08-01;"Bratislavský kraj";0;0;0;0;NA;91125;0;2020-08-01;539
2020-07-31;"Bratislavský kraj";14;0;0;0;NA;91125;14;2020-07-31;539
2020-07-30;"Bratislavský kraj";6;0;0;0;NA;91125;6;2020-07-30;525
2020-07-29;"Bratislavský kraj";7;0;0;0;NA;91125;7;2020-07-29;519
2020-07-28;"Bratislavský kraj";14;0;0;0;NA;91125;14;2020-07-28;512
2020-07-27;"Bratislavský kraj";3;0;0;0;NA;91125;3;2020-07-27;498
2020-07-26;"Bratislavský kraj";0;0;0;0;NA;91125;0;2020-07-26;495
2020-07-25;"Bratislavský kraj";8;0;0;0;NA;91125;8;2020-07-25;495
2020-07-24;"Bratislavský kraj";2;0;0;0;NA;91125;2;2020-07-24;487
2020-07-23;"Bratislavský kraj";8;0;0;0;NA;91125;8;2020-07-23;485
2020-07-22;"Bratislavský kraj";11;0;0;0;NA;91125;11;2020-07-22;477
2020-07-21;"Bratislavský kraj";8;0;0;0;NA;91125;8;2020-07-21;466
2020-07-20;"Bratislavský kraj";12;0;0;0;NA;91125;12;2020-07-20;458
2020-07-19;"Bratislavský kraj";0;0;0;0;NA;91125;0;2020-07-19;446
2020-07-18;"Bratislavský kraj";2;0;0;0;NA;91125;2;2020-07-18;446
2020-07-17;"Bratislavský kraj";2;0;0;0;NA;91125;2;2020-07-17;444
2020-07-16;"Bratislavský kraj";6;0;0;0;NA;91125;6;2020-07-16;442
2020-07-15;"Bratislavský kraj";3;0;0;0;NA;91125;3;2020-07-15;436
2020-07-14;"Bratislavský kraj";2;0;0;0;NA;91125;2;2020-07-14;433
2020-07-13;"Bratislavský kraj";2;0;0;0;NA;91125;2;2020-07-13;431
2020-07-12;"Bratislavský kraj";0;0;0;0;NA;91125;0;2020-07-12;429
2020-07-11;"Bratislavský kraj";0;0;0;0;NA;91125;0;2020-07-11;429
2020-07-10;"Bratislavský kraj";8;0;0;0;NA;91125;8;2020-07-10;429
2020-07-09;"Bratislavský kraj";2;0;0;0;NA;91125;2;2020-07-09;421
2020-07-08;"Bratislavský kraj";11;0;0;0;NA;91125;11;2020-07-08;419
2020-07-07;"Bratislavský kraj";5;0;0;0;NA;91125;5;2020-07-07;408
2020-07-06;"Bratislavský kraj";1;0;0;0;NA;91125;1;2020-07-06;403
2020-07-05;"Bratislavský kraj";0;0;0;0;NA;91125;0;2020-07-05;402
2020-07-04;"Bratislavský kraj";3;0;0;0;NA;91125;3;2020-07-04;402
2020-07-03;"Bratislavský kraj";1;0;0;0;NA;91125;1;2020-07-03;399
2020-07-02;"Bratislavský kraj";0;0;0;0;NA;91125;0;2020-07-02;398
2020-07-01;"Bratislavský kraj";7;0;0;0;NA;91125;7;2020-07-01;398
2020-06-30;"Bratislavský kraj";3;0;0;0;NA;91125;3;2020-06-30;391
2020-06-29;"Bratislavský kraj";1;0;0;0;NA;91125;1;2020-06-29;388
2020-06-28;"Bratislavský kraj";0;0;0;0;NA;91125;0;2020-06-28;387
2020-06-27;"Bratislavský kraj";1;0;0;0;NA;91125;1;2020-06-27;387
2020-06-26;"Bratislavský kraj";6;0;0;0;NA;91125;6;2020-06-26;386
2020-06-25;"Bratislavský kraj";0;0;0;0;NA;91125;0;2020-06-25;380
2020-06-24;"Bratislavský kraj";3;0;0;0;NA;91125;3;2020-06-24;380
2020-06-23;"Bratislavský kraj";0;0;0;0;NA;91125;0;2020-06-23;377
2020-06-22;"Bratislavský kraj";1;0;0;0;NA;91125;1;2020-06-22;377
2020-06-21;"Bratislavský kraj";0;0;0;0;NA;91125;0;2020-06-21;376
2020-06-20;"Bratislavský kraj";0;0;0;0;NA;91125;0;2020-06-20;376
2020-06-19;"Bratislavský kraj";3;0;0;0;NA;91125;3;2020-06-19;376
2020-06-18;"Bratislavský kraj";0;0;0;0;NA;91125;0;2020-06-18;373
2020-06-17;"Bratislavský kraj";0;0;0;0;NA;91125;0;2020-06-17;373
2020-06-16;"Bratislavský kraj";0;0;0;0;NA;91125;0;2020-06-16;373
2020-06-14;"Bratislavský kraj";2;0;0;0;NA;91125;2;2020-06-14;373
2020-06-13;"Bratislavský kraj";1;0;0;0;NA;91125;1;2020-06-13;371
2020-06-12;"Bratislavský kraj";2;0;0;0;NA;91125;2;2020-06-12;370
2020-06-11;"Bratislavský kraj";0;0;0;0;NA;91125;0;2020-06-11;368
2020-06-10;"Bratislavský kraj";0;0;0;0;NA;91125;0;2020-06-10;368
2020-06-09;"Bratislavský kraj";0;0;0;0;NA;91125;0;2020-06-09;368
2020-06-08;"Bratislavský kraj";1;0;0;0;NA;91125;1;2020-06-08;368
2020-06-07;"Bratislavský kraj";0;0;0;0;NA;91125;0;2020-06-07;367
2020-06-05;"Bratislavský kraj";0;0;0;0;NA;91125;0;2020-06-05;367
2020-06-03;"Bratislavský kraj";1;0;0;0;NA;91125;1;2020-06-03;367
2020-06-02;"Bratislavský kraj";0;0;0;0;NA;91125;0;2020-06-02;366
2020-05-31;"Bratislavský kraj";0;0;0;0;NA;91125;0;2020-05-31;366
2020-05-29;"Bratislavský kraj";0;0;0;0;NA;91125;0;2020-05-29;366
2020-05-27;"Bratislavský kraj";1;0;0;0;NA;91125;1;2020-05-27;366
2020-05-26;"Bratislavský kraj";0;0;0;0;NA;91125;0;2020-05-26;365
2020-05-25;"Bratislavský kraj";0;0;0;0;NA;91125;0;2020-05-25;365
2020-05-24;"Bratislavský kraj";0;0;0;0;NA;91125;0;2020-05-24;365
2020-05-23;"Bratislavský kraj";2;0;0;0;NA;91125;2;2020-05-23;365
2020-05-22;"Bratislavský kraj";0;0;0;0;NA;91125;0;2020-05-22;363
2020-05-21;"Bratislavský kraj";0;0;0;0;NA;91125;0;2020-05-21;363
2020-05-20;"Bratislavský kraj";0;0;0;0;NA;91125;0;2020-05-20;363
2020-05-19;"Bratislavský kraj";0;0;0;0;NA;91125;0;2020-05-19;363
2020-05-17;"Bratislavský kraj";0;0;0;0;NA;91125;0;2020-05-17;363
2020-05-16;"Bratislavský kraj";0;0;0;0;NA;91125;0;2020-05-16;363
2020-05-15;"Bratislavský kraj";0;0;0;0;NA;91125;0;2020-05-15;363
2020-05-14;"Bratislavský kraj";0;0;0;0;NA;91125;0;2020-05-14;363
2020-05-13;"Bratislavský kraj";0;0;0;0;NA;91125;0;2020-05-13;363
2020-05-12;"Bratislavský kraj";2;0;0;0;NA;91125;2;2020-05-12;363
2020-05-11;"Bratislavský kraj";0;0;0;0;NA;91125;0;2020-05-11;361
2020-05-09;"Bratislavský kraj";0;0;0;0;NA;91125;0;2020-05-09;361
2020-05-07;"Bratislavský kraj";1;0;0;0;NA;91125;1;2020-05-07;361
2020-05-06;"Bratislavský kraj";3;0;0;0;NA;91125;3;2020-05-06;360
2020-05-05;"Bratislavský kraj";0;0;0;0;NA;91125;0;2020-05-05;357
2020-05-04;"Bratislavský kraj";0;0;0;0;NA;91125;0;2020-05-04;357
2020-05-03;"Bratislavský kraj";2;0;0;0;NA;91125;2;2020-05-03;357
2020-05-02;"Bratislavský kraj";0;0;0;0;NA;91125;0;2020-05-02;355
2020-05-01;"Bratislavský kraj";0;0;0;0;NA;91125;0;2020-05-01;355
2020-04-30;"Bratislavský kraj";5;0;0;0;NA;91125;5;2020-04-30;355
2020-04-29;"Bratislavský kraj";0;0;0;0;NA;91125;0;2020-04-29;350
2020-04-28;"Bratislavský kraj";2;0;0;0;NA;91125;2;2020-04-28;350
2020-04-27;"Bratislavský kraj";0;0;0;0;NA;91125;0;2020-04-27;348
2020-04-26;"Bratislavský kraj";1;0;0;0;NA;91125;1;2020-04-26;348
2020-04-25;"Bratislavský kraj";0;0;0;0;NA;91125;0;2020-04-25;347
2020-04-24;"Bratislavský kraj";2;0;0;0;NA;91125;2;2020-04-24;347
2020-04-23;"Bratislavský kraj";6;0;0;0;NA;91125;6;2020-04-23;345
2020-04-22;"Bratislavský kraj";11;0;0;0;NA;91125;11;2020-04-22;339
2020-04-21;"Bratislavský kraj";4;0;0;0;NA;91125;4;2020-04-21;328
2020-04-20;"Bratislavský kraj";0;0;0;0;NA;91125;0;2020-04-20;324
2020-04-19;"Bratislavský kraj";4;0;0;0;NA;91125;4;2020-04-19;324
2020-04-18;"Bratislavský kraj";5;0;0;0;NA;91125;5;2020-04-18;320
2020-04-17;"Bratislavský kraj";6;0;0;0;NA;91125;6;2020-04-17;315
2020-04-16;"Bratislavský kraj";15;0;0;0;NA;91125;15;2020-04-16;309
2020-04-15;"Bratislavský kraj";11;0;0;0;NA;91125;11;2020-04-15;294
2020-04-14;"Bratislavský kraj";19;0;0;0;NA;91125;19;2020-04-14;283
2020-04-13;"Bratislavský kraj";53;0;0;0;NA;91125;53;2020-04-13;264
2020-04-12;"Bratislavský kraj";3;0;0;0;NA;91125;3;2020-04-12;211
2020-04-11;"Bratislavský kraj";1;0;0;0;NA;91125;1;2020-04-11;208
2020-04-10;"Bratislavský kraj";8;0;0;0;NA;91125;8;2020-04-10;207
2020-04-09;"Bratislavský kraj";3;0;0;0;NA;91125;3;2020-04-09;199
2020-04-08;"Bratislavský kraj";3;0;0;0;NA;91125;3;2020-04-08;196
2020-04-07;"Bratislavský kraj";24;0;0;0;NA;91125;24;2020-04-07;193
2020-04-06;"Bratislavský kraj";5;0;0;0;NA;91125;5;2020-04-06;169
2020-04-05;"Bratislavský kraj";6;0;0;0;NA;91125;6;2020-04-05;164
2020-04-04;"Bratislavský kraj";2;0;0;0;NA;91125;2;2020-04-04;158
2020-04-03;"Bratislavský kraj";1;0;0;0;NA;91125;1;2020-04-03;156
2020-04-02;"Bratislavský kraj";2;0;0;0;NA;91125;2;2020-04-02;155
2020-04-01;"Bratislavský kraj";5;0;0;0;NA;91125;5;2020-04-01;153
2020-03-31;"Bratislavský kraj";19;0;0;0;NA;91125;19;2020-03-31;148
2020-03-30;"Bratislavský kraj";6;0;0;0;NA;91125;6;2020-03-30;129
2020-03-29;"Bratislavský kraj";8;0;0;0;NA;91125;8;2020-03-29;123
2020-03-28;"Bratislavský kraj";4;0;0;0;NA;91125;4;2020-03-28;115
2020-03-27;"Bratislavský kraj";3;0;0;0;NA;91125;3;2020-03-27;111
2020-03-26;"Bratislavský kraj";15;0;0;0;NA;91125;15;2020-03-26;108
2020-03-25;"Bratislavský kraj";1;0;0;0;NA;91125;1;2020-03-25;93
2020-03-24;"Bratislavský kraj";4;0;0;0;NA;91125;4;2020-03-24;92
2020-03-23;"Bratislavský kraj";9;0;0;0;NA;91125;9;2020-03-23;88
2020-03-22;"Bratislavský kraj";2;0;0;0;NA;91125;2;2020-03-22;79
2020-03-21;"Bratislavský kraj";22;0;0;0;NA;91125;22;2020-03-21;77
2020-03-20;"Bratislavský kraj";3;0;0;0;NA;91125;3;2020-03-20;55
2020-03-19;"Bratislavský kraj";4;0;0;0;NA;91125;4;2020-03-19;52
2020-03-18;"Bratislavský kraj";3;0;0;0;NA;91125;3;2020-03-18;48
2020-03-17;"Bratislavský kraj";13;0;0;0;NA;91125;13;2020-03-17;45
2020-03-16;"Bratislavský kraj";1;0;0;0;NA;91125;1;2020-03-16;32
2020-03-15;"Bratislavský kraj";4;0;0;0;NA;91125;4;2020-03-15;31
2020-03-14;"Bratislavský kraj";9;0;0;0;NA;91125;9;2020-03-14;27
2020-03-13;"Bratislavský kraj";2;0;0;0;NA;91125;2;2020-03-13;18
2020-03-12;"Bratislavský kraj";8;0;0;0;NA;91125;8;2020-03-12;16
2020-03-11;"Bratislavský kraj";3;0;0;0;NA;91125;3;2020-03-11;8
2020-03-09;"Bratislavský kraj";0;0;0;0;NA;91125;0;2020-03-09;5
2020-03-08;"Bratislavský kraj";2;0;0;0;NA;91125;2;2020-03-08;5
2020-03-07;"Bratislavský kraj";2;0;0;0;NA;91125;2;2020-03-07;3
2020-03-06;"Bratislavský kraj";1;0;0;0;NA;91125;1;2020-03-06;1
2021-07-05;"Košický kraj";1;443;0;443;52909;97679;1;2021-07-05;97679
2021-07-04;"Košický kraj";0;469;2;471;NA;97679;2;2021-07-04;97678
2021-07-03;"Košický kraj";2;870;0;870;NA;97679;2;2021-07-03;97676
2021-07-02;"Košický kraj";2;1469;3;1472;NA;97679;5;2021-07-02;97674
2021-07-01;"Košický kraj";0;968;2;970;NA;97679;2;2021-07-01;97669
2021-06-30;"Košický kraj";5;9031;7;9038;NA;97679;12;2021-06-30;97667
2021-06-29;"Košický kraj";6;5622;7;5629;NA;97679;13;2021-06-29;97655
2021-06-28;"Košický kraj";5;6125;2;6127;NA;97679;7;2021-06-28;97642
2021-06-27;"Košický kraj";8;4612;3;4615;NA;97679;11;2021-06-27;97635
2021-06-26;"Košický kraj";4;5869;14;5883;NA;97679;18;2021-06-26;97624
2021-06-25;"Košický kraj";5;6811;2;6813;NA;97679;7;2021-06-25;97606
2021-06-24;"Košický kraj";1;5101;3;5104;NA;97679;4;2021-06-24;97599
2021-06-23;"Košický kraj";8;5454;3;5457;NA;97679;11;2021-06-23;97595
2021-06-22;"Košický kraj";1;5173;3;5176;NA;97679;4;2021-06-22;97584
2021-06-21;"Košický kraj";5;6732;11;6743;NA;97679;16;2021-06-21;97580
2021-06-20;"Košický kraj";0;5014;6;5020;NA;97679;6;2021-06-20;97564
2021-06-19;"Košický kraj";7;6419;1;6420;NA;97679;8;2021-06-19;97558
2021-06-18;"Košický kraj";4;7741;8;7749;NA;97679;12;2021-06-18;97550
2021-06-17;"Košický kraj";6;6076;3;6079;NA;97679;9;2021-06-17;97538
2021-06-16;"Košický kraj";11;6002;7;6009;NA;97679;18;2021-06-16;97529
2021-06-15;"Košický kraj";12;6260;2;6262;NA;97679;14;2021-06-15;97511
2021-06-14;"Košický kraj";10;6984;9;6993;NA;97679;19;2021-06-14;97497
2021-06-13;"Košický kraj";7;6916;8;6924;NA;97679;15;2021-06-13;97478
2021-06-12;"Košický kraj";7;7424;9;7433;NA;97679;16;2021-06-12;97463
2021-06-11;"Košický kraj";15;8819;5;8824;NA;97679;20;2021-06-11;97447
2021-06-10;"Košický kraj";11;6540;16;6556;NA;97679;27;2021-06-10;97427
2021-06-09;"Košický kraj";37;5995;7;6002;NA;97679;44;2021-06-09;97400
2021-06-08;"Košický kraj";33;6954;13;6967;NA;97679;46;2021-06-08;97356
2021-06-07;"Košický kraj";11;7863;22;7885;NA;97679;33;2021-06-07;97310
2021-06-06;"Košický kraj";1;7803;7;7810;NA;97679;8;2021-06-06;97277
2021-06-05;"Košický kraj";21;9221;3;9224;NA;97679;24;2021-06-05;97269
2021-06-04;"Košický kraj";26;11262;20;11282;NA;97679;46;2021-06-04;97245
2021-06-03;"Košický kraj";23;6472;14;6486;NA;97679;37;2021-06-03;97199
2021-06-02;"Košický kraj";15;7114;24;7138;NA;97679;39;2021-06-02;97162
2021-06-01;"Košický kraj";13;7541;10;7551;NA;97679;23;2021-06-01;97123
2021-05-31;"Košický kraj";13;9224;17;9241;NA;97679;30;2021-05-31;97100
2021-05-30;"Košický kraj";3;11154;10;11164;NA;97679;13;2021-05-30;97070
2021-05-29;"Košický kraj";25;10863;21;10884;NA;97679;46;2021-05-29;97057
2021-05-28;"Košický kraj";17;12959;29;12988;NA;97679;46;2021-05-28;97011
2021-05-27;"Košický kraj";19;7810;24;7834;NA;97679;43;2021-05-27;96965
2021-05-26;"Košický kraj";35;8039;26;8065;NA;97679;61;2021-05-26;96922
2021-05-25;"Košický kraj";33;9148;12;9160;NA;97679;45;2021-05-25;96861
2021-05-24;"Košický kraj";10;10855;27;10882;NA;97679;37;2021-05-24;96816
2021-05-23;"Košický kraj";4;12084;15;12099;NA;97679;19;2021-05-23;96779
2021-05-22;"Košický kraj";27;12472;18;12490;NA;97679;45;2021-05-22;96760
2021-05-21;"Košický kraj";24;14753;27;14780;NA;97679;51;2021-05-21;96715
2021-05-20;"Košický kraj";20;9320;27;9347;NA;97679;47;2021-05-20;96664
2021-05-19;"Košický kraj";30;10346;19;10365;NA;97679;49;2021-05-19;96617
2021-05-18;"Košický kraj";34;10254;36;10290;NA;97679;70;2021-05-18;96568
2021-05-17;"Košický kraj";20;12628;38;12666;NA;97679;58;2021-05-17;96498
2021-05-16;"Košický kraj";37;17686;19;17705;NA;97679;56;2021-05-16;96440
2021-05-15;"Košický kraj";22;25399;27;25426;NA;97679;49;2021-05-15;96384
2021-05-14;"Košický kraj";32;21537;42;21579;NA;97679;74;2021-05-14;96335
2021-05-13;"Košický kraj";39;10172;32;10204;NA;97679;71;2021-05-13;96261
2021-05-12;"Košický kraj";85;10868;33;10901;NA;97679;118;2021-05-12;96190
2021-05-11;"Košický kraj";68;11166;32;11198;NA;97679;100;2021-05-11;96072
2021-05-10;"Košický kraj";25;16886;41;16927;NA;97679;66;2021-05-10;95972
2021-05-09;"Košický kraj";84;25262;53;25315;NA;97679;137;2021-05-09;95906
2021-05-08;"Košický kraj";18;22917;21;22938;NA;97679;39;2021-05-08;95769
2021-05-07;"Košický kraj";51;24097;55;24152;NA;97679;106;2021-05-07;95730
2021-05-06;"Košický kraj";55;11847;43;11890;NA;97679;98;2021-05-06;95624
2021-05-05;"Košický kraj";23;12004;35;12039;NA;97679;58;2021-05-05;95526
2021-05-04;"Košický kraj";143;13562;38;13600;NA;97679;181;2021-05-04;95468
2021-05-03;"Košický kraj";37;16944;68;17012;NA;97679;105;2021-05-03;95287
2021-05-02;"Košický kraj";45;36096;56;36152;NA;97679;101;2021-05-02;95182
2021-05-01;"Košický kraj";54;52075;76;52151;NA;97679;130;2021-05-01;95081
2021-04-30;"Košický kraj";59;44602;94;44696;NA;97679;153;2021-04-30;94951
2021-04-29;"Košický kraj";76;16986;53;17039;NA;97679;129;2021-04-29;94798
2021-04-28;"Košický kraj";99;17930;52;17982;NA;97679;151;2021-04-28;94669
2021-04-27;"Košický kraj";108;20670;43;20713;NA;97679;151;2021-04-27;94518
2021-04-26;"Košický kraj";39;25897;96;25993;NA;97679;135;2021-04-26;94367
2021-04-25;"Košický kraj";23;48355;57;48412;NA;97679;80;2021-04-25;94232
2021-04-24;"Košický kraj";68;90124;114;90238;NA;97679;182;2021-04-24;94152
2021-04-23;"Košický kraj";110;41232;72;41304;NA;97679;182;2021-04-23;93970
2021-04-22;"Košický kraj";56;16772;44;16816;NA;97679;100;2021-04-22;93788
2021-04-21;"Košický kraj";114;19519;61;19580;NA;97679;175;2021-04-21;93688
2021-04-20;"Košický kraj";81;25359;63;25422;NA;97679;144;2021-04-20;93513
2021-04-19;"Košický kraj";93;29950;108;30058;NA;97679;201;2021-04-19;93369
2021-04-18;"Košický kraj";10;48913;82;48995;NA;97679;92;2021-04-18;93168
2021-04-17;"Košický kraj";187;83856;103;83959;NA;97679;290;2021-04-17;93076
2021-04-16;"Košický kraj";83;41568;127;41695;NA;97679;210;2021-04-16;92786
2021-04-15;"Košický kraj";104;18522;93;18615;NA;97679;197;2021-04-15;92576
2021-04-14;"Košický kraj";119;20089;64;20153;NA;97679;183;2021-04-14;92379
2021-04-13;"Košický kraj";81;23175;120;23295;NA;97679;201;2021-04-13;92196
2021-04-12;"Košický kraj";129;26573;124;26697;NA;97679;253;2021-04-12;91995
2021-04-11;"Košický kraj";29;46948;79;47027;NA;97679;108;2021-04-11;91742
2021-04-10;"Košický kraj";138;99836;183;100019;NA;97679;321;2021-04-10;91634
2021-04-09;"Košický kraj";168;35206;133;35339;NA;97679;301;2021-04-09;91313
2021-04-08;"Košický kraj";81;18530;90;18620;NA;97679;171;2021-04-08;91012
2021-04-07;"Košický kraj";232;28027;194;28221;NA;97679;426;2021-04-07;90841
2021-04-06;"Košický kraj";121;36495;164;36659;NA;97679;285;2021-04-06;90415
2021-04-05;"Košický kraj";19;14361;66;14427;NA;97679;85;2021-04-05;90130
2021-04-04;"Košický kraj";33;15089;66;15155;NA;97679;99;2021-04-04;90045
2021-04-03;"Košický kraj";138;97664;241;97905;NA;97679;379;2021-04-03;89946
2021-04-02;"Košický kraj";128;24290;76;24366;NA;97679;204;2021-04-02;89567
2021-04-01;"Košický kraj";165;46151;156;46307;NA;97679;321;2021-04-01;89363
2021-03-31;"Košický kraj";160;29659;124;29783;NA;97679;284;2021-03-31;89042
2021-03-30;"Košický kraj";229;24038;163;24201;NA;97679;392;2021-03-30;88758
2021-03-29;"Košický kraj";78;28843;194;29037;NA;97679;272;2021-03-29;88366
2021-03-28;"Košický kraj";39;44263;128;44391;NA;97679;167;2021-03-28;88094
2021-03-27;"Košický kraj";222;96602;265;96867;NA;97679;487;2021-03-27;87927
2021-03-26;"Košický kraj";233;45252;202;45454;NA;97679;435;2021-03-26;87440
2021-03-25;"Košický kraj";133;23804;175;23979;NA;97679;308;2021-03-25;87005
2021-03-24;"Košický kraj";165;20677;155;20832;NA;97679;320;2021-03-24;86697
2021-03-23;"Košický kraj";202;22434;192;22626;NA;97679;394;2021-03-23;86377
2021-03-22;"Košický kraj";169;26890;228;27118;NA;97679;397;2021-03-22;85983
2021-03-21;"Košický kraj";109;46746;167;46913;NA;97679;276;2021-03-21;85586
2021-03-20;"Košický kraj";126;101334;311;101645;NA;97679;437;2021-03-20;85310
2021-03-19;"Košický kraj";205;45632;260;45892;NA;97679;465;2021-03-19;84873
2021-03-18;"Košický kraj";274;23823;212;24035;NA;97679;486;2021-03-18;84408
2021-03-17;"Košický kraj";177;21545;195;21740;NA;97679;372;2021-03-17;83922
2021-03-16;"Košický kraj";386;23431;226;23657;NA;97679;612;2021-03-16;83550
2021-03-15;"Košický kraj";173;27900;297;28197;NA;97679;470;2021-03-15;82938
2021-03-14;"Košický kraj";145;44354;220;44574;NA;97679;365;2021-03-14;82468
2021-03-13;"Košický kraj";146;103790;483;104273;NA;97679;629;2021-03-13;82103
2021-03-12;"Košický kraj";366;47871;321;48192;NA;97679;687;2021-03-12;81474
2021-03-11;"Košický kraj";396;23229;263;23492;NA;97679;659;2021-03-11;80787
2021-03-10;"Košický kraj";121;22191;269;22460;NA;97679;390;2021-03-10;80128
2021-03-09;"Košický kraj";676;24509;300;24809;NA;97679;976;2021-03-09;79738
2021-03-08;"Košický kraj";559;29836;344;30180;NA;97679;903;2021-03-08;78762
2021-03-07;"Košický kraj";45;44230;299;44529;NA;97679;344;2021-03-07;77859
2021-03-06;"Košický kraj";177;105598;532;106130;NA;97679;709;2021-03-06;77515
2021-03-05;"Košický kraj";439;45567;424;45991;NA;97679;863;2021-03-05;76806
2021-03-04;"Košický kraj";417;23862;320;24182;NA;97679;737;2021-03-04;75943
2021-03-03;"Košický kraj";390;23168;298;23466;NA;97679;688;2021-03-03;75206
2021-03-02;"Košický kraj";464;24150;368;24518;NA;97679;832;2021-03-02;74518
2021-03-01;"Košický kraj";389;30013;514;30527;NA;97679;903;2021-03-01;73686
2021-02-28;"Košický kraj";265;43053;334;43387;NA;97679;599;2021-02-28;72783
2021-02-27;"Košický kraj";301;100559;784;101343;NA;97679;1085;2021-02-27;72184
2021-02-26;"Košický kraj";440;45466;492;45958;NA;97679;932;2021-02-26;71099
2021-02-25;"Košický kraj";331;19872;342;20214;NA;97679;673;2021-02-25;70167
2021-02-24;"Košický kraj";263;18815;506;19321;NA;97679;769;2021-02-24;69494
2021-02-23;"Košický kraj";642;21592;341;21933;NA;97679;983;2021-02-23;68725
2021-02-22;"Košický kraj";362;30830;434;31264;NA;97679;796;2021-02-22;67742
2021-02-21;"Košický kraj";170;40464;385;40849;NA;97679;555;2021-02-21;66946
2021-02-20;"Košický kraj";283;92550;770;93320;NA;97679;1053;2021-02-20;66391
2021-02-19;"Košický kraj";507;41579;583;42162;NA;97679;1090;2021-02-19;65338
2021-02-18;"Košický kraj";397;18442;345;18787;NA;97679;742;2021-02-18;64248
2021-02-17;"Košický kraj";322;18080;387;18467;NA;97679;709;2021-02-17;63506
2021-02-16;"Košický kraj";600;22111;463;22574;NA;97679;1063;2021-02-16;62797
2021-02-15;"Košický kraj";216;27633;419;28052;NA;97679;635;2021-02-15;61734
2021-02-14;"Košický kraj";241;56743;524;57267;NA;97679;765;2021-02-14;61099
2021-02-13;"Košický kraj";206;93965;765;94730;NA;97679;971;2021-02-13;60334
2021-02-12;"Košický kraj";448;49924;611;50535;NA;97679;1059;2021-02-12;59363
2021-02-11;"Košický kraj";435;14524;323;14847;NA;97679;758;2021-02-11;58304
2021-02-10;"Košický kraj";360;18475;431;18906;NA;97679;791;2021-02-10;57546
2021-02-09;"Košický kraj";544;24841;463;25304;NA;97679;1007;2021-02-09;56755
2021-02-08;"Košický kraj";237;24836;392;25228;NA;97679;629;2021-02-08;55748
2021-02-07;"Košický kraj";208;56897;612;57509;NA;97679;820;2021-02-07;55119
2021-02-06;"Košický kraj";318;104357;884;105241;NA;97679;1202;2021-02-06;54299
2021-02-05;"Košický kraj";384;43186;494;43680;NA;97679;878;2021-02-05;53097
2021-02-04;"Košický kraj";391;14508;371;14879;NA;97679;762;2021-02-04;52219
2021-02-03;"Košický kraj";296;12599;339;12938;NA;97679;635;2021-02-03;51457
2021-02-02;"Košický kraj";473;43883;1212;45095;NA;97679;1685;2021-02-02;50822
2021-02-01;"Košický kraj";415;21965;362;22327;NA;97679;777;2021-02-01;49137
2021-01-31;"Košický kraj";142;54154;609;54763;NA;97679;751;2021-01-31;48360
2021-01-30;"Košický kraj";320;76722;661;77383;NA;97679;981;2021-01-30;47609
2021-01-29;"Košický kraj";311;37130;466;37596;NA;97679;777;2021-01-29;46628
2021-01-28;"Košický kraj";540;9006;244;9250;NA;97679;784;2021-01-28;45851
2021-01-27;"Košický kraj";265;7575;211;7786;NA;97679;476;2021-01-27;45067
2021-01-26;"Košický kraj";530;14210;245;14455;NA;97679;775;2021-01-26;44591
2021-01-25;"Košický kraj";226;26430;413;26843;NA;97679;639;2021-01-25;43816
2021-01-24;"Košický kraj";150;44419;581;45000;NA;97679;731;2021-01-24;43177
2021-01-23;"Košický kraj";232;82705;857;83562;NA;97679;1089;2021-01-23;42446
2021-01-22;"Košický kraj";316;19997;265;20262;NA;97679;581;2021-01-22;41357
2021-01-21;"Košický kraj";274;14047;158;14205;NA;97679;432;2021-01-21;40776
2021-01-20;"Košický kraj";374;10843;201;11044;NA;97679;575;2021-01-20;40344
2021-01-19;"Košický kraj";248;9717;181;9898;NA;97679;429;2021-01-19;39769
2021-01-18;"Košický kraj";333;7659;262;7921;NA;97679;595;2021-01-18;39340
2021-01-17;"Košický kraj";155;535;14;549;NA;97679;169;2021-01-17;38745
2021-01-16;"Košický kraj";153;1403;47;1450;NA;97679;200;2021-01-16;38576
2021-01-15;"Košický kraj";308;6443;213;6656;NA;97679;521;2021-01-15;38376
2021-01-14;"Košický kraj";358;5471;221;5692;NA;97679;579;2021-01-14;37855
2021-01-13;"Košický kraj";421;4897;226;5123;NA;97679;647;2021-01-13;37276
2021-01-12;"Košický kraj";482;6689;258;6947;NA;97679;740;2021-01-12;36629
2021-01-11;"Košický kraj";309;7945;304;8249;NA;97679;613;2021-01-11;35889
2021-01-10;"Košický kraj";193;136;6;142;NA;97679;199;2021-01-10;35276
2021-01-09;"Košický kraj";469;1134;45;1179;NA;97679;514;2021-01-09;35077
2021-01-08;"Košický kraj";551;8222;388;8610;NA;97679;939;2021-01-08;34563
2021-01-07;"Košický kraj";251;6566;434;7000;NA;97679;685;2021-01-07;33624
2021-01-06;"Košický kraj";442;429;33;462;NA;97679;475;2021-01-06;32939
2021-01-05;"Košický kraj";584;8100;560;8660;NA;97679;1144;2021-01-05;32464
2021-01-04;"Košický kraj";407;7113;737;7850;NA;97679;1144;2021-01-04;31320
2021-01-03;"Košický kraj";118;661;22;683;NA;97679;140;2021-01-03;30176
2021-01-02;"Košický kraj";88;440;52;492;NA;97679;140;2021-01-02;30036
2021-01-01;"Košický kraj";398;725;49;774;NA;97679;447;2021-01-01;29896
2020-12-31;"Košický kraj";625;7877;461;8338;NA;97679;1086;2020-12-31;29449
2020-12-30;"Košický kraj";590;6477;412;6889;NA;97679;1002;2020-12-30;28363
2020-12-29;"Košický kraj";419;7573;605;8178;NA;97679;1024;2020-12-29;27361
2020-12-28;"Košický kraj";356;8296;804;9100;NA;97679;1160;2020-12-28;26337
2020-12-27;"Košický kraj";159;147;16;163;NA;97679;175;2020-12-27;25177
2020-12-26;"Košický kraj";163;274;23;297;NA;97679;186;2020-12-26;25002
2020-12-25;"Košický kraj";237;140;10;150;NA;97679;247;2020-12-25;24816
2020-12-24;"Košický kraj";564;1470;90;1560;NA;97679;654;2020-12-24;24569
2020-12-23;"Košický kraj";304;7942;354;8296;NA;97679;658;2020-12-23;23915
2020-12-22;"Košický kraj";438;7920;459;8379;NA;97679;897;2020-12-22;23257
2020-12-21;"Košický kraj";405;6984;509;7493;NA;97679;914;2020-12-21;22360
2020-12-20;"Košický kraj";215;73;11;84;NA;97679;226;2020-12-20;21446
2020-12-19;"Košický kraj";207;1309;63;1372;NA;97679;270;2020-12-19;21220
2020-12-18;"Košický kraj";310;8484;326;8810;NA;97679;636;2020-12-18;20950
2020-12-17;"Košický kraj";463;5292;255;5547;NA;97679;718;2020-12-17;20314
2020-12-16;"Košický kraj";455;5898;316;6214;NA;97679;771;2020-12-16;19596
2020-12-15;"Košický kraj";319;5086;338;5424;NA;97679;657;2020-12-15;18825
2020-12-14;"Košický kraj";256;3401;264;3665;NA;97679;520;2020-12-14;18168
2020-12-13;"Košický kraj";47;181;2;183;NA;97679;49;2020-12-13;17648
2020-12-12;"Košický kraj";369;1587;118;1705;NA;97679;487;2020-12-12;17599
2020-12-11;"Košický kraj";354;5461;258;5719;NA;97679;612;2020-12-11;17112
2020-12-10;"Košický kraj";283;4064;176;4240;NA;97679;459;2020-12-10;16500
2020-12-09;"Košický kraj";279;3786;166;3952;NA;97679;445;2020-12-09;16041
2020-12-08;"Košický kraj";226;4105;355;4460;NA;97679;581;2020-12-08;15596
2020-12-07;"Košický kraj";270;2383;106;2489;NA;97679;376;2020-12-07;15015
2020-12-06;"Košický kraj";121;97;20;117;NA;97679;141;2020-12-06;14639
2020-12-05;"Košický kraj";90;1096;48;1144;NA;97679;138;2020-12-05;14498
2020-12-04;"Košický kraj";224;2680;82;2762;NA;97679;306;2020-12-04;14360
2020-12-03;"Košický kraj";211;7717;173;7890;NA;97679;384;2020-12-03;14054
2020-12-02;"Košický kraj";193;8132;496;8628;NA;97679;689;2020-12-02;13670
2020-12-01;"Košický kraj";178;2237;124;2361;NA;97679;302;2020-12-01;12981
2020-11-30;"Košický kraj";171;3754;62;3816;NA;97679;233;2020-11-30;12679
2020-11-29;"Košický kraj";31;325;17;342;NA;97679;48;2020-11-29;12446
2020-11-28;"Košický kraj";69;721;52;773;NA;97679;121;2020-11-28;12398
2020-11-27;"Košický kraj";149;2921;78;2999;NA;97679;227;2020-11-27;12277
2020-11-26;"Košický kraj";239;1234;60;1294;NA;97679;299;2020-11-26;12050
2020-11-25;"Košický kraj";237;1785;123;1908;NA;97679;360;2020-11-25;11751
2020-11-24;"Košický kraj";196;1976;67;2043;NA;97679;263;2020-11-24;11391
2020-11-23;"Košický kraj";51;4115;63;4178;NA;97679;114;2020-11-23;11128
2020-11-22;"Košický kraj";57;57;5;62;NA;97679;62;2020-11-22;11014
2020-11-21;"Košický kraj";87;858;36;894;NA;97679;123;2020-11-21;10952
2020-11-20;"Košický kraj";176;3084;49;3133;NA;97679;225;2020-11-20;10829
2020-11-19;"Košický kraj";206;1736;48;1784;NA;97679;254;2020-11-19;10604
2020-11-18;"Košický kraj";122;532;17;549;NA;97679;139;2020-11-18;10350
2020-11-17;"Košický kraj";152;82;9;91;NA;97679;161;2020-11-17;10211
2020-11-16;"Košický kraj";114;596;27;623;NA;97679;141;2020-11-16;10050
2020-11-15;"Košický kraj";15;338;7;345;NA;97679;22;2020-11-15;9909
2020-11-14;"Košický kraj";234;520;12;532;NA;97679;246;2020-11-14;9887
2020-11-13;"Košický kraj";207;664;29;693;NA;97679;236;2020-11-13;9641
2020-11-12;"Košický kraj";192;736;13;749;NA;97679;205;2020-11-12;9405
2020-11-11;"Košický kraj";301;593;7;600;NA;97679;308;2020-11-11;9200
2020-11-10;"Košický kraj";190;541;11;552;NA;97679;201;2020-11-10;8892
2020-11-09;"Košický kraj";129;380;17;397;NA;97679;146;2020-11-09;8691
2020-11-08;"Košický kraj";78;1306;8;1314;NA;97679;86;2020-11-08;8545
2020-11-07;"Košický kraj";192;3909;22;3931;NA;97679;214;2020-11-07;8459
2020-11-06;"Košický kraj";195;5310;34;5344;NA;97679;229;2020-11-06;8245
2020-11-05;"Košický kraj";342;330;31;361;NA;97679;373;2020-11-05;8016
2020-11-04;"Košický kraj";101;154;6;160;NA;97679;107;2020-11-04;7643
2020-11-03;"Košický kraj";358;1122;13;1135;NA;97679;371;2020-11-03;7536
2020-11-02;"Košický kraj";111;6125;56;6181;NA;97679;167;2020-11-02;7165
2020-11-01;"Košický kraj";346;6522;34;6556;NA;97679;380;2020-11-01;6998
2020-10-31;"Košický kraj";82;14035;106;14141;NA;97679;188;2020-10-31;6618
2020-10-30;"Košický kraj";379;2835;27;2862;NA;97679;406;2020-10-30;6430
2020-10-29;"Košický kraj";333;983;13;996;NA;97679;346;2020-10-29;6024
2020-10-28;"Košický kraj";224;305;13;318;NA;97679;237;2020-10-28;5678
2020-10-27;"Košický kraj";386;439;21;460;NA;97679;407;2020-10-27;5441
2020-10-26;"Košický kraj";56;212;12;224;NA;97679;68;2020-10-26;5034
2020-10-25;"Košický kraj";154;79;2;81;NA;97679;156;2020-10-25;4966
2020-10-24;"Košický kraj";313;118;16;134;NA;97679;329;2020-10-24;4810
2020-10-23;"Košický kraj";315;331;8;339;NA;97679;323;2020-10-23;4481
2020-10-22;"Košický kraj";349;530;16;546;NA;97679;365;2020-10-22;4158
2020-10-21;"Košický kraj";129;84;2;86;NA;97679;131;2020-10-21;3793
2020-10-20;"Košický kraj";181;14;1;15;NA;97679;182;2020-10-20;3662
2020-10-19;"Košický kraj";64;38;1;39;NA;97679;65;2020-10-19;3480
2020-10-18;"Košický kraj";158;0;0;0;NA;97679;158;2020-10-18;3415
2020-10-17;"Košický kraj";142;0;0;0;NA;97679;142;2020-10-17;3257
2020-10-16;"Košický kraj";206;19;0;19;NA;97679;206;2020-10-16;3115
2020-10-15;"Košický kraj";177;19;5;24;NA;97679;182;2020-10-15;2909
2020-10-14;"Košický kraj";211;8;0;8;NA;97679;211;2020-10-14;2727
2020-10-13;"Košický kraj";179;80;3;83;NA;97679;182;2020-10-13;2516
2020-10-12;"Košický kraj";74;0;0;0;NA;97679;74;2020-10-12;2334
2020-10-11;"Košický kraj";121;0;0;0;NA;97679;121;2020-10-11;2260
2020-10-10;"Košický kraj";70;0;0;0;NA;97679;70;2020-10-10;2139
2020-10-09;"Košický kraj";188;0;0;0;NA;97679;188;2020-10-09;2069
2020-10-08;"Košický kraj";102;0;0;0;NA;97679;102;2020-10-08;1881
2020-10-07;"Košický kraj";158;0;0;0;NA;97679;158;2020-10-07;1779
2020-10-06;"Košický kraj";70;0;0;0;NA;97679;70;2020-10-06;1621
2020-10-05;"Košický kraj";39;0;0;0;NA;97679;39;2020-10-05;1551
2020-10-04;"Košický kraj";45;0;0;0;NA;97679;45;2020-10-04;1512
2020-10-03;"Košický kraj";105;0;0;0;NA;97679;105;2020-10-03;1467
2020-10-02;"Košický kraj";57;0;0;0;NA;97679;57;2020-10-02;1362
2020-10-01;"Košický kraj";69;0;0;0;NA;97679;69;2020-10-01;1305
2020-09-30;"Košický kraj";95;0;0;0;NA;97679;95;2020-09-30;1236
2020-09-29;"Košický kraj";75;0;0;0;NA;97679;75;2020-09-29;1141
2020-09-28;"Košický kraj";19;0;0;0;NA;97679;19;2020-09-28;1066
2020-09-27;"Košický kraj";21;0;0;0;NA;97679;21;2020-09-27;1047
2020-09-26;"Košický kraj";53;0;0;0;NA;97679;53;2020-09-26;1026
2020-09-25;"Košický kraj";72;0;0;0;NA;97679;72;2020-09-25;973
2020-09-24;"Košický kraj";35;0;0;0;NA;97679;35;2020-09-24;901
2020-09-23;"Košický kraj";23;0;0;0;NA;97679;23;2020-09-23;866
2020-09-22;"Košický kraj";39;0;0;0;NA;97679;39;2020-09-22;843
2020-09-21;"Košický kraj";5;0;0;0;NA;97679;5;2020-09-21;804
2020-09-20;"Košický kraj";3;0;0;0;NA;97679;3;2020-09-20;799
2020-09-19;"Košický kraj";13;0;0;0;NA;97679;13;2020-09-19;796
2020-09-18;"Košický kraj";20;0;0;0;NA;97679;20;2020-09-18;783
2020-09-17;"Košický kraj";22;0;0;0;NA;97679;22;2020-09-17;763
2020-09-16;"Košický kraj";12;0;0;0;NA;97679;12;2020-09-16;741
2020-09-15;"Košický kraj";10;0;0;0;NA;97679;10;2020-09-15;729
2020-09-14;"Košický kraj";6;0;0;0;NA;97679;6;2020-09-14;719
2020-09-13;"Košický kraj";3;0;0;0;NA;97679;3;2020-09-13;713
2020-09-12;"Košický kraj";16;0;0;0;NA;97679;16;2020-09-12;710
2020-09-11;"Košický kraj";20;0;0;0;NA;97679;20;2020-09-11;694
2020-09-10;"Košický kraj";11;0;0;0;NA;97679;11;2020-09-10;674
2020-09-09;"Košický kraj";37;0;0;0;NA;97679;37;2020-09-09;663
2020-09-08;"Košický kraj";10;0;0;0;NA;97679;10;2020-09-08;626
2020-09-07;"Košický kraj";4;0;0;0;NA;97679;4;2020-09-07;616
2020-09-06;"Košický kraj";2;0;0;0;NA;97679;2;2020-09-06;612
2020-09-05;"Košický kraj";10;0;0;0;NA;97679;10;2020-09-05;610
2020-09-04;"Košický kraj";14;0;0;0;NA;97679;14;2020-09-04;600
2020-09-03;"Košický kraj";22;0;0;0;NA;97679;22;2020-09-03;586
2020-09-02;"Košický kraj";13;0;0;0;NA;97679;13;2020-09-02;564
2020-09-01;"Košický kraj";21;0;0;0;NA;97679;21;2020-09-01;551
2020-08-31;"Košický kraj";9;0;0;0;NA;97679;9;2020-08-31;530
2020-08-30;"Košický kraj";21;0;0;0;NA;97679;21;2020-08-30;521
2020-08-29;"Košický kraj";1;0;0;0;NA;97679;1;2020-08-29;500
2020-08-28;"Košický kraj";19;0;0;0;NA;97679;19;2020-08-28;499
2020-08-27;"Košický kraj";15;0;0;0;NA;97679;15;2020-08-27;480
2020-08-26;"Košický kraj";8;0;0;0;NA;97679;8;2020-08-26;465
2020-08-25;"Košický kraj";23;0;0;0;NA;97679;23;2020-08-25;457
2020-08-24;"Košický kraj";6;0;0;0;NA;97679;6;2020-08-24;434
2020-08-23;"Košický kraj";8;0;0;0;NA;97679;8;2020-08-23;428
2020-08-22;"Košický kraj";13;0;0;0;NA;97679;13;2020-08-22;420
2020-08-21;"Košický kraj";10;0;0;0;NA;97679;10;2020-08-21;407
2020-08-20;"Košický kraj";10;0;0;0;NA;97679;10;2020-08-20;397
2020-08-19;"Košický kraj";3;0;0;0;NA;97679;3;2020-08-19;387
2020-08-18;"Košický kraj";7;0;0;0;NA;97679;7;2020-08-18;384
2020-08-17;"Košický kraj";2;0;0;0;NA;97679;2;2020-08-17;377
2020-08-16;"Košický kraj";2;0;0;0;NA;97679;2;2020-08-16;375
2020-08-15;"Košický kraj";3;0;0;0;NA;97679;3;2020-08-15;373
2020-08-14;"Košický kraj";1;0;0;0;NA;97679;1;2020-08-14;370
2020-08-13;"Košický kraj";3;0;0;0;NA;97679;3;2020-08-13;369
2020-08-12;"Košický kraj";12;0;0;0;NA;97679;12;2020-08-12;366
2020-08-11;"Košický kraj";5;0;0;0;NA;97679;5;2020-08-11;354
2020-08-10;"Košický kraj";1;0;0;0;NA;97679;1;2020-08-10;349
2020-08-09;"Košický kraj";0;0;0;0;NA;97679;0;2020-08-09;348
2020-08-08;"Košický kraj";5;0;0;0;NA;97679;5;2020-08-08;348
2020-08-07;"Košický kraj";7;0;0;0;NA;97679;7;2020-08-07;343
2020-08-06;"Košický kraj";3;0;0;0;NA;97679;3;2020-08-06;336
2020-08-05;"Košický kraj";4;0;0;0;NA;97679;4;2020-08-05;333
2020-08-04;"Košický kraj";1;0;0;0;NA;97679;1;2020-08-04;329
2020-08-03;"Košický kraj";1;0;0;0;NA;97679;1;2020-08-03;328
2020-08-02;"Košický kraj";0;0;0;0;NA;97679;0;2020-08-02;327
2020-08-01;"Košický kraj";0;0;0;0;NA;97679;0;2020-08-01;327
2020-07-31;"Košický kraj";0;0;0;0;NA;97679;0;2020-07-31;327
2020-07-30;"Košický kraj";2;0;0;0;NA;97679;2;2020-07-30;327
2020-07-29;"Košický kraj";1;0;0;0;NA;97679;1;2020-07-29;325
2020-07-28;"Košický kraj";9;0;0;0;NA;97679;9;2020-07-28;324
2020-07-27;"Košický kraj";4;0;0;0;NA;97679;4;2020-07-27;315
2020-07-26;"Košický kraj";0;0;0;0;NA;97679;0;2020-07-26;311
2020-07-25;"Košický kraj";2;0;0;0;NA;97679;2;2020-07-25;311
2020-07-24;"Košický kraj";2;0;0;0;NA;97679;2;2020-07-24;309
2020-07-23;"Košický kraj";1;0;0;0;NA;97679;1;2020-07-23;307
2020-07-22;"Košický kraj";1;0;0;0;NA;97679;1;2020-07-22;306
2020-07-21;"Košický kraj";0;0;0;0;NA;97679;0;2020-07-21;305
2020-07-20;"Košický kraj";0;0;0;0;NA;97679;0;2020-07-20;305
2020-07-19;"Košický kraj";0;0;0;0;NA;97679;0;2020-07-19;305
2020-07-18;"Košický kraj";1;0;0;0;NA;97679;1;2020-07-18;305
2020-07-17;"Košický kraj";1;0;0;0;NA;97679;1;2020-07-17;304
2020-07-16;"Košický kraj";0;0;0;0;NA;97679;0;2020-07-16;303
2020-07-15;"Košický kraj";2;0;0;0;NA;97679;2;2020-07-15;303
2020-07-14;"Košický kraj";1;0;0;0;NA;97679;1;2020-07-14;301
2020-07-13;"Košický kraj";1;0;0;0;NA;97679;1;2020-07-13;300
2020-07-12;"Košický kraj";0;0;0;0;NA;97679;0;2020-07-12;299
2020-07-11;"Košický kraj";0;0;0;0;NA;97679;0;2020-07-11;299
2020-07-10;"Košický kraj";1;0;0;0;NA;97679;1;2020-07-10;299
2020-07-09;"Košický kraj";1;0;0;0;NA;97679;1;2020-07-09;298
2020-07-08;"Košický kraj";12;0;0;0;NA;97679;12;2020-07-08;297
2020-07-07;"Košický kraj";0;0;0;0;NA;97679;0;2020-07-07;285
2020-07-06;"Košický kraj";0;0;0;0;NA;97679;0;2020-07-06;285
2020-07-05;"Košický kraj";0;0;0;0;NA;97679;0;2020-07-05;285
2020-07-04;"Košický kraj";0;0;0;0;NA;97679;0;2020-07-04;285
2020-07-03;"Košický kraj";1;0;0;0;NA;97679;1;2020-07-03;285
2020-07-02;"Košický kraj";0;0;0;0;NA;97679;0;2020-07-02;284
2020-07-01;"Košický kraj";1;0;0;0;NA;97679;1;2020-07-01;284
2020-06-30;"Košický kraj";0;0;0;0;NA;97679;0;2020-06-30;283
2020-06-29;"Košický kraj";0;0;0;0;NA;97679;0;2020-06-29;283
2020-06-28;"Košický kraj";0;0;0;0;NA;97679;0;2020-06-28;283
2020-06-27;"Košický kraj";0;0;0;0;NA;97679;0;2020-06-27;283
2020-06-26;"Košický kraj";0;0;0;0;NA;97679;0;2020-06-26;283
2020-06-25;"Košický kraj";3;0;0;0;NA;97679;3;2020-06-25;283
2020-06-24;"Košický kraj";3;0;0;0;NA;97679;3;2020-06-24;280
2020-06-23;"Košický kraj";3;0;0;0;NA;97679;3;2020-06-23;277
2020-06-22;"Košický kraj";0;0;0;0;NA;97679;0;2020-06-22;274
2020-06-21;"Košický kraj";0;0;0;0;NA;97679;0;2020-06-21;274
2020-06-20;"Košický kraj";0;0;0;0;NA;97679;0;2020-06-20;274
2020-06-19;"Košický kraj";0;0;0;0;NA;97679;0;2020-06-19;274
2020-06-18;"Košický kraj";1;0;0;0;NA;97679;1;2020-06-18;274
2020-06-17;"Košický kraj";0;0;0;0;NA;97679;0;2020-06-17;273
2020-06-16;"Košický kraj";2;0;0;0;NA;97679;2;2020-06-16;273
2020-06-14;"Košický kraj";0;0;0;0;NA;97679;0;2020-06-14;271
2020-06-13;"Košický kraj";0;0;0;0;NA;97679;0;2020-06-13;271
2020-06-12;"Košický kraj";0;0;0;0;NA;97679;0;2020-06-12;271
2020-06-11;"Košický kraj";0;0;0;0;NA;97679;0;2020-06-11;271
2020-06-10;"Košický kraj";6;0;0;0;NA;97679;6;2020-06-10;271
2020-06-09;"Košický kraj";0;0;0;0;NA;97679;0;2020-06-09;265
2020-06-08;"Košický kraj";0;0;0;0;NA;97679;0;2020-06-08;265
2020-06-07;"Košický kraj";2;0;0;0;NA;97679;2;2020-06-07;265
2020-06-05;"Košický kraj";0;0;0;0;NA;97679;0;2020-06-05;263
2020-06-03;"Košický kraj";0;0;0;0;NA;97679;0;2020-06-03;263
2020-06-02;"Košický kraj";1;0;0;0;NA;97679;1;2020-06-02;263
2020-05-31;"Košický kraj";0;0;0;0;NA;97679;0;2020-05-31;262
2020-05-29;"Košický kraj";1;0;0;0;NA;97679;1;2020-05-29;262
2020-05-27;"Košický kraj";0;0;0;0;NA;97679;0;2020-05-27;261
2020-05-26;"Košický kraj";1;0;0;0;NA;97679;1;2020-05-26;261
2020-05-25;"Košický kraj";1;0;0;0;NA;97679;1;2020-05-25;260
2020-05-24;"Košický kraj";0;0;0;0;NA;97679;0;2020-05-24;259
2020-05-23;"Košický kraj";0;0;0;0;NA;97679;0;2020-05-23;259
2020-05-22;"Košický kraj";0;0;0;0;NA;97679;0;2020-05-22;259
2020-05-21;"Košický kraj";0;0;0;0;NA;97679;0;2020-05-21;259
2020-05-20;"Košický kraj";3;0;0;0;NA;97679;3;2020-05-20;259
2020-05-19;"Košický kraj";0;0;0;0;NA;97679;0;2020-05-19;256
2020-05-17;"Košický kraj";1;0;0;0;NA;97679;1;2020-05-17;256
2020-05-16;"Košický kraj";1;0;0;0;NA;97679;1;2020-05-16;255
2020-05-15;"Košický kraj";10;0;0;0;NA;97679;10;2020-05-15;254
2020-05-14;"Košický kraj";1;0;0;0;NA;97679;1;2020-05-14;244
2020-05-13;"Košický kraj";6;0;0;0;NA;97679;6;2020-05-13;243
2020-05-12;"Košický kraj";0;0;0;0;NA;97679;0;2020-05-12;237
2020-05-11;"Košický kraj";0;0;0;0;NA;97679;0;2020-05-11;237
2020-05-09;"Košický kraj";0;0;0;0;NA;97679;0;2020-05-09;237
2020-05-07;"Košický kraj";0;0;0;0;NA;97679;0;2020-05-07;237
2020-05-06;"Košický kraj";1;0;0;0;NA;97679;1;2020-05-06;237
2020-05-05;"Košický kraj";0;0;0;0;NA;97679;0;2020-05-05;236
2020-05-04;"Košický kraj";0;0;0;0;NA;97679;0;2020-05-04;236
2020-05-03;"Košický kraj";0;0;0;0;NA;97679;0;2020-05-03;236
2020-05-02;"Košický kraj";1;0;0;0;NA;97679;1;2020-05-02;236
2020-05-01;"Košický kraj";0;0;0;0;NA;97679;0;2020-05-01;235
2020-04-30;"Košický kraj";1;0;0;0;NA;97679;1;2020-04-30;235
2020-04-29;"Košický kraj";1;0;0;0;NA;97679;1;2020-04-29;234
2020-04-28;"Košický kraj";1;0;0;0;NA;97679;1;2020-04-28;233
2020-04-27;"Košický kraj";1;0;0;0;NA;97679;1;2020-04-27;232
2020-04-26;"Košický kraj";0;0;0;0;NA;97679;0;2020-04-26;231
2020-04-25;"Košický kraj";0;0;0;0;NA;97679;0;2020-04-25;231
2020-04-24;"Košický kraj";3;0;0;0;NA;97679;3;2020-04-24;231
2020-04-23;"Košický kraj";4;0;0;0;NA;97679;4;2020-04-23;228
2020-04-22;"Košický kraj";21;0;0;0;NA;97679;21;2020-04-22;224
2020-04-21;"Košický kraj";4;0;0;0;NA;97679;4;2020-04-21;203
2020-04-20;"Košický kraj";0;0;0;0;NA;97679;0;2020-04-20;199
2020-04-19;"Košický kraj";1;0;0;0;NA;97679;1;2020-04-19;199
2020-04-18;"Košický kraj";2;0;0;0;NA;97679;2;2020-04-18;198
2020-04-17;"Košický kraj";7;0;0;0;NA;97679;7;2020-04-17;196
2020-04-16;"Košický kraj";29;0;0;0;NA;97679;29;2020-04-16;189
2020-04-15;"Košický kraj";50;0;0;0;NA;97679;50;2020-04-15;160
2020-04-14;"Košický kraj";4;0;0;0;NA;97679;4;2020-04-14;110
2020-04-13;"Košický kraj";5;0;0;0;NA;97679;5;2020-04-13;106
2020-04-12;"Košický kraj";4;0;0;0;NA;97679;4;2020-04-12;101
2020-04-11;"Košický kraj";2;0;0;0;NA;97679;2;2020-04-11;97
2020-04-10;"Košický kraj";1;0;0;0;NA;97679;1;2020-04-10;95
2020-04-09;"Košický kraj";4;0;0;0;NA;97679;4;2020-04-09;94
2020-04-08;"Košický kraj";5;0;0;0;NA;97679;5;2020-04-08;90
2020-04-07;"Košický kraj";34;0;0;0;NA;97679;34;2020-04-07;85
2020-04-06;"Košický kraj";6;0;0;0;NA;97679;6;2020-04-06;51
2020-04-05;"Košický kraj";4;0;0;0;NA;97679;4;2020-04-05;45
2020-04-04;"Košický kraj";5;0;0;0;NA;97679;5;2020-04-04;41
2020-04-03;"Košický kraj";4;0;0;0;NA;97679;4;2020-04-03;36
2020-04-02;"Košický kraj";3;0;0;0;NA;97679;3;2020-04-02;32
2020-04-01;"Košický kraj";3;0;0;0;NA;97679;3;2020-04-01;29
2020-03-31;"Košický kraj";1;0;0;0;NA;97679;1;2020-03-31;26
2020-03-30;"Košický kraj";5;0;0;0;NA;97679;5;2020-03-30;25
2020-03-29;"Košický kraj";0;0;0;0;NA;97679;0;2020-03-29;20
2020-03-28;"Košický kraj";1;0;0;0;NA;97679;1;2020-03-28;20
2020-03-27;"Košický kraj";1;0;0;0;NA;97679;1;2020-03-27;19
2020-03-26;"Košický kraj";3;0;0;0;NA;97679;3;2020-03-26;18
2020-03-25;"Košický kraj";2;0;0;0;NA;97679;2;2020-03-25;15
2020-03-24;"Košický kraj";0;0;0;0;NA;97679;0;2020-03-24;13
2020-03-23;"Košický kraj";2;0;0;0;NA;97679;2;2020-03-23;13
2020-03-22;"Košický kraj";0;0;0;0;NA;97679;0;2020-03-22;11
2020-03-21;"Košický kraj";3;0;0;0;NA;97679;3;2020-03-21;11
2020-03-20;"Košický kraj";1;0;0;0;NA;97679;1;2020-03-20;8
2020-03-19;"Košický kraj";0;0;0;0;NA;97679;0;2020-03-19;7
2020-03-18;"Košický kraj";0;0;0;0;NA;97679;0;2020-03-18;7
2020-03-17;"Košický kraj";0;0;0;0;NA;97679;0;2020-03-17;7
2020-03-16;"Košický kraj";3;0;0;0;NA;97679;3;2020-03-16;7
2020-03-15;"Košický kraj";1;0;0;0;NA;97679;1;2020-03-15;4
2020-03-14;"Košický kraj";0;0;0;0;NA;97679;0;2020-03-14;3
2020-03-13;"Košický kraj";2;0;0;0;NA;97679;2;2020-03-13;3
2020-03-12;"Košický kraj";0;0;0;0;NA;97679;0;2020-03-12;1
2020-03-11;"Košický kraj";0;0;0;0;NA;97679;0;2020-03-11;1
2020-03-09;"Košický kraj";1;0;0;0;NA;97679;1;2020-03-09;1
2020-03-08;"Košický kraj";0;0;0;0;NA;97679;0;2020-03-08;0
2020-03-07;"Košický kraj";0;0;0;0;NA;97679;0;2020-03-07;0
2020-03-06;"Košický kraj";0;0;0;0;NA;97679;0;2020-03-06;0
2021-07-05;"Nitriansky kraj";1;248;0;248;39258;92654;1;2021-07-05;92654
2021-07-04;"Nitriansky kraj";0;509;1;510;NA;92654;1;2021-07-04;92653
2021-07-03;"Nitriansky kraj";0;381;0;381;NA;92654;0;2021-07-03;92652
2021-07-02;"Nitriansky kraj";0;834;0;834;NA;92654;0;2021-07-02;92652
2021-07-01;"Nitriansky kraj";0;265;1;266;NA;92654;1;2021-07-01;92652
2021-06-30;"Nitriansky kraj";1;6528;2;6530;NA;92654;3;2021-06-30;92651
2021-06-29;"Nitriansky kraj";1;3255;0;3255;NA;92654;1;2021-06-29;92648
2021-06-28;"Nitriansky kraj";3;4393;0;4393;NA;92654;3;2021-06-28;92647
2021-06-27;"Nitriansky kraj";0;3263;0;3263;NA;92654;0;2021-06-27;92644
2021-06-26;"Nitriansky kraj";1;4845;2;4847;NA;92654;3;2021-06-26;92644
2021-06-25;"Nitriansky kraj";8;5145;1;5146;NA;92654;9;2021-06-25;92641
2021-06-24;"Nitriansky kraj";1;3383;0;3383;NA;92654;1;2021-06-24;92632
2021-06-23;"Nitriansky kraj";1;3023;0;3023;NA;92654;1;2021-06-23;92631
2021-06-22;"Nitriansky kraj";1;3240;3;3243;NA;92654;4;2021-06-22;92630
2021-06-21;"Nitriansky kraj";8;5059;8;5067;NA;92654;16;2021-06-21;92626
2021-06-20;"Nitriansky kraj";0;4437;6;4443;NA;92654;6;2021-06-20;92610
2021-06-19;"Nitriansky kraj";0;5750;4;5754;NA;92654;4;2021-06-19;92604
2021-06-18;"Nitriansky kraj";4;6453;3;6456;NA;92654;7;2021-06-18;92600
2021-06-17;"Nitriansky kraj";5;4030;1;4031;NA;92654;6;2021-06-17;92593
2021-06-16;"Nitriansky kraj";4;3694;3;3697;NA;92654;7;2021-06-16;92587
2021-06-15;"Nitriansky kraj";1;3849;0;3849;NA;92654;1;2021-06-15;92580
2021-06-14;"Nitriansky kraj";0;5590;3;5593;NA;92654;3;2021-06-14;92579
2021-06-13;"Nitriansky kraj";0;6184;3;6187;NA;92654;3;2021-06-13;92576
2021-06-12;"Nitriansky kraj";1;7723;1;7724;NA;92654;2;2021-06-12;92573
2021-06-11;"Nitriansky kraj";3;6558;4;6562;NA;92654;7;2021-06-11;92571
2021-06-10;"Nitriansky kraj";7;4539;1;4540;NA;92654;8;2021-06-10;92564
2021-06-09;"Nitriansky kraj";2;4656;5;4661;NA;92654;7;2021-06-09;92556
2021-06-08;"Nitriansky kraj";8;4239;3;4242;NA;92654;11;2021-06-08;92549
2021-06-07;"Nitriansky kraj";6;5648;8;5656;NA;92654;14;2021-06-07;92538
2021-06-06;"Nitriansky kraj";0;6981;4;6985;NA;92654;4;2021-06-06;92524
2021-06-05;"Nitriansky kraj";6;8417;9;8426;NA;92654;15;2021-06-05;92520
2021-06-04;"Nitriansky kraj";9;7462;5;7467;NA;92654;14;2021-06-04;92505
2021-06-03;"Nitriansky kraj";2;5062;6;5068;NA;92654;8;2021-06-03;92491
2021-06-02;"Nitriansky kraj";11;4902;11;4913;NA;92654;22;2021-06-02;92483
2021-06-01;"Nitriansky kraj";3;4698;2;4700;NA;92654;5;2021-06-01;92461
2021-05-31;"Nitriansky kraj";8;8708;8;8716;NA;92654;16;2021-05-31;92456
2021-05-30;"Nitriansky kraj";1;9067;8;9075;NA;92654;9;2021-05-30;92440
2021-05-29;"Nitriansky kraj";2;12799;7;12806;NA;92654;9;2021-05-29;92431
2021-05-28;"Nitriansky kraj";10;8575;6;8581;NA;92654;16;2021-05-28;92422
2021-05-27;"Nitriansky kraj";4;6015;5;6020;NA;92654;9;2021-05-27;92406
2021-05-26;"Nitriansky kraj";11;8266;8;8274;NA;92654;19;2021-05-26;92397
2021-05-25;"Nitriansky kraj";15;7228;8;7236;NA;92654;23;2021-05-25;92378
2021-05-24;"Nitriansky kraj";14;9599;17;9616;NA;92654;31;2021-05-24;92355
2021-05-23;"Nitriansky kraj";1;9456;13;9469;NA;92654;14;2021-05-23;92324
2021-05-22;"Nitriansky kraj";7;16774;11;16785;NA;92654;18;2021-05-22;92310
2021-05-21;"Nitriansky kraj";18;10473;15;10488;NA;92654;33;2021-05-21;92292
2021-05-20;"Nitriansky kraj";8;7059;7;7066;NA;92654;15;2021-05-20;92259
2021-05-19;"Nitriansky kraj";20;6640;14;6654;NA;92654;34;2021-05-19;92244
2021-05-18;"Nitriansky kraj";23;7577;18;7595;NA;92654;41;2021-05-18;92210
2021-05-17;"Nitriansky kraj";22;9575;20;9595;NA;92654;42;2021-05-17;92169
2021-05-16;"Nitriansky kraj";4;13830;15;13845;NA;92654;19;2021-05-16;92127
2021-05-15;"Nitriansky kraj";5;25389;23;25412;NA;92654;28;2021-05-15;92108
2021-05-14;"Nitriansky kraj";18;13273;23;13296;NA;92654;41;2021-05-14;92080
2021-05-13;"Nitriansky kraj";24;8049;19;8068;NA;92654;43;2021-05-13;92039
2021-05-12;"Nitriansky kraj";10;7466;26;7492;NA;92654;36;2021-05-12;91996
2021-05-11;"Nitriansky kraj";36;7978;13;7991;NA;92654;49;2021-05-11;91960
2021-05-10;"Nitriansky kraj";16;13590;33;13623;NA;92654;49;2021-05-10;91911
2021-05-09;"Nitriansky kraj";8;21879;35;21914;NA;92654;43;2021-05-09;91862
2021-05-08;"Nitriansky kraj";0;24318;29;24347;NA;92654;29;2021-05-08;91819
2021-05-07;"Nitriansky kraj";32;14657;20;14677;NA;92654;52;2021-05-07;91790
2021-05-06;"Nitriansky kraj";30;9275;20;9295;NA;92654;50;2021-05-06;91738
2021-05-05;"Nitriansky kraj";19;8518;23;8541;NA;92654;42;2021-05-05;91688
2021-05-04;"Nitriansky kraj";46;8954;27;8981;NA;92654;73;2021-05-04;91646
2021-05-03;"Nitriansky kraj";32;14490;44;14534;NA;92654;76;2021-05-03;91573
2021-05-02;"Nitriansky kraj";4;31751;46;31797;NA;92654;50;2021-05-02;91497
2021-05-01;"Nitriansky kraj";23;60318;43;60361;NA;92654;66;2021-05-01;91447
2021-04-30;"Nitriansky kraj";28;31803;53;31856;NA;92654;81;2021-04-30;91381
2021-04-29;"Nitriansky kraj";27;13995;32;14027;NA;92654;59;2021-04-29;91300
2021-04-28;"Nitriansky kraj";36;14678;45;14723;NA;92654;81;2021-04-28;91241
2021-04-27;"Nitriansky kraj";51;13154;35;13189;NA;92654;86;2021-04-27;91160
2021-04-26;"Nitriansky kraj";38;21029;44;21073;NA;92654;82;2021-04-26;91074
2021-04-25;"Nitriansky kraj";7;43494;43;43537;NA;92654;50;2021-04-25;90992
2021-04-24;"Nitriansky kraj";23;92745;71;92816;NA;92654;94;2021-04-24;90942
2021-04-23;"Nitriansky kraj";54;35143;51;35194;NA;92654;105;2021-04-23;90848
2021-04-22;"Nitriansky kraj";32;15435;44;15479;NA;92654;76;2021-04-22;90743
2021-04-21;"Nitriansky kraj";38;14222;45;14267;NA;92654;83;2021-04-21;90667
2021-04-20;"Nitriansky kraj";67;16058;51;16109;NA;92654;118;2021-04-20;90584
2021-04-19;"Nitriansky kraj";35;24816;59;24875;NA;92654;94;2021-04-19;90466
2021-04-18;"Nitriansky kraj";0;39569;27;39596;NA;92654;27;2021-04-18;90372
2021-04-17;"Nitriansky kraj";34;92102;82;92184;NA;92654;116;2021-04-17;90345
2021-04-16;"Nitriansky kraj";46;32348;37;32385;NA;92654;83;2021-04-16;90229
2021-04-15;"Nitriansky kraj";75;16215;52;16267;NA;92654;127;2021-04-15;90146
2021-04-14;"Nitriansky kraj";43;15303;42;15345;NA;92654;85;2021-04-14;90019
2021-04-13;"Nitriansky kraj";110;14947;44;14991;NA;92654;154;2021-04-13;89934
2021-04-12;"Nitriansky kraj";29;22162;50;22212;NA;92654;79;2021-04-12;89780
2021-04-11;"Nitriansky kraj";1;37537;31;37568;NA;92654;32;2021-04-11;89701
2021-04-10;"Nitriansky kraj";35;95524;115;95639;NA;92654;150;2021-04-10;89669
2021-04-09;"Nitriansky kraj";69;30669;58;30727;NA;92654;127;2021-04-09;89519
2021-04-08;"Nitriansky kraj";71;15369;36;15405;NA;92654;107;2021-04-08;89392
2021-04-07;"Nitriansky kraj";64;18541;47;18588;NA;92654;111;2021-04-07;89285
2021-04-06;"Nitriansky kraj";65;33218;112;33330;NA;92654;177;2021-04-06;89174
2021-04-05;"Nitriansky kraj";37;12673;48;12721;NA;92654;85;2021-04-05;88997
2021-04-04;"Nitriansky kraj";5;17887;35;17922;NA;92654;40;2021-04-04;88912
2021-04-03;"Nitriansky kraj";26;85465;153;85618;NA;92654;179;2021-04-03;88872
2021-04-02;"Nitriansky kraj";32;18667;46;18713;NA;92654;78;2021-04-02;88693
2021-04-01;"Nitriansky kraj";63;24610;83;24693;NA;92654;146;2021-04-01;88615
2021-03-31;"Nitriansky kraj";73;21752;94;21846;NA;92654;167;2021-03-31;88469
2021-03-30;"Nitriansky kraj";125;17044;83;17127;NA;92654;208;2021-03-30;88302
2021-03-29;"Nitriansky kraj";81;25139;100;25239;NA;92654;181;2021-03-29;88094
2021-03-28;"Nitriansky kraj";6;45581;106;45687;NA;92654;112;2021-03-28;87913
2021-03-27;"Nitriansky kraj";39;103659;174;103833;NA;92654;213;2021-03-27;87801
2021-03-26;"Nitriansky kraj";90;40444;115;40559;NA;92654;205;2021-03-26;87588
2021-03-25;"Nitriansky kraj";95;19149;94;19243;NA;92654;189;2021-03-25;87383
2021-03-24;"Nitriansky kraj";90;14784;91;14875;NA;92654;181;2021-03-24;87194
2021-03-23;"Nitriansky kraj";167;16753;66;16819;NA;92654;233;2021-03-23;87013
2021-03-22;"Nitriansky kraj";101;23699;124;23823;NA;92654;225;2021-03-22;86780
2021-03-21;"Nitriansky kraj";27;42318;99;42417;NA;92654;126;2021-03-21;86555
2021-03-20;"Nitriansky kraj";36;99816;207;100023;NA;92654;243;2021-03-20;86429
2021-03-19;"Nitriansky kraj";76;37115;101;37216;NA;92654;177;2021-03-19;86186
2021-03-18;"Nitriansky kraj";103;20051;113;20164;NA;92654;216;2021-03-18;86009
2021-03-17;"Nitriansky kraj";87;15832;127;15959;NA;92654;214;2021-03-17;85793
2021-03-16;"Nitriansky kraj";172;18085;121;18206;NA;92654;293;2021-03-16;85579
2021-03-15;"Nitriansky kraj";130;24491;165;24656;NA;92654;295;2021-03-15;85286
2021-03-14;"Nitriansky kraj";3;45758;107;45865;NA;92654;110;2021-03-14;84991
2021-03-13;"Nitriansky kraj";65;112081;241;112322;NA;92654;306;2021-03-13;84881
2021-03-12;"Nitriansky kraj";127;40776;159;40935;NA;92654;286;2021-03-12;84575
2021-03-11;"Nitriansky kraj";131;18685;130;18815;NA;92654;261;2021-03-11;84289
2021-03-10;"Nitriansky kraj";96;17422;143;17565;NA;92654;239;2021-03-10;84028
2021-03-09;"Nitriansky kraj";260;17645;149;17794;NA;92654;409;2021-03-09;83789
2021-03-08;"Nitriansky kraj";145;27214;172;27386;NA;92654;317;2021-03-08;83380
2021-03-07;"Nitriansky kraj";48;46867;185;47052;NA;92654;233;2021-03-07;83063
2021-03-06;"Nitriansky kraj";86;110858;326;111184;NA;92654;412;2021-03-06;82830
2021-03-05;"Nitriansky kraj";133;39068;200;39268;NA;92654;333;2021-03-05;82418
2021-03-04;"Nitriansky kraj";176;18206;173;18379;NA;92654;349;2021-03-04;82085
2021-03-03;"Nitriansky kraj";172;17210;177;17387;NA;92654;349;2021-03-03;81736
2021-03-02;"Nitriansky kraj";274;20999;366;21365;NA;92654;640;2021-03-02;81387
2021-03-01;"Nitriansky kraj";133;27881;279;28160;NA;92654;412;2021-03-01;80747
2021-02-28;"Nitriansky kraj";80;40866;218;41084;NA;92654;298;2021-02-28;80335
2021-02-27;"Nitriansky kraj";101;106352;496;106848;NA;92654;597;2021-02-27;80037
2021-02-26;"Nitriansky kraj";109;36722;306;37028;NA;92654;415;2021-02-26;79440
2021-02-25;"Nitriansky kraj";188;15235;212;15447;NA;92654;400;2021-02-25;79025
2021-02-24;"Nitriansky kraj";125;13833;260;14093;NA;92654;385;2021-02-24;78625
2021-02-23;"Nitriansky kraj";273;15402;273;15675;NA;92654;546;2021-02-23;78240
2021-02-22;"Nitriansky kraj";154;26466;330;26796;NA;92654;484;2021-02-22;77694
2021-02-21;"Nitriansky kraj";22;43657;320;43977;NA;92654;342;2021-02-21;77210
2021-02-20;"Nitriansky kraj";128;108304;584;108888;NA;92654;712;2021-02-20;76868
2021-02-19;"Nitriansky kraj";173;36849;328;37177;NA;92654;501;2021-02-19;76156
2021-02-18;"Nitriansky kraj";202;17051;275;17326;NA;92654;477;2021-02-18;75655
2021-02-17;"Nitriansky kraj";198;12080;310;12390;NA;92654;508;2021-02-17;75178
2021-02-16;"Nitriansky kraj";284;14477;282;14759;NA;92654;566;2021-02-16;74670
2021-02-15;"Nitriansky kraj";122;27620;471;28091;NA;92654;593;2021-02-15;74104
2021-02-14;"Nitriansky kraj";8;50408;318;50726;NA;92654;326;2021-02-14;73511
2021-02-13;"Nitriansky kraj";127;110035;689;110724;NA;92654;816;2021-02-13;73185
2021-02-12;"Nitriansky kraj";162;33400;407;33807;NA;92654;569;2021-02-12;72369
2021-02-11;"Nitriansky kraj";195;12406;270;12676;NA;92654;465;2021-02-11;71800
2021-02-10;"Nitriansky kraj";186;17632;644;18276;NA;92654;830;2021-02-10;71335
2021-02-09;"Nitriansky kraj";260;18523;385;18908;NA;92654;645;2021-02-09;70505
2021-02-08;"Nitriansky kraj";177;37534;569;38103;NA;92654;746;2021-02-08;69860
2021-02-07;"Nitriansky kraj";20;52307;513;52820;NA;92654;533;2021-02-07;69114
2021-02-06;"Nitriansky kraj";129;101942;765;102707;NA;92654;894;2021-02-06;68581
2021-02-05;"Nitriansky kraj";244;26140;491;26631;NA;92654;735;2021-02-05;67687
2021-02-04;"Nitriansky kraj";308;15681;512;16193;NA;92654;820;2021-02-04;66952
2021-02-03;"Nitriansky kraj";191;13468;382;13850;NA;92654;573;2021-02-03;66132
2021-02-02;"Nitriansky kraj";327;17878;382;18260;NA;92654;709;2021-02-02;65559
2021-02-01;"Nitriansky kraj";221;24002;460;24462;NA;92654;681;2021-02-01;64850
2021-01-31;"Nitriansky kraj";9;45339;496;45835;NA;92654;505;2021-01-31;64169
2021-01-30;"Nitriansky kraj";152;98142;1077;99219;NA;92654;1229;2021-01-30;63664
2021-01-29;"Nitriansky kraj";302;22461;477;22938;NA;92654;779;2021-01-29;62435
2021-01-28;"Nitriansky kraj";269;11370;398;11768;NA;92654;667;2021-01-28;61656
2021-01-27;"Nitriansky kraj";235;6758;299;7057;NA;92654;534;2021-01-27;60989
2021-01-26;"Nitriansky kraj";345;16044;454;16498;NA;92654;799;2021-01-26;60455
2021-01-25;"Nitriansky kraj";201;21729;429;22158;NA;92654;630;2021-01-25;59656
2021-01-24;"Nitriansky kraj";12;78775;889;79664;NA;92654;901;2021-01-24;59026
2021-01-23;"Nitriansky kraj";277;97395;1434;98829;NA;92654;1711;2021-01-23;58125
2021-01-22;"Nitriansky kraj";139;35824;619;36443;NA;92654;758;2021-01-22;56414
2021-01-21;"Nitriansky kraj";305;14649;412;15061;NA;92654;717;2021-01-21;55656
2021-01-20;"Nitriansky kraj";326;11991;625;12616;NA;92654;951;2021-01-20;54939
2021-01-19;"Nitriansky kraj";344;11022;633;11655;NA;92654;977;2021-01-19;53988
2021-01-18;"Nitriansky kraj";367;8901;519;9420;NA;92654;886;2021-01-18;53011
2021-01-17;"Nitriansky kraj";97;15061;275;15336;NA;92654;372;2021-01-17;52125
2021-01-16;"Nitriansky kraj";64;36838;679;37517;NA;92654;743;2021-01-16;51753
2021-01-15;"Nitriansky kraj";373;15940;474;16414;NA;92654;847;2021-01-15;51010
2021-01-14;"Nitriansky kraj";627;10577;452;11029;NA;92654;1079;2021-01-14;50163
2021-01-13;"Nitriansky kraj";663;9234;484;9718;NA;92654;1147;2021-01-13;49084
2021-01-12;"Nitriansky kraj";642;9014;557;9571;NA;92654;1199;2021-01-12;47937
2021-01-11;"Nitriansky kraj";422;8625;556;9181;NA;92654;978;2021-01-11;46738
2021-01-10;"Nitriansky kraj";44;19841;730;20571;NA;92654;774;2021-01-10;45760
2021-01-09;"Nitriansky kraj";532;36823;1071;37894;NA;92654;1603;2021-01-09;44986
2021-01-08;"Nitriansky kraj";817;14297;711;15008;NA;92654;1528;2021-01-08;43383
2021-01-07;"Nitriansky kraj";438;10406;822;11228;NA;92654;1260;2021-01-07;41855
2021-01-06;"Nitriansky kraj";259;3192;197;3389;NA;92654;456;2021-01-06;40595
2021-01-05;"Nitriansky kraj";732;8901;1202;10103;NA;92654;1934;2021-01-05;40139
2021-01-04;"Nitriansky kraj";362;8692;1329;10021;NA;92654;1691;2021-01-04;38205
2021-01-03;"Nitriansky kraj";42;84;20;104;NA;92654;62;2021-01-03;36514
2021-01-02;"Nitriansky kraj";249;1090;26;1116;NA;92654;275;2021-01-02;36452
2021-01-01;"Nitriansky kraj";119;781;95;876;NA;92654;214;2021-01-01;36177
2020-12-31;"Nitriansky kraj";786;7646;962;8608;NA;92654;1748;2020-12-31;35963
2020-12-30;"Nitriansky kraj";1094;9619;1165;10784;NA;92654;2259;2020-12-30;34215
2020-12-29;"Nitriansky kraj";607;8277;1286;9563;NA;92654;1893;2020-12-29;31956
2020-12-28;"Nitriansky kraj";83;6981;1271;8252;NA;92654;1354;2020-12-28;30063
2020-12-27;"Nitriansky kraj";22;60;8;68;NA;92654;30;2020-12-27;28709
2020-12-26;"Nitriansky kraj";54;297;56;353;NA;92654;110;2020-12-26;28679
2020-12-25;"Nitriansky kraj";35;60;11;71;NA;92654;46;2020-12-25;28569
2020-12-24;"Nitriansky kraj";514;1861;176;2037;NA;92654;690;2020-12-24;28523
2020-12-23;"Nitriansky kraj";349;15295;843;16138;NA;92654;1192;2020-12-23;27833
2020-12-22;"Nitriansky kraj";673;10989;994;11983;NA;92654;1667;2020-12-22;26641
2020-12-21;"Nitriansky kraj";128;7953;976;8929;NA;92654;1104;2020-12-21;24974
2020-12-20;"Nitriansky kraj";77;50;10;60;NA;92654;87;2020-12-20;23870
2020-12-19;"Nitriansky kraj";262;2259;159;2418;NA;92654;421;2020-12-19;23783
2020-12-18;"Nitriansky kraj";512;8437;551;8988;NA;92654;1063;2020-12-18;23362
2020-12-17;"Nitriansky kraj";586;6894;514;7408;NA;92654;1100;2020-12-17;22299
2020-12-16;"Nitriansky kraj";357;8613;535;9148;NA;92654;892;2020-12-16;21199
2020-12-15;"Nitriansky kraj";461;9365;769;10134;NA;92654;1230;2020-12-15;20307
2020-12-14;"Nitriansky kraj";217;8089;827;8916;NA;92654;1044;2020-12-14;19077
2020-12-13;"Nitriansky kraj";12;69;6;75;NA;92654;18;2020-12-13;18033
2020-12-12;"Nitriansky kraj";341;1832;125;1957;NA;92654;466;2020-12-12;18015
2020-12-11;"Nitriansky kraj";409;5430;416;5846;NA;92654;825;2020-12-11;17549
2020-12-10;"Nitriansky kraj";360;5473;351;5824;NA;92654;711;2020-12-10;16724
2020-12-09;"Nitriansky kraj";362;5506;529;6035;NA;92654;891;2020-12-09;16013
2020-12-08;"Nitriansky kraj";340;8168;548;8716;NA;92654;888;2020-12-08;15122
2020-12-07;"Nitriansky kraj";139;6243;573;6816;NA;92654;712;2020-12-07;14234
2020-12-06;"Nitriansky kraj";15;89;4;93;NA;92654;19;2020-12-06;13522
2020-12-05;"Nitriansky kraj";136;1388;19;1407;NA;92654;155;2020-12-05;13503
2020-12-04;"Nitriansky kraj";232;2884;74;2958;NA;92654;306;2020-12-04;13348
2020-12-03;"Nitriansky kraj";248;2471;110;2581;NA;92654;358;2020-12-03;13042
2020-12-02;"Nitriansky kraj";252;3733;163;3896;NA;92654;415;2020-12-02;12684
2020-12-01;"Nitriansky kraj";331;2891;131;3022;NA;92654;462;2020-12-01;12269
2020-11-30;"Nitriansky kraj";91;4228;188;4416;NA;92654;279;2020-11-30;11807
2020-11-29;"Nitriansky kraj";3;634;42;676;NA;92654;45;2020-11-29;11528
2020-11-28;"Nitriansky kraj";135;892;31;923;NA;92654;166;2020-11-28;11483
2020-11-27;"Nitriansky kraj";177;2069;73;2142;NA;92654;250;2020-11-27;11317
2020-11-26;"Nitriansky kraj";191;2813;80;2893;NA;92654;271;2020-11-26;11067
2020-11-25;"Nitriansky kraj";325;2478;91;2569;NA;92654;416;2020-11-25;10796
2020-11-24;"Nitriansky kraj";147;1641;64;1705;NA;92654;211;2020-11-24;10380
2020-11-23;"Nitriansky kraj";102;9891;212;10103;NA;92654;314;2020-11-23;10169
2020-11-22;"Nitriansky kraj";7;1176;25;1201;NA;92654;32;2020-11-22;9855
2020-11-21;"Nitriansky kraj";86;1083;38;1121;NA;92654;124;2020-11-21;9823
2020-11-20;"Nitriansky kraj";264;4180;103;4283;NA;92654;367;2020-11-20;9699
2020-11-19;"Nitriansky kraj";185;3065;134;3199;NA;92654;319;2020-11-19;9332
2020-11-18;"Nitriansky kraj";188;2214;79;2293;NA;92654;267;2020-11-18;9013
2020-11-17;"Nitriansky kraj";178;596;29;625;NA;92654;207;2020-11-17;8746
2020-11-16;"Nitriansky kraj";139;1877;75;1952;NA;92654;214;2020-11-16;8539
2020-11-15;"Nitriansky kraj";14;180;5;185;NA;92654;19;2020-11-15;8325
2020-11-14;"Nitriansky kraj";114;1131;32;1163;NA;92654;146;2020-11-14;8306
2020-11-13;"Nitriansky kraj";210;936;46;982;NA;92654;256;2020-11-13;8160
2020-11-12;"Nitriansky kraj";256;1195;35;1230;NA;92654;291;2020-11-12;7904
2020-11-11;"Nitriansky kraj";279;1247;22;1269;NA;92654;301;2020-11-11;7613
2020-11-10;"Nitriansky kraj";192;2623;39;2662;NA;92654;231;2020-11-10;7312
2020-11-09;"Nitriansky kraj";128;3136;43;3179;NA;92654;171;2020-11-09;7081
2020-11-08;"Nitriansky kraj";43;1462;32;1494;NA;92654;75;2020-11-08;6910
2020-11-07;"Nitriansky kraj";130;1046;4;1050;NA;92654;134;2020-11-07;6835
2020-11-06;"Nitriansky kraj";210;2264;32;2296;NA;92654;242;2020-11-06;6701
2020-11-05;"Nitriansky kraj";178;313;14;327;NA;92654;192;2020-11-05;6459
2020-11-04;"Nitriansky kraj";211;297;16;313;NA;92654;227;2020-11-04;6267
2020-11-03;"Nitriansky kraj";216;435;25;460;NA;92654;241;2020-11-03;6040
2020-11-02;"Nitriansky kraj";171;4208;46;4254;NA;92654;217;2020-11-02;5799
2020-11-01;"Nitriansky kraj";130;2546;27;2573;NA;92654;157;2020-11-01;5582
2020-10-31;"Nitriansky kraj";261;10466;134;10600;NA;92654;395;2020-10-31;5425
2020-10-30;"Nitriansky kraj";204;2593;42;2635;NA;92654;246;2020-10-30;5030
2020-10-29;"Nitriansky kraj";293;841;39;880;NA;92654;332;2020-10-29;4784
2020-10-28;"Nitriansky kraj";216;608;59;667;NA;92654;275;2020-10-28;4452
2020-10-27;"Nitriansky kraj";296;550;47;597;NA;92654;343;2020-10-27;4177
2020-10-26;"Nitriansky kraj";69;633;56;689;NA;92654;125;2020-10-26;3834
2020-10-25;"Nitriansky kraj";50;62;8;70;NA;92654;58;2020-10-25;3709
2020-10-24;"Nitriansky kraj";169;237;11;248;NA;92654;180;2020-10-24;3651
2020-10-23;"Nitriansky kraj";282;762;41;803;NA;92654;323;2020-10-23;3471
2020-10-22;"Nitriansky kraj";137;444;39;483;NA;92654;176;2020-10-22;3148
2020-10-21;"Nitriansky kraj";146;208;3;211;NA;92654;149;2020-10-21;2972
2020-10-20;"Nitriansky kraj";197;78;6;84;NA;92654;203;2020-10-20;2823
2020-10-19;"Nitriansky kraj";148;79;1;80;NA;92654;149;2020-10-19;2620
2020-10-18;"Nitriansky kraj";22;0;0;0;NA;92654;22;2020-10-18;2471
2020-10-17;"Nitriansky kraj";67;0;0;0;NA;92654;67;2020-10-17;2449
2020-10-16;"Nitriansky kraj";133;28;3;31;NA;92654;136;2020-10-16;2382
2020-10-15;"Nitriansky kraj";106;31;2;33;NA;92654;108;2020-10-15;2246
2020-10-14;"Nitriansky kraj";80;22;4;26;NA;92654;84;2020-10-14;2138
2020-10-13;"Nitriansky kraj";101;82;2;84;NA;92654;103;2020-10-13;2054
2020-10-12;"Nitriansky kraj";36;0;0;0;NA;92654;36;2020-10-12;1951
2020-10-11;"Nitriansky kraj";8;0;0;0;NA;92654;8;2020-10-11;1915
2020-10-10;"Nitriansky kraj";107;0;0;0;NA;92654;107;2020-10-10;1907
2020-10-09;"Nitriansky kraj";120;0;0;0;NA;92654;120;2020-10-09;1800
2020-10-08;"Nitriansky kraj";132;0;0;0;NA;92654;132;2020-10-08;1680
2020-10-07;"Nitriansky kraj";81;0;0;0;NA;92654;81;2020-10-07;1548
2020-10-06;"Nitriansky kraj";48;0;0;0;NA;92654;48;2020-10-06;1467
2020-10-05;"Nitriansky kraj";20;0;0;0;NA;92654;20;2020-10-05;1419
2020-10-04;"Nitriansky kraj";17;0;0;0;NA;92654;17;2020-10-04;1399
2020-10-03;"Nitriansky kraj";96;0;0;0;NA;92654;96;2020-10-03;1382
2020-10-02;"Nitriansky kraj";108;0;0;0;NA;92654;108;2020-10-02;1286
2020-10-01;"Nitriansky kraj";95;0;0;0;NA;92654;95;2020-10-01;1178
2020-09-30;"Nitriansky kraj";100;0;0;0;NA;92654;100;2020-09-30;1083
2020-09-29;"Nitriansky kraj";50;0;0;0;NA;92654;50;2020-09-29;983
2020-09-28;"Nitriansky kraj";22;0;0;0;NA;92654;22;2020-09-28;933
2020-09-27;"Nitriansky kraj";16;0;0;0;NA;92654;16;2020-09-27;911
2020-09-26;"Nitriansky kraj";64;0;0;0;NA;92654;64;2020-09-26;895
2020-09-25;"Nitriansky kraj";90;0;0;0;NA;92654;90;2020-09-25;831
2020-09-24;"Nitriansky kraj";51;0;0;0;NA;92654;51;2020-09-24;741
2020-09-23;"Nitriansky kraj";70;0;0;0;NA;92654;70;2020-09-23;690
2020-09-22;"Nitriansky kraj";18;0;0;0;NA;92654;18;2020-09-22;620
2020-09-21;"Nitriansky kraj";10;0;0;0;NA;92654;10;2020-09-21;602
2020-09-20;"Nitriansky kraj";4;0;0;0;NA;92654;4;2020-09-20;592
2020-09-19;"Nitriansky kraj";14;0;0;0;NA;92654;14;2020-09-19;588
2020-09-18;"Nitriansky kraj";19;0;0;0;NA;92654;19;2020-09-18;574
2020-09-17;"Nitriansky kraj";30;0;0;0;NA;92654;30;2020-09-17;555
2020-09-16;"Nitriansky kraj";6;0;0;0;NA;92654;6;2020-09-16;525
2020-09-15;"Nitriansky kraj";19;0;0;0;NA;92654;19;2020-09-15;519
2020-09-14;"Nitriansky kraj";28;0;0;0;NA;92654;28;2020-09-14;500
2020-09-13;"Nitriansky kraj";3;0;0;0;NA;92654;3;2020-09-13;472
2020-09-12;"Nitriansky kraj";12;0;0;0;NA;92654;12;2020-09-12;469
2020-09-11;"Nitriansky kraj";23;0;0;0;NA;92654;23;2020-09-11;457
2020-09-10;"Nitriansky kraj";29;0;0;0;NA;92654;29;2020-09-10;434
2020-09-09;"Nitriansky kraj";19;0;0;0;NA;92654;19;2020-09-09;405
2020-09-08;"Nitriansky kraj";17;0;0;0;NA;92654;17;2020-09-08;386
2020-09-07;"Nitriansky kraj";17;0;0;0;NA;92654;17;2020-09-07;369
2020-09-06;"Nitriansky kraj";0;0;0;0;NA;92654;0;2020-09-06;352
2020-09-05;"Nitriansky kraj";22;0;0;0;NA;92654;22;2020-09-05;352
2020-09-04;"Nitriansky kraj";34;0;0;0;NA;92654;34;2020-09-04;330
2020-09-03;"Nitriansky kraj";15;0;0;0;NA;92654;15;2020-09-03;296
2020-09-02;"Nitriansky kraj";15;0;0;0;NA;92654;15;2020-09-02;281
2020-09-01;"Nitriansky kraj";2;0;0;0;NA;92654;2;2020-09-01;266
2020-08-31;"Nitriansky kraj";12;0;0;0;NA;92654;12;2020-08-31;264
2020-08-30;"Nitriansky kraj";1;0;0;0;NA;92654;1;2020-08-30;252
2020-08-29;"Nitriansky kraj";7;0;0;0;NA;92654;7;2020-08-29;251
2020-08-28;"Nitriansky kraj";12;0;0;0;NA;92654;12;2020-08-28;244
2020-08-27;"Nitriansky kraj";12;0;0;0;NA;92654;12;2020-08-27;232
2020-08-26;"Nitriansky kraj";4;0;0;0;NA;92654;4;2020-08-26;220
2020-08-25;"Nitriansky kraj";8;0;0;0;NA;92654;8;2020-08-25;216
2020-08-24;"Nitriansky kraj";1;0;0;0;NA;92654;1;2020-08-24;208
2020-08-23;"Nitriansky kraj";1;0;0;0;NA;92654;1;2020-08-23;207
2020-08-22;"Nitriansky kraj";2;0;0;0;NA;92654;2;2020-08-22;206
2020-08-21;"Nitriansky kraj";0;0;0;0;NA;92654;0;2020-08-21;204
2020-08-20;"Nitriansky kraj";7;0;0;0;NA;92654;7;2020-08-20;204
2020-08-19;"Nitriansky kraj";1;0;0;0;NA;92654;1;2020-08-19;197
2020-08-18;"Nitriansky kraj";2;0;0;0;NA;92654;2;2020-08-18;196
2020-08-17;"Nitriansky kraj";1;0;0;0;NA;92654;1;2020-08-17;194
2020-08-16;"Nitriansky kraj";0;0;0;0;NA;92654;0;2020-08-16;193
2020-08-15;"Nitriansky kraj";2;0;0;0;NA;92654;2;2020-08-15;193
2020-08-14;"Nitriansky kraj";1;0;0;0;NA;92654;1;2020-08-14;191
2020-08-13;"Nitriansky kraj";4;0;0;0;NA;92654;4;2020-08-13;190
2020-08-12;"Nitriansky kraj";0;0;0;0;NA;92654;0;2020-08-12;186
2020-08-11;"Nitriansky kraj";1;0;0;0;NA;92654;1;2020-08-11;186
2020-08-10;"Nitriansky kraj";0;0;0;0;NA;92654;0;2020-08-10;185
2020-08-09;"Nitriansky kraj";0;0;0;0;NA;92654;0;2020-08-09;185
2020-08-08;"Nitriansky kraj";0;0;0;0;NA;92654;0;2020-08-08;185
2020-08-07;"Nitriansky kraj";4;0;0;0;NA;92654;4;2020-08-07;185
2020-08-06;"Nitriansky kraj";4;0;0;0;NA;92654;4;2020-08-06;181
2020-08-05;"Nitriansky kraj";0;0;0;0;NA;92654;0;2020-08-05;177
2020-08-04;"Nitriansky kraj";7;0;0;0;NA;92654;7;2020-08-04;177
2020-08-03;"Nitriansky kraj";0;0;0;0;NA;92654;0;2020-08-03;170
2020-08-02;"Nitriansky kraj";0;0;0;0;NA;92654;0;2020-08-02;170
2020-08-01;"Nitriansky kraj";0;0;0;0;NA;92654;0;2020-08-01;170
2020-07-31;"Nitriansky kraj";0;0;0;0;NA;92654;0;2020-07-31;170
2020-07-30;"Nitriansky kraj";0;0;0;0;NA;92654;0;2020-07-30;170
2020-07-29;"Nitriansky kraj";0;0;0;0;NA;92654;0;2020-07-29;170
2020-07-28;"Nitriansky kraj";0;0;0;0;NA;92654;0;2020-07-28;170
2020-07-27;"Nitriansky kraj";0;0;0;0;NA;92654;0;2020-07-27;170
2020-07-26;"Nitriansky kraj";0;0;0;0;NA;92654;0;2020-07-26;170
2020-07-25;"Nitriansky kraj";0;0;0;0;NA;92654;0;2020-07-25;170
2020-07-24;"Nitriansky kraj";1;0;0;0;NA;92654;1;2020-07-24;170
2020-07-23;"Nitriansky kraj";3;0;0;0;NA;92654;3;2020-07-23;169
2020-07-22;"Nitriansky kraj";2;0;0;0;NA;92654;2;2020-07-22;166
2020-07-21;"Nitriansky kraj";14;0;0;0;NA;92654;14;2020-07-21;164
2020-07-20;"Nitriansky kraj";11;0;0;0;NA;92654;11;2020-07-20;150
2020-07-19;"Nitriansky kraj";0;0;0;0;NA;92654;0;2020-07-19;139
2020-07-18;"Nitriansky kraj";0;0;0;0;NA;92654;0;2020-07-18;139
2020-07-17;"Nitriansky kraj";0;0;0;0;NA;92654;0;2020-07-17;139
2020-07-16;"Nitriansky kraj";4;0;0;0;NA;92654;4;2020-07-16;139
2020-07-15;"Nitriansky kraj";5;0;0;0;NA;92654;5;2020-07-15;135
2020-07-14;"Nitriansky kraj";0;0;0;0;NA;92654;0;2020-07-14;130
2020-07-13;"Nitriansky kraj";0;0;0;0;NA;92654;0;2020-07-13;130
2020-07-12;"Nitriansky kraj";0;0;0;0;NA;92654;0;2020-07-12;130
2020-07-11;"Nitriansky kraj";0;0;0;0;NA;92654;0;2020-07-11;130
2020-07-10;"Nitriansky kraj";0;0;0;0;NA;92654;0;2020-07-10;130
2020-07-09;"Nitriansky kraj";1;0;0;0;NA;92654;1;2020-07-09;130
2020-07-08;"Nitriansky kraj";2;0;0;0;NA;92654;2;2020-07-08;129
2020-07-07;"Nitriansky kraj";0;0;0;0;NA;92654;0;2020-07-07;127
2020-07-06;"Nitriansky kraj";0;0;0;0;NA;92654;0;2020-07-06;127
2020-07-05;"Nitriansky kraj";0;0;0;0;NA;92654;0;2020-07-05;127
2020-07-04;"Nitriansky kraj";0;0;0;0;NA;92654;0;2020-07-04;127
2020-07-03;"Nitriansky kraj";0;0;0;0;NA;92654;0;2020-07-03;127
2020-07-02;"Nitriansky kraj";0;0;0;0;NA;92654;0;2020-07-02;127
2020-07-01;"Nitriansky kraj";3;0;0;0;NA;92654;3;2020-07-01;127
2020-06-30;"Nitriansky kraj";0;0;0;0;NA;92654;0;2020-06-30;124
2020-06-29;"Nitriansky kraj";0;0;0;0;NA;92654;0;2020-06-29;124
2020-06-28;"Nitriansky kraj";0;0;0;0;NA;92654;0;2020-06-28;124
2020-06-27;"Nitriansky kraj";0;0;0;0;NA;92654;0;2020-06-27;124
2020-06-26;"Nitriansky kraj";0;0;0;0;NA;92654;0;2020-06-26;124
2020-06-25;"Nitriansky kraj";0;0;0;0;NA;92654;0;2020-06-25;124
2020-06-24;"Nitriansky kraj";1;0;0;0;NA;92654;1;2020-06-24;124
2020-06-23;"Nitriansky kraj";0;0;0;0;NA;92654;0;2020-06-23;123
2020-06-22;"Nitriansky kraj";0;0;0;0;NA;92654;0;2020-06-22;123
2020-06-21;"Nitriansky kraj";0;0;0;0;NA;92654;0;2020-06-21;123
2020-06-20;"Nitriansky kraj";0;0;0;0;NA;92654;0;2020-06-20;123
2020-06-19;"Nitriansky kraj";0;0;0;0;NA;92654;0;2020-06-19;123
2020-06-18;"Nitriansky kraj";0;0;0;0;NA;92654;0;2020-06-18;123
2020-06-17;"Nitriansky kraj";0;0;0;0;NA;92654;0;2020-06-17;123
2020-06-16;"Nitriansky kraj";0;0;0;0;NA;92654;0;2020-06-16;123
2020-06-14;"Nitriansky kraj";0;0;0;0;NA;92654;0;2020-06-14;123
2020-06-13;"Nitriansky kraj";0;0;0;0;NA;92654;0;2020-06-13;123
2020-06-12;"Nitriansky kraj";0;0;0;0;NA;92654;0;2020-06-12;123
2020-06-11;"Nitriansky kraj";0;0;0;0;NA;92654;0;2020-06-11;123
2020-06-10;"Nitriansky kraj";1;0;0;0;NA;92654;1;2020-06-10;123
2020-06-09;"Nitriansky kraj";1;0;0;0;NA;92654;1;2020-06-09;122
2020-06-08;"Nitriansky kraj";0;0;0;0;NA;92654;0;2020-06-08;121
2020-06-07;"Nitriansky kraj";0;0;0;0;NA;92654;0;2020-06-07;121
2020-06-05;"Nitriansky kraj";0;0;0;0;NA;92654;0;2020-06-05;121
2020-06-03;"Nitriansky kraj";0;0;0;0;NA;92654;0;2020-06-03;121
2020-06-02;"Nitriansky kraj";1;0;0;0;NA;92654;1;2020-06-02;121
2020-05-31;"Nitriansky kraj";0;0;0;0;NA;92654;0;2020-05-31;120
2020-05-29;"Nitriansky kraj";0;0;0;0;NA;92654;0;2020-05-29;120
2020-05-27;"Nitriansky kraj";0;0;0;0;NA;92654;0;2020-05-27;120
2020-05-26;"Nitriansky kraj";0;0;0;0;NA;92654;0;2020-05-26;120
2020-05-25;"Nitriansky kraj";0;0;0;0;NA;92654;0;2020-05-25;120
2020-05-24;"Nitriansky kraj";2;0;0;0;NA;92654;2;2020-05-24;120
2020-05-23;"Nitriansky kraj";0;0;0;0;NA;92654;0;2020-05-23;118
2020-05-22;"Nitriansky kraj";1;0;0;0;NA;92654;1;2020-05-22;118
2020-05-21;"Nitriansky kraj";0;0;0;0;NA;92654;0;2020-05-21;117
2020-05-20;"Nitriansky kraj";0;0;0;0;NA;92654;0;2020-05-20;117
2020-05-19;"Nitriansky kraj";0;0;0;0;NA;92654;0;2020-05-19;117
2020-05-17;"Nitriansky kraj";0;0;0;0;NA;92654;0;2020-05-17;117
2020-05-16;"Nitriansky kraj";0;0;0;0;NA;92654;0;2020-05-16;117
2020-05-15;"Nitriansky kraj";1;0;0;0;NA;92654;1;2020-05-15;117
2020-05-14;"Nitriansky kraj";0;0;0;0;NA;92654;0;2020-05-14;116
2020-05-13;"Nitriansky kraj";0;0;0;0;NA;92654;0;2020-05-13;116
2020-05-12;"Nitriansky kraj";0;0;0;0;NA;92654;0;2020-05-12;116
2020-05-11;"Nitriansky kraj";2;0;0;0;NA;92654;2;2020-05-11;116
2020-05-09;"Nitriansky kraj";0;0;0;0;NA;92654;0;2020-05-09;114
2020-05-07;"Nitriansky kraj";1;0;0;0;NA;92654;1;2020-05-07;114
2020-05-06;"Nitriansky kraj";9;0;0;0;NA;92654;9;2020-05-06;113
2020-05-05;"Nitriansky kraj";0;0;0;0;NA;92654;0;2020-05-05;104
2020-05-04;"Nitriansky kraj";5;0;0;0;NA;92654;5;2020-05-04;104
2020-05-03;"Nitriansky kraj";2;0;0;0;NA;92654;2;2020-05-03;99
2020-05-02;"Nitriansky kraj";0;0;0;0;NA;92654;0;2020-05-02;97
2020-05-01;"Nitriansky kraj";1;0;0;0;NA;92654;1;2020-05-01;97
2020-04-30;"Nitriansky kraj";0;0;0;0;NA;92654;0;2020-04-30;96
2020-04-29;"Nitriansky kraj";0;0;0;0;NA;92654;0;2020-04-29;96
2020-04-28;"Nitriansky kraj";1;0;0;0;NA;92654;1;2020-04-28;96
2020-04-27;"Nitriansky kraj";0;0;0;0;NA;92654;0;2020-04-27;95
2020-04-26;"Nitriansky kraj";0;0;0;0;NA;92654;0;2020-04-26;95
2020-04-25;"Nitriansky kraj";0;0;0;0;NA;92654;0;2020-04-25;95
2020-04-24;"Nitriansky kraj";0;0;0;0;NA;92654;0;2020-04-24;95
2020-04-23;"Nitriansky kraj";3;0;0;0;NA;92654;3;2020-04-23;95
2020-04-22;"Nitriansky kraj";16;0;0;0;NA;92654;16;2020-04-22;92
2020-04-21;"Nitriansky kraj";6;0;0;0;NA;92654;6;2020-04-21;76
2020-04-20;"Nitriansky kraj";5;0;0;0;NA;92654;5;2020-04-20;70
2020-04-19;"Nitriansky kraj";0;0;0;0;NA;92654;0;2020-04-19;65
2020-04-18;"Nitriansky kraj";0;0;0;0;NA;92654;0;2020-04-18;65
2020-04-17;"Nitriansky kraj";7;0;0;0;NA;92654;7;2020-04-17;65
2020-04-16;"Nitriansky kraj";0;0;0;0;NA;92654;0;2020-04-16;58
2020-04-15;"Nitriansky kraj";6;0;0;0;NA;92654;6;2020-04-15;58
2020-04-14;"Nitriansky kraj";2;0;0;0;NA;92654;2;2020-04-14;52
2020-04-13;"Nitriansky kraj";1;0;0;0;NA;92654;1;2020-04-13;50
2020-04-12;"Nitriansky kraj";3;0;0;0;NA;92654;3;2020-04-12;49
2020-04-11;"Nitriansky kraj";1;0;0;0;NA;92654;1;2020-04-11;46
2020-04-10;"Nitriansky kraj";1;0;0;0;NA;92654;1;2020-04-10;45
2020-04-09;"Nitriansky kraj";0;0;0;0;NA;92654;0;2020-04-09;44
2020-04-08;"Nitriansky kraj";2;0;0;0;NA;92654;2;2020-04-08;44
2020-04-07;"Nitriansky kraj";3;0;0;0;NA;92654;3;2020-04-07;42
2020-04-06;"Nitriansky kraj";4;0;0;0;NA;92654;4;2020-04-06;39
2020-04-05;"Nitriansky kraj";5;0;0;0;NA;92654;5;2020-04-05;35
2020-04-04;"Nitriansky kraj";0;0;0;0;NA;92654;0;2020-04-04;30
2020-04-03;"Nitriansky kraj";0;0;0;0;NA;92654;0;2020-04-03;30
2020-04-02;"Nitriansky kraj";1;0;0;0;NA;92654;1;2020-04-02;30
2020-04-01;"Nitriansky kraj";0;0;0;0;NA;92654;0;2020-04-01;29
2020-03-31;"Nitriansky kraj";3;0;0;0;NA;92654;3;2020-03-31;29
2020-03-30;"Nitriansky kraj";3;0;0;0;NA;92654;3;2020-03-30;26
2020-03-29;"Nitriansky kraj";3;0;0;0;NA;92654;3;2020-03-29;23
2020-03-28;"Nitriansky kraj";1;0;0;0;NA;92654;1;2020-03-28;20
2020-03-27;"Nitriansky kraj";1;0;0;0;NA;92654;1;2020-03-27;19
2020-03-26;"Nitriansky kraj";1;0;0;0;NA;92654;1;2020-03-26;18
2020-03-25;"Nitriansky kraj";1;0;0;0;NA;92654;1;2020-03-25;17
2020-03-24;"Nitriansky kraj";0;0;0;0;NA;92654;0;2020-03-24;16
2020-03-23;"Nitriansky kraj";2;0;0;0;NA;92654;2;2020-03-23;16
2020-03-22;"Nitriansky kraj";2;0;0;0;NA;92654;2;2020-03-22;14
2020-03-21;"Nitriansky kraj";2;0;0;0;NA;92654;2;2020-03-21;12
2020-03-20;"Nitriansky kraj";1;0;0;0;NA;92654;1;2020-03-20;10
2020-03-19;"Nitriansky kraj";1;0;0;0;NA;92654;1;2020-03-19;9
2020-03-18;"Nitriansky kraj";2;0;0;0;NA;92654;2;2020-03-18;8
2020-03-17;"Nitriansky kraj";1;0;0;0;NA;92654;1;2020-03-17;6
2020-03-16;"Nitriansky kraj";0;0;0;0;NA;92654;0;2020-03-16;5
2020-03-15;"Nitriansky kraj";4;0;0;0;NA;92654;4;2020-03-15;5
2020-03-14;"Nitriansky kraj";1;0;0;0;NA;92654;1;2020-03-14;1
2020-03-13;"Nitriansky kraj";0;0;0;0;NA;92654;0;2020-03-13;0
2020-03-12;"Nitriansky kraj";0;0;0;0;NA;92654;0;2020-03-12;0
2020-03-11;"Nitriansky kraj";0;0;0;0;NA;92654;0;2020-03-11;0
2020-03-09;"Nitriansky kraj";0;0;0;0;NA;92654;0;2020-03-09;0
2020-03-08;"Nitriansky kraj";0;0;0;0;NA;92654;0;2020-03-08;0
2020-03-07;"Nitriansky kraj";0;0;0;0;NA;92654;0;2020-03-07;0
2020-03-06;"Nitriansky kraj";0;0;0;0;NA;92654;0;2020-03-06;0
2021-07-05;"Prešovský kraj";2;339;0;339;60047;113775;2;2021-07-05;113775
2021-07-04;"Prešovský kraj";0;681;0;681;NA;113775;0;2021-07-04;113773
2021-07-03;"Prešovský kraj";2;1205;0;1205;NA;113775;2;2021-07-03;113773
2021-07-02;"Prešovský kraj";4;1387;0;1387;NA;113775;4;2021-07-02;113771
2021-07-01;"Prešovský kraj";2;1735;1;1736;NA;113775;3;2021-07-01;113767
2021-06-30;"Prešovský kraj";3;8842;2;8844;NA;113775;5;2021-06-30;113764
2021-06-29;"Prešovský kraj";1;4524;3;4527;NA;113775;4;2021-06-29;113759
2021-06-28;"Prešovský kraj";5;7522;2;7524;NA;113775;7;2021-06-28;113755
2021-06-27;"Prešovský kraj";0;3597;1;3598;NA;113775;1;2021-06-27;113748
2021-06-26;"Prešovský kraj";4;5097;1;5098;NA;113775;5;2021-06-26;113747
2021-06-25;"Prešovský kraj";7;6457;4;6461;NA;113775;11;2021-06-25;113742
2021-06-24;"Prešovský kraj";10;6092;4;6096;NA;113775;14;2021-06-24;113731
2021-06-23;"Prešovský kraj";4;4631;2;4633;NA;113775;6;2021-06-23;113717
2021-06-22;"Prešovský kraj";5;4449;1;4450;NA;113775;6;2021-06-22;113711
2021-06-21;"Prešovský kraj";13;7355;6;7361;NA;113775;19;2021-06-21;113705
2021-06-20;"Prešovský kraj";0;4880;3;4883;NA;113775;3;2021-06-20;113686
2021-06-19;"Prešovský kraj";1;6555;4;6559;NA;113775;5;2021-06-19;113683
2021-06-18;"Prešovský kraj";9;7903;8;7911;NA;113775;17;2021-06-18;113678
2021-06-17;"Prešovský kraj";9;6403;5;6408;NA;113775;14;2021-06-17;113661
2021-06-16;"Prešovský kraj";6;6075;3;6078;NA;113775;9;2021-06-16;113647
2021-06-15;"Prešovský kraj";2;5577;4;5581;NA;113775;6;2021-06-15;113638
2021-06-14;"Prešovský kraj";5;8182;13;8195;NA;113775;18;2021-06-14;113632
2021-06-13;"Prešovský kraj";1;6559;7;6566;NA;113775;8;2021-06-13;113614
2021-06-12;"Prešovský kraj";3;8501;9;8510;NA;113775;12;2021-06-12;113606
2021-06-11;"Prešovský kraj";21;9487;9;9496;NA;113775;30;2021-06-11;113594
2021-06-10;"Prešovský kraj";11;6375;10;6385;NA;113775;21;2021-06-10;113564
2021-06-09;"Prešovský kraj";16;6161;3;6164;NA;113775;19;2021-06-09;113543
2021-06-08;"Prešovský kraj";31;6291;12;6303;NA;113775;43;2021-06-08;113524
2021-06-07;"Prešovský kraj";11;8891;15;8906;NA;113775;26;2021-06-07;113481
2021-06-06;"Prešovský kraj";0;7702;4;7706;NA;113775;4;2021-06-06;113455
2021-06-05;"Prešovský kraj";17;9970;14;9984;NA;113775;31;2021-06-05;113451
2021-06-04;"Prešovský kraj";26;10021;18;10039;NA;113775;44;2021-06-04;113420
2021-06-03;"Prešovský kraj";14;6449;15;6464;NA;113775;29;2021-06-03;113376
2021-06-02;"Prešovský kraj";47;7372;14;7386;NA;113775;61;2021-06-02;113347
2021-06-01;"Prešovský kraj";15;6781;14;6795;NA;113775;29;2021-06-01;113286
2021-05-31;"Prešovský kraj";27;9620;22;9642;NA;113775;49;2021-05-31;113257
2021-05-30;"Prešovský kraj";2;9429;13;9442;NA;113775;15;2021-05-30;113208
2021-05-29;"Prešovský kraj";23;12398;24;12422;NA;113775;47;2021-05-29;113193
2021-05-28;"Prešovský kraj";30;11974;19;11993;NA;113775;49;2021-05-28;113146
2021-05-27;"Prešovský kraj";16;7609;37;7646;NA;113775;53;2021-05-27;113097
2021-05-26;"Prešovský kraj";32;7979;23;8002;NA;113775;55;2021-05-26;113044
2021-05-25;"Prešovský kraj";38;8409;20;8429;NA;113775;58;2021-05-25;112989
2021-05-24;"Prešovský kraj";17;13297;37;13334;NA;113775;54;2021-05-24;112931
2021-05-23;"Prešovský kraj";3;11593;20;11613;NA;113775;23;2021-05-23;112877
2021-05-22;"Prešovský kraj";11;14263;44;14307;NA;113775;55;2021-05-22;112854
2021-05-21;"Prešovský kraj";44;13281;24;13305;NA;113775;68;2021-05-21;112799
2021-05-20;"Prešovský kraj";13;9076;29;9105;NA;113775;42;2021-05-20;112731
2021-05-19;"Prešovský kraj";60;10398;33;10431;NA;113775;93;2021-05-19;112689
2021-05-18;"Prešovský kraj";44;9060;27;9087;NA;113775;71;2021-05-18;112596
2021-05-17;"Prešovský kraj";60;12596;46;12642;NA;113775;106;2021-05-17;112525
2021-05-16;"Prešovský kraj";20;15945;66;16011;NA;113775;86;2021-05-16;112419
2021-05-15;"Prešovský kraj";20;24280;80;24360;NA;113775;100;2021-05-15;112333
2021-05-14;"Prešovský kraj";49;18020;62;18082;NA;113775;111;2021-05-14;112233
2021-05-13;"Prešovský kraj";54;11166;71;11237;NA;113775;125;2021-05-13;112122
2021-05-12;"Prešovský kraj";59;10822;39;10861;NA;113775;98;2021-05-12;111997
2021-05-11;"Prešovský kraj";61;10728;48;10776;NA;113775;109;2021-05-11;111899
2021-05-10;"Prešovský kraj";79;15450;67;15517;NA;113775;146;2021-05-10;111790
2021-05-09;"Prešovský kraj";54;21448;79;21527;NA;113775;133;2021-05-09;111644
2021-05-08;"Prešovský kraj";39;23012;52;23064;NA;113775;91;2021-05-08;111511
2021-05-07;"Prešovský kraj";81;23356;66;23422;NA;113775;147;2021-05-07;111420
2021-05-06;"Prešovský kraj";107;12833;66;12899;NA;113775;173;2021-05-06;111273
2021-05-05;"Prešovský kraj";60;12808;84;12892;NA;113775;144;2021-05-05;111100
2021-05-04;"Prešovský kraj";203;13463;66;13529;NA;113775;269;2021-05-04;110956
2021-05-03;"Prešovský kraj";68;18435;109;18544;NA;113775;177;2021-05-03;110687
2021-05-02;"Prešovský kraj";29;36175;102;36277;NA;113775;131;2021-05-02;110510
2021-05-01;"Prešovský kraj";70;57153;183;57336;NA;113775;253;2021-05-01;110379
2021-04-30;"Prešovský kraj";135;39333;118;39451;NA;113775;253;2021-04-30;110126
2021-04-29;"Prešovský kraj";110;16585;97;16682;NA;113775;207;2021-04-29;109873
2021-04-28;"Prešovský kraj";122;18671;89;18760;NA;113775;211;2021-04-28;109666
2021-04-27;"Prešovský kraj";154;19984;120;20104;NA;113775;274;2021-04-27;109455
2021-04-26;"Prešovský kraj";99;27120;123;27243;NA;113775;222;2021-04-26;109181
2021-04-25;"Prešovský kraj";9;52257;155;52412;NA;113775;164;2021-04-25;108959
2021-04-24;"Prešovský kraj";61;85301;243;85544;NA;113775;304;2021-04-24;108795
2021-04-23;"Prešovský kraj";171;40362;137;40499;NA;113775;308;2021-04-23;108491
2021-04-22;"Prešovský kraj";86;18104;125;18229;NA;113775;211;2021-04-22;108183
2021-04-21;"Prešovský kraj";144;21549;139;21688;NA;113775;283;2021-04-21;107972
2021-04-20;"Prešovský kraj";115;23345;128;23473;NA;113775;243;2021-04-20;107689
2021-04-19;"Prešovský kraj";106;29131;145;29276;NA;113775;251;2021-04-19;107446
2021-04-18;"Prešovský kraj";4;51540;129;51669;NA;113775;133;2021-04-18;107195
2021-04-17;"Prešovský kraj";119;97970;238;98208;NA;113775;357;2021-04-17;107062
2021-04-16;"Prešovský kraj";135;40983;146;41129;NA;113775;281;2021-04-16;106705
2021-04-15;"Prešovský kraj";112;20179;137;20316;NA;113775;249;2021-04-15;106424
2021-04-14;"Prešovský kraj";199;23331;130;23461;NA;113775;329;2021-04-14;106175
2021-04-13;"Prešovský kraj";180;23907;116;24023;NA;113775;296;2021-04-13;105846
2021-04-12;"Prešovský kraj";172;30152;175;30327;NA;113775;347;2021-04-12;105550
2021-04-11;"Prešovský kraj";11;49807;187;49994;NA;113775;198;2021-04-11;105203
2021-04-10;"Prešovský kraj";94;90181;297;90478;NA;113775;391;2021-04-10;105005
2021-04-09;"Prešovský kraj";255;37163;200;37363;NA;113775;455;2021-04-09;104614
2021-04-08;"Prešovský kraj";192;18891;157;19048;NA;113775;349;2021-04-08;104159
2021-04-07;"Prešovský kraj";314;27797;154;27951;NA;113775;468;2021-04-07;103810
2021-04-06;"Prešovský kraj";231;41702;268;41970;NA;113775;499;2021-04-06;103342
2021-04-05;"Prešovský kraj";54;18454;132;18586;NA;113775;186;2021-04-05;102843
2021-04-04;"Prešovský kraj";31;18569;91;18660;NA;113775;122;2021-04-04;102657
2021-04-03;"Prešovský kraj";104;90608;317;90925;NA;113775;421;2021-04-03;102535
2021-04-02;"Prešovský kraj";194;23381;134;23515;NA;113775;328;2021-04-02;102114
2021-04-01;"Prešovský kraj";256;42854;195;43049;NA;113775;451;2021-04-01;101786
2021-03-31;"Prešovský kraj";311;30160;227;30387;NA;113775;538;2021-03-31;101335
2021-03-30;"Prešovský kraj";374;20747;203;20950;NA;113775;577;2021-03-30;100797
2021-03-29;"Prešovský kraj";219;28188;229;28417;NA;113775;448;2021-03-29;100220
2021-03-28;"Prešovský kraj";26;46811;256;47067;NA;113775;282;2021-03-28;99772
2021-03-27;"Prešovský kraj";181;88413;372;88785;NA;113775;553;2021-03-27;99490
2021-03-26;"Prešovský kraj";310;47751;299;48050;NA;113775;609;2021-03-26;98937
2021-03-25;"Prešovský kraj";248;22279;213;22492;NA;113775;461;2021-03-25;98328
2021-03-24;"Prešovský kraj";381;19588;213;19801;NA;113775;594;2021-03-24;97867
2021-03-23;"Prešovský kraj";241;20329;255;20584;NA;113775;496;2021-03-23;97273
2021-03-22;"Prešovský kraj";299;28490;286;28776;NA;113775;585;2021-03-22;96777
2021-03-21;"Prešovský kraj";32;49439;266;49705;NA;113775;298;2021-03-21;96192
2021-03-20;"Prešovský kraj";180;92531;427;92958;NA;113775;607;2021-03-20;95894
2021-03-19;"Prešovský kraj";373;46196;320;46516;NA;113775;693;2021-03-19;95287
2021-03-18;"Prešovský kraj";251;21721;217;21938;NA;113775;468;2021-03-18;94594
2021-03-17;"Prešovský kraj";331;20887;231;21118;NA;113775;562;2021-03-17;94126
2021-03-16;"Prešovský kraj";461;21094;278;21372;NA;113775;739;2021-03-16;93564
2021-03-15;"Prešovský kraj";370;28789;324;29113;NA;113775;694;2021-03-15;92825
2021-03-14;"Prešovský kraj";52;50410;356;50766;NA;113775;408;2021-03-14;92131
2021-03-13;"Prešovský kraj";200;95300;532;95832;NA;113775;732;2021-03-13;91723
2021-03-12;"Prešovský kraj";425;47691;368;48059;NA;113775;793;2021-03-12;90991
2021-03-11;"Prešovský kraj";463;22059;253;22312;NA;113775;716;2021-03-11;90198
2021-03-10;"Prešovský kraj";325;20821;293;21114;NA;113775;618;2021-03-10;89482
2021-03-09;"Prešovský kraj";505;21489;288;21777;NA;113775;793;2021-03-09;88864
2021-03-08;"Prešovský kraj";314;28903;333;29236;NA;113775;647;2021-03-08;88071
2021-03-07;"Prešovský kraj";19;48024;385;48409;NA;113775;404;2021-03-07;87424
2021-03-06;"Prešovský kraj";193;96985;591;97576;NA;113775;784;2021-03-06;87020
2021-03-05;"Prešovský kraj";497;46044;397;46441;NA;113775;894;2021-03-05;86236
2021-03-04;"Prešovský kraj";372;22670;359;23029;NA;113775;731;2021-03-04;85342
2021-03-03;"Prešovský kraj";397;21621;333;21954;NA;113775;730;2021-03-03;84611
2021-03-02;"Prešovský kraj";421;22679;357;23036;NA;113775;778;2021-03-02;83881
2021-03-01;"Prešovský kraj";303;27716;406;28122;NA;113775;709;2021-03-01;83103
2021-02-28;"Prešovský kraj";75;45000;387;45387;NA;113775;462;2021-02-28;82394
2021-02-27;"Prešovský kraj";273;90231;734;90965;NA;113775;1007;2021-02-27;81932
2021-02-26;"Prešovský kraj";455;41340;438;41778;NA;113775;893;2021-02-26;80925
2021-02-25;"Prešovský kraj";270;19496;337;19833;NA;113775;607;2021-02-25;80032
2021-02-24;"Prešovský kraj";328;19026;377;19403;NA;113775;705;2021-02-24;79425
2021-02-23;"Prešovský kraj";430;21273;345;21618;NA;113775;775;2021-02-23;78720
2021-02-22;"Prešovský kraj";351;27175;356;27531;NA;113775;707;2021-02-22;77945
2021-02-21;"Prešovský kraj";66;31802;302;32104;NA;113775;368;2021-02-21;77238
2021-02-20;"Prešovský kraj";129;71413;517;71930;NA;113775;646;2021-02-20;76870
2021-02-19;"Prešovský kraj";381;38597;425;39022;NA;113775;806;2021-02-19;76224
2021-02-18;"Prešovský kraj";268;16960;322;17282;NA;113775;590;2021-02-18;75418
2021-02-17;"Prešovský kraj";293;17392;246;17638;NA;113775;539;2021-02-17;74828
2021-02-16;"Prešovský kraj";422;18862;265;19127;NA;113775;687;2021-02-16;74289
2021-02-15;"Prešovský kraj";211;31360;303;31663;NA;113775;514;2021-02-15;73602
2021-02-14;"Prešovský kraj";27;39271;318;39589;NA;113775;345;2021-02-14;73088
2021-02-13;"Prešovský kraj";157;74009;392;74401;NA;113775;549;2021-02-13;72743
2021-02-12;"Prešovský kraj";308;38757;362;39119;NA;113775;670;2021-02-12;72194
2021-02-11;"Prešovský kraj";218;16207;238;16445;NA;113775;456;2021-02-11;71524
2021-02-10;"Prešovský kraj";220;18499;279;18778;NA;113775;499;2021-02-10;71068
2021-02-09;"Prešovský kraj";323;21495;370;21865;NA;113775;693;2021-02-09;70569
2021-02-08;"Prešovský kraj";161;36924;261;37185;NA;113775;422;2021-02-08;69876
2021-02-07;"Prešovský kraj";21;34227;209;34436;NA;113775;230;2021-02-07;69454
2021-02-06;"Prešovský kraj";176;69164;360;69524;NA;113775;536;2021-02-06;69224
2021-02-05;"Prešovský kraj";177;31247;261;31508;NA;113775;438;2021-02-05;68688
2021-02-04;"Prešovský kraj";176;13071;237;13308;NA;113775;413;2021-02-04;68250
2021-02-03;"Prešovský kraj";251;8421;236;8657;NA;113775;487;2021-02-03;67837
2021-02-02;"Prešovský kraj";249;11779;264;12043;NA;113775;513;2021-02-02;67350
2021-02-01;"Prešovský kraj";220;16059;316;16375;NA;113775;536;2021-02-01;66837
2021-01-31;"Prešovský kraj";42;10587;107;10694;NA;113775;149;2021-01-31;66301
2021-01-30;"Prešovský kraj";142;23939;215;24154;NA;113775;357;2021-01-30;66152
2021-01-29;"Prešovský kraj";185;17924;326;18250;NA;113775;511;2021-01-29;65795
2021-01-28;"Prešovský kraj";311;7338;150;7488;NA;113775;461;2021-01-28;65284
2021-01-27;"Prešovský kraj";153;9723;147;9870;NA;113775;300;2021-01-27;64823
2021-01-26;"Prešovský kraj";252;16653;151;16804;NA;113775;403;2021-01-26;64523
2021-01-25;"Prešovský kraj";196;29649;251;29900;NA;113775;447;2021-01-25;64120
2021-01-24;"Prešovský kraj";12;45706;304;46010;NA;113775;316;2021-01-24;63673
2021-01-23;"Prešovský kraj";189;96726;487;97213;NA;113775;676;2021-01-23;63357
2021-01-22;"Prešovský kraj";187;35377;261;35638;NA;113775;448;2021-01-22;62681
2021-01-21;"Prešovský kraj";187;20434;212;20646;NA;113775;399;2021-01-21;62233
2021-01-20;"Prešovský kraj";253;14771;195;14966;NA;113775;448;2021-01-20;61834
2021-01-19;"Prešovský kraj";281;12329;305;12634;NA;113775;586;2021-01-19;61386
2021-01-18;"Prešovský kraj";203;10422;336;10758;NA;113775;539;2021-01-18;60800
2021-01-17;"Prešovský kraj";107;14391;1008;15399;NA;113775;1115;2021-01-17;60261
2021-01-16;"Prešovský kraj";72;1838;81;1919;NA;113775;153;2021-01-16;59146
2021-01-15;"Prešovský kraj";159;7033;257;7290;NA;113775;416;2021-01-15;58993
2021-01-14;"Prešovský kraj";268;5523;252;5775;NA;113775;520;2021-01-14;58577
2021-01-13;"Prešovský kraj";342;5649;226;5875;NA;113775;568;2021-01-13;58057
2021-01-12;"Prešovský kraj";455;8487;409;8896;NA;113775;864;2021-01-12;57489
2021-01-11;"Prešovský kraj";343;8489;479;8968;NA;113775;822;2021-01-11;56625
2021-01-10;"Prešovský kraj";63;476;23;499;NA;113775;86;2021-01-10;55803
2021-01-09;"Prešovský kraj";439;2248;125;2373;NA;113775;564;2021-01-09;55717
2021-01-08;"Prešovský kraj";430;10865;572;11437;NA;113775;1002;2021-01-08;55153
2021-01-07;"Prešovský kraj";268;7789;648;8437;NA;113775;916;2021-01-07;54151
2021-01-06;"Prešovský kraj";315;1484;134;1618;NA;113775;449;2021-01-06;53235
2021-01-05;"Prešovský kraj";655;11591;1003;12594;NA;113775;1658;2021-01-05;52786
2021-01-04;"Prešovský kraj";371;17192;1812;19004;NA;113775;2183;2021-01-04;51128
2021-01-03;"Prešovský kraj";89;459;41;500;NA;113775;130;2021-01-03;48945
2021-01-02;"Prešovský kraj";65;1556;160;1716;NA;113775;225;2021-01-02;48815
2021-01-01;"Prešovský kraj";174;956;71;1027;NA;113775;245;2021-01-01;48590
2020-12-31;"Prešovský kraj";640;11959;783;12742;NA;113775;1423;2020-12-31;48345
2020-12-30;"Prešovský kraj";729;9062;802;9864;NA;113775;1531;2020-12-30;46922
2020-12-29;"Prešovský kraj";435;9273;949;10222;NA;113775;1384;2020-12-29;45391
2020-12-28;"Prešovský kraj";393;9046;1079;10125;NA;113775;1472;2020-12-28;44007
2020-12-27;"Prešovský kraj";40;613;45;658;NA;113775;85;2020-12-27;42535
2020-12-26;"Prešovský kraj";64;176;12;188;NA;113775;76;2020-12-26;42450
2020-12-25;"Prešovský kraj";208;274;11;285;NA;113775;219;2020-12-25;42374
2020-12-24;"Prešovský kraj";452;1214;85;1299;NA;113775;537;2020-12-24;42155
2020-12-23;"Prešovský kraj";361;11369;635;12004;NA;113775;996;2020-12-23;41618
2020-12-22;"Prešovský kraj";439;9371;710;10081;NA;113775;1149;2020-12-22;40622
2020-12-21;"Prešovský kraj";432;9923;880;10803;NA;113775;1312;2020-12-21;39473
2020-12-20;"Prešovský kraj";184;396;20;416;NA;113775;204;2020-12-20;38161
2020-12-19;"Prešovský kraj";276;1658;151;1809;NA;113775;427;2020-12-19;37957
2020-12-18;"Prešovský kraj";396;8845;595;9440;NA;113775;991;2020-12-18;37530
2020-12-17;"Prešovský kraj";427;10826;891;11717;NA;113775;1318;2020-12-17;36539
2020-12-16;"Prešovský kraj";466;6017;508;6525;NA;113775;974;2020-12-16;35221
2020-12-15;"Prešovský kraj";411;5685;584;6269;NA;113775;995;2020-12-15;34247
2020-12-14;"Prešovský kraj";334;5767;508;6275;NA;113775;842;2020-12-14;33252
2020-12-13;"Prešovský kraj";89;29;8;37;NA;113775;97;2020-12-13;32410
2020-12-12;"Prešovský kraj";319;2474;166;2640;NA;113775;485;2020-12-12;32313
2020-12-11;"Prešovský kraj";560;5602;402;6004;NA;113775;962;2020-12-11;31828
2020-12-10;"Prešovský kraj";337;5202;443;5645;NA;113775;780;2020-12-10;30866
2020-12-09;"Prešovský kraj";358;4357;314;4671;NA;113775;672;2020-12-09;30086
2020-12-08;"Prešovský kraj";350;6629;651;7280;NA;113775;1001;2020-12-08;29414
2020-12-07;"Prešovský kraj";309;4345;327;4672;NA;113775;636;2020-12-07;28413
2020-12-06;"Prešovský kraj";59;655;26;681;NA;113775;85;2020-12-06;27777
2020-12-05;"Prešovský kraj";218;984;87;1071;NA;113775;305;2020-12-05;27692
2020-12-04;"Prešovský kraj";352;5070;293;5363;NA;113775;645;2020-12-04;27387
2020-12-03;"Prešovský kraj";284;2456;179;2635;NA;113775;463;2020-12-03;26742
2020-12-02;"Prešovský kraj";232;2830;225;3055;NA;113775;457;2020-12-02;26279
2020-12-01;"Prešovský kraj";281;1884;196;2080;NA;113775;477;2020-12-01;25822
2020-11-30;"Prešovský kraj";196;5333;97;5430;NA;113775;293;2020-11-30;25345
2020-11-29;"Prešovský kraj";27;379;42;421;NA;113775;69;2020-11-29;25052
2020-11-28;"Prešovský kraj";199;772;77;849;NA;113775;276;2020-11-28;24983
2020-11-27;"Prešovský kraj";232;2350;130;2480;NA;113775;362;2020-11-27;24707
2020-11-26;"Prešovský kraj";263;3014;329;3343;NA;113775;592;2020-11-26;24345
2020-11-25;"Prešovský kraj";302;2174;103;2277;NA;113775;405;2020-11-25;23753
2020-11-24;"Prešovský kraj";365;1777;156;1933;NA;113775;521;2020-11-24;23348
2020-11-23;"Prešovský kraj";164;1099;60;1159;NA;113775;224;2020-11-23;22827
2020-11-22;"Prešovský kraj";46;44;1;45;NA;113775;47;2020-11-22;22603
2020-11-21;"Prešovský kraj";205;754;62;816;NA;113775;267;2020-11-21;22556
2020-11-20;"Prešovský kraj";363;2258;102;2360;NA;113775;465;2020-11-20;22289
2020-11-19;"Prešovský kraj";359;2096;238;2334;NA;113775;597;2020-11-19;21824
2020-11-18;"Prešovský kraj";270;488;43;531;NA;113775;313;2020-11-18;21227
2020-11-17;"Prešovský kraj";347;205;23;228;NA;113775;370;2020-11-17;20914
2020-11-16;"Prešovský kraj";226;540;58;598;NA;113775;284;2020-11-16;20544
2020-11-15;"Prešovský kraj";186;39;4;43;NA;113775;190;2020-11-15;20260
2020-11-14;"Prešovský kraj";261;54;4;58;NA;113775;265;2020-11-14;20070
2020-11-13;"Prešovský kraj";395;166;8;174;NA;113775;403;2020-11-13;19805
2020-11-12;"Prešovský kraj";397;229;50;279;NA;113775;447;2020-11-12;19402
2020-11-11;"Prešovský kraj";516;161;15;176;NA;113775;531;2020-11-11;18955
2020-11-10;"Prešovský kraj";437;197;9;206;NA;113775;446;2020-11-10;18424
2020-11-09;"Prešovský kraj";190;4110;945;5055;NA;113775;1135;2020-11-09;17978
2020-11-08;"Prešovský kraj";97;2817;32;2849;NA;113775;129;2020-11-08;16843
2020-11-07;"Prešovský kraj";416;8578;81;8659;NA;113775;497;2020-11-07;16714
2020-11-06;"Prešovský kraj";520;4791;76;4867;NA;113775;596;2020-11-06;16217
2020-11-05;"Prešovský kraj";397;180;5;185;NA;113775;402;2020-11-05;15621
2020-11-04;"Prešovský kraj";350;807;8;815;NA;113775;358;2020-11-04;15219
2020-11-03;"Prešovský kraj";565;98;12;110;NA;113775;577;2020-11-03;14861
2020-11-02;"Prešovský kraj";203;4158;1004;5162;NA;113775;1207;2020-11-02;14284
2020-11-01;"Prešovský kraj";386;2906;53;2959;NA;113775;439;2020-11-01;13077
2020-10-31;"Prešovský kraj";315;10497;170;10667;NA;113775;485;2020-10-31;12638
2020-10-30;"Prešovský kraj";552;2949;65;3014;NA;113775;617;2020-10-30;12153
2020-10-29;"Prešovský kraj";594;301;38;339;NA;113775;632;2020-10-29;11536
2020-10-28;"Prešovský kraj";617;291;46;337;NA;113775;663;2020-10-28;10904
2020-10-27;"Prešovský kraj";656;268;34;302;NA;113775;690;2020-10-27;10241
2020-10-26;"Prešovský kraj";137;363;57;420;NA;113775;194;2020-10-26;9551
2020-10-25;"Prešovský kraj";237;346;11;357;NA;113775;248;2020-10-25;9357
2020-10-24;"Prešovský kraj";719;200;12;212;NA;113775;731;2020-10-24;9109
2020-10-23;"Prešovský kraj";750;218;8;226;NA;113775;758;2020-10-23;8378
2020-10-22;"Prešovský kraj";646;396;30;426;NA;113775;676;2020-10-22;7620
2020-10-21;"Prešovský kraj";383;58;8;66;NA;113775;391;2020-10-21;6944
2020-10-20;"Prešovský kraj";493;65;7;72;NA;113775;500;2020-10-20;6553
2020-10-19;"Prešovský kraj";140;235;15;250;NA;113775;155;2020-10-19;6053
2020-10-18;"Prešovský kraj";209;0;0;0;NA;113775;209;2020-10-18;5898
2020-10-17;"Prešovský kraj";342;0;0;0;NA;113775;342;2020-10-17;5689
2020-10-16;"Prešovský kraj";388;57;3;60;NA;113775;391;2020-10-16;5347
2020-10-15;"Prešovský kraj";435;85;18;103;NA;113775;453;2020-10-15;4956
2020-10-14;"Prešovský kraj";451;54;10;64;NA;113775;461;2020-10-14;4503
2020-10-13;"Prešovský kraj";264;50;6;56;NA;113775;270;2020-10-13;4042
2020-10-12;"Prešovský kraj";214;334;35;369;NA;113775;249;2020-10-12;3772
2020-10-11;"Prešovský kraj";127;0;0;0;NA;113775;127;2020-10-11;3523
2020-10-10;"Prešovský kraj";248;0;0;0;NA;113775;248;2020-10-10;3396
2020-10-09;"Prešovský kraj";406;0;0;0;NA;113775;406;2020-10-09;3148
2020-10-08;"Prešovský kraj";245;0;0;0;NA;113775;245;2020-10-08;2742
2020-10-07;"Prešovský kraj";244;0;0;0;NA;113775;244;2020-10-07;2497
2020-10-06;"Prešovský kraj";166;0;0;0;NA;113775;166;2020-10-06;2253
2020-10-05;"Prešovský kraj";84;0;0;0;NA;113775;84;2020-10-05;2087
2020-10-04;"Prešovský kraj";118;0;0;0;NA;113775;118;2020-10-04;2003
2020-10-03;"Prešovský kraj";204;0;0;0;NA;113775;204;2020-10-03;1885
2020-10-02;"Prešovský kraj";149;0;0;0;NA;113775;149;2020-10-02;1681
2020-10-01;"Prešovský kraj";136;0;0;0;NA;113775;136;2020-10-01;1532
2020-09-30;"Prešovský kraj";121;0;0;0;NA;113775;121;2020-09-30;1396
2020-09-29;"Prešovský kraj";156;0;0;0;NA;113775;156;2020-09-29;1275
2020-09-28;"Prešovský kraj";51;0;0;0;NA;113775;51;2020-09-28;1119
2020-09-27;"Prešovský kraj";10;0;0;0;NA;113775;10;2020-09-27;1068
2020-09-26;"Prešovský kraj";72;0;0;0;NA;113775;72;2020-09-26;1058
2020-09-25;"Prešovský kraj";91;0;0;0;NA;113775;91;2020-09-25;986
2020-09-24;"Prešovský kraj";52;0;0;0;NA;113775;52;2020-09-24;895
2020-09-23;"Prešovský kraj";55;0;0;0;NA;113775;55;2020-09-23;843
2020-09-22;"Prešovský kraj";29;0;0;0;NA;113775;29;2020-09-22;788
2020-09-21;"Prešovský kraj";14;0;0;0;NA;113775;14;2020-09-21;759
2020-09-20;"Prešovský kraj";5;0;0;0;NA;113775;5;2020-09-20;745
2020-09-19;"Prešovský kraj";12;0;0;0;NA;113775;12;2020-09-19;740
2020-09-18;"Prešovský kraj";29;0;0;0;NA;113775;29;2020-09-18;728
2020-09-17;"Prešovský kraj";25;0;0;0;NA;113775;25;2020-09-17;699
2020-09-16;"Prešovský kraj";8;0;0;0;NA;113775;8;2020-09-16;674
2020-09-15;"Prešovský kraj";10;0;0;0;NA;113775;10;2020-09-15;666
2020-09-14;"Prešovský kraj";47;0;0;0;NA;113775;47;2020-09-14;656
2020-09-13;"Prešovský kraj";3;0;0;0;NA;113775;3;2020-09-13;609
2020-09-12;"Prešovský kraj";4;0;0;0;NA;113775;4;2020-09-12;606
2020-09-11;"Prešovský kraj";15;0;0;0;NA;113775;15;2020-09-11;602
2020-09-10;"Prešovský kraj";10;0;0;0;NA;113775;10;2020-09-10;587
2020-09-09;"Prešovský kraj";21;0;0;0;NA;113775;21;2020-09-09;577
2020-09-08;"Prešovský kraj";23;0;0;0;NA;113775;23;2020-09-08;556
2020-09-07;"Prešovský kraj";5;0;0;0;NA;113775;5;2020-09-07;533
2020-09-06;"Prešovský kraj";3;0;0;0;NA;113775;3;2020-09-06;528
2020-09-05;"Prešovský kraj";7;0;0;0;NA;113775;7;2020-09-05;525
2020-09-04;"Prešovský kraj";24;0;0;0;NA;113775;24;2020-09-04;518
2020-09-03;"Prešovský kraj";8;0;0;0;NA;113775;8;2020-09-03;494
2020-09-02;"Prešovský kraj";9;0;0;0;NA;113775;9;2020-09-02;486
2020-09-01;"Prešovský kraj";6;0;0;0;NA;113775;6;2020-09-01;477
2020-08-31;"Prešovský kraj";3;0;0;0;NA;113775;3;2020-08-31;471
2020-08-30;"Prešovský kraj";6;0;0;0;NA;113775;6;2020-08-30;468
2020-08-29;"Prešovský kraj";4;0;0;0;NA;113775;4;2020-08-29;462
2020-08-28;"Prešovský kraj";6;0;0;0;NA;113775;6;2020-08-28;458
2020-08-27;"Prešovský kraj";7;0;0;0;NA;113775;7;2020-08-27;452
2020-08-26;"Prešovský kraj";22;0;0;0;NA;113775;22;2020-08-26;445
2020-08-25;"Prešovský kraj";1;0;0;0;NA;113775;1;2020-08-25;423
2020-08-24;"Prešovský kraj";5;0;0;0;NA;113775;5;2020-08-24;422
2020-08-23;"Prešovský kraj";3;0;0;0;NA;113775;3;2020-08-23;417
2020-08-22;"Prešovský kraj";3;0;0;0;NA;113775;3;2020-08-22;414
2020-08-21;"Prešovský kraj";11;0;0;0;NA;113775;11;2020-08-21;411
2020-08-20;"Prešovský kraj";8;0;0;0;NA;113775;8;2020-08-20;400
2020-08-19;"Prešovský kraj";8;0;0;0;NA;113775;8;2020-08-19;392
2020-08-18;"Prešovský kraj";6;0;0;0;NA;113775;6;2020-08-18;384
2020-08-17;"Prešovský kraj";1;0;0;0;NA;113775;1;2020-08-17;378
2020-08-16;"Prešovský kraj";0;0;0;0;NA;113775;0;2020-08-16;377
2020-08-15;"Prešovský kraj";8;0;0;0;NA;113775;8;2020-08-15;377
2020-08-14;"Prešovský kraj";6;0;0;0;NA;113775;6;2020-08-14;369
2020-08-13;"Prešovský kraj";8;0;0;0;NA;113775;8;2020-08-13;363
2020-08-12;"Prešovský kraj";19;0;0;0;NA;113775;19;2020-08-12;355
2020-08-11;"Prešovský kraj";3;0;0;0;NA;113775;3;2020-08-11;336
2020-08-10;"Prešovský kraj";0;0;0;0;NA;113775;0;2020-08-10;333
2020-08-09;"Prešovský kraj";0;0;0;0;NA;113775;0;2020-08-09;333
2020-08-08;"Prešovský kraj";2;0;0;0;NA;113775;2;2020-08-08;333
2020-08-07;"Prešovský kraj";6;0;0;0;NA;113775;6;2020-08-07;331
2020-08-06;"Prešovský kraj";2;0;0;0;NA;113775;2;2020-08-06;325
2020-08-05;"Prešovský kraj";8;0;0;0;NA;113775;8;2020-08-05;323
2020-08-04;"Prešovský kraj";5;0;0;0;NA;113775;5;2020-08-04;315
2020-08-03;"Prešovský kraj";4;0;0;0;NA;113775;4;2020-08-03;310
2020-08-02;"Prešovský kraj";6;0;0;0;NA;113775;6;2020-08-02;306
2020-08-01;"Prešovský kraj";0;0;0;0;NA;113775;0;2020-08-01;300
2020-07-31;"Prešovský kraj";2;0;0;0;NA;113775;2;2020-07-31;300
2020-07-30;"Prešovský kraj";6;0;0;0;NA;113775;6;2020-07-30;298
2020-07-29;"Prešovský kraj";5;0;0;0;NA;113775;5;2020-07-29;292
2020-07-28;"Prešovský kraj";0;0;0;0;NA;113775;0;2020-07-28;287
2020-07-27;"Prešovský kraj";1;0;0;0;NA;113775;1;2020-07-27;287
2020-07-26;"Prešovský kraj";1;0;0;0;NA;113775;1;2020-07-26;286
2020-07-25;"Prešovský kraj";21;0;0;0;NA;113775;21;2020-07-25;285
2020-07-24;"Prešovský kraj";1;0;0;0;NA;113775;1;2020-07-24;264
2020-07-23;"Prešovský kraj";5;0;0;0;NA;113775;5;2020-07-23;263
2020-07-22;"Prešovský kraj";1;0;0;0;NA;113775;1;2020-07-22;258
2020-07-21;"Prešovský kraj";2;0;0;0;NA;113775;2;2020-07-21;257
2020-07-20;"Prešovský kraj";1;0;0;0;NA;113775;1;2020-07-20;255
2020-07-19;"Prešovský kraj";0;0;0;0;NA;113775;0;2020-07-19;254
2020-07-18;"Prešovský kraj";0;0;0;0;NA;113775;0;2020-07-18;254
2020-07-17;"Prešovský kraj";3;0;0;0;NA;113775;3;2020-07-17;254
2020-07-16;"Prešovský kraj";1;0;0;0;NA;113775;1;2020-07-16;251
2020-07-15;"Prešovský kraj";5;0;0;0;NA;113775;5;2020-07-15;250
2020-07-14;"Prešovský kraj";5;0;0;0;NA;113775;5;2020-07-14;245
2020-07-13;"Prešovský kraj";1;0;0;0;NA;113775;1;2020-07-13;240
2020-07-12;"Prešovský kraj";1;0;0;0;NA;113775;1;2020-07-12;239
2020-07-11;"Prešovský kraj";6;0;0;0;NA;113775;6;2020-07-11;238
2020-07-10;"Prešovský kraj";5;0;0;0;NA;113775;5;2020-07-10;232
2020-07-09;"Prešovský kraj";2;0;0;0;NA;113775;2;2020-07-09;227
2020-07-08;"Prešovský kraj";14;0;0;0;NA;113775;14;2020-07-08;225
2020-07-07;"Prešovský kraj";2;0;0;0;NA;113775;2;2020-07-07;211
2020-07-06;"Prešovský kraj";0;0;0;0;NA;113775;0;2020-07-06;209
2020-07-05;"Prešovský kraj";0;0;0;0;NA;113775;0;2020-07-05;209
2020-07-04;"Prešovský kraj";1;0;0;0;NA;113775;1;2020-07-04;209
2020-07-03;"Prešovský kraj";3;0;0;0;NA;113775;3;2020-07-03;208
2020-07-02;"Prešovský kraj";0;0;0;0;NA;113775;0;2020-07-02;205
2020-07-01;"Prešovský kraj";0;0;0;0;NA;113775;0;2020-07-01;205
2020-06-30;"Prešovský kraj";7;0;0;0;NA;113775;7;2020-06-30;205
2020-06-29;"Prešovský kraj";0;0;0;0;NA;113775;0;2020-06-29;198
2020-06-28;"Prešovský kraj";0;0;0;0;NA;113775;0;2020-06-28;198
2020-06-27;"Prešovský kraj";3;0;0;0;NA;113775;3;2020-06-27;198
2020-06-26;"Prešovský kraj";3;0;0;0;NA;113775;3;2020-06-26;195
2020-06-25;"Prešovský kraj";0;0;0;0;NA;113775;0;2020-06-25;192
2020-06-24;"Prešovský kraj";4;0;0;0;NA;113775;4;2020-06-24;192
2020-06-23;"Prešovský kraj";0;0;0;0;NA;113775;0;2020-06-23;188
2020-06-22;"Prešovský kraj";0;0;0;0;NA;113775;0;2020-06-22;188
2020-06-21;"Prešovský kraj";0;0;0;0;NA;113775;0;2020-06-21;188
2020-06-20;"Prešovský kraj";0;0;0;0;NA;113775;0;2020-06-20;188
2020-06-19;"Prešovský kraj";1;0;0;0;NA;113775;1;2020-06-19;188
2020-06-18;"Prešovský kraj";0;0;0;0;NA;113775;0;2020-06-18;187
2020-06-17;"Prešovský kraj";0;0;0;0;NA;113775;0;2020-06-17;187
2020-06-16;"Prešovský kraj";6;0;0;0;NA;113775;6;2020-06-16;187
2020-06-14;"Prešovský kraj";0;0;0;0;NA;113775;0;2020-06-14;181
2020-06-13;"Prešovský kraj";0;0;0;0;NA;113775;0;2020-06-13;181
2020-06-12;"Prešovský kraj";1;0;0;0;NA;113775;1;2020-06-12;181
2020-06-11;"Prešovský kraj";0;0;0;0;NA;113775;0;2020-06-11;180
2020-06-10;"Prešovský kraj";0;0;0;0;NA;113775;0;2020-06-10;180
2020-06-09;"Prešovský kraj";0;0;0;0;NA;113775;0;2020-06-09;180
2020-06-08;"Prešovský kraj";0;0;0;0;NA;113775;0;2020-06-08;180
2020-06-07;"Prešovský kraj";0;0;0;0;NA;113775;0;2020-06-07;180
2020-06-05;"Prešovský kraj";0;0;0;0;NA;113775;0;2020-06-05;180
2020-06-03;"Prešovský kraj";0;0;0;0;NA;113775;0;2020-06-03;180
2020-06-02;"Prešovský kraj";1;0;0;0;NA;113775;1;2020-06-02;180
2020-05-31;"Prešovský kraj";1;0;0;0;NA;113775;1;2020-05-31;179
2020-05-29;"Prešovský kraj";0;0;0;0;NA;113775;0;2020-05-29;178
2020-05-27;"Prešovský kraj";0;0;0;0;NA;113775;0;2020-05-27;178
2020-05-26;"Prešovský kraj";0;0;0;0;NA;113775;0;2020-05-26;178
2020-05-25;"Prešovský kraj";0;0;0;0;NA;113775;0;2020-05-25;178
2020-05-24;"Prešovský kraj";0;0;0;0;NA;113775;0;2020-05-24;178
2020-05-23;"Prešovský kraj";0;0;0;0;NA;113775;0;2020-05-23;178
2020-05-22;"Prešovský kraj";0;0;0;0;NA;113775;0;2020-05-22;178
2020-05-21;"Prešovský kraj";1;0;0;0;NA;113775;1;2020-05-21;178
2020-05-20;"Prešovský kraj";0;0;0;0;NA;113775;0;2020-05-20;177
2020-05-19;"Prešovský kraj";0;0;0;0;NA;113775;0;2020-05-19;177
2020-05-17;"Prešovský kraj";0;0;0;0;NA;113775;0;2020-05-17;177
2020-05-16;"Prešovský kraj";0;0;0;0;NA;113775;0;2020-05-16;177
2020-05-15;"Prešovský kraj";0;0;0;0;NA;113775;0;2020-05-15;177
2020-05-14;"Prešovský kraj";0;0;0;0;NA;113775;0;2020-05-14;177
2020-05-13;"Prešovský kraj";1;0;0;0;NA;113775;1;2020-05-13;177
2020-05-12;"Prešovský kraj";0;0;0;0;NA;113775;0;2020-05-12;176
2020-05-11;"Prešovský kraj";1;0;0;0;NA;113775;1;2020-05-11;176
2020-05-09;"Prešovský kraj";0;0;0;0;NA;113775;0;2020-05-09;175
2020-05-07;"Prešovský kraj";0;0;0;0;NA;113775;0;2020-05-07;175
2020-05-06;"Prešovský kraj";0;0;0;0;NA;113775;0;2020-05-06;175
2020-05-05;"Prešovský kraj";1;0;0;0;NA;113775;1;2020-05-05;175
2020-05-04;"Prešovský kraj";0;0;0;0;NA;113775;0;2020-05-04;174
2020-05-03;"Prešovský kraj";0;0;0;0;NA;113775;0;2020-05-03;174
2020-05-02;"Prešovský kraj";0;0;0;0;NA;113775;0;2020-05-02;174
2020-05-01;"Prešovský kraj";2;0;0;0;NA;113775;2;2020-05-01;174
2020-04-30;"Prešovský kraj";0;0;0;0;NA;113775;0;2020-04-30;172
2020-04-29;"Prešovský kraj";1;0;0;0;NA;113775;1;2020-04-29;172
2020-04-28;"Prešovský kraj";1;0;0;0;NA;113775;1;2020-04-28;171
2020-04-27;"Prešovský kraj";2;0;0;0;NA;113775;2;2020-04-27;170
2020-04-26;"Prešovský kraj";0;0;0;0;NA;113775;0;2020-04-26;168
2020-04-25;"Prešovský kraj";0;0;0;0;NA;113775;0;2020-04-25;168
2020-04-24;"Prešovský kraj";0;0;0;0;NA;113775;0;2020-04-24;168
2020-04-23;"Prešovský kraj";2;0;0;0;NA;113775;2;2020-04-23;168
2020-04-22;"Prešovský kraj";11;0;0;0;NA;113775;11;2020-04-22;166
2020-04-21;"Prešovský kraj";12;0;0;0;NA;113775;12;2020-04-21;155
2020-04-20;"Prešovský kraj";2;0;0;0;NA;113775;2;2020-04-20;143
2020-04-19;"Prešovský kraj";4;0;0;0;NA;113775;4;2020-04-19;141
2020-04-18;"Prešovský kraj";1;0;0;0;NA;113775;1;2020-04-18;137
2020-04-17;"Prešovský kraj";4;0;0;0;NA;113775;4;2020-04-17;136
2020-04-16;"Prešovský kraj";9;0;0;0;NA;113775;9;2020-04-16;132
2020-04-15;"Prešovský kraj";21;0;0;0;NA;113775;21;2020-04-15;123
2020-04-14;"Prešovský kraj";1;0;0;0;NA;113775;1;2020-04-14;102
2020-04-13;"Prešovský kraj";2;0;0;0;NA;113775;2;2020-04-13;101
2020-04-12;"Prešovský kraj";6;0;0;0;NA;113775;6;2020-04-12;99
2020-04-11;"Prešovský kraj";4;0;0;0;NA;113775;4;2020-04-11;93
2020-04-10;"Prešovský kraj";0;0;0;0;NA;113775;0;2020-04-10;89
2020-04-09;"Prešovský kraj";1;0;0;0;NA;113775;1;2020-04-09;89
2020-04-08;"Prešovský kraj";0;0;0;0;NA;113775;0;2020-04-08;88
2020-04-07;"Prešovský kraj";7;0;0;0;NA;113775;7;2020-04-07;88
2020-04-06;"Prešovský kraj";10;0;0;0;NA;113775;10;2020-04-06;81
2020-04-05;"Prešovský kraj";13;0;0;0;NA;113775;13;2020-04-05;71
2020-04-04;"Prešovský kraj";1;0;0;0;NA;113775;1;2020-04-04;58
2020-04-03;"Prešovský kraj";4;0;0;0;NA;113775;4;2020-04-03;57
2020-04-02;"Prešovský kraj";6;0;0;0;NA;113775;6;2020-04-02;53
2020-04-01;"Prešovský kraj";6;0;0;0;NA;113775;6;2020-04-01;47
2020-03-31;"Prešovský kraj";6;0;0;0;NA;113775;6;2020-03-31;41
2020-03-30;"Prešovský kraj";2;0;0;0;NA;113775;2;2020-03-30;35
2020-03-29;"Prešovský kraj";2;0;0;0;NA;113775;2;2020-03-29;33
2020-03-28;"Prešovský kraj";2;0;0;0;NA;113775;2;2020-03-28;31
2020-03-27;"Prešovský kraj";1;0;0;0;NA;113775;1;2020-03-27;29
2020-03-26;"Prešovský kraj";8;0;0;0;NA;113775;8;2020-03-26;28
2020-03-25;"Prešovský kraj";1;0;0;0;NA;113775;1;2020-03-25;20
2020-03-24;"Prešovský kraj";4;0;0;0;NA;113775;4;2020-03-24;19
2020-03-23;"Prešovský kraj";0;0;0;0;NA;113775;0;2020-03-23;15
2020-03-22;"Prešovský kraj";1;0;0;0;NA;113775;1;2020-03-22;15
2020-03-21;"Prešovský kraj";2;0;0;0;NA;113775;2;2020-03-21;14
2020-03-20;"Prešovský kraj";3;0;0;0;NA;113775;3;2020-03-20;12
2020-03-19;"Prešovský kraj";2;0;0;0;NA;113775;2;2020-03-19;9
2020-03-18;"Prešovský kraj";1;0;0;0;NA;113775;1;2020-03-18;7
2020-03-17;"Prešovský kraj";1;0;0;0;NA;113775;1;2020-03-17;6
2020-03-16;"Prešovský kraj";4;0;0;0;NA;113775;4;2020-03-16;5
2020-03-15;"Prešovský kraj";0;0;0;0;NA;113775;0;2020-03-15;1
2020-03-14;"Prešovský kraj";1;0;0;0;NA;113775;1;2020-03-14;1
2020-03-13;"Prešovský kraj";0;0;0;0;NA;113775;0;2020-03-13;0
2020-03-12;"Prešovský kraj";0;0;0;0;NA;113775;0;2020-03-12;0
2020-03-11;"Prešovský kraj";0;0;0;0;NA;113775;0;2020-03-11;0
2020-03-09;"Prešovský kraj";0;0;0;0;NA;113775;0;2020-03-09;0
2020-03-08;"Prešovský kraj";0;0;0;0;NA;113775;0;2020-03-08;0
2020-03-07;"Prešovský kraj";0;0;0;0;NA;113775;0;2020-03-07;0
2020-03-06;"Prešovský kraj";0;0;0;0;NA;113775;0;2020-03-06;0
2021-07-05;"Trenčiansky kraj";1;284;0;284;53266;100548;1;2021-07-05;100548
2021-07-04;"Trenčiansky kraj";0;591;1;592;NA;100548;1;2021-07-04;100547
2021-07-03;"Trenčiansky kraj";3;690;1;691;NA;100548;4;2021-07-03;100546
2021-07-02;"Trenčiansky kraj";5;1344;2;1346;NA;100548;7;2021-07-02;100542
2021-07-01;"Trenčiansky kraj";4;1113;1;1114;NA;100548;5;2021-07-01;100535
2021-06-30;"Trenčiansky kraj";2;6466;6;6472;NA;100548;8;2021-06-30;100530
2021-06-29;"Trenčiansky kraj";4;2721;5;2726;NA;100548;9;2021-06-29;100522
2021-06-28;"Trenčiansky kraj";5;3468;4;3472;NA;100548;9;2021-06-28;100513
2021-06-27;"Trenčiansky kraj";0;2594;1;2595;NA;100548;1;2021-06-27;100504
2021-06-26;"Trenčiansky kraj";1;3296;4;3300;NA;100548;5;2021-06-26;100503
2021-06-25;"Trenčiansky kraj";2;4165;1;4166;NA;100548;3;2021-06-25;100498
2021-06-24;"Trenčiansky kraj";3;2795;4;2799;NA;100548;7;2021-06-24;100495
2021-06-23;"Trenčiansky kraj";4;2337;2;2339;NA;100548;6;2021-06-23;100488
2021-06-22;"Trenčiansky kraj";7;2847;3;2850;NA;100548;10;2021-06-22;100482
2021-06-21;"Trenčiansky kraj";10;3540;3;3543;NA;100548;13;2021-06-21;100472
2021-06-20;"Trenčiansky kraj";0;2915;5;2920;NA;100548;5;2021-06-20;100459
2021-06-19;"Trenčiansky kraj";5;3925;0;3925;NA;100548;5;2021-06-19;100454
2021-06-18;"Trenčiansky kraj";7;5897;6;5903;NA;100548;13;2021-06-18;100449
2021-06-17;"Trenčiansky kraj";0;3068;5;3073;NA;100548;5;2021-06-17;100436
2021-06-16;"Trenčiansky kraj";4;2782;2;2784;NA;100548;6;2021-06-16;100431
2021-06-15;"Trenčiansky kraj";10;3490;2;3492;NA;100548;12;2021-06-15;100425
2021-06-14;"Trenčiansky kraj";10;4357;15;4372;NA;100548;25;2021-06-14;100413
2021-06-13;"Trenčiansky kraj";0;3950;4;3954;NA;100548;4;2021-06-13;100388
2021-06-12;"Trenčiansky kraj";4;4616;6;4622;NA;100548;10;2021-06-12;100384
2021-06-11;"Trenčiansky kraj";10;6227;11;6238;NA;100548;21;2021-06-11;100374
2021-06-10;"Trenčiansky kraj";5;3779;7;3786;NA;100548;12;2021-06-10;100353
2021-06-09;"Trenčiansky kraj";7;3254;6;3260;NA;100548;13;2021-06-09;100341
2021-06-08;"Trenčiansky kraj";21;3628;7;3635;NA;100548;28;2021-06-08;100328
2021-06-07;"Trenčiansky kraj";13;4944;10;4954;NA;100548;23;2021-06-07;100300
2021-06-06;"Trenčiansky kraj";0;4659;9;4668;NA;100548;9;2021-06-06;100277
2021-06-05;"Trenčiansky kraj";7;5712;4;5716;NA;100548;11;2021-06-05;100268
2021-06-04;"Trenčiansky kraj";16;6800;3;6803;NA;100548;19;2021-06-04;100257
2021-06-03;"Trenčiansky kraj";9;3886;9;3895;NA;100548;18;2021-06-03;100238
2021-06-02;"Trenčiansky kraj";28;4201;8;4209;NA;100548;36;2021-06-02;100220
2021-06-01;"Trenčiansky kraj";22;4975;17;4992;NA;100548;39;2021-06-01;100184
2021-05-31;"Trenčiansky kraj";30;5495;24;5519;NA;100548;54;2021-05-31;100145
2021-05-30;"Trenčiansky kraj";0;7365;15;7380;NA;100548;15;2021-05-30;100091
2021-05-29;"Trenčiansky kraj";13;6900;13;6913;NA;100548;26;2021-05-29;100076
2021-05-28;"Trenčiansky kraj";22;7934;25;7959;NA;100548;47;2021-05-28;100050
2021-05-27;"Trenčiansky kraj";6;5163;12;5175;NA;100548;18;2021-05-27;100003
2021-05-26;"Trenčiansky kraj";26;4413;13;4426;NA;100548;39;2021-05-26;99985
2021-05-25;"Trenčiansky kraj";18;5674;20;5694;NA;100548;38;2021-05-25;99946
2021-05-24;"Trenčiansky kraj";19;9191;37;9228;NA;100548;56;2021-05-24;99908
2021-05-23;"Trenčiansky kraj";0;8161;22;8183;NA;100548;22;2021-05-23;99852
2021-05-22;"Trenčiansky kraj";11;10114;12;10126;NA;100548;23;2021-05-22;99830
2021-05-21;"Trenčiansky kraj";23;10606;24;10630;NA;100548;47;2021-05-21;99807
2021-05-20;"Trenčiansky kraj";23;5487;23;5510;NA;100548;46;2021-05-20;99760
2021-05-19;"Trenčiansky kraj";16;4959;31;4990;NA;100548;47;2021-05-19;99714
2021-05-18;"Trenčiansky kraj";26;7610;26;7636;NA;100548;52;2021-05-18;99667
2021-05-17;"Trenčiansky kraj";37;6771;38;6809;NA;100548;75;2021-05-17;99615
2021-05-16;"Trenčiansky kraj";25;14270;30;14300;NA;100548;55;2021-05-16;99540
2021-05-15;"Trenčiansky kraj";3;19573;26;19599;NA;100548;29;2021-05-15;99485
2021-05-14;"Trenčiansky kraj";41;17047;39;17086;NA;100548;80;2021-05-14;99456
2021-05-13;"Trenčiansky kraj";41;8149;24;8173;NA;100548;65;2021-05-13;99376
2021-05-12;"Trenčiansky kraj";41;7408;31;7439;NA;100548;72;2021-05-12;99311
2021-05-11;"Trenčiansky kraj";66;10205;31;10236;NA;100548;97;2021-05-11;99239
2021-05-10;"Trenčiansky kraj";48;11688;52;11740;NA;100548;100;2021-05-10;99142
2021-05-09;"Trenčiansky kraj";52;15597;32;15629;NA;100548;84;2021-05-09;99042
2021-05-08;"Trenčiansky kraj";3;21544;29;21573;NA;100548;32;2021-05-08;98958
2021-05-07;"Trenčiansky kraj";45;21204;44;21248;NA;100548;89;2021-05-07;98926
2021-05-06;"Trenčiansky kraj";26;10679;44;10723;NA;100548;70;2021-05-06;98837
2021-05-05;"Trenčiansky kraj";73;9092;41;9133;NA;100548;114;2021-05-05;98767
2021-05-04;"Trenčiansky kraj";55;12732;53;12785;NA;100548;108;2021-05-04;98653
2021-05-03;"Trenčiansky kraj";60;15330;51;15381;NA;100548;111;2021-05-03;98545
2021-05-02;"Trenčiansky kraj";0;30768;61;30829;NA;100548;61;2021-05-02;98434
2021-05-01;"Trenčiansky kraj";71;56982;60;57042;NA;100548;131;2021-05-01;98373
2021-04-30;"Trenčiansky kraj";77;29420;61;29481;NA;100548;138;2021-04-30;98242
2021-04-29;"Trenčiansky kraj";49;13183;59;13242;NA;100548;108;2021-04-29;98104
2021-04-28;"Trenčiansky kraj";79;12536;52;12588;NA;100548;131;2021-04-28;97996
2021-04-27;"Trenčiansky kraj";107;15526;40;15566;NA;100548;147;2021-04-27;97865
2021-04-26;"Trenčiansky kraj";52;21066;63;21129;NA;100548;115;2021-04-26;97718
2021-04-25;"Trenčiansky kraj";0;34560;48;34608;NA;100548;48;2021-04-25;97603
2021-04-24;"Trenčiansky kraj";76;72398;100;72498;NA;100548;176;2021-04-24;97555
2021-04-23;"Trenčiansky kraj";143;29958;79;30037;NA;100548;222;2021-04-23;97379
2021-04-22;"Trenčiansky kraj";71;13847;64;13911;NA;100548;135;2021-04-22;97157
2021-04-21;"Trenčiansky kraj";79;12996;67;13063;NA;100548;146;2021-04-21;97022
2021-04-20;"Trenčiansky kraj";142;17739;80;17819;NA;100548;222;2021-04-20;96876
2021-04-19;"Trenčiansky kraj";102;22630;103;22733;NA;100548;205;2021-04-19;96654
2021-04-18;"Trenčiansky kraj";3;40879;97;40976;NA;100548;100;2021-04-18;96449
2021-04-17;"Trenčiansky kraj";77;81498;136;81634;NA;100548;213;2021-04-17;96349
2021-04-16;"Trenčiansky kraj";100;31954;90;32044;NA;100548;190;2021-04-16;96136
2021-04-15;"Trenčiansky kraj";71;14477;69;14546;NA;100548;140;2021-04-15;95946
2021-04-14;"Trenčiansky kraj";135;15549;72;15621;NA;100548;207;2021-04-14;95806
2021-04-13;"Trenčiansky kraj";189;18713;75;18788;NA;100548;264;2021-04-13;95599
2021-04-12;"Trenčiansky kraj";97;23743;91;23834;NA;100548;188;2021-04-12;95335
2021-04-11;"Trenčiansky kraj";1;34735;75;34810;NA;100548;76;2021-04-11;95147
2021-04-10;"Trenčiansky kraj";81;83093;145;83238;NA;100548;226;2021-04-10;95071
2021-04-09;"Trenčiansky kraj";120;28008;91;28099;NA;100548;211;2021-04-09;94845
2021-04-08;"Trenčiansky kraj";112;13282;85;13367;NA;100548;197;2021-04-08;94634
2021-04-07;"Trenčiansky kraj";204;17689;122;17811;NA;100548;326;2021-04-07;94437
2021-04-06;"Trenčiansky kraj";157;28532;178;28710;NA;100548;335;2021-04-06;94111
2021-04-05;"Trenčiansky kraj";15;9227;64;9291;NA;100548;79;2021-04-05;93776
2021-04-04;"Trenčiansky kraj";2;20291;85;20376;NA;100548;87;2021-04-04;93697
2021-04-03;"Trenčiansky kraj";86;80473;221;80694;NA;100548;307;2021-04-03;93610
2021-04-02;"Trenčiansky kraj";126;21620;81;21701;NA;100548;207;2021-04-02;93303
2021-04-01;"Trenčiansky kraj";159;32370;139;32509;NA;100548;298;2021-04-01;93096
2021-03-31;"Trenčiansky kraj";198;20100;130;20230;NA;100548;328;2021-03-31;92798
2021-03-30;"Trenčiansky kraj";272;17304;136;17440;NA;100548;408;2021-03-30;92470
2021-03-29;"Trenčiansky kraj";142;19479;170;19649;NA;100548;312;2021-03-29;92062
2021-03-28;"Trenčiansky kraj";3;34759;116;34875;NA;100548;119;2021-03-28;91750
2021-03-27;"Trenčiansky kraj";130;77314;293;77607;NA;100548;423;2021-03-27;91631
2021-03-26;"Trenčiansky kraj";211;35092;157;35249;NA;100548;368;2021-03-26;91208
2021-03-25;"Trenčiansky kraj";184;16579;176;16755;NA;100548;360;2021-03-25;90840
2021-03-24;"Trenčiansky kraj";259;13099;171;13270;NA;100548;430;2021-03-24;90480
2021-03-23;"Trenčiansky kraj";349;17588;174;17762;NA;100548;523;2021-03-23;90050
2021-03-22;"Trenčiansky kraj";141;21118;213;21331;NA;100548;354;2021-03-22;89527
2021-03-21;"Trenčiansky kraj";85;32711;164;32875;NA;100548;249;2021-03-21;89173
2021-03-20;"Trenčiansky kraj";128;80035;322;80357;NA;100548;450;2021-03-20;88924
2021-03-19;"Trenčiansky kraj";231;34784;232;35016;NA;100548;463;2021-03-19;88474
2021-03-18;"Trenčiansky kraj";262;16105;178;16283;NA;100548;440;2021-03-18;88011
2021-03-17;"Trenčiansky kraj";366;13436;163;13599;NA;100548;529;2021-03-17;87571
2021-03-16;"Trenčiansky kraj";450;15281;241;15522;NA;100548;691;2021-03-16;87042
2021-03-15;"Trenčiansky kraj";162;21235;261;21496;NA;100548;423;2021-03-15;86351
2021-03-14;"Trenčiansky kraj";42;33892;233;34125;NA;100548;275;2021-03-14;85928
2021-03-13;"Trenčiansky kraj";270;79187;453;79640;NA;100548;723;2021-03-13;85653
2021-03-12;"Trenčiansky kraj";366;34787;307;35094;NA;100548;673;2021-03-12;84930
2021-03-11;"Trenčiansky kraj";302;15557;213;15770;NA;100548;515;2021-03-11;84257
2021-03-10;"Trenčiansky kraj";402;13585;237;13822;NA;100548;639;2021-03-10;83742
2021-03-09;"Trenčiansky kraj";586;17982;285;18267;NA;100548;871;2021-03-09;83103
2021-03-08;"Trenčiansky kraj";174;21704;363;22067;NA;100548;537;2021-03-08;82232
2021-03-07;"Trenčiansky kraj";4;33647;313;33960;NA;100548;317;2021-03-07;81695
2021-03-06;"Trenčiansky kraj";260;79661;529;80190;NA;100548;789;2021-03-06;81378
2021-03-05;"Trenčiansky kraj";326;32946;416;33362;NA;100548;742;2021-03-05;80589
2021-03-04;"Trenčiansky kraj";323;16820;315;17135;NA;100548;638;2021-03-04;79847
2021-03-03;"Trenčiansky kraj";413;13953;346;14299;NA;100548;759;2021-03-03;79209
2021-03-02;"Trenčiansky kraj";612;17797;344;18141;NA;100548;956;2021-03-02;78450
2021-03-01;"Trenčiansky kraj";217;21127;445;21572;NA;100548;662;2021-03-01;77494
2021-02-28;"Trenčiansky kraj";45;30238;376;30614;NA;100548;421;2021-02-28;76832
2021-02-27;"Trenčiansky kraj";277;78735;686;79421;NA;100548;963;2021-02-27;76411
2021-02-26;"Trenčiansky kraj";420;32932;435;33367;NA;100548;855;2021-02-26;75448
2021-02-25;"Trenčiansky kraj";424;14029;328;14357;NA;100548;752;2021-02-25;74593
2021-02-24;"Trenčiansky kraj";427;11997;398;12395;NA;100548;825;2021-02-24;73841
2021-02-23;"Trenčiansky kraj";577;14904;390;15294;NA;100548;967;2021-02-23;73016
2021-02-22;"Trenčiansky kraj";160;19969;468;20437;NA;100548;628;2021-02-22;72049
2021-02-21;"Trenčiansky kraj";64;29478;392;29870;NA;100548;456;2021-02-21;71421
2021-02-20;"Trenčiansky kraj";274;77840;745;78585;NA;100548;1019;2021-02-20;70965
2021-02-19;"Trenčiansky kraj";272;30245;520;30765;NA;100548;792;2021-02-19;69946
2021-02-18;"Trenčiansky kraj";355;14378;410;14788;NA;100548;765;2021-02-18;69154
2021-02-17;"Trenčiansky kraj";363;11413;376;11789;NA;100548;739;2021-02-17;68389
2021-02-16;"Trenčiansky kraj";488;17761;406;18167;NA;100548;894;2021-02-16;67650
2021-02-15;"Trenčiansky kraj";151;21846;463;22309;NA;100548;614;2021-02-15;66756
2021-02-14;"Trenčiansky kraj";2;31255;324;31579;NA;100548;326;2021-02-14;66142
2021-02-13;"Trenčiansky kraj";274;63006;522;63528;NA;100548;796;2021-02-13;65816
2021-02-12;"Trenčiansky kraj";276;27966;412;28378;NA;100548;688;2021-02-12;65020
2021-02-11;"Trenčiansky kraj";291;11566;323;11889;NA;100548;614;2021-02-11;64332
2021-02-10;"Trenčiansky kraj";304;11402;317;11719;NA;100548;621;2021-02-10;63718
2021-02-09;"Trenčiansky kraj";514;18401;360;18761;NA;100548;874;2021-02-09;63097
2021-02-08;"Trenčiansky kraj";182;26972;430;27402;NA;100548;612;2021-02-08;62223
2021-02-07;"Trenčiansky kraj";31;36772;341;37113;NA;100548;372;2021-02-07;61611
2021-02-06;"Trenčiansky kraj";216;63931;560;64491;NA;100548;776;2021-02-06;61239
2021-02-05;"Trenčiansky kraj";202;18154;367;18521;NA;100548;569;2021-02-05;60463
2021-02-04;"Trenčiansky kraj";266;7248;311;7559;NA;100548;577;2021-02-04;59894
2021-02-03;"Trenčiansky kraj";162;6718;320;7038;NA;100548;482;2021-02-03;59317
2021-02-02;"Trenčiansky kraj";347;8058;380;8438;NA;100548;727;2021-02-02;58835
2021-02-01;"Trenčiansky kraj";167;8917;311;9228;NA;100548;478;2021-02-01;58108
2021-01-31;"Trenčiansky kraj";7;19103;159;19262;NA;100548;166;2021-01-31;57630
2021-01-30;"Trenčiansky kraj";228;38167;332;38499;NA;100548;560;2021-01-30;57464
2021-01-29;"Trenčiansky kraj";214;7586;235;7821;NA;100548;449;2021-01-29;56904
2021-01-28;"Trenčiansky kraj";307;5442;158;5600;NA;100548;465;2021-01-28;56455
2021-01-27;"Trenčiansky kraj";166;4842;181;5023;NA;100548;347;2021-01-27;55990
2021-01-26;"Trenčiansky kraj";303;14585;250;14835;NA;100548;553;2021-01-26;55643
2021-01-25;"Trenčiansky kraj";160;24302;207;24509;NA;100548;367;2021-01-25;55090
2021-01-24;"Trenčiansky kraj";51;38369;282;38651;NA;100548;333;2021-01-24;54723
2021-01-23;"Trenčiansky kraj";206;114125;749;114874;NA;100548;955;2021-01-23;54390
2021-01-22;"Trenčiansky kraj";148;21833;242;22075;NA;100548;390;2021-01-22;53435
2021-01-21;"Trenčiansky kraj";143;8582;166;8748;NA;100548;309;2021-01-21;53045
2021-01-20;"Trenčiansky kraj";181;8186;227;8413;NA;100548;408;2021-01-20;52736
2021-01-19;"Trenčiansky kraj";363;6600;262;6862;NA;100548;625;2021-01-19;52328
2021-01-18;"Trenčiansky kraj";72;4970;321;5291;NA;100548;393;2021-01-18;51703
2021-01-17;"Trenčiansky kraj";124;156;11;167;NA;100548;135;2021-01-17;51310
2021-01-16;"Trenčiansky kraj";39;1288;53;1341;NA;100548;92;2021-01-16;51175
2021-01-15;"Trenčiansky kraj";264;4029;218;4247;NA;100548;482;2021-01-15;51083
2021-01-14;"Trenčiansky kraj";275;3193;189;3382;NA;100548;464;2021-01-14;50601
2021-01-13;"Trenčiansky kraj";222;3893;215;4108;NA;100548;437;2021-01-13;50137
2021-01-12;"Trenčiansky kraj";508;4604;261;4865;NA;100548;769;2021-01-12;49700
2021-01-11;"Trenčiansky kraj";142;4367;354;4721;NA;100548;496;2021-01-11;48931
2021-01-10;"Trenčiansky kraj";89;4969;77;5046;NA;100548;166;2021-01-10;48435
2021-01-09;"Trenčiansky kraj";276;8280;128;8408;NA;100548;404;2021-01-09;48269
2021-01-08;"Trenčiansky kraj";489;6434;484;6918;NA;100548;973;2021-01-08;47865
2021-01-07;"Trenčiansky kraj";420;6138;577;6715;NA;100548;997;2021-01-07;46892
2021-01-06;"Trenčiansky kraj";221;1021;64;1085;NA;100548;285;2021-01-06;45895
2021-01-05;"Trenčiansky kraj";669;5753;706;6459;NA;100548;1375;2021-01-05;45610
2021-01-04;"Trenčiansky kraj";337;5248;782;6030;NA;100548;1119;2021-01-04;44235
2021-01-03;"Trenčiansky kraj";38;114;15;129;NA;100548;53;2021-01-03;43116
2021-01-02;"Trenčiansky kraj";129;196;23;219;NA;100548;152;2021-01-02;43063
2021-01-01;"Trenčiansky kraj";329;347;23;370;NA;100548;352;2021-01-01;42911
2020-12-31;"Trenčiansky kraj";597;4943;557;5500;NA;100548;1154;2020-12-31;42559
2020-12-30;"Trenčiansky kraj";836;7012;762;7774;NA;100548;1598;2020-12-30;41405
2020-12-29;"Trenčiansky kraj";459;6122;1009;7131;NA;100548;1468;2020-12-29;39807
2020-12-28;"Trenčiansky kraj";258;4195;777;4972;NA;100548;1035;2020-12-28;38339
2020-12-27;"Trenčiansky kraj";5;208;36;244;NA;100548;41;2020-12-27;37304
2020-12-26;"Trenčiansky kraj";174;74;10;84;NA;100548;184;2020-12-26;37263
2020-12-25;"Trenčiansky kraj";251;325;47;372;NA;100548;298;2020-12-25;37079
2020-12-24;"Trenčiansky kraj";552;2194;256;2450;NA;100548;808;2020-12-24;36781
2020-12-23;"Trenčiansky kraj";421;6552;661;7213;NA;100548;1082;2020-12-23;35973
2020-12-22;"Trenčiansky kraj";673;5760;694;6454;NA;100548;1367;2020-12-22;34891
2020-12-21;"Trenčiansky kraj";248;13321;956;14277;NA;100548;1204;2020-12-21;33524
2020-12-20;"Trenčiansky kraj";238;12504;292;12796;NA;100548;530;2020-12-20;32320
2020-12-19;"Trenčiansky kraj";341;1611;150;1761;NA;100548;491;2020-12-19;31790
2020-12-18;"Trenčiansky kraj";521;5199;615;5814;NA;100548;1136;2020-12-18;31299
2020-12-17;"Trenčiansky kraj";670;3843;524;4367;NA;100548;1194;2020-12-17;30163
2020-12-16;"Trenčiansky kraj";461;4464;647;5111;NA;100548;1108;2020-12-16;28969
2020-12-15;"Trenčiansky kraj";595;3805;670;4475;NA;100548;1265;2020-12-15;27861
2020-12-14;"Trenčiansky kraj";318;3194;613;3807;NA;100548;931;2020-12-14;26596
2020-12-13;"Trenčiansky kraj";77;49;6;55;NA;100548;83;2020-12-13;25665
2020-12-12;"Trenčiansky kraj";314;1191;132;1323;NA;100548;446;2020-12-12;25582
2020-12-11;"Trenčiansky kraj";751;4066;479;4545;NA;100548;1230;2020-12-11;25136
2020-12-10;"Trenčiansky kraj";271;3354;473;3827;NA;100548;744;2020-12-10;23906
2020-12-09;"Trenčiansky kraj";508;3788;466;4254;NA;100548;974;2020-12-09;23162
2020-12-08;"Trenčiansky kraj";546;3440;522;3962;NA;100548;1068;2020-12-08;22188
2020-12-07;"Trenčiansky kraj";258;3832;468;4300;NA;100548;726;2020-12-07;21120
2020-12-06;"Trenčiansky kraj";114;179;10;189;NA;100548;124;2020-12-06;20394
2020-12-05;"Trenčiansky kraj";223;610;56;666;NA;100548;279;2020-12-05;20270
2020-12-04;"Trenčiansky kraj";253;2943;273;3216;NA;100548;526;2020-12-04;19991
2020-12-03;"Trenčiansky kraj";503;1714;178;1892;NA;100548;681;2020-12-03;19465
2020-12-02;"Trenčiansky kraj";418;1844;232;2076;NA;100548;650;2020-12-02;18784
2020-12-01;"Trenčiansky kraj";321;5741;358;6099;NA;100548;679;2020-12-01;18134
2020-11-30;"Trenčiansky kraj";167;11514;520;12034;NA;100548;687;2020-11-30;17455
2020-11-29;"Trenčiansky kraj";29;30;5;35;NA;100548;34;2020-11-29;16768
2020-11-28;"Trenčiansky kraj";202;1051;93;1144;NA;100548;295;2020-11-28;16734
2020-11-27;"Trenčiansky kraj";330;1888;186;2074;NA;100548;516;2020-11-27;16439
2020-11-26;"Trenčiansky kraj";395;1252;122;1374;NA;100548;517;2020-11-26;15923
2020-11-25;"Trenčiansky kraj";322;1444;160;1604;NA;100548;482;2020-11-25;15406
2020-11-24;"Trenčiansky kraj";348;2553;308;2861;NA;100548;656;2020-11-24;14924
2020-11-23;"Trenčiansky kraj";159;1186;122;1308;NA;100548;281;2020-11-23;14268
2020-11-22;"Trenčiansky kraj";26;30;7;37;NA;100548;33;2020-11-22;13987
2020-11-21;"Trenčiansky kraj";255;1376;69;1445;NA;100548;324;2020-11-21;13954
2020-11-20;"Trenčiansky kraj";316;861;93;954;NA;100548;409;2020-11-20;13630
2020-11-19;"Trenčiansky kraj";316;740;113;853;NA;100548;429;2020-11-19;13221
2020-11-18;"Trenčiansky kraj";233;379;66;445;NA;100548;299;2020-11-18;12792
2020-11-17;"Trenčiansky kraj";222;106;15;121;NA;100548;237;2020-11-17;12493
2020-11-16;"Trenčiansky kraj";245;236;45;281;NA;100548;290;2020-11-16;12256
2020-11-15;"Trenčiansky kraj";109;29;6;35;NA;100548;115;2020-11-15;11966
2020-11-14;"Trenčiansky kraj";190;74;11;85;NA;100548;201;2020-11-14;11851
2020-11-13;"Trenčiansky kraj";308;131;13;144;NA;100548;321;2020-11-13;11650
2020-11-12;"Trenčiansky kraj";324;124;5;129;NA;100548;329;2020-11-12;11329
2020-11-11;"Trenčiansky kraj";366;113;10;123;NA;100548;376;2020-11-11;11000
2020-11-10;"Trenčiansky kraj";277;106;6;112;NA;100548;283;2020-11-10;10624
2020-11-09;"Trenčiansky kraj";115;1407;48;1455;NA;100548;163;2020-11-09;10341
2020-11-08;"Trenčiansky kraj";81;1271;8;1279;NA;100548;89;2020-11-08;10178
2020-11-07;"Trenčiansky kraj";319;3662;59;3721;NA;100548;378;2020-11-07;10089
2020-11-06;"Trenčiansky kraj";383;6893;84;6977;NA;100548;467;2020-11-06;9711
2020-11-05;"Trenčiansky kraj";399;98;15;113;NA;100548;414;2020-11-05;9244
2020-11-04;"Trenčiansky kraj";370;91;9;100;NA;100548;379;2020-11-04;8830
2020-11-03;"Trenčiansky kraj";575;97;8;105;NA;100548;583;2020-11-03;8451
2020-11-02;"Trenčiansky kraj";197;1833;68;1901;NA;100548;265;2020-11-02;7868
2020-11-01;"Trenčiansky kraj";257;808;24;832;NA;100548;281;2020-11-01;7603
2020-10-31;"Trenčiansky kraj";332;4719;82;4801;NA;100548;414;2020-10-31;7322
2020-10-30;"Trenčiansky kraj";299;5283;102;5385;NA;100548;401;2020-10-30;6908
2020-10-29;"Trenčiansky kraj";496;764;68;832;NA;100548;564;2020-10-29;6507
2020-10-28;"Trenčiansky kraj";269;192;33;225;NA;100548;302;2020-10-28;5943
2020-10-27;"Trenčiansky kraj";473;127;27;154;NA;100548;500;2020-10-27;5641
2020-10-26;"Trenčiansky kraj";177;107;36;143;NA;100548;213;2020-10-26;5141
2020-10-25;"Trenčiansky kraj";138;9;5;14;NA;100548;143;2020-10-25;4928
2020-10-24;"Trenčiansky kraj";395;128;6;134;NA;100548;401;2020-10-24;4785
2020-10-23;"Trenčiansky kraj";301;154;8;162;NA;100548;309;2020-10-23;4384
2020-10-22;"Trenčiansky kraj";273;82;12;94;NA;100548;285;2020-10-22;4075
2020-10-21;"Trenčiansky kraj";183;53;9;62;NA;100548;192;2020-10-21;3790
2020-10-20;"Trenčiansky kraj";212;47;6;53;NA;100548;218;2020-10-20;3598
2020-10-19;"Trenčiansky kraj";41;83;25;108;NA;100548;66;2020-10-19;3380
2020-10-18;"Trenčiansky kraj";104;0;0;0;NA;100548;104;2020-10-18;3314
2020-10-17;"Trenčiansky kraj";157;0;0;0;NA;100548;157;2020-10-17;3210
2020-10-16;"Trenčiansky kraj";225;42;6;48;NA;100548;231;2020-10-16;3053
2020-10-15;"Trenčiansky kraj";255;39;4;43;NA;100548;259;2020-10-15;2822
2020-10-14;"Trenčiansky kraj";162;42;7;49;NA;100548;169;2020-10-14;2563
2020-10-13;"Trenčiansky kraj";124;105;12;117;NA;100548;136;2020-10-13;2394
2020-10-12;"Trenčiansky kraj";55;0;0;0;NA;100548;55;2020-10-12;2258
2020-10-11;"Trenčiansky kraj";73;0;0;0;NA;100548;73;2020-10-11;2203
2020-10-10;"Trenčiansky kraj";180;0;0;0;NA;100548;180;2020-10-10;2130
2020-10-09;"Trenčiansky kraj";198;0;0;0;NA;100548;198;2020-10-09;1950
2020-10-08;"Trenčiansky kraj";115;0;0;0;NA;100548;115;2020-10-08;1752
2020-10-07;"Trenčiansky kraj";75;0;0;0;NA;100548;75;2020-10-07;1637
2020-10-06;"Trenčiansky kraj";72;0;0;0;NA;100548;72;2020-10-06;1562
2020-10-05;"Trenčiansky kraj";32;0;0;0;NA;100548;32;2020-10-05;1490
2020-10-04;"Trenčiansky kraj";37;0;0;0;NA;100548;37;2020-10-04;1458
2020-10-03;"Trenčiansky kraj";79;0;0;0;NA;100548;79;2020-10-03;1421
2020-10-02;"Trenčiansky kraj";69;0;0;0;NA;100548;69;2020-10-02;1342
2020-10-01;"Trenčiansky kraj";58;0;0;0;NA;100548;58;2020-10-01;1273
2020-09-30;"Trenčiansky kraj";76;0;0;0;NA;100548;76;2020-09-30;1215
2020-09-29;"Trenčiansky kraj";43;0;0;0;NA;100548;43;2020-09-29;1139
2020-09-28;"Trenčiansky kraj";7;0;0;0;NA;100548;7;2020-09-28;1096
2020-09-27;"Trenčiansky kraj";12;0;0;0;NA;100548;12;2020-09-27;1089
2020-09-26;"Trenčiansky kraj";37;0;0;0;NA;100548;37;2020-09-26;1077
2020-09-25;"Trenčiansky kraj";72;0;0;0;NA;100548;72;2020-09-25;1040
2020-09-24;"Trenčiansky kraj";41;0;0;0;NA;100548;41;2020-09-24;968
2020-09-23;"Trenčiansky kraj";32;0;0;0;NA;100548;32;2020-09-23;927
2020-09-22;"Trenčiansky kraj";26;0;0;0;NA;100548;26;2020-09-22;895
2020-09-21;"Trenčiansky kraj";23;0;0;0;NA;100548;23;2020-09-21;869
2020-09-20;"Trenčiansky kraj";21;0;0;0;NA;100548;21;2020-09-20;846
2020-09-19;"Trenčiansky kraj";20;0;0;0;NA;100548;20;2020-09-19;825
2020-09-18;"Trenčiansky kraj";41;0;0;0;NA;100548;41;2020-09-18;805
2020-09-17;"Trenčiansky kraj";20;0;0;0;NA;100548;20;2020-09-17;764
2020-09-16;"Trenčiansky kraj";14;0;0;0;NA;100548;14;2020-09-16;744
2020-09-15;"Trenčiansky kraj";8;0;0;0;NA;100548;8;2020-09-15;730
2020-09-14;"Trenčiansky kraj";5;0;0;0;NA;100548;5;2020-09-14;722
2020-09-13;"Trenčiansky kraj";12;0;0;0;NA;100548;12;2020-09-13;717
2020-09-12;"Trenčiansky kraj";2;0;0;0;NA;100548;2;2020-09-12;705
2020-09-11;"Trenčiansky kraj";27;0;0;0;NA;100548;27;2020-09-11;703
2020-09-10;"Trenčiansky kraj";15;0;0;0;NA;100548;15;2020-09-10;676
2020-09-09;"Trenčiansky kraj";11;0;0;0;NA;100548;11;2020-09-09;661
2020-09-08;"Trenčiansky kraj";12;0;0;0;NA;100548;12;2020-09-08;650
2020-09-07;"Trenčiansky kraj";6;0;0;0;NA;100548;6;2020-09-07;638
2020-09-06;"Trenčiansky kraj";1;0;0;0;NA;100548;1;2020-09-06;632
2020-09-05;"Trenčiansky kraj";3;0;0;0;NA;100548;3;2020-09-05;631
2020-09-04;"Trenčiansky kraj";9;0;0;0;NA;100548;9;2020-09-04;628
2020-09-03;"Trenčiansky kraj";10;0;0;0;NA;100548;10;2020-09-03;619
2020-09-02;"Trenčiansky kraj";5;0;0;0;NA;100548;5;2020-09-02;609
2020-09-01;"Trenčiansky kraj";1;0;0;0;NA;100548;1;2020-09-01;604
2020-08-31;"Trenčiansky kraj";12;0;0;0;NA;100548;12;2020-08-31;603
2020-08-30;"Trenčiansky kraj";0;0;0;0;NA;100548;0;2020-08-30;591
2020-08-29;"Trenčiansky kraj";1;0;0;0;NA;100548;1;2020-08-29;591
2020-08-28;"Trenčiansky kraj";12;0;0;0;NA;100548;12;2020-08-28;590
2020-08-27;"Trenčiansky kraj";10;0;0;0;NA;100548;10;2020-08-27;578
2020-08-26;"Trenčiansky kraj";15;0;0;0;NA;100548;15;2020-08-26;568
2020-08-25;"Trenčiansky kraj";12;0;0;0;NA;100548;12;2020-08-25;553
2020-08-24;"Trenčiansky kraj";4;0;0;0;NA;100548;4;2020-08-24;541
2020-08-23;"Trenčiansky kraj";5;0;0;0;NA;100548;5;2020-08-23;537
2020-08-22;"Trenčiansky kraj";6;0;0;0;NA;100548;6;2020-08-22;532
2020-08-21;"Trenčiansky kraj";6;0;0;0;NA;100548;6;2020-08-21;526
2020-08-20;"Trenčiansky kraj";20;0;0;0;NA;100548;20;2020-08-20;520
2020-08-19;"Trenčiansky kraj";17;0;0;0;NA;100548;17;2020-08-19;500
2020-08-18;"Trenčiansky kraj";9;0;0;0;NA;100548;9;2020-08-18;483
2020-08-17;"Trenčiansky kraj";4;0;0;0;NA;100548;4;2020-08-17;474
2020-08-16;"Trenčiansky kraj";0;0;0;0;NA;100548;0;2020-08-16;470
2020-08-15;"Trenčiansky kraj";9;0;0;0;NA;100548;9;2020-08-15;470
2020-08-14;"Trenčiansky kraj";15;0;0;0;NA;100548;15;2020-08-14;461
2020-08-13;"Trenčiansky kraj";23;0;0;0;NA;100548;23;2020-08-13;446
2020-08-12;"Trenčiansky kraj";6;0;0;0;NA;100548;6;2020-08-12;423
2020-08-11;"Trenčiansky kraj";7;0;0;0;NA;100548;7;2020-08-11;417
2020-08-10;"Trenčiansky kraj";9;0;0;0;NA;100548;9;2020-08-10;410
2020-08-09;"Trenčiansky kraj";1;0;0;0;NA;100548;1;2020-08-09;401
2020-08-08;"Trenčiansky kraj";4;0;0;0;NA;100548;4;2020-08-08;400
2020-08-07;"Trenčiansky kraj";4;0;0;0;NA;100548;4;2020-08-07;396
2020-08-06;"Trenčiansky kraj";13;0;0;0;NA;100548;13;2020-08-06;392
2020-08-05;"Trenčiansky kraj";39;0;0;0;NA;100548;39;2020-08-05;379
2020-08-04;"Trenčiansky kraj";9;0;0;0;NA;100548;9;2020-08-04;340
2020-08-03;"Trenčiansky kraj";0;0;0;0;NA;100548;0;2020-08-03;331
2020-08-02;"Trenčiansky kraj";2;0;0;0;NA;100548;2;2020-08-02;331
2020-08-01;"Trenčiansky kraj";6;0;0;0;NA;100548;6;2020-08-01;329
2020-07-31;"Trenčiansky kraj";16;0;0;0;NA;100548;16;2020-07-31;323
2020-07-30;"Trenčiansky kraj";4;0;0;0;NA;100548;4;2020-07-30;307
2020-07-29;"Trenčiansky kraj";5;0;0;0;NA;100548;5;2020-07-29;303
2020-07-28;"Trenčiansky kraj";11;0;0;0;NA;100548;11;2020-07-28;298
2020-07-27;"Trenčiansky kraj";4;0;0;0;NA;100548;4;2020-07-27;287
2020-07-26;"Trenčiansky kraj";1;0;0;0;NA;100548;1;2020-07-26;283
2020-07-25;"Trenčiansky kraj";7;0;0;0;NA;100548;7;2020-07-25;282
2020-07-24;"Trenčiansky kraj";5;0;0;0;NA;100548;5;2020-07-24;275
2020-07-23;"Trenčiansky kraj";10;0;0;0;NA;100548;10;2020-07-23;270
2020-07-22;"Trenčiansky kraj";11;0;0;0;NA;100548;11;2020-07-22;260
2020-07-21;"Trenčiansky kraj";6;0;0;0;NA;100548;6;2020-07-21;249
2020-07-20;"Trenčiansky kraj";13;0;0;0;NA;100548;13;2020-07-20;243
2020-07-19;"Trenčiansky kraj";0;0;0;0;NA;100548;0;2020-07-19;230
2020-07-18;"Trenčiansky kraj";0;0;0;0;NA;100548;0;2020-07-18;230
2020-07-17;"Trenčiansky kraj";1;0;0;0;NA;100548;1;2020-07-17;230
2020-07-16;"Trenčiansky kraj";0;0;0;0;NA;100548;0;2020-07-16;229
2020-07-15;"Trenčiansky kraj";2;0;0;0;NA;100548;2;2020-07-15;229
2020-07-14;"Trenčiansky kraj";8;0;0;0;NA;100548;8;2020-07-14;227
2020-07-13;"Trenčiansky kraj";1;0;0;0;NA;100548;1;2020-07-13;219
2020-07-12;"Trenčiansky kraj";0;0;0;0;NA;100548;0;2020-07-12;218
2020-07-11;"Trenčiansky kraj";0;0;0;0;NA;100548;0;2020-07-11;218
2020-07-10;"Trenčiansky kraj";3;0;0;0;NA;100548;3;2020-07-10;218
2020-07-09;"Trenčiansky kraj";2;0;0;0;NA;100548;2;2020-07-09;215
2020-07-08;"Trenčiansky kraj";1;0;0;0;NA;100548;1;2020-07-08;213
2020-07-07;"Trenčiansky kraj";9;0;0;0;NA;100548;9;2020-07-07;212
2020-07-06;"Trenčiansky kraj";1;0;0;0;NA;100548;1;2020-07-06;203
2020-07-05;"Trenčiansky kraj";1;0;0;0;NA;100548;1;2020-07-05;202
2020-07-04;"Trenčiansky kraj";0;0;0;0;NA;100548;0;2020-07-04;201
2020-07-03;"Trenčiansky kraj";2;0;0;0;NA;100548;2;2020-07-03;201
2020-07-02;"Trenčiansky kraj";10;0;0;0;NA;100548;10;2020-07-02;199
2020-07-01;"Trenčiansky kraj";1;0;0;0;NA;100548;1;2020-07-01;189
2020-06-30;"Trenčiansky kraj";6;0;0;0;NA;100548;6;2020-06-30;188
2020-06-29;"Trenčiansky kraj";1;0;0;0;NA;100548;1;2020-06-29;182
2020-06-28;"Trenčiansky kraj";0;0;0;0;NA;100548;0;2020-06-28;181
2020-06-27;"Trenčiansky kraj";0;0;0;0;NA;100548;0;2020-06-27;181
2020-06-26;"Trenčiansky kraj";0;0;0;0;NA;100548;0;2020-06-26;181
2020-06-25;"Trenčiansky kraj";2;0;0;0;NA;100548;2;2020-06-25;181
2020-06-24;"Trenčiansky kraj";1;0;0;0;NA;100548;1;2020-06-24;179
2020-06-23;"Trenčiansky kraj";0;0;0;0;NA;100548;0;2020-06-23;178
2020-06-22;"Trenčiansky kraj";0;0;0;0;NA;100548;0;2020-06-22;178
2020-06-21;"Trenčiansky kraj";0;0;0;0;NA;100548;0;2020-06-21;178
2020-06-20;"Trenčiansky kraj";0;0;0;0;NA;100548;0;2020-06-20;178
2020-06-19;"Trenčiansky kraj";0;0;0;0;NA;100548;0;2020-06-19;178
2020-06-18;"Trenčiansky kraj";0;0;0;0;NA;100548;0;2020-06-18;178
2020-06-17;"Trenčiansky kraj";0;0;0;0;NA;100548;0;2020-06-17;178
2020-06-16;"Trenčiansky kraj";0;0;0;0;NA;100548;0;2020-06-16;178
2020-06-14;"Trenčiansky kraj";0;0;0;0;NA;100548;0;2020-06-14;178
2020-06-13;"Trenčiansky kraj";0;0;0;0;NA;100548;0;2020-06-13;178
2020-06-12;"Trenčiansky kraj";0;0;0;0;NA;100548;0;2020-06-12;178
2020-06-11;"Trenčiansky kraj";0;0;0;0;NA;100548;0;2020-06-11;178
2020-06-10;"Trenčiansky kraj";1;0;0;0;NA;100548;1;2020-06-10;178
2020-06-09;"Trenčiansky kraj";0;0;0;0;NA;100548;0;2020-06-09;177
2020-06-08;"Trenčiansky kraj";0;0;0;0;NA;100548;0;2020-06-08;177
2020-06-07;"Trenčiansky kraj";0;0;0;0;NA;100548;0;2020-06-07;177
2020-06-05;"Trenčiansky kraj";0;0;0;0;NA;100548;0;2020-06-05;177
2020-06-03;"Trenčiansky kraj";0;0;0;0;NA;100548;0;2020-06-03;177
2020-06-02;"Trenčiansky kraj";0;0;0;0;NA;100548;0;2020-06-02;177
2020-05-31;"Trenčiansky kraj";0;0;0;0;NA;100548;0;2020-05-31;177
2020-05-29;"Trenčiansky kraj";0;0;0;0;NA;100548;0;2020-05-29;177
2020-05-27;"Trenčiansky kraj";2;0;0;0;NA;100548;2;2020-05-27;177
2020-05-26;"Trenčiansky kraj";0;0;0;0;NA;100548;0;2020-05-26;175
2020-05-25;"Trenčiansky kraj";0;0;0;0;NA;100548;0;2020-05-25;175
2020-05-24;"Trenčiansky kraj";0;0;0;0;NA;100548;0;2020-05-24;175
2020-05-23;"Trenčiansky kraj";0;0;0;0;NA;100548;0;2020-05-23;175
2020-05-22;"Trenčiansky kraj";0;0;0;0;NA;100548;0;2020-05-22;175
2020-05-21;"Trenčiansky kraj";0;0;0;0;NA;100548;0;2020-05-21;175
2020-05-20;"Trenčiansky kraj";0;0;0;0;NA;100548;0;2020-05-20;175
2020-05-19;"Trenčiansky kraj";0;0;0;0;NA;100548;0;2020-05-19;175
2020-05-17;"Trenčiansky kraj";0;0;0;0;NA;100548;0;2020-05-17;175
2020-05-16;"Trenčiansky kraj";0;0;0;0;NA;100548;0;2020-05-16;175
2020-05-15;"Trenčiansky kraj";1;0;0;0;NA;100548;1;2020-05-15;175
2020-05-14;"Trenčiansky kraj";2;0;0;0;NA;100548;2;2020-05-14;174
2020-05-13;"Trenčiansky kraj";1;0;0;0;NA;100548;1;2020-05-13;172
2020-05-12;"Trenčiansky kraj";1;0;0;0;NA;100548;1;2020-05-12;171
2020-05-11;"Trenčiansky kraj";3;0;0;0;NA;100548;3;2020-05-11;170
2020-05-09;"Trenčiansky kraj";2;0;0;0;NA;100548;2;2020-05-09;167
2020-05-07;"Trenčiansky kraj";6;0;0;0;NA;100548;6;2020-05-07;165
2020-05-06;"Trenčiansky kraj";0;0;0;0;NA;100548;0;2020-05-06;159
2020-05-05;"Trenčiansky kraj";2;0;0;0;NA;100548;2;2020-05-05;159
2020-05-04;"Trenčiansky kraj";0;0;0;0;NA;100548;0;2020-05-04;157
2020-05-03;"Trenčiansky kraj";0;0;0;0;NA;100548;0;2020-05-03;157
2020-05-02;"Trenčiansky kraj";0;0;0;0;NA;100548;0;2020-05-02;157
2020-05-01;"Trenčiansky kraj";0;0;0;0;NA;100548;0;2020-05-01;157
2020-04-30;"Trenčiansky kraj";0;0;0;0;NA;100548;0;2020-04-30;157
2020-04-29;"Trenčiansky kraj";2;0;0;0;NA;100548;2;2020-04-29;157
2020-04-28;"Trenčiansky kraj";1;0;0;0;NA;100548;1;2020-04-28;155
2020-04-27;"Trenčiansky kraj";0;0;0;0;NA;100548;0;2020-04-27;154
2020-04-26;"Trenčiansky kraj";1;0;0;0;NA;100548;1;2020-04-26;154
2020-04-25;"Trenčiansky kraj";0;0;0;0;NA;100548;0;2020-04-25;153
2020-04-24;"Trenčiansky kraj";0;0;0;0;NA;100548;0;2020-04-24;153
2020-04-23;"Trenčiansky kraj";11;0;0;0;NA;100548;11;2020-04-23;153
2020-04-22;"Trenčiansky kraj";1;0;0;0;NA;100548;1;2020-04-22;142
2020-04-21;"Trenčiansky kraj";11;0;0;0;NA;100548;11;2020-04-21;141
2020-04-20;"Trenčiansky kraj";15;0;0;0;NA;100548;15;2020-04-20;130
2020-04-19;"Trenčiansky kraj";2;0;0;0;NA;100548;2;2020-04-19;115
2020-04-18;"Trenčiansky kraj";3;0;0;0;NA;100548;3;2020-04-18;113
2020-04-17;"Trenčiansky kraj";4;0;0;0;NA;100548;4;2020-04-17;110
2020-04-16;"Trenčiansky kraj";10;0;0;0;NA;100548;10;2020-04-16;106
2020-04-15;"Trenčiansky kraj";4;0;0;0;NA;100548;4;2020-04-15;96
2020-04-14;"Trenčiansky kraj";0;0;0;0;NA;100548;0;2020-04-14;92
2020-04-13;"Trenčiansky kraj";1;0;0;0;NA;100548;1;2020-04-13;92
2020-04-12;"Trenčiansky kraj";2;0;0;0;NA;100548;2;2020-04-12;91
2020-04-11;"Trenčiansky kraj";3;0;0;0;NA;100548;3;2020-04-11;89
2020-04-10;"Trenčiansky kraj";0;0;0;0;NA;100548;0;2020-04-10;86
2020-04-09;"Trenčiansky kraj";0;0;0;0;NA;100548;0;2020-04-09;86
2020-04-08;"Trenčiansky kraj";2;0;0;0;NA;100548;2;2020-04-08;86
2020-04-07;"Trenčiansky kraj";18;0;0;0;NA;100548;18;2020-04-07;84
2020-04-06;"Trenčiansky kraj";0;0;0;0;NA;100548;0;2020-04-06;66
2020-04-05;"Trenčiansky kraj";3;0;0;0;NA;100548;3;2020-04-05;66
2020-04-04;"Trenčiansky kraj";5;0;0;0;NA;100548;5;2020-04-04;63
2020-04-03;"Trenčiansky kraj";4;0;0;0;NA;100548;4;2020-04-03;58
2020-04-02;"Trenčiansky kraj";1;0;0;0;NA;100548;1;2020-04-02;54
2020-04-01;"Trenčiansky kraj";3;0;0;0;NA;100548;3;2020-04-01;53
2020-03-31;"Trenčiansky kraj";1;0;0;0;NA;100548;1;2020-03-31;50
2020-03-30;"Trenčiansky kraj";3;0;0;0;NA;100548;3;2020-03-30;49
2020-03-29;"Trenčiansky kraj";6;0;0;0;NA;100548;6;2020-03-29;46
2020-03-28;"Trenčiansky kraj";9;0;0;0;NA;100548;9;2020-03-28;40
2020-03-27;"Trenčiansky kraj";2;0;0;0;NA;100548;2;2020-03-27;31
2020-03-26;"Trenčiansky kraj";6;0;0;0;NA;100548;6;2020-03-26;29
2020-03-25;"Trenčiansky kraj";3;0;0;0;NA;100548;3;2020-03-25;23
2020-03-24;"Trenčiansky kraj";1;0;0;0;NA;100548;1;2020-03-24;20
2020-03-23;"Trenčiansky kraj";0;0;0;0;NA;100548;0;2020-03-23;19
2020-03-22;"Trenčiansky kraj";0;0;0;0;NA;100548;0;2020-03-22;19
2020-03-21;"Trenčiansky kraj";2;0;0;0;NA;100548;2;2020-03-21;19
2020-03-20;"Trenčiansky kraj";2;0;0;0;NA;100548;2;2020-03-20;17
2020-03-19;"Trenčiansky kraj";8;0;0;0;NA;100548;8;2020-03-19;15
2020-03-18;"Trenčiansky kraj";0;0;0;0;NA;100548;0;2020-03-18;7
2020-03-17;"Trenčiansky kraj";0;0;0;0;NA;100548;0;2020-03-17;7
2020-03-16;"Trenčiansky kraj";1;0;0;0;NA;100548;1;2020-03-16;7
2020-03-15;"Trenčiansky kraj";5;0;0;0;NA;100548;5;2020-03-15;6
2020-03-14;"Trenčiansky kraj";0;0;0;0;NA;100548;0;2020-03-14;1
2020-03-13;"Trenčiansky kraj";0;0;0;0;NA;100548;0;2020-03-13;1
2020-03-12;"Trenčiansky kraj";1;0;0;0;NA;100548;1;2020-03-12;1
2020-03-11;"Trenčiansky kraj";0;0;0;0;NA;100548;0;2020-03-11;0
2020-03-09;"Trenčiansky kraj";0;0;0;0;NA;100548;0;2020-03-09;0
2020-03-08;"Trenčiansky kraj";0;0;0;0;NA;100548;0;2020-03-08;0
2020-03-07;"Trenčiansky kraj";0;0;0;0;NA;100548;0;2020-03-07;0
2020-03-06;"Trenčiansky kraj";0;0;0;0;NA;100548;0;2020-03-06;0
2021-07-05;"Trnavský kraj";1;420;2;422;45795;90084;3;2021-07-05;90084
2021-07-04;"Trnavský kraj";0;881;3;884;NA;90084;3;2021-07-04;90081
2021-07-03;"Trnavský kraj";4;778;0;778;NA;90084;4;2021-07-03;90078
2021-07-02;"Trnavský kraj";2;1130;2;1132;NA;90084;4;2021-07-02;90074
2021-07-01;"Trnavský kraj";4;437;0;437;NA;90084;4;2021-07-01;90070
2021-06-30;"Trnavský kraj";0;4131;1;4132;NA;90084;1;2021-06-30;90066
2021-06-29;"Trnavský kraj";4;2321;1;2322;NA;90084;5;2021-06-29;90065
2021-06-28;"Trnavský kraj";2;2298;1;2299;NA;90084;3;2021-06-28;90060
2021-06-27;"Trnavský kraj";0;3042;0;3042;NA;90084;0;2021-06-27;90057
2021-06-26;"Trnavský kraj";3;3482;1;3483;NA;90084;4;2021-06-26;90057
2021-06-25;"Trnavský kraj";2;3967;3;3970;NA;90084;5;2021-06-25;90053
2021-06-24;"Trnavský kraj";4;2541;4;2545;NA;90084;8;2021-06-24;90048
2021-06-23;"Trnavský kraj";4;2632;1;2633;NA;90084;5;2021-06-23;90040
2021-06-22;"Trnavský kraj";2;2607;1;2608;NA;90084;3;2021-06-22;90035
2021-06-21;"Trnavský kraj";6;2907;5;2912;NA;90084;11;2021-06-21;90032
2021-06-20;"Trnavský kraj";0;3955;1;3956;NA;90084;1;2021-06-20;90021
2021-06-19;"Trnavský kraj";3;4126;2;4128;NA;90084;5;2021-06-19;90020
2021-06-18;"Trnavský kraj";5;5314;4;5318;NA;90084;9;2021-06-18;90015
2021-06-17;"Trnavský kraj";3;3084;0;3084;NA;90084;3;2021-06-17;90006
2021-06-16;"Trnavský kraj";6;2632;3;2635;NA;90084;9;2021-06-16;90003
2021-06-15;"Trnavský kraj";8;2974;2;2976;NA;90084;10;2021-06-15;89994
2021-06-14;"Trnavský kraj";2;3521;1;3522;NA;90084;3;2021-06-14;89984
2021-06-13;"Trnavský kraj";0;5003;6;5009;NA;90084;6;2021-06-13;89981
2021-06-12;"Trnavský kraj";11;5536;1;5537;NA;90084;12;2021-06-12;89975
2021-06-11;"Trnavský kraj";17;5557;4;5561;NA;90084;21;2021-06-11;89963
2021-06-10;"Trnavský kraj";14;3336;1;3337;NA;90084;15;2021-06-10;89942
2021-06-09;"Trnavský kraj";10;3500;1;3501;NA;90084;11;2021-06-09;89927
2021-06-08;"Trnavský kraj";8;2887;4;2891;NA;90084;12;2021-06-08;89916
2021-06-07;"Trnavský kraj";12;4163;8;4171;NA;90084;20;2021-06-07;89904
2021-06-06;"Trnavský kraj";0;5517;2;5519;NA;90084;2;2021-06-06;89884
2021-06-05;"Trnavský kraj";20;6779;6;6785;NA;90084;26;2021-06-05;89882
2021-06-04;"Trnavský kraj";9;6359;9;6368;NA;90084;18;2021-06-04;89856
2021-06-03;"Trnavský kraj";14;3963;11;3974;NA;90084;25;2021-06-03;89838
2021-06-02;"Trnavský kraj";4;4104;12;4116;NA;90084;16;2021-06-02;89813
2021-06-01;"Trnavský kraj";18;3394;4;3398;NA;90084;22;2021-06-01;89797
2021-05-31;"Trnavský kraj";14;5089;16;5105;NA;90084;30;2021-05-31;89775
2021-05-30;"Trnavský kraj";0;6283;6;6289;NA;90084;6;2021-05-30;89745
2021-05-29;"Trnavský kraj";11;8409;4;8413;NA;90084;15;2021-05-29;89739
2021-05-28;"Trnavský kraj";14;6720;11;6731;NA;90084;25;2021-05-28;89724
2021-05-27;"Trnavský kraj";22;4753;8;4761;NA;90084;30;2021-05-27;89699
2021-05-26;"Trnavský kraj";6;4503;8;4511;NA;90084;14;2021-05-26;89669
2021-05-25;"Trnavský kraj";19;4615;25;4640;NA;90084;44;2021-05-25;89655
2021-05-24;"Trnavský kraj";15;6520;22;6542;NA;90084;37;2021-05-24;89611
2021-05-23;"Trnavský kraj";0;7767;8;7775;NA;90084;8;2021-05-23;89574
2021-05-22;"Trnavský kraj";13;12767;18;12785;NA;90084;31;2021-05-22;89566
2021-05-21;"Trnavský kraj";16;8079;19;8098;NA;90084;35;2021-05-21;89535
2021-05-20;"Trnavský kraj";15;5223;9;5232;NA;90084;24;2021-05-20;89500
2021-05-19;"Trnavský kraj";18;5159;12;5171;NA;90084;30;2021-05-19;89476
2021-05-18;"Trnavský kraj";26;5686;15;5701;NA;90084;41;2021-05-18;89446
2021-05-17;"Trnavský kraj";17;5988;23;6011;NA;90084;40;2021-05-17;89405
2021-05-16;"Trnavský kraj";10;9725;8;9733;NA;90084;18;2021-05-16;89365
2021-05-15;"Trnavský kraj";11;18040;14;18054;NA;90084;25;2021-05-15;89347
2021-05-14;"Trnavský kraj";34;9846;20;9866;NA;90084;54;2021-05-14;89322
2021-05-13;"Trnavský kraj";26;6913;12;6925;NA;90084;38;2021-05-13;89268
2021-05-12;"Trnavský kraj";34;6621;26;6647;NA;90084;60;2021-05-12;89230
2021-05-11;"Trnavský kraj";32;6311;13;6324;NA;90084;45;2021-05-11;89170
2021-05-10;"Trnavský kraj";58;8462;24;8486;NA;90084;82;2021-05-10;89125
2021-05-09;"Trnavský kraj";21;12312;11;12323;NA;90084;32;2021-05-09;89043
2021-05-08;"Trnavský kraj";4;22539;21;22560;NA;90084;25;2021-05-08;89011
2021-05-07;"Trnavský kraj";26;14895;29;14924;NA;90084;55;2021-05-07;88986
2021-05-06;"Trnavský kraj";22;8402;22;8424;NA;90084;44;2021-05-06;88931
2021-05-05;"Trnavský kraj";34;6127;20;6147;NA;90084;54;2021-05-05;88887
2021-05-04;"Trnavský kraj";51;8538;17;8555;NA;90084;68;2021-05-04;88833
2021-05-03;"Trnavský kraj";20;8957;22;8979;NA;90084;42;2021-05-03;88765
2021-05-02;"Trnavský kraj";0;25657;29;25686;NA;90084;29;2021-05-02;88723
2021-05-01;"Trnavský kraj";30;81353;64;81417;NA;90084;94;2021-05-01;88694
2021-04-30;"Trnavský kraj";45;26843;35;26878;NA;90084;80;2021-04-30;88600
2021-04-29;"Trnavský kraj";25;20323;28;20351;NA;90084;53;2021-04-29;88520
2021-04-28;"Trnavský kraj";46;8867;28;8895;NA;90084;74;2021-04-28;88467
2021-04-27;"Trnavský kraj";54;8744;37;8781;NA;90084;91;2021-04-27;88393
2021-04-26;"Trnavský kraj";53;16116;42;16158;NA;90084;95;2021-04-26;88302
2021-04-25;"Trnavský kraj";0;30183;24;30207;NA;90084;24;2021-04-25;88207
2021-04-24;"Trnavský kraj";46;125418;82;125500;NA;90084;128;2021-04-24;88183
2021-04-23;"Trnavský kraj";71;25622;53;25675;NA;90084;124;2021-04-23;88055
2021-04-22;"Trnavský kraj";40;10901;25;10926;NA;90084;65;2021-04-22;87931
2021-04-21;"Trnavský kraj";60;10748;45;10793;NA;90084;105;2021-04-21;87866
2021-04-20;"Trnavský kraj";57;13499;28;13527;NA;90084;85;2021-04-20;87761
2021-04-19;"Trnavský kraj";46;14587;18;14605;NA;90084;64;2021-04-19;87676
2021-04-18;"Trnavský kraj";7;40843;43;40886;NA;90084;50;2021-04-18;87612
2021-04-17;"Trnavský kraj";58;118102;89;118191;NA;90084;147;2021-04-17;87562
2021-04-16;"Trnavský kraj";67;25962;48;26010;NA;90084;115;2021-04-16;87415
2021-04-15;"Trnavský kraj";65;11373;36;11409;NA;90084;101;2021-04-15;87300
2021-04-14;"Trnavský kraj";78;18442;53;18495;NA;90084;131;2021-04-14;87199
2021-04-13;"Trnavský kraj";126;9831;44;9875;NA;90084;170;2021-04-13;87068
2021-04-12;"Trnavský kraj";40;15575;40;15615;NA;90084;80;2021-04-12;86898
2021-04-11;"Trnavský kraj";3;44417;44;44461;NA;90084;47;2021-04-11;86818
2021-04-10;"Trnavský kraj";60;123822;107;123929;NA;90084;167;2021-04-10;86771
2021-04-09;"Trnavský kraj";95;26084;34;26118;NA;90084;129;2021-04-09;86604
2021-04-08;"Trnavský kraj";85;10893;52;10945;NA;90084;137;2021-04-08;86475
2021-04-07;"Trnavský kraj";131;15964;81;16045;NA;90084;212;2021-04-07;86338
2021-04-06;"Trnavský kraj";92;20579;90;20669;NA;90084;182;2021-04-06;86126
2021-04-05;"Trnavský kraj";91;7517;17;7534;NA;90084;108;2021-04-05;85944
2021-04-04;"Trnavský kraj";9;28831;49;28880;NA;90084;58;2021-04-04;85836
2021-04-03;"Trnavský kraj";29;144077;186;144263;NA;90084;215;2021-04-03;85778
2021-04-02;"Trnavský kraj";91;17538;33;17571;NA;90084;124;2021-04-02;85563
2021-04-01;"Trnavský kraj";118;22027;69;22096;NA;90084;187;2021-04-01;85439
2021-03-31;"Trnavský kraj";140;15819;82;15901;NA;90084;222;2021-03-31;85252
2021-03-30;"Trnavský kraj";182;10482;79;10561;NA;90084;261;2021-03-30;85030
2021-03-29;"Trnavský kraj";126;19249;122;19371;NA;90084;248;2021-03-29;84769
2021-03-28;"Trnavský kraj";26;50792;134;50926;NA;90084;160;2021-03-28;84521
2021-03-27;"Trnavský kraj";64;129602;245;129847;NA;90084;309;2021-03-27;84361
2021-03-26;"Trnavský kraj";139;30217;130;30347;NA;90084;269;2021-03-26;84052
2021-03-25;"Trnavský kraj";135;14212;80;14292;NA;90084;215;2021-03-25;83783
2021-03-24;"Trnavský kraj";159;10521;89;10610;NA;90084;248;2021-03-24;83568
2021-03-23;"Trnavský kraj";221;12735;104;12839;NA;90084;325;2021-03-23;83320
2021-03-22;"Trnavský kraj";103;17068;110;17178;NA;90084;213;2021-03-22;82995
2021-03-21;"Trnavský kraj";31;49119;150;49269;NA;90084;181;2021-03-21;82782
2021-03-20;"Trnavský kraj";112;136963;317;137280;NA;90084;429;2021-03-20;82601
2021-03-19;"Trnavský kraj";174;29071;137;29208;NA;90084;311;2021-03-19;82172
2021-03-18;"Trnavský kraj";158;12217;136;12353;NA;90084;294;2021-03-18;81861
2021-03-17;"Trnavský kraj";245;10434;103;10537;NA;90084;348;2021-03-17;81567
2021-03-16;"Trnavský kraj";311;12811;135;12946;NA;90084;446;2021-03-16;81219
2021-03-15;"Trnavský kraj";127;18400;146;18546;NA;90084;273;2021-03-15;80773
2021-03-14;"Trnavský kraj";14;47608;164;47772;NA;90084;178;2021-03-14;80500
2021-03-13;"Trnavský kraj";155;139224;409;139633;NA;90084;564;2021-03-13;80322
2021-03-12;"Trnavský kraj";201;28559;181;28740;NA;90084;382;2021-03-12;79758
2021-03-11;"Trnavský kraj";204;13285;140;13425;NA;90084;344;2021-03-11;79376
2021-03-10;"Trnavský kraj";242;10583;135;10718;NA;90084;377;2021-03-10;79032
2021-03-09;"Trnavský kraj";442;12820;155;12975;NA;90084;597;2021-03-09;78655
2021-03-08;"Trnavský kraj";182;21825;166;21991;NA;90084;348;2021-03-08;78058
2021-03-07;"Trnavský kraj";30;45463;227;45690;NA;90084;257;2021-03-07;77710
2021-03-06;"Trnavský kraj";154;135635;531;136166;NA;90084;685;2021-03-06;77453
2021-03-05;"Trnavský kraj";299;27951;239;28190;NA;90084;538;2021-03-05;76768
2021-03-04;"Trnavský kraj";238;14489;175;14664;NA;90084;413;2021-03-04;76230
2021-03-03;"Trnavský kraj";413;11566;246;11812;NA;90084;659;2021-03-03;75817
2021-03-02;"Trnavský kraj";477;12347;191;12538;NA;90084;668;2021-03-02;75158
2021-03-01;"Trnavský kraj";189;18581;234;18815;NA;90084;423;2021-03-01;74490
2021-02-28;"Trnavský kraj";87;47709;321;48030;NA;90084;408;2021-02-28;74067
2021-02-27;"Trnavský kraj";264;140224;800;141024;NA;90084;1064;2021-02-27;73659
2021-02-26;"Trnavský kraj";362;26815;286;27101;NA;90084;648;2021-02-26;72595
2021-02-25;"Trnavský kraj";433;10490;227;10717;NA;90084;660;2021-02-25;71947
2021-02-24;"Trnavský kraj";407;9110;290;9400;NA;90084;697;2021-02-24;71287
2021-02-23;"Trnavský kraj";469;11322;284;11606;NA;90084;753;2021-02-23;70590
2021-02-22;"Trnavský kraj";206;19896;330;20226;NA;90084;536;2021-02-22;69837
2021-02-21;"Trnavský kraj";38;48221;329;48550;NA;90084;367;2021-02-21;69301
2021-02-20;"Trnavský kraj";273;135835;859;136694;NA;90084;1132;2021-02-20;68934
2021-02-19;"Trnavský kraj";335;26339;347;26686;NA;90084;682;2021-02-19;67802
2021-02-18;"Trnavský kraj";344;11263;348;11611;NA;90084;692;2021-02-18;67120
2021-02-17;"Trnavský kraj";431;8781;416;9197;NA;90084;847;2021-02-17;66428
2021-02-16;"Trnavský kraj";426;11411;295;11706;NA;90084;721;2021-02-16;65581
2021-02-15;"Trnavský kraj";146;18075;291;18366;NA;90084;437;2021-02-15;64860
2021-02-14;"Trnavský kraj";51;57642;495;58137;NA;90084;546;2021-02-14;64423
2021-02-13;"Trnavský kraj";218;137051;994;138045;NA;90084;1212;2021-02-13;63877
2021-02-12;"Trnavský kraj";300;23682;336;24018;NA;90084;636;2021-02-12;62665
2021-02-11;"Trnavský kraj";422;9816;349;10165;NA;90084;771;2021-02-11;62029
2021-02-10;"Trnavský kraj";511;9334;344;9678;NA;90084;855;2021-02-10;61258
2021-02-09;"Trnavský kraj";544;12752;369;13121;NA;90084;913;2021-02-09;60403
2021-02-08;"Trnavský kraj";220;33415;497;33912;NA;90084;717;2021-02-08;59490
2021-02-07;"Trnavský kraj";140;68646;623;69269;NA;90084;763;2021-02-07;58773
2021-02-06;"Trnavský kraj";348;112687;1482;114169;NA;90084;1830;2021-02-06;58010
2021-02-05;"Trnavský kraj";377;16063;373;16436;NA;90084;750;2021-02-05;56180
2021-02-04;"Trnavský kraj";456;7317;456;7773;NA;90084;912;2021-02-04;55430
2021-02-03;"Trnavský kraj";472;6584;434;7018;NA;90084;906;2021-02-03;54518
2021-02-02;"Trnavský kraj";446;14240;424;14664;NA;90084;870;2021-02-02;53612
2021-02-01;"Trnavský kraj";198;38882;679;39561;NA;90084;877;2021-02-01;52742
2021-01-31;"Trnavský kraj";19;64673;817;65490;NA;90084;836;2021-01-31;51865
2021-01-30;"Trnavský kraj";323;111483;1288;112771;NA;90084;1611;2021-01-30;51029
2021-01-29;"Trnavský kraj";421;9690;290;9980;NA;90084;711;2021-01-29;49418
2021-01-28;"Trnavský kraj";389;5815;286;6101;NA;90084;675;2021-01-28;48707
2021-01-27;"Trnavský kraj";433;5300;219;5519;NA;90084;652;2021-01-27;48032
2021-01-26;"Trnavský kraj";565;25392;636;26028;NA;90084;1201;2021-01-26;47380
2021-01-25;"Trnavský kraj";210;41420;607;42027;NA;90084;817;2021-01-25;46179
2021-01-24;"Trnavský kraj";91;66399;779;67178;NA;90084;870;2021-01-24;45362
2021-01-23;"Trnavský kraj";372;113006;1317;114323;NA;90084;1689;2021-01-23;44492
2021-01-22;"Trnavský kraj";217;33122;507;33629;NA;90084;724;2021-01-22;42803
2021-01-21;"Trnavský kraj";311;13922;378;14300;NA;90084;689;2021-01-21;42079
2021-01-20;"Trnavský kraj";503;8118;274;8392;NA;90084;777;2021-01-20;41390
2021-01-19;"Trnavský kraj";415;7013;347;7360;NA;90084;762;2021-01-19;40613
2021-01-18;"Trnavský kraj";247;6234;484;6718;NA;90084;731;2021-01-18;39851
2021-01-17;"Trnavský kraj";128;854;215;1069;NA;90084;343;2021-01-17;39120
2021-01-16;"Trnavský kraj";103;898;24;922;NA;90084;127;2021-01-16;38777
2021-01-15;"Trnavský kraj";278;5457;335;5792;NA;90084;613;2021-01-15;38650
2021-01-14;"Trnavský kraj";452;4001;338;4339;NA;90084;790;2021-01-14;38037
2021-01-13;"Trnavský kraj";457;4751;378;5129;NA;90084;835;2021-01-13;37247
2021-01-12;"Trnavský kraj";469;7175;483;7658;NA;90084;952;2021-01-12;36412
2021-01-11;"Trnavský kraj";370;5012;392;5404;NA;90084;762;2021-01-11;35460
2021-01-10;"Trnavský kraj";71;13;0;13;NA;90084;71;2021-01-10;34698
2021-01-09;"Trnavský kraj";417;1775;100;1875;NA;90084;517;2021-01-09;34627
2021-01-08;"Trnavský kraj";381;6554;532;7086;NA;90084;913;2021-01-08;34110
2021-01-07;"Trnavský kraj";501;4080;390;4470;NA;90084;891;2021-01-07;33197
2021-01-06;"Trnavský kraj";179;758;132;890;NA;90084;311;2021-01-06;32306
2021-01-05;"Trnavský kraj";611;5925;636;6561;NA;90084;1247;2021-01-05;31995
2021-01-04;"Trnavský kraj";302;5239;689;5928;NA;90084;991;2021-01-04;30748
2021-01-03;"Trnavský kraj";60;53;7;60;NA;90084;67;2021-01-03;29757
2021-01-02;"Trnavský kraj";282;417;32;449;NA;90084;314;2021-01-02;29690
2021-01-01;"Trnavský kraj";143;455;76;531;NA;90084;219;2021-01-01;29376
2020-12-31;"Trnavský kraj";498;8488;858;9346;NA;90084;1356;2020-12-31;29157
2020-12-30;"Trnavský kraj";785;5318;612;5930;NA;90084;1397;2020-12-30;27801
2020-12-29;"Trnavský kraj";322;5364;639;6003;NA;90084;961;2020-12-29;26404
2020-12-28;"Trnavský kraj";213;5334;615;5949;NA;90084;828;2020-12-28;25443
2020-12-27;"Trnavský kraj";27;20;4;24;NA;90084;31;2020-12-27;24615
2020-12-26;"Trnavský kraj";148;44;1;45;NA;90084;149;2020-12-26;24584
2020-12-25;"Trnavský kraj";65;49;5;54;NA;90084;70;2020-12-25;24435
2020-12-24;"Trnavský kraj";333;1359;117;1476;NA;90084;450;2020-12-24;24365
2020-12-23;"Trnavský kraj";210;7259;414;7673;NA;90084;624;2020-12-23;23915
2020-12-22;"Trnavský kraj";311;5590;491;6081;NA;90084;802;2020-12-22;23291
2020-12-21;"Trnavský kraj";328;4527;399;4926;NA;90084;727;2020-12-21;22489
2020-12-20;"Trnavský kraj";134;133;12;145;NA;90084;146;2020-12-20;21762
2020-12-19;"Trnavský kraj";201;1407;103;1510;NA;90084;304;2020-12-19;21616
2020-12-18;"Trnavský kraj";341;4898;378;5276;NA;90084;719;2020-12-18;21312
2020-12-17;"Trnavský kraj";375;5271;443;5714;NA;90084;818;2020-12-17;20593
2020-12-16;"Trnavský kraj";312;5249;405;5654;NA;90084;717;2020-12-16;19775
2020-12-15;"Trnavský kraj";492;6623;632;7255;NA;90084;1124;2020-12-15;19058
2020-12-14;"Trnavský kraj";161;3505;292;3797;NA;90084;453;2020-12-14;17934
2020-12-13;"Trnavský kraj";7;7;0;7;NA;90084;7;2020-12-13;17481
2020-12-12;"Trnavský kraj";254;1456;114;1570;NA;90084;368;2020-12-12;17474
2020-12-11;"Trnavský kraj";384;4683;262;4945;NA;90084;646;2020-12-11;17106
2020-12-10;"Trnavský kraj";183;5194;320;5514;NA;90084;503;2020-12-10;16460
2020-12-09;"Trnavský kraj";521;4283;321;4604;NA;90084;842;2020-12-09;15957
2020-12-08;"Trnavský kraj";281;4090;304;4394;NA;90084;585;2020-12-08;15115
2020-12-07;"Trnavský kraj";178;2895;199;3094;NA;90084;377;2020-12-07;14530
2020-12-06;"Trnavský kraj";46;0;0;0;NA;90084;46;2020-12-06;14153
2020-12-05;"Trnavský kraj";129;2218;41;2259;NA;90084;170;2020-12-05;14107
2020-12-04;"Trnavský kraj";242;3948;158;4106;NA;90084;400;2020-12-04;13937
2020-12-03;"Trnavský kraj";248;2770;190;2960;NA;90084;438;2020-12-03;13537
2020-12-02;"Trnavský kraj";284;4516;176;4692;NA;90084;460;2020-12-02;13099
2020-12-01;"Trnavský kraj";253;3190;205;3395;NA;90084;458;2020-12-01;12639
2020-11-30;"Trnavský kraj";200;7360;186;7546;NA;90084;386;2020-11-30;12181
2020-11-29;"Trnavský kraj";17;738;36;774;NA;90084;53;2020-11-29;11795
2020-11-28;"Trnavský kraj";83;1453;77;1530;NA;90084;160;2020-11-28;11742
2020-11-27;"Trnavský kraj";148;1779;85;1864;NA;90084;233;2020-11-27;11582
2020-11-26;"Trnavský kraj";234;1123;68;1191;NA;90084;302;2020-11-26;11349
2020-11-25;"Trnavský kraj";232;1168;74;1242;NA;90084;306;2020-11-25;11047
2020-11-24;"Trnavský kraj";295;1909;96;2005;NA;90084;391;2020-11-24;10741
2020-11-23;"Trnavský kraj";242;7393;129;7522;NA;90084;371;2020-11-23;10350
2020-11-22;"Trnavský kraj";10;82;9;91;NA;90084;19;2020-11-22;9979
2020-11-21;"Trnavský kraj";129;1354;36;1390;NA;90084;165;2020-11-21;9960
2020-11-20;"Trnavský kraj";246;1154;64;1218;NA;90084;310;2020-11-20;9795
2020-11-19;"Trnavský kraj";157;823;64;887;NA;90084;221;2020-11-19;9485
2020-11-18;"Trnavský kraj";235;822;82;904;NA;90084;317;2020-11-18;9264
2020-11-17;"Trnavský kraj";129;705;74;779;NA;90084;203;2020-11-17;8947
2020-11-16;"Trnavský kraj";187;732;32;764;NA;90084;219;2020-11-16;8744
2020-11-15;"Trnavský kraj";23;73;4;77;NA;90084;27;2020-11-15;8525
2020-11-14;"Trnavský kraj";86;397;12;409;NA;90084;98;2020-11-14;8498
2020-11-13;"Trnavský kraj";219;1312;21;1333;NA;90084;240;2020-11-13;8400
2020-11-12;"Trnavský kraj";162;420;18;438;NA;90084;180;2020-11-12;8160
2020-11-11;"Trnavský kraj";257;392;15;407;NA;90084;272;2020-11-11;7980
2020-11-10;"Trnavský kraj";189;889;30;919;NA;90084;219;2020-11-10;7708
2020-11-09;"Trnavský kraj";196;369;23;392;NA;90084;219;2020-11-09;7489
2020-11-08;"Trnavský kraj";55;400;4;404;NA;90084;59;2020-11-08;7270
2020-11-07;"Trnavský kraj";207;6070;74;6144;NA;90084;281;2020-11-07;7211
2020-11-06;"Trnavský kraj";260;1531;19;1550;NA;90084;279;2020-11-06;6930
2020-11-05;"Trnavský kraj";150;220;27;247;NA;90084;177;2020-11-05;6651
2020-11-04;"Trnavský kraj";188;212;10;222;NA;90084;198;2020-11-04;6474
2020-11-03;"Trnavský kraj";317;127;8;135;NA;90084;325;2020-11-03;6276
2020-11-02;"Trnavský kraj";281;1728;31;1759;NA;90084;312;2020-11-02;5951
2020-11-01;"Trnavský kraj";87;494;27;521;NA;90084;114;2020-11-01;5639
2020-10-31;"Trnavský kraj";259;5024;41;5065;NA;90084;300;2020-10-31;5525
2020-10-30;"Trnavský kraj";198;3784;27;3811;NA;90084;225;2020-10-30;5225
2020-10-29;"Trnavský kraj";273;1461;16;1477;NA;90084;289;2020-10-29;5000
2020-10-28;"Trnavský kraj";319;117;16;133;NA;90084;335;2020-10-28;4711
2020-10-27;"Trnavský kraj";199;461;36;497;NA;90084;235;2020-10-27;4376
2020-10-26;"Trnavský kraj";153;29;2;31;NA;90084;155;2020-10-26;4141
2020-10-25;"Trnavský kraj";95;19;1;20;NA;90084;96;2020-10-25;3986
2020-10-24;"Trnavský kraj";158;109;2;111;NA;90084;160;2020-10-24;3890
2020-10-23;"Trnavský kraj";201;89;4;93;NA;90084;205;2020-10-23;3730
2020-10-22;"Trnavský kraj";195;55;2;57;NA;90084;197;2020-10-22;3525
2020-10-21;"Trnavský kraj";134;73;3;76;NA;90084;137;2020-10-21;3328
2020-10-20;"Trnavský kraj";202;82;3;85;NA;90084;205;2020-10-20;3191
2020-10-19;"Trnavský kraj";67;55;0;55;NA;90084;67;2020-10-19;2986
2020-10-18;"Trnavský kraj";84;0;0;0;NA;90084;84;2020-10-18;2919
2020-10-17;"Trnavský kraj";123;0;0;0;NA;90084;123;2020-10-17;2835
2020-10-16;"Trnavský kraj";86;45;2;47;NA;90084;88;2020-10-16;2712
2020-10-15;"Trnavský kraj";155;66;2;68;NA;90084;157;2020-10-15;2624
2020-10-14;"Trnavský kraj";236;468;3;471;NA;90084;239;2020-10-14;2467
2020-10-13;"Trnavský kraj";138;16;2;18;NA;90084;140;2020-10-13;2228
2020-10-12;"Trnavský kraj";33;41;1;42;NA;90084;34;2020-10-12;2088
2020-10-11;"Trnavský kraj";31;0;0;0;NA;90084;31;2020-10-11;2054
2020-10-10;"Trnavský kraj";128;0;0;0;NA;90084;128;2020-10-10;2023
2020-10-09;"Trnavský kraj";156;0;0;0;NA;90084;156;2020-10-09;1895
2020-10-08;"Trnavský kraj";153;0;0;0;NA;90084;153;2020-10-08;1739
2020-10-07;"Trnavský kraj";80;0;0;0;NA;90084;80;2020-10-07;1586
2020-10-06;"Trnavský kraj";112;0;0;0;NA;90084;112;2020-10-06;1506
2020-10-05;"Trnavský kraj";33;0;0;0;NA;90084;33;2020-10-05;1394
2020-10-04;"Trnavský kraj";44;0;0;0;NA;90084;44;2020-10-04;1361
2020-10-03;"Trnavský kraj";60;0;0;0;NA;90084;60;2020-10-03;1317
2020-10-02;"Trnavský kraj";41;0;0;0;NA;90084;41;2020-10-02;1257
2020-10-01;"Trnavský kraj";53;0;0;0;NA;90084;53;2020-10-01;1216
2020-09-30;"Trnavský kraj";91;0;0;0;NA;90084;91;2020-09-30;1163
2020-09-29;"Trnavský kraj";40;0;0;0;NA;90084;40;2020-09-29;1072
2020-09-28;"Trnavský kraj";69;0;0;0;NA;90084;69;2020-09-28;1032
2020-09-27;"Trnavský kraj";30;0;0;0;NA;90084;30;2020-09-27;963
2020-09-26;"Trnavský kraj";46;0;0;0;NA;90084;46;2020-09-26;933
2020-09-25;"Trnavský kraj";32;0;0;0;NA;90084;32;2020-09-25;887
2020-09-24;"Trnavský kraj";42;0;0;0;NA;90084;42;2020-09-24;855
2020-09-23;"Trnavský kraj";43;0;0;0;NA;90084;43;2020-09-23;813
2020-09-22;"Trnavský kraj";55;0;0;0;NA;90084;55;2020-09-22;770
2020-09-21;"Trnavský kraj";41;0;0;0;NA;90084;41;2020-09-21;715
2020-09-20;"Trnavský kraj";17;0;0;0;NA;90084;17;2020-09-20;674
2020-09-19;"Trnavský kraj";4;0;0;0;NA;90084;4;2020-09-19;657
2020-09-18;"Trnavský kraj";33;0;0;0;NA;90084;33;2020-09-18;653
2020-09-17;"Trnavský kraj";42;0;0;0;NA;90084;42;2020-09-17;620
2020-09-16;"Trnavský kraj";49;0;0;0;NA;90084;49;2020-09-16;578
2020-09-15;"Trnavský kraj";5;0;0;0;NA;90084;5;2020-09-15;529
2020-09-14;"Trnavský kraj";26;0;0;0;NA;90084;26;2020-09-14;524
2020-09-13;"Trnavský kraj";9;0;0;0;NA;90084;9;2020-09-13;498
2020-09-12;"Trnavský kraj";12;0;0;0;NA;90084;12;2020-09-12;489
2020-09-11;"Trnavský kraj";16;0;0;0;NA;90084;16;2020-09-11;477
2020-09-10;"Trnavský kraj";32;0;0;0;NA;90084;32;2020-09-10;461
2020-09-09;"Trnavský kraj";14;0;0;0;NA;90084;14;2020-09-09;429
2020-09-08;"Trnavský kraj";11;0;0;0;NA;90084;11;2020-09-08;415
2020-09-07;"Trnavský kraj";7;0;0;0;NA;90084;7;2020-09-07;404
2020-09-06;"Trnavský kraj";5;0;0;0;NA;90084;5;2020-09-06;397
2020-09-05;"Trnavský kraj";7;0;0;0;NA;90084;7;2020-09-05;392
2020-09-04;"Trnavský kraj";16;0;0;0;NA;90084;16;2020-09-04;385
2020-09-03;"Trnavský kraj";8;0;0;0;NA;90084;8;2020-09-03;369
2020-09-02;"Trnavský kraj";7;0;0;0;NA;90084;7;2020-09-02;361
2020-09-01;"Trnavský kraj";1;0;0;0;NA;90084;1;2020-09-01;354
2020-08-31;"Trnavský kraj";6;0;0;0;NA;90084;6;2020-08-31;353
2020-08-30;"Trnavský kraj";1;0;0;0;NA;90084;1;2020-08-30;347
2020-08-29;"Trnavský kraj";3;0;0;0;NA;90084;3;2020-08-29;346
2020-08-28;"Trnavský kraj";14;0;0;0;NA;90084;14;2020-08-28;343
2020-08-27;"Trnavský kraj";6;0;0;0;NA;90084;6;2020-08-27;329
2020-08-26;"Trnavský kraj";4;0;0;0;NA;90084;4;2020-08-26;323
2020-08-25;"Trnavský kraj";7;0;0;0;NA;90084;7;2020-08-25;319
2020-08-24;"Trnavský kraj";1;0;0;0;NA;90084;1;2020-08-24;312
2020-08-23;"Trnavský kraj";6;0;0;0;NA;90084;6;2020-08-23;311
2020-08-22;"Trnavský kraj";3;0;0;0;NA;90084;3;2020-08-22;305
2020-08-21;"Trnavský kraj";4;0;0;0;NA;90084;4;2020-08-21;302
2020-08-20;"Trnavský kraj";23;0;0;0;NA;90084;23;2020-08-20;298
2020-08-19;"Trnavský kraj";13;0;0;0;NA;90084;13;2020-08-19;275
2020-08-18;"Trnavský kraj";20;0;0;0;NA;90084;20;2020-08-18;262
2020-08-17;"Trnavský kraj";3;0;0;0;NA;90084;3;2020-08-17;242
2020-08-16;"Trnavský kraj";0;0;0;0;NA;90084;0;2020-08-16;239
2020-08-15;"Trnavský kraj";7;0;0;0;NA;90084;7;2020-08-15;239
2020-08-14;"Trnavský kraj";6;0;0;0;NA;90084;6;2020-08-14;232
2020-08-13;"Trnavský kraj";10;0;0;0;NA;90084;10;2020-08-13;226
2020-08-12;"Trnavský kraj";2;0;0;0;NA;90084;2;2020-08-12;216
2020-08-11;"Trnavský kraj";30;0;0;0;NA;90084;30;2020-08-11;214
2020-08-10;"Trnavský kraj";0;0;0;0;NA;90084;0;2020-08-10;184
2020-08-09;"Trnavský kraj";0;0;0;0;NA;90084;0;2020-08-09;184
2020-08-08;"Trnavský kraj";13;0;0;0;NA;90084;13;2020-08-08;184
2020-08-07;"Trnavský kraj";4;0;0;0;NA;90084;4;2020-08-07;171
2020-08-06;"Trnavský kraj";4;0;0;0;NA;90084;4;2020-08-06;167
2020-08-05;"Trnavský kraj";0;0;0;0;NA;90084;0;2020-08-05;163
2020-08-04;"Trnavský kraj";1;0;0;0;NA;90084;1;2020-08-04;163
2020-08-03;"Trnavský kraj";2;0;0;0;NA;90084;2;2020-08-03;162
2020-08-02;"Trnavský kraj";1;0;0;0;NA;90084;1;2020-08-02;160
2020-08-01;"Trnavský kraj";0;0;0;0;NA;90084;0;2020-08-01;159
2020-07-31;"Trnavský kraj";7;0;0;0;NA;90084;7;2020-07-31;159
2020-07-30;"Trnavský kraj";6;0;0;0;NA;90084;6;2020-07-30;152
2020-07-29;"Trnavský kraj";0;0;0;0;NA;90084;0;2020-07-29;146
2020-07-28;"Trnavský kraj";1;0;0;0;NA;90084;1;2020-07-28;146
2020-07-27;"Trnavský kraj";2;0;0;0;NA;90084;2;2020-07-27;145
2020-07-26;"Trnavský kraj";0;0;0;0;NA;90084;0;2020-07-26;143
2020-07-25;"Trnavský kraj";0;0;0;0;NA;90084;0;2020-07-25;143
2020-07-24;"Trnavský kraj";1;0;0;0;NA;90084;1;2020-07-24;143
2020-07-23;"Trnavský kraj";2;0;0;0;NA;90084;2;2020-07-23;142
2020-07-22;"Trnavský kraj";1;0;0;0;NA;90084;1;2020-07-22;140
2020-07-21;"Trnavský kraj";2;0;0;0;NA;90084;2;2020-07-21;139
2020-07-20;"Trnavský kraj";0;0;0;0;NA;90084;0;2020-07-20;137
2020-07-19;"Trnavský kraj";0;0;0;0;NA;90084;0;2020-07-19;137
2020-07-18;"Trnavský kraj";0;0;0;0;NA;90084;0;2020-07-18;137
2020-07-17;"Trnavský kraj";0;0;0;0;NA;90084;0;2020-07-17;137
2020-07-16;"Trnavský kraj";0;0;0;0;NA;90084;0;2020-07-16;137
2020-07-15;"Trnavský kraj";1;0;0;0;NA;90084;1;2020-07-15;137
2020-07-14;"Trnavský kraj";0;0;0;0;NA;90084;0;2020-07-14;136
2020-07-13;"Trnavský kraj";0;0;0;0;NA;90084;0;2020-07-13;136
2020-07-12;"Trnavský kraj";0;0;0;0;NA;90084;0;2020-07-12;136
2020-07-11;"Trnavský kraj";0;0;0;0;NA;90084;0;2020-07-11;136
2020-07-10;"Trnavský kraj";0;0;0;0;NA;90084;0;2020-07-10;136
2020-07-09;"Trnavský kraj";0;0;0;0;NA;90084;0;2020-07-09;136
2020-07-08;"Trnavský kraj";3;0;0;0;NA;90084;3;2020-07-08;136
2020-07-07;"Trnavský kraj";4;0;0;0;NA;90084;4;2020-07-07;133
2020-07-06;"Trnavský kraj";0;0;0;0;NA;90084;0;2020-07-06;129
2020-07-05;"Trnavský kraj";0;0;0;0;NA;90084;0;2020-07-05;129
2020-07-04;"Trnavský kraj";0;0;0;0;NA;90084;0;2020-07-04;129
2020-07-03;"Trnavský kraj";0;0;0;0;NA;90084;0;2020-07-03;129
2020-07-02;"Trnavský kraj";3;0;0;0;NA;90084;3;2020-07-02;129
2020-07-01;"Trnavský kraj";0;0;0;0;NA;90084;0;2020-07-01;126
2020-06-30;"Trnavský kraj";0;0;0;0;NA;90084;0;2020-06-30;126
2020-06-29;"Trnavský kraj";0;0;0;0;NA;90084;0;2020-06-29;126
2020-06-28;"Trnavský kraj";0;0;0;0;NA;90084;0;2020-06-28;126
2020-06-27;"Trnavský kraj";0;0;0;0;NA;90084;0;2020-06-27;126
2020-06-26;"Trnavský kraj";0;0;0;0;NA;90084;0;2020-06-26;126
2020-06-25;"Trnavský kraj";0;0;0;0;NA;90084;0;2020-06-25;126
2020-06-24;"Trnavský kraj";0;0;0;0;NA;90084;0;2020-06-24;126
2020-06-23;"Trnavský kraj";0;0;0;0;NA;90084;0;2020-06-23;126
2020-06-22;"Trnavský kraj";0;0;0;0;NA;90084;0;2020-06-22;126
2020-06-21;"Trnavský kraj";0;0;0;0;NA;90084;0;2020-06-21;126
2020-06-20;"Trnavský kraj";0;0;0;0;NA;90084;0;2020-06-20;126
2020-06-19;"Trnavský kraj";0;0;0;0;NA;90084;0;2020-06-19;126
2020-06-18;"Trnavský kraj";2;0;0;0;NA;90084;2;2020-06-18;126
2020-06-17;"Trnavský kraj";0;0;0;0;NA;90084;0;2020-06-17;124
2020-06-16;"Trnavský kraj";0;0;0;0;NA;90084;0;2020-06-16;124
2020-06-14;"Trnavský kraj";0;0;0;0;NA;90084;0;2020-06-14;124
2020-06-13;"Trnavský kraj";0;0;0;0;NA;90084;0;2020-06-13;124
2020-06-12;"Trnavský kraj";0;0;0;0;NA;90084;0;2020-06-12;124
2020-06-11;"Trnavský kraj";0;0;0;0;NA;90084;0;2020-06-11;124
2020-06-10;"Trnavský kraj";0;0;0;0;NA;90084;0;2020-06-10;124
2020-06-09;"Trnavský kraj";0;0;0;0;NA;90084;0;2020-06-09;124
2020-06-08;"Trnavský kraj";0;0;0;0;NA;90084;0;2020-06-08;124
2020-06-07;"Trnavský kraj";0;0;0;0;NA;90084;0;2020-06-07;124
2020-06-05;"Trnavský kraj";0;0;0;0;NA;90084;0;2020-06-05;124
2020-06-03;"Trnavský kraj";0;0;0;0;NA;90084;0;2020-06-03;124
2020-06-02;"Trnavský kraj";0;0;0;0;NA;90084;0;2020-06-02;124
2020-05-31;"Trnavský kraj";0;0;0;0;NA;90084;0;2020-05-31;124
2020-05-29;"Trnavský kraj";0;0;0;0;NA;90084;0;2020-05-29;124
2020-05-27;"Trnavský kraj";0;0;0;0;NA;90084;0;2020-05-27;124
2020-05-26;"Trnavský kraj";0;0;0;0;NA;90084;0;2020-05-26;124
2020-05-25;"Trnavský kraj";1;0;0;0;NA;90084;1;2020-05-25;124
2020-05-24;"Trnavský kraj";0;0;0;0;NA;90084;0;2020-05-24;123
2020-05-23;"Trnavský kraj";2;0;0;0;NA;90084;2;2020-05-23;123
2020-05-22;"Trnavský kraj";0;0;0;0;NA;90084;0;2020-05-22;121
2020-05-21;"Trnavský kraj";0;0;0;0;NA;90084;0;2020-05-21;121
2020-05-20;"Trnavský kraj";2;0;0;0;NA;90084;2;2020-05-20;121
2020-05-19;"Trnavský kraj";0;0;0;0;NA;90084;0;2020-05-19;119
2020-05-17;"Trnavský kraj";0;0;0;0;NA;90084;0;2020-05-17;119
2020-05-16;"Trnavský kraj";0;0;0;0;NA;90084;0;2020-05-16;119
2020-05-15;"Trnavský kraj";1;0;0;0;NA;90084;1;2020-05-15;119
2020-05-14;"Trnavský kraj";0;0;0;0;NA;90084;0;2020-05-14;118
2020-05-13;"Trnavský kraj";0;0;0;0;NA;90084;0;2020-05-13;118
2020-05-12;"Trnavský kraj";0;0;0;0;NA;90084;0;2020-05-12;118
2020-05-11;"Trnavský kraj";2;0;0;0;NA;90084;2;2020-05-11;118
2020-05-09;"Trnavský kraj";0;0;0;0;NA;90084;0;2020-05-09;116
2020-05-07;"Trnavský kraj";0;0;0;0;NA;90084;0;2020-05-07;116
2020-05-06;"Trnavský kraj";0;0;0;0;NA;90084;0;2020-05-06;116
2020-05-05;"Trnavský kraj";0;0;0;0;NA;90084;0;2020-05-05;116
2020-05-04;"Trnavský kraj";0;0;0;0;NA;90084;0;2020-05-04;116
2020-05-03;"Trnavský kraj";0;0;0;0;NA;90084;0;2020-05-03;116
2020-05-02;"Trnavský kraj";0;0;0;0;NA;90084;0;2020-05-02;116
2020-05-01;"Trnavský kraj";0;0;0;0;NA;90084;0;2020-05-01;116
2020-04-30;"Trnavský kraj";0;0;0;0;NA;90084;0;2020-04-30;116
2020-04-29;"Trnavský kraj";0;0;0;0;NA;90084;0;2020-04-29;116
2020-04-28;"Trnavský kraj";1;0;0;0;NA;90084;1;2020-04-28;116
2020-04-27;"Trnavský kraj";0;0;0;0;NA;90084;0;2020-04-27;115
2020-04-26;"Trnavský kraj";0;0;0;0;NA;90084;0;2020-04-26;115
2020-04-25;"Trnavský kraj";2;0;0;0;NA;90084;2;2020-04-25;115
2020-04-24;"Trnavský kraj";4;0;0;0;NA;90084;4;2020-04-24;113
2020-04-23;"Trnavský kraj";5;0;0;0;NA;90084;5;2020-04-23;109
2020-04-22;"Trnavský kraj";10;0;0;0;NA;90084;10;2020-04-22;104
2020-04-21;"Trnavský kraj";5;0;0;0;NA;90084;5;2020-04-21;94
2020-04-20;"Trnavský kraj";0;0;0;0;NA;90084;0;2020-04-20;89
2020-04-19;"Trnavský kraj";1;0;0;0;NA;90084;1;2020-04-19;89
2020-04-18;"Trnavský kraj";4;0;0;0;NA;90084;4;2020-04-18;88
2020-04-17;"Trnavský kraj";7;0;0;0;NA;90084;7;2020-04-17;84
2020-04-16;"Trnavský kraj";5;0;0;0;NA;90084;5;2020-04-16;77
2020-04-15;"Trnavský kraj";5;0;0;0;NA;90084;5;2020-04-15;72
2020-04-14;"Trnavský kraj";1;0;0;0;NA;90084;1;2020-04-14;67
2020-04-13;"Trnavský kraj";0;0;0;0;NA;90084;0;2020-04-13;66
2020-04-12;"Trnavský kraj";0;0;0;0;NA;90084;0;2020-04-12;66
2020-04-11;"Trnavský kraj";0;0;0;0;NA;90084;0;2020-04-11;66
2020-04-10;"Trnavský kraj";2;0;0;0;NA;90084;2;2020-04-10;66
2020-04-09;"Trnavský kraj";3;0;0;0;NA;90084;3;2020-04-09;64
2020-04-08;"Trnavský kraj";4;0;0;0;NA;90084;4;2020-04-08;61
2020-04-07;"Trnavský kraj";6;0;0;0;NA;90084;6;2020-04-07;57
2020-04-06;"Trnavský kraj";6;0;0;0;NA;90084;6;2020-04-06;51
2020-04-05;"Trnavský kraj";1;0;0;0;NA;90084;1;2020-04-05;45
2020-04-04;"Trnavský kraj";1;0;0;0;NA;90084;1;2020-04-04;44
2020-04-03;"Trnavský kraj";3;0;0;0;NA;90084;3;2020-04-03;43
2020-04-02;"Trnavský kraj";4;0;0;0;NA;90084;4;2020-04-02;40
2020-04-01;"Trnavský kraj";0;0;0;0;NA;90084;0;2020-04-01;36
2020-03-31;"Trnavský kraj";3;0;0;0;NA;90084;3;2020-03-31;36
2020-03-30;"Trnavský kraj";4;0;0;0;NA;90084;4;2020-03-30;33
2020-03-29;"Trnavský kraj";1;0;0;0;NA;90084;1;2020-03-29;29
2020-03-28;"Trnavský kraj";3;0;0;0;NA;90084;3;2020-03-28;28
2020-03-27;"Trnavský kraj";5;0;0;0;NA;90084;5;2020-03-27;25
2020-03-26;"Trnavský kraj";5;0;0;0;NA;90084;5;2020-03-26;20
2020-03-25;"Trnavský kraj";1;0;0;0;NA;90084;1;2020-03-25;15
2020-03-24;"Trnavský kraj";0;0;0;0;NA;90084;0;2020-03-24;14
2020-03-23;"Trnavský kraj";2;0;0;0;NA;90084;2;2020-03-23;14
2020-03-22;"Trnavský kraj";1;0;0;0;NA;90084;1;2020-03-22;12
2020-03-21;"Trnavský kraj";5;0;0;0;NA;90084;5;2020-03-21;11
2020-03-20;"Trnavský kraj";0;0;0;0;NA;90084;0;2020-03-20;6
2020-03-19;"Trnavský kraj";0;0;0;0;NA;90084;0;2020-03-19;6
2020-03-18;"Trnavský kraj";0;0;0;0;NA;90084;0;2020-03-18;6
2020-03-17;"Trnavský kraj";3;0;0;0;NA;90084;3;2020-03-17;6
2020-03-16;"Trnavský kraj";1;0;0;0;NA;90084;1;2020-03-16;3
2020-03-15;"Trnavský kraj";0;0;0;0;NA;90084;0;2020-03-15;2
2020-03-14;"Trnavský kraj";0;0;0;0;NA;90084;0;2020-03-14;2
2020-03-13;"Trnavský kraj";1;0;0;0;NA;90084;1;2020-03-13;2
2020-03-12;"Trnavský kraj";1;0;0;0;NA;90084;1;2020-03-12;1
2020-03-11;"Trnavský kraj";0;0;0;0;NA;90084;0;2020-03-11;0
2020-03-09;"Trnavský kraj";0;0;0;0;NA;90084;0;2020-03-09;0
2020-03-08;"Trnavský kraj";0;0;0;0;NA;90084;0;2020-03-08;0
2020-03-07;"Trnavský kraj";0;0;0;0;NA;90084;0;2020-03-07;0
2020-03-06;"Trnavský kraj";0;0;0;0;NA;90084;0;2020-03-06;0
2021-07-05;"Žilinský kraj";2;553;1;554;57974;108573;3;2021-07-05;108573
2021-07-04;"Žilinský kraj";0;607;0;607;NA;108573;0;2021-07-04;108570
2021-07-03;"Žilinský kraj";1;1131;1;1132;NA;108573;2;2021-07-03;108570
2021-07-02;"Žilinský kraj";0;3107;3;3110;NA;108573;3;2021-07-02;108568
2021-07-01;"Žilinský kraj";1;1181;0;1181;NA;108573;1;2021-07-01;108565
2021-06-30;"Žilinský kraj";1;9199;5;9204;NA;108573;6;2021-06-30;108564
2021-06-29;"Žilinský kraj";10;5917;0;5917;NA;108573;10;2021-06-29;108558
2021-06-28;"Žilinský kraj";4;5575;1;5576;NA;108573;5;2021-06-28;108548
2021-06-27;"Žilinský kraj";3;4349;1;4350;NA;108573;4;2021-06-27;108543
2021-06-26;"Žilinský kraj";4;5312;0;5312;NA;108573;4;2021-06-26;108539
2021-06-25;"Žilinský kraj";8;8920;5;8925;NA;108573;13;2021-06-25;108535
2021-06-24;"Žilinský kraj";6;5352;2;5354;NA;108573;8;2021-06-24;108522
2021-06-23;"Žilinský kraj";7;5217;10;5227;NA;108573;17;2021-06-23;108514
2021-06-22;"Žilinský kraj";6;4628;6;4634;NA;108573;12;2021-06-22;108497
2021-06-21;"Žilinský kraj";6;5364;8;5372;NA;108573;14;2021-06-21;108485
2021-06-20;"Žilinský kraj";1;5305;5;5310;NA;108573;6;2021-06-20;108471
2021-06-19;"Žilinský kraj";9;7183;2;7185;NA;108573;11;2021-06-19;108465
2021-06-18;"Žilinský kraj";11;9309;12;9321;NA;108573;23;2021-06-18;108454
2021-06-17;"Žilinský kraj";10;5326;11;5337;NA;108573;21;2021-06-17;108431
2021-06-16;"Žilinský kraj";17;5043;10;5053;NA;108573;27;2021-06-16;108410
2021-06-15;"Žilinský kraj";13;5546;12;5558;NA;108573;25;2021-06-15;108383
2021-06-14;"Žilinský kraj";10;6711;16;6727;NA;108573;26;2021-06-14;108358
2021-06-13;"Žilinský kraj";2;6137;8;6145;NA;108573;10;2021-06-13;108332
2021-06-12;"Žilinský kraj";9;7511;8;7519;NA;108573;17;2021-06-12;108322
2021-06-11;"Žilinský kraj";11;10370;12;10382;NA;108573;23;2021-06-11;108305
2021-06-10;"Žilinský kraj";14;6185;10;6195;NA;108573;24;2021-06-10;108282
2021-06-09;"Žilinský kraj";23;5222;10;5232;NA;108573;33;2021-06-09;108258
2021-06-08;"Žilinský kraj";18;6170;15;6185;NA;108573;33;2021-06-08;108225
2021-06-07;"Žilinský kraj";25;7606;20;7626;NA;108573;45;2021-06-07;108192
2021-06-06;"Žilinský kraj";10;7522;25;7547;NA;108573;35;2021-06-06;108147
2021-06-05;"Žilinský kraj";8;8036;9;8045;NA;108573;17;2021-06-05;108112
2021-06-04;"Žilinský kraj";19;11033;26;11059;NA;108573;45;2021-06-04;108095
2021-06-03;"Žilinský kraj";12;6094;30;6124;NA;108573;42;2021-06-03;108050
2021-06-02;"Žilinský kraj";17;6900;28;6928;NA;108573;45;2021-06-02;108008
2021-06-01;"Žilinský kraj";38;7671;42;7713;NA;108573;80;2021-06-01;107963
2021-05-31;"Žilinský kraj";31;8534;55;8589;NA;108573;86;2021-05-31;107883
2021-05-30;"Žilinský kraj";21;8533;30;8563;NA;108573;51;2021-05-30;107797
2021-05-29;"Žilinský kraj";13;9956;18;9974;NA;108573;31;2021-05-29;107746
2021-05-28;"Žilinský kraj";28;12113;30;12143;NA;108573;58;2021-05-28;107715
2021-05-27;"Žilinský kraj";17;8267;39;8306;NA;108573;56;2021-05-27;107657
2021-05-26;"Žilinský kraj";20;7324;21;7345;NA;108573;41;2021-05-26;107601
2021-05-25;"Žilinský kraj";21;9027;36;9063;NA;108573;57;2021-05-25;107560
2021-05-24;"Žilinský kraj";36;11437;57;11494;NA;108573;93;2021-05-24;107503
2021-05-23;"Žilinský kraj";4;10300;52;10352;NA;108573;56;2021-05-23;107410
2021-05-22;"Žilinský kraj";21;10580;26;10606;NA;108573;47;2021-05-22;107354
2021-05-21;"Žilinský kraj";28;14377;46;14423;NA;108573;74;2021-05-21;107307
2021-05-20;"Žilinský kraj";30;8544;30;8574;NA;108573;60;2021-05-20;107233
2021-05-19;"Žilinský kraj";46;8010;40;8050;NA;108573;86;2021-05-19;107173
2021-05-18;"Žilinský kraj";52;10365;43;10408;NA;108573;95;2021-05-18;107087
2021-05-17;"Žilinský kraj";51;11859;77;11936;NA;108573;128;2021-05-17;106992
2021-05-16;"Žilinský kraj";13;13429;37;13466;NA;108573;50;2021-05-16;106864
2021-05-15;"Žilinský kraj";30;16589;32;16621;NA;108573;62;2021-05-15;106814
2021-05-14;"Žilinský kraj";34;19200;72;19272;NA;108573;106;2021-05-14;106752
2021-05-13;"Žilinský kraj";64;11865;51;11916;NA;108573;115;2021-05-13;106646
2021-05-12;"Žilinský kraj";57;10337;51;10388;NA;108573;108;2021-05-12;106531
2021-05-11;"Žilinský kraj";70;11601;48;11649;NA;108573;118;2021-05-11;106423
2021-05-10;"Žilinský kraj";69;14664;70;14734;NA;108573;139;2021-05-10;106305
2021-05-09;"Žilinský kraj";58;19295;72;19367;NA;108573;130;2021-05-09;106166
2021-05-08;"Žilinský kraj";0;22132;58;22190;NA;108573;58;2021-05-08;106036
2021-05-07;"Žilinský kraj";65;23787;78;23865;NA;108573;143;2021-05-07;105978
2021-05-06;"Žilinský kraj";67;16605;72;16677;NA;108573;139;2021-05-06;105835
2021-05-05;"Žilinský kraj";71;12152;71;12223;NA;108573;142;2021-05-05;105696
2021-05-04;"Žilinský kraj";81;16309;79;16388;NA;108573;160;2021-05-04;105554
2021-05-03;"Žilinský kraj";97;19768;110;19878;NA;108573;207;2021-05-03;105394
2021-05-02;"Žilinský kraj";8;28886;64;28950;NA;108573;72;2021-05-02;105187
2021-05-01;"Žilinský kraj";65;54670;103;54773;NA;108573;168;2021-05-01;105115
2021-04-30;"Žilinský kraj";84;43812;117;43929;NA;108573;201;2021-04-30;104947
2021-04-29;"Žilinský kraj";77;24553;101;24654;NA;108573;178;2021-04-29;104746
2021-04-28;"Žilinský kraj";76;19205;91;19296;NA;108573;167;2021-04-28;104568
2021-04-27;"Žilinský kraj";97;21795;110;21905;NA;108573;207;2021-04-27;104401
2021-04-26;"Žilinský kraj";114;27412;136;27548;NA;108573;250;2021-04-26;104194
2021-04-25;"Žilinský kraj";38;35750;82;35832;NA;108573;120;2021-04-25;103944
2021-04-24;"Žilinský kraj";93;78854;157;79011;NA;108573;250;2021-04-24;103824
2021-04-23;"Žilinský kraj";144;49219;153;49372;NA;108573;297;2021-04-23;103574
2021-04-22;"Žilinský kraj";110;25209;132;25341;NA;108573;242;2021-04-22;103277
2021-04-21;"Žilinský kraj";118;20616;145;20761;NA;108573;263;2021-04-21;103035
2021-04-20;"Žilinský kraj";128;23778;136;23914;NA;108573;264;2021-04-20;102772
2021-04-19;"Žilinský kraj";164;32773;210;32983;NA;108573;374;2021-04-19;102508
2021-04-18;"Žilinský kraj";18;36767;91;36858;NA;108573;109;2021-04-18;102134
2021-04-17;"Žilinský kraj";108;89377;156;89533;NA;108573;264;2021-04-17;102025
2021-04-16;"Žilinský kraj";185;46876;207;47083;NA;108573;392;2021-04-16;101761
2021-04-15;"Žilinský kraj";108;24825;130;24955;NA;108573;238;2021-04-15;101369
2021-04-14;"Žilinský kraj";135;23108;145;23253;NA;108573;280;2021-04-14;101131
2021-04-13;"Žilinský kraj";171;25050;135;25185;NA;108573;306;2021-04-13;100851
2021-04-12;"Žilinský kraj";266;30726;189;30915;NA;108573;455;2021-04-12;100545
2021-04-11;"Žilinský kraj";19;37126;107;37233;NA;108573;126;2021-04-11;100090
2021-04-10;"Žilinský kraj";111;86284;237;86521;NA;108573;348;2021-04-10;99964
2021-04-09;"Žilinský kraj";195;41752;205;41957;NA;108573;400;2021-04-09;99616
2021-04-08;"Žilinský kraj";179;24382;141;24523;NA;108573;320;2021-04-08;99216
2021-04-07;"Žilinský kraj";309;28651;174;28825;NA;108573;483;2021-04-07;98896
2021-04-06;"Žilinský kraj";308;38818;294;39112;NA;108573;602;2021-04-06;98413
2021-04-05;"Žilinský kraj";17;14747;140;14887;NA;108573;157;2021-04-05;97811
2021-04-04;"Žilinský kraj";17;16284;69;16353;NA;108573;86;2021-04-04;97654
2021-04-03;"Žilinský kraj";180;100430;401;100831;NA;108573;581;2021-04-03;97568
2021-04-02;"Žilinský kraj";73;22411;83;22494;NA;108573;156;2021-04-02;96987
2021-04-01;"Žilinský kraj";334;43264;240;43504;NA;108573;574;2021-04-01;96831
2021-03-31;"Žilinský kraj";170;31632;247;31879;NA;108573;417;2021-03-31;96257
2021-03-30;"Žilinský kraj";406;26323;243;26566;NA;108573;649;2021-03-30;95840
2021-03-29;"Žilinský kraj";297;28022;268;28290;NA;108573;565;2021-03-29;95191
2021-03-28;"Žilinský kraj";21;36206;239;36445;NA;108573;260;2021-03-28;94626
2021-03-27;"Žilinský kraj";151;89107;353;89460;NA;108573;504;2021-03-27;94366
2021-03-26;"Žilinský kraj";312;51705;330;52035;NA;108573;642;2021-03-26;93862
2021-03-25;"Žilinský kraj";281;27620;214;27834;NA;108573;495;2021-03-25;93220
2021-03-24;"Žilinský kraj";280;21268;260;21528;NA;108573;540;2021-03-24;92725
2021-03-23;"Žilinský kraj";418;23187;278;23465;NA;108573;696;2021-03-23;92185
2021-03-22;"Žilinský kraj";293;29289;314;29603;NA;108573;607;2021-03-22;91489
2021-03-21;"Žilinský kraj";32;33705;227;33932;NA;108573;259;2021-03-21;90882
2021-03-20;"Žilinský kraj";165;93015;497;93512;NA;108573;662;2021-03-20;90623
2021-03-19;"Žilinský kraj";357;51982;413;52395;NA;108573;770;2021-03-19;89961
2021-03-18;"Žilinský kraj";329;28451;294;28745;NA;108573;623;2021-03-18;89191
2021-03-17;"Žilinský kraj";395;21916;269;22185;NA;108573;664;2021-03-17;88568
2021-03-16;"Žilinský kraj";514;24341;317;24658;NA;108573;831;2021-03-16;87904
2021-03-15;"Žilinský kraj";341;29607;419;30026;NA;108573;760;2021-03-15;87073
2021-03-14;"Žilinský kraj";87;34121;267;34388;NA;108573;354;2021-03-14;86313
2021-03-13;"Žilinský kraj";113;93386;581;93967;NA;108573;694;2021-03-13;85959
2021-03-12;"Žilinský kraj";520;52109;411;52520;NA;108573;931;2021-03-12;85265
2021-03-11;"Žilinský kraj";399;28189;302;28491;NA;108573;701;2021-03-11;84334
2021-03-10;"Žilinský kraj";368;22414;378;22792;NA;108573;746;2021-03-10;83633
2021-03-09;"Žilinský kraj";537;24857;316;25173;NA;108573;853;2021-03-09;82887
2021-03-08;"Žilinský kraj";387;30839;458;31297;NA;108573;845;2021-03-08;82034
2021-03-07;"Žilinský kraj";48;33469;290;33759;NA;108573;338;2021-03-07;81189
2021-03-06;"Žilinský kraj";173;92410;589;92999;NA;108573;762;2021-03-06;80851
2021-03-05;"Žilinský kraj";369;51748;483;52231;NA;108573;852;2021-03-05;80089
2021-03-04;"Žilinský kraj";467;30036;377;30413;NA;108573;844;2021-03-04;79237
2021-03-03;"Žilinský kraj";448;26261;394;26655;NA;108573;842;2021-03-03;78393
2021-03-02;"Žilinský kraj";551;25669;378;26047;NA;108573;929;2021-03-02;77551
2021-03-01;"Žilinský kraj";375;30493;441;30934;NA;108573;816;2021-03-01;76622
2021-02-28;"Žilinský kraj";61;34802;327;35129;NA;108573;388;2021-02-28;75806
2021-02-27;"Žilinský kraj";159;83781;639;84420;NA;108573;798;2021-02-27;75418
2021-02-26;"Žilinský kraj";459;47494;508;48002;NA;108573;967;2021-02-26;74620
2021-02-25;"Žilinský kraj";347;30879;393;31272;NA;108573;740;2021-02-25;73653
2021-02-24;"Žilinský kraj";339;18745;395;19140;NA;108573;734;2021-02-24;72913
2021-02-23;"Žilinský kraj";437;22418;418;22836;NA;108573;855;2021-02-23;72179
2021-02-22;"Žilinský kraj";345;29240;438;29678;NA;108573;783;2021-02-22;71324
2021-02-21;"Žilinský kraj";36;28686;322;29008;NA;108573;358;2021-02-21;70541
2021-02-20;"Žilinský kraj";152;89085;669;89754;NA;108573;821;2021-02-20;70183
2021-02-19;"Žilinský kraj";337;44806;415;45221;NA;108573;752;2021-02-19;69362
2021-02-18;"Žilinský kraj";263;24679;339;25018;NA;108573;602;2021-02-18;68610
2021-02-17;"Žilinský kraj";269;17932;355;18287;NA;108573;624;2021-02-17;68008
2021-02-16;"Žilinský kraj";321;24298;325;24623;NA;108573;646;2021-02-16;67384
2021-02-15;"Žilinský kraj";230;30420;311;30731;NA;108573;541;2021-02-15;66738
2021-02-14;"Žilinský kraj";30;28574;231;28805;NA;108573;261;2021-02-14;66197
2021-02-13;"Žilinský kraj";91;69638;453;70091;NA;108573;544;2021-02-13;65936
2021-02-12;"Žilinský kraj";242;42689;335;43024;NA;108573;577;2021-02-12;65392
2021-02-11;"Žilinský kraj";228;23521;300;23821;NA;108573;528;2021-02-11;64815
2021-02-10;"Žilinský kraj";259;17875;267;18142;NA;108573;526;2021-02-10;64287
2021-02-09;"Žilinský kraj";377;24784;274;25058;NA;108573;651;2021-02-09;63761
2021-02-08;"Žilinský kraj";160;41375;390;41765;NA;108573;550;2021-02-08;63110
2021-02-07;"Žilinský kraj";24;46446;252;46698;NA;108573;276;2021-02-07;62560
2021-02-06;"Žilinský kraj";71;72880;367;73247;NA;108573;438;2021-02-06;62284
2021-02-05;"Žilinský kraj";248;31868;323;32191;NA;108573;571;2021-02-05;61846
2021-02-04;"Žilinský kraj";238;13242;258;13500;NA;108573;496;2021-02-04;61275
2021-02-03;"Žilinský kraj";194;9187;255;9442;NA;108573;449;2021-02-03;60779
2021-02-02;"Žilinský kraj";216;9280;272;9552;NA;108573;488;2021-02-02;60330
2021-02-01;"Žilinský kraj";220;19688;370;20058;NA;108573;590;2021-02-01;59842
2021-01-31;"Žilinský kraj";11;2652;27;2679;NA;108573;38;2021-01-31;59252
2021-01-30;"Žilinský kraj";85;18447;187;18634;NA;108573;272;2021-01-30;59214
2021-01-29;"Žilinský kraj";209;22892;304;23196;NA;108573;513;2021-01-29;58942
2021-01-28;"Žilinský kraj";240;5623;174;5797;NA;108573;414;2021-01-28;58429
2021-01-27;"Žilinský kraj";256;7065;121;7186;NA;108573;377;2021-01-27;58015
2021-01-26;"Žilinský kraj";245;49441;346;49787;NA;108573;591;2021-01-26;57638
2021-01-25;"Žilinský kraj";159;21147;150;21297;NA;108573;309;2021-01-25;57047
2021-01-24;"Žilinský kraj";22;67309;305;67614;NA;108573;327;2021-01-24;56738
2021-01-23;"Žilinský kraj";91;90991;408;91399;NA;108573;499;2021-01-23;56411
2021-01-22;"Žilinský kraj";163;31991;239;32230;NA;108573;402;2021-01-22;55912
2021-01-21;"Žilinský kraj";116;19874;181;20055;NA;108573;297;2021-01-21;55510
2021-01-20;"Žilinský kraj";236;17089;165;17254;NA;108573;401;2021-01-20;55213
2021-01-19;"Žilinský kraj";245;15578;283;15861;NA;108573;528;2021-01-19;54812
2021-01-18;"Žilinský kraj";236;12506;327;12833;NA;108573;563;2021-01-18;54284
2021-01-17;"Žilinský kraj";95;147;8;155;NA;108573;103;2021-01-17;53721
2021-01-16;"Žilinský kraj";14;758;35;793;NA;108573;49;2021-01-16;53618
2021-01-15;"Žilinský kraj";248;7244;205;7449;NA;108573;453;2021-01-15;53569
2021-01-14;"Žilinský kraj";166;5572;248;5820;NA;108573;414;2021-01-14;53116
2021-01-13;"Žilinský kraj";247;11316;555;11871;NA;108573;802;2021-01-13;52702
2021-01-12;"Žilinský kraj";376;8754;413;9167;NA;108573;789;2021-01-12;51900
2021-01-11;"Žilinský kraj";351;10385;513;10898;NA;108573;864;2021-01-11;51111
2021-01-10;"Žilinský kraj";38;229;6;235;NA;108573;44;2021-01-10;50247
2021-01-09;"Žilinský kraj";192;1983;85;2068;NA;108573;277;2021-01-09;50203
2021-01-08;"Žilinský kraj";413;9245;497;9742;NA;108573;910;2021-01-08;49926
2021-01-07;"Žilinský kraj";438;23485;1881;25366;NA;108573;2319;2021-01-07;49016
2021-01-06;"Žilinský kraj";145;1412;96;1508;NA;108573;241;2021-01-06;46697
2021-01-05;"Žilinský kraj";717;10702;845;11547;NA;108573;1562;2021-01-05;46456
2021-01-04;"Žilinský kraj";479;9739;1012;10751;NA;108573;1491;2021-01-04;44894
2021-01-03;"Žilinský kraj";13;1006;107;1113;NA;108573;120;2021-01-03;43403
2021-01-02;"Žilinský kraj";98;789;91;880;NA;108573;189;2021-01-02;43283
2021-01-01;"Žilinský kraj";118;615;37;652;NA;108573;155;2021-01-01;43094
2020-12-31;"Žilinský kraj";395;10008;809;10817;NA;108573;1204;2020-12-31;42939
2020-12-30;"Žilinský kraj";1038;12030;849;12879;NA;108573;1887;2020-12-30;41735
2020-12-29;"Žilinský kraj";256;10584;1041;11625;NA;108573;1297;2020-12-29;39848
2020-12-28;"Žilinský kraj";406;11177;1048;12225;NA;108573;1454;2020-12-28;38551
2020-12-27;"Žilinský kraj";40;684;94;778;NA;108573;134;2020-12-27;37097
2020-12-26;"Žilinský kraj";135;593;48;641;NA;108573;183;2020-12-26;36963
2020-12-25;"Žilinský kraj";66;83;9;92;NA;108573;75;2020-12-25;36780
2020-12-24;"Žilinský kraj";643;1060;80;1140;NA;108573;723;2020-12-24;36705
2020-12-23;"Žilinský kraj";228;17281;1031;18312;NA;108573;1259;2020-12-23;35982
2020-12-22;"Žilinský kraj";519;13746;1031;14777;NA;108573;1550;2020-12-22;34723
2020-12-21;"Žilinský kraj";444;12608;1096;13704;NA;108573;1540;2020-12-21;33173
2020-12-20;"Žilinský kraj";36;598;80;678;NA;108573;116;2020-12-20;31633
2020-12-19;"Žilinský kraj";208;2076;145;2221;NA;108573;353;2020-12-19;31517
2020-12-18;"Žilinský kraj";333;6925;400;7325;NA;108573;733;2020-12-18;31164
2020-12-17;"Žilinský kraj";500;4243;279;4522;NA;108573;779;2020-12-17;30431
2020-12-16;"Žilinský kraj";333;3999;280;4279;NA;108573;613;2020-12-16;29652
2020-12-15;"Žilinský kraj";528;4139;378;4517;NA;108573;906;2020-12-15;29039
2020-12-14;"Žilinský kraj";321;4300;355;4655;NA;108573;676;2020-12-14;28133
2020-12-13;"Žilinský kraj";26;494;66;560;NA;108573;92;2020-12-13;27457
2020-12-12;"Žilinský kraj";95;1116;61;1177;NA;108573;156;2020-12-12;27365
2020-12-11;"Žilinský kraj";455;4507;269;4776;NA;108573;724;2020-12-11;27209
2020-12-10;"Žilinský kraj";166;9341;838;10179;NA;108573;1004;2020-12-10;26485
2020-12-09;"Žilinský kraj";392;2200;131;2331;NA;108573;523;2020-12-09;25481
2020-12-08;"Žilinský kraj";331;3248;123;3371;NA;108573;454;2020-12-08;24958
2020-12-07;"Žilinský kraj";348;2254;127;2381;NA;108573;475;2020-12-07;24504
2020-12-06;"Žilinský kraj";15;128;6;134;NA;108573;21;2020-12-06;24029
2020-12-05;"Žilinský kraj";98;1500;53;1553;NA;108573;151;2020-12-05;24008
2020-12-04;"Žilinský kraj";228;2891;122;3013;NA;108573;350;2020-12-04;23857
2020-12-03;"Žilinský kraj";237;1424;117;1541;NA;108573;354;2020-12-03;23507
2020-12-02;"Žilinský kraj";181;1396;69;1465;NA;108573;250;2020-12-02;23153
2020-12-01;"Žilinský kraj";209;6239;284;6523;NA;108573;493;2020-12-01;22903
2020-11-30;"Žilinský kraj";203;5326;305;5631;NA;108573;508;2020-11-30;22410
2020-11-29;"Žilinský kraj";18;81;7;88;NA;108573;25;2020-11-29;21902
2020-11-28;"Žilinský kraj";99;349;15;364;NA;108573;114;2020-11-28;21877
2020-11-27;"Žilinský kraj";218;904;46;950;NA;108573;264;2020-11-27;21763
2020-11-26;"Žilinský kraj";190;1041;54;1095;NA;108573;244;2020-11-26;21499
2020-11-25;"Žilinský kraj";225;1217;49;1266;NA;108573;274;2020-11-25;21255
2020-11-24;"Žilinský kraj";213;2139;67;2206;NA;108573;280;2020-11-24;20981
2020-11-23;"Žilinský kraj";170;759;44;803;NA;108573;214;2020-11-23;20701
2020-11-22;"Žilinský kraj";11;67;2;69;NA;108573;13;2020-11-22;20487
2020-11-21;"Žilinský kraj";61;505;20;525;NA;108573;81;2020-11-21;20474
2020-11-20;"Žilinský kraj";251;1074;45;1119;NA;108573;296;2020-11-20;20393
2020-11-19;"Žilinský kraj";252;752;61;813;NA;108573;313;2020-11-19;20097
2020-11-18;"Žilinský kraj";346;348;15;363;NA;108573;361;2020-11-18;19784
2020-11-17;"Žilinský kraj";123;490;15;505;NA;108573;138;2020-11-17;19423
2020-11-16;"Žilinský kraj";227;247;15;262;NA;108573;242;2020-11-16;19285
2020-11-15;"Žilinský kraj";63;13;0;13;NA;108573;63;2020-11-15;19043
2020-11-14;"Žilinský kraj";189;1038;11;1049;NA;108573;200;2020-11-14;18980
2020-11-13;"Žilinský kraj";181;125;9;134;NA;108573;190;2020-11-13;18780
2020-11-12;"Žilinský kraj";334;79;2;81;NA;108573;336;2020-11-12;18590
2020-11-11;"Žilinský kraj";489;147;10;157;NA;108573;499;2020-11-11;18254
2020-11-10;"Žilinský kraj";374;519;9;528;NA;108573;383;2020-11-10;17755
2020-11-09;"Žilinský kraj";143;2335;30;2365;NA;108573;173;2020-11-09;17372
2020-11-08;"Žilinský kraj";59;2538;37;2575;NA;108573;96;2020-11-08;17199
2020-11-07;"Žilinský kraj";312;8175;88;8263;NA;108573;400;2020-11-07;17103
2020-11-06;"Žilinský kraj";503;4090;38;4128;NA;108573;541;2020-11-06;16703
2020-11-05;"Žilinský kraj";473;64;4;68;NA;108573;477;2020-11-05;16162
2020-11-04;"Žilinský kraj";423;178;10;188;NA;108573;433;2020-11-04;15685
2020-11-03;"Žilinský kraj";688;889;16;905;NA;108573;704;2020-11-03;15252
2020-11-02;"Žilinský kraj";472;1043;39;1082;NA;108573;511;2020-11-02;14548
2020-11-01;"Žilinský kraj";349;5096;130;5226;NA;108573;479;2020-11-01;14037
2020-10-31;"Žilinský kraj";661;7963;203;8166;NA;108573;864;2020-10-31;13558
2020-10-30;"Žilinský kraj";529;2575;61;2636;NA;108573;590;2020-10-30;12694
2020-10-29;"Žilinský kraj";740;503;17;520;NA;108573;757;2020-10-29;12104
2020-10-28;"Žilinský kraj";635;105;11;116;NA;108573;646;2020-10-28;11347
2020-10-27;"Žilinský kraj";355;154;24;178;NA;108573;379;2020-10-27;10701
2020-10-26;"Žilinský kraj";148;117;28;145;NA;108573;176;2020-10-26;10322
2020-10-25;"Žilinský kraj";436;0;0;0;NA;108573;436;2020-10-25;10146
2020-10-24;"Žilinský kraj";803;0;0;0;NA;108573;803;2020-10-24;9710
2020-10-23;"Žilinský kraj";659;102;13;115;NA;108573;672;2020-10-23;8907
2020-10-22;"Žilinský kraj";525;33;3;36;NA;108573;528;2020-10-22;8235
2020-10-21;"Žilinský kraj";478;74;14;88;NA;108573;492;2020-10-21;7707
2020-10-20;"Žilinský kraj";524;127;8;135;NA;108573;532;2020-10-20;7215
2020-10-19;"Žilinský kraj";70;80;12;92;NA;108573;82;2020-10-19;6683
2020-10-18;"Žilinský kraj";159;0;0;0;NA;108573;159;2020-10-18;6601
2020-10-17;"Žilinský kraj";509;0;0;0;NA;108573;509;2020-10-17;6442
2020-10-16;"Žilinský kraj";603;51;9;60;NA;108573;612;2020-10-16;5933
2020-10-15;"Žilinský kraj";679;61;3;64;NA;108573;682;2020-10-15;5321
2020-10-14;"Žilinský kraj";523;269;6;275;NA;108573;529;2020-10-14;4639
2020-10-13;"Žilinský kraj";367;458;40;498;NA;108573;407;2020-10-13;4110
2020-10-12;"Žilinský kraj";62;0;0;0;NA;108573;62;2020-10-12;3703
2020-10-11;"Žilinský kraj";50;0;0;0;NA;108573;50;2020-10-11;3641
2020-10-10;"Žilinský kraj";213;0;0;0;NA;108573;213;2020-10-10;3591
2020-10-09;"Žilinský kraj";543;0;0;0;NA;108573;543;2020-10-09;3378
2020-10-08;"Žilinský kraj";238;0;0;0;NA;108573;238;2020-10-08;2835
2020-10-07;"Žilinský kraj";168;0;0;0;NA;108573;168;2020-10-07;2597
2020-10-06;"Žilinský kraj";233;0;0;0;NA;108573;233;2020-10-06;2429
2020-10-05;"Žilinský kraj";33;0;0;0;NA;108573;33;2020-10-05;2196
2020-10-04;"Žilinský kraj";35;0;0;0;NA;108573;35;2020-10-04;2163
2020-10-03;"Žilinský kraj";155;0;0;0;NA;108573;155;2020-10-03;2128
2020-10-02;"Žilinský kraj";105;0;0;0;NA;108573;105;2020-10-02;1973
2020-10-01;"Žilinský kraj";147;0;0;0;NA;108573;147;2020-10-01;1868
2020-09-30;"Žilinský kraj";163;0;0;0;NA;108573;163;2020-09-30;1721
2020-09-29;"Žilinský kraj";105;0;0;0;NA;108573;105;2020-09-29;1558
2020-09-28;"Žilinský kraj";34;0;0;0;NA;108573;34;2020-09-28;1453
2020-09-27;"Žilinský kraj";108;0;0;0;NA;108573;108;2020-09-27;1419
2020-09-26;"Žilinský kraj";96;0;0;0;NA;108573;96;2020-09-26;1311
2020-09-25;"Žilinský kraj";69;0;0;0;NA;108573;69;2020-09-25;1215
2020-09-24;"Žilinský kraj";100;0;0;0;NA;108573;100;2020-09-24;1146
2020-09-23;"Žilinský kraj";65;0;0;0;NA;108573;65;2020-09-23;1046
2020-09-22;"Žilinský kraj";65;0;0;0;NA;108573;65;2020-09-22;981
2020-09-21;"Žilinský kraj";47;0;0;0;NA;108573;47;2020-09-21;916
2020-09-20;"Žilinský kraj";4;0;0;0;NA;108573;4;2020-09-20;869
2020-09-19;"Žilinský kraj";6;0;0;0;NA;108573;6;2020-09-19;865
2020-09-18;"Žilinský kraj";82;0;0;0;NA;108573;82;2020-09-18;859
2020-09-17;"Žilinský kraj";30;0;0;0;NA;108573;30;2020-09-17;777
2020-09-16;"Žilinský kraj";34;0;0;0;NA;108573;34;2020-09-16;747
2020-09-15;"Žilinský kraj";12;0;0;0;NA;108573;12;2020-09-15;713
2020-09-14;"Žilinský kraj";39;0;0;0;NA;108573;39;2020-09-14;701
2020-09-13;"Žilinský kraj";6;0;0;0;NA;108573;6;2020-09-13;662
2020-09-12;"Žilinský kraj";4;0;0;0;NA;108573;4;2020-09-12;656
2020-09-11;"Žilinský kraj";31;0;0;0;NA;108573;31;2020-09-11;652
2020-09-10;"Žilinský kraj";31;0;0;0;NA;108573;31;2020-09-10;621
2020-09-09;"Žilinský kraj";23;0;0;0;NA;108573;23;2020-09-09;590
2020-09-08;"Žilinský kraj";25;0;0;0;NA;108573;25;2020-09-08;567
2020-09-07;"Žilinský kraj";11;0;0;0;NA;108573;11;2020-09-07;542
2020-09-06;"Žilinský kraj";0;0;0;0;NA;108573;0;2020-09-06;531
2020-09-05;"Žilinský kraj";2;0;0;0;NA;108573;2;2020-09-05;531
2020-09-04;"Žilinský kraj";33;0;0;0;NA;108573;33;2020-09-04;529
2020-09-03;"Žilinský kraj";18;0;0;0;NA;108573;18;2020-09-03;496
2020-09-02;"Žilinský kraj";16;0;0;0;NA;108573;16;2020-09-02;478
2020-09-01;"Žilinský kraj";4;0;0;0;NA;108573;4;2020-09-01;462
2020-08-31;"Žilinský kraj";5;0;0;0;NA;108573;5;2020-08-31;458
2020-08-30;"Žilinský kraj";3;0;0;0;NA;108573;3;2020-08-30;453
2020-08-29;"Žilinský kraj";5;0;0;0;NA;108573;5;2020-08-29;450
2020-08-28;"Žilinský kraj";13;0;0;0;NA;108573;13;2020-08-28;445
2020-08-27;"Žilinský kraj";18;0;0;0;NA;108573;18;2020-08-27;432
2020-08-26;"Žilinský kraj";8;0;0;0;NA;108573;8;2020-08-26;414
2020-08-25;"Žilinský kraj";2;0;0;0;NA;108573;2;2020-08-25;406
2020-08-24;"Žilinský kraj";5;0;0;0;NA;108573;5;2020-08-24;404
2020-08-23;"Žilinský kraj";0;0;0;0;NA;108573;0;2020-08-23;399
2020-08-22;"Žilinský kraj";0;0;0;0;NA;108573;0;2020-08-22;399
2020-08-21;"Žilinský kraj";10;0;0;0;NA;108573;10;2020-08-21;399
2020-08-20;"Žilinský kraj";13;0;0;0;NA;108573;13;2020-08-20;389
2020-08-19;"Žilinský kraj";7;0;0;0;NA;108573;7;2020-08-19;376
2020-08-18;"Žilinský kraj";9;0;0;0;NA;108573;9;2020-08-18;369
2020-08-17;"Žilinský kraj";1;0;0;0;NA;108573;1;2020-08-17;360
2020-08-16;"Žilinský kraj";0;0;0;0;NA;108573;0;2020-08-16;359
2020-08-15;"Žilinský kraj";0;0;0;0;NA;108573;0;2020-08-15;359
2020-08-14;"Žilinský kraj";4;0;0;0;NA;108573;4;2020-08-14;359
2020-08-13;"Žilinský kraj";2;0;0;0;NA;108573;2;2020-08-13;355
2020-08-12;"Žilinský kraj";0;0;0;0;NA;108573;0;2020-08-12;353
2020-08-11;"Žilinský kraj";4;0;0;0;NA;108573;4;2020-08-11;353
2020-08-10;"Žilinský kraj";1;0;0;0;NA;108573;1;2020-08-10;349
2020-08-09;"Žilinský kraj";0;0;0;0;NA;108573;0;2020-08-09;348
2020-08-08;"Žilinský kraj";3;0;0;0;NA;108573;3;2020-08-08;348
2020-08-07;"Žilinský kraj";8;0;0;0;NA;108573;8;2020-08-07;345
2020-08-06;"Žilinský kraj";1;0;0;0;NA;108573;1;2020-08-06;337
2020-08-05;"Žilinský kraj";1;0;0;0;NA;108573;1;2020-08-05;336
2020-08-04;"Žilinský kraj";2;0;0;0;NA;108573;2;2020-08-04;335
2020-08-03;"Žilinský kraj";0;0;0;0;NA;108573;0;2020-08-03;333
2020-08-02;"Žilinský kraj";1;0;0;0;NA;108573;1;2020-08-02;333
2020-08-01;"Žilinský kraj";0;0;0;0;NA;108573;0;2020-08-01;332
2020-07-31;"Žilinský kraj";4;0;0;0;NA;108573;4;2020-07-31;332
2020-07-30;"Žilinský kraj";2;0;0;0;NA;108573;2;2020-07-30;328
2020-07-29;"Žilinský kraj";2;0;0;0;NA;108573;2;2020-07-29;326
2020-07-28;"Žilinský kraj";4;0;0;0;NA;108573;4;2020-07-28;324
2020-07-27;"Žilinský kraj";6;0;0;0;NA;108573;6;2020-07-27;320
2020-07-26;"Žilinský kraj";0;0;0;0;NA;108573;0;2020-07-26;314
2020-07-25;"Žilinský kraj";0;0;0;0;NA;108573;0;2020-07-25;314
2020-07-24;"Žilinský kraj";2;0;0;0;NA;108573;2;2020-07-24;314
2020-07-23;"Žilinský kraj";0;0;0;0;NA;108573;0;2020-07-23;312
2020-07-22;"Žilinský kraj";1;0;0;0;NA;108573;1;2020-07-22;312
2020-07-21;"Žilinský kraj";2;0;0;0;NA;108573;2;2020-07-21;311
2020-07-20;"Žilinský kraj";3;0;0;0;NA;108573;3;2020-07-20;309
2020-07-19;"Žilinský kraj";0;0;0;0;NA;108573;0;2020-07-19;306
2020-07-18;"Žilinský kraj";0;0;0;0;NA;108573;0;2020-07-18;306
2020-07-17;"Žilinský kraj";2;0;0;0;NA;108573;2;2020-07-17;306
2020-07-16;"Žilinský kraj";2;0;0;0;NA;108573;2;2020-07-16;304
2020-07-15;"Žilinský kraj";2;0;0;0;NA;108573;2;2020-07-15;302
2020-07-14;"Žilinský kraj";1;0;0;0;NA;108573;1;2020-07-14;300
2020-07-13;"Žilinský kraj";0;0;0;0;NA;108573;0;2020-07-13;299
2020-07-12;"Žilinský kraj";0;0;0;0;NA;108573;0;2020-07-12;299
2020-07-11;"Žilinský kraj";2;0;0;0;NA;108573;2;2020-07-11;299
2020-07-10;"Žilinský kraj";3;0;0;0;NA;108573;3;2020-07-10;297
2020-07-09;"Žilinský kraj";2;0;0;0;NA;108573;2;2020-07-09;294
2020-07-08;"Žilinský kraj";10;0;0;0;NA;108573;10;2020-07-08;292
2020-07-07;"Žilinský kraj";7;0;0;0;NA;108573;7;2020-07-07;282
2020-07-06;"Žilinský kraj";0;0;0;0;NA;108573;0;2020-07-06;275
2020-07-05;"Žilinský kraj";0;0;0;0;NA;108573;0;2020-07-05;275
2020-07-04;"Žilinský kraj";10;0;0;0;NA;108573;10;2020-07-04;275
2020-07-03;"Žilinský kraj";18;0;0;0;NA;108573;18;2020-07-03;265
2020-07-02;"Žilinský kraj";7;0;0;0;NA;108573;7;2020-07-02;247
2020-07-01;"Žilinský kraj";0;0;0;0;NA;108573;0;2020-07-01;240
2020-06-30;"Žilinský kraj";4;0;0;0;NA;108573;4;2020-06-30;240
2020-06-29;"Žilinský kraj";0;0;0;0;NA;108573;0;2020-06-29;236
2020-06-28;"Žilinský kraj";1;0;0;0;NA;108573;1;2020-06-28;236
2020-06-27;"Žilinský kraj";3;0;0;0;NA;108573;3;2020-06-27;235
2020-06-26;"Žilinský kraj";5;0;0;0;NA;108573;5;2020-06-26;232
2020-06-25;"Žilinský kraj";7;0;0;0;NA;108573;7;2020-06-25;227
2020-06-24;"Žilinský kraj";11;0;0;0;NA;108573;11;2020-06-24;220
2020-06-23;"Žilinský kraj";9;0;0;0;NA;108573;9;2020-06-23;209
2020-06-22;"Žilinský kraj";0;0;0;0;NA;108573;0;2020-06-22;200
2020-06-21;"Žilinský kraj";1;0;0;0;NA;108573;1;2020-06-21;200
2020-06-20;"Žilinský kraj";1;0;0;0;NA;108573;1;2020-06-20;199
2020-06-19;"Žilinský kraj";4;0;0;0;NA;108573;4;2020-06-19;198
2020-06-18;"Žilinský kraj";1;0;0;0;NA;108573;1;2020-06-18;194
2020-06-17;"Žilinský kraj";0;0;0;0;NA;108573;0;2020-06-17;193
2020-06-16;"Žilinský kraj";1;0;0;0;NA;108573;1;2020-06-16;193
2020-06-14;"Žilinský kraj";0;0;0;0;NA;108573;0;2020-06-14;192
2020-06-13;"Žilinský kraj";0;0;0;0;NA;108573;0;2020-06-13;192
2020-06-12;"Žilinský kraj";0;0;0;0;NA;108573;0;2020-06-12;192
2020-06-11;"Žilinský kraj";0;0;0;0;NA;108573;0;2020-06-11;192
2020-06-10;"Žilinský kraj";0;0;0;0;NA;108573;0;2020-06-10;192
2020-06-09;"Žilinský kraj";1;0;0;0;NA;108573;1;2020-06-09;192
2020-06-08;"Žilinský kraj";0;0;0;0;NA;108573;0;2020-06-08;191
2020-06-07;"Žilinský kraj";0;0;0;0;NA;108573;0;2020-06-07;191
2020-06-05;"Žilinský kraj";0;0;0;0;NA;108573;0;2020-06-05;191
2020-06-03;"Žilinský kraj";0;0;0;0;NA;108573;0;2020-06-03;191
2020-06-02;"Žilinský kraj";0;0;0;0;NA;108573;0;2020-06-02;191
2020-05-31;"Žilinský kraj";0;0;0;0;NA;108573;0;2020-05-31;191
2020-05-29;"Žilinský kraj";0;0;0;0;NA;108573;0;2020-05-29;191
2020-05-27;"Žilinský kraj";1;0;0;0;NA;108573;1;2020-05-27;191
2020-05-26;"Žilinský kraj";1;0;0;0;NA;108573;1;2020-05-26;190
2020-05-25;"Žilinský kraj";0;0;0;0;NA;108573;0;2020-05-25;189
2020-05-24;"Žilinský kraj";0;0;0;0;NA;108573;0;2020-05-24;189
2020-05-23;"Žilinský kraj";0;0;0;0;NA;108573;0;2020-05-23;189
2020-05-22;"Žilinský kraj";0;0;0;0;NA;108573;0;2020-05-22;189
2020-05-21;"Žilinský kraj";0;0;0;0;NA;108573;0;2020-05-21;189
2020-05-20;"Žilinský kraj";0;0;0;0;NA;108573;0;2020-05-20;189
2020-05-19;"Žilinský kraj";1;0;0;0;NA;108573;1;2020-05-19;189
2020-05-17;"Žilinský kraj";0;0;0;0;NA;108573;0;2020-05-17;188
2020-05-16;"Žilinský kraj";0;0;0;0;NA;108573;0;2020-05-16;188
2020-05-15;"Žilinský kraj";0;0;0;0;NA;108573;0;2020-05-15;188
2020-05-14;"Žilinský kraj";0;0;0;0;NA;108573;0;2020-05-14;188
2020-05-13;"Žilinský kraj";0;0;0;0;NA;108573;0;2020-05-13;188
2020-05-12;"Žilinský kraj";0;0;0;0;NA;108573;0;2020-05-12;188
2020-05-11;"Žilinský kraj";0;0;0;0;NA;108573;0;2020-05-11;188
2020-05-09;"Žilinský kraj";0;0;0;0;NA;108573;0;2020-05-09;188
2020-05-07;"Žilinský kraj";0;0;0;0;NA;108573;0;2020-05-07;188
2020-05-06;"Žilinský kraj";2;0;0;0;NA;108573;2;2020-05-06;188
2020-05-05;"Žilinský kraj";3;0;0;0;NA;108573;3;2020-05-05;186
2020-05-04;"Žilinský kraj";3;0;0;0;NA;108573;3;2020-05-04;183
2020-05-03;"Žilinský kraj";1;0;0;0;NA;108573;1;2020-05-03;180
2020-05-02;"Žilinský kraj";0;0;0;0;NA;108573;0;2020-05-02;179
2020-05-01;"Žilinský kraj";1;0;0;0;NA;108573;1;2020-05-01;179
2020-04-30;"Žilinský kraj";0;0;0;0;NA;108573;0;2020-04-30;178
2020-04-29;"Žilinský kraj";0;0;0;0;NA;108573;0;2020-04-29;178
2020-04-28;"Žilinský kraj";0;0;0;0;NA;108573;0;2020-04-28;178
2020-04-27;"Žilinský kraj";0;0;0;0;NA;108573;0;2020-04-27;178
2020-04-26;"Žilinský kraj";0;0;0;0;NA;108573;0;2020-04-26;178
2020-04-25;"Žilinský kraj";2;0;0;0;NA;108573;2;2020-04-25;178
2020-04-24;"Žilinský kraj";1;0;0;0;NA;108573;1;2020-04-24;176
2020-04-23;"Žilinský kraj";2;0;0;0;NA;108573;2;2020-04-23;175
2020-04-22;"Žilinský kraj";9;0;0;0;NA;108573;9;2020-04-22;173
2020-04-21;"Žilinský kraj";1;0;0;0;NA;108573;1;2020-04-21;164
2020-04-20;"Žilinský kraj";4;0;0;0;NA;108573;4;2020-04-20;163
2020-04-19;"Žilinský kraj";0;0;0;0;NA;108573;0;2020-04-19;159
2020-04-18;"Žilinský kraj";49;0;0;0;NA;108573;49;2020-04-18;159
2020-04-17;"Žilinský kraj";3;0;0;0;NA;108573;3;2020-04-17;110
2020-04-16;"Žilinský kraj";4;0;0;0;NA;108573;4;2020-04-16;107
2020-04-15;"Žilinský kraj";7;0;0;0;NA;108573;7;2020-04-15;103
2020-04-14;"Žilinský kraj";1;0;0;0;NA;108573;1;2020-04-14;96
2020-04-13;"Žilinský kraj";2;0;0;0;NA;108573;2;2020-04-13;95
2020-04-12;"Žilinský kraj";5;0;0;0;NA;108573;5;2020-04-12;93
2020-04-11;"Žilinský kraj";2;0;0;0;NA;108573;2;2020-04-11;88
2020-04-10;"Žilinský kraj";1;0;0;0;NA;108573;1;2020-04-10;86
2020-04-09;"Žilinský kraj";1;0;0;0;NA;108573;1;2020-04-09;85
2020-04-08;"Žilinský kraj";3;0;0;0;NA;108573;3;2020-04-08;84
2020-04-07;"Žilinský kraj";5;0;0;0;NA;108573;5;2020-04-07;81
2020-04-06;"Žilinský kraj";6;0;0;0;NA;108573;6;2020-04-06;76
2020-04-05;"Žilinský kraj";8;0;0;0;NA;108573;8;2020-04-05;70
2020-04-04;"Žilinský kraj";0;0;0;0;NA;108573;0;2020-04-04;62
2020-04-03;"Žilinský kraj";3;0;0;0;NA;108573;3;2020-04-03;62
2020-04-02;"Žilinský kraj";5;0;0;0;NA;108573;5;2020-04-02;59
2020-04-01;"Žilinský kraj";4;0;0;0;NA;108573;4;2020-04-01;54
2020-03-31;"Žilinský kraj";1;0;0;0;NA;108573;1;2020-03-31;50
2020-03-30;"Žilinský kraj";3;0;0;0;NA;108573;3;2020-03-30;49
2020-03-29;"Žilinský kraj";0;0;0;0;NA;108573;0;2020-03-29;46
2020-03-28;"Žilinský kraj";1;0;0;0;NA;108573;1;2020-03-28;46
2020-03-27;"Žilinský kraj";9;0;0;0;NA;108573;9;2020-03-27;45
2020-03-26;"Žilinský kraj";4;0;0;0;NA;108573;4;2020-03-26;36
2020-03-25;"Žilinský kraj";1;0;0;0;NA;108573;1;2020-03-25;32
2020-03-24;"Žilinský kraj";2;0;0;0;NA;108573;2;2020-03-24;31
2020-03-23;"Žilinský kraj";3;0;0;0;NA;108573;3;2020-03-23;29
2020-03-22;"Žilinský kraj";1;0;0;0;NA;108573;1;2020-03-22;26
2020-03-21;"Žilinský kraj";2;0;0;0;NA;108573;2;2020-03-21;25
2020-03-20;"Žilinský kraj";4;0;0;0;NA;108573;4;2020-03-20;23
2020-03-19;"Žilinský kraj";2;0;0;0;NA;108573;2;2020-03-19;19
2020-03-18;"Žilinský kraj";1;0;0;0;NA;108573;1;2020-03-18;17
2020-03-17;"Žilinský kraj";5;0;0;0;NA;108573;5;2020-03-17;16
2020-03-16;"Žilinský kraj";1;0;0;0;NA;108573;1;2020-03-16;11
2020-03-15;"Žilinský kraj";2;0;0;0;NA;108573;2;2020-03-15;10
2020-03-14;"Žilinský kraj";1;0;0;0;NA;108573;1;2020-03-14;8
2020-03-13;"Žilinský kraj";5;0;0;0;NA;108573;5;2020-03-13;7
2020-03-12;"Žilinský kraj";1;0;0;0;NA;108573;1;2020-03-12;2
2020-03-11;"Žilinský kraj";0;0;0;0;NA;108573;0;2020-03-11;1
2020-03-09;"Žilinský kraj";1;0;0;0;NA;108573;1;2020-03-09;1
2020-03-08;"Žilinský kraj";0;0;0;0;NA;108573;0;2020-03-08;0
2020-03-07;"Žilinský kraj";0;0;0;0;NA;108573;0;2020-03-07;0
2020-03-06;"Žilinský kraj";0;0;0;0;NA;108573;0;2020-03-06;0
