"Datum";"Region";"PCR_Pos";"Ag_Neg";"Ag_Pos";"Total";"Pocet.potvrdenych";"Potvrdenych";"newcases";"date";"positive"
2021-12-12;"Banskobystrický kraj";161;2760;93;2853;82929;145401;254;2021-12-12;145401
2021-12-11;"Banskobystrický kraj";568;1081;67;1148;NA;145401;635;2021-12-11;145147
2021-12-10;"Banskobystrický kraj";731;4076;181;4257;NA;145401;912;2021-12-10;144512
2021-12-09;"Banskobystrický kraj";652;4325;139;4464;NA;145401;791;2021-12-09;143600
2021-12-08;"Banskobystrický kraj";1087;4083;169;4252;NA;145401;1256;2021-12-08;142809
2021-12-07;"Banskobystrický kraj";1104;5386;201;5587;NA;145401;1305;2021-12-07;141553
2021-12-06;"Banskobystrický kraj";647;8914;315;9229;NA;145401;962;2021-12-06;140248
2021-12-05;"Banskobystrický kraj";217;3421;152;3573;NA;145401;369;2021-12-05;139286
2021-12-04;"Banskobystrický kraj";654;1334;131;1465;NA;145401;785;2021-12-04;138917
2021-12-03;"Banskobystrický kraj";1117;5016;246;5262;NA;145401;1363;2021-12-03;138132
2021-12-02;"Banskobystrický kraj";1710;5242;258;5500;NA;145401;1968;2021-12-02;136769
2021-12-01;"Banskobystrický kraj";947;4654;259;4913;NA;145401;1206;2021-12-01;134801
2021-11-30;"Banskobystrický kraj";1266;6536;245;6781;NA;145401;1511;2021-11-30;133595
2021-11-29;"Banskobystrický kraj";591;10650;468;11118;NA;145401;1059;2021-11-29;132084
2021-11-28;"Banskobystrický kraj";418;4289;216;4505;NA;145401;634;2021-11-28;131025
2021-11-27;"Banskobystrický kraj";827;1781;208;1989;NA;145401;1035;2021-11-27;130391
2021-11-26;"Banskobystrický kraj";963;4771;354;5125;NA;145401;1317;2021-11-26;129356
2021-11-25;"Banskobystrický kraj";1110;5908;350;6258;NA;145401;1460;2021-11-25;128039
2021-11-24;"Banskobystrický kraj";1387;5947;325;6272;NA;145401;1712;2021-11-24;126579
2021-11-23;"Banskobystrický kraj";1436;6082;377;6459;NA;145401;1813;2021-11-23;124867
2021-11-22;"Banskobystrický kraj";489;8727;579;9306;NA;145401;1068;2021-11-22;123054
2021-11-21;"Banskobystrický kraj";408;4109;305;4414;NA;145401;713;2021-11-21;121986
2021-11-20;"Banskobystrický kraj";985;1758;199;1957;NA;145401;1184;2021-11-20;121273
2021-11-19;"Banskobystrický kraj";1006;4886;470;5356;NA;145401;1476;2021-11-19;120089
2021-11-18;"Banskobystrický kraj";979;8037;618;8655;NA;145401;1597;2021-11-18;118613
2021-11-17;"Banskobystrický kraj";772;1051;147;1198;NA;145401;919;2021-11-17;117016
2021-11-16;"Banskobystrický kraj";1130;5473;453;5926;NA;145401;1583;2021-11-16;116097
2021-11-15;"Banskobystrický kraj";749;7873;588;8461;NA;145401;1337;2021-11-15;114514
2021-11-14;"Banskobystrický kraj";311;2629;302;2931;NA;145401;613;2021-11-14;113177
2021-11-13;"Banskobystrický kraj";761;1471;214;1685;NA;145401;975;2021-11-13;112564
2021-11-12;"Banskobystrický kraj";972;5019;434;5453;NA;145401;1406;2021-11-12;111589
2021-11-11;"Banskobystrický kraj";1023;5571;345;5916;NA;145401;1368;2021-11-11;110183
2021-11-10;"Banskobystrický kraj";950;4699;333;5032;NA;145401;1283;2021-11-10;108815
2021-11-09;"Banskobystrický kraj";921;4603;283;4886;NA;145401;1204;2021-11-09;107532
2021-11-08;"Banskobystrický kraj";519;7234;488;7722;NA;145401;1007;2021-11-08;106328
2021-11-07;"Banskobystrický kraj";460;2479;258;2737;NA;145401;718;2021-11-07;105321
2021-11-06;"Banskobystrický kraj";505;1344;170;1514;NA;145401;675;2021-11-06;104603
2021-11-05;"Banskobystrický kraj";997;4773;342;5115;NA;145401;1339;2021-11-05;103928
2021-11-04;"Banskobystrický kraj";1086;4811;248;5059;NA;145401;1334;2021-11-04;102589
2021-11-03;"Banskobystrický kraj";976;4825;330;5155;NA;145401;1306;2021-11-03;101255
2021-11-02;"Banskobystrický kraj";538;5709;492;6201;NA;145401;1030;2021-11-02;99949
2021-11-01;"Banskobystrický kraj";390;1178;132;1310;NA;145401;522;2021-11-01;98919
2021-10-31;"Banskobystrický kraj";150;1700;210;1910;NA;145401;360;2021-10-31;98397
2021-10-30;"Banskobystrický kraj";449;1508;140;1648;NA;145401;589;2021-10-30;98037
2021-10-29;"Banskobystrický kraj";780;4166;286;4452;NA;145401;1066;2021-10-29;97448
2021-10-28;"Banskobystrický kraj";744;4169;247;4416;NA;145401;991;2021-10-28;96382
2021-10-27;"Banskobystrický kraj";664;4577;233;4810;NA;145401;897;2021-10-27;95391
2021-10-26;"Banskobystrický kraj";700;3673;187;3860;NA;145401;887;2021-10-26;94494
2021-10-25;"Banskobystrický kraj";376;5478;257;5735;NA;145401;633;2021-10-25;93607
2021-10-24;"Banskobystrický kraj";161;1707;143;1850;NA;145401;304;2021-10-24;92974
2021-10-23;"Banskobystrický kraj";238;1286;79;1365;NA;145401;317;2021-10-23;92670
2021-10-22;"Banskobystrický kraj";530;3816;185;4001;NA;145401;715;2021-10-22;92353
2021-10-21;"Banskobystrický kraj";416;4128;140;4268;NA;145401;556;2021-10-21;91638
2021-10-20;"Banskobystrický kraj";387;3615;123;3738;NA;145401;510;2021-10-20;91082
2021-10-19;"Banskobystrický kraj";419;4094;103;4197;NA;145401;522;2021-10-19;90572
2021-10-18;"Banskobystrický kraj";162;5286;175;5461;NA;145401;337;2021-10-18;90050
2021-10-17;"Banskobystrický kraj";26;1555;71;1626;NA;145401;97;2021-10-17;89713
2021-10-16;"Banskobystrický kraj";162;1387;50;1437;NA;145401;212;2021-10-16;89616
2021-10-15;"Banskobystrický kraj";187;3693;81;3774;NA;145401;268;2021-10-15;89404
2021-10-14;"Banskobystrický kraj";198;3705;47;3752;NA;145401;245;2021-10-14;89136
2021-10-13;"Banskobystrický kraj";217;3068;55;3123;NA;145401;272;2021-10-13;88891
2021-10-12;"Banskobystrický kraj";301;3743;59;3802;NA;145401;360;2021-10-12;88619
2021-10-11;"Banskobystrický kraj";128;4734;96;4830;NA;145401;224;2021-10-11;88259
2021-10-10;"Banskobystrický kraj";26;1815;53;1868;NA;145401;79;2021-10-10;88035
2021-10-09;"Banskobystrický kraj";73;1122;27;1149;NA;145401;100;2021-10-09;87956
2021-10-08;"Banskobystrický kraj";239;3027;61;3088;NA;145401;300;2021-10-08;87856
2021-10-07;"Banskobystrický kraj";179;3437;42;3479;NA;145401;221;2021-10-07;87556
2021-10-06;"Banskobystrický kraj";136;3862;48;3910;NA;145401;184;2021-10-06;87335
2021-10-05;"Banskobystrický kraj";209;2979;54;3033;NA;145401;263;2021-10-05;87151
2021-10-04;"Banskobystrický kraj";126;3725;64;3789;NA;145401;190;2021-10-04;86888
2021-10-03;"Banskobystrický kraj";11;1407;34;1441;NA;145401;45;2021-10-03;86698
2021-10-02;"Banskobystrický kraj";66;1042;26;1068;NA;145401;92;2021-10-02;86653
2021-10-01;"Banskobystrický kraj";158;3228;51;3279;NA;145401;209;2021-10-01;86561
2021-09-30;"Banskobystrický kraj";120;3362;30;3392;NA;145401;150;2021-09-30;86352
2021-09-29;"Banskobystrický kraj";118;2626;40;2666;NA;145401;158;2021-09-29;86202
2021-09-28;"Banskobystrický kraj";112;3061;45;3106;NA;145401;157;2021-09-28;86044
2021-09-27;"Banskobystrický kraj";90;4456;72;4528;NA;145401;162;2021-09-27;85887
2021-09-26;"Banskobystrický kraj";17;1498;31;1529;NA;145401;48;2021-09-26;85725
2021-09-25;"Banskobystrický kraj";17;1481;7;1488;NA;145401;24;2021-09-25;85677
2021-09-24;"Banskobystrický kraj";98;4254;32;4286;NA;145401;130;2021-09-24;85653
2021-09-23;"Banskobystrický kraj";63;3019;13;3032;NA;145401;76;2021-09-23;85523
2021-09-22;"Banskobystrický kraj";75;2442;19;2461;NA;145401;94;2021-09-22;85447
2021-09-21;"Banskobystrický kraj";125;2976;20;2996;NA;145401;145;2021-09-21;85353
2021-09-20;"Banskobystrický kraj";45;3951;30;3981;NA;145401;75;2021-09-20;85208
2021-09-19;"Banskobystrický kraj";6;1456;24;1480;NA;145401;30;2021-09-19;85133
2021-09-18;"Banskobystrický kraj";44;1318;15;1333;NA;145401;59;2021-09-18;85103
2021-09-17;"Banskobystrický kraj";73;3485;32;3517;NA;145401;105;2021-09-17;85044
2021-09-16;"Banskobystrický kraj";95;3019;29;3048;NA;145401;124;2021-09-16;84939
2021-09-15;"Banskobystrický kraj";22;394;1;395;NA;145401;23;2021-09-15;84815
2021-09-14;"Banskobystrický kraj";95;2508;28;2536;NA;145401;123;2021-09-14;84792
2021-09-13;"Banskobystrický kraj";29;3206;28;3234;NA;145401;57;2021-09-13;84669
2021-09-12;"Banskobystrický kraj";7;958;15;973;NA;145401;22;2021-09-12;84612
2021-09-11;"Banskobystrický kraj";31;865;11;876;NA;145401;42;2021-09-11;84590
2021-09-10;"Banskobystrický kraj";59;2250;24;2274;NA;145401;83;2021-09-10;84548
2021-09-09;"Banskobystrický kraj";46;2011;17;2028;NA;145401;63;2021-09-09;84465
2021-09-08;"Banskobystrický kraj";46;1713;27;1740;NA;145401;73;2021-09-08;84402
2021-09-07;"Banskobystrický kraj";27;1422;21;1443;NA;145401;48;2021-09-07;84329
2021-09-06;"Banskobystrický kraj";26;2570;13;2583;NA;145401;39;2021-09-06;84281
2021-09-05;"Banskobystrický kraj";9;742;2;744;NA;145401;11;2021-09-05;84242
2021-09-04;"Banskobystrický kraj";14;745;10;755;NA;145401;24;2021-09-04;84231
2021-09-03;"Banskobystrický kraj";49;2116;22;2138;NA;145401;71;2021-09-03;84207
2021-09-02;"Banskobystrický kraj";19;1730;25;1755;NA;145401;44;2021-09-02;84136
2021-09-01;"Banskobystrický kraj";6;230;6;236;NA;145401;12;2021-09-01;84092
2021-08-31;"Banskobystrický kraj";18;1406;13;1419;NA;145401;31;2021-08-31;84080
2021-08-30;"Banskobystrický kraj";23;1867;10;1877;NA;145401;33;2021-08-30;84049
2021-08-29;"Banskobystrický kraj";0;351;5;356;NA;145401;5;2021-08-29;84016
2021-08-28;"Banskobystrický kraj";9;827;5;832;NA;145401;14;2021-08-28;84011
2021-08-27;"Banskobystrický kraj";7;1608;12;1620;NA;145401;19;2021-08-27;83997
2021-08-26;"Banskobystrický kraj";7;1161;2;1163;NA;145401;9;2021-08-26;83978
2021-08-25;"Banskobystrický kraj";6;1052;1;1053;NA;145401;7;2021-08-25;83969
2021-08-24;"Banskobystrický kraj";12;1117;1;1118;NA;145401;13;2021-08-24;83962
2021-08-23;"Banskobystrický kraj";7;1368;5;1373;NA;145401;12;2021-08-23;83949
2021-08-22;"Banskobystrický kraj";0;773;2;775;NA;145401;2;2021-08-22;83937
2021-08-21;"Banskobystrický kraj";3;793;1;794;NA;145401;4;2021-08-21;83935
2021-08-20;"Banskobystrický kraj";5;1616;4;1620;NA;145401;9;2021-08-20;83931
2021-08-19;"Banskobystrický kraj";4;1092;3;1095;NA;145401;7;2021-08-19;83922
2021-08-18;"Banskobystrický kraj";1;1044;1;1045;NA;145401;2;2021-08-18;83915
2021-08-17;"Banskobystrický kraj";12;890;0;890;NA;145401;12;2021-08-17;83913
2021-08-16;"Banskobystrický kraj";7;1321;3;1324;NA;145401;10;2021-08-16;83901
2021-08-15;"Banskobystrický kraj";0;366;3;369;NA;145401;3;2021-08-15;83891
2021-08-14;"Banskobystrický kraj";6;435;1;436;NA;145401;7;2021-08-14;83888
2021-08-13;"Banskobystrický kraj";11;898;0;898;NA;145401;11;2021-08-13;83881
2021-08-12;"Banskobystrický kraj";10;951;1;952;NA;145401;11;2021-08-12;83870
2021-08-11;"Banskobystrický kraj";7;575;3;578;NA;145401;10;2021-08-11;83859
2021-08-10;"Banskobystrický kraj";7;678;2;680;NA;145401;9;2021-08-10;83849
2021-08-09;"Banskobystrický kraj";9;1064;0;1064;NA;145401;9;2021-08-09;83840
2021-08-08;"Banskobystrický kraj";4;335;1;336;NA;145401;5;2021-08-08;83831
2021-08-07;"Banskobystrický kraj";0;308;4;312;NA;145401;4;2021-08-07;83826
2021-08-06;"Banskobystrický kraj";5;929;2;931;NA;145401;7;2021-08-06;83822
2021-08-05;"Banskobystrický kraj";2;838;1;839;NA;145401;3;2021-08-05;83815
2021-08-04;"Banskobystrický kraj";2;579;1;580;NA;145401;3;2021-08-04;83812
2021-08-03;"Banskobystrický kraj";4;743;0;743;NA;145401;4;2021-08-03;83809
2021-08-02;"Banskobystrický kraj";6;934;0;934;NA;145401;6;2021-08-02;83805
2021-08-01;"Banskobystrický kraj";0;271;0;271;NA;145401;0;2021-08-01;83799
2021-07-31;"Banskobystrický kraj";1;370;4;374;NA;145401;5;2021-07-31;83799
2021-07-30;"Banskobystrický kraj";27;928;2;930;NA;145401;29;2021-07-30;83794
2021-07-29;"Banskobystrický kraj";2;890;1;891;NA;145401;3;2021-07-29;83765
2021-07-28;"Banskobystrický kraj";4;520;1;521;NA;145401;5;2021-07-28;83762
2021-07-27;"Banskobystrický kraj";15;1092;0;1092;NA;145401;15;2021-07-27;83757
2021-07-26;"Banskobystrický kraj";2;911;1;912;NA;145401;3;2021-07-26;83742
2021-07-25;"Banskobystrický kraj";0;367;1;368;NA;145401;1;2021-07-25;83739
2021-07-24;"Banskobystrický kraj";2;298;0;298;NA;145401;2;2021-07-24;83738
2021-07-23;"Banskobystrický kraj";7;840;0;840;NA;145401;7;2021-07-23;83736
2021-07-22;"Banskobystrický kraj";5;727;3;730;NA;145401;8;2021-07-22;83729
2021-07-21;"Banskobystrický kraj";2;560;0;560;NA;145401;2;2021-07-21;83721
2021-07-20;"Banskobystrický kraj";6;885;2;887;NA;145401;8;2021-07-20;83719
2021-07-19;"Banskobystrický kraj";1;854;3;857;NA;145401;4;2021-07-19;83711
2021-07-18;"Banskobystrický kraj";0;377;1;378;NA;145401;1;2021-07-18;83707
2021-07-17;"Banskobystrický kraj";1;324;0;324;NA;145401;1;2021-07-17;83706
2021-07-16;"Banskobystrický kraj";3;974;1;975;NA;145401;4;2021-07-16;83705
2021-07-15;"Banskobystrický kraj";1;1038;0;1038;NA;145401;1;2021-07-15;83701
2021-07-14;"Banskobystrický kraj";3;765;0;765;NA;145401;3;2021-07-14;83700
2021-07-13;"Banskobystrický kraj";2;695;0;695;NA;145401;2;2021-07-13;83697
2021-07-12;"Banskobystrický kraj";1;1057;0;1057;NA;145401;1;2021-07-12;83695
2021-07-11;"Banskobystrický kraj";0;446;0;446;NA;145401;0;2021-07-11;83694
2021-07-10;"Banskobystrický kraj";2;368;0;368;NA;145401;2;2021-07-10;83694
2021-07-09;"Banskobystrický kraj";3;1209;0;1209;NA;145401;3;2021-07-09;83692
2021-07-08;"Banskobystrický kraj";0;1083;1;1084;NA;145401;1;2021-07-08;83689
2021-07-07;"Banskobystrický kraj";1;798;0;798;NA;145401;1;2021-07-07;83688
2021-07-06;"Banskobystrický kraj";6;1365;0;1365;NA;145401;6;2021-07-06;83687
2021-07-05;"Banskobystrický kraj";2;392;1;393;NA;145401;3;2021-07-05;83681
2021-07-04;"Banskobystrický kraj";0;318;0;318;NA;145401;0;2021-07-04;83678
2021-07-03;"Banskobystrický kraj";1;413;1;414;NA;145401;2;2021-07-03;83678
2021-07-02;"Banskobystrický kraj";3;1045;0;1045;NA;145401;3;2021-07-02;83676
2021-07-01;"Banskobystrický kraj";0;705;1;706;NA;145401;1;2021-07-01;83673
2021-06-30;"Banskobystrický kraj";3;7607;1;7608;NA;145401;4;2021-06-30;83672
2021-06-29;"Banskobystrický kraj";2;4642;1;4643;NA;145401;3;2021-06-29;83668
2021-06-28;"Banskobystrický kraj";3;5695;1;5696;NA;145401;4;2021-06-28;83665
2021-06-27;"Banskobystrický kraj";0;4369;5;4374;NA;145401;5;2021-06-27;83661
2021-06-26;"Banskobystrický kraj";0;4289;4;4293;NA;145401;4;2021-06-26;83656
2021-06-25;"Banskobystrický kraj";2;6717;2;6719;NA;145401;4;2021-06-25;83652
2021-06-24;"Banskobystrický kraj";6;4585;2;4587;NA;145401;8;2021-06-24;83648
2021-06-23;"Banskobystrický kraj";4;4947;0;4947;NA;145401;4;2021-06-23;83640
2021-06-22;"Banskobystrický kraj";7;4527;0;4527;NA;145401;7;2021-06-22;83636
2021-06-21;"Banskobystrický kraj";6;5836;8;5844;NA;145401;14;2021-06-21;83629
2021-06-20;"Banskobystrický kraj";0;5055;7;5062;NA;145401;7;2021-06-20;83615
2021-06-19;"Banskobystrický kraj";0;5639;4;5643;NA;145401;4;2021-06-19;83608
2021-06-18;"Banskobystrický kraj";4;7642;1;7643;NA;145401;5;2021-06-18;83604
2021-06-17;"Banskobystrický kraj";2;5245;3;5248;NA;145401;5;2021-06-17;83599
2021-06-16;"Banskobystrický kraj";10;5951;5;5956;NA;145401;15;2021-06-16;83594
2021-06-15;"Banskobystrický kraj";9;5576;6;5582;NA;145401;15;2021-06-15;83579
2021-06-14;"Banskobystrický kraj";8;6922;7;6929;NA;145401;15;2021-06-14;83564
2021-06-13;"Banskobystrický kraj";0;6407;7;6414;NA;145401;7;2021-06-13;83549
2021-06-12;"Banskobystrický kraj";3;6338;6;6344;NA;145401;9;2021-06-12;83542
2021-06-11;"Banskobystrický kraj";5;9693;15;9708;NA;145401;20;2021-06-11;83533
2021-06-10;"Banskobystrický kraj";10;5726;8;5734;NA;145401;18;2021-06-10;83513
2021-06-09;"Banskobystrický kraj";9;5720;4;5724;NA;145401;13;2021-06-09;83495
2021-06-08;"Banskobystrický kraj";15;5645;10;5655;NA;145401;25;2021-06-08;83482
2021-06-07;"Banskobystrický kraj";4;7582;21;7603;NA;145401;25;2021-06-07;83457
2021-06-06;"Banskobystrický kraj";1;7497;12;7509;NA;145401;13;2021-06-06;83432
2021-06-05;"Banskobystrický kraj";15;7531;9;7540;NA;145401;24;2021-06-05;83419
2021-06-04;"Banskobystrický kraj";2;9352;14;9366;NA;145401;16;2021-06-04;83395
2021-06-03;"Banskobystrický kraj";8;6507;24;6531;NA;145401;32;2021-06-03;83379
2021-06-02;"Banskobystrický kraj";7;6837;6;6843;NA;145401;13;2021-06-02;83347
2021-06-01;"Banskobystrický kraj";12;7146;14;7160;NA;145401;26;2021-06-01;83334
2021-05-31;"Banskobystrický kraj";4;9546;31;9577;NA;145401;35;2021-05-31;83308
2021-05-30;"Banskobystrický kraj";3;8959;19;8978;NA;145401;22;2021-05-30;83273
2021-05-29;"Banskobystrický kraj";11;9763;18;9781;NA;145401;29;2021-05-29;83251
2021-05-28;"Banskobystrický kraj";13;11905;27;11932;NA;145401;40;2021-05-28;83222
2021-05-27;"Banskobystrický kraj";7;8760;12;8772;NA;145401;19;2021-05-27;83182
2021-05-26;"Banskobystrický kraj";18;7905;17;7922;NA;145401;35;2021-05-26;83163
2021-05-25;"Banskobystrický kraj";27;8951;30;8981;NA;145401;57;2021-05-25;83128
2021-05-24;"Banskobystrický kraj";9;12469;44;12513;NA;145401;53;2021-05-24;83071
2021-05-23;"Banskobystrický kraj";0;9798;27;9825;NA;145401;27;2021-05-23;83018
2021-05-22;"Banskobystrický kraj";20;9608;26;9634;NA;145401;46;2021-05-22;82991
2021-05-21;"Banskobystrický kraj";22;12796;25;12821;NA;145401;47;2021-05-21;82945
2021-05-20;"Banskobystrický kraj";14;8994;25;9019;NA;145401;39;2021-05-20;82898
2021-05-19;"Banskobystrický kraj";42;8608;21;8629;NA;145401;63;2021-05-19;82859
2021-05-18;"Banskobystrický kraj";27;9450;25;9475;NA;145401;52;2021-05-18;82796
2021-05-17;"Banskobystrický kraj";11;13399;33;13432;NA;145401;44;2021-05-17;82744
2021-05-16;"Banskobystrický kraj";15;14072;26;14098;NA;145401;41;2021-05-16;82700
2021-05-15;"Banskobystrický kraj";11;15356;29;15385;NA;145401;40;2021-05-15;82659
2021-05-14;"Banskobystrický kraj";35;18939;45;18984;NA;145401;80;2021-05-14;82619
2021-05-13;"Banskobystrický kraj";37;10605;40;10645;NA;145401;77;2021-05-13;82539
2021-05-12;"Banskobystrický kraj";31;10857;45;10902;NA;145401;76;2021-05-12;82462
2021-05-11;"Banskobystrický kraj";42;11325;48;11373;NA;145401;90;2021-05-11;82386
2021-05-10;"Banskobystrický kraj";28;17621;68;17689;NA;145401;96;2021-05-10;82296
2021-05-09;"Banskobystrický kraj";25;21902;68;21970;NA;145401;93;2021-05-09;82200
2021-05-08;"Banskobystrický kraj";11;14285;26;14311;NA;145401;37;2021-05-08;82107
2021-05-07;"Banskobystrický kraj";41;21806;78;21884;NA;145401;119;2021-05-07;82070
2021-05-06;"Banskobystrický kraj";36;12251;70;12321;NA;145401;106;2021-05-06;81951
2021-05-05;"Banskobystrický kraj";34;12592;63;12655;NA;145401;97;2021-05-05;81845
2021-05-04;"Banskobystrický kraj";83;13888;47;13935;NA;145401;130;2021-05-04;81748
2021-05-03;"Banskobystrický kraj";30;20872;80;20952;NA;145401;110;2021-05-03;81618
2021-05-02;"Banskobystrický kraj";6;33040;60;33100;NA;145401;66;2021-05-02;81508
2021-05-01;"Banskobystrický kraj";54;36900;67;36967;NA;145401;121;2021-05-01;81442
2021-04-30;"Banskobystrický kraj";38;34957;86;35043;NA;145401;124;2021-04-30;81321
2021-04-29;"Banskobystrický kraj";55;16839;68;16907;NA;145401;123;2021-04-29;81197
2021-04-28;"Banskobystrický kraj";66;17959;67;18026;NA;145401;133;2021-04-28;81074
2021-04-27;"Banskobystrický kraj";70;19152;73;19225;NA;145401;143;2021-04-27;80941
2021-04-26;"Banskobystrický kraj";34;28517;101;28618;NA;145401;135;2021-04-26;80798
2021-04-25;"Banskobystrický kraj";14;40601;106;40707;NA;145401;120;2021-04-25;80663
2021-04-24;"Banskobystrický kraj";40;51944;98;52042;NA;145401;138;2021-04-24;80543
2021-04-23;"Banskobystrický kraj";78;37922;88;38010;NA;145401;166;2021-04-23;80405
2021-04-22;"Banskobystrický kraj";51;17415;57;17472;NA;145401;108;2021-04-22;80239
2021-04-21;"Banskobystrický kraj";76;19218;94;19312;NA;145401;170;2021-04-21;80131
2021-04-20;"Banskobystrický kraj";116;21234;98;21332;NA;145401;214;2021-04-20;79961
2021-04-19;"Banskobystrický kraj";48;31408;105;31513;NA;145401;153;2021-04-19;79747
2021-04-18;"Banskobystrický kraj";16;43375;90;43465;NA;145401;106;2021-04-18;79594
2021-04-17;"Banskobystrický kraj";42;64939;92;65031;NA;145401;134;2021-04-17;79488
2021-04-16;"Banskobystrický kraj";72;37307;100;37407;NA;145401;172;2021-04-16;79354
2021-04-15;"Banskobystrický kraj";67;20127;83;20210;NA;145401;150;2021-04-15;79182
2021-04-14;"Banskobystrický kraj";69;21260;86;21346;NA;145401;155;2021-04-14;79032
2021-04-13;"Banskobystrický kraj";130;23076;77;23153;NA;145401;207;2021-04-13;78877
2021-04-12;"Banskobystrický kraj";60;32272;130;32402;NA;145401;190;2021-04-12;78670
2021-04-11;"Banskobystrický kraj";0;41367;88;41455;NA;145401;88;2021-04-11;78480
2021-04-10;"Banskobystrický kraj";56;64728;141;64869;NA;145401;197;2021-04-10;78392
2021-04-09;"Banskobystrický kraj";106;31570;118;31688;NA;145401;224;2021-04-09;78195
2021-04-08;"Banskobystrický kraj";132;19000;148;19148;NA;145401;280;2021-04-08;77971
2021-04-07;"Banskobystrický kraj";226;25121;94;25215;NA;145401;320;2021-04-07;77691
2021-04-06;"Banskobystrický kraj";93;42496;187;42683;NA;145401;280;2021-04-06;77371
2021-04-05;"Banskobystrický kraj";15;11797;87;11884;NA;145401;102;2021-04-05;77091
2021-04-04;"Banskobystrický kraj";24;19683;79;19762;NA;145401;103;2021-04-04;76989
2021-04-03;"Banskobystrický kraj";5;72553;211;72764;NA;145401;216;2021-04-03;76886
2021-04-02;"Banskobystrický kraj";71;13455;66;13521;NA;145401;137;2021-04-02;76670
2021-04-01;"Banskobystrický kraj";171;39407;200;39607;NA;145401;371;2021-04-01;76533
2021-03-31;"Banskobystrický kraj";147;25543;161;25704;NA;145401;308;2021-03-31;76162
2021-03-30;"Banskobystrický kraj";167;21442;159;21601;NA;145401;326;2021-03-30;75854
2021-03-29;"Banskobystrický kraj";119;29491;218;29709;NA;145401;337;2021-03-29;75528
2021-03-28;"Banskobystrický kraj";25;40610;189;40799;NA;145401;214;2021-03-28;75191
2021-03-27;"Banskobystrický kraj";85;63414;260;63674;NA;145401;345;2021-03-27;74977
2021-03-26;"Banskobystrický kraj";122;43671;240;43911;NA;145401;362;2021-03-26;74632
2021-03-25;"Banskobystrický kraj";120;21598;240;21838;NA;145401;360;2021-03-25;74270
2021-03-24;"Banskobystrický kraj";200;19336;227;19563;NA;145401;427;2021-03-24;73910
2021-03-23;"Banskobystrický kraj";241;21540;257;21797;NA;145401;498;2021-03-23;73483
2021-03-22;"Banskobystrický kraj";65;30480;274;30754;NA;145401;339;2021-03-22;72985
2021-03-21;"Banskobystrický kraj";31;40039;280;40319;NA;145401;311;2021-03-21;72646
2021-03-20;"Banskobystrický kraj";119;67926;383;68309;NA;145401;502;2021-03-20;72335
2021-03-19;"Banskobystrický kraj";240;44036;306;44342;NA;145401;546;2021-03-19;71833
2021-03-18;"Banskobystrický kraj";160;22467;273;22740;NA;145401;433;2021-03-18;71287
2021-03-17;"Banskobystrický kraj";262;21573;245;21818;NA;145401;507;2021-03-17;70854
2021-03-16;"Banskobystrický kraj";340;23349;224;23573;NA;145401;564;2021-03-16;70347
2021-03-15;"Banskobystrický kraj";95;32306;366;32672;NA;145401;461;2021-03-15;69783
2021-03-14;"Banskobystrický kraj";39;39212;218;39430;NA;145401;257;2021-03-14;69322
2021-03-13;"Banskobystrický kraj";209;67463;395;67858;NA;145401;604;2021-03-13;69065
2021-03-12;"Banskobystrický kraj";206;41442;330;41772;NA;145401;536;2021-03-12;68461
2021-03-11;"Banskobystrický kraj";228;21337;274;21611;NA;145401;502;2021-03-11;67925
2021-03-10;"Banskobystrický kraj";260;20399;238;20637;NA;145401;498;2021-03-10;67423
2021-03-09;"Banskobystrický kraj";352;21790;284;22074;NA;145401;636;2021-03-09;66925
2021-03-08;"Banskobystrický kraj";191;31468;427;31895;NA;145401;618;2021-03-08;66289
2021-03-07;"Banskobystrický kraj";60;39191;295;39486;NA;145401;355;2021-03-07;65671
2021-03-06;"Banskobystrický kraj";164;70895;410;71305;NA;145401;574;2021-03-06;65316
2021-03-05;"Banskobystrický kraj";221;42336;389;42725;NA;145401;610;2021-03-05;64742
2021-03-04;"Banskobystrický kraj";226;22007;334;22341;NA;145401;560;2021-03-04;64132
2021-03-03;"Banskobystrický kraj";317;21949;331;22280;NA;145401;648;2021-03-03;63572
2021-03-02;"Banskobystrický kraj";291;23160;354;23514;NA;145401;645;2021-03-02;62924
2021-03-01;"Banskobystrický kraj";151;31773;434;32207;NA;145401;585;2021-03-01;62279
2021-02-28;"Banskobystrický kraj";45;38663;336;38999;NA;145401;381;2021-02-28;61694
2021-02-27;"Banskobystrický kraj";289;66667;529;67196;NA;145401;818;2021-02-27;61313
2021-02-26;"Banskobystrický kraj";326;39670;468;40138;NA;145401;794;2021-02-26;60495
2021-02-25;"Banskobystrický kraj";375;18081;366;18447;NA;145401;741;2021-02-25;59701
2021-02-24;"Banskobystrický kraj";332;16735;373;17108;NA;145401;705;2021-02-24;58960
2021-02-23;"Banskobystrický kraj";462;19932;439;20371;NA;145401;901;2021-02-23;58255
2021-02-22;"Banskobystrický kraj";67;28643;598;29241;NA;145401;665;2021-02-22;57354
2021-02-21;"Banskobystrický kraj";68;37619;444;38063;NA;145401;512;2021-02-21;56689
2021-02-20;"Banskobystrický kraj";280;68851;598;69449;NA;145401;878;2021-02-20;56177
2021-02-19;"Banskobystrický kraj";420;39888;511;40399;NA;145401;931;2021-02-19;55299
2021-02-18;"Banskobystrický kraj";241;18618;396;19014;NA;145401;637;2021-02-18;54368
2021-02-17;"Banskobystrický kraj";415;16740;389;17129;NA;145401;804;2021-02-17;53731
2021-02-16;"Banskobystrický kraj";338;19731;368;20099;NA;145401;706;2021-02-16;52927
2021-02-15;"Banskobystrický kraj";118;35835;591;36426;NA;145401;709;2021-02-15;52221
2021-02-14;"Banskobystrický kraj";60;31894;386;32280;NA;145401;446;2021-02-14;51512
2021-02-13;"Banskobystrický kraj";202;53889;492;54381;NA;145401;694;2021-02-13;51066
2021-02-12;"Banskobystrický kraj";312;37270;533;37803;NA;145401;845;2021-02-12;50372
2021-02-11;"Banskobystrický kraj";305;21200;386;21586;NA;145401;691;2021-02-11;49527
2021-02-10;"Banskobystrický kraj";333;14790;344;15134;NA;145401;677;2021-02-10;48836
2021-02-09;"Banskobystrický kraj";329;18504;362;18866;NA;145401;691;2021-02-09;48159
2021-02-08;"Banskobystrický kraj";103;49716;695;50411;NA;145401;798;2021-02-08;47468
2021-02-07;"Banskobystrický kraj";70;37659;335;37994;NA;145401;405;2021-02-07;46670
2021-02-06;"Banskobystrický kraj";178;69388;570;69958;NA;145401;748;2021-02-06;46265
2021-02-05;"Banskobystrický kraj";282;24577;363;24940;NA;145401;645;2021-02-05;45517
2021-02-04;"Banskobystrický kraj";240;14367;430;14797;NA;145401;670;2021-02-04;44872
2021-02-03;"Banskobystrický kraj";350;9459;255;9714;NA;145401;605;2021-02-03;44202
2021-02-02;"Banskobystrický kraj";277;15741;334;16075;NA;145401;611;2021-02-02;43597
2021-02-01;"Banskobystrický kraj";75;24346;489;24835;NA;145401;564;2021-02-01;42986
2021-01-31;"Banskobystrický kraj";34;19983;201;20184;NA;145401;235;2021-01-31;42422
2021-01-30;"Banskobystrický kraj";163;63896;525;64421;NA;145401;688;2021-01-30;42187
2021-01-29;"Banskobystrický kraj";196;17368;274;17642;NA;145401;470;2021-01-29;41499
2021-01-28;"Banskobystrický kraj";218;15613;382;15995;NA;145401;600;2021-01-28;41029
2021-01-27;"Banskobystrický kraj";191;8132;200;8332;NA;145401;391;2021-01-27;40429
2021-01-26;"Banskobystrický kraj";238;19795;283;20078;NA;145401;521;2021-01-26;40038
2021-01-25;"Banskobystrický kraj";82;33666;412;34078;NA;145401;494;2021-01-25;39517
2021-01-24;"Banskobystrický kraj";38;35587;278;35865;NA;145401;316;2021-01-24;39023
2021-01-23;"Banskobystrický kraj";142;89058;523;89581;NA;145401;665;2021-01-23;38707
2021-01-22;"Banskobystrický kraj";175;25887;355;26242;NA;145401;530;2021-01-22;38042
2021-01-21;"Banskobystrický kraj";194;17063;279;17342;NA;145401;473;2021-01-21;37512
2021-01-20;"Banskobystrický kraj";231;9142;186;9328;NA;145401;417;2021-01-20;37039
2021-01-19;"Banskobystrický kraj";213;10708;311;11019;NA;145401;524;2021-01-19;36622
2021-01-18;"Banskobystrický kraj";94;7402;401;7803;NA;145401;495;2021-01-18;36098
2021-01-17;"Banskobystrický kraj";110;8154;77;8231;NA;145401;187;2021-01-17;35603
2021-01-16;"Banskobystrický kraj";58;2274;57;2331;NA;145401;115;2021-01-16;35416
2021-01-15;"Banskobystrický kraj";164;7673;217;7890;NA;145401;381;2021-01-15;35301
2021-01-14;"Banskobystrický kraj";220;5760;325;6085;NA;145401;545;2021-01-14;34920
2021-01-13;"Banskobystrický kraj";235;5974;217;6191;NA;145401;452;2021-01-13;34375
2021-01-12;"Banskobystrický kraj";194;6600;290;6890;NA;145401;484;2021-01-12;33923
2021-01-11;"Banskobystrický kraj";76;8231;481;8712;NA;145401;557;2021-01-11;33439
2021-01-10;"Banskobystrický kraj";110;433;4;437;NA;145401;114;2021-01-10;32882
2021-01-09;"Banskobystrický kraj";297;2378;81;2459;NA;145401;378;2021-01-09;32768
2021-01-08;"Banskobystrický kraj";435;9805;443;10248;NA;145401;878;2021-01-08;32390
2021-01-07;"Banskobystrický kraj";127;6322;366;6688;NA;145401;493;2021-01-07;31512
2021-01-06;"Banskobystrický kraj";305;3374;185;3559;NA;145401;490;2021-01-06;31019
2021-01-05;"Banskobystrický kraj";372;7349;533;7882;NA;145401;905;2021-01-05;30529
2021-01-04;"Banskobystrický kraj";130;7087;700;7787;NA;145401;830;2021-01-04;29624
2021-01-03;"Banskobystrický kraj";199;320;19;339;NA;145401;218;2021-01-03;28794
2021-01-02;"Banskobystrický kraj";123;702;85;787;NA;145401;208;2021-01-02;28576
2021-01-01;"Banskobystrický kraj";220;1958;132;2090;NA;145401;352;2021-01-01;28368
2020-12-31;"Banskobystrický kraj";499;7679;633;8312;NA;145401;1132;2020-12-31;28016
2020-12-30;"Banskobystrický kraj";593;7407;541;7948;NA;145401;1134;2020-12-30;26884
2020-12-29;"Banskobystrický kraj";240;7876;660;8536;NA;145401;900;2020-12-29;25750
2020-12-28;"Banskobystrický kraj";131;6120;720;6840;NA;145401;851;2020-12-28;24850
2020-12-27;"Banskobystrický kraj";116;541;25;566;NA;145401;141;2020-12-27;23999
2020-12-26;"Banskobystrický kraj";61;295;35;330;NA;145401;96;2020-12-26;23858
2020-12-25;"Banskobystrický kraj";65;888;10;898;NA;145401;75;2020-12-25;23762
2020-12-24;"Banskobystrický kraj";452;3685;135;3820;NA;145401;587;2020-12-24;23687
2020-12-23;"Banskobystrický kraj";368;9892;473;10365;NA;145401;841;2020-12-23;23100
2020-12-22;"Banskobystrický kraj";307;8468;619;9087;NA;145401;926;2020-12-22;22259
2020-12-21;"Banskobystrický kraj";286;4922;455;5377;NA;145401;741;2020-12-21;21333
2020-12-20;"Banskobystrický kraj";155;249;14;263;NA;145401;169;2020-12-20;20592
2020-12-19;"Banskobystrický kraj";170;3084;138;3222;NA;145401;308;2020-12-19;20423
2020-12-18;"Banskobystrický kraj";432;5959;331;6290;NA;145401;763;2020-12-18;20115
2020-12-17;"Banskobystrický kraj";468;8753;653;9406;NA;145401;1121;2020-12-17;19352
2020-12-16;"Banskobystrický kraj";379;10184;567;10751;NA;145401;946;2020-12-16;18231
2020-12-15;"Banskobystrický kraj";336;5281;425;5706;NA;145401;761;2020-12-15;17285
2020-12-14;"Banskobystrický kraj";148;4012;259;4271;NA;145401;407;2020-12-14;16524
2020-12-13;"Banskobystrický kraj";122;142;1;143;NA;145401;123;2020-12-13;16117
2020-12-12;"Banskobystrický kraj";137;2714;138;2852;NA;145401;275;2020-12-12;15994
2020-12-11;"Banskobystrický kraj";468;6633;362;6995;NA;145401;830;2020-12-11;15719
2020-12-10;"Banskobystrický kraj";280;5501;369;5870;NA;145401;649;2020-12-10;14889
2020-12-09;"Banskobystrický kraj";323;3941;205;4146;NA;145401;528;2020-12-09;14240
2020-12-08;"Banskobystrický kraj";256;3782;272;4054;NA;145401;528;2020-12-08;13712
2020-12-07;"Banskobystrický kraj";175;2633;177;2810;NA;145401;352;2020-12-07;13184
2020-12-06;"Banskobystrický kraj";121;507;11;518;NA;145401;132;2020-12-06;12832
2020-12-05;"Banskobystrický kraj";109;1099;34;1133;NA;145401;143;2020-12-05;12700
2020-12-04;"Banskobystrický kraj";339;3828;174;4002;NA;145401;513;2020-12-04;12557
2020-12-03;"Banskobystrický kraj";240;3193;234;3427;NA;145401;474;2020-12-03;12044
2020-12-02;"Banskobystrický kraj";217;4442;186;4628;NA;145401;403;2020-12-02;11570
2020-12-01;"Banskobystrický kraj";215;2702;134;2836;NA;145401;349;2020-12-01;11167
2020-11-30;"Banskobystrický kraj";74;4314;241;4555;NA;145401;315;2020-11-30;10818
2020-11-29;"Banskobystrický kraj";19;208;7;215;NA;145401;26;2020-11-29;10503
2020-11-28;"Banskobystrický kraj";81;1408;55;1463;NA;145401;136;2020-11-28;10477
2020-11-27;"Banskobystrický kraj";219;2566;123;2689;NA;145401;342;2020-11-27;10341
2020-11-26;"Banskobystrický kraj";208;2124;93;2217;NA;145401;301;2020-11-26;9999
2020-11-25;"Banskobystrický kraj";170;1952;86;2038;NA;145401;256;2020-11-25;9698
2020-11-24;"Banskobystrický kraj";166;2566;69;2635;NA;145401;235;2020-11-24;9442
2020-11-23;"Banskobystrický kraj";66;10147;193;10340;NA;145401;259;2020-11-23;9207
2020-11-22;"Banskobystrický kraj";38;104;1;105;NA;145401;39;2020-11-22;8948
2020-11-21;"Banskobystrický kraj";52;904;14;918;NA;145401;66;2020-11-21;8909
2020-11-20;"Banskobystrický kraj";127;2005;107;2112;NA;145401;234;2020-11-20;8843
2020-11-19;"Banskobystrický kraj";170;1218;82;1300;NA;145401;252;2020-11-19;8609
2020-11-18;"Banskobystrický kraj";153;698;65;763;NA;145401;218;2020-11-18;8357
2020-11-17;"Banskobystrický kraj";52;578;35;613;NA;145401;87;2020-11-17;8139
2020-11-16;"Banskobystrický kraj";106;470;25;495;NA;145401;131;2020-11-16;8052
2020-11-15;"Banskobystrický kraj";52;301;4;305;NA;145401;56;2020-11-15;7921
2020-11-14;"Banskobystrický kraj";73;305;2;307;NA;145401;75;2020-11-14;7865
2020-11-13;"Banskobystrický kraj";157;552;11;563;NA;145401;168;2020-11-13;7790
2020-11-12;"Banskobystrický kraj";218;952;44;996;NA;145401;262;2020-11-12;7622
2020-11-11;"Banskobystrický kraj";224;437;9;446;NA;145401;233;2020-11-11;7360
2020-11-10;"Banskobystrický kraj";263;463;18;481;NA;145401;281;2020-11-10;7127
2020-11-09;"Banskobystrický kraj";80;2678;31;2709;NA;145401;111;2020-11-09;6846
2020-11-08;"Banskobystrický kraj";82;981;16;997;NA;145401;98;2020-11-08;6735
2020-11-07;"Banskobystrický kraj";164;8828;94;8922;NA;145401;258;2020-11-07;6637
2020-11-06;"Banskobystrický kraj";227;2496;16;2512;NA;145401;243;2020-11-06;6379
2020-11-05;"Banskobystrický kraj";240;290;33;323;NA;145401;273;2020-11-05;6136
2020-11-04;"Banskobystrický kraj";254;1366;13;1379;NA;145401;267;2020-11-04;5863
2020-11-03;"Banskobystrický kraj";246;1332;4;1336;NA;145401;250;2020-11-03;5596
2020-11-02;"Banskobystrický kraj";90;2909;65;2974;NA;145401;155;2020-11-02;5346
2020-11-01;"Banskobystrický kraj";101;2671;42;2713;NA;145401;143;2020-11-01;5191
2020-10-31;"Banskobystrický kraj";199;13516;116;13632;NA;145401;315;2020-10-31;5048
2020-10-30;"Banskobystrický kraj";254;2829;20;2849;NA;145401;274;2020-10-30;4733
2020-10-29;"Banskobystrický kraj";372;969;42;1011;NA;145401;414;2020-10-29;4459
2020-10-28;"Banskobystrický kraj";285;302;30;332;NA;145401;315;2020-10-28;4045
2020-10-27;"Banskobystrický kraj";266;654;40;694;NA;145401;306;2020-10-27;3730
2020-10-26;"Banskobystrický kraj";38;234;29;263;NA;145401;67;2020-10-26;3424
2020-10-25;"Banskobystrický kraj";50;140;11;151;NA;145401;61;2020-10-25;3357
2020-10-24;"Banskobystrický kraj";315;114;12;126;NA;145401;327;2020-10-24;3296
2020-10-23;"Banskobystrický kraj";231;230;29;259;NA;145401;260;2020-10-23;2969
2020-10-22;"Banskobystrický kraj";264;253;24;277;NA;145401;288;2020-10-22;2709
2020-10-21;"Banskobystrický kraj";209;266;3;269;NA;145401;212;2020-10-21;2421
2020-10-20;"Banskobystrický kraj";210;66;3;69;NA;145401;213;2020-10-20;2209
2020-10-19;"Banskobystrický kraj";27;73;12;85;NA;145401;39;2020-10-19;1996
2020-10-18;"Banskobystrický kraj";49;0;0;0;NA;145401;49;2020-10-18;1957
2020-10-17;"Banskobystrický kraj";91;0;0;0;NA;145401;91;2020-10-17;1908
2020-10-16;"Banskobystrický kraj";224;37;3;40;NA;145401;227;2020-10-16;1817
2020-10-15;"Banskobystrický kraj";133;29;1;30;NA;145401;134;2020-10-15;1590
2020-10-14;"Banskobystrický kraj";139;31;1;32;NA;145401;140;2020-10-14;1456
2020-10-13;"Banskobystrický kraj";151;169;11;180;NA;145401;162;2020-10-13;1316
2020-10-12;"Banskobystrický kraj";11;110;4;114;NA;145401;15;2020-10-12;1154
2020-10-11;"Banskobystrický kraj";14;0;0;0;NA;145401;14;2020-10-11;1139
2020-10-10;"Banskobystrický kraj";53;0;0;0;NA;145401;53;2020-10-10;1125
2020-10-09;"Banskobystrický kraj";128;0;0;0;NA;145401;128;2020-10-09;1072
2020-10-08;"Banskobystrický kraj";99;0;0;0;NA;145401;99;2020-10-08;944
2020-10-07;"Banskobystrický kraj";124;0;0;0;NA;145401;124;2020-10-07;845
2020-10-06;"Banskobystrický kraj";68;0;0;0;NA;145401;68;2020-10-06;721
2020-10-05;"Banskobystrický kraj";49;0;0;0;NA;145401;49;2020-10-05;653
2020-10-04;"Banskobystrický kraj";8;0;0;0;NA;145401;8;2020-10-04;604
2020-10-03;"Banskobystrický kraj";37;0;0;0;NA;145401;37;2020-10-03;596
2020-10-02;"Banskobystrický kraj";74;0;0;0;NA;145401;74;2020-10-02;559
2020-10-01;"Banskobystrický kraj";49;16;0;16;NA;145401;49;2020-10-01;485
2020-09-30;"Banskobystrický kraj";60;0;0;0;NA;145401;60;2020-09-30;436
2020-09-29;"Banskobystrický kraj";24;0;0;0;NA;145401;24;2020-09-29;376
2020-09-28;"Banskobystrický kraj";0;0;0;0;NA;145401;0;2020-09-28;352
2020-09-27;"Banskobystrický kraj";20;0;0;0;NA;145401;20;2020-09-27;352
2020-09-26;"Banskobystrický kraj";24;0;0;0;NA;145401;24;2020-09-26;332
2020-09-25;"Banskobystrický kraj";29;0;0;0;NA;145401;29;2020-09-25;308
2020-09-24;"Banskobystrický kraj";25;0;0;0;NA;145401;25;2020-09-24;279
2020-09-23;"Banskobystrický kraj";17;0;0;0;NA;145401;17;2020-09-23;254
2020-09-22;"Banskobystrický kraj";25;0;0;0;NA;145401;25;2020-09-22;237
2020-09-21;"Banskobystrický kraj";3;0;0;0;NA;145401;3;2020-09-21;212
2020-09-20;"Banskobystrický kraj";0;0;0;0;NA;145401;0;2020-09-20;209
2020-09-19;"Banskobystrický kraj";3;0;0;0;NA;145401;3;2020-09-19;209
2020-09-18;"Banskobystrický kraj";24;0;0;0;NA;145401;24;2020-09-18;206
2020-09-17;"Banskobystrický kraj";14;0;0;0;NA;145401;14;2020-09-17;182
2020-09-16;"Banskobystrický kraj";6;0;0;0;NA;145401;6;2020-09-16;168
2020-09-15;"Banskobystrický kraj";2;0;0;0;NA;145401;2;2020-09-15;162
2020-09-14;"Banskobystrický kraj";13;0;0;0;NA;145401;13;2020-09-14;160
2020-09-13;"Banskobystrický kraj";1;0;0;0;NA;145401;1;2020-09-13;147
2020-09-12;"Banskobystrický kraj";5;0;0;0;NA;145401;5;2020-09-12;146
2020-09-11;"Banskobystrický kraj";19;0;0;0;NA;145401;19;2020-09-11;141
2020-09-10;"Banskobystrický kraj";11;0;0;0;NA;145401;11;2020-09-10;122
2020-09-09;"Banskobystrický kraj";13;0;0;0;NA;145401;13;2020-09-09;111
2020-09-08;"Banskobystrický kraj";5;0;0;0;NA;145401;5;2020-09-08;98
2020-09-07;"Banskobystrický kraj";2;0;0;0;NA;145401;2;2020-09-07;93
2020-09-06;"Banskobystrický kraj";0;0;0;0;NA;145401;0;2020-09-06;91
2020-09-05;"Banskobystrický kraj";0;0;0;0;NA;145401;0;2020-09-05;91
2020-09-04;"Banskobystrický kraj";9;0;0;0;NA;145401;9;2020-09-04;91
2020-09-03;"Banskobystrický kraj";5;0;0;0;NA;145401;5;2020-09-03;82
2020-09-02;"Banskobystrický kraj";6;0;0;0;NA;145401;6;2020-09-02;77
2020-09-01;"Banskobystrický kraj";2;0;0;0;NA;145401;2;2020-09-01;71
2020-08-31;"Banskobystrický kraj";6;0;0;0;NA;145401;6;2020-08-31;69
2020-08-30;"Banskobystrický kraj";0;0;0;0;NA;145401;0;2020-08-30;63
2020-08-29;"Banskobystrický kraj";1;0;0;0;NA;145401;1;2020-08-29;63
2020-08-28;"Banskobystrický kraj";3;0;0;0;NA;145401;3;2020-08-28;62
2020-08-27;"Banskobystrický kraj";1;0;0;0;NA;145401;1;2020-08-27;59
2020-08-26;"Banskobystrický kraj";2;0;0;0;NA;145401;2;2020-08-26;58
2020-08-25;"Banskobystrický kraj";2;0;0;0;NA;145401;2;2020-08-25;56
2020-08-24;"Banskobystrický kraj";0;0;0;0;NA;145401;0;2020-08-24;54
2020-08-23;"Banskobystrický kraj";0;0;0;0;NA;145401;0;2020-08-23;54
2020-08-22;"Banskobystrický kraj";0;0;0;0;NA;145401;0;2020-08-22;54
2020-08-21;"Banskobystrický kraj";4;0;0;0;NA;145401;4;2020-08-21;54
2020-08-20;"Banskobystrický kraj";1;0;0;0;NA;145401;1;2020-08-20;50
2020-08-19;"Banskobystrický kraj";4;0;0;0;NA;145401;4;2020-08-19;49
2020-08-18;"Banskobystrický kraj";0;0;0;0;NA;145401;0;2020-08-18;45
2020-08-17;"Banskobystrický kraj";1;0;0;0;NA;145401;1;2020-08-17;45
2020-08-16;"Banskobystrický kraj";0;0;0;0;NA;145401;0;2020-08-16;44
2020-08-15;"Banskobystrický kraj";0;0;0;0;NA;145401;0;2020-08-15;44
2020-08-14;"Banskobystrický kraj";5;0;0;0;NA;145401;5;2020-08-14;44
2020-08-13;"Banskobystrický kraj";0;0;0;0;NA;145401;0;2020-08-13;39
2020-08-12;"Banskobystrický kraj";0;0;0;0;NA;145401;0;2020-08-12;39
2020-08-11;"Banskobystrický kraj";2;0;0;0;NA;145401;2;2020-08-11;39
2020-08-10;"Banskobystrický kraj";3;0;0;0;NA;145401;3;2020-08-10;37
2020-08-09;"Banskobystrický kraj";0;0;0;0;NA;145401;0;2020-08-09;34
2020-08-08;"Banskobystrický kraj";2;0;0;0;NA;145401;2;2020-08-08;34
2020-08-07;"Banskobystrický kraj";1;0;0;0;NA;145401;1;2020-08-07;32
2020-08-06;"Banskobystrický kraj";1;0;0;0;NA;145401;1;2020-08-06;31
2020-08-05;"Banskobystrický kraj";0;0;0;0;NA;145401;0;2020-08-05;30
2020-08-04;"Banskobystrický kraj";3;0;0;0;NA;145401;3;2020-08-04;30
2020-08-03;"Banskobystrický kraj";0;0;0;0;NA;145401;0;2020-08-03;27
2020-08-02;"Banskobystrický kraj";0;0;0;0;NA;145401;0;2020-08-02;27
2020-08-01;"Banskobystrický kraj";1;0;0;0;NA;145401;1;2020-08-01;27
2020-07-31;"Banskobystrický kraj";2;0;0;0;NA;145401;2;2020-07-31;26
2020-07-30;"Banskobystrický kraj";1;0;0;0;NA;145401;1;2020-07-30;24
2020-07-29;"Banskobystrický kraj";0;0;0;0;NA;145401;0;2020-07-29;23
2020-07-28;"Banskobystrický kraj";2;0;0;0;NA;145401;2;2020-07-28;23
2020-07-27;"Banskobystrický kraj";3;0;0;0;NA;145401;3;2020-07-27;21
2020-07-26;"Banskobystrický kraj";0;0;0;0;NA;145401;0;2020-07-26;18
2020-07-25;"Banskobystrický kraj";0;0;0;0;NA;145401;0;2020-07-25;18
2020-07-24;"Banskobystrický kraj";9;0;0;0;NA;145401;9;2020-07-24;18
2020-07-23;"Banskobystrický kraj";0;0;0;0;NA;145401;0;2020-07-23;9
2020-07-22;"Banskobystrický kraj";3;0;0;0;NA;145401;3;2020-07-22;9
2020-07-21;"Banskobystrický kraj";3;0;0;0;NA;145401;3;2020-07-21;6
2020-07-20;"Banskobystrický kraj";1;0;0;0;NA;145401;1;2020-07-20;3
2020-07-19;"Banskobystrický kraj";1;0;0;0;NA;145401;1;2020-07-19;2
2020-07-18;"Banskobystrický kraj";0;0;0;0;NA;145401;0;2020-07-18;1
2020-07-17;"Banskobystrický kraj";2;0;0;0;NA;145401;2;2020-07-17;1
2020-07-16;"Banskobystrický kraj";1;0;0;0;NA;145401;1;2020-07-16;-1
2020-07-15;"Banskobystrický kraj";4;0;0;0;NA;145401;4;2020-07-15;-2
2020-07-14;"Banskobystrický kraj";2;0;0;0;NA;145401;2;2020-07-14;-6
2020-07-13;"Banskobystrický kraj";1;0;0;0;NA;145401;1;2020-07-13;-8
2020-07-12;"Banskobystrický kraj";0;0;0;0;NA;145401;0;2020-07-12;-9
2020-07-11;"Banskobystrický kraj";0;0;0;0;NA;145401;0;2020-07-11;-9
2020-07-10;"Banskobystrický kraj";3;0;0;0;NA;145401;3;2020-07-10;-9
2020-07-09;"Banskobystrický kraj";9;0;0;0;NA;145401;9;2020-07-09;-12
2020-07-08;"Banskobystrický kraj";0;0;0;0;NA;145401;0;2020-07-08;-21
2020-07-07;"Banskobystrický kraj";4;0;0;0;NA;145401;4;2020-07-07;-21
2020-07-06;"Banskobystrický kraj";0;0;0;0;NA;145401;0;2020-07-06;-25
2020-07-05;"Banskobystrický kraj";0;0;0;0;NA;145401;0;2020-07-05;-25
2020-07-04;"Banskobystrický kraj";1;0;0;0;NA;145401;1;2020-07-04;-25
2020-07-03;"Banskobystrický kraj";4;0;0;0;NA;145401;4;2020-07-03;-26
2020-07-02;"Banskobystrický kraj";0;0;0;0;NA;145401;0;2020-07-02;-30
2020-07-01;"Banskobystrický kraj";1;0;0;0;NA;145401;1;2020-07-01;-30
2020-06-30;"Banskobystrický kraj";0;12;0;12;NA;145401;0;2020-06-30;-31
2020-06-29;"Banskobystrický kraj";0;0;0;0;NA;145401;0;2020-06-29;-31
2020-06-28;"Banskobystrický kraj";0;0;0;0;NA;145401;0;2020-06-28;-31
2020-06-27;"Banskobystrický kraj";0;0;0;0;NA;145401;0;2020-06-27;-31
2020-06-26;"Banskobystrický kraj";0;0;0;0;NA;145401;0;2020-06-26;-31
2020-06-25;"Banskobystrický kraj";1;0;0;0;NA;145401;1;2020-06-25;-31
2020-06-24;"Banskobystrický kraj";0;0;0;0;NA;145401;0;2020-06-24;-32
2020-06-23;"Banskobystrický kraj";6;0;0;0;NA;145401;6;2020-06-23;-32
2020-06-22;"Banskobystrický kraj";0;0;0;0;NA;145401;0;2020-06-22;-38
2020-06-21;"Banskobystrický kraj";0;0;0;0;NA;145401;0;2020-06-21;-38
2020-06-20;"Banskobystrický kraj";0;0;0;0;NA;145401;0;2020-06-20;-38
2020-06-19;"Banskobystrický kraj";2;0;0;0;NA;145401;2;2020-06-19;-38
2020-06-18;"Banskobystrický kraj";10;0;0;0;NA;145401;10;2020-06-18;-40
2020-06-17;"Banskobystrický kraj";1;0;0;0;NA;145401;1;2020-06-17;-50
2020-06-16;"Banskobystrický kraj";0;0;0;0;NA;145401;0;2020-06-16;-51
2020-06-14;"Banskobystrický kraj";2;0;0;0;NA;145401;2;2020-06-14;-51
2020-06-13;"Banskobystrický kraj";2;0;0;0;NA;145401;2;2020-06-13;-53
2020-06-12;"Banskobystrický kraj";0;0;0;0;NA;145401;0;2020-06-12;-55
2020-06-11;"Banskobystrický kraj";1;0;0;0;NA;145401;1;2020-06-11;-55
2020-06-10;"Banskobystrický kraj";0;0;0;0;NA;145401;0;2020-06-10;-56
2020-06-09;"Banskobystrický kraj";0;0;0;0;NA;145401;0;2020-06-09;-56
2020-06-08;"Banskobystrický kraj";0;0;0;0;NA;145401;0;2020-06-08;-56
2020-06-07;"Banskobystrický kraj";0;0;0;0;NA;145401;0;2020-06-07;-56
2020-06-05;"Banskobystrický kraj";2;0;0;0;NA;145401;2;2020-06-05;-56
2020-06-03;"Banskobystrický kraj";0;0;0;0;NA;145401;0;2020-06-03;-58
2020-06-02;"Banskobystrický kraj";0;0;0;0;NA;145401;0;2020-06-02;-58
2020-05-31;"Banskobystrický kraj";0;0;0;0;NA;145401;0;2020-05-31;-58
2020-05-29;"Banskobystrický kraj";0;0;0;0;NA;145401;0;2020-05-29;-58
2020-05-27;"Banskobystrický kraj";1;0;0;0;NA;145401;1;2020-05-27;-58
2020-05-26;"Banskobystrický kraj";0;0;0;0;NA;145401;0;2020-05-26;-59
2020-05-25;"Banskobystrický kraj";0;0;0;0;NA;145401;0;2020-05-25;-59
2020-05-24;"Banskobystrický kraj";0;0;0;0;NA;145401;0;2020-05-24;-59
2020-05-23;"Banskobystrický kraj";1;0;0;0;NA;145401;1;2020-05-23;-59
2020-05-22;"Banskobystrický kraj";0;0;0;0;NA;145401;0;2020-05-22;-60
2020-05-21;"Banskobystrický kraj";0;0;0;0;NA;145401;0;2020-05-21;-60
2020-05-20;"Banskobystrický kraj";1;0;0;0;NA;145401;1;2020-05-20;-60
2020-05-19;"Banskobystrický kraj";0;0;0;0;NA;145401;0;2020-05-19;-61
2020-05-17;"Banskobystrický kraj";0;0;0;0;NA;145401;0;2020-05-17;-61
2020-05-16;"Banskobystrický kraj";0;0;0;0;NA;145401;0;2020-05-16;-61
2020-05-15;"Banskobystrický kraj";0;0;0;0;NA;145401;0;2020-05-15;-61
2020-05-14;"Banskobystrický kraj";0;0;0;0;NA;145401;0;2020-05-14;-61
2020-05-13;"Banskobystrický kraj";0;0;0;0;NA;145401;0;2020-05-13;-61
2020-05-12;"Banskobystrický kraj";1;0;0;0;NA;145401;1;2020-05-12;-61
2020-05-11;"Banskobystrický kraj";0;0;0;0;NA;145401;0;2020-05-11;-62
2020-05-09;"Banskobystrický kraj";0;0;0;0;NA;145401;0;2020-05-09;-62
2020-05-07;"Banskobystrický kraj";2;0;0;0;NA;145401;2;2020-05-07;-62
2020-05-06;"Banskobystrický kraj";1;0;0;0;NA;145401;1;2020-05-06;-64
2020-05-05;"Banskobystrický kraj";2;0;0;0;NA;145401;2;2020-05-05;-65
2020-05-04;"Banskobystrický kraj";0;0;0;0;NA;145401;0;2020-05-04;-67
2020-05-03;"Banskobystrický kraj";0;0;0;0;NA;145401;0;2020-05-03;-67
2020-05-02;"Banskobystrický kraj";0;0;0;0;NA;145401;0;2020-05-02;-67
2020-05-01;"Banskobystrický kraj";0;0;0;0;NA;145401;0;2020-05-01;-67
2020-04-30;"Banskobystrický kraj";1;0;0;0;NA;145401;1;2020-04-30;-67
2020-04-29;"Banskobystrický kraj";1;0;0;0;NA;145401;1;2020-04-29;-68
2020-04-28;"Banskobystrický kraj";0;0;0;0;NA;145401;0;2020-04-28;-69
2020-04-27;"Banskobystrický kraj";0;0;0;0;NA;145401;0;2020-04-27;-69
2020-04-26;"Banskobystrický kraj";0;0;0;0;NA;145401;0;2020-04-26;-69
2020-04-25;"Banskobystrický kraj";2;0;0;0;NA;145401;2;2020-04-25;-69
2020-04-24;"Banskobystrický kraj";3;0;0;0;NA;145401;3;2020-04-24;-71
2020-04-23;"Banskobystrický kraj";2;0;0;0;NA;145401;2;2020-04-23;-74
2020-04-22;"Banskobystrický kraj";2;0;0;0;NA;145401;2;2020-04-22;-76
2020-04-21;"Banskobystrický kraj";2;0;0;0;NA;145401;2;2020-04-21;-78
2020-04-20;"Banskobystrický kraj";0;0;0;0;NA;145401;0;2020-04-20;-80
2020-04-19;"Banskobystrický kraj";0;0;0;0;NA;145401;0;2020-04-19;-80
2020-04-18;"Banskobystrický kraj";8;0;0;0;NA;145401;8;2020-04-18;-80
2020-04-17;"Banskobystrický kraj";2;0;0;0;NA;145401;2;2020-04-17;-88
2020-04-16;"Banskobystrický kraj";0;0;0;0;NA;145401;0;2020-04-16;-90
2020-04-15;"Banskobystrický kraj";10;0;0;0;NA;145401;10;2020-04-15;-90
2020-04-14;"Banskobystrický kraj";0;0;0;0;NA;145401;0;2020-04-14;-100
2020-04-13;"Banskobystrický kraj";2;0;0;0;NA;145401;2;2020-04-13;-100
2020-04-12;"Banskobystrický kraj";4;0;0;0;NA;145401;4;2020-04-12;-102
2020-04-11;"Banskobystrický kraj";1;0;0;0;NA;145401;1;2020-04-11;-106
2020-04-10;"Banskobystrický kraj";0;0;0;0;NA;145401;0;2020-04-10;-107
2020-04-09;"Banskobystrický kraj";2;0;0;0;NA;145401;2;2020-04-09;-107
2020-04-08;"Banskobystrický kraj";0;0;0;0;NA;145401;0;2020-04-08;-109
2020-04-07;"Banskobystrický kraj";4;0;0;0;NA;145401;4;2020-04-07;-109
2020-04-06;"Banskobystrický kraj";10;0;0;0;NA;145401;10;2020-04-06;-113
2020-04-05;"Banskobystrický kraj";9;0;0;0;NA;145401;9;2020-04-05;-123
2020-04-04;"Banskobystrický kraj";0;0;0;0;NA;145401;0;2020-04-04;-132
2020-04-03;"Banskobystrický kraj";2;0;0;0;NA;145401;2;2020-04-03;-132
2020-04-02;"Banskobystrický kraj";2;0;0;0;NA;145401;2;2020-04-02;-134
2020-04-01;"Banskobystrický kraj";5;0;0;0;NA;145401;5;2020-04-01;-136
2020-03-31;"Banskobystrický kraj";3;0;0;0;NA;145401;3;2020-03-31;-141
2020-03-30;"Banskobystrický kraj";1;0;0;0;NA;145401;1;2020-03-30;-144
2020-03-29;"Banskobystrický kraj";2;0;0;0;NA;145401;2;2020-03-29;-145
2020-03-28;"Banskobystrický kraj";1;0;0;0;NA;145401;1;2020-03-28;-147
2020-03-27;"Banskobystrický kraj";1;0;0;0;NA;145401;1;2020-03-27;-148
2020-03-26;"Banskobystrický kraj";1;0;0;0;NA;145401;1;2020-03-26;-149
2020-03-25;"Banskobystrický kraj";0;0;0;0;NA;145401;0;2020-03-25;-150
2020-03-24;"Banskobystrický kraj";1;0;0;0;NA;145401;1;2020-03-24;-150
2020-03-23;"Banskobystrický kraj";1;0;0;0;NA;145401;1;2020-03-23;-151
2020-03-22;"Banskobystrický kraj";0;0;0;0;NA;145401;0;2020-03-22;-152
2020-03-21;"Banskobystrický kraj";3;0;0;0;NA;145401;3;2020-03-21;-152
2020-03-20;"Banskobystrický kraj";0;0;0;0;NA;145401;0;2020-03-20;-155
2020-03-19;"Banskobystrický kraj";2;0;0;0;NA;145401;2;2020-03-19;-155
2020-03-18;"Banskobystrický kraj";1;0;0;0;NA;145401;1;2020-03-18;-157
2020-03-17;"Banskobystrický kraj";1;0;0;0;NA;145401;1;2020-03-17;-158
2020-03-16;"Banskobystrický kraj";0;0;0;0;NA;145401;0;2020-03-16;-159
2020-03-15;"Banskobystrický kraj";1;0;0;0;NA;145401;1;2020-03-15;-159
2020-03-14;"Banskobystrický kraj";0;0;0;0;NA;145401;0;2020-03-14;-160
2020-03-13;"Banskobystrický kraj";1;0;0;0;NA;145401;1;2020-03-13;-160
2020-03-12;"Banskobystrický kraj";0;0;0;0;NA;145401;0;2020-03-12;-161
2020-03-11;"Banskobystrický kraj";0;0;0;0;NA;145401;0;2020-03-11;-161
2020-03-09;"Banskobystrický kraj";0;0;0;0;NA;145401;0;2020-03-09;-161
2020-03-08;"Banskobystrický kraj";0;0;0;0;NA;145401;0;2020-03-08;-161
2020-03-07;"Banskobystrický kraj";0;0;0;0;NA;145401;0;2020-03-07;-161
2020-03-06;"Banskobystrický kraj";0;0;0;0;NA;145401;0;2020-03-06;-161
2021-12-12;"Bratislavský kraj";534;2063;70;2133;92995;156901;604;2021-12-12;156901
2021-12-11;"Bratislavský kraj";698;1674;91;1765;NA;156901;789;2021-12-11;156297
2021-12-10;"Bratislavský kraj";796;3892;114;4006;NA;156901;910;2021-12-10;155508
2021-12-09;"Bratislavský kraj";1040;3791;163;3954;NA;156901;1203;2021-12-09;154598
2021-12-08;"Bratislavský kraj";1172;4542;195;4737;NA;156901;1367;2021-12-08;153395
2021-12-07;"Bratislavský kraj";1236;5123;254;5377;NA;156901;1490;2021-12-07;152028
2021-12-06;"Bratislavský kraj";1434;8579;304;8883;NA;156901;1738;2021-12-06;150538
2021-12-05;"Bratislavský kraj";633;3852;195;4047;NA;156901;828;2021-12-05;148800
2021-12-04;"Bratislavský kraj";936;4150;183;4333;NA;156901;1119;2021-12-04;147972
2021-12-03;"Bratislavský kraj";1222;4346;268;4614;NA;156901;1490;2021-12-03;146853
2021-12-02;"Bratislavský kraj";2053;5097;311;5408;NA;156901;2364;2021-12-02;145363
2021-12-01;"Bratislavský kraj";1161;9048;295;9343;NA;156901;1456;2021-12-01;142999
2021-11-30;"Bratislavský kraj";1442;6508;355;6863;NA;156901;1797;2021-11-30;141543
2021-11-29;"Bratislavský kraj";863;8819;452;9271;NA;156901;1315;2021-11-29;139746
2021-11-28;"Bratislavský kraj";617;5102;295;5397;NA;156901;912;2021-11-28;138431
2021-11-27;"Bratislavský kraj";1026;3497;329;3826;NA;156901;1355;2021-11-27;137519
2021-11-26;"Bratislavský kraj";1346;5478;422;5900;NA;156901;1768;2021-11-26;136164
2021-11-25;"Bratislavský kraj";1415;6383;451;6834;NA;156901;1866;2021-11-25;134396
2021-11-24;"Bratislavský kraj";1286;6849;467;7316;NA;156901;1753;2021-11-24;132530
2021-11-23;"Bratislavský kraj";1651;6351;433;6784;NA;156901;2084;2021-11-23;130777
2021-11-22;"Bratislavský kraj";1197;8722;584;9306;NA;156901;1781;2021-11-22;128693
2021-11-21;"Bratislavský kraj";702;4324;320;4644;NA;156901;1022;2021-11-21;126912
2021-11-20;"Bratislavský kraj";1005;3514;360;3874;NA;156901;1365;2021-11-20;125890
2021-11-19;"Bratislavský kraj";1444;5927;549;6476;NA;156901;1993;2021-11-19;124525
2021-11-18;"Bratislavský kraj";1052;6358;548;6906;NA;156901;1600;2021-11-18;122532
2021-11-17;"Bratislavský kraj";832;2439;308;2747;NA;156901;1140;2021-11-17;120932
2021-11-16;"Bratislavský kraj";1067;5792;443;6235;NA;156901;1510;2021-11-16;119792
2021-11-15;"Bratislavský kraj";1014;6330;519;6849;NA;156901;1533;2021-11-15;118282
2021-11-14;"Bratislavský kraj";448;3202;335;3537;NA;156901;783;2021-11-14;116749
2021-11-13;"Bratislavský kraj";587;3251;313;3564;NA;156901;900;2021-11-13;115966
2021-11-12;"Bratislavský kraj";856;5723;357;6080;NA;156901;1213;2021-11-12;115066
2021-11-11;"Bratislavský kraj";787;6028;355;6383;NA;156901;1142;2021-11-11;113853
2021-11-10;"Bratislavský kraj";840;5903;385;6288;NA;156901;1225;2021-11-10;112711
2021-11-09;"Bratislavský kraj";939;5733;350;6083;NA;156901;1289;2021-11-09;111486
2021-11-08;"Bratislavský kraj";579;5641;404;6045;NA;156901;983;2021-11-08;110197
2021-11-07;"Bratislavský kraj";363;2836;244;3080;NA;156901;607;2021-11-07;109214
2021-11-06;"Bratislavský kraj";538;2901;243;3144;NA;156901;781;2021-11-06;108607
2021-11-05;"Bratislavský kraj";801;5640;318;5958;NA;156901;1119;2021-11-05;107826
2021-11-04;"Bratislavský kraj";768;5233;273;5506;NA;156901;1041;2021-11-04;106707
2021-11-03;"Bratislavský kraj";690;5120;290;5410;NA;156901;980;2021-11-03;105666
2021-11-02;"Bratislavský kraj";422;6356;327;6683;NA;156901;749;2021-11-02;104686
2021-11-01;"Bratislavský kraj";395;1726;136;1862;NA;156901;531;2021-11-01;103937
2021-10-31;"Bratislavský kraj";209;2280;163;2443;NA;156901;372;2021-10-31;103406
2021-10-30;"Bratislavský kraj";429;2138;118;2256;NA;156901;547;2021-10-30;103034
2021-10-29;"Bratislavský kraj";445;4757;219;4976;NA;156901;664;2021-10-29;102487
2021-10-28;"Bratislavský kraj";372;4777;179;4956;NA;156901;551;2021-10-28;101823
2021-10-27;"Bratislavský kraj";376;4522;164;4686;NA;156901;540;2021-10-27;101272
2021-10-26;"Bratislavský kraj";461;4492;188;4680;NA;156901;649;2021-10-26;100732
2021-10-25;"Bratislavský kraj";379;5347;192;5539;NA;156901;571;2021-10-25;100083
2021-10-24;"Bratislavský kraj";114;2369;91;2460;NA;156901;205;2021-10-24;99512
2021-10-23;"Bratislavský kraj";301;2666;91;2757;NA;156901;392;2021-10-23;99307
2021-10-22;"Bratislavský kraj";309;4455;122;4577;NA;156901;431;2021-10-22;98915
2021-10-21;"Bratislavský kraj";244;4544;101;4645;NA;156901;345;2021-10-21;98484
2021-10-20;"Bratislavský kraj";262;3897;95;3992;NA;156901;357;2021-10-20;98139
2021-10-19;"Bratislavský kraj";260;4116;68;4184;NA;156901;328;2021-10-19;97782
2021-10-18;"Bratislavský kraj";250;5014;114;5128;NA;156901;364;2021-10-18;97454
2021-10-17;"Bratislavský kraj";54;2460;73;2533;NA;156901;127;2021-10-17;97090
2021-10-16;"Bratislavský kraj";185;2687;63;2750;NA;156901;248;2021-10-16;96963
2021-10-15;"Bratislavský kraj";169;4200;64;4264;NA;156901;233;2021-10-15;96715
2021-10-14;"Bratislavský kraj";173;4714;61;4775;NA;156901;234;2021-10-14;96482
2021-10-13;"Bratislavský kraj";143;3671;76;3747;NA;156901;219;2021-10-13;96248
2021-10-12;"Bratislavský kraj";183;4037;78;4115;NA;156901;261;2021-10-12;96029
2021-10-11;"Bratislavský kraj";191;4798;88;4886;NA;156901;279;2021-10-11;95768
2021-10-10;"Bratislavský kraj";29;2176;43;2219;NA;156901;72;2021-10-10;95489
2021-10-09;"Bratislavský kraj";141;2419;34;2453;NA;156901;175;2021-10-09;95417
2021-10-08;"Bratislavský kraj";130;4511;63;4574;NA;156901;193;2021-10-08;95242
2021-10-07;"Bratislavský kraj";92;4137;61;4198;NA;156901;153;2021-10-07;95049
2021-10-06;"Bratislavský kraj";147;4026;68;4094;NA;156901;215;2021-10-06;94896
2021-10-05;"Bratislavský kraj";164;4468;70;4538;NA;156901;234;2021-10-05;94681
2021-10-04;"Bratislavský kraj";129;4653;79;4732;NA;156901;208;2021-10-04;94447
2021-10-03;"Bratislavský kraj";41;2144;42;2186;NA;156901;83;2021-10-03;94239
2021-10-02;"Bratislavský kraj";104;2605;40;2645;NA;156901;144;2021-10-02;94156
2021-10-01;"Bratislavský kraj";108;4809;57;4866;NA;156901;165;2021-10-01;94012
2021-09-30;"Bratislavský kraj";90;3854;60;3914;NA;156901;150;2021-09-30;93847
2021-09-29;"Bratislavský kraj";115;3508;58;3566;NA;156901;173;2021-09-29;93697
2021-09-28;"Bratislavský kraj";144;4003;48;4051;NA;156901;192;2021-09-28;93524
2021-09-27;"Bratislavský kraj";123;4427;70;4497;NA;156901;193;2021-09-27;93332
2021-09-26;"Bratislavský kraj";32;2194;31;2225;NA;156901;63;2021-09-26;93139
2021-09-25;"Bratislavský kraj";85;2742;38;2780;NA;156901;123;2021-09-25;93076
2021-09-24;"Bratislavský kraj";82;4207;59;4266;NA;156901;141;2021-09-24;92953
2021-09-23;"Bratislavský kraj";90;3975;51;4026;NA;156901;141;2021-09-23;92812
2021-09-22;"Bratislavský kraj";84;3757;63;3820;NA;156901;147;2021-09-22;92671
2021-09-21;"Bratislavský kraj";95;3574;39;3613;NA;156901;134;2021-09-21;92524
2021-09-20;"Bratislavský kraj";84;3937;31;3968;NA;156901;115;2021-09-20;92390
2021-09-19;"Bratislavský kraj";31;1850;28;1878;NA;156901;59;2021-09-19;92275
2021-09-18;"Bratislavský kraj";60;1989;19;2008;NA;156901;79;2021-09-18;92216
2021-09-17;"Bratislavský kraj";87;3443;27;3470;NA;156901;114;2021-09-17;92137
2021-09-16;"Bratislavský kraj";57;3772;43;3815;NA;156901;100;2021-09-16;92023
2021-09-15;"Bratislavský kraj";41;1104;21;1125;NA;156901;62;2021-09-15;91923
2021-09-14;"Bratislavský kraj";78;3518;31;3549;NA;156901;109;2021-09-14;91861
2021-09-13;"Bratislavský kraj";47;3191;28;3219;NA;156901;75;2021-09-13;91752
2021-09-12;"Bratislavský kraj";13;1713;21;1734;NA;156901;34;2021-09-12;91677
2021-09-11;"Bratislavský kraj";36;2064;13;2077;NA;156901;49;2021-09-11;91643
2021-09-10;"Bratislavský kraj";47;3628;18;3646;NA;156901;65;2021-09-10;91594
2021-09-09;"Bratislavský kraj";50;3010;30;3040;NA;156901;80;2021-09-09;91529
2021-09-08;"Bratislavský kraj";56;2925;20;2945;NA;156901;76;2021-09-08;91449
2021-09-07;"Bratislavský kraj";50;3272;18;3290;NA;156901;68;2021-09-07;91373
2021-09-06;"Bratislavský kraj";63;2811;29;2840;NA;156901;92;2021-09-06;91305
2021-09-05;"Bratislavský kraj";10;1682;14;1696;NA;156901;24;2021-09-05;91213
2021-09-04;"Bratislavský kraj";41;2612;11;2623;NA;156901;52;2021-09-04;91189
2021-09-03;"Bratislavský kraj";55;3016;14;3030;NA;156901;69;2021-09-03;91137
2021-09-02;"Bratislavský kraj";35;2423;23;2446;NA;156901;58;2021-09-02;91068
2021-09-01;"Bratislavský kraj";16;929;9;938;NA;156901;25;2021-09-01;91010
2021-08-31;"Bratislavský kraj";28;5197;22;5219;NA;156901;50;2021-08-31;90985
2021-08-30;"Bratislavský kraj";24;2403;13;2416;NA;156901;37;2021-08-30;90935
2021-08-29;"Bratislavský kraj";11;1016;6;1022;NA;156901;17;2021-08-29;90898
2021-08-28;"Bratislavský kraj";24;1714;11;1725;NA;156901;35;2021-08-28;90881
2021-08-27;"Bratislavský kraj";19;2850;9;2859;NA;156901;28;2021-08-27;90846
2021-08-26;"Bratislavský kraj";15;2382;19;2401;NA;156901;34;2021-08-26;90818
2021-08-25;"Bratislavský kraj";29;1888;10;1898;NA;156901;39;2021-08-25;90784
2021-08-24;"Bratislavský kraj";22;1785;4;1789;NA;156901;26;2021-08-24;90745
2021-08-23;"Bratislavský kraj";21;2183;7;2190;NA;156901;28;2021-08-23;90719
2021-08-22;"Bratislavský kraj";5;1383;8;1391;NA;156901;13;2021-08-22;90691
2021-08-21;"Bratislavský kraj";18;1681;4;1685;NA;156901;22;2021-08-21;90678
2021-08-20;"Bratislavský kraj";27;2743;19;2762;NA;156901;46;2021-08-20;90656
2021-08-19;"Bratislavský kraj";15;2122;9;2131;NA;156901;24;2021-08-19;90610
2021-08-18;"Bratislavský kraj";16;1659;11;1670;NA;156901;27;2021-08-18;90586
2021-08-17;"Bratislavský kraj";18;1600;5;1605;NA;156901;23;2021-08-17;90559
2021-08-16;"Bratislavský kraj";18;2559;12;2571;NA;156901;30;2021-08-16;90536
2021-08-15;"Bratislavský kraj";3;1169;6;1175;NA;156901;9;2021-08-15;90506
2021-08-14;"Bratislavský kraj";11;1519;4;1523;NA;156901;15;2021-08-14;90497
2021-08-13;"Bratislavský kraj";32;2628;7;2635;NA;156901;39;2021-08-13;90482
2021-08-12;"Bratislavský kraj";16;1824;9;1833;NA;156901;25;2021-08-12;90443
2021-08-11;"Bratislavský kraj";22;1621;5;1626;NA;156901;27;2021-08-11;90418
2021-08-10;"Bratislavský kraj";15;1624;7;1631;NA;156901;22;2021-08-10;90391
2021-08-09;"Bratislavský kraj";35;1917;9;1926;NA;156901;44;2021-08-09;90369
2021-08-08;"Bratislavský kraj";3;1152;4;1156;NA;156901;7;2021-08-08;90325
2021-08-07;"Bratislavský kraj";6;1572;9;1581;NA;156901;15;2021-08-07;90318
2021-08-06;"Bratislavský kraj";9;2510;10;2520;NA;156901;19;2021-08-06;90303
2021-08-05;"Bratislavský kraj";10;1651;7;1658;NA;156901;17;2021-08-05;90284
2021-08-04;"Bratislavský kraj";9;1578;0;1578;NA;156901;9;2021-08-04;90267
2021-08-03;"Bratislavský kraj";11;1507;5;1512;NA;156901;16;2021-08-03;90258
2021-08-02;"Bratislavský kraj";15;1749;11;1760;NA;156901;26;2021-08-02;90242
2021-08-01;"Bratislavský kraj";4;1224;8;1232;NA;156901;12;2021-08-01;90216
2021-07-31;"Bratislavský kraj";7;1623;2;1625;NA;156901;9;2021-07-31;90204
2021-07-30;"Bratislavský kraj";15;2540;7;2547;NA;156901;22;2021-07-30;90195
2021-07-29;"Bratislavský kraj";19;1790;7;1797;NA;156901;26;2021-07-29;90173
2021-07-28;"Bratislavský kraj";8;1538;11;1549;NA;156901;19;2021-07-28;90147
2021-07-27;"Bratislavský kraj";9;1476;5;1481;NA;156901;14;2021-07-27;90128
2021-07-26;"Bratislavský kraj";17;1806;7;1813;NA;156901;24;2021-07-26;90114
2021-07-25;"Bratislavský kraj";4;1411;2;1413;NA;156901;6;2021-07-25;90090
2021-07-24;"Bratislavský kraj";9;1732;3;1735;NA;156901;12;2021-07-24;90084
2021-07-23;"Bratislavský kraj";6;2400;3;2403;NA;156901;9;2021-07-23;90072
2021-07-22;"Bratislavský kraj";12;1944;6;1950;NA;156901;18;2021-07-22;90063
2021-07-21;"Bratislavský kraj";5;1860;6;1866;NA;156901;11;2021-07-21;90045
2021-07-20;"Bratislavský kraj";19;1550;1;1551;NA;156901;20;2021-07-20;90034
2021-07-19;"Bratislavský kraj";15;2259;3;2262;NA;156901;18;2021-07-19;90014
2021-07-18;"Bratislavský kraj";2;1462;3;1465;NA;156901;5;2021-07-18;89996
2021-07-17;"Bratislavský kraj";3;1870;2;1872;NA;156901;5;2021-07-17;89991
2021-07-16;"Bratislavský kraj";8;2834;4;2838;NA;156901;12;2021-07-16;89986
2021-07-15;"Bratislavský kraj";5;1677;0;1677;NA;156901;5;2021-07-15;89974
2021-07-14;"Bratislavský kraj";5;1895;3;1898;NA;156901;8;2021-07-14;89969
2021-07-13;"Bratislavský kraj";4;1584;4;1588;NA;156901;8;2021-07-13;89961
2021-07-12;"Bratislavský kraj";6;1780;5;1785;NA;156901;11;2021-07-12;89953
2021-07-11;"Bratislavský kraj";3;1896;3;1899;NA;156901;6;2021-07-11;89942
2021-07-10;"Bratislavský kraj";5;2240;3;2243;NA;156901;8;2021-07-10;89936
2021-07-09;"Bratislavský kraj";13;3538;7;3545;NA;156901;20;2021-07-09;89928
2021-07-08;"Bratislavský kraj";9;2433;4;2437;NA;156901;13;2021-07-08;89908
2021-07-07;"Bratislavský kraj";5;2792;4;2796;NA;156901;9;2021-07-07;89895
2021-07-06;"Bratislavský kraj";19;2771;4;2775;NA;156901;23;2021-07-06;89886
2021-07-05;"Bratislavský kraj";5;2455;5;2460;NA;156901;10;2021-07-05;89863
2021-07-04;"Bratislavský kraj";3;1824;2;1826;NA;156901;5;2021-07-04;89853
2021-07-03;"Bratislavský kraj";8;2205;5;2210;NA;156901;13;2021-07-03;89848
2021-07-02;"Bratislavský kraj";4;2227;4;2231;NA;156901;8;2021-07-02;89835
2021-07-01;"Bratislavský kraj";6;1809;5;1814;NA;156901;11;2021-07-01;89827
2021-06-30;"Bratislavský kraj";2;11548;11;11559;NA;156901;13;2021-06-30;89816
2021-06-29;"Bratislavský kraj";5;6831;7;6838;NA;156901;12;2021-06-29;89803
2021-06-28;"Bratislavský kraj";16;6651;24;6675;NA;156901;40;2021-06-28;89791
2021-06-27;"Bratislavský kraj";4;6689;11;6700;NA;156901;15;2021-06-27;89751
2021-06-26;"Bratislavský kraj";3;8741;6;8747;NA;156901;9;2021-06-26;89736
2021-06-25;"Bratislavský kraj";7;10285;15;10300;NA;156901;22;2021-06-25;89727
2021-06-24;"Bratislavský kraj";3;7384;16;7400;NA;156901;19;2021-06-24;89705
2021-06-23;"Bratislavský kraj";4;7346;12;7358;NA;156901;16;2021-06-23;89686
2021-06-22;"Bratislavský kraj";6;7244;10;7254;NA;156901;16;2021-06-22;89670
2021-06-21;"Bratislavský kraj";5;7641;9;7650;NA;156901;14;2021-06-21;89654
2021-06-20;"Bratislavský kraj";0;7369;5;7374;NA;156901;5;2021-06-20;89640
2021-06-19;"Bratislavský kraj";3;9226;4;9230;NA;156901;7;2021-06-19;89635
2021-06-18;"Bratislavský kraj";5;12763;9;12772;NA;156901;14;2021-06-18;89628
2021-06-17;"Bratislavský kraj";3;8625;13;8638;NA;156901;16;2021-06-17;89614
2021-06-16;"Bratislavský kraj";3;7105;4;7109;NA;156901;7;2021-06-16;89598
2021-06-15;"Bratislavský kraj";7;7309;17;7326;NA;156901;24;2021-06-15;89591
2021-06-14;"Bratislavský kraj";4;8231;9;8240;NA;156901;13;2021-06-14;89567
2021-06-13;"Bratislavský kraj";2;8791;11;8802;NA;156901;13;2021-06-13;89554
2021-06-12;"Bratislavský kraj";4;11152;11;11163;NA;156901;15;2021-06-12;89541
2021-06-11;"Bratislavský kraj";9;13644;21;13665;NA;156901;30;2021-06-11;89526
2021-06-10;"Bratislavský kraj";12;8637;15;8652;NA;156901;27;2021-06-10;89496
2021-06-09;"Bratislavský kraj";12;7596;12;7608;NA;156901;24;2021-06-09;89469
2021-06-08;"Bratislavský kraj";13;7907;29;7936;NA;156901;42;2021-06-08;89445
2021-06-07;"Bratislavský kraj";13;9247;43;9290;NA;156901;56;2021-06-07;89403
2021-06-06;"Bratislavský kraj";3;10350;20;10370;NA;156901;23;2021-06-06;89347
2021-06-05;"Bratislavský kraj";2;12692;15;12707;NA;156901;17;2021-06-05;89324
2021-06-04;"Bratislavský kraj";10;13846;31;13877;NA;156901;41;2021-06-04;89307
2021-06-03;"Bratislavský kraj";12;9615;19;9634;NA;156901;31;2021-06-03;89266
2021-06-02;"Bratislavský kraj";10;8684;17;8701;NA;156901;27;2021-06-02;89235
2021-06-01;"Bratislavský kraj";3;8812;25;8837;NA;156901;28;2021-06-01;89208
2021-05-31;"Bratislavský kraj";18;11248;32;11280;NA;156901;50;2021-05-31;89180
2021-05-30;"Bratislavský kraj";1;11758;17;11775;NA;156901;18;2021-05-30;89130
2021-05-29;"Bratislavský kraj";4;12245;8;12253;NA;156901;12;2021-05-29;89112
2021-05-28;"Bratislavský kraj";14;15865;23;15888;NA;156901;37;2021-05-28;89100
2021-05-27;"Bratislavský kraj";5;11321;18;11339;NA;156901;23;2021-05-27;89063
2021-05-26;"Bratislavský kraj";20;10709;17;10726;NA;156901;37;2021-05-26;89040
2021-05-25;"Bratislavský kraj";19;11864;31;11895;NA;156901;50;2021-05-25;89003
2021-05-24;"Bratislavský kraj";12;12966;23;12989;NA;156901;35;2021-05-24;88953
2021-05-23;"Bratislavský kraj";7;13074;24;13098;NA;156901;31;2021-05-23;88918
2021-05-22;"Bratislavský kraj";6;14044;22;14066;NA;156901;28;2021-05-22;88887
2021-05-21;"Bratislavský kraj";15;18996;22;19018;NA;156901;37;2021-05-21;88859
2021-05-20;"Bratislavský kraj";15;14112;17;14129;NA;156901;32;2021-05-20;88822
2021-05-19;"Bratislavský kraj";21;11958;24;11982;NA;156901;45;2021-05-19;88790
2021-05-18;"Bratislavský kraj";14;13005;33;13038;NA;156901;47;2021-05-18;88745
2021-05-17;"Bratislavský kraj";15;13854;29;13883;NA;156901;44;2021-05-17;88698
2021-05-16;"Bratislavský kraj";12;19797;32;19829;NA;156901;44;2021-05-16;88654
2021-05-15;"Bratislavský kraj";1;18113;30;18143;NA;156901;31;2021-05-15;88610
2021-05-14;"Bratislavský kraj";15;22228;30;22258;NA;156901;45;2021-05-14;88579
2021-05-13;"Bratislavský kraj";9;16211;17;16228;NA;156901;26;2021-05-13;88534
2021-05-12;"Bratislavský kraj";11;14638;28;14666;NA;156901;39;2021-05-12;88508
2021-05-11;"Bratislavský kraj";29;16741;32;16773;NA;156901;61;2021-05-11;88469
2021-05-10;"Bratislavský kraj";27;19991;64;20055;NA;156901;91;2021-05-10;88408
2021-05-09;"Bratislavský kraj";9;29358;32;29390;NA;156901;41;2021-05-09;88317
2021-05-08;"Bratislavský kraj";5;19451;24;19475;NA;156901;29;2021-05-08;88276
2021-05-07;"Bratislavský kraj";32;28211;65;28276;NA;156901;97;2021-05-07;88247
2021-05-06;"Bratislavský kraj";19;20079;52;20131;NA;156901;71;2021-05-06;88150
2021-05-05;"Bratislavský kraj";29;15526;31;15557;NA;156901;60;2021-05-05;88079
2021-05-04;"Bratislavský kraj";46;19143;53;19196;NA;156901;99;2021-05-04;88019
2021-05-03;"Bratislavský kraj";37;22322;64;22386;NA;156901;101;2021-05-03;87920
2021-05-02;"Bratislavský kraj";38;43064;75;43139;NA;156901;113;2021-05-02;87819
2021-05-01;"Bratislavský kraj";11;39905;40;39945;NA;156901;51;2021-05-01;87706
2021-04-30;"Bratislavský kraj";43;47403;82;47485;NA;156901;125;2021-04-30;87655
2021-04-29;"Bratislavský kraj";48;30257;96;30353;NA;156901;144;2021-04-29;87530
2021-04-28;"Bratislavský kraj";40;28905;78;28983;NA;156901;118;2021-04-28;87386
2021-04-27;"Bratislavský kraj";41;30168;52;30220;NA;156901;93;2021-04-27;87268
2021-04-26;"Bratislavský kraj";59;34733;97;34830;NA;156901;156;2021-04-26;87175
2021-04-25;"Bratislavský kraj";8;57615;74;57689;NA;156901;82;2021-04-25;87019
2021-04-24;"Bratislavský kraj";28;74858;66;74924;NA;156901;94;2021-04-24;86937
2021-04-23;"Bratislavský kraj";70;48614;62;48676;NA;156901;132;2021-04-23;86843
2021-04-22;"Bratislavský kraj";39;31037;72;31109;NA;156901;111;2021-04-22;86711
2021-04-21;"Bratislavský kraj";48;30442;62;30504;NA;156901;110;2021-04-21;86600
2021-04-20;"Bratislavský kraj";58;35216;63;35279;NA;156901;121;2021-04-20;86490
2021-04-19;"Bratislavský kraj";48;39500;80;39580;NA;156901;128;2021-04-19;86369
2021-04-18;"Bratislavský kraj";35;62300;76;62376;NA;156901;111;2021-04-18;86241
2021-04-17;"Bratislavský kraj";13;80359;111;80470;NA;156901;124;2021-04-17;86130
2021-04-16;"Bratislavský kraj";62;47296;80;47376;NA;156901;142;2021-04-16;86006
2021-04-15;"Bratislavský kraj";34;32176;74;32250;NA;156901;108;2021-04-15;85864
2021-04-14;"Bratislavský kraj";65;33961;88;34049;NA;156901;153;2021-04-14;85756
2021-04-13;"Bratislavský kraj";82;35512;82;35594;NA;156901;164;2021-04-13;85603
2021-04-12;"Bratislavský kraj";77;42286;115;42401;NA;156901;192;2021-04-12;85439
2021-04-11;"Bratislavský kraj";42;61151;123;61274;NA;156901;165;2021-04-11;85247
2021-04-10;"Bratislavský kraj";14;77874;167;78041;NA;156901;181;2021-04-10;85082
2021-04-09;"Bratislavský kraj";72;41556;97;41653;NA;156901;169;2021-04-09;84901
2021-04-08;"Bratislavský kraj";71;28866;95;28961;NA;156901;166;2021-04-08;84732
2021-04-07;"Bratislavský kraj";96;38061;101;38162;NA;156901;197;2021-04-07;84566
2021-04-06;"Bratislavský kraj";94;56204;179;56383;NA;156901;273;2021-04-06;84369
2021-04-05;"Bratislavský kraj";85;18538;85;18623;NA;156901;170;2021-04-05;84096
2021-04-04;"Bratislavský kraj";37;29225;75;29300;NA;156901;112;2021-04-04;83926
2021-04-03;"Bratislavský kraj";52;79865;220;80085;NA;156901;272;2021-04-03;83814
2021-04-02;"Bratislavský kraj";33;23790;104;23894;NA;156901;137;2021-04-02;83542
2021-04-01;"Bratislavský kraj";119;57388;159;57547;NA;156901;278;2021-04-01;83405
2021-03-31;"Bratislavský kraj";105;46371;177;46548;NA;156901;282;2021-03-31;83127
2021-03-30;"Bratislavský kraj";100;39599;144;39743;NA;156901;244;2021-03-30;82845
2021-03-29;"Bratislavský kraj";153;40364;178;40542;NA;156901;331;2021-03-29;82601
2021-03-28;"Bratislavský kraj";59;53372;137;53509;NA;156901;196;2021-03-28;82270
2021-03-27;"Bratislavský kraj";53;79834;240;80074;NA;156901;293;2021-03-27;82074
2021-03-26;"Bratislavský kraj";114;56108;191;56299;NA;156901;305;2021-03-26;81781
2021-03-25;"Bratislavský kraj";76;36859;172;37031;NA;156901;248;2021-03-25;81476
2021-03-24;"Bratislavský kraj";120;30567;201;30768;NA;156901;321;2021-03-24;81228
2021-03-23;"Bratislavský kraj";138;36438;190;36628;NA;156901;328;2021-03-23;80907
2021-03-22;"Bratislavský kraj";110;42756;220;42976;NA;156901;330;2021-03-22;80579
2021-03-21;"Bratislavský kraj";54;61299;212;61511;NA;156901;266;2021-03-21;80249
2021-03-20;"Bratislavský kraj";59;73300;228;73528;NA;156901;287;2021-03-20;79983
2021-03-19;"Bratislavský kraj";139;54576;257;54833;NA;156901;396;2021-03-19;79696
2021-03-18;"Bratislavský kraj";142;34611;192;34803;NA;156901;334;2021-03-18;79300
2021-03-17;"Bratislavský kraj";177;30482;217;30699;NA;156901;394;2021-03-17;78966
2021-03-16;"Bratislavský kraj";258;36798;287;37085;NA;156901;545;2021-03-16;78572
2021-03-15;"Bratislavský kraj";180;38226;255;38481;NA;156901;435;2021-03-15;78027
2021-03-14;"Bratislavský kraj";75;52611;275;52886;NA;156901;350;2021-03-14;77592
2021-03-13;"Bratislavský kraj";110;81405;341;81746;NA;156901;451;2021-03-13;77242
2021-03-12;"Bratislavský kraj";152;55233;312;55545;NA;156901;464;2021-03-12;76791
2021-03-11;"Bratislavský kraj";178;34678;286;34964;NA;156901;464;2021-03-11;76327
2021-03-10;"Bratislavský kraj";164;31061;280;31341;NA;156901;444;2021-03-10;75863
2021-03-09;"Bratislavský kraj";242;37687;267;37954;NA;156901;509;2021-03-09;75419
2021-03-08;"Bratislavský kraj";255;41199;348;41547;NA;156901;603;2021-03-08;74910
2021-03-07;"Bratislavský kraj";142;52812;301;53113;NA;156901;443;2021-03-07;74307
2021-03-06;"Bratislavský kraj";79;71821;415;72236;NA;156901;494;2021-03-06;73864
2021-03-05;"Bratislavský kraj";238;50840;294;51134;NA;156901;532;2021-03-05;73370
2021-03-04;"Bratislavský kraj";204;34544;344;34888;NA;156901;548;2021-03-04;72838
2021-03-03;"Bratislavský kraj";250;30527;364;30891;NA;156901;614;2021-03-03;72290
2021-03-02;"Bratislavský kraj";267;39735;388;40123;NA;156901;655;2021-03-02;71676
2021-03-01;"Bratislavský kraj";320;38222;432;38654;NA;156901;752;2021-03-01;71021
2021-02-28;"Bratislavský kraj";184;50323;323;50646;NA;156901;507;2021-02-28;70269
2021-02-27;"Bratislavský kraj";151;76580;464;77044;NA;156901;615;2021-02-27;69762
2021-02-26;"Bratislavský kraj";277;47326;401;47727;NA;156901;678;2021-02-26;69147
2021-02-25;"Bratislavský kraj";277;28769;405;29174;NA;156901;682;2021-02-25;68469
2021-02-24;"Bratislavský kraj";217;27095;412;27507;NA;156901;629;2021-02-24;67787
2021-02-23;"Bratislavský kraj";257;31297;395;31692;NA;156901;652;2021-02-23;67158
2021-02-22;"Bratislavský kraj";353;36607;483;37090;NA;156901;836;2021-02-22;66506
2021-02-21;"Bratislavský kraj";185;54150;396;54546;NA;156901;581;2021-02-21;65670
2021-02-20;"Bratislavský kraj";167;74814;550;75364;NA;156901;717;2021-02-20;65089
2021-02-19;"Bratislavský kraj";280;44882;416;45298;NA;156901;696;2021-02-19;64372
2021-02-18;"Bratislavský kraj";263;26379;371;26750;NA;156901;634;2021-02-18;63676
2021-02-17;"Bratislavský kraj";264;22820;316;23136;NA;156901;580;2021-02-17;63042
2021-02-16;"Bratislavský kraj";289;28262;352;28614;NA;156901;641;2021-02-16;62462
2021-02-15;"Bratislavský kraj";248;36893;396;37289;NA;156901;644;2021-02-15;61821
2021-02-14;"Bratislavský kraj";153;47948;323;48271;NA;156901;476;2021-02-14;61177
2021-02-13;"Bratislavský kraj";173;68589;515;69104;NA;156901;688;2021-02-13;60701
2021-02-12;"Bratislavský kraj";282;35729;327;36056;NA;156901;609;2021-02-12;60013
2021-02-11;"Bratislavský kraj";337;24565;285;24850;NA;156901;622;2021-02-11;59404
2021-02-10;"Bratislavský kraj";314;22944;356;23300;NA;156901;670;2021-02-10;58782
2021-02-09;"Bratislavský kraj";288;36565;454;37019;NA;156901;742;2021-02-09;58112
2021-02-08;"Bratislavský kraj";484;31896;397;32293;NA;156901;881;2021-02-08;57370
2021-02-07;"Bratislavský kraj";243;51290;425;51715;NA;156901;668;2021-02-07;56489
2021-02-06;"Bratislavský kraj";116;61682;501;62183;NA;156901;617;2021-02-06;55821
2021-02-05;"Bratislavský kraj";327;27033;375;27408;NA;156901;702;2021-02-05;55204
2021-02-04;"Bratislavský kraj";555;17260;348;17608;NA;156901;903;2021-02-04;54502
2021-02-03;"Bratislavský kraj";161;13020;352;13372;NA;156901;513;2021-02-03;53599
2021-02-02;"Bratislavský kraj";397;25947;480;26427;NA;156901;877;2021-02-02;53086
2021-02-01;"Bratislavský kraj";221;35541;513;36054;NA;156901;734;2021-02-01;52209
2021-01-31;"Bratislavský kraj";180;35693;425;36118;NA;156901;605;2021-01-31;51475
2021-01-30;"Bratislavský kraj";310;49588;521;50109;NA;156901;831;2021-01-30;50870
2021-01-29;"Bratislavský kraj";344;16568;344;16912;NA;156901;688;2021-01-29;50039
2021-01-28;"Bratislavský kraj";307;10715;297;11012;NA;156901;604;2021-01-28;49351
2021-01-27;"Bratislavský kraj";336;22222;345;22567;NA;156901;681;2021-01-27;48747
2021-01-26;"Bratislavský kraj";297;21894;300;22194;NA;156901;597;2021-01-26;48066
2021-01-25;"Bratislavský kraj";356;23335;249;23584;NA;156901;605;2021-01-25;47469
2021-01-24;"Bratislavský kraj";175;37903;404;38307;NA;156901;579;2021-01-24;46864
2021-01-23;"Bratislavský kraj";396;79453;690;80143;NA;156901;1086;2021-01-23;46285
2021-01-22;"Bratislavský kraj";199;42055;365;42420;NA;156901;564;2021-01-22;45199
2021-01-21;"Bratislavský kraj";255;105746;1317;107063;NA;156901;1572;2021-01-21;44635
2021-01-20;"Bratislavský kraj";360;27289;452;27741;NA;156901;812;2021-01-20;43063
2021-01-19;"Bratislavský kraj";375;15318;346;15664;NA;156901;721;2021-01-19;42251
2021-01-18;"Bratislavský kraj";357;12533;707;13240;NA;156901;1064;2021-01-18;41530
2021-01-17;"Bratislavský kraj";244;482;26;508;NA;156901;270;2021-01-17;40466
2021-01-16;"Bratislavský kraj";70;3016;156;3172;NA;156901;226;2021-01-16;40196
2021-01-15;"Bratislavský kraj";251;7896;256;8152;NA;156901;507;2021-01-15;39970
2021-01-14;"Bratislavský kraj";363;8523;273;8796;NA;156901;636;2021-01-14;39463
2021-01-13;"Bratislavský kraj";336;8490;327;8817;NA;156901;663;2021-01-13;38827
2021-01-12;"Bratislavský kraj";450;10509;455;10964;NA;156901;905;2021-01-12;38164
2021-01-11;"Bratislavský kraj";397;19863;364;20227;NA;156901;761;2021-01-11;37259
2021-01-10;"Bratislavský kraj";252;1507;79;1586;NA;156901;331;2021-01-10;36498
2021-01-09;"Bratislavský kraj";351;4721;277;4998;NA;156901;628;2021-01-09;36167
2021-01-08;"Bratislavský kraj";556;10045;436;10481;NA;156901;992;2021-01-08;35539
2021-01-07;"Bratislavský kraj";537;6872;352;7224;NA;156901;889;2021-01-07;34547
2021-01-06;"Bratislavský kraj";271;3329;216;3545;NA;156901;487;2021-01-06;33658
2021-01-05;"Bratislavský kraj";619;10635;814;11449;NA;156901;1433;2021-01-05;33171
2021-01-04;"Bratislavský kraj";601;8226;538;8764;NA;156901;1139;2021-01-04;31738
2021-01-03;"Bratislavský kraj";77;433;41;474;NA;156901;118;2021-01-03;30599
2021-01-02;"Bratislavský kraj";185;462;57;519;NA;156901;242;2021-01-02;30481
2021-01-01;"Bratislavský kraj";235;3277;131;3408;NA;156901;366;2021-01-01;30239
2020-12-31;"Bratislavský kraj";925;14135;519;14654;NA;156901;1444;2020-12-31;29873
2020-12-30;"Bratislavský kraj";650;9164;533;9697;NA;156901;1183;2020-12-30;28429
2020-12-29;"Bratislavský kraj";303;10108;699;10807;NA;156901;1002;2020-12-29;27246
2020-12-28;"Bratislavský kraj";255;7784;473;8257;NA;156901;728;2020-12-28;26244
2020-12-27;"Bratislavský kraj";160;709;76;785;NA;156901;236;2020-12-27;25516
2020-12-26;"Bratislavský kraj";75;480;27;507;NA;156901;102;2020-12-26;25280
2020-12-25;"Bratislavský kraj";114;503;38;541;NA;156901;152;2020-12-25;25178
2020-12-24;"Bratislavský kraj";536;3367;104;3471;NA;156901;640;2020-12-24;25026
2020-12-23;"Bratislavský kraj";416;12590;447;13037;NA;156901;863;2020-12-23;24386
2020-12-22;"Bratislavský kraj";327;14587;699;15286;NA;156901;1026;2020-12-22;23523
2020-12-21;"Bratislavský kraj";392;14972;1946;16918;NA;156901;2338;2020-12-21;22497
2020-12-20;"Bratislavský kraj";180;797;57;854;NA;156901;237;2020-12-20;20159
2020-12-19;"Bratislavský kraj";396;3314;130;3444;NA;156901;526;2020-12-19;19922
2020-12-18;"Bratislavský kraj";306;9938;345;10283;NA;156901;651;2020-12-18;19396
2020-12-17;"Bratislavský kraj";502;9739;386;10125;NA;156901;888;2020-12-17;18745
2020-12-16;"Bratislavský kraj";282;10201;418;10619;NA;156901;700;2020-12-16;17857
2020-12-15;"Bratislavský kraj";423;10450;454;10904;NA;156901;877;2020-12-15;17157
2020-12-14;"Bratislavský kraj";279;6793;261;7054;NA;156901;540;2020-12-14;16280
2020-12-13;"Bratislavský kraj";125;139;10;149;NA;156901;135;2020-12-13;15740
2020-12-12;"Bratislavský kraj";361;3886;157;4043;NA;156901;518;2020-12-12;15605
2020-12-11;"Bratislavský kraj";326;6824;235;7059;NA;156901;561;2020-12-11;15087
2020-12-10;"Bratislavský kraj";286;5279;166;5445;NA;156901;452;2020-12-10;14526
2020-12-09;"Bratislavský kraj";382;4778;177;4955;NA;156901;559;2020-12-09;14074
2020-12-08;"Bratislavský kraj";234;6243;207;6450;NA;156901;441;2020-12-08;13515
2020-12-07;"Bratislavský kraj";272;4639;152;4791;NA;156901;424;2020-12-07;13074
2020-12-06;"Bratislavský kraj";61;1625;52;1677;NA;156901;113;2020-12-06;12650
2020-12-05;"Bratislavský kraj";266;2221;41;2262;NA;156901;307;2020-12-05;12537
2020-12-04;"Bratislavský kraj";200;4954;99;5053;NA;156901;299;2020-12-04;12230
2020-12-03;"Bratislavský kraj";213;5672;95;5767;NA;156901;308;2020-12-03;11931
2020-12-02;"Bratislavský kraj";205;3462;103;3565;NA;156901;308;2020-12-02;11623
2020-12-01;"Bratislavský kraj";255;3889;172;4061;NA;156901;427;2020-12-01;11315
2020-11-30;"Bratislavský kraj";152;2153;121;2274;NA;156901;273;2020-11-30;10888
2020-11-29;"Bratislavský kraj";52;201;24;225;NA;156901;76;2020-11-29;10615
2020-11-28;"Bratislavský kraj";232;2624;33;2657;NA;156901;265;2020-11-28;10539
2020-11-27;"Bratislavský kraj";54;2540;64;2604;NA;156901;118;2020-11-27;10274
2020-11-26;"Bratislavský kraj";129;1976;60;2036;NA;156901;189;2020-11-26;10156
2020-11-25;"Bratislavský kraj";140;1770;47;1817;NA;156901;187;2020-11-25;9967
2020-11-24;"Bratislavský kraj";81;2988;67;3055;NA;156901;148;2020-11-24;9780
2020-11-23;"Bratislavský kraj";67;7083;58;7141;NA;156901;125;2020-11-23;9632
2020-11-22;"Bratislavský kraj";36;81;7;88;NA;156901;43;2020-11-22;9507
2020-11-21;"Bratislavský kraj";109;2126;47;2173;NA;156901;156;2020-11-21;9464
2020-11-20;"Bratislavský kraj";118;2876;48;2924;NA;156901;166;2020-11-20;9308
2020-11-19;"Bratislavský kraj";173;987;29;1016;NA;156901;202;2020-11-19;9142
2020-11-18;"Bratislavský kraj";118;616;75;691;NA;156901;193;2020-11-18;8940
2020-11-17;"Bratislavský kraj";108;928;23;951;NA;156901;131;2020-11-17;8747
2020-11-16;"Bratislavský kraj";82;651;9;660;NA;156901;91;2020-11-16;8616
2020-11-15;"Bratislavský kraj";47;236;0;236;NA;156901;47;2020-11-15;8525
2020-11-14;"Bratislavský kraj";53;1834;15;1849;NA;156901;68;2020-11-14;8478
2020-11-13;"Bratislavský kraj";94;2096;21;2117;NA;156901;115;2020-11-13;8410
2020-11-12;"Bratislavský kraj";141;1727;6;1733;NA;156901;147;2020-11-12;8295
2020-11-11;"Bratislavský kraj";159;1429;12;1441;NA;156901;171;2020-11-11;8148
2020-11-10;"Bratislavský kraj";136;805;14;819;NA;156901;150;2020-11-10;7977
2020-11-09;"Bratislavský kraj";70;616;8;624;NA;156901;78;2020-11-09;7827
2020-11-08;"Bratislavský kraj";82;869;6;875;NA;156901;88;2020-11-08;7749
2020-11-07;"Bratislavský kraj";88;4039;17;4056;NA;156901;105;2020-11-07;7661
2020-11-06;"Bratislavský kraj";281;6441;25;6466;NA;156901;306;2020-11-06;7556
2020-11-05;"Bratislavský kraj";175;476;11;487;NA;156901;186;2020-11-05;7250
2020-11-04;"Bratislavský kraj";65;411;10;421;NA;156901;75;2020-11-04;7064
2020-11-03;"Bratislavský kraj";251;1085;12;1097;NA;156901;263;2020-11-03;6989
2020-11-02;"Bratislavský kraj";202;3365;22;3387;NA;156901;224;2020-11-02;6726
2020-11-01;"Bratislavský kraj";227;8694;39;8733;NA;156901;266;2020-11-01;6502
2020-10-31;"Bratislavský kraj";173;22407;123;22530;NA;156901;296;2020-10-31;6236
2020-10-30;"Bratislavský kraj";158;17350;138;17488;NA;156901;296;2020-10-30;5940
2020-10-29;"Bratislavský kraj";262;116;4;120;NA;156901;266;2020-10-29;5644
2020-10-28;"Bratislavský kraj";220;260;15;275;NA;156901;235;2020-10-28;5378
2020-10-27;"Bratislavský kraj";256;145;4;149;NA;156901;260;2020-10-27;5143
2020-10-26;"Bratislavský kraj";123;229;11;240;NA;156901;134;2020-10-26;4883
2020-10-25;"Bratislavský kraj";152;33;2;35;NA;156901;154;2020-10-25;4749
2020-10-24;"Bratislavský kraj";170;221;6;227;NA;156901;176;2020-10-24;4595
2020-10-23;"Bratislavský kraj";151;144;8;152;NA;156901;159;2020-10-23;4419
2020-10-22;"Bratislavský kraj";192;204;15;219;NA;156901;207;2020-10-22;4260
2020-10-21;"Bratislavský kraj";66;90;6;96;NA;156901;72;2020-10-21;4053
2020-10-20;"Bratislavský kraj";183;97;4;101;NA;156901;187;2020-10-20;3981
2020-10-19;"Bratislavský kraj";148;80;3;83;NA;156901;151;2020-10-19;3794
2020-10-18;"Bratislavský kraj";75;92;0;92;NA;156901;75;2020-10-18;3643
2020-10-17;"Bratislavský kraj";136;0;0;0;NA;156901;136;2020-10-17;3568
2020-10-16;"Bratislavský kraj";103;14;1;15;NA;156901;104;2020-10-16;3432
2020-10-15;"Bratislavský kraj";135;6;1;7;NA;156901;136;2020-10-15;3328
2020-10-14;"Bratislavský kraj";127;4;0;4;NA;156901;127;2020-10-14;3192
2020-10-13;"Bratislavský kraj";86;108;8;116;NA;156901;94;2020-10-13;3065
2020-10-12;"Bratislavský kraj";46;0;0;0;NA;156901;46;2020-10-12;2971
2020-10-11;"Bratislavský kraj";80;0;0;0;NA;156901;80;2020-10-11;2925
2020-10-10;"Bratislavský kraj";55;0;0;0;NA;156901;55;2020-10-10;2845
2020-10-09;"Bratislavský kraj";148;0;0;0;NA;156901;148;2020-10-09;2790
2020-10-08;"Bratislavský kraj";100;0;0;0;NA;156901;100;2020-10-08;2642
2020-10-07;"Bratislavský kraj";107;0;0;0;NA;156901;107;2020-10-07;2542
2020-10-06;"Bratislavský kraj";108;0;0;0;NA;156901;108;2020-10-06;2435
2020-10-05;"Bratislavský kraj";30;0;0;0;NA;156901;30;2020-10-05;2327
2020-10-04;"Bratislavský kraj";49;0;0;0;NA;156901;49;2020-10-04;2297
2020-10-03;"Bratislavský kraj";82;0;0;0;NA;156901;82;2020-10-03;2248
2020-10-02;"Bratislavský kraj";101;0;0;0;NA;156901;101;2020-10-02;2166
2020-10-01;"Bratislavský kraj";72;0;0;0;NA;156901;72;2020-10-01;2065
2020-09-30;"Bratislavský kraj";91;0;0;0;NA;156901;91;2020-09-30;1993
2020-09-29;"Bratislavský kraj";74;0;0;0;NA;156901;74;2020-09-29;1902
2020-09-28;"Bratislavský kraj";29;0;0;0;NA;156901;29;2020-09-28;1828
2020-09-27;"Bratislavský kraj";48;0;0;0;NA;156901;48;2020-09-27;1799
2020-09-26;"Bratislavský kraj";86;0;0;0;NA;156901;86;2020-09-26;1751
2020-09-25;"Bratislavský kraj";97;0;0;0;NA;156901;97;2020-09-25;1665
2020-09-24;"Bratislavský kraj";73;0;0;0;NA;156901;73;2020-09-24;1568
2020-09-23;"Bratislavský kraj";55;0;0;0;NA;156901;55;2020-09-23;1495
2020-09-22;"Bratislavský kraj";81;0;0;0;NA;156901;81;2020-09-22;1440
2020-09-21;"Bratislavský kraj";32;0;0;0;NA;156901;32;2020-09-21;1359
2020-09-20;"Bratislavský kraj";25;0;0;0;NA;156901;25;2020-09-20;1327
2020-09-19;"Bratislavský kraj";59;0;0;0;NA;156901;59;2020-09-19;1302
2020-09-18;"Bratislavský kraj";42;0;0;0;NA;156901;42;2020-09-18;1243
2020-09-17;"Bratislavský kraj";52;0;0;0;NA;156901;52;2020-09-17;1201
2020-09-16;"Bratislavský kraj";32;0;0;0;NA;156901;32;2020-09-16;1149
2020-09-15;"Bratislavský kraj";26;0;0;0;NA;156901;26;2020-09-15;1117
2020-09-14;"Bratislavský kraj";24;0;0;0;NA;156901;24;2020-09-14;1091
2020-09-13;"Bratislavský kraj";11;0;0;0;NA;156901;11;2020-09-13;1067
2020-09-12;"Bratislavský kraj";24;0;0;0;NA;156901;24;2020-09-12;1056
2020-09-11;"Bratislavský kraj";50;0;0;0;NA;156901;50;2020-09-11;1032
2020-09-10;"Bratislavský kraj";47;0;0;0;NA;156901;47;2020-09-10;982
2020-09-09;"Bratislavský kraj";40;0;0;0;NA;156901;40;2020-09-09;935
2020-09-08;"Bratislavský kraj";58;0;0;0;NA;156901;58;2020-09-08;895
2020-09-07;"Bratislavský kraj";39;0;0;0;NA;156901;39;2020-09-07;837
2020-09-06;"Bratislavský kraj";11;0;0;0;NA;156901;11;2020-09-06;798
2020-09-05;"Bratislavský kraj";37;0;0;0;NA;156901;37;2020-09-05;787
2020-09-04;"Bratislavský kraj";87;0;0;0;NA;156901;87;2020-09-04;750
2020-09-03;"Bratislavský kraj";51;0;0;0;NA;156901;51;2020-09-03;663
2020-09-02;"Bratislavský kraj";50;0;0;0;NA;156901;50;2020-09-02;612
2020-09-01;"Bratislavský kraj";16;0;0;0;NA;156901;16;2020-09-01;562
2020-08-31;"Bratislavský kraj";19;0;0;0;NA;156901;19;2020-08-31;546
2020-08-30;"Bratislavský kraj";9;0;0;0;NA;156901;9;2020-08-30;527
2020-08-29;"Bratislavský kraj";12;0;0;0;NA;156901;12;2020-08-29;518
2020-08-28;"Bratislavský kraj";35;0;0;0;NA;156901;35;2020-08-28;506
2020-08-27;"Bratislavský kraj";33;0;0;0;NA;156901;33;2020-08-27;471
2020-08-26;"Bratislavský kraj";27;0;0;0;NA;156901;27;2020-08-26;438
2020-08-25;"Bratislavský kraj";29;0;0;0;NA;156901;29;2020-08-25;411
2020-08-24;"Bratislavský kraj";6;0;0;0;NA;156901;6;2020-08-24;382
2020-08-23;"Bratislavský kraj";45;0;0;0;NA;156901;45;2020-08-23;376
2020-08-22;"Bratislavský kraj";13;0;0;0;NA;156901;13;2020-08-22;331
2020-08-21;"Bratislavský kraj";46;0;0;0;NA;156901;46;2020-08-21;318
2020-08-20;"Bratislavský kraj";41;0;0;0;NA;156901;41;2020-08-20;272
2020-08-19;"Bratislavský kraj";27;0;0;0;NA;156901;27;2020-08-19;231
2020-08-18;"Bratislavský kraj";47;0;0;0;NA;156901;47;2020-08-18;204
2020-08-17;"Bratislavský kraj";2;0;0;0;NA;156901;2;2020-08-17;157
2020-08-16;"Bratislavský kraj";3;0;0;0;NA;156901;3;2020-08-16;155
2020-08-15;"Bratislavský kraj";18;0;0;0;NA;156901;18;2020-08-15;152
2020-08-14;"Bratislavský kraj";16;0;0;0;NA;156901;16;2020-08-14;134
2020-08-13;"Bratislavský kraj";12;0;0;0;NA;156901;12;2020-08-13;118
2020-08-12;"Bratislavský kraj";10;0;0;0;NA;156901;10;2020-08-12;106
2020-08-11;"Bratislavský kraj";23;0;0;0;NA;156901;23;2020-08-11;96
2020-08-10;"Bratislavský kraj";2;0;0;0;NA;156901;2;2020-08-10;73
2020-08-09;"Bratislavský kraj";2;0;0;0;NA;156901;2;2020-08-09;71
2020-08-08;"Bratislavský kraj";1;0;0;0;NA;156901;1;2020-08-08;69
2020-08-07;"Bratislavský kraj";9;0;0;0;NA;156901;9;2020-08-07;68
2020-08-06;"Bratislavský kraj";15;0;0;0;NA;156901;15;2020-08-06;59
2020-08-05;"Bratislavský kraj";11;0;0;0;NA;156901;11;2020-08-05;44
2020-08-04;"Bratislavský kraj";21;0;0;0;NA;156901;21;2020-08-04;33
2020-08-03;"Bratislavský kraj";7;0;0;0;NA;156901;7;2020-08-03;12
2020-08-02;"Bratislavský kraj";0;0;0;0;NA;156901;0;2020-08-02;5
2020-08-01;"Bratislavský kraj";0;0;0;0;NA;156901;0;2020-08-01;5
2020-07-31;"Bratislavský kraj";14;0;0;0;NA;156901;14;2020-07-31;5
2020-07-30;"Bratislavský kraj";6;0;0;0;NA;156901;6;2020-07-30;-9
2020-07-29;"Bratislavský kraj";7;0;0;0;NA;156901;7;2020-07-29;-15
2020-07-28;"Bratislavský kraj";14;0;0;0;NA;156901;14;2020-07-28;-22
2020-07-27;"Bratislavský kraj";3;0;0;0;NA;156901;3;2020-07-27;-36
2020-07-26;"Bratislavský kraj";0;0;0;0;NA;156901;0;2020-07-26;-39
2020-07-25;"Bratislavský kraj";8;0;0;0;NA;156901;8;2020-07-25;-39
2020-07-24;"Bratislavský kraj";2;0;0;0;NA;156901;2;2020-07-24;-47
2020-07-23;"Bratislavský kraj";8;0;0;0;NA;156901;8;2020-07-23;-49
2020-07-22;"Bratislavský kraj";11;0;0;0;NA;156901;11;2020-07-22;-57
2020-07-21;"Bratislavský kraj";8;0;0;0;NA;156901;8;2020-07-21;-68
2020-07-20;"Bratislavský kraj";12;0;0;0;NA;156901;12;2020-07-20;-76
2020-07-19;"Bratislavský kraj";0;0;0;0;NA;156901;0;2020-07-19;-88
2020-07-18;"Bratislavský kraj";2;0;0;0;NA;156901;2;2020-07-18;-88
2020-07-17;"Bratislavský kraj";2;0;0;0;NA;156901;2;2020-07-17;-90
2020-07-16;"Bratislavský kraj";6;0;0;0;NA;156901;6;2020-07-16;-92
2020-07-15;"Bratislavský kraj";3;0;0;0;NA;156901;3;2020-07-15;-98
2020-07-14;"Bratislavský kraj";2;0;0;0;NA;156901;2;2020-07-14;-101
2020-07-13;"Bratislavský kraj";2;0;0;0;NA;156901;2;2020-07-13;-103
2020-07-12;"Bratislavský kraj";0;0;0;0;NA;156901;0;2020-07-12;-105
2020-07-11;"Bratislavský kraj";0;0;0;0;NA;156901;0;2020-07-11;-105
2020-07-10;"Bratislavský kraj";8;0;0;0;NA;156901;8;2020-07-10;-105
2020-07-09;"Bratislavský kraj";2;0;0;0;NA;156901;2;2020-07-09;-113
2020-07-08;"Bratislavský kraj";11;0;0;0;NA;156901;11;2020-07-08;-115
2020-07-07;"Bratislavský kraj";5;0;0;0;NA;156901;5;2020-07-07;-126
2020-07-06;"Bratislavský kraj";1;0;0;0;NA;156901;1;2020-07-06;-131
2020-07-05;"Bratislavský kraj";0;0;0;0;NA;156901;0;2020-07-05;-132
2020-07-04;"Bratislavský kraj";3;0;0;0;NA;156901;3;2020-07-04;-132
2020-07-03;"Bratislavský kraj";1;0;0;0;NA;156901;1;2020-07-03;-135
2020-07-02;"Bratislavský kraj";0;0;0;0;NA;156901;0;2020-07-02;-136
2020-07-01;"Bratislavský kraj";7;0;0;0;NA;156901;7;2020-07-01;-136
2020-06-30;"Bratislavský kraj";3;0;0;0;NA;156901;3;2020-06-30;-143
2020-06-29;"Bratislavský kraj";1;0;0;0;NA;156901;1;2020-06-29;-146
2020-06-28;"Bratislavský kraj";0;0;0;0;NA;156901;0;2020-06-28;-147
2020-06-27;"Bratislavský kraj";1;0;0;0;NA;156901;1;2020-06-27;-147
2020-06-26;"Bratislavský kraj";6;0;0;0;NA;156901;6;2020-06-26;-148
2020-06-25;"Bratislavský kraj";0;0;0;0;NA;156901;0;2020-06-25;-154
2020-06-24;"Bratislavský kraj";3;0;0;0;NA;156901;3;2020-06-24;-154
2020-06-23;"Bratislavský kraj";0;0;0;0;NA;156901;0;2020-06-23;-157
2020-06-22;"Bratislavský kraj";1;0;0;0;NA;156901;1;2020-06-22;-157
2020-06-21;"Bratislavský kraj";0;0;0;0;NA;156901;0;2020-06-21;-158
2020-06-20;"Bratislavský kraj";0;0;0;0;NA;156901;0;2020-06-20;-158
2020-06-19;"Bratislavský kraj";3;0;0;0;NA;156901;3;2020-06-19;-158
2020-06-18;"Bratislavský kraj";0;0;0;0;NA;156901;0;2020-06-18;-161
2020-06-17;"Bratislavský kraj";0;0;0;0;NA;156901;0;2020-06-17;-161
2020-06-16;"Bratislavský kraj";0;0;0;0;NA;156901;0;2020-06-16;-161
2020-06-14;"Bratislavský kraj";2;0;0;0;NA;156901;2;2020-06-14;-161
2020-06-13;"Bratislavský kraj";1;0;0;0;NA;156901;1;2020-06-13;-163
2020-06-12;"Bratislavský kraj";2;0;0;0;NA;156901;2;2020-06-12;-164
2020-06-11;"Bratislavský kraj";0;0;0;0;NA;156901;0;2020-06-11;-166
2020-06-10;"Bratislavský kraj";0;0;0;0;NA;156901;0;2020-06-10;-166
2020-06-09;"Bratislavský kraj";0;0;0;0;NA;156901;0;2020-06-09;-166
2020-06-08;"Bratislavský kraj";1;0;0;0;NA;156901;1;2020-06-08;-166
2020-06-07;"Bratislavský kraj";0;0;0;0;NA;156901;0;2020-06-07;-167
2020-06-05;"Bratislavský kraj";0;0;0;0;NA;156901;0;2020-06-05;-167
2020-06-03;"Bratislavský kraj";1;0;0;0;NA;156901;1;2020-06-03;-167
2020-06-02;"Bratislavský kraj";0;0;0;0;NA;156901;0;2020-06-02;-168
2020-05-31;"Bratislavský kraj";0;0;0;0;NA;156901;0;2020-05-31;-168
2020-05-29;"Bratislavský kraj";0;0;0;0;NA;156901;0;2020-05-29;-168
2020-05-27;"Bratislavský kraj";1;0;0;0;NA;156901;1;2020-05-27;-168
2020-05-26;"Bratislavský kraj";0;0;0;0;NA;156901;0;2020-05-26;-169
2020-05-25;"Bratislavský kraj";0;0;0;0;NA;156901;0;2020-05-25;-169
2020-05-24;"Bratislavský kraj";0;0;0;0;NA;156901;0;2020-05-24;-169
2020-05-23;"Bratislavský kraj";2;0;0;0;NA;156901;2;2020-05-23;-169
2020-05-22;"Bratislavský kraj";0;0;0;0;NA;156901;0;2020-05-22;-171
2020-05-21;"Bratislavský kraj";0;0;0;0;NA;156901;0;2020-05-21;-171
2020-05-20;"Bratislavský kraj";0;0;0;0;NA;156901;0;2020-05-20;-171
2020-05-19;"Bratislavský kraj";0;0;0;0;NA;156901;0;2020-05-19;-171
2020-05-17;"Bratislavský kraj";0;0;0;0;NA;156901;0;2020-05-17;-171
2020-05-16;"Bratislavský kraj";0;0;0;0;NA;156901;0;2020-05-16;-171
2020-05-15;"Bratislavský kraj";0;0;0;0;NA;156901;0;2020-05-15;-171
2020-05-14;"Bratislavský kraj";0;0;0;0;NA;156901;0;2020-05-14;-171
2020-05-13;"Bratislavský kraj";0;0;0;0;NA;156901;0;2020-05-13;-171
2020-05-12;"Bratislavský kraj";2;0;0;0;NA;156901;2;2020-05-12;-171
2020-05-11;"Bratislavský kraj";0;0;0;0;NA;156901;0;2020-05-11;-173
2020-05-09;"Bratislavský kraj";0;0;0;0;NA;156901;0;2020-05-09;-173
2020-05-07;"Bratislavský kraj";1;0;0;0;NA;156901;1;2020-05-07;-173
2020-05-06;"Bratislavský kraj";3;0;0;0;NA;156901;3;2020-05-06;-174
2020-05-05;"Bratislavský kraj";0;0;0;0;NA;156901;0;2020-05-05;-177
2020-05-04;"Bratislavský kraj";0;0;0;0;NA;156901;0;2020-05-04;-177
2020-05-03;"Bratislavský kraj";2;0;0;0;NA;156901;2;2020-05-03;-177
2020-05-02;"Bratislavský kraj";0;0;0;0;NA;156901;0;2020-05-02;-179
2020-05-01;"Bratislavský kraj";0;0;0;0;NA;156901;0;2020-05-01;-179
2020-04-30;"Bratislavský kraj";5;0;0;0;NA;156901;5;2020-04-30;-179
2020-04-29;"Bratislavský kraj";0;0;0;0;NA;156901;0;2020-04-29;-184
2020-04-28;"Bratislavský kraj";2;0;0;0;NA;156901;2;2020-04-28;-184
2020-04-27;"Bratislavský kraj";0;0;0;0;NA;156901;0;2020-04-27;-186
2020-04-26;"Bratislavský kraj";1;0;0;0;NA;156901;1;2020-04-26;-186
2020-04-25;"Bratislavský kraj";0;0;0;0;NA;156901;0;2020-04-25;-187
2020-04-24;"Bratislavský kraj";2;0;0;0;NA;156901;2;2020-04-24;-187
2020-04-23;"Bratislavský kraj";6;0;0;0;NA;156901;6;2020-04-23;-189
2020-04-22;"Bratislavský kraj";11;0;0;0;NA;156901;11;2020-04-22;-195
2020-04-21;"Bratislavský kraj";4;0;0;0;NA;156901;4;2020-04-21;-206
2020-04-20;"Bratislavský kraj";0;0;0;0;NA;156901;0;2020-04-20;-210
2020-04-19;"Bratislavský kraj";4;0;0;0;NA;156901;4;2020-04-19;-210
2020-04-18;"Bratislavský kraj";5;0;0;0;NA;156901;5;2020-04-18;-214
2020-04-17;"Bratislavský kraj";6;0;0;0;NA;156901;6;2020-04-17;-219
2020-04-16;"Bratislavský kraj";15;0;0;0;NA;156901;15;2020-04-16;-225
2020-04-15;"Bratislavský kraj";11;0;0;0;NA;156901;11;2020-04-15;-240
2020-04-14;"Bratislavský kraj";19;0;0;0;NA;156901;19;2020-04-14;-251
2020-04-13;"Bratislavský kraj";53;0;0;0;NA;156901;53;2020-04-13;-270
2020-04-12;"Bratislavský kraj";3;0;0;0;NA;156901;3;2020-04-12;-323
2020-04-11;"Bratislavský kraj";1;0;0;0;NA;156901;1;2020-04-11;-326
2020-04-10;"Bratislavský kraj";8;0;0;0;NA;156901;8;2020-04-10;-327
2020-04-09;"Bratislavský kraj";3;0;0;0;NA;156901;3;2020-04-09;-335
2020-04-08;"Bratislavský kraj";3;0;0;0;NA;156901;3;2020-04-08;-338
2020-04-07;"Bratislavský kraj";24;0;0;0;NA;156901;24;2020-04-07;-341
2020-04-06;"Bratislavský kraj";5;0;0;0;NA;156901;5;2020-04-06;-365
2020-04-05;"Bratislavský kraj";6;0;0;0;NA;156901;6;2020-04-05;-370
2020-04-04;"Bratislavský kraj";2;0;0;0;NA;156901;2;2020-04-04;-376
2020-04-03;"Bratislavský kraj";1;0;0;0;NA;156901;1;2020-04-03;-378
2020-04-02;"Bratislavský kraj";2;0;0;0;NA;156901;2;2020-04-02;-379
2020-04-01;"Bratislavský kraj";5;0;0;0;NA;156901;5;2020-04-01;-381
2020-03-31;"Bratislavský kraj";19;0;0;0;NA;156901;19;2020-03-31;-386
2020-03-30;"Bratislavský kraj";6;0;0;0;NA;156901;6;2020-03-30;-405
2020-03-29;"Bratislavský kraj";8;0;0;0;NA;156901;8;2020-03-29;-411
2020-03-28;"Bratislavský kraj";4;0;0;0;NA;156901;4;2020-03-28;-419
2020-03-27;"Bratislavský kraj";3;0;0;0;NA;156901;3;2020-03-27;-423
2020-03-26;"Bratislavský kraj";15;0;0;0;NA;156901;15;2020-03-26;-426
2020-03-25;"Bratislavský kraj";1;0;0;0;NA;156901;1;2020-03-25;-441
2020-03-24;"Bratislavský kraj";4;0;0;0;NA;156901;4;2020-03-24;-442
2020-03-23;"Bratislavský kraj";9;0;0;0;NA;156901;9;2020-03-23;-446
2020-03-22;"Bratislavský kraj";2;0;0;0;NA;156901;2;2020-03-22;-455
2020-03-21;"Bratislavský kraj";22;0;0;0;NA;156901;22;2020-03-21;-457
2020-03-20;"Bratislavský kraj";3;0;0;0;NA;156901;3;2020-03-20;-479
2020-03-19;"Bratislavský kraj";4;0;0;0;NA;156901;4;2020-03-19;-482
2020-03-18;"Bratislavský kraj";3;0;0;0;NA;156901;3;2020-03-18;-486
2020-03-17;"Bratislavský kraj";13;0;0;0;NA;156901;13;2020-03-17;-489
2020-03-16;"Bratislavský kraj";1;0;0;0;NA;156901;1;2020-03-16;-502
2020-03-15;"Bratislavský kraj";4;0;0;0;NA;156901;4;2020-03-15;-503
2020-03-14;"Bratislavský kraj";9;0;0;0;NA;156901;9;2020-03-14;-507
2020-03-13;"Bratislavský kraj";2;0;0;0;NA;156901;2;2020-03-13;-516
2020-03-12;"Bratislavský kraj";8;0;0;0;NA;156901;8;2020-03-12;-518
2020-03-11;"Bratislavský kraj";3;0;0;0;NA;156901;3;2020-03-11;-526
2020-03-09;"Bratislavský kraj";0;0;0;0;NA;156901;0;2020-03-09;-529
2020-03-08;"Bratislavský kraj";2;0;0;0;NA;156901;2;2020-03-08;-529
2020-03-07;"Bratislavský kraj";2;0;0;0;NA;156901;2;2020-03-07;-531
2020-03-06;"Bratislavský kraj";1;0;0;0;NA;156901;1;2020-03-06;-533
2021-12-12;"Košický kraj";243;3473;88;3561;109473;175254;331;2021-12-12;175254
2021-12-11;"Košický kraj";519;2607;100;2707;NA;175254;619;2021-12-11;174923
2021-12-10;"Košický kraj";936;5000;176;5176;NA;175254;1112;2021-12-10;174304
2021-12-09;"Košický kraj";755;5397;195;5592;NA;175254;950;2021-12-09;173192
2021-12-08;"Košický kraj";1095;5997;249;6246;NA;175254;1344;2021-12-08;172242
2021-12-07;"Košický kraj";1212;6031;258;6289;NA;175254;1470;2021-12-07;170898
2021-12-06;"Košický kraj";904;10530;310;10840;NA;175254;1214;2021-12-06;169428
2021-12-05;"Košický kraj";404;7169;250;7419;NA;175254;654;2021-12-05;168214
2021-12-04;"Košický kraj";1007;2900;169;3069;NA;175254;1176;2021-12-04;167560
2021-12-03;"Košický kraj";1338;5792;255;6047;NA;175254;1593;2021-12-03;166384
2021-12-02;"Košický kraj";2209;5294;283;5577;NA;175254;2492;2021-12-02;164791
2021-12-01;"Košický kraj";1016;6215;366;6581;NA;175254;1382;2021-12-01;162299
2021-11-30;"Košický kraj";1125;7857;449;8306;NA;175254;1574;2021-11-30;160917
2021-11-29;"Košický kraj";993;13526;605;14131;NA;175254;1598;2021-11-29;159343
2021-11-28;"Košický kraj";972;9625;445;10070;NA;175254;1417;2021-11-28;157745
2021-11-27;"Košický kraj";1103;3375;197;3572;NA;175254;1300;2021-11-27;156328
2021-11-26;"Košický kraj";1395;5800;363;6163;NA;175254;1758;2021-11-26;155028
2021-11-25;"Košický kraj";1373;6595;465;7060;NA;175254;1838;2021-11-25;153270
2021-11-24;"Košický kraj";1194;6573;437;7010;NA;175254;1631;2021-11-24;151432
2021-11-23;"Košický kraj";1178;6897;469;7366;NA;175254;1647;2021-11-23;149801
2021-11-22;"Košický kraj";861;10157;724;10881;NA;175254;1585;2021-11-22;148154
2021-11-21;"Košický kraj";985;6995;623;7618;NA;175254;1608;2021-11-21;146569
2021-11-20;"Košický kraj";1083;2636;275;2911;NA;175254;1358;2021-11-20;144961
2021-11-19;"Košický kraj";1078;7452;547;7999;NA;175254;1625;2021-11-19;143603
2021-11-18;"Košický kraj";1061;8898;700;9598;NA;175254;1761;2021-11-18;141978
2021-11-17;"Košický kraj";1319;2552;245;2797;NA;175254;1564;2021-11-17;140217
2021-11-16;"Košický kraj";1484;6827;520;7347;NA;175254;2004;2021-11-16;138653
2021-11-15;"Košický kraj";902;10382;731;11113;NA;175254;1633;2021-11-15;136649
2021-11-14;"Košický kraj";715;5327;441;5768;NA;175254;1156;2021-11-14;135016
2021-11-13;"Košický kraj";869;2508;293;2801;NA;175254;1162;2021-11-13;133860
2021-11-12;"Košický kraj";1132;5351;393;5744;NA;175254;1525;2021-11-12;132698
2021-11-11;"Košický kraj";1035;5876;445;6321;NA;175254;1480;2021-11-11;131173
2021-11-10;"Košický kraj";933;6396;482;6878;NA;175254;1415;2021-11-10;129693
2021-11-09;"Košický kraj";967;5264;362;5626;NA;175254;1329;2021-11-09;128278
2021-11-08;"Košický kraj";701;7838;601;8439;NA;175254;1302;2021-11-08;126949
2021-11-07;"Košický kraj";691;4336;415;4751;NA;175254;1106;2021-11-07;125647
2021-11-06;"Košický kraj";996;2132;210;2342;NA;175254;1206;2021-11-06;124541
2021-11-05;"Košický kraj";1029;4684;342;5026;NA;175254;1371;2021-11-05;123335
2021-11-04;"Košický kraj";1000;5098;345;5443;NA;175254;1345;2021-11-04;121964
2021-11-03;"Košický kraj";1051;5516;342;5858;NA;175254;1393;2021-11-03;120619
2021-11-02;"Košický kraj";915;8458;551;9009;NA;175254;1466;2021-11-02;119226
2021-11-01;"Košický kraj";181;1872;243;2115;NA;175254;424;2021-11-01;117760
2021-10-31;"Košický kraj";385;2188;220;2408;NA;175254;605;2021-10-31;117336
2021-10-30;"Košický kraj";641;2259;172;2431;NA;175254;813;2021-10-30;116731
2021-10-29;"Košický kraj";750;4412;284;4696;NA;175254;1034;2021-10-29;115918
2021-10-28;"Košický kraj";823;4913;244;5157;NA;175254;1067;2021-10-28;114884
2021-10-27;"Košický kraj";723;4606;250;4856;NA;175254;973;2021-10-27;113817
2021-10-26;"Košický kraj";618;4808;222;5030;NA;175254;840;2021-10-26;112844
2021-10-25;"Košický kraj";268;6520;282;6802;NA;175254;550;2021-10-25;112004
2021-10-24;"Košický kraj";170;3253;199;3452;NA;175254;369;2021-10-24;111454
2021-10-23;"Košický kraj";397;1819;82;1901;NA;175254;479;2021-10-23;111085
2021-10-22;"Košický kraj";474;4456;125;4581;NA;175254;599;2021-10-22;110606
2021-10-21;"Košický kraj";669;4858;164;5022;NA;175254;833;2021-10-21;110007
2021-10-20;"Košický kraj";398;4748;143;4891;NA;175254;541;2021-10-20;109174
2021-10-19;"Košický kraj";579;4685;158;4843;NA;175254;737;2021-10-19;108633
2021-10-18;"Košický kraj";180;6841;162;7003;NA;175254;342;2021-10-18;107896
2021-10-17;"Košický kraj";70;3459;116;3575;NA;175254;186;2021-10-17;107554
2021-10-16;"Košický kraj";312;1670;39;1709;NA;175254;351;2021-10-16;107368
2021-10-15;"Košický kraj";312;4288;73;4361;NA;175254;385;2021-10-15;107017
2021-10-14;"Košický kraj";327;4448;91;4539;NA;175254;418;2021-10-14;106632
2021-10-13;"Košický kraj";168;3958;84;4042;NA;175254;252;2021-10-13;106214
2021-10-12;"Košický kraj";391;3910;72;3982;NA;175254;463;2021-10-12;105962
2021-10-11;"Košický kraj";119;5881;109;5990;NA;175254;228;2021-10-11;105499
2021-10-10;"Košický kraj";104;2921;63;2984;NA;175254;167;2021-10-10;105271
2021-10-09;"Košický kraj";111;1547;41;1588;NA;175254;152;2021-10-09;105104
2021-10-08;"Košický kraj";274;3875;64;3939;NA;175254;338;2021-10-08;104952
2021-10-07;"Košický kraj";277;4211;72;4283;NA;175254;349;2021-10-07;104614
2021-10-06;"Košický kraj";178;4150;81;4231;NA;175254;259;2021-10-06;104265
2021-10-05;"Košický kraj";345;4265;76;4341;NA;175254;421;2021-10-05;104006
2021-10-04;"Košický kraj";122;5829;107;5936;NA;175254;229;2021-10-04;103585
2021-10-03;"Košický kraj";133;3063;71;3134;NA;175254;204;2021-10-03;103356
2021-10-02;"Košický kraj";124;2225;39;2264;NA;175254;163;2021-10-02;103152
2021-10-01;"Košický kraj";181;3742;70;3812;NA;175254;251;2021-10-01;102989
2021-09-30;"Košický kraj";244;4605;68;4673;NA;175254;312;2021-09-30;102738
2021-09-29;"Košický kraj";183;3824;64;3888;NA;175254;247;2021-09-29;102426
2021-09-28;"Košický kraj";303;4111;76;4187;NA;175254;379;2021-09-28;102179
2021-09-27;"Košický kraj";117;6087;76;6163;NA;175254;193;2021-09-27;101800
2021-09-26;"Košický kraj";13;2618;43;2661;NA;175254;56;2021-09-26;101607
2021-09-25;"Košický kraj";162;2319;34;2353;NA;175254;196;2021-09-25;101551
2021-09-24;"Košický kraj";183;4501;43;4544;NA;175254;226;2021-09-24;101355
2021-09-23;"Košický kraj";142;3662;50;3712;NA;175254;192;2021-09-23;101129
2021-09-22;"Košický kraj";151;4216;50;4266;NA;175254;201;2021-09-22;100937
2021-09-21;"Košický kraj";234;4231;43;4274;NA;175254;277;2021-09-21;100736
2021-09-20;"Košický kraj";158;5753;67;5820;NA;175254;225;2021-09-20;100459
2021-09-19;"Košický kraj";15;2487;30;2517;NA;175254;45;2021-09-19;100234
2021-09-18;"Košický kraj";187;2283;19;2302;NA;175254;206;2021-09-18;100189
2021-09-17;"Košický kraj";121;4566;41;4607;NA;175254;162;2021-09-17;99983
2021-09-16;"Košický kraj";228;4282;67;4349;NA;175254;295;2021-09-16;99821
2021-09-15;"Košický kraj";52;849;16;865;NA;175254;68;2021-09-15;99526
2021-09-14;"Košický kraj";142;3331;47;3378;NA;175254;189;2021-09-14;99458
2021-09-13;"Košický kraj";96;4654;46;4700;NA;175254;142;2021-09-13;99269
2021-09-12;"Košický kraj";14;2003;31;2034;NA;175254;45;2021-09-12;99127
2021-09-11;"Košický kraj";105;2027;17;2044;NA;175254;122;2021-09-11;99082
2021-09-10;"Košický kraj";125;4177;42;4219;NA;175254;167;2021-09-10;98960
2021-09-09;"Košický kraj";115;3093;30;3123;NA;175254;145;2021-09-09;98793
2021-09-08;"Košický kraj";86;2691;36;2727;NA;175254;122;2021-09-08;98648
2021-09-07;"Košický kraj";79;2630;53;2683;NA;175254;132;2021-09-07;98526
2021-09-06;"Košický kraj";41;2717;35;2752;NA;175254;76;2021-09-06;98394
2021-09-05;"Košický kraj";52;1393;18;1411;NA;175254;70;2021-09-05;98318
2021-09-04;"Košický kraj";37;1610;12;1622;NA;175254;49;2021-09-04;98248
2021-09-03;"Košický kraj";47;2825;30;2855;NA;175254;77;2021-09-03;98199
2021-09-02;"Košický kraj";56;2621;24;2645;NA;175254;80;2021-09-02;98122
2021-09-01;"Košický kraj";95;584;11;595;NA;175254;106;2021-09-01;98042
2021-08-31;"Košický kraj";30;2466;22;2488;NA;175254;52;2021-08-31;97936
2021-08-30;"Košický kraj";8;2343;28;2371;NA;175254;36;2021-08-30;97884
2021-08-29;"Košický kraj";16;603;1;604;NA;175254;17;2021-08-29;97848
2021-08-28;"Košický kraj";14;1996;11;2007;NA;175254;25;2021-08-28;97831
2021-08-27;"Košický kraj";22;2818;16;2834;NA;175254;38;2021-08-27;97806
2021-08-26;"Košický kraj";19;2237;13;2250;NA;175254;32;2021-08-26;97768
2021-08-25;"Košický kraj";33;1939;6;1945;NA;175254;39;2021-08-25;97736
2021-08-24;"Košický kraj";14;2272;3;2275;NA;175254;17;2021-08-24;97697
2021-08-23;"Košický kraj";33;2398;5;2403;NA;175254;38;2021-08-23;97680
2021-08-22;"Košický kraj";4;1457;8;1465;NA;175254;12;2021-08-22;97642
2021-08-21;"Košický kraj";35;2042;3;2045;NA;175254;38;2021-08-21;97630
2021-08-20;"Košický kraj";13;3098;5;3103;NA;175254;18;2021-08-20;97592
2021-08-19;"Košický kraj";14;2117;6;2123;NA;175254;20;2021-08-19;97574
2021-08-18;"Košický kraj";30;1770;8;1778;NA;175254;38;2021-08-18;97554
2021-08-17;"Košický kraj";24;1619;3;1622;NA;175254;27;2021-08-17;97516
2021-08-16;"Košický kraj";3;2131;8;2139;NA;175254;11;2021-08-16;97489
2021-08-15;"Košický kraj";1;771;5;776;NA;175254;6;2021-08-15;97478
2021-08-14;"Košický kraj";15;1144;1;1145;NA;175254;16;2021-08-14;97472
2021-08-13;"Košický kraj";14;1857;8;1865;NA;175254;22;2021-08-13;97456
2021-08-12;"Košický kraj";10;1161;3;1164;NA;175254;13;2021-08-12;97434
2021-08-11;"Košický kraj";6;1298;4;1302;NA;175254;10;2021-08-11;97421
2021-08-10;"Košický kraj";10;1352;8;1360;NA;175254;18;2021-08-10;97411
2021-08-09;"Košický kraj";12;1586;2;1588;NA;175254;14;2021-08-09;97393
2021-08-08;"Košický kraj";8;688;1;689;NA;175254;9;2021-08-08;97379
2021-08-07;"Košický kraj";3;1061;3;1064;NA;175254;6;2021-08-07;97370
2021-08-06;"Košický kraj";9;1536;6;1542;NA;175254;15;2021-08-06;97364
2021-08-05;"Košický kraj";26;1220;6;1226;NA;175254;32;2021-08-05;97349
2021-08-04;"Košický kraj";8;1321;4;1325;NA;175254;12;2021-08-04;97317
2021-08-03;"Košický kraj";33;1078;3;1081;NA;175254;36;2021-08-03;97305
2021-08-02;"Košický kraj";6;1613;8;1621;NA;175254;14;2021-08-02;97269
2021-08-01;"Košický kraj";1;662;1;663;NA;175254;2;2021-08-01;97255
2021-07-31;"Košický kraj";17;1072;2;1074;NA;175254;19;2021-07-31;97253
2021-07-30;"Košický kraj";12;1584;7;1591;NA;175254;19;2021-07-30;97234
2021-07-29;"Košický kraj";7;1188;5;1193;NA;175254;12;2021-07-29;97215
2021-07-28;"Košický kraj";15;910;4;914;NA;175254;19;2021-07-28;97203
2021-07-27;"Košický kraj";17;1132;7;1139;NA;175254;24;2021-07-27;97184
2021-07-26;"Košický kraj";3;1585;8;1593;NA;175254;11;2021-07-26;97160
2021-07-25;"Košický kraj";0;719;3;722;NA;175254;3;2021-07-25;97149
2021-07-24;"Košický kraj";18;928;4;932;NA;175254;22;2021-07-24;97146
2021-07-23;"Košický kraj";9;1446;5;1451;NA;175254;14;2021-07-23;97124
2021-07-22;"Košický kraj";1;1177;4;1181;NA;175254;5;2021-07-22;97110
2021-07-21;"Košický kraj";4;1117;3;1120;NA;175254;7;2021-07-21;97105
2021-07-20;"Košický kraj";6;1291;1;1292;NA;175254;7;2021-07-20;97098
2021-07-19;"Košický kraj";2;1449;2;1451;NA;175254;4;2021-07-19;97091
2021-07-18;"Košický kraj";0;643;0;643;NA;175254;0;2021-07-18;97087
2021-07-17;"Košický kraj";3;986;5;991;NA;175254;8;2021-07-17;97087
2021-07-16;"Košický kraj";3;1486;4;1490;NA;175254;7;2021-07-16;97079
2021-07-15;"Košický kraj";4;1295;4;1299;NA;175254;8;2021-07-15;97072
2021-07-14;"Košický kraj";2;1096;3;1099;NA;175254;5;2021-07-14;97064
2021-07-13;"Košický kraj";4;1294;1;1295;NA;175254;5;2021-07-13;97059
2021-07-12;"Košický kraj";3;1808;3;1811;NA;175254;6;2021-07-12;97054
2021-07-11;"Košický kraj";1;537;2;539;NA;175254;3;2021-07-11;97048
2021-07-10;"Košický kraj";9;1051;0;1051;NA;175254;9;2021-07-10;97045
2021-07-09;"Košický kraj";5;1862;5;1867;NA;175254;10;2021-07-09;97036
2021-07-08;"Košický kraj";13;1211;2;1213;NA;175254;15;2021-07-08;97026
2021-07-07;"Košický kraj";6;1436;1;1437;NA;175254;7;2021-07-07;97011
2021-07-06;"Košický kraj";4;1766;2;1768;NA;175254;6;2021-07-06;97004
2021-07-05;"Košický kraj";1;491;0;491;NA;175254;1;2021-07-05;96998
2021-07-04;"Košický kraj";0;480;2;482;NA;175254;2;2021-07-04;96997
2021-07-03;"Košický kraj";2;1112;0;1112;NA;175254;2;2021-07-03;96995
2021-07-02;"Košický kraj";2;1730;3;1733;NA;175254;5;2021-07-02;96993
2021-07-01;"Košický kraj";0;1139;2;1141;NA;175254;2;2021-07-01;96988
2021-06-30;"Košický kraj";5;9306;7;9313;NA;175254;12;2021-06-30;96986
2021-06-29;"Košický kraj";6;5692;7;5699;NA;175254;13;2021-06-29;96974
2021-06-28;"Košický kraj";5;6129;2;6131;NA;175254;7;2021-06-28;96961
2021-06-27;"Košický kraj";8;4612;3;4615;NA;175254;11;2021-06-27;96954
2021-06-26;"Košický kraj";4;5699;14;5713;NA;175254;18;2021-06-26;96943
2021-06-25;"Košický kraj";5;6981;2;6983;NA;175254;7;2021-06-25;96925
2021-06-24;"Košický kraj";1;5072;3;5075;NA;175254;4;2021-06-24;96918
2021-06-23;"Košický kraj";8;5373;3;5376;NA;175254;11;2021-06-23;96914
2021-06-22;"Košický kraj";1;5269;3;5272;NA;175254;4;2021-06-22;96903
2021-06-21;"Košický kraj";5;6830;11;6841;NA;175254;16;2021-06-21;96899
2021-06-20;"Košický kraj";0;4882;6;4888;NA;175254;6;2021-06-20;96883
2021-06-19;"Košický kraj";7;6473;1;6474;NA;175254;8;2021-06-19;96877
2021-06-18;"Košický kraj";4;7969;8;7977;NA;175254;12;2021-06-18;96869
2021-06-17;"Košický kraj";6;6128;3;6131;NA;175254;9;2021-06-17;96857
2021-06-16;"Košický kraj";11;6059;7;6066;NA;175254;18;2021-06-16;96848
2021-06-15;"Košický kraj";12;6301;2;6303;NA;175254;14;2021-06-15;96830
2021-06-14;"Košický kraj";10;7076;9;7085;NA;175254;19;2021-06-14;96816
2021-06-13;"Košický kraj";7;6948;8;6956;NA;175254;15;2021-06-13;96797
2021-06-12;"Košický kraj";7;7485;9;7494;NA;175254;16;2021-06-12;96782
2021-06-11;"Košický kraj";15;8973;6;8979;NA;175254;21;2021-06-11;96766
2021-06-10;"Košický kraj";11;6588;16;6604;NA;175254;27;2021-06-10;96745
2021-06-09;"Košický kraj";37;6056;7;6063;NA;175254;44;2021-06-09;96718
2021-06-08;"Košický kraj";33;7019;13;7032;NA;175254;46;2021-06-08;96674
2021-06-07;"Košický kraj";11;8106;22;8128;NA;175254;33;2021-06-07;96628
2021-06-06;"Košický kraj";1;7843;7;7850;NA;175254;8;2021-06-06;96595
2021-06-05;"Košický kraj";21;9286;3;9289;NA;175254;24;2021-06-05;96587
2021-06-04;"Košický kraj";26;11418;20;11438;NA;175254;46;2021-06-04;96563
2021-06-03;"Košický kraj";23;6467;14;6481;NA;175254;37;2021-06-03;96517
2021-06-02;"Košický kraj";15;7180;24;7204;NA;175254;39;2021-06-02;96480
2021-06-01;"Košický kraj";13;7562;10;7572;NA;175254;23;2021-06-01;96441
2021-05-31;"Košický kraj";13;9256;18;9274;NA;175254;31;2021-05-31;96418
2021-05-30;"Košický kraj";3;11215;10;11225;NA;175254;13;2021-05-30;96387
2021-05-29;"Košický kraj";25;10942;22;10964;NA;175254;47;2021-05-29;96374
2021-05-28;"Košický kraj";17;13055;29;13084;NA;175254;46;2021-05-28;96327
2021-05-27;"Košický kraj";19;7924;26;7950;NA;175254;45;2021-05-27;96281
2021-05-26;"Košický kraj";35;8118;27;8145;NA;175254;62;2021-05-26;96236
2021-05-25;"Košický kraj";33;9296;29;9325;NA;175254;62;2021-05-25;96174
2021-05-24;"Košický kraj";10;10855;27;10882;NA;175254;37;2021-05-24;96112
2021-05-23;"Košický kraj";4;12151;15;12166;NA;175254;19;2021-05-23;96075
2021-05-22;"Košický kraj";27;12601;19;12620;NA;175254;46;2021-05-22;96056
2021-05-21;"Košický kraj";24;14910;27;14937;NA;175254;51;2021-05-21;96010
2021-05-20;"Košický kraj";20;9422;28;9450;NA;175254;48;2021-05-20;95959
2021-05-19;"Košický kraj";30;10421;21;10442;NA;175254;51;2021-05-19;95911
2021-05-18;"Košický kraj";34;10254;36;10290;NA;175254;70;2021-05-18;95860
2021-05-17;"Košický kraj";20;12686;38;12724;NA;175254;58;2021-05-17;95790
2021-05-16;"Košický kraj";37;17865;20;17885;NA;175254;57;2021-05-16;95732
2021-05-15;"Košický kraj";22;25602;28;25630;NA;175254;50;2021-05-15;95675
2021-05-14;"Košický kraj";32;21824;42;21866;NA;175254;74;2021-05-14;95625
2021-05-13;"Košický kraj";39;10172;32;10204;NA;175254;71;2021-05-13;95551
2021-05-12;"Košický kraj";85;10868;33;10901;NA;175254;118;2021-05-12;95480
2021-05-11;"Košický kraj";68;11166;32;11198;NA;175254;100;2021-05-11;95362
2021-05-10;"Košický kraj";25;17044;42;17086;NA;175254;67;2021-05-10;95262
2021-05-09;"Košický kraj";84;25594;55;25649;NA;175254;139;2021-05-09;95195
2021-05-08;"Košický kraj";18;23399;23;23422;NA;175254;41;2021-05-08;95056
2021-05-07;"Košický kraj";51;24497;57;24554;NA;175254;108;2021-05-07;95015
2021-05-06;"Košický kraj";55;11847;43;11890;NA;175254;98;2021-05-06;94907
2021-05-05;"Košický kraj";23;12124;35;12159;NA;175254;58;2021-05-05;94809
2021-05-04;"Košický kraj";143;13562;38;13600;NA;175254;181;2021-05-04;94751
2021-05-03;"Košický kraj";37;16944;68;17012;NA;175254;105;2021-05-03;94570
2021-05-02;"Košický kraj";45;36096;56;36152;NA;175254;101;2021-05-02;94465
2021-05-01;"Košický kraj";54;52075;76;52151;NA;175254;130;2021-05-01;94364
2021-04-30;"Košický kraj";59;44602;94;44696;NA;175254;153;2021-04-30;94234
2021-04-29;"Košický kraj";76;17014;53;17067;NA;175254;129;2021-04-29;94081
2021-04-28;"Košický kraj";99;17970;52;18022;NA;175254;151;2021-04-28;93952
2021-04-27;"Košický kraj";108;20670;43;20713;NA;175254;151;2021-04-27;93801
2021-04-26;"Košický kraj";39;25915;96;26011;NA;175254;135;2021-04-26;93650
2021-04-25;"Košický kraj";23;48355;57;48412;NA;175254;80;2021-04-25;93515
2021-04-24;"Košický kraj";68;90124;114;90238;NA;175254;182;2021-04-24;93435
2021-04-23;"Košický kraj";110;41232;72;41304;NA;175254;182;2021-04-23;93253
2021-04-22;"Košický kraj";56;16772;44;16816;NA;175254;100;2021-04-22;93071
2021-04-21;"Košický kraj";114;19519;61;19580;NA;175254;175;2021-04-21;92971
2021-04-20;"Košický kraj";81;25432;63;25495;NA;175254;144;2021-04-20;92796
2021-04-19;"Košický kraj";93;29950;108;30058;NA;175254;201;2021-04-19;92652
2021-04-18;"Košický kraj";10;48913;82;48995;NA;175254;92;2021-04-18;92451
2021-04-17;"Košický kraj";187;83856;103;83959;NA;175254;290;2021-04-17;92359
2021-04-16;"Košický kraj";83;41568;127;41695;NA;175254;210;2021-04-16;92069
2021-04-15;"Košický kraj";104;18522;93;18615;NA;175254;197;2021-04-15;91859
2021-04-14;"Košický kraj";119;20089;64;20153;NA;175254;183;2021-04-14;91662
2021-04-13;"Košický kraj";81;23175;120;23295;NA;175254;201;2021-04-13;91479
2021-04-12;"Košický kraj";129;26573;124;26697;NA;175254;253;2021-04-12;91278
2021-04-11;"Košický kraj";29;46949;80;47029;NA;175254;109;2021-04-11;91025
2021-04-10;"Košický kraj";138;100114;183;100297;NA;175254;321;2021-04-10;90916
2021-04-09;"Košický kraj";168;35206;133;35339;NA;175254;301;2021-04-09;90595
2021-04-08;"Košický kraj";81;18530;90;18620;NA;175254;171;2021-04-08;90294
2021-04-07;"Košický kraj";232;28027;194;28221;NA;175254;426;2021-04-07;90123
2021-04-06;"Košický kraj";121;36495;164;36659;NA;175254;285;2021-04-06;89697
2021-04-05;"Košický kraj";19;14361;66;14427;NA;175254;85;2021-04-05;89412
2021-04-04;"Košický kraj";33;15089;66;15155;NA;175254;99;2021-04-04;89327
2021-04-03;"Košický kraj";138;97664;241;97905;NA;175254;379;2021-04-03;89228
2021-04-02;"Košický kraj";128;24515;76;24591;NA;175254;204;2021-04-02;88849
2021-04-01;"Košický kraj";165;46151;156;46307;NA;175254;321;2021-04-01;88645
2021-03-31;"Košický kraj";160;29659;124;29783;NA;175254;284;2021-03-31;88324
2021-03-30;"Košický kraj";229;24038;163;24201;NA;175254;392;2021-03-30;88040
2021-03-29;"Košický kraj";78;28843;194;29037;NA;175254;272;2021-03-29;87648
2021-03-28;"Košický kraj";39;44263;128;44391;NA;175254;167;2021-03-28;87376
2021-03-27;"Košický kraj";222;96602;265;96867;NA;175254;487;2021-03-27;87209
2021-03-26;"Košický kraj";233;45252;202;45454;NA;175254;435;2021-03-26;86722
2021-03-25;"Košický kraj";133;23804;175;23979;NA;175254;308;2021-03-25;86287
2021-03-24;"Košický kraj";165;20696;155;20851;NA;175254;320;2021-03-24;85979
2021-03-23;"Košický kraj";202;22434;192;22626;NA;175254;394;2021-03-23;85659
2021-03-22;"Košický kraj";169;26890;228;27118;NA;175254;397;2021-03-22;85265
2021-03-21;"Košický kraj";109;46746;167;46913;NA;175254;276;2021-03-21;84868
2021-03-20;"Košický kraj";126;101334;311;101645;NA;175254;437;2021-03-20;84592
2021-03-19;"Košický kraj";205;45632;260;45892;NA;175254;465;2021-03-19;84155
2021-03-18;"Košický kraj";274;23827;212;24039;NA;175254;486;2021-03-18;83690
2021-03-17;"Košický kraj";177;21548;195;21743;NA;175254;372;2021-03-17;83204
2021-03-16;"Košický kraj";386;23454;226;23680;NA;175254;612;2021-03-16;82832
2021-03-15;"Košický kraj";173;27900;297;28197;NA;175254;470;2021-03-15;82220
2021-03-14;"Košický kraj";145;44354;220;44574;NA;175254;365;2021-03-14;81750
2021-03-13;"Košický kraj";146;103790;483;104273;NA;175254;629;2021-03-13;81385
2021-03-12;"Košický kraj";366;47871;321;48192;NA;175254;687;2021-03-12;80756
2021-03-11;"Košický kraj";396;23229;263;23492;NA;175254;659;2021-03-11;80069
2021-03-10;"Košický kraj";121;22205;269;22474;NA;175254;390;2021-03-10;79410
2021-03-09;"Košický kraj";676;24509;300;24809;NA;175254;976;2021-03-09;79020
2021-03-08;"Košický kraj";559;29852;344;30196;NA;175254;903;2021-03-08;78044
2021-03-07;"Košický kraj";45;44230;299;44529;NA;175254;344;2021-03-07;77141
2021-03-06;"Košický kraj";177;105598;532;106130;NA;175254;709;2021-03-06;76797
2021-03-05;"Košický kraj";439;45567;424;45991;NA;175254;863;2021-03-05;76088
2021-03-04;"Košický kraj";417;23862;320;24182;NA;175254;737;2021-03-04;75225
2021-03-03;"Košický kraj";390;23169;298;23467;NA;175254;688;2021-03-03;74488
2021-03-02;"Košický kraj";464;24158;368;24526;NA;175254;832;2021-03-02;73800
2021-03-01;"Košický kraj";389;30013;514;30527;NA;175254;903;2021-03-01;72968
2021-02-28;"Košický kraj";265;43053;334;43387;NA;175254;599;2021-02-28;72065
2021-02-27;"Košický kraj";301;100559;784;101343;NA;175254;1085;2021-02-27;71466
2021-02-26;"Košický kraj";440;45466;492;45958;NA;175254;932;2021-02-26;70381
2021-02-25;"Košický kraj";331;19872;342;20214;NA;175254;673;2021-02-25;69449
2021-02-24;"Košický kraj";263;18751;505;19256;NA;175254;768;2021-02-24;68776
2021-02-23;"Košický kraj";642;21605;341;21946;NA;175254;983;2021-02-23;68008
2021-02-22;"Košický kraj";362;30858;434;31292;NA;175254;796;2021-02-22;67025
2021-02-21;"Košický kraj";170;40464;385;40849;NA;175254;555;2021-02-21;66229
2021-02-20;"Košický kraj";283;92550;770;93320;NA;175254;1053;2021-02-20;65674
2021-02-19;"Košický kraj";507;41579;583;42162;NA;175254;1090;2021-02-19;64621
2021-02-18;"Košický kraj";397;18442;345;18787;NA;175254;742;2021-02-18;63531
2021-02-17;"Košický kraj";322;18080;387;18467;NA;175254;709;2021-02-17;62789
2021-02-16;"Košický kraj";600;22111;463;22574;NA;175254;1063;2021-02-16;62080
2021-02-15;"Košický kraj";216;27633;419;28052;NA;175254;635;2021-02-15;61017
2021-02-14;"Košický kraj";241;56743;524;57267;NA;175254;765;2021-02-14;60382
2021-02-13;"Košický kraj";206;93745;765;94510;NA;175254;971;2021-02-13;59617
2021-02-12;"Košický kraj";448;49924;611;50535;NA;175254;1059;2021-02-12;58646
2021-02-11;"Košický kraj";435;14524;323;14847;NA;175254;758;2021-02-11;57587
2021-02-10;"Košický kraj";360;18475;431;18906;NA;175254;791;2021-02-10;56829
2021-02-09;"Košický kraj";544;24841;463;25304;NA;175254;1007;2021-02-09;56038
2021-02-08;"Košický kraj";237;24836;392;25228;NA;175254;629;2021-02-08;55031
2021-02-07;"Košický kraj";208;56897;612;57509;NA;175254;820;2021-02-07;54402
2021-02-06;"Košický kraj";318;104357;884;105241;NA;175254;1202;2021-02-06;53582
2021-02-05;"Košický kraj";384;43186;494;43680;NA;175254;878;2021-02-05;52380
2021-02-04;"Košický kraj";391;14512;371;14883;NA;175254;762;2021-02-04;51502
2021-02-03;"Košický kraj";296;12599;339;12938;NA;175254;635;2021-02-03;50740
2021-02-02;"Košický kraj";473;43883;1212;45095;NA;175254;1685;2021-02-02;50105
2021-02-01;"Košický kraj";415;21984;362;22346;NA;175254;777;2021-02-01;48420
2021-01-31;"Košický kraj";142;54690;617;55307;NA;175254;759;2021-01-31;47643
2021-01-30;"Košický kraj";320;76722;661;77383;NA;175254;981;2021-01-30;46884
2021-01-29;"Košický kraj";311;37164;466;37630;NA;175254;777;2021-01-29;45903
2021-01-28;"Košický kraj";540;9006;244;9250;NA;175254;784;2021-01-28;45126
2021-01-27;"Košický kraj";265;7575;211;7786;NA;175254;476;2021-01-27;44342
2021-01-26;"Košický kraj";530;14210;245;14455;NA;175254;775;2021-01-26;43866
2021-01-25;"Košický kraj";226;26431;413;26844;NA;175254;639;2021-01-25;43091
2021-01-24;"Košický kraj";150;44419;581;45000;NA;175254;731;2021-01-24;42452
2021-01-23;"Košický kraj";232;82705;857;83562;NA;175254;1089;2021-01-23;41721
2021-01-22;"Košický kraj";316;19997;265;20262;NA;175254;581;2021-01-22;40632
2021-01-21;"Košický kraj";274;14053;159;14212;NA;175254;433;2021-01-21;40051
2021-01-20;"Košický kraj";374;10844;201;11045;NA;175254;575;2021-01-20;39618
2021-01-19;"Košický kraj";248;9717;181;9898;NA;175254;429;2021-01-19;39043
2021-01-18;"Košický kraj";333;7659;262;7921;NA;175254;595;2021-01-18;38614
2021-01-17;"Košický kraj";155;535;14;549;NA;175254;169;2021-01-17;38019
2021-01-16;"Košický kraj";153;1403;47;1450;NA;175254;200;2021-01-16;37850
2021-01-15;"Košický kraj";308;6443;213;6656;NA;175254;521;2021-01-15;37650
2021-01-14;"Košický kraj";358;5471;221;5692;NA;175254;579;2021-01-14;37129
2021-01-13;"Košický kraj";421;4897;226;5123;NA;175254;647;2021-01-13;36550
2021-01-12;"Košický kraj";482;6473;237;6710;NA;175254;719;2021-01-12;35903
2021-01-11;"Košický kraj";309;7553;286;7839;NA;175254;595;2021-01-11;35184
2021-01-10;"Košický kraj";193;136;6;142;NA;175254;199;2021-01-10;34589
2021-01-09;"Košický kraj";469;1134;45;1179;NA;175254;514;2021-01-09;34390
2021-01-08;"Košický kraj";551;7106;348;7454;NA;175254;899;2021-01-08;33876
2021-01-07;"Košický kraj";251;5853;398;6251;NA;175254;649;2021-01-07;32977
2021-01-06;"Košický kraj";442;429;33;462;NA;175254;475;2021-01-06;32328
2021-01-05;"Košický kraj";584;7633;527;8160;NA;175254;1111;2021-01-05;31853
2021-01-04;"Košický kraj";407;6479;660;7139;NA;175254;1067;2021-01-04;30742
2021-01-03;"Košický kraj";118;661;22;683;NA;175254;140;2021-01-03;29675
2021-01-02;"Košický kraj";88;440;52;492;NA;175254;140;2021-01-02;29535
2021-01-01;"Košický kraj";398;725;49;774;NA;175254;447;2021-01-01;29395
2020-12-31;"Košický kraj";625;7509;453;7962;NA;175254;1078;2020-12-31;28948
2020-12-30;"Košický kraj";590;6076;395;6471;NA;175254;985;2020-12-30;27870
2020-12-29;"Košický kraj";419;7454;596;8050;NA;175254;1015;2020-12-29;26885
2020-12-28;"Košický kraj";356;7933;756;8689;NA;175254;1112;2020-12-28;25870
2020-12-27;"Košický kraj";159;147;16;163;NA;175254;175;2020-12-27;24758
2020-12-26;"Košický kraj";163;274;23;297;NA;175254;186;2020-12-26;24583
2020-12-25;"Košický kraj";237;140;10;150;NA;175254;247;2020-12-25;24397
2020-12-24;"Košický kraj";564;1470;90;1560;NA;175254;654;2020-12-24;24150
2020-12-23;"Košický kraj";304;7339;327;7666;NA;175254;631;2020-12-23;23496
2020-12-22;"Košický kraj";438;7284;429;7713;NA;175254;867;2020-12-22;22865
2020-12-21;"Košický kraj";405;6703;504;7207;NA;175254;909;2020-12-21;21998
2020-12-20;"Košický kraj";215;73;11;84;NA;175254;226;2020-12-20;21089
2020-12-19;"Košický kraj";207;1309;63;1372;NA;175254;270;2020-12-19;20863
2020-12-18;"Košický kraj";310;7707;292;7999;NA;175254;602;2020-12-18;20593
2020-12-17;"Košický kraj";463;5101;253;5354;NA;175254;716;2020-12-17;19991
2020-12-16;"Košický kraj";455;5725;295;6020;NA;175254;750;2020-12-16;19275
2020-12-15;"Košický kraj";319;4787;327;5114;NA;175254;646;2020-12-15;18525
2020-12-14;"Košický kraj";256;2905;225;3130;NA;175254;481;2020-12-14;17879
2020-12-13;"Košický kraj";47;181;2;183;NA;175254;49;2020-12-13;17398
2020-12-12;"Košický kraj";369;1587;118;1705;NA;175254;487;2020-12-12;17349
2020-12-11;"Košický kraj";354;5328;256;5584;NA;175254;610;2020-12-11;16862
2020-12-10;"Košický kraj";283;3987;174;4161;NA;175254;457;2020-12-10;16252
2020-12-09;"Košický kraj";279;3786;166;3952;NA;175254;445;2020-12-09;15795
2020-12-08;"Košický kraj";226;4105;355;4460;NA;175254;581;2020-12-08;15350
2020-12-07;"Košický kraj";270;2383;106;2489;NA;175254;376;2020-12-07;14769
2020-12-06;"Košický kraj";121;97;20;117;NA;175254;141;2020-12-06;14393
2020-12-05;"Košický kraj";90;1096;48;1144;NA;175254;138;2020-12-05;14252
2020-12-04;"Košický kraj";224;2680;82;2762;NA;175254;306;2020-12-04;14114
2020-12-03;"Košický kraj";211;7717;173;7890;NA;175254;384;2020-12-03;13808
2020-12-02;"Košický kraj";193;8132;496;8628;NA;175254;689;2020-12-02;13424
2020-12-01;"Košický kraj";178;2237;124;2361;NA;175254;302;2020-12-01;12735
2020-11-30;"Košický kraj";171;3598;59;3657;NA;175254;230;2020-11-30;12433
2020-11-29;"Košický kraj";31;325;17;342;NA;175254;48;2020-11-29;12203
2020-11-28;"Košický kraj";69;721;52;773;NA;175254;121;2020-11-28;12155
2020-11-27;"Košický kraj";149;2921;78;2999;NA;175254;227;2020-11-27;12034
2020-11-26;"Košický kraj";239;1234;60;1294;NA;175254;299;2020-11-26;11807
2020-11-25;"Košický kraj";237;1785;123;1908;NA;175254;360;2020-11-25;11508
2020-11-24;"Košický kraj";196;1976;67;2043;NA;175254;263;2020-11-24;11148
2020-11-23;"Košický kraj";51;4115;63;4178;NA;175254;114;2020-11-23;10885
2020-11-22;"Košický kraj";57;57;5;62;NA;175254;62;2020-11-22;10771
2020-11-21;"Košický kraj";87;858;36;894;NA;175254;123;2020-11-21;10709
2020-11-20;"Košický kraj";176;3084;49;3133;NA;175254;225;2020-11-20;10586
2020-11-19;"Košický kraj";206;1736;48;1784;NA;175254;254;2020-11-19;10361
2020-11-18;"Košický kraj";122;532;17;549;NA;175254;139;2020-11-18;10107
2020-11-17;"Košický kraj";152;82;9;91;NA;175254;161;2020-11-17;9968
2020-11-16;"Košický kraj";114;596;27;623;NA;175254;141;2020-11-16;9807
2020-11-15;"Košický kraj";15;338;7;345;NA;175254;22;2020-11-15;9666
2020-11-14;"Košický kraj";234;520;12;532;NA;175254;246;2020-11-14;9644
2020-11-13;"Košický kraj";207;664;29;693;NA;175254;236;2020-11-13;9398
2020-11-12;"Košický kraj";192;736;13;749;NA;175254;205;2020-11-12;9162
2020-11-11;"Košický kraj";301;593;7;600;NA;175254;308;2020-11-11;8957
2020-11-10;"Košický kraj";190;541;11;552;NA;175254;201;2020-11-10;8649
2020-11-09;"Košický kraj";129;380;17;397;NA;175254;146;2020-11-09;8448
2020-11-08;"Košický kraj";78;1306;8;1314;NA;175254;86;2020-11-08;8302
2020-11-07;"Košický kraj";192;3909;22;3931;NA;175254;214;2020-11-07;8216
2020-11-06;"Košický kraj";195;5310;34;5344;NA;175254;229;2020-11-06;8002
2020-11-05;"Košický kraj";342;330;31;361;NA;175254;373;2020-11-05;7773
2020-11-04;"Košický kraj";101;154;6;160;NA;175254;107;2020-11-04;7400
2020-11-03;"Košický kraj";358;1122;13;1135;NA;175254;371;2020-11-03;7293
2020-11-02;"Košický kraj";111;6125;56;6181;NA;175254;167;2020-11-02;6922
2020-11-01;"Košický kraj";346;6522;34;6556;NA;175254;380;2020-11-01;6755
2020-10-31;"Košický kraj";82;14035;106;14141;NA;175254;188;2020-10-31;6375
2020-10-30;"Košický kraj";379;2835;27;2862;NA;175254;406;2020-10-30;6187
2020-10-29;"Košický kraj";333;983;13;996;NA;175254;346;2020-10-29;5781
2020-10-28;"Košický kraj";224;305;13;318;NA;175254;237;2020-10-28;5435
2020-10-27;"Košický kraj";386;439;21;460;NA;175254;407;2020-10-27;5198
2020-10-26;"Košický kraj";56;212;12;224;NA;175254;68;2020-10-26;4791
2020-10-25;"Košický kraj";154;79;2;81;NA;175254;156;2020-10-25;4723
2020-10-24;"Košický kraj";313;118;16;134;NA;175254;329;2020-10-24;4567
2020-10-23;"Košický kraj";315;331;8;339;NA;175254;323;2020-10-23;4238
2020-10-22;"Košický kraj";349;530;16;546;NA;175254;365;2020-10-22;3915
2020-10-21;"Košický kraj";129;84;2;86;NA;175254;131;2020-10-21;3550
2020-10-20;"Košický kraj";181;14;1;15;NA;175254;182;2020-10-20;3419
2020-10-19;"Košický kraj";64;38;1;39;NA;175254;65;2020-10-19;3237
2020-10-18;"Košický kraj";158;0;0;0;NA;175254;158;2020-10-18;3172
2020-10-17;"Košický kraj";142;0;0;0;NA;175254;142;2020-10-17;3014
2020-10-16;"Košický kraj";206;19;0;19;NA;175254;206;2020-10-16;2872
2020-10-15;"Košický kraj";177;19;5;24;NA;175254;182;2020-10-15;2666
2020-10-14;"Košický kraj";211;8;0;8;NA;175254;211;2020-10-14;2484
2020-10-13;"Košický kraj";179;80;3;83;NA;175254;182;2020-10-13;2273
2020-10-12;"Košický kraj";74;0;0;0;NA;175254;74;2020-10-12;2091
2020-10-11;"Košický kraj";121;0;0;0;NA;175254;121;2020-10-11;2017
2020-10-10;"Košický kraj";70;0;0;0;NA;175254;70;2020-10-10;1896
2020-10-09;"Košický kraj";188;0;0;0;NA;175254;188;2020-10-09;1826
2020-10-08;"Košický kraj";102;0;0;0;NA;175254;102;2020-10-08;1638
2020-10-07;"Košický kraj";158;0;0;0;NA;175254;158;2020-10-07;1536
2020-10-06;"Košický kraj";70;0;0;0;NA;175254;70;2020-10-06;1378
2020-10-05;"Košický kraj";39;0;0;0;NA;175254;39;2020-10-05;1308
2020-10-04;"Košický kraj";45;0;0;0;NA;175254;45;2020-10-04;1269
2020-10-03;"Košický kraj";105;0;0;0;NA;175254;105;2020-10-03;1224
2020-10-02;"Košický kraj";57;0;0;0;NA;175254;57;2020-10-02;1119
2020-10-01;"Košický kraj";69;0;0;0;NA;175254;69;2020-10-01;1062
2020-09-30;"Košický kraj";95;0;0;0;NA;175254;95;2020-09-30;993
2020-09-29;"Košický kraj";75;0;0;0;NA;175254;75;2020-09-29;898
2020-09-28;"Košický kraj";19;0;0;0;NA;175254;19;2020-09-28;823
2020-09-27;"Košický kraj";21;0;0;0;NA;175254;21;2020-09-27;804
2020-09-26;"Košický kraj";53;0;0;0;NA;175254;53;2020-09-26;783
2020-09-25;"Košický kraj";72;0;0;0;NA;175254;72;2020-09-25;730
2020-09-24;"Košický kraj";35;0;0;0;NA;175254;35;2020-09-24;658
2020-09-23;"Košický kraj";23;0;0;0;NA;175254;23;2020-09-23;623
2020-09-22;"Košický kraj";39;0;0;0;NA;175254;39;2020-09-22;600
2020-09-21;"Košický kraj";5;0;0;0;NA;175254;5;2020-09-21;561
2020-09-20;"Košický kraj";3;0;0;0;NA;175254;3;2020-09-20;556
2020-09-19;"Košický kraj";13;0;0;0;NA;175254;13;2020-09-19;553
2020-09-18;"Košický kraj";20;0;0;0;NA;175254;20;2020-09-18;540
2020-09-17;"Košický kraj";22;0;0;0;NA;175254;22;2020-09-17;520
2020-09-16;"Košický kraj";12;0;0;0;NA;175254;12;2020-09-16;498
2020-09-15;"Košický kraj";10;0;0;0;NA;175254;10;2020-09-15;486
2020-09-14;"Košický kraj";6;0;0;0;NA;175254;6;2020-09-14;476
2020-09-13;"Košický kraj";3;0;0;0;NA;175254;3;2020-09-13;470
2020-09-12;"Košický kraj";16;0;0;0;NA;175254;16;2020-09-12;467
2020-09-11;"Košický kraj";20;0;0;0;NA;175254;20;2020-09-11;451
2020-09-10;"Košický kraj";11;0;0;0;NA;175254;11;2020-09-10;431
2020-09-09;"Košický kraj";37;0;0;0;NA;175254;37;2020-09-09;420
2020-09-08;"Košický kraj";10;0;0;0;NA;175254;10;2020-09-08;383
2020-09-07;"Košický kraj";4;0;0;0;NA;175254;4;2020-09-07;373
2020-09-06;"Košický kraj";2;0;0;0;NA;175254;2;2020-09-06;369
2020-09-05;"Košický kraj";10;0;0;0;NA;175254;10;2020-09-05;367
2020-09-04;"Košický kraj";14;0;0;0;NA;175254;14;2020-09-04;357
2020-09-03;"Košický kraj";22;0;0;0;NA;175254;22;2020-09-03;343
2020-09-02;"Košický kraj";13;0;0;0;NA;175254;13;2020-09-02;321
2020-09-01;"Košický kraj";21;0;0;0;NA;175254;21;2020-09-01;308
2020-08-31;"Košický kraj";9;0;0;0;NA;175254;9;2020-08-31;287
2020-08-30;"Košický kraj";21;0;0;0;NA;175254;21;2020-08-30;278
2020-08-29;"Košický kraj";1;0;0;0;NA;175254;1;2020-08-29;257
2020-08-28;"Košický kraj";19;0;0;0;NA;175254;19;2020-08-28;256
2020-08-27;"Košický kraj";15;0;0;0;NA;175254;15;2020-08-27;237
2020-08-26;"Košický kraj";8;0;0;0;NA;175254;8;2020-08-26;222
2020-08-25;"Košický kraj";23;0;0;0;NA;175254;23;2020-08-25;214
2020-08-24;"Košický kraj";6;0;0;0;NA;175254;6;2020-08-24;191
2020-08-23;"Košický kraj";8;0;0;0;NA;175254;8;2020-08-23;185
2020-08-22;"Košický kraj";13;0;0;0;NA;175254;13;2020-08-22;177
2020-08-21;"Košický kraj";10;0;0;0;NA;175254;10;2020-08-21;164
2020-08-20;"Košický kraj";10;0;0;0;NA;175254;10;2020-08-20;154
2020-08-19;"Košický kraj";3;0;0;0;NA;175254;3;2020-08-19;144
2020-08-18;"Košický kraj";7;0;0;0;NA;175254;7;2020-08-18;141
2020-08-17;"Košický kraj";2;0;0;0;NA;175254;2;2020-08-17;134
2020-08-16;"Košický kraj";2;0;0;0;NA;175254;2;2020-08-16;132
2020-08-15;"Košický kraj";3;0;0;0;NA;175254;3;2020-08-15;130
2020-08-14;"Košický kraj";1;0;0;0;NA;175254;1;2020-08-14;127
2020-08-13;"Košický kraj";3;0;0;0;NA;175254;3;2020-08-13;126
2020-08-12;"Košický kraj";12;0;0;0;NA;175254;12;2020-08-12;123
2020-08-11;"Košický kraj";5;0;0;0;NA;175254;5;2020-08-11;111
2020-08-10;"Košický kraj";1;0;0;0;NA;175254;1;2020-08-10;106
2020-08-09;"Košický kraj";0;0;0;0;NA;175254;0;2020-08-09;105
2020-08-08;"Košický kraj";5;0;0;0;NA;175254;5;2020-08-08;105
2020-08-07;"Košický kraj";7;0;0;0;NA;175254;7;2020-08-07;100
2020-08-06;"Košický kraj";3;0;0;0;NA;175254;3;2020-08-06;93
2020-08-05;"Košický kraj";4;0;0;0;NA;175254;4;2020-08-05;90
2020-08-04;"Košický kraj";1;0;0;0;NA;175254;1;2020-08-04;86
2020-08-03;"Košický kraj";1;0;0;0;NA;175254;1;2020-08-03;85
2020-08-02;"Košický kraj";0;0;0;0;NA;175254;0;2020-08-02;84
2020-08-01;"Košický kraj";0;0;0;0;NA;175254;0;2020-08-01;84
2020-07-31;"Košický kraj";0;0;0;0;NA;175254;0;2020-07-31;84
2020-07-30;"Košický kraj";2;0;0;0;NA;175254;2;2020-07-30;84
2020-07-29;"Košický kraj";1;0;0;0;NA;175254;1;2020-07-29;82
2020-07-28;"Košický kraj";9;0;0;0;NA;175254;9;2020-07-28;81
2020-07-27;"Košický kraj";4;0;0;0;NA;175254;4;2020-07-27;72
2020-07-26;"Košický kraj";0;0;0;0;NA;175254;0;2020-07-26;68
2020-07-25;"Košický kraj";2;0;0;0;NA;175254;2;2020-07-25;68
2020-07-24;"Košický kraj";2;0;0;0;NA;175254;2;2020-07-24;66
2020-07-23;"Košický kraj";1;0;0;0;NA;175254;1;2020-07-23;64
2020-07-22;"Košický kraj";1;0;0;0;NA;175254;1;2020-07-22;63
2020-07-21;"Košický kraj";0;0;0;0;NA;175254;0;2020-07-21;62
2020-07-20;"Košický kraj";0;0;0;0;NA;175254;0;2020-07-20;62
2020-07-19;"Košický kraj";0;0;0;0;NA;175254;0;2020-07-19;62
2020-07-18;"Košický kraj";1;0;0;0;NA;175254;1;2020-07-18;62
2020-07-17;"Košický kraj";1;0;0;0;NA;175254;1;2020-07-17;61
2020-07-16;"Košický kraj";0;0;0;0;NA;175254;0;2020-07-16;60
2020-07-15;"Košický kraj";2;0;0;0;NA;175254;2;2020-07-15;60
2020-07-14;"Košický kraj";1;0;0;0;NA;175254;1;2020-07-14;58
2020-07-13;"Košický kraj";1;0;0;0;NA;175254;1;2020-07-13;57
2020-07-12;"Košický kraj";0;0;0;0;NA;175254;0;2020-07-12;56
2020-07-11;"Košický kraj";0;0;0;0;NA;175254;0;2020-07-11;56
2020-07-10;"Košický kraj";1;0;0;0;NA;175254;1;2020-07-10;56
2020-07-09;"Košický kraj";1;0;0;0;NA;175254;1;2020-07-09;55
2020-07-08;"Košický kraj";12;0;0;0;NA;175254;12;2020-07-08;54
2020-07-07;"Košický kraj";0;0;0;0;NA;175254;0;2020-07-07;42
2020-07-06;"Košický kraj";0;0;0;0;NA;175254;0;2020-07-06;42
2020-07-05;"Košický kraj";0;0;0;0;NA;175254;0;2020-07-05;42
2020-07-04;"Košický kraj";0;0;0;0;NA;175254;0;2020-07-04;42
2020-07-03;"Košický kraj";1;0;0;0;NA;175254;1;2020-07-03;42
2020-07-02;"Košický kraj";0;0;0;0;NA;175254;0;2020-07-02;41
2020-07-01;"Košický kraj";1;0;0;0;NA;175254;1;2020-07-01;41
2020-06-30;"Košický kraj";0;0;0;0;NA;175254;0;2020-06-30;40
2020-06-29;"Košický kraj";0;0;0;0;NA;175254;0;2020-06-29;40
2020-06-28;"Košický kraj";0;0;0;0;NA;175254;0;2020-06-28;40
2020-06-27;"Košický kraj";0;0;0;0;NA;175254;0;2020-06-27;40
2020-06-26;"Košický kraj";0;0;0;0;NA;175254;0;2020-06-26;40
2020-06-25;"Košický kraj";3;0;0;0;NA;175254;3;2020-06-25;40
2020-06-24;"Košický kraj";3;0;0;0;NA;175254;3;2020-06-24;37
2020-06-23;"Košický kraj";3;0;0;0;NA;175254;3;2020-06-23;34
2020-06-22;"Košický kraj";0;0;0;0;NA;175254;0;2020-06-22;31
2020-06-21;"Košický kraj";0;0;0;0;NA;175254;0;2020-06-21;31
2020-06-20;"Košický kraj";0;0;0;0;NA;175254;0;2020-06-20;31
2020-06-19;"Košický kraj";0;0;0;0;NA;175254;0;2020-06-19;31
2020-06-18;"Košický kraj";1;0;0;0;NA;175254;1;2020-06-18;31
2020-06-17;"Košický kraj";0;0;0;0;NA;175254;0;2020-06-17;30
2020-06-16;"Košický kraj";2;0;0;0;NA;175254;2;2020-06-16;30
2020-06-14;"Košický kraj";0;0;0;0;NA;175254;0;2020-06-14;28
2020-06-13;"Košický kraj";0;0;0;0;NA;175254;0;2020-06-13;28
2020-06-12;"Košický kraj";0;0;0;0;NA;175254;0;2020-06-12;28
2020-06-11;"Košický kraj";0;0;0;0;NA;175254;0;2020-06-11;28
2020-06-10;"Košický kraj";6;0;0;0;NA;175254;6;2020-06-10;28
2020-06-09;"Košický kraj";0;0;0;0;NA;175254;0;2020-06-09;22
2020-06-08;"Košický kraj";0;0;0;0;NA;175254;0;2020-06-08;22
2020-06-07;"Košický kraj";2;0;0;0;NA;175254;2;2020-06-07;22
2020-06-05;"Košický kraj";0;0;0;0;NA;175254;0;2020-06-05;20
2020-06-03;"Košický kraj";0;0;0;0;NA;175254;0;2020-06-03;20
2020-06-02;"Košický kraj";1;0;0;0;NA;175254;1;2020-06-02;20
2020-05-31;"Košický kraj";0;0;0;0;NA;175254;0;2020-05-31;19
2020-05-29;"Košický kraj";1;0;0;0;NA;175254;1;2020-05-29;19
2020-05-27;"Košický kraj";0;0;0;0;NA;175254;0;2020-05-27;18
2020-05-26;"Košický kraj";1;0;0;0;NA;175254;1;2020-05-26;18
2020-05-25;"Košický kraj";1;0;0;0;NA;175254;1;2020-05-25;17
2020-05-24;"Košický kraj";0;0;0;0;NA;175254;0;2020-05-24;16
2020-05-23;"Košický kraj";0;0;0;0;NA;175254;0;2020-05-23;16
2020-05-22;"Košický kraj";0;0;0;0;NA;175254;0;2020-05-22;16
2020-05-21;"Košický kraj";0;0;0;0;NA;175254;0;2020-05-21;16
2020-05-20;"Košický kraj";3;0;0;0;NA;175254;3;2020-05-20;16
2020-05-19;"Košický kraj";0;0;0;0;NA;175254;0;2020-05-19;13
2020-05-17;"Košický kraj";1;0;0;0;NA;175254;1;2020-05-17;13
2020-05-16;"Košický kraj";1;0;0;0;NA;175254;1;2020-05-16;12
2020-05-15;"Košický kraj";10;0;0;0;NA;175254;10;2020-05-15;11
2020-05-14;"Košický kraj";1;0;0;0;NA;175254;1;2020-05-14;1
2020-05-13;"Košický kraj";6;0;0;0;NA;175254;6;2020-05-13;0
2020-05-12;"Košický kraj";0;0;0;0;NA;175254;0;2020-05-12;-6
2020-05-11;"Košický kraj";0;0;0;0;NA;175254;0;2020-05-11;-6
2020-05-09;"Košický kraj";0;0;0;0;NA;175254;0;2020-05-09;-6
2020-05-07;"Košický kraj";0;0;0;0;NA;175254;0;2020-05-07;-6
2020-05-06;"Košický kraj";1;0;0;0;NA;175254;1;2020-05-06;-6
2020-05-05;"Košický kraj";0;0;0;0;NA;175254;0;2020-05-05;-7
2020-05-04;"Košický kraj";0;0;0;0;NA;175254;0;2020-05-04;-7
2020-05-03;"Košický kraj";0;0;0;0;NA;175254;0;2020-05-03;-7
2020-05-02;"Košický kraj";1;0;0;0;NA;175254;1;2020-05-02;-7
2020-05-01;"Košický kraj";0;0;0;0;NA;175254;0;2020-05-01;-8
2020-04-30;"Košický kraj";1;0;0;0;NA;175254;1;2020-04-30;-8
2020-04-29;"Košický kraj";1;0;0;0;NA;175254;1;2020-04-29;-9
2020-04-28;"Košický kraj";1;0;0;0;NA;175254;1;2020-04-28;-10
2020-04-27;"Košický kraj";1;0;0;0;NA;175254;1;2020-04-27;-11
2020-04-26;"Košický kraj";0;0;0;0;NA;175254;0;2020-04-26;-12
2020-04-25;"Košický kraj";0;0;0;0;NA;175254;0;2020-04-25;-12
2020-04-24;"Košický kraj";3;0;0;0;NA;175254;3;2020-04-24;-12
2020-04-23;"Košický kraj";4;0;0;0;NA;175254;4;2020-04-23;-15
2020-04-22;"Košický kraj";21;0;0;0;NA;175254;21;2020-04-22;-19
2020-04-21;"Košický kraj";4;0;0;0;NA;175254;4;2020-04-21;-40
2020-04-20;"Košický kraj";0;0;0;0;NA;175254;0;2020-04-20;-44
2020-04-19;"Košický kraj";1;0;0;0;NA;175254;1;2020-04-19;-44
2020-04-18;"Košický kraj";2;0;0;0;NA;175254;2;2020-04-18;-45
2020-04-17;"Košický kraj";7;0;0;0;NA;175254;7;2020-04-17;-47
2020-04-16;"Košický kraj";29;0;0;0;NA;175254;29;2020-04-16;-54
2020-04-15;"Košický kraj";50;0;0;0;NA;175254;50;2020-04-15;-83
2020-04-14;"Košický kraj";4;0;0;0;NA;175254;4;2020-04-14;-133
2020-04-13;"Košický kraj";5;0;0;0;NA;175254;5;2020-04-13;-137
2020-04-12;"Košický kraj";4;0;0;0;NA;175254;4;2020-04-12;-142
2020-04-11;"Košický kraj";2;0;0;0;NA;175254;2;2020-04-11;-146
2020-04-10;"Košický kraj";1;0;0;0;NA;175254;1;2020-04-10;-148
2020-04-09;"Košický kraj";4;0;0;0;NA;175254;4;2020-04-09;-149
2020-04-08;"Košický kraj";5;0;0;0;NA;175254;5;2020-04-08;-153
2020-04-07;"Košický kraj";34;0;0;0;NA;175254;34;2020-04-07;-158
2020-04-06;"Košický kraj";6;0;0;0;NA;175254;6;2020-04-06;-192
2020-04-05;"Košický kraj";4;0;0;0;NA;175254;4;2020-04-05;-198
2020-04-04;"Košický kraj";5;0;0;0;NA;175254;5;2020-04-04;-202
2020-04-03;"Košický kraj";4;0;0;0;NA;175254;4;2020-04-03;-207
2020-04-02;"Košický kraj";3;0;0;0;NA;175254;3;2020-04-02;-211
2020-04-01;"Košický kraj";3;0;0;0;NA;175254;3;2020-04-01;-214
2020-03-31;"Košický kraj";1;0;0;0;NA;175254;1;2020-03-31;-217
2020-03-30;"Košický kraj";5;0;0;0;NA;175254;5;2020-03-30;-218
2020-03-29;"Košický kraj";0;0;0;0;NA;175254;0;2020-03-29;-223
2020-03-28;"Košický kraj";1;0;0;0;NA;175254;1;2020-03-28;-223
2020-03-27;"Košický kraj";1;0;0;0;NA;175254;1;2020-03-27;-224
2020-03-26;"Košický kraj";3;0;0;0;NA;175254;3;2020-03-26;-225
2020-03-25;"Košický kraj";2;0;0;0;NA;175254;2;2020-03-25;-228
2020-03-24;"Košický kraj";0;0;0;0;NA;175254;0;2020-03-24;-230
2020-03-23;"Košický kraj";2;0;0;0;NA;175254;2;2020-03-23;-230
2020-03-22;"Košický kraj";0;0;0;0;NA;175254;0;2020-03-22;-232
2020-03-21;"Košický kraj";3;0;0;0;NA;175254;3;2020-03-21;-232
2020-03-20;"Košický kraj";1;0;0;0;NA;175254;1;2020-03-20;-235
2020-03-19;"Košický kraj";0;0;0;0;NA;175254;0;2020-03-19;-236
2020-03-18;"Košický kraj";0;0;0;0;NA;175254;0;2020-03-18;-236
2020-03-17;"Košický kraj";0;0;0;0;NA;175254;0;2020-03-17;-236
2020-03-16;"Košický kraj";3;0;0;0;NA;175254;3;2020-03-16;-236
2020-03-15;"Košický kraj";1;0;0;0;NA;175254;1;2020-03-15;-239
2020-03-14;"Košický kraj";0;0;0;0;NA;175254;0;2020-03-14;-240
2020-03-13;"Košický kraj";2;0;0;0;NA;175254;2;2020-03-13;-240
2020-03-12;"Košický kraj";0;0;0;0;NA;175254;0;2020-03-12;-242
2020-03-11;"Košický kraj";0;0;0;0;NA;175254;0;2020-03-11;-242
2020-03-09;"Košický kraj";1;0;0;0;NA;175254;1;2020-03-09;-242
2020-03-08;"Košický kraj";0;0;0;0;NA;175254;0;2020-03-08;-243
2020-03-07;"Košický kraj";0;0;0;0;NA;175254;0;2020-03-07;-243
2020-03-06;"Košický kraj";0;0;0;0;NA;175254;0;2020-03-06;-243
2021-12-12;"Nitriansky kraj";289;2987;127;3114;69054;135089;416;2021-12-12;135089
2021-12-11;"Nitriansky kraj";458;1448;109;1557;NA;135089;567;2021-12-11;134673
2021-12-10;"Nitriansky kraj";591;4254;170;4424;NA;135089;761;2021-12-10;134106
2021-12-09;"Nitriansky kraj";741;3310;188;3498;NA;135089;929;2021-12-09;133345
2021-12-08;"Nitriansky kraj";954;3626;195;3821;NA;135089;1149;2021-12-08;132416
2021-12-07;"Nitriansky kraj";900;3449;184;3633;NA;135089;1084;2021-12-07;131267
2021-12-06;"Nitriansky kraj";699;7612;318;7930;NA;135089;1017;2021-12-06;130183
2021-12-05;"Nitriansky kraj";337;4151;188;4339;NA;135089;525;2021-12-05;129166
2021-12-04;"Nitriansky kraj";758;2045;180;2225;NA;135089;938;2021-12-04;128641
2021-12-03;"Nitriansky kraj";920;5276;230;5506;NA;135089;1150;2021-12-03;127703
2021-12-02;"Nitriansky kraj";1388;3896;267;4163;NA;135089;1655;2021-12-02;126553
2021-12-01;"Nitriansky kraj";982;4077;261;4338;NA;135089;1243;2021-12-01;124898
2021-11-30;"Nitriansky kraj";751;5245;234;5479;NA;135089;985;2021-11-30;123655
2021-11-29;"Nitriansky kraj";665;10150;499;10649;NA;135089;1164;2021-11-29;122670
2021-11-28;"Nitriansky kraj";357;6214;300;6514;NA;135089;657;2021-11-28;121506
2021-11-27;"Nitriansky kraj";560;2879;281;3160;NA;135089;841;2021-11-27;120849
2021-11-26;"Nitriansky kraj";824;5529;290;5819;NA;135089;1114;2021-11-26;120008
2021-11-25;"Nitriansky kraj";847;4151;342;4493;NA;135089;1189;2021-11-25;118894
2021-11-24;"Nitriansky kraj";875;4419;325;4744;NA;135089;1200;2021-11-24;117705
2021-11-23;"Nitriansky kraj";1103;5148;353;5501;NA;135089;1456;2021-11-23;116505
2021-11-22;"Nitriansky kraj";545;7101;465;7566;NA;135089;1010;2021-11-22;115049
2021-11-21;"Nitriansky kraj";345;3410;314;3724;NA;135089;659;2021-11-21;114039
2021-11-20;"Nitriansky kraj";579;1865;252;2117;NA;135089;831;2021-11-20;113380
2021-11-19;"Nitriansky kraj";571;4255;349;4604;NA;135089;920;2021-11-19;112549
2021-11-18;"Nitriansky kraj";677;4881;420;5301;NA;135089;1097;2021-11-18;111629
2021-11-17;"Nitriansky kraj";479;1622;207;1829;NA;135089;686;2021-11-17;110532
2021-11-16;"Nitriansky kraj";668;3879;266;4145;NA;135089;934;2021-11-16;109846
2021-11-15;"Nitriansky kraj";556;6012;440;6452;NA;135089;996;2021-11-15;108912
2021-11-14;"Nitriansky kraj";229;2796;259;3055;NA;135089;488;2021-11-14;107916
2021-11-13;"Nitriansky kraj";387;1473;201;1674;NA;135089;588;2021-11-13;107428
2021-11-12;"Nitriansky kraj";552;3096;270;3366;NA;135089;822;2021-11-12;106840
2021-11-11;"Nitriansky kraj";539;3541;238;3779;NA;135089;777;2021-11-11;106018
2021-11-10;"Nitriansky kraj";411;3494;234;3728;NA;135089;645;2021-11-10;105241
2021-11-09;"Nitriansky kraj";413;3313;210;3523;NA;135089;623;2021-11-09;104596
2021-11-08;"Nitriansky kraj";464;4936;331;5267;NA;135089;795;2021-11-08;103973
2021-11-07;"Nitriansky kraj";209;2074;161;2235;NA;135089;370;2021-11-07;103178
2021-11-06;"Nitriansky kraj";236;1407;114;1521;NA;135089;350;2021-11-06;102808
2021-11-05;"Nitriansky kraj";407;2583;185;2768;NA;135089;592;2021-11-05;102458
2021-11-04;"Nitriansky kraj";437;3083;168;3251;NA;135089;605;2021-11-04;101866
2021-11-03;"Nitriansky kraj";525;2891;157;3048;NA;135089;682;2021-11-03;101261
2021-11-02;"Nitriansky kraj";320;4279;239;4518;NA;135089;559;2021-11-02;100579
2021-11-01;"Nitriansky kraj";136;712;61;773;NA;135089;197;2021-11-01;100020
2021-10-31;"Nitriansky kraj";109;1234;114;1348;NA;135089;223;2021-10-31;99823
2021-10-30;"Nitriansky kraj";202;1218;82;1300;NA;135089;284;2021-10-30;99600
2021-10-29;"Nitriansky kraj";347;2481;120;2601;NA;135089;467;2021-10-29;99316
2021-10-28;"Nitriansky kraj";281;2603;95;2698;NA;135089;376;2021-10-28;98849
2021-10-27;"Nitriansky kraj";340;2923;112;3035;NA;135089;452;2021-10-27;98473
2021-10-26;"Nitriansky kraj";297;2926;117;3043;NA;135089;414;2021-10-26;98021
2021-10-25;"Nitriansky kraj";171;3599;124;3723;NA;135089;295;2021-10-25;97607
2021-10-24;"Nitriansky kraj";58;1914;74;1988;NA;135089;132;2021-10-24;97312
2021-10-23;"Nitriansky kraj";173;1815;77;1892;NA;135089;250;2021-10-23;97180
2021-10-22;"Nitriansky kraj";202;2216;68;2284;NA;135089;270;2021-10-22;96930
2021-10-21;"Nitriansky kraj";214;2793;65;2858;NA;135089;279;2021-10-21;96660
2021-10-20;"Nitriansky kraj";218;2328;74;2402;NA;135089;292;2021-10-20;96381
2021-10-19;"Nitriansky kraj";250;2929;65;2994;NA;135089;315;2021-10-19;96089
2021-10-18;"Nitriansky kraj";81;3259;90;3349;NA;135089;171;2021-10-18;95774
2021-10-17;"Nitriansky kraj";36;3010;92;3102;NA;135089;128;2021-10-17;95603
2021-10-16;"Nitriansky kraj";37;1477;38;1515;NA;135089;75;2021-10-16;95475
2021-10-15;"Nitriansky kraj";145;2653;34;2687;NA;135089;179;2021-10-15;95400
2021-10-14;"Nitriansky kraj";95;2389;30;2419;NA;135089;125;2021-10-14;95221
2021-10-13;"Nitriansky kraj";91;2248;36;2284;NA;135089;127;2021-10-13;95096
2021-10-12;"Nitriansky kraj";119;2905;34;2939;NA;135089;153;2021-10-12;94969
2021-10-11;"Nitriansky kraj";91;2703;42;2745;NA;135089;133;2021-10-11;94816
2021-10-10;"Nitriansky kraj";33;1527;22;1549;NA;135089;55;2021-10-10;94683
2021-10-09;"Nitriansky kraj";17;1395;17;1412;NA;135089;34;2021-10-09;94628
2021-10-08;"Nitriansky kraj";61;3004;37;3041;NA;135089;98;2021-10-08;94594
2021-10-07;"Nitriansky kraj";59;2829;30;2859;NA;135089;89;2021-10-07;94496
2021-10-06;"Nitriansky kraj";66;2657;28;2685;NA;135089;94;2021-10-06;94407
2021-10-05;"Nitriansky kraj";97;2536;32;2568;NA;135089;129;2021-10-05;94313
2021-10-04;"Nitriansky kraj";56;3263;49;3312;NA;135089;105;2021-10-04;94184
2021-10-03;"Nitriansky kraj";10;1591;24;1615;NA;135089;34;2021-10-03;94079
2021-10-02;"Nitriansky kraj";46;1567;20;1587;NA;135089;66;2021-10-02;94045
2021-10-01;"Nitriansky kraj";26;2830;34;2864;NA;135089;60;2021-10-01;93979
2021-09-30;"Nitriansky kraj";66;2468;15;2483;NA;135089;81;2021-09-30;93919
2021-09-29;"Nitriansky kraj";92;2266;16;2282;NA;135089;108;2021-09-29;93838
2021-09-28;"Nitriansky kraj";86;2893;27;2920;NA;135089;113;2021-09-28;93730
2021-09-27;"Nitriansky kraj";50;3633;41;3674;NA;135089;91;2021-09-27;93617
2021-09-26;"Nitriansky kraj";12;1635;20;1655;NA;135089;32;2021-09-26;93526
2021-09-25;"Nitriansky kraj";43;1456;20;1476;NA;135089;63;2021-09-25;93494
2021-09-24;"Nitriansky kraj";35;2783;15;2798;NA;135089;50;2021-09-24;93431
2021-09-23;"Nitriansky kraj";69;2503;20;2523;NA;135089;89;2021-09-23;93381
2021-09-22;"Nitriansky kraj";68;2380;17;2397;NA;135089;85;2021-09-22;93292
2021-09-21;"Nitriansky kraj";70;2684;30;2714;NA;135089;100;2021-09-21;93207
2021-09-20;"Nitriansky kraj";41;2497;21;2518;NA;135089;62;2021-09-20;93107
2021-09-19;"Nitriansky kraj";16;1553;20;1573;NA;135089;36;2021-09-19;93045
2021-09-18;"Nitriansky kraj";42;1421;19;1440;NA;135089;61;2021-09-18;93009
2021-09-17;"Nitriansky kraj";54;2757;30;2787;NA;135089;84;2021-09-17;92948
2021-09-16;"Nitriansky kraj";55;2499;44;2543;NA;135089;99;2021-09-16;92864
2021-09-15;"Nitriansky kraj";34;538;12;550;NA;135089;46;2021-09-15;92765
2021-09-14;"Nitriansky kraj";52;1821;20;1841;NA;135089;72;2021-09-14;92719
2021-09-13;"Nitriansky kraj";27;2373;27;2400;NA;135089;54;2021-09-13;92647
2021-09-12;"Nitriansky kraj";4;1182;17;1199;NA;135089;21;2021-09-12;92593
2021-09-11;"Nitriansky kraj";36;1181;8;1189;NA;135089;44;2021-09-11;92572
2021-09-10;"Nitriansky kraj";25;2133;12;2145;NA;135089;37;2021-09-10;92528
2021-09-09;"Nitriansky kraj";15;1611;20;1631;NA;135089;35;2021-09-09;92491
2021-09-08;"Nitriansky kraj";30;1463;22;1485;NA;135089;52;2021-09-08;92456
2021-09-07;"Nitriansky kraj";35;1460;9;1469;NA;135089;44;2021-09-07;92404
2021-09-06;"Nitriansky kraj";19;1668;27;1695;NA;135089;46;2021-09-06;92360
2021-09-05;"Nitriansky kraj";10;1007;8;1015;NA;135089;18;2021-09-05;92314
2021-09-04;"Nitriansky kraj";18;1119;10;1129;NA;135089;28;2021-09-04;92296
2021-09-03;"Nitriansky kraj";20;1743;17;1760;NA;135089;37;2021-09-03;92268
2021-09-02;"Nitriansky kraj";16;1389;14;1403;NA;135089;30;2021-09-02;92231
2021-09-01;"Nitriansky kraj";9;322;2;324;NA;135089;11;2021-09-01;92201
2021-08-31;"Nitriansky kraj";10;1360;6;1366;NA;135089;16;2021-08-31;92190
2021-08-30;"Nitriansky kraj";8;1381;10;1391;NA;135089;18;2021-08-30;92174
2021-08-29;"Nitriansky kraj";2;450;1;451;NA;135089;3;2021-08-29;92156
2021-08-28;"Nitriansky kraj";5;1071;3;1074;NA;135089;8;2021-08-28;92153
2021-08-27;"Nitriansky kraj";7;1804;4;1808;NA;135089;11;2021-08-27;92145
2021-08-26;"Nitriansky kraj";2;1255;6;1261;NA;135089;8;2021-08-26;92134
2021-08-25;"Nitriansky kraj";15;1087;3;1090;NA;135089;18;2021-08-25;92126
2021-08-24;"Nitriansky kraj";6;990;2;992;NA;135089;8;2021-08-24;92108
2021-08-23;"Nitriansky kraj";13;1271;4;1275;NA;135089;17;2021-08-23;92100
2021-08-22;"Nitriansky kraj";0;1167;3;1170;NA;135089;3;2021-08-22;92083
2021-08-21;"Nitriansky kraj";1;853;2;855;NA;135089;3;2021-08-21;92080
2021-08-20;"Nitriansky kraj";8;1580;5;1585;NA;135089;13;2021-08-20;92077
2021-08-19;"Nitriansky kraj";11;1167;4;1171;NA;135089;15;2021-08-19;92064
2021-08-18;"Nitriansky kraj";8;1180;7;1187;NA;135089;15;2021-08-18;92049
2021-08-17;"Nitriansky kraj";4;1035;3;1038;NA;135089;7;2021-08-17;92034
2021-08-16;"Nitriansky kraj";7;1129;4;1133;NA;135089;11;2021-08-16;92027
2021-08-15;"Nitriansky kraj";2;662;1;663;NA;135089;3;2021-08-15;92016
2021-08-14;"Nitriansky kraj";1;878;5;883;NA;135089;6;2021-08-14;92013
2021-08-13;"Nitriansky kraj";0;957;1;958;NA;135089;1;2021-08-13;92007
2021-08-12;"Nitriansky kraj";5;765;0;765;NA;135089;5;2021-08-12;92006
2021-08-11;"Nitriansky kraj";3;527;1;528;NA;135089;4;2021-08-11;92001
2021-08-10;"Nitriansky kraj";3;570;1;571;NA;135089;4;2021-08-10;91997
2021-08-09;"Nitriansky kraj";3;992;1;993;NA;135089;4;2021-08-09;91993
2021-08-08;"Nitriansky kraj";0;668;1;669;NA;135089;1;2021-08-08;91989
2021-08-07;"Nitriansky kraj";0;557;1;558;NA;135089;1;2021-08-07;91988
2021-08-06;"Nitriansky kraj";5;799;0;799;NA;135089;5;2021-08-06;91987
2021-08-05;"Nitriansky kraj";6;612;0;612;NA;135089;6;2021-08-05;91982
2021-08-04;"Nitriansky kraj";1;497;2;499;NA;135089;3;2021-08-04;91976
2021-08-03;"Nitriansky kraj";5;1455;0;1455;NA;135089;5;2021-08-03;91973
2021-08-02;"Nitriansky kraj";1;683;4;687;NA;135089;5;2021-08-02;91968
2021-08-01;"Nitriansky kraj";1;606;0;606;NA;135089;1;2021-08-01;91963
2021-07-31;"Nitriansky kraj";1;514;1;515;NA;135089;2;2021-07-31;91962
2021-07-30;"Nitriansky kraj";2;827;0;827;NA;135089;2;2021-07-30;91960
2021-07-29;"Nitriansky kraj";3;720;2;722;NA;135089;5;2021-07-29;91958
2021-07-28;"Nitriansky kraj";4;598;0;598;NA;135089;4;2021-07-28;91953
2021-07-27;"Nitriansky kraj";12;602;1;603;NA;135089;13;2021-07-27;91949
2021-07-26;"Nitriansky kraj";7;970;1;971;NA;135089;8;2021-07-26;91936
2021-07-25;"Nitriansky kraj";1;654;1;655;NA;135089;2;2021-07-25;91928
2021-07-24;"Nitriansky kraj";0;620;0;620;NA;135089;0;2021-07-24;91926
2021-07-23;"Nitriansky kraj";3;845;1;846;NA;135089;4;2021-07-23;91926
2021-07-22;"Nitriansky kraj";5;689;0;689;NA;135089;5;2021-07-22;91922
2021-07-21;"Nitriansky kraj";6;650;2;652;NA;135089;8;2021-07-21;91917
2021-07-20;"Nitriansky kraj";1;527;1;528;NA;135089;2;2021-07-20;91909
2021-07-19;"Nitriansky kraj";2;965;0;965;NA;135089;2;2021-07-19;91907
2021-07-18;"Nitriansky kraj";1;747;0;747;NA;135089;1;2021-07-18;91905
2021-07-17;"Nitriansky kraj";5;612;0;612;NA;135089;5;2021-07-17;91904
2021-07-16;"Nitriansky kraj";2;876;0;876;NA;135089;2;2021-07-16;91899
2021-07-15;"Nitriansky kraj";11;708;0;708;NA;135089;11;2021-07-15;91897
2021-07-14;"Nitriansky kraj";4;646;0;646;NA;135089;4;2021-07-14;91886
2021-07-13;"Nitriansky kraj";2;697;2;699;NA;135089;4;2021-07-13;91882
2021-07-12;"Nitriansky kraj";1;819;0;819;NA;135089;1;2021-07-12;91878
2021-07-11;"Nitriansky kraj";1;961;0;961;NA;135089;1;2021-07-11;91877
2021-07-10;"Nitriansky kraj";1;630;0;630;NA;135089;1;2021-07-10;91876
2021-07-09;"Nitriansky kraj";3;1000;0;1000;NA;135089;3;2021-07-09;91875
2021-07-08;"Nitriansky kraj";0;683;0;683;NA;135089;0;2021-07-08;91872
2021-07-07;"Nitriansky kraj";2;935;2;937;NA;135089;4;2021-07-07;91872
2021-07-06;"Nitriansky kraj";1;1269;1;1270;NA;135089;2;2021-07-06;91868
2021-07-05;"Nitriansky kraj";1;507;0;507;NA;135089;1;2021-07-05;91866
2021-07-04;"Nitriansky kraj";0;821;1;822;NA;135089;1;2021-07-04;91865
2021-07-03;"Nitriansky kraj";0;611;0;611;NA;135089;0;2021-07-03;91864
2021-07-02;"Nitriansky kraj";0;1259;0;1259;NA;135089;0;2021-07-02;91864
2021-07-01;"Nitriansky kraj";0;339;1;340;NA;135089;1;2021-07-01;91864
2021-06-30;"Nitriansky kraj";1;6777;2;6779;NA;135089;3;2021-06-30;91863
2021-06-29;"Nitriansky kraj";1;3536;0;3536;NA;135089;1;2021-06-29;91860
2021-06-28;"Nitriansky kraj";3;4393;0;4393;NA;135089;3;2021-06-28;91859
2021-06-27;"Nitriansky kraj";0;3263;0;3263;NA;135089;0;2021-06-27;91856
2021-06-26;"Nitriansky kraj";1;4845;2;4847;NA;135089;3;2021-06-26;91856
2021-06-25;"Nitriansky kraj";8;5174;1;5175;NA;135089;9;2021-06-25;91853
2021-06-24;"Nitriansky kraj";1;3354;0;3354;NA;135089;1;2021-06-24;91844
2021-06-23;"Nitriansky kraj";1;3033;0;3033;NA;135089;1;2021-06-23;91843
2021-06-22;"Nitriansky kraj";1;3240;3;3243;NA;135089;4;2021-06-22;91842
2021-06-21;"Nitriansky kraj";8;5362;8;5370;NA;135089;16;2021-06-21;91838
2021-06-20;"Nitriansky kraj";0;4437;6;4443;NA;135089;6;2021-06-20;91822
2021-06-19;"Nitriansky kraj";0;5750;4;5754;NA;135089;4;2021-06-19;91816
2021-06-18;"Nitriansky kraj";4;6453;3;6456;NA;135089;7;2021-06-18;91812
2021-06-17;"Nitriansky kraj";5;4152;1;4153;NA;135089;6;2021-06-17;91805
2021-06-16;"Nitriansky kraj";4;3694;3;3697;NA;135089;7;2021-06-16;91799
2021-06-15;"Nitriansky kraj";1;3995;0;3995;NA;135089;1;2021-06-15;91792
2021-06-14;"Nitriansky kraj";0;5875;3;5878;NA;135089;3;2021-06-14;91791
2021-06-13;"Nitriansky kraj";0;6073;3;6076;NA;135089;3;2021-06-13;91788
2021-06-12;"Nitriansky kraj";1;8024;1;8025;NA;135089;2;2021-06-12;91785
2021-06-11;"Nitriansky kraj";3;6891;4;6895;NA;135089;7;2021-06-11;91783
2021-06-10;"Nitriansky kraj";7;4539;1;4540;NA;135089;8;2021-06-10;91776
2021-06-09;"Nitriansky kraj";2;4706;2;4708;NA;135089;4;2021-06-09;91768
2021-06-08;"Nitriansky kraj";8;4239;3;4242;NA;135089;11;2021-06-08;91764
2021-06-07;"Nitriansky kraj";6;5841;8;5849;NA;135089;14;2021-06-07;91753
2021-06-06;"Nitriansky kraj";0;6981;4;6985;NA;135089;4;2021-06-06;91739
2021-06-05;"Nitriansky kraj";6;8529;9;8538;NA;135089;15;2021-06-05;91735
2021-06-04;"Nitriansky kraj";9;7639;5;7644;NA;135089;14;2021-06-04;91720
2021-06-03;"Nitriansky kraj";2;5064;6;5070;NA;135089;8;2021-06-03;91706
2021-06-02;"Nitriansky kraj";11;5119;11;5130;NA;135089;22;2021-06-02;91698
2021-06-01;"Nitriansky kraj";3;4847;2;4849;NA;135089;5;2021-06-01;91676
2021-05-31;"Nitriansky kraj";8;8933;8;8941;NA;135089;16;2021-05-31;91671
2021-05-30;"Nitriansky kraj";1;9067;8;9075;NA;135089;9;2021-05-30;91655
2021-05-29;"Nitriansky kraj";2;12799;7;12806;NA;135089;9;2021-05-29;91646
2021-05-28;"Nitriansky kraj";10;8872;6;8878;NA;135089;16;2021-05-28;91637
2021-05-27;"Nitriansky kraj";4;6164;5;6169;NA;135089;9;2021-05-27;91621
2021-05-26;"Nitriansky kraj";11;8509;10;8519;NA;135089;21;2021-05-26;91612
2021-05-25;"Nitriansky kraj";15;7342;8;7350;NA;135089;23;2021-05-25;91591
2021-05-24;"Nitriansky kraj";14;9816;17;9833;NA;135089;31;2021-05-24;91568
2021-05-23;"Nitriansky kraj";1;9456;13;9469;NA;135089;14;2021-05-23;91537
2021-05-22;"Nitriansky kraj";7;16939;11;16950;NA;135089;18;2021-05-22;91523
2021-05-21;"Nitriansky kraj";18;10632;15;10647;NA;135089;33;2021-05-21;91505
2021-05-20;"Nitriansky kraj";8;7185;7;7192;NA;135089;15;2021-05-20;91472
2021-05-19;"Nitriansky kraj";20;6787;14;6801;NA;135089;34;2021-05-19;91457
2021-05-18;"Nitriansky kraj";23;7791;18;7809;NA;135089;41;2021-05-18;91423
2021-05-17;"Nitriansky kraj";22;9774;20;9794;NA;135089;42;2021-05-17;91382
2021-05-16;"Nitriansky kraj";4;13830;15;13845;NA;135089;19;2021-05-16;91340
2021-05-15;"Nitriansky kraj";5;25389;23;25412;NA;135089;28;2021-05-15;91321
2021-05-14;"Nitriansky kraj";18;13385;23;13408;NA;135089;41;2021-05-14;91293
2021-05-13;"Nitriansky kraj";24;8289;19;8308;NA;135089;43;2021-05-13;91252
2021-05-12;"Nitriansky kraj";10;7682;26;7708;NA;135089;36;2021-05-12;91209
2021-05-11;"Nitriansky kraj";36;8163;13;8176;NA;135089;49;2021-05-11;91173
2021-05-10;"Nitriansky kraj";16;13800;42;13842;NA;135089;58;2021-05-10;91124
2021-05-09;"Nitriansky kraj";8;21879;35;21914;NA;135089;43;2021-05-09;91066
2021-05-08;"Nitriansky kraj";0;24318;29;24347;NA;135089;29;2021-05-08;91023
2021-05-07;"Nitriansky kraj";32;14915;20;14935;NA;135089;52;2021-05-07;90994
2021-05-06;"Nitriansky kraj";30;9463;20;9483;NA;135089;50;2021-05-06;90942
2021-05-05;"Nitriansky kraj";19;8527;23;8550;NA;135089;42;2021-05-05;90892
2021-05-04;"Nitriansky kraj";46;9380;27;9407;NA;135089;73;2021-05-04;90850
2021-05-03;"Nitriansky kraj";32;14490;44;14534;NA;135089;76;2021-05-03;90777
2021-05-02;"Nitriansky kraj";4;31751;46;31797;NA;135089;50;2021-05-02;90701
2021-05-01;"Nitriansky kraj";23;60451;43;60494;NA;135089;66;2021-05-01;90651
2021-04-30;"Nitriansky kraj";28;31803;53;31856;NA;135089;81;2021-04-30;90585
2021-04-29;"Nitriansky kraj";27;14265;34;14299;NA;135089;61;2021-04-29;90504
2021-04-28;"Nitriansky kraj";36;14716;45;14761;NA;135089;81;2021-04-28;90443
2021-04-27;"Nitriansky kraj";51;13154;35;13189;NA;135089;86;2021-04-27;90362
2021-04-26;"Nitriansky kraj";38;21029;44;21073;NA;135089;82;2021-04-26;90276
2021-04-25;"Nitriansky kraj";7;44312;46;44358;NA;135089;53;2021-04-25;90194
2021-04-24;"Nitriansky kraj";23;93455;72;93527;NA;135089;95;2021-04-24;90141
2021-04-23;"Nitriansky kraj";54;35145;51;35196;NA;135089;105;2021-04-23;90046
2021-04-22;"Nitriansky kraj";32;15435;44;15479;NA;135089;76;2021-04-22;89941
2021-04-21;"Nitriansky kraj";38;14228;45;14273;NA;135089;83;2021-04-21;89865
2021-04-20;"Nitriansky kraj";67;16058;51;16109;NA;135089;118;2021-04-20;89782
2021-04-19;"Nitriansky kraj";35;24819;59;24878;NA;135089;94;2021-04-19;89664
2021-04-18;"Nitriansky kraj";0;39569;27;39596;NA;135089;27;2021-04-18;89570
2021-04-17;"Nitriansky kraj";34;92102;82;92184;NA;135089;116;2021-04-17;89543
2021-04-16;"Nitriansky kraj";46;32348;37;32385;NA;135089;83;2021-04-16;89427
2021-04-15;"Nitriansky kraj";75;16215;52;16267;NA;135089;127;2021-04-15;89344
2021-04-14;"Nitriansky kraj";43;15303;42;15345;NA;135089;85;2021-04-14;89217
2021-04-13;"Nitriansky kraj";110;15104;44;15148;NA;135089;154;2021-04-13;89132
2021-04-12;"Nitriansky kraj";29;22817;50;22867;NA;135089;79;2021-04-12;88978
2021-04-11;"Nitriansky kraj";1;37537;31;37568;NA;135089;32;2021-04-11;88899
2021-04-10;"Nitriansky kraj";35;95851;115;95966;NA;135089;150;2021-04-10;88867
2021-04-09;"Nitriansky kraj";69;30669;58;30727;NA;135089;127;2021-04-09;88717
2021-04-08;"Nitriansky kraj";71;15361;36;15397;NA;135089;107;2021-04-08;88590
2021-04-07;"Nitriansky kraj";64;18541;47;18588;NA;135089;111;2021-04-07;88483
2021-04-06;"Nitriansky kraj";65;33218;112;33330;NA;135089;177;2021-04-06;88372
2021-04-05;"Nitriansky kraj";37;12673;48;12721;NA;135089;85;2021-04-05;88195
2021-04-04;"Nitriansky kraj";5;17887;35;17922;NA;135089;40;2021-04-04;88110
2021-04-03;"Nitriansky kraj";26;85465;153;85618;NA;135089;179;2021-04-03;88070
2021-04-02;"Nitriansky kraj";32;18743;46;18789;NA;135089;78;2021-04-02;87891
2021-04-01;"Nitriansky kraj";63;24610;83;24693;NA;135089;146;2021-04-01;87813
2021-03-31;"Nitriansky kraj";73;21752;94;21846;NA;135089;167;2021-03-31;87667
2021-03-30;"Nitriansky kraj";125;17122;83;17205;NA;135089;208;2021-03-30;87500
2021-03-29;"Nitriansky kraj";81;25139;100;25239;NA;135089;181;2021-03-29;87292
2021-03-28;"Nitriansky kraj";6;45581;106;45687;NA;135089;112;2021-03-28;87111
2021-03-27;"Nitriansky kraj";39;104104;174;104278;NA;135089;213;2021-03-27;86999
2021-03-26;"Nitriansky kraj";90;40444;115;40559;NA;135089;205;2021-03-26;86786
2021-03-25;"Nitriansky kraj";95;19219;94;19313;NA;135089;189;2021-03-25;86581
2021-03-24;"Nitriansky kraj";90;14787;91;14878;NA;135089;181;2021-03-24;86392
2021-03-23;"Nitriansky kraj";167;16753;66;16819;NA;135089;233;2021-03-23;86211
2021-03-22;"Nitriansky kraj";101;24886;125;25011;NA;135089;226;2021-03-22;85978
2021-03-21;"Nitriansky kraj";27;42773;99;42872;NA;135089;126;2021-03-21;85752
2021-03-20;"Nitriansky kraj";36;100640;207;100847;NA;135089;243;2021-03-20;85626
2021-03-19;"Nitriansky kraj";76;37312;102;37414;NA;135089;178;2021-03-19;85383
2021-03-18;"Nitriansky kraj";103;20051;113;20164;NA;135089;216;2021-03-18;85205
2021-03-17;"Nitriansky kraj";87;15839;127;15966;NA;135089;214;2021-03-17;84989
2021-03-16;"Nitriansky kraj";172;18085;121;18206;NA;135089;293;2021-03-16;84775
2021-03-15;"Nitriansky kraj";130;24481;165;24646;NA;135089;295;2021-03-15;84482
2021-03-14;"Nitriansky kraj";3;45770;107;45877;NA;135089;110;2021-03-14;84187
2021-03-13;"Nitriansky kraj";65;112573;242;112815;NA;135089;307;2021-03-13;84077
2021-03-12;"Nitriansky kraj";127;40777;159;40936;NA;135089;286;2021-03-12;83770
2021-03-11;"Nitriansky kraj";131;18686;130;18816;NA;135089;261;2021-03-11;83484
2021-03-10;"Nitriansky kraj";96;17422;143;17565;NA;135089;239;2021-03-10;83223
2021-03-09;"Nitriansky kraj";260;17635;149;17784;NA;135089;409;2021-03-09;82984
2021-03-08;"Nitriansky kraj";145;27214;172;27386;NA;135089;317;2021-03-08;82575
2021-03-07;"Nitriansky kraj";48;46867;185;47052;NA;135089;233;2021-03-07;82258
2021-03-06;"Nitriansky kraj";86;112027;327;112354;NA;135089;413;2021-03-06;82025
2021-03-05;"Nitriansky kraj";133;39068;200;39268;NA;135089;333;2021-03-05;81612
2021-03-04;"Nitriansky kraj";176;18340;173;18513;NA;135089;349;2021-03-04;81279
2021-03-03;"Nitriansky kraj";172;17210;177;17387;NA;135089;349;2021-03-03;80930
2021-03-02;"Nitriansky kraj";274;21003;366;21369;NA;135089;640;2021-03-02;80581
2021-03-01;"Nitriansky kraj";133;27881;279;28160;NA;135089;412;2021-03-01;79941
2021-02-28;"Nitriansky kraj";80;40866;218;41084;NA;135089;298;2021-02-28;79529
2021-02-27;"Nitriansky kraj";101;106352;496;106848;NA;135089;597;2021-02-27;79231
2021-02-26;"Nitriansky kraj";109;36788;308;37096;NA;135089;417;2021-02-26;78634
2021-02-25;"Nitriansky kraj";188;15243;212;15455;NA;135089;400;2021-02-25;78217
2021-02-24;"Nitriansky kraj";125;13833;260;14093;NA;135089;385;2021-02-24;77817
2021-02-23;"Nitriansky kraj";273;15402;273;15675;NA;135089;546;2021-02-23;77432
2021-02-22;"Nitriansky kraj";154;26478;330;26808;NA;135089;484;2021-02-22;76886
2021-02-21;"Nitriansky kraj";22;43664;320;43984;NA;135089;342;2021-02-21;76402
2021-02-20;"Nitriansky kraj";128;109038;586;109624;NA;135089;714;2021-02-20;76060
2021-02-19;"Nitriansky kraj";173;36849;328;37177;NA;135089;501;2021-02-19;75346
2021-02-18;"Nitriansky kraj";202;17045;275;17320;NA;135089;477;2021-02-18;74845
2021-02-17;"Nitriansky kraj";198;12080;310;12390;NA;135089;508;2021-02-17;74368
2021-02-16;"Nitriansky kraj";284;16066;288;16354;NA;135089;572;2021-02-16;73860
2021-02-15;"Nitriansky kraj";122;28636;474;29110;NA;135089;596;2021-02-15;73288
2021-02-14;"Nitriansky kraj";8;49392;315;49707;NA;135089;323;2021-02-14;72692
2021-02-13;"Nitriansky kraj";127;110294;690;110984;NA;135089;817;2021-02-13;72369
2021-02-12;"Nitriansky kraj";162;33405;407;33812;NA;135089;569;2021-02-12;71552
2021-02-11;"Nitriansky kraj";195;12406;270;12676;NA;135089;465;2021-02-11;70983
2021-02-10;"Nitriansky kraj";186;17770;644;18414;NA;135089;830;2021-02-10;70518
2021-02-09;"Nitriansky kraj";260;18530;385;18915;NA;135089;645;2021-02-09;69688
2021-02-08;"Nitriansky kraj";177;37530;569;38099;NA;135089;746;2021-02-08;69043
2021-02-07;"Nitriansky kraj";20;52307;513;52820;NA;135089;533;2021-02-07;68297
2021-02-06;"Nitriansky kraj";129;101439;764;102203;NA;135089;893;2021-02-06;67764
2021-02-05;"Nitriansky kraj";244;26137;491;26628;NA;135089;735;2021-02-05;66871
2021-02-04;"Nitriansky kraj";308;15681;512;16193;NA;135089;820;2021-02-04;66136
2021-02-03;"Nitriansky kraj";191;13459;382;13841;NA;135089;573;2021-02-03;65316
2021-02-02;"Nitriansky kraj";327;17880;382;18262;NA;135089;709;2021-02-02;64743
2021-02-01;"Nitriansky kraj";221;24002;460;24462;NA;135089;681;2021-02-01;64034
2021-01-31;"Nitriansky kraj";9;46215;507;46722;NA;135089;516;2021-01-31;63353
2021-01-30;"Nitriansky kraj";152;99241;1090;100331;NA;135089;1242;2021-01-30;62837
2021-01-29;"Nitriansky kraj";302;22461;477;22938;NA;135089;779;2021-01-29;61595
2021-01-28;"Nitriansky kraj";269;11370;398;11768;NA;135089;667;2021-01-28;60816
2021-01-27;"Nitriansky kraj";235;6758;299;7057;NA;135089;534;2021-01-27;60149
2021-01-26;"Nitriansky kraj";345;16015;454;16469;NA;135089;799;2021-01-26;59615
2021-01-25;"Nitriansky kraj";201;21909;434;22343;NA;135089;635;2021-01-25;58816
2021-01-24;"Nitriansky kraj";12;79041;897;79938;NA;135089;909;2021-01-24;58181
2021-01-23;"Nitriansky kraj";277;97845;1446;99291;NA;135089;1723;2021-01-23;57272
2021-01-22;"Nitriansky kraj";139;35924;619;36543;NA;135089;758;2021-01-22;55549
2021-01-21;"Nitriansky kraj";305;14649;412;15061;NA;135089;717;2021-01-21;54791
2021-01-20;"Nitriansky kraj";326;11991;625;12616;NA;135089;951;2021-01-20;54074
2021-01-19;"Nitriansky kraj";344;11015;633;11648;NA;135089;977;2021-01-19;53123
2021-01-18;"Nitriansky kraj";367;8901;519;9420;NA;135089;886;2021-01-18;52146
2021-01-17;"Nitriansky kraj";97;15061;275;15336;NA;135089;372;2021-01-17;51260
2021-01-16;"Nitriansky kraj";64;36838;679;37517;NA;135089;743;2021-01-16;50888
2021-01-15;"Nitriansky kraj";373;15940;474;16414;NA;135089;847;2021-01-15;50145
2021-01-14;"Nitriansky kraj";627;10577;452;11029;NA;135089;1079;2021-01-14;49298
2021-01-13;"Nitriansky kraj";663;9234;484;9718;NA;135089;1147;2021-01-13;48219
2021-01-12;"Nitriansky kraj";642;8805;545;9350;NA;135089;1187;2021-01-12;47072
2021-01-11;"Nitriansky kraj";422;8347;513;8860;NA;135089;935;2021-01-11;45885
2021-01-10;"Nitriansky kraj";44;19841;730;20571;NA;135089;774;2021-01-10;44950
2021-01-09;"Nitriansky kraj";532;36823;1071;37894;NA;135089;1603;2021-01-09;44176
2021-01-08;"Nitriansky kraj";817;14001;691;14692;NA;135089;1508;2021-01-08;42573
2021-01-07;"Nitriansky kraj";438;10121;795;10916;NA;135089;1233;2021-01-07;41065
2021-01-06;"Nitriansky kraj";259;3192;197;3389;NA;135089;456;2021-01-06;39832
2021-01-05;"Nitriansky kraj";732;8918;1208;10126;NA;135089;1940;2021-01-05;39376
2021-01-04;"Nitriansky kraj";362;8375;1287;9662;NA;135089;1649;2021-01-04;37436
2021-01-03;"Nitriansky kraj";42;84;20;104;NA;135089;62;2021-01-03;35787
2021-01-02;"Nitriansky kraj";249;1090;26;1116;NA;135089;275;2021-01-02;35725
2021-01-01;"Nitriansky kraj";119;781;95;876;NA;135089;214;2021-01-01;35450
2020-12-31;"Nitriansky kraj";786;7646;962;8608;NA;135089;1748;2020-12-31;35236
2020-12-30;"Nitriansky kraj";1094;9619;1165;10784;NA;135089;2259;2020-12-30;33488
2020-12-29;"Nitriansky kraj";607;8028;1245;9273;NA;135089;1852;2020-12-29;31229
2020-12-28;"Nitriansky kraj";83;6804;1220;8024;NA;135089;1303;2020-12-28;29377
2020-12-27;"Nitriansky kraj";22;60;8;68;NA;135089;30;2020-12-27;28074
2020-12-26;"Nitriansky kraj";54;297;56;353;NA;135089;110;2020-12-26;28044
2020-12-25;"Nitriansky kraj";35;60;11;71;NA;135089;46;2020-12-25;27934
2020-12-24;"Nitriansky kraj";514;1861;176;2037;NA;135089;690;2020-12-24;27888
2020-12-23;"Nitriansky kraj";349;14679;782;15461;NA;135089;1131;2020-12-23;27198
2020-12-22;"Nitriansky kraj";673;10623;949;11572;NA;135089;1622;2020-12-22;26067
2020-12-21;"Nitriansky kraj";128;7587;931;8518;NA;135089;1059;2020-12-21;24445
2020-12-20;"Nitriansky kraj";77;50;10;60;NA;135089;87;2020-12-20;23386
2020-12-19;"Nitriansky kraj";262;2259;159;2418;NA;135089;421;2020-12-19;23299
2020-12-18;"Nitriansky kraj";512;7946;518;8464;NA;135089;1030;2020-12-18;22878
2020-12-17;"Nitriansky kraj";586;6519;486;7005;NA;135089;1072;2020-12-17;21848
2020-12-16;"Nitriansky kraj";357;8097;500;8597;NA;135089;857;2020-12-16;20776
2020-12-15;"Nitriansky kraj";461;9084;750;9834;NA;135089;1211;2020-12-15;19919
2020-12-14;"Nitriansky kraj";217;7816;797;8613;NA;135089;1014;2020-12-14;18708
2020-12-13;"Nitriansky kraj";12;69;6;75;NA;135089;18;2020-12-13;17694
2020-12-12;"Nitriansky kraj";341;1832;125;1957;NA;135089;466;2020-12-12;17676
2020-12-11;"Nitriansky kraj";409;5117;384;5501;NA;135089;793;2020-12-11;17210
2020-12-10;"Nitriansky kraj";360;5239;345;5584;NA;135089;705;2020-12-10;16417
2020-12-09;"Nitriansky kraj";362;5494;529;6023;NA;135089;891;2020-12-09;15712
2020-12-08;"Nitriansky kraj";340;8168;548;8716;NA;135089;888;2020-12-08;14821
2020-12-07;"Nitriansky kraj";139;6243;573;6816;NA;135089;712;2020-12-07;13933
2020-12-06;"Nitriansky kraj";15;89;4;93;NA;135089;19;2020-12-06;13221
2020-12-05;"Nitriansky kraj";136;1388;19;1407;NA;135089;155;2020-12-05;13202
2020-12-04;"Nitriansky kraj";232;2884;74;2958;NA;135089;306;2020-12-04;13047
2020-12-03;"Nitriansky kraj";248;2471;110;2581;NA;135089;358;2020-12-03;12741
2020-12-02;"Nitriansky kraj";252;2580;151;2731;NA;135089;403;2020-12-02;12383
2020-12-01;"Nitriansky kraj";331;2891;131;3022;NA;135089;462;2020-12-01;11980
2020-11-30;"Nitriansky kraj";91;4228;188;4416;NA;135089;279;2020-11-30;11518
2020-11-29;"Nitriansky kraj";3;634;42;676;NA;135089;45;2020-11-29;11239
2020-11-28;"Nitriansky kraj";135;892;31;923;NA;135089;166;2020-11-28;11194
2020-11-27;"Nitriansky kraj";177;2069;73;2142;NA;135089;250;2020-11-27;11028
2020-11-26;"Nitriansky kraj";191;2813;80;2893;NA;135089;271;2020-11-26;10778
2020-11-25;"Nitriansky kraj";325;2478;91;2569;NA;135089;416;2020-11-25;10507
2020-11-24;"Nitriansky kraj";147;1641;64;1705;NA;135089;211;2020-11-24;10091
2020-11-23;"Nitriansky kraj";102;9891;212;10103;NA;135089;314;2020-11-23;9880
2020-11-22;"Nitriansky kraj";7;1176;25;1201;NA;135089;32;2020-11-22;9566
2020-11-21;"Nitriansky kraj";86;1083;38;1121;NA;135089;124;2020-11-21;9534
2020-11-20;"Nitriansky kraj";264;4180;103;4283;NA;135089;367;2020-11-20;9410
2020-11-19;"Nitriansky kraj";185;3065;134;3199;NA;135089;319;2020-11-19;9043
2020-11-18;"Nitriansky kraj";188;2214;79;2293;NA;135089;267;2020-11-18;8724
2020-11-17;"Nitriansky kraj";178;596;29;625;NA;135089;207;2020-11-17;8457
2020-11-16;"Nitriansky kraj";139;1877;75;1952;NA;135089;214;2020-11-16;8250
2020-11-15;"Nitriansky kraj";14;180;5;185;NA;135089;19;2020-11-15;8036
2020-11-14;"Nitriansky kraj";114;1131;32;1163;NA;135089;146;2020-11-14;8017
2020-11-13;"Nitriansky kraj";210;936;46;982;NA;135089;256;2020-11-13;7871
2020-11-12;"Nitriansky kraj";256;1195;35;1230;NA;135089;291;2020-11-12;7615
2020-11-11;"Nitriansky kraj";279;1247;22;1269;NA;135089;301;2020-11-11;7324
2020-11-10;"Nitriansky kraj";192;2623;39;2662;NA;135089;231;2020-11-10;7023
2020-11-09;"Nitriansky kraj";128;3136;43;3179;NA;135089;171;2020-11-09;6792
2020-11-08;"Nitriansky kraj";43;1462;32;1494;NA;135089;75;2020-11-08;6621
2020-11-07;"Nitriansky kraj";130;1046;4;1050;NA;135089;134;2020-11-07;6546
2020-11-06;"Nitriansky kraj";210;2264;32;2296;NA;135089;242;2020-11-06;6412
2020-11-05;"Nitriansky kraj";178;313;14;327;NA;135089;192;2020-11-05;6170
2020-11-04;"Nitriansky kraj";211;297;16;313;NA;135089;227;2020-11-04;5978
2020-11-03;"Nitriansky kraj";216;435;25;460;NA;135089;241;2020-11-03;5751
2020-11-02;"Nitriansky kraj";171;4208;46;4254;NA;135089;217;2020-11-02;5510
2020-11-01;"Nitriansky kraj";130;2546;27;2573;NA;135089;157;2020-11-01;5293
2020-10-31;"Nitriansky kraj";261;10466;134;10600;NA;135089;395;2020-10-31;5136
2020-10-30;"Nitriansky kraj";204;2593;42;2635;NA;135089;246;2020-10-30;4741
2020-10-29;"Nitriansky kraj";293;841;39;880;NA;135089;332;2020-10-29;4495
2020-10-28;"Nitriansky kraj";216;608;59;667;NA;135089;275;2020-10-28;4163
2020-10-27;"Nitriansky kraj";296;550;47;597;NA;135089;343;2020-10-27;3888
2020-10-26;"Nitriansky kraj";69;633;56;689;NA;135089;125;2020-10-26;3545
2020-10-25;"Nitriansky kraj";50;62;8;70;NA;135089;58;2020-10-25;3420
2020-10-24;"Nitriansky kraj";169;237;11;248;NA;135089;180;2020-10-24;3362
2020-10-23;"Nitriansky kraj";282;762;41;803;NA;135089;323;2020-10-23;3182
2020-10-22;"Nitriansky kraj";137;444;39;483;NA;135089;176;2020-10-22;2859
2020-10-21;"Nitriansky kraj";146;208;3;211;NA;135089;149;2020-10-21;2683
2020-10-20;"Nitriansky kraj";197;78;6;84;NA;135089;203;2020-10-20;2534
2020-10-19;"Nitriansky kraj";148;79;1;80;NA;135089;149;2020-10-19;2331
2020-10-18;"Nitriansky kraj";22;0;0;0;NA;135089;22;2020-10-18;2182
2020-10-17;"Nitriansky kraj";67;0;0;0;NA;135089;67;2020-10-17;2160
2020-10-16;"Nitriansky kraj";133;28;3;31;NA;135089;136;2020-10-16;2093
2020-10-15;"Nitriansky kraj";106;31;2;33;NA;135089;108;2020-10-15;1957
2020-10-14;"Nitriansky kraj";80;22;4;26;NA;135089;84;2020-10-14;1849
2020-10-13;"Nitriansky kraj";101;82;2;84;NA;135089;103;2020-10-13;1765
2020-10-12;"Nitriansky kraj";36;0;0;0;NA;135089;36;2020-10-12;1662
2020-10-11;"Nitriansky kraj";8;0;0;0;NA;135089;8;2020-10-11;1626
2020-10-10;"Nitriansky kraj";107;0;0;0;NA;135089;107;2020-10-10;1618
2020-10-09;"Nitriansky kraj";120;0;0;0;NA;135089;120;2020-10-09;1511
2020-10-08;"Nitriansky kraj";132;0;0;0;NA;135089;132;2020-10-08;1391
2020-10-07;"Nitriansky kraj";81;0;0;0;NA;135089;81;2020-10-07;1259
2020-10-06;"Nitriansky kraj";48;0;0;0;NA;135089;48;2020-10-06;1178
2020-10-05;"Nitriansky kraj";20;0;0;0;NA;135089;20;2020-10-05;1130
2020-10-04;"Nitriansky kraj";17;0;0;0;NA;135089;17;2020-10-04;1110
2020-10-03;"Nitriansky kraj";96;0;0;0;NA;135089;96;2020-10-03;1093
2020-10-02;"Nitriansky kraj";108;0;0;0;NA;135089;108;2020-10-02;997
2020-10-01;"Nitriansky kraj";95;0;0;0;NA;135089;95;2020-10-01;889
2020-09-30;"Nitriansky kraj";100;0;0;0;NA;135089;100;2020-09-30;794
2020-09-29;"Nitriansky kraj";50;0;0;0;NA;135089;50;2020-09-29;694
2020-09-28;"Nitriansky kraj";22;0;0;0;NA;135089;22;2020-09-28;644
2020-09-27;"Nitriansky kraj";16;0;0;0;NA;135089;16;2020-09-27;622
2020-09-26;"Nitriansky kraj";64;0;0;0;NA;135089;64;2020-09-26;606
2020-09-25;"Nitriansky kraj";90;0;0;0;NA;135089;90;2020-09-25;542
2020-09-24;"Nitriansky kraj";51;0;0;0;NA;135089;51;2020-09-24;452
2020-09-23;"Nitriansky kraj";70;0;0;0;NA;135089;70;2020-09-23;401
2020-09-22;"Nitriansky kraj";18;0;0;0;NA;135089;18;2020-09-22;331
2020-09-21;"Nitriansky kraj";10;0;0;0;NA;135089;10;2020-09-21;313
2020-09-20;"Nitriansky kraj";4;0;0;0;NA;135089;4;2020-09-20;303
2020-09-19;"Nitriansky kraj";14;0;0;0;NA;135089;14;2020-09-19;299
2020-09-18;"Nitriansky kraj";19;0;0;0;NA;135089;19;2020-09-18;285
2020-09-17;"Nitriansky kraj";30;0;0;0;NA;135089;30;2020-09-17;266
2020-09-16;"Nitriansky kraj";6;0;0;0;NA;135089;6;2020-09-16;236
2020-09-15;"Nitriansky kraj";19;0;0;0;NA;135089;19;2020-09-15;230
2020-09-14;"Nitriansky kraj";28;0;0;0;NA;135089;28;2020-09-14;211
2020-09-13;"Nitriansky kraj";3;0;0;0;NA;135089;3;2020-09-13;183
2020-09-12;"Nitriansky kraj";12;0;0;0;NA;135089;12;2020-09-12;180
2020-09-11;"Nitriansky kraj";23;0;0;0;NA;135089;23;2020-09-11;168
2020-09-10;"Nitriansky kraj";29;0;0;0;NA;135089;29;2020-09-10;145
2020-09-09;"Nitriansky kraj";19;0;0;0;NA;135089;19;2020-09-09;116
2020-09-08;"Nitriansky kraj";17;0;0;0;NA;135089;17;2020-09-08;97
2020-09-07;"Nitriansky kraj";17;0;0;0;NA;135089;17;2020-09-07;80
2020-09-06;"Nitriansky kraj";0;0;0;0;NA;135089;0;2020-09-06;63
2020-09-05;"Nitriansky kraj";22;0;0;0;NA;135089;22;2020-09-05;63
2020-09-04;"Nitriansky kraj";34;0;0;0;NA;135089;34;2020-09-04;41
2020-09-03;"Nitriansky kraj";15;0;0;0;NA;135089;15;2020-09-03;7
2020-09-02;"Nitriansky kraj";15;0;0;0;NA;135089;15;2020-09-02;-8
2020-09-01;"Nitriansky kraj";2;0;0;0;NA;135089;2;2020-09-01;-23
2020-08-31;"Nitriansky kraj";12;0;0;0;NA;135089;12;2020-08-31;-25
2020-08-30;"Nitriansky kraj";1;0;0;0;NA;135089;1;2020-08-30;-37
2020-08-29;"Nitriansky kraj";7;46;0;46;NA;135089;7;2020-08-29;-38
2020-08-28;"Nitriansky kraj";12;0;0;0;NA;135089;12;2020-08-28;-45
2020-08-27;"Nitriansky kraj";12;0;0;0;NA;135089;12;2020-08-27;-57
2020-08-26;"Nitriansky kraj";4;0;0;0;NA;135089;4;2020-08-26;-69
2020-08-25;"Nitriansky kraj";8;0;0;0;NA;135089;8;2020-08-25;-73
2020-08-24;"Nitriansky kraj";1;0;0;0;NA;135089;1;2020-08-24;-81
2020-08-23;"Nitriansky kraj";1;0;0;0;NA;135089;1;2020-08-23;-82
2020-08-22;"Nitriansky kraj";2;0;0;0;NA;135089;2;2020-08-22;-83
2020-08-21;"Nitriansky kraj";0;0;0;0;NA;135089;0;2020-08-21;-85
2020-08-20;"Nitriansky kraj";7;0;0;0;NA;135089;7;2020-08-20;-85
2020-08-19;"Nitriansky kraj";1;0;0;0;NA;135089;1;2020-08-19;-92
2020-08-18;"Nitriansky kraj";2;0;0;0;NA;135089;2;2020-08-18;-93
2020-08-17;"Nitriansky kraj";1;0;0;0;NA;135089;1;2020-08-17;-95
2020-08-16;"Nitriansky kraj";0;0;0;0;NA;135089;0;2020-08-16;-96
2020-08-15;"Nitriansky kraj";2;0;0;0;NA;135089;2;2020-08-15;-96
2020-08-14;"Nitriansky kraj";1;0;0;0;NA;135089;1;2020-08-14;-98
2020-08-13;"Nitriansky kraj";4;0;0;0;NA;135089;4;2020-08-13;-99
2020-08-12;"Nitriansky kraj";0;0;0;0;NA;135089;0;2020-08-12;-103
2020-08-11;"Nitriansky kraj";1;0;0;0;NA;135089;1;2020-08-11;-103
2020-08-10;"Nitriansky kraj";0;0;0;0;NA;135089;0;2020-08-10;-104
2020-08-09;"Nitriansky kraj";0;0;0;0;NA;135089;0;2020-08-09;-104
2020-08-08;"Nitriansky kraj";0;0;0;0;NA;135089;0;2020-08-08;-104
2020-08-07;"Nitriansky kraj";4;0;0;0;NA;135089;4;2020-08-07;-104
2020-08-06;"Nitriansky kraj";4;0;0;0;NA;135089;4;2020-08-06;-108
2020-08-05;"Nitriansky kraj";0;0;0;0;NA;135089;0;2020-08-05;-112
2020-08-04;"Nitriansky kraj";7;0;0;0;NA;135089;7;2020-08-04;-112
2020-08-03;"Nitriansky kraj";0;0;0;0;NA;135089;0;2020-08-03;-119
2020-08-02;"Nitriansky kraj";0;0;0;0;NA;135089;0;2020-08-02;-119
2020-08-01;"Nitriansky kraj";0;0;0;0;NA;135089;0;2020-08-01;-119
2020-07-31;"Nitriansky kraj";0;0;0;0;NA;135089;0;2020-07-31;-119
2020-07-30;"Nitriansky kraj";0;0;0;0;NA;135089;0;2020-07-30;-119
2020-07-29;"Nitriansky kraj";0;0;0;0;NA;135089;0;2020-07-29;-119
2020-07-28;"Nitriansky kraj";0;0;0;0;NA;135089;0;2020-07-28;-119
2020-07-27;"Nitriansky kraj";0;0;0;0;NA;135089;0;2020-07-27;-119
2020-07-26;"Nitriansky kraj";0;0;0;0;NA;135089;0;2020-07-26;-119
2020-07-25;"Nitriansky kraj";0;0;0;0;NA;135089;0;2020-07-25;-119
2020-07-24;"Nitriansky kraj";1;0;0;0;NA;135089;1;2020-07-24;-119
2020-07-23;"Nitriansky kraj";3;0;0;0;NA;135089;3;2020-07-23;-120
2020-07-22;"Nitriansky kraj";2;0;0;0;NA;135089;2;2020-07-22;-123
2020-07-21;"Nitriansky kraj";14;0;0;0;NA;135089;14;2020-07-21;-125
2020-07-20;"Nitriansky kraj";11;0;0;0;NA;135089;11;2020-07-20;-139
2020-07-19;"Nitriansky kraj";0;0;0;0;NA;135089;0;2020-07-19;-150
2020-07-18;"Nitriansky kraj";0;0;0;0;NA;135089;0;2020-07-18;-150
2020-07-17;"Nitriansky kraj";0;0;0;0;NA;135089;0;2020-07-17;-150
2020-07-16;"Nitriansky kraj";4;0;0;0;NA;135089;4;2020-07-16;-150
2020-07-15;"Nitriansky kraj";5;0;0;0;NA;135089;5;2020-07-15;-154
2020-07-14;"Nitriansky kraj";0;0;0;0;NA;135089;0;2020-07-14;-159
2020-07-13;"Nitriansky kraj";0;0;0;0;NA;135089;0;2020-07-13;-159
2020-07-12;"Nitriansky kraj";0;0;0;0;NA;135089;0;2020-07-12;-159
2020-07-11;"Nitriansky kraj";0;0;0;0;NA;135089;0;2020-07-11;-159
2020-07-10;"Nitriansky kraj";0;0;0;0;NA;135089;0;2020-07-10;-159
2020-07-09;"Nitriansky kraj";1;0;0;0;NA;135089;1;2020-07-09;-159
2020-07-08;"Nitriansky kraj";2;0;0;0;NA;135089;2;2020-07-08;-160
2020-07-07;"Nitriansky kraj";0;0;0;0;NA;135089;0;2020-07-07;-162
2020-07-06;"Nitriansky kraj";0;0;0;0;NA;135089;0;2020-07-06;-162
2020-07-05;"Nitriansky kraj";0;0;0;0;NA;135089;0;2020-07-05;-162
2020-07-04;"Nitriansky kraj";0;0;0;0;NA;135089;0;2020-07-04;-162
2020-07-03;"Nitriansky kraj";0;0;0;0;NA;135089;0;2020-07-03;-162
2020-07-02;"Nitriansky kraj";0;0;0;0;NA;135089;0;2020-07-02;-162
2020-07-01;"Nitriansky kraj";3;0;0;0;NA;135089;3;2020-07-01;-162
2020-06-30;"Nitriansky kraj";0;0;0;0;NA;135089;0;2020-06-30;-165
2020-06-29;"Nitriansky kraj";0;0;0;0;NA;135089;0;2020-06-29;-165
2020-06-28;"Nitriansky kraj";0;0;0;0;NA;135089;0;2020-06-28;-165
2020-06-27;"Nitriansky kraj";0;0;0;0;NA;135089;0;2020-06-27;-165
2020-06-26;"Nitriansky kraj";0;0;0;0;NA;135089;0;2020-06-26;-165
2020-06-25;"Nitriansky kraj";0;0;0;0;NA;135089;0;2020-06-25;-165
2020-06-24;"Nitriansky kraj";1;0;0;0;NA;135089;1;2020-06-24;-165
2020-06-23;"Nitriansky kraj";0;0;0;0;NA;135089;0;2020-06-23;-166
2020-06-22;"Nitriansky kraj";0;0;0;0;NA;135089;0;2020-06-22;-166
2020-06-21;"Nitriansky kraj";0;0;0;0;NA;135089;0;2020-06-21;-166
2020-06-20;"Nitriansky kraj";0;0;0;0;NA;135089;0;2020-06-20;-166
2020-06-19;"Nitriansky kraj";0;0;0;0;NA;135089;0;2020-06-19;-166
2020-06-18;"Nitriansky kraj";0;0;0;0;NA;135089;0;2020-06-18;-166
2020-06-17;"Nitriansky kraj";0;0;0;0;NA;135089;0;2020-06-17;-166
2020-06-16;"Nitriansky kraj";0;0;0;0;NA;135089;0;2020-06-16;-166
2020-06-14;"Nitriansky kraj";0;0;0;0;NA;135089;0;2020-06-14;-166
2020-06-13;"Nitriansky kraj";0;0;0;0;NA;135089;0;2020-06-13;-166
2020-06-12;"Nitriansky kraj";0;0;0;0;NA;135089;0;2020-06-12;-166
2020-06-11;"Nitriansky kraj";0;0;0;0;NA;135089;0;2020-06-11;-166
2020-06-10;"Nitriansky kraj";1;0;0;0;NA;135089;1;2020-06-10;-166
2020-06-09;"Nitriansky kraj";1;0;0;0;NA;135089;1;2020-06-09;-167
2020-06-08;"Nitriansky kraj";0;0;0;0;NA;135089;0;2020-06-08;-168
2020-06-07;"Nitriansky kraj";0;0;0;0;NA;135089;0;2020-06-07;-168
2020-06-05;"Nitriansky kraj";0;0;0;0;NA;135089;0;2020-06-05;-168
2020-06-03;"Nitriansky kraj";0;0;0;0;NA;135089;0;2020-06-03;-168
2020-06-02;"Nitriansky kraj";1;0;0;0;NA;135089;1;2020-06-02;-168
2020-05-31;"Nitriansky kraj";0;0;0;0;NA;135089;0;2020-05-31;-169
2020-05-29;"Nitriansky kraj";0;0;0;0;NA;135089;0;2020-05-29;-169
2020-05-27;"Nitriansky kraj";0;0;0;0;NA;135089;0;2020-05-27;-169
2020-05-26;"Nitriansky kraj";0;0;0;0;NA;135089;0;2020-05-26;-169
2020-05-25;"Nitriansky kraj";0;0;0;0;NA;135089;0;2020-05-25;-169
2020-05-24;"Nitriansky kraj";2;0;0;0;NA;135089;2;2020-05-24;-169
2020-05-23;"Nitriansky kraj";0;0;0;0;NA;135089;0;2020-05-23;-171
2020-05-22;"Nitriansky kraj";1;0;0;0;NA;135089;1;2020-05-22;-171
2020-05-21;"Nitriansky kraj";0;0;0;0;NA;135089;0;2020-05-21;-172
2020-05-20;"Nitriansky kraj";0;0;0;0;NA;135089;0;2020-05-20;-172
2020-05-19;"Nitriansky kraj";0;0;0;0;NA;135089;0;2020-05-19;-172
2020-05-17;"Nitriansky kraj";0;0;0;0;NA;135089;0;2020-05-17;-172
2020-05-16;"Nitriansky kraj";0;0;0;0;NA;135089;0;2020-05-16;-172
2020-05-15;"Nitriansky kraj";1;0;0;0;NA;135089;1;2020-05-15;-172
2020-05-14;"Nitriansky kraj";0;0;0;0;NA;135089;0;2020-05-14;-173
2020-05-13;"Nitriansky kraj";0;0;0;0;NA;135089;0;2020-05-13;-173
2020-05-12;"Nitriansky kraj";0;0;0;0;NA;135089;0;2020-05-12;-173
2020-05-11;"Nitriansky kraj";2;0;0;0;NA;135089;2;2020-05-11;-173
2020-05-09;"Nitriansky kraj";0;0;0;0;NA;135089;0;2020-05-09;-175
2020-05-07;"Nitriansky kraj";1;0;0;0;NA;135089;1;2020-05-07;-175
2020-05-06;"Nitriansky kraj";9;0;0;0;NA;135089;9;2020-05-06;-176
2020-05-05;"Nitriansky kraj";0;0;0;0;NA;135089;0;2020-05-05;-185
2020-05-04;"Nitriansky kraj";5;0;0;0;NA;135089;5;2020-05-04;-185
2020-05-03;"Nitriansky kraj";2;0;0;0;NA;135089;2;2020-05-03;-190
2020-05-02;"Nitriansky kraj";0;0;0;0;NA;135089;0;2020-05-02;-192
2020-05-01;"Nitriansky kraj";1;0;0;0;NA;135089;1;2020-05-01;-192
2020-04-30;"Nitriansky kraj";0;0;0;0;NA;135089;0;2020-04-30;-193
2020-04-29;"Nitriansky kraj";0;0;0;0;NA;135089;0;2020-04-29;-193
2020-04-28;"Nitriansky kraj";1;0;0;0;NA;135089;1;2020-04-28;-193
2020-04-27;"Nitriansky kraj";0;0;0;0;NA;135089;0;2020-04-27;-194
2020-04-26;"Nitriansky kraj";0;0;0;0;NA;135089;0;2020-04-26;-194
2020-04-25;"Nitriansky kraj";0;0;0;0;NA;135089;0;2020-04-25;-194
2020-04-24;"Nitriansky kraj";0;0;0;0;NA;135089;0;2020-04-24;-194
2020-04-23;"Nitriansky kraj";3;0;0;0;NA;135089;3;2020-04-23;-194
2020-04-22;"Nitriansky kraj";16;0;0;0;NA;135089;16;2020-04-22;-197
2020-04-21;"Nitriansky kraj";6;0;0;0;NA;135089;6;2020-04-21;-213
2020-04-20;"Nitriansky kraj";5;0;0;0;NA;135089;5;2020-04-20;-219
2020-04-19;"Nitriansky kraj";0;0;0;0;NA;135089;0;2020-04-19;-224
2020-04-18;"Nitriansky kraj";0;0;0;0;NA;135089;0;2020-04-18;-224
2020-04-17;"Nitriansky kraj";7;0;0;0;NA;135089;7;2020-04-17;-224
2020-04-16;"Nitriansky kraj";0;0;0;0;NA;135089;0;2020-04-16;-231
2020-04-15;"Nitriansky kraj";6;0;0;0;NA;135089;6;2020-04-15;-231
2020-04-14;"Nitriansky kraj";2;0;0;0;NA;135089;2;2020-04-14;-237
2020-04-13;"Nitriansky kraj";1;0;0;0;NA;135089;1;2020-04-13;-239
2020-04-12;"Nitriansky kraj";3;0;0;0;NA;135089;3;2020-04-12;-240
2020-04-11;"Nitriansky kraj";1;0;0;0;NA;135089;1;2020-04-11;-243
2020-04-10;"Nitriansky kraj";1;0;0;0;NA;135089;1;2020-04-10;-244
2020-04-09;"Nitriansky kraj";0;0;0;0;NA;135089;0;2020-04-09;-245
2020-04-08;"Nitriansky kraj";2;0;0;0;NA;135089;2;2020-04-08;-245
2020-04-07;"Nitriansky kraj";3;0;0;0;NA;135089;3;2020-04-07;-247
2020-04-06;"Nitriansky kraj";4;0;0;0;NA;135089;4;2020-04-06;-250
2020-04-05;"Nitriansky kraj";5;0;0;0;NA;135089;5;2020-04-05;-254
2020-04-04;"Nitriansky kraj";0;0;0;0;NA;135089;0;2020-04-04;-259
2020-04-03;"Nitriansky kraj";0;0;0;0;NA;135089;0;2020-04-03;-259
2020-04-02;"Nitriansky kraj";1;0;0;0;NA;135089;1;2020-04-02;-259
2020-04-01;"Nitriansky kraj";0;0;0;0;NA;135089;0;2020-04-01;-260
2020-03-31;"Nitriansky kraj";3;0;0;0;NA;135089;3;2020-03-31;-260
2020-03-30;"Nitriansky kraj";3;0;0;0;NA;135089;3;2020-03-30;-263
2020-03-29;"Nitriansky kraj";3;0;0;0;NA;135089;3;2020-03-29;-266
2020-03-28;"Nitriansky kraj";1;0;0;0;NA;135089;1;2020-03-28;-269
2020-03-27;"Nitriansky kraj";1;0;0;0;NA;135089;1;2020-03-27;-270
2020-03-26;"Nitriansky kraj";1;0;0;0;NA;135089;1;2020-03-26;-271
2020-03-25;"Nitriansky kraj";1;0;0;0;NA;135089;1;2020-03-25;-272
2020-03-24;"Nitriansky kraj";0;0;0;0;NA;135089;0;2020-03-24;-273
2020-03-23;"Nitriansky kraj";2;0;0;0;NA;135089;2;2020-03-23;-273
2020-03-22;"Nitriansky kraj";2;0;0;0;NA;135089;2;2020-03-22;-275
2020-03-21;"Nitriansky kraj";2;0;0;0;NA;135089;2;2020-03-21;-277
2020-03-20;"Nitriansky kraj";1;0;0;0;NA;135089;1;2020-03-20;-279
2020-03-19;"Nitriansky kraj";1;0;0;0;NA;135089;1;2020-03-19;-280
2020-03-18;"Nitriansky kraj";2;0;0;0;NA;135089;2;2020-03-18;-281
2020-03-17;"Nitriansky kraj";1;0;0;0;NA;135089;1;2020-03-17;-283
2020-03-16;"Nitriansky kraj";0;0;0;0;NA;135089;0;2020-03-16;-284
2020-03-15;"Nitriansky kraj";4;0;0;0;NA;135089;4;2020-03-15;-284
2020-03-14;"Nitriansky kraj";1;0;0;0;NA;135089;1;2020-03-14;-288
2020-03-13;"Nitriansky kraj";0;0;0;0;NA;135089;0;2020-03-13;-289
2020-03-12;"Nitriansky kraj";0;0;0;0;NA;135089;0;2020-03-12;-289
2020-03-11;"Nitriansky kraj";0;0;0;0;NA;135089;0;2020-03-11;-289
2020-03-09;"Nitriansky kraj";0;0;0;0;NA;135089;0;2020-03-09;-289
2020-03-08;"Nitriansky kraj";0;0;0;0;NA;135089;0;2020-03-08;-289
2020-03-07;"Nitriansky kraj";0;0;0;0;NA;135089;0;2020-03-07;-289
2020-03-06;"Nitriansky kraj";0;0;0;0;NA;135089;0;2020-03-06;-289
2021-12-12;"Prešovský kraj";160;2460;56;2516;125928;197757;216;2021-12-12;197757
2021-12-11;"Prešovský kraj";483;1327;72;1399;NA;197757;555;2021-12-11;197541
2021-12-10;"Prešovský kraj";649;3812;105;3917;NA;197757;754;2021-12-10;196986
2021-12-09;"Prešovský kraj";669;4417;131;4548;NA;197757;800;2021-12-09;196232
2021-12-08;"Prešovský kraj";944;4556;159;4715;NA;197757;1103;2021-12-08;195432
2021-12-07;"Prešovský kraj";1217;5625;180;5805;NA;197757;1397;2021-12-07;194329
2021-12-06;"Prešovský kraj";784;8237;232;8469;NA;197757;1016;2021-12-06;192932
2021-12-05;"Prešovský kraj";145;4124;120;4244;NA;197757;265;2021-12-05;191916
2021-12-04;"Prešovský kraj";1025;2172;122;2294;NA;197757;1147;2021-12-04;191651
2021-12-03;"Prešovský kraj";1040;5071;216;5287;NA;197757;1256;2021-12-03;190504
2021-12-02;"Prešovský kraj";2255;5057;179;5236;NA;197757;2434;2021-12-02;189248
2021-12-01;"Prešovský kraj";826;5263;238;5501;NA;197757;1064;2021-12-01;186814
2021-11-30;"Prešovský kraj";1123;6635;265;6900;NA;197757;1388;2021-11-30;185750
2021-11-29;"Prešovský kraj";583;11399;472;11871;NA;197757;1055;2021-11-29;184362
2021-11-28;"Prešovský kraj";919;5855;234;6089;NA;197757;1153;2021-11-28;183307
2021-11-27;"Prešovský kraj";884;2967;219;3186;NA;197757;1103;2021-11-27;182154
2021-11-26;"Prešovský kraj";1311;5873;328;6201;NA;197757;1639;2021-11-26;181051
2021-11-25;"Prešovský kraj";1285;5045;307;5352;NA;197757;1592;2021-11-25;179412
2021-11-24;"Prešovský kraj";1209;6110;356;6466;NA;197757;1565;2021-11-24;177820
2021-11-23;"Prešovský kraj";1099;6622;312;6934;NA;197757;1411;2021-11-23;176255
2021-11-22;"Prešovský kraj";905;8184;529;8713;NA;197757;1434;2021-11-22;174844
2021-11-21;"Prešovský kraj";950;3739;316;4055;NA;197757;1266;2021-11-21;173410
2021-11-20;"Prešovský kraj";1372;2180;222;2402;NA;197757;1594;2021-11-20;172144
2021-11-19;"Prešovský kraj";1629;5856;452;6308;NA;197757;2081;2021-11-19;170550
2021-11-18;"Prešovský kraj";823;6678;516;7194;NA;197757;1339;2021-11-18;168469
2021-11-17;"Prešovský kraj";1648;1325;144;1469;NA;197757;1792;2021-11-17;167130
2021-11-16;"Prešovský kraj";1346;5504;398;5902;NA;197757;1744;2021-11-16;165338
2021-11-15;"Prešovský kraj";897;7752;577;8329;NA;197757;1474;2021-11-15;163594
2021-11-14;"Prešovský kraj";603;3168;311;3479;NA;197757;914;2021-11-14;162120
2021-11-13;"Prešovský kraj";1255;2061;262;2323;NA;197757;1517;2021-11-13;161206
2021-11-12;"Prešovský kraj";1358;5216;370;5586;NA;197757;1728;2021-11-12;159689
2021-11-11;"Prešovský kraj";1218;5081;438;5519;NA;197757;1656;2021-11-11;157961
2021-11-10;"Prešovský kraj";1278;4950;379;5329;NA;197757;1657;2021-11-10;156305
2021-11-09;"Prešovský kraj";1038;5422;407;5829;NA;197757;1445;2021-11-09;154648
2021-11-08;"Prešovský kraj";1068;6965;574;7539;NA;197757;1642;2021-11-08;153203
2021-11-07;"Prešovský kraj";421;2500;242;2742;NA;197757;663;2021-11-07;151561
2021-11-06;"Prešovský kraj";1389;1896;234;2130;NA;197757;1623;2021-11-06;150898
2021-11-05;"Prešovský kraj";1080;4963;367;5330;NA;197757;1447;2021-11-05;149275
2021-11-04;"Prešovský kraj";1743;5143;322;5465;NA;197757;2065;2021-11-04;147828
2021-11-03;"Prešovský kraj";1326;5325;387;5712;NA;197757;1713;2021-11-03;145763
2021-11-02;"Prešovský kraj";1002;7435;536;7971;NA;197757;1538;2021-11-02;144050
2021-11-01;"Prešovský kraj";347;1395;131;1526;NA;197757;478;2021-11-01;142512
2021-10-31;"Prešovský kraj";447;2028;210;2238;NA;197757;657;2021-10-31;142034
2021-10-30;"Prešovský kraj";1148;1915;183;2098;NA;197757;1331;2021-10-30;141377
2021-10-29;"Prešovský kraj";1360;4439;253;4692;NA;197757;1613;2021-10-29;140046
2021-10-28;"Prešovský kraj";960;4491;300;4791;NA;197757;1260;2021-10-28;138433
2021-10-27;"Prešovský kraj";1444;4314;219;4533;NA;197757;1663;2021-10-27;137173
2021-10-26;"Prešovský kraj";940;5112;217;5329;NA;197757;1157;2021-10-26;135510
2021-10-25;"Prešovský kraj";673;6071;348;6419;NA;197757;1021;2021-10-25;134353
2021-10-24;"Prešovský kraj";110;2174;149;2323;NA;197757;259;2021-10-24;133332
2021-10-23;"Prešovský kraj";1145;1923;141;2064;NA;197757;1286;2021-10-23;133073
2021-10-22;"Prešovský kraj";792;4863;177;5040;NA;197757;969;2021-10-22;131787
2021-10-21;"Prešovský kraj";901;4724;191;4915;NA;197757;1092;2021-10-21;130818
2021-10-20;"Prešovský kraj";833;4193;195;4388;NA;197757;1028;2021-10-20;129726
2021-10-19;"Prešovský kraj";830;4720;175;4895;NA;197757;1005;2021-10-19;128698
2021-10-18;"Prešovský kraj";454;5743;240;5983;NA;197757;694;2021-10-18;127693
2021-10-17;"Prešovský kraj";181;2422;131;2553;NA;197757;312;2021-10-17;126999
2021-10-16;"Prešovský kraj";561;1912;94;2006;NA;197757;655;2021-10-16;126687
2021-10-15;"Prešovský kraj";533;4725;107;4832;NA;197757;640;2021-10-15;126032
2021-10-14;"Prešovský kraj";506;3928;85;4013;NA;197757;591;2021-10-14;125392
2021-10-13;"Prešovský kraj";549;3788;98;3886;NA;197757;647;2021-10-13;124801
2021-10-12;"Prešovský kraj";520;3961;101;4062;NA;197757;621;2021-10-12;124154
2021-10-11;"Prešovský kraj";433;5396;131;5527;NA;197757;564;2021-10-11;123533
2021-10-10;"Prešovský kraj";78;2087;63;2150;NA;197757;141;2021-10-10;122969
2021-10-09;"Prešovský kraj";311;2063;47;2110;NA;197757;358;2021-10-09;122828
2021-10-08;"Prešovský kraj";636;4909;94;5003;NA;197757;730;2021-10-08;122470
2021-10-07;"Prešovský kraj";487;3919;101;4020;NA;197757;588;2021-10-07;121740
2021-10-06;"Prešovský kraj";296;3838;104;3942;NA;197757;400;2021-10-06;121152
2021-10-05;"Prešovský kraj";430;4143;90;4233;NA;197757;520;2021-10-05;120752
2021-10-04;"Prešovský kraj";353;5564;125;5689;NA;197757;478;2021-10-04;120232
2021-10-03;"Prešovský kraj";19;2309;47;2356;NA;197757;66;2021-10-03;119754
2021-10-02;"Prešovský kraj";269;2234;58;2292;NA;197757;327;2021-10-02;119688
2021-10-01;"Prešovský kraj";325;4994;63;5057;NA;197757;388;2021-10-01;119361
2021-09-30;"Prešovský kraj";265;4029;83;4112;NA;197757;348;2021-09-30;118973
2021-09-29;"Prešovský kraj";381;3821;55;3876;NA;197757;436;2021-09-29;118625
2021-09-28;"Prešovský kraj";312;4705;69;4774;NA;197757;381;2021-09-28;118189
2021-09-27;"Prešovský kraj";257;5048;104;5152;NA;197757;361;2021-09-27;117808
2021-09-26;"Prešovský kraj";8;2411;67;2478;NA;197757;75;2021-09-26;117447
2021-09-25;"Prešovský kraj";134;2520;46;2566;NA;197757;180;2021-09-25;117372
2021-09-24;"Prešovský kraj";297;4811;61;4872;NA;197757;358;2021-09-24;117192
2021-09-23;"Prešovský kraj";109;4089;45;4134;NA;197757;154;2021-09-23;116834
2021-09-22;"Prešovský kraj";177;3825;41;3866;NA;197757;218;2021-09-22;116680
2021-09-21;"Prešovský kraj";219;5052;66;5118;NA;197757;285;2021-09-21;116462
2021-09-20;"Prešovský kraj";180;5175;68;5243;NA;197757;248;2021-09-20;116177
2021-09-19;"Prešovský kraj";7;2707;30;2737;NA;197757;37;2021-09-19;115929
2021-09-18;"Prešovský kraj";169;2397;37;2434;NA;197757;206;2021-09-18;115892
2021-09-17;"Prešovský kraj";157;4393;52;4445;NA;197757;209;2021-09-17;115686
2021-09-16;"Prešovský kraj";146;4361;71;4432;NA;197757;217;2021-09-16;115477
2021-09-15;"Prešovský kraj";68;695;19;714;NA;197757;87;2021-09-15;115260
2021-09-14;"Prešovský kraj";133;3364;38;3402;NA;197757;171;2021-09-14;115173
2021-09-13;"Prešovský kraj";105;4213;37;4250;NA;197757;142;2021-09-13;115002
2021-09-12;"Prešovský kraj";4;1772;29;1801;NA;197757;33;2021-09-12;114860
2021-09-11;"Prešovský kraj";65;1986;24;2010;NA;197757;89;2021-09-11;114827
2021-09-10;"Prešovský kraj";105;3241;30;3271;NA;197757;135;2021-09-10;114738
2021-09-09;"Prešovský kraj";29;3090;27;3117;NA;197757;56;2021-09-09;114603
2021-09-08;"Prešovský kraj";73;2444;20;2464;NA;197757;93;2021-09-08;114547
2021-09-07;"Prešovský kraj";82;2441;24;2465;NA;197757;106;2021-09-07;114454
2021-09-06;"Prešovský kraj";61;3269;20;3289;NA;197757;81;2021-09-06;114348
2021-09-05;"Prešovský kraj";5;1338;11;1349;NA;197757;16;2021-09-05;114267
2021-09-04;"Prešovský kraj";27;1864;14;1878;NA;197757;41;2021-09-04;114251
2021-09-03;"Prešovský kraj";39;2976;15;2991;NA;197757;54;2021-09-03;114210
2021-09-02;"Prešovský kraj";39;2558;20;2578;NA;197757;59;2021-09-02;114156
2021-09-01;"Prešovský kraj";14;575;6;581;NA;197757;20;2021-09-01;114097
2021-08-31;"Prešovský kraj";47;2436;13;2449;NA;197757;60;2021-08-31;114077
2021-08-30;"Prešovský kraj";23;2827;19;2846;NA;197757;42;2021-08-30;114017
2021-08-29;"Prešovský kraj";3;781;1;782;NA;197757;4;2021-08-29;113975
2021-08-28;"Prešovský kraj";5;2101;8;2109;NA;197757;13;2021-08-28;113971
2021-08-27;"Prešovský kraj";32;3084;8;3092;NA;197757;40;2021-08-27;113958
2021-08-26;"Prešovský kraj";13;2094;8;2102;NA;197757;21;2021-08-26;113918
2021-08-25;"Prešovský kraj";18;1947;4;1951;NA;197757;22;2021-08-25;113897
2021-08-24;"Prešovský kraj";10;2138;5;2143;NA;197757;15;2021-08-24;113875
2021-08-23;"Prešovský kraj";16;2576;6;2582;NA;197757;22;2021-08-23;113860
2021-08-22;"Prešovský kraj";0;1440;6;1446;NA;197757;6;2021-08-22;113838
2021-08-21;"Prešovský kraj";28;2018;4;2022;NA;197757;32;2021-08-21;113832
2021-08-20;"Prešovský kraj";15;2906;7;2913;NA;197757;22;2021-08-20;113800
2021-08-19;"Prešovský kraj";22;2242;8;2250;NA;197757;30;2021-08-19;113778
2021-08-18;"Prešovský kraj";6;1752;11;1763;NA;197757;17;2021-08-18;113748
2021-08-17;"Prešovský kraj";29;1829;6;1835;NA;197757;35;2021-08-17;113731
2021-08-16;"Prešovský kraj";11;2524;7;2531;NA;197757;18;2021-08-16;113696
2021-08-15;"Prešovský kraj";0;896;2;898;NA;197757;2;2021-08-15;113678
2021-08-14;"Prešovský kraj";14;1662;1;1663;NA;197757;15;2021-08-14;113676
2021-08-13;"Prešovský kraj";24;1646;12;1658;NA;197757;36;2021-08-13;113661
2021-08-12;"Prešovský kraj";9;1752;3;1755;NA;197757;12;2021-08-12;113625
2021-08-11;"Prešovský kraj";15;1193;3;1196;NA;197757;18;2021-08-11;113613
2021-08-10;"Prešovský kraj";10;1102;4;1106;NA;197757;14;2021-08-10;113595
2021-08-09;"Prešovský kraj";13;2156;4;2160;NA;197757;17;2021-08-09;113581
2021-08-08;"Prešovský kraj";2;675;2;677;NA;197757;4;2021-08-08;113564
2021-08-07;"Prešovský kraj";5;1114;3;1117;NA;197757;8;2021-08-07;113560
2021-08-06;"Prešovský kraj";9;1459;4;1463;NA;197757;13;2021-08-06;113552
2021-08-05;"Prešovský kraj";9;1370;2;1372;NA;197757;11;2021-08-05;113539
2021-08-04;"Prešovský kraj";6;1007;1;1008;NA;197757;7;2021-08-04;113528
2021-08-03;"Prešovský kraj";8;976;1;977;NA;197757;9;2021-08-03;113521
2021-08-02;"Prešovský kraj";5;1477;6;1483;NA;197757;11;2021-08-02;113512
2021-08-01;"Prešovský kraj";0;738;2;740;NA;197757;2;2021-08-01;113501
2021-07-31;"Prešovský kraj";20;1080;0;1080;NA;197757;20;2021-07-31;113499
2021-07-30;"Prešovský kraj";2;1518;1;1519;NA;197757;3;2021-07-30;113479
2021-07-29;"Prešovský kraj";6;1302;1;1303;NA;197757;7;2021-07-29;113476
2021-07-28;"Prešovský kraj";6;1106;1;1107;NA;197757;7;2021-07-28;113469
2021-07-27;"Prešovský kraj";5;1140;2;1142;NA;197757;7;2021-07-27;113462
2021-07-26;"Prešovský kraj";12;1583;1;1584;NA;197757;13;2021-07-26;113455
2021-07-25;"Prešovský kraj";0;687;1;688;NA;197757;1;2021-07-25;113442
2021-07-24;"Prešovský kraj";8;1040;0;1040;NA;197757;8;2021-07-24;113441
2021-07-23;"Prešovský kraj";8;1608;1;1609;NA;197757;9;2021-07-23;113433
2021-07-22;"Prešovský kraj";13;1431;10;1441;NA;197757;23;2021-07-22;113424
2021-07-21;"Prešovský kraj";5;1076;1;1077;NA;197757;6;2021-07-21;113401
2021-07-20;"Prešovský kraj";4;1064;0;1064;NA;197757;4;2021-07-20;113395
2021-07-19;"Prešovský kraj";2;1644;4;1648;NA;197757;6;2021-07-19;113391
2021-07-18;"Prešovský kraj";1;647;0;647;NA;197757;1;2021-07-18;113385
2021-07-17;"Prešovský kraj";6;1245;1;1246;NA;197757;7;2021-07-17;113384
2021-07-16;"Prešovský kraj";4;1558;2;1560;NA;197757;6;2021-07-16;113377
2021-07-15;"Prešovský kraj";5;1310;4;1314;NA;197757;9;2021-07-15;113371
2021-07-14;"Prešovský kraj";1;1051;2;1053;NA;197757;3;2021-07-14;113362
2021-07-13;"Prešovský kraj";1;1071;2;1073;NA;197757;3;2021-07-13;113359
2021-07-12;"Prešovský kraj";1;1949;2;1951;NA;197757;3;2021-07-12;113356
2021-07-11;"Prešovský kraj";0;660;1;661;NA;197757;1;2021-07-11;113353
2021-07-10;"Prešovský kraj";4;1229;2;1231;NA;197757;6;2021-07-10;113352
2021-07-09;"Prešovský kraj";6;1957;1;1958;NA;197757;7;2021-07-09;113346
2021-07-08;"Prešovský kraj";5;1192;0;1192;NA;197757;5;2021-07-08;113339
2021-07-07;"Prešovský kraj";7;1468;3;1471;NA;197757;10;2021-07-07;113334
2021-07-06;"Prešovský kraj";5;1423;2;1425;NA;197757;7;2021-07-06;113324
2021-07-05;"Prešovský kraj";2;645;0;645;NA;197757;2;2021-07-05;113317
2021-07-04;"Prešovský kraj";0;788;0;788;NA;197757;0;2021-07-04;113315
2021-07-03;"Prešovský kraj";2;1391;0;1391;NA;197757;2;2021-07-03;113315
2021-07-02;"Prešovský kraj";4;1796;0;1796;NA;197757;4;2021-07-02;113313
2021-07-01;"Prešovský kraj";2;1590;1;1591;NA;197757;3;2021-07-01;113309
2021-06-30;"Prešovský kraj";3;8829;4;8833;NA;197757;7;2021-06-30;113306
2021-06-29;"Prešovský kraj";1;4935;3;4938;NA;197757;4;2021-06-29;113299
2021-06-28;"Prešovský kraj";5;6109;2;6111;NA;197757;7;2021-06-28;113295
2021-06-27;"Prešovský kraj";0;3852;1;3853;NA;197757;1;2021-06-27;113288
2021-06-26;"Prešovský kraj";4;5815;1;5816;NA;197757;5;2021-06-26;113287
2021-06-25;"Prešovský kraj";7;7321;4;7325;NA;197757;11;2021-06-25;113282
2021-06-24;"Prešovský kraj";10;5406;5;5411;NA;197757;15;2021-06-24;113271
2021-06-23;"Prešovský kraj";4;5124;2;5126;NA;197757;6;2021-06-23;113256
2021-06-22;"Prešovský kraj";5;5143;1;5144;NA;197757;6;2021-06-22;113250
2021-06-21;"Prešovský kraj";13;7033;6;7039;NA;197757;19;2021-06-21;113244
2021-06-20;"Prešovský kraj";0;5204;3;5207;NA;197757;3;2021-06-20;113225
2021-06-19;"Prešovský kraj";1;7349;5;7354;NA;197757;6;2021-06-19;113222
2021-06-18;"Prešovský kraj";9;8682;10;8692;NA;197757;19;2021-06-18;113216
2021-06-17;"Prešovský kraj";9;6548;5;6553;NA;197757;14;2021-06-17;113197
2021-06-16;"Prešovský kraj";6;6422;3;6425;NA;197757;9;2021-06-16;113183
2021-06-15;"Prešovský kraj";2;5709;4;5713;NA;197757;6;2021-06-15;113174
2021-06-14;"Prešovský kraj";5;8229;13;8242;NA;197757;18;2021-06-14;113168
2021-06-13;"Prešovský kraj";1;6455;7;6462;NA;197757;8;2021-06-13;113150
2021-06-12;"Prešovský kraj";3;8904;9;8913;NA;197757;12;2021-06-12;113142
2021-06-11;"Prešovský kraj";21;9877;9;9886;NA;197757;30;2021-06-11;113130
2021-06-10;"Prešovský kraj";11;6512;10;6522;NA;197757;21;2021-06-10;113100
2021-06-09;"Prešovský kraj";16;6375;3;6378;NA;197757;19;2021-06-09;113079
2021-06-08;"Prešovský kraj";31;6495;12;6507;NA;197757;43;2021-06-08;113060
2021-06-07;"Prešovský kraj";11;9111;15;9126;NA;197757;26;2021-06-07;113017
2021-06-06;"Prešovský kraj";0;8016;5;8021;NA;197757;5;2021-06-06;112991
2021-06-05;"Prešovský kraj";17;10248;15;10263;NA;197757;32;2021-06-05;112986
2021-06-04;"Prešovský kraj";26;10375;18;10393;NA;197757;44;2021-06-04;112954
2021-06-03;"Prešovský kraj";14;6820;16;6836;NA;197757;30;2021-06-03;112910
2021-06-02;"Prešovský kraj";47;7372;14;7386;NA;197757;61;2021-06-02;112880
2021-06-01;"Prešovský kraj";15;6926;14;6940;NA;197757;29;2021-06-01;112819
2021-05-31;"Prešovský kraj";27;9951;22;9973;NA;197757;49;2021-05-31;112790
2021-05-30;"Prešovský kraj";2;9717;14;9731;NA;197757;16;2021-05-30;112741
2021-05-29;"Prešovský kraj";23;12733;24;12757;NA;197757;47;2021-05-29;112725
2021-05-28;"Prešovský kraj";30;12468;19;12487;NA;197757;49;2021-05-28;112678
2021-05-27;"Prešovský kraj";16;7653;37;7690;NA;197757;53;2021-05-27;112629
2021-05-26;"Prešovský kraj";32;8140;23;8163;NA;197757;55;2021-05-26;112576
2021-05-25;"Prešovský kraj";38;8690;20;8710;NA;197757;58;2021-05-25;112521
2021-05-24;"Prešovský kraj";17;13298;37;13335;NA;197757;54;2021-05-24;112463
2021-05-23;"Prešovský kraj";3;11947;20;11967;NA;197757;23;2021-05-23;112409
2021-05-22;"Prešovský kraj";11;14422;44;14466;NA;197757;55;2021-05-22;112386
2021-05-21;"Prešovský kraj";44;13803;24;13827;NA;197757;68;2021-05-21;112331
2021-05-20;"Prešovský kraj";13;9437;29;9466;NA;197757;42;2021-05-20;112263
2021-05-19;"Prešovský kraj";60;10756;36;10792;NA;197757;96;2021-05-19;112221
2021-05-18;"Prešovský kraj";44;9062;27;9089;NA;197757;71;2021-05-18;112125
2021-05-17;"Prešovský kraj";60;12856;47;12903;NA;197757;107;2021-05-17;112054
2021-05-16;"Prešovský kraj";20;16302;66;16368;NA;197757;86;2021-05-16;111947
2021-05-15;"Prešovský kraj";20;24604;81;24685;NA;197757;101;2021-05-15;111861
2021-05-14;"Prešovský kraj";49;18671;68;18739;NA;197757;117;2021-05-14;111760
2021-05-13;"Prešovský kraj";54;11166;71;11237;NA;197757;125;2021-05-13;111643
2021-05-12;"Prešovský kraj";59;10822;39;10861;NA;197757;98;2021-05-12;111518
2021-05-11;"Prešovský kraj";61;10728;48;10776;NA;197757;109;2021-05-11;111420
2021-05-10;"Prešovský kraj";79;15726;67;15793;NA;197757;146;2021-05-10;111311
2021-05-09;"Prešovský kraj";54;21658;82;21740;NA;197757;136;2021-05-09;111165
2021-05-08;"Prešovský kraj";39;23050;52;23102;NA;197757;91;2021-05-08;111029
2021-05-07;"Prešovský kraj";81;23543;66;23609;NA;197757;147;2021-05-07;110938
2021-05-06;"Prešovský kraj";107;12924;66;12990;NA;197757;173;2021-05-06;110791
2021-05-05;"Prešovský kraj";60;12808;84;12892;NA;197757;144;2021-05-05;110618
2021-05-04;"Prešovský kraj";203;13470;67;13537;NA;197757;270;2021-05-04;110474
2021-05-03;"Prešovský kraj";68;18458;109;18567;NA;197757;177;2021-05-03;110204
2021-05-02;"Prešovský kraj";29;36676;102;36778;NA;197757;131;2021-05-02;110027
2021-05-01;"Prešovský kraj";70;57153;183;57336;NA;197757;253;2021-05-01;109896
2021-04-30;"Prešovský kraj";135;39333;118;39451;NA;197757;253;2021-04-30;109643
2021-04-29;"Prešovský kraj";110;16635;97;16732;NA;197757;207;2021-04-29;109390
2021-04-28;"Prešovský kraj";122;18671;89;18760;NA;197757;211;2021-04-28;109183
2021-04-27;"Prešovský kraj";154;19994;120;20114;NA;197757;274;2021-04-27;108972
2021-04-26;"Prešovský kraj";99;27241;123;27364;NA;197757;222;2021-04-26;108698
2021-04-25;"Prešovský kraj";9;52776;156;52932;NA;197757;165;2021-04-25;108476
2021-04-24;"Prešovský kraj";61;85698;243;85941;NA;197757;304;2021-04-24;108311
2021-04-23;"Prešovský kraj";171;40365;137;40502;NA;197757;308;2021-04-23;108007
2021-04-22;"Prešovský kraj";86;18104;125;18229;NA;197757;211;2021-04-22;107699
2021-04-21;"Prešovský kraj";144;21550;139;21689;NA;197757;283;2021-04-21;107488
2021-04-20;"Prešovský kraj";115;23346;128;23474;NA;197757;243;2021-04-20;107205
2021-04-19;"Prešovský kraj";106;29133;145;29278;NA;197757;251;2021-04-19;106962
2021-04-18;"Prešovský kraj";4;51824;129;51953;NA;197757;133;2021-04-18;106711
2021-04-17;"Prešovský kraj";119;97970;238;98208;NA;197757;357;2021-04-17;106578
2021-04-16;"Prešovský kraj";135;40989;146;41135;NA;197757;281;2021-04-16;106221
2021-04-15;"Prešovský kraj";112;20179;137;20316;NA;197757;249;2021-04-15;105940
2021-04-14;"Prešovský kraj";199;23332;130;23462;NA;197757;329;2021-04-14;105691
2021-04-13;"Prešovský kraj";180;23907;116;24023;NA;197757;296;2021-04-13;105362
2021-04-12;"Prešovský kraj";172;30152;175;30327;NA;197757;347;2021-04-12;105066
2021-04-11;"Prešovský kraj";11;49955;187;50142;NA;197757;198;2021-04-11;104719
2021-04-10;"Prešovský kraj";94;90181;297;90478;NA;197757;391;2021-04-10;104521
2021-04-09;"Prešovský kraj";255;37163;200;37363;NA;197757;455;2021-04-09;104130
2021-04-08;"Prešovský kraj";192;18893;157;19050;NA;197757;349;2021-04-08;103675
2021-04-07;"Prešovský kraj";314;27797;154;27951;NA;197757;468;2021-04-07;103326
2021-04-06;"Prešovský kraj";231;41711;268;41979;NA;197757;499;2021-04-06;102858
2021-04-05;"Prešovský kraj";54;18454;132;18586;NA;197757;186;2021-04-05;102359
2021-04-04;"Prešovský kraj";31;18569;91;18660;NA;197757;122;2021-04-04;102173
2021-04-03;"Prešovský kraj";104;90664;321;90985;NA;197757;425;2021-04-03;102051
2021-04-02;"Prešovský kraj";194;23381;134;23515;NA;197757;328;2021-04-02;101626
2021-04-01;"Prešovský kraj";256;42879;195;43074;NA;197757;451;2021-04-01;101298
2021-03-31;"Prešovský kraj";311;30176;227;30403;NA;197757;538;2021-03-31;100847
2021-03-30;"Prešovský kraj";374;20751;203;20954;NA;197757;577;2021-03-30;100309
2021-03-29;"Prešovský kraj";219;28188;229;28417;NA;197757;448;2021-03-29;99732
2021-03-28;"Prešovský kraj";26;46811;256;47067;NA;197757;282;2021-03-28;99284
2021-03-27;"Prešovský kraj";181;88673;372;89045;NA;197757;553;2021-03-27;99002
2021-03-26;"Prešovský kraj";310;47751;299;48050;NA;197757;609;2021-03-26;98449
2021-03-25;"Prešovský kraj";248;22281;213;22494;NA;197757;461;2021-03-25;97840
2021-03-24;"Prešovský kraj";381;19590;213;19803;NA;197757;594;2021-03-24;97379
2021-03-23;"Prešovský kraj";241;20351;255;20606;NA;197757;496;2021-03-23;96785
2021-03-22;"Prešovský kraj";299;28634;287;28921;NA;197757;586;2021-03-22;96289
2021-03-21;"Prešovský kraj";32;49439;266;49705;NA;197757;298;2021-03-21;95703
2021-03-20;"Prešovský kraj";180;92529;426;92955;NA;197757;606;2021-03-20;95405
2021-03-19;"Prešovský kraj";373;46582;326;46908;NA;197757;699;2021-03-19;94799
2021-03-18;"Prešovský kraj";251;21721;217;21938;NA;197757;468;2021-03-18;94100
2021-03-17;"Prešovský kraj";331;20887;231;21118;NA;197757;562;2021-03-17;93632
2021-03-16;"Prešovský kraj";461;21094;278;21372;NA;197757;739;2021-03-16;93070
2021-03-15;"Prešovský kraj";370;28813;324;29137;NA;197757;694;2021-03-15;92331
2021-03-14;"Prešovský kraj";52;50410;356;50766;NA;197757;408;2021-03-14;91637
2021-03-13;"Prešovský kraj";200;94768;531;95299;NA;197757;731;2021-03-13;91229
2021-03-12;"Prešovský kraj";425;47691;368;48059;NA;197757;793;2021-03-12;90498
2021-03-11;"Prešovský kraj";463;22059;253;22312;NA;197757;716;2021-03-11;89705
2021-03-10;"Prešovský kraj";325;20821;293;21114;NA;197757;618;2021-03-10;88989
2021-03-09;"Prešovský kraj";505;21496;288;21784;NA;197757;793;2021-03-09;88371
2021-03-08;"Prešovský kraj";314;28903;333;29236;NA;197757;647;2021-03-08;87578
2021-03-07;"Prešovský kraj";19;48328;388;48716;NA;197757;407;2021-03-07;86931
2021-03-06;"Prešovský kraj";193;97527;591;98118;NA;197757;784;2021-03-06;86524
2021-03-05;"Prešovský kraj";497;46054;397;46451;NA;197757;894;2021-03-05;85740
2021-03-04;"Prešovský kraj";372;22670;359;23029;NA;197757;731;2021-03-04;84846
2021-03-03;"Prešovský kraj";397;21623;333;21956;NA;197757;730;2021-03-03;84115
2021-03-02;"Prešovský kraj";421;22682;357;23039;NA;197757;778;2021-03-02;83385
2021-03-01;"Prešovský kraj";303;27716;406;28122;NA;197757;709;2021-03-01;82607
2021-02-28;"Prešovský kraj";75;45000;387;45387;NA;197757;462;2021-02-28;81898
2021-02-27;"Prešovský kraj";273;90231;734;90965;NA;197757;1007;2021-02-27;81436
2021-02-26;"Prešovský kraj";455;41340;438;41778;NA;197757;893;2021-02-26;80429
2021-02-25;"Prešovský kraj";270;19496;337;19833;NA;197757;607;2021-02-25;79536
2021-02-24;"Prešovský kraj";328;19026;377;19403;NA;197757;705;2021-02-24;78929
2021-02-23;"Prešovský kraj";430;21277;345;21622;NA;197757;775;2021-02-23;78224
2021-02-22;"Prešovský kraj";351;27180;356;27536;NA;197757;707;2021-02-22;77449
2021-02-21;"Prešovský kraj";66;31453;301;31754;NA;197757;367;2021-02-21;76742
2021-02-20;"Prešovský kraj";129;71413;517;71930;NA;197757;646;2021-02-20;76375
2021-02-19;"Prešovský kraj";381;38995;430;39425;NA;197757;811;2021-02-19;75729
2021-02-18;"Prešovský kraj";268;16960;322;17282;NA;197757;590;2021-02-18;74918
2021-02-17;"Prešovský kraj";293;17392;246;17638;NA;197757;539;2021-02-17;74328
2021-02-16;"Prešovský kraj";422;18862;265;19127;NA;197757;687;2021-02-16;73789
2021-02-15;"Prešovský kraj";211;31366;303;31669;NA;197757;514;2021-02-15;73102
2021-02-14;"Prešovský kraj";27;39387;321;39708;NA;197757;348;2021-02-14;72588
2021-02-13;"Prešovský kraj";157;74747;402;75149;NA;197757;559;2021-02-13;72240
2021-02-12;"Prešovský kraj";308;38758;365;39123;NA;197757;673;2021-02-12;71681
2021-02-11;"Prešovský kraj";218;16207;238;16445;NA;197757;456;2021-02-11;71008
2021-02-10;"Prešovský kraj";220;18542;282;18824;NA;197757;502;2021-02-10;70552
2021-02-09;"Prešovský kraj";323;21497;370;21867;NA;197757;693;2021-02-09;70050
2021-02-08;"Prešovský kraj";161;36924;261;37185;NA;197757;422;2021-02-08;69357
2021-02-07;"Prešovský kraj";21;34227;209;34436;NA;197757;230;2021-02-07;68935
2021-02-06;"Prešovský kraj";176;69164;360;69524;NA;197757;536;2021-02-06;68705
2021-02-05;"Prešovský kraj";177;31271;262;31533;NA;197757;439;2021-02-05;68169
2021-02-04;"Prešovský kraj";176;13080;237;13317;NA;197757;413;2021-02-04;67730
2021-02-03;"Prešovský kraj";251;8421;236;8657;NA;197757;487;2021-02-03;67317
2021-02-02;"Prešovský kraj";249;11769;264;12033;NA;197757;513;2021-02-02;66830
2021-02-01;"Prešovský kraj";220;16059;316;16375;NA;197757;536;2021-02-01;66317
2021-01-31;"Prešovský kraj";42;10587;107;10694;NA;197757;149;2021-01-31;65781
2021-01-30;"Prešovský kraj";142;23939;215;24154;NA;197757;357;2021-01-30;65632
2021-01-29;"Prešovský kraj";185;17924;326;18250;NA;197757;511;2021-01-29;65275
2021-01-28;"Prešovský kraj";311;7348;150;7498;NA;197757;461;2021-01-28;64764
2021-01-27;"Prešovský kraj";153;9730;147;9877;NA;197757;300;2021-01-27;64303
2021-01-26;"Prešovský kraj";252;16653;151;16804;NA;197757;403;2021-01-26;64003
2021-01-25;"Prešovský kraj";196;30092;253;30345;NA;197757;449;2021-01-25;63600
2021-01-24;"Prešovský kraj";12;45706;304;46010;NA;197757;316;2021-01-24;63151
2021-01-23;"Prešovský kraj";189;96883;487;97370;NA;197757;676;2021-01-23;62835
2021-01-22;"Prešovský kraj";187;35383;261;35644;NA;197757;448;2021-01-22;62159
2021-01-21;"Prešovský kraj";187;20434;212;20646;NA;197757;399;2021-01-21;61711
2021-01-20;"Prešovský kraj";253;14782;195;14977;NA;197757;448;2021-01-20;61312
2021-01-19;"Prešovský kraj";281;12329;305;12634;NA;197757;586;2021-01-19;60864
2021-01-18;"Prešovský kraj";203;10422;336;10758;NA;197757;539;2021-01-18;60278
2021-01-17;"Prešovský kraj";107;14391;1008;15399;NA;197757;1115;2021-01-17;59739
2021-01-16;"Prešovský kraj";72;1838;81;1919;NA;197757;153;2021-01-16;58624
2021-01-15;"Prešovský kraj";159;7033;257;7290;NA;197757;416;2021-01-15;58471
2021-01-14;"Prešovský kraj";268;5534;256;5790;NA;197757;524;2021-01-14;58055
2021-01-13;"Prešovský kraj";342;5649;226;5875;NA;197757;568;2021-01-13;57531
2021-01-12;"Prešovský kraj";455;8251;386;8637;NA;197757;841;2021-01-12;56963
2021-01-11;"Prešovský kraj";343;8149;471;8620;NA;197757;814;2021-01-11;56122
2021-01-10;"Prešovský kraj";63;476;23;499;NA;197757;86;2021-01-10;55308
2021-01-09;"Prešovský kraj";439;2248;125;2373;NA;197757;564;2021-01-09;55222
2021-01-08;"Prešovský kraj";430;10416;561;10977;NA;197757;991;2021-01-08;54658
2021-01-07;"Prešovský kraj";268;7432;622;8054;NA;197757;890;2021-01-07;53667
2021-01-06;"Prešovský kraj";315;1484;134;1618;NA;197757;449;2021-01-06;52777
2021-01-05;"Prešovský kraj";655;11275;976;12251;NA;197757;1631;2021-01-05;52328
2021-01-04;"Prešovský kraj";371;16845;1789;18634;NA;197757;2160;2021-01-04;50697
2021-01-03;"Prešovský kraj";89;459;41;500;NA;197757;130;2021-01-03;48537
2021-01-02;"Prešovský kraj";65;1556;160;1716;NA;197757;225;2021-01-02;48407
2021-01-01;"Prešovský kraj";174;956;71;1027;NA;197757;245;2021-01-01;48182
2020-12-31;"Prešovský kraj";640;11959;783;12742;NA;197757;1423;2020-12-31;47937
2020-12-30;"Prešovský kraj";729;8729;769;9498;NA;197757;1498;2020-12-30;46514
2020-12-29;"Prešovský kraj";435;9273;949;10222;NA;197757;1384;2020-12-29;45016
2020-12-28;"Prešovský kraj";393;9046;1079;10125;NA;197757;1472;2020-12-28;43632
2020-12-27;"Prešovský kraj";40;613;45;658;NA;197757;85;2020-12-27;42160
2020-12-26;"Prešovský kraj";64;176;12;188;NA;197757;76;2020-12-26;42075
2020-12-25;"Prešovský kraj";208;274;11;285;NA;197757;219;2020-12-25;41999
2020-12-24;"Prešovský kraj";452;1214;85;1299;NA;197757;537;2020-12-24;41780
2020-12-23;"Prešovský kraj";361;11006;618;11624;NA;197757;979;2020-12-23;41243
2020-12-22;"Prešovský kraj";439;9023;695;9718;NA;197757;1134;2020-12-22;40264
2020-12-21;"Prešovský kraj";432;9577;847;10424;NA;197757;1279;2020-12-21;39130
2020-12-20;"Prešovský kraj";184;396;20;416;NA;197757;204;2020-12-20;37851
2020-12-19;"Prešovský kraj";276;1658;151;1809;NA;197757;427;2020-12-19;37647
2020-12-18;"Prešovský kraj";396;8246;566;8812;NA;197757;962;2020-12-18;37220
2020-12-17;"Prešovský kraj";427;10505;866;11371;NA;197757;1293;2020-12-17;36258
2020-12-16;"Prešovský kraj";466;5613;473;6086;NA;197757;939;2020-12-16;34965
2020-12-15;"Prešovský kraj";411;5406;574;5980;NA;197757;985;2020-12-15;34026
2020-12-14;"Prešovský kraj";334;5538;477;6015;NA;197757;811;2020-12-14;33041
2020-12-13;"Prešovský kraj";89;29;8;37;NA;197757;97;2020-12-13;32230
2020-12-12;"Prešovský kraj";319;2474;166;2640;NA;197757;485;2020-12-12;32133
2020-12-11;"Prešovský kraj";560;5602;402;6004;NA;197757;962;2020-12-11;31648
2020-12-10;"Prešovský kraj";337;5019;423;5442;NA;197757;760;2020-12-10;30686
2020-12-09;"Prešovský kraj";358;4357;314;4671;NA;197757;672;2020-12-09;29926
2020-12-08;"Prešovský kraj";350;6629;651;7280;NA;197757;1001;2020-12-08;29254
2020-12-07;"Prešovský kraj";309;4345;327;4672;NA;197757;636;2020-12-07;28253
2020-12-06;"Prešovský kraj";59;655;26;681;NA;197757;85;2020-12-06;27617
2020-12-05;"Prešovský kraj";218;984;87;1071;NA;197757;305;2020-12-05;27532
2020-12-04;"Prešovský kraj";352;5070;293;5363;NA;197757;645;2020-12-04;27227
2020-12-03;"Prešovský kraj";284;2456;179;2635;NA;197757;463;2020-12-03;26582
2020-12-02;"Prešovský kraj";232;2830;225;3055;NA;197757;457;2020-12-02;26119
2020-12-01;"Prešovský kraj";281;1884;196;2080;NA;197757;477;2020-12-01;25662
2020-11-30;"Prešovský kraj";196;5333;97;5430;NA;197757;293;2020-11-30;25185
2020-11-29;"Prešovský kraj";27;379;42;421;NA;197757;69;2020-11-29;24892
2020-11-28;"Prešovský kraj";199;772;77;849;NA;197757;276;2020-11-28;24823
2020-11-27;"Prešovský kraj";232;2350;130;2480;NA;197757;362;2020-11-27;24547
2020-11-26;"Prešovský kraj";263;3014;329;3343;NA;197757;592;2020-11-26;24185
2020-11-25;"Prešovský kraj";302;2174;103;2277;NA;197757;405;2020-11-25;23593
2020-11-24;"Prešovský kraj";365;1777;156;1933;NA;197757;521;2020-11-24;23188
2020-11-23;"Prešovský kraj";164;1099;60;1159;NA;197757;224;2020-11-23;22667
2020-11-22;"Prešovský kraj";46;44;1;45;NA;197757;47;2020-11-22;22443
2020-11-21;"Prešovský kraj";205;754;62;816;NA;197757;267;2020-11-21;22396
2020-11-20;"Prešovský kraj";363;2258;102;2360;NA;197757;465;2020-11-20;22129
2020-11-19;"Prešovský kraj";359;2096;238;2334;NA;197757;597;2020-11-19;21664
2020-11-18;"Prešovský kraj";270;488;43;531;NA;197757;313;2020-11-18;21067
2020-11-17;"Prešovský kraj";347;205;23;228;NA;197757;370;2020-11-17;20754
2020-11-16;"Prešovský kraj";226;540;58;598;NA;197757;284;2020-11-16;20384
2020-11-15;"Prešovský kraj";186;39;4;43;NA;197757;190;2020-11-15;20100
2020-11-14;"Prešovský kraj";261;54;4;58;NA;197757;265;2020-11-14;19910
2020-11-13;"Prešovský kraj";395;166;8;174;NA;197757;403;2020-11-13;19645
2020-11-12;"Prešovský kraj";397;229;50;279;NA;197757;447;2020-11-12;19242
2020-11-11;"Prešovský kraj";516;161;15;176;NA;197757;531;2020-11-11;18795
2020-11-10;"Prešovský kraj";437;197;9;206;NA;197757;446;2020-11-10;18264
2020-11-09;"Prešovský kraj";190;4110;945;5055;NA;197757;1135;2020-11-09;17818
2020-11-08;"Prešovský kraj";97;2817;32;2849;NA;197757;129;2020-11-08;16683
2020-11-07;"Prešovský kraj";416;8578;81;8659;NA;197757;497;2020-11-07;16554
2020-11-06;"Prešovský kraj";520;4791;76;4867;NA;197757;596;2020-11-06;16057
2020-11-05;"Prešovský kraj";397;180;5;185;NA;197757;402;2020-11-05;15461
2020-11-04;"Prešovský kraj";350;807;8;815;NA;197757;358;2020-11-04;15059
2020-11-03;"Prešovský kraj";565;98;12;110;NA;197757;577;2020-11-03;14701
2020-11-02;"Prešovský kraj";203;4158;1004;5162;NA;197757;1207;2020-11-02;14124
2020-11-01;"Prešovský kraj";386;2906;53;2959;NA;197757;439;2020-11-01;12917
2020-10-31;"Prešovský kraj";315;10497;170;10667;NA;197757;485;2020-10-31;12478
2020-10-30;"Prešovský kraj";552;2949;65;3014;NA;197757;617;2020-10-30;11993
2020-10-29;"Prešovský kraj";594;301;38;339;NA;197757;632;2020-10-29;11376
2020-10-28;"Prešovský kraj";617;291;46;337;NA;197757;663;2020-10-28;10744
2020-10-27;"Prešovský kraj";656;268;34;302;NA;197757;690;2020-10-27;10081
2020-10-26;"Prešovský kraj";137;363;57;420;NA;197757;194;2020-10-26;9391
2020-10-25;"Prešovský kraj";237;346;11;357;NA;197757;248;2020-10-25;9197
2020-10-24;"Prešovský kraj";719;200;12;212;NA;197757;731;2020-10-24;8949
2020-10-23;"Prešovský kraj";750;218;8;226;NA;197757;758;2020-10-23;8218
2020-10-22;"Prešovský kraj";646;396;30;426;NA;197757;676;2020-10-22;7460
2020-10-21;"Prešovský kraj";383;58;8;66;NA;197757;391;2020-10-21;6784
2020-10-20;"Prešovský kraj";493;65;7;72;NA;197757;500;2020-10-20;6393
2020-10-19;"Prešovský kraj";140;235;15;250;NA;197757;155;2020-10-19;5893
2020-10-18;"Prešovský kraj";209;0;0;0;NA;197757;209;2020-10-18;5738
2020-10-17;"Prešovský kraj";342;0;0;0;NA;197757;342;2020-10-17;5529
2020-10-16;"Prešovský kraj";388;57;3;60;NA;197757;391;2020-10-16;5187
2020-10-15;"Prešovský kraj";435;85;18;103;NA;197757;453;2020-10-15;4796
2020-10-14;"Prešovský kraj";451;54;10;64;NA;197757;461;2020-10-14;4343
2020-10-13;"Prešovský kraj";264;50;6;56;NA;197757;270;2020-10-13;3882
2020-10-12;"Prešovský kraj";214;334;35;369;NA;197757;249;2020-10-12;3612
2020-10-11;"Prešovský kraj";127;0;0;0;NA;197757;127;2020-10-11;3363
2020-10-10;"Prešovský kraj";248;0;0;0;NA;197757;248;2020-10-10;3236
2020-10-09;"Prešovský kraj";406;0;0;0;NA;197757;406;2020-10-09;2988
2020-10-08;"Prešovský kraj";245;0;0;0;NA;197757;245;2020-10-08;2582
2020-10-07;"Prešovský kraj";244;0;0;0;NA;197757;244;2020-10-07;2337
2020-10-06;"Prešovský kraj";166;0;0;0;NA;197757;166;2020-10-06;2093
2020-10-05;"Prešovský kraj";84;0;0;0;NA;197757;84;2020-10-05;1927
2020-10-04;"Prešovský kraj";118;0;0;0;NA;197757;118;2020-10-04;1843
2020-10-03;"Prešovský kraj";204;0;0;0;NA;197757;204;2020-10-03;1725
2020-10-02;"Prešovský kraj";149;0;0;0;NA;197757;149;2020-10-02;1521
2020-10-01;"Prešovský kraj";136;0;0;0;NA;197757;136;2020-10-01;1372
2020-09-30;"Prešovský kraj";121;0;0;0;NA;197757;121;2020-09-30;1236
2020-09-29;"Prešovský kraj";156;0;0;0;NA;197757;156;2020-09-29;1115
2020-09-28;"Prešovský kraj";51;0;0;0;NA;197757;51;2020-09-28;959
2020-09-27;"Prešovský kraj";10;0;0;0;NA;197757;10;2020-09-27;908
2020-09-26;"Prešovský kraj";72;0;0;0;NA;197757;72;2020-09-26;898
2020-09-25;"Prešovský kraj";91;0;0;0;NA;197757;91;2020-09-25;826
2020-09-24;"Prešovský kraj";52;0;0;0;NA;197757;52;2020-09-24;735
2020-09-23;"Prešovský kraj";55;0;0;0;NA;197757;55;2020-09-23;683
2020-09-22;"Prešovský kraj";29;0;0;0;NA;197757;29;2020-09-22;628
2020-09-21;"Prešovský kraj";14;0;0;0;NA;197757;14;2020-09-21;599
2020-09-20;"Prešovský kraj";5;0;0;0;NA;197757;5;2020-09-20;585
2020-09-19;"Prešovský kraj";12;0;0;0;NA;197757;12;2020-09-19;580
2020-09-18;"Prešovský kraj";29;0;0;0;NA;197757;29;2020-09-18;568
2020-09-17;"Prešovský kraj";25;0;0;0;NA;197757;25;2020-09-17;539
2020-09-16;"Prešovský kraj";8;0;0;0;NA;197757;8;2020-09-16;514
2020-09-15;"Prešovský kraj";10;0;0;0;NA;197757;10;2020-09-15;506
2020-09-14;"Prešovský kraj";47;0;0;0;NA;197757;47;2020-09-14;496
2020-09-13;"Prešovský kraj";3;0;0;0;NA;197757;3;2020-09-13;449
2020-09-12;"Prešovský kraj";4;0;0;0;NA;197757;4;2020-09-12;446
2020-09-11;"Prešovský kraj";15;0;0;0;NA;197757;15;2020-09-11;442
2020-09-10;"Prešovský kraj";10;0;0;0;NA;197757;10;2020-09-10;427
2020-09-09;"Prešovský kraj";21;0;0;0;NA;197757;21;2020-09-09;417
2020-09-08;"Prešovský kraj";23;0;0;0;NA;197757;23;2020-09-08;396
2020-09-07;"Prešovský kraj";5;0;0;0;NA;197757;5;2020-09-07;373
2020-09-06;"Prešovský kraj";3;0;0;0;NA;197757;3;2020-09-06;368
2020-09-05;"Prešovský kraj";7;0;0;0;NA;197757;7;2020-09-05;365
2020-09-04;"Prešovský kraj";24;0;0;0;NA;197757;24;2020-09-04;358
2020-09-03;"Prešovský kraj";8;0;0;0;NA;197757;8;2020-09-03;334
2020-09-02;"Prešovský kraj";9;0;0;0;NA;197757;9;2020-09-02;326
2020-09-01;"Prešovský kraj";6;0;0;0;NA;197757;6;2020-09-01;317
2020-08-31;"Prešovský kraj";3;0;0;0;NA;197757;3;2020-08-31;311
2020-08-30;"Prešovský kraj";6;0;0;0;NA;197757;6;2020-08-30;308
2020-08-29;"Prešovský kraj";4;0;0;0;NA;197757;4;2020-08-29;302
2020-08-28;"Prešovský kraj";6;0;0;0;NA;197757;6;2020-08-28;298
2020-08-27;"Prešovský kraj";7;0;0;0;NA;197757;7;2020-08-27;292
2020-08-26;"Prešovský kraj";22;0;0;0;NA;197757;22;2020-08-26;285
2020-08-25;"Prešovský kraj";1;0;0;0;NA;197757;1;2020-08-25;263
2020-08-24;"Prešovský kraj";5;0;0;0;NA;197757;5;2020-08-24;262
2020-08-23;"Prešovský kraj";3;0;0;0;NA;197757;3;2020-08-23;257
2020-08-22;"Prešovský kraj";3;0;0;0;NA;197757;3;2020-08-22;254
2020-08-21;"Prešovský kraj";11;0;0;0;NA;197757;11;2020-08-21;251
2020-08-20;"Prešovský kraj";8;0;0;0;NA;197757;8;2020-08-20;240
2020-08-19;"Prešovský kraj";8;0;0;0;NA;197757;8;2020-08-19;232
2020-08-18;"Prešovský kraj";6;0;0;0;NA;197757;6;2020-08-18;224
2020-08-17;"Prešovský kraj";1;0;0;0;NA;197757;1;2020-08-17;218
2020-08-16;"Prešovský kraj";0;0;0;0;NA;197757;0;2020-08-16;217
2020-08-15;"Prešovský kraj";8;0;0;0;NA;197757;8;2020-08-15;217
2020-08-14;"Prešovský kraj";6;0;0;0;NA;197757;6;2020-08-14;209
2020-08-13;"Prešovský kraj";8;0;0;0;NA;197757;8;2020-08-13;203
2020-08-12;"Prešovský kraj";19;0;0;0;NA;197757;19;2020-08-12;195
2020-08-11;"Prešovský kraj";3;0;0;0;NA;197757;3;2020-08-11;176
2020-08-10;"Prešovský kraj";0;0;0;0;NA;197757;0;2020-08-10;173
2020-08-09;"Prešovský kraj";0;0;0;0;NA;197757;0;2020-08-09;173
2020-08-08;"Prešovský kraj";2;0;0;0;NA;197757;2;2020-08-08;173
2020-08-07;"Prešovský kraj";6;0;0;0;NA;197757;6;2020-08-07;171
2020-08-06;"Prešovský kraj";2;0;0;0;NA;197757;2;2020-08-06;165
2020-08-05;"Prešovský kraj";8;0;0;0;NA;197757;8;2020-08-05;163
2020-08-04;"Prešovský kraj";5;0;0;0;NA;197757;5;2020-08-04;155
2020-08-03;"Prešovský kraj";4;0;0;0;NA;197757;4;2020-08-03;150
2020-08-02;"Prešovský kraj";6;0;0;0;NA;197757;6;2020-08-02;146
2020-08-01;"Prešovský kraj";0;0;0;0;NA;197757;0;2020-08-01;140
2020-07-31;"Prešovský kraj";2;0;0;0;NA;197757;2;2020-07-31;140
2020-07-30;"Prešovský kraj";6;0;0;0;NA;197757;6;2020-07-30;138
2020-07-29;"Prešovský kraj";5;0;0;0;NA;197757;5;2020-07-29;132
2020-07-28;"Prešovský kraj";0;0;0;0;NA;197757;0;2020-07-28;127
2020-07-27;"Prešovský kraj";1;0;0;0;NA;197757;1;2020-07-27;127
2020-07-26;"Prešovský kraj";1;0;0;0;NA;197757;1;2020-07-26;126
2020-07-25;"Prešovský kraj";21;0;0;0;NA;197757;21;2020-07-25;125
2020-07-24;"Prešovský kraj";1;0;0;0;NA;197757;1;2020-07-24;104
2020-07-23;"Prešovský kraj";5;0;0;0;NA;197757;5;2020-07-23;103
2020-07-22;"Prešovský kraj";1;0;0;0;NA;197757;1;2020-07-22;98
2020-07-21;"Prešovský kraj";2;0;0;0;NA;197757;2;2020-07-21;97
2020-07-20;"Prešovský kraj";1;0;0;0;NA;197757;1;2020-07-20;95
2020-07-19;"Prešovský kraj";0;0;0;0;NA;197757;0;2020-07-19;94
2020-07-18;"Prešovský kraj";0;0;0;0;NA;197757;0;2020-07-18;94
2020-07-17;"Prešovský kraj";3;0;0;0;NA;197757;3;2020-07-17;94
2020-07-16;"Prešovský kraj";1;0;0;0;NA;197757;1;2020-07-16;91
2020-07-15;"Prešovský kraj";5;0;0;0;NA;197757;5;2020-07-15;90
2020-07-14;"Prešovský kraj";5;0;0;0;NA;197757;5;2020-07-14;85
2020-07-13;"Prešovský kraj";1;0;0;0;NA;197757;1;2020-07-13;80
2020-07-12;"Prešovský kraj";1;0;0;0;NA;197757;1;2020-07-12;79
2020-07-11;"Prešovský kraj";6;0;0;0;NA;197757;6;2020-07-11;78
2020-07-10;"Prešovský kraj";5;0;0;0;NA;197757;5;2020-07-10;72
2020-07-09;"Prešovský kraj";2;0;0;0;NA;197757;2;2020-07-09;67
2020-07-08;"Prešovský kraj";14;0;0;0;NA;197757;14;2020-07-08;65
2020-07-07;"Prešovský kraj";2;0;0;0;NA;197757;2;2020-07-07;51
2020-07-06;"Prešovský kraj";0;0;0;0;NA;197757;0;2020-07-06;49
2020-07-05;"Prešovský kraj";0;0;0;0;NA;197757;0;2020-07-05;49
2020-07-04;"Prešovský kraj";1;0;0;0;NA;197757;1;2020-07-04;49
2020-07-03;"Prešovský kraj";3;0;0;0;NA;197757;3;2020-07-03;48
2020-07-02;"Prešovský kraj";0;0;0;0;NA;197757;0;2020-07-02;45
2020-07-01;"Prešovský kraj";0;0;0;0;NA;197757;0;2020-07-01;45
2020-06-30;"Prešovský kraj";7;0;0;0;NA;197757;7;2020-06-30;45
2020-06-29;"Prešovský kraj";0;0;0;0;NA;197757;0;2020-06-29;38
2020-06-28;"Prešovský kraj";0;0;0;0;NA;197757;0;2020-06-28;38
2020-06-27;"Prešovský kraj";3;0;0;0;NA;197757;3;2020-06-27;38
2020-06-26;"Prešovský kraj";3;0;0;0;NA;197757;3;2020-06-26;35
2020-06-25;"Prešovský kraj";0;0;0;0;NA;197757;0;2020-06-25;32
2020-06-24;"Prešovský kraj";4;0;0;0;NA;197757;4;2020-06-24;32
2020-06-23;"Prešovský kraj";0;0;0;0;NA;197757;0;2020-06-23;28
2020-06-22;"Prešovský kraj";0;0;0;0;NA;197757;0;2020-06-22;28
2020-06-21;"Prešovský kraj";0;0;0;0;NA;197757;0;2020-06-21;28
2020-06-20;"Prešovský kraj";0;0;0;0;NA;197757;0;2020-06-20;28
2020-06-19;"Prešovský kraj";1;0;0;0;NA;197757;1;2020-06-19;28
2020-06-18;"Prešovský kraj";0;0;0;0;NA;197757;0;2020-06-18;27
2020-06-17;"Prešovský kraj";0;0;0;0;NA;197757;0;2020-06-17;27
2020-06-16;"Prešovský kraj";6;0;0;0;NA;197757;6;2020-06-16;27
2020-06-14;"Prešovský kraj";0;0;0;0;NA;197757;0;2020-06-14;21
2020-06-13;"Prešovský kraj";0;0;0;0;NA;197757;0;2020-06-13;21
2020-06-12;"Prešovský kraj";1;0;0;0;NA;197757;1;2020-06-12;21
2020-06-11;"Prešovský kraj";0;0;0;0;NA;197757;0;2020-06-11;20
2020-06-10;"Prešovský kraj";0;0;0;0;NA;197757;0;2020-06-10;20
2020-06-09;"Prešovský kraj";0;0;0;0;NA;197757;0;2020-06-09;20
2020-06-08;"Prešovský kraj";0;0;0;0;NA;197757;0;2020-06-08;20
2020-06-07;"Prešovský kraj";0;0;0;0;NA;197757;0;2020-06-07;20
2020-06-05;"Prešovský kraj";0;0;0;0;NA;197757;0;2020-06-05;20
2020-06-03;"Prešovský kraj";0;0;0;0;NA;197757;0;2020-06-03;20
2020-06-02;"Prešovský kraj";1;0;0;0;NA;197757;1;2020-06-02;20
2020-05-31;"Prešovský kraj";1;0;0;0;NA;197757;1;2020-05-31;19
2020-05-29;"Prešovský kraj";0;0;0;0;NA;197757;0;2020-05-29;18
2020-05-27;"Prešovský kraj";0;0;0;0;NA;197757;0;2020-05-27;18
2020-05-26;"Prešovský kraj";0;0;0;0;NA;197757;0;2020-05-26;18
2020-05-25;"Prešovský kraj";0;0;0;0;NA;197757;0;2020-05-25;18
2020-05-24;"Prešovský kraj";0;0;0;0;NA;197757;0;2020-05-24;18
2020-05-23;"Prešovský kraj";0;0;0;0;NA;197757;0;2020-05-23;18
2020-05-22;"Prešovský kraj";0;0;0;0;NA;197757;0;2020-05-22;18
2020-05-21;"Prešovský kraj";1;0;0;0;NA;197757;1;2020-05-21;18
2020-05-20;"Prešovský kraj";0;0;0;0;NA;197757;0;2020-05-20;17
2020-05-19;"Prešovský kraj";0;0;0;0;NA;197757;0;2020-05-19;17
2020-05-17;"Prešovský kraj";0;0;0;0;NA;197757;0;2020-05-17;17
2020-05-16;"Prešovský kraj";0;0;0;0;NA;197757;0;2020-05-16;17
2020-05-15;"Prešovský kraj";0;0;0;0;NA;197757;0;2020-05-15;17
2020-05-14;"Prešovský kraj";0;0;0;0;NA;197757;0;2020-05-14;17
2020-05-13;"Prešovský kraj";1;0;0;0;NA;197757;1;2020-05-13;17
2020-05-12;"Prešovský kraj";0;0;0;0;NA;197757;0;2020-05-12;16
2020-05-11;"Prešovský kraj";1;0;0;0;NA;197757;1;2020-05-11;16
2020-05-09;"Prešovský kraj";0;0;0;0;NA;197757;0;2020-05-09;15
2020-05-07;"Prešovský kraj";0;0;0;0;NA;197757;0;2020-05-07;15
2020-05-06;"Prešovský kraj";0;0;0;0;NA;197757;0;2020-05-06;15
2020-05-05;"Prešovský kraj";1;0;0;0;NA;197757;1;2020-05-05;15
2020-05-04;"Prešovský kraj";0;0;0;0;NA;197757;0;2020-05-04;14
2020-05-03;"Prešovský kraj";0;0;0;0;NA;197757;0;2020-05-03;14
2020-05-02;"Prešovský kraj";0;0;0;0;NA;197757;0;2020-05-02;14
2020-05-01;"Prešovský kraj";2;0;0;0;NA;197757;2;2020-05-01;14
2020-04-30;"Prešovský kraj";0;0;0;0;NA;197757;0;2020-04-30;12
2020-04-29;"Prešovský kraj";1;0;0;0;NA;197757;1;2020-04-29;12
2020-04-28;"Prešovský kraj";1;0;0;0;NA;197757;1;2020-04-28;11
2020-04-27;"Prešovský kraj";2;0;0;0;NA;197757;2;2020-04-27;10
2020-04-26;"Prešovský kraj";0;0;0;0;NA;197757;0;2020-04-26;8
2020-04-25;"Prešovský kraj";0;0;0;0;NA;197757;0;2020-04-25;8
2020-04-24;"Prešovský kraj";0;0;0;0;NA;197757;0;2020-04-24;8
2020-04-23;"Prešovský kraj";2;0;0;0;NA;197757;2;2020-04-23;8
2020-04-22;"Prešovský kraj";11;0;0;0;NA;197757;11;2020-04-22;6
2020-04-21;"Prešovský kraj";12;0;0;0;NA;197757;12;2020-04-21;-5
2020-04-20;"Prešovský kraj";2;0;0;0;NA;197757;2;2020-04-20;-17
2020-04-19;"Prešovský kraj";4;0;0;0;NA;197757;4;2020-04-19;-19
2020-04-18;"Prešovský kraj";1;0;0;0;NA;197757;1;2020-04-18;-23
2020-04-17;"Prešovský kraj";4;0;0;0;NA;197757;4;2020-04-17;-24
2020-04-16;"Prešovský kraj";9;0;0;0;NA;197757;9;2020-04-16;-28
2020-04-15;"Prešovský kraj";21;0;0;0;NA;197757;21;2020-04-15;-37
2020-04-14;"Prešovský kraj";1;0;0;0;NA;197757;1;2020-04-14;-58
2020-04-13;"Prešovský kraj";2;0;0;0;NA;197757;2;2020-04-13;-59
2020-04-12;"Prešovský kraj";6;0;0;0;NA;197757;6;2020-04-12;-61
2020-04-11;"Prešovský kraj";4;0;0;0;NA;197757;4;2020-04-11;-67
2020-04-10;"Prešovský kraj";0;0;0;0;NA;197757;0;2020-04-10;-71
2020-04-09;"Prešovský kraj";1;0;0;0;NA;197757;1;2020-04-09;-71
2020-04-08;"Prešovský kraj";0;0;0;0;NA;197757;0;2020-04-08;-72
2020-04-07;"Prešovský kraj";7;0;0;0;NA;197757;7;2020-04-07;-72
2020-04-06;"Prešovský kraj";10;0;0;0;NA;197757;10;2020-04-06;-79
2020-04-05;"Prešovský kraj";13;0;0;0;NA;197757;13;2020-04-05;-89
2020-04-04;"Prešovský kraj";1;0;0;0;NA;197757;1;2020-04-04;-102
2020-04-03;"Prešovský kraj";4;0;0;0;NA;197757;4;2020-04-03;-103
2020-04-02;"Prešovský kraj";6;0;0;0;NA;197757;6;2020-04-02;-107
2020-04-01;"Prešovský kraj";6;0;0;0;NA;197757;6;2020-04-01;-113
2020-03-31;"Prešovský kraj";6;0;0;0;NA;197757;6;2020-03-31;-119
2020-03-30;"Prešovský kraj";2;0;0;0;NA;197757;2;2020-03-30;-125
2020-03-29;"Prešovský kraj";2;0;0;0;NA;197757;2;2020-03-29;-127
2020-03-28;"Prešovský kraj";2;0;0;0;NA;197757;2;2020-03-28;-129
2020-03-27;"Prešovský kraj";1;0;0;0;NA;197757;1;2020-03-27;-131
2020-03-26;"Prešovský kraj";8;0;0;0;NA;197757;8;2020-03-26;-132
2020-03-25;"Prešovský kraj";1;0;0;0;NA;197757;1;2020-03-25;-140
2020-03-24;"Prešovský kraj";4;0;0;0;NA;197757;4;2020-03-24;-141
2020-03-23;"Prešovský kraj";0;0;0;0;NA;197757;0;2020-03-23;-145
2020-03-22;"Prešovský kraj";1;0;0;0;NA;197757;1;2020-03-22;-145
2020-03-21;"Prešovský kraj";2;0;0;0;NA;197757;2;2020-03-21;-146
2020-03-20;"Prešovský kraj";3;0;0;0;NA;197757;3;2020-03-20;-148
2020-03-19;"Prešovský kraj";2;0;0;0;NA;197757;2;2020-03-19;-151
2020-03-18;"Prešovský kraj";1;0;0;0;NA;197757;1;2020-03-18;-153
2020-03-17;"Prešovský kraj";1;0;0;0;NA;197757;1;2020-03-17;-154
2020-03-16;"Prešovský kraj";4;0;0;0;NA;197757;4;2020-03-16;-155
2020-03-15;"Prešovský kraj";0;0;0;0;NA;197757;0;2020-03-15;-159
2020-03-14;"Prešovský kraj";1;0;0;0;NA;197757;1;2020-03-14;-159
2020-03-13;"Prešovský kraj";0;0;0;0;NA;197757;0;2020-03-13;-160
2020-03-12;"Prešovský kraj";0;0;0;0;NA;197757;0;2020-03-12;-160
2020-03-11;"Prešovský kraj";0;0;0;0;NA;197757;0;2020-03-11;-160
2020-03-09;"Prešovský kraj";0;0;0;0;NA;197757;0;2020-03-09;-160
2020-03-08;"Prešovský kraj";0;0;0;0;NA;197757;0;2020-03-08;-160
2020-03-07;"Prešovský kraj";0;0;0;0;NA;197757;0;2020-03-07;-160
2020-03-06;"Prešovský kraj";0;0;0;0;NA;197757;0;2020-03-06;-160
2021-12-12;"Trenčiansky kraj";306;2421;103;2524;96055;158942;409;2021-12-12;158942
2021-12-11;"Trenčiansky kraj";706;1673;108;1781;NA;158942;814;2021-12-11;158533
2021-12-10;"Trenčiansky kraj";789;3162;166;3328;NA;158942;955;2021-12-10;157719
2021-12-09;"Trenčiansky kraj";967;3804;196;4000;NA;158942;1163;2021-12-09;156764
2021-12-08;"Trenčiansky kraj";1020;4093;195;4288;NA;158942;1215;2021-12-08;155601
2021-12-07;"Trenčiansky kraj";1241;6177;209;6386;NA;158942;1450;2021-12-07;154386
2021-12-06;"Trenčiansky kraj";751;8452;414;8866;NA;158942;1165;2021-12-06;152936
2021-12-05;"Trenčiansky kraj";510;3495;209;3704;NA;158942;719;2021-12-05;151771
2021-12-04;"Trenčiansky kraj";1058;2022;153;2175;NA;158942;1211;2021-12-04;151052
2021-12-03;"Trenčiansky kraj";1272;4371;301;4672;NA;158942;1573;2021-12-03;149841
2021-12-02;"Trenčiansky kraj";2007;4058;261;4319;NA;158942;2268;2021-12-02;148268
2021-12-01;"Trenčiansky kraj";1000;4908;292;5200;NA;158942;1292;2021-12-01;146000
2021-11-30;"Trenčiansky kraj";1086;4671;326;4997;NA;158942;1412;2021-11-30;144708
2021-11-29;"Trenčiansky kraj";1165;10045;530;10575;NA;158942;1695;2021-11-29;143296
2021-11-28;"Trenčiansky kraj";664;5427;301;5728;NA;158942;965;2021-11-28;141601
2021-11-27;"Trenčiansky kraj";1080;2752;300;3052;NA;158942;1380;2021-11-27;140636
2021-11-26;"Trenčiansky kraj";1238;4481;343;4824;NA;158942;1581;2021-11-26;139256
2021-11-25;"Trenčiansky kraj";1018;3563;342;3905;NA;158942;1360;2021-11-25;137675
2021-11-24;"Trenčiansky kraj";1362;5558;465;6023;NA;158942;1827;2021-11-24;136315
2021-11-23;"Trenčiansky kraj";1140;3717;347;4064;NA;158942;1487;2021-11-23;134488
2021-11-22;"Trenčiansky kraj";920;6467;566;7033;NA;158942;1486;2021-11-22;133001
2021-11-21;"Trenčiansky kraj";413;3234;377;3611;NA;158942;790;2021-11-21;131515
2021-11-20;"Trenčiansky kraj";914;2378;341;2719;NA;158942;1255;2021-11-20;130725
2021-11-19;"Trenčiansky kraj";1261;3785;445;4230;NA;158942;1706;2021-11-19;129470
2021-11-18;"Trenčiansky kraj";810;5021;524;5545;NA;158942;1334;2021-11-18;127764
2021-11-17;"Trenčiansky kraj";796;1852;237;2089;NA;158942;1033;2021-11-17;126430
2021-11-16;"Trenčiansky kraj";859;4060;401;4461;NA;158942;1260;2021-11-16;125397
2021-11-15;"Trenčiansky kraj";720;5114;550;5664;NA;158942;1270;2021-11-15;124137
2021-11-14;"Trenčiansky kraj";447;2462;343;2805;NA;158942;790;2021-11-14;122867
2021-11-13;"Trenčiansky kraj";478;1879;254;2133;NA;158942;732;2021-11-13;122077
2021-11-12;"Trenčiansky kraj";784;3855;338;4193;NA;158942;1122;2021-11-12;121345
2021-11-11;"Trenčiansky kraj";805;3561;345;3906;NA;158942;1150;2021-11-11;120223
2021-11-10;"Trenčiansky kraj";647;3358;279;3637;NA;158942;926;2021-11-10;119073
2021-11-09;"Trenčiansky kraj";752;2886;304;3190;NA;158942;1056;2021-11-09;118147
2021-11-08;"Trenčiansky kraj";489;4643;348;4991;NA;158942;837;2021-11-08;117091
2021-11-07;"Trenčiansky kraj";405;2043;220;2263;NA;158942;625;2021-11-07;116254
2021-11-06;"Trenčiansky kraj";542;1755;176;1931;NA;158942;718;2021-11-06;115629
2021-11-05;"Trenčiansky kraj";677;3083;238;3321;NA;158942;915;2021-11-05;114911
2021-11-04;"Trenčiansky kraj";563;2713;229;2942;NA;158942;792;2021-11-04;113996
2021-11-03;"Trenčiansky kraj";619;2955;222;3177;NA;158942;841;2021-11-03;113204
2021-11-02;"Trenčiansky kraj";663;3808;309;4117;NA;158942;972;2021-11-02;112363
2021-11-01;"Trenčiansky kraj";219;1029;101;1130;NA;158942;320;2021-11-01;111391
2021-10-31;"Trenčiansky kraj";151;1462;152;1614;NA;158942;303;2021-10-31;111071
2021-10-30;"Trenčiansky kraj";345;1770;130;1900;NA;158942;475;2021-10-30;110768
2021-10-29;"Trenčiansky kraj";415;2860;129;2989;NA;158942;544;2021-10-29;110293
2021-10-28;"Trenčiansky kraj";429;2653;157;2810;NA;158942;586;2021-10-28;109749
2021-10-27;"Trenčiansky kraj";463;2612;93;2705;NA;158942;556;2021-10-27;109163
2021-10-26;"Trenčiansky kraj";419;2635;133;2768;NA;158942;552;2021-10-26;108607
2021-10-25;"Trenčiansky kraj";192;3370;130;3500;NA;158942;322;2021-10-25;108055
2021-10-24;"Trenčiansky kraj";121;1643;79;1722;NA;158942;200;2021-10-24;107733
2021-10-23;"Trenčiansky kraj";326;1737;64;1801;NA;158942;390;2021-10-23;107533
2021-10-22;"Trenčiansky kraj";358;2694;78;2772;NA;158942;436;2021-10-22;107143
2021-10-21;"Trenčiansky kraj";247;2343;74;2417;NA;158942;321;2021-10-21;106707
2021-10-20;"Trenčiansky kraj";302;2101;70;2171;NA;158942;372;2021-10-20;106386
2021-10-19;"Trenčiansky kraj";227;2847;59;2906;NA;158942;286;2021-10-19;106014
2021-10-18;"Trenčiansky kraj";143;2453;71;2524;NA;158942;214;2021-10-18;105728
2021-10-17;"Trenčiansky kraj";46;1457;31;1488;NA;158942;77;2021-10-17;105514
2021-10-16;"Trenčiansky kraj";76;1671;35;1706;NA;158942;111;2021-10-16;105437
2021-10-15;"Trenčiansky kraj";126;2925;50;2975;NA;158942;176;2021-10-15;105326
2021-10-14;"Trenčiansky kraj";103;1717;27;1744;NA;158942;130;2021-10-14;105150
2021-10-13;"Trenčiansky kraj";171;2656;28;2684;NA;158942;199;2021-10-13;105020
2021-10-12;"Trenčiansky kraj";114;2350;32;2382;NA;158942;146;2021-10-12;104821
2021-10-11;"Trenčiansky kraj";109;2541;48;2589;NA;158942;157;2021-10-11;104675
2021-10-10;"Trenčiansky kraj";17;1487;23;1510;NA;158942;40;2021-10-10;104518
2021-10-09;"Trenčiansky kraj";157;1809;16;1825;NA;158942;173;2021-10-09;104478
2021-10-08;"Trenčiansky kraj";82;3087;37;3124;NA;158942;119;2021-10-08;104305
2021-10-07;"Trenčiansky kraj";107;2039;30;2069;NA;158942;137;2021-10-07;104186
2021-10-06;"Trenčiansky kraj";193;2289;36;2325;NA;158942;229;2021-10-06;104049
2021-10-05;"Trenčiansky kraj";119;2229;40;2269;NA;158942;159;2021-10-05;103820
2021-10-04;"Trenčiansky kraj";105;2769;52;2821;NA;158942;157;2021-10-04;103661
2021-10-03;"Trenčiansky kraj";30;1558;27;1585;NA;158942;57;2021-10-03;103504
2021-10-02;"Trenčiansky kraj";107;1794;35;1829;NA;158942;142;2021-10-02;103447
2021-10-01;"Trenčiansky kraj";119;2690;37;2727;NA;158942;156;2021-10-01;103305
2021-09-30;"Trenčiansky kraj";74;2327;50;2377;NA;158942;124;2021-09-30;103149
2021-09-29;"Trenčiansky kraj";170;2150;30;2180;NA;158942;200;2021-09-29;103025
2021-09-28;"Trenčiansky kraj";95;2267;31;2298;NA;158942;126;2021-09-28;102825
2021-09-27;"Trenčiansky kraj";56;2813;57;2870;NA;158942;113;2021-09-27;102699
2021-09-26;"Trenčiansky kraj";20;1675;33;1708;NA;158942;53;2021-09-26;102586
2021-09-25;"Trenčiansky kraj";76;1674;21;1695;NA;158942;97;2021-09-25;102533
2021-09-24;"Trenčiansky kraj";104;3220;35;3255;NA;158942;139;2021-09-24;102436
2021-09-23;"Trenčiansky kraj";91;2251;27;2278;NA;158942;118;2021-09-23;102297
2021-09-22;"Trenčiansky kraj";90;2146;24;2170;NA;158942;114;2021-09-22;102179
2021-09-21;"Trenčiansky kraj";79;2307;29;2336;NA;158942;108;2021-09-21;102065
2021-09-20;"Trenčiansky kraj";78;2612;37;2649;NA;158942;115;2021-09-20;101957
2021-09-19;"Trenčiansky kraj";11;1571;20;1591;NA;158942;31;2021-09-19;101842
2021-09-18;"Trenčiansky kraj";53;2099;14;2113;NA;158942;67;2021-09-18;101811
2021-09-17;"Trenčiansky kraj";55;3143;26;3169;NA;158942;81;2021-09-17;101744
2021-09-16;"Trenčiansky kraj";52;2160;20;2180;NA;158942;72;2021-09-16;101663
2021-09-15;"Trenčiansky kraj";63;1043;7;1050;NA;158942;70;2021-09-15;101591
2021-09-14;"Trenčiansky kraj";67;2449;25;2474;NA;158942;92;2021-09-14;101521
2021-09-13;"Trenčiansky kraj";33;2271;35;2306;NA;158942;68;2021-09-13;101429
2021-09-12;"Trenčiansky kraj";3;1411;11;1422;NA;158942;14;2021-09-12;101361
2021-09-11;"Trenčiansky kraj";55;1729;6;1735;NA;158942;61;2021-09-11;101347
2021-09-10;"Trenčiansky kraj";49;2246;15;2261;NA;158942;64;2021-09-10;101286
2021-09-09;"Trenčiansky kraj";24;1684;30;1714;NA;158942;54;2021-09-09;101222
2021-09-08;"Trenčiansky kraj";54;1770;15;1785;NA;158942;69;2021-09-08;101168
2021-09-07;"Trenčiansky kraj";43;1393;18;1411;NA;158942;61;2021-09-07;101099
2021-09-06;"Trenčiansky kraj";47;1398;15;1413;NA;158942;62;2021-09-06;101038
2021-09-05;"Trenčiansky kraj";2;966;23;989;NA;158942;25;2021-09-05;100976
2021-09-04;"Trenčiansky kraj";41;925;4;929;NA;158942;45;2021-09-04;100951
2021-09-03;"Trenčiansky kraj";53;1421;15;1436;NA;158942;68;2021-09-03;100906
2021-09-02;"Trenčiansky kraj";7;999;14;1013;NA;158942;21;2021-09-02;100838
2021-09-01;"Trenčiansky kraj";27;431;8;439;NA;158942;35;2021-09-01;100817
2021-08-31;"Trenčiansky kraj";21;1146;15;1161;NA;158942;36;2021-08-31;100782
2021-08-30;"Trenčiansky kraj";32;1166;10;1176;NA;158942;42;2021-08-30;100746
2021-08-29;"Trenčiansky kraj";1;482;11;493;NA;158942;12;2021-08-29;100704
2021-08-28;"Trenčiansky kraj";9;976;10;986;NA;158942;19;2021-08-28;100692
2021-08-27;"Trenčiansky kraj";21;1599;1;1600;NA;158942;22;2021-08-27;100673
2021-08-26;"Trenčiansky kraj";8;992;6;998;NA;158942;14;2021-08-26;100651
2021-08-25;"Trenčiansky kraj";40;875;7;882;NA;158942;47;2021-08-25;100637
2021-08-24;"Trenčiansky kraj";4;822;4;826;NA;158942;8;2021-08-24;100590
2021-08-23;"Trenčiansky kraj";6;1165;17;1182;NA;158942;23;2021-08-23;100582
2021-08-22;"Trenčiansky kraj";0;726;10;736;NA;158942;10;2021-08-22;100559
2021-08-21;"Trenčiansky kraj";5;964;7;971;NA;158942;12;2021-08-21;100549
2021-08-20;"Trenčiansky kraj";15;1537;2;1539;NA;158942;17;2021-08-20;100537
2021-08-19;"Trenčiansky kraj";2;985;2;987;NA;158942;4;2021-08-19;100520
2021-08-18;"Trenčiansky kraj";6;814;7;821;NA;158942;13;2021-08-18;100516
2021-08-17;"Trenčiansky kraj";9;633;1;634;NA;158942;10;2021-08-17;100503
2021-08-16;"Trenčiansky kraj";5;925;3;928;NA;158942;8;2021-08-16;100493
2021-08-15;"Trenčiansky kraj";0;558;1;559;NA;158942;1;2021-08-15;100485
2021-08-14;"Trenčiansky kraj";12;574;6;580;NA;158942;18;2021-08-14;100484
2021-08-13;"Trenčiansky kraj";2;933;0;933;NA;158942;2;2021-08-13;100466
2021-08-12;"Trenčiansky kraj";2;564;3;567;NA;158942;5;2021-08-12;100464
2021-08-11;"Trenčiansky kraj";1;680;0;680;NA;158942;1;2021-08-11;100459
2021-08-10;"Trenčiansky kraj";8;530;1;531;NA;158942;9;2021-08-10;100458
2021-08-09;"Trenčiansky kraj";8;694;1;695;NA;158942;9;2021-08-09;100449
2021-08-08;"Trenčiansky kraj";0;468;0;468;NA;158942;0;2021-08-08;100440
2021-08-07;"Trenčiansky kraj";3;464;0;464;NA;158942;3;2021-08-07;100440
2021-08-06;"Trenčiansky kraj";3;955;1;956;NA;158942;4;2021-08-06;100437
2021-08-05;"Trenčiansky kraj";3;579;1;580;NA;158942;4;2021-08-05;100433
2021-08-04;"Trenčiansky kraj";14;546;3;549;NA;158942;17;2021-08-04;100429
2021-08-03;"Trenčiansky kraj";9;508;5;513;NA;158942;14;2021-08-03;100412
2021-08-02;"Trenčiansky kraj";1;807;2;809;NA;158942;3;2021-08-02;100398
2021-08-01;"Trenčiansky kraj";0;458;1;459;NA;158942;1;2021-08-01;100395
2021-07-31;"Trenčiansky kraj";4;525;2;527;NA;158942;6;2021-07-31;100394
2021-07-30;"Trenčiansky kraj";2;1069;0;1069;NA;158942;2;2021-07-30;100388
2021-07-29;"Trenčiansky kraj";5;708;0;708;NA;158942;5;2021-07-29;100386
2021-07-28;"Trenčiansky kraj";3;517;2;519;NA;158942;5;2021-07-28;100381
2021-07-27;"Trenčiansky kraj";6;551;1;552;NA;158942;7;2021-07-27;100376
2021-07-26;"Trenčiansky kraj";7;772;1;773;NA;158942;8;2021-07-26;100369
2021-07-25;"Trenčiansky kraj";0;487;2;489;NA;158942;2;2021-07-25;100361
2021-07-24;"Trenčiansky kraj";3;643;1;644;NA;158942;4;2021-07-24;100359
2021-07-23;"Trenčiansky kraj";3;1151;0;1151;NA;158942;3;2021-07-23;100355
2021-07-22;"Trenčiansky kraj";2;844;2;846;NA;158942;4;2021-07-22;100352
2021-07-21;"Trenčiansky kraj";8;661;2;663;NA;158942;10;2021-07-21;100348
2021-07-20;"Trenčiansky kraj";4;525;1;526;NA;158942;5;2021-07-20;100338
2021-07-19;"Trenčiansky kraj";0;866;4;870;NA;158942;4;2021-07-19;100333
2021-07-18;"Trenčiansky kraj";0;526;0;526;NA;158942;0;2021-07-18;100329
2021-07-17;"Trenčiansky kraj";3;673;0;673;NA;158942;3;2021-07-17;100329
2021-07-16;"Trenčiansky kraj";4;1122;0;1122;NA;158942;4;2021-07-16;100326
2021-07-15;"Trenčiansky kraj";2;824;0;824;NA;158942;2;2021-07-15;100322
2021-07-14;"Trenčiansky kraj";8;645;0;645;NA;158942;8;2021-07-14;100320
2021-07-13;"Trenčiansky kraj";1;520;3;523;NA;158942;4;2021-07-13;100312
2021-07-12;"Trenčiansky kraj";9;820;2;822;NA;158942;11;2021-07-12;100308
2021-07-11;"Trenčiansky kraj";0;611;2;613;NA;158942;2;2021-07-11;100297
2021-07-10;"Trenčiansky kraj";2;535;0;535;NA;158942;2;2021-07-10;100295
2021-07-09;"Trenčiansky kraj";7;1379;0;1379;NA;158942;7;2021-07-09;100293
2021-07-08;"Trenčiansky kraj";2;815;1;816;NA;158942;3;2021-07-08;100286
2021-07-07;"Trenčiansky kraj";2;928;0;928;NA;158942;2;2021-07-07;100283
2021-07-06;"Trenčiansky kraj";4;1041;1;1042;NA;158942;5;2021-07-06;100281
2021-07-05;"Trenčiansky kraj";1;508;0;508;NA;158942;1;2021-07-05;100276
2021-07-04;"Trenčiansky kraj";0;612;1;613;NA;158942;1;2021-07-04;100275
2021-07-03;"Trenčiansky kraj";3;815;1;816;NA;158942;4;2021-07-03;100274
2021-07-02;"Trenčiansky kraj";5;1583;2;1585;NA;158942;7;2021-07-02;100270
2021-07-01;"Trenčiansky kraj";4;1152;1;1153;NA;158942;5;2021-07-01;100263
2021-06-30;"Trenčiansky kraj";2;7021;6;7027;NA;158942;8;2021-06-30;100258
2021-06-29;"Trenčiansky kraj";4;2773;5;2778;NA;158942;9;2021-06-29;100250
2021-06-28;"Trenčiansky kraj";5;3644;4;3648;NA;158942;9;2021-06-28;100241
2021-06-27;"Trenčiansky kraj";0;2861;1;2862;NA;158942;1;2021-06-27;100232
2021-06-26;"Trenčiansky kraj";1;3547;4;3551;NA;158942;5;2021-06-26;100231
2021-06-25;"Trenčiansky kraj";2;4626;1;4627;NA;158942;3;2021-06-25;100226
2021-06-24;"Trenčiansky kraj";3;3320;4;3324;NA;158942;7;2021-06-24;100223
2021-06-23;"Trenčiansky kraj";4;2808;2;2810;NA;158942;6;2021-06-23;100216
2021-06-22;"Trenčiansky kraj";7;3137;4;3141;NA;158942;11;2021-06-22;100210
2021-06-21;"Trenčiansky kraj";10;3891;4;3895;NA;158942;14;2021-06-21;100199
2021-06-20;"Trenčiansky kraj";0;3579;5;3584;NA;158942;5;2021-06-20;100185
2021-06-19;"Trenčiansky kraj";5;4528;1;4529;NA;158942;6;2021-06-19;100180
2021-06-18;"Trenčiansky kraj";7;6725;7;6732;NA;158942;14;2021-06-18;100174
2021-06-17;"Trenčiansky kraj";0;3469;6;3475;NA;158942;6;2021-06-17;100160
2021-06-16;"Trenčiansky kraj";4;3183;3;3186;NA;158942;7;2021-06-16;100154
2021-06-15;"Trenčiansky kraj";10;3697;2;3699;NA;158942;12;2021-06-15;100147
2021-06-14;"Trenčiansky kraj";10;4805;15;4820;NA;158942;25;2021-06-14;100135
2021-06-13;"Trenčiansky kraj";0;4643;4;4647;NA;158942;4;2021-06-13;100110
2021-06-12;"Trenčiansky kraj";4;5260;8;5268;NA;158942;12;2021-06-12;100106
2021-06-11;"Trenčiansky kraj";10;7365;11;7376;NA;158942;21;2021-06-11;100094
2021-06-10;"Trenčiansky kraj";5;4345;7;4352;NA;158942;12;2021-06-10;100073
2021-06-09;"Trenčiansky kraj";7;3693;7;3700;NA;158942;14;2021-06-09;100061
2021-06-08;"Trenčiansky kraj";21;3965;7;3972;NA;158942;28;2021-06-08;100047
2021-06-07;"Trenčiansky kraj";13;5560;10;5570;NA;158942;23;2021-06-07;100019
2021-06-06;"Trenčiansky kraj";0;5500;10;5510;NA;158942;10;2021-06-06;99996
2021-06-05;"Trenčiansky kraj";7;6511;5;6516;NA;158942;12;2021-06-05;99986
2021-06-04;"Trenčiansky kraj";16;7653;3;7656;NA;158942;19;2021-06-04;99974
2021-06-03;"Trenčiansky kraj";9;4485;10;4495;NA;158942;19;2021-06-03;99955
2021-06-02;"Trenčiansky kraj";28;4329;8;4337;NA;158942;36;2021-06-02;99936
2021-06-01;"Trenčiansky kraj";22;5396;18;5414;NA;158942;40;2021-06-01;99900
2021-05-31;"Trenčiansky kraj";30;6117;24;6141;NA;158942;54;2021-05-31;99860
2021-05-30;"Trenčiansky kraj";0;8258;16;8274;NA;158942;16;2021-05-30;99806
2021-05-29;"Trenčiansky kraj";13;7915;14;7929;NA;158942;27;2021-05-29;99790
2021-05-28;"Trenčiansky kraj";22;8995;25;9020;NA;158942;47;2021-05-28;99763
2021-05-27;"Trenčiansky kraj";6;5205;12;5217;NA;158942;18;2021-05-27;99716
2021-05-26;"Trenčiansky kraj";26;5069;15;5084;NA;158942;41;2021-05-26;99698
2021-05-25;"Trenčiansky kraj";18;6168;24;6192;NA;158942;42;2021-05-25;99657
2021-05-24;"Trenčiansky kraj";19;9292;37;9329;NA;158942;56;2021-05-24;99615
2021-05-23;"Trenčiansky kraj";0;9083;26;9109;NA;158942;26;2021-05-23;99559
2021-05-22;"Trenčiansky kraj";11;11314;21;11335;NA;158942;32;2021-05-22;99533
2021-05-21;"Trenčiansky kraj";23;11572;26;11598;NA;158942;49;2021-05-21;99501
2021-05-20;"Trenčiansky kraj";23;6320;25;6345;NA;158942;48;2021-05-20;99452
2021-05-19;"Trenčiansky kraj";16;5694;32;5726;NA;158942;48;2021-05-19;99404
2021-05-18;"Trenčiansky kraj";26;7779;28;7807;NA;158942;54;2021-05-18;99356
2021-05-17;"Trenčiansky kraj";37;7671;43;7714;NA;158942;80;2021-05-17;99302
2021-05-16;"Trenčiansky kraj";25;15615;41;15656;NA;158942;66;2021-05-16;99222
2021-05-15;"Trenčiansky kraj";3;21237;32;21269;NA;158942;35;2021-05-15;99156
2021-05-14;"Trenčiansky kraj";41;18676;42;18718;NA;158942;83;2021-05-14;99121
2021-05-13;"Trenčiansky kraj";41;8195;24;8219;NA;158942;65;2021-05-13;99038
2021-05-12;"Trenčiansky kraj";41;7409;31;7440;NA;158942;72;2021-05-12;98973
2021-05-11;"Trenčiansky kraj";66;10507;32;10539;NA;158942;98;2021-05-11;98901
2021-05-10;"Trenčiansky kraj";48;12989;55;13044;NA;158942;103;2021-05-10;98803
2021-05-09;"Trenčiansky kraj";52;17737;39;17776;NA;158942;91;2021-05-09;98700
2021-05-08;"Trenčiansky kraj";3;23822;33;23855;NA;158942;36;2021-05-08;98609
2021-05-07;"Trenčiansky kraj";45;23549;56;23605;NA;158942;101;2021-05-07;98573
2021-05-06;"Trenčiansky kraj";26;10771;44;10815;NA;158942;70;2021-05-06;98472
2021-05-05;"Trenčiansky kraj";73;9377;41;9418;NA;158942;114;2021-05-05;98402
2021-05-04;"Trenčiansky kraj";55;12733;53;12786;NA;158942;108;2021-05-04;98288
2021-05-03;"Trenčiansky kraj";60;15331;51;15382;NA;158942;111;2021-05-03;98180
2021-05-02;"Trenčiansky kraj";0;31163;65;31228;NA;158942;65;2021-05-02;98069
2021-05-01;"Trenčiansky kraj";71;56982;60;57042;NA;158942;131;2021-05-01;98004
2021-04-30;"Trenčiansky kraj";77;29427;61;29488;NA;158942;138;2021-04-30;97873
2021-04-29;"Trenčiansky kraj";49;13198;59;13257;NA;158942;108;2021-04-29;97735
2021-04-28;"Trenčiansky kraj";79;12537;52;12589;NA;158942;131;2021-04-28;97627
2021-04-27;"Trenčiansky kraj";107;15527;40;15567;NA;158942;147;2021-04-27;97496
2021-04-26;"Trenčiansky kraj";52;21070;63;21133;NA;158942;115;2021-04-26;97349
2021-04-25;"Trenčiansky kraj";0;34560;48;34608;NA;158942;48;2021-04-25;97234
2021-04-24;"Trenčiansky kraj";76;72398;100;72498;NA;158942;176;2021-04-24;97186
2021-04-23;"Trenčiansky kraj";143;29959;79;30038;NA;158942;222;2021-04-23;97010
2021-04-22;"Trenčiansky kraj";71;13847;64;13911;NA;158942;135;2021-04-22;96788
2021-04-21;"Trenčiansky kraj";79;13000;67;13067;NA;158942;146;2021-04-21;96653
2021-04-20;"Trenčiansky kraj";142;17740;80;17820;NA;158942;222;2021-04-20;96507
2021-04-19;"Trenčiansky kraj";102;22631;103;22734;NA;158942;205;2021-04-19;96285
2021-04-18;"Trenčiansky kraj";3;40879;97;40976;NA;158942;100;2021-04-18;96080
2021-04-17;"Trenčiansky kraj";77;81498;136;81634;NA;158942;213;2021-04-17;95980
2021-04-16;"Trenčiansky kraj";100;31961;90;32051;NA;158942;190;2021-04-16;95767
2021-04-15;"Trenčiansky kraj";71;14479;69;14548;NA;158942;140;2021-04-15;95577
2021-04-14;"Trenčiansky kraj";135;15574;72;15646;NA;158942;207;2021-04-14;95437
2021-04-13;"Trenčiansky kraj";189;18721;75;18796;NA;158942;264;2021-04-13;95230
2021-04-12;"Trenčiansky kraj";97;23743;91;23834;NA;158942;188;2021-04-12;94966
2021-04-11;"Trenčiansky kraj";1;34735;75;34810;NA;158942;76;2021-04-11;94778
2021-04-10;"Trenčiansky kraj";81;83093;145;83238;NA;158942;226;2021-04-10;94702
2021-04-09;"Trenčiansky kraj";120;28014;91;28105;NA;158942;211;2021-04-09;94476
2021-04-08;"Trenčiansky kraj";112;13283;85;13368;NA;158942;197;2021-04-08;94265
2021-04-07;"Trenčiansky kraj";204;17688;123;17811;NA;158942;327;2021-04-07;94068
2021-04-06;"Trenčiansky kraj";157;28567;178;28745;NA;158942;335;2021-04-06;93741
2021-04-05;"Trenčiansky kraj";15;9227;64;9291;NA;158942;79;2021-04-05;93406
2021-04-04;"Trenčiansky kraj";2;20291;85;20376;NA;158942;87;2021-04-04;93327
2021-04-03;"Trenčiansky kraj";86;80473;221;80694;NA;158942;307;2021-04-03;93240
2021-04-02;"Trenčiansky kraj";126;21620;81;21701;NA;158942;207;2021-04-02;92933
2021-04-01;"Trenčiansky kraj";159;32376;139;32515;NA;158942;298;2021-04-01;92726
2021-03-31;"Trenčiansky kraj";198;20100;130;20230;NA;158942;328;2021-03-31;92428
2021-03-30;"Trenčiansky kraj";272;17305;136;17441;NA;158942;408;2021-03-30;92100
2021-03-29;"Trenčiansky kraj";142;19479;170;19649;NA;158942;312;2021-03-29;91692
2021-03-28;"Trenčiansky kraj";3;34759;116;34875;NA;158942;119;2021-03-28;91380
2021-03-27;"Trenčiansky kraj";130;77314;293;77607;NA;158942;423;2021-03-27;91261
2021-03-26;"Trenčiansky kraj";211;35095;157;35252;NA;158942;368;2021-03-26;90838
2021-03-25;"Trenčiansky kraj";184;16580;176;16756;NA;158942;360;2021-03-25;90470
2021-03-24;"Trenčiansky kraj";259;13102;171;13273;NA;158942;430;2021-03-24;90110
2021-03-23;"Trenčiansky kraj";349;17589;174;17763;NA;158942;523;2021-03-23;89680
2021-03-22;"Trenčiansky kraj";141;21116;213;21329;NA;158942;354;2021-03-22;89157
2021-03-21;"Trenčiansky kraj";85;32711;164;32875;NA;158942;249;2021-03-21;88803
2021-03-20;"Trenčiansky kraj";128;80035;322;80357;NA;158942;450;2021-03-20;88554
2021-03-19;"Trenčiansky kraj";231;34783;232;35015;NA;158942;463;2021-03-19;88104
2021-03-18;"Trenčiansky kraj";262;16105;178;16283;NA;158942;440;2021-03-18;87641
2021-03-17;"Trenčiansky kraj";366;13435;164;13599;NA;158942;530;2021-03-17;87201
2021-03-16;"Trenčiansky kraj";450;15282;241;15523;NA;158942;691;2021-03-16;86671
2021-03-15;"Trenčiansky kraj";162;21235;261;21496;NA;158942;423;2021-03-15;85980
2021-03-14;"Trenčiansky kraj";42;34416;238;34654;NA;158942;280;2021-03-14;85557
2021-03-13;"Trenčiansky kraj";270;79186;453;79639;NA;158942;723;2021-03-13;85277
2021-03-12;"Trenčiansky kraj";366;34795;307;35102;NA;158942;673;2021-03-12;84554
2021-03-11;"Trenčiansky kraj";302;15558;213;15771;NA;158942;515;2021-03-11;83881
2021-03-10;"Trenčiansky kraj";402;13585;237;13822;NA;158942;639;2021-03-10;83366
2021-03-09;"Trenčiansky kraj";586;17982;285;18267;NA;158942;871;2021-03-09;82727
2021-03-08;"Trenčiansky kraj";174;21704;363;22067;NA;158942;537;2021-03-08;81856
2021-03-07;"Trenčiansky kraj";4;33660;313;33973;NA;158942;317;2021-03-07;81319
2021-03-06;"Trenčiansky kraj";260;79661;529;80190;NA;158942;789;2021-03-06;81002
2021-03-05;"Trenčiansky kraj";326;32960;416;33376;NA;158942;742;2021-03-05;80213
2021-03-04;"Trenčiansky kraj";323;16821;317;17138;NA;158942;640;2021-03-04;79471
2021-03-03;"Trenčiansky kraj";413;13960;347;14307;NA;158942;760;2021-03-03;78831
2021-03-02;"Trenčiansky kraj";612;17794;344;18138;NA;158942;956;2021-03-02;78071
2021-03-01;"Trenčiansky kraj";217;21104;445;21549;NA;158942;662;2021-03-01;77115
2021-02-28;"Trenčiansky kraj";45;30238;376;30614;NA;158942;421;2021-02-28;76453
2021-02-27;"Trenčiansky kraj";277;78735;686;79421;NA;158942;963;2021-02-27;76032
2021-02-26;"Trenčiansky kraj";420;32944;435;33379;NA;158942;855;2021-02-26;75069
2021-02-25;"Trenčiansky kraj";424;14029;328;14357;NA;158942;752;2021-02-25;74214
2021-02-24;"Trenčiansky kraj";427;11997;398;12395;NA;158942;825;2021-02-24;73462
2021-02-23;"Trenčiansky kraj";577;14904;390;15294;NA;158942;967;2021-02-23;72637
2021-02-22;"Trenčiansky kraj";160;19969;468;20437;NA;158942;628;2021-02-22;71670
2021-02-21;"Trenčiansky kraj";64;29478;392;29870;NA;158942;456;2021-02-21;71042
2021-02-20;"Trenčiansky kraj";274;77840;745;78585;NA;158942;1019;2021-02-20;70586
2021-02-19;"Trenčiansky kraj";272;30266;523;30789;NA;158942;795;2021-02-19;69567
2021-02-18;"Trenčiansky kraj";355;14094;403;14497;NA;158942;758;2021-02-18;68772
2021-02-17;"Trenčiansky kraj";363;11413;377;11790;NA;158942;740;2021-02-17;68014
2021-02-16;"Trenčiansky kraj";488;17761;406;18167;NA;158942;894;2021-02-16;67274
2021-02-15;"Trenčiansky kraj";151;21846;463;22309;NA;158942;614;2021-02-15;66380
2021-02-14;"Trenčiansky kraj";2;31255;324;31579;NA;158942;326;2021-02-14;65766
2021-02-13;"Trenčiansky kraj";274;63006;522;63528;NA;158942;796;2021-02-13;65440
2021-02-12;"Trenčiansky kraj";276;27979;412;28391;NA;158942;688;2021-02-12;64644
2021-02-11;"Trenčiansky kraj";291;11567;323;11890;NA;158942;614;2021-02-11;63956
2021-02-10;"Trenčiansky kraj";304;11408;317;11725;NA;158942;621;2021-02-10;63342
2021-02-09;"Trenčiansky kraj";514;18412;360;18772;NA;158942;874;2021-02-09;62721
2021-02-08;"Trenčiansky kraj";182;26832;430;27262;NA;158942;612;2021-02-08;61847
2021-02-07;"Trenčiansky kraj";31;36781;341;37122;NA;158942;372;2021-02-07;61235
2021-02-06;"Trenčiansky kraj";216;63931;560;64491;NA;158942;776;2021-02-06;60863
2021-02-05;"Trenčiansky kraj";202;18164;367;18531;NA;158942;569;2021-02-05;60087
2021-02-04;"Trenčiansky kraj";266;7253;311;7564;NA;158942;577;2021-02-04;59518
2021-02-03;"Trenčiansky kraj";162;6723;320;7043;NA;158942;482;2021-02-03;58941
2021-02-02;"Trenčiansky kraj";347;8074;381;8455;NA;158942;728;2021-02-02;58459
2021-02-01;"Trenčiansky kraj";167;8921;311;9232;NA;158942;478;2021-02-01;57731
2021-01-31;"Trenčiansky kraj";7;19103;159;19262;NA;158942;166;2021-01-31;57253
2021-01-30;"Trenčiansky kraj";228;38167;332;38499;NA;158942;560;2021-01-30;57087
2021-01-29;"Trenčiansky kraj";214;7590;235;7825;NA;158942;449;2021-01-29;56527
2021-01-28;"Trenčiansky kraj";307;5442;158;5600;NA;158942;465;2021-01-28;56078
2021-01-27;"Trenčiansky kraj";166;4842;181;5023;NA;158942;347;2021-01-27;55613
2021-01-26;"Trenčiansky kraj";303;14589;250;14839;NA;158942;553;2021-01-26;55266
2021-01-25;"Trenčiansky kraj";160;24310;207;24517;NA;158942;367;2021-01-25;54713
2021-01-24;"Trenčiansky kraj";51;38369;282;38651;NA;158942;333;2021-01-24;54346
2021-01-23;"Trenčiansky kraj";206;114125;749;114874;NA;158942;955;2021-01-23;54013
2021-01-22;"Trenčiansky kraj";148;21831;241;22072;NA;158942;389;2021-01-22;53058
2021-01-21;"Trenčiansky kraj";143;8586;166;8752;NA;158942;309;2021-01-21;52669
2021-01-20;"Trenčiansky kraj";181;8189;227;8416;NA;158942;408;2021-01-20;52360
2021-01-19;"Trenčiansky kraj";363;6600;262;6862;NA;158942;625;2021-01-19;51952
2021-01-18;"Trenčiansky kraj";72;4970;321;5291;NA;158942;393;2021-01-18;51327
2021-01-17;"Trenčiansky kraj";124;156;11;167;NA;158942;135;2021-01-17;50934
2021-01-16;"Trenčiansky kraj";39;1288;53;1341;NA;158942;92;2021-01-16;50799
2021-01-15;"Trenčiansky kraj";264;4031;214;4245;NA;158942;478;2021-01-15;50707
2021-01-14;"Trenčiansky kraj";275;3193;189;3382;NA;158942;464;2021-01-14;50229
2021-01-13;"Trenčiansky kraj";222;3893;215;4108;NA;158942;437;2021-01-13;49765
2021-01-12;"Trenčiansky kraj";508;4604;261;4865;NA;158942;769;2021-01-12;49328
2021-01-11;"Trenčiansky kraj";142;4367;354;4721;NA;158942;496;2021-01-11;48559
2021-01-10;"Trenčiansky kraj";89;4969;77;5046;NA;158942;166;2021-01-10;48063
2021-01-09;"Trenčiansky kraj";276;8280;128;8408;NA;158942;404;2021-01-09;47897
2021-01-08;"Trenčiansky kraj";489;6435;484;6919;NA;158942;973;2021-01-08;47493
2021-01-07;"Trenčiansky kraj";420;6138;577;6715;NA;158942;997;2021-01-07;46520
2021-01-06;"Trenčiansky kraj";221;1021;64;1085;NA;158942;285;2021-01-06;45523
2021-01-05;"Trenčiansky kraj";669;5753;706;6459;NA;158942;1375;2021-01-05;45238
2021-01-04;"Trenčiansky kraj";337;5248;782;6030;NA;158942;1119;2021-01-04;43863
2021-01-03;"Trenčiansky kraj";38;114;15;129;NA;158942;53;2021-01-03;42744
2021-01-02;"Trenčiansky kraj";129;196;23;219;NA;158942;152;2021-01-02;42691
2021-01-01;"Trenčiansky kraj";329;347;23;370;NA;158942;352;2021-01-01;42539
2020-12-31;"Trenčiansky kraj";597;4943;557;5500;NA;158942;1154;2020-12-31;42187
2020-12-30;"Trenčiansky kraj";836;7012;762;7774;NA;158942;1598;2020-12-30;41033
2020-12-29;"Trenčiansky kraj";459;6121;1009;7130;NA;158942;1468;2020-12-29;39435
2020-12-28;"Trenčiansky kraj";258;4195;777;4972;NA;158942;1035;2020-12-28;37967
2020-12-27;"Trenčiansky kraj";5;208;36;244;NA;158942;41;2020-12-27;36932
2020-12-26;"Trenčiansky kraj";174;74;10;84;NA;158942;184;2020-12-26;36891
2020-12-25;"Trenčiansky kraj";251;325;47;372;NA;158942;298;2020-12-25;36707
2020-12-24;"Trenčiansky kraj";552;2194;256;2450;NA;158942;808;2020-12-24;36409
2020-12-23;"Trenčiansky kraj";421;6552;661;7213;NA;158942;1082;2020-12-23;35601
2020-12-22;"Trenčiansky kraj";673;5760;694;6454;NA;158942;1367;2020-12-22;34519
2020-12-21;"Trenčiansky kraj";248;13395;979;14374;NA;158942;1227;2020-12-21;33152
2020-12-20;"Trenčiansky kraj";238;12504;292;12796;NA;158942;530;2020-12-20;31925
2020-12-19;"Trenčiansky kraj";341;1611;150;1761;NA;158942;491;2020-12-19;31395
2020-12-18;"Trenčiansky kraj";521;5199;615;5814;NA;158942;1136;2020-12-18;30904
2020-12-17;"Trenčiansky kraj";670;3843;524;4367;NA;158942;1194;2020-12-17;29768
2020-12-16;"Trenčiansky kraj";461;4474;648;5122;NA;158942;1109;2020-12-16;28574
2020-12-15;"Trenčiansky kraj";595;3805;670;4475;NA;158942;1265;2020-12-15;27465
2020-12-14;"Trenčiansky kraj";318;2907;552;3459;NA;158942;870;2020-12-14;26200
2020-12-13;"Trenčiansky kraj";77;49;6;55;NA;158942;83;2020-12-13;25330
2020-12-12;"Trenčiansky kraj";314;1191;136;1327;NA;158942;450;2020-12-12;25247
2020-12-11;"Trenčiansky kraj";751;3773;453;4226;NA;158942;1204;2020-12-11;24797
2020-12-10;"Trenčiansky kraj";271;3354;473;3827;NA;158942;744;2020-12-10;23593
2020-12-09;"Trenčiansky kraj";508;3788;466;4254;NA;158942;974;2020-12-09;22849
2020-12-08;"Trenčiansky kraj";546;3440;522;3962;NA;158942;1068;2020-12-08;21875
2020-12-07;"Trenčiansky kraj";258;3832;468;4300;NA;158942;726;2020-12-07;20807
2020-12-06;"Trenčiansky kraj";114;179;10;189;NA;158942;124;2020-12-06;20081
2020-12-05;"Trenčiansky kraj";223;610;56;666;NA;158942;279;2020-12-05;19957
2020-12-04;"Trenčiansky kraj";253;2943;273;3216;NA;158942;526;2020-12-04;19678
2020-12-03;"Trenčiansky kraj";503;1714;178;1892;NA;158942;681;2020-12-03;19152
2020-12-02;"Trenčiansky kraj";418;1844;232;2076;NA;158942;650;2020-12-02;18471
2020-12-01;"Trenčiansky kraj";321;5642;351;5993;NA;158942;672;2020-12-01;17821
2020-11-30;"Trenčiansky kraj";167;11514;520;12034;NA;158942;687;2020-11-30;17149
2020-11-29;"Trenčiansky kraj";29;30;5;35;NA;158942;34;2020-11-29;16462
2020-11-28;"Trenčiansky kraj";202;1051;93;1144;NA;158942;295;2020-11-28;16428
2020-11-27;"Trenčiansky kraj";330;1888;186;2074;NA;158942;516;2020-11-27;16133
2020-11-26;"Trenčiansky kraj";395;1252;122;1374;NA;158942;517;2020-11-26;15617
2020-11-25;"Trenčiansky kraj";322;1444;160;1604;NA;158942;482;2020-11-25;15100
2020-11-24;"Trenčiansky kraj";348;2553;308;2861;NA;158942;656;2020-11-24;14618
2020-11-23;"Trenčiansky kraj";159;1186;122;1308;NA;158942;281;2020-11-23;13962
2020-11-22;"Trenčiansky kraj";26;30;7;37;NA;158942;33;2020-11-22;13681
2020-11-21;"Trenčiansky kraj";255;1376;69;1445;NA;158942;324;2020-11-21;13648
2020-11-20;"Trenčiansky kraj";316;861;93;954;NA;158942;409;2020-11-20;13324
2020-11-19;"Trenčiansky kraj";316;740;113;853;NA;158942;429;2020-11-19;12915
2020-11-18;"Trenčiansky kraj";233;379;66;445;NA;158942;299;2020-11-18;12486
2020-11-17;"Trenčiansky kraj";222;106;15;121;NA;158942;237;2020-11-17;12187
2020-11-16;"Trenčiansky kraj";245;236;45;281;NA;158942;290;2020-11-16;11950
2020-11-15;"Trenčiansky kraj";109;29;6;35;NA;158942;115;2020-11-15;11660
2020-11-14;"Trenčiansky kraj";190;74;11;85;NA;158942;201;2020-11-14;11545
2020-11-13;"Trenčiansky kraj";308;131;13;144;NA;158942;321;2020-11-13;11344
2020-11-12;"Trenčiansky kraj";324;124;5;129;NA;158942;329;2020-11-12;11023
2020-11-11;"Trenčiansky kraj";366;113;10;123;NA;158942;376;2020-11-11;10694
2020-11-10;"Trenčiansky kraj";277;106;6;112;NA;158942;283;2020-11-10;10318
2020-11-09;"Trenčiansky kraj";115;1407;48;1455;NA;158942;163;2020-11-09;10035
2020-11-08;"Trenčiansky kraj";81;1271;8;1279;NA;158942;89;2020-11-08;9872
2020-11-07;"Trenčiansky kraj";319;3662;59;3721;NA;158942;378;2020-11-07;9783
2020-11-06;"Trenčiansky kraj";383;6893;84;6977;NA;158942;467;2020-11-06;9405
2020-11-05;"Trenčiansky kraj";399;98;15;113;NA;158942;414;2020-11-05;8938
2020-11-04;"Trenčiansky kraj";370;91;9;100;NA;158942;379;2020-11-04;8524
2020-11-03;"Trenčiansky kraj";575;97;8;105;NA;158942;583;2020-11-03;8145
2020-11-02;"Trenčiansky kraj";197;1833;68;1901;NA;158942;265;2020-11-02;7562
2020-11-01;"Trenčiansky kraj";257;808;24;832;NA;158942;281;2020-11-01;7297
2020-10-31;"Trenčiansky kraj";332;4719;82;4801;NA;158942;414;2020-10-31;7016
2020-10-30;"Trenčiansky kraj";299;5283;102;5385;NA;158942;401;2020-10-30;6602
2020-10-29;"Trenčiansky kraj";496;764;68;832;NA;158942;564;2020-10-29;6201
2020-10-28;"Trenčiansky kraj";269;192;33;225;NA;158942;302;2020-10-28;5637
2020-10-27;"Trenčiansky kraj";473;127;27;154;NA;158942;500;2020-10-27;5335
2020-10-26;"Trenčiansky kraj";177;107;36;143;NA;158942;213;2020-10-26;4835
2020-10-25;"Trenčiansky kraj";138;9;5;14;NA;158942;143;2020-10-25;4622
2020-10-24;"Trenčiansky kraj";395;128;6;134;NA;158942;401;2020-10-24;4479
2020-10-23;"Trenčiansky kraj";301;154;8;162;NA;158942;309;2020-10-23;4078
2020-10-22;"Trenčiansky kraj";273;82;12;94;NA;158942;285;2020-10-22;3769
2020-10-21;"Trenčiansky kraj";183;53;9;62;NA;158942;192;2020-10-21;3484
2020-10-20;"Trenčiansky kraj";212;47;6;53;NA;158942;218;2020-10-20;3292
2020-10-19;"Trenčiansky kraj";41;83;25;108;NA;158942;66;2020-10-19;3074
2020-10-18;"Trenčiansky kraj";104;0;0;0;NA;158942;104;2020-10-18;3008
2020-10-17;"Trenčiansky kraj";157;0;0;0;NA;158942;157;2020-10-17;2904
2020-10-16;"Trenčiansky kraj";225;42;6;48;NA;158942;231;2020-10-16;2747
2020-10-15;"Trenčiansky kraj";255;39;4;43;NA;158942;259;2020-10-15;2516
2020-10-14;"Trenčiansky kraj";162;42;7;49;NA;158942;169;2020-10-14;2257
2020-10-13;"Trenčiansky kraj";124;105;12;117;NA;158942;136;2020-10-13;2088
2020-10-12;"Trenčiansky kraj";55;0;0;0;NA;158942;55;2020-10-12;1952
2020-10-11;"Trenčiansky kraj";73;0;0;0;NA;158942;73;2020-10-11;1897
2020-10-10;"Trenčiansky kraj";180;0;0;0;NA;158942;180;2020-10-10;1824
2020-10-09;"Trenčiansky kraj";198;0;0;0;NA;158942;198;2020-10-09;1644
2020-10-08;"Trenčiansky kraj";115;0;0;0;NA;158942;115;2020-10-08;1446
2020-10-07;"Trenčiansky kraj";75;0;0;0;NA;158942;75;2020-10-07;1331
2020-10-06;"Trenčiansky kraj";72;0;0;0;NA;158942;72;2020-10-06;1256
2020-10-05;"Trenčiansky kraj";32;0;0;0;NA;158942;32;2020-10-05;1184
2020-10-04;"Trenčiansky kraj";37;0;0;0;NA;158942;37;2020-10-04;1152
2020-10-03;"Trenčiansky kraj";79;0;0;0;NA;158942;79;2020-10-03;1115
2020-10-02;"Trenčiansky kraj";69;0;0;0;NA;158942;69;2020-10-02;1036
2020-10-01;"Trenčiansky kraj";58;0;0;0;NA;158942;58;2020-10-01;967
2020-09-30;"Trenčiansky kraj";76;0;0;0;NA;158942;76;2020-09-30;909
2020-09-29;"Trenčiansky kraj";43;0;0;0;NA;158942;43;2020-09-29;833
2020-09-28;"Trenčiansky kraj";7;0;0;0;NA;158942;7;2020-09-28;790
2020-09-27;"Trenčiansky kraj";12;0;0;0;NA;158942;12;2020-09-27;783
2020-09-26;"Trenčiansky kraj";37;0;0;0;NA;158942;37;2020-09-26;771
2020-09-25;"Trenčiansky kraj";72;0;0;0;NA;158942;72;2020-09-25;734
2020-09-24;"Trenčiansky kraj";41;0;0;0;NA;158942;41;2020-09-24;662
2020-09-23;"Trenčiansky kraj";32;0;0;0;NA;158942;32;2020-09-23;621
2020-09-22;"Trenčiansky kraj";26;0;0;0;NA;158942;26;2020-09-22;589
2020-09-21;"Trenčiansky kraj";23;0;0;0;NA;158942;23;2020-09-21;563
2020-09-20;"Trenčiansky kraj";21;0;0;0;NA;158942;21;2020-09-20;540
2020-09-19;"Trenčiansky kraj";20;0;0;0;NA;158942;20;2020-09-19;519
2020-09-18;"Trenčiansky kraj";41;0;0;0;NA;158942;41;2020-09-18;499
2020-09-17;"Trenčiansky kraj";20;0;0;0;NA;158942;20;2020-09-17;458
2020-09-16;"Trenčiansky kraj";14;0;0;0;NA;158942;14;2020-09-16;438
2020-09-15;"Trenčiansky kraj";8;0;0;0;NA;158942;8;2020-09-15;424
2020-09-14;"Trenčiansky kraj";5;0;0;0;NA;158942;5;2020-09-14;416
2020-09-13;"Trenčiansky kraj";12;0;0;0;NA;158942;12;2020-09-13;411
2020-09-12;"Trenčiansky kraj";2;0;0;0;NA;158942;2;2020-09-12;399
2020-09-11;"Trenčiansky kraj";27;0;0;0;NA;158942;27;2020-09-11;397
2020-09-10;"Trenčiansky kraj";15;0;0;0;NA;158942;15;2020-09-10;370
2020-09-09;"Trenčiansky kraj";11;0;0;0;NA;158942;11;2020-09-09;355
2020-09-08;"Trenčiansky kraj";12;0;0;0;NA;158942;12;2020-09-08;344
2020-09-07;"Trenčiansky kraj";6;0;0;0;NA;158942;6;2020-09-07;332
2020-09-06;"Trenčiansky kraj";1;0;0;0;NA;158942;1;2020-09-06;326
2020-09-05;"Trenčiansky kraj";3;0;0;0;NA;158942;3;2020-09-05;325
2020-09-04;"Trenčiansky kraj";9;0;0;0;NA;158942;9;2020-09-04;322
2020-09-03;"Trenčiansky kraj";10;0;0;0;NA;158942;10;2020-09-03;313
2020-09-02;"Trenčiansky kraj";5;0;0;0;NA;158942;5;2020-09-02;303
2020-09-01;"Trenčiansky kraj";1;0;0;0;NA;158942;1;2020-09-01;298
2020-08-31;"Trenčiansky kraj";12;0;0;0;NA;158942;12;2020-08-31;297
2020-08-30;"Trenčiansky kraj";0;0;0;0;NA;158942;0;2020-08-30;285
2020-08-29;"Trenčiansky kraj";1;0;0;0;NA;158942;1;2020-08-29;285
2020-08-28;"Trenčiansky kraj";12;0;0;0;NA;158942;12;2020-08-28;284
2020-08-27;"Trenčiansky kraj";10;0;0;0;NA;158942;10;2020-08-27;272
2020-08-26;"Trenčiansky kraj";15;0;0;0;NA;158942;15;2020-08-26;262
2020-08-25;"Trenčiansky kraj";12;0;0;0;NA;158942;12;2020-08-25;247
2020-08-24;"Trenčiansky kraj";4;0;0;0;NA;158942;4;2020-08-24;235
2020-08-23;"Trenčiansky kraj";5;0;0;0;NA;158942;5;2020-08-23;231
2020-08-22;"Trenčiansky kraj";6;0;0;0;NA;158942;6;2020-08-22;226
2020-08-21;"Trenčiansky kraj";6;0;0;0;NA;158942;6;2020-08-21;220
2020-08-20;"Trenčiansky kraj";20;0;0;0;NA;158942;20;2020-08-20;214
2020-08-19;"Trenčiansky kraj";17;0;0;0;NA;158942;17;2020-08-19;194
2020-08-18;"Trenčiansky kraj";9;0;0;0;NA;158942;9;2020-08-18;177
2020-08-17;"Trenčiansky kraj";4;0;0;0;NA;158942;4;2020-08-17;168
2020-08-16;"Trenčiansky kraj";0;0;0;0;NA;158942;0;2020-08-16;164
2020-08-15;"Trenčiansky kraj";9;0;0;0;NA;158942;9;2020-08-15;164
2020-08-14;"Trenčiansky kraj";15;0;0;0;NA;158942;15;2020-08-14;155
2020-08-13;"Trenčiansky kraj";23;0;0;0;NA;158942;23;2020-08-13;140
2020-08-12;"Trenčiansky kraj";6;0;0;0;NA;158942;6;2020-08-12;117
2020-08-11;"Trenčiansky kraj";7;0;0;0;NA;158942;7;2020-08-11;111
2020-08-10;"Trenčiansky kraj";9;0;0;0;NA;158942;9;2020-08-10;104
2020-08-09;"Trenčiansky kraj";1;0;0;0;NA;158942;1;2020-08-09;95
2020-08-08;"Trenčiansky kraj";4;0;0;0;NA;158942;4;2020-08-08;94
2020-08-07;"Trenčiansky kraj";4;0;0;0;NA;158942;4;2020-08-07;90
2020-08-06;"Trenčiansky kraj";13;0;0;0;NA;158942;13;2020-08-06;86
2020-08-05;"Trenčiansky kraj";39;0;0;0;NA;158942;39;2020-08-05;73
2020-08-04;"Trenčiansky kraj";9;0;0;0;NA;158942;9;2020-08-04;34
2020-08-03;"Trenčiansky kraj";0;0;0;0;NA;158942;0;2020-08-03;25
2020-08-02;"Trenčiansky kraj";2;0;0;0;NA;158942;2;2020-08-02;25
2020-08-01;"Trenčiansky kraj";6;0;0;0;NA;158942;6;2020-08-01;23
2020-07-31;"Trenčiansky kraj";16;0;0;0;NA;158942;16;2020-07-31;17
2020-07-30;"Trenčiansky kraj";4;0;0;0;NA;158942;4;2020-07-30;1
2020-07-29;"Trenčiansky kraj";5;0;0;0;NA;158942;5;2020-07-29;-3
2020-07-28;"Trenčiansky kraj";11;0;0;0;NA;158942;11;2020-07-28;-8
2020-07-27;"Trenčiansky kraj";4;0;0;0;NA;158942;4;2020-07-27;-19
2020-07-26;"Trenčiansky kraj";1;0;0;0;NA;158942;1;2020-07-26;-23
2020-07-25;"Trenčiansky kraj";7;0;0;0;NA;158942;7;2020-07-25;-24
2020-07-24;"Trenčiansky kraj";5;0;0;0;NA;158942;5;2020-07-24;-31
2020-07-23;"Trenčiansky kraj";10;0;0;0;NA;158942;10;2020-07-23;-36
2020-07-22;"Trenčiansky kraj";11;0;0;0;NA;158942;11;2020-07-22;-46
2020-07-21;"Trenčiansky kraj";6;0;0;0;NA;158942;6;2020-07-21;-57
2020-07-20;"Trenčiansky kraj";13;0;0;0;NA;158942;13;2020-07-20;-63
2020-07-19;"Trenčiansky kraj";0;0;0;0;NA;158942;0;2020-07-19;-76
2020-07-18;"Trenčiansky kraj";0;0;0;0;NA;158942;0;2020-07-18;-76
2020-07-17;"Trenčiansky kraj";1;0;0;0;NA;158942;1;2020-07-17;-76
2020-07-16;"Trenčiansky kraj";0;0;0;0;NA;158942;0;2020-07-16;-77
2020-07-15;"Trenčiansky kraj";2;0;0;0;NA;158942;2;2020-07-15;-77
2020-07-14;"Trenčiansky kraj";8;0;0;0;NA;158942;8;2020-07-14;-79
2020-07-13;"Trenčiansky kraj";1;0;0;0;NA;158942;1;2020-07-13;-87
2020-07-12;"Trenčiansky kraj";0;0;0;0;NA;158942;0;2020-07-12;-88
2020-07-11;"Trenčiansky kraj";0;0;0;0;NA;158942;0;2020-07-11;-88
2020-07-10;"Trenčiansky kraj";3;0;0;0;NA;158942;3;2020-07-10;-88
2020-07-09;"Trenčiansky kraj";2;0;0;0;NA;158942;2;2020-07-09;-91
2020-07-08;"Trenčiansky kraj";1;0;0;0;NA;158942;1;2020-07-08;-93
2020-07-07;"Trenčiansky kraj";9;0;0;0;NA;158942;9;2020-07-07;-94
2020-07-06;"Trenčiansky kraj";1;0;0;0;NA;158942;1;2020-07-06;-103
2020-07-05;"Trenčiansky kraj";1;0;0;0;NA;158942;1;2020-07-05;-104
2020-07-04;"Trenčiansky kraj";0;0;0;0;NA;158942;0;2020-07-04;-105
2020-07-03;"Trenčiansky kraj";2;0;0;0;NA;158942;2;2020-07-03;-105
2020-07-02;"Trenčiansky kraj";10;0;0;0;NA;158942;10;2020-07-02;-107
2020-07-01;"Trenčiansky kraj";1;0;0;0;NA;158942;1;2020-07-01;-117
2020-06-30;"Trenčiansky kraj";6;0;0;0;NA;158942;6;2020-06-30;-118
2020-06-29;"Trenčiansky kraj";1;0;0;0;NA;158942;1;2020-06-29;-124
2020-06-28;"Trenčiansky kraj";0;0;0;0;NA;158942;0;2020-06-28;-125
2020-06-27;"Trenčiansky kraj";0;0;0;0;NA;158942;0;2020-06-27;-125
2020-06-26;"Trenčiansky kraj";0;0;0;0;NA;158942;0;2020-06-26;-125
2020-06-25;"Trenčiansky kraj";2;0;0;0;NA;158942;2;2020-06-25;-125
2020-06-24;"Trenčiansky kraj";1;0;0;0;NA;158942;1;2020-06-24;-127
2020-06-23;"Trenčiansky kraj";0;0;0;0;NA;158942;0;2020-06-23;-128
2020-06-22;"Trenčiansky kraj";0;0;0;0;NA;158942;0;2020-06-22;-128
2020-06-21;"Trenčiansky kraj";0;0;0;0;NA;158942;0;2020-06-21;-128
2020-06-20;"Trenčiansky kraj";0;0;0;0;NA;158942;0;2020-06-20;-128
2020-06-19;"Trenčiansky kraj";0;0;0;0;NA;158942;0;2020-06-19;-128
2020-06-18;"Trenčiansky kraj";0;0;0;0;NA;158942;0;2020-06-18;-128
2020-06-17;"Trenčiansky kraj";0;0;0;0;NA;158942;0;2020-06-17;-128
2020-06-16;"Trenčiansky kraj";0;0;0;0;NA;158942;0;2020-06-16;-128
2020-06-14;"Trenčiansky kraj";0;0;0;0;NA;158942;0;2020-06-14;-128
2020-06-13;"Trenčiansky kraj";0;0;0;0;NA;158942;0;2020-06-13;-128
2020-06-12;"Trenčiansky kraj";0;0;0;0;NA;158942;0;2020-06-12;-128
2020-06-11;"Trenčiansky kraj";0;0;0;0;NA;158942;0;2020-06-11;-128
2020-06-10;"Trenčiansky kraj";1;0;0;0;NA;158942;1;2020-06-10;-128
2020-06-09;"Trenčiansky kraj";0;0;0;0;NA;158942;0;2020-06-09;-129
2020-06-08;"Trenčiansky kraj";0;0;0;0;NA;158942;0;2020-06-08;-129
2020-06-07;"Trenčiansky kraj";0;0;0;0;NA;158942;0;2020-06-07;-129
2020-06-05;"Trenčiansky kraj";0;0;0;0;NA;158942;0;2020-06-05;-129
2020-06-03;"Trenčiansky kraj";0;0;0;0;NA;158942;0;2020-06-03;-129
2020-06-02;"Trenčiansky kraj";0;0;0;0;NA;158942;0;2020-06-02;-129
2020-05-31;"Trenčiansky kraj";0;0;0;0;NA;158942;0;2020-05-31;-129
2020-05-29;"Trenčiansky kraj";0;0;0;0;NA;158942;0;2020-05-29;-129
2020-05-27;"Trenčiansky kraj";2;0;0;0;NA;158942;2;2020-05-27;-129
2020-05-26;"Trenčiansky kraj";0;0;0;0;NA;158942;0;2020-05-26;-131
2020-05-25;"Trenčiansky kraj";0;0;0;0;NA;158942;0;2020-05-25;-131
2020-05-24;"Trenčiansky kraj";0;0;0;0;NA;158942;0;2020-05-24;-131
2020-05-23;"Trenčiansky kraj";0;0;0;0;NA;158942;0;2020-05-23;-131
2020-05-22;"Trenčiansky kraj";0;0;0;0;NA;158942;0;2020-05-22;-131
2020-05-21;"Trenčiansky kraj";0;0;0;0;NA;158942;0;2020-05-21;-131
2020-05-20;"Trenčiansky kraj";0;0;0;0;NA;158942;0;2020-05-20;-131
2020-05-19;"Trenčiansky kraj";0;0;0;0;NA;158942;0;2020-05-19;-131
2020-05-17;"Trenčiansky kraj";0;0;0;0;NA;158942;0;2020-05-17;-131
2020-05-16;"Trenčiansky kraj";0;0;0;0;NA;158942;0;2020-05-16;-131
2020-05-15;"Trenčiansky kraj";1;0;0;0;NA;158942;1;2020-05-15;-131
2020-05-14;"Trenčiansky kraj";2;0;0;0;NA;158942;2;2020-05-14;-132
2020-05-13;"Trenčiansky kraj";1;0;0;0;NA;158942;1;2020-05-13;-134
2020-05-12;"Trenčiansky kraj";1;0;0;0;NA;158942;1;2020-05-12;-135
2020-05-11;"Trenčiansky kraj";3;0;0;0;NA;158942;3;2020-05-11;-136
2020-05-09;"Trenčiansky kraj";2;0;0;0;NA;158942;2;2020-05-09;-139
2020-05-07;"Trenčiansky kraj";6;0;0;0;NA;158942;6;2020-05-07;-141
2020-05-06;"Trenčiansky kraj";0;0;0;0;NA;158942;0;2020-05-06;-147
2020-05-05;"Trenčiansky kraj";2;0;0;0;NA;158942;2;2020-05-05;-147
2020-05-04;"Trenčiansky kraj";0;0;0;0;NA;158942;0;2020-05-04;-149
2020-05-03;"Trenčiansky kraj";0;0;0;0;NA;158942;0;2020-05-03;-149
2020-05-02;"Trenčiansky kraj";0;0;0;0;NA;158942;0;2020-05-02;-149
2020-05-01;"Trenčiansky kraj";0;0;0;0;NA;158942;0;2020-05-01;-149
2020-04-30;"Trenčiansky kraj";0;0;0;0;NA;158942;0;2020-04-30;-149
2020-04-29;"Trenčiansky kraj";2;0;0;0;NA;158942;2;2020-04-29;-149
2020-04-28;"Trenčiansky kraj";1;0;0;0;NA;158942;1;2020-04-28;-151
2020-04-27;"Trenčiansky kraj";0;0;0;0;NA;158942;0;2020-04-27;-152
2020-04-26;"Trenčiansky kraj";1;0;0;0;NA;158942;1;2020-04-26;-152
2020-04-25;"Trenčiansky kraj";0;0;0;0;NA;158942;0;2020-04-25;-153
2020-04-24;"Trenčiansky kraj";0;0;0;0;NA;158942;0;2020-04-24;-153
2020-04-23;"Trenčiansky kraj";11;0;0;0;NA;158942;11;2020-04-23;-153
2020-04-22;"Trenčiansky kraj";1;0;0;0;NA;158942;1;2020-04-22;-164
2020-04-21;"Trenčiansky kraj";11;0;0;0;NA;158942;11;2020-04-21;-165
2020-04-20;"Trenčiansky kraj";15;0;0;0;NA;158942;15;2020-04-20;-176
2020-04-19;"Trenčiansky kraj";2;0;0;0;NA;158942;2;2020-04-19;-191
2020-04-18;"Trenčiansky kraj";3;0;0;0;NA;158942;3;2020-04-18;-193
2020-04-17;"Trenčiansky kraj";4;0;0;0;NA;158942;4;2020-04-17;-196
2020-04-16;"Trenčiansky kraj";10;0;0;0;NA;158942;10;2020-04-16;-200
2020-04-15;"Trenčiansky kraj";4;0;0;0;NA;158942;4;2020-04-15;-210
2020-04-14;"Trenčiansky kraj";0;0;0;0;NA;158942;0;2020-04-14;-214
2020-04-13;"Trenčiansky kraj";1;0;0;0;NA;158942;1;2020-04-13;-214
2020-04-12;"Trenčiansky kraj";2;0;0;0;NA;158942;2;2020-04-12;-215
2020-04-11;"Trenčiansky kraj";3;0;0;0;NA;158942;3;2020-04-11;-217
2020-04-10;"Trenčiansky kraj";0;0;0;0;NA;158942;0;2020-04-10;-220
2020-04-09;"Trenčiansky kraj";0;0;0;0;NA;158942;0;2020-04-09;-220
2020-04-08;"Trenčiansky kraj";2;0;0;0;NA;158942;2;2020-04-08;-220
2020-04-07;"Trenčiansky kraj";18;0;0;0;NA;158942;18;2020-04-07;-222
2020-04-06;"Trenčiansky kraj";0;0;0;0;NA;158942;0;2020-04-06;-240
2020-04-05;"Trenčiansky kraj";3;0;0;0;NA;158942;3;2020-04-05;-240
2020-04-04;"Trenčiansky kraj";5;0;0;0;NA;158942;5;2020-04-04;-243
2020-04-03;"Trenčiansky kraj";4;0;0;0;NA;158942;4;2020-04-03;-248
2020-04-02;"Trenčiansky kraj";1;0;0;0;NA;158942;1;2020-04-02;-252
2020-04-01;"Trenčiansky kraj";3;0;0;0;NA;158942;3;2020-04-01;-253
2020-03-31;"Trenčiansky kraj";1;0;0;0;NA;158942;1;2020-03-31;-256
2020-03-30;"Trenčiansky kraj";3;0;0;0;NA;158942;3;2020-03-30;-257
2020-03-29;"Trenčiansky kraj";6;0;0;0;NA;158942;6;2020-03-29;-260
2020-03-28;"Trenčiansky kraj";9;0;0;0;NA;158942;9;2020-03-28;-266
2020-03-27;"Trenčiansky kraj";2;0;0;0;NA;158942;2;2020-03-27;-275
2020-03-26;"Trenčiansky kraj";6;0;0;0;NA;158942;6;2020-03-26;-277
2020-03-25;"Trenčiansky kraj";3;0;0;0;NA;158942;3;2020-03-25;-283
2020-03-24;"Trenčiansky kraj";1;0;0;0;NA;158942;1;2020-03-24;-286
2020-03-23;"Trenčiansky kraj";0;0;0;0;NA;158942;0;2020-03-23;-287
2020-03-22;"Trenčiansky kraj";0;0;0;0;NA;158942;0;2020-03-22;-287
2020-03-21;"Trenčiansky kraj";2;0;0;0;NA;158942;2;2020-03-21;-287
2020-03-20;"Trenčiansky kraj";2;0;0;0;NA;158942;2;2020-03-20;-289
2020-03-19;"Trenčiansky kraj";8;0;0;0;NA;158942;8;2020-03-19;-291
2020-03-18;"Trenčiansky kraj";0;0;0;0;NA;158942;0;2020-03-18;-299
2020-03-17;"Trenčiansky kraj";0;0;0;0;NA;158942;0;2020-03-17;-299
2020-03-16;"Trenčiansky kraj";1;0;0;0;NA;158942;1;2020-03-16;-299
2020-03-15;"Trenčiansky kraj";5;0;0;0;NA;158942;5;2020-03-15;-300
2020-03-14;"Trenčiansky kraj";0;0;0;0;NA;158942;0;2020-03-14;-305
2020-03-13;"Trenčiansky kraj";0;0;0;0;NA;158942;0;2020-03-13;-305
2020-03-12;"Trenčiansky kraj";1;0;0;0;NA;158942;1;2020-03-12;-305
2020-03-11;"Trenčiansky kraj";0;0;0;0;NA;158942;0;2020-03-11;-306
2020-03-09;"Trenčiansky kraj";0;0;0;0;NA;158942;0;2020-03-09;-306
2020-03-08;"Trenčiansky kraj";0;0;0;0;NA;158942;0;2020-03-08;-306
2020-03-07;"Trenčiansky kraj";0;0;0;0;NA;158942;0;2020-03-07;-306
2020-03-06;"Trenčiansky kraj";0;0;0;0;NA;158942;0;2020-03-06;-306
2021-12-12;"Trnavský kraj";337;1740;73;1813;82548;135024;410;2021-12-12;135024
2021-12-11;"Trnavský kraj";720;1180;74;1254;NA;135024;794;2021-12-11;134614
2021-12-10;"Trnavský kraj";702;2586;116;2702;NA;135024;818;2021-12-10;133820
2021-12-09;"Trnavský kraj";926;2293;94;2387;NA;135024;1020;2021-12-09;133002
2021-12-08;"Trnavský kraj";1233;2547;137;2684;NA;135024;1370;2021-12-08;131982
2021-12-07;"Trnavský kraj";1159;3637;174;3811;NA;135024;1333;2021-12-07;130612
2021-12-06;"Trnavský kraj";911;3630;208;3838;NA;135024;1119;2021-12-06;129279
2021-12-05;"Trnavský kraj";269;2302;106;2408;NA;135024;375;2021-12-05;128160
2021-12-04;"Trnavský kraj";1225;1606;115;1721;NA;135024;1340;2021-12-04;127785
2021-12-03;"Trnavský kraj";1246;2988;201;3189;NA;135024;1447;2021-12-03;126445
2021-12-02;"Trnavský kraj";1809;2379;188;2567;NA;135024;1997;2021-12-02;124998
2021-12-01;"Trnavský kraj";738;2982;179;3161;NA;135024;917;2021-12-01;123001
2021-11-30;"Trnavský kraj";1166;4217;202;4419;NA;135024;1368;2021-11-30;122084
2021-11-29;"Trnavský kraj";814;5353;296;5649;NA;135024;1110;2021-11-29;120716
2021-11-28;"Trnavský kraj";482;3086;146;3232;NA;135024;628;2021-11-28;119606
2021-11-27;"Trnavský kraj";1186;2240;206;2446;NA;135024;1392;2021-11-27;118978
2021-11-26;"Trnavský kraj";880;2890;200;3090;NA;135024;1080;2021-11-26;117586
2021-11-25;"Trnavský kraj";1002;2680;158;2838;NA;135024;1160;2021-11-25;116506
2021-11-24;"Trnavský kraj";1060;3441;250;3691;NA;135024;1310;2021-11-24;115346
2021-11-23;"Trnavský kraj";1078;3714;273;3987;NA;135024;1351;2021-11-23;114036
2021-11-22;"Trnavský kraj";696;4028;295;4323;NA;135024;991;2021-11-22;112685
2021-11-21;"Trnavský kraj";298;2270;212;2482;NA;135024;510;2021-11-21;111694
2021-11-20;"Trnavský kraj";826;1529;196;1725;NA;135024;1022;2021-11-20;111184
2021-11-19;"Trnavský kraj";901;3366;315;3681;NA;135024;1216;2021-11-19;110162
2021-11-18;"Trnavský kraj";796;2871;240;3111;NA;135024;1036;2021-11-18;108946
2021-11-17;"Trnavský kraj";769;1186;139;1325;NA;135024;908;2021-11-17;107910
2021-11-16;"Trnavský kraj";591;2754;206;2960;NA;135024;797;2021-11-16;107002
2021-11-15;"Trnavský kraj";606;3350;239;3589;NA;135024;845;2021-11-15;106205
2021-11-14;"Trnavský kraj";236;1578;141;1719;NA;135024;377;2021-11-14;105360
2021-11-13;"Trnavský kraj";815;1314;132;1446;NA;135024;947;2021-11-13;104983
2021-11-12;"Trnavský kraj";563;2584;156;2740;NA;135024;719;2021-11-12;104036
2021-11-11;"Trnavský kraj";512;2426;161;2587;NA;135024;673;2021-11-11;103317
2021-11-10;"Trnavský kraj";590;2315;173;2488;NA;135024;763;2021-11-10;102644
2021-11-09;"Trnavský kraj";585;2538;187;2725;NA;135024;772;2021-11-09;101881
2021-11-08;"Trnavský kraj";357;2715;163;2878;NA;135024;520;2021-11-08;101109
2021-11-07;"Trnavský kraj";162;1349;111;1460;NA;135024;273;2021-11-07;100589
2021-11-06;"Trnavský kraj";391;1287;82;1369;NA;135024;473;2021-11-06;100316
2021-11-05;"Trnavský kraj";447;2202;102;2304;NA;135024;549;2021-11-05;99843
2021-11-04;"Trnavský kraj";432;2289;112;2401;NA;135024;544;2021-11-04;99294
2021-11-03;"Trnavský kraj";420;2091;97;2188;NA;135024;517;2021-11-03;98750
2021-11-02;"Trnavský kraj";365;2767;124;2891;NA;135024;489;2021-11-02;98233
2021-11-01;"Trnavský kraj";220;583;27;610;NA;135024;247;2021-11-01;97744
2021-10-31;"Trnavský kraj";61;887;62;949;NA;135024;123;2021-10-31;97497
2021-10-30;"Trnavský kraj";251;1099;50;1149;NA;135024;301;2021-10-30;97374
2021-10-29;"Trnavský kraj";312;2123;53;2176;NA;135024;365;2021-10-29;97073
2021-10-28;"Trnavský kraj";339;2034;65;2099;NA;135024;404;2021-10-28;96708
2021-10-27;"Trnavský kraj";232;1884;58;1942;NA;135024;290;2021-10-27;96304
2021-10-26;"Trnavský kraj";366;1964;54;2018;NA;135024;420;2021-10-26;96014
2021-10-25;"Trnavský kraj";142;2786;72;2858;NA;135024;214;2021-10-25;95594
2021-10-24;"Trnavský kraj";11;990;30;1020;NA;135024;41;2021-10-24;95380
2021-10-23;"Trnavský kraj";228;1126;27;1153;NA;135024;255;2021-10-23;95339
2021-10-22;"Trnavský kraj";204;2249;51;2300;NA;135024;255;2021-10-22;95084
2021-10-21;"Trnavský kraj";188;1671;46;1717;NA;135024;234;2021-10-21;94829
2021-10-20;"Trnavský kraj";212;1634;47;1681;NA;135024;259;2021-10-20;94595
2021-10-19;"Trnavský kraj";240;1848;30;1878;NA;135024;270;2021-10-19;94336
2021-10-18;"Trnavský kraj";95;2316;72;2388;NA;135024;167;2021-10-18;94066
2021-10-17;"Trnavský kraj";5;1218;17;1235;NA;135024;22;2021-10-17;93899
2021-10-16;"Trnavský kraj";129;1233;17;1250;NA;135024;146;2021-10-16;93877
2021-10-15;"Trnavský kraj";122;2121;24;2145;NA;135024;146;2021-10-15;93731
2021-10-14;"Trnavský kraj";131;1663;24;1687;NA;135024;155;2021-10-14;93585
2021-10-13;"Trnavský kraj";128;2072;23;2095;NA;135024;151;2021-10-13;93430
2021-10-12;"Trnavský kraj";189;2788;38;2826;NA;135024;227;2021-10-12;93279
2021-10-11;"Trnavský kraj";115;2621;35;2656;NA;135024;150;2021-10-11;93052
2021-10-10;"Trnavský kraj";2;993;15;1008;NA;135024;17;2021-10-10;92902
2021-10-09;"Trnavský kraj";151;1099;10;1109;NA;135024;161;2021-10-09;92885
2021-10-08;"Trnavský kraj";106;2326;34;2360;NA;135024;140;2021-10-08;92724
2021-10-07;"Trnavský kraj";151;1714;25;1739;NA;135024;176;2021-10-07;92584
2021-10-06;"Trnavský kraj";122;1929;27;1956;NA;135024;149;2021-10-06;92408
2021-10-05;"Trnavský kraj";220;3726;34;3760;NA;135024;254;2021-10-05;92259
2021-10-04;"Trnavský kraj";54;1963;47;2010;NA;135024;101;2021-10-04;92005
2021-10-03;"Trnavský kraj";1;1106;17;1123;NA;135024;18;2021-10-03;91904
2021-10-02;"Trnavský kraj";52;1055;12;1067;NA;135024;64;2021-10-02;91886
2021-10-01;"Trnavský kraj";113;2243;17;2260;NA;135024;130;2021-10-01;91822
2021-09-30;"Trnavský kraj";109;1872;18;1890;NA;135024;127;2021-09-30;91692
2021-09-29;"Trnavský kraj";83;1331;11;1342;NA;135024;94;2021-09-29;91565
2021-09-28;"Trnavský kraj";135;1934;31;1965;NA;135024;166;2021-09-28;91471
2021-09-27;"Trnavský kraj";80;2084;25;2109;NA;135024;105;2021-09-27;91305
2021-09-26;"Trnavský kraj";2;1048;12;1060;NA;135024;14;2021-09-26;91200
2021-09-25;"Trnavský kraj";61;1105;9;1114;NA;135024;70;2021-09-25;91186
2021-09-24;"Trnavský kraj";41;2229;15;2244;NA;135024;56;2021-09-24;91116
2021-09-23;"Trnavský kraj";89;1691;16;1707;NA;135024;105;2021-09-23;91060
2021-09-22;"Trnavský kraj";119;1706;28;1734;NA;135024;147;2021-09-22;90955
2021-09-21;"Trnavský kraj";108;1505;17;1522;NA;135024;125;2021-09-21;90808
2021-09-20;"Trnavský kraj";50;1652;20;1672;NA;135024;70;2021-09-20;90683
2021-09-19;"Trnavský kraj";2;924;8;932;NA;135024;10;2021-09-19;90613
2021-09-18;"Trnavský kraj";100;982;6;988;NA;135024;106;2021-09-18;90603
2021-09-17;"Trnavský kraj";77;1709;20;1729;NA;135024;97;2021-09-17;90497
2021-09-16;"Trnavský kraj";105;1279;32;1311;NA;135024;137;2021-09-16;90400
2021-09-15;"Trnavský kraj";59;841;5;846;NA;135024;64;2021-09-15;90263
2021-09-14;"Trnavský kraj";38;1583;12;1595;NA;135024;50;2021-09-14;90199
2021-09-13;"Trnavský kraj";56;1410;16;1426;NA;135024;72;2021-09-13;90149
2021-09-12;"Trnavský kraj";0;653;1;654;NA;135024;1;2021-09-12;90077
2021-09-11;"Trnavský kraj";37;971;10;981;NA;135024;47;2021-09-11;90076
2021-09-10;"Trnavský kraj";43;1441;9;1450;NA;135024;52;2021-09-10;90029
2021-09-09;"Trnavský kraj";42;954;13;967;NA;135024;55;2021-09-09;89977
2021-09-08;"Trnavský kraj";65;802;15;817;NA;135024;80;2021-09-08;89922
2021-09-07;"Trnavský kraj";29;844;5;849;NA;135024;34;2021-09-07;89842
2021-09-06;"Trnavský kraj";18;1234;14;1248;NA;135024;32;2021-09-06;89808
2021-09-05;"Trnavský kraj";2;580;4;584;NA;135024;6;2021-09-05;89776
2021-09-04;"Trnavský kraj";17;868;6;874;NA;135024;23;2021-09-04;89770
2021-09-03;"Trnavský kraj";14;1060;5;1065;NA;135024;19;2021-09-03;89747
2021-09-02;"Trnavský kraj";30;830;10;840;NA;135024;40;2021-09-02;89728
2021-09-01;"Trnavský kraj";6;409;4;413;NA;135024;10;2021-09-01;89688
2021-08-31;"Trnavský kraj";13;884;3;887;NA;135024;16;2021-08-31;89678
2021-08-30;"Trnavský kraj";7;904;1;905;NA;135024;8;2021-08-30;89662
2021-08-29;"Trnavský kraj";8;427;1;428;NA;135024;9;2021-08-29;89654
2021-08-28;"Trnavský kraj";17;694;2;696;NA;135024;19;2021-08-28;89645
2021-08-27;"Trnavský kraj";1;1186;4;1190;NA;135024;5;2021-08-27;89626
2021-08-26;"Trnavský kraj";8;713;3;716;NA;135024;11;2021-08-26;89621
2021-08-25;"Trnavský kraj";11;683;6;689;NA;135024;17;2021-08-25;89610
2021-08-24;"Trnavský kraj";7;801;1;802;NA;135024;8;2021-08-24;89593
2021-08-23;"Trnavský kraj";4;844;1;845;NA;135024;5;2021-08-23;89585
2021-08-22;"Trnavský kraj";0;474;0;474;NA;135024;0;2021-08-22;89580
2021-08-21;"Trnavský kraj";8;703;0;703;NA;135024;8;2021-08-21;89580
2021-08-20;"Trnavský kraj";4;1095;4;1099;NA;135024;8;2021-08-20;89572
2021-08-19;"Trnavský kraj";10;875;3;878;NA;135024;13;2021-08-19;89564
2021-08-18;"Trnavský kraj";6;789;2;791;NA;135024;8;2021-08-18;89551
2021-08-17;"Trnavský kraj";7;524;4;528;NA;135024;11;2021-08-17;89543
2021-08-16;"Trnavský kraj";9;966;3;969;NA;135024;12;2021-08-16;89532
2021-08-15;"Trnavský kraj";0;556;1;557;NA;135024;1;2021-08-15;89520
2021-08-14;"Trnavský kraj";10;801;3;804;NA;135024;13;2021-08-14;89519
2021-08-13;"Trnavský kraj";5;1077;6;1083;NA;135024;11;2021-08-13;89506
2021-08-12;"Trnavský kraj";3;666;3;669;NA;135024;6;2021-08-12;89495
2021-08-11;"Trnavský kraj";7;576;2;578;NA;135024;9;2021-08-11;89489
2021-08-10;"Trnavský kraj";3;757;3;760;NA;135024;6;2021-08-10;89480
2021-08-09;"Trnavský kraj";12;808;0;808;NA;135024;12;2021-08-09;89474
2021-08-08;"Trnavský kraj";1;545;0;545;NA;135024;1;2021-08-08;89462
2021-08-07;"Trnavský kraj";9;724;0;724;NA;135024;9;2021-08-07;89461
2021-08-06;"Trnavský kraj";3;988;0;988;NA;135024;3;2021-08-06;89452
2021-08-05;"Trnavský kraj";2;662;1;663;NA;135024;3;2021-08-05;89449
2021-08-04;"Trnavský kraj";1;891;1;892;NA;135024;2;2021-08-04;89446
2021-08-03;"Trnavský kraj";13;645;0;645;NA;135024;13;2021-08-03;89444
2021-08-02;"Trnavský kraj";2;725;1;726;NA;135024;3;2021-08-02;89431
2021-08-01;"Trnavský kraj";0;565;2;567;NA;135024;2;2021-08-01;89428
2021-07-31;"Trnavský kraj";3;886;0;886;NA;135024;3;2021-07-31;89426
2021-07-30;"Trnavský kraj";3;1084;3;1087;NA;135024;6;2021-07-30;89423
2021-07-29;"Trnavský kraj";1;775;0;775;NA;135024;1;2021-07-29;89417
2021-07-28;"Trnavský kraj";5;794;1;795;NA;135024;6;2021-07-28;89416
2021-07-27;"Trnavský kraj";7;623;2;625;NA;135024;9;2021-07-27;89410
2021-07-26;"Trnavský kraj";2;857;2;859;NA;135024;4;2021-07-26;89401
2021-07-25;"Trnavský kraj";0;707;0;707;NA;135024;0;2021-07-25;89397
2021-07-24;"Trnavský kraj";4;828;2;830;NA;135024;6;2021-07-24;89397
2021-07-23;"Trnavský kraj";3;1057;0;1057;NA;135024;3;2021-07-23;89391
2021-07-22;"Trnavský kraj";0;671;2;673;NA;135024;2;2021-07-22;89388
2021-07-21;"Trnavský kraj";2;660;2;662;NA;135024;4;2021-07-21;89386
2021-07-20;"Trnavský kraj";2;593;0;593;NA;135024;2;2021-07-20;89382
2021-07-19;"Trnavský kraj";9;886;0;886;NA;135024;9;2021-07-19;89380
2021-07-18;"Trnavský kraj";0;600;2;602;NA;135024;2;2021-07-18;89371
2021-07-17;"Trnavský kraj";8;796;0;796;NA;135024;8;2021-07-17;89369
2021-07-16;"Trnavský kraj";11;963;0;963;NA;135024;11;2021-07-16;89361
2021-07-15;"Trnavský kraj";4;832;1;833;NA;135024;5;2021-07-15;89350
2021-07-14;"Trnavský kraj";1;699;1;700;NA;135024;2;2021-07-14;89345
2021-07-13;"Trnavský kraj";1;693;1;694;NA;135024;2;2021-07-13;89343
2021-07-12;"Trnavský kraj";4;959;0;959;NA;135024;4;2021-07-12;89341
2021-07-11;"Trnavský kraj";0;692;0;692;NA;135024;0;2021-07-11;89337
2021-07-10;"Trnavský kraj";1;803;0;803;NA;135024;1;2021-07-10;89337
2021-07-09;"Trnavský kraj";3;1262;3;1265;NA;135024;6;2021-07-09;89336
2021-07-08;"Trnavský kraj";4;755;0;755;NA;135024;4;2021-07-08;89330
2021-07-07;"Trnavský kraj";9;924;2;926;NA;135024;11;2021-07-07;89326
2021-07-06;"Trnavský kraj";2;1401;1;1402;NA;135024;3;2021-07-06;89315
2021-07-05;"Trnavský kraj";1;503;2;505;NA;135024;3;2021-07-05;89312
2021-07-04;"Trnavský kraj";0;1129;3;1132;NA;135024;3;2021-07-04;89309
2021-07-03;"Trnavský kraj";4;815;0;815;NA;135024;4;2021-07-03;89306
2021-07-02;"Trnavský kraj";2;1137;2;1139;NA;135024;4;2021-07-02;89302
2021-07-01;"Trnavský kraj";4;437;0;437;NA;135024;4;2021-07-01;89298
2021-06-30;"Trnavský kraj";0;5135;1;5136;NA;135024;1;2021-06-30;89294
2021-06-29;"Trnavský kraj";4;2563;1;2564;NA;135024;5;2021-06-29;89293
2021-06-28;"Trnavský kraj";2;2600;1;2601;NA;135024;3;2021-06-28;89288
2021-06-27;"Trnavský kraj";0;3213;0;3213;NA;135024;0;2021-06-27;89285
2021-06-26;"Trnavský kraj";3;3871;1;3872;NA;135024;4;2021-06-26;89285
2021-06-25;"Trnavský kraj";2;4374;3;4377;NA;135024;5;2021-06-25;89281
2021-06-24;"Trnavský kraj";4;2520;3;2523;NA;135024;7;2021-06-24;89276
2021-06-23;"Trnavský kraj";4;2842;2;2844;NA;135024;6;2021-06-23;89269
2021-06-22;"Trnavský kraj";2;2996;1;2997;NA;135024;3;2021-06-22;89263
2021-06-21;"Trnavský kraj";6;3114;5;3119;NA;135024;11;2021-06-21;89260
2021-06-20;"Trnavský kraj";0;3952;1;3953;NA;135024;1;2021-06-20;89249
2021-06-19;"Trnavský kraj";3;4735;2;4737;NA;135024;5;2021-06-19;89248
2021-06-18;"Trnavský kraj";5;6125;4;6129;NA;135024;9;2021-06-18;89243
2021-06-17;"Trnavský kraj";3;3340;0;3340;NA;135024;3;2021-06-17;89234
2021-06-16;"Trnavský kraj";6;2926;3;2929;NA;135024;9;2021-06-16;89231
2021-06-15;"Trnavský kraj";8;3234;3;3237;NA;135024;11;2021-06-15;89222
2021-06-14;"Trnavský kraj";2;3829;1;3830;NA;135024;3;2021-06-14;89211
2021-06-13;"Trnavský kraj";0;5001;8;5009;NA;135024;8;2021-06-13;89208
2021-06-12;"Trnavský kraj";11;5807;2;5809;NA;135024;13;2021-06-12;89200
2021-06-11;"Trnavský kraj";17;5850;4;5854;NA;135024;21;2021-06-11;89187
2021-06-10;"Trnavský kraj";14;3476;1;3477;NA;135024;15;2021-06-10;89166
2021-06-09;"Trnavský kraj";10;3681;1;3682;NA;135024;11;2021-06-09;89151
2021-06-08;"Trnavský kraj";8;3344;4;3348;NA;135024;12;2021-06-08;89140
2021-06-07;"Trnavský kraj";12;4498;8;4506;NA;135024;20;2021-06-07;89128
2021-06-06;"Trnavský kraj";0;5517;2;5519;NA;135024;2;2021-06-06;89108
2021-06-05;"Trnavský kraj";20;6905;8;6913;NA;135024;28;2021-06-05;89106
2021-06-04;"Trnavský kraj";9;6735;10;6745;NA;135024;19;2021-06-04;89078
2021-06-03;"Trnavský kraj";14;4361;11;4372;NA;135024;25;2021-06-03;89059
2021-06-02;"Trnavský kraj";4;4148;11;4159;NA;135024;15;2021-06-02;89034
2021-06-01;"Trnavský kraj";18;3662;5;3667;NA;135024;23;2021-06-01;89019
2021-05-31;"Trnavský kraj";14;5515;16;5531;NA;135024;30;2021-05-31;88996
2021-05-30;"Trnavský kraj";0;6473;7;6480;NA;135024;7;2021-05-30;88966
2021-05-29;"Trnavský kraj";11;8964;4;8968;NA;135024;15;2021-05-29;88959
2021-05-28;"Trnavský kraj";14;7160;11;7171;NA;135024;25;2021-05-28;88944
2021-05-27;"Trnavský kraj";22;4753;8;4761;NA;135024;30;2021-05-27;88919
2021-05-26;"Trnavský kraj";6;4870;8;4878;NA;135024;14;2021-05-26;88889
2021-05-25;"Trnavský kraj";19;5026;27;5053;NA;135024;46;2021-05-25;88875
2021-05-24;"Trnavský kraj";15;6520;22;6542;NA;135024;37;2021-05-24;88829
2021-05-23;"Trnavský kraj";0;7920;8;7928;NA;135024;8;2021-05-23;88792
2021-05-22;"Trnavský kraj";13;13381;21;13402;NA;135024;34;2021-05-22;88784
2021-05-21;"Trnavský kraj";16;8525;19;8544;NA;135024;35;2021-05-21;88750
2021-05-20;"Trnavský kraj";15;5511;11;5522;NA;135024;26;2021-05-20;88715
2021-05-19;"Trnavský kraj";18;5431;13;5444;NA;135024;31;2021-05-19;88689
2021-05-18;"Trnavský kraj";26;5768;15;5783;NA;135024;41;2021-05-18;88658
2021-05-17;"Trnavský kraj";17;6262;24;6286;NA;135024;41;2021-05-17;88617
2021-05-16;"Trnavský kraj";10;9984;8;9992;NA;135024;18;2021-05-16;88576
2021-05-15;"Trnavský kraj";11;18525;14;18539;NA;135024;25;2021-05-15;88558
2021-05-14;"Trnavský kraj";34;10279;21;10300;NA;135024;55;2021-05-14;88533
2021-05-13;"Trnavský kraj";26;6913;12;6925;NA;135024;38;2021-05-13;88478
2021-05-12;"Trnavský kraj";34;6621;26;6647;NA;135024;60;2021-05-12;88440
2021-05-11;"Trnavský kraj";32;6393;13;6406;NA;135024;45;2021-05-11;88380
2021-05-10;"Trnavský kraj";58;9139;24;9163;NA;135024;82;2021-05-10;88335
2021-05-09;"Trnavský kraj";21;12570;12;12582;NA;135024;33;2021-05-09;88253
2021-05-08;"Trnavský kraj";4;23028;22;23050;NA;135024;26;2021-05-08;88220
2021-05-07;"Trnavský kraj";26;15465;30;15495;NA;135024;56;2021-05-07;88194
2021-05-06;"Trnavský kraj";22;8407;22;8429;NA;135024;44;2021-05-06;88138
2021-05-05;"Trnavský kraj";34;6273;22;6295;NA;135024;56;2021-05-05;88094
2021-05-04;"Trnavský kraj";51;8538;17;8555;NA;135024;68;2021-05-04;88038
2021-05-03;"Trnavský kraj";20;8957;22;8979;NA;135024;42;2021-05-03;87970
2021-05-02;"Trnavský kraj";0;25657;29;25686;NA;135024;29;2021-05-02;87928
2021-05-01;"Trnavský kraj";30;81353;64;81417;NA;135024;94;2021-05-01;87899
2021-04-30;"Trnavský kraj";45;26846;35;26881;NA;135024;80;2021-04-30;87805
2021-04-29;"Trnavský kraj";25;20323;28;20351;NA;135024;53;2021-04-29;87725
2021-04-28;"Trnavský kraj";46;8896;28;8924;NA;135024;74;2021-04-28;87672
2021-04-27;"Trnavský kraj";54;8756;37;8793;NA;135024;91;2021-04-27;87598
2021-04-26;"Trnavský kraj";53;16116;42;16158;NA;135024;95;2021-04-26;87507
2021-04-25;"Trnavský kraj";0;30183;24;30207;NA;135024;24;2021-04-25;87412
2021-04-24;"Trnavský kraj";46;126077;84;126161;NA;135024;130;2021-04-24;87388
2021-04-23;"Trnavský kraj";71;25741;53;25794;NA;135024;124;2021-04-23;87258
2021-04-22;"Trnavský kraj";40;10904;25;10929;NA;135024;65;2021-04-22;87134
2021-04-21;"Trnavský kraj";60;10748;45;10793;NA;135024;105;2021-04-21;87069
2021-04-20;"Trnavský kraj";57;13504;28;13532;NA;135024;85;2021-04-20;86964
2021-04-19;"Trnavský kraj";46;14603;18;14621;NA;135024;64;2021-04-19;86879
2021-04-18;"Trnavský kraj";7;40843;43;40886;NA;135024;50;2021-04-18;86815
2021-04-17;"Trnavský kraj";58;118102;89;118191;NA;135024;147;2021-04-17;86765
2021-04-16;"Trnavský kraj";67;25962;48;26010;NA;135024;115;2021-04-16;86618
2021-04-15;"Trnavský kraj";65;11373;36;11409;NA;135024;101;2021-04-15;86503
2021-04-14;"Trnavský kraj";78;18442;53;18495;NA;135024;131;2021-04-14;86402
2021-04-13;"Trnavský kraj";126;9871;44;9915;NA;135024;170;2021-04-13;86271
2021-04-12;"Trnavský kraj";40;15577;40;15617;NA;135024;80;2021-04-12;86101
2021-04-11;"Trnavský kraj";3;44420;44;44464;NA;135024;47;2021-04-11;86021
2021-04-10;"Trnavský kraj";60;123822;107;123929;NA;135024;167;2021-04-10;85974
2021-04-09;"Trnavský kraj";95;26191;34;26225;NA;135024;129;2021-04-09;85807
2021-04-08;"Trnavský kraj";85;10913;54;10967;NA;135024;139;2021-04-08;85678
2021-04-07;"Trnavský kraj";131;15979;81;16060;NA;135024;212;2021-04-07;85539
2021-04-06;"Trnavský kraj";92;20586;90;20676;NA;135024;182;2021-04-06;85327
2021-04-05;"Trnavský kraj";91;7542;17;7559;NA;135024;108;2021-04-05;85145
2021-04-04;"Trnavský kraj";9;28831;49;28880;NA;135024;58;2021-04-04;85037
2021-04-03;"Trnavský kraj";29;144452;186;144638;NA;135024;215;2021-04-03;84979
2021-04-02;"Trnavský kraj";91;17538;33;17571;NA;135024;124;2021-04-02;84764
2021-04-01;"Trnavský kraj";118;22279;71;22350;NA;135024;189;2021-04-01;84640
2021-03-31;"Trnavský kraj";140;15828;82;15910;NA;135024;222;2021-03-31;84451
2021-03-30;"Trnavský kraj";182;10482;79;10561;NA;135024;261;2021-03-30;84229
2021-03-29;"Trnavský kraj";126;19255;122;19377;NA;135024;248;2021-03-29;83968
2021-03-28;"Trnavský kraj";26;50664;134;50798;NA;135024;160;2021-03-28;83720
2021-03-27;"Trnavský kraj";64;130217;246;130463;NA;135024;310;2021-03-27;83560
2021-03-26;"Trnavský kraj";139;30217;130;30347;NA;135024;269;2021-03-26;83250
2021-03-25;"Trnavský kraj";135;14212;80;14292;NA;135024;215;2021-03-25;82981
2021-03-24;"Trnavský kraj";159;10521;89;10610;NA;135024;248;2021-03-24;82766
2021-03-23;"Trnavský kraj";221;12735;104;12839;NA;135024;325;2021-03-23;82518
2021-03-22;"Trnavský kraj";103;17118;110;17228;NA;135024;213;2021-03-22;82193
2021-03-21;"Trnavský kraj";31;49119;150;49269;NA;135024;181;2021-03-21;81980
2021-03-20;"Trnavský kraj";112;136963;317;137280;NA;135024;429;2021-03-20;81799
2021-03-19;"Trnavský kraj";174;29071;137;29208;NA;135024;311;2021-03-19;81370
2021-03-18;"Trnavský kraj";158;12217;136;12353;NA;135024;294;2021-03-18;81059
2021-03-17;"Trnavský kraj";245;10434;103;10537;NA;135024;348;2021-03-17;80765
2021-03-16;"Trnavský kraj";311;12811;135;12946;NA;135024;446;2021-03-16;80417
2021-03-15;"Trnavský kraj";127;18271;146;18417;NA;135024;273;2021-03-15;79971
2021-03-14;"Trnavský kraj";14;47608;164;47772;NA;135024;178;2021-03-14;79698
2021-03-13;"Trnavský kraj";155;139224;409;139633;NA;135024;564;2021-03-13;79520
2021-03-12;"Trnavský kraj";201;28566;181;28747;NA;135024;382;2021-03-12;78956
2021-03-11;"Trnavský kraj";204;13301;140;13441;NA;135024;344;2021-03-11;78574
2021-03-10;"Trnavský kraj";242;10583;135;10718;NA;135024;377;2021-03-10;78230
2021-03-09;"Trnavský kraj";442;12824;155;12979;NA;135024;597;2021-03-09;77853
2021-03-08;"Trnavský kraj";182;21812;166;21978;NA;135024;348;2021-03-08;77256
2021-03-07;"Trnavský kraj";30;45463;227;45690;NA;135024;257;2021-03-07;76908
2021-03-06;"Trnavský kraj";154;135784;531;136315;NA;135024;685;2021-03-06;76651
2021-03-05;"Trnavský kraj";299;27959;239;28198;NA;135024;538;2021-03-05;75966
2021-03-04;"Trnavský kraj";238;14505;176;14681;NA;135024;414;2021-03-04;75428
2021-03-03;"Trnavský kraj";413;11583;246;11829;NA;135024;659;2021-03-03;75014
2021-03-02;"Trnavský kraj";477;12367;191;12558;NA;135024;668;2021-03-02;74355
2021-03-01;"Trnavský kraj";189;18586;234;18820;NA;135024;423;2021-03-01;73687
2021-02-28;"Trnavský kraj";87;47709;321;48030;NA;135024;408;2021-02-28;73264
2021-02-27;"Trnavský kraj";264;140224;800;141024;NA;135024;1064;2021-02-27;72856
2021-02-26;"Trnavský kraj";362;26637;284;26921;NA;135024;646;2021-02-26;71792
2021-02-25;"Trnavský kraj";433;10490;227;10717;NA;135024;660;2021-02-25;71146
2021-02-24;"Trnavský kraj";407;9113;290;9403;NA;135024;697;2021-02-24;70486
2021-02-23;"Trnavský kraj";469;11322;284;11606;NA;135024;753;2021-02-23;69789
2021-02-22;"Trnavský kraj";206;19901;330;20231;NA;135024;536;2021-02-22;69036
2021-02-21;"Trnavský kraj";38;48221;329;48550;NA;135024;367;2021-02-21;68500
2021-02-20;"Trnavský kraj";273;135835;859;136694;NA;135024;1132;2021-02-20;68133
2021-02-19;"Trnavský kraj";335;26382;366;26748;NA;135024;701;2021-02-19;67001
2021-02-18;"Trnavský kraj";344;11264;348;11612;NA;135024;692;2021-02-18;66300
2021-02-17;"Trnavský kraj";431;8783;416;9199;NA;135024;847;2021-02-17;65608
2021-02-16;"Trnavský kraj";426;11236;294;11530;NA;135024;720;2021-02-16;64761
2021-02-15;"Trnavský kraj";146;18276;326;18602;NA;135024;472;2021-02-15;64041
2021-02-14;"Trnavský kraj";51;57642;495;58137;NA;135024;546;2021-02-14;63569
2021-02-13;"Trnavský kraj";218;137051;994;138045;NA;135024;1212;2021-02-13;63023
2021-02-12;"Trnavský kraj";300;24090;352;24442;NA;135024;652;2021-02-12;61811
2021-02-11;"Trnavský kraj";422;9831;349;10180;NA;135024;771;2021-02-11;61159
2021-02-10;"Trnavský kraj";511;9194;342;9536;NA;135024;853;2021-02-10;60388
2021-02-09;"Trnavský kraj";544;12755;369;13124;NA;135024;913;2021-02-09;59535
2021-02-08;"Trnavský kraj";220;33414;497;33911;NA;135024;717;2021-02-08;58622
2021-02-07;"Trnavský kraj";140;69694;628;70322;NA;135024;768;2021-02-07;57905
2021-02-06;"Trnavský kraj";348;112687;1482;114169;NA;135024;1830;2021-02-06;57137
2021-02-05;"Trnavský kraj";377;16063;373;16436;NA;135024;750;2021-02-05;55307
2021-02-04;"Trnavský kraj";456;7317;456;7773;NA;135024;912;2021-02-04;54557
2021-02-03;"Trnavský kraj";472;6583;434;7017;NA;135024;906;2021-02-03;53645
2021-02-02;"Trnavský kraj";446;14243;424;14667;NA;135024;870;2021-02-02;52739
2021-02-01;"Trnavský kraj";198;38882;679;39561;NA;135024;877;2021-02-01;51869
2021-01-31;"Trnavský kraj";19;64707;822;65529;NA;135024;841;2021-01-31;50992
2021-01-30;"Trnavský kraj";323;111483;1288;112771;NA;135024;1611;2021-01-30;50151
2021-01-29;"Trnavský kraj";421;9689;290;9979;NA;135024;711;2021-01-29;48540
2021-01-28;"Trnavský kraj";389;5817;289;6106;NA;135024;678;2021-01-28;47829
2021-01-27;"Trnavský kraj";433;5554;225;5779;NA;135024;658;2021-01-27;47151
2021-01-26;"Trnavský kraj";565;25411;636;26047;NA;135024;1201;2021-01-26;46493
2021-01-25;"Trnavský kraj";210;41805;620;42425;NA;135024;830;2021-01-25;45292
2021-01-24;"Trnavský kraj";91;66399;779;67178;NA;135024;870;2021-01-24;44462
2021-01-23;"Trnavský kraj";372;113375;1319;114694;NA;135024;1691;2021-01-23;43592
2021-01-22;"Trnavský kraj";217;32755;505;33260;NA;135024;722;2021-01-22;41901
2021-01-21;"Trnavský kraj";311;13913;377;14290;NA;135024;688;2021-01-21;41179
2021-01-20;"Trnavský kraj";503;8685;283;8968;NA;135024;786;2021-01-20;40491
2021-01-19;"Trnavský kraj";415;7013;347;7360;NA;135024;762;2021-01-19;39705
2021-01-18;"Trnavský kraj";247;6690;513;7203;NA;135024;760;2021-01-18;38943
2021-01-17;"Trnavský kraj";128;854;215;1069;NA;135024;343;2021-01-17;38183
2021-01-16;"Trnavský kraj";103;898;24;922;NA;135024;127;2021-01-16;37840
2021-01-15;"Trnavský kraj";278;5467;336;5803;NA;135024;614;2021-01-15;37713
2021-01-14;"Trnavský kraj";452;4001;338;4339;NA;135024;790;2021-01-14;37099
2021-01-13;"Trnavský kraj";457;4751;378;5129;NA;135024;835;2021-01-13;36309
2021-01-12;"Trnavský kraj";469;6860;470;7330;NA;135024;939;2021-01-12;35474
2021-01-11;"Trnavský kraj";370;4587;360;4947;NA;135024;730;2021-01-11;34535
2021-01-10;"Trnavský kraj";71;13;0;13;NA;135024;71;2021-01-10;33805
2021-01-09;"Trnavský kraj";417;1775;100;1875;NA;135024;517;2021-01-09;33734
2021-01-08;"Trnavský kraj";381;6016;506;6522;NA;135024;887;2021-01-08;33217
2021-01-07;"Trnavský kraj";501;3545;329;3874;NA;135024;830;2021-01-07;32330
2021-01-06;"Trnavský kraj";179;758;132;890;NA;135024;311;2021-01-06;31500
2021-01-05;"Trnavský kraj";611;5165;561;5726;NA;135024;1172;2021-01-05;31189
2021-01-04;"Trnavský kraj";302;5556;709;6265;NA;135024;1011;2021-01-04;30017
2021-01-03;"Trnavský kraj";60;53;7;60;NA;135024;67;2021-01-03;29006
2021-01-02;"Trnavský kraj";282;417;32;449;NA;135024;314;2021-01-02;28939
2021-01-01;"Trnavský kraj";143;455;76;531;NA;135024;219;2021-01-01;28625
2020-12-31;"Trnavský kraj";498;8325;820;9145;NA;135024;1318;2020-12-31;28406
2020-12-30;"Trnavský kraj";785;5318;612;5930;NA;135024;1397;2020-12-30;27088
2020-12-29;"Trnavský kraj";322;4913;565;5478;NA;135024;887;2020-12-29;25691
2020-12-28;"Trnavský kraj";213;4900;552;5452;NA;135024;765;2020-12-28;24804
2020-12-27;"Trnavský kraj";27;20;4;24;NA;135024;31;2020-12-27;24039
2020-12-26;"Trnavský kraj";148;44;1;45;NA;135024;149;2020-12-26;24008
2020-12-25;"Trnavský kraj";65;49;5;54;NA;135024;70;2020-12-25;23859
2020-12-24;"Trnavský kraj";333;1359;117;1476;NA;135024;450;2020-12-24;23789
2020-12-23;"Trnavský kraj";210;6672;414;7086;NA;135024;624;2020-12-23;23339
2020-12-22;"Trnavský kraj";311;5427;455;5882;NA;135024;766;2020-12-22;22715
2020-12-21;"Trnavský kraj";328;4092;350;4442;NA;135024;678;2020-12-21;21949
2020-12-20;"Trnavský kraj";134;133;12;145;NA;135024;146;2020-12-20;21271
2020-12-19;"Trnavský kraj";201;1407;103;1510;NA;135024;304;2020-12-19;21125
2020-12-18;"Trnavský kraj";341;4432;334;4766;NA;135024;675;2020-12-18;20821
2020-12-17;"Trnavský kraj";375;4880;414;5294;NA;135024;789;2020-12-17;20146
2020-12-16;"Trnavský kraj";312;4945;383;5328;NA;135024;695;2020-12-16;19357
2020-12-15;"Trnavský kraj";492;6240;598;6838;NA;135024;1090;2020-12-15;18662
2020-12-14;"Trnavský kraj";161;3505;292;3797;NA;135024;453;2020-12-14;17572
2020-12-13;"Trnavský kraj";7;7;0;7;NA;135024;7;2020-12-13;17119
2020-12-12;"Trnavský kraj";254;1456;114;1570;NA;135024;368;2020-12-12;17112
2020-12-11;"Trnavský kraj";384;4289;241;4530;NA;135024;625;2020-12-11;16744
2020-12-10;"Trnavský kraj";183;5197;320;5517;NA;135024;503;2020-12-10;16119
2020-12-09;"Trnavský kraj";521;4199;317;4516;NA;135024;838;2020-12-09;15616
2020-12-08;"Trnavský kraj";281;4090;304;4394;NA;135024;585;2020-12-08;14778
2020-12-07;"Trnavský kraj";178;2895;199;3094;NA;135024;377;2020-12-07;14193
2020-12-06;"Trnavský kraj";46;0;0;0;NA;135024;46;2020-12-06;13816
2020-12-05;"Trnavský kraj";129;2218;41;2259;NA;135024;170;2020-12-05;13770
2020-12-04;"Trnavský kraj";242;3948;158;4106;NA;135024;400;2020-12-04;13600
2020-12-03;"Trnavský kraj";248;2770;190;2960;NA;135024;438;2020-12-03;13200
2020-12-02;"Trnavský kraj";284;4516;176;4692;NA;135024;460;2020-12-02;12762
2020-12-01;"Trnavský kraj";253;3190;205;3395;NA;135024;458;2020-12-01;12302
2020-11-30;"Trnavský kraj";200;7360;186;7546;NA;135024;386;2020-11-30;11844
2020-11-29;"Trnavský kraj";17;738;36;774;NA;135024;53;2020-11-29;11458
2020-11-28;"Trnavský kraj";83;1453;77;1530;NA;135024;160;2020-11-28;11405
2020-11-27;"Trnavský kraj";148;1779;85;1864;NA;135024;233;2020-11-27;11245
2020-11-26;"Trnavský kraj";234;1123;68;1191;NA;135024;302;2020-11-26;11012
2020-11-25;"Trnavský kraj";232;1168;74;1242;NA;135024;306;2020-11-25;10710
2020-11-24;"Trnavský kraj";295;1909;96;2005;NA;135024;391;2020-11-24;10404
2020-11-23;"Trnavský kraj";242;7393;129;7522;NA;135024;371;2020-11-23;10013
2020-11-22;"Trnavský kraj";10;82;9;91;NA;135024;19;2020-11-22;9642
2020-11-21;"Trnavský kraj";129;1354;36;1390;NA;135024;165;2020-11-21;9623
2020-11-20;"Trnavský kraj";246;1154;64;1218;NA;135024;310;2020-11-20;9458
2020-11-19;"Trnavský kraj";157;823;64;887;NA;135024;221;2020-11-19;9148
2020-11-18;"Trnavský kraj";235;822;82;904;NA;135024;317;2020-11-18;8927
2020-11-17;"Trnavský kraj";129;705;74;779;NA;135024;203;2020-11-17;8610
2020-11-16;"Trnavský kraj";187;732;32;764;NA;135024;219;2020-11-16;8407
2020-11-15;"Trnavský kraj";23;73;4;77;NA;135024;27;2020-11-15;8188
2020-11-14;"Trnavský kraj";86;397;12;409;NA;135024;98;2020-11-14;8161
2020-11-13;"Trnavský kraj";219;1312;21;1333;NA;135024;240;2020-11-13;8063
2020-11-12;"Trnavský kraj";162;420;18;438;NA;135024;180;2020-11-12;7823
2020-11-11;"Trnavský kraj";257;392;15;407;NA;135024;272;2020-11-11;7643
2020-11-10;"Trnavský kraj";189;889;30;919;NA;135024;219;2020-11-10;7371
2020-11-09;"Trnavský kraj";196;369;23;392;NA;135024;219;2020-11-09;7152
2020-11-08;"Trnavský kraj";55;400;4;404;NA;135024;59;2020-11-08;6933
2020-11-07;"Trnavský kraj";207;6070;74;6144;NA;135024;281;2020-11-07;6874
2020-11-06;"Trnavský kraj";260;1531;19;1550;NA;135024;279;2020-11-06;6593
2020-11-05;"Trnavský kraj";150;220;27;247;NA;135024;177;2020-11-05;6314
2020-11-04;"Trnavský kraj";188;212;10;222;NA;135024;198;2020-11-04;6137
2020-11-03;"Trnavský kraj";317;127;8;135;NA;135024;325;2020-11-03;5939
2020-11-02;"Trnavský kraj";281;1728;31;1759;NA;135024;312;2020-11-02;5614
2020-11-01;"Trnavský kraj";87;494;27;521;NA;135024;114;2020-11-01;5302
2020-10-31;"Trnavský kraj";259;5024;41;5065;NA;135024;300;2020-10-31;5188
2020-10-30;"Trnavský kraj";198;3784;27;3811;NA;135024;225;2020-10-30;4888
2020-10-29;"Trnavský kraj";273;1461;16;1477;NA;135024;289;2020-10-29;4663
2020-10-28;"Trnavský kraj";319;117;16;133;NA;135024;335;2020-10-28;4374
2020-10-27;"Trnavský kraj";199;461;36;497;NA;135024;235;2020-10-27;4039
2020-10-26;"Trnavský kraj";153;29;2;31;NA;135024;155;2020-10-26;3804
2020-10-25;"Trnavský kraj";95;19;1;20;NA;135024;96;2020-10-25;3649
2020-10-24;"Trnavský kraj";158;109;2;111;NA;135024;160;2020-10-24;3553
2020-10-23;"Trnavský kraj";201;89;4;93;NA;135024;205;2020-10-23;3393
2020-10-22;"Trnavský kraj";195;55;2;57;NA;135024;197;2020-10-22;3188
2020-10-21;"Trnavský kraj";134;73;3;76;NA;135024;137;2020-10-21;2991
2020-10-20;"Trnavský kraj";202;82;3;85;NA;135024;205;2020-10-20;2854
2020-10-19;"Trnavský kraj";67;55;0;55;NA;135024;67;2020-10-19;2649
2020-10-18;"Trnavský kraj";84;0;0;0;NA;135024;84;2020-10-18;2582
2020-10-17;"Trnavský kraj";123;0;0;0;NA;135024;123;2020-10-17;2498
2020-10-16;"Trnavský kraj";86;45;2;47;NA;135024;88;2020-10-16;2375
2020-10-15;"Trnavský kraj";155;66;2;68;NA;135024;157;2020-10-15;2287
2020-10-14;"Trnavský kraj";236;468;3;471;NA;135024;239;2020-10-14;2130
2020-10-13;"Trnavský kraj";138;16;2;18;NA;135024;140;2020-10-13;1891
2020-10-12;"Trnavský kraj";33;41;1;42;NA;135024;34;2020-10-12;1751
2020-10-11;"Trnavský kraj";31;0;0;0;NA;135024;31;2020-10-11;1717
2020-10-10;"Trnavský kraj";128;0;0;0;NA;135024;128;2020-10-10;1686
2020-10-09;"Trnavský kraj";156;0;0;0;NA;135024;156;2020-10-09;1558
2020-10-08;"Trnavský kraj";153;0;0;0;NA;135024;153;2020-10-08;1402
2020-10-07;"Trnavský kraj";80;0;0;0;NA;135024;80;2020-10-07;1249
2020-10-06;"Trnavský kraj";112;0;0;0;NA;135024;112;2020-10-06;1169
2020-10-05;"Trnavský kraj";33;0;0;0;NA;135024;33;2020-10-05;1057
2020-10-04;"Trnavský kraj";44;0;0;0;NA;135024;44;2020-10-04;1024
2020-10-03;"Trnavský kraj";60;0;0;0;NA;135024;60;2020-10-03;980
2020-10-02;"Trnavský kraj";41;0;0;0;NA;135024;41;2020-10-02;920
2020-10-01;"Trnavský kraj";53;0;0;0;NA;135024;53;2020-10-01;879
2020-09-30;"Trnavský kraj";91;0;0;0;NA;135024;91;2020-09-30;826
2020-09-29;"Trnavský kraj";40;0;0;0;NA;135024;40;2020-09-29;735
2020-09-28;"Trnavský kraj";69;0;0;0;NA;135024;69;2020-09-28;695
2020-09-27;"Trnavský kraj";30;0;0;0;NA;135024;30;2020-09-27;626
2020-09-26;"Trnavský kraj";46;0;0;0;NA;135024;46;2020-09-26;596
2020-09-25;"Trnavský kraj";32;0;0;0;NA;135024;32;2020-09-25;550
2020-09-24;"Trnavský kraj";42;0;0;0;NA;135024;42;2020-09-24;518
2020-09-23;"Trnavský kraj";43;0;0;0;NA;135024;43;2020-09-23;476
2020-09-22;"Trnavský kraj";55;0;0;0;NA;135024;55;2020-09-22;433
2020-09-21;"Trnavský kraj";41;0;0;0;NA;135024;41;2020-09-21;378
2020-09-20;"Trnavský kraj";17;0;0;0;NA;135024;17;2020-09-20;337
2020-09-19;"Trnavský kraj";4;0;0;0;NA;135024;4;2020-09-19;320
2020-09-18;"Trnavský kraj";33;0;0;0;NA;135024;33;2020-09-18;316
2020-09-17;"Trnavský kraj";42;0;0;0;NA;135024;42;2020-09-17;283
2020-09-16;"Trnavský kraj";49;0;0;0;NA;135024;49;2020-09-16;241
2020-09-15;"Trnavský kraj";5;0;0;0;NA;135024;5;2020-09-15;192
2020-09-14;"Trnavský kraj";26;0;0;0;NA;135024;26;2020-09-14;187
2020-09-13;"Trnavský kraj";9;0;0;0;NA;135024;9;2020-09-13;161
2020-09-12;"Trnavský kraj";12;0;0;0;NA;135024;12;2020-09-12;152
2020-09-11;"Trnavský kraj";16;0;0;0;NA;135024;16;2020-09-11;140
2020-09-10;"Trnavský kraj";32;0;0;0;NA;135024;32;2020-09-10;124
2020-09-09;"Trnavský kraj";14;0;0;0;NA;135024;14;2020-09-09;92
2020-09-08;"Trnavský kraj";11;0;0;0;NA;135024;11;2020-09-08;78
2020-09-07;"Trnavský kraj";7;0;0;0;NA;135024;7;2020-09-07;67
2020-09-06;"Trnavský kraj";5;0;0;0;NA;135024;5;2020-09-06;60
2020-09-05;"Trnavský kraj";7;0;0;0;NA;135024;7;2020-09-05;55
2020-09-04;"Trnavský kraj";16;0;0;0;NA;135024;16;2020-09-04;48
2020-09-03;"Trnavský kraj";8;0;0;0;NA;135024;8;2020-09-03;32
2020-09-02;"Trnavský kraj";7;0;0;0;NA;135024;7;2020-09-02;24
2020-09-01;"Trnavský kraj";1;0;0;0;NA;135024;1;2020-09-01;17
2020-08-31;"Trnavský kraj";6;0;0;0;NA;135024;6;2020-08-31;16
2020-08-30;"Trnavský kraj";1;0;0;0;NA;135024;1;2020-08-30;10
2020-08-29;"Trnavský kraj";3;0;0;0;NA;135024;3;2020-08-29;9
2020-08-28;"Trnavský kraj";14;0;0;0;NA;135024;14;2020-08-28;6
2020-08-27;"Trnavský kraj";6;0;0;0;NA;135024;6;2020-08-27;-8
2020-08-26;"Trnavský kraj";4;0;0;0;NA;135024;4;2020-08-26;-14
2020-08-25;"Trnavský kraj";7;0;0;0;NA;135024;7;2020-08-25;-18
2020-08-24;"Trnavský kraj";1;0;0;0;NA;135024;1;2020-08-24;-25
2020-08-23;"Trnavský kraj";6;0;0;0;NA;135024;6;2020-08-23;-26
2020-08-22;"Trnavský kraj";3;0;0;0;NA;135024;3;2020-08-22;-32
2020-08-21;"Trnavský kraj";4;0;0;0;NA;135024;4;2020-08-21;-35
2020-08-20;"Trnavský kraj";23;0;0;0;NA;135024;23;2020-08-20;-39
2020-08-19;"Trnavský kraj";13;0;0;0;NA;135024;13;2020-08-19;-62
2020-08-18;"Trnavský kraj";20;0;0;0;NA;135024;20;2020-08-18;-75
2020-08-17;"Trnavský kraj";3;0;0;0;NA;135024;3;2020-08-17;-95
2020-08-16;"Trnavský kraj";0;0;0;0;NA;135024;0;2020-08-16;-98
2020-08-15;"Trnavský kraj";7;0;0;0;NA;135024;7;2020-08-15;-98
2020-08-14;"Trnavský kraj";6;0;0;0;NA;135024;6;2020-08-14;-105
2020-08-13;"Trnavský kraj";10;0;0;0;NA;135024;10;2020-08-13;-111
2020-08-12;"Trnavský kraj";2;0;0;0;NA;135024;2;2020-08-12;-121
2020-08-11;"Trnavský kraj";30;0;0;0;NA;135024;30;2020-08-11;-123
2020-08-10;"Trnavský kraj";0;0;0;0;NA;135024;0;2020-08-10;-153
2020-08-09;"Trnavský kraj";0;0;0;0;NA;135024;0;2020-08-09;-153
2020-08-08;"Trnavský kraj";13;0;0;0;NA;135024;13;2020-08-08;-153
2020-08-07;"Trnavský kraj";4;0;0;0;NA;135024;4;2020-08-07;-166
2020-08-06;"Trnavský kraj";4;0;0;0;NA;135024;4;2020-08-06;-170
2020-08-05;"Trnavský kraj";0;0;0;0;NA;135024;0;2020-08-05;-174
2020-08-04;"Trnavský kraj";1;0;0;0;NA;135024;1;2020-08-04;-174
2020-08-03;"Trnavský kraj";2;0;0;0;NA;135024;2;2020-08-03;-175
2020-08-02;"Trnavský kraj";1;0;0;0;NA;135024;1;2020-08-02;-177
2020-08-01;"Trnavský kraj";0;0;0;0;NA;135024;0;2020-08-01;-178
2020-07-31;"Trnavský kraj";7;0;0;0;NA;135024;7;2020-07-31;-178
2020-07-30;"Trnavský kraj";6;0;0;0;NA;135024;6;2020-07-30;-185
2020-07-29;"Trnavský kraj";0;0;0;0;NA;135024;0;2020-07-29;-191
2020-07-28;"Trnavský kraj";1;0;0;0;NA;135024;1;2020-07-28;-191
2020-07-27;"Trnavský kraj";2;0;0;0;NA;135024;2;2020-07-27;-192
2020-07-26;"Trnavský kraj";0;0;0;0;NA;135024;0;2020-07-26;-194
2020-07-25;"Trnavský kraj";0;0;0;0;NA;135024;0;2020-07-25;-194
2020-07-24;"Trnavský kraj";1;0;0;0;NA;135024;1;2020-07-24;-194
2020-07-23;"Trnavský kraj";2;0;0;0;NA;135024;2;2020-07-23;-195
2020-07-22;"Trnavský kraj";1;0;0;0;NA;135024;1;2020-07-22;-197
2020-07-21;"Trnavský kraj";2;0;0;0;NA;135024;2;2020-07-21;-198
2020-07-20;"Trnavský kraj";0;0;0;0;NA;135024;0;2020-07-20;-200
2020-07-19;"Trnavský kraj";0;0;0;0;NA;135024;0;2020-07-19;-200
2020-07-18;"Trnavský kraj";0;0;0;0;NA;135024;0;2020-07-18;-200
2020-07-17;"Trnavský kraj";0;0;0;0;NA;135024;0;2020-07-17;-200
2020-07-16;"Trnavský kraj";0;0;0;0;NA;135024;0;2020-07-16;-200
2020-07-15;"Trnavský kraj";1;0;0;0;NA;135024;1;2020-07-15;-200
2020-07-14;"Trnavský kraj";0;0;0;0;NA;135024;0;2020-07-14;-201
2020-07-13;"Trnavský kraj";0;0;0;0;NA;135024;0;2020-07-13;-201
2020-07-12;"Trnavský kraj";0;0;0;0;NA;135024;0;2020-07-12;-201
2020-07-11;"Trnavský kraj";0;0;0;0;NA;135024;0;2020-07-11;-201
2020-07-10;"Trnavský kraj";0;0;0;0;NA;135024;0;2020-07-10;-201
2020-07-09;"Trnavský kraj";0;0;0;0;NA;135024;0;2020-07-09;-201
2020-07-08;"Trnavský kraj";3;0;0;0;NA;135024;3;2020-07-08;-201
2020-07-07;"Trnavský kraj";4;0;0;0;NA;135024;4;2020-07-07;-204
2020-07-06;"Trnavský kraj";0;0;0;0;NA;135024;0;2020-07-06;-208
2020-07-05;"Trnavský kraj";0;0;0;0;NA;135024;0;2020-07-05;-208
2020-07-04;"Trnavský kraj";0;0;0;0;NA;135024;0;2020-07-04;-208
2020-07-03;"Trnavský kraj";0;0;0;0;NA;135024;0;2020-07-03;-208
2020-07-02;"Trnavský kraj";3;0;0;0;NA;135024;3;2020-07-02;-208
2020-07-01;"Trnavský kraj";0;0;0;0;NA;135024;0;2020-07-01;-211
2020-06-30;"Trnavský kraj";0;0;0;0;NA;135024;0;2020-06-30;-211
2020-06-29;"Trnavský kraj";0;0;0;0;NA;135024;0;2020-06-29;-211
2020-06-28;"Trnavský kraj";0;0;0;0;NA;135024;0;2020-06-28;-211
2020-06-27;"Trnavský kraj";0;0;0;0;NA;135024;0;2020-06-27;-211
2020-06-26;"Trnavský kraj";0;0;0;0;NA;135024;0;2020-06-26;-211
2020-06-25;"Trnavský kraj";0;0;0;0;NA;135024;0;2020-06-25;-211
2020-06-24;"Trnavský kraj";0;0;0;0;NA;135024;0;2020-06-24;-211
2020-06-23;"Trnavský kraj";0;0;0;0;NA;135024;0;2020-06-23;-211
2020-06-22;"Trnavský kraj";0;0;0;0;NA;135024;0;2020-06-22;-211
2020-06-21;"Trnavský kraj";0;0;0;0;NA;135024;0;2020-06-21;-211
2020-06-20;"Trnavský kraj";0;0;0;0;NA;135024;0;2020-06-20;-211
2020-06-19;"Trnavský kraj";0;0;0;0;NA;135024;0;2020-06-19;-211
2020-06-18;"Trnavský kraj";2;0;0;0;NA;135024;2;2020-06-18;-211
2020-06-17;"Trnavský kraj";0;0;0;0;NA;135024;0;2020-06-17;-213
2020-06-16;"Trnavský kraj";0;0;0;0;NA;135024;0;2020-06-16;-213
2020-06-14;"Trnavský kraj";0;0;0;0;NA;135024;0;2020-06-14;-213
2020-06-13;"Trnavský kraj";0;0;0;0;NA;135024;0;2020-06-13;-213
2020-06-12;"Trnavský kraj";0;0;0;0;NA;135024;0;2020-06-12;-213
2020-06-11;"Trnavský kraj";0;0;0;0;NA;135024;0;2020-06-11;-213
2020-06-10;"Trnavský kraj";0;0;0;0;NA;135024;0;2020-06-10;-213
2020-06-09;"Trnavský kraj";0;0;0;0;NA;135024;0;2020-06-09;-213
2020-06-08;"Trnavský kraj";0;0;0;0;NA;135024;0;2020-06-08;-213
2020-06-07;"Trnavský kraj";0;0;0;0;NA;135024;0;2020-06-07;-213
2020-06-05;"Trnavský kraj";0;0;0;0;NA;135024;0;2020-06-05;-213
2020-06-03;"Trnavský kraj";0;0;0;0;NA;135024;0;2020-06-03;-213
2020-06-02;"Trnavský kraj";0;0;0;0;NA;135024;0;2020-06-02;-213
2020-05-31;"Trnavský kraj";0;0;0;0;NA;135024;0;2020-05-31;-213
2020-05-29;"Trnavský kraj";0;0;0;0;NA;135024;0;2020-05-29;-213
2020-05-27;"Trnavský kraj";0;0;0;0;NA;135024;0;2020-05-27;-213
2020-05-26;"Trnavský kraj";0;0;0;0;NA;135024;0;2020-05-26;-213
2020-05-25;"Trnavský kraj";1;0;0;0;NA;135024;1;2020-05-25;-213
2020-05-24;"Trnavský kraj";0;0;0;0;NA;135024;0;2020-05-24;-214
2020-05-23;"Trnavský kraj";2;0;0;0;NA;135024;2;2020-05-23;-214
2020-05-22;"Trnavský kraj";0;0;0;0;NA;135024;0;2020-05-22;-216
2020-05-21;"Trnavský kraj";0;0;0;0;NA;135024;0;2020-05-21;-216
2020-05-20;"Trnavský kraj";2;0;0;0;NA;135024;2;2020-05-20;-216
2020-05-19;"Trnavský kraj";0;0;0;0;NA;135024;0;2020-05-19;-218
2020-05-17;"Trnavský kraj";0;0;0;0;NA;135024;0;2020-05-17;-218
2020-05-16;"Trnavský kraj";0;0;0;0;NA;135024;0;2020-05-16;-218
2020-05-15;"Trnavský kraj";1;0;0;0;NA;135024;1;2020-05-15;-218
2020-05-14;"Trnavský kraj";0;0;0;0;NA;135024;0;2020-05-14;-219
2020-05-13;"Trnavský kraj";0;0;0;0;NA;135024;0;2020-05-13;-219
2020-05-12;"Trnavský kraj";0;0;0;0;NA;135024;0;2020-05-12;-219
2020-05-11;"Trnavský kraj";2;0;0;0;NA;135024;2;2020-05-11;-219
2020-05-09;"Trnavský kraj";0;0;0;0;NA;135024;0;2020-05-09;-221
2020-05-07;"Trnavský kraj";0;0;0;0;NA;135024;0;2020-05-07;-221
2020-05-06;"Trnavský kraj";0;0;0;0;NA;135024;0;2020-05-06;-221
2020-05-05;"Trnavský kraj";0;0;0;0;NA;135024;0;2020-05-05;-221
2020-05-04;"Trnavský kraj";0;0;0;0;NA;135024;0;2020-05-04;-221
2020-05-03;"Trnavský kraj";0;0;0;0;NA;135024;0;2020-05-03;-221
2020-05-02;"Trnavský kraj";0;0;0;0;NA;135024;0;2020-05-02;-221
2020-05-01;"Trnavský kraj";0;0;0;0;NA;135024;0;2020-05-01;-221
2020-04-30;"Trnavský kraj";0;0;0;0;NA;135024;0;2020-04-30;-221
2020-04-29;"Trnavský kraj";0;0;0;0;NA;135024;0;2020-04-29;-221
2020-04-28;"Trnavský kraj";1;0;0;0;NA;135024;1;2020-04-28;-221
2020-04-27;"Trnavský kraj";0;0;0;0;NA;135024;0;2020-04-27;-222
2020-04-26;"Trnavský kraj";0;0;0;0;NA;135024;0;2020-04-26;-222
2020-04-25;"Trnavský kraj";2;0;0;0;NA;135024;2;2020-04-25;-222
2020-04-24;"Trnavský kraj";4;0;0;0;NA;135024;4;2020-04-24;-224
2020-04-23;"Trnavský kraj";5;0;0;0;NA;135024;5;2020-04-23;-228
2020-04-22;"Trnavský kraj";10;0;0;0;NA;135024;10;2020-04-22;-233
2020-04-21;"Trnavský kraj";5;0;0;0;NA;135024;5;2020-04-21;-243
2020-04-20;"Trnavský kraj";0;0;0;0;NA;135024;0;2020-04-20;-248
2020-04-19;"Trnavský kraj";1;0;0;0;NA;135024;1;2020-04-19;-248
2020-04-18;"Trnavský kraj";4;0;0;0;NA;135024;4;2020-04-18;-249
2020-04-17;"Trnavský kraj";7;0;0;0;NA;135024;7;2020-04-17;-253
2020-04-16;"Trnavský kraj";5;0;0;0;NA;135024;5;2020-04-16;-260
2020-04-15;"Trnavský kraj";5;0;0;0;NA;135024;5;2020-04-15;-265
2020-04-14;"Trnavský kraj";1;0;0;0;NA;135024;1;2020-04-14;-270
2020-04-13;"Trnavský kraj";0;0;0;0;NA;135024;0;2020-04-13;-271
2020-04-12;"Trnavský kraj";0;0;0;0;NA;135024;0;2020-04-12;-271
2020-04-11;"Trnavský kraj";0;0;0;0;NA;135024;0;2020-04-11;-271
2020-04-10;"Trnavský kraj";2;0;0;0;NA;135024;2;2020-04-10;-271
2020-04-09;"Trnavský kraj";3;0;0;0;NA;135024;3;2020-04-09;-273
2020-04-08;"Trnavský kraj";4;0;0;0;NA;135024;4;2020-04-08;-276
2020-04-07;"Trnavský kraj";6;0;0;0;NA;135024;6;2020-04-07;-280
2020-04-06;"Trnavský kraj";6;0;0;0;NA;135024;6;2020-04-06;-286
2020-04-05;"Trnavský kraj";1;0;0;0;NA;135024;1;2020-04-05;-292
2020-04-04;"Trnavský kraj";1;0;0;0;NA;135024;1;2020-04-04;-293
2020-04-03;"Trnavský kraj";3;0;0;0;NA;135024;3;2020-04-03;-294
2020-04-02;"Trnavský kraj";4;0;0;0;NA;135024;4;2020-04-02;-297
2020-04-01;"Trnavský kraj";0;0;0;0;NA;135024;0;2020-04-01;-301
2020-03-31;"Trnavský kraj";3;0;0;0;NA;135024;3;2020-03-31;-301
2020-03-30;"Trnavský kraj";4;0;0;0;NA;135024;4;2020-03-30;-304
2020-03-29;"Trnavský kraj";1;0;0;0;NA;135024;1;2020-03-29;-308
2020-03-28;"Trnavský kraj";3;0;0;0;NA;135024;3;2020-03-28;-309
2020-03-27;"Trnavský kraj";5;0;0;0;NA;135024;5;2020-03-27;-312
2020-03-26;"Trnavský kraj";5;0;0;0;NA;135024;5;2020-03-26;-317
2020-03-25;"Trnavský kraj";1;0;0;0;NA;135024;1;2020-03-25;-322
2020-03-24;"Trnavský kraj";0;0;0;0;NA;135024;0;2020-03-24;-323
2020-03-23;"Trnavský kraj";2;0;0;0;NA;135024;2;2020-03-23;-323
2020-03-22;"Trnavský kraj";1;0;0;0;NA;135024;1;2020-03-22;-325
2020-03-21;"Trnavský kraj";5;0;0;0;NA;135024;5;2020-03-21;-326
2020-03-20;"Trnavský kraj";0;0;0;0;NA;135024;0;2020-03-20;-331
2020-03-19;"Trnavský kraj";0;0;0;0;NA;135024;0;2020-03-19;-331
2020-03-18;"Trnavský kraj";0;0;0;0;NA;135024;0;2020-03-18;-331
2020-03-17;"Trnavský kraj";3;0;0;0;NA;135024;3;2020-03-17;-331
2020-03-16;"Trnavský kraj";1;0;0;0;NA;135024;1;2020-03-16;-334
2020-03-15;"Trnavský kraj";0;0;0;0;NA;135024;0;2020-03-15;-335
2020-03-14;"Trnavský kraj";0;0;0;0;NA;135024;0;2020-03-14;-335
2020-03-13;"Trnavský kraj";1;0;0;0;NA;135024;1;2020-03-13;-335
2020-03-12;"Trnavský kraj";1;0;0;0;NA;135024;1;2020-03-12;-336
2020-03-11;"Trnavský kraj";0;0;0;0;NA;135024;0;2020-03-11;-337
2020-03-09;"Trnavský kraj";0;0;0;0;NA;135024;0;2020-03-09;-337
2020-03-08;"Trnavský kraj";0;0;0;0;NA;135024;0;2020-03-08;-337
2020-03-07;"Trnavský kraj";0;0;0;0;NA;135024;0;2020-03-07;-337
2020-03-06;"Trnavský kraj";0;0;0;0;NA;135024;0;2020-03-06;-337
2021-12-12;"Žilinský kraj";340;1736;68;1804;115875;182471;408;2021-12-12;182471
2021-12-11;"Žilinský kraj";761;1765;96;1861;NA;182471;857;2021-12-11;182063
2021-12-10;"Žilinský kraj";638;3756;129;3885;NA;182471;767;2021-12-10;181206
2021-12-09;"Žilinský kraj";870;5822;161;5983;NA;182471;1031;2021-12-09;180439
2021-12-08;"Žilinský kraj";1018;3212;158;3370;NA;182471;1176;2021-12-08;179408
2021-12-07;"Žilinský kraj";1356;5146;160;5306;NA;182471;1516;2021-12-07;178232
2021-12-06;"Žilinský kraj";919;7436;226;7662;NA;182471;1145;2021-12-06;176716
2021-12-05;"Žilinský kraj";505;3306;134;3440;NA;182471;639;2021-12-05;175571
2021-12-04;"Žilinský kraj";704;1892;153;2045;NA;182471;857;2021-12-04;174932
2021-12-03;"Žilinský kraj";1204;4863;215;5078;NA;182471;1419;2021-12-03;174075
2021-12-02;"Žilinský kraj";1847;4120;199;4319;NA;182471;2046;2021-12-02;172656
2021-12-01;"Žilinský kraj";1183;4069;195;4264;NA;182471;1378;2021-12-01;170610
2021-11-30;"Žilinský kraj";1575;5466;252;5718;NA;182471;1827;2021-11-30;169232
2021-11-29;"Žilinský kraj";1395;9065;358;9423;NA;182471;1753;2021-11-29;167405
2021-11-28;"Žilinský kraj";625;4581;235;4816;NA;182471;860;2021-11-28;165652
2021-11-27;"Žilinský kraj";909;2557;192;2749;NA;182471;1101;2021-11-27;164792
2021-11-26;"Žilinský kraj";1195;6580;342;6922;NA;182471;1537;2021-11-26;163691
2021-11-25;"Žilinský kraj";1281;4701;331;5032;NA;182471;1612;2021-11-25;162154
2021-11-24;"Žilinský kraj";1792;4659;324;4983;NA;182471;2116;2021-11-24;160542
2021-11-23;"Žilinský kraj";1630;4654;353;5007;NA;182471;1983;2021-11-23;158426
2021-11-22;"Žilinský kraj";1126;6699;452;7151;NA;182471;1578;2021-11-22;156443
2021-11-21;"Žilinský kraj";443;2865;260;3125;NA;182471;703;2021-11-21;154865
2021-11-20;"Žilinský kraj";963;2104;241;2345;NA;182471;1204;2021-11-20;154162
2021-11-19;"Žilinský kraj";1281;4622;434;5056;NA;182471;1715;2021-11-19;152958
2021-11-18;"Žilinský kraj";1220;4432;376;4808;NA;182471;1596;2021-11-18;151243
2021-11-17;"Žilinský kraj";1001;1434;149;1583;NA;182471;1150;2021-11-17;149647
2021-11-16;"Žilinský kraj";1197;4058;323;4381;NA;182471;1520;2021-11-16;148497
2021-11-15;"Žilinský kraj";977;5050;476;5526;NA;182471;1453;2021-11-15;146977
2021-11-14;"Žilinský kraj";356;2287;262;2549;NA;182471;618;2021-11-14;145524
2021-11-13;"Žilinský kraj";652;1882;220;2102;NA;182471;872;2021-11-13;144906
2021-11-12;"Žilinský kraj";1027;4291;340;4631;NA;182471;1367;2021-11-12;144034
2021-11-11;"Žilinský kraj";924;4192;272;4464;NA;182471;1196;2021-11-11;142667
2021-11-10;"Žilinský kraj";897;4509;305;4814;NA;182471;1202;2021-11-10;141471
2021-11-09;"Žilinský kraj";1440;4619;256;4875;NA;182471;1696;2021-11-09;140269
2021-11-08;"Žilinský kraj";781;4438;425;4863;NA;182471;1206;2021-11-08;138573
2021-11-07;"Žilinský kraj";304;2130;231;2361;NA;182471;535;2021-11-07;137367
2021-11-06;"Žilinský kraj";741;2150;201;2351;NA;182471;942;2021-11-06;136832
2021-11-05;"Žilinský kraj";1064;4067;235;4302;NA;182471;1299;2021-11-05;135890
2021-11-04;"Žilinský kraj";776;3709;232;3941;NA;182471;1008;2021-11-04;134591
2021-11-03;"Žilinský kraj";1106;5550;338;5888;NA;182471;1444;2021-11-03;133583
2021-11-02;"Žilinský kraj";1136;4451;333;4784;NA;182471;1469;2021-11-02;132139
2021-11-01;"Žilinský kraj";399;1456;137;1593;NA;182471;536;2021-11-01;130670
2021-10-31;"Žilinský kraj";344;1387;145;1532;NA;182471;489;2021-10-31;130134
2021-10-30;"Žilinský kraj";571;1944;161;2105;NA;182471;732;2021-10-30;129645
2021-10-29;"Žilinský kraj";733;3339;194;3533;NA;182471;927;2021-10-29;128913
2021-10-28;"Žilinský kraj";639;4953;247;5200;NA;182471;886;2021-10-28;127986
2021-10-27;"Žilinský kraj";739;3446;173;3619;NA;182471;912;2021-10-27;127100
2021-10-26;"Žilinský kraj";945;4748;216;4964;NA;182471;1161;2021-10-26;126188
2021-10-25;"Žilinský kraj";649;5736;271;6007;NA;182471;920;2021-10-25;125027
2021-10-24;"Žilinský kraj";248;1679;107;1786;NA;182471;355;2021-10-24;124107
2021-10-23;"Žilinský kraj";399;2415;149;2564;NA;182471;548;2021-10-23;123752
2021-10-22;"Žilinský kraj";587;3898;151;4049;NA;182471;738;2021-10-22;123204
2021-10-21;"Žilinský kraj";591;3367;162;3529;NA;182471;753;2021-10-21;122466
2021-10-20;"Žilinský kraj";479;3864;154;4018;NA;182471;633;2021-10-20;121713
2021-10-19;"Žilinský kraj";675;3763;161;3924;NA;182471;836;2021-10-19;121080
2021-10-18;"Žilinský kraj";432;5160;271;5431;NA;182471;703;2021-10-18;120244
2021-10-17;"Žilinský kraj";135;1769;101;1870;NA;182471;236;2021-10-17;119541
2021-10-16;"Žilinský kraj";273;2341;100;2441;NA;182471;373;2021-10-16;119305
2021-10-15;"Žilinský kraj";347;3859;146;4005;NA;182471;493;2021-10-15;118932
2021-10-14;"Žilinský kraj";419;3035;110;3145;NA;182471;529;2021-10-14;118439
2021-10-13;"Žilinský kraj";404;3427;112;3539;NA;182471;516;2021-10-13;117910
2021-10-12;"Žilinský kraj";589;4000;141;4141;NA;182471;730;2021-10-12;117394
2021-10-11;"Žilinský kraj";323;4501;154;4655;NA;182471;477;2021-10-11;116664
2021-10-10;"Žilinský kraj";113;1577;77;1654;NA;182471;190;2021-10-10;116187
2021-10-09;"Žilinský kraj";201;1565;57;1622;NA;182471;258;2021-10-09;115997
2021-10-08;"Žilinský kraj";265;4227;99;4326;NA;182471;364;2021-10-08;115739
2021-10-07;"Žilinský kraj";338;3384;113;3497;NA;182471;451;2021-10-07;115375
2021-10-06;"Žilinský kraj";313;3901;89;3990;NA;182471;402;2021-10-06;114924
2021-10-05;"Žilinský kraj";387;4031;122;4153;NA;182471;509;2021-10-05;114522
2021-10-04;"Žilinský kraj";297;4449;121;4570;NA;182471;418;2021-10-04;114013
2021-10-03;"Žilinský kraj";22;1596;63;1659;NA;182471;85;2021-10-03;113595
2021-10-02;"Žilinský kraj";209;1990;45;2035;NA;182471;254;2021-10-02;113510
2021-10-01;"Žilinský kraj";263;4047;104;4151;NA;182471;367;2021-10-01;113256
2021-09-30;"Žilinský kraj";248;3531;71;3602;NA;182471;319;2021-09-30;112889
2021-09-29;"Žilinský kraj";285;3577;82;3659;NA;182471;367;2021-09-29;112570
2021-09-28;"Žilinský kraj";272;3656;73;3729;NA;182471;345;2021-09-28;112203
2021-09-27;"Žilinský kraj";239;4418;152;4570;NA;182471;391;2021-09-27;111858
2021-09-26;"Žilinský kraj";17;1665;42;1707;NA;182471;59;2021-09-26;111467
2021-09-25;"Žilinský kraj";111;1711;50;1761;NA;182471;161;2021-09-25;111408
2021-09-24;"Žilinský kraj";199;6127;98;6225;NA;182471;297;2021-09-24;111247
2021-09-23;"Žilinský kraj";176;2629;74;2703;NA;182471;250;2021-09-23;110950
2021-09-22;"Žilinský kraj";185;2728;77;2805;NA;182471;262;2021-09-22;110700
2021-09-21;"Žilinský kraj";250;3123;78;3201;NA;182471;328;2021-09-21;110438
2021-09-20;"Žilinský kraj";244;3231;95;3326;NA;182471;339;2021-09-20;110110
2021-09-19;"Žilinský kraj";26;1579;37;1616;NA;182471;63;2021-09-19;109771
2021-09-18;"Žilinský kraj";87;1441;45;1486;NA;182471;132;2021-09-18;109708
2021-09-17;"Žilinský kraj";192;3351;56;3407;NA;182471;248;2021-09-17;109576
2021-09-16;"Žilinský kraj";164;2744;87;2831;NA;182471;251;2021-09-16;109328
2021-09-15;"Žilinský kraj";31;555;11;566;NA;182471;42;2021-09-15;109077
2021-09-14;"Žilinský kraj";155;3268;61;3329;NA;182471;216;2021-09-14;109035
2021-09-13;"Žilinský kraj";81;3231;75;3306;NA;182471;156;2021-09-13;108819
2021-09-12;"Žilinský kraj";9;1138;24;1162;NA;182471;33;2021-09-12;108663
2021-09-11;"Žilinský kraj";47;1322;21;1343;NA;182471;68;2021-09-11;108630
2021-09-10;"Žilinský kraj";66;2439;34;2473;NA;182471;100;2021-09-10;108562
2021-09-09;"Žilinský kraj";56;2352;18;2370;NA;182471;74;2021-09-09;108462
2021-09-08;"Žilinský kraj";68;1560;24;1584;NA;182471;92;2021-09-08;108388
2021-09-07;"Žilinský kraj";72;1806;27;1833;NA;182471;99;2021-09-07;108296
2021-09-06;"Žilinský kraj";31;2381;45;2426;NA;182471;76;2021-09-06;108197
2021-09-05;"Žilinský kraj";11;785;8;793;NA;182471;19;2021-09-05;108121
2021-09-04;"Žilinský kraj";24;1080;5;1085;NA;182471;29;2021-09-04;108102
2021-09-03;"Žilinský kraj";52;2047;28;2075;NA;182471;80;2021-09-03;108073
2021-09-02;"Žilinský kraj";30;1432;22;1454;NA;182471;52;2021-09-02;107993
2021-09-01;"Žilinský kraj";5;461;6;467;NA;182471;11;2021-09-01;107941
2021-08-31;"Žilinský kraj";32;1710;15;1725;NA;182471;47;2021-08-31;107930
2021-08-30;"Žilinský kraj";7;1801;4;1805;NA;182471;11;2021-08-30;107883
2021-08-29;"Žilinský kraj";8;631;5;636;NA;182471;13;2021-08-29;107872
2021-08-28;"Žilinský kraj";2;1005;1;1006;NA;182471;3;2021-08-28;107859
2021-08-27;"Žilinský kraj";13;1765;12;1777;NA;182471;25;2021-08-27;107856
2021-08-26;"Žilinský kraj";17;1636;7;1643;NA;182471;24;2021-08-26;107831
2021-08-25;"Žilinský kraj";9;1203;11;1214;NA;182471;20;2021-08-25;107807
2021-08-24;"Žilinský kraj";6;1395;9;1404;NA;182471;15;2021-08-24;107787
2021-08-23;"Žilinský kraj";11;1877;7;1884;NA;182471;18;2021-08-23;107772
2021-08-22;"Žilinský kraj";2;733;3;736;NA;182471;5;2021-08-22;107754
2021-08-21;"Žilinský kraj";6;1183;2;1185;NA;182471;8;2021-08-21;107749
2021-08-20;"Žilinský kraj";7;2284;5;2289;NA;182471;12;2021-08-20;107741
2021-08-19;"Žilinský kraj";6;1281;3;1284;NA;182471;9;2021-08-19;107729
2021-08-18;"Žilinský kraj";4;1331;7;1338;NA;182471;11;2021-08-18;107720
2021-08-17;"Žilinský kraj";9;1219;3;1222;NA;182471;12;2021-08-17;107709
2021-08-16;"Žilinský kraj";14;1696;5;1701;NA;182471;19;2021-08-16;107697
2021-08-15;"Žilinský kraj";1;880;2;882;NA;182471;3;2021-08-15;107678
2021-08-14;"Žilinský kraj";5;1197;0;1197;NA;182471;5;2021-08-14;107675
2021-08-13;"Žilinský kraj";6;1685;0;1685;NA;182471;6;2021-08-13;107670
2021-08-12;"Žilinský kraj";4;1105;1;1106;NA;182471;5;2021-08-12;107664
2021-08-11;"Žilinský kraj";13;1250;3;1253;NA;182471;16;2021-08-11;107659
2021-08-10;"Žilinský kraj";12;1292;3;1295;NA;182471;15;2021-08-10;107643
2021-08-09;"Žilinský kraj";9;1142;1;1143;NA;182471;10;2021-08-09;107628
2021-08-08;"Žilinský kraj";1;748;5;753;NA;182471;6;2021-08-08;107618
2021-08-07;"Žilinský kraj";7;1192;1;1193;NA;182471;8;2021-08-07;107612
2021-08-06;"Žilinský kraj";1;1347;0;1347;NA;182471;1;2021-08-06;107604
2021-08-05;"Žilinský kraj";7;1148;3;1151;NA;182471;10;2021-08-05;107603
2021-08-04;"Žilinský kraj";12;875;0;875;NA;182471;12;2021-08-04;107593
2021-08-03;"Žilinský kraj";11;918;0;918;NA;182471;11;2021-08-03;107581
2021-08-02;"Žilinský kraj";5;1513;1;1514;NA;182471;6;2021-08-02;107570
2021-08-01;"Žilinský kraj";0;679;2;681;NA;182471;2;2021-08-01;107564
2021-07-31;"Žilinský kraj";4;1114;0;1114;NA;182471;4;2021-07-31;107562
2021-07-30;"Žilinský kraj";3;1671;0;1671;NA;182471;3;2021-07-30;107558
2021-07-29;"Žilinský kraj";1;1299;0;1299;NA;182471;1;2021-07-29;107555
2021-07-28;"Žilinský kraj";4;901;0;901;NA;182471;4;2021-07-28;107554
2021-07-27;"Žilinský kraj";11;1378;0;1378;NA;182471;11;2021-07-27;107550
2021-07-26;"Žilinský kraj";1;1301;1;1302;NA;182471;2;2021-07-26;107539
2021-07-25;"Žilinský kraj";2;828;2;830;NA;182471;4;2021-07-25;107537
2021-07-24;"Žilinský kraj";2;1338;2;1340;NA;182471;4;2021-07-24;107533
2021-07-23;"Žilinský kraj";4;1750;0;1750;NA;182471;4;2021-07-23;107529
2021-07-22;"Žilinský kraj";2;1207;0;1207;NA;182471;2;2021-07-22;107525
2021-07-21;"Žilinský kraj";2;1021;0;1021;NA;182471;2;2021-07-21;107523
2021-07-20;"Žilinský kraj";4;1439;0;1439;NA;182471;4;2021-07-20;107521
2021-07-19;"Žilinský kraj";4;1763;1;1764;NA;182471;5;2021-07-19;107517
2021-07-18;"Žilinský kraj";0;854;1;855;NA;182471;1;2021-07-18;107512
2021-07-17;"Žilinský kraj";0;1350;0;1350;NA;182471;0;2021-07-17;107511
2021-07-16;"Žilinský kraj";2;1767;0;1767;NA;182471;2;2021-07-16;107511
2021-07-15;"Žilinský kraj";2;1577;0;1577;NA;182471;2;2021-07-15;107509
2021-07-14;"Žilinský kraj";5;1042;1;1043;NA;182471;6;2021-07-14;107507
2021-07-13;"Žilinský kraj";3;1709;1;1710;NA;182471;4;2021-07-13;107501
2021-07-12;"Žilinský kraj";3;1325;1;1326;NA;182471;4;2021-07-12;107497
2021-07-11;"Žilinský kraj";2;989;0;989;NA;182471;2;2021-07-11;107493
2021-07-10;"Žilinský kraj";1;1511;4;1515;NA;182471;5;2021-07-10;107491
2021-07-09;"Žilinský kraj";1;2208;1;2209;NA;182471;2;2021-07-09;107486
2021-07-08;"Žilinský kraj";6;1776;3;1779;NA;182471;9;2021-07-08;107484
2021-07-07;"Žilinský kraj";1;1585;3;1588;NA;182471;4;2021-07-07;107475
2021-07-06;"Žilinský kraj";4;1956;0;1956;NA;182471;4;2021-07-06;107471
2021-07-05;"Žilinský kraj";2;1031;1;1032;NA;182471;3;2021-07-05;107467
2021-07-04;"Žilinský kraj";0;1003;0;1003;NA;182471;0;2021-07-04;107464
2021-07-03;"Žilinský kraj";1;1696;2;1698;NA;182471;3;2021-07-03;107464
2021-07-02;"Žilinský kraj";0;3356;2;3358;NA;182471;2;2021-07-02;107461
2021-07-01;"Žilinský kraj";1;1118;0;1118;NA;182471;1;2021-07-01;107459
2021-06-30;"Žilinský kraj";1;10464;6;10470;NA;182471;7;2021-06-30;107458
2021-06-29;"Žilinský kraj";10;5946;0;5946;NA;182471;10;2021-06-29;107451
2021-06-28;"Žilinský kraj";4;6245;2;6247;NA;182471;6;2021-06-28;107441
2021-06-27;"Žilinský kraj";3;4702;1;4703;NA;182471;4;2021-06-27;107435
2021-06-26;"Žilinský kraj";4;5919;0;5919;NA;182471;4;2021-06-26;107431
2021-06-25;"Žilinský kraj";8;9756;5;9761;NA;182471;13;2021-06-25;107427
2021-06-24;"Žilinský kraj";6;5657;3;5660;NA;182471;9;2021-06-24;107414
2021-06-23;"Žilinský kraj";7;5955;10;5965;NA;182471;17;2021-06-23;107405
2021-06-22;"Žilinský kraj";6;5214;8;5222;NA;182471;14;2021-06-22;107388
2021-06-21;"Žilinský kraj";6;6287;8;6295;NA;182471;14;2021-06-21;107374
2021-06-20;"Žilinský kraj";1;5531;8;5539;NA;182471;9;2021-06-20;107360
2021-06-19;"Žilinský kraj";9;8353;2;8355;NA;182471;11;2021-06-19;107351
2021-06-18;"Žilinský kraj";11;10624;12;10636;NA;182471;23;2021-06-18;107340
2021-06-17;"Žilinský kraj";10;6092;12;6104;NA;182471;22;2021-06-17;107317
2021-06-16;"Žilinský kraj";17;5786;11;5797;NA;182471;28;2021-06-16;107295
2021-06-15;"Žilinský kraj";13;5996;13;6009;NA;182471;26;2021-06-15;107267
2021-06-14;"Žilinský kraj";10;7596;21;7617;NA;182471;31;2021-06-14;107241
2021-06-13;"Žilinský kraj";2;6682;9;6691;NA;182471;11;2021-06-13;107210
2021-06-12;"Žilinský kraj";9;8634;11;8645;NA;182471;20;2021-06-12;107199
2021-06-11;"Žilinský kraj";11;11566;14;11580;NA;182471;25;2021-06-11;107179
2021-06-10;"Žilinský kraj";14;6788;14;6802;NA;182471;28;2021-06-10;107154
2021-06-09;"Žilinský kraj";23;5925;14;5939;NA;182471;37;2021-06-09;107126
2021-06-08;"Žilinský kraj";18;6615;16;6631;NA;182471;34;2021-06-08;107089
2021-06-07;"Žilinský kraj";25;8534;21;8555;NA;182471;46;2021-06-07;107055
2021-06-06;"Žilinský kraj";10;8056;27;8083;NA;182471;37;2021-06-06;107009
2021-06-05;"Žilinský kraj";8;9175;10;9185;NA;182471;18;2021-06-05;106972
2021-06-04;"Žilinský kraj";19;12260;34;12294;NA;182471;53;2021-06-04;106954
2021-06-03;"Žilinský kraj";12;7033;33;7066;NA;182471;45;2021-06-03;106901
2021-06-02;"Žilinský kraj";17;7090;28;7118;NA;182471;45;2021-06-02;106856
2021-06-01;"Žilinský kraj";38;8285;46;8331;NA;182471;84;2021-06-01;106811
2021-05-31;"Žilinský kraj";31;9616;59;9675;NA;182471;90;2021-05-31;106727
2021-05-30;"Žilinský kraj";21;9025;35;9060;NA;182471;56;2021-05-30;106637
2021-05-29;"Žilinský kraj";13;11195;23;11218;NA;182471;36;2021-05-29;106581
2021-05-28;"Žilinský kraj";28;13277;30;13307;NA;182471;58;2021-05-28;106545
2021-05-27;"Žilinský kraj";17;8267;39;8306;NA;182471;56;2021-05-27;106487
2021-05-26;"Žilinský kraj";20;8329;25;8354;NA;182471;45;2021-05-26;106431
2021-05-25;"Žilinský kraj";21;9624;38;9662;NA;182471;59;2021-05-25;106386
2021-05-24;"Žilinský kraj";36;11487;57;11544;NA;182471;93;2021-05-24;106327
2021-05-23;"Žilinský kraj";4;10923;56;10979;NA;182471;60;2021-05-23;106234
2021-05-22;"Žilinský kraj";21;11893;28;11921;NA;182471;49;2021-05-22;106174
2021-05-21;"Žilinský kraj";28;15654;50;15704;NA;182471;78;2021-05-21;106125
2021-05-20;"Žilinský kraj";30;9616;30;9646;NA;182471;60;2021-05-20;106047
2021-05-19;"Žilinský kraj";46;8693;41;8734;NA;182471;87;2021-05-19;105987
2021-05-18;"Žilinský kraj";52;10609;44;10653;NA;182471;96;2021-05-18;105900
2021-05-17;"Žilinský kraj";51;12676;84;12760;NA;182471;135;2021-05-17;105804
2021-05-16;"Žilinský kraj";13;14114;42;14156;NA;182471;55;2021-05-16;105669
2021-05-15;"Žilinský kraj";30;18404;35;18439;NA;182471;65;2021-05-15;105614
2021-05-14;"Žilinský kraj";34;21205;82;21287;NA;182471;116;2021-05-14;105549
2021-05-13;"Žilinský kraj";64;11865;51;11916;NA;182471;115;2021-05-13;105433
2021-05-12;"Žilinský kraj";57;10337;51;10388;NA;182471;108;2021-05-12;105318
2021-05-11;"Žilinský kraj";70;12174;51;12225;NA;182471;121;2021-05-11;105210
2021-05-10;"Žilinský kraj";69;16182;72;16254;NA;182471;141;2021-05-10;105089
2021-05-09;"Žilinský kraj";58;20385;77;20462;NA;182471;135;2021-05-09;104948
2021-05-08;"Žilinský kraj";0;24133;63;24196;NA;182471;63;2021-05-08;104813
2021-05-07;"Žilinský kraj";65;26522;87;26609;NA;182471;152;2021-05-07;104750
2021-05-06;"Žilinský kraj";67;16605;72;16677;NA;182471;139;2021-05-06;104598
2021-05-05;"Žilinský kraj";71;13096;73;13169;NA;182471;144;2021-05-05;104459
2021-05-04;"Žilinský kraj";81;16749;80;16829;NA;182471;161;2021-05-04;104315
2021-05-03;"Žilinský kraj";97;20391;111;20502;NA;182471;208;2021-05-03;104154
2021-05-02;"Žilinský kraj";8;28886;64;28950;NA;182471;72;2021-05-02;103946
2021-05-01;"Žilinský kraj";65;55053;105;55158;NA;182471;170;2021-05-01;103874
2021-04-30;"Žilinský kraj";84;44000;117;44117;NA;182471;201;2021-04-30;103704
2021-04-29;"Žilinský kraj";77;24566;101;24667;NA;182471;178;2021-04-29;103503
2021-04-28;"Žilinský kraj";76;19214;91;19305;NA;182471;167;2021-04-28;103325
2021-04-27;"Žilinský kraj";97;21805;110;21915;NA;182471;207;2021-04-27;103158
2021-04-26;"Žilinský kraj";114;27412;136;27548;NA;182471;250;2021-04-26;102951
2021-04-25;"Žilinský kraj";38;35750;82;35832;NA;182471;120;2021-04-25;102701
2021-04-24;"Žilinský kraj";93;78854;157;79011;NA;182471;250;2021-04-24;102581
2021-04-23;"Žilinský kraj";144;49440;153;49593;NA;182471;297;2021-04-23;102331
2021-04-22;"Žilinský kraj";110;25224;132;25356;NA;182471;242;2021-04-22;102034
2021-04-21;"Žilinský kraj";118;20616;145;20761;NA;182471;263;2021-04-21;101792
2021-04-20;"Žilinský kraj";128;23873;136;24009;NA;182471;264;2021-04-20;101529
2021-04-19;"Žilinský kraj";164;32773;210;32983;NA;182471;374;2021-04-19;101265
2021-04-18;"Žilinský kraj";18;36767;91;36858;NA;182471;109;2021-04-18;100891
2021-04-17;"Žilinský kraj";108;89377;156;89533;NA;182471;264;2021-04-17;100782
2021-04-16;"Žilinský kraj";185;47847;208;48055;NA;182471;393;2021-04-16;100518
2021-04-15;"Žilinský kraj";108;24830;130;24960;NA;182471;238;2021-04-15;100125
2021-04-14;"Žilinský kraj";135;23145;145;23290;NA;182471;280;2021-04-14;99887
2021-04-13;"Žilinský kraj";171;25050;135;25185;NA;182471;306;2021-04-13;99607
2021-04-12;"Žilinský kraj";266;30794;189;30983;NA;182471;455;2021-04-12;99301
2021-04-11;"Žilinský kraj";19;37126;107;37233;NA;182471;126;2021-04-11;98846
2021-04-10;"Žilinský kraj";111;86284;237;86521;NA;182471;348;2021-04-10;98720
2021-04-09;"Žilinský kraj";195;41973;206;42179;NA;182471;401;2021-04-09;98372
2021-04-08;"Žilinský kraj";179;24404;141;24545;NA;182471;320;2021-04-08;97971
2021-04-07;"Žilinský kraj";309;28651;174;28825;NA;182471;483;2021-04-07;97651
2021-04-06;"Žilinský kraj";308;40107;301;40408;NA;182471;609;2021-04-06;97168
2021-04-05;"Žilinský kraj";17;14747;140;14887;NA;182471;157;2021-04-05;96559
2021-04-04;"Žilinský kraj";17;16284;69;16353;NA;182471;86;2021-04-04;96402
2021-04-03;"Žilinský kraj";180;100699;403;101102;NA;182471;583;2021-04-03;96316
2021-04-02;"Žilinský kraj";73;22411;83;22494;NA;182471;156;2021-04-02;95733
2021-04-01;"Žilinský kraj";334;43264;240;43504;NA;182471;574;2021-04-01;95577
2021-03-31;"Žilinský kraj";170;31635;247;31882;NA;182471;417;2021-03-31;95003
2021-03-30;"Žilinský kraj";406;26323;243;26566;NA;182471;649;2021-03-30;94586
2021-03-29;"Žilinský kraj";297;28029;268;28297;NA;182471;565;2021-03-29;93937
2021-03-28;"Žilinský kraj";21;36206;239;36445;NA;182471;260;2021-03-28;93372
2021-03-27;"Žilinský kraj";151;89107;353;89460;NA;182471;504;2021-03-27;93112
2021-03-26;"Žilinský kraj";312;51757;330;52087;NA;182471;642;2021-03-26;92608
2021-03-25;"Žilinský kraj";281;27619;214;27833;NA;182471;495;2021-03-25;91966
2021-03-24;"Žilinský kraj";280;21268;260;21528;NA;182471;540;2021-03-24;91471
2021-03-23;"Žilinský kraj";418;23193;278;23471;NA;182471;696;2021-03-23;90931
2021-03-22;"Žilinský kraj";293;29289;314;29603;NA;182471;607;2021-03-22;90235
2021-03-21;"Žilinský kraj";32;33705;227;33932;NA;182471;259;2021-03-21;89628
2021-03-20;"Žilinský kraj";165;93015;497;93512;NA;182471;662;2021-03-20;89369
2021-03-19;"Žilinský kraj";357;51988;414;52402;NA;182471;771;2021-03-19;88707
2021-03-18;"Žilinský kraj";329;28459;294;28753;NA;182471;623;2021-03-18;87936
2021-03-17;"Žilinský kraj";395;21919;269;22188;NA;182471;664;2021-03-17;87313
2021-03-16;"Žilinský kraj";514;24341;317;24658;NA;182471;831;2021-03-16;86649
2021-03-15;"Žilinský kraj";341;29613;419;30032;NA;182471;760;2021-03-15;85818
2021-03-14;"Žilinský kraj";87;34121;267;34388;NA;182471;354;2021-03-14;85058
2021-03-13;"Žilinský kraj";113;93386;581;93967;NA;182471;694;2021-03-13;84704
2021-03-12;"Žilinský kraj";520;52329;411;52740;NA;182471;931;2021-03-12;84010
2021-03-11;"Žilinský kraj";399;28189;302;28491;NA;182471;701;2021-03-11;83079
2021-03-10;"Žilinský kraj";368;22414;378;22792;NA;182471;746;2021-03-10;82378
2021-03-09;"Žilinský kraj";537;24857;316;25173;NA;182471;853;2021-03-09;81632
2021-03-08;"Žilinský kraj";387;30873;458;31331;NA;182471;845;2021-03-08;80779
2021-03-07;"Žilinský kraj";48;33469;290;33759;NA;182471;338;2021-03-07;79934
2021-03-06;"Žilinský kraj";173;92410;589;92999;NA;182471;762;2021-03-06;79596
2021-03-05;"Žilinský kraj";369;51987;484;52471;NA;182471;853;2021-03-05;78834
2021-03-04;"Žilinský kraj";467;30037;377;30414;NA;182471;844;2021-03-04;77981
2021-03-03;"Žilinský kraj";448;26261;394;26655;NA;182471;842;2021-03-03;77137
2021-03-02;"Žilinský kraj";551;25913;378;26291;NA;182471;929;2021-03-02;76295
2021-03-01;"Žilinský kraj";375;30498;441;30939;NA;182471;816;2021-03-01;75366
2021-02-28;"Žilinský kraj";61;34802;327;35129;NA;182471;388;2021-02-28;74550
2021-02-27;"Žilinský kraj";159;83781;639;84420;NA;182471;798;2021-02-27;74162
2021-02-26;"Žilinský kraj";459;47500;508;48008;NA;182471;967;2021-02-26;73364
2021-02-25;"Žilinský kraj";347;30879;393;31272;NA;182471;740;2021-02-25;72397
2021-02-24;"Žilinský kraj";339;18760;395;19155;NA;182471;734;2021-02-24;71657
2021-02-23;"Žilinský kraj";437;22172;418;22590;NA;182471;855;2021-02-23;70923
2021-02-22;"Žilinský kraj";345;29270;438;29708;NA;182471;783;2021-02-22;70068
2021-02-21;"Žilinský kraj";36;28686;322;29008;NA;182471;358;2021-02-21;69285
2021-02-20;"Žilinský kraj";152;89944;671;90615;NA;182471;823;2021-02-20;68927
2021-02-19;"Žilinský kraj";337;45541;417;45958;NA;182471;754;2021-02-19;68104
2021-02-18;"Žilinský kraj";263;24662;337;24999;NA;182471;600;2021-02-18;67350
2021-02-17;"Žilinský kraj";269;17932;355;18287;NA;182471;624;2021-02-17;66750
2021-02-16;"Žilinský kraj";321;24298;325;24623;NA;182471;646;2021-02-16;66126
2021-02-15;"Žilinský kraj";230;30420;311;30731;NA;182471;541;2021-02-15;65480
2021-02-14;"Žilinský kraj";30;28574;231;28805;NA;182471;261;2021-02-14;64939
2021-02-13;"Žilinský kraj";91;69638;453;70091;NA;182471;544;2021-02-13;64678
2021-02-12;"Žilinský kraj";242;43338;336;43674;NA;182471;578;2021-02-12;64134
2021-02-11;"Žilinský kraj";228;23521;300;23821;NA;182471;528;2021-02-11;63556
2021-02-10;"Žilinský kraj";259;17894;267;18161;NA;182471;526;2021-02-10;63028
2021-02-09;"Žilinský kraj";377;24784;274;25058;NA;182471;651;2021-02-09;62502
2021-02-08;"Žilinský kraj";160;41375;390;41765;NA;182471;550;2021-02-08;61851
2021-02-07;"Žilinský kraj";24;46446;252;46698;NA;182471;276;2021-02-07;61301
2021-02-06;"Žilinský kraj";71;72880;367;73247;NA;182471;438;2021-02-06;61025
2021-02-05;"Žilinský kraj";248;31869;323;32192;NA;182471;571;2021-02-05;60587
2021-02-04;"Žilinský kraj";238;13240;258;13498;NA;182471;496;2021-02-04;60016
2021-02-03;"Žilinský kraj";194;9186;255;9441;NA;182471;449;2021-02-03;59520
2021-02-02;"Žilinský kraj";216;9280;272;9552;NA;182471;488;2021-02-02;59071
2021-02-01;"Žilinský kraj";220;19690;370;20060;NA;182471;590;2021-02-01;58583
2021-01-31;"Žilinský kraj";11;2652;27;2679;NA;182471;38;2021-01-31;57993
2021-01-30;"Žilinský kraj";85;18447;187;18634;NA;182471;272;2021-01-30;57955
2021-01-29;"Žilinský kraj";209;22891;304;23195;NA;182471;513;2021-01-29;57683
2021-01-28;"Žilinský kraj";240;5533;172;5705;NA;182471;412;2021-01-28;57170
2021-01-27;"Žilinský kraj";256;6725;119;6844;NA;182471;375;2021-01-27;56758
2021-01-26;"Žilinský kraj";245;49781;348;50129;NA;182471;593;2021-01-26;56383
2021-01-25;"Žilinský kraj";159;21245;150;21395;NA;182471;309;2021-01-25;55790
2021-01-24;"Žilinský kraj";22;55835;268;56103;NA;182471;290;2021-01-24;55481
2021-01-23;"Žilinský kraj";91;101730;444;102174;NA;182471;535;2021-01-23;55191
2021-01-22;"Žilinský kraj";163;32160;237;32397;NA;182471;400;2021-01-22;54656
2021-01-21;"Žilinský kraj";116;19828;181;20009;NA;182471;297;2021-01-21;54256
2021-01-20;"Žilinský kraj";236;17126;159;17285;NA;182471;395;2021-01-20;53959
2021-01-19;"Žilinský kraj";245;15730;285;16015;NA;182471;530;2021-01-19;53564
2021-01-18;"Žilinský kraj";236;12685;326;13011;NA;182471;562;2021-01-18;53034
2021-01-17;"Žilinský kraj";95;147;8;155;NA;182471;103;2021-01-17;52472
2021-01-16;"Žilinský kraj";14;516;31;547;NA;182471;45;2021-01-16;52369
2021-01-15;"Žilinský kraj";248;7486;209;7695;NA;182471;457;2021-01-15;52324
2021-01-14;"Žilinský kraj";166;5319;239;5558;NA;182471;405;2021-01-14;51867
2021-01-13;"Žilinský kraj";247;11263;557;11820;NA;182471;804;2021-01-13;51462
2021-01-12;"Žilinský kraj";376;8410;385;8795;NA;182471;761;2021-01-12;50658
2021-01-11;"Žilinský kraj";351;10058;465;10523;NA;182471;816;2021-01-11;49897
2021-01-10;"Žilinský kraj";38;229;6;235;NA;182471;44;2021-01-10;49081
2021-01-09;"Žilinský kraj";192;1282;60;1342;NA;182471;252;2021-01-09;49037
2021-01-08;"Žilinský kraj";413;8721;462;9183;NA;182471;875;2021-01-08;48785
2021-01-07;"Žilinský kraj";438;23407;1872;25279;NA;182471;2310;2021-01-07;47910
2021-01-06;"Žilinský kraj";145;1076;67;1143;NA;182471;212;2021-01-06;45600
2021-01-05;"Žilinský kraj";717;10227;796;11023;NA;182471;1513;2021-01-05;45388
2021-01-04;"Žilinský kraj";479;9313;893;10206;NA;182471;1372;2021-01-04;43875
2021-01-03;"Žilinský kraj";13;1006;107;1113;NA;182471;120;2021-01-03;42503
2021-01-02;"Žilinský kraj";98;789;91;880;NA;182471;189;2021-01-02;42383
2021-01-01;"Žilinský kraj";118;241;13;254;NA;182471;131;2021-01-01;42194
2020-12-31;"Žilinský kraj";395;9626;784;10410;NA;182471;1179;2020-12-31;42063
2020-12-30;"Žilinský kraj";1038;11781;823;12604;NA;182471;1861;2020-12-30;40884
2020-12-29;"Žilinský kraj";256;10159;979;11138;NA;182471;1235;2020-12-29;39023
2020-12-28;"Žilinský kraj";406;10704;976;11680;NA;182471;1382;2020-12-28;37788
2020-12-27;"Žilinský kraj";40;684;94;778;NA;182471;134;2020-12-27;36406
2020-12-26;"Žilinský kraj";135;593;48;641;NA;182471;183;2020-12-26;36272
2020-12-25;"Žilinský kraj";66;83;9;92;NA;182471;75;2020-12-25;36089
2020-12-24;"Žilinský kraj";643;667;55;722;NA;182471;698;2020-12-24;36014
2020-12-23;"Žilinský kraj";228;16229;975;17204;NA;182471;1203;2020-12-23;35316
2020-12-22;"Žilinský kraj";519;13483;988;14471;NA;182471;1507;2020-12-22;34113
2020-12-21;"Žilinský kraj";444;12429;1078;13507;NA;182471;1522;2020-12-21;32606
2020-12-20;"Žilinský kraj";36;598;80;678;NA;182471;116;2020-12-20;31084
2020-12-19;"Žilinský kraj";208;1678;127;1805;NA;182471;335;2020-12-19;30968
2020-12-18;"Žilinský kraj";333;6553;370;6923;NA;182471;703;2020-12-18;30633
2020-12-17;"Žilinský kraj";500;3922;262;4184;NA;182471;762;2020-12-17;29930
2020-12-16;"Žilinský kraj";333;3815;267;4082;NA;182471;600;2020-12-16;29168
2020-12-15;"Žilinský kraj";528;3729;340;4069;NA;182471;868;2020-12-15;28568
2020-12-14;"Žilinský kraj";321;3884;309;4193;NA;182471;630;2020-12-14;27700
2020-12-13;"Žilinský kraj";26;494;66;560;NA;182471;92;2020-12-13;27070
2020-12-12;"Žilinský kraj";95;767;46;813;NA;182471;141;2020-12-12;26978
2020-12-11;"Žilinský kraj";455;3938;227;4165;NA;182471;682;2020-12-11;26837
2020-12-10;"Žilinský kraj";166;9129;838;9967;NA;182471;1004;2020-12-10;26155
2020-12-09;"Žilinský kraj";392;2169;132;2301;NA;182471;524;2020-12-09;25151
2020-12-08;"Žilinský kraj";331;3127;101;3228;NA;182471;432;2020-12-08;24627
2020-12-07;"Žilinský kraj";348;2746;162;2908;NA;182471;510;2020-12-07;24195
2020-12-06;"Žilinský kraj";15;128;6;134;NA;182471;21;2020-12-06;23685
2020-12-05;"Žilinský kraj";98;781;41;822;NA;182471;139;2020-12-05;23664
2020-12-04;"Žilinský kraj";228;3091;107;3198;NA;182471;335;2020-12-04;23525
2020-12-03;"Žilinský kraj";237;1609;115;1724;NA;182471;352;2020-12-03;23190
2020-12-02;"Žilinský kraj";181;1710;94;1804;NA;182471;275;2020-12-02;22838
2020-12-01;"Žilinský kraj";209;6239;284;6523;NA;182471;493;2020-12-01;22563
2020-11-30;"Žilinský kraj";203;5326;305;5631;NA;182471;508;2020-11-30;22070
2020-11-29;"Žilinský kraj";18;81;7;88;NA;182471;25;2020-11-29;21562
2020-11-28;"Žilinský kraj";99;349;15;364;NA;182471;114;2020-11-28;21537
2020-11-27;"Žilinský kraj";218;904;46;950;NA;182471;264;2020-11-27;21423
2020-11-26;"Žilinský kraj";190;1041;54;1095;NA;182471;244;2020-11-26;21159
2020-11-25;"Žilinský kraj";225;1217;49;1266;NA;182471;274;2020-11-25;20915
2020-11-24;"Žilinský kraj";213;2139;67;2206;NA;182471;280;2020-11-24;20641
2020-11-23;"Žilinský kraj";170;759;44;803;NA;182471;214;2020-11-23;20361
2020-11-22;"Žilinský kraj";11;67;2;69;NA;182471;13;2020-11-22;20147
2020-11-21;"Žilinský kraj";61;505;20;525;NA;182471;81;2020-11-21;20134
2020-11-20;"Žilinský kraj";251;1074;45;1119;NA;182471;296;2020-11-20;20053
2020-11-19;"Žilinský kraj";252;752;61;813;NA;182471;313;2020-11-19;19757
2020-11-18;"Žilinský kraj";346;348;15;363;NA;182471;361;2020-11-18;19444
2020-11-17;"Žilinský kraj";123;490;15;505;NA;182471;138;2020-11-17;19083
2020-11-16;"Žilinský kraj";227;247;15;262;NA;182471;242;2020-11-16;18945
2020-11-15;"Žilinský kraj";63;13;0;13;NA;182471;63;2020-11-15;18703
2020-11-14;"Žilinský kraj";189;1038;11;1049;NA;182471;200;2020-11-14;18640
2020-11-13;"Žilinský kraj";181;125;9;134;NA;182471;190;2020-11-13;18440
2020-11-12;"Žilinský kraj";334;79;2;81;NA;182471;336;2020-11-12;18250
2020-11-11;"Žilinský kraj";489;147;10;157;NA;182471;499;2020-11-11;17914
2020-11-10;"Žilinský kraj";374;519;9;528;NA;182471;383;2020-11-10;17415
2020-11-09;"Žilinský kraj";143;2335;30;2365;NA;182471;173;2020-11-09;17032
2020-11-08;"Žilinský kraj";59;2538;37;2575;NA;182471;96;2020-11-08;16859
2020-11-07;"Žilinský kraj";312;8175;88;8263;NA;182471;400;2020-11-07;16763
2020-11-06;"Žilinský kraj";503;4090;38;4128;NA;182471;541;2020-11-06;16363
2020-11-05;"Žilinský kraj";473;64;4;68;NA;182471;477;2020-11-05;15822
2020-11-04;"Žilinský kraj";423;178;10;188;NA;182471;433;2020-11-04;15345
2020-11-03;"Žilinský kraj";688;889;16;905;NA;182471;704;2020-11-03;14912
2020-11-02;"Žilinský kraj";472;1043;39;1082;NA;182471;511;2020-11-02;14208
2020-11-01;"Žilinský kraj";349;5096;130;5226;NA;182471;479;2020-11-01;13697
2020-10-31;"Žilinský kraj";661;7963;203;8166;NA;182471;864;2020-10-31;13218
2020-10-30;"Žilinský kraj";529;2575;61;2636;NA;182471;590;2020-10-30;12354
2020-10-29;"Žilinský kraj";740;503;17;520;NA;182471;757;2020-10-29;11764
2020-10-28;"Žilinský kraj";635;105;11;116;NA;182471;646;2020-10-28;11007
2020-10-27;"Žilinský kraj";355;154;24;178;NA;182471;379;2020-10-27;10361
2020-10-26;"Žilinský kraj";148;117;28;145;NA;182471;176;2020-10-26;9982
2020-10-25;"Žilinský kraj";436;0;0;0;NA;182471;436;2020-10-25;9806
2020-10-24;"Žilinský kraj";803;0;0;0;NA;182471;803;2020-10-24;9370
2020-10-23;"Žilinský kraj";659;102;13;115;NA;182471;672;2020-10-23;8567
2020-10-22;"Žilinský kraj";525;33;3;36;NA;182471;528;2020-10-22;7895
2020-10-21;"Žilinský kraj";478;74;14;88;NA;182471;492;2020-10-21;7367
2020-10-20;"Žilinský kraj";524;127;8;135;NA;182471;532;2020-10-20;6875
2020-10-19;"Žilinský kraj";70;80;12;92;NA;182471;82;2020-10-19;6343
2020-10-18;"Žilinský kraj";159;0;0;0;NA;182471;159;2020-10-18;6261
2020-10-17;"Žilinský kraj";509;0;0;0;NA;182471;509;2020-10-17;6102
2020-10-16;"Žilinský kraj";603;51;9;60;NA;182471;612;2020-10-16;5593
2020-10-15;"Žilinský kraj";679;61;3;64;NA;182471;682;2020-10-15;4981
2020-10-14;"Žilinský kraj";523;269;6;275;NA;182471;529;2020-10-14;4299
2020-10-13;"Žilinský kraj";367;458;40;498;NA;182471;407;2020-10-13;3770
2020-10-12;"Žilinský kraj";62;0;0;0;NA;182471;62;2020-10-12;3363
2020-10-11;"Žilinský kraj";50;0;0;0;NA;182471;50;2020-10-11;3301
2020-10-10;"Žilinský kraj";213;0;0;0;NA;182471;213;2020-10-10;3251
2020-10-09;"Žilinský kraj";543;0;0;0;NA;182471;543;2020-10-09;3038
2020-10-08;"Žilinský kraj";238;0;0;0;NA;182471;238;2020-10-08;2495
2020-10-07;"Žilinský kraj";168;0;0;0;NA;182471;168;2020-10-07;2257
2020-10-06;"Žilinský kraj";233;0;0;0;NA;182471;233;2020-10-06;2089
2020-10-05;"Žilinský kraj";33;0;0;0;NA;182471;33;2020-10-05;1856
2020-10-04;"Žilinský kraj";35;0;0;0;NA;182471;35;2020-10-04;1823
2020-10-03;"Žilinský kraj";155;0;0;0;NA;182471;155;2020-10-03;1788
2020-10-02;"Žilinský kraj";105;0;0;0;NA;182471;105;2020-10-02;1633
2020-10-01;"Žilinský kraj";147;0;0;0;NA;182471;147;2020-10-01;1528
2020-09-30;"Žilinský kraj";163;0;0;0;NA;182471;163;2020-09-30;1381
2020-09-29;"Žilinský kraj";105;0;0;0;NA;182471;105;2020-09-29;1218
2020-09-28;"Žilinský kraj";34;0;0;0;NA;182471;34;2020-09-28;1113
2020-09-27;"Žilinský kraj";108;0;0;0;NA;182471;108;2020-09-27;1079
2020-09-26;"Žilinský kraj";96;0;0;0;NA;182471;96;2020-09-26;971
2020-09-25;"Žilinský kraj";69;0;0;0;NA;182471;69;2020-09-25;875
2020-09-24;"Žilinský kraj";100;0;0;0;NA;182471;100;2020-09-24;806
2020-09-23;"Žilinský kraj";65;0;0;0;NA;182471;65;2020-09-23;706
2020-09-22;"Žilinský kraj";65;0;0;0;NA;182471;65;2020-09-22;641
2020-09-21;"Žilinský kraj";47;0;0;0;NA;182471;47;2020-09-21;576
2020-09-20;"Žilinský kraj";4;0;0;0;NA;182471;4;2020-09-20;529
2020-09-19;"Žilinský kraj";6;0;0;0;NA;182471;6;2020-09-19;525
2020-09-18;"Žilinský kraj";82;0;0;0;NA;182471;82;2020-09-18;519
2020-09-17;"Žilinský kraj";30;0;0;0;NA;182471;30;2020-09-17;437
2020-09-16;"Žilinský kraj";34;0;0;0;NA;182471;34;2020-09-16;407
2020-09-15;"Žilinský kraj";12;0;0;0;NA;182471;12;2020-09-15;373
2020-09-14;"Žilinský kraj";39;0;0;0;NA;182471;39;2020-09-14;361
2020-09-13;"Žilinský kraj";6;0;0;0;NA;182471;6;2020-09-13;322
2020-09-12;"Žilinský kraj";4;0;0;0;NA;182471;4;2020-09-12;316
2020-09-11;"Žilinský kraj";31;0;0;0;NA;182471;31;2020-09-11;312
2020-09-10;"Žilinský kraj";31;12;0;12;NA;182471;31;2020-09-10;281
2020-09-09;"Žilinský kraj";23;0;0;0;NA;182471;23;2020-09-09;250
2020-09-08;"Žilinský kraj";25;0;0;0;NA;182471;25;2020-09-08;227
2020-09-07;"Žilinský kraj";11;0;0;0;NA;182471;11;2020-09-07;202
2020-09-06;"Žilinský kraj";0;0;0;0;NA;182471;0;2020-09-06;191
2020-09-05;"Žilinský kraj";2;0;0;0;NA;182471;2;2020-09-05;191
2020-09-04;"Žilinský kraj";33;0;0;0;NA;182471;33;2020-09-04;189
2020-09-03;"Žilinský kraj";18;0;0;0;NA;182471;18;2020-09-03;156
2020-09-02;"Žilinský kraj";16;0;0;0;NA;182471;16;2020-09-02;138
2020-09-01;"Žilinský kraj";4;0;0;0;NA;182471;4;2020-09-01;122
2020-08-31;"Žilinský kraj";5;0;0;0;NA;182471;5;2020-08-31;118
2020-08-30;"Žilinský kraj";3;0;0;0;NA;182471;3;2020-08-30;113
2020-08-29;"Žilinský kraj";5;0;0;0;NA;182471;5;2020-08-29;110
2020-08-28;"Žilinský kraj";13;0;0;0;NA;182471;13;2020-08-28;105
2020-08-27;"Žilinský kraj";18;0;0;0;NA;182471;18;2020-08-27;92
2020-08-26;"Žilinský kraj";8;0;0;0;NA;182471;8;2020-08-26;74
2020-08-25;"Žilinský kraj";2;0;0;0;NA;182471;2;2020-08-25;66
2020-08-24;"Žilinský kraj";5;0;0;0;NA;182471;5;2020-08-24;64
2020-08-23;"Žilinský kraj";0;0;0;0;NA;182471;0;2020-08-23;59
2020-08-22;"Žilinský kraj";0;0;0;0;NA;182471;0;2020-08-22;59
2020-08-21;"Žilinský kraj";10;0;0;0;NA;182471;10;2020-08-21;59
2020-08-20;"Žilinský kraj";13;0;0;0;NA;182471;13;2020-08-20;49
2020-08-19;"Žilinský kraj";7;0;0;0;NA;182471;7;2020-08-19;36
2020-08-18;"Žilinský kraj";9;0;0;0;NA;182471;9;2020-08-18;29
2020-08-17;"Žilinský kraj";1;0;0;0;NA;182471;1;2020-08-17;20
2020-08-16;"Žilinský kraj";0;0;0;0;NA;182471;0;2020-08-16;19
2020-08-15;"Žilinský kraj";0;0;0;0;NA;182471;0;2020-08-15;19
2020-08-14;"Žilinský kraj";4;0;0;0;NA;182471;4;2020-08-14;19
2020-08-13;"Žilinský kraj";2;0;0;0;NA;182471;2;2020-08-13;15
2020-08-12;"Žilinský kraj";0;0;0;0;NA;182471;0;2020-08-12;13
2020-08-11;"Žilinský kraj";4;0;0;0;NA;182471;4;2020-08-11;13
2020-08-10;"Žilinský kraj";1;0;0;0;NA;182471;1;2020-08-10;9
2020-08-09;"Žilinský kraj";0;0;0;0;NA;182471;0;2020-08-09;8
2020-08-08;"Žilinský kraj";3;0;0;0;NA;182471;3;2020-08-08;8
2020-08-07;"Žilinský kraj";8;0;0;0;NA;182471;8;2020-08-07;5
2020-08-06;"Žilinský kraj";1;0;0;0;NA;182471;1;2020-08-06;-3
2020-08-05;"Žilinský kraj";1;0;0;0;NA;182471;1;2020-08-05;-4
2020-08-04;"Žilinský kraj";2;0;0;0;NA;182471;2;2020-08-04;-5
2020-08-03;"Žilinský kraj";0;0;0;0;NA;182471;0;2020-08-03;-7
2020-08-02;"Žilinský kraj";1;0;0;0;NA;182471;1;2020-08-02;-7
2020-08-01;"Žilinský kraj";0;0;0;0;NA;182471;0;2020-08-01;-8
2020-07-31;"Žilinský kraj";4;0;0;0;NA;182471;4;2020-07-31;-8
2020-07-30;"Žilinský kraj";2;0;0;0;NA;182471;2;2020-07-30;-12
2020-07-29;"Žilinský kraj";2;0;0;0;NA;182471;2;2020-07-29;-14
2020-07-28;"Žilinský kraj";4;0;0;0;NA;182471;4;2020-07-28;-16
2020-07-27;"Žilinský kraj";6;0;0;0;NA;182471;6;2020-07-27;-20
2020-07-26;"Žilinský kraj";0;0;0;0;NA;182471;0;2020-07-26;-26
2020-07-25;"Žilinský kraj";0;0;0;0;NA;182471;0;2020-07-25;-26
2020-07-24;"Žilinský kraj";2;0;0;0;NA;182471;2;2020-07-24;-26
2020-07-23;"Žilinský kraj";0;0;0;0;NA;182471;0;2020-07-23;-28
2020-07-22;"Žilinský kraj";1;0;0;0;NA;182471;1;2020-07-22;-28
2020-07-21;"Žilinský kraj";2;0;0;0;NA;182471;2;2020-07-21;-29
2020-07-20;"Žilinský kraj";3;0;0;0;NA;182471;3;2020-07-20;-31
2020-07-19;"Žilinský kraj";0;0;0;0;NA;182471;0;2020-07-19;-34
2020-07-18;"Žilinský kraj";0;0;0;0;NA;182471;0;2020-07-18;-34
2020-07-17;"Žilinský kraj";2;0;0;0;NA;182471;2;2020-07-17;-34
2020-07-16;"Žilinský kraj";2;0;0;0;NA;182471;2;2020-07-16;-36
2020-07-15;"Žilinský kraj";2;0;0;0;NA;182471;2;2020-07-15;-38
2020-07-14;"Žilinský kraj";1;0;0;0;NA;182471;1;2020-07-14;-40
2020-07-13;"Žilinský kraj";0;0;0;0;NA;182471;0;2020-07-13;-41
2020-07-12;"Žilinský kraj";0;0;0;0;NA;182471;0;2020-07-12;-41
2020-07-11;"Žilinský kraj";2;0;0;0;NA;182471;2;2020-07-11;-41
2020-07-10;"Žilinský kraj";3;0;0;0;NA;182471;3;2020-07-10;-43
2020-07-09;"Žilinský kraj";2;0;0;0;NA;182471;2;2020-07-09;-46
2020-07-08;"Žilinský kraj";10;0;0;0;NA;182471;10;2020-07-08;-48
2020-07-07;"Žilinský kraj";7;0;0;0;NA;182471;7;2020-07-07;-58
2020-07-06;"Žilinský kraj";0;0;0;0;NA;182471;0;2020-07-06;-65
2020-07-05;"Žilinský kraj";0;0;0;0;NA;182471;0;2020-07-05;-65
2020-07-04;"Žilinský kraj";10;0;0;0;NA;182471;10;2020-07-04;-65
2020-07-03;"Žilinský kraj";18;0;0;0;NA;182471;18;2020-07-03;-75
2020-07-02;"Žilinský kraj";7;0;0;0;NA;182471;7;2020-07-02;-93
2020-07-01;"Žilinský kraj";0;0;0;0;NA;182471;0;2020-07-01;-100
2020-06-30;"Žilinský kraj";4;0;0;0;NA;182471;4;2020-06-30;-100
2020-06-29;"Žilinský kraj";0;0;0;0;NA;182471;0;2020-06-29;-104
2020-06-28;"Žilinský kraj";1;0;0;0;NA;182471;1;2020-06-28;-104
2020-06-27;"Žilinský kraj";3;0;0;0;NA;182471;3;2020-06-27;-105
2020-06-26;"Žilinský kraj";5;0;0;0;NA;182471;5;2020-06-26;-108
2020-06-25;"Žilinský kraj";7;0;0;0;NA;182471;7;2020-06-25;-113
2020-06-24;"Žilinský kraj";11;0;0;0;NA;182471;11;2020-06-24;-120
2020-06-23;"Žilinský kraj";9;0;0;0;NA;182471;9;2020-06-23;-131
2020-06-22;"Žilinský kraj";0;0;0;0;NA;182471;0;2020-06-22;-140
2020-06-21;"Žilinský kraj";1;0;0;0;NA;182471;1;2020-06-21;-140
2020-06-20;"Žilinský kraj";1;0;0;0;NA;182471;1;2020-06-20;-141
2020-06-19;"Žilinský kraj";4;0;0;0;NA;182471;4;2020-06-19;-142
2020-06-18;"Žilinský kraj";1;0;0;0;NA;182471;1;2020-06-18;-146
2020-06-17;"Žilinský kraj";0;0;0;0;NA;182471;0;2020-06-17;-147
2020-06-16;"Žilinský kraj";1;0;0;0;NA;182471;1;2020-06-16;-147
2020-06-14;"Žilinský kraj";0;0;0;0;NA;182471;0;2020-06-14;-148
2020-06-13;"Žilinský kraj";0;0;0;0;NA;182471;0;2020-06-13;-148
2020-06-12;"Žilinský kraj";0;0;0;0;NA;182471;0;2020-06-12;-148
2020-06-11;"Žilinský kraj";0;0;0;0;NA;182471;0;2020-06-11;-148
2020-06-10;"Žilinský kraj";0;0;0;0;NA;182471;0;2020-06-10;-148
2020-06-09;"Žilinský kraj";1;0;0;0;NA;182471;1;2020-06-09;-148
2020-06-08;"Žilinský kraj";0;0;0;0;NA;182471;0;2020-06-08;-149
2020-06-07;"Žilinský kraj";0;0;0;0;NA;182471;0;2020-06-07;-149
2020-06-05;"Žilinský kraj";0;0;0;0;NA;182471;0;2020-06-05;-149
2020-06-03;"Žilinský kraj";0;0;0;0;NA;182471;0;2020-06-03;-149
2020-06-02;"Žilinský kraj";0;0;0;0;NA;182471;0;2020-06-02;-149
2020-05-31;"Žilinský kraj";0;0;0;0;NA;182471;0;2020-05-31;-149
2020-05-29;"Žilinský kraj";0;0;0;0;NA;182471;0;2020-05-29;-149
2020-05-27;"Žilinský kraj";1;0;0;0;NA;182471;1;2020-05-27;-149
2020-05-26;"Žilinský kraj";1;0;0;0;NA;182471;1;2020-05-26;-150
2020-05-25;"Žilinský kraj";0;0;0;0;NA;182471;0;2020-05-25;-151
2020-05-24;"Žilinský kraj";0;0;0;0;NA;182471;0;2020-05-24;-151
2020-05-23;"Žilinský kraj";0;0;0;0;NA;182471;0;2020-05-23;-151
2020-05-22;"Žilinský kraj";0;0;0;0;NA;182471;0;2020-05-22;-151
2020-05-21;"Žilinský kraj";0;0;0;0;NA;182471;0;2020-05-21;-151
2020-05-20;"Žilinský kraj";0;0;0;0;NA;182471;0;2020-05-20;-151
2020-05-19;"Žilinský kraj";1;0;0;0;NA;182471;1;2020-05-19;-151
2020-05-17;"Žilinský kraj";0;0;0;0;NA;182471;0;2020-05-17;-152
2020-05-16;"Žilinský kraj";0;0;0;0;NA;182471;0;2020-05-16;-152
2020-05-15;"Žilinský kraj";0;0;0;0;NA;182471;0;2020-05-15;-152
2020-05-14;"Žilinský kraj";0;0;0;0;NA;182471;0;2020-05-14;-152
2020-05-13;"Žilinský kraj";0;0;0;0;NA;182471;0;2020-05-13;-152
2020-05-12;"Žilinský kraj";0;0;0;0;NA;182471;0;2020-05-12;-152
2020-05-11;"Žilinský kraj";0;0;0;0;NA;182471;0;2020-05-11;-152
2020-05-09;"Žilinský kraj";0;0;0;0;NA;182471;0;2020-05-09;-152
2020-05-07;"Žilinský kraj";0;0;0;0;NA;182471;0;2020-05-07;-152
2020-05-06;"Žilinský kraj";2;0;0;0;NA;182471;2;2020-05-06;-152
2020-05-05;"Žilinský kraj";3;0;0;0;NA;182471;3;2020-05-05;-154
2020-05-04;"Žilinský kraj";3;0;0;0;NA;182471;3;2020-05-04;-157
2020-05-03;"Žilinský kraj";1;0;0;0;NA;182471;1;2020-05-03;-160
2020-05-02;"Žilinský kraj";0;0;0;0;NA;182471;0;2020-05-02;-161
2020-05-01;"Žilinský kraj";1;0;0;0;NA;182471;1;2020-05-01;-161
2020-04-30;"Žilinský kraj";0;0;0;0;NA;182471;0;2020-04-30;-162
2020-04-29;"Žilinský kraj";0;0;0;0;NA;182471;0;2020-04-29;-162
2020-04-28;"Žilinský kraj";0;0;0;0;NA;182471;0;2020-04-28;-162
2020-04-27;"Žilinský kraj";0;0;0;0;NA;182471;0;2020-04-27;-162
2020-04-26;"Žilinský kraj";0;0;0;0;NA;182471;0;2020-04-26;-162
2020-04-25;"Žilinský kraj";2;0;0;0;NA;182471;2;2020-04-25;-162
2020-04-24;"Žilinský kraj";1;0;0;0;NA;182471;1;2020-04-24;-164
2020-04-23;"Žilinský kraj";2;0;0;0;NA;182471;2;2020-04-23;-165
2020-04-22;"Žilinský kraj";9;0;0;0;NA;182471;9;2020-04-22;-167
2020-04-21;"Žilinský kraj";1;0;0;0;NA;182471;1;2020-04-21;-176
2020-04-20;"Žilinský kraj";4;0;0;0;NA;182471;4;2020-04-20;-177
2020-04-19;"Žilinský kraj";0;0;0;0;NA;182471;0;2020-04-19;-181
2020-04-18;"Žilinský kraj";49;0;0;0;NA;182471;49;2020-04-18;-181
2020-04-17;"Žilinský kraj";3;0;0;0;NA;182471;3;2020-04-17;-230
2020-04-16;"Žilinský kraj";4;0;0;0;NA;182471;4;2020-04-16;-233
2020-04-15;"Žilinský kraj";7;0;0;0;NA;182471;7;2020-04-15;-237
2020-04-14;"Žilinský kraj";1;0;0;0;NA;182471;1;2020-04-14;-244
2020-04-13;"Žilinský kraj";2;0;0;0;NA;182471;2;2020-04-13;-245
2020-04-12;"Žilinský kraj";5;0;0;0;NA;182471;5;2020-04-12;-247
2020-04-11;"Žilinský kraj";2;0;0;0;NA;182471;2;2020-04-11;-252
2020-04-10;"Žilinský kraj";1;0;0;0;NA;182471;1;2020-04-10;-254
2020-04-09;"Žilinský kraj";1;0;0;0;NA;182471;1;2020-04-09;-255
2020-04-08;"Žilinský kraj";3;0;0;0;NA;182471;3;2020-04-08;-256
2020-04-07;"Žilinský kraj";5;0;0;0;NA;182471;5;2020-04-07;-259
2020-04-06;"Žilinský kraj";6;0;0;0;NA;182471;6;2020-04-06;-264
2020-04-05;"Žilinský kraj";8;0;0;0;NA;182471;8;2020-04-05;-270
2020-04-04;"Žilinský kraj";0;0;0;0;NA;182471;0;2020-04-04;-278
2020-04-03;"Žilinský kraj";3;0;0;0;NA;182471;3;2020-04-03;-278
2020-04-02;"Žilinský kraj";5;0;0;0;NA;182471;5;2020-04-02;-281
2020-04-01;"Žilinský kraj";4;0;0;0;NA;182471;4;2020-04-01;-286
2020-03-31;"Žilinský kraj";1;0;0;0;NA;182471;1;2020-03-31;-290
2020-03-30;"Žilinský kraj";3;0;0;0;NA;182471;3;2020-03-30;-291
2020-03-29;"Žilinský kraj";0;0;0;0;NA;182471;0;2020-03-29;-294
2020-03-28;"Žilinský kraj";1;0;0;0;NA;182471;1;2020-03-28;-294
2020-03-27;"Žilinský kraj";9;0;0;0;NA;182471;9;2020-03-27;-295
2020-03-26;"Žilinský kraj";4;0;0;0;NA;182471;4;2020-03-26;-304
2020-03-25;"Žilinský kraj";1;0;0;0;NA;182471;1;2020-03-25;-308
2020-03-24;"Žilinský kraj";2;0;0;0;NA;182471;2;2020-03-24;-309
2020-03-23;"Žilinský kraj";3;0;0;0;NA;182471;3;2020-03-23;-311
2020-03-22;"Žilinský kraj";1;0;0;0;NA;182471;1;2020-03-22;-314
2020-03-21;"Žilinský kraj";2;0;0;0;NA;182471;2;2020-03-21;-315
2020-03-20;"Žilinský kraj";4;0;0;0;NA;182471;4;2020-03-20;-317
2020-03-19;"Žilinský kraj";2;0;0;0;NA;182471;2;2020-03-19;-321
2020-03-18;"Žilinský kraj";1;0;0;0;NA;182471;1;2020-03-18;-323
2020-03-17;"Žilinský kraj";5;0;0;0;NA;182471;5;2020-03-17;-324
2020-03-16;"Žilinský kraj";1;0;0;0;NA;182471;1;2020-03-16;-329
2020-03-15;"Žilinský kraj";2;0;0;0;NA;182471;2;2020-03-15;-330
2020-03-14;"Žilinský kraj";1;0;0;0;NA;182471;1;2020-03-14;-332
2020-03-13;"Žilinský kraj";5;0;0;0;NA;182471;5;2020-03-13;-333
2020-03-12;"Žilinský kraj";1;0;0;0;NA;182471;1;2020-03-12;-338
2020-03-11;"Žilinský kraj";0;0;0;0;NA;182471;0;2020-03-11;-339
2020-03-09;"Žilinský kraj";1;0;0;0;NA;182471;1;2020-03-09;-339
2020-03-08;"Žilinský kraj";0;0;0;0;NA;182471;0;2020-03-08;-340
2020-03-07;"Žilinský kraj";0;0;0;0;NA;182471;0;2020-03-07;-340
2020-03-06;"Žilinský kraj";0;0;0;0;NA;182471;0;2020-03-06;-340
