"Datum";"Region";"PCR_Pos";"Ag_Neg";"Ag_Pos";"Total";"Pocet.potvrdenych";"Potvrdenych";"newcases";"date";"positive"
2021-10-10;"Banskobystrický kraj";26;1013;40;1053;41149;88156;66;2021-10-10;88156
2021-10-09;"Banskobystrický kraj";73;1008;27;1035;NA;88156;100;2021-10-09;88090
2021-10-08;"Banskobystrický kraj";239;2765;60;2825;NA;88156;299;2021-10-08;87990
2021-10-07;"Banskobystrický kraj";179;3087;42;3129;NA;88156;221;2021-10-07;87691
2021-10-06;"Banskobystrický kraj";136;3856;48;3904;NA;88156;184;2021-10-06;87470
2021-10-05;"Banskobystrický kraj";209;2975;54;3029;NA;88156;263;2021-10-05;87286
2021-10-04;"Banskobystrický kraj";126;3682;64;3746;NA;88156;190;2021-10-04;87023
2021-10-03;"Banskobystrický kraj";11;1407;34;1441;NA;88156;45;2021-10-03;86833
2021-10-02;"Banskobystrický kraj";66;1042;26;1068;NA;88156;92;2021-10-02;86788
2021-10-01;"Banskobystrický kraj";158;3228;51;3279;NA;88156;209;2021-10-01;86696
2021-09-30;"Banskobystrický kraj";120;3313;30;3343;NA;88156;150;2021-09-30;86487
2021-09-29;"Banskobystrický kraj";118;2626;40;2666;NA;88156;158;2021-09-29;86337
2021-09-28;"Banskobystrický kraj";112;3061;45;3106;NA;88156;157;2021-09-28;86179
2021-09-27;"Banskobystrický kraj";90;4415;72;4487;NA;88156;162;2021-09-27;86022
2021-09-26;"Banskobystrický kraj";17;1498;31;1529;NA;88156;48;2021-09-26;85860
2021-09-25;"Banskobystrický kraj";17;1481;7;1488;NA;88156;24;2021-09-25;85812
2021-09-24;"Banskobystrický kraj";98;4248;32;4280;NA;88156;130;2021-09-24;85788
2021-09-23;"Banskobystrický kraj";63;2995;13;3008;NA;88156;76;2021-09-23;85658
2021-09-22;"Banskobystrický kraj";75;2442;19;2461;NA;88156;94;2021-09-22;85582
2021-09-21;"Banskobystrický kraj";125;2976;20;2996;NA;88156;145;2021-09-21;85488
2021-09-20;"Banskobystrický kraj";45;3911;30;3941;NA;88156;75;2021-09-20;85343
2021-09-19;"Banskobystrický kraj";6;1456;24;1480;NA;88156;30;2021-09-19;85268
2021-09-18;"Banskobystrický kraj";44;1318;15;1333;NA;88156;59;2021-09-18;85238
2021-09-17;"Banskobystrický kraj";73;3485;32;3517;NA;88156;105;2021-09-17;85179
2021-09-16;"Banskobystrický kraj";95;2995;29;3024;NA;88156;124;2021-09-16;85074
2021-09-15;"Banskobystrický kraj";22;393;1;394;NA;88156;23;2021-09-15;84950
2021-09-14;"Banskobystrický kraj";95;2492;28;2520;NA;88156;123;2021-09-14;84927
2021-09-13;"Banskobystrický kraj";29;3206;28;3234;NA;88156;57;2021-09-13;84804
2021-09-12;"Banskobystrický kraj";7;958;15;973;NA;88156;22;2021-09-12;84747
2021-09-11;"Banskobystrický kraj";31;865;11;876;NA;88156;42;2021-09-11;84725
2021-09-10;"Banskobystrický kraj";59;2236;24;2260;NA;88156;83;2021-09-10;84683
2021-09-09;"Banskobystrický kraj";46;2011;17;2028;NA;88156;63;2021-09-09;84600
2021-09-08;"Banskobystrický kraj";46;1712;27;1739;NA;88156;73;2021-09-08;84537
2021-09-07;"Banskobystrický kraj";27;1422;21;1443;NA;88156;48;2021-09-07;84464
2021-09-06;"Banskobystrický kraj";26;2360;13;2373;NA;88156;39;2021-09-06;84416
2021-09-05;"Banskobystrický kraj";9;742;2;744;NA;88156;11;2021-09-05;84377
2021-09-04;"Banskobystrický kraj";14;745;10;755;NA;88156;24;2021-09-04;84366
2021-09-03;"Banskobystrický kraj";49;2116;22;2138;NA;88156;71;2021-09-03;84342
2021-09-02;"Banskobystrický kraj";19;1645;25;1670;NA;88156;44;2021-09-02;84271
2021-09-01;"Banskobystrický kraj";6;209;6;215;NA;88156;12;2021-09-01;84227
2021-08-31;"Banskobystrický kraj";18;1406;13;1419;NA;88156;31;2021-08-31;84215
2021-08-30;"Banskobystrický kraj";23;1765;10;1775;NA;88156;33;2021-08-30;84184
2021-08-29;"Banskobystrický kraj";0;351;5;356;NA;88156;5;2021-08-29;84151
2021-08-28;"Banskobystrický kraj";9;827;5;832;NA;88156;14;2021-08-28;84146
2021-08-27;"Banskobystrický kraj";7;1608;12;1620;NA;88156;19;2021-08-27;84132
2021-08-26;"Banskobystrický kraj";7;1189;2;1191;NA;88156;9;2021-08-26;84113
2021-08-25;"Banskobystrický kraj";6;1024;1;1025;NA;88156;7;2021-08-25;84104
2021-08-24;"Banskobystrický kraj";12;1117;1;1118;NA;88156;13;2021-08-24;84097
2021-08-23;"Banskobystrický kraj";7;1489;5;1494;NA;88156;12;2021-08-23;84084
2021-08-22;"Banskobystrický kraj";0;651;2;653;NA;88156;2;2021-08-22;84072
2021-08-21;"Banskobystrický kraj";3;793;1;794;NA;88156;4;2021-08-21;84070
2021-08-20;"Banskobystrický kraj";5;1616;4;1620;NA;88156;9;2021-08-20;84066
2021-08-19;"Banskobystrický kraj";4;1092;3;1095;NA;88156;7;2021-08-19;84057
2021-08-18;"Banskobystrický kraj";1;1044;1;1045;NA;88156;2;2021-08-18;84050
2021-08-17;"Banskobystrický kraj";12;890;0;890;NA;88156;12;2021-08-17;84048
2021-08-16;"Banskobystrický kraj";7;1256;3;1259;NA;88156;10;2021-08-16;84036
2021-08-15;"Banskobystrický kraj";0;366;3;369;NA;88156;3;2021-08-15;84026
2021-08-14;"Banskobystrický kraj";6;435;1;436;NA;88156;7;2021-08-14;84023
2021-08-13;"Banskobystrický kraj";11;896;0;896;NA;88156;11;2021-08-13;84016
2021-08-12;"Banskobystrický kraj";10;951;1;952;NA;88156;11;2021-08-12;84005
2021-08-11;"Banskobystrický kraj";7;575;3;578;NA;88156;10;2021-08-11;83994
2021-08-10;"Banskobystrický kraj";7;678;2;680;NA;88156;9;2021-08-10;83984
2021-08-09;"Banskobystrický kraj";9;1064;0;1064;NA;88156;9;2021-08-09;83975
2021-08-08;"Banskobystrický kraj";4;335;1;336;NA;88156;5;2021-08-08;83966
2021-08-07;"Banskobystrický kraj";0;308;4;312;NA;88156;4;2021-08-07;83961
2021-08-06;"Banskobystrický kraj";5;929;2;931;NA;88156;7;2021-08-06;83957
2021-08-05;"Banskobystrický kraj";2;837;1;838;NA;88156;3;2021-08-05;83950
2021-08-04;"Banskobystrický kraj";2;579;1;580;NA;88156;3;2021-08-04;83947
2021-08-03;"Banskobystrický kraj";4;743;0;743;NA;88156;4;2021-08-03;83944
2021-08-02;"Banskobystrický kraj";6;934;0;934;NA;88156;6;2021-08-02;83940
2021-08-01;"Banskobystrický kraj";0;271;0;271;NA;88156;0;2021-08-01;83934
2021-07-31;"Banskobystrický kraj";1;370;4;374;NA;88156;5;2021-07-31;83934
2021-07-30;"Banskobystrický kraj";27;826;2;828;NA;88156;29;2021-07-30;83929
2021-07-29;"Banskobystrický kraj";2;890;1;891;NA;88156;3;2021-07-29;83900
2021-07-28;"Banskobystrický kraj";4;520;1;521;NA;88156;5;2021-07-28;83897
2021-07-27;"Banskobystrický kraj";15;1092;0;1092;NA;88156;15;2021-07-27;83892
2021-07-26;"Banskobystrický kraj";2;911;1;912;NA;88156;3;2021-07-26;83877
2021-07-25;"Banskobystrický kraj";0;367;1;368;NA;88156;1;2021-07-25;83874
2021-07-24;"Banskobystrický kraj";2;298;0;298;NA;88156;2;2021-07-24;83873
2021-07-23;"Banskobystrický kraj";7;840;0;840;NA;88156;7;2021-07-23;83871
2021-07-22;"Banskobystrický kraj";5;727;3;730;NA;88156;8;2021-07-22;83864
2021-07-21;"Banskobystrický kraj";2;560;0;560;NA;88156;2;2021-07-21;83856
2021-07-20;"Banskobystrický kraj";6;884;2;886;NA;88156;8;2021-07-20;83854
2021-07-19;"Banskobystrický kraj";1;854;3;857;NA;88156;4;2021-07-19;83846
2021-07-18;"Banskobystrický kraj";0;377;1;378;NA;88156;1;2021-07-18;83842
2021-07-17;"Banskobystrický kraj";1;324;0;324;NA;88156;1;2021-07-17;83841
2021-07-16;"Banskobystrický kraj";3;974;1;975;NA;88156;4;2021-07-16;83840
2021-07-15;"Banskobystrický kraj";1;1038;0;1038;NA;88156;1;2021-07-15;83836
2021-07-14;"Banskobystrický kraj";3;765;0;765;NA;88156;3;2021-07-14;83835
2021-07-13;"Banskobystrický kraj";2;694;0;694;NA;88156;2;2021-07-13;83832
2021-07-12;"Banskobystrický kraj";1;1057;0;1057;NA;88156;1;2021-07-12;83830
2021-07-11;"Banskobystrický kraj";0;446;0;446;NA;88156;0;2021-07-11;83829
2021-07-10;"Banskobystrický kraj";2;368;0;368;NA;88156;2;2021-07-10;83829
2021-07-09;"Banskobystrický kraj";3;1209;0;1209;NA;88156;3;2021-07-09;83827
2021-07-08;"Banskobystrický kraj";0;1083;1;1084;NA;88156;1;2021-07-08;83824
2021-07-07;"Banskobystrický kraj";1;798;0;798;NA;88156;1;2021-07-07;83823
2021-07-06;"Banskobystrický kraj";6;1365;0;1365;NA;88156;6;2021-07-06;83822
2021-07-05;"Banskobystrický kraj";2;392;1;393;NA;88156;3;2021-07-05;83816
2021-07-04;"Banskobystrický kraj";0;318;0;318;NA;88156;0;2021-07-04;83813
2021-07-03;"Banskobystrický kraj";1;413;1;414;NA;88156;2;2021-07-03;83813
2021-07-02;"Banskobystrický kraj";3;1045;0;1045;NA;88156;3;2021-07-02;83811
2021-07-01;"Banskobystrický kraj";0;705;1;706;NA;88156;1;2021-07-01;83808
2021-06-30;"Banskobystrický kraj";3;7444;1;7445;NA;88156;4;2021-06-30;83807
2021-06-29;"Banskobystrický kraj";2;4642;1;4643;NA;88156;3;2021-06-29;83803
2021-06-28;"Banskobystrický kraj";3;5695;1;5696;NA;88156;4;2021-06-28;83800
2021-06-27;"Banskobystrický kraj";0;4369;5;4374;NA;88156;5;2021-06-27;83796
2021-06-26;"Banskobystrický kraj";0;4289;4;4293;NA;88156;4;2021-06-26;83791
2021-06-25;"Banskobystrický kraj";2;6717;2;6719;NA;88156;4;2021-06-25;83787
2021-06-24;"Banskobystrický kraj";6;4585;2;4587;NA;88156;8;2021-06-24;83783
2021-06-23;"Banskobystrický kraj";4;4947;0;4947;NA;88156;4;2021-06-23;83775
2021-06-22;"Banskobystrický kraj";7;4527;0;4527;NA;88156;7;2021-06-22;83771
2021-06-21;"Banskobystrický kraj";6;5835;8;5843;NA;88156;14;2021-06-21;83764
2021-06-20;"Banskobystrický kraj";0;5055;7;5062;NA;88156;7;2021-06-20;83750
2021-06-19;"Banskobystrický kraj";0;5639;4;5643;NA;88156;4;2021-06-19;83743
2021-06-18;"Banskobystrický kraj";4;7642;1;7643;NA;88156;5;2021-06-18;83739
2021-06-17;"Banskobystrický kraj";2;5245;3;5248;NA;88156;5;2021-06-17;83734
2021-06-16;"Banskobystrický kraj";10;5951;5;5956;NA;88156;15;2021-06-16;83729
2021-06-15;"Banskobystrický kraj";9;5576;6;5582;NA;88156;15;2021-06-15;83714
2021-06-14;"Banskobystrický kraj";8;6922;7;6929;NA;88156;15;2021-06-14;83699
2021-06-13;"Banskobystrický kraj";0;6407;7;6414;NA;88156;7;2021-06-13;83684
2021-06-12;"Banskobystrický kraj";3;6338;6;6344;NA;88156;9;2021-06-12;83677
2021-06-11;"Banskobystrický kraj";5;9693;15;9708;NA;88156;20;2021-06-11;83668
2021-06-10;"Banskobystrický kraj";10;5726;8;5734;NA;88156;18;2021-06-10;83648
2021-06-09;"Banskobystrický kraj";9;5720;4;5724;NA;88156;13;2021-06-09;83630
2021-06-08;"Banskobystrický kraj";15;5645;10;5655;NA;88156;25;2021-06-08;83617
2021-06-07;"Banskobystrický kraj";4;7582;21;7603;NA;88156;25;2021-06-07;83592
2021-06-06;"Banskobystrický kraj";1;7497;12;7509;NA;88156;13;2021-06-06;83567
2021-06-05;"Banskobystrický kraj";15;7531;9;7540;NA;88156;24;2021-06-05;83554
2021-06-04;"Banskobystrický kraj";2;9297;14;9311;NA;88156;16;2021-06-04;83530
2021-06-03;"Banskobystrický kraj";8;6507;24;6531;NA;88156;32;2021-06-03;83514
2021-06-02;"Banskobystrický kraj";7;6837;6;6843;NA;88156;13;2021-06-02;83482
2021-06-01;"Banskobystrický kraj";12;7145;14;7159;NA;88156;26;2021-06-01;83469
2021-05-31;"Banskobystrický kraj";4;9546;31;9577;NA;88156;35;2021-05-31;83443
2021-05-30;"Banskobystrický kraj";3;8959;19;8978;NA;88156;22;2021-05-30;83408
2021-05-29;"Banskobystrický kraj";11;9763;18;9781;NA;88156;29;2021-05-29;83386
2021-05-28;"Banskobystrický kraj";13;11905;27;11932;NA;88156;40;2021-05-28;83357
2021-05-27;"Banskobystrický kraj";7;8760;12;8772;NA;88156;19;2021-05-27;83317
2021-05-26;"Banskobystrický kraj";18;7905;17;7922;NA;88156;35;2021-05-26;83298
2021-05-25;"Banskobystrický kraj";27;8949;30;8979;NA;88156;57;2021-05-25;83263
2021-05-24;"Banskobystrický kraj";9;12469;44;12513;NA;88156;53;2021-05-24;83206
2021-05-23;"Banskobystrický kraj";0;9798;27;9825;NA;88156;27;2021-05-23;83153
2021-05-22;"Banskobystrický kraj";20;9608;26;9634;NA;88156;46;2021-05-22;83126
2021-05-21;"Banskobystrický kraj";22;12796;25;12821;NA;88156;47;2021-05-21;83080
2021-05-20;"Banskobystrický kraj";14;8994;25;9019;NA;88156;39;2021-05-20;83033
2021-05-19;"Banskobystrický kraj";42;8608;21;8629;NA;88156;63;2021-05-19;82994
2021-05-18;"Banskobystrický kraj";27;9450;25;9475;NA;88156;52;2021-05-18;82931
2021-05-17;"Banskobystrický kraj";11;13399;33;13432;NA;88156;44;2021-05-17;82879
2021-05-16;"Banskobystrický kraj";15;14072;26;14098;NA;88156;41;2021-05-16;82835
2021-05-15;"Banskobystrický kraj";11;15356;29;15385;NA;88156;40;2021-05-15;82794
2021-05-14;"Banskobystrický kraj";35;18939;45;18984;NA;88156;80;2021-05-14;82754
2021-05-13;"Banskobystrický kraj";37;10605;40;10645;NA;88156;77;2021-05-13;82674
2021-05-12;"Banskobystrický kraj";31;10856;45;10901;NA;88156;76;2021-05-12;82597
2021-05-11;"Banskobystrický kraj";42;11325;48;11373;NA;88156;90;2021-05-11;82521
2021-05-10;"Banskobystrický kraj";28;17621;68;17689;NA;88156;96;2021-05-10;82431
2021-05-09;"Banskobystrický kraj";25;21902;68;21970;NA;88156;93;2021-05-09;82335
2021-05-08;"Banskobystrický kraj";11;14285;26;14311;NA;88156;37;2021-05-08;82242
2021-05-07;"Banskobystrický kraj";41;21806;78;21884;NA;88156;119;2021-05-07;82205
2021-05-06;"Banskobystrický kraj";36;12251;70;12321;NA;88156;106;2021-05-06;82086
2021-05-05;"Banskobystrický kraj";34;12592;63;12655;NA;88156;97;2021-05-05;81980
2021-05-04;"Banskobystrický kraj";83;13888;47;13935;NA;88156;130;2021-05-04;81883
2021-05-03;"Banskobystrický kraj";30;20872;80;20952;NA;88156;110;2021-05-03;81753
2021-05-02;"Banskobystrický kraj";6;33040;60;33100;NA;88156;66;2021-05-02;81643
2021-05-01;"Banskobystrický kraj";54;36900;67;36967;NA;88156;121;2021-05-01;81577
2021-04-30;"Banskobystrický kraj";38;34957;86;35043;NA;88156;124;2021-04-30;81456
2021-04-29;"Banskobystrický kraj";55;16839;68;16907;NA;88156;123;2021-04-29;81332
2021-04-28;"Banskobystrický kraj";66;17959;67;18026;NA;88156;133;2021-04-28;81209
2021-04-27;"Banskobystrický kraj";70;19152;73;19225;NA;88156;143;2021-04-27;81076
2021-04-26;"Banskobystrický kraj";34;28517;101;28618;NA;88156;135;2021-04-26;80933
2021-04-25;"Banskobystrický kraj";14;40601;106;40707;NA;88156;120;2021-04-25;80798
2021-04-24;"Banskobystrický kraj";40;51944;98;52042;NA;88156;138;2021-04-24;80678
2021-04-23;"Banskobystrický kraj";78;37920;88;38008;NA;88156;166;2021-04-23;80540
2021-04-22;"Banskobystrický kraj";51;17412;57;17469;NA;88156;108;2021-04-22;80374
2021-04-21;"Banskobystrický kraj";76;19208;94;19302;NA;88156;170;2021-04-21;80266
2021-04-20;"Banskobystrický kraj";116;21233;98;21331;NA;88156;214;2021-04-20;80096
2021-04-19;"Banskobystrický kraj";48;31407;105;31512;NA;88156;153;2021-04-19;79882
2021-04-18;"Banskobystrický kraj";16;43375;90;43465;NA;88156;106;2021-04-18;79729
2021-04-17;"Banskobystrický kraj";42;64939;92;65031;NA;88156;134;2021-04-17;79623
2021-04-16;"Banskobystrický kraj";72;37307;100;37407;NA;88156;172;2021-04-16;79489
2021-04-15;"Banskobystrický kraj";67;20127;83;20210;NA;88156;150;2021-04-15;79317
2021-04-14;"Banskobystrický kraj";69;21260;86;21346;NA;88156;155;2021-04-14;79167
2021-04-13;"Banskobystrický kraj";130;23076;77;23153;NA;88156;207;2021-04-13;79012
2021-04-12;"Banskobystrický kraj";60;32272;130;32402;NA;88156;190;2021-04-12;78805
2021-04-11;"Banskobystrický kraj";0;41367;88;41455;NA;88156;88;2021-04-11;78615
2021-04-10;"Banskobystrický kraj";56;64728;141;64869;NA;88156;197;2021-04-10;78527
2021-04-09;"Banskobystrický kraj";106;31570;118;31688;NA;88156;224;2021-04-09;78330
2021-04-08;"Banskobystrický kraj";132;19000;148;19148;NA;88156;280;2021-04-08;78106
2021-04-07;"Banskobystrický kraj";226;25118;94;25212;NA;88156;320;2021-04-07;77826
2021-04-06;"Banskobystrický kraj";93;42496;187;42683;NA;88156;280;2021-04-06;77506
2021-04-05;"Banskobystrický kraj";15;11797;87;11884;NA;88156;102;2021-04-05;77226
2021-04-04;"Banskobystrický kraj";24;19683;79;19762;NA;88156;103;2021-04-04;77124
2021-04-03;"Banskobystrický kraj";5;72553;211;72764;NA;88156;216;2021-04-03;77021
2021-04-02;"Banskobystrický kraj";71;13455;66;13521;NA;88156;137;2021-04-02;76805
2021-04-01;"Banskobystrický kraj";171;39406;200;39606;NA;88156;371;2021-04-01;76668
2021-03-31;"Banskobystrický kraj";147;25543;161;25704;NA;88156;308;2021-03-31;76297
2021-03-30;"Banskobystrický kraj";167;21442;159;21601;NA;88156;326;2021-03-30;75989
2021-03-29;"Banskobystrický kraj";119;29491;218;29709;NA;88156;337;2021-03-29;75663
2021-03-28;"Banskobystrický kraj";25;40610;189;40799;NA;88156;214;2021-03-28;75326
2021-03-27;"Banskobystrický kraj";85;63414;260;63674;NA;88156;345;2021-03-27;75112
2021-03-26;"Banskobystrický kraj";122;43671;240;43911;NA;88156;362;2021-03-26;74767
2021-03-25;"Banskobystrický kraj";120;21598;240;21838;NA;88156;360;2021-03-25;74405
2021-03-24;"Banskobystrický kraj";200;19336;227;19563;NA;88156;427;2021-03-24;74045
2021-03-23;"Banskobystrický kraj";241;21540;257;21797;NA;88156;498;2021-03-23;73618
2021-03-22;"Banskobystrický kraj";65;30480;274;30754;NA;88156;339;2021-03-22;73120
2021-03-21;"Banskobystrický kraj";31;40039;280;40319;NA;88156;311;2021-03-21;72781
2021-03-20;"Banskobystrický kraj";119;67926;383;68309;NA;88156;502;2021-03-20;72470
2021-03-19;"Banskobystrický kraj";240;44036;306;44342;NA;88156;546;2021-03-19;71968
2021-03-18;"Banskobystrický kraj";160;22467;273;22740;NA;88156;433;2021-03-18;71422
2021-03-17;"Banskobystrický kraj";262;21573;245;21818;NA;88156;507;2021-03-17;70989
2021-03-16;"Banskobystrický kraj";340;23349;224;23573;NA;88156;564;2021-03-16;70482
2021-03-15;"Banskobystrický kraj";95;32306;366;32672;NA;88156;461;2021-03-15;69918
2021-03-14;"Banskobystrický kraj";39;39212;218;39430;NA;88156;257;2021-03-14;69457
2021-03-13;"Banskobystrický kraj";209;67463;395;67858;NA;88156;604;2021-03-13;69200
2021-03-12;"Banskobystrický kraj";206;41442;330;41772;NA;88156;536;2021-03-12;68596
2021-03-11;"Banskobystrický kraj";228;21337;274;21611;NA;88156;502;2021-03-11;68060
2021-03-10;"Banskobystrický kraj";260;20399;238;20637;NA;88156;498;2021-03-10;67558
2021-03-09;"Banskobystrický kraj";352;21790;284;22074;NA;88156;636;2021-03-09;67060
2021-03-08;"Banskobystrický kraj";191;31468;427;31895;NA;88156;618;2021-03-08;66424
2021-03-07;"Banskobystrický kraj";60;39191;295;39486;NA;88156;355;2021-03-07;65806
2021-03-06;"Banskobystrický kraj";164;70895;410;71305;NA;88156;574;2021-03-06;65451
2021-03-05;"Banskobystrický kraj";221;42336;389;42725;NA;88156;610;2021-03-05;64877
2021-03-04;"Banskobystrický kraj";226;22007;334;22341;NA;88156;560;2021-03-04;64267
2021-03-03;"Banskobystrický kraj";317;21949;331;22280;NA;88156;648;2021-03-03;63707
2021-03-02;"Banskobystrický kraj";291;23160;354;23514;NA;88156;645;2021-03-02;63059
2021-03-01;"Banskobystrický kraj";151;31773;434;32207;NA;88156;585;2021-03-01;62414
2021-02-28;"Banskobystrický kraj";45;38663;336;38999;NA;88156;381;2021-02-28;61829
2021-02-27;"Banskobystrický kraj";289;66667;529;67196;NA;88156;818;2021-02-27;61448
2021-02-26;"Banskobystrický kraj";326;39670;468;40138;NA;88156;794;2021-02-26;60630
2021-02-25;"Banskobystrický kraj";375;18081;366;18447;NA;88156;741;2021-02-25;59836
2021-02-24;"Banskobystrický kraj";332;16735;373;17108;NA;88156;705;2021-02-24;59095
2021-02-23;"Banskobystrický kraj";462;19932;439;20371;NA;88156;901;2021-02-23;58390
2021-02-22;"Banskobystrický kraj";67;28643;598;29241;NA;88156;665;2021-02-22;57489
2021-02-21;"Banskobystrický kraj";68;37619;444;38063;NA;88156;512;2021-02-21;56824
2021-02-20;"Banskobystrický kraj";280;68851;598;69449;NA;88156;878;2021-02-20;56312
2021-02-19;"Banskobystrický kraj";420;39888;511;40399;NA;88156;931;2021-02-19;55434
2021-02-18;"Banskobystrický kraj";241;18618;396;19014;NA;88156;637;2021-02-18;54503
2021-02-17;"Banskobystrický kraj";415;16740;389;17129;NA;88156;804;2021-02-17;53866
2021-02-16;"Banskobystrický kraj";338;19731;368;20099;NA;88156;706;2021-02-16;53062
2021-02-15;"Banskobystrický kraj";118;35835;591;36426;NA;88156;709;2021-02-15;52356
2021-02-14;"Banskobystrický kraj";60;31894;386;32280;NA;88156;446;2021-02-14;51647
2021-02-13;"Banskobystrický kraj";202;53889;492;54381;NA;88156;694;2021-02-13;51201
2021-02-12;"Banskobystrický kraj";312;37270;533;37803;NA;88156;845;2021-02-12;50507
2021-02-11;"Banskobystrický kraj";305;21200;386;21586;NA;88156;691;2021-02-11;49662
2021-02-10;"Banskobystrický kraj";333;14790;344;15134;NA;88156;677;2021-02-10;48971
2021-02-09;"Banskobystrický kraj";329;18504;362;18866;NA;88156;691;2021-02-09;48294
2021-02-08;"Banskobystrický kraj";103;49716;695;50411;NA;88156;798;2021-02-08;47603
2021-02-07;"Banskobystrický kraj";70;37659;335;37994;NA;88156;405;2021-02-07;46805
2021-02-06;"Banskobystrický kraj";178;69388;570;69958;NA;88156;748;2021-02-06;46400
2021-02-05;"Banskobystrický kraj";282;24577;363;24940;NA;88156;645;2021-02-05;45652
2021-02-04;"Banskobystrický kraj";240;14367;430;14797;NA;88156;670;2021-02-04;45007
2021-02-03;"Banskobystrický kraj";350;9459;255;9714;NA;88156;605;2021-02-03;44337
2021-02-02;"Banskobystrický kraj";277;15741;334;16075;NA;88156;611;2021-02-02;43732
2021-02-01;"Banskobystrický kraj";75;24346;489;24835;NA;88156;564;2021-02-01;43121
2021-01-31;"Banskobystrický kraj";34;19983;201;20184;NA;88156;235;2021-01-31;42557
2021-01-30;"Banskobystrický kraj";163;63896;525;64421;NA;88156;688;2021-01-30;42322
2021-01-29;"Banskobystrický kraj";196;17368;274;17642;NA;88156;470;2021-01-29;41634
2021-01-28;"Banskobystrický kraj";218;15613;382;15995;NA;88156;600;2021-01-28;41164
2021-01-27;"Banskobystrický kraj";191;8132;200;8332;NA;88156;391;2021-01-27;40564
2021-01-26;"Banskobystrický kraj";238;19795;283;20078;NA;88156;521;2021-01-26;40173
2021-01-25;"Banskobystrický kraj";82;33666;412;34078;NA;88156;494;2021-01-25;39652
2021-01-24;"Banskobystrický kraj";38;35587;278;35865;NA;88156;316;2021-01-24;39158
2021-01-23;"Banskobystrický kraj";142;89058;523;89581;NA;88156;665;2021-01-23;38842
2021-01-22;"Banskobystrický kraj";175;25887;355;26242;NA;88156;530;2021-01-22;38177
2021-01-21;"Banskobystrický kraj";194;17063;279;17342;NA;88156;473;2021-01-21;37647
2021-01-20;"Banskobystrický kraj";231;9142;186;9328;NA;88156;417;2021-01-20;37174
2021-01-19;"Banskobystrický kraj";213;10708;311;11019;NA;88156;524;2021-01-19;36757
2021-01-18;"Banskobystrický kraj";94;7402;401;7803;NA;88156;495;2021-01-18;36233
2021-01-17;"Banskobystrický kraj";110;8154;77;8231;NA;88156;187;2021-01-17;35738
2021-01-16;"Banskobystrický kraj";58;2274;57;2331;NA;88156;115;2021-01-16;35551
2021-01-15;"Banskobystrický kraj";164;7673;217;7890;NA;88156;381;2021-01-15;35436
2021-01-14;"Banskobystrický kraj";220;5760;325;6085;NA;88156;545;2021-01-14;35055
2021-01-13;"Banskobystrický kraj";235;5974;217;6191;NA;88156;452;2021-01-13;34510
2021-01-12;"Banskobystrický kraj";194;6600;290;6890;NA;88156;484;2021-01-12;34058
2021-01-11;"Banskobystrický kraj";76;8231;481;8712;NA;88156;557;2021-01-11;33574
2021-01-10;"Banskobystrický kraj";110;433;4;437;NA;88156;114;2021-01-10;33017
2021-01-09;"Banskobystrický kraj";297;2378;81;2459;NA;88156;378;2021-01-09;32903
2021-01-08;"Banskobystrický kraj";435;9805;443;10248;NA;88156;878;2021-01-08;32525
2021-01-07;"Banskobystrický kraj";127;6322;366;6688;NA;88156;493;2021-01-07;31647
2021-01-06;"Banskobystrický kraj";305;3374;185;3559;NA;88156;490;2021-01-06;31154
2021-01-05;"Banskobystrický kraj";372;7349;533;7882;NA;88156;905;2021-01-05;30664
2021-01-04;"Banskobystrický kraj";130;7087;700;7787;NA;88156;830;2021-01-04;29759
2021-01-03;"Banskobystrický kraj";199;320;19;339;NA;88156;218;2021-01-03;28929
2021-01-02;"Banskobystrický kraj";123;702;85;787;NA;88156;208;2021-01-02;28711
2021-01-01;"Banskobystrický kraj";220;1958;132;2090;NA;88156;352;2021-01-01;28503
2020-12-31;"Banskobystrický kraj";499;7679;633;8312;NA;88156;1132;2020-12-31;28151
2020-12-30;"Banskobystrický kraj";593;7407;541;7948;NA;88156;1134;2020-12-30;27019
2020-12-29;"Banskobystrický kraj";240;7876;660;8536;NA;88156;900;2020-12-29;25885
2020-12-28;"Banskobystrický kraj";131;6120;720;6840;NA;88156;851;2020-12-28;24985
2020-12-27;"Banskobystrický kraj";116;541;25;566;NA;88156;141;2020-12-27;24134
2020-12-26;"Banskobystrický kraj";61;295;35;330;NA;88156;96;2020-12-26;23993
2020-12-25;"Banskobystrický kraj";65;888;10;898;NA;88156;75;2020-12-25;23897
2020-12-24;"Banskobystrický kraj";452;3685;135;3820;NA;88156;587;2020-12-24;23822
2020-12-23;"Banskobystrický kraj";368;9892;473;10365;NA;88156;841;2020-12-23;23235
2020-12-22;"Banskobystrický kraj";307;8468;619;9087;NA;88156;926;2020-12-22;22394
2020-12-21;"Banskobystrický kraj";286;4922;455;5377;NA;88156;741;2020-12-21;21468
2020-12-20;"Banskobystrický kraj";155;249;14;263;NA;88156;169;2020-12-20;20727
2020-12-19;"Banskobystrický kraj";170;3084;138;3222;NA;88156;308;2020-12-19;20558
2020-12-18;"Banskobystrický kraj";432;5959;331;6290;NA;88156;763;2020-12-18;20250
2020-12-17;"Banskobystrický kraj";468;8753;653;9406;NA;88156;1121;2020-12-17;19487
2020-12-16;"Banskobystrický kraj";379;10184;567;10751;NA;88156;946;2020-12-16;18366
2020-12-15;"Banskobystrický kraj";336;5281;425;5706;NA;88156;761;2020-12-15;17420
2020-12-14;"Banskobystrický kraj";148;4012;259;4271;NA;88156;407;2020-12-14;16659
2020-12-13;"Banskobystrický kraj";122;142;1;143;NA;88156;123;2020-12-13;16252
2020-12-12;"Banskobystrický kraj";137;2714;138;2852;NA;88156;275;2020-12-12;16129
2020-12-11;"Banskobystrický kraj";468;6633;362;6995;NA;88156;830;2020-12-11;15854
2020-12-10;"Banskobystrický kraj";280;5501;369;5870;NA;88156;649;2020-12-10;15024
2020-12-09;"Banskobystrický kraj";323;3941;205;4146;NA;88156;528;2020-12-09;14375
2020-12-08;"Banskobystrický kraj";256;3782;272;4054;NA;88156;528;2020-12-08;13847
2020-12-07;"Banskobystrický kraj";175;2633;177;2810;NA;88156;352;2020-12-07;13319
2020-12-06;"Banskobystrický kraj";121;507;11;518;NA;88156;132;2020-12-06;12967
2020-12-05;"Banskobystrický kraj";109;1099;34;1133;NA;88156;143;2020-12-05;12835
2020-12-04;"Banskobystrický kraj";339;3828;174;4002;NA;88156;513;2020-12-04;12692
2020-12-03;"Banskobystrický kraj";240;3193;234;3427;NA;88156;474;2020-12-03;12179
2020-12-02;"Banskobystrický kraj";217;4442;186;4628;NA;88156;403;2020-12-02;11705
2020-12-01;"Banskobystrický kraj";215;2702;134;2836;NA;88156;349;2020-12-01;11302
2020-11-30;"Banskobystrický kraj";74;4314;241;4555;NA;88156;315;2020-11-30;10953
2020-11-29;"Banskobystrický kraj";19;208;7;215;NA;88156;26;2020-11-29;10638
2020-11-28;"Banskobystrický kraj";81;1408;55;1463;NA;88156;136;2020-11-28;10612
2020-11-27;"Banskobystrický kraj";219;2566;123;2689;NA;88156;342;2020-11-27;10476
2020-11-26;"Banskobystrický kraj";208;2124;93;2217;NA;88156;301;2020-11-26;10134
2020-11-25;"Banskobystrický kraj";170;1952;86;2038;NA;88156;256;2020-11-25;9833
2020-11-24;"Banskobystrický kraj";166;2566;69;2635;NA;88156;235;2020-11-24;9577
2020-11-23;"Banskobystrický kraj";66;10147;193;10340;NA;88156;259;2020-11-23;9342
2020-11-22;"Banskobystrický kraj";38;104;1;105;NA;88156;39;2020-11-22;9083
2020-11-21;"Banskobystrický kraj";52;904;14;918;NA;88156;66;2020-11-21;9044
2020-11-20;"Banskobystrický kraj";127;2005;107;2112;NA;88156;234;2020-11-20;8978
2020-11-19;"Banskobystrický kraj";170;1218;82;1300;NA;88156;252;2020-11-19;8744
2020-11-18;"Banskobystrický kraj";153;698;65;763;NA;88156;218;2020-11-18;8492
2020-11-17;"Banskobystrický kraj";52;578;35;613;NA;88156;87;2020-11-17;8274
2020-11-16;"Banskobystrický kraj";106;470;25;495;NA;88156;131;2020-11-16;8187
2020-11-15;"Banskobystrický kraj";52;301;4;305;NA;88156;56;2020-11-15;8056
2020-11-14;"Banskobystrický kraj";73;305;2;307;NA;88156;75;2020-11-14;8000
2020-11-13;"Banskobystrický kraj";157;552;11;563;NA;88156;168;2020-11-13;7925
2020-11-12;"Banskobystrický kraj";218;952;44;996;NA;88156;262;2020-11-12;7757
2020-11-11;"Banskobystrický kraj";224;437;9;446;NA;88156;233;2020-11-11;7495
2020-11-10;"Banskobystrický kraj";263;463;18;481;NA;88156;281;2020-11-10;7262
2020-11-09;"Banskobystrický kraj";80;2678;31;2709;NA;88156;111;2020-11-09;6981
2020-11-08;"Banskobystrický kraj";82;981;16;997;NA;88156;98;2020-11-08;6870
2020-11-07;"Banskobystrický kraj";164;8828;94;8922;NA;88156;258;2020-11-07;6772
2020-11-06;"Banskobystrický kraj";227;2496;16;2512;NA;88156;243;2020-11-06;6514
2020-11-05;"Banskobystrický kraj";240;290;33;323;NA;88156;273;2020-11-05;6271
2020-11-04;"Banskobystrický kraj";254;1366;13;1379;NA;88156;267;2020-11-04;5998
2020-11-03;"Banskobystrický kraj";246;1332;4;1336;NA;88156;250;2020-11-03;5731
2020-11-02;"Banskobystrický kraj";90;2909;65;2974;NA;88156;155;2020-11-02;5481
2020-11-01;"Banskobystrický kraj";101;2671;42;2713;NA;88156;143;2020-11-01;5326
2020-10-31;"Banskobystrický kraj";199;13516;116;13632;NA;88156;315;2020-10-31;5183
2020-10-30;"Banskobystrický kraj";254;2829;20;2849;NA;88156;274;2020-10-30;4868
2020-10-29;"Banskobystrický kraj";372;969;42;1011;NA;88156;414;2020-10-29;4594
2020-10-28;"Banskobystrický kraj";285;302;30;332;NA;88156;315;2020-10-28;4180
2020-10-27;"Banskobystrický kraj";266;654;40;694;NA;88156;306;2020-10-27;3865
2020-10-26;"Banskobystrický kraj";38;234;29;263;NA;88156;67;2020-10-26;3559
2020-10-25;"Banskobystrický kraj";50;140;11;151;NA;88156;61;2020-10-25;3492
2020-10-24;"Banskobystrický kraj";315;114;12;126;NA;88156;327;2020-10-24;3431
2020-10-23;"Banskobystrický kraj";231;230;29;259;NA;88156;260;2020-10-23;3104
2020-10-22;"Banskobystrický kraj";264;253;24;277;NA;88156;288;2020-10-22;2844
2020-10-21;"Banskobystrický kraj";209;266;3;269;NA;88156;212;2020-10-21;2556
2020-10-20;"Banskobystrický kraj";210;66;3;69;NA;88156;213;2020-10-20;2344
2020-10-19;"Banskobystrický kraj";27;73;12;85;NA;88156;39;2020-10-19;2131
2020-10-18;"Banskobystrický kraj";49;0;0;0;NA;88156;49;2020-10-18;2092
2020-10-17;"Banskobystrický kraj";91;0;0;0;NA;88156;91;2020-10-17;2043
2020-10-16;"Banskobystrický kraj";224;37;3;40;NA;88156;227;2020-10-16;1952
2020-10-15;"Banskobystrický kraj";133;29;1;30;NA;88156;134;2020-10-15;1725
2020-10-14;"Banskobystrický kraj";139;31;1;32;NA;88156;140;2020-10-14;1591
2020-10-13;"Banskobystrický kraj";151;169;11;180;NA;88156;162;2020-10-13;1451
2020-10-12;"Banskobystrický kraj";11;110;4;114;NA;88156;15;2020-10-12;1289
2020-10-11;"Banskobystrický kraj";14;0;0;0;NA;88156;14;2020-10-11;1274
2020-10-10;"Banskobystrický kraj";53;0;0;0;NA;88156;53;2020-10-10;1260
2020-10-09;"Banskobystrický kraj";128;0;0;0;NA;88156;128;2020-10-09;1207
2020-10-08;"Banskobystrický kraj";99;0;0;0;NA;88156;99;2020-10-08;1079
2020-10-07;"Banskobystrický kraj";124;0;0;0;NA;88156;124;2020-10-07;980
2020-10-06;"Banskobystrický kraj";68;0;0;0;NA;88156;68;2020-10-06;856
2020-10-05;"Banskobystrický kraj";49;0;0;0;NA;88156;49;2020-10-05;788
2020-10-04;"Banskobystrický kraj";8;0;0;0;NA;88156;8;2020-10-04;739
2020-10-03;"Banskobystrický kraj";37;0;0;0;NA;88156;37;2020-10-03;731
2020-10-02;"Banskobystrický kraj";74;0;0;0;NA;88156;74;2020-10-02;694
2020-10-01;"Banskobystrický kraj";49;16;0;16;NA;88156;49;2020-10-01;620
2020-09-30;"Banskobystrický kraj";60;0;0;0;NA;88156;60;2020-09-30;571
2020-09-29;"Banskobystrický kraj";24;0;0;0;NA;88156;24;2020-09-29;511
2020-09-28;"Banskobystrický kraj";0;0;0;0;NA;88156;0;2020-09-28;487
2020-09-27;"Banskobystrický kraj";20;0;0;0;NA;88156;20;2020-09-27;487
2020-09-26;"Banskobystrický kraj";24;0;0;0;NA;88156;24;2020-09-26;467
2020-09-25;"Banskobystrický kraj";29;0;0;0;NA;88156;29;2020-09-25;443
2020-09-24;"Banskobystrický kraj";25;0;0;0;NA;88156;25;2020-09-24;414
2020-09-23;"Banskobystrický kraj";17;0;0;0;NA;88156;17;2020-09-23;389
2020-09-22;"Banskobystrický kraj";25;0;0;0;NA;88156;25;2020-09-22;372
2020-09-21;"Banskobystrický kraj";3;0;0;0;NA;88156;3;2020-09-21;347
2020-09-20;"Banskobystrický kraj";0;0;0;0;NA;88156;0;2020-09-20;344
2020-09-19;"Banskobystrický kraj";3;0;0;0;NA;88156;3;2020-09-19;344
2020-09-18;"Banskobystrický kraj";24;0;0;0;NA;88156;24;2020-09-18;341
2020-09-17;"Banskobystrický kraj";14;0;0;0;NA;88156;14;2020-09-17;317
2020-09-16;"Banskobystrický kraj";6;0;0;0;NA;88156;6;2020-09-16;303
2020-09-15;"Banskobystrický kraj";2;0;0;0;NA;88156;2;2020-09-15;297
2020-09-14;"Banskobystrický kraj";13;0;0;0;NA;88156;13;2020-09-14;295
2020-09-13;"Banskobystrický kraj";1;0;0;0;NA;88156;1;2020-09-13;282
2020-09-12;"Banskobystrický kraj";5;0;0;0;NA;88156;5;2020-09-12;281
2020-09-11;"Banskobystrický kraj";19;0;0;0;NA;88156;19;2020-09-11;276
2020-09-10;"Banskobystrický kraj";11;0;0;0;NA;88156;11;2020-09-10;257
2020-09-09;"Banskobystrický kraj";13;0;0;0;NA;88156;13;2020-09-09;246
2020-09-08;"Banskobystrický kraj";5;0;0;0;NA;88156;5;2020-09-08;233
2020-09-07;"Banskobystrický kraj";2;0;0;0;NA;88156;2;2020-09-07;228
2020-09-06;"Banskobystrický kraj";0;0;0;0;NA;88156;0;2020-09-06;226
2020-09-05;"Banskobystrický kraj";0;0;0;0;NA;88156;0;2020-09-05;226
2020-09-04;"Banskobystrický kraj";9;0;0;0;NA;88156;9;2020-09-04;226
2020-09-03;"Banskobystrický kraj";5;0;0;0;NA;88156;5;2020-09-03;217
2020-09-02;"Banskobystrický kraj";6;0;0;0;NA;88156;6;2020-09-02;212
2020-09-01;"Banskobystrický kraj";2;0;0;0;NA;88156;2;2020-09-01;206
2020-08-31;"Banskobystrický kraj";6;0;0;0;NA;88156;6;2020-08-31;204
2020-08-30;"Banskobystrický kraj";0;0;0;0;NA;88156;0;2020-08-30;198
2020-08-29;"Banskobystrický kraj";1;0;0;0;NA;88156;1;2020-08-29;198
2020-08-28;"Banskobystrický kraj";3;0;0;0;NA;88156;3;2020-08-28;197
2020-08-27;"Banskobystrický kraj";1;0;0;0;NA;88156;1;2020-08-27;194
2020-08-26;"Banskobystrický kraj";2;0;0;0;NA;88156;2;2020-08-26;193
2020-08-25;"Banskobystrický kraj";2;0;0;0;NA;88156;2;2020-08-25;191
2020-08-24;"Banskobystrický kraj";0;0;0;0;NA;88156;0;2020-08-24;189
2020-08-23;"Banskobystrický kraj";0;0;0;0;NA;88156;0;2020-08-23;189
2020-08-22;"Banskobystrický kraj";0;0;0;0;NA;88156;0;2020-08-22;189
2020-08-21;"Banskobystrický kraj";4;0;0;0;NA;88156;4;2020-08-21;189
2020-08-20;"Banskobystrický kraj";1;0;0;0;NA;88156;1;2020-08-20;185
2020-08-19;"Banskobystrický kraj";4;0;0;0;NA;88156;4;2020-08-19;184
2020-08-18;"Banskobystrický kraj";0;0;0;0;NA;88156;0;2020-08-18;180
2020-08-17;"Banskobystrický kraj";1;0;0;0;NA;88156;1;2020-08-17;180
2020-08-16;"Banskobystrický kraj";0;0;0;0;NA;88156;0;2020-08-16;179
2020-08-15;"Banskobystrický kraj";0;0;0;0;NA;88156;0;2020-08-15;179
2020-08-14;"Banskobystrický kraj";5;0;0;0;NA;88156;5;2020-08-14;179
2020-08-13;"Banskobystrický kraj";0;0;0;0;NA;88156;0;2020-08-13;174
2020-08-12;"Banskobystrický kraj";0;0;0;0;NA;88156;0;2020-08-12;174
2020-08-11;"Banskobystrický kraj";2;0;0;0;NA;88156;2;2020-08-11;174
2020-08-10;"Banskobystrický kraj";3;0;0;0;NA;88156;3;2020-08-10;172
2020-08-09;"Banskobystrický kraj";0;0;0;0;NA;88156;0;2020-08-09;169
2020-08-08;"Banskobystrický kraj";2;0;0;0;NA;88156;2;2020-08-08;169
2020-08-07;"Banskobystrický kraj";1;0;0;0;NA;88156;1;2020-08-07;167
2020-08-06;"Banskobystrický kraj";1;0;0;0;NA;88156;1;2020-08-06;166
2020-08-05;"Banskobystrický kraj";0;0;0;0;NA;88156;0;2020-08-05;165
2020-08-04;"Banskobystrický kraj";3;0;0;0;NA;88156;3;2020-08-04;165
2020-08-03;"Banskobystrický kraj";0;0;0;0;NA;88156;0;2020-08-03;162
2020-08-02;"Banskobystrický kraj";0;0;0;0;NA;88156;0;2020-08-02;162
2020-08-01;"Banskobystrický kraj";1;0;0;0;NA;88156;1;2020-08-01;162
2020-07-31;"Banskobystrický kraj";2;0;0;0;NA;88156;2;2020-07-31;161
2020-07-30;"Banskobystrický kraj";1;0;0;0;NA;88156;1;2020-07-30;159
2020-07-29;"Banskobystrický kraj";0;0;0;0;NA;88156;0;2020-07-29;158
2020-07-28;"Banskobystrický kraj";2;0;0;0;NA;88156;2;2020-07-28;158
2020-07-27;"Banskobystrický kraj";3;0;0;0;NA;88156;3;2020-07-27;156
2020-07-26;"Banskobystrický kraj";0;0;0;0;NA;88156;0;2020-07-26;153
2020-07-25;"Banskobystrický kraj";0;0;0;0;NA;88156;0;2020-07-25;153
2020-07-24;"Banskobystrický kraj";9;0;0;0;NA;88156;9;2020-07-24;153
2020-07-23;"Banskobystrický kraj";0;0;0;0;NA;88156;0;2020-07-23;144
2020-07-22;"Banskobystrický kraj";3;0;0;0;NA;88156;3;2020-07-22;144
2020-07-21;"Banskobystrický kraj";3;0;0;0;NA;88156;3;2020-07-21;141
2020-07-20;"Banskobystrický kraj";1;0;0;0;NA;88156;1;2020-07-20;138
2020-07-19;"Banskobystrický kraj";1;0;0;0;NA;88156;1;2020-07-19;137
2020-07-18;"Banskobystrický kraj";0;0;0;0;NA;88156;0;2020-07-18;136
2020-07-17;"Banskobystrický kraj";2;0;0;0;NA;88156;2;2020-07-17;136
2020-07-16;"Banskobystrický kraj";1;0;0;0;NA;88156;1;2020-07-16;134
2020-07-15;"Banskobystrický kraj";4;0;0;0;NA;88156;4;2020-07-15;133
2020-07-14;"Banskobystrický kraj";2;0;0;0;NA;88156;2;2020-07-14;129
2020-07-13;"Banskobystrický kraj";1;0;0;0;NA;88156;1;2020-07-13;127
2020-07-12;"Banskobystrický kraj";0;0;0;0;NA;88156;0;2020-07-12;126
2020-07-11;"Banskobystrický kraj";0;0;0;0;NA;88156;0;2020-07-11;126
2020-07-10;"Banskobystrický kraj";3;0;0;0;NA;88156;3;2020-07-10;126
2020-07-09;"Banskobystrický kraj";9;0;0;0;NA;88156;9;2020-07-09;123
2020-07-08;"Banskobystrický kraj";0;0;0;0;NA;88156;0;2020-07-08;114
2020-07-07;"Banskobystrický kraj";4;0;0;0;NA;88156;4;2020-07-07;114
2020-07-06;"Banskobystrický kraj";0;0;0;0;NA;88156;0;2020-07-06;110
2020-07-05;"Banskobystrický kraj";0;0;0;0;NA;88156;0;2020-07-05;110
2020-07-04;"Banskobystrický kraj";1;0;0;0;NA;88156;1;2020-07-04;110
2020-07-03;"Banskobystrický kraj";4;0;0;0;NA;88156;4;2020-07-03;109
2020-07-02;"Banskobystrický kraj";0;0;0;0;NA;88156;0;2020-07-02;105
2020-07-01;"Banskobystrický kraj";1;0;0;0;NA;88156;1;2020-07-01;105
2020-06-30;"Banskobystrický kraj";0;12;0;12;NA;88156;0;2020-06-30;104
2020-06-29;"Banskobystrický kraj";0;0;0;0;NA;88156;0;2020-06-29;104
2020-06-28;"Banskobystrický kraj";0;0;0;0;NA;88156;0;2020-06-28;104
2020-06-27;"Banskobystrický kraj";0;0;0;0;NA;88156;0;2020-06-27;104
2020-06-26;"Banskobystrický kraj";0;0;0;0;NA;88156;0;2020-06-26;104
2020-06-25;"Banskobystrický kraj";1;0;0;0;NA;88156;1;2020-06-25;104
2020-06-24;"Banskobystrický kraj";0;0;0;0;NA;88156;0;2020-06-24;103
2020-06-23;"Banskobystrický kraj";6;0;0;0;NA;88156;6;2020-06-23;103
2020-06-22;"Banskobystrický kraj";0;0;0;0;NA;88156;0;2020-06-22;97
2020-06-21;"Banskobystrický kraj";0;0;0;0;NA;88156;0;2020-06-21;97
2020-06-20;"Banskobystrický kraj";0;0;0;0;NA;88156;0;2020-06-20;97
2020-06-19;"Banskobystrický kraj";2;0;0;0;NA;88156;2;2020-06-19;97
2020-06-18;"Banskobystrický kraj";10;0;0;0;NA;88156;10;2020-06-18;95
2020-06-17;"Banskobystrický kraj";1;0;0;0;NA;88156;1;2020-06-17;85
2020-06-16;"Banskobystrický kraj";0;0;0;0;NA;88156;0;2020-06-16;84
2020-06-14;"Banskobystrický kraj";2;0;0;0;NA;88156;2;2020-06-14;84
2020-06-13;"Banskobystrický kraj";2;0;0;0;NA;88156;2;2020-06-13;82
2020-06-12;"Banskobystrický kraj";0;0;0;0;NA;88156;0;2020-06-12;80
2020-06-11;"Banskobystrický kraj";1;0;0;0;NA;88156;1;2020-06-11;80
2020-06-10;"Banskobystrický kraj";0;0;0;0;NA;88156;0;2020-06-10;79
2020-06-09;"Banskobystrický kraj";0;0;0;0;NA;88156;0;2020-06-09;79
2020-06-08;"Banskobystrický kraj";0;0;0;0;NA;88156;0;2020-06-08;79
2020-06-07;"Banskobystrický kraj";0;0;0;0;NA;88156;0;2020-06-07;79
2020-06-05;"Banskobystrický kraj";2;0;0;0;NA;88156;2;2020-06-05;79
2020-06-03;"Banskobystrický kraj";0;0;0;0;NA;88156;0;2020-06-03;77
2020-06-02;"Banskobystrický kraj";0;0;0;0;NA;88156;0;2020-06-02;77
2020-05-31;"Banskobystrický kraj";0;0;0;0;NA;88156;0;2020-05-31;77
2020-05-29;"Banskobystrický kraj";0;0;0;0;NA;88156;0;2020-05-29;77
2020-05-27;"Banskobystrický kraj";1;0;0;0;NA;88156;1;2020-05-27;77
2020-05-26;"Banskobystrický kraj";0;0;0;0;NA;88156;0;2020-05-26;76
2020-05-25;"Banskobystrický kraj";0;0;0;0;NA;88156;0;2020-05-25;76
2020-05-24;"Banskobystrický kraj";0;0;0;0;NA;88156;0;2020-05-24;76
2020-05-23;"Banskobystrický kraj";1;0;0;0;NA;88156;1;2020-05-23;76
2020-05-22;"Banskobystrický kraj";0;0;0;0;NA;88156;0;2020-05-22;75
2020-05-21;"Banskobystrický kraj";0;0;0;0;NA;88156;0;2020-05-21;75
2020-05-20;"Banskobystrický kraj";1;0;0;0;NA;88156;1;2020-05-20;75
2020-05-19;"Banskobystrický kraj";0;0;0;0;NA;88156;0;2020-05-19;74
2020-05-17;"Banskobystrický kraj";0;0;0;0;NA;88156;0;2020-05-17;74
2020-05-16;"Banskobystrický kraj";0;0;0;0;NA;88156;0;2020-05-16;74
2020-05-15;"Banskobystrický kraj";0;0;0;0;NA;88156;0;2020-05-15;74
2020-05-14;"Banskobystrický kraj";0;0;0;0;NA;88156;0;2020-05-14;74
2020-05-13;"Banskobystrický kraj";0;0;0;0;NA;88156;0;2020-05-13;74
2020-05-12;"Banskobystrický kraj";1;0;0;0;NA;88156;1;2020-05-12;74
2020-05-11;"Banskobystrický kraj";0;0;0;0;NA;88156;0;2020-05-11;73
2020-05-09;"Banskobystrický kraj";0;0;0;0;NA;88156;0;2020-05-09;73
2020-05-07;"Banskobystrický kraj";2;0;0;0;NA;88156;2;2020-05-07;73
2020-05-06;"Banskobystrický kraj";1;0;0;0;NA;88156;1;2020-05-06;71
2020-05-05;"Banskobystrický kraj";2;0;0;0;NA;88156;2;2020-05-05;70
2020-05-04;"Banskobystrický kraj";0;0;0;0;NA;88156;0;2020-05-04;68
2020-05-03;"Banskobystrický kraj";0;0;0;0;NA;88156;0;2020-05-03;68
2020-05-02;"Banskobystrický kraj";0;0;0;0;NA;88156;0;2020-05-02;68
2020-05-01;"Banskobystrický kraj";0;0;0;0;NA;88156;0;2020-05-01;68
2020-04-30;"Banskobystrický kraj";1;0;0;0;NA;88156;1;2020-04-30;68
2020-04-29;"Banskobystrický kraj";1;0;0;0;NA;88156;1;2020-04-29;67
2020-04-28;"Banskobystrický kraj";0;0;0;0;NA;88156;0;2020-04-28;66
2020-04-27;"Banskobystrický kraj";0;0;0;0;NA;88156;0;2020-04-27;66
2020-04-26;"Banskobystrický kraj";0;0;0;0;NA;88156;0;2020-04-26;66
2020-04-25;"Banskobystrický kraj";2;0;0;0;NA;88156;2;2020-04-25;66
2020-04-24;"Banskobystrický kraj";3;0;0;0;NA;88156;3;2020-04-24;64
2020-04-23;"Banskobystrický kraj";2;0;0;0;NA;88156;2;2020-04-23;61
2020-04-22;"Banskobystrický kraj";2;0;0;0;NA;88156;2;2020-04-22;59
2020-04-21;"Banskobystrický kraj";2;0;0;0;NA;88156;2;2020-04-21;57
2020-04-20;"Banskobystrický kraj";0;0;0;0;NA;88156;0;2020-04-20;55
2020-04-19;"Banskobystrický kraj";0;0;0;0;NA;88156;0;2020-04-19;55
2020-04-18;"Banskobystrický kraj";8;0;0;0;NA;88156;8;2020-04-18;55
2020-04-17;"Banskobystrický kraj";2;0;0;0;NA;88156;2;2020-04-17;47
2020-04-16;"Banskobystrický kraj";0;0;0;0;NA;88156;0;2020-04-16;45
2020-04-15;"Banskobystrický kraj";10;0;0;0;NA;88156;10;2020-04-15;45
2020-04-14;"Banskobystrický kraj";0;0;0;0;NA;88156;0;2020-04-14;35
2020-04-13;"Banskobystrický kraj";2;0;0;0;NA;88156;2;2020-04-13;35
2020-04-12;"Banskobystrický kraj";4;0;0;0;NA;88156;4;2020-04-12;33
2020-04-11;"Banskobystrický kraj";1;0;0;0;NA;88156;1;2020-04-11;29
2020-04-10;"Banskobystrický kraj";0;0;0;0;NA;88156;0;2020-04-10;28
2020-04-09;"Banskobystrický kraj";2;0;0;0;NA;88156;2;2020-04-09;28
2020-04-08;"Banskobystrický kraj";0;0;0;0;NA;88156;0;2020-04-08;26
2020-04-07;"Banskobystrický kraj";4;0;0;0;NA;88156;4;2020-04-07;26
2020-04-06;"Banskobystrický kraj";10;0;0;0;NA;88156;10;2020-04-06;22
2020-04-05;"Banskobystrický kraj";9;0;0;0;NA;88156;9;2020-04-05;12
2020-04-04;"Banskobystrický kraj";0;0;0;0;NA;88156;0;2020-04-04;3
2020-04-03;"Banskobystrický kraj";2;0;0;0;NA;88156;2;2020-04-03;3
2020-04-02;"Banskobystrický kraj";2;0;0;0;NA;88156;2;2020-04-02;1
2020-04-01;"Banskobystrický kraj";5;0;0;0;NA;88156;5;2020-04-01;-1
2020-03-31;"Banskobystrický kraj";3;0;0;0;NA;88156;3;2020-03-31;-6
2020-03-30;"Banskobystrický kraj";1;0;0;0;NA;88156;1;2020-03-30;-9
2020-03-29;"Banskobystrický kraj";2;0;0;0;NA;88156;2;2020-03-29;-10
2020-03-28;"Banskobystrický kraj";1;0;0;0;NA;88156;1;2020-03-28;-12
2020-03-27;"Banskobystrický kraj";1;0;0;0;NA;88156;1;2020-03-27;-13
2020-03-26;"Banskobystrický kraj";1;0;0;0;NA;88156;1;2020-03-26;-14
2020-03-25;"Banskobystrický kraj";0;0;0;0;NA;88156;0;2020-03-25;-15
2020-03-24;"Banskobystrický kraj";1;0;0;0;NA;88156;1;2020-03-24;-15
2020-03-23;"Banskobystrický kraj";1;0;0;0;NA;88156;1;2020-03-23;-16
2020-03-22;"Banskobystrický kraj";0;0;0;0;NA;88156;0;2020-03-22;-17
2020-03-21;"Banskobystrický kraj";3;0;0;0;NA;88156;3;2020-03-21;-17
2020-03-20;"Banskobystrický kraj";0;0;0;0;NA;88156;0;2020-03-20;-20
2020-03-19;"Banskobystrický kraj";2;0;0;0;NA;88156;2;2020-03-19;-20
2020-03-18;"Banskobystrický kraj";1;0;0;0;NA;88156;1;2020-03-18;-22
2020-03-17;"Banskobystrický kraj";1;0;0;0;NA;88156;1;2020-03-17;-23
2020-03-16;"Banskobystrický kraj";0;0;0;0;NA;88156;0;2020-03-16;-24
2020-03-15;"Banskobystrický kraj";1;0;0;0;NA;88156;1;2020-03-15;-24
2020-03-14;"Banskobystrický kraj";0;0;0;0;NA;88156;0;2020-03-14;-25
2020-03-13;"Banskobystrický kraj";1;0;0;0;NA;88156;1;2020-03-13;-25
2020-03-12;"Banskobystrický kraj";0;0;0;0;NA;88156;0;2020-03-12;-26
2020-03-11;"Banskobystrický kraj";0;0;0;0;NA;88156;0;2020-03-11;-26
2020-03-09;"Banskobystrický kraj";0;0;0;0;NA;88156;0;2020-03-09;-26
2020-03-08;"Banskobystrický kraj";0;0;0;0;NA;88156;0;2020-03-08;-26
2020-03-07;"Banskobystrický kraj";0;0;0;0;NA;88156;0;2020-03-07;-26
2020-03-06;"Banskobystrický kraj";0;0;0;0;NA;88156;0;2020-03-06;-26
2021-10-10;"Bratislavský kraj";29;1282;29;1311;48104;95965;58;2021-10-10;95965
2021-10-09;"Bratislavský kraj";141;2036;29;2065;NA;95965;170;2021-10-09;95907
2021-10-08;"Bratislavský kraj";130;4095;54;4149;NA;95965;184;2021-10-08;95737
2021-10-07;"Bratislavský kraj";92;3975;60;4035;NA;95965;152;2021-10-07;95553
2021-10-06;"Bratislavský kraj";147;4005;68;4073;NA;95965;215;2021-10-06;95401
2021-10-05;"Bratislavský kraj";164;4448;70;4518;NA;95965;234;2021-10-05;95186
2021-10-04;"Bratislavský kraj";129;4542;79;4621;NA;95965;208;2021-10-04;94952
2021-10-03;"Bratislavský kraj";41;2144;42;2186;NA;95965;83;2021-10-03;94744
2021-10-02;"Bratislavský kraj";104;2605;40;2645;NA;95965;144;2021-10-02;94661
2021-10-01;"Bratislavský kraj";108;4800;57;4857;NA;95965;165;2021-10-01;94517
2021-09-30;"Bratislavský kraj";90;3766;60;3826;NA;95965;150;2021-09-30;94352
2021-09-29;"Bratislavský kraj";115;3489;58;3547;NA;95965;173;2021-09-29;94202
2021-09-28;"Bratislavský kraj";144;3992;48;4040;NA;95965;192;2021-09-28;94029
2021-09-27;"Bratislavský kraj";123;4384;70;4454;NA;95965;193;2021-09-27;93837
2021-09-26;"Bratislavský kraj";32;2204;31;2235;NA;95965;63;2021-09-26;93644
2021-09-25;"Bratislavský kraj";85;2742;38;2780;NA;95965;123;2021-09-25;93581
2021-09-24;"Bratislavský kraj";82;4198;59;4257;NA;95965;141;2021-09-24;93458
2021-09-23;"Bratislavský kraj";90;3945;51;3996;NA;95965;141;2021-09-23;93317
2021-09-22;"Bratislavský kraj";84;3746;63;3809;NA;95965;147;2021-09-22;93176
2021-09-21;"Bratislavský kraj";95;3559;39;3598;NA;95965;134;2021-09-21;93029
2021-09-20;"Bratislavský kraj";84;3898;31;3929;NA;95965;115;2021-09-20;92895
2021-09-19;"Bratislavský kraj";31;1850;28;1878;NA;95965;59;2021-09-19;92780
2021-09-18;"Bratislavský kraj";60;1987;19;2006;NA;95965;79;2021-09-18;92721
2021-09-17;"Bratislavský kraj";87;3427;27;3454;NA;95965;114;2021-09-17;92642
2021-09-16;"Bratislavský kraj";57;3759;43;3802;NA;95965;100;2021-09-16;92528
2021-09-15;"Bratislavský kraj";41;1104;21;1125;NA;95965;62;2021-09-15;92428
2021-09-14;"Bratislavský kraj";78;3503;31;3534;NA;95965;109;2021-09-14;92366
2021-09-13;"Bratislavský kraj";47;3102;28;3130;NA;95965;75;2021-09-13;92257
2021-09-12;"Bratislavský kraj";13;1713;21;1734;NA;95965;34;2021-09-12;92182
2021-09-11;"Bratislavský kraj";36;2063;13;2076;NA;95965;49;2021-09-11;92148
2021-09-10;"Bratislavský kraj";47;3596;18;3614;NA;95965;65;2021-09-10;92099
2021-09-09;"Bratislavský kraj";50;2995;30;3025;NA;95965;80;2021-09-09;92034
2021-09-08;"Bratislavský kraj";56;2925;20;2945;NA;95965;76;2021-09-08;91954
2021-09-07;"Bratislavský kraj";50;3272;18;3290;NA;95965;68;2021-09-07;91878
2021-09-06;"Bratislavský kraj";63;2791;29;2820;NA;95965;92;2021-09-06;91810
2021-09-05;"Bratislavský kraj";10;1682;14;1696;NA;95965;24;2021-09-05;91718
2021-09-04;"Bratislavský kraj";41;2612;11;2623;NA;95965;52;2021-09-04;91694
2021-09-03;"Bratislavský kraj";55;3007;14;3021;NA;95965;69;2021-09-03;91642
2021-09-02;"Bratislavský kraj";35;2423;23;2446;NA;95965;58;2021-09-02;91573
2021-09-01;"Bratislavský kraj";16;929;9;938;NA;95965;25;2021-09-01;91515
2021-08-31;"Bratislavský kraj";28;5197;22;5219;NA;95965;50;2021-08-31;91490
2021-08-30;"Bratislavský kraj";24;2336;13;2349;NA;95965;37;2021-08-30;91440
2021-08-29;"Bratislavský kraj";11;1023;6;1029;NA;95965;17;2021-08-29;91403
2021-08-28;"Bratislavský kraj";24;1707;11;1718;NA;95965;35;2021-08-28;91386
2021-08-27;"Bratislavský kraj";19;2800;9;2809;NA;95965;28;2021-08-27;91351
2021-08-26;"Bratislavský kraj";15;2382;19;2401;NA;95965;34;2021-08-26;91323
2021-08-25;"Bratislavský kraj";29;1888;10;1898;NA;95965;39;2021-08-25;91289
2021-08-24;"Bratislavský kraj";22;1785;4;1789;NA;95965;26;2021-08-24;91250
2021-08-23;"Bratislavský kraj";21;2183;7;2190;NA;95965;28;2021-08-23;91224
2021-08-22;"Bratislavský kraj";5;1383;8;1391;NA;95965;13;2021-08-22;91196
2021-08-21;"Bratislavský kraj";18;1681;4;1685;NA;95965;22;2021-08-21;91183
2021-08-20;"Bratislavský kraj";27;2743;19;2762;NA;95965;46;2021-08-20;91161
2021-08-19;"Bratislavský kraj";15;2122;9;2131;NA;95965;24;2021-08-19;91115
2021-08-18;"Bratislavský kraj";16;1659;11;1670;NA;95965;27;2021-08-18;91091
2021-08-17;"Bratislavský kraj";18;1600;5;1605;NA;95965;23;2021-08-17;91064
2021-08-16;"Bratislavský kraj";18;2468;12;2480;NA;95965;30;2021-08-16;91041
2021-08-15;"Bratislavský kraj";3;1169;6;1175;NA;95965;9;2021-08-15;91011
2021-08-14;"Bratislavský kraj";11;1519;4;1523;NA;95965;15;2021-08-14;91002
2021-08-13;"Bratislavský kraj";32;2628;7;2635;NA;95965;39;2021-08-13;90987
2021-08-12;"Bratislavský kraj";16;1824;9;1833;NA;95965;25;2021-08-12;90948
2021-08-11;"Bratislavský kraj";22;1621;5;1626;NA;95965;27;2021-08-11;90923
2021-08-10;"Bratislavský kraj";15;1624;7;1631;NA;95965;22;2021-08-10;90896
2021-08-09;"Bratislavský kraj";35;1917;9;1926;NA;95965;44;2021-08-09;90874
2021-08-08;"Bratislavský kraj";3;1152;4;1156;NA;95965;7;2021-08-08;90830
2021-08-07;"Bratislavský kraj";6;1572;9;1581;NA;95965;15;2021-08-07;90823
2021-08-06;"Bratislavský kraj";9;2510;10;2520;NA;95965;19;2021-08-06;90808
2021-08-05;"Bratislavský kraj";10;1651;7;1658;NA;95965;17;2021-08-05;90789
2021-08-04;"Bratislavský kraj";9;1578;0;1578;NA;95965;9;2021-08-04;90772
2021-08-03;"Bratislavský kraj";11;1507;5;1512;NA;95965;16;2021-08-03;90763
2021-08-02;"Bratislavský kraj";15;1749;11;1760;NA;95965;26;2021-08-02;90747
2021-08-01;"Bratislavský kraj";4;1224;8;1232;NA;95965;12;2021-08-01;90721
2021-07-31;"Bratislavský kraj";7;1623;2;1625;NA;95965;9;2021-07-31;90709
2021-07-30;"Bratislavský kraj";15;2361;7;2368;NA;95965;22;2021-07-30;90700
2021-07-29;"Bratislavský kraj";19;1790;7;1797;NA;95965;26;2021-07-29;90678
2021-07-28;"Bratislavský kraj";8;1538;11;1549;NA;95965;19;2021-07-28;90652
2021-07-27;"Bratislavský kraj";9;1476;5;1481;NA;95965;14;2021-07-27;90633
2021-07-26;"Bratislavský kraj";17;1806;7;1813;NA;95965;24;2021-07-26;90619
2021-07-25;"Bratislavský kraj";4;1411;2;1413;NA;95965;6;2021-07-25;90595
2021-07-24;"Bratislavský kraj";9;1732;3;1735;NA;95965;12;2021-07-24;90589
2021-07-23;"Bratislavský kraj";6;2400;3;2403;NA;95965;9;2021-07-23;90577
2021-07-22;"Bratislavský kraj";12;1944;6;1950;NA;95965;18;2021-07-22;90568
2021-07-21;"Bratislavský kraj";5;1860;6;1866;NA;95965;11;2021-07-21;90550
2021-07-20;"Bratislavský kraj";19;1550;1;1551;NA;95965;20;2021-07-20;90539
2021-07-19;"Bratislavský kraj";15;2259;3;2262;NA;95965;18;2021-07-19;90519
2021-07-18;"Bratislavský kraj";2;1462;3;1465;NA;95965;5;2021-07-18;90501
2021-07-17;"Bratislavský kraj";3;1870;2;1872;NA;95965;5;2021-07-17;90496
2021-07-16;"Bratislavský kraj";8;2834;4;2838;NA;95965;12;2021-07-16;90491
2021-07-15;"Bratislavský kraj";5;1677;0;1677;NA;95965;5;2021-07-15;90479
2021-07-14;"Bratislavský kraj";5;1895;3;1898;NA;95965;8;2021-07-14;90474
2021-07-13;"Bratislavský kraj";4;1584;4;1588;NA;95965;8;2021-07-13;90466
2021-07-12;"Bratislavský kraj";6;1780;5;1785;NA;95965;11;2021-07-12;90458
2021-07-11;"Bratislavský kraj";3;1896;3;1899;NA;95965;6;2021-07-11;90447
2021-07-10;"Bratislavský kraj";5;2240;3;2243;NA;95965;8;2021-07-10;90441
2021-07-09;"Bratislavský kraj";13;3538;7;3545;NA;95965;20;2021-07-09;90433
2021-07-08;"Bratislavský kraj";9;2433;4;2437;NA;95965;13;2021-07-08;90413
2021-07-07;"Bratislavský kraj";5;2792;4;2796;NA;95965;9;2021-07-07;90400
2021-07-06;"Bratislavský kraj";19;2771;4;2775;NA;95965;23;2021-07-06;90391
2021-07-05;"Bratislavský kraj";5;2455;5;2460;NA;95965;10;2021-07-05;90368
2021-07-04;"Bratislavský kraj";3;1824;2;1826;NA;95965;5;2021-07-04;90358
2021-07-03;"Bratislavský kraj";8;2205;5;2210;NA;95965;13;2021-07-03;90353
2021-07-02;"Bratislavský kraj";4;2227;4;2231;NA;95965;8;2021-07-02;90340
2021-07-01;"Bratislavský kraj";6;1809;5;1814;NA;95965;11;2021-07-01;90332
2021-06-30;"Bratislavský kraj";2;11548;11;11559;NA;95965;13;2021-06-30;90321
2021-06-29;"Bratislavský kraj";5;6831;7;6838;NA;95965;12;2021-06-29;90308
2021-06-28;"Bratislavský kraj";16;6651;24;6675;NA;95965;40;2021-06-28;90296
2021-06-27;"Bratislavský kraj";4;6689;11;6700;NA;95965;15;2021-06-27;90256
2021-06-26;"Bratislavský kraj";3;8741;6;8747;NA;95965;9;2021-06-26;90241
2021-06-25;"Bratislavský kraj";7;10285;15;10300;NA;95965;22;2021-06-25;90232
2021-06-24;"Bratislavský kraj";3;7384;16;7400;NA;95965;19;2021-06-24;90210
2021-06-23;"Bratislavský kraj";4;7346;12;7358;NA;95965;16;2021-06-23;90191
2021-06-22;"Bratislavský kraj";6;7244;10;7254;NA;95965;16;2021-06-22;90175
2021-06-21;"Bratislavský kraj";5;7641;9;7650;NA;95965;14;2021-06-21;90159
2021-06-20;"Bratislavský kraj";0;7369;5;7374;NA;95965;5;2021-06-20;90145
2021-06-19;"Bratislavský kraj";3;9226;4;9230;NA;95965;7;2021-06-19;90140
2021-06-18;"Bratislavský kraj";5;12763;9;12772;NA;95965;14;2021-06-18;90133
2021-06-17;"Bratislavský kraj";3;8625;13;8638;NA;95965;16;2021-06-17;90119
2021-06-16;"Bratislavský kraj";3;7105;4;7109;NA;95965;7;2021-06-16;90103
2021-06-15;"Bratislavský kraj";7;7309;17;7326;NA;95965;24;2021-06-15;90096
2021-06-14;"Bratislavský kraj";4;8231;9;8240;NA;95965;13;2021-06-14;90072
2021-06-13;"Bratislavský kraj";2;8791;11;8802;NA;95965;13;2021-06-13;90059
2021-06-12;"Bratislavský kraj";4;11152;11;11163;NA;95965;15;2021-06-12;90046
2021-06-11;"Bratislavský kraj";9;13644;21;13665;NA;95965;30;2021-06-11;90031
2021-06-10;"Bratislavský kraj";12;8637;15;8652;NA;95965;27;2021-06-10;90001
2021-06-09;"Bratislavský kraj";12;7596;12;7608;NA;95965;24;2021-06-09;89974
2021-06-08;"Bratislavský kraj";13;7907;29;7936;NA;95965;42;2021-06-08;89950
2021-06-07;"Bratislavský kraj";13;9247;43;9290;NA;95965;56;2021-06-07;89908
2021-06-06;"Bratislavský kraj";3;10350;20;10370;NA;95965;23;2021-06-06;89852
2021-06-05;"Bratislavský kraj";2;12692;15;12707;NA;95965;17;2021-06-05;89829
2021-06-04;"Bratislavský kraj";10;13812;31;13843;NA;95965;41;2021-06-04;89812
2021-06-03;"Bratislavský kraj";12;9615;19;9634;NA;95965;31;2021-06-03;89771
2021-06-02;"Bratislavský kraj";10;8684;17;8701;NA;95965;27;2021-06-02;89740
2021-06-01;"Bratislavský kraj";3;8812;25;8837;NA;95965;28;2021-06-01;89713
2021-05-31;"Bratislavský kraj";18;11248;32;11280;NA;95965;50;2021-05-31;89685
2021-05-30;"Bratislavský kraj";1;11758;17;11775;NA;95965;18;2021-05-30;89635
2021-05-29;"Bratislavský kraj";4;12245;8;12253;NA;95965;12;2021-05-29;89617
2021-05-28;"Bratislavský kraj";14;15865;23;15888;NA;95965;37;2021-05-28;89605
2021-05-27;"Bratislavský kraj";5;11321;18;11339;NA;95965;23;2021-05-27;89568
2021-05-26;"Bratislavský kraj";20;10709;17;10726;NA;95965;37;2021-05-26;89545
2021-05-25;"Bratislavský kraj";19;11864;31;11895;NA;95965;50;2021-05-25;89508
2021-05-24;"Bratislavský kraj";12;12966;23;12989;NA;95965;35;2021-05-24;89458
2021-05-23;"Bratislavský kraj";7;13074;24;13098;NA;95965;31;2021-05-23;89423
2021-05-22;"Bratislavský kraj";6;14044;22;14066;NA;95965;28;2021-05-22;89392
2021-05-21;"Bratislavský kraj";15;18996;22;19018;NA;95965;37;2021-05-21;89364
2021-05-20;"Bratislavský kraj";15;14112;17;14129;NA;95965;32;2021-05-20;89327
2021-05-19;"Bratislavský kraj";21;11958;24;11982;NA;95965;45;2021-05-19;89295
2021-05-18;"Bratislavský kraj";14;13005;33;13038;NA;95965;47;2021-05-18;89250
2021-05-17;"Bratislavský kraj";15;13854;29;13883;NA;95965;44;2021-05-17;89203
2021-05-16;"Bratislavský kraj";12;19797;32;19829;NA;95965;44;2021-05-16;89159
2021-05-15;"Bratislavský kraj";1;18113;30;18143;NA;95965;31;2021-05-15;89115
2021-05-14;"Bratislavský kraj";15;22228;30;22258;NA;95965;45;2021-05-14;89084
2021-05-13;"Bratislavský kraj";9;16211;17;16228;NA;95965;26;2021-05-13;89039
2021-05-12;"Bratislavský kraj";11;14638;28;14666;NA;95965;39;2021-05-12;89013
2021-05-11;"Bratislavský kraj";29;16741;32;16773;NA;95965;61;2021-05-11;88974
2021-05-10;"Bratislavský kraj";27;19991;64;20055;NA;95965;91;2021-05-10;88913
2021-05-09;"Bratislavský kraj";9;29358;32;29390;NA;95965;41;2021-05-09;88822
2021-05-08;"Bratislavský kraj";5;19451;24;19475;NA;95965;29;2021-05-08;88781
2021-05-07;"Bratislavský kraj";32;28211;65;28276;NA;95965;97;2021-05-07;88752
2021-05-06;"Bratislavský kraj";19;20079;52;20131;NA;95965;71;2021-05-06;88655
2021-05-05;"Bratislavský kraj";29;15526;31;15557;NA;95965;60;2021-05-05;88584
2021-05-04;"Bratislavský kraj";46;19143;53;19196;NA;95965;99;2021-05-04;88524
2021-05-03;"Bratislavský kraj";37;22322;64;22386;NA;95965;101;2021-05-03;88425
2021-05-02;"Bratislavský kraj";38;43064;75;43139;NA;95965;113;2021-05-02;88324
2021-05-01;"Bratislavský kraj";11;39905;40;39945;NA;95965;51;2021-05-01;88211
2021-04-30;"Bratislavský kraj";43;47403;82;47485;NA;95965;125;2021-04-30;88160
2021-04-29;"Bratislavský kraj";48;30257;96;30353;NA;95965;144;2021-04-29;88035
2021-04-28;"Bratislavský kraj";40;28905;78;28983;NA;95965;118;2021-04-28;87891
2021-04-27;"Bratislavský kraj";41;30168;52;30220;NA;95965;93;2021-04-27;87773
2021-04-26;"Bratislavský kraj";59;34733;97;34830;NA;95965;156;2021-04-26;87680
2021-04-25;"Bratislavský kraj";8;57615;74;57689;NA;95965;82;2021-04-25;87524
2021-04-24;"Bratislavský kraj";28;74858;66;74924;NA;95965;94;2021-04-24;87442
2021-04-23;"Bratislavský kraj";70;48614;62;48676;NA;95965;132;2021-04-23;87348
2021-04-22;"Bratislavský kraj";39;31037;72;31109;NA;95965;111;2021-04-22;87216
2021-04-21;"Bratislavský kraj";48;30442;62;30504;NA;95965;110;2021-04-21;87105
2021-04-20;"Bratislavský kraj";58;35216;63;35279;NA;95965;121;2021-04-20;86995
2021-04-19;"Bratislavský kraj";48;39500;80;39580;NA;95965;128;2021-04-19;86874
2021-04-18;"Bratislavský kraj";35;62300;76;62376;NA;95965;111;2021-04-18;86746
2021-04-17;"Bratislavský kraj";13;80359;111;80470;NA;95965;124;2021-04-17;86635
2021-04-16;"Bratislavský kraj";62;47296;80;47376;NA;95965;142;2021-04-16;86511
2021-04-15;"Bratislavský kraj";34;32176;74;32250;NA;95965;108;2021-04-15;86369
2021-04-14;"Bratislavský kraj";65;33961;88;34049;NA;95965;153;2021-04-14;86261
2021-04-13;"Bratislavský kraj";82;35512;82;35594;NA;95965;164;2021-04-13;86108
2021-04-12;"Bratislavský kraj";77;42286;115;42401;NA;95965;192;2021-04-12;85944
2021-04-11;"Bratislavský kraj";42;61151;123;61274;NA;95965;165;2021-04-11;85752
2021-04-10;"Bratislavský kraj";14;77874;167;78041;NA;95965;181;2021-04-10;85587
2021-04-09;"Bratislavský kraj";72;41556;97;41653;NA;95965;169;2021-04-09;85406
2021-04-08;"Bratislavský kraj";71;28866;95;28961;NA;95965;166;2021-04-08;85237
2021-04-07;"Bratislavský kraj";96;38061;101;38162;NA;95965;197;2021-04-07;85071
2021-04-06;"Bratislavský kraj";94;56204;179;56383;NA;95965;273;2021-04-06;84874
2021-04-05;"Bratislavský kraj";85;18538;85;18623;NA;95965;170;2021-04-05;84601
2021-04-04;"Bratislavský kraj";37;29225;75;29300;NA;95965;112;2021-04-04;84431
2021-04-03;"Bratislavský kraj";52;79865;220;80085;NA;95965;272;2021-04-03;84319
2021-04-02;"Bratislavský kraj";33;23790;104;23894;NA;95965;137;2021-04-02;84047
2021-04-01;"Bratislavský kraj";119;57388;159;57547;NA;95965;278;2021-04-01;83910
2021-03-31;"Bratislavský kraj";105;46371;177;46548;NA;95965;282;2021-03-31;83632
2021-03-30;"Bratislavský kraj";100;39599;144;39743;NA;95965;244;2021-03-30;83350
2021-03-29;"Bratislavský kraj";153;40364;178;40542;NA;95965;331;2021-03-29;83106
2021-03-28;"Bratislavský kraj";59;53372;137;53509;NA;95965;196;2021-03-28;82775
2021-03-27;"Bratislavský kraj";53;79834;240;80074;NA;95965;293;2021-03-27;82579
2021-03-26;"Bratislavský kraj";114;56108;191;56299;NA;95965;305;2021-03-26;82286
2021-03-25;"Bratislavský kraj";76;36859;172;37031;NA;95965;248;2021-03-25;81981
2021-03-24;"Bratislavský kraj";120;30567;201;30768;NA;95965;321;2021-03-24;81733
2021-03-23;"Bratislavský kraj";138;36438;190;36628;NA;95965;328;2021-03-23;81412
2021-03-22;"Bratislavský kraj";110;42756;220;42976;NA;95965;330;2021-03-22;81084
2021-03-21;"Bratislavský kraj";54;61299;212;61511;NA;95965;266;2021-03-21;80754
2021-03-20;"Bratislavský kraj";59;73300;228;73528;NA;95965;287;2021-03-20;80488
2021-03-19;"Bratislavský kraj";139;54576;257;54833;NA;95965;396;2021-03-19;80201
2021-03-18;"Bratislavský kraj";142;34611;192;34803;NA;95965;334;2021-03-18;79805
2021-03-17;"Bratislavský kraj";177;30482;217;30699;NA;95965;394;2021-03-17;79471
2021-03-16;"Bratislavský kraj";258;36798;287;37085;NA;95965;545;2021-03-16;79077
2021-03-15;"Bratislavský kraj";180;38226;255;38481;NA;95965;435;2021-03-15;78532
2021-03-14;"Bratislavský kraj";75;52611;275;52886;NA;95965;350;2021-03-14;78097
2021-03-13;"Bratislavský kraj";110;81405;341;81746;NA;95965;451;2021-03-13;77747
2021-03-12;"Bratislavský kraj";152;55233;312;55545;NA;95965;464;2021-03-12;77296
2021-03-11;"Bratislavský kraj";178;34678;286;34964;NA;95965;464;2021-03-11;76832
2021-03-10;"Bratislavský kraj";164;31061;280;31341;NA;95965;444;2021-03-10;76368
2021-03-09;"Bratislavský kraj";242;37687;267;37954;NA;95965;509;2021-03-09;75924
2021-03-08;"Bratislavský kraj";255;41199;348;41547;NA;95965;603;2021-03-08;75415
2021-03-07;"Bratislavský kraj";142;52812;301;53113;NA;95965;443;2021-03-07;74812
2021-03-06;"Bratislavský kraj";79;71821;415;72236;NA;95965;494;2021-03-06;74369
2021-03-05;"Bratislavský kraj";238;50840;294;51134;NA;95965;532;2021-03-05;73875
2021-03-04;"Bratislavský kraj";204;34544;344;34888;NA;95965;548;2021-03-04;73343
2021-03-03;"Bratislavský kraj";250;30527;364;30891;NA;95965;614;2021-03-03;72795
2021-03-02;"Bratislavský kraj";267;39735;388;40123;NA;95965;655;2021-03-02;72181
2021-03-01;"Bratislavský kraj";320;38222;432;38654;NA;95965;752;2021-03-01;71526
2021-02-28;"Bratislavský kraj";184;50323;323;50646;NA;95965;507;2021-02-28;70774
2021-02-27;"Bratislavský kraj";151;76580;464;77044;NA;95965;615;2021-02-27;70267
2021-02-26;"Bratislavský kraj";277;47326;401;47727;NA;95965;678;2021-02-26;69652
2021-02-25;"Bratislavský kraj";277;28769;405;29174;NA;95965;682;2021-02-25;68974
2021-02-24;"Bratislavský kraj";217;27095;412;27507;NA;95965;629;2021-02-24;68292
2021-02-23;"Bratislavský kraj";257;31297;395;31692;NA;95965;652;2021-02-23;67663
2021-02-22;"Bratislavský kraj";353;36607;483;37090;NA;95965;836;2021-02-22;67011
2021-02-21;"Bratislavský kraj";185;54150;396;54546;NA;95965;581;2021-02-21;66175
2021-02-20;"Bratislavský kraj";167;74814;550;75364;NA;95965;717;2021-02-20;65594
2021-02-19;"Bratislavský kraj";280;44882;416;45298;NA;95965;696;2021-02-19;64877
2021-02-18;"Bratislavský kraj";263;26379;371;26750;NA;95965;634;2021-02-18;64181
2021-02-17;"Bratislavský kraj";264;22820;316;23136;NA;95965;580;2021-02-17;63547
2021-02-16;"Bratislavský kraj";289;28262;352;28614;NA;95965;641;2021-02-16;62967
2021-02-15;"Bratislavský kraj";248;36893;396;37289;NA;95965;644;2021-02-15;62326
2021-02-14;"Bratislavský kraj";153;47948;323;48271;NA;95965;476;2021-02-14;61682
2021-02-13;"Bratislavský kraj";173;68589;515;69104;NA;95965;688;2021-02-13;61206
2021-02-12;"Bratislavský kraj";282;35729;327;36056;NA;95965;609;2021-02-12;60518
2021-02-11;"Bratislavský kraj";337;24565;285;24850;NA;95965;622;2021-02-11;59909
2021-02-10;"Bratislavský kraj";314;22944;356;23300;NA;95965;670;2021-02-10;59287
2021-02-09;"Bratislavský kraj";288;36565;454;37019;NA;95965;742;2021-02-09;58617
2021-02-08;"Bratislavský kraj";484;31896;397;32293;NA;95965;881;2021-02-08;57875
2021-02-07;"Bratislavský kraj";243;51290;425;51715;NA;95965;668;2021-02-07;56994
2021-02-06;"Bratislavský kraj";116;61682;501;62183;NA;95965;617;2021-02-06;56326
2021-02-05;"Bratislavský kraj";327;27033;375;27408;NA;95965;702;2021-02-05;55709
2021-02-04;"Bratislavský kraj";555;17260;348;17608;NA;95965;903;2021-02-04;55007
2021-02-03;"Bratislavský kraj";161;13020;352;13372;NA;95965;513;2021-02-03;54104
2021-02-02;"Bratislavský kraj";397;25947;480;26427;NA;95965;877;2021-02-02;53591
2021-02-01;"Bratislavský kraj";221;35541;513;36054;NA;95965;734;2021-02-01;52714
2021-01-31;"Bratislavský kraj";180;35693;425;36118;NA;95965;605;2021-01-31;51980
2021-01-30;"Bratislavský kraj";310;49588;521;50109;NA;95965;831;2021-01-30;51375
2021-01-29;"Bratislavský kraj";344;16568;344;16912;NA;95965;688;2021-01-29;50544
2021-01-28;"Bratislavský kraj";307;10715;297;11012;NA;95965;604;2021-01-28;49856
2021-01-27;"Bratislavský kraj";336;22222;345;22567;NA;95965;681;2021-01-27;49252
2021-01-26;"Bratislavský kraj";297;21894;300;22194;NA;95965;597;2021-01-26;48571
2021-01-25;"Bratislavský kraj";356;23335;249;23584;NA;95965;605;2021-01-25;47974
2021-01-24;"Bratislavský kraj";175;37903;404;38307;NA;95965;579;2021-01-24;47369
2021-01-23;"Bratislavský kraj";396;79453;690;80143;NA;95965;1086;2021-01-23;46790
2021-01-22;"Bratislavský kraj";199;42055;365;42420;NA;95965;564;2021-01-22;45704
2021-01-21;"Bratislavský kraj";255;105746;1317;107063;NA;95965;1572;2021-01-21;45140
2021-01-20;"Bratislavský kraj";360;27289;452;27741;NA;95965;812;2021-01-20;43568
2021-01-19;"Bratislavský kraj";375;15318;346;15664;NA;95965;721;2021-01-19;42756
2021-01-18;"Bratislavský kraj";357;12533;707;13240;NA;95965;1064;2021-01-18;42035
2021-01-17;"Bratislavský kraj";244;482;26;508;NA;95965;270;2021-01-17;40971
2021-01-16;"Bratislavský kraj";70;3016;156;3172;NA;95965;226;2021-01-16;40701
2021-01-15;"Bratislavský kraj";251;7896;256;8152;NA;95965;507;2021-01-15;40475
2021-01-14;"Bratislavský kraj";363;8523;273;8796;NA;95965;636;2021-01-14;39968
2021-01-13;"Bratislavský kraj";336;8490;327;8817;NA;95965;663;2021-01-13;39332
2021-01-12;"Bratislavský kraj";450;10509;455;10964;NA;95965;905;2021-01-12;38669
2021-01-11;"Bratislavský kraj";397;19863;364;20227;NA;95965;761;2021-01-11;37764
2021-01-10;"Bratislavský kraj";252;1507;79;1586;NA;95965;331;2021-01-10;37003
2021-01-09;"Bratislavský kraj";351;4721;277;4998;NA;95965;628;2021-01-09;36672
2021-01-08;"Bratislavský kraj";556;10045;436;10481;NA;95965;992;2021-01-08;36044
2021-01-07;"Bratislavský kraj";537;6872;352;7224;NA;95965;889;2021-01-07;35052
2021-01-06;"Bratislavský kraj";271;3329;216;3545;NA;95965;487;2021-01-06;34163
2021-01-05;"Bratislavský kraj";619;10635;814;11449;NA;95965;1433;2021-01-05;33676
2021-01-04;"Bratislavský kraj";601;8226;538;8764;NA;95965;1139;2021-01-04;32243
2021-01-03;"Bratislavský kraj";77;433;41;474;NA;95965;118;2021-01-03;31104
2021-01-02;"Bratislavský kraj";185;462;57;519;NA;95965;242;2021-01-02;30986
2021-01-01;"Bratislavský kraj";235;3277;131;3408;NA;95965;366;2021-01-01;30744
2020-12-31;"Bratislavský kraj";925;14135;519;14654;NA;95965;1444;2020-12-31;30378
2020-12-30;"Bratislavský kraj";650;9164;533;9697;NA;95965;1183;2020-12-30;28934
2020-12-29;"Bratislavský kraj";303;10108;699;10807;NA;95965;1002;2020-12-29;27751
2020-12-28;"Bratislavský kraj";255;7784;473;8257;NA;95965;728;2020-12-28;26749
2020-12-27;"Bratislavský kraj";160;709;76;785;NA;95965;236;2020-12-27;26021
2020-12-26;"Bratislavský kraj";75;480;27;507;NA;95965;102;2020-12-26;25785
2020-12-25;"Bratislavský kraj";114;503;38;541;NA;95965;152;2020-12-25;25683
2020-12-24;"Bratislavský kraj";536;3367;104;3471;NA;95965;640;2020-12-24;25531
2020-12-23;"Bratislavský kraj";416;12590;447;13037;NA;95965;863;2020-12-23;24891
2020-12-22;"Bratislavský kraj";327;14587;699;15286;NA;95965;1026;2020-12-22;24028
2020-12-21;"Bratislavský kraj";392;14972;1946;16918;NA;95965;2338;2020-12-21;23002
2020-12-20;"Bratislavský kraj";180;797;57;854;NA;95965;237;2020-12-20;20664
2020-12-19;"Bratislavský kraj";396;3314;130;3444;NA;95965;526;2020-12-19;20427
2020-12-18;"Bratislavský kraj";306;9938;345;10283;NA;95965;651;2020-12-18;19901
2020-12-17;"Bratislavský kraj";502;9739;386;10125;NA;95965;888;2020-12-17;19250
2020-12-16;"Bratislavský kraj";282;10201;418;10619;NA;95965;700;2020-12-16;18362
2020-12-15;"Bratislavský kraj";423;10450;454;10904;NA;95965;877;2020-12-15;17662
2020-12-14;"Bratislavský kraj";279;6793;261;7054;NA;95965;540;2020-12-14;16785
2020-12-13;"Bratislavský kraj";125;139;10;149;NA;95965;135;2020-12-13;16245
2020-12-12;"Bratislavský kraj";361;3886;157;4043;NA;95965;518;2020-12-12;16110
2020-12-11;"Bratislavský kraj";326;6824;235;7059;NA;95965;561;2020-12-11;15592
2020-12-10;"Bratislavský kraj";286;5279;166;5445;NA;95965;452;2020-12-10;15031
2020-12-09;"Bratislavský kraj";382;4778;177;4955;NA;95965;559;2020-12-09;14579
2020-12-08;"Bratislavský kraj";234;6243;207;6450;NA;95965;441;2020-12-08;14020
2020-12-07;"Bratislavský kraj";272;4639;152;4791;NA;95965;424;2020-12-07;13579
2020-12-06;"Bratislavský kraj";61;1625;52;1677;NA;95965;113;2020-12-06;13155
2020-12-05;"Bratislavský kraj";266;2221;41;2262;NA;95965;307;2020-12-05;13042
2020-12-04;"Bratislavský kraj";200;4954;99;5053;NA;95965;299;2020-12-04;12735
2020-12-03;"Bratislavský kraj";213;5672;95;5767;NA;95965;308;2020-12-03;12436
2020-12-02;"Bratislavský kraj";205;3462;103;3565;NA;95965;308;2020-12-02;12128
2020-12-01;"Bratislavský kraj";255;3889;172;4061;NA;95965;427;2020-12-01;11820
2020-11-30;"Bratislavský kraj";152;2153;121;2274;NA;95965;273;2020-11-30;11393
2020-11-29;"Bratislavský kraj";52;201;24;225;NA;95965;76;2020-11-29;11120
2020-11-28;"Bratislavský kraj";232;2624;33;2657;NA;95965;265;2020-11-28;11044
2020-11-27;"Bratislavský kraj";54;2540;64;2604;NA;95965;118;2020-11-27;10779
2020-11-26;"Bratislavský kraj";129;1976;60;2036;NA;95965;189;2020-11-26;10661
2020-11-25;"Bratislavský kraj";140;1770;47;1817;NA;95965;187;2020-11-25;10472
2020-11-24;"Bratislavský kraj";81;2988;67;3055;NA;95965;148;2020-11-24;10285
2020-11-23;"Bratislavský kraj";67;7083;58;7141;NA;95965;125;2020-11-23;10137
2020-11-22;"Bratislavský kraj";36;81;7;88;NA;95965;43;2020-11-22;10012
2020-11-21;"Bratislavský kraj";109;2126;47;2173;NA;95965;156;2020-11-21;9969
2020-11-20;"Bratislavský kraj";118;2876;48;2924;NA;95965;166;2020-11-20;9813
2020-11-19;"Bratislavský kraj";173;987;29;1016;NA;95965;202;2020-11-19;9647
2020-11-18;"Bratislavský kraj";118;616;75;691;NA;95965;193;2020-11-18;9445
2020-11-17;"Bratislavský kraj";108;928;23;951;NA;95965;131;2020-11-17;9252
2020-11-16;"Bratislavský kraj";82;651;9;660;NA;95965;91;2020-11-16;9121
2020-11-15;"Bratislavský kraj";47;236;0;236;NA;95965;47;2020-11-15;9030
2020-11-14;"Bratislavský kraj";53;1834;15;1849;NA;95965;68;2020-11-14;8983
2020-11-13;"Bratislavský kraj";94;2096;21;2117;NA;95965;115;2020-11-13;8915
2020-11-12;"Bratislavský kraj";141;1727;6;1733;NA;95965;147;2020-11-12;8800
2020-11-11;"Bratislavský kraj";159;1429;12;1441;NA;95965;171;2020-11-11;8653
2020-11-10;"Bratislavský kraj";136;805;14;819;NA;95965;150;2020-11-10;8482
2020-11-09;"Bratislavský kraj";70;616;8;624;NA;95965;78;2020-11-09;8332
2020-11-08;"Bratislavský kraj";82;869;6;875;NA;95965;88;2020-11-08;8254
2020-11-07;"Bratislavský kraj";88;4039;17;4056;NA;95965;105;2020-11-07;8166
2020-11-06;"Bratislavský kraj";281;6441;25;6466;NA;95965;306;2020-11-06;8061
2020-11-05;"Bratislavský kraj";175;476;11;487;NA;95965;186;2020-11-05;7755
2020-11-04;"Bratislavský kraj";65;411;10;421;NA;95965;75;2020-11-04;7569
2020-11-03;"Bratislavský kraj";251;1085;12;1097;NA;95965;263;2020-11-03;7494
2020-11-02;"Bratislavský kraj";202;3365;22;3387;NA;95965;224;2020-11-02;7231
2020-11-01;"Bratislavský kraj";227;8694;39;8733;NA;95965;266;2020-11-01;7007
2020-10-31;"Bratislavský kraj";173;22407;123;22530;NA;95965;296;2020-10-31;6741
2020-10-30;"Bratislavský kraj";158;17350;138;17488;NA;95965;296;2020-10-30;6445
2020-10-29;"Bratislavský kraj";262;116;4;120;NA;95965;266;2020-10-29;6149
2020-10-28;"Bratislavský kraj";220;260;15;275;NA;95965;235;2020-10-28;5883
2020-10-27;"Bratislavský kraj";256;145;4;149;NA;95965;260;2020-10-27;5648
2020-10-26;"Bratislavský kraj";123;229;11;240;NA;95965;134;2020-10-26;5388
2020-10-25;"Bratislavský kraj";152;33;2;35;NA;95965;154;2020-10-25;5254
2020-10-24;"Bratislavský kraj";170;221;6;227;NA;95965;176;2020-10-24;5100
2020-10-23;"Bratislavský kraj";151;144;8;152;NA;95965;159;2020-10-23;4924
2020-10-22;"Bratislavský kraj";192;204;15;219;NA;95965;207;2020-10-22;4765
2020-10-21;"Bratislavský kraj";66;90;6;96;NA;95965;72;2020-10-21;4558
2020-10-20;"Bratislavský kraj";183;97;4;101;NA;95965;187;2020-10-20;4486
2020-10-19;"Bratislavský kraj";148;80;3;83;NA;95965;151;2020-10-19;4299
2020-10-18;"Bratislavský kraj";75;92;0;92;NA;95965;75;2020-10-18;4148
2020-10-17;"Bratislavský kraj";136;0;0;0;NA;95965;136;2020-10-17;4073
2020-10-16;"Bratislavský kraj";103;14;1;15;NA;95965;104;2020-10-16;3937
2020-10-15;"Bratislavský kraj";135;6;1;7;NA;95965;136;2020-10-15;3833
2020-10-14;"Bratislavský kraj";127;4;0;4;NA;95965;127;2020-10-14;3697
2020-10-13;"Bratislavský kraj";86;108;8;116;NA;95965;94;2020-10-13;3570
2020-10-12;"Bratislavský kraj";46;0;0;0;NA;95965;46;2020-10-12;3476
2020-10-11;"Bratislavský kraj";80;0;0;0;NA;95965;80;2020-10-11;3430
2020-10-10;"Bratislavský kraj";55;0;0;0;NA;95965;55;2020-10-10;3350
2020-10-09;"Bratislavský kraj";148;0;0;0;NA;95965;148;2020-10-09;3295
2020-10-08;"Bratislavský kraj";100;0;0;0;NA;95965;100;2020-10-08;3147
2020-10-07;"Bratislavský kraj";107;0;0;0;NA;95965;107;2020-10-07;3047
2020-10-06;"Bratislavský kraj";108;0;0;0;NA;95965;108;2020-10-06;2940
2020-10-05;"Bratislavský kraj";30;0;0;0;NA;95965;30;2020-10-05;2832
2020-10-04;"Bratislavský kraj";49;0;0;0;NA;95965;49;2020-10-04;2802
2020-10-03;"Bratislavský kraj";82;0;0;0;NA;95965;82;2020-10-03;2753
2020-10-02;"Bratislavský kraj";101;0;0;0;NA;95965;101;2020-10-02;2671
2020-10-01;"Bratislavský kraj";72;0;0;0;NA;95965;72;2020-10-01;2570
2020-09-30;"Bratislavský kraj";91;0;0;0;NA;95965;91;2020-09-30;2498
2020-09-29;"Bratislavský kraj";74;0;0;0;NA;95965;74;2020-09-29;2407
2020-09-28;"Bratislavský kraj";29;0;0;0;NA;95965;29;2020-09-28;2333
2020-09-27;"Bratislavský kraj";48;0;0;0;NA;95965;48;2020-09-27;2304
2020-09-26;"Bratislavský kraj";86;0;0;0;NA;95965;86;2020-09-26;2256
2020-09-25;"Bratislavský kraj";97;0;0;0;NA;95965;97;2020-09-25;2170
2020-09-24;"Bratislavský kraj";73;0;0;0;NA;95965;73;2020-09-24;2073
2020-09-23;"Bratislavský kraj";55;0;0;0;NA;95965;55;2020-09-23;2000
2020-09-22;"Bratislavský kraj";81;0;0;0;NA;95965;81;2020-09-22;1945
2020-09-21;"Bratislavský kraj";32;0;0;0;NA;95965;32;2020-09-21;1864
2020-09-20;"Bratislavský kraj";25;0;0;0;NA;95965;25;2020-09-20;1832
2020-09-19;"Bratislavský kraj";59;0;0;0;NA;95965;59;2020-09-19;1807
2020-09-18;"Bratislavský kraj";42;0;0;0;NA;95965;42;2020-09-18;1748
2020-09-17;"Bratislavský kraj";52;0;0;0;NA;95965;52;2020-09-17;1706
2020-09-16;"Bratislavský kraj";32;0;0;0;NA;95965;32;2020-09-16;1654
2020-09-15;"Bratislavský kraj";26;0;0;0;NA;95965;26;2020-09-15;1622
2020-09-14;"Bratislavský kraj";24;0;0;0;NA;95965;24;2020-09-14;1596
2020-09-13;"Bratislavský kraj";11;0;0;0;NA;95965;11;2020-09-13;1572
2020-09-12;"Bratislavský kraj";24;0;0;0;NA;95965;24;2020-09-12;1561
2020-09-11;"Bratislavský kraj";50;0;0;0;NA;95965;50;2020-09-11;1537
2020-09-10;"Bratislavský kraj";47;0;0;0;NA;95965;47;2020-09-10;1487
2020-09-09;"Bratislavský kraj";40;0;0;0;NA;95965;40;2020-09-09;1440
2020-09-08;"Bratislavský kraj";58;0;0;0;NA;95965;58;2020-09-08;1400
2020-09-07;"Bratislavský kraj";39;0;0;0;NA;95965;39;2020-09-07;1342
2020-09-06;"Bratislavský kraj";11;0;0;0;NA;95965;11;2020-09-06;1303
2020-09-05;"Bratislavský kraj";37;0;0;0;NA;95965;37;2020-09-05;1292
2020-09-04;"Bratislavský kraj";87;0;0;0;NA;95965;87;2020-09-04;1255
2020-09-03;"Bratislavský kraj";51;0;0;0;NA;95965;51;2020-09-03;1168
2020-09-02;"Bratislavský kraj";50;0;0;0;NA;95965;50;2020-09-02;1117
2020-09-01;"Bratislavský kraj";16;0;0;0;NA;95965;16;2020-09-01;1067
2020-08-31;"Bratislavský kraj";19;0;0;0;NA;95965;19;2020-08-31;1051
2020-08-30;"Bratislavský kraj";9;0;0;0;NA;95965;9;2020-08-30;1032
2020-08-29;"Bratislavský kraj";12;0;0;0;NA;95965;12;2020-08-29;1023
2020-08-28;"Bratislavský kraj";35;0;0;0;NA;95965;35;2020-08-28;1011
2020-08-27;"Bratislavský kraj";33;0;0;0;NA;95965;33;2020-08-27;976
2020-08-26;"Bratislavský kraj";27;0;0;0;NA;95965;27;2020-08-26;943
2020-08-25;"Bratislavský kraj";29;0;0;0;NA;95965;29;2020-08-25;916
2020-08-24;"Bratislavský kraj";6;0;0;0;NA;95965;6;2020-08-24;887
2020-08-23;"Bratislavský kraj";45;0;0;0;NA;95965;45;2020-08-23;881
2020-08-22;"Bratislavský kraj";13;0;0;0;NA;95965;13;2020-08-22;836
2020-08-21;"Bratislavský kraj";46;0;0;0;NA;95965;46;2020-08-21;823
2020-08-20;"Bratislavský kraj";41;0;0;0;NA;95965;41;2020-08-20;777
2020-08-19;"Bratislavský kraj";27;0;0;0;NA;95965;27;2020-08-19;736
2020-08-18;"Bratislavský kraj";47;0;0;0;NA;95965;47;2020-08-18;709
2020-08-17;"Bratislavský kraj";2;0;0;0;NA;95965;2;2020-08-17;662
2020-08-16;"Bratislavský kraj";3;0;0;0;NA;95965;3;2020-08-16;660
2020-08-15;"Bratislavský kraj";18;0;0;0;NA;95965;18;2020-08-15;657
2020-08-14;"Bratislavský kraj";16;0;0;0;NA;95965;16;2020-08-14;639
2020-08-13;"Bratislavský kraj";12;0;0;0;NA;95965;12;2020-08-13;623
2020-08-12;"Bratislavský kraj";10;0;0;0;NA;95965;10;2020-08-12;611
2020-08-11;"Bratislavský kraj";23;0;0;0;NA;95965;23;2020-08-11;601
2020-08-10;"Bratislavský kraj";2;0;0;0;NA;95965;2;2020-08-10;578
2020-08-09;"Bratislavský kraj";2;0;0;0;NA;95965;2;2020-08-09;576
2020-08-08;"Bratislavský kraj";1;0;0;0;NA;95965;1;2020-08-08;574
2020-08-07;"Bratislavský kraj";9;0;0;0;NA;95965;9;2020-08-07;573
2020-08-06;"Bratislavský kraj";15;0;0;0;NA;95965;15;2020-08-06;564
2020-08-05;"Bratislavský kraj";11;0;0;0;NA;95965;11;2020-08-05;549
2020-08-04;"Bratislavský kraj";21;0;0;0;NA;95965;21;2020-08-04;538
2020-08-03;"Bratislavský kraj";7;0;0;0;NA;95965;7;2020-08-03;517
2020-08-02;"Bratislavský kraj";0;0;0;0;NA;95965;0;2020-08-02;510
2020-08-01;"Bratislavský kraj";0;0;0;0;NA;95965;0;2020-08-01;510
2020-07-31;"Bratislavský kraj";14;0;0;0;NA;95965;14;2020-07-31;510
2020-07-30;"Bratislavský kraj";6;0;0;0;NA;95965;6;2020-07-30;496
2020-07-29;"Bratislavský kraj";7;0;0;0;NA;95965;7;2020-07-29;490
2020-07-28;"Bratislavský kraj";14;0;0;0;NA;95965;14;2020-07-28;483
2020-07-27;"Bratislavský kraj";3;0;0;0;NA;95965;3;2020-07-27;469
2020-07-26;"Bratislavský kraj";0;0;0;0;NA;95965;0;2020-07-26;466
2020-07-25;"Bratislavský kraj";8;0;0;0;NA;95965;8;2020-07-25;466
2020-07-24;"Bratislavský kraj";2;0;0;0;NA;95965;2;2020-07-24;458
2020-07-23;"Bratislavský kraj";8;0;0;0;NA;95965;8;2020-07-23;456
2020-07-22;"Bratislavský kraj";11;0;0;0;NA;95965;11;2020-07-22;448
2020-07-21;"Bratislavský kraj";8;0;0;0;NA;95965;8;2020-07-21;437
2020-07-20;"Bratislavský kraj";12;0;0;0;NA;95965;12;2020-07-20;429
2020-07-19;"Bratislavský kraj";0;0;0;0;NA;95965;0;2020-07-19;417
2020-07-18;"Bratislavský kraj";2;0;0;0;NA;95965;2;2020-07-18;417
2020-07-17;"Bratislavský kraj";2;0;0;0;NA;95965;2;2020-07-17;415
2020-07-16;"Bratislavský kraj";6;0;0;0;NA;95965;6;2020-07-16;413
2020-07-15;"Bratislavský kraj";3;0;0;0;NA;95965;3;2020-07-15;407
2020-07-14;"Bratislavský kraj";2;0;0;0;NA;95965;2;2020-07-14;404
2020-07-13;"Bratislavský kraj";2;0;0;0;NA;95965;2;2020-07-13;402
2020-07-12;"Bratislavský kraj";0;0;0;0;NA;95965;0;2020-07-12;400
2020-07-11;"Bratislavský kraj";0;0;0;0;NA;95965;0;2020-07-11;400
2020-07-10;"Bratislavský kraj";8;0;0;0;NA;95965;8;2020-07-10;400
2020-07-09;"Bratislavský kraj";2;0;0;0;NA;95965;2;2020-07-09;392
2020-07-08;"Bratislavský kraj";11;0;0;0;NA;95965;11;2020-07-08;390
2020-07-07;"Bratislavský kraj";5;0;0;0;NA;95965;5;2020-07-07;379
2020-07-06;"Bratislavský kraj";1;0;0;0;NA;95965;1;2020-07-06;374
2020-07-05;"Bratislavský kraj";0;0;0;0;NA;95965;0;2020-07-05;373
2020-07-04;"Bratislavský kraj";3;0;0;0;NA;95965;3;2020-07-04;373
2020-07-03;"Bratislavský kraj";1;0;0;0;NA;95965;1;2020-07-03;370
2020-07-02;"Bratislavský kraj";0;0;0;0;NA;95965;0;2020-07-02;369
2020-07-01;"Bratislavský kraj";7;0;0;0;NA;95965;7;2020-07-01;369
2020-06-30;"Bratislavský kraj";3;0;0;0;NA;95965;3;2020-06-30;362
2020-06-29;"Bratislavský kraj";1;0;0;0;NA;95965;1;2020-06-29;359
2020-06-28;"Bratislavský kraj";0;0;0;0;NA;95965;0;2020-06-28;358
2020-06-27;"Bratislavský kraj";1;0;0;0;NA;95965;1;2020-06-27;358
2020-06-26;"Bratislavský kraj";6;0;0;0;NA;95965;6;2020-06-26;357
2020-06-25;"Bratislavský kraj";0;0;0;0;NA;95965;0;2020-06-25;351
2020-06-24;"Bratislavský kraj";3;0;0;0;NA;95965;3;2020-06-24;351
2020-06-23;"Bratislavský kraj";0;0;0;0;NA;95965;0;2020-06-23;348
2020-06-22;"Bratislavský kraj";1;0;0;0;NA;95965;1;2020-06-22;348
2020-06-21;"Bratislavský kraj";0;0;0;0;NA;95965;0;2020-06-21;347
2020-06-20;"Bratislavský kraj";0;0;0;0;NA;95965;0;2020-06-20;347
2020-06-19;"Bratislavský kraj";3;0;0;0;NA;95965;3;2020-06-19;347
2020-06-18;"Bratislavský kraj";0;0;0;0;NA;95965;0;2020-06-18;344
2020-06-17;"Bratislavský kraj";0;0;0;0;NA;95965;0;2020-06-17;344
2020-06-16;"Bratislavský kraj";0;0;0;0;NA;95965;0;2020-06-16;344
2020-06-14;"Bratislavský kraj";2;0;0;0;NA;95965;2;2020-06-14;344
2020-06-13;"Bratislavský kraj";1;0;0;0;NA;95965;1;2020-06-13;342
2020-06-12;"Bratislavský kraj";2;0;0;0;NA;95965;2;2020-06-12;341
2020-06-11;"Bratislavský kraj";0;0;0;0;NA;95965;0;2020-06-11;339
2020-06-10;"Bratislavský kraj";0;0;0;0;NA;95965;0;2020-06-10;339
2020-06-09;"Bratislavský kraj";0;0;0;0;NA;95965;0;2020-06-09;339
2020-06-08;"Bratislavský kraj";1;0;0;0;NA;95965;1;2020-06-08;339
2020-06-07;"Bratislavský kraj";0;0;0;0;NA;95965;0;2020-06-07;338
2020-06-05;"Bratislavský kraj";0;0;0;0;NA;95965;0;2020-06-05;338
2020-06-03;"Bratislavský kraj";1;0;0;0;NA;95965;1;2020-06-03;338
2020-06-02;"Bratislavský kraj";0;0;0;0;NA;95965;0;2020-06-02;337
2020-05-31;"Bratislavský kraj";0;0;0;0;NA;95965;0;2020-05-31;337
2020-05-29;"Bratislavský kraj";0;0;0;0;NA;95965;0;2020-05-29;337
2020-05-27;"Bratislavský kraj";1;0;0;0;NA;95965;1;2020-05-27;337
2020-05-26;"Bratislavský kraj";0;0;0;0;NA;95965;0;2020-05-26;336
2020-05-25;"Bratislavský kraj";0;0;0;0;NA;95965;0;2020-05-25;336
2020-05-24;"Bratislavský kraj";0;0;0;0;NA;95965;0;2020-05-24;336
2020-05-23;"Bratislavský kraj";2;0;0;0;NA;95965;2;2020-05-23;336
2020-05-22;"Bratislavský kraj";0;0;0;0;NA;95965;0;2020-05-22;334
2020-05-21;"Bratislavský kraj";0;0;0;0;NA;95965;0;2020-05-21;334
2020-05-20;"Bratislavský kraj";0;0;0;0;NA;95965;0;2020-05-20;334
2020-05-19;"Bratislavský kraj";0;0;0;0;NA;95965;0;2020-05-19;334
2020-05-17;"Bratislavský kraj";0;0;0;0;NA;95965;0;2020-05-17;334
2020-05-16;"Bratislavský kraj";0;0;0;0;NA;95965;0;2020-05-16;334
2020-05-15;"Bratislavský kraj";0;0;0;0;NA;95965;0;2020-05-15;334
2020-05-14;"Bratislavský kraj";0;0;0;0;NA;95965;0;2020-05-14;334
2020-05-13;"Bratislavský kraj";0;0;0;0;NA;95965;0;2020-05-13;334
2020-05-12;"Bratislavský kraj";2;0;0;0;NA;95965;2;2020-05-12;334
2020-05-11;"Bratislavský kraj";0;0;0;0;NA;95965;0;2020-05-11;332
2020-05-09;"Bratislavský kraj";0;0;0;0;NA;95965;0;2020-05-09;332
2020-05-07;"Bratislavský kraj";1;0;0;0;NA;95965;1;2020-05-07;332
2020-05-06;"Bratislavský kraj";3;0;0;0;NA;95965;3;2020-05-06;331
2020-05-05;"Bratislavský kraj";0;0;0;0;NA;95965;0;2020-05-05;328
2020-05-04;"Bratislavský kraj";0;0;0;0;NA;95965;0;2020-05-04;328
2020-05-03;"Bratislavský kraj";2;0;0;0;NA;95965;2;2020-05-03;328
2020-05-02;"Bratislavský kraj";0;0;0;0;NA;95965;0;2020-05-02;326
2020-05-01;"Bratislavský kraj";0;0;0;0;NA;95965;0;2020-05-01;326
2020-04-30;"Bratislavský kraj";5;0;0;0;NA;95965;5;2020-04-30;326
2020-04-29;"Bratislavský kraj";0;0;0;0;NA;95965;0;2020-04-29;321
2020-04-28;"Bratislavský kraj";2;0;0;0;NA;95965;2;2020-04-28;321
2020-04-27;"Bratislavský kraj";0;0;0;0;NA;95965;0;2020-04-27;319
2020-04-26;"Bratislavský kraj";1;0;0;0;NA;95965;1;2020-04-26;319
2020-04-25;"Bratislavský kraj";0;0;0;0;NA;95965;0;2020-04-25;318
2020-04-24;"Bratislavský kraj";2;0;0;0;NA;95965;2;2020-04-24;318
2020-04-23;"Bratislavský kraj";6;0;0;0;NA;95965;6;2020-04-23;316
2020-04-22;"Bratislavský kraj";11;0;0;0;NA;95965;11;2020-04-22;310
2020-04-21;"Bratislavský kraj";4;0;0;0;NA;95965;4;2020-04-21;299
2020-04-20;"Bratislavský kraj";0;0;0;0;NA;95965;0;2020-04-20;295
2020-04-19;"Bratislavský kraj";4;0;0;0;NA;95965;4;2020-04-19;295
2020-04-18;"Bratislavský kraj";5;0;0;0;NA;95965;5;2020-04-18;291
2020-04-17;"Bratislavský kraj";6;0;0;0;NA;95965;6;2020-04-17;286
2020-04-16;"Bratislavský kraj";15;0;0;0;NA;95965;15;2020-04-16;280
2020-04-15;"Bratislavský kraj";11;0;0;0;NA;95965;11;2020-04-15;265
2020-04-14;"Bratislavský kraj";19;0;0;0;NA;95965;19;2020-04-14;254
2020-04-13;"Bratislavský kraj";53;0;0;0;NA;95965;53;2020-04-13;235
2020-04-12;"Bratislavský kraj";3;0;0;0;NA;95965;3;2020-04-12;182
2020-04-11;"Bratislavský kraj";1;0;0;0;NA;95965;1;2020-04-11;179
2020-04-10;"Bratislavský kraj";8;0;0;0;NA;95965;8;2020-04-10;178
2020-04-09;"Bratislavský kraj";3;0;0;0;NA;95965;3;2020-04-09;170
2020-04-08;"Bratislavský kraj";3;0;0;0;NA;95965;3;2020-04-08;167
2020-04-07;"Bratislavský kraj";24;0;0;0;NA;95965;24;2020-04-07;164
2020-04-06;"Bratislavský kraj";5;0;0;0;NA;95965;5;2020-04-06;140
2020-04-05;"Bratislavský kraj";6;0;0;0;NA;95965;6;2020-04-05;135
2020-04-04;"Bratislavský kraj";2;0;0;0;NA;95965;2;2020-04-04;129
2020-04-03;"Bratislavský kraj";1;0;0;0;NA;95965;1;2020-04-03;127
2020-04-02;"Bratislavský kraj";2;0;0;0;NA;95965;2;2020-04-02;126
2020-04-01;"Bratislavský kraj";5;0;0;0;NA;95965;5;2020-04-01;124
2020-03-31;"Bratislavský kraj";19;0;0;0;NA;95965;19;2020-03-31;119
2020-03-30;"Bratislavský kraj";6;0;0;0;NA;95965;6;2020-03-30;100
2020-03-29;"Bratislavský kraj";8;0;0;0;NA;95965;8;2020-03-29;94
2020-03-28;"Bratislavský kraj";4;0;0;0;NA;95965;4;2020-03-28;86
2020-03-27;"Bratislavský kraj";3;0;0;0;NA;95965;3;2020-03-27;82
2020-03-26;"Bratislavský kraj";15;0;0;0;NA;95965;15;2020-03-26;79
2020-03-25;"Bratislavský kraj";1;0;0;0;NA;95965;1;2020-03-25;64
2020-03-24;"Bratislavský kraj";4;0;0;0;NA;95965;4;2020-03-24;63
2020-03-23;"Bratislavský kraj";9;0;0;0;NA;95965;9;2020-03-23;59
2020-03-22;"Bratislavský kraj";2;0;0;0;NA;95965;2;2020-03-22;50
2020-03-21;"Bratislavský kraj";22;0;0;0;NA;95965;22;2020-03-21;48
2020-03-20;"Bratislavský kraj";3;0;0;0;NA;95965;3;2020-03-20;26
2020-03-19;"Bratislavský kraj";4;0;0;0;NA;95965;4;2020-03-19;23
2020-03-18;"Bratislavský kraj";3;0;0;0;NA;95965;3;2020-03-18;19
2020-03-17;"Bratislavský kraj";13;0;0;0;NA;95965;13;2020-03-17;16
2020-03-16;"Bratislavský kraj";1;0;0;0;NA;95965;1;2020-03-16;3
2020-03-15;"Bratislavský kraj";4;0;0;0;NA;95965;4;2020-03-15;2
2020-03-14;"Bratislavský kraj";9;0;0;0;NA;95965;9;2020-03-14;-2
2020-03-13;"Bratislavský kraj";2;0;0;0;NA;95965;2;2020-03-13;-11
2020-03-12;"Bratislavský kraj";8;0;0;0;NA;95965;8;2020-03-12;-13
2020-03-11;"Bratislavský kraj";3;0;0;0;NA;95965;3;2020-03-11;-21
2020-03-09;"Bratislavský kraj";0;0;0;0;NA;95965;0;2020-03-09;-24
2020-03-08;"Bratislavský kraj";2;0;0;0;NA;95965;2;2020-03-08;-24
2020-03-07;"Bratislavský kraj";2;0;0;0;NA;95965;2;2020-03-07;-26
2020-03-06;"Bratislavský kraj";1;0;0;0;NA;95965;1;2020-03-06;-28
2021-10-10;"Košický kraj";104;1523;34;1557;58879;105352;138;2021-10-10;105352
2021-10-09;"Košický kraj";111;1380;34;1414;NA;105352;145;2021-10-09;105214
2021-10-08;"Košický kraj";274;3211;51;3262;NA;105352;325;2021-10-08;105069
2021-10-07;"Košický kraj";277;4162;72;4234;NA;105352;349;2021-10-07;104744
2021-10-06;"Košický kraj";178;4103;80;4183;NA;105352;258;2021-10-06;104395
2021-10-05;"Košický kraj";345;4265;76;4341;NA;105352;421;2021-10-05;104137
2021-10-04;"Košický kraj";122;5768;107;5875;NA;105352;229;2021-10-04;103716
2021-10-03;"Košický kraj";133;3063;71;3134;NA;105352;204;2021-10-03;103487
2021-10-02;"Košický kraj";124;2225;39;2264;NA;105352;163;2021-10-02;103283
2021-10-01;"Košický kraj";181;3705;69;3774;NA;105352;250;2021-10-01;103120
2021-09-30;"Košický kraj";244;4471;61;4532;NA;105352;305;2021-09-30;102870
2021-09-29;"Košický kraj";183;3824;64;3888;NA;105352;247;2021-09-29;102565
2021-09-28;"Košický kraj";303;4111;76;4187;NA;105352;379;2021-09-28;102318
2021-09-27;"Košický kraj";117;6050;76;6126;NA;105352;193;2021-09-27;101939
2021-09-26;"Košický kraj";13;2618;43;2661;NA;105352;56;2021-09-26;101746
2021-09-25;"Košický kraj";162;2319;34;2353;NA;105352;196;2021-09-25;101690
2021-09-24;"Košický kraj";183;4501;43;4544;NA;105352;226;2021-09-24;101494
2021-09-23;"Košický kraj";142;3620;50;3670;NA;105352;192;2021-09-23;101268
2021-09-22;"Košický kraj";151;4214;50;4264;NA;105352;201;2021-09-22;101076
2021-09-21;"Košický kraj";234;4231;43;4274;NA;105352;277;2021-09-21;100875
2021-09-20;"Košický kraj";158;5722;67;5789;NA;105352;225;2021-09-20;100598
2021-09-19;"Košický kraj";15;2487;30;2517;NA;105352;45;2021-09-19;100373
2021-09-18;"Košický kraj";187;2283;19;2302;NA;105352;206;2021-09-18;100328
2021-09-17;"Košický kraj";121;4566;41;4607;NA;105352;162;2021-09-17;100122
2021-09-16;"Košický kraj";228;4237;67;4304;NA;105352;295;2021-09-16;99960
2021-09-15;"Košický kraj";52;849;16;865;NA;105352;68;2021-09-15;99665
2021-09-14;"Košický kraj";142;3331;47;3378;NA;105352;189;2021-09-14;99597
2021-09-13;"Košický kraj";96;4645;46;4691;NA;105352;142;2021-09-13;99408
2021-09-12;"Košický kraj";14;2003;31;2034;NA;105352;45;2021-09-12;99266
2021-09-11;"Košický kraj";105;2027;17;2044;NA;105352;122;2021-09-11;99221
2021-09-10;"Košický kraj";125;4135;42;4177;NA;105352;167;2021-09-10;99099
2021-09-09;"Košický kraj";115;3093;30;3123;NA;105352;145;2021-09-09;98932
2021-09-08;"Košický kraj";86;2691;36;2727;NA;105352;122;2021-09-08;98787
2021-09-07;"Košický kraj";79;2625;53;2678;NA;105352;132;2021-09-07;98665
2021-09-06;"Košický kraj";41;2717;35;2752;NA;105352;76;2021-09-06;98533
2021-09-05;"Košický kraj";52;1393;18;1411;NA;105352;70;2021-09-05;98457
2021-09-04;"Košický kraj";37;1610;12;1622;NA;105352;49;2021-09-04;98387
2021-09-03;"Košický kraj";47;2792;30;2822;NA;105352;77;2021-09-03;98338
2021-09-02;"Košický kraj";56;2621;24;2645;NA;105352;80;2021-09-02;98261
2021-09-01;"Košický kraj";95;584;11;595;NA;105352;106;2021-09-01;98181
2021-08-31;"Košický kraj";30;2466;22;2488;NA;105352;52;2021-08-31;98075
2021-08-30;"Košický kraj";8;2292;28;2320;NA;105352;36;2021-08-30;98023
2021-08-29;"Košický kraj";16;603;1;604;NA;105352;17;2021-08-29;97987
2021-08-28;"Košický kraj";14;1991;11;2002;NA;105352;25;2021-08-28;97970
2021-08-27;"Košický kraj";22;2818;16;2834;NA;105352;38;2021-08-27;97945
2021-08-26;"Košický kraj";19;2237;13;2250;NA;105352;32;2021-08-26;97907
2021-08-25;"Košický kraj";33;1939;6;1945;NA;105352;39;2021-08-25;97875
2021-08-24;"Košický kraj";14;2272;3;2275;NA;105352;17;2021-08-24;97836
2021-08-23;"Košický kraj";33;2398;5;2403;NA;105352;38;2021-08-23;97819
2021-08-22;"Košický kraj";4;1457;8;1465;NA;105352;12;2021-08-22;97781
2021-08-21;"Košický kraj";35;2042;3;2045;NA;105352;38;2021-08-21;97769
2021-08-20;"Košický kraj";13;3098;5;3103;NA;105352;18;2021-08-20;97731
2021-08-19;"Košický kraj";14;2117;6;2123;NA;105352;20;2021-08-19;97713
2021-08-18;"Košický kraj";30;1770;8;1778;NA;105352;38;2021-08-18;97693
2021-08-17;"Košický kraj";24;1619;3;1622;NA;105352;27;2021-08-17;97655
2021-08-16;"Košický kraj";3;2094;8;2102;NA;105352;11;2021-08-16;97628
2021-08-15;"Košický kraj";1;771;5;776;NA;105352;6;2021-08-15;97617
2021-08-14;"Košický kraj";15;1144;1;1145;NA;105352;16;2021-08-14;97611
2021-08-13;"Košický kraj";14;1862;8;1870;NA;105352;22;2021-08-13;97595
2021-08-12;"Košický kraj";10;1156;3;1159;NA;105352;13;2021-08-12;97573
2021-08-11;"Košický kraj";6;1298;4;1302;NA;105352;10;2021-08-11;97560
2021-08-10;"Košický kraj";10;1352;8;1360;NA;105352;18;2021-08-10;97550
2021-08-09;"Košický kraj";12;1578;2;1580;NA;105352;14;2021-08-09;97532
2021-08-08;"Košický kraj";8;688;1;689;NA;105352;9;2021-08-08;97518
2021-08-07;"Košický kraj";3;1061;3;1064;NA;105352;6;2021-08-07;97509
2021-08-06;"Košický kraj";9;1536;6;1542;NA;105352;15;2021-08-06;97503
2021-08-05;"Košický kraj";26;1220;6;1226;NA;105352;32;2021-08-05;97488
2021-08-04;"Košický kraj";8;1321;4;1325;NA;105352;12;2021-08-04;97456
2021-08-03;"Košický kraj";33;1078;3;1081;NA;105352;36;2021-08-03;97444
2021-08-02;"Košický kraj";6;1613;8;1621;NA;105352;14;2021-08-02;97408
2021-08-01;"Košický kraj";1;662;1;663;NA;105352;2;2021-08-01;97394
2021-07-31;"Košický kraj";17;1072;2;1074;NA;105352;19;2021-07-31;97392
2021-07-30;"Košický kraj";12;1500;7;1507;NA;105352;19;2021-07-30;97373
2021-07-29;"Košický kraj";7;1183;5;1188;NA;105352;12;2021-07-29;97354
2021-07-28;"Košický kraj";15;910;4;914;NA;105352;19;2021-07-28;97342
2021-07-27;"Košický kraj";17;1132;7;1139;NA;105352;24;2021-07-27;97323
2021-07-26;"Košický kraj";3;1585;8;1593;NA;105352;11;2021-07-26;97299
2021-07-25;"Košický kraj";0;719;3;722;NA;105352;3;2021-07-25;97288
2021-07-24;"Košický kraj";18;928;4;932;NA;105352;22;2021-07-24;97285
2021-07-23;"Košický kraj";9;1446;5;1451;NA;105352;14;2021-07-23;97263
2021-07-22;"Košický kraj";1;1177;4;1181;NA;105352;5;2021-07-22;97249
2021-07-21;"Košický kraj";4;1117;3;1120;NA;105352;7;2021-07-21;97244
2021-07-20;"Košický kraj";6;1291;1;1292;NA;105352;7;2021-07-20;97237
2021-07-19;"Košický kraj";2;1449;2;1451;NA;105352;4;2021-07-19;97230
2021-07-18;"Košický kraj";0;643;0;643;NA;105352;0;2021-07-18;97226
2021-07-17;"Košický kraj";3;986;5;991;NA;105352;8;2021-07-17;97226
2021-07-16;"Košický kraj";3;1486;4;1490;NA;105352;7;2021-07-16;97218
2021-07-15;"Košický kraj";4;1301;4;1305;NA;105352;8;2021-07-15;97211
2021-07-14;"Košický kraj";2;1090;3;1093;NA;105352;5;2021-07-14;97203
2021-07-13;"Košický kraj";4;1329;1;1330;NA;105352;5;2021-07-13;97198
2021-07-12;"Košický kraj";3;1773;3;1776;NA;105352;6;2021-07-12;97193
2021-07-11;"Košický kraj";1;537;2;539;NA;105352;3;2021-07-11;97187
2021-07-10;"Košický kraj";9;1051;0;1051;NA;105352;9;2021-07-10;97184
2021-07-09;"Košický kraj";5;1855;5;1860;NA;105352;10;2021-07-09;97175
2021-07-08;"Košický kraj";13;1211;2;1213;NA;105352;15;2021-07-08;97165
2021-07-07;"Košický kraj";6;1436;1;1437;NA;105352;7;2021-07-07;97150
2021-07-06;"Košický kraj";4;1766;2;1768;NA;105352;6;2021-07-06;97143
2021-07-05;"Košický kraj";1;491;0;491;NA;105352;1;2021-07-05;97137
2021-07-04;"Košický kraj";0;480;2;482;NA;105352;2;2021-07-04;97136
2021-07-03;"Košický kraj";2;1112;0;1112;NA;105352;2;2021-07-03;97134
2021-07-02;"Košický kraj";2;1724;3;1727;NA;105352;5;2021-07-02;97132
2021-07-01;"Košický kraj";0;1139;2;1141;NA;105352;2;2021-07-01;97127
2021-06-30;"Košický kraj";5;9248;7;9255;NA;105352;12;2021-06-30;97125
2021-06-29;"Košický kraj";6;5692;7;5699;NA;105352;13;2021-06-29;97113
2021-06-28;"Košický kraj";5;6129;2;6131;NA;105352;7;2021-06-28;97100
2021-06-27;"Košický kraj";8;4612;3;4615;NA;105352;11;2021-06-27;97093
2021-06-26;"Košický kraj";4;5699;14;5713;NA;105352;18;2021-06-26;97082
2021-06-25;"Košický kraj";5;6981;2;6983;NA;105352;7;2021-06-25;97064
2021-06-24;"Košický kraj";1;5072;3;5075;NA;105352;4;2021-06-24;97057
2021-06-23;"Košický kraj";8;5373;3;5376;NA;105352;11;2021-06-23;97053
2021-06-22;"Košický kraj";1;5269;3;5272;NA;105352;4;2021-06-22;97042
2021-06-21;"Košický kraj";5;6830;11;6841;NA;105352;16;2021-06-21;97038
2021-06-20;"Košický kraj";0;4882;6;4888;NA;105352;6;2021-06-20;97022
2021-06-19;"Košický kraj";7;6473;1;6474;NA;105352;8;2021-06-19;97016
2021-06-18;"Košický kraj";4;7969;8;7977;NA;105352;12;2021-06-18;97008
2021-06-17;"Košický kraj";6;6128;3;6131;NA;105352;9;2021-06-17;96996
2021-06-16;"Košický kraj";11;6059;7;6066;NA;105352;18;2021-06-16;96987
2021-06-15;"Košický kraj";12;6301;2;6303;NA;105352;14;2021-06-15;96969
2021-06-14;"Košický kraj";10;7010;9;7019;NA;105352;19;2021-06-14;96955
2021-06-13;"Košický kraj";7;6948;8;6956;NA;105352;15;2021-06-13;96936
2021-06-12;"Košický kraj";7;7485;9;7494;NA;105352;16;2021-06-12;96921
2021-06-11;"Košický kraj";15;8973;6;8979;NA;105352;21;2021-06-11;96905
2021-06-10;"Košický kraj";11;6588;16;6604;NA;105352;27;2021-06-10;96884
2021-06-09;"Košický kraj";37;6056;7;6063;NA;105352;44;2021-06-09;96857
2021-06-08;"Košický kraj";33;7019;13;7032;NA;105352;46;2021-06-08;96813
2021-06-07;"Košický kraj";11;8106;22;8128;NA;105352;33;2021-06-07;96767
2021-06-06;"Košický kraj";1;7843;7;7850;NA;105352;8;2021-06-06;96734
2021-06-05;"Košický kraj";21;9286;3;9289;NA;105352;24;2021-06-05;96726
2021-06-04;"Košický kraj";26;11377;20;11397;NA;105352;46;2021-06-04;96702
2021-06-03;"Košický kraj";23;6467;14;6481;NA;105352;37;2021-06-03;96656
2021-06-02;"Košický kraj";15;7180;24;7204;NA;105352;39;2021-06-02;96619
2021-06-01;"Košický kraj";13;7562;10;7572;NA;105352;23;2021-06-01;96580
2021-05-31;"Košický kraj";13;9256;18;9274;NA;105352;31;2021-05-31;96557
2021-05-30;"Košický kraj";3;11215;10;11225;NA;105352;13;2021-05-30;96526
2021-05-29;"Košický kraj";25;10942;22;10964;NA;105352;47;2021-05-29;96513
2021-05-28;"Košický kraj";17;13055;29;13084;NA;105352;46;2021-05-28;96466
2021-05-27;"Košický kraj";19;7924;26;7950;NA;105352;45;2021-05-27;96420
2021-05-26;"Košický kraj";35;8118;27;8145;NA;105352;62;2021-05-26;96375
2021-05-25;"Košický kraj";33;9296;29;9325;NA;105352;62;2021-05-25;96313
2021-05-24;"Košický kraj";10;10855;27;10882;NA;105352;37;2021-05-24;96251
2021-05-23;"Košický kraj";4;12151;15;12166;NA;105352;19;2021-05-23;96214
2021-05-22;"Košický kraj";27;12601;19;12620;NA;105352;46;2021-05-22;96195
2021-05-21;"Košický kraj";24;14910;27;14937;NA;105352;51;2021-05-21;96149
2021-05-20;"Košický kraj";20;9422;28;9450;NA;105352;48;2021-05-20;96098
2021-05-19;"Košický kraj";30;10421;21;10442;NA;105352;51;2021-05-19;96050
2021-05-18;"Košický kraj";34;10254;36;10290;NA;105352;70;2021-05-18;95999
2021-05-17;"Košický kraj";20;12686;38;12724;NA;105352;58;2021-05-17;95929
2021-05-16;"Košický kraj";37;17865;20;17885;NA;105352;57;2021-05-16;95871
2021-05-15;"Košický kraj";22;25602;28;25630;NA;105352;50;2021-05-15;95814
2021-05-14;"Košický kraj";32;21824;42;21866;NA;105352;74;2021-05-14;95764
2021-05-13;"Košický kraj";39;10172;32;10204;NA;105352;71;2021-05-13;95690
2021-05-12;"Košický kraj";85;10868;33;10901;NA;105352;118;2021-05-12;95619
2021-05-11;"Košický kraj";68;11166;32;11198;NA;105352;100;2021-05-11;95501
2021-05-10;"Košický kraj";25;17044;42;17086;NA;105352;67;2021-05-10;95401
2021-05-09;"Košický kraj";84;25594;55;25649;NA;105352;139;2021-05-09;95334
2021-05-08;"Košický kraj";18;23399;23;23422;NA;105352;41;2021-05-08;95195
2021-05-07;"Košický kraj";51;24497;57;24554;NA;105352;108;2021-05-07;95154
2021-05-06;"Košický kraj";55;11847;43;11890;NA;105352;98;2021-05-06;95046
2021-05-05;"Košický kraj";23;12124;35;12159;NA;105352;58;2021-05-05;94948
2021-05-04;"Košický kraj";143;13562;38;13600;NA;105352;181;2021-05-04;94890
2021-05-03;"Košický kraj";37;16944;68;17012;NA;105352;105;2021-05-03;94709
2021-05-02;"Košický kraj";45;36096;56;36152;NA;105352;101;2021-05-02;94604
2021-05-01;"Košický kraj";54;52075;76;52151;NA;105352;130;2021-05-01;94503
2021-04-30;"Košický kraj";59;44602;94;44696;NA;105352;153;2021-04-30;94373
2021-04-29;"Košický kraj";76;17014;53;17067;NA;105352;129;2021-04-29;94220
2021-04-28;"Košický kraj";99;17970;52;18022;NA;105352;151;2021-04-28;94091
2021-04-27;"Košický kraj";108;20670;43;20713;NA;105352;151;2021-04-27;93940
2021-04-26;"Košický kraj";39;25915;96;26011;NA;105352;135;2021-04-26;93789
2021-04-25;"Košický kraj";23;48355;57;48412;NA;105352;80;2021-04-25;93654
2021-04-24;"Košický kraj";68;90124;114;90238;NA;105352;182;2021-04-24;93574
2021-04-23;"Košický kraj";110;41232;72;41304;NA;105352;182;2021-04-23;93392
2021-04-22;"Košický kraj";56;16772;44;16816;NA;105352;100;2021-04-22;93210
2021-04-21;"Košický kraj";114;19519;61;19580;NA;105352;175;2021-04-21;93110
2021-04-20;"Košický kraj";81;25432;63;25495;NA;105352;144;2021-04-20;92935
2021-04-19;"Košický kraj";93;29950;108;30058;NA;105352;201;2021-04-19;92791
2021-04-18;"Košický kraj";10;48913;82;48995;NA;105352;92;2021-04-18;92590
2021-04-17;"Košický kraj";187;83856;103;83959;NA;105352;290;2021-04-17;92498
2021-04-16;"Košický kraj";83;41568;127;41695;NA;105352;210;2021-04-16;92208
2021-04-15;"Košický kraj";104;18522;93;18615;NA;105352;197;2021-04-15;91998
2021-04-14;"Košický kraj";119;20089;64;20153;NA;105352;183;2021-04-14;91801
2021-04-13;"Košický kraj";81;23175;120;23295;NA;105352;201;2021-04-13;91618
2021-04-12;"Košický kraj";129;26573;124;26697;NA;105352;253;2021-04-12;91417
2021-04-11;"Košický kraj";29;46949;80;47029;NA;105352;109;2021-04-11;91164
2021-04-10;"Košický kraj";138;100114;183;100297;NA;105352;321;2021-04-10;91055
2021-04-09;"Košický kraj";168;35206;133;35339;NA;105352;301;2021-04-09;90734
2021-04-08;"Košický kraj";81;18530;90;18620;NA;105352;171;2021-04-08;90433
2021-04-07;"Košický kraj";232;28027;194;28221;NA;105352;426;2021-04-07;90262
2021-04-06;"Košický kraj";121;36495;164;36659;NA;105352;285;2021-04-06;89836
2021-04-05;"Košický kraj";19;14361;66;14427;NA;105352;85;2021-04-05;89551
2021-04-04;"Košický kraj";33;15089;66;15155;NA;105352;99;2021-04-04;89466
2021-04-03;"Košický kraj";138;97664;241;97905;NA;105352;379;2021-04-03;89367
2021-04-02;"Košický kraj";128;24515;76;24591;NA;105352;204;2021-04-02;88988
2021-04-01;"Košický kraj";165;46151;156;46307;NA;105352;321;2021-04-01;88784
2021-03-31;"Košický kraj";160;29659;124;29783;NA;105352;284;2021-03-31;88463
2021-03-30;"Košický kraj";229;24038;163;24201;NA;105352;392;2021-03-30;88179
2021-03-29;"Košický kraj";78;28843;194;29037;NA;105352;272;2021-03-29;87787
2021-03-28;"Košický kraj";39;44263;128;44391;NA;105352;167;2021-03-28;87515
2021-03-27;"Košický kraj";222;96602;265;96867;NA;105352;487;2021-03-27;87348
2021-03-26;"Košický kraj";233;45252;202;45454;NA;105352;435;2021-03-26;86861
2021-03-25;"Košický kraj";133;23804;175;23979;NA;105352;308;2021-03-25;86426
2021-03-24;"Košický kraj";165;20696;155;20851;NA;105352;320;2021-03-24;86118
2021-03-23;"Košický kraj";202;22434;192;22626;NA;105352;394;2021-03-23;85798
2021-03-22;"Košický kraj";169;26890;228;27118;NA;105352;397;2021-03-22;85404
2021-03-21;"Košický kraj";109;46746;167;46913;NA;105352;276;2021-03-21;85007
2021-03-20;"Košický kraj";126;101334;311;101645;NA;105352;437;2021-03-20;84731
2021-03-19;"Košický kraj";205;45632;260;45892;NA;105352;465;2021-03-19;84294
2021-03-18;"Košický kraj";274;23827;212;24039;NA;105352;486;2021-03-18;83829
2021-03-17;"Košický kraj";177;21548;195;21743;NA;105352;372;2021-03-17;83343
2021-03-16;"Košický kraj";386;23454;226;23680;NA;105352;612;2021-03-16;82971
2021-03-15;"Košický kraj";173;27900;297;28197;NA;105352;470;2021-03-15;82359
2021-03-14;"Košický kraj";145;44354;220;44574;NA;105352;365;2021-03-14;81889
2021-03-13;"Košický kraj";146;103790;483;104273;NA;105352;629;2021-03-13;81524
2021-03-12;"Košický kraj";366;47871;321;48192;NA;105352;687;2021-03-12;80895
2021-03-11;"Košický kraj";396;23229;263;23492;NA;105352;659;2021-03-11;80208
2021-03-10;"Košický kraj";121;22205;269;22474;NA;105352;390;2021-03-10;79549
2021-03-09;"Košický kraj";676;24509;300;24809;NA;105352;976;2021-03-09;79159
2021-03-08;"Košický kraj";559;29852;344;30196;NA;105352;903;2021-03-08;78183
2021-03-07;"Košický kraj";45;44230;299;44529;NA;105352;344;2021-03-07;77280
2021-03-06;"Košický kraj";177;105598;532;106130;NA;105352;709;2021-03-06;76936
2021-03-05;"Košický kraj";439;45567;424;45991;NA;105352;863;2021-03-05;76227
2021-03-04;"Košický kraj";417;23862;320;24182;NA;105352;737;2021-03-04;75364
2021-03-03;"Košický kraj";390;23169;298;23467;NA;105352;688;2021-03-03;74627
2021-03-02;"Košický kraj";464;24158;368;24526;NA;105352;832;2021-03-02;73939
2021-03-01;"Košický kraj";389;30013;514;30527;NA;105352;903;2021-03-01;73107
2021-02-28;"Košický kraj";265;43053;334;43387;NA;105352;599;2021-02-28;72204
2021-02-27;"Košický kraj";301;100559;784;101343;NA;105352;1085;2021-02-27;71605
2021-02-26;"Košický kraj";440;45466;492;45958;NA;105352;932;2021-02-26;70520
2021-02-25;"Košický kraj";331;19872;342;20214;NA;105352;673;2021-02-25;69588
2021-02-24;"Košický kraj";263;18751;505;19256;NA;105352;768;2021-02-24;68915
2021-02-23;"Košický kraj";642;21605;341;21946;NA;105352;983;2021-02-23;68147
2021-02-22;"Košický kraj";362;30858;434;31292;NA;105352;796;2021-02-22;67164
2021-02-21;"Košický kraj";170;40464;385;40849;NA;105352;555;2021-02-21;66368
2021-02-20;"Košický kraj";283;92550;770;93320;NA;105352;1053;2021-02-20;65813
2021-02-19;"Košický kraj";507;41579;583;42162;NA;105352;1090;2021-02-19;64760
2021-02-18;"Košický kraj";397;18442;345;18787;NA;105352;742;2021-02-18;63670
2021-02-17;"Košický kraj";322;18080;387;18467;NA;105352;709;2021-02-17;62928
2021-02-16;"Košický kraj";600;22111;463;22574;NA;105352;1063;2021-02-16;62219
2021-02-15;"Košický kraj";216;27633;419;28052;NA;105352;635;2021-02-15;61156
2021-02-14;"Košický kraj";241;56743;524;57267;NA;105352;765;2021-02-14;60521
2021-02-13;"Košický kraj";206;93745;765;94510;NA;105352;971;2021-02-13;59756
2021-02-12;"Košický kraj";448;49924;611;50535;NA;105352;1059;2021-02-12;58785
2021-02-11;"Košický kraj";435;14524;323;14847;NA;105352;758;2021-02-11;57726
2021-02-10;"Košický kraj";360;18475;431;18906;NA;105352;791;2021-02-10;56968
2021-02-09;"Košický kraj";544;24841;463;25304;NA;105352;1007;2021-02-09;56177
2021-02-08;"Košický kraj";237;24836;392;25228;NA;105352;629;2021-02-08;55170
2021-02-07;"Košický kraj";208;56897;612;57509;NA;105352;820;2021-02-07;54541
2021-02-06;"Košický kraj";318;104357;884;105241;NA;105352;1202;2021-02-06;53721
2021-02-05;"Košický kraj";384;43186;494;43680;NA;105352;878;2021-02-05;52519
2021-02-04;"Košický kraj";391;14512;371;14883;NA;105352;762;2021-02-04;51641
2021-02-03;"Košický kraj";296;12599;339;12938;NA;105352;635;2021-02-03;50879
2021-02-02;"Košický kraj";473;43883;1212;45095;NA;105352;1685;2021-02-02;50244
2021-02-01;"Košický kraj";415;21984;362;22346;NA;105352;777;2021-02-01;48559
2021-01-31;"Košický kraj";142;54690;617;55307;NA;105352;759;2021-01-31;47782
2021-01-30;"Košický kraj";320;76722;661;77383;NA;105352;981;2021-01-30;47023
2021-01-29;"Košický kraj";311;37164;466;37630;NA;105352;777;2021-01-29;46042
2021-01-28;"Košický kraj";540;9006;244;9250;NA;105352;784;2021-01-28;45265
2021-01-27;"Košický kraj";265;7575;211;7786;NA;105352;476;2021-01-27;44481
2021-01-26;"Košický kraj";530;14210;245;14455;NA;105352;775;2021-01-26;44005
2021-01-25;"Košický kraj";226;26431;413;26844;NA;105352;639;2021-01-25;43230
2021-01-24;"Košický kraj";150;44419;581;45000;NA;105352;731;2021-01-24;42591
2021-01-23;"Košický kraj";232;82705;857;83562;NA;105352;1089;2021-01-23;41860
2021-01-22;"Košický kraj";316;19997;265;20262;NA;105352;581;2021-01-22;40771
2021-01-21;"Košický kraj";274;14053;159;14212;NA;105352;433;2021-01-21;40190
2021-01-20;"Košický kraj";374;10844;201;11045;NA;105352;575;2021-01-20;39757
2021-01-19;"Košický kraj";248;9717;181;9898;NA;105352;429;2021-01-19;39182
2021-01-18;"Košický kraj";333;7659;262;7921;NA;105352;595;2021-01-18;38753
2021-01-17;"Košický kraj";155;535;14;549;NA;105352;169;2021-01-17;38158
2021-01-16;"Košický kraj";153;1403;47;1450;NA;105352;200;2021-01-16;37989
2021-01-15;"Košický kraj";308;6443;213;6656;NA;105352;521;2021-01-15;37789
2021-01-14;"Košický kraj";358;5471;221;5692;NA;105352;579;2021-01-14;37268
2021-01-13;"Košický kraj";421;4897;226;5123;NA;105352;647;2021-01-13;36689
2021-01-12;"Košický kraj";482;6473;237;6710;NA;105352;719;2021-01-12;36042
2021-01-11;"Košický kraj";309;7553;286;7839;NA;105352;595;2021-01-11;35323
2021-01-10;"Košický kraj";193;136;6;142;NA;105352;199;2021-01-10;34728
2021-01-09;"Košický kraj";469;1134;45;1179;NA;105352;514;2021-01-09;34529
2021-01-08;"Košický kraj";551;7106;348;7454;NA;105352;899;2021-01-08;34015
2021-01-07;"Košický kraj";251;5853;398;6251;NA;105352;649;2021-01-07;33116
2021-01-06;"Košický kraj";442;429;33;462;NA;105352;475;2021-01-06;32467
2021-01-05;"Košický kraj";584;7633;527;8160;NA;105352;1111;2021-01-05;31992
2021-01-04;"Košický kraj";407;6479;660;7139;NA;105352;1067;2021-01-04;30881
2021-01-03;"Košický kraj";118;661;22;683;NA;105352;140;2021-01-03;29814
2021-01-02;"Košický kraj";88;440;52;492;NA;105352;140;2021-01-02;29674
2021-01-01;"Košický kraj";398;725;49;774;NA;105352;447;2021-01-01;29534
2020-12-31;"Košický kraj";625;7509;453;7962;NA;105352;1078;2020-12-31;29087
2020-12-30;"Košický kraj";590;6076;395;6471;NA;105352;985;2020-12-30;28009
2020-12-29;"Košický kraj";419;7454;596;8050;NA;105352;1015;2020-12-29;27024
2020-12-28;"Košický kraj";356;7933;756;8689;NA;105352;1112;2020-12-28;26009
2020-12-27;"Košický kraj";159;147;16;163;NA;105352;175;2020-12-27;24897
2020-12-26;"Košický kraj";163;274;23;297;NA;105352;186;2020-12-26;24722
2020-12-25;"Košický kraj";237;140;10;150;NA;105352;247;2020-12-25;24536
2020-12-24;"Košický kraj";564;1470;90;1560;NA;105352;654;2020-12-24;24289
2020-12-23;"Košický kraj";304;7339;327;7666;NA;105352;631;2020-12-23;23635
2020-12-22;"Košický kraj";438;7284;429;7713;NA;105352;867;2020-12-22;23004
2020-12-21;"Košický kraj";405;6703;504;7207;NA;105352;909;2020-12-21;22137
2020-12-20;"Košický kraj";215;73;11;84;NA;105352;226;2020-12-20;21228
2020-12-19;"Košický kraj";207;1309;63;1372;NA;105352;270;2020-12-19;21002
2020-12-18;"Košický kraj";310;7707;292;7999;NA;105352;602;2020-12-18;20732
2020-12-17;"Košický kraj";463;5101;253;5354;NA;105352;716;2020-12-17;20130
2020-12-16;"Košický kraj";455;5725;295;6020;NA;105352;750;2020-12-16;19414
2020-12-15;"Košický kraj";319;4787;327;5114;NA;105352;646;2020-12-15;18664
2020-12-14;"Košický kraj";256;2905;225;3130;NA;105352;481;2020-12-14;18018
2020-12-13;"Košický kraj";47;181;2;183;NA;105352;49;2020-12-13;17537
2020-12-12;"Košický kraj";369;1587;118;1705;NA;105352;487;2020-12-12;17488
2020-12-11;"Košický kraj";354;5328;256;5584;NA;105352;610;2020-12-11;17001
2020-12-10;"Košický kraj";283;3987;174;4161;NA;105352;457;2020-12-10;16391
2020-12-09;"Košický kraj";279;3786;166;3952;NA;105352;445;2020-12-09;15934
2020-12-08;"Košický kraj";226;4105;355;4460;NA;105352;581;2020-12-08;15489
2020-12-07;"Košický kraj";270;2383;106;2489;NA;105352;376;2020-12-07;14908
2020-12-06;"Košický kraj";121;97;20;117;NA;105352;141;2020-12-06;14532
2020-12-05;"Košický kraj";90;1096;48;1144;NA;105352;138;2020-12-05;14391
2020-12-04;"Košický kraj";224;2680;82;2762;NA;105352;306;2020-12-04;14253
2020-12-03;"Košický kraj";211;7717;173;7890;NA;105352;384;2020-12-03;13947
2020-12-02;"Košický kraj";193;8132;496;8628;NA;105352;689;2020-12-02;13563
2020-12-01;"Košický kraj";178;2237;124;2361;NA;105352;302;2020-12-01;12874
2020-11-30;"Košický kraj";171;3598;59;3657;NA;105352;230;2020-11-30;12572
2020-11-29;"Košický kraj";31;325;17;342;NA;105352;48;2020-11-29;12342
2020-11-28;"Košický kraj";69;721;52;773;NA;105352;121;2020-11-28;12294
2020-11-27;"Košický kraj";149;2921;78;2999;NA;105352;227;2020-11-27;12173
2020-11-26;"Košický kraj";239;1234;60;1294;NA;105352;299;2020-11-26;11946
2020-11-25;"Košický kraj";237;1785;123;1908;NA;105352;360;2020-11-25;11647
2020-11-24;"Košický kraj";196;1976;67;2043;NA;105352;263;2020-11-24;11287
2020-11-23;"Košický kraj";51;4115;63;4178;NA;105352;114;2020-11-23;11024
2020-11-22;"Košický kraj";57;57;5;62;NA;105352;62;2020-11-22;10910
2020-11-21;"Košický kraj";87;858;36;894;NA;105352;123;2020-11-21;10848
2020-11-20;"Košický kraj";176;3084;49;3133;NA;105352;225;2020-11-20;10725
2020-11-19;"Košický kraj";206;1736;48;1784;NA;105352;254;2020-11-19;10500
2020-11-18;"Košický kraj";122;532;17;549;NA;105352;139;2020-11-18;10246
2020-11-17;"Košický kraj";152;82;9;91;NA;105352;161;2020-11-17;10107
2020-11-16;"Košický kraj";114;596;27;623;NA;105352;141;2020-11-16;9946
2020-11-15;"Košický kraj";15;338;7;345;NA;105352;22;2020-11-15;9805
2020-11-14;"Košický kraj";234;520;12;532;NA;105352;246;2020-11-14;9783
2020-11-13;"Košický kraj";207;664;29;693;NA;105352;236;2020-11-13;9537
2020-11-12;"Košický kraj";192;736;13;749;NA;105352;205;2020-11-12;9301
2020-11-11;"Košický kraj";301;593;7;600;NA;105352;308;2020-11-11;9096
2020-11-10;"Košický kraj";190;541;11;552;NA;105352;201;2020-11-10;8788
2020-11-09;"Košický kraj";129;380;17;397;NA;105352;146;2020-11-09;8587
2020-11-08;"Košický kraj";78;1306;8;1314;NA;105352;86;2020-11-08;8441
2020-11-07;"Košický kraj";192;3909;22;3931;NA;105352;214;2020-11-07;8355
2020-11-06;"Košický kraj";195;5310;34;5344;NA;105352;229;2020-11-06;8141
2020-11-05;"Košický kraj";342;330;31;361;NA;105352;373;2020-11-05;7912
2020-11-04;"Košický kraj";101;154;6;160;NA;105352;107;2020-11-04;7539
2020-11-03;"Košický kraj";358;1122;13;1135;NA;105352;371;2020-11-03;7432
2020-11-02;"Košický kraj";111;6125;56;6181;NA;105352;167;2020-11-02;7061
2020-11-01;"Košický kraj";346;6522;34;6556;NA;105352;380;2020-11-01;6894
2020-10-31;"Košický kraj";82;14035;106;14141;NA;105352;188;2020-10-31;6514
2020-10-30;"Košický kraj";379;2835;27;2862;NA;105352;406;2020-10-30;6326
2020-10-29;"Košický kraj";333;983;13;996;NA;105352;346;2020-10-29;5920
2020-10-28;"Košický kraj";224;305;13;318;NA;105352;237;2020-10-28;5574
2020-10-27;"Košický kraj";386;439;21;460;NA;105352;407;2020-10-27;5337
2020-10-26;"Košický kraj";56;212;12;224;NA;105352;68;2020-10-26;4930
2020-10-25;"Košický kraj";154;79;2;81;NA;105352;156;2020-10-25;4862
2020-10-24;"Košický kraj";313;118;16;134;NA;105352;329;2020-10-24;4706
2020-10-23;"Košický kraj";315;331;8;339;NA;105352;323;2020-10-23;4377
2020-10-22;"Košický kraj";349;530;16;546;NA;105352;365;2020-10-22;4054
2020-10-21;"Košický kraj";129;84;2;86;NA;105352;131;2020-10-21;3689
2020-10-20;"Košický kraj";181;14;1;15;NA;105352;182;2020-10-20;3558
2020-10-19;"Košický kraj";64;38;1;39;NA;105352;65;2020-10-19;3376
2020-10-18;"Košický kraj";158;0;0;0;NA;105352;158;2020-10-18;3311
2020-10-17;"Košický kraj";142;0;0;0;NA;105352;142;2020-10-17;3153
2020-10-16;"Košický kraj";206;19;0;19;NA;105352;206;2020-10-16;3011
2020-10-15;"Košický kraj";177;19;5;24;NA;105352;182;2020-10-15;2805
2020-10-14;"Košický kraj";211;8;0;8;NA;105352;211;2020-10-14;2623
2020-10-13;"Košický kraj";179;80;3;83;NA;105352;182;2020-10-13;2412
2020-10-12;"Košický kraj";74;0;0;0;NA;105352;74;2020-10-12;2230
2020-10-11;"Košický kraj";121;0;0;0;NA;105352;121;2020-10-11;2156
2020-10-10;"Košický kraj";70;0;0;0;NA;105352;70;2020-10-10;2035
2020-10-09;"Košický kraj";188;0;0;0;NA;105352;188;2020-10-09;1965
2020-10-08;"Košický kraj";102;0;0;0;NA;105352;102;2020-10-08;1777
2020-10-07;"Košický kraj";158;0;0;0;NA;105352;158;2020-10-07;1675
2020-10-06;"Košický kraj";70;0;0;0;NA;105352;70;2020-10-06;1517
2020-10-05;"Košický kraj";39;0;0;0;NA;105352;39;2020-10-05;1447
2020-10-04;"Košický kraj";45;0;0;0;NA;105352;45;2020-10-04;1408
2020-10-03;"Košický kraj";105;0;0;0;NA;105352;105;2020-10-03;1363
2020-10-02;"Košický kraj";57;0;0;0;NA;105352;57;2020-10-02;1258
2020-10-01;"Košický kraj";69;0;0;0;NA;105352;69;2020-10-01;1201
2020-09-30;"Košický kraj";95;0;0;0;NA;105352;95;2020-09-30;1132
2020-09-29;"Košický kraj";75;0;0;0;NA;105352;75;2020-09-29;1037
2020-09-28;"Košický kraj";19;0;0;0;NA;105352;19;2020-09-28;962
2020-09-27;"Košický kraj";21;0;0;0;NA;105352;21;2020-09-27;943
2020-09-26;"Košický kraj";53;0;0;0;NA;105352;53;2020-09-26;922
2020-09-25;"Košický kraj";72;0;0;0;NA;105352;72;2020-09-25;869
2020-09-24;"Košický kraj";35;0;0;0;NA;105352;35;2020-09-24;797
2020-09-23;"Košický kraj";23;0;0;0;NA;105352;23;2020-09-23;762
2020-09-22;"Košický kraj";39;0;0;0;NA;105352;39;2020-09-22;739
2020-09-21;"Košický kraj";5;0;0;0;NA;105352;5;2020-09-21;700
2020-09-20;"Košický kraj";3;0;0;0;NA;105352;3;2020-09-20;695
2020-09-19;"Košický kraj";13;0;0;0;NA;105352;13;2020-09-19;692
2020-09-18;"Košický kraj";20;0;0;0;NA;105352;20;2020-09-18;679
2020-09-17;"Košický kraj";22;0;0;0;NA;105352;22;2020-09-17;659
2020-09-16;"Košický kraj";12;0;0;0;NA;105352;12;2020-09-16;637
2020-09-15;"Košický kraj";10;0;0;0;NA;105352;10;2020-09-15;625
2020-09-14;"Košický kraj";6;0;0;0;NA;105352;6;2020-09-14;615
2020-09-13;"Košický kraj";3;0;0;0;NA;105352;3;2020-09-13;609
2020-09-12;"Košický kraj";16;0;0;0;NA;105352;16;2020-09-12;606
2020-09-11;"Košický kraj";20;0;0;0;NA;105352;20;2020-09-11;590
2020-09-10;"Košický kraj";11;0;0;0;NA;105352;11;2020-09-10;570
2020-09-09;"Košický kraj";37;0;0;0;NA;105352;37;2020-09-09;559
2020-09-08;"Košický kraj";10;0;0;0;NA;105352;10;2020-09-08;522
2020-09-07;"Košický kraj";4;0;0;0;NA;105352;4;2020-09-07;512
2020-09-06;"Košický kraj";2;0;0;0;NA;105352;2;2020-09-06;508
2020-09-05;"Košický kraj";10;0;0;0;NA;105352;10;2020-09-05;506
2020-09-04;"Košický kraj";14;0;0;0;NA;105352;14;2020-09-04;496
2020-09-03;"Košický kraj";22;0;0;0;NA;105352;22;2020-09-03;482
2020-09-02;"Košický kraj";13;0;0;0;NA;105352;13;2020-09-02;460
2020-09-01;"Košický kraj";21;0;0;0;NA;105352;21;2020-09-01;447
2020-08-31;"Košický kraj";9;0;0;0;NA;105352;9;2020-08-31;426
2020-08-30;"Košický kraj";21;0;0;0;NA;105352;21;2020-08-30;417
2020-08-29;"Košický kraj";1;0;0;0;NA;105352;1;2020-08-29;396
2020-08-28;"Košický kraj";19;0;0;0;NA;105352;19;2020-08-28;395
2020-08-27;"Košický kraj";15;0;0;0;NA;105352;15;2020-08-27;376
2020-08-26;"Košický kraj";8;0;0;0;NA;105352;8;2020-08-26;361
2020-08-25;"Košický kraj";23;0;0;0;NA;105352;23;2020-08-25;353
2020-08-24;"Košický kraj";6;0;0;0;NA;105352;6;2020-08-24;330
2020-08-23;"Košický kraj";8;0;0;0;NA;105352;8;2020-08-23;324
2020-08-22;"Košický kraj";13;0;0;0;NA;105352;13;2020-08-22;316
2020-08-21;"Košický kraj";10;0;0;0;NA;105352;10;2020-08-21;303
2020-08-20;"Košický kraj";10;0;0;0;NA;105352;10;2020-08-20;293
2020-08-19;"Košický kraj";3;0;0;0;NA;105352;3;2020-08-19;283
2020-08-18;"Košický kraj";7;0;0;0;NA;105352;7;2020-08-18;280
2020-08-17;"Košický kraj";2;0;0;0;NA;105352;2;2020-08-17;273
2020-08-16;"Košický kraj";2;0;0;0;NA;105352;2;2020-08-16;271
2020-08-15;"Košický kraj";3;0;0;0;NA;105352;3;2020-08-15;269
2020-08-14;"Košický kraj";1;0;0;0;NA;105352;1;2020-08-14;266
2020-08-13;"Košický kraj";3;0;0;0;NA;105352;3;2020-08-13;265
2020-08-12;"Košický kraj";12;0;0;0;NA;105352;12;2020-08-12;262
2020-08-11;"Košický kraj";5;0;0;0;NA;105352;5;2020-08-11;250
2020-08-10;"Košický kraj";1;0;0;0;NA;105352;1;2020-08-10;245
2020-08-09;"Košický kraj";0;0;0;0;NA;105352;0;2020-08-09;244
2020-08-08;"Košický kraj";5;0;0;0;NA;105352;5;2020-08-08;244
2020-08-07;"Košický kraj";7;0;0;0;NA;105352;7;2020-08-07;239
2020-08-06;"Košický kraj";3;0;0;0;NA;105352;3;2020-08-06;232
2020-08-05;"Košický kraj";4;0;0;0;NA;105352;4;2020-08-05;229
2020-08-04;"Košický kraj";1;0;0;0;NA;105352;1;2020-08-04;225
2020-08-03;"Košický kraj";1;0;0;0;NA;105352;1;2020-08-03;224
2020-08-02;"Košický kraj";0;0;0;0;NA;105352;0;2020-08-02;223
2020-08-01;"Košický kraj";0;0;0;0;NA;105352;0;2020-08-01;223
2020-07-31;"Košický kraj";0;0;0;0;NA;105352;0;2020-07-31;223
2020-07-30;"Košický kraj";2;0;0;0;NA;105352;2;2020-07-30;223
2020-07-29;"Košický kraj";1;0;0;0;NA;105352;1;2020-07-29;221
2020-07-28;"Košický kraj";9;0;0;0;NA;105352;9;2020-07-28;220
2020-07-27;"Košický kraj";4;0;0;0;NA;105352;4;2020-07-27;211
2020-07-26;"Košický kraj";0;0;0;0;NA;105352;0;2020-07-26;207
2020-07-25;"Košický kraj";2;0;0;0;NA;105352;2;2020-07-25;207
2020-07-24;"Košický kraj";2;0;0;0;NA;105352;2;2020-07-24;205
2020-07-23;"Košický kraj";1;0;0;0;NA;105352;1;2020-07-23;203
2020-07-22;"Košický kraj";1;0;0;0;NA;105352;1;2020-07-22;202
2020-07-21;"Košický kraj";0;0;0;0;NA;105352;0;2020-07-21;201
2020-07-20;"Košický kraj";0;0;0;0;NA;105352;0;2020-07-20;201
2020-07-19;"Košický kraj";0;0;0;0;NA;105352;0;2020-07-19;201
2020-07-18;"Košický kraj";1;0;0;0;NA;105352;1;2020-07-18;201
2020-07-17;"Košický kraj";1;0;0;0;NA;105352;1;2020-07-17;200
2020-07-16;"Košický kraj";0;0;0;0;NA;105352;0;2020-07-16;199
2020-07-15;"Košický kraj";2;0;0;0;NA;105352;2;2020-07-15;199
2020-07-14;"Košický kraj";1;0;0;0;NA;105352;1;2020-07-14;197
2020-07-13;"Košický kraj";1;0;0;0;NA;105352;1;2020-07-13;196
2020-07-12;"Košický kraj";0;0;0;0;NA;105352;0;2020-07-12;195
2020-07-11;"Košický kraj";0;0;0;0;NA;105352;0;2020-07-11;195
2020-07-10;"Košický kraj";1;0;0;0;NA;105352;1;2020-07-10;195
2020-07-09;"Košický kraj";1;0;0;0;NA;105352;1;2020-07-09;194
2020-07-08;"Košický kraj";12;0;0;0;NA;105352;12;2020-07-08;193
2020-07-07;"Košický kraj";0;0;0;0;NA;105352;0;2020-07-07;181
2020-07-06;"Košický kraj";0;0;0;0;NA;105352;0;2020-07-06;181
2020-07-05;"Košický kraj";0;0;0;0;NA;105352;0;2020-07-05;181
2020-07-04;"Košický kraj";0;0;0;0;NA;105352;0;2020-07-04;181
2020-07-03;"Košický kraj";1;0;0;0;NA;105352;1;2020-07-03;181
2020-07-02;"Košický kraj";0;0;0;0;NA;105352;0;2020-07-02;180
2020-07-01;"Košický kraj";1;0;0;0;NA;105352;1;2020-07-01;180
2020-06-30;"Košický kraj";0;0;0;0;NA;105352;0;2020-06-30;179
2020-06-29;"Košický kraj";0;0;0;0;NA;105352;0;2020-06-29;179
2020-06-28;"Košický kraj";0;0;0;0;NA;105352;0;2020-06-28;179
2020-06-27;"Košický kraj";0;0;0;0;NA;105352;0;2020-06-27;179
2020-06-26;"Košický kraj";0;0;0;0;NA;105352;0;2020-06-26;179
2020-06-25;"Košický kraj";3;0;0;0;NA;105352;3;2020-06-25;179
2020-06-24;"Košický kraj";3;0;0;0;NA;105352;3;2020-06-24;176
2020-06-23;"Košický kraj";3;0;0;0;NA;105352;3;2020-06-23;173
2020-06-22;"Košický kraj";0;0;0;0;NA;105352;0;2020-06-22;170
2020-06-21;"Košický kraj";0;0;0;0;NA;105352;0;2020-06-21;170
2020-06-20;"Košický kraj";0;0;0;0;NA;105352;0;2020-06-20;170
2020-06-19;"Košický kraj";0;0;0;0;NA;105352;0;2020-06-19;170
2020-06-18;"Košický kraj";1;0;0;0;NA;105352;1;2020-06-18;170
2020-06-17;"Košický kraj";0;0;0;0;NA;105352;0;2020-06-17;169
2020-06-16;"Košický kraj";2;0;0;0;NA;105352;2;2020-06-16;169
2020-06-14;"Košický kraj";0;0;0;0;NA;105352;0;2020-06-14;167
2020-06-13;"Košický kraj";0;0;0;0;NA;105352;0;2020-06-13;167
2020-06-12;"Košický kraj";0;0;0;0;NA;105352;0;2020-06-12;167
2020-06-11;"Košický kraj";0;0;0;0;NA;105352;0;2020-06-11;167
2020-06-10;"Košický kraj";6;0;0;0;NA;105352;6;2020-06-10;167
2020-06-09;"Košický kraj";0;0;0;0;NA;105352;0;2020-06-09;161
2020-06-08;"Košický kraj";0;0;0;0;NA;105352;0;2020-06-08;161
2020-06-07;"Košický kraj";2;0;0;0;NA;105352;2;2020-06-07;161
2020-06-05;"Košický kraj";0;0;0;0;NA;105352;0;2020-06-05;159
2020-06-03;"Košický kraj";0;0;0;0;NA;105352;0;2020-06-03;159
2020-06-02;"Košický kraj";1;0;0;0;NA;105352;1;2020-06-02;159
2020-05-31;"Košický kraj";0;0;0;0;NA;105352;0;2020-05-31;158
2020-05-29;"Košický kraj";1;0;0;0;NA;105352;1;2020-05-29;158
2020-05-27;"Košický kraj";0;0;0;0;NA;105352;0;2020-05-27;157
2020-05-26;"Košický kraj";1;0;0;0;NA;105352;1;2020-05-26;157
2020-05-25;"Košický kraj";1;0;0;0;NA;105352;1;2020-05-25;156
2020-05-24;"Košický kraj";0;0;0;0;NA;105352;0;2020-05-24;155
2020-05-23;"Košický kraj";0;0;0;0;NA;105352;0;2020-05-23;155
2020-05-22;"Košický kraj";0;0;0;0;NA;105352;0;2020-05-22;155
2020-05-21;"Košický kraj";0;0;0;0;NA;105352;0;2020-05-21;155
2020-05-20;"Košický kraj";3;0;0;0;NA;105352;3;2020-05-20;155
2020-05-19;"Košický kraj";0;0;0;0;NA;105352;0;2020-05-19;152
2020-05-17;"Košický kraj";1;0;0;0;NA;105352;1;2020-05-17;152
2020-05-16;"Košický kraj";1;0;0;0;NA;105352;1;2020-05-16;151
2020-05-15;"Košický kraj";10;0;0;0;NA;105352;10;2020-05-15;150
2020-05-14;"Košický kraj";1;0;0;0;NA;105352;1;2020-05-14;140
2020-05-13;"Košický kraj";6;0;0;0;NA;105352;6;2020-05-13;139
2020-05-12;"Košický kraj";0;0;0;0;NA;105352;0;2020-05-12;133
2020-05-11;"Košický kraj";0;0;0;0;NA;105352;0;2020-05-11;133
2020-05-09;"Košický kraj";0;0;0;0;NA;105352;0;2020-05-09;133
2020-05-07;"Košický kraj";0;0;0;0;NA;105352;0;2020-05-07;133
2020-05-06;"Košický kraj";1;0;0;0;NA;105352;1;2020-05-06;133
2020-05-05;"Košický kraj";0;0;0;0;NA;105352;0;2020-05-05;132
2020-05-04;"Košický kraj";0;0;0;0;NA;105352;0;2020-05-04;132
2020-05-03;"Košický kraj";0;0;0;0;NA;105352;0;2020-05-03;132
2020-05-02;"Košický kraj";1;0;0;0;NA;105352;1;2020-05-02;132
2020-05-01;"Košický kraj";0;0;0;0;NA;105352;0;2020-05-01;131
2020-04-30;"Košický kraj";1;0;0;0;NA;105352;1;2020-04-30;131
2020-04-29;"Košický kraj";1;0;0;0;NA;105352;1;2020-04-29;130
2020-04-28;"Košický kraj";1;0;0;0;NA;105352;1;2020-04-28;129
2020-04-27;"Košický kraj";1;0;0;0;NA;105352;1;2020-04-27;128
2020-04-26;"Košický kraj";0;0;0;0;NA;105352;0;2020-04-26;127
2020-04-25;"Košický kraj";0;0;0;0;NA;105352;0;2020-04-25;127
2020-04-24;"Košický kraj";3;0;0;0;NA;105352;3;2020-04-24;127
2020-04-23;"Košický kraj";4;0;0;0;NA;105352;4;2020-04-23;124
2020-04-22;"Košický kraj";21;0;0;0;NA;105352;21;2020-04-22;120
2020-04-21;"Košický kraj";4;0;0;0;NA;105352;4;2020-04-21;99
2020-04-20;"Košický kraj";0;0;0;0;NA;105352;0;2020-04-20;95
2020-04-19;"Košický kraj";1;0;0;0;NA;105352;1;2020-04-19;95
2020-04-18;"Košický kraj";2;0;0;0;NA;105352;2;2020-04-18;94
2020-04-17;"Košický kraj";7;0;0;0;NA;105352;7;2020-04-17;92
2020-04-16;"Košický kraj";29;0;0;0;NA;105352;29;2020-04-16;85
2020-04-15;"Košický kraj";50;0;0;0;NA;105352;50;2020-04-15;56
2020-04-14;"Košický kraj";4;0;0;0;NA;105352;4;2020-04-14;6
2020-04-13;"Košický kraj";5;0;0;0;NA;105352;5;2020-04-13;2
2020-04-12;"Košický kraj";4;0;0;0;NA;105352;4;2020-04-12;-3
2020-04-11;"Košický kraj";2;0;0;0;NA;105352;2;2020-04-11;-7
2020-04-10;"Košický kraj";1;0;0;0;NA;105352;1;2020-04-10;-9
2020-04-09;"Košický kraj";4;0;0;0;NA;105352;4;2020-04-09;-10
2020-04-08;"Košický kraj";5;0;0;0;NA;105352;5;2020-04-08;-14
2020-04-07;"Košický kraj";34;0;0;0;NA;105352;34;2020-04-07;-19
2020-04-06;"Košický kraj";6;0;0;0;NA;105352;6;2020-04-06;-53
2020-04-05;"Košický kraj";4;0;0;0;NA;105352;4;2020-04-05;-59
2020-04-04;"Košický kraj";5;0;0;0;NA;105352;5;2020-04-04;-63
2020-04-03;"Košický kraj";4;0;0;0;NA;105352;4;2020-04-03;-68
2020-04-02;"Košický kraj";3;0;0;0;NA;105352;3;2020-04-02;-72
2020-04-01;"Košický kraj";3;0;0;0;NA;105352;3;2020-04-01;-75
2020-03-31;"Košický kraj";1;0;0;0;NA;105352;1;2020-03-31;-78
2020-03-30;"Košický kraj";5;0;0;0;NA;105352;5;2020-03-30;-79
2020-03-29;"Košický kraj";0;0;0;0;NA;105352;0;2020-03-29;-84
2020-03-28;"Košický kraj";1;0;0;0;NA;105352;1;2020-03-28;-84
2020-03-27;"Košický kraj";1;0;0;0;NA;105352;1;2020-03-27;-85
2020-03-26;"Košický kraj";3;0;0;0;NA;105352;3;2020-03-26;-86
2020-03-25;"Košický kraj";2;0;0;0;NA;105352;2;2020-03-25;-89
2020-03-24;"Košický kraj";0;0;0;0;NA;105352;0;2020-03-24;-91
2020-03-23;"Košický kraj";2;0;0;0;NA;105352;2;2020-03-23;-91
2020-03-22;"Košický kraj";0;0;0;0;NA;105352;0;2020-03-22;-93
2020-03-21;"Košický kraj";3;0;0;0;NA;105352;3;2020-03-21;-93
2020-03-20;"Košický kraj";1;0;0;0;NA;105352;1;2020-03-20;-96
2020-03-19;"Košický kraj";0;0;0;0;NA;105352;0;2020-03-19;-97
2020-03-18;"Košický kraj";0;0;0;0;NA;105352;0;2020-03-18;-97
2020-03-17;"Košický kraj";0;0;0;0;NA;105352;0;2020-03-17;-97
2020-03-16;"Košický kraj";3;0;0;0;NA;105352;3;2020-03-16;-97
2020-03-15;"Košický kraj";1;0;0;0;NA;105352;1;2020-03-15;-100
2020-03-14;"Košický kraj";0;0;0;0;NA;105352;0;2020-03-14;-101
2020-03-13;"Košický kraj";2;0;0;0;NA;105352;2;2020-03-13;-101
2020-03-12;"Košický kraj";0;0;0;0;NA;105352;0;2020-03-12;-103
2020-03-11;"Košický kraj";0;0;0;0;NA;105352;0;2020-03-11;-103
2020-03-09;"Košický kraj";1;0;0;0;NA;105352;1;2020-03-09;-103
2020-03-08;"Košický kraj";0;0;0;0;NA;105352;0;2020-03-08;-104
2020-03-07;"Košický kraj";0;0;0;0;NA;105352;0;2020-03-07;-104
2020-03-06;"Košický kraj";0;0;0;0;NA;105352;0;2020-03-06;-104
2021-10-10;"Nitriansky kraj";33;886;19;905;41069;95021;52;2021-10-10;95021
2021-10-09;"Nitriansky kraj";17;769;11;780;NA;95021;28;2021-10-09;94969
2021-10-08;"Nitriansky kraj";61;2516;24;2540;NA;95021;85;2021-10-08;94941
2021-10-07;"Nitriansky kraj";59;2667;135;2802;NA;95021;194;2021-10-07;94856
2021-10-06;"Nitriansky kraj";66;2507;28;2535;NA;95021;94;2021-10-06;94662
2021-10-05;"Nitriansky kraj";97;2421;32;2453;NA;95021;129;2021-10-05;94568
2021-10-04;"Nitriansky kraj";56;3057;49;3106;NA;95021;105;2021-10-04;94439
2021-10-03;"Nitriansky kraj";10;1558;24;1582;NA;95021;34;2021-10-03;94334
2021-10-02;"Nitriansky kraj";46;1542;20;1562;NA;95021;66;2021-10-02;94300
2021-10-01;"Nitriansky kraj";26;2779;33;2812;NA;95021;59;2021-10-01;94234
2021-09-30;"Nitriansky kraj";66;2438;15;2453;NA;95021;81;2021-09-30;94175
2021-09-29;"Nitriansky kraj";92;2251;16;2267;NA;95021;108;2021-09-29;94094
2021-09-28;"Nitriansky kraj";86;2893;27;2920;NA;95021;113;2021-09-28;93986
2021-09-27;"Nitriansky kraj";50;3625;41;3666;NA;95021;91;2021-09-27;93873
2021-09-26;"Nitriansky kraj";12;1635;20;1655;NA;95021;32;2021-09-26;93782
2021-09-25;"Nitriansky kraj";43;1456;20;1476;NA;95021;63;2021-09-25;93750
2021-09-24;"Nitriansky kraj";35;2783;15;2798;NA;95021;50;2021-09-24;93687
2021-09-23;"Nitriansky kraj";69;2491;20;2511;NA;95021;89;2021-09-23;93637
2021-09-22;"Nitriansky kraj";68;2380;17;2397;NA;95021;85;2021-09-22;93548
2021-09-21;"Nitriansky kraj";70;2724;30;2754;NA;95021;100;2021-09-21;93463
2021-09-20;"Nitriansky kraj";41;2438;21;2459;NA;95021;62;2021-09-20;93363
2021-09-19;"Nitriansky kraj";16;1553;20;1573;NA;95021;36;2021-09-19;93301
2021-09-18;"Nitriansky kraj";42;1421;19;1440;NA;95021;61;2021-09-18;93265
2021-09-17;"Nitriansky kraj";54;2764;30;2794;NA;95021;84;2021-09-17;93204
2021-09-16;"Nitriansky kraj";55;2462;44;2506;NA;95021;99;2021-09-16;93120
2021-09-15;"Nitriansky kraj";34;538;12;550;NA;95021;46;2021-09-15;93021
2021-09-14;"Nitriansky kraj";52;1821;20;1841;NA;95021;72;2021-09-14;92975
2021-09-13;"Nitriansky kraj";27;2352;27;2379;NA;95021;54;2021-09-13;92903
2021-09-12;"Nitriansky kraj";4;1182;17;1199;NA;95021;21;2021-09-12;92849
2021-09-11;"Nitriansky kraj";36;1181;8;1189;NA;95021;44;2021-09-11;92828
2021-09-10;"Nitriansky kraj";25;2133;12;2145;NA;95021;37;2021-09-10;92784
2021-09-09;"Nitriansky kraj";15;1611;20;1631;NA;95021;35;2021-09-09;92747
2021-09-08;"Nitriansky kraj";30;1463;22;1485;NA;95021;52;2021-09-08;92712
2021-09-07;"Nitriansky kraj";35;1460;9;1469;NA;95021;44;2021-09-07;92660
2021-09-06;"Nitriansky kraj";19;1674;27;1701;NA;95021;46;2021-09-06;92616
2021-09-05;"Nitriansky kraj";10;1007;8;1015;NA;95021;18;2021-09-05;92570
2021-09-04;"Nitriansky kraj";18;1119;10;1129;NA;95021;28;2021-09-04;92552
2021-09-03;"Nitriansky kraj";20;1737;17;1754;NA;95021;37;2021-09-03;92524
2021-09-02;"Nitriansky kraj";16;1362;14;1376;NA;95021;30;2021-09-02;92487
2021-09-01;"Nitriansky kraj";9;322;2;324;NA;95021;11;2021-09-01;92457
2021-08-31;"Nitriansky kraj";10;1360;6;1366;NA;95021;16;2021-08-31;92446
2021-08-30;"Nitriansky kraj";8;1364;10;1374;NA;95021;18;2021-08-30;92430
2021-08-29;"Nitriansky kraj";2;450;1;451;NA;95021;3;2021-08-29;92412
2021-08-28;"Nitriansky kraj";5;1071;3;1074;NA;95021;8;2021-08-28;92409
2021-08-27;"Nitriansky kraj";7;1804;4;1808;NA;95021;11;2021-08-27;92401
2021-08-26;"Nitriansky kraj";2;1255;6;1261;NA;95021;8;2021-08-26;92390
2021-08-25;"Nitriansky kraj";15;1087;3;1090;NA;95021;18;2021-08-25;92382
2021-08-24;"Nitriansky kraj";6;990;2;992;NA;95021;8;2021-08-24;92364
2021-08-23;"Nitriansky kraj";13;1271;4;1275;NA;95021;17;2021-08-23;92356
2021-08-22;"Nitriansky kraj";0;1167;3;1170;NA;95021;3;2021-08-22;92339
2021-08-21;"Nitriansky kraj";1;853;2;855;NA;95021;3;2021-08-21;92336
2021-08-20;"Nitriansky kraj";8;1580;5;1585;NA;95021;13;2021-08-20;92333
2021-08-19;"Nitriansky kraj";11;1167;4;1171;NA;95021;15;2021-08-19;92320
2021-08-18;"Nitriansky kraj";8;1180;7;1187;NA;95021;15;2021-08-18;92305
2021-08-17;"Nitriansky kraj";4;1035;3;1038;NA;95021;7;2021-08-17;92290
2021-08-16;"Nitriansky kraj";7;1098;4;1102;NA;95021;11;2021-08-16;92283
2021-08-15;"Nitriansky kraj";2;662;1;663;NA;95021;3;2021-08-15;92272
2021-08-14;"Nitriansky kraj";1;878;5;883;NA;95021;6;2021-08-14;92269
2021-08-13;"Nitriansky kraj";0;957;1;958;NA;95021;1;2021-08-13;92263
2021-08-12;"Nitriansky kraj";5;765;0;765;NA;95021;5;2021-08-12;92262
2021-08-11;"Nitriansky kraj";3;527;1;528;NA;95021;4;2021-08-11;92257
2021-08-10;"Nitriansky kraj";3;570;1;571;NA;95021;4;2021-08-10;92253
2021-08-09;"Nitriansky kraj";3;992;1;993;NA;95021;4;2021-08-09;92249
2021-08-08;"Nitriansky kraj";0;668;1;669;NA;95021;1;2021-08-08;92245
2021-08-07;"Nitriansky kraj";0;557;1;558;NA;95021;1;2021-08-07;92244
2021-08-06;"Nitriansky kraj";5;799;0;799;NA;95021;5;2021-08-06;92243
2021-08-05;"Nitriansky kraj";6;612;0;612;NA;95021;6;2021-08-05;92238
2021-08-04;"Nitriansky kraj";1;497;2;499;NA;95021;3;2021-08-04;92232
2021-08-03;"Nitriansky kraj";5;1455;0;1455;NA;95021;5;2021-08-03;92229
2021-08-02;"Nitriansky kraj";1;683;4;687;NA;95021;5;2021-08-02;92224
2021-08-01;"Nitriansky kraj";1;606;0;606;NA;95021;1;2021-08-01;92219
2021-07-31;"Nitriansky kraj";1;514;1;515;NA;95021;2;2021-07-31;92218
2021-07-30;"Nitriansky kraj";2;758;0;758;NA;95021;2;2021-07-30;92216
2021-07-29;"Nitriansky kraj";3;720;2;722;NA;95021;5;2021-07-29;92214
2021-07-28;"Nitriansky kraj";4;598;0;598;NA;95021;4;2021-07-28;92209
2021-07-27;"Nitriansky kraj";12;602;1;603;NA;95021;13;2021-07-27;92205
2021-07-26;"Nitriansky kraj";7;970;1;971;NA;95021;8;2021-07-26;92192
2021-07-25;"Nitriansky kraj";1;654;1;655;NA;95021;2;2021-07-25;92184
2021-07-24;"Nitriansky kraj";0;620;0;620;NA;95021;0;2021-07-24;92182
2021-07-23;"Nitriansky kraj";3;845;1;846;NA;95021;4;2021-07-23;92182
2021-07-22;"Nitriansky kraj";5;689;0;689;NA;95021;5;2021-07-22;92178
2021-07-21;"Nitriansky kraj";6;650;2;652;NA;95021;8;2021-07-21;92173
2021-07-20;"Nitriansky kraj";1;527;1;528;NA;95021;2;2021-07-20;92165
2021-07-19;"Nitriansky kraj";2;965;0;965;NA;95021;2;2021-07-19;92163
2021-07-18;"Nitriansky kraj";1;747;0;747;NA;95021;1;2021-07-18;92161
2021-07-17;"Nitriansky kraj";5;612;0;612;NA;95021;5;2021-07-17;92160
2021-07-16;"Nitriansky kraj";2;876;0;876;NA;95021;2;2021-07-16;92155
2021-07-15;"Nitriansky kraj";11;708;0;708;NA;95021;11;2021-07-15;92153
2021-07-14;"Nitriansky kraj";4;646;0;646;NA;95021;4;2021-07-14;92142
2021-07-13;"Nitriansky kraj";2;697;2;699;NA;95021;4;2021-07-13;92138
2021-07-12;"Nitriansky kraj";1;819;0;819;NA;95021;1;2021-07-12;92134
2021-07-11;"Nitriansky kraj";1;961;0;961;NA;95021;1;2021-07-11;92133
2021-07-10;"Nitriansky kraj";1;630;0;630;NA;95021;1;2021-07-10;92132
2021-07-09;"Nitriansky kraj";3;1000;0;1000;NA;95021;3;2021-07-09;92131
2021-07-08;"Nitriansky kraj";0;683;0;683;NA;95021;0;2021-07-08;92128
2021-07-07;"Nitriansky kraj";2;935;2;937;NA;95021;4;2021-07-07;92128
2021-07-06;"Nitriansky kraj";1;1269;1;1270;NA;95021;2;2021-07-06;92124
2021-07-05;"Nitriansky kraj";1;507;0;507;NA;95021;1;2021-07-05;92122
2021-07-04;"Nitriansky kraj";0;821;1;822;NA;95021;1;2021-07-04;92121
2021-07-03;"Nitriansky kraj";0;611;0;611;NA;95021;0;2021-07-03;92120
2021-07-02;"Nitriansky kraj";0;1178;0;1178;NA;95021;0;2021-07-02;92120
2021-07-01;"Nitriansky kraj";0;316;1;317;NA;95021;1;2021-07-01;92120
2021-06-30;"Nitriansky kraj";1;6702;2;6704;NA;95021;3;2021-06-30;92119
2021-06-29;"Nitriansky kraj";1;3536;0;3536;NA;95021;1;2021-06-29;92116
2021-06-28;"Nitriansky kraj";3;4393;0;4393;NA;95021;3;2021-06-28;92115
2021-06-27;"Nitriansky kraj";0;3263;0;3263;NA;95021;0;2021-06-27;92112
2021-06-26;"Nitriansky kraj";1;4845;2;4847;NA;95021;3;2021-06-26;92112
2021-06-25;"Nitriansky kraj";8;5174;1;5175;NA;95021;9;2021-06-25;92109
2021-06-24;"Nitriansky kraj";1;3354;0;3354;NA;95021;1;2021-06-24;92100
2021-06-23;"Nitriansky kraj";1;3033;0;3033;NA;95021;1;2021-06-23;92099
2021-06-22;"Nitriansky kraj";1;3240;3;3243;NA;95021;4;2021-06-22;92098
2021-06-21;"Nitriansky kraj";8;5362;8;5370;NA;95021;16;2021-06-21;92094
2021-06-20;"Nitriansky kraj";0;4437;6;4443;NA;95021;6;2021-06-20;92078
2021-06-19;"Nitriansky kraj";0;5750;4;5754;NA;95021;4;2021-06-19;92072
2021-06-18;"Nitriansky kraj";4;6453;3;6456;NA;95021;7;2021-06-18;92068
2021-06-17;"Nitriansky kraj";5;4152;1;4153;NA;95021;6;2021-06-17;92061
2021-06-16;"Nitriansky kraj";4;3694;3;3697;NA;95021;7;2021-06-16;92055
2021-06-15;"Nitriansky kraj";1;3995;0;3995;NA;95021;1;2021-06-15;92048
2021-06-14;"Nitriansky kraj";0;5875;3;5878;NA;95021;3;2021-06-14;92047
2021-06-13;"Nitriansky kraj";0;6073;3;6076;NA;95021;3;2021-06-13;92044
2021-06-12;"Nitriansky kraj";1;8024;1;8025;NA;95021;2;2021-06-12;92041
2021-06-11;"Nitriansky kraj";3;6891;4;6895;NA;95021;7;2021-06-11;92039
2021-06-10;"Nitriansky kraj";7;4539;1;4540;NA;95021;8;2021-06-10;92032
2021-06-09;"Nitriansky kraj";2;4706;2;4708;NA;95021;4;2021-06-09;92024
2021-06-08;"Nitriansky kraj";8;4239;3;4242;NA;95021;11;2021-06-08;92020
2021-06-07;"Nitriansky kraj";6;5841;8;5849;NA;95021;14;2021-06-07;92009
2021-06-06;"Nitriansky kraj";0;6981;4;6985;NA;95021;4;2021-06-06;91995
2021-06-05;"Nitriansky kraj";6;8529;9;8538;NA;95021;15;2021-06-05;91991
2021-06-04;"Nitriansky kraj";9;7608;5;7613;NA;95021;14;2021-06-04;91976
2021-06-03;"Nitriansky kraj";2;5064;6;5070;NA;95021;8;2021-06-03;91962
2021-06-02;"Nitriansky kraj";11;5119;11;5130;NA;95021;22;2021-06-02;91954
2021-06-01;"Nitriansky kraj";3;4847;2;4849;NA;95021;5;2021-06-01;91932
2021-05-31;"Nitriansky kraj";8;8933;8;8941;NA;95021;16;2021-05-31;91927
2021-05-30;"Nitriansky kraj";1;9067;8;9075;NA;95021;9;2021-05-30;91911
2021-05-29;"Nitriansky kraj";2;12799;7;12806;NA;95021;9;2021-05-29;91902
2021-05-28;"Nitriansky kraj";10;8872;6;8878;NA;95021;16;2021-05-28;91893
2021-05-27;"Nitriansky kraj";4;6164;5;6169;NA;95021;9;2021-05-27;91877
2021-05-26;"Nitriansky kraj";11;8509;10;8519;NA;95021;21;2021-05-26;91868
2021-05-25;"Nitriansky kraj";15;7342;8;7350;NA;95021;23;2021-05-25;91847
2021-05-24;"Nitriansky kraj";14;9816;17;9833;NA;95021;31;2021-05-24;91824
2021-05-23;"Nitriansky kraj";1;9456;13;9469;NA;95021;14;2021-05-23;91793
2021-05-22;"Nitriansky kraj";7;16939;11;16950;NA;95021;18;2021-05-22;91779
2021-05-21;"Nitriansky kraj";18;10632;15;10647;NA;95021;33;2021-05-21;91761
2021-05-20;"Nitriansky kraj";8;7185;7;7192;NA;95021;15;2021-05-20;91728
2021-05-19;"Nitriansky kraj";20;6787;14;6801;NA;95021;34;2021-05-19;91713
2021-05-18;"Nitriansky kraj";23;7791;18;7809;NA;95021;41;2021-05-18;91679
2021-05-17;"Nitriansky kraj";22;9774;20;9794;NA;95021;42;2021-05-17;91638
2021-05-16;"Nitriansky kraj";4;13830;15;13845;NA;95021;19;2021-05-16;91596
2021-05-15;"Nitriansky kraj";5;25389;23;25412;NA;95021;28;2021-05-15;91577
2021-05-14;"Nitriansky kraj";18;13385;23;13408;NA;95021;41;2021-05-14;91549
2021-05-13;"Nitriansky kraj";24;8289;19;8308;NA;95021;43;2021-05-13;91508
2021-05-12;"Nitriansky kraj";10;7682;26;7708;NA;95021;36;2021-05-12;91465
2021-05-11;"Nitriansky kraj";36;8163;13;8176;NA;95021;49;2021-05-11;91429
2021-05-10;"Nitriansky kraj";16;13800;42;13842;NA;95021;58;2021-05-10;91380
2021-05-09;"Nitriansky kraj";8;21879;35;21914;NA;95021;43;2021-05-09;91322
2021-05-08;"Nitriansky kraj";0;24318;29;24347;NA;95021;29;2021-05-08;91279
2021-05-07;"Nitriansky kraj";32;14915;20;14935;NA;95021;52;2021-05-07;91250
2021-05-06;"Nitriansky kraj";30;9463;20;9483;NA;95021;50;2021-05-06;91198
2021-05-05;"Nitriansky kraj";19;8527;23;8550;NA;95021;42;2021-05-05;91148
2021-05-04;"Nitriansky kraj";46;9380;27;9407;NA;95021;73;2021-05-04;91106
2021-05-03;"Nitriansky kraj";32;14490;44;14534;NA;95021;76;2021-05-03;91033
2021-05-02;"Nitriansky kraj";4;31751;46;31797;NA;95021;50;2021-05-02;90957
2021-05-01;"Nitriansky kraj";23;60451;43;60494;NA;95021;66;2021-05-01;90907
2021-04-30;"Nitriansky kraj";28;31803;53;31856;NA;95021;81;2021-04-30;90841
2021-04-29;"Nitriansky kraj";27;14265;34;14299;NA;95021;61;2021-04-29;90760
2021-04-28;"Nitriansky kraj";36;14716;45;14761;NA;95021;81;2021-04-28;90699
2021-04-27;"Nitriansky kraj";51;13154;35;13189;NA;95021;86;2021-04-27;90618
2021-04-26;"Nitriansky kraj";38;21029;44;21073;NA;95021;82;2021-04-26;90532
2021-04-25;"Nitriansky kraj";7;44312;46;44358;NA;95021;53;2021-04-25;90450
2021-04-24;"Nitriansky kraj";23;93455;72;93527;NA;95021;95;2021-04-24;90397
2021-04-23;"Nitriansky kraj";54;35145;51;35196;NA;95021;105;2021-04-23;90302
2021-04-22;"Nitriansky kraj";32;15435;44;15479;NA;95021;76;2021-04-22;90197
2021-04-21;"Nitriansky kraj";38;14228;45;14273;NA;95021;83;2021-04-21;90121
2021-04-20;"Nitriansky kraj";67;16058;51;16109;NA;95021;118;2021-04-20;90038
2021-04-19;"Nitriansky kraj";35;24819;59;24878;NA;95021;94;2021-04-19;89920
2021-04-18;"Nitriansky kraj";0;39569;27;39596;NA;95021;27;2021-04-18;89826
2021-04-17;"Nitriansky kraj";34;92102;82;92184;NA;95021;116;2021-04-17;89799
2021-04-16;"Nitriansky kraj";46;32348;37;32385;NA;95021;83;2021-04-16;89683
2021-04-15;"Nitriansky kraj";75;16215;52;16267;NA;95021;127;2021-04-15;89600
2021-04-14;"Nitriansky kraj";43;15303;42;15345;NA;95021;85;2021-04-14;89473
2021-04-13;"Nitriansky kraj";110;15104;44;15148;NA;95021;154;2021-04-13;89388
2021-04-12;"Nitriansky kraj";29;22817;50;22867;NA;95021;79;2021-04-12;89234
2021-04-11;"Nitriansky kraj";1;37537;31;37568;NA;95021;32;2021-04-11;89155
2021-04-10;"Nitriansky kraj";35;95851;115;95966;NA;95021;150;2021-04-10;89123
2021-04-09;"Nitriansky kraj";69;30669;58;30727;NA;95021;127;2021-04-09;88973
2021-04-08;"Nitriansky kraj";71;15361;36;15397;NA;95021;107;2021-04-08;88846
2021-04-07;"Nitriansky kraj";64;18541;47;18588;NA;95021;111;2021-04-07;88739
2021-04-06;"Nitriansky kraj";65;33218;112;33330;NA;95021;177;2021-04-06;88628
2021-04-05;"Nitriansky kraj";37;12673;48;12721;NA;95021;85;2021-04-05;88451
2021-04-04;"Nitriansky kraj";5;17887;35;17922;NA;95021;40;2021-04-04;88366
2021-04-03;"Nitriansky kraj";26;85465;153;85618;NA;95021;179;2021-04-03;88326
2021-04-02;"Nitriansky kraj";32;18743;46;18789;NA;95021;78;2021-04-02;88147
2021-04-01;"Nitriansky kraj";63;24610;83;24693;NA;95021;146;2021-04-01;88069
2021-03-31;"Nitriansky kraj";73;21752;94;21846;NA;95021;167;2021-03-31;87923
2021-03-30;"Nitriansky kraj";125;17122;83;17205;NA;95021;208;2021-03-30;87756
2021-03-29;"Nitriansky kraj";81;25139;100;25239;NA;95021;181;2021-03-29;87548
2021-03-28;"Nitriansky kraj";6;45581;106;45687;NA;95021;112;2021-03-28;87367
2021-03-27;"Nitriansky kraj";39;104104;174;104278;NA;95021;213;2021-03-27;87255
2021-03-26;"Nitriansky kraj";90;40444;115;40559;NA;95021;205;2021-03-26;87042
2021-03-25;"Nitriansky kraj";95;19219;94;19313;NA;95021;189;2021-03-25;86837
2021-03-24;"Nitriansky kraj";90;14787;91;14878;NA;95021;181;2021-03-24;86648
2021-03-23;"Nitriansky kraj";167;16753;66;16819;NA;95021;233;2021-03-23;86467
2021-03-22;"Nitriansky kraj";101;24886;125;25011;NA;95021;226;2021-03-22;86234
2021-03-21;"Nitriansky kraj";27;42773;99;42872;NA;95021;126;2021-03-21;86008
2021-03-20;"Nitriansky kraj";36;100640;207;100847;NA;95021;243;2021-03-20;85882
2021-03-19;"Nitriansky kraj";76;37312;102;37414;NA;95021;178;2021-03-19;85639
2021-03-18;"Nitriansky kraj";103;20051;113;20164;NA;95021;216;2021-03-18;85461
2021-03-17;"Nitriansky kraj";87;15839;127;15966;NA;95021;214;2021-03-17;85245
2021-03-16;"Nitriansky kraj";172;18085;121;18206;NA;95021;293;2021-03-16;85031
2021-03-15;"Nitriansky kraj";130;24481;165;24646;NA;95021;295;2021-03-15;84738
2021-03-14;"Nitriansky kraj";3;45770;107;45877;NA;95021;110;2021-03-14;84443
2021-03-13;"Nitriansky kraj";65;112573;242;112815;NA;95021;307;2021-03-13;84333
2021-03-12;"Nitriansky kraj";127;40777;159;40936;NA;95021;286;2021-03-12;84026
2021-03-11;"Nitriansky kraj";131;18686;130;18816;NA;95021;261;2021-03-11;83740
2021-03-10;"Nitriansky kraj";96;17422;143;17565;NA;95021;239;2021-03-10;83479
2021-03-09;"Nitriansky kraj";260;17635;149;17784;NA;95021;409;2021-03-09;83240
2021-03-08;"Nitriansky kraj";145;27214;172;27386;NA;95021;317;2021-03-08;82831
2021-03-07;"Nitriansky kraj";48;46867;185;47052;NA;95021;233;2021-03-07;82514
2021-03-06;"Nitriansky kraj";86;112027;327;112354;NA;95021;413;2021-03-06;82281
2021-03-05;"Nitriansky kraj";133;39068;200;39268;NA;95021;333;2021-03-05;81868
2021-03-04;"Nitriansky kraj";176;18340;173;18513;NA;95021;349;2021-03-04;81535
2021-03-03;"Nitriansky kraj";172;17210;177;17387;NA;95021;349;2021-03-03;81186
2021-03-02;"Nitriansky kraj";274;21003;366;21369;NA;95021;640;2021-03-02;80837
2021-03-01;"Nitriansky kraj";133;27881;279;28160;NA;95021;412;2021-03-01;80197
2021-02-28;"Nitriansky kraj";80;40866;218;41084;NA;95021;298;2021-02-28;79785
2021-02-27;"Nitriansky kraj";101;106352;496;106848;NA;95021;597;2021-02-27;79487
2021-02-26;"Nitriansky kraj";109;36788;308;37096;NA;95021;417;2021-02-26;78890
2021-02-25;"Nitriansky kraj";188;15243;212;15455;NA;95021;400;2021-02-25;78473
2021-02-24;"Nitriansky kraj";125;13833;260;14093;NA;95021;385;2021-02-24;78073
2021-02-23;"Nitriansky kraj";273;15402;273;15675;NA;95021;546;2021-02-23;77688
2021-02-22;"Nitriansky kraj";154;26478;330;26808;NA;95021;484;2021-02-22;77142
2021-02-21;"Nitriansky kraj";22;43664;320;43984;NA;95021;342;2021-02-21;76658
2021-02-20;"Nitriansky kraj";128;109038;586;109624;NA;95021;714;2021-02-20;76316
2021-02-19;"Nitriansky kraj";173;36849;328;37177;NA;95021;501;2021-02-19;75602
2021-02-18;"Nitriansky kraj";202;17045;275;17320;NA;95021;477;2021-02-18;75101
2021-02-17;"Nitriansky kraj";198;12080;310;12390;NA;95021;508;2021-02-17;74624
2021-02-16;"Nitriansky kraj";284;16066;288;16354;NA;95021;572;2021-02-16;74116
2021-02-15;"Nitriansky kraj";122;28636;474;29110;NA;95021;596;2021-02-15;73544
2021-02-14;"Nitriansky kraj";8;49392;315;49707;NA;95021;323;2021-02-14;72948
2021-02-13;"Nitriansky kraj";127;110294;690;110984;NA;95021;817;2021-02-13;72625
2021-02-12;"Nitriansky kraj";162;33405;407;33812;NA;95021;569;2021-02-12;71808
2021-02-11;"Nitriansky kraj";195;12406;270;12676;NA;95021;465;2021-02-11;71239
2021-02-10;"Nitriansky kraj";186;17770;644;18414;NA;95021;830;2021-02-10;70774
2021-02-09;"Nitriansky kraj";260;18530;385;18915;NA;95021;645;2021-02-09;69944
2021-02-08;"Nitriansky kraj";177;37530;569;38099;NA;95021;746;2021-02-08;69299
2021-02-07;"Nitriansky kraj";20;52307;513;52820;NA;95021;533;2021-02-07;68553
2021-02-06;"Nitriansky kraj";129;101439;764;102203;NA;95021;893;2021-02-06;68020
2021-02-05;"Nitriansky kraj";244;26137;491;26628;NA;95021;735;2021-02-05;67127
2021-02-04;"Nitriansky kraj";308;15681;512;16193;NA;95021;820;2021-02-04;66392
2021-02-03;"Nitriansky kraj";191;13459;382;13841;NA;95021;573;2021-02-03;65572
2021-02-02;"Nitriansky kraj";327;17880;382;18262;NA;95021;709;2021-02-02;64999
2021-02-01;"Nitriansky kraj";221;24002;460;24462;NA;95021;681;2021-02-01;64290
2021-01-31;"Nitriansky kraj";9;46215;507;46722;NA;95021;516;2021-01-31;63609
2021-01-30;"Nitriansky kraj";152;99241;1090;100331;NA;95021;1242;2021-01-30;63093
2021-01-29;"Nitriansky kraj";302;22461;477;22938;NA;95021;779;2021-01-29;61851
2021-01-28;"Nitriansky kraj";269;11370;398;11768;NA;95021;667;2021-01-28;61072
2021-01-27;"Nitriansky kraj";235;6758;299;7057;NA;95021;534;2021-01-27;60405
2021-01-26;"Nitriansky kraj";345;16015;454;16469;NA;95021;799;2021-01-26;59871
2021-01-25;"Nitriansky kraj";201;21909;434;22343;NA;95021;635;2021-01-25;59072
2021-01-24;"Nitriansky kraj";12;79041;897;79938;NA;95021;909;2021-01-24;58437
2021-01-23;"Nitriansky kraj";277;97845;1446;99291;NA;95021;1723;2021-01-23;57528
2021-01-22;"Nitriansky kraj";139;35924;619;36543;NA;95021;758;2021-01-22;55805
2021-01-21;"Nitriansky kraj";305;14649;412;15061;NA;95021;717;2021-01-21;55047
2021-01-20;"Nitriansky kraj";326;11991;625;12616;NA;95021;951;2021-01-20;54330
2021-01-19;"Nitriansky kraj";344;11015;633;11648;NA;95021;977;2021-01-19;53379
2021-01-18;"Nitriansky kraj";367;8901;519;9420;NA;95021;886;2021-01-18;52402
2021-01-17;"Nitriansky kraj";97;15061;275;15336;NA;95021;372;2021-01-17;51516
2021-01-16;"Nitriansky kraj";64;36838;679;37517;NA;95021;743;2021-01-16;51144
2021-01-15;"Nitriansky kraj";373;15940;474;16414;NA;95021;847;2021-01-15;50401
2021-01-14;"Nitriansky kraj";627;10577;452;11029;NA;95021;1079;2021-01-14;49554
2021-01-13;"Nitriansky kraj";663;9234;484;9718;NA;95021;1147;2021-01-13;48475
2021-01-12;"Nitriansky kraj";642;8805;545;9350;NA;95021;1187;2021-01-12;47328
2021-01-11;"Nitriansky kraj";422;8347;513;8860;NA;95021;935;2021-01-11;46141
2021-01-10;"Nitriansky kraj";44;19841;730;20571;NA;95021;774;2021-01-10;45206
2021-01-09;"Nitriansky kraj";532;36823;1071;37894;NA;95021;1603;2021-01-09;44432
2021-01-08;"Nitriansky kraj";817;14001;691;14692;NA;95021;1508;2021-01-08;42829
2021-01-07;"Nitriansky kraj";438;10121;795;10916;NA;95021;1233;2021-01-07;41321
2021-01-06;"Nitriansky kraj";259;3192;197;3389;NA;95021;456;2021-01-06;40088
2021-01-05;"Nitriansky kraj";732;8918;1208;10126;NA;95021;1940;2021-01-05;39632
2021-01-04;"Nitriansky kraj";362;8375;1287;9662;NA;95021;1649;2021-01-04;37692
2021-01-03;"Nitriansky kraj";42;84;20;104;NA;95021;62;2021-01-03;36043
2021-01-02;"Nitriansky kraj";249;1090;26;1116;NA;95021;275;2021-01-02;35981
2021-01-01;"Nitriansky kraj";119;781;95;876;NA;95021;214;2021-01-01;35706
2020-12-31;"Nitriansky kraj";786;7646;962;8608;NA;95021;1748;2020-12-31;35492
2020-12-30;"Nitriansky kraj";1094;9619;1165;10784;NA;95021;2259;2020-12-30;33744
2020-12-29;"Nitriansky kraj";607;8028;1245;9273;NA;95021;1852;2020-12-29;31485
2020-12-28;"Nitriansky kraj";83;6804;1220;8024;NA;95021;1303;2020-12-28;29633
2020-12-27;"Nitriansky kraj";22;60;8;68;NA;95021;30;2020-12-27;28330
2020-12-26;"Nitriansky kraj";54;297;56;353;NA;95021;110;2020-12-26;28300
2020-12-25;"Nitriansky kraj";35;60;11;71;NA;95021;46;2020-12-25;28190
2020-12-24;"Nitriansky kraj";514;1861;176;2037;NA;95021;690;2020-12-24;28144
2020-12-23;"Nitriansky kraj";349;14679;782;15461;NA;95021;1131;2020-12-23;27454
2020-12-22;"Nitriansky kraj";673;10623;949;11572;NA;95021;1622;2020-12-22;26323
2020-12-21;"Nitriansky kraj";128;7587;931;8518;NA;95021;1059;2020-12-21;24701
2020-12-20;"Nitriansky kraj";77;50;10;60;NA;95021;87;2020-12-20;23642
2020-12-19;"Nitriansky kraj";262;2259;159;2418;NA;95021;421;2020-12-19;23555
2020-12-18;"Nitriansky kraj";512;7946;518;8464;NA;95021;1030;2020-12-18;23134
2020-12-17;"Nitriansky kraj";586;6519;486;7005;NA;95021;1072;2020-12-17;22104
2020-12-16;"Nitriansky kraj";357;8097;500;8597;NA;95021;857;2020-12-16;21032
2020-12-15;"Nitriansky kraj";461;9084;750;9834;NA;95021;1211;2020-12-15;20175
2020-12-14;"Nitriansky kraj";217;7816;797;8613;NA;95021;1014;2020-12-14;18964
2020-12-13;"Nitriansky kraj";12;69;6;75;NA;95021;18;2020-12-13;17950
2020-12-12;"Nitriansky kraj";341;1832;125;1957;NA;95021;466;2020-12-12;17932
2020-12-11;"Nitriansky kraj";409;5117;384;5501;NA;95021;793;2020-12-11;17466
2020-12-10;"Nitriansky kraj";360;5239;345;5584;NA;95021;705;2020-12-10;16673
2020-12-09;"Nitriansky kraj";362;5494;529;6023;NA;95021;891;2020-12-09;15968
2020-12-08;"Nitriansky kraj";340;8168;548;8716;NA;95021;888;2020-12-08;15077
2020-12-07;"Nitriansky kraj";139;6243;573;6816;NA;95021;712;2020-12-07;14189
2020-12-06;"Nitriansky kraj";15;89;4;93;NA;95021;19;2020-12-06;13477
2020-12-05;"Nitriansky kraj";136;1388;19;1407;NA;95021;155;2020-12-05;13458
2020-12-04;"Nitriansky kraj";232;2884;74;2958;NA;95021;306;2020-12-04;13303
2020-12-03;"Nitriansky kraj";248;2471;110;2581;NA;95021;358;2020-12-03;12997
2020-12-02;"Nitriansky kraj";252;2580;151;2731;NA;95021;403;2020-12-02;12639
2020-12-01;"Nitriansky kraj";331;2891;131;3022;NA;95021;462;2020-12-01;12236
2020-11-30;"Nitriansky kraj";91;4228;188;4416;NA;95021;279;2020-11-30;11774
2020-11-29;"Nitriansky kraj";3;634;42;676;NA;95021;45;2020-11-29;11495
2020-11-28;"Nitriansky kraj";135;892;31;923;NA;95021;166;2020-11-28;11450
2020-11-27;"Nitriansky kraj";177;2069;73;2142;NA;95021;250;2020-11-27;11284
2020-11-26;"Nitriansky kraj";191;2813;80;2893;NA;95021;271;2020-11-26;11034
2020-11-25;"Nitriansky kraj";325;2478;91;2569;NA;95021;416;2020-11-25;10763
2020-11-24;"Nitriansky kraj";147;1641;64;1705;NA;95021;211;2020-11-24;10347
2020-11-23;"Nitriansky kraj";102;9891;212;10103;NA;95021;314;2020-11-23;10136
2020-11-22;"Nitriansky kraj";7;1176;25;1201;NA;95021;32;2020-11-22;9822
2020-11-21;"Nitriansky kraj";86;1083;38;1121;NA;95021;124;2020-11-21;9790
2020-11-20;"Nitriansky kraj";264;4180;103;4283;NA;95021;367;2020-11-20;9666
2020-11-19;"Nitriansky kraj";185;3065;134;3199;NA;95021;319;2020-11-19;9299
2020-11-18;"Nitriansky kraj";188;2214;79;2293;NA;95021;267;2020-11-18;8980
2020-11-17;"Nitriansky kraj";178;596;29;625;NA;95021;207;2020-11-17;8713
2020-11-16;"Nitriansky kraj";139;1877;75;1952;NA;95021;214;2020-11-16;8506
2020-11-15;"Nitriansky kraj";14;180;5;185;NA;95021;19;2020-11-15;8292
2020-11-14;"Nitriansky kraj";114;1131;32;1163;NA;95021;146;2020-11-14;8273
2020-11-13;"Nitriansky kraj";210;936;46;982;NA;95021;256;2020-11-13;8127
2020-11-12;"Nitriansky kraj";256;1195;35;1230;NA;95021;291;2020-11-12;7871
2020-11-11;"Nitriansky kraj";279;1247;22;1269;NA;95021;301;2020-11-11;7580
2020-11-10;"Nitriansky kraj";192;2623;39;2662;NA;95021;231;2020-11-10;7279
2020-11-09;"Nitriansky kraj";128;3136;43;3179;NA;95021;171;2020-11-09;7048
2020-11-08;"Nitriansky kraj";43;1462;32;1494;NA;95021;75;2020-11-08;6877
2020-11-07;"Nitriansky kraj";130;1046;4;1050;NA;95021;134;2020-11-07;6802
2020-11-06;"Nitriansky kraj";210;2264;32;2296;NA;95021;242;2020-11-06;6668
2020-11-05;"Nitriansky kraj";178;313;14;327;NA;95021;192;2020-11-05;6426
2020-11-04;"Nitriansky kraj";211;297;16;313;NA;95021;227;2020-11-04;6234
2020-11-03;"Nitriansky kraj";216;435;25;460;NA;95021;241;2020-11-03;6007
2020-11-02;"Nitriansky kraj";171;4208;46;4254;NA;95021;217;2020-11-02;5766
2020-11-01;"Nitriansky kraj";130;2546;27;2573;NA;95021;157;2020-11-01;5549
2020-10-31;"Nitriansky kraj";261;10466;134;10600;NA;95021;395;2020-10-31;5392
2020-10-30;"Nitriansky kraj";204;2593;42;2635;NA;95021;246;2020-10-30;4997
2020-10-29;"Nitriansky kraj";293;841;39;880;NA;95021;332;2020-10-29;4751
2020-10-28;"Nitriansky kraj";216;608;59;667;NA;95021;275;2020-10-28;4419
2020-10-27;"Nitriansky kraj";296;550;47;597;NA;95021;343;2020-10-27;4144
2020-10-26;"Nitriansky kraj";69;633;56;689;NA;95021;125;2020-10-26;3801
2020-10-25;"Nitriansky kraj";50;62;8;70;NA;95021;58;2020-10-25;3676
2020-10-24;"Nitriansky kraj";169;237;11;248;NA;95021;180;2020-10-24;3618
2020-10-23;"Nitriansky kraj";282;762;41;803;NA;95021;323;2020-10-23;3438
2020-10-22;"Nitriansky kraj";137;444;39;483;NA;95021;176;2020-10-22;3115
2020-10-21;"Nitriansky kraj";146;208;3;211;NA;95021;149;2020-10-21;2939
2020-10-20;"Nitriansky kraj";197;78;6;84;NA;95021;203;2020-10-20;2790
2020-10-19;"Nitriansky kraj";148;79;1;80;NA;95021;149;2020-10-19;2587
2020-10-18;"Nitriansky kraj";22;0;0;0;NA;95021;22;2020-10-18;2438
2020-10-17;"Nitriansky kraj";67;0;0;0;NA;95021;67;2020-10-17;2416
2020-10-16;"Nitriansky kraj";133;28;3;31;NA;95021;136;2020-10-16;2349
2020-10-15;"Nitriansky kraj";106;31;2;33;NA;95021;108;2020-10-15;2213
2020-10-14;"Nitriansky kraj";80;22;4;26;NA;95021;84;2020-10-14;2105
2020-10-13;"Nitriansky kraj";101;82;2;84;NA;95021;103;2020-10-13;2021
2020-10-12;"Nitriansky kraj";36;0;0;0;NA;95021;36;2020-10-12;1918
2020-10-11;"Nitriansky kraj";8;0;0;0;NA;95021;8;2020-10-11;1882
2020-10-10;"Nitriansky kraj";107;0;0;0;NA;95021;107;2020-10-10;1874
2020-10-09;"Nitriansky kraj";120;0;0;0;NA;95021;120;2020-10-09;1767
2020-10-08;"Nitriansky kraj";132;0;0;0;NA;95021;132;2020-10-08;1647
2020-10-07;"Nitriansky kraj";81;0;0;0;NA;95021;81;2020-10-07;1515
2020-10-06;"Nitriansky kraj";48;0;0;0;NA;95021;48;2020-10-06;1434
2020-10-05;"Nitriansky kraj";20;0;0;0;NA;95021;20;2020-10-05;1386
2020-10-04;"Nitriansky kraj";17;0;0;0;NA;95021;17;2020-10-04;1366
2020-10-03;"Nitriansky kraj";96;0;0;0;NA;95021;96;2020-10-03;1349
2020-10-02;"Nitriansky kraj";108;0;0;0;NA;95021;108;2020-10-02;1253
2020-10-01;"Nitriansky kraj";95;0;0;0;NA;95021;95;2020-10-01;1145
2020-09-30;"Nitriansky kraj";100;0;0;0;NA;95021;100;2020-09-30;1050
2020-09-29;"Nitriansky kraj";50;0;0;0;NA;95021;50;2020-09-29;950
2020-09-28;"Nitriansky kraj";22;0;0;0;NA;95021;22;2020-09-28;900
2020-09-27;"Nitriansky kraj";16;0;0;0;NA;95021;16;2020-09-27;878
2020-09-26;"Nitriansky kraj";64;0;0;0;NA;95021;64;2020-09-26;862
2020-09-25;"Nitriansky kraj";90;0;0;0;NA;95021;90;2020-09-25;798
2020-09-24;"Nitriansky kraj";51;0;0;0;NA;95021;51;2020-09-24;708
2020-09-23;"Nitriansky kraj";70;0;0;0;NA;95021;70;2020-09-23;657
2020-09-22;"Nitriansky kraj";18;0;0;0;NA;95021;18;2020-09-22;587
2020-09-21;"Nitriansky kraj";10;0;0;0;NA;95021;10;2020-09-21;569
2020-09-20;"Nitriansky kraj";4;0;0;0;NA;95021;4;2020-09-20;559
2020-09-19;"Nitriansky kraj";14;0;0;0;NA;95021;14;2020-09-19;555
2020-09-18;"Nitriansky kraj";19;0;0;0;NA;95021;19;2020-09-18;541
2020-09-17;"Nitriansky kraj";30;0;0;0;NA;95021;30;2020-09-17;522
2020-09-16;"Nitriansky kraj";6;0;0;0;NA;95021;6;2020-09-16;492
2020-09-15;"Nitriansky kraj";19;0;0;0;NA;95021;19;2020-09-15;486
2020-09-14;"Nitriansky kraj";28;0;0;0;NA;95021;28;2020-09-14;467
2020-09-13;"Nitriansky kraj";3;0;0;0;NA;95021;3;2020-09-13;439
2020-09-12;"Nitriansky kraj";12;0;0;0;NA;95021;12;2020-09-12;436
2020-09-11;"Nitriansky kraj";23;0;0;0;NA;95021;23;2020-09-11;424
2020-09-10;"Nitriansky kraj";29;0;0;0;NA;95021;29;2020-09-10;401
2020-09-09;"Nitriansky kraj";19;0;0;0;NA;95021;19;2020-09-09;372
2020-09-08;"Nitriansky kraj";17;0;0;0;NA;95021;17;2020-09-08;353
2020-09-07;"Nitriansky kraj";17;0;0;0;NA;95021;17;2020-09-07;336
2020-09-06;"Nitriansky kraj";0;0;0;0;NA;95021;0;2020-09-06;319
2020-09-05;"Nitriansky kraj";22;0;0;0;NA;95021;22;2020-09-05;319
2020-09-04;"Nitriansky kraj";34;0;0;0;NA;95021;34;2020-09-04;297
2020-09-03;"Nitriansky kraj";15;0;0;0;NA;95021;15;2020-09-03;263
2020-09-02;"Nitriansky kraj";15;0;0;0;NA;95021;15;2020-09-02;248
2020-09-01;"Nitriansky kraj";2;0;0;0;NA;95021;2;2020-09-01;233
2020-08-31;"Nitriansky kraj";12;0;0;0;NA;95021;12;2020-08-31;231
2020-08-30;"Nitriansky kraj";1;0;0;0;NA;95021;1;2020-08-30;219
2020-08-29;"Nitriansky kraj";7;46;0;46;NA;95021;7;2020-08-29;218
2020-08-28;"Nitriansky kraj";12;0;0;0;NA;95021;12;2020-08-28;211
2020-08-27;"Nitriansky kraj";12;0;0;0;NA;95021;12;2020-08-27;199
2020-08-26;"Nitriansky kraj";4;0;0;0;NA;95021;4;2020-08-26;187
2020-08-25;"Nitriansky kraj";8;0;0;0;NA;95021;8;2020-08-25;183
2020-08-24;"Nitriansky kraj";1;0;0;0;NA;95021;1;2020-08-24;175
2020-08-23;"Nitriansky kraj";1;0;0;0;NA;95021;1;2020-08-23;174
2020-08-22;"Nitriansky kraj";2;0;0;0;NA;95021;2;2020-08-22;173
2020-08-21;"Nitriansky kraj";0;0;0;0;NA;95021;0;2020-08-21;171
2020-08-20;"Nitriansky kraj";7;0;0;0;NA;95021;7;2020-08-20;171
2020-08-19;"Nitriansky kraj";1;0;0;0;NA;95021;1;2020-08-19;164
2020-08-18;"Nitriansky kraj";2;0;0;0;NA;95021;2;2020-08-18;163
2020-08-17;"Nitriansky kraj";1;0;0;0;NA;95021;1;2020-08-17;161
2020-08-16;"Nitriansky kraj";0;0;0;0;NA;95021;0;2020-08-16;160
2020-08-15;"Nitriansky kraj";2;0;0;0;NA;95021;2;2020-08-15;160
2020-08-14;"Nitriansky kraj";1;0;0;0;NA;95021;1;2020-08-14;158
2020-08-13;"Nitriansky kraj";4;0;0;0;NA;95021;4;2020-08-13;157
2020-08-12;"Nitriansky kraj";0;0;0;0;NA;95021;0;2020-08-12;153
2020-08-11;"Nitriansky kraj";1;0;0;0;NA;95021;1;2020-08-11;153
2020-08-10;"Nitriansky kraj";0;0;0;0;NA;95021;0;2020-08-10;152
2020-08-09;"Nitriansky kraj";0;0;0;0;NA;95021;0;2020-08-09;152
2020-08-08;"Nitriansky kraj";0;0;0;0;NA;95021;0;2020-08-08;152
2020-08-07;"Nitriansky kraj";4;0;0;0;NA;95021;4;2020-08-07;152
2020-08-06;"Nitriansky kraj";4;0;0;0;NA;95021;4;2020-08-06;148
2020-08-05;"Nitriansky kraj";0;0;0;0;NA;95021;0;2020-08-05;144
2020-08-04;"Nitriansky kraj";7;0;0;0;NA;95021;7;2020-08-04;144
2020-08-03;"Nitriansky kraj";0;0;0;0;NA;95021;0;2020-08-03;137
2020-08-02;"Nitriansky kraj";0;0;0;0;NA;95021;0;2020-08-02;137
2020-08-01;"Nitriansky kraj";0;0;0;0;NA;95021;0;2020-08-01;137
2020-07-31;"Nitriansky kraj";0;0;0;0;NA;95021;0;2020-07-31;137
2020-07-30;"Nitriansky kraj";0;0;0;0;NA;95021;0;2020-07-30;137
2020-07-29;"Nitriansky kraj";0;0;0;0;NA;95021;0;2020-07-29;137
2020-07-28;"Nitriansky kraj";0;0;0;0;NA;95021;0;2020-07-28;137
2020-07-27;"Nitriansky kraj";0;0;0;0;NA;95021;0;2020-07-27;137
2020-07-26;"Nitriansky kraj";0;0;0;0;NA;95021;0;2020-07-26;137
2020-07-25;"Nitriansky kraj";0;0;0;0;NA;95021;0;2020-07-25;137
2020-07-24;"Nitriansky kraj";1;0;0;0;NA;95021;1;2020-07-24;137
2020-07-23;"Nitriansky kraj";3;0;0;0;NA;95021;3;2020-07-23;136
2020-07-22;"Nitriansky kraj";2;0;0;0;NA;95021;2;2020-07-22;133
2020-07-21;"Nitriansky kraj";14;0;0;0;NA;95021;14;2020-07-21;131
2020-07-20;"Nitriansky kraj";11;0;0;0;NA;95021;11;2020-07-20;117
2020-07-19;"Nitriansky kraj";0;0;0;0;NA;95021;0;2020-07-19;106
2020-07-18;"Nitriansky kraj";0;0;0;0;NA;95021;0;2020-07-18;106
2020-07-17;"Nitriansky kraj";0;0;0;0;NA;95021;0;2020-07-17;106
2020-07-16;"Nitriansky kraj";4;0;0;0;NA;95021;4;2020-07-16;106
2020-07-15;"Nitriansky kraj";5;0;0;0;NA;95021;5;2020-07-15;102
2020-07-14;"Nitriansky kraj";0;0;0;0;NA;95021;0;2020-07-14;97
2020-07-13;"Nitriansky kraj";0;0;0;0;NA;95021;0;2020-07-13;97
2020-07-12;"Nitriansky kraj";0;0;0;0;NA;95021;0;2020-07-12;97
2020-07-11;"Nitriansky kraj";0;0;0;0;NA;95021;0;2020-07-11;97
2020-07-10;"Nitriansky kraj";0;0;0;0;NA;95021;0;2020-07-10;97
2020-07-09;"Nitriansky kraj";1;0;0;0;NA;95021;1;2020-07-09;97
2020-07-08;"Nitriansky kraj";2;0;0;0;NA;95021;2;2020-07-08;96
2020-07-07;"Nitriansky kraj";0;0;0;0;NA;95021;0;2020-07-07;94
2020-07-06;"Nitriansky kraj";0;0;0;0;NA;95021;0;2020-07-06;94
2020-07-05;"Nitriansky kraj";0;0;0;0;NA;95021;0;2020-07-05;94
2020-07-04;"Nitriansky kraj";0;0;0;0;NA;95021;0;2020-07-04;94
2020-07-03;"Nitriansky kraj";0;0;0;0;NA;95021;0;2020-07-03;94
2020-07-02;"Nitriansky kraj";0;0;0;0;NA;95021;0;2020-07-02;94
2020-07-01;"Nitriansky kraj";3;0;0;0;NA;95021;3;2020-07-01;94
2020-06-30;"Nitriansky kraj";0;0;0;0;NA;95021;0;2020-06-30;91
2020-06-29;"Nitriansky kraj";0;0;0;0;NA;95021;0;2020-06-29;91
2020-06-28;"Nitriansky kraj";0;0;0;0;NA;95021;0;2020-06-28;91
2020-06-27;"Nitriansky kraj";0;0;0;0;NA;95021;0;2020-06-27;91
2020-06-26;"Nitriansky kraj";0;0;0;0;NA;95021;0;2020-06-26;91
2020-06-25;"Nitriansky kraj";0;0;0;0;NA;95021;0;2020-06-25;91
2020-06-24;"Nitriansky kraj";1;0;0;0;NA;95021;1;2020-06-24;91
2020-06-23;"Nitriansky kraj";0;0;0;0;NA;95021;0;2020-06-23;90
2020-06-22;"Nitriansky kraj";0;0;0;0;NA;95021;0;2020-06-22;90
2020-06-21;"Nitriansky kraj";0;0;0;0;NA;95021;0;2020-06-21;90
2020-06-20;"Nitriansky kraj";0;0;0;0;NA;95021;0;2020-06-20;90
2020-06-19;"Nitriansky kraj";0;0;0;0;NA;95021;0;2020-06-19;90
2020-06-18;"Nitriansky kraj";0;0;0;0;NA;95021;0;2020-06-18;90
2020-06-17;"Nitriansky kraj";0;0;0;0;NA;95021;0;2020-06-17;90
2020-06-16;"Nitriansky kraj";0;0;0;0;NA;95021;0;2020-06-16;90
2020-06-14;"Nitriansky kraj";0;0;0;0;NA;95021;0;2020-06-14;90
2020-06-13;"Nitriansky kraj";0;0;0;0;NA;95021;0;2020-06-13;90
2020-06-12;"Nitriansky kraj";0;0;0;0;NA;95021;0;2020-06-12;90
2020-06-11;"Nitriansky kraj";0;0;0;0;NA;95021;0;2020-06-11;90
2020-06-10;"Nitriansky kraj";1;0;0;0;NA;95021;1;2020-06-10;90
2020-06-09;"Nitriansky kraj";1;0;0;0;NA;95021;1;2020-06-09;89
2020-06-08;"Nitriansky kraj";0;0;0;0;NA;95021;0;2020-06-08;88
2020-06-07;"Nitriansky kraj";0;0;0;0;NA;95021;0;2020-06-07;88
2020-06-05;"Nitriansky kraj";0;0;0;0;NA;95021;0;2020-06-05;88
2020-06-03;"Nitriansky kraj";0;0;0;0;NA;95021;0;2020-06-03;88
2020-06-02;"Nitriansky kraj";1;0;0;0;NA;95021;1;2020-06-02;88
2020-05-31;"Nitriansky kraj";0;0;0;0;NA;95021;0;2020-05-31;87
2020-05-29;"Nitriansky kraj";0;0;0;0;NA;95021;0;2020-05-29;87
2020-05-27;"Nitriansky kraj";0;0;0;0;NA;95021;0;2020-05-27;87
2020-05-26;"Nitriansky kraj";0;0;0;0;NA;95021;0;2020-05-26;87
2020-05-25;"Nitriansky kraj";0;0;0;0;NA;95021;0;2020-05-25;87
2020-05-24;"Nitriansky kraj";2;0;0;0;NA;95021;2;2020-05-24;87
2020-05-23;"Nitriansky kraj";0;0;0;0;NA;95021;0;2020-05-23;85
2020-05-22;"Nitriansky kraj";1;0;0;0;NA;95021;1;2020-05-22;85
2020-05-21;"Nitriansky kraj";0;0;0;0;NA;95021;0;2020-05-21;84
2020-05-20;"Nitriansky kraj";0;0;0;0;NA;95021;0;2020-05-20;84
2020-05-19;"Nitriansky kraj";0;0;0;0;NA;95021;0;2020-05-19;84
2020-05-17;"Nitriansky kraj";0;0;0;0;NA;95021;0;2020-05-17;84
2020-05-16;"Nitriansky kraj";0;0;0;0;NA;95021;0;2020-05-16;84
2020-05-15;"Nitriansky kraj";1;0;0;0;NA;95021;1;2020-05-15;84
2020-05-14;"Nitriansky kraj";0;0;0;0;NA;95021;0;2020-05-14;83
2020-05-13;"Nitriansky kraj";0;0;0;0;NA;95021;0;2020-05-13;83
2020-05-12;"Nitriansky kraj";0;0;0;0;NA;95021;0;2020-05-12;83
2020-05-11;"Nitriansky kraj";2;0;0;0;NA;95021;2;2020-05-11;83
2020-05-09;"Nitriansky kraj";0;0;0;0;NA;95021;0;2020-05-09;81
2020-05-07;"Nitriansky kraj";1;0;0;0;NA;95021;1;2020-05-07;81
2020-05-06;"Nitriansky kraj";9;0;0;0;NA;95021;9;2020-05-06;80
2020-05-05;"Nitriansky kraj";0;0;0;0;NA;95021;0;2020-05-05;71
2020-05-04;"Nitriansky kraj";5;0;0;0;NA;95021;5;2020-05-04;71
2020-05-03;"Nitriansky kraj";2;0;0;0;NA;95021;2;2020-05-03;66
2020-05-02;"Nitriansky kraj";0;0;0;0;NA;95021;0;2020-05-02;64
2020-05-01;"Nitriansky kraj";1;0;0;0;NA;95021;1;2020-05-01;64
2020-04-30;"Nitriansky kraj";0;0;0;0;NA;95021;0;2020-04-30;63
2020-04-29;"Nitriansky kraj";0;0;0;0;NA;95021;0;2020-04-29;63
2020-04-28;"Nitriansky kraj";1;0;0;0;NA;95021;1;2020-04-28;63
2020-04-27;"Nitriansky kraj";0;0;0;0;NA;95021;0;2020-04-27;62
2020-04-26;"Nitriansky kraj";0;0;0;0;NA;95021;0;2020-04-26;62
2020-04-25;"Nitriansky kraj";0;0;0;0;NA;95021;0;2020-04-25;62
2020-04-24;"Nitriansky kraj";0;0;0;0;NA;95021;0;2020-04-24;62
2020-04-23;"Nitriansky kraj";3;0;0;0;NA;95021;3;2020-04-23;62
2020-04-22;"Nitriansky kraj";16;0;0;0;NA;95021;16;2020-04-22;59
2020-04-21;"Nitriansky kraj";6;0;0;0;NA;95021;6;2020-04-21;43
2020-04-20;"Nitriansky kraj";5;0;0;0;NA;95021;5;2020-04-20;37
2020-04-19;"Nitriansky kraj";0;0;0;0;NA;95021;0;2020-04-19;32
2020-04-18;"Nitriansky kraj";0;0;0;0;NA;95021;0;2020-04-18;32
2020-04-17;"Nitriansky kraj";7;0;0;0;NA;95021;7;2020-04-17;32
2020-04-16;"Nitriansky kraj";0;0;0;0;NA;95021;0;2020-04-16;25
2020-04-15;"Nitriansky kraj";6;0;0;0;NA;95021;6;2020-04-15;25
2020-04-14;"Nitriansky kraj";2;0;0;0;NA;95021;2;2020-04-14;19
2020-04-13;"Nitriansky kraj";1;0;0;0;NA;95021;1;2020-04-13;17
2020-04-12;"Nitriansky kraj";3;0;0;0;NA;95021;3;2020-04-12;16
2020-04-11;"Nitriansky kraj";1;0;0;0;NA;95021;1;2020-04-11;13
2020-04-10;"Nitriansky kraj";1;0;0;0;NA;95021;1;2020-04-10;12
2020-04-09;"Nitriansky kraj";0;0;0;0;NA;95021;0;2020-04-09;11
2020-04-08;"Nitriansky kraj";2;0;0;0;NA;95021;2;2020-04-08;11
2020-04-07;"Nitriansky kraj";3;0;0;0;NA;95021;3;2020-04-07;9
2020-04-06;"Nitriansky kraj";4;0;0;0;NA;95021;4;2020-04-06;6
2020-04-05;"Nitriansky kraj";5;0;0;0;NA;95021;5;2020-04-05;2
2020-04-04;"Nitriansky kraj";0;0;0;0;NA;95021;0;2020-04-04;-3
2020-04-03;"Nitriansky kraj";0;0;0;0;NA;95021;0;2020-04-03;-3
2020-04-02;"Nitriansky kraj";1;0;0;0;NA;95021;1;2020-04-02;-3
2020-04-01;"Nitriansky kraj";0;0;0;0;NA;95021;0;2020-04-01;-4
2020-03-31;"Nitriansky kraj";3;0;0;0;NA;95021;3;2020-03-31;-4
2020-03-30;"Nitriansky kraj";3;0;0;0;NA;95021;3;2020-03-30;-7
2020-03-29;"Nitriansky kraj";3;0;0;0;NA;95021;3;2020-03-29;-10
2020-03-28;"Nitriansky kraj";1;0;0;0;NA;95021;1;2020-03-28;-13
2020-03-27;"Nitriansky kraj";1;0;0;0;NA;95021;1;2020-03-27;-14
2020-03-26;"Nitriansky kraj";1;0;0;0;NA;95021;1;2020-03-26;-15
2020-03-25;"Nitriansky kraj";1;0;0;0;NA;95021;1;2020-03-25;-16
2020-03-24;"Nitriansky kraj";0;0;0;0;NA;95021;0;2020-03-24;-17
2020-03-23;"Nitriansky kraj";2;0;0;0;NA;95021;2;2020-03-23;-17
2020-03-22;"Nitriansky kraj";2;0;0;0;NA;95021;2;2020-03-22;-19
2020-03-21;"Nitriansky kraj";2;0;0;0;NA;95021;2;2020-03-21;-21
2020-03-20;"Nitriansky kraj";1;0;0;0;NA;95021;1;2020-03-20;-23
2020-03-19;"Nitriansky kraj";1;0;0;0;NA;95021;1;2020-03-19;-24
2020-03-18;"Nitriansky kraj";2;0;0;0;NA;95021;2;2020-03-18;-25
2020-03-17;"Nitriansky kraj";1;0;0;0;NA;95021;1;2020-03-17;-27
2020-03-16;"Nitriansky kraj";0;0;0;0;NA;95021;0;2020-03-16;-28
2020-03-15;"Nitriansky kraj";4;0;0;0;NA;95021;4;2020-03-15;-28
2020-03-14;"Nitriansky kraj";1;0;0;0;NA;95021;1;2020-03-14;-32
2020-03-13;"Nitriansky kraj";0;0;0;0;NA;95021;0;2020-03-13;-33
2020-03-12;"Nitriansky kraj";0;0;0;0;NA;95021;0;2020-03-12;-33
2020-03-11;"Nitriansky kraj";0;0;0;0;NA;95021;0;2020-03-11;-33
2020-03-09;"Nitriansky kraj";0;0;0;0;NA;95021;0;2020-03-09;-33
2020-03-08;"Nitriansky kraj";0;0;0;0;NA;95021;0;2020-03-08;-33
2020-03-07;"Nitriansky kraj";0;0;0;0;NA;95021;0;2020-03-07;-33
2020-03-06;"Nitriansky kraj";0;0;0;0;NA;95021;0;2020-03-06;-33
2021-10-10;"Prešovský kraj";78;1575;50;1625;67385;122996;128;2021-10-10;122996
2021-10-09;"Prešovský kraj";311;1720;39;1759;NA;122996;350;2021-10-09;122868
2021-10-08;"Prešovský kraj";636;3599;73;3672;NA;122996;709;2021-10-08;122518
2021-10-07;"Prešovský kraj";487;3847;100;3947;NA;122996;587;2021-10-07;121809
2021-10-06;"Prešovský kraj";296;3764;102;3866;NA;122996;398;2021-10-06;121222
2021-10-05;"Prešovský kraj";430;4099;88;4187;NA;122996;518;2021-10-05;120824
2021-10-04;"Prešovský kraj";353;5466;124;5590;NA;122996;477;2021-10-04;120306
2021-10-03;"Prešovský kraj";19;2274;47;2321;NA;122996;66;2021-10-03;119829
2021-10-02;"Prešovský kraj";269;2192;57;2249;NA;122996;326;2021-10-02;119763
2021-10-01;"Prešovský kraj";325;4924;63;4987;NA;122996;388;2021-10-01;119437
2021-09-30;"Prešovský kraj";265;3988;82;4070;NA;122996;347;2021-09-30;119049
2021-09-29;"Prešovský kraj";381;3788;54;3842;NA;122996;435;2021-09-29;118702
2021-09-28;"Prešovský kraj";312;4672;69;4741;NA;122996;381;2021-09-28;118267
2021-09-27;"Prešovský kraj";257;4997;103;5100;NA;122996;360;2021-09-27;117886
2021-09-26;"Prešovský kraj";8;2377;66;2443;NA;122996;74;2021-09-26;117526
2021-09-25;"Prešovský kraj";134;2502;46;2548;NA;122996;180;2021-09-25;117452
2021-09-24;"Prešovský kraj";297;4716;61;4777;NA;122996;358;2021-09-24;117272
2021-09-23;"Prešovský kraj";109;4049;45;4094;NA;122996;154;2021-09-23;116914
2021-09-22;"Prešovský kraj";177;3800;41;3841;NA;122996;218;2021-09-22;116760
2021-09-21;"Prešovský kraj";219;5243;70;5313;NA;122996;289;2021-09-21;116542
2021-09-20;"Prešovský kraj";180;5026;67;5093;NA;122996;247;2021-09-20;116253
2021-09-19;"Prešovský kraj";7;2682;30;2712;NA;122996;37;2021-09-19;116006
2021-09-18;"Prešovský kraj";169;2383;37;2420;NA;122996;206;2021-09-18;115969
2021-09-17;"Prešovský kraj";157;4429;47;4476;NA;122996;204;2021-09-17;115763
2021-09-16;"Prešovský kraj";146;4247;71;4318;NA;122996;217;2021-09-16;115559
2021-09-15;"Prešovský kraj";68;688;19;707;NA;122996;87;2021-09-15;115342
2021-09-14;"Prešovský kraj";133;3350;38;3388;NA;122996;171;2021-09-14;115255
2021-09-13;"Prešovský kraj";105;4182;37;4219;NA;122996;142;2021-09-13;115084
2021-09-12;"Prešovský kraj";4;1755;29;1784;NA;122996;33;2021-09-12;114942
2021-09-11;"Prešovský kraj";65;1943;24;1967;NA;122996;89;2021-09-11;114909
2021-09-10;"Prešovský kraj";105;3211;30;3241;NA;122996;135;2021-09-10;114820
2021-09-09;"Prešovský kraj";29;3069;27;3096;NA;122996;56;2021-09-09;114685
2021-09-08;"Prešovský kraj";73;2438;19;2457;NA;122996;92;2021-09-08;114629
2021-09-07;"Prešovský kraj";82;2624;24;2648;NA;122996;106;2021-09-07;114537
2021-09-06;"Prešovský kraj";61;3048;20;3068;NA;122996;81;2021-09-06;114431
2021-09-05;"Prešovský kraj";5;1328;11;1339;NA;122996;16;2021-09-05;114350
2021-09-04;"Prešovský kraj";27;1844;14;1858;NA;122996;41;2021-09-04;114334
2021-09-03;"Prešovský kraj";39;2935;15;2950;NA;122996;54;2021-09-03;114293
2021-09-02;"Prešovský kraj";39;2558;20;2578;NA;122996;59;2021-09-02;114239
2021-09-01;"Prešovský kraj";14;563;6;569;NA;122996;20;2021-09-01;114180
2021-08-31;"Prešovský kraj";47;2419;13;2432;NA;122996;60;2021-08-31;114160
2021-08-30;"Prešovský kraj";23;2719;19;2738;NA;122996;42;2021-08-30;114100
2021-08-29;"Prešovský kraj";3;765;1;766;NA;122996;4;2021-08-29;114058
2021-08-28;"Prešovský kraj";5;2085;8;2093;NA;122996;13;2021-08-28;114054
2021-08-27;"Prešovský kraj";32;3061;8;3069;NA;122996;40;2021-08-27;114041
2021-08-26;"Prešovský kraj";13;2077;8;2085;NA;122996;21;2021-08-26;114001
2021-08-25;"Prešovský kraj";18;1929;4;1933;NA;122996;22;2021-08-25;113980
2021-08-24;"Prešovský kraj";10;2125;5;2130;NA;122996;15;2021-08-24;113958
2021-08-23;"Prešovský kraj";16;2554;6;2560;NA;122996;22;2021-08-23;113943
2021-08-22;"Prešovský kraj";0;1426;6;1432;NA;122996;6;2021-08-22;113921
2021-08-21;"Prešovský kraj";29;2004;4;2008;NA;122996;33;2021-08-21;113915
2021-08-20;"Prešovský kraj";15;2906;7;2913;NA;122996;22;2021-08-20;113882
2021-08-19;"Prešovský kraj";22;2233;8;2241;NA;122996;30;2021-08-19;113860
2021-08-18;"Prešovský kraj";6;1752;11;1763;NA;122996;17;2021-08-18;113830
2021-08-17;"Prešovský kraj";29;1829;6;1835;NA;122996;35;2021-08-17;113813
2021-08-16;"Prešovský kraj";11;2459;7;2466;NA;122996;18;2021-08-16;113778
2021-08-15;"Prešovský kraj";0;896;2;898;NA;122996;2;2021-08-15;113760
2021-08-14;"Prešovský kraj";14;1662;1;1663;NA;122996;15;2021-08-14;113758
2021-08-13;"Prešovský kraj";24;1646;12;1658;NA;122996;36;2021-08-13;113743
2021-08-12;"Prešovský kraj";9;1752;3;1755;NA;122996;12;2021-08-12;113707
2021-08-11;"Prešovský kraj";15;1193;3;1196;NA;122996;18;2021-08-11;113695
2021-08-10;"Prešovský kraj";10;1102;4;1106;NA;122996;14;2021-08-10;113677
2021-08-09;"Prešovský kraj";13;2156;4;2160;NA;122996;17;2021-08-09;113663
2021-08-08;"Prešovský kraj";2;675;2;677;NA;122996;4;2021-08-08;113646
2021-08-07;"Prešovský kraj";5;1114;3;1117;NA;122996;8;2021-08-07;113642
2021-08-06;"Prešovský kraj";9;1459;4;1463;NA;122996;13;2021-08-06;113634
2021-08-05;"Prešovský kraj";9;1370;2;1372;NA;122996;11;2021-08-05;113621
2021-08-04;"Prešovský kraj";6;1007;1;1008;NA;122996;7;2021-08-04;113610
2021-08-03;"Prešovský kraj";8;977;1;978;NA;122996;9;2021-08-03;113603
2021-08-02;"Prešovský kraj";5;1476;6;1482;NA;122996;11;2021-08-02;113594
2021-08-01;"Prešovský kraj";0;738;2;740;NA;122996;2;2021-08-01;113583
2021-07-31;"Prešovský kraj";20;1080;0;1080;NA;122996;20;2021-07-31;113581
2021-07-30;"Prešovský kraj";2;1403;1;1404;NA;122996;3;2021-07-30;113561
2021-07-29;"Prešovský kraj";6;1302;1;1303;NA;122996;7;2021-07-29;113558
2021-07-28;"Prešovský kraj";6;1106;1;1107;NA;122996;7;2021-07-28;113551
2021-07-27;"Prešovský kraj";5;1140;2;1142;NA;122996;7;2021-07-27;113544
2021-07-26;"Prešovský kraj";12;1583;1;1584;NA;122996;13;2021-07-26;113537
2021-07-25;"Prešovský kraj";0;687;1;688;NA;122996;1;2021-07-25;113524
2021-07-24;"Prešovský kraj";8;1040;0;1040;NA;122996;8;2021-07-24;113523
2021-07-23;"Prešovský kraj";8;1608;1;1609;NA;122996;9;2021-07-23;113515
2021-07-22;"Prešovský kraj";13;1431;10;1441;NA;122996;23;2021-07-22;113506
2021-07-21;"Prešovský kraj";5;1076;1;1077;NA;122996;6;2021-07-21;113483
2021-07-20;"Prešovský kraj";4;1046;0;1046;NA;122996;4;2021-07-20;113477
2021-07-19;"Prešovský kraj";2;1644;4;1648;NA;122996;6;2021-07-19;113473
2021-07-18;"Prešovský kraj";1;647;0;647;NA;122996;1;2021-07-18;113467
2021-07-17;"Prešovský kraj";6;1245;1;1246;NA;122996;7;2021-07-17;113466
2021-07-16;"Prešovský kraj";4;1558;2;1560;NA;122996;6;2021-07-16;113459
2021-07-15;"Prešovský kraj";5;1310;4;1314;NA;122996;9;2021-07-15;113453
2021-07-14;"Prešovský kraj";1;1051;2;1053;NA;122996;3;2021-07-14;113444
2021-07-13;"Prešovský kraj";1;1071;2;1073;NA;122996;3;2021-07-13;113441
2021-07-12;"Prešovský kraj";1;1949;2;1951;NA;122996;3;2021-07-12;113438
2021-07-11;"Prešovský kraj";0;660;1;661;NA;122996;1;2021-07-11;113435
2021-07-10;"Prešovský kraj";4;1229;2;1231;NA;122996;6;2021-07-10;113434
2021-07-09;"Prešovský kraj";6;1957;1;1958;NA;122996;7;2021-07-09;113428
2021-07-08;"Prešovský kraj";5;1192;0;1192;NA;122996;5;2021-07-08;113421
2021-07-07;"Prešovský kraj";7;1468;3;1471;NA;122996;10;2021-07-07;113416
2021-07-06;"Prešovský kraj";5;1423;2;1425;NA;122996;7;2021-07-06;113406
2021-07-05;"Prešovský kraj";2;645;0;645;NA;122996;2;2021-07-05;113399
2021-07-04;"Prešovský kraj";0;788;0;788;NA;122996;0;2021-07-04;113397
2021-07-03;"Prešovský kraj";2;1391;0;1391;NA;122996;2;2021-07-03;113397
2021-07-02;"Prešovský kraj";4;1796;0;1796;NA;122996;4;2021-07-02;113395
2021-07-01;"Prešovský kraj";2;1590;1;1591;NA;122996;3;2021-07-01;113391
2021-06-30;"Prešovský kraj";3;8696;4;8700;NA;122996;7;2021-06-30;113388
2021-06-29;"Prešovský kraj";1;4935;3;4938;NA;122996;4;2021-06-29;113381
2021-06-28;"Prešovský kraj";5;6109;2;6111;NA;122996;7;2021-06-28;113377
2021-06-27;"Prešovský kraj";0;3852;1;3853;NA;122996;1;2021-06-27;113370
2021-06-26;"Prešovský kraj";4;5815;1;5816;NA;122996;5;2021-06-26;113369
2021-06-25;"Prešovský kraj";7;7321;4;7325;NA;122996;11;2021-06-25;113364
2021-06-24;"Prešovský kraj";10;5406;5;5411;NA;122996;15;2021-06-24;113353
2021-06-23;"Prešovský kraj";4;5124;2;5126;NA;122996;6;2021-06-23;113338
2021-06-22;"Prešovský kraj";5;5143;1;5144;NA;122996;6;2021-06-22;113332
2021-06-21;"Prešovský kraj";13;7033;6;7039;NA;122996;19;2021-06-21;113326
2021-06-20;"Prešovský kraj";0;5204;3;5207;NA;122996;3;2021-06-20;113307
2021-06-19;"Prešovský kraj";1;7349;5;7354;NA;122996;6;2021-06-19;113304
2021-06-18;"Prešovský kraj";9;8682;10;8692;NA;122996;19;2021-06-18;113298
2021-06-17;"Prešovský kraj";9;6548;5;6553;NA;122996;14;2021-06-17;113279
2021-06-16;"Prešovský kraj";6;6422;3;6425;NA;122996;9;2021-06-16;113265
2021-06-15;"Prešovský kraj";2;5709;4;5713;NA;122996;6;2021-06-15;113256
2021-06-14;"Prešovský kraj";5;8229;13;8242;NA;122996;18;2021-06-14;113250
2021-06-13;"Prešovský kraj";1;6455;7;6462;NA;122996;8;2021-06-13;113232
2021-06-12;"Prešovský kraj";3;8904;9;8913;NA;122996;12;2021-06-12;113224
2021-06-11;"Prešovský kraj";21;9877;9;9886;NA;122996;30;2021-06-11;113212
2021-06-10;"Prešovský kraj";11;6512;10;6522;NA;122996;21;2021-06-10;113182
2021-06-09;"Prešovský kraj";16;6375;3;6378;NA;122996;19;2021-06-09;113161
2021-06-08;"Prešovský kraj";31;6495;12;6507;NA;122996;43;2021-06-08;113142
2021-06-07;"Prešovský kraj";11;9111;15;9126;NA;122996;26;2021-06-07;113099
2021-06-06;"Prešovský kraj";0;8016;5;8021;NA;122996;5;2021-06-06;113073
2021-06-05;"Prešovský kraj";17;10248;15;10263;NA;122996;32;2021-06-05;113068
2021-06-04;"Prešovský kraj";26;10321;18;10339;NA;122996;44;2021-06-04;113036
2021-06-03;"Prešovský kraj";14;6820;16;6836;NA;122996;30;2021-06-03;112992
2021-06-02;"Prešovský kraj";47;7372;14;7386;NA;122996;61;2021-06-02;112962
2021-06-01;"Prešovský kraj";15;6926;14;6940;NA;122996;29;2021-06-01;112901
2021-05-31;"Prešovský kraj";27;9951;22;9973;NA;122996;49;2021-05-31;112872
2021-05-30;"Prešovský kraj";2;9717;14;9731;NA;122996;16;2021-05-30;112823
2021-05-29;"Prešovský kraj";23;12733;24;12757;NA;122996;47;2021-05-29;112807
2021-05-28;"Prešovský kraj";30;12468;19;12487;NA;122996;49;2021-05-28;112760
2021-05-27;"Prešovský kraj";16;7653;37;7690;NA;122996;53;2021-05-27;112711
2021-05-26;"Prešovský kraj";32;8140;23;8163;NA;122996;55;2021-05-26;112658
2021-05-25;"Prešovský kraj";38;8690;20;8710;NA;122996;58;2021-05-25;112603
2021-05-24;"Prešovský kraj";17;13298;37;13335;NA;122996;54;2021-05-24;112545
2021-05-23;"Prešovský kraj";3;11947;20;11967;NA;122996;23;2021-05-23;112491
2021-05-22;"Prešovský kraj";11;14422;44;14466;NA;122996;55;2021-05-22;112468
2021-05-21;"Prešovský kraj";44;13803;24;13827;NA;122996;68;2021-05-21;112413
2021-05-20;"Prešovský kraj";13;9437;29;9466;NA;122996;42;2021-05-20;112345
2021-05-19;"Prešovský kraj";60;10756;36;10792;NA;122996;96;2021-05-19;112303
2021-05-18;"Prešovský kraj";44;9062;27;9089;NA;122996;71;2021-05-18;112207
2021-05-17;"Prešovský kraj";60;12856;47;12903;NA;122996;107;2021-05-17;112136
2021-05-16;"Prešovský kraj";20;16302;66;16368;NA;122996;86;2021-05-16;112029
2021-05-15;"Prešovský kraj";20;24604;81;24685;NA;122996;101;2021-05-15;111943
2021-05-14;"Prešovský kraj";49;18671;68;18739;NA;122996;117;2021-05-14;111842
2021-05-13;"Prešovský kraj";54;11166;71;11237;NA;122996;125;2021-05-13;111725
2021-05-12;"Prešovský kraj";59;10822;39;10861;NA;122996;98;2021-05-12;111600
2021-05-11;"Prešovský kraj";61;10728;48;10776;NA;122996;109;2021-05-11;111502
2021-05-10;"Prešovský kraj";79;15726;67;15793;NA;122996;146;2021-05-10;111393
2021-05-09;"Prešovský kraj";54;21658;82;21740;NA;122996;136;2021-05-09;111247
2021-05-08;"Prešovský kraj";39;23050;52;23102;NA;122996;91;2021-05-08;111111
2021-05-07;"Prešovský kraj";81;23543;66;23609;NA;122996;147;2021-05-07;111020
2021-05-06;"Prešovský kraj";107;12924;66;12990;NA;122996;173;2021-05-06;110873
2021-05-05;"Prešovský kraj";60;12808;84;12892;NA;122996;144;2021-05-05;110700
2021-05-04;"Prešovský kraj";203;13470;67;13537;NA;122996;270;2021-05-04;110556
2021-05-03;"Prešovský kraj";68;18458;109;18567;NA;122996;177;2021-05-03;110286
2021-05-02;"Prešovský kraj";29;36676;102;36778;NA;122996;131;2021-05-02;110109
2021-05-01;"Prešovský kraj";70;57153;183;57336;NA;122996;253;2021-05-01;109978
2021-04-30;"Prešovský kraj";135;39333;118;39451;NA;122996;253;2021-04-30;109725
2021-04-29;"Prešovský kraj";110;16635;97;16732;NA;122996;207;2021-04-29;109472
2021-04-28;"Prešovský kraj";122;18671;89;18760;NA;122996;211;2021-04-28;109265
2021-04-27;"Prešovský kraj";154;19994;120;20114;NA;122996;274;2021-04-27;109054
2021-04-26;"Prešovský kraj";99;27241;123;27364;NA;122996;222;2021-04-26;108780
2021-04-25;"Prešovský kraj";9;52776;156;52932;NA;122996;165;2021-04-25;108558
2021-04-24;"Prešovský kraj";61;85698;243;85941;NA;122996;304;2021-04-24;108393
2021-04-23;"Prešovský kraj";171;40365;137;40502;NA;122996;308;2021-04-23;108089
2021-04-22;"Prešovský kraj";86;18104;125;18229;NA;122996;211;2021-04-22;107781
2021-04-21;"Prešovský kraj";144;21550;139;21689;NA;122996;283;2021-04-21;107570
2021-04-20;"Prešovský kraj";115;23346;128;23474;NA;122996;243;2021-04-20;107287
2021-04-19;"Prešovský kraj";106;29133;145;29278;NA;122996;251;2021-04-19;107044
2021-04-18;"Prešovský kraj";4;51824;129;51953;NA;122996;133;2021-04-18;106793
2021-04-17;"Prešovský kraj";119;97970;238;98208;NA;122996;357;2021-04-17;106660
2021-04-16;"Prešovský kraj";135;40989;146;41135;NA;122996;281;2021-04-16;106303
2021-04-15;"Prešovský kraj";112;20179;137;20316;NA;122996;249;2021-04-15;106022
2021-04-14;"Prešovský kraj";199;23332;130;23462;NA;122996;329;2021-04-14;105773
2021-04-13;"Prešovský kraj";180;23907;116;24023;NA;122996;296;2021-04-13;105444
2021-04-12;"Prešovský kraj";172;30152;175;30327;NA;122996;347;2021-04-12;105148
2021-04-11;"Prešovský kraj";11;49955;187;50142;NA;122996;198;2021-04-11;104801
2021-04-10;"Prešovský kraj";94;90181;297;90478;NA;122996;391;2021-04-10;104603
2021-04-09;"Prešovský kraj";255;37163;200;37363;NA;122996;455;2021-04-09;104212
2021-04-08;"Prešovský kraj";192;18893;157;19050;NA;122996;349;2021-04-08;103757
2021-04-07;"Prešovský kraj";314;27797;154;27951;NA;122996;468;2021-04-07;103408
2021-04-06;"Prešovský kraj";231;41711;268;41979;NA;122996;499;2021-04-06;102940
2021-04-05;"Prešovský kraj";54;18454;132;18586;NA;122996;186;2021-04-05;102441
2021-04-04;"Prešovský kraj";31;18569;91;18660;NA;122996;122;2021-04-04;102255
2021-04-03;"Prešovský kraj";104;90664;321;90985;NA;122996;425;2021-04-03;102133
2021-04-02;"Prešovský kraj";194;23381;134;23515;NA;122996;328;2021-04-02;101708
2021-04-01;"Prešovský kraj";256;42879;195;43074;NA;122996;451;2021-04-01;101380
2021-03-31;"Prešovský kraj";311;30176;227;30403;NA;122996;538;2021-03-31;100929
2021-03-30;"Prešovský kraj";374;20751;203;20954;NA;122996;577;2021-03-30;100391
2021-03-29;"Prešovský kraj";219;28188;229;28417;NA;122996;448;2021-03-29;99814
2021-03-28;"Prešovský kraj";26;46811;256;47067;NA;122996;282;2021-03-28;99366
2021-03-27;"Prešovský kraj";181;88673;372;89045;NA;122996;553;2021-03-27;99084
2021-03-26;"Prešovský kraj";310;47751;299;48050;NA;122996;609;2021-03-26;98531
2021-03-25;"Prešovský kraj";248;22281;213;22494;NA;122996;461;2021-03-25;97922
2021-03-24;"Prešovský kraj";381;19590;213;19803;NA;122996;594;2021-03-24;97461
2021-03-23;"Prešovský kraj";241;20351;255;20606;NA;122996;496;2021-03-23;96867
2021-03-22;"Prešovský kraj";299;28634;287;28921;NA;122996;586;2021-03-22;96371
2021-03-21;"Prešovský kraj";32;49439;266;49705;NA;122996;298;2021-03-21;95785
2021-03-20;"Prešovský kraj";180;92529;426;92955;NA;122996;606;2021-03-20;95487
2021-03-19;"Prešovský kraj";373;46582;326;46908;NA;122996;699;2021-03-19;94881
2021-03-18;"Prešovský kraj";251;21721;217;21938;NA;122996;468;2021-03-18;94182
2021-03-17;"Prešovský kraj";331;20887;231;21118;NA;122996;562;2021-03-17;93714
2021-03-16;"Prešovský kraj";461;21094;278;21372;NA;122996;739;2021-03-16;93152
2021-03-15;"Prešovský kraj";370;28813;324;29137;NA;122996;694;2021-03-15;92413
2021-03-14;"Prešovský kraj";52;50410;356;50766;NA;122996;408;2021-03-14;91719
2021-03-13;"Prešovský kraj";200;94768;531;95299;NA;122996;731;2021-03-13;91311
2021-03-12;"Prešovský kraj";425;47691;368;48059;NA;122996;793;2021-03-12;90580
2021-03-11;"Prešovský kraj";463;22059;253;22312;NA;122996;716;2021-03-11;89787
2021-03-10;"Prešovský kraj";325;20821;293;21114;NA;122996;618;2021-03-10;89071
2021-03-09;"Prešovský kraj";505;21496;288;21784;NA;122996;793;2021-03-09;88453
2021-03-08;"Prešovský kraj";314;28903;333;29236;NA;122996;647;2021-03-08;87660
2021-03-07;"Prešovský kraj";19;48328;388;48716;NA;122996;407;2021-03-07;87013
2021-03-06;"Prešovský kraj";193;97527;591;98118;NA;122996;784;2021-03-06;86606
2021-03-05;"Prešovský kraj";497;46054;397;46451;NA;122996;894;2021-03-05;85822
2021-03-04;"Prešovský kraj";372;22670;359;23029;NA;122996;731;2021-03-04;84928
2021-03-03;"Prešovský kraj";397;21623;333;21956;NA;122996;730;2021-03-03;84197
2021-03-02;"Prešovský kraj";421;22682;357;23039;NA;122996;778;2021-03-02;83467
2021-03-01;"Prešovský kraj";303;27716;406;28122;NA;122996;709;2021-03-01;82689
2021-02-28;"Prešovský kraj";75;45000;387;45387;NA;122996;462;2021-02-28;81980
2021-02-27;"Prešovský kraj";273;90231;734;90965;NA;122996;1007;2021-02-27;81518
2021-02-26;"Prešovský kraj";455;41340;438;41778;NA;122996;893;2021-02-26;80511
2021-02-25;"Prešovský kraj";270;19496;337;19833;NA;122996;607;2021-02-25;79618
2021-02-24;"Prešovský kraj";328;19026;377;19403;NA;122996;705;2021-02-24;79011
2021-02-23;"Prešovský kraj";430;21277;345;21622;NA;122996;775;2021-02-23;78306
2021-02-22;"Prešovský kraj";351;27180;356;27536;NA;122996;707;2021-02-22;77531
2021-02-21;"Prešovský kraj";66;31453;301;31754;NA;122996;367;2021-02-21;76824
2021-02-20;"Prešovský kraj";129;71413;517;71930;NA;122996;646;2021-02-20;76457
2021-02-19;"Prešovský kraj";381;38995;430;39425;NA;122996;811;2021-02-19;75811
2021-02-18;"Prešovský kraj";268;16960;322;17282;NA;122996;590;2021-02-18;75000
2021-02-17;"Prešovský kraj";293;17392;246;17638;NA;122996;539;2021-02-17;74410
2021-02-16;"Prešovský kraj";422;18862;265;19127;NA;122996;687;2021-02-16;73871
2021-02-15;"Prešovský kraj";211;31366;303;31669;NA;122996;514;2021-02-15;73184
2021-02-14;"Prešovský kraj";27;39387;321;39708;NA;122996;348;2021-02-14;72670
2021-02-13;"Prešovský kraj";157;74747;402;75149;NA;122996;559;2021-02-13;72322
2021-02-12;"Prešovský kraj";308;38758;365;39123;NA;122996;673;2021-02-12;71763
2021-02-11;"Prešovský kraj";218;16207;238;16445;NA;122996;456;2021-02-11;71090
2021-02-10;"Prešovský kraj";220;18542;282;18824;NA;122996;502;2021-02-10;70634
2021-02-09;"Prešovský kraj";323;21497;370;21867;NA;122996;693;2021-02-09;70132
2021-02-08;"Prešovský kraj";161;36924;261;37185;NA;122996;422;2021-02-08;69439
2021-02-07;"Prešovský kraj";21;34227;209;34436;NA;122996;230;2021-02-07;69017
2021-02-06;"Prešovský kraj";176;69164;360;69524;NA;122996;536;2021-02-06;68787
2021-02-05;"Prešovský kraj";177;31271;262;31533;NA;122996;439;2021-02-05;68251
2021-02-04;"Prešovský kraj";176;13080;237;13317;NA;122996;413;2021-02-04;67812
2021-02-03;"Prešovský kraj";251;8421;236;8657;NA;122996;487;2021-02-03;67399
2021-02-02;"Prešovský kraj";249;11769;264;12033;NA;122996;513;2021-02-02;66912
2021-02-01;"Prešovský kraj";220;16059;316;16375;NA;122996;536;2021-02-01;66399
2021-01-31;"Prešovský kraj";42;10587;107;10694;NA;122996;149;2021-01-31;65863
2021-01-30;"Prešovský kraj";142;23939;215;24154;NA;122996;357;2021-01-30;65714
2021-01-29;"Prešovský kraj";185;17924;326;18250;NA;122996;511;2021-01-29;65357
2021-01-28;"Prešovský kraj";311;7348;150;7498;NA;122996;461;2021-01-28;64846
2021-01-27;"Prešovský kraj";153;9730;147;9877;NA;122996;300;2021-01-27;64385
2021-01-26;"Prešovský kraj";252;16653;151;16804;NA;122996;403;2021-01-26;64085
2021-01-25;"Prešovský kraj";196;30092;253;30345;NA;122996;449;2021-01-25;63682
2021-01-24;"Prešovský kraj";12;45706;304;46010;NA;122996;316;2021-01-24;63233
2021-01-23;"Prešovský kraj";189;96883;487;97370;NA;122996;676;2021-01-23;62917
2021-01-22;"Prešovský kraj";187;35383;261;35644;NA;122996;448;2021-01-22;62241
2021-01-21;"Prešovský kraj";187;20434;212;20646;NA;122996;399;2021-01-21;61793
2021-01-20;"Prešovský kraj";253;14782;195;14977;NA;122996;448;2021-01-20;61394
2021-01-19;"Prešovský kraj";281;12329;305;12634;NA;122996;586;2021-01-19;60946
2021-01-18;"Prešovský kraj";203;10422;336;10758;NA;122996;539;2021-01-18;60360
2021-01-17;"Prešovský kraj";107;14391;1008;15399;NA;122996;1115;2021-01-17;59821
2021-01-16;"Prešovský kraj";72;1838;81;1919;NA;122996;153;2021-01-16;58706
2021-01-15;"Prešovský kraj";159;7033;257;7290;NA;122996;416;2021-01-15;58553
2021-01-14;"Prešovský kraj";268;5534;256;5790;NA;122996;524;2021-01-14;58137
2021-01-13;"Prešovský kraj";342;5649;226;5875;NA;122996;568;2021-01-13;57613
2021-01-12;"Prešovský kraj";455;8251;386;8637;NA;122996;841;2021-01-12;57045
2021-01-11;"Prešovský kraj";343;8149;471;8620;NA;122996;814;2021-01-11;56204
2021-01-10;"Prešovský kraj";63;476;23;499;NA;122996;86;2021-01-10;55390
2021-01-09;"Prešovský kraj";439;2248;125;2373;NA;122996;564;2021-01-09;55304
2021-01-08;"Prešovský kraj";430;10416;561;10977;NA;122996;991;2021-01-08;54740
2021-01-07;"Prešovský kraj";268;7432;622;8054;NA;122996;890;2021-01-07;53749
2021-01-06;"Prešovský kraj";315;1484;134;1618;NA;122996;449;2021-01-06;52859
2021-01-05;"Prešovský kraj";655;11275;976;12251;NA;122996;1631;2021-01-05;52410
2021-01-04;"Prešovský kraj";371;16845;1789;18634;NA;122996;2160;2021-01-04;50779
2021-01-03;"Prešovský kraj";89;459;41;500;NA;122996;130;2021-01-03;48619
2021-01-02;"Prešovský kraj";65;1556;160;1716;NA;122996;225;2021-01-02;48489
2021-01-01;"Prešovský kraj";174;956;71;1027;NA;122996;245;2021-01-01;48264
2020-12-31;"Prešovský kraj";640;11959;783;12742;NA;122996;1423;2020-12-31;48019
2020-12-30;"Prešovský kraj";729;8729;769;9498;NA;122996;1498;2020-12-30;46596
2020-12-29;"Prešovský kraj";435;9273;949;10222;NA;122996;1384;2020-12-29;45098
2020-12-28;"Prešovský kraj";393;9046;1079;10125;NA;122996;1472;2020-12-28;43714
2020-12-27;"Prešovský kraj";40;613;45;658;NA;122996;85;2020-12-27;42242
2020-12-26;"Prešovský kraj";64;176;12;188;NA;122996;76;2020-12-26;42157
2020-12-25;"Prešovský kraj";208;274;11;285;NA;122996;219;2020-12-25;42081
2020-12-24;"Prešovský kraj";452;1214;85;1299;NA;122996;537;2020-12-24;41862
2020-12-23;"Prešovský kraj";361;11006;618;11624;NA;122996;979;2020-12-23;41325
2020-12-22;"Prešovský kraj";439;9023;695;9718;NA;122996;1134;2020-12-22;40346
2020-12-21;"Prešovský kraj";432;9577;847;10424;NA;122996;1279;2020-12-21;39212
2020-12-20;"Prešovský kraj";184;396;20;416;NA;122996;204;2020-12-20;37933
2020-12-19;"Prešovský kraj";276;1658;151;1809;NA;122996;427;2020-12-19;37729
2020-12-18;"Prešovský kraj";396;8246;566;8812;NA;122996;962;2020-12-18;37302
2020-12-17;"Prešovský kraj";427;10505;866;11371;NA;122996;1293;2020-12-17;36340
2020-12-16;"Prešovský kraj";466;5613;473;6086;NA;122996;939;2020-12-16;35047
2020-12-15;"Prešovský kraj";411;5406;574;5980;NA;122996;985;2020-12-15;34108
2020-12-14;"Prešovský kraj";334;5538;477;6015;NA;122996;811;2020-12-14;33123
2020-12-13;"Prešovský kraj";89;29;8;37;NA;122996;97;2020-12-13;32312
2020-12-12;"Prešovský kraj";319;2474;166;2640;NA;122996;485;2020-12-12;32215
2020-12-11;"Prešovský kraj";560;5602;402;6004;NA;122996;962;2020-12-11;31730
2020-12-10;"Prešovský kraj";337;5019;423;5442;NA;122996;760;2020-12-10;30768
2020-12-09;"Prešovský kraj";358;4357;314;4671;NA;122996;672;2020-12-09;30008
2020-12-08;"Prešovský kraj";350;6629;651;7280;NA;122996;1001;2020-12-08;29336
2020-12-07;"Prešovský kraj";309;4345;327;4672;NA;122996;636;2020-12-07;28335
2020-12-06;"Prešovský kraj";59;655;26;681;NA;122996;85;2020-12-06;27699
2020-12-05;"Prešovský kraj";218;984;87;1071;NA;122996;305;2020-12-05;27614
2020-12-04;"Prešovský kraj";352;5070;293;5363;NA;122996;645;2020-12-04;27309
2020-12-03;"Prešovský kraj";284;2456;179;2635;NA;122996;463;2020-12-03;26664
2020-12-02;"Prešovský kraj";232;2830;225;3055;NA;122996;457;2020-12-02;26201
2020-12-01;"Prešovský kraj";281;1884;196;2080;NA;122996;477;2020-12-01;25744
2020-11-30;"Prešovský kraj";196;5333;97;5430;NA;122996;293;2020-11-30;25267
2020-11-29;"Prešovský kraj";27;379;42;421;NA;122996;69;2020-11-29;24974
2020-11-28;"Prešovský kraj";199;772;77;849;NA;122996;276;2020-11-28;24905
2020-11-27;"Prešovský kraj";232;2350;130;2480;NA;122996;362;2020-11-27;24629
2020-11-26;"Prešovský kraj";263;3014;329;3343;NA;122996;592;2020-11-26;24267
2020-11-25;"Prešovský kraj";302;2174;103;2277;NA;122996;405;2020-11-25;23675
2020-11-24;"Prešovský kraj";365;1777;156;1933;NA;122996;521;2020-11-24;23270
2020-11-23;"Prešovský kraj";164;1099;60;1159;NA;122996;224;2020-11-23;22749
2020-11-22;"Prešovský kraj";46;44;1;45;NA;122996;47;2020-11-22;22525
2020-11-21;"Prešovský kraj";205;754;62;816;NA;122996;267;2020-11-21;22478
2020-11-20;"Prešovský kraj";363;2258;102;2360;NA;122996;465;2020-11-20;22211
2020-11-19;"Prešovský kraj";359;2096;238;2334;NA;122996;597;2020-11-19;21746
2020-11-18;"Prešovský kraj";270;488;43;531;NA;122996;313;2020-11-18;21149
2020-11-17;"Prešovský kraj";347;205;23;228;NA;122996;370;2020-11-17;20836
2020-11-16;"Prešovský kraj";226;540;58;598;NA;122996;284;2020-11-16;20466
2020-11-15;"Prešovský kraj";186;39;4;43;NA;122996;190;2020-11-15;20182
2020-11-14;"Prešovský kraj";261;54;4;58;NA;122996;265;2020-11-14;19992
2020-11-13;"Prešovský kraj";395;166;8;174;NA;122996;403;2020-11-13;19727
2020-11-12;"Prešovský kraj";397;229;50;279;NA;122996;447;2020-11-12;19324
2020-11-11;"Prešovský kraj";516;161;15;176;NA;122996;531;2020-11-11;18877
2020-11-10;"Prešovský kraj";437;197;9;206;NA;122996;446;2020-11-10;18346
2020-11-09;"Prešovský kraj";190;4110;945;5055;NA;122996;1135;2020-11-09;17900
2020-11-08;"Prešovský kraj";97;2817;32;2849;NA;122996;129;2020-11-08;16765
2020-11-07;"Prešovský kraj";416;8578;81;8659;NA;122996;497;2020-11-07;16636
2020-11-06;"Prešovský kraj";520;4791;76;4867;NA;122996;596;2020-11-06;16139
2020-11-05;"Prešovský kraj";397;180;5;185;NA;122996;402;2020-11-05;15543
2020-11-04;"Prešovský kraj";350;807;8;815;NA;122996;358;2020-11-04;15141
2020-11-03;"Prešovský kraj";565;98;12;110;NA;122996;577;2020-11-03;14783
2020-11-02;"Prešovský kraj";203;4158;1004;5162;NA;122996;1207;2020-11-02;14206
2020-11-01;"Prešovský kraj";386;2906;53;2959;NA;122996;439;2020-11-01;12999
2020-10-31;"Prešovský kraj";315;10497;170;10667;NA;122996;485;2020-10-31;12560
2020-10-30;"Prešovský kraj";552;2949;65;3014;NA;122996;617;2020-10-30;12075
2020-10-29;"Prešovský kraj";594;301;38;339;NA;122996;632;2020-10-29;11458
2020-10-28;"Prešovský kraj";617;291;46;337;NA;122996;663;2020-10-28;10826
2020-10-27;"Prešovský kraj";656;268;34;302;NA;122996;690;2020-10-27;10163
2020-10-26;"Prešovský kraj";137;363;57;420;NA;122996;194;2020-10-26;9473
2020-10-25;"Prešovský kraj";237;346;11;357;NA;122996;248;2020-10-25;9279
2020-10-24;"Prešovský kraj";719;200;12;212;NA;122996;731;2020-10-24;9031
2020-10-23;"Prešovský kraj";750;218;8;226;NA;122996;758;2020-10-23;8300
2020-10-22;"Prešovský kraj";646;396;30;426;NA;122996;676;2020-10-22;7542
2020-10-21;"Prešovský kraj";383;58;8;66;NA;122996;391;2020-10-21;6866
2020-10-20;"Prešovský kraj";493;65;7;72;NA;122996;500;2020-10-20;6475
2020-10-19;"Prešovský kraj";140;235;15;250;NA;122996;155;2020-10-19;5975
2020-10-18;"Prešovský kraj";209;0;0;0;NA;122996;209;2020-10-18;5820
2020-10-17;"Prešovský kraj";342;0;0;0;NA;122996;342;2020-10-17;5611
2020-10-16;"Prešovský kraj";388;57;3;60;NA;122996;391;2020-10-16;5269
2020-10-15;"Prešovský kraj";435;85;18;103;NA;122996;453;2020-10-15;4878
2020-10-14;"Prešovský kraj";451;54;10;64;NA;122996;461;2020-10-14;4425
2020-10-13;"Prešovský kraj";264;50;6;56;NA;122996;270;2020-10-13;3964
2020-10-12;"Prešovský kraj";214;334;35;369;NA;122996;249;2020-10-12;3694
2020-10-11;"Prešovský kraj";127;0;0;0;NA;122996;127;2020-10-11;3445
2020-10-10;"Prešovský kraj";248;0;0;0;NA;122996;248;2020-10-10;3318
2020-10-09;"Prešovský kraj";406;0;0;0;NA;122996;406;2020-10-09;3070
2020-10-08;"Prešovský kraj";245;0;0;0;NA;122996;245;2020-10-08;2664
2020-10-07;"Prešovský kraj";244;0;0;0;NA;122996;244;2020-10-07;2419
2020-10-06;"Prešovský kraj";166;0;0;0;NA;122996;166;2020-10-06;2175
2020-10-05;"Prešovský kraj";84;0;0;0;NA;122996;84;2020-10-05;2009
2020-10-04;"Prešovský kraj";118;0;0;0;NA;122996;118;2020-10-04;1925
2020-10-03;"Prešovský kraj";204;0;0;0;NA;122996;204;2020-10-03;1807
2020-10-02;"Prešovský kraj";149;0;0;0;NA;122996;149;2020-10-02;1603
2020-10-01;"Prešovský kraj";136;0;0;0;NA;122996;136;2020-10-01;1454
2020-09-30;"Prešovský kraj";121;0;0;0;NA;122996;121;2020-09-30;1318
2020-09-29;"Prešovský kraj";156;0;0;0;NA;122996;156;2020-09-29;1197
2020-09-28;"Prešovský kraj";51;0;0;0;NA;122996;51;2020-09-28;1041
2020-09-27;"Prešovský kraj";10;0;0;0;NA;122996;10;2020-09-27;990
2020-09-26;"Prešovský kraj";72;0;0;0;NA;122996;72;2020-09-26;980
2020-09-25;"Prešovský kraj";91;0;0;0;NA;122996;91;2020-09-25;908
2020-09-24;"Prešovský kraj";52;0;0;0;NA;122996;52;2020-09-24;817
2020-09-23;"Prešovský kraj";55;0;0;0;NA;122996;55;2020-09-23;765
2020-09-22;"Prešovský kraj";29;0;0;0;NA;122996;29;2020-09-22;710
2020-09-21;"Prešovský kraj";14;0;0;0;NA;122996;14;2020-09-21;681
2020-09-20;"Prešovský kraj";5;0;0;0;NA;122996;5;2020-09-20;667
2020-09-19;"Prešovský kraj";12;0;0;0;NA;122996;12;2020-09-19;662
2020-09-18;"Prešovský kraj";29;0;0;0;NA;122996;29;2020-09-18;650
2020-09-17;"Prešovský kraj";25;0;0;0;NA;122996;25;2020-09-17;621
2020-09-16;"Prešovský kraj";8;0;0;0;NA;122996;8;2020-09-16;596
2020-09-15;"Prešovský kraj";10;0;0;0;NA;122996;10;2020-09-15;588
2020-09-14;"Prešovský kraj";47;0;0;0;NA;122996;47;2020-09-14;578
2020-09-13;"Prešovský kraj";3;0;0;0;NA;122996;3;2020-09-13;531
2020-09-12;"Prešovský kraj";4;0;0;0;NA;122996;4;2020-09-12;528
2020-09-11;"Prešovský kraj";15;0;0;0;NA;122996;15;2020-09-11;524
2020-09-10;"Prešovský kraj";10;0;0;0;NA;122996;10;2020-09-10;509
2020-09-09;"Prešovský kraj";21;0;0;0;NA;122996;21;2020-09-09;499
2020-09-08;"Prešovský kraj";23;0;0;0;NA;122996;23;2020-09-08;478
2020-09-07;"Prešovský kraj";5;0;0;0;NA;122996;5;2020-09-07;455
2020-09-06;"Prešovský kraj";3;0;0;0;NA;122996;3;2020-09-06;450
2020-09-05;"Prešovský kraj";7;0;0;0;NA;122996;7;2020-09-05;447
2020-09-04;"Prešovský kraj";24;0;0;0;NA;122996;24;2020-09-04;440
2020-09-03;"Prešovský kraj";8;0;0;0;NA;122996;8;2020-09-03;416
2020-09-02;"Prešovský kraj";9;0;0;0;NA;122996;9;2020-09-02;408
2020-09-01;"Prešovský kraj";6;0;0;0;NA;122996;6;2020-09-01;399
2020-08-31;"Prešovský kraj";3;0;0;0;NA;122996;3;2020-08-31;393
2020-08-30;"Prešovský kraj";6;0;0;0;NA;122996;6;2020-08-30;390
2020-08-29;"Prešovský kraj";4;0;0;0;NA;122996;4;2020-08-29;384
2020-08-28;"Prešovský kraj";6;0;0;0;NA;122996;6;2020-08-28;380
2020-08-27;"Prešovský kraj";7;0;0;0;NA;122996;7;2020-08-27;374
2020-08-26;"Prešovský kraj";22;0;0;0;NA;122996;22;2020-08-26;367
2020-08-25;"Prešovský kraj";1;0;0;0;NA;122996;1;2020-08-25;345
2020-08-24;"Prešovský kraj";5;0;0;0;NA;122996;5;2020-08-24;344
2020-08-23;"Prešovský kraj";3;0;0;0;NA;122996;3;2020-08-23;339
2020-08-22;"Prešovský kraj";3;0;0;0;NA;122996;3;2020-08-22;336
2020-08-21;"Prešovský kraj";11;0;0;0;NA;122996;11;2020-08-21;333
2020-08-20;"Prešovský kraj";8;0;0;0;NA;122996;8;2020-08-20;322
2020-08-19;"Prešovský kraj";8;0;0;0;NA;122996;8;2020-08-19;314
2020-08-18;"Prešovský kraj";6;0;0;0;NA;122996;6;2020-08-18;306
2020-08-17;"Prešovský kraj";1;0;0;0;NA;122996;1;2020-08-17;300
2020-08-16;"Prešovský kraj";0;0;0;0;NA;122996;0;2020-08-16;299
2020-08-15;"Prešovský kraj";8;0;0;0;NA;122996;8;2020-08-15;299
2020-08-14;"Prešovský kraj";6;0;0;0;NA;122996;6;2020-08-14;291
2020-08-13;"Prešovský kraj";8;0;0;0;NA;122996;8;2020-08-13;285
2020-08-12;"Prešovský kraj";19;0;0;0;NA;122996;19;2020-08-12;277
2020-08-11;"Prešovský kraj";3;0;0;0;NA;122996;3;2020-08-11;258
2020-08-10;"Prešovský kraj";0;0;0;0;NA;122996;0;2020-08-10;255
2020-08-09;"Prešovský kraj";0;0;0;0;NA;122996;0;2020-08-09;255
2020-08-08;"Prešovský kraj";2;0;0;0;NA;122996;2;2020-08-08;255
2020-08-07;"Prešovský kraj";6;0;0;0;NA;122996;6;2020-08-07;253
2020-08-06;"Prešovský kraj";2;0;0;0;NA;122996;2;2020-08-06;247
2020-08-05;"Prešovský kraj";8;0;0;0;NA;122996;8;2020-08-05;245
2020-08-04;"Prešovský kraj";5;0;0;0;NA;122996;5;2020-08-04;237
2020-08-03;"Prešovský kraj";4;0;0;0;NA;122996;4;2020-08-03;232
2020-08-02;"Prešovský kraj";6;0;0;0;NA;122996;6;2020-08-02;228
2020-08-01;"Prešovský kraj";0;0;0;0;NA;122996;0;2020-08-01;222
2020-07-31;"Prešovský kraj";2;0;0;0;NA;122996;2;2020-07-31;222
2020-07-30;"Prešovský kraj";6;0;0;0;NA;122996;6;2020-07-30;220
2020-07-29;"Prešovský kraj";5;0;0;0;NA;122996;5;2020-07-29;214
2020-07-28;"Prešovský kraj";0;0;0;0;NA;122996;0;2020-07-28;209
2020-07-27;"Prešovský kraj";1;0;0;0;NA;122996;1;2020-07-27;209
2020-07-26;"Prešovský kraj";1;0;0;0;NA;122996;1;2020-07-26;208
2020-07-25;"Prešovský kraj";21;0;0;0;NA;122996;21;2020-07-25;207
2020-07-24;"Prešovský kraj";1;0;0;0;NA;122996;1;2020-07-24;186
2020-07-23;"Prešovský kraj";5;0;0;0;NA;122996;5;2020-07-23;185
2020-07-22;"Prešovský kraj";1;0;0;0;NA;122996;1;2020-07-22;180
2020-07-21;"Prešovský kraj";2;0;0;0;NA;122996;2;2020-07-21;179
2020-07-20;"Prešovský kraj";1;0;0;0;NA;122996;1;2020-07-20;177
2020-07-19;"Prešovský kraj";0;0;0;0;NA;122996;0;2020-07-19;176
2020-07-18;"Prešovský kraj";0;0;0;0;NA;122996;0;2020-07-18;176
2020-07-17;"Prešovský kraj";3;0;0;0;NA;122996;3;2020-07-17;176
2020-07-16;"Prešovský kraj";1;0;0;0;NA;122996;1;2020-07-16;173
2020-07-15;"Prešovský kraj";5;0;0;0;NA;122996;5;2020-07-15;172
2020-07-14;"Prešovský kraj";5;0;0;0;NA;122996;5;2020-07-14;167
2020-07-13;"Prešovský kraj";1;0;0;0;NA;122996;1;2020-07-13;162
2020-07-12;"Prešovský kraj";1;0;0;0;NA;122996;1;2020-07-12;161
2020-07-11;"Prešovský kraj";6;0;0;0;NA;122996;6;2020-07-11;160
2020-07-10;"Prešovský kraj";5;0;0;0;NA;122996;5;2020-07-10;154
2020-07-09;"Prešovský kraj";2;0;0;0;NA;122996;2;2020-07-09;149
2020-07-08;"Prešovský kraj";14;0;0;0;NA;122996;14;2020-07-08;147
2020-07-07;"Prešovský kraj";2;0;0;0;NA;122996;2;2020-07-07;133
2020-07-06;"Prešovský kraj";0;0;0;0;NA;122996;0;2020-07-06;131
2020-07-05;"Prešovský kraj";0;0;0;0;NA;122996;0;2020-07-05;131
2020-07-04;"Prešovský kraj";1;0;0;0;NA;122996;1;2020-07-04;131
2020-07-03;"Prešovský kraj";3;0;0;0;NA;122996;3;2020-07-03;130
2020-07-02;"Prešovský kraj";0;0;0;0;NA;122996;0;2020-07-02;127
2020-07-01;"Prešovský kraj";0;0;0;0;NA;122996;0;2020-07-01;127
2020-06-30;"Prešovský kraj";7;0;0;0;NA;122996;7;2020-06-30;127
2020-06-29;"Prešovský kraj";0;0;0;0;NA;122996;0;2020-06-29;120
2020-06-28;"Prešovský kraj";0;0;0;0;NA;122996;0;2020-06-28;120
2020-06-27;"Prešovský kraj";3;0;0;0;NA;122996;3;2020-06-27;120
2020-06-26;"Prešovský kraj";3;0;0;0;NA;122996;3;2020-06-26;117
2020-06-25;"Prešovský kraj";0;0;0;0;NA;122996;0;2020-06-25;114
2020-06-24;"Prešovský kraj";4;0;0;0;NA;122996;4;2020-06-24;114
2020-06-23;"Prešovský kraj";0;0;0;0;NA;122996;0;2020-06-23;110
2020-06-22;"Prešovský kraj";0;0;0;0;NA;122996;0;2020-06-22;110
2020-06-21;"Prešovský kraj";0;0;0;0;NA;122996;0;2020-06-21;110
2020-06-20;"Prešovský kraj";0;0;0;0;NA;122996;0;2020-06-20;110
2020-06-19;"Prešovský kraj";1;0;0;0;NA;122996;1;2020-06-19;110
2020-06-18;"Prešovský kraj";0;0;0;0;NA;122996;0;2020-06-18;109
2020-06-17;"Prešovský kraj";0;0;0;0;NA;122996;0;2020-06-17;109
2020-06-16;"Prešovský kraj";6;0;0;0;NA;122996;6;2020-06-16;109
2020-06-14;"Prešovský kraj";0;0;0;0;NA;122996;0;2020-06-14;103
2020-06-13;"Prešovský kraj";0;0;0;0;NA;122996;0;2020-06-13;103
2020-06-12;"Prešovský kraj";1;0;0;0;NA;122996;1;2020-06-12;103
2020-06-11;"Prešovský kraj";0;0;0;0;NA;122996;0;2020-06-11;102
2020-06-10;"Prešovský kraj";0;0;0;0;NA;122996;0;2020-06-10;102
2020-06-09;"Prešovský kraj";0;0;0;0;NA;122996;0;2020-06-09;102
2020-06-08;"Prešovský kraj";0;0;0;0;NA;122996;0;2020-06-08;102
2020-06-07;"Prešovský kraj";0;0;0;0;NA;122996;0;2020-06-07;102
2020-06-05;"Prešovský kraj";0;0;0;0;NA;122996;0;2020-06-05;102
2020-06-03;"Prešovský kraj";0;0;0;0;NA;122996;0;2020-06-03;102
2020-06-02;"Prešovský kraj";1;0;0;0;NA;122996;1;2020-06-02;102
2020-05-31;"Prešovský kraj";1;0;0;0;NA;122996;1;2020-05-31;101
2020-05-29;"Prešovský kraj";0;0;0;0;NA;122996;0;2020-05-29;100
2020-05-27;"Prešovský kraj";0;0;0;0;NA;122996;0;2020-05-27;100
2020-05-26;"Prešovský kraj";0;0;0;0;NA;122996;0;2020-05-26;100
2020-05-25;"Prešovský kraj";0;0;0;0;NA;122996;0;2020-05-25;100
2020-05-24;"Prešovský kraj";0;0;0;0;NA;122996;0;2020-05-24;100
2020-05-23;"Prešovský kraj";0;0;0;0;NA;122996;0;2020-05-23;100
2020-05-22;"Prešovský kraj";0;0;0;0;NA;122996;0;2020-05-22;100
2020-05-21;"Prešovský kraj";1;0;0;0;NA;122996;1;2020-05-21;100
2020-05-20;"Prešovský kraj";0;0;0;0;NA;122996;0;2020-05-20;99
2020-05-19;"Prešovský kraj";0;0;0;0;NA;122996;0;2020-05-19;99
2020-05-17;"Prešovský kraj";0;0;0;0;NA;122996;0;2020-05-17;99
2020-05-16;"Prešovský kraj";0;0;0;0;NA;122996;0;2020-05-16;99
2020-05-15;"Prešovský kraj";0;0;0;0;NA;122996;0;2020-05-15;99
2020-05-14;"Prešovský kraj";0;0;0;0;NA;122996;0;2020-05-14;99
2020-05-13;"Prešovský kraj";1;0;0;0;NA;122996;1;2020-05-13;99
2020-05-12;"Prešovský kraj";0;0;0;0;NA;122996;0;2020-05-12;98
2020-05-11;"Prešovský kraj";1;0;0;0;NA;122996;1;2020-05-11;98
2020-05-09;"Prešovský kraj";0;0;0;0;NA;122996;0;2020-05-09;97
2020-05-07;"Prešovský kraj";0;0;0;0;NA;122996;0;2020-05-07;97
2020-05-06;"Prešovský kraj";0;0;0;0;NA;122996;0;2020-05-06;97
2020-05-05;"Prešovský kraj";1;0;0;0;NA;122996;1;2020-05-05;97
2020-05-04;"Prešovský kraj";0;0;0;0;NA;122996;0;2020-05-04;96
2020-05-03;"Prešovský kraj";0;0;0;0;NA;122996;0;2020-05-03;96
2020-05-02;"Prešovský kraj";0;0;0;0;NA;122996;0;2020-05-02;96
2020-05-01;"Prešovský kraj";2;0;0;0;NA;122996;2;2020-05-01;96
2020-04-30;"Prešovský kraj";0;0;0;0;NA;122996;0;2020-04-30;94
2020-04-29;"Prešovský kraj";1;0;0;0;NA;122996;1;2020-04-29;94
2020-04-28;"Prešovský kraj";1;0;0;0;NA;122996;1;2020-04-28;93
2020-04-27;"Prešovský kraj";2;0;0;0;NA;122996;2;2020-04-27;92
2020-04-26;"Prešovský kraj";0;0;0;0;NA;122996;0;2020-04-26;90
2020-04-25;"Prešovský kraj";0;0;0;0;NA;122996;0;2020-04-25;90
2020-04-24;"Prešovský kraj";0;0;0;0;NA;122996;0;2020-04-24;90
2020-04-23;"Prešovský kraj";2;0;0;0;NA;122996;2;2020-04-23;90
2020-04-22;"Prešovský kraj";11;0;0;0;NA;122996;11;2020-04-22;88
2020-04-21;"Prešovský kraj";12;0;0;0;NA;122996;12;2020-04-21;77
2020-04-20;"Prešovský kraj";2;0;0;0;NA;122996;2;2020-04-20;65
2020-04-19;"Prešovský kraj";4;0;0;0;NA;122996;4;2020-04-19;63
2020-04-18;"Prešovský kraj";1;0;0;0;NA;122996;1;2020-04-18;59
2020-04-17;"Prešovský kraj";4;0;0;0;NA;122996;4;2020-04-17;58
2020-04-16;"Prešovský kraj";9;0;0;0;NA;122996;9;2020-04-16;54
2020-04-15;"Prešovský kraj";21;0;0;0;NA;122996;21;2020-04-15;45
2020-04-14;"Prešovský kraj";1;0;0;0;NA;122996;1;2020-04-14;24
2020-04-13;"Prešovský kraj";2;0;0;0;NA;122996;2;2020-04-13;23
2020-04-12;"Prešovský kraj";6;0;0;0;NA;122996;6;2020-04-12;21
2020-04-11;"Prešovský kraj";4;0;0;0;NA;122996;4;2020-04-11;15
2020-04-10;"Prešovský kraj";0;0;0;0;NA;122996;0;2020-04-10;11
2020-04-09;"Prešovský kraj";1;0;0;0;NA;122996;1;2020-04-09;11
2020-04-08;"Prešovský kraj";0;0;0;0;NA;122996;0;2020-04-08;10
2020-04-07;"Prešovský kraj";7;0;0;0;NA;122996;7;2020-04-07;10
2020-04-06;"Prešovský kraj";10;0;0;0;NA;122996;10;2020-04-06;3
2020-04-05;"Prešovský kraj";13;0;0;0;NA;122996;13;2020-04-05;-7
2020-04-04;"Prešovský kraj";1;0;0;0;NA;122996;1;2020-04-04;-20
2020-04-03;"Prešovský kraj";4;0;0;0;NA;122996;4;2020-04-03;-21
2020-04-02;"Prešovský kraj";6;0;0;0;NA;122996;6;2020-04-02;-25
2020-04-01;"Prešovský kraj";6;0;0;0;NA;122996;6;2020-04-01;-31
2020-03-31;"Prešovský kraj";6;0;0;0;NA;122996;6;2020-03-31;-37
2020-03-30;"Prešovský kraj";2;0;0;0;NA;122996;2;2020-03-30;-43
2020-03-29;"Prešovský kraj";2;0;0;0;NA;122996;2;2020-03-29;-45
2020-03-28;"Prešovský kraj";2;0;0;0;NA;122996;2;2020-03-28;-47
2020-03-27;"Prešovský kraj";1;0;0;0;NA;122996;1;2020-03-27;-49
2020-03-26;"Prešovský kraj";8;0;0;0;NA;122996;8;2020-03-26;-50
2020-03-25;"Prešovský kraj";1;0;0;0;NA;122996;1;2020-03-25;-58
2020-03-24;"Prešovský kraj";4;0;0;0;NA;122996;4;2020-03-24;-59
2020-03-23;"Prešovský kraj";0;0;0;0;NA;122996;0;2020-03-23;-63
2020-03-22;"Prešovský kraj";1;0;0;0;NA;122996;1;2020-03-22;-63
2020-03-21;"Prešovský kraj";2;0;0;0;NA;122996;2;2020-03-21;-64
2020-03-20;"Prešovský kraj";3;0;0;0;NA;122996;3;2020-03-20;-66
2020-03-19;"Prešovský kraj";2;0;0;0;NA;122996;2;2020-03-19;-69
2020-03-18;"Prešovský kraj";1;0;0;0;NA;122996;1;2020-03-18;-71
2020-03-17;"Prešovský kraj";1;0;0;0;NA;122996;1;2020-03-17;-72
2020-03-16;"Prešovský kraj";4;0;0;0;NA;122996;4;2020-03-16;-73
2020-03-15;"Prešovský kraj";0;0;0;0;NA;122996;0;2020-03-15;-77
2020-03-14;"Prešovský kraj";1;0;0;0;NA;122996;1;2020-03-14;-77
2020-03-13;"Prešovský kraj";0;0;0;0;NA;122996;0;2020-03-13;-78
2020-03-12;"Prešovský kraj";0;0;0;0;NA;122996;0;2020-03-12;-78
2020-03-11;"Prešovský kraj";0;0;0;0;NA;122996;0;2020-03-11;-78
2020-03-09;"Prešovský kraj";0;0;0;0;NA;122996;0;2020-03-09;-78
2020-03-08;"Prešovský kraj";0;0;0;0;NA;122996;0;2020-03-08;-78
2020-03-07;"Prešovský kraj";0;0;0;0;NA;122996;0;2020-03-07;-78
2020-03-06;"Prešovský kraj";0;0;0;0;NA;122996;0;2020-03-06;-78
2021-10-10;"Trenčiansky kraj";17;864;14;878;56298;104776;31;2021-10-10;104776
2021-10-09;"Trenčiansky kraj";157;1384;9;1393;NA;104776;166;2021-10-09;104745
2021-10-08;"Trenčiansky kraj";82;2631;28;2659;NA;104776;110;2021-10-08;104579
2021-10-07;"Trenčiansky kraj";107;1878;27;1905;NA;104776;134;2021-10-07;104469
2021-10-06;"Trenčiansky kraj";193;2278;36;2314;NA;104776;229;2021-10-06;104335
2021-10-05;"Trenčiansky kraj";119;2225;40;2265;NA;104776;159;2021-10-05;104106
2021-10-04;"Trenčiansky kraj";105;2755;52;2807;NA;104776;157;2021-10-04;103947
2021-10-03;"Trenčiansky kraj";30;1554;27;1581;NA;104776;57;2021-10-03;103790
2021-10-02;"Trenčiansky kraj";107;1793;35;1828;NA;104776;142;2021-10-02;103733
2021-10-01;"Trenčiansky kraj";119;2643;37;2680;NA;104776;156;2021-10-01;103591
2021-09-30;"Trenčiansky kraj";74;2271;49;2320;NA;104776;123;2021-09-30;103435
2021-09-29;"Trenčiansky kraj";170;2150;30;2180;NA;104776;200;2021-09-29;103312
2021-09-28;"Trenčiansky kraj";95;2267;31;2298;NA;104776;126;2021-09-28;103112
2021-09-27;"Trenčiansky kraj";56;2804;57;2861;NA;104776;113;2021-09-27;102986
2021-09-26;"Trenčiansky kraj";20;1675;33;1708;NA;104776;53;2021-09-26;102873
2021-09-25;"Trenčiansky kraj";76;1674;21;1695;NA;104776;97;2021-09-25;102820
2021-09-24;"Trenčiansky kraj";104;3220;35;3255;NA;104776;139;2021-09-24;102723
2021-09-23;"Trenčiansky kraj";91;2250;27;2277;NA;104776;118;2021-09-23;102584
2021-09-22;"Trenčiansky kraj";90;2131;24;2155;NA;104776;114;2021-09-22;102466
2021-09-21;"Trenčiansky kraj";79;2307;29;2336;NA;104776;108;2021-09-21;102352
2021-09-20;"Trenčiansky kraj";78;2611;37;2648;NA;104776;115;2021-09-20;102244
2021-09-19;"Trenčiansky kraj";11;1571;20;1591;NA;104776;31;2021-09-19;102129
2021-09-18;"Trenčiansky kraj";53;2099;14;2113;NA;104776;67;2021-09-18;102098
2021-09-17;"Trenčiansky kraj";55;3143;26;3169;NA;104776;81;2021-09-17;102031
2021-09-16;"Trenčiansky kraj";52;2158;20;2178;NA;104776;72;2021-09-16;101950
2021-09-15;"Trenčiansky kraj";63;1043;7;1050;NA;104776;70;2021-09-15;101878
2021-09-14;"Trenčiansky kraj";67;2449;25;2474;NA;104776;92;2021-09-14;101808
2021-09-13;"Trenčiansky kraj";33;2270;35;2305;NA;104776;68;2021-09-13;101716
2021-09-12;"Trenčiansky kraj";3;1411;11;1422;NA;104776;14;2021-09-12;101648
2021-09-11;"Trenčiansky kraj";55;1729;6;1735;NA;104776;61;2021-09-11;101634
2021-09-10;"Trenčiansky kraj";49;2246;15;2261;NA;104776;64;2021-09-10;101573
2021-09-09;"Trenčiansky kraj";24;1684;30;1714;NA;104776;54;2021-09-09;101509
2021-09-08;"Trenčiansky kraj";54;1770;15;1785;NA;104776;69;2021-09-08;101455
2021-09-07;"Trenčiansky kraj";43;1393;18;1411;NA;104776;61;2021-09-07;101386
2021-09-06;"Trenčiansky kraj";47;1396;15;1411;NA;104776;62;2021-09-06;101325
2021-09-05;"Trenčiansky kraj";2;966;23;989;NA;104776;25;2021-09-05;101263
2021-09-04;"Trenčiansky kraj";41;925;4;929;NA;104776;45;2021-09-04;101238
2021-09-03;"Trenčiansky kraj";53;1420;15;1435;NA;104776;68;2021-09-03;101193
2021-09-02;"Trenčiansky kraj";7;999;14;1013;NA;104776;21;2021-09-02;101125
2021-09-01;"Trenčiansky kraj";27;431;8;439;NA;104776;35;2021-09-01;101104
2021-08-31;"Trenčiansky kraj";21;1146;15;1161;NA;104776;36;2021-08-31;101069
2021-08-30;"Trenčiansky kraj";32;1151;10;1161;NA;104776;42;2021-08-30;101033
2021-08-29;"Trenčiansky kraj";1;482;11;493;NA;104776;12;2021-08-29;100991
2021-08-28;"Trenčiansky kraj";9;976;10;986;NA;104776;19;2021-08-28;100979
2021-08-27;"Trenčiansky kraj";21;1599;1;1600;NA;104776;22;2021-08-27;100960
2021-08-26;"Trenčiansky kraj";8;992;6;998;NA;104776;14;2021-08-26;100938
2021-08-25;"Trenčiansky kraj";40;875;7;882;NA;104776;47;2021-08-25;100924
2021-08-24;"Trenčiansky kraj";4;822;4;826;NA;104776;8;2021-08-24;100877
2021-08-23;"Trenčiansky kraj";6;1165;17;1182;NA;104776;23;2021-08-23;100869
2021-08-22;"Trenčiansky kraj";0;726;10;736;NA;104776;10;2021-08-22;100846
2021-08-21;"Trenčiansky kraj";5;964;7;971;NA;104776;12;2021-08-21;100836
2021-08-20;"Trenčiansky kraj";15;1537;2;1539;NA;104776;17;2021-08-20;100824
2021-08-19;"Trenčiansky kraj";2;985;2;987;NA;104776;4;2021-08-19;100807
2021-08-18;"Trenčiansky kraj";6;814;7;821;NA;104776;13;2021-08-18;100803
2021-08-17;"Trenčiansky kraj";9;633;1;634;NA;104776;10;2021-08-17;100790
2021-08-16;"Trenčiansky kraj";5;904;3;907;NA;104776;8;2021-08-16;100780
2021-08-15;"Trenčiansky kraj";0;558;1;559;NA;104776;1;2021-08-15;100772
2021-08-14;"Trenčiansky kraj";12;574;6;580;NA;104776;18;2021-08-14;100771
2021-08-13;"Trenčiansky kraj";2;933;0;933;NA;104776;2;2021-08-13;100753
2021-08-12;"Trenčiansky kraj";2;564;3;567;NA;104776;5;2021-08-12;100751
2021-08-11;"Trenčiansky kraj";1;680;0;680;NA;104776;1;2021-08-11;100746
2021-08-10;"Trenčiansky kraj";8;530;1;531;NA;104776;9;2021-08-10;100745
2021-08-09;"Trenčiansky kraj";8;694;1;695;NA;104776;9;2021-08-09;100736
2021-08-08;"Trenčiansky kraj";0;468;0;468;NA;104776;0;2021-08-08;100727
2021-08-07;"Trenčiansky kraj";3;464;0;464;NA;104776;3;2021-08-07;100727
2021-08-06;"Trenčiansky kraj";3;955;1;956;NA;104776;4;2021-08-06;100724
2021-08-05;"Trenčiansky kraj";3;579;1;580;NA;104776;4;2021-08-05;100720
2021-08-04;"Trenčiansky kraj";14;546;3;549;NA;104776;17;2021-08-04;100716
2021-08-03;"Trenčiansky kraj";9;508;5;513;NA;104776;14;2021-08-03;100699
2021-08-02;"Trenčiansky kraj";1;807;2;809;NA;104776;3;2021-08-02;100685
2021-08-01;"Trenčiansky kraj";0;458;1;459;NA;104776;1;2021-08-01;100682
2021-07-31;"Trenčiansky kraj";4;525;2;527;NA;104776;6;2021-07-31;100681
2021-07-30;"Trenčiansky kraj";2;1041;0;1041;NA;104776;2;2021-07-30;100675
2021-07-29;"Trenčiansky kraj";5;708;0;708;NA;104776;5;2021-07-29;100673
2021-07-28;"Trenčiansky kraj";3;517;2;519;NA;104776;5;2021-07-28;100668
2021-07-27;"Trenčiansky kraj";6;551;1;552;NA;104776;7;2021-07-27;100663
2021-07-26;"Trenčiansky kraj";7;772;1;773;NA;104776;8;2021-07-26;100656
2021-07-25;"Trenčiansky kraj";0;487;2;489;NA;104776;2;2021-07-25;100648
2021-07-24;"Trenčiansky kraj";3;643;1;644;NA;104776;4;2021-07-24;100646
2021-07-23;"Trenčiansky kraj";3;1151;0;1151;NA;104776;3;2021-07-23;100642
2021-07-22;"Trenčiansky kraj";2;844;2;846;NA;104776;4;2021-07-22;100639
2021-07-21;"Trenčiansky kraj";8;661;2;663;NA;104776;10;2021-07-21;100635
2021-07-20;"Trenčiansky kraj";4;525;1;526;NA;104776;5;2021-07-20;100625
2021-07-19;"Trenčiansky kraj";0;866;4;870;NA;104776;4;2021-07-19;100620
2021-07-18;"Trenčiansky kraj";0;526;0;526;NA;104776;0;2021-07-18;100616
2021-07-17;"Trenčiansky kraj";3;673;0;673;NA;104776;3;2021-07-17;100616
2021-07-16;"Trenčiansky kraj";4;1122;0;1122;NA;104776;4;2021-07-16;100613
2021-07-15;"Trenčiansky kraj";2;824;0;824;NA;104776;2;2021-07-15;100609
2021-07-14;"Trenčiansky kraj";8;645;0;645;NA;104776;8;2021-07-14;100607
2021-07-13;"Trenčiansky kraj";1;520;3;523;NA;104776;4;2021-07-13;100599
2021-07-12;"Trenčiansky kraj";9;820;2;822;NA;104776;11;2021-07-12;100595
2021-07-11;"Trenčiansky kraj";0;611;2;613;NA;104776;2;2021-07-11;100584
2021-07-10;"Trenčiansky kraj";2;535;0;535;NA;104776;2;2021-07-10;100582
2021-07-09;"Trenčiansky kraj";7;1379;0;1379;NA;104776;7;2021-07-09;100580
2021-07-08;"Trenčiansky kraj";2;815;1;816;NA;104776;3;2021-07-08;100573
2021-07-07;"Trenčiansky kraj";2;928;0;928;NA;104776;2;2021-07-07;100570
2021-07-06;"Trenčiansky kraj";4;1041;1;1042;NA;104776;5;2021-07-06;100568
2021-07-05;"Trenčiansky kraj";1;508;0;508;NA;104776;1;2021-07-05;100563
2021-07-04;"Trenčiansky kraj";0;612;1;613;NA;104776;1;2021-07-04;100562
2021-07-03;"Trenčiansky kraj";3;815;1;816;NA;104776;4;2021-07-03;100561
2021-07-02;"Trenčiansky kraj";5;1583;2;1585;NA;104776;7;2021-07-02;100557
2021-07-01;"Trenčiansky kraj";4;1152;1;1153;NA;104776;5;2021-07-01;100550
2021-06-30;"Trenčiansky kraj";2;6993;6;6999;NA;104776;8;2021-06-30;100545
2021-06-29;"Trenčiansky kraj";4;2773;5;2778;NA;104776;9;2021-06-29;100537
2021-06-28;"Trenčiansky kraj";5;3644;4;3648;NA;104776;9;2021-06-28;100528
2021-06-27;"Trenčiansky kraj";0;2861;1;2862;NA;104776;1;2021-06-27;100519
2021-06-26;"Trenčiansky kraj";1;3422;4;3426;NA;104776;5;2021-06-26;100518
2021-06-25;"Trenčiansky kraj";2;4497;1;4498;NA;104776;3;2021-06-25;100513
2021-06-24;"Trenčiansky kraj";3;3205;4;3209;NA;104776;7;2021-06-24;100510
2021-06-23;"Trenčiansky kraj";4;2725;2;2727;NA;104776;6;2021-06-23;100503
2021-06-22;"Trenčiansky kraj";7;3058;3;3061;NA;104776;10;2021-06-22;100497
2021-06-21;"Trenčiansky kraj";10;3891;4;3895;NA;104776;14;2021-06-21;100487
2021-06-20;"Trenčiansky kraj";0;3579;5;3584;NA;104776;5;2021-06-20;100473
2021-06-19;"Trenčiansky kraj";5;4413;1;4414;NA;104776;6;2021-06-19;100468
2021-06-18;"Trenčiansky kraj";7;6725;7;6732;NA;104776;14;2021-06-18;100462
2021-06-17;"Trenčiansky kraj";0;3469;6;3475;NA;104776;6;2021-06-17;100448
2021-06-16;"Trenčiansky kraj";4;3183;3;3186;NA;104776;7;2021-06-16;100442
2021-06-15;"Trenčiansky kraj";10;3697;2;3699;NA;104776;12;2021-06-15;100435
2021-06-14;"Trenčiansky kraj";10;4805;15;4820;NA;104776;25;2021-06-14;100423
2021-06-13;"Trenčiansky kraj";0;4643;4;4647;NA;104776;4;2021-06-13;100398
2021-06-12;"Trenčiansky kraj";4;5120;7;5127;NA;104776;11;2021-06-12;100394
2021-06-11;"Trenčiansky kraj";10;7365;11;7376;NA;104776;21;2021-06-11;100383
2021-06-10;"Trenčiansky kraj";5;4345;7;4352;NA;104776;12;2021-06-10;100362
2021-06-09;"Trenčiansky kraj";7;3693;7;3700;NA;104776;14;2021-06-09;100350
2021-06-08;"Trenčiansky kraj";21;3965;7;3972;NA;104776;28;2021-06-08;100336
2021-06-07;"Trenčiansky kraj";13;5560;10;5570;NA;104776;23;2021-06-07;100308
2021-06-06;"Trenčiansky kraj";0;5500;10;5510;NA;104776;10;2021-06-06;100285
2021-06-05;"Trenčiansky kraj";7;6511;5;6516;NA;104776;12;2021-06-05;100275
2021-06-04;"Trenčiansky kraj";16;7653;3;7656;NA;104776;19;2021-06-04;100263
2021-06-03;"Trenčiansky kraj";9;4485;10;4495;NA;104776;19;2021-06-03;100244
2021-06-02;"Trenčiansky kraj";28;4329;8;4337;NA;104776;36;2021-06-02;100225
2021-06-01;"Trenčiansky kraj";22;5396;18;5414;NA;104776;40;2021-06-01;100189
2021-05-31;"Trenčiansky kraj";30;6117;24;6141;NA;104776;54;2021-05-31;100149
2021-05-30;"Trenčiansky kraj";0;8258;16;8274;NA;104776;16;2021-05-30;100095
2021-05-29;"Trenčiansky kraj";13;7915;14;7929;NA;104776;27;2021-05-29;100079
2021-05-28;"Trenčiansky kraj";22;8995;25;9020;NA;104776;47;2021-05-28;100052
2021-05-27;"Trenčiansky kraj";6;5205;12;5217;NA;104776;18;2021-05-27;100005
2021-05-26;"Trenčiansky kraj";26;5069;15;5084;NA;104776;41;2021-05-26;99987
2021-05-25;"Trenčiansky kraj";18;6168;24;6192;NA;104776;42;2021-05-25;99946
2021-05-24;"Trenčiansky kraj";19;9292;37;9329;NA;104776;56;2021-05-24;99904
2021-05-23;"Trenčiansky kraj";0;9083;26;9109;NA;104776;26;2021-05-23;99848
2021-05-22;"Trenčiansky kraj";11;11314;21;11335;NA;104776;32;2021-05-22;99822
2021-05-21;"Trenčiansky kraj";23;11572;26;11598;NA;104776;49;2021-05-21;99790
2021-05-20;"Trenčiansky kraj";23;6320;25;6345;NA;104776;48;2021-05-20;99741
2021-05-19;"Trenčiansky kraj";16;5694;32;5726;NA;104776;48;2021-05-19;99693
2021-05-18;"Trenčiansky kraj";26;7779;28;7807;NA;104776;54;2021-05-18;99645
2021-05-17;"Trenčiansky kraj";37;7671;43;7714;NA;104776;80;2021-05-17;99591
2021-05-16;"Trenčiansky kraj";25;15615;41;15656;NA;104776;66;2021-05-16;99511
2021-05-15;"Trenčiansky kraj";3;21237;32;21269;NA;104776;35;2021-05-15;99445
2021-05-14;"Trenčiansky kraj";41;18676;42;18718;NA;104776;83;2021-05-14;99410
2021-05-13;"Trenčiansky kraj";41;8195;24;8219;NA;104776;65;2021-05-13;99327
2021-05-12;"Trenčiansky kraj";41;7409;31;7440;NA;104776;72;2021-05-12;99262
2021-05-11;"Trenčiansky kraj";66;10507;32;10539;NA;104776;98;2021-05-11;99190
2021-05-10;"Trenčiansky kraj";48;12989;55;13044;NA;104776;103;2021-05-10;99092
2021-05-09;"Trenčiansky kraj";52;17737;39;17776;NA;104776;91;2021-05-09;98989
2021-05-08;"Trenčiansky kraj";3;23822;33;23855;NA;104776;36;2021-05-08;98898
2021-05-07;"Trenčiansky kraj";45;23549;56;23605;NA;104776;101;2021-05-07;98862
2021-05-06;"Trenčiansky kraj";26;10771;44;10815;NA;104776;70;2021-05-06;98761
2021-05-05;"Trenčiansky kraj";73;9377;41;9418;NA;104776;114;2021-05-05;98691
2021-05-04;"Trenčiansky kraj";55;12733;53;12786;NA;104776;108;2021-05-04;98577
2021-05-03;"Trenčiansky kraj";60;15331;51;15382;NA;104776;111;2021-05-03;98469
2021-05-02;"Trenčiansky kraj";0;31163;65;31228;NA;104776;65;2021-05-02;98358
2021-05-01;"Trenčiansky kraj";71;56982;60;57042;NA;104776;131;2021-05-01;98293
2021-04-30;"Trenčiansky kraj";77;29427;61;29488;NA;104776;138;2021-04-30;98162
2021-04-29;"Trenčiansky kraj";49;13198;59;13257;NA;104776;108;2021-04-29;98024
2021-04-28;"Trenčiansky kraj";79;12537;52;12589;NA;104776;131;2021-04-28;97916
2021-04-27;"Trenčiansky kraj";107;15527;40;15567;NA;104776;147;2021-04-27;97785
2021-04-26;"Trenčiansky kraj";52;21070;63;21133;NA;104776;115;2021-04-26;97638
2021-04-25;"Trenčiansky kraj";0;34560;48;34608;NA;104776;48;2021-04-25;97523
2021-04-24;"Trenčiansky kraj";76;72398;100;72498;NA;104776;176;2021-04-24;97475
2021-04-23;"Trenčiansky kraj";143;29959;79;30038;NA;104776;222;2021-04-23;97299
2021-04-22;"Trenčiansky kraj";71;13847;64;13911;NA;104776;135;2021-04-22;97077
2021-04-21;"Trenčiansky kraj";79;13000;67;13067;NA;104776;146;2021-04-21;96942
2021-04-20;"Trenčiansky kraj";142;17740;80;17820;NA;104776;222;2021-04-20;96796
2021-04-19;"Trenčiansky kraj";102;22631;103;22734;NA;104776;205;2021-04-19;96574
2021-04-18;"Trenčiansky kraj";3;40879;97;40976;NA;104776;100;2021-04-18;96369
2021-04-17;"Trenčiansky kraj";77;81498;136;81634;NA;104776;213;2021-04-17;96269
2021-04-16;"Trenčiansky kraj";100;31961;90;32051;NA;104776;190;2021-04-16;96056
2021-04-15;"Trenčiansky kraj";71;14479;69;14548;NA;104776;140;2021-04-15;95866
2021-04-14;"Trenčiansky kraj";135;15574;72;15646;NA;104776;207;2021-04-14;95726
2021-04-13;"Trenčiansky kraj";189;18721;75;18796;NA;104776;264;2021-04-13;95519
2021-04-12;"Trenčiansky kraj";97;23743;91;23834;NA;104776;188;2021-04-12;95255
2021-04-11;"Trenčiansky kraj";1;34735;75;34810;NA;104776;76;2021-04-11;95067
2021-04-10;"Trenčiansky kraj";81;83093;145;83238;NA;104776;226;2021-04-10;94991
2021-04-09;"Trenčiansky kraj";120;28014;91;28105;NA;104776;211;2021-04-09;94765
2021-04-08;"Trenčiansky kraj";112;13283;85;13368;NA;104776;197;2021-04-08;94554
2021-04-07;"Trenčiansky kraj";204;17688;123;17811;NA;104776;327;2021-04-07;94357
2021-04-06;"Trenčiansky kraj";157;28567;178;28745;NA;104776;335;2021-04-06;94030
2021-04-05;"Trenčiansky kraj";15;9227;64;9291;NA;104776;79;2021-04-05;93695
2021-04-04;"Trenčiansky kraj";2;20291;85;20376;NA;104776;87;2021-04-04;93616
2021-04-03;"Trenčiansky kraj";86;80473;221;80694;NA;104776;307;2021-04-03;93529
2021-04-02;"Trenčiansky kraj";126;21620;81;21701;NA;104776;207;2021-04-02;93222
2021-04-01;"Trenčiansky kraj";159;32376;139;32515;NA;104776;298;2021-04-01;93015
2021-03-31;"Trenčiansky kraj";198;20100;130;20230;NA;104776;328;2021-03-31;92717
2021-03-30;"Trenčiansky kraj";272;17305;136;17441;NA;104776;408;2021-03-30;92389
2021-03-29;"Trenčiansky kraj";142;19479;170;19649;NA;104776;312;2021-03-29;91981
2021-03-28;"Trenčiansky kraj";3;34759;116;34875;NA;104776;119;2021-03-28;91669
2021-03-27;"Trenčiansky kraj";130;77314;293;77607;NA;104776;423;2021-03-27;91550
2021-03-26;"Trenčiansky kraj";211;35095;157;35252;NA;104776;368;2021-03-26;91127
2021-03-25;"Trenčiansky kraj";184;16580;176;16756;NA;104776;360;2021-03-25;90759
2021-03-24;"Trenčiansky kraj";259;13102;171;13273;NA;104776;430;2021-03-24;90399
2021-03-23;"Trenčiansky kraj";349;17589;174;17763;NA;104776;523;2021-03-23;89969
2021-03-22;"Trenčiansky kraj";141;21116;213;21329;NA;104776;354;2021-03-22;89446
2021-03-21;"Trenčiansky kraj";85;32711;164;32875;NA;104776;249;2021-03-21;89092
2021-03-20;"Trenčiansky kraj";128;80035;322;80357;NA;104776;450;2021-03-20;88843
2021-03-19;"Trenčiansky kraj";231;34783;232;35015;NA;104776;463;2021-03-19;88393
2021-03-18;"Trenčiansky kraj";262;16105;178;16283;NA;104776;440;2021-03-18;87930
2021-03-17;"Trenčiansky kraj";366;13435;164;13599;NA;104776;530;2021-03-17;87490
2021-03-16;"Trenčiansky kraj";450;15282;241;15523;NA;104776;691;2021-03-16;86960
2021-03-15;"Trenčiansky kraj";162;21235;261;21496;NA;104776;423;2021-03-15;86269
2021-03-14;"Trenčiansky kraj";42;34416;238;34654;NA;104776;280;2021-03-14;85846
2021-03-13;"Trenčiansky kraj";270;79186;453;79639;NA;104776;723;2021-03-13;85566
2021-03-12;"Trenčiansky kraj";366;34795;307;35102;NA;104776;673;2021-03-12;84843
2021-03-11;"Trenčiansky kraj";302;15558;213;15771;NA;104776;515;2021-03-11;84170
2021-03-10;"Trenčiansky kraj";402;13585;237;13822;NA;104776;639;2021-03-10;83655
2021-03-09;"Trenčiansky kraj";586;17982;285;18267;NA;104776;871;2021-03-09;83016
2021-03-08;"Trenčiansky kraj";174;21704;363;22067;NA;104776;537;2021-03-08;82145
2021-03-07;"Trenčiansky kraj";4;33660;313;33973;NA;104776;317;2021-03-07;81608
2021-03-06;"Trenčiansky kraj";260;79661;529;80190;NA;104776;789;2021-03-06;81291
2021-03-05;"Trenčiansky kraj";326;32960;416;33376;NA;104776;742;2021-03-05;80502
2021-03-04;"Trenčiansky kraj";323;16821;317;17138;NA;104776;640;2021-03-04;79760
2021-03-03;"Trenčiansky kraj";413;13960;347;14307;NA;104776;760;2021-03-03;79120
2021-03-02;"Trenčiansky kraj";612;17794;344;18138;NA;104776;956;2021-03-02;78360
2021-03-01;"Trenčiansky kraj";217;21104;445;21549;NA;104776;662;2021-03-01;77404
2021-02-28;"Trenčiansky kraj";45;30238;376;30614;NA;104776;421;2021-02-28;76742
2021-02-27;"Trenčiansky kraj";277;78735;686;79421;NA;104776;963;2021-02-27;76321
2021-02-26;"Trenčiansky kraj";420;32944;435;33379;NA;104776;855;2021-02-26;75358
2021-02-25;"Trenčiansky kraj";424;14029;328;14357;NA;104776;752;2021-02-25;74503
2021-02-24;"Trenčiansky kraj";427;11997;398;12395;NA;104776;825;2021-02-24;73751
2021-02-23;"Trenčiansky kraj";577;14904;390;15294;NA;104776;967;2021-02-23;72926
2021-02-22;"Trenčiansky kraj";160;19969;468;20437;NA;104776;628;2021-02-22;71959
2021-02-21;"Trenčiansky kraj";64;29478;392;29870;NA;104776;456;2021-02-21;71331
2021-02-20;"Trenčiansky kraj";274;77840;745;78585;NA;104776;1019;2021-02-20;70875
2021-02-19;"Trenčiansky kraj";272;30266;523;30789;NA;104776;795;2021-02-19;69856
2021-02-18;"Trenčiansky kraj";355;14094;403;14497;NA;104776;758;2021-02-18;69061
2021-02-17;"Trenčiansky kraj";363;11413;377;11790;NA;104776;740;2021-02-17;68303
2021-02-16;"Trenčiansky kraj";488;17761;406;18167;NA;104776;894;2021-02-16;67563
2021-02-15;"Trenčiansky kraj";151;21846;463;22309;NA;104776;614;2021-02-15;66669
2021-02-14;"Trenčiansky kraj";2;31255;324;31579;NA;104776;326;2021-02-14;66055
2021-02-13;"Trenčiansky kraj";274;63006;522;63528;NA;104776;796;2021-02-13;65729
2021-02-12;"Trenčiansky kraj";276;27979;412;28391;NA;104776;688;2021-02-12;64933
2021-02-11;"Trenčiansky kraj";291;11567;323;11890;NA;104776;614;2021-02-11;64245
2021-02-10;"Trenčiansky kraj";304;11408;317;11725;NA;104776;621;2021-02-10;63631
2021-02-09;"Trenčiansky kraj";514;18412;360;18772;NA;104776;874;2021-02-09;63010
2021-02-08;"Trenčiansky kraj";182;26832;430;27262;NA;104776;612;2021-02-08;62136
2021-02-07;"Trenčiansky kraj";31;36781;341;37122;NA;104776;372;2021-02-07;61524
2021-02-06;"Trenčiansky kraj";216;63931;560;64491;NA;104776;776;2021-02-06;61152
2021-02-05;"Trenčiansky kraj";202;18164;367;18531;NA;104776;569;2021-02-05;60376
2021-02-04;"Trenčiansky kraj";266;7253;311;7564;NA;104776;577;2021-02-04;59807
2021-02-03;"Trenčiansky kraj";162;6723;320;7043;NA;104776;482;2021-02-03;59230
2021-02-02;"Trenčiansky kraj";347;8074;381;8455;NA;104776;728;2021-02-02;58748
2021-02-01;"Trenčiansky kraj";167;8921;311;9232;NA;104776;478;2021-02-01;58020
2021-01-31;"Trenčiansky kraj";7;19103;159;19262;NA;104776;166;2021-01-31;57542
2021-01-30;"Trenčiansky kraj";228;38167;332;38499;NA;104776;560;2021-01-30;57376
2021-01-29;"Trenčiansky kraj";214;7590;235;7825;NA;104776;449;2021-01-29;56816
2021-01-28;"Trenčiansky kraj";307;5442;158;5600;NA;104776;465;2021-01-28;56367
2021-01-27;"Trenčiansky kraj";166;4842;181;5023;NA;104776;347;2021-01-27;55902
2021-01-26;"Trenčiansky kraj";303;14589;250;14839;NA;104776;553;2021-01-26;55555
2021-01-25;"Trenčiansky kraj";160;24310;207;24517;NA;104776;367;2021-01-25;55002
2021-01-24;"Trenčiansky kraj";51;38369;282;38651;NA;104776;333;2021-01-24;54635
2021-01-23;"Trenčiansky kraj";206;114125;749;114874;NA;104776;955;2021-01-23;54302
2021-01-22;"Trenčiansky kraj";148;21831;241;22072;NA;104776;389;2021-01-22;53347
2021-01-21;"Trenčiansky kraj";143;8586;166;8752;NA;104776;309;2021-01-21;52958
2021-01-20;"Trenčiansky kraj";181;8189;227;8416;NA;104776;408;2021-01-20;52649
2021-01-19;"Trenčiansky kraj";363;6600;262;6862;NA;104776;625;2021-01-19;52241
2021-01-18;"Trenčiansky kraj";72;4970;321;5291;NA;104776;393;2021-01-18;51616
2021-01-17;"Trenčiansky kraj";124;156;11;167;NA;104776;135;2021-01-17;51223
2021-01-16;"Trenčiansky kraj";39;1288;53;1341;NA;104776;92;2021-01-16;51088
2021-01-15;"Trenčiansky kraj";264;4031;214;4245;NA;104776;478;2021-01-15;50996
2021-01-14;"Trenčiansky kraj";275;3193;189;3382;NA;104776;464;2021-01-14;50518
2021-01-13;"Trenčiansky kraj";222;3893;215;4108;NA;104776;437;2021-01-13;50054
2021-01-12;"Trenčiansky kraj";508;4604;261;4865;NA;104776;769;2021-01-12;49617
2021-01-11;"Trenčiansky kraj";142;4367;354;4721;NA;104776;496;2021-01-11;48848
2021-01-10;"Trenčiansky kraj";89;4969;77;5046;NA;104776;166;2021-01-10;48352
2021-01-09;"Trenčiansky kraj";276;8280;128;8408;NA;104776;404;2021-01-09;48186
2021-01-08;"Trenčiansky kraj";489;6435;484;6919;NA;104776;973;2021-01-08;47782
2021-01-07;"Trenčiansky kraj";420;6138;577;6715;NA;104776;997;2021-01-07;46809
2021-01-06;"Trenčiansky kraj";221;1021;64;1085;NA;104776;285;2021-01-06;45812
2021-01-05;"Trenčiansky kraj";669;5753;706;6459;NA;104776;1375;2021-01-05;45527
2021-01-04;"Trenčiansky kraj";337;5248;782;6030;NA;104776;1119;2021-01-04;44152
2021-01-03;"Trenčiansky kraj";38;114;15;129;NA;104776;53;2021-01-03;43033
2021-01-02;"Trenčiansky kraj";129;196;23;219;NA;104776;152;2021-01-02;42980
2021-01-01;"Trenčiansky kraj";329;347;23;370;NA;104776;352;2021-01-01;42828
2020-12-31;"Trenčiansky kraj";597;4943;557;5500;NA;104776;1154;2020-12-31;42476
2020-12-30;"Trenčiansky kraj";836;7012;762;7774;NA;104776;1598;2020-12-30;41322
2020-12-29;"Trenčiansky kraj";459;6121;1009;7130;NA;104776;1468;2020-12-29;39724
2020-12-28;"Trenčiansky kraj";258;4195;777;4972;NA;104776;1035;2020-12-28;38256
2020-12-27;"Trenčiansky kraj";5;208;36;244;NA;104776;41;2020-12-27;37221
2020-12-26;"Trenčiansky kraj";174;74;10;84;NA;104776;184;2020-12-26;37180
2020-12-25;"Trenčiansky kraj";251;325;47;372;NA;104776;298;2020-12-25;36996
2020-12-24;"Trenčiansky kraj";552;2194;256;2450;NA;104776;808;2020-12-24;36698
2020-12-23;"Trenčiansky kraj";421;6552;661;7213;NA;104776;1082;2020-12-23;35890
2020-12-22;"Trenčiansky kraj";673;5760;694;6454;NA;104776;1367;2020-12-22;34808
2020-12-21;"Trenčiansky kraj";248;13395;979;14374;NA;104776;1227;2020-12-21;33441
2020-12-20;"Trenčiansky kraj";238;12504;292;12796;NA;104776;530;2020-12-20;32214
2020-12-19;"Trenčiansky kraj";341;1611;150;1761;NA;104776;491;2020-12-19;31684
2020-12-18;"Trenčiansky kraj";521;5199;615;5814;NA;104776;1136;2020-12-18;31193
2020-12-17;"Trenčiansky kraj";670;3843;524;4367;NA;104776;1194;2020-12-17;30057
2020-12-16;"Trenčiansky kraj";461;4474;648;5122;NA;104776;1109;2020-12-16;28863
2020-12-15;"Trenčiansky kraj";595;3805;670;4475;NA;104776;1265;2020-12-15;27754
2020-12-14;"Trenčiansky kraj";318;2907;552;3459;NA;104776;870;2020-12-14;26489
2020-12-13;"Trenčiansky kraj";77;49;6;55;NA;104776;83;2020-12-13;25619
2020-12-12;"Trenčiansky kraj";314;1191;136;1327;NA;104776;450;2020-12-12;25536
2020-12-11;"Trenčiansky kraj";751;3773;453;4226;NA;104776;1204;2020-12-11;25086
2020-12-10;"Trenčiansky kraj";271;3354;473;3827;NA;104776;744;2020-12-10;23882
2020-12-09;"Trenčiansky kraj";508;3788;466;4254;NA;104776;974;2020-12-09;23138
2020-12-08;"Trenčiansky kraj";546;3440;522;3962;NA;104776;1068;2020-12-08;22164
2020-12-07;"Trenčiansky kraj";258;3832;468;4300;NA;104776;726;2020-12-07;21096
2020-12-06;"Trenčiansky kraj";114;179;10;189;NA;104776;124;2020-12-06;20370
2020-12-05;"Trenčiansky kraj";223;610;56;666;NA;104776;279;2020-12-05;20246
2020-12-04;"Trenčiansky kraj";253;2943;273;3216;NA;104776;526;2020-12-04;19967
2020-12-03;"Trenčiansky kraj";503;1714;178;1892;NA;104776;681;2020-12-03;19441
2020-12-02;"Trenčiansky kraj";418;1844;232;2076;NA;104776;650;2020-12-02;18760
2020-12-01;"Trenčiansky kraj";321;5642;351;5993;NA;104776;672;2020-12-01;18110
2020-11-30;"Trenčiansky kraj";167;11514;520;12034;NA;104776;687;2020-11-30;17438
2020-11-29;"Trenčiansky kraj";29;30;5;35;NA;104776;34;2020-11-29;16751
2020-11-28;"Trenčiansky kraj";202;1051;93;1144;NA;104776;295;2020-11-28;16717
2020-11-27;"Trenčiansky kraj";330;1888;186;2074;NA;104776;516;2020-11-27;16422
2020-11-26;"Trenčiansky kraj";395;1252;122;1374;NA;104776;517;2020-11-26;15906
2020-11-25;"Trenčiansky kraj";322;1444;160;1604;NA;104776;482;2020-11-25;15389
2020-11-24;"Trenčiansky kraj";348;2553;308;2861;NA;104776;656;2020-11-24;14907
2020-11-23;"Trenčiansky kraj";159;1186;122;1308;NA;104776;281;2020-11-23;14251
2020-11-22;"Trenčiansky kraj";26;30;7;37;NA;104776;33;2020-11-22;13970
2020-11-21;"Trenčiansky kraj";255;1376;69;1445;NA;104776;324;2020-11-21;13937
2020-11-20;"Trenčiansky kraj";316;861;93;954;NA;104776;409;2020-11-20;13613
2020-11-19;"Trenčiansky kraj";316;740;113;853;NA;104776;429;2020-11-19;13204
2020-11-18;"Trenčiansky kraj";233;379;66;445;NA;104776;299;2020-11-18;12775
2020-11-17;"Trenčiansky kraj";222;106;15;121;NA;104776;237;2020-11-17;12476
2020-11-16;"Trenčiansky kraj";245;236;45;281;NA;104776;290;2020-11-16;12239
2020-11-15;"Trenčiansky kraj";109;29;6;35;NA;104776;115;2020-11-15;11949
2020-11-14;"Trenčiansky kraj";190;74;11;85;NA;104776;201;2020-11-14;11834
2020-11-13;"Trenčiansky kraj";308;131;13;144;NA;104776;321;2020-11-13;11633
2020-11-12;"Trenčiansky kraj";324;124;5;129;NA;104776;329;2020-11-12;11312
2020-11-11;"Trenčiansky kraj";366;113;10;123;NA;104776;376;2020-11-11;10983
2020-11-10;"Trenčiansky kraj";277;106;6;112;NA;104776;283;2020-11-10;10607
2020-11-09;"Trenčiansky kraj";115;1407;48;1455;NA;104776;163;2020-11-09;10324
2020-11-08;"Trenčiansky kraj";81;1271;8;1279;NA;104776;89;2020-11-08;10161
2020-11-07;"Trenčiansky kraj";319;3662;59;3721;NA;104776;378;2020-11-07;10072
2020-11-06;"Trenčiansky kraj";383;6893;84;6977;NA;104776;467;2020-11-06;9694
2020-11-05;"Trenčiansky kraj";399;98;15;113;NA;104776;414;2020-11-05;9227
2020-11-04;"Trenčiansky kraj";370;91;9;100;NA;104776;379;2020-11-04;8813
2020-11-03;"Trenčiansky kraj";575;97;8;105;NA;104776;583;2020-11-03;8434
2020-11-02;"Trenčiansky kraj";197;1833;68;1901;NA;104776;265;2020-11-02;7851
2020-11-01;"Trenčiansky kraj";257;808;24;832;NA;104776;281;2020-11-01;7586
2020-10-31;"Trenčiansky kraj";332;4719;82;4801;NA;104776;414;2020-10-31;7305
2020-10-30;"Trenčiansky kraj";299;5283;102;5385;NA;104776;401;2020-10-30;6891
2020-10-29;"Trenčiansky kraj";496;764;68;832;NA;104776;564;2020-10-29;6490
2020-10-28;"Trenčiansky kraj";269;192;33;225;NA;104776;302;2020-10-28;5926
2020-10-27;"Trenčiansky kraj";473;127;27;154;NA;104776;500;2020-10-27;5624
2020-10-26;"Trenčiansky kraj";177;107;36;143;NA;104776;213;2020-10-26;5124
2020-10-25;"Trenčiansky kraj";138;9;5;14;NA;104776;143;2020-10-25;4911
2020-10-24;"Trenčiansky kraj";395;128;6;134;NA;104776;401;2020-10-24;4768
2020-10-23;"Trenčiansky kraj";301;154;8;162;NA;104776;309;2020-10-23;4367
2020-10-22;"Trenčiansky kraj";273;82;12;94;NA;104776;285;2020-10-22;4058
2020-10-21;"Trenčiansky kraj";183;53;9;62;NA;104776;192;2020-10-21;3773
2020-10-20;"Trenčiansky kraj";212;47;6;53;NA;104776;218;2020-10-20;3581
2020-10-19;"Trenčiansky kraj";41;83;25;108;NA;104776;66;2020-10-19;3363
2020-10-18;"Trenčiansky kraj";104;0;0;0;NA;104776;104;2020-10-18;3297
2020-10-17;"Trenčiansky kraj";157;0;0;0;NA;104776;157;2020-10-17;3193
2020-10-16;"Trenčiansky kraj";225;42;6;48;NA;104776;231;2020-10-16;3036
2020-10-15;"Trenčiansky kraj";255;39;4;43;NA;104776;259;2020-10-15;2805
2020-10-14;"Trenčiansky kraj";162;42;7;49;NA;104776;169;2020-10-14;2546
2020-10-13;"Trenčiansky kraj";124;105;12;117;NA;104776;136;2020-10-13;2377
2020-10-12;"Trenčiansky kraj";55;0;0;0;NA;104776;55;2020-10-12;2241
2020-10-11;"Trenčiansky kraj";73;0;0;0;NA;104776;73;2020-10-11;2186
2020-10-10;"Trenčiansky kraj";180;0;0;0;NA;104776;180;2020-10-10;2113
2020-10-09;"Trenčiansky kraj";198;0;0;0;NA;104776;198;2020-10-09;1933
2020-10-08;"Trenčiansky kraj";115;0;0;0;NA;104776;115;2020-10-08;1735
2020-10-07;"Trenčiansky kraj";75;0;0;0;NA;104776;75;2020-10-07;1620
2020-10-06;"Trenčiansky kraj";72;0;0;0;NA;104776;72;2020-10-06;1545
2020-10-05;"Trenčiansky kraj";32;0;0;0;NA;104776;32;2020-10-05;1473
2020-10-04;"Trenčiansky kraj";37;0;0;0;NA;104776;37;2020-10-04;1441
2020-10-03;"Trenčiansky kraj";79;0;0;0;NA;104776;79;2020-10-03;1404
2020-10-02;"Trenčiansky kraj";69;0;0;0;NA;104776;69;2020-10-02;1325
2020-10-01;"Trenčiansky kraj";58;0;0;0;NA;104776;58;2020-10-01;1256
2020-09-30;"Trenčiansky kraj";76;0;0;0;NA;104776;76;2020-09-30;1198
2020-09-29;"Trenčiansky kraj";43;0;0;0;NA;104776;43;2020-09-29;1122
2020-09-28;"Trenčiansky kraj";7;0;0;0;NA;104776;7;2020-09-28;1079
2020-09-27;"Trenčiansky kraj";12;0;0;0;NA;104776;12;2020-09-27;1072
2020-09-26;"Trenčiansky kraj";37;0;0;0;NA;104776;37;2020-09-26;1060
2020-09-25;"Trenčiansky kraj";72;0;0;0;NA;104776;72;2020-09-25;1023
2020-09-24;"Trenčiansky kraj";41;0;0;0;NA;104776;41;2020-09-24;951
2020-09-23;"Trenčiansky kraj";32;0;0;0;NA;104776;32;2020-09-23;910
2020-09-22;"Trenčiansky kraj";26;0;0;0;NA;104776;26;2020-09-22;878
2020-09-21;"Trenčiansky kraj";23;0;0;0;NA;104776;23;2020-09-21;852
2020-09-20;"Trenčiansky kraj";21;0;0;0;NA;104776;21;2020-09-20;829
2020-09-19;"Trenčiansky kraj";20;0;0;0;NA;104776;20;2020-09-19;808
2020-09-18;"Trenčiansky kraj";41;0;0;0;NA;104776;41;2020-09-18;788
2020-09-17;"Trenčiansky kraj";20;0;0;0;NA;104776;20;2020-09-17;747
2020-09-16;"Trenčiansky kraj";14;0;0;0;NA;104776;14;2020-09-16;727
2020-09-15;"Trenčiansky kraj";8;0;0;0;NA;104776;8;2020-09-15;713
2020-09-14;"Trenčiansky kraj";5;0;0;0;NA;104776;5;2020-09-14;705
2020-09-13;"Trenčiansky kraj";12;0;0;0;NA;104776;12;2020-09-13;700
2020-09-12;"Trenčiansky kraj";2;0;0;0;NA;104776;2;2020-09-12;688
2020-09-11;"Trenčiansky kraj";27;0;0;0;NA;104776;27;2020-09-11;686
2020-09-10;"Trenčiansky kraj";15;0;0;0;NA;104776;15;2020-09-10;659
2020-09-09;"Trenčiansky kraj";11;0;0;0;NA;104776;11;2020-09-09;644
2020-09-08;"Trenčiansky kraj";12;0;0;0;NA;104776;12;2020-09-08;633
2020-09-07;"Trenčiansky kraj";6;0;0;0;NA;104776;6;2020-09-07;621
2020-09-06;"Trenčiansky kraj";1;0;0;0;NA;104776;1;2020-09-06;615
2020-09-05;"Trenčiansky kraj";3;0;0;0;NA;104776;3;2020-09-05;614
2020-09-04;"Trenčiansky kraj";9;0;0;0;NA;104776;9;2020-09-04;611
2020-09-03;"Trenčiansky kraj";10;0;0;0;NA;104776;10;2020-09-03;602
2020-09-02;"Trenčiansky kraj";5;0;0;0;NA;104776;5;2020-09-02;592
2020-09-01;"Trenčiansky kraj";1;0;0;0;NA;104776;1;2020-09-01;587
2020-08-31;"Trenčiansky kraj";12;0;0;0;NA;104776;12;2020-08-31;586
2020-08-30;"Trenčiansky kraj";0;0;0;0;NA;104776;0;2020-08-30;574
2020-08-29;"Trenčiansky kraj";1;0;0;0;NA;104776;1;2020-08-29;574
2020-08-28;"Trenčiansky kraj";12;0;0;0;NA;104776;12;2020-08-28;573
2020-08-27;"Trenčiansky kraj";10;0;0;0;NA;104776;10;2020-08-27;561
2020-08-26;"Trenčiansky kraj";15;0;0;0;NA;104776;15;2020-08-26;551
2020-08-25;"Trenčiansky kraj";12;0;0;0;NA;104776;12;2020-08-25;536
2020-08-24;"Trenčiansky kraj";4;0;0;0;NA;104776;4;2020-08-24;524
2020-08-23;"Trenčiansky kraj";5;0;0;0;NA;104776;5;2020-08-23;520
2020-08-22;"Trenčiansky kraj";6;0;0;0;NA;104776;6;2020-08-22;515
2020-08-21;"Trenčiansky kraj";6;0;0;0;NA;104776;6;2020-08-21;509
2020-08-20;"Trenčiansky kraj";20;0;0;0;NA;104776;20;2020-08-20;503
2020-08-19;"Trenčiansky kraj";17;0;0;0;NA;104776;17;2020-08-19;483
2020-08-18;"Trenčiansky kraj";9;0;0;0;NA;104776;9;2020-08-18;466
2020-08-17;"Trenčiansky kraj";4;0;0;0;NA;104776;4;2020-08-17;457
2020-08-16;"Trenčiansky kraj";0;0;0;0;NA;104776;0;2020-08-16;453
2020-08-15;"Trenčiansky kraj";9;0;0;0;NA;104776;9;2020-08-15;453
2020-08-14;"Trenčiansky kraj";15;0;0;0;NA;104776;15;2020-08-14;444
2020-08-13;"Trenčiansky kraj";23;0;0;0;NA;104776;23;2020-08-13;429
2020-08-12;"Trenčiansky kraj";6;0;0;0;NA;104776;6;2020-08-12;406
2020-08-11;"Trenčiansky kraj";7;0;0;0;NA;104776;7;2020-08-11;400
2020-08-10;"Trenčiansky kraj";9;0;0;0;NA;104776;9;2020-08-10;393
2020-08-09;"Trenčiansky kraj";1;0;0;0;NA;104776;1;2020-08-09;384
2020-08-08;"Trenčiansky kraj";4;0;0;0;NA;104776;4;2020-08-08;383
2020-08-07;"Trenčiansky kraj";4;0;0;0;NA;104776;4;2020-08-07;379
2020-08-06;"Trenčiansky kraj";13;0;0;0;NA;104776;13;2020-08-06;375
2020-08-05;"Trenčiansky kraj";39;0;0;0;NA;104776;39;2020-08-05;362
2020-08-04;"Trenčiansky kraj";9;0;0;0;NA;104776;9;2020-08-04;323
2020-08-03;"Trenčiansky kraj";0;0;0;0;NA;104776;0;2020-08-03;314
2020-08-02;"Trenčiansky kraj";2;0;0;0;NA;104776;2;2020-08-02;314
2020-08-01;"Trenčiansky kraj";6;0;0;0;NA;104776;6;2020-08-01;312
2020-07-31;"Trenčiansky kraj";16;0;0;0;NA;104776;16;2020-07-31;306
2020-07-30;"Trenčiansky kraj";4;0;0;0;NA;104776;4;2020-07-30;290
2020-07-29;"Trenčiansky kraj";5;0;0;0;NA;104776;5;2020-07-29;286
2020-07-28;"Trenčiansky kraj";11;0;0;0;NA;104776;11;2020-07-28;281
2020-07-27;"Trenčiansky kraj";4;0;0;0;NA;104776;4;2020-07-27;270
2020-07-26;"Trenčiansky kraj";1;0;0;0;NA;104776;1;2020-07-26;266
2020-07-25;"Trenčiansky kraj";7;0;0;0;NA;104776;7;2020-07-25;265
2020-07-24;"Trenčiansky kraj";5;0;0;0;NA;104776;5;2020-07-24;258
2020-07-23;"Trenčiansky kraj";10;0;0;0;NA;104776;10;2020-07-23;253
2020-07-22;"Trenčiansky kraj";11;0;0;0;NA;104776;11;2020-07-22;243
2020-07-21;"Trenčiansky kraj";6;0;0;0;NA;104776;6;2020-07-21;232
2020-07-20;"Trenčiansky kraj";13;0;0;0;NA;104776;13;2020-07-20;226
2020-07-19;"Trenčiansky kraj";0;0;0;0;NA;104776;0;2020-07-19;213
2020-07-18;"Trenčiansky kraj";0;0;0;0;NA;104776;0;2020-07-18;213
2020-07-17;"Trenčiansky kraj";1;0;0;0;NA;104776;1;2020-07-17;213
2020-07-16;"Trenčiansky kraj";0;0;0;0;NA;104776;0;2020-07-16;212
2020-07-15;"Trenčiansky kraj";2;0;0;0;NA;104776;2;2020-07-15;212
2020-07-14;"Trenčiansky kraj";8;0;0;0;NA;104776;8;2020-07-14;210
2020-07-13;"Trenčiansky kraj";1;0;0;0;NA;104776;1;2020-07-13;202
2020-07-12;"Trenčiansky kraj";0;0;0;0;NA;104776;0;2020-07-12;201
2020-07-11;"Trenčiansky kraj";0;0;0;0;NA;104776;0;2020-07-11;201
2020-07-10;"Trenčiansky kraj";3;0;0;0;NA;104776;3;2020-07-10;201
2020-07-09;"Trenčiansky kraj";2;0;0;0;NA;104776;2;2020-07-09;198
2020-07-08;"Trenčiansky kraj";1;0;0;0;NA;104776;1;2020-07-08;196
2020-07-07;"Trenčiansky kraj";9;0;0;0;NA;104776;9;2020-07-07;195
2020-07-06;"Trenčiansky kraj";1;0;0;0;NA;104776;1;2020-07-06;186
2020-07-05;"Trenčiansky kraj";1;0;0;0;NA;104776;1;2020-07-05;185
2020-07-04;"Trenčiansky kraj";0;0;0;0;NA;104776;0;2020-07-04;184
2020-07-03;"Trenčiansky kraj";2;0;0;0;NA;104776;2;2020-07-03;184
2020-07-02;"Trenčiansky kraj";10;0;0;0;NA;104776;10;2020-07-02;182
2020-07-01;"Trenčiansky kraj";1;0;0;0;NA;104776;1;2020-07-01;172
2020-06-30;"Trenčiansky kraj";6;0;0;0;NA;104776;6;2020-06-30;171
2020-06-29;"Trenčiansky kraj";1;0;0;0;NA;104776;1;2020-06-29;165
2020-06-28;"Trenčiansky kraj";0;0;0;0;NA;104776;0;2020-06-28;164
2020-06-27;"Trenčiansky kraj";0;0;0;0;NA;104776;0;2020-06-27;164
2020-06-26;"Trenčiansky kraj";0;0;0;0;NA;104776;0;2020-06-26;164
2020-06-25;"Trenčiansky kraj";2;0;0;0;NA;104776;2;2020-06-25;164
2020-06-24;"Trenčiansky kraj";1;0;0;0;NA;104776;1;2020-06-24;162
2020-06-23;"Trenčiansky kraj";0;0;0;0;NA;104776;0;2020-06-23;161
2020-06-22;"Trenčiansky kraj";0;0;0;0;NA;104776;0;2020-06-22;161
2020-06-21;"Trenčiansky kraj";0;0;0;0;NA;104776;0;2020-06-21;161
2020-06-20;"Trenčiansky kraj";0;0;0;0;NA;104776;0;2020-06-20;161
2020-06-19;"Trenčiansky kraj";0;0;0;0;NA;104776;0;2020-06-19;161
2020-06-18;"Trenčiansky kraj";0;0;0;0;NA;104776;0;2020-06-18;161
2020-06-17;"Trenčiansky kraj";0;0;0;0;NA;104776;0;2020-06-17;161
2020-06-16;"Trenčiansky kraj";0;0;0;0;NA;104776;0;2020-06-16;161
2020-06-14;"Trenčiansky kraj";0;0;0;0;NA;104776;0;2020-06-14;161
2020-06-13;"Trenčiansky kraj";0;0;0;0;NA;104776;0;2020-06-13;161
2020-06-12;"Trenčiansky kraj";0;0;0;0;NA;104776;0;2020-06-12;161
2020-06-11;"Trenčiansky kraj";0;0;0;0;NA;104776;0;2020-06-11;161
2020-06-10;"Trenčiansky kraj";1;0;0;0;NA;104776;1;2020-06-10;161
2020-06-09;"Trenčiansky kraj";0;0;0;0;NA;104776;0;2020-06-09;160
2020-06-08;"Trenčiansky kraj";0;0;0;0;NA;104776;0;2020-06-08;160
2020-06-07;"Trenčiansky kraj";0;0;0;0;NA;104776;0;2020-06-07;160
2020-06-05;"Trenčiansky kraj";0;0;0;0;NA;104776;0;2020-06-05;160
2020-06-03;"Trenčiansky kraj";0;0;0;0;NA;104776;0;2020-06-03;160
2020-06-02;"Trenčiansky kraj";0;0;0;0;NA;104776;0;2020-06-02;160
2020-05-31;"Trenčiansky kraj";0;0;0;0;NA;104776;0;2020-05-31;160
2020-05-29;"Trenčiansky kraj";0;0;0;0;NA;104776;0;2020-05-29;160
2020-05-27;"Trenčiansky kraj";2;0;0;0;NA;104776;2;2020-05-27;160
2020-05-26;"Trenčiansky kraj";0;0;0;0;NA;104776;0;2020-05-26;158
2020-05-25;"Trenčiansky kraj";0;0;0;0;NA;104776;0;2020-05-25;158
2020-05-24;"Trenčiansky kraj";0;0;0;0;NA;104776;0;2020-05-24;158
2020-05-23;"Trenčiansky kraj";0;0;0;0;NA;104776;0;2020-05-23;158
2020-05-22;"Trenčiansky kraj";0;0;0;0;NA;104776;0;2020-05-22;158
2020-05-21;"Trenčiansky kraj";0;0;0;0;NA;104776;0;2020-05-21;158
2020-05-20;"Trenčiansky kraj";0;0;0;0;NA;104776;0;2020-05-20;158
2020-05-19;"Trenčiansky kraj";0;0;0;0;NA;104776;0;2020-05-19;158
2020-05-17;"Trenčiansky kraj";0;0;0;0;NA;104776;0;2020-05-17;158
2020-05-16;"Trenčiansky kraj";0;0;0;0;NA;104776;0;2020-05-16;158
2020-05-15;"Trenčiansky kraj";1;0;0;0;NA;104776;1;2020-05-15;158
2020-05-14;"Trenčiansky kraj";2;0;0;0;NA;104776;2;2020-05-14;157
2020-05-13;"Trenčiansky kraj";1;0;0;0;NA;104776;1;2020-05-13;155
2020-05-12;"Trenčiansky kraj";1;0;0;0;NA;104776;1;2020-05-12;154
2020-05-11;"Trenčiansky kraj";3;0;0;0;NA;104776;3;2020-05-11;153
2020-05-09;"Trenčiansky kraj";2;0;0;0;NA;104776;2;2020-05-09;150
2020-05-07;"Trenčiansky kraj";6;0;0;0;NA;104776;6;2020-05-07;148
2020-05-06;"Trenčiansky kraj";0;0;0;0;NA;104776;0;2020-05-06;142
2020-05-05;"Trenčiansky kraj";2;0;0;0;NA;104776;2;2020-05-05;142
2020-05-04;"Trenčiansky kraj";0;0;0;0;NA;104776;0;2020-05-04;140
2020-05-03;"Trenčiansky kraj";0;0;0;0;NA;104776;0;2020-05-03;140
2020-05-02;"Trenčiansky kraj";0;0;0;0;NA;104776;0;2020-05-02;140
2020-05-01;"Trenčiansky kraj";0;0;0;0;NA;104776;0;2020-05-01;140
2020-04-30;"Trenčiansky kraj";0;0;0;0;NA;104776;0;2020-04-30;140
2020-04-29;"Trenčiansky kraj";2;0;0;0;NA;104776;2;2020-04-29;140
2020-04-28;"Trenčiansky kraj";1;0;0;0;NA;104776;1;2020-04-28;138
2020-04-27;"Trenčiansky kraj";0;0;0;0;NA;104776;0;2020-04-27;137
2020-04-26;"Trenčiansky kraj";1;0;0;0;NA;104776;1;2020-04-26;137
2020-04-25;"Trenčiansky kraj";0;0;0;0;NA;104776;0;2020-04-25;136
2020-04-24;"Trenčiansky kraj";0;0;0;0;NA;104776;0;2020-04-24;136
2020-04-23;"Trenčiansky kraj";11;0;0;0;NA;104776;11;2020-04-23;136
2020-04-22;"Trenčiansky kraj";1;0;0;0;NA;104776;1;2020-04-22;125
2020-04-21;"Trenčiansky kraj";11;0;0;0;NA;104776;11;2020-04-21;124
2020-04-20;"Trenčiansky kraj";15;0;0;0;NA;104776;15;2020-04-20;113
2020-04-19;"Trenčiansky kraj";2;0;0;0;NA;104776;2;2020-04-19;98
2020-04-18;"Trenčiansky kraj";3;0;0;0;NA;104776;3;2020-04-18;96
2020-04-17;"Trenčiansky kraj";4;0;0;0;NA;104776;4;2020-04-17;93
2020-04-16;"Trenčiansky kraj";10;0;0;0;NA;104776;10;2020-04-16;89
2020-04-15;"Trenčiansky kraj";4;0;0;0;NA;104776;4;2020-04-15;79
2020-04-14;"Trenčiansky kraj";0;0;0;0;NA;104776;0;2020-04-14;75
2020-04-13;"Trenčiansky kraj";1;0;0;0;NA;104776;1;2020-04-13;75
2020-04-12;"Trenčiansky kraj";2;0;0;0;NA;104776;2;2020-04-12;74
2020-04-11;"Trenčiansky kraj";3;0;0;0;NA;104776;3;2020-04-11;72
2020-04-10;"Trenčiansky kraj";0;0;0;0;NA;104776;0;2020-04-10;69
2020-04-09;"Trenčiansky kraj";0;0;0;0;NA;104776;0;2020-04-09;69
2020-04-08;"Trenčiansky kraj";2;0;0;0;NA;104776;2;2020-04-08;69
2020-04-07;"Trenčiansky kraj";18;0;0;0;NA;104776;18;2020-04-07;67
2020-04-06;"Trenčiansky kraj";0;0;0;0;NA;104776;0;2020-04-06;49
2020-04-05;"Trenčiansky kraj";3;0;0;0;NA;104776;3;2020-04-05;49
2020-04-04;"Trenčiansky kraj";5;0;0;0;NA;104776;5;2020-04-04;46
2020-04-03;"Trenčiansky kraj";4;0;0;0;NA;104776;4;2020-04-03;41
2020-04-02;"Trenčiansky kraj";1;0;0;0;NA;104776;1;2020-04-02;37
2020-04-01;"Trenčiansky kraj";3;0;0;0;NA;104776;3;2020-04-01;36
2020-03-31;"Trenčiansky kraj";1;0;0;0;NA;104776;1;2020-03-31;33
2020-03-30;"Trenčiansky kraj";3;0;0;0;NA;104776;3;2020-03-30;32
2020-03-29;"Trenčiansky kraj";6;0;0;0;NA;104776;6;2020-03-29;29
2020-03-28;"Trenčiansky kraj";9;0;0;0;NA;104776;9;2020-03-28;23
2020-03-27;"Trenčiansky kraj";2;0;0;0;NA;104776;2;2020-03-27;14
2020-03-26;"Trenčiansky kraj";6;0;0;0;NA;104776;6;2020-03-26;12
2020-03-25;"Trenčiansky kraj";3;0;0;0;NA;104776;3;2020-03-25;6
2020-03-24;"Trenčiansky kraj";1;0;0;0;NA;104776;1;2020-03-24;3
2020-03-23;"Trenčiansky kraj";0;0;0;0;NA;104776;0;2020-03-23;2
2020-03-22;"Trenčiansky kraj";0;0;0;0;NA;104776;0;2020-03-22;2
2020-03-21;"Trenčiansky kraj";2;0;0;0;NA;104776;2;2020-03-21;2
2020-03-20;"Trenčiansky kraj";2;0;0;0;NA;104776;2;2020-03-20;0
2020-03-19;"Trenčiansky kraj";8;0;0;0;NA;104776;8;2020-03-19;-2
2020-03-18;"Trenčiansky kraj";0;0;0;0;NA;104776;0;2020-03-18;-10
2020-03-17;"Trenčiansky kraj";0;0;0;0;NA;104776;0;2020-03-17;-10
2020-03-16;"Trenčiansky kraj";1;0;0;0;NA;104776;1;2020-03-16;-10
2020-03-15;"Trenčiansky kraj";5;0;0;0;NA;104776;5;2020-03-15;-11
2020-03-14;"Trenčiansky kraj";0;0;0;0;NA;104776;0;2020-03-14;-16
2020-03-13;"Trenčiansky kraj";0;0;0;0;NA;104776;0;2020-03-13;-16
2020-03-12;"Trenčiansky kraj";1;0;0;0;NA;104776;1;2020-03-12;-16
2020-03-11;"Trenčiansky kraj";0;0;0;0;NA;104776;0;2020-03-11;-17
2020-03-09;"Trenčiansky kraj";0;0;0;0;NA;104776;0;2020-03-09;-17
2020-03-08;"Trenčiansky kraj";0;0;0;0;NA;104776;0;2020-03-08;-17
2020-03-07;"Trenčiansky kraj";0;0;0;0;NA;104776;0;2020-03-07;-17
2020-03-06;"Trenčiansky kraj";0;0;0;0;NA;104776;0;2020-03-06;-17
2021-10-10;"Trnavský kraj";2;802;12;814;48662;93227;14;2021-10-10;93227
2021-10-09;"Trnavský kraj";151;1059;9;1068;NA;93227;160;2021-10-09;93213
2021-10-08;"Trnavský kraj";106;2169;28;2197;NA;93227;134;2021-10-08;93053
2021-10-07;"Trnavský kraj";151;1709;25;1734;NA;93227;176;2021-10-07;92919
2021-10-06;"Trnavský kraj";122;1928;27;1955;NA;93227;149;2021-10-06;92743
2021-10-05;"Trnavský kraj";220;3718;34;3752;NA;93227;254;2021-10-05;92594
2021-10-04;"Trnavský kraj";54;1956;47;2003;NA;93227;101;2021-10-04;92340
2021-10-03;"Trnavský kraj";1;1106;17;1123;NA;93227;18;2021-10-03;92239
2021-10-02;"Trnavský kraj";52;1055;12;1067;NA;93227;64;2021-10-02;92221
2021-10-01;"Trnavský kraj";113;2243;17;2260;NA;93227;130;2021-10-01;92157
2021-09-30;"Trnavský kraj";109;1756;18;1774;NA;93227;127;2021-09-30;92027
2021-09-29;"Trnavský kraj";83;1322;11;1333;NA;93227;94;2021-09-29;91900
2021-09-28;"Trnavský kraj";135;1929;31;1960;NA;93227;166;2021-09-28;91806
2021-09-27;"Trnavský kraj";80;2073;25;2098;NA;93227;105;2021-09-27;91640
2021-09-26;"Trnavský kraj";2;1048;12;1060;NA;93227;14;2021-09-26;91535
2021-09-25;"Trnavský kraj";61;1105;9;1114;NA;93227;70;2021-09-25;91521
2021-09-24;"Trnavský kraj";41;2229;15;2244;NA;93227;56;2021-09-24;91451
2021-09-23;"Trnavský kraj";89;1680;16;1696;NA;93227;105;2021-09-23;91395
2021-09-22;"Trnavský kraj";119;1706;28;1734;NA;93227;147;2021-09-22;91290
2021-09-21;"Trnavský kraj";108;1505;17;1522;NA;93227;125;2021-09-21;91143
2021-09-20;"Trnavský kraj";50;1644;20;1664;NA;93227;70;2021-09-20;91018
2021-09-19;"Trnavský kraj";2;924;8;932;NA;93227;10;2021-09-19;90948
2021-09-18;"Trnavský kraj";100;986;6;992;NA;93227;106;2021-09-18;90938
2021-09-17;"Trnavský kraj";77;1705;20;1725;NA;93227;97;2021-09-17;90832
2021-09-16;"Trnavský kraj";105;1274;32;1306;NA;93227;137;2021-09-16;90735
2021-09-15;"Trnavský kraj";59;841;5;846;NA;93227;64;2021-09-15;90598
2021-09-14;"Trnavský kraj";38;1583;12;1595;NA;93227;50;2021-09-14;90534
2021-09-13;"Trnavský kraj";56;1406;16;1422;NA;93227;72;2021-09-13;90484
2021-09-12;"Trnavský kraj";0;653;1;654;NA;93227;1;2021-09-12;90412
2021-09-11;"Trnavský kraj";37;971;10;981;NA;93227;47;2021-09-11;90411
2021-09-10;"Trnavský kraj";43;1441;9;1450;NA;93227;52;2021-09-10;90364
2021-09-09;"Trnavský kraj";42;954;13;967;NA;93227;55;2021-09-09;90312
2021-09-08;"Trnavský kraj";65;802;15;817;NA;93227;80;2021-09-08;90257
2021-09-07;"Trnavský kraj";29;844;5;849;NA;93227;34;2021-09-07;90177
2021-09-06;"Trnavský kraj";18;1233;14;1247;NA;93227;32;2021-09-06;90143
2021-09-05;"Trnavský kraj";2;580;4;584;NA;93227;6;2021-09-05;90111
2021-09-04;"Trnavský kraj";17;868;6;874;NA;93227;23;2021-09-04;90105
2021-09-03;"Trnavský kraj";14;1060;5;1065;NA;93227;19;2021-09-03;90082
2021-09-02;"Trnavský kraj";30;830;10;840;NA;93227;40;2021-09-02;90063
2021-09-01;"Trnavský kraj";6;409;4;413;NA;93227;10;2021-09-01;90023
2021-08-31;"Trnavský kraj";13;884;3;887;NA;93227;16;2021-08-31;90013
2021-08-30;"Trnavský kraj";7;887;1;888;NA;93227;8;2021-08-30;89997
2021-08-29;"Trnavský kraj";8;427;1;428;NA;93227;9;2021-08-29;89989
2021-08-28;"Trnavský kraj";17;694;2;696;NA;93227;19;2021-08-28;89980
2021-08-27;"Trnavský kraj";1;1186;4;1190;NA;93227;5;2021-08-27;89961
2021-08-26;"Trnavský kraj";8;713;3;716;NA;93227;11;2021-08-26;89956
2021-08-25;"Trnavský kraj";11;683;6;689;NA;93227;17;2021-08-25;89945
2021-08-24;"Trnavský kraj";7;801;1;802;NA;93227;8;2021-08-24;89928
2021-08-23;"Trnavský kraj";4;844;1;845;NA;93227;5;2021-08-23;89920
2021-08-22;"Trnavský kraj";0;474;0;474;NA;93227;0;2021-08-22;89915
2021-08-21;"Trnavský kraj";8;703;0;703;NA;93227;8;2021-08-21;89915
2021-08-20;"Trnavský kraj";4;1095;4;1099;NA;93227;8;2021-08-20;89907
2021-08-19;"Trnavský kraj";10;875;3;878;NA;93227;13;2021-08-19;89899
2021-08-18;"Trnavský kraj";6;789;2;791;NA;93227;8;2021-08-18;89886
2021-08-17;"Trnavský kraj";7;524;4;528;NA;93227;11;2021-08-17;89878
2021-08-16;"Trnavský kraj";9;960;3;963;NA;93227;12;2021-08-16;89867
2021-08-15;"Trnavský kraj";0;556;1;557;NA;93227;1;2021-08-15;89855
2021-08-14;"Trnavský kraj";10;801;3;804;NA;93227;13;2021-08-14;89854
2021-08-13;"Trnavský kraj";5;1077;6;1083;NA;93227;11;2021-08-13;89841
2021-08-12;"Trnavský kraj";3;666;3;669;NA;93227;6;2021-08-12;89830
2021-08-11;"Trnavský kraj";7;576;2;578;NA;93227;9;2021-08-11;89824
2021-08-10;"Trnavský kraj";3;757;3;760;NA;93227;6;2021-08-10;89815
2021-08-09;"Trnavský kraj";12;808;0;808;NA;93227;12;2021-08-09;89809
2021-08-08;"Trnavský kraj";1;545;0;545;NA;93227;1;2021-08-08;89797
2021-08-07;"Trnavský kraj";9;724;0;724;NA;93227;9;2021-08-07;89796
2021-08-06;"Trnavský kraj";3;988;0;988;NA;93227;3;2021-08-06;89787
2021-08-05;"Trnavský kraj";2;662;1;663;NA;93227;3;2021-08-05;89784
2021-08-04;"Trnavský kraj";1;891;1;892;NA;93227;2;2021-08-04;89781
2021-08-03;"Trnavský kraj";13;645;0;645;NA;93227;13;2021-08-03;89779
2021-08-02;"Trnavský kraj";2;725;1;726;NA;93227;3;2021-08-02;89766
2021-08-01;"Trnavský kraj";0;565;2;567;NA;93227;2;2021-08-01;89763
2021-07-31;"Trnavský kraj";3;886;0;886;NA;93227;3;2021-07-31;89761
2021-07-30;"Trnavský kraj";3;1071;3;1074;NA;93227;6;2021-07-30;89758
2021-07-29;"Trnavský kraj";1;775;0;775;NA;93227;1;2021-07-29;89752
2021-07-28;"Trnavský kraj";5;794;1;795;NA;93227;6;2021-07-28;89751
2021-07-27;"Trnavský kraj";7;623;2;625;NA;93227;9;2021-07-27;89745
2021-07-26;"Trnavský kraj";2;857;2;859;NA;93227;4;2021-07-26;89736
2021-07-25;"Trnavský kraj";0;707;0;707;NA;93227;0;2021-07-25;89732
2021-07-24;"Trnavský kraj";4;828;2;830;NA;93227;6;2021-07-24;89732
2021-07-23;"Trnavský kraj";3;1057;0;1057;NA;93227;3;2021-07-23;89726
2021-07-22;"Trnavský kraj";0;671;2;673;NA;93227;2;2021-07-22;89723
2021-07-21;"Trnavský kraj";2;660;2;662;NA;93227;4;2021-07-21;89721
2021-07-20;"Trnavský kraj";2;593;0;593;NA;93227;2;2021-07-20;89717
2021-07-19;"Trnavský kraj";9;886;0;886;NA;93227;9;2021-07-19;89715
2021-07-18;"Trnavský kraj";0;600;2;602;NA;93227;2;2021-07-18;89706
2021-07-17;"Trnavský kraj";8;796;0;796;NA;93227;8;2021-07-17;89704
2021-07-16;"Trnavský kraj";11;963;0;963;NA;93227;11;2021-07-16;89696
2021-07-15;"Trnavský kraj";4;832;1;833;NA;93227;5;2021-07-15;89685
2021-07-14;"Trnavský kraj";1;699;1;700;NA;93227;2;2021-07-14;89680
2021-07-13;"Trnavský kraj";1;693;1;694;NA;93227;2;2021-07-13;89678
2021-07-12;"Trnavský kraj";4;959;0;959;NA;93227;4;2021-07-12;89676
2021-07-11;"Trnavský kraj";0;692;0;692;NA;93227;0;2021-07-11;89672
2021-07-10;"Trnavský kraj";1;803;0;803;NA;93227;1;2021-07-10;89672
2021-07-09;"Trnavský kraj";3;1262;3;1265;NA;93227;6;2021-07-09;89671
2021-07-08;"Trnavský kraj";4;755;0;755;NA;93227;4;2021-07-08;89665
2021-07-07;"Trnavský kraj";9;924;2;926;NA;93227;11;2021-07-07;89661
2021-07-06;"Trnavský kraj";2;1401;1;1402;NA;93227;3;2021-07-06;89650
2021-07-05;"Trnavský kraj";1;503;2;505;NA;93227;3;2021-07-05;89647
2021-07-04;"Trnavský kraj";0;1129;3;1132;NA;93227;3;2021-07-04;89644
2021-07-03;"Trnavský kraj";4;815;0;815;NA;93227;4;2021-07-03;89641
2021-07-02;"Trnavský kraj";2;1137;2;1139;NA;93227;4;2021-07-02;89637
2021-07-01;"Trnavský kraj";4;437;0;437;NA;93227;4;2021-07-01;89633
2021-06-30;"Trnavský kraj";0;5111;1;5112;NA;93227;1;2021-06-30;89629
2021-06-29;"Trnavský kraj";4;2563;1;2564;NA;93227;5;2021-06-29;89628
2021-06-28;"Trnavský kraj";2;2600;1;2601;NA;93227;3;2021-06-28;89623
2021-06-27;"Trnavský kraj";0;3213;0;3213;NA;93227;0;2021-06-27;89620
2021-06-26;"Trnavský kraj";3;3871;1;3872;NA;93227;4;2021-06-26;89620
2021-06-25;"Trnavský kraj";2;4374;3;4377;NA;93227;5;2021-06-25;89616
2021-06-24;"Trnavský kraj";4;2520;3;2523;NA;93227;7;2021-06-24;89611
2021-06-23;"Trnavský kraj";4;2842;2;2844;NA;93227;6;2021-06-23;89604
2021-06-22;"Trnavský kraj";2;2996;1;2997;NA;93227;3;2021-06-22;89598
2021-06-21;"Trnavský kraj";6;3114;5;3119;NA;93227;11;2021-06-21;89595
2021-06-20;"Trnavský kraj";0;3952;1;3953;NA;93227;1;2021-06-20;89584
2021-06-19;"Trnavský kraj";3;4735;2;4737;NA;93227;5;2021-06-19;89583
2021-06-18;"Trnavský kraj";5;6125;4;6129;NA;93227;9;2021-06-18;89578
2021-06-17;"Trnavský kraj";3;3340;0;3340;NA;93227;3;2021-06-17;89569
2021-06-16;"Trnavský kraj";6;2926;3;2929;NA;93227;9;2021-06-16;89566
2021-06-15;"Trnavský kraj";8;3234;3;3237;NA;93227;11;2021-06-15;89557
2021-06-14;"Trnavský kraj";2;3829;1;3830;NA;93227;3;2021-06-14;89546
2021-06-13;"Trnavský kraj";0;5001;8;5009;NA;93227;8;2021-06-13;89543
2021-06-12;"Trnavský kraj";11;5807;2;5809;NA;93227;13;2021-06-12;89535
2021-06-11;"Trnavský kraj";17;5850;4;5854;NA;93227;21;2021-06-11;89522
2021-06-10;"Trnavský kraj";14;3476;1;3477;NA;93227;15;2021-06-10;89501
2021-06-09;"Trnavský kraj";10;3681;1;3682;NA;93227;11;2021-06-09;89486
2021-06-08;"Trnavský kraj";8;3344;4;3348;NA;93227;12;2021-06-08;89475
2021-06-07;"Trnavský kraj";12;4498;8;4506;NA;93227;20;2021-06-07;89463
2021-06-06;"Trnavský kraj";0;5517;2;5519;NA;93227;2;2021-06-06;89443
2021-06-05;"Trnavský kraj";20;6905;8;6913;NA;93227;28;2021-06-05;89441
2021-06-04;"Trnavský kraj";9;6731;10;6741;NA;93227;19;2021-06-04;89413
2021-06-03;"Trnavský kraj";14;4361;11;4372;NA;93227;25;2021-06-03;89394
2021-06-02;"Trnavský kraj";4;4148;11;4159;NA;93227;15;2021-06-02;89369
2021-06-01;"Trnavský kraj";18;3662;5;3667;NA;93227;23;2021-06-01;89354
2021-05-31;"Trnavský kraj";14;5515;16;5531;NA;93227;30;2021-05-31;89331
2021-05-30;"Trnavský kraj";0;6473;7;6480;NA;93227;7;2021-05-30;89301
2021-05-29;"Trnavský kraj";11;8964;4;8968;NA;93227;15;2021-05-29;89294
2021-05-28;"Trnavský kraj";14;7160;11;7171;NA;93227;25;2021-05-28;89279
2021-05-27;"Trnavský kraj";22;4753;8;4761;NA;93227;30;2021-05-27;89254
2021-05-26;"Trnavský kraj";6;4870;8;4878;NA;93227;14;2021-05-26;89224
2021-05-25;"Trnavský kraj";19;5026;27;5053;NA;93227;46;2021-05-25;89210
2021-05-24;"Trnavský kraj";15;6520;22;6542;NA;93227;37;2021-05-24;89164
2021-05-23;"Trnavský kraj";0;7920;8;7928;NA;93227;8;2021-05-23;89127
2021-05-22;"Trnavský kraj";13;13381;21;13402;NA;93227;34;2021-05-22;89119
2021-05-21;"Trnavský kraj";16;8525;19;8544;NA;93227;35;2021-05-21;89085
2021-05-20;"Trnavský kraj";15;5511;11;5522;NA;93227;26;2021-05-20;89050
2021-05-19;"Trnavský kraj";18;5431;13;5444;NA;93227;31;2021-05-19;89024
2021-05-18;"Trnavský kraj";26;5768;15;5783;NA;93227;41;2021-05-18;88993
2021-05-17;"Trnavský kraj";17;6262;24;6286;NA;93227;41;2021-05-17;88952
2021-05-16;"Trnavský kraj";10;9984;8;9992;NA;93227;18;2021-05-16;88911
2021-05-15;"Trnavský kraj";11;18525;14;18539;NA;93227;25;2021-05-15;88893
2021-05-14;"Trnavský kraj";34;10279;21;10300;NA;93227;55;2021-05-14;88868
2021-05-13;"Trnavský kraj";26;6913;12;6925;NA;93227;38;2021-05-13;88813
2021-05-12;"Trnavský kraj";34;6621;26;6647;NA;93227;60;2021-05-12;88775
2021-05-11;"Trnavský kraj";32;6393;13;6406;NA;93227;45;2021-05-11;88715
2021-05-10;"Trnavský kraj";58;9139;24;9163;NA;93227;82;2021-05-10;88670
2021-05-09;"Trnavský kraj";21;12570;12;12582;NA;93227;33;2021-05-09;88588
2021-05-08;"Trnavský kraj";4;23028;22;23050;NA;93227;26;2021-05-08;88555
2021-05-07;"Trnavský kraj";26;15465;30;15495;NA;93227;56;2021-05-07;88529
2021-05-06;"Trnavský kraj";22;8407;22;8429;NA;93227;44;2021-05-06;88473
2021-05-05;"Trnavský kraj";34;6273;22;6295;NA;93227;56;2021-05-05;88429
2021-05-04;"Trnavský kraj";51;8538;17;8555;NA;93227;68;2021-05-04;88373
2021-05-03;"Trnavský kraj";20;8957;22;8979;NA;93227;42;2021-05-03;88305
2021-05-02;"Trnavský kraj";0;25657;29;25686;NA;93227;29;2021-05-02;88263
2021-05-01;"Trnavský kraj";30;81353;64;81417;NA;93227;94;2021-05-01;88234
2021-04-30;"Trnavský kraj";45;26846;35;26881;NA;93227;80;2021-04-30;88140
2021-04-29;"Trnavský kraj";25;20323;28;20351;NA;93227;53;2021-04-29;88060
2021-04-28;"Trnavský kraj";46;8896;28;8924;NA;93227;74;2021-04-28;88007
2021-04-27;"Trnavský kraj";54;8756;37;8793;NA;93227;91;2021-04-27;87933
2021-04-26;"Trnavský kraj";53;16116;42;16158;NA;93227;95;2021-04-26;87842
2021-04-25;"Trnavský kraj";0;30183;24;30207;NA;93227;24;2021-04-25;87747
2021-04-24;"Trnavský kraj";46;126077;84;126161;NA;93227;130;2021-04-24;87723
2021-04-23;"Trnavský kraj";71;25741;53;25794;NA;93227;124;2021-04-23;87593
2021-04-22;"Trnavský kraj";40;10904;25;10929;NA;93227;65;2021-04-22;87469
2021-04-21;"Trnavský kraj";60;10748;45;10793;NA;93227;105;2021-04-21;87404
2021-04-20;"Trnavský kraj";57;13504;28;13532;NA;93227;85;2021-04-20;87299
2021-04-19;"Trnavský kraj";46;14603;18;14621;NA;93227;64;2021-04-19;87214
2021-04-18;"Trnavský kraj";7;40843;43;40886;NA;93227;50;2021-04-18;87150
2021-04-17;"Trnavský kraj";58;118102;89;118191;NA;93227;147;2021-04-17;87100
2021-04-16;"Trnavský kraj";67;25962;48;26010;NA;93227;115;2021-04-16;86953
2021-04-15;"Trnavský kraj";65;11373;36;11409;NA;93227;101;2021-04-15;86838
2021-04-14;"Trnavský kraj";78;18442;53;18495;NA;93227;131;2021-04-14;86737
2021-04-13;"Trnavský kraj";126;9871;44;9915;NA;93227;170;2021-04-13;86606
2021-04-12;"Trnavský kraj";40;15577;40;15617;NA;93227;80;2021-04-12;86436
2021-04-11;"Trnavský kraj";3;44420;44;44464;NA;93227;47;2021-04-11;86356
2021-04-10;"Trnavský kraj";60;123822;107;123929;NA;93227;167;2021-04-10;86309
2021-04-09;"Trnavský kraj";95;26191;34;26225;NA;93227;129;2021-04-09;86142
2021-04-08;"Trnavský kraj";85;10913;54;10967;NA;93227;139;2021-04-08;86013
2021-04-07;"Trnavský kraj";131;15979;81;16060;NA;93227;212;2021-04-07;85874
2021-04-06;"Trnavský kraj";92;20586;90;20676;NA;93227;182;2021-04-06;85662
2021-04-05;"Trnavský kraj";91;7542;17;7559;NA;93227;108;2021-04-05;85480
2021-04-04;"Trnavský kraj";9;28831;49;28880;NA;93227;58;2021-04-04;85372
2021-04-03;"Trnavský kraj";29;144452;186;144638;NA;93227;215;2021-04-03;85314
2021-04-02;"Trnavský kraj";91;17538;33;17571;NA;93227;124;2021-04-02;85099
2021-04-01;"Trnavský kraj";118;22279;71;22350;NA;93227;189;2021-04-01;84975
2021-03-31;"Trnavský kraj";140;15828;82;15910;NA;93227;222;2021-03-31;84786
2021-03-30;"Trnavský kraj";182;10482;79;10561;NA;93227;261;2021-03-30;84564
2021-03-29;"Trnavský kraj";126;19255;122;19377;NA;93227;248;2021-03-29;84303
2021-03-28;"Trnavský kraj";26;50664;134;50798;NA;93227;160;2021-03-28;84055
2021-03-27;"Trnavský kraj";64;130217;246;130463;NA;93227;310;2021-03-27;83895
2021-03-26;"Trnavský kraj";139;30217;130;30347;NA;93227;269;2021-03-26;83585
2021-03-25;"Trnavský kraj";135;14212;80;14292;NA;93227;215;2021-03-25;83316
2021-03-24;"Trnavský kraj";159;10521;89;10610;NA;93227;248;2021-03-24;83101
2021-03-23;"Trnavský kraj";221;12735;104;12839;NA;93227;325;2021-03-23;82853
2021-03-22;"Trnavský kraj";103;17118;110;17228;NA;93227;213;2021-03-22;82528
2021-03-21;"Trnavský kraj";31;49119;150;49269;NA;93227;181;2021-03-21;82315
2021-03-20;"Trnavský kraj";112;136963;317;137280;NA;93227;429;2021-03-20;82134
2021-03-19;"Trnavský kraj";174;29071;137;29208;NA;93227;311;2021-03-19;81705
2021-03-18;"Trnavský kraj";158;12217;136;12353;NA;93227;294;2021-03-18;81394
2021-03-17;"Trnavský kraj";245;10434;103;10537;NA;93227;348;2021-03-17;81100
2021-03-16;"Trnavský kraj";311;12811;135;12946;NA;93227;446;2021-03-16;80752
2021-03-15;"Trnavský kraj";127;18271;146;18417;NA;93227;273;2021-03-15;80306
2021-03-14;"Trnavský kraj";14;47608;164;47772;NA;93227;178;2021-03-14;80033
2021-03-13;"Trnavský kraj";155;139224;409;139633;NA;93227;564;2021-03-13;79855
2021-03-12;"Trnavský kraj";201;28566;181;28747;NA;93227;382;2021-03-12;79291
2021-03-11;"Trnavský kraj";204;13301;140;13441;NA;93227;344;2021-03-11;78909
2021-03-10;"Trnavský kraj";242;10583;135;10718;NA;93227;377;2021-03-10;78565
2021-03-09;"Trnavský kraj";442;12824;155;12979;NA;93227;597;2021-03-09;78188
2021-03-08;"Trnavský kraj";182;21812;166;21978;NA;93227;348;2021-03-08;77591
2021-03-07;"Trnavský kraj";30;45463;227;45690;NA;93227;257;2021-03-07;77243
2021-03-06;"Trnavský kraj";154;135784;531;136315;NA;93227;685;2021-03-06;76986
2021-03-05;"Trnavský kraj";299;27959;239;28198;NA;93227;538;2021-03-05;76301
2021-03-04;"Trnavský kraj";238;14505;176;14681;NA;93227;414;2021-03-04;75763
2021-03-03;"Trnavský kraj";413;11583;246;11829;NA;93227;659;2021-03-03;75349
2021-03-02;"Trnavský kraj";477;12367;191;12558;NA;93227;668;2021-03-02;74690
2021-03-01;"Trnavský kraj";189;18586;234;18820;NA;93227;423;2021-03-01;74022
2021-02-28;"Trnavský kraj";87;47709;321;48030;NA;93227;408;2021-02-28;73599
2021-02-27;"Trnavský kraj";264;140224;800;141024;NA;93227;1064;2021-02-27;73191
2021-02-26;"Trnavský kraj";362;26637;284;26921;NA;93227;646;2021-02-26;72127
2021-02-25;"Trnavský kraj";433;10490;227;10717;NA;93227;660;2021-02-25;71481
2021-02-24;"Trnavský kraj";407;9113;290;9403;NA;93227;697;2021-02-24;70821
2021-02-23;"Trnavský kraj";469;11322;284;11606;NA;93227;753;2021-02-23;70124
2021-02-22;"Trnavský kraj";206;19901;330;20231;NA;93227;536;2021-02-22;69371
2021-02-21;"Trnavský kraj";38;48221;329;48550;NA;93227;367;2021-02-21;68835
2021-02-20;"Trnavský kraj";273;135835;859;136694;NA;93227;1132;2021-02-20;68468
2021-02-19;"Trnavský kraj";335;26382;366;26748;NA;93227;701;2021-02-19;67336
2021-02-18;"Trnavský kraj";344;11264;348;11612;NA;93227;692;2021-02-18;66635
2021-02-17;"Trnavský kraj";431;8783;416;9199;NA;93227;847;2021-02-17;65943
2021-02-16;"Trnavský kraj";426;11236;294;11530;NA;93227;720;2021-02-16;65096
2021-02-15;"Trnavský kraj";146;18276;326;18602;NA;93227;472;2021-02-15;64376
2021-02-14;"Trnavský kraj";51;57642;495;58137;NA;93227;546;2021-02-14;63904
2021-02-13;"Trnavský kraj";218;137051;994;138045;NA;93227;1212;2021-02-13;63358
2021-02-12;"Trnavský kraj";300;24090;352;24442;NA;93227;652;2021-02-12;62146
2021-02-11;"Trnavský kraj";422;9831;349;10180;NA;93227;771;2021-02-11;61494
2021-02-10;"Trnavský kraj";511;9194;342;9536;NA;93227;853;2021-02-10;60723
2021-02-09;"Trnavský kraj";544;12755;369;13124;NA;93227;913;2021-02-09;59870
2021-02-08;"Trnavský kraj";220;33414;497;33911;NA;93227;717;2021-02-08;58957
2021-02-07;"Trnavský kraj";140;69694;628;70322;NA;93227;768;2021-02-07;58240
2021-02-06;"Trnavský kraj";348;112687;1482;114169;NA;93227;1830;2021-02-06;57472
2021-02-05;"Trnavský kraj";377;16063;373;16436;NA;93227;750;2021-02-05;55642
2021-02-04;"Trnavský kraj";456;7317;456;7773;NA;93227;912;2021-02-04;54892
2021-02-03;"Trnavský kraj";472;6583;434;7017;NA;93227;906;2021-02-03;53980
2021-02-02;"Trnavský kraj";446;14243;424;14667;NA;93227;870;2021-02-02;53074
2021-02-01;"Trnavský kraj";198;38882;679;39561;NA;93227;877;2021-02-01;52204
2021-01-31;"Trnavský kraj";19;64707;822;65529;NA;93227;841;2021-01-31;51327
2021-01-30;"Trnavský kraj";323;111483;1288;112771;NA;93227;1611;2021-01-30;50486
2021-01-29;"Trnavský kraj";421;9689;290;9979;NA;93227;711;2021-01-29;48875
2021-01-28;"Trnavský kraj";389;5817;289;6106;NA;93227;678;2021-01-28;48164
2021-01-27;"Trnavský kraj";433;5554;225;5779;NA;93227;658;2021-01-27;47486
2021-01-26;"Trnavský kraj";565;25411;636;26047;NA;93227;1201;2021-01-26;46828
2021-01-25;"Trnavský kraj";210;41805;620;42425;NA;93227;830;2021-01-25;45627
2021-01-24;"Trnavský kraj";91;66399;779;67178;NA;93227;870;2021-01-24;44797
2021-01-23;"Trnavský kraj";372;113375;1319;114694;NA;93227;1691;2021-01-23;43927
2021-01-22;"Trnavský kraj";217;32755;505;33260;NA;93227;722;2021-01-22;42236
2021-01-21;"Trnavský kraj";311;13913;377;14290;NA;93227;688;2021-01-21;41514
2021-01-20;"Trnavský kraj";503;8685;283;8968;NA;93227;786;2021-01-20;40826
2021-01-19;"Trnavský kraj";415;7013;347;7360;NA;93227;762;2021-01-19;40040
2021-01-18;"Trnavský kraj";247;6690;513;7203;NA;93227;760;2021-01-18;39278
2021-01-17;"Trnavský kraj";128;854;215;1069;NA;93227;343;2021-01-17;38518
2021-01-16;"Trnavský kraj";103;898;24;922;NA;93227;127;2021-01-16;38175
2021-01-15;"Trnavský kraj";278;5467;336;5803;NA;93227;614;2021-01-15;38048
2021-01-14;"Trnavský kraj";452;4001;338;4339;NA;93227;790;2021-01-14;37434
2021-01-13;"Trnavský kraj";457;4751;378;5129;NA;93227;835;2021-01-13;36644
2021-01-12;"Trnavský kraj";469;6860;470;7330;NA;93227;939;2021-01-12;35809
2021-01-11;"Trnavský kraj";370;4587;360;4947;NA;93227;730;2021-01-11;34870
2021-01-10;"Trnavský kraj";71;13;0;13;NA;93227;71;2021-01-10;34140
2021-01-09;"Trnavský kraj";417;1775;100;1875;NA;93227;517;2021-01-09;34069
2021-01-08;"Trnavský kraj";381;6016;506;6522;NA;93227;887;2021-01-08;33552
2021-01-07;"Trnavský kraj";501;3545;329;3874;NA;93227;830;2021-01-07;32665
2021-01-06;"Trnavský kraj";179;758;132;890;NA;93227;311;2021-01-06;31835
2021-01-05;"Trnavský kraj";611;5165;561;5726;NA;93227;1172;2021-01-05;31524
2021-01-04;"Trnavský kraj";302;5556;709;6265;NA;93227;1011;2021-01-04;30352
2021-01-03;"Trnavský kraj";60;53;7;60;NA;93227;67;2021-01-03;29341
2021-01-02;"Trnavský kraj";282;417;32;449;NA;93227;314;2021-01-02;29274
2021-01-01;"Trnavský kraj";143;455;76;531;NA;93227;219;2021-01-01;28960
2020-12-31;"Trnavský kraj";498;8325;820;9145;NA;93227;1318;2020-12-31;28741
2020-12-30;"Trnavský kraj";785;5318;612;5930;NA;93227;1397;2020-12-30;27423
2020-12-29;"Trnavský kraj";322;4913;565;5478;NA;93227;887;2020-12-29;26026
2020-12-28;"Trnavský kraj";213;4900;552;5452;NA;93227;765;2020-12-28;25139
2020-12-27;"Trnavský kraj";27;20;4;24;NA;93227;31;2020-12-27;24374
2020-12-26;"Trnavský kraj";148;44;1;45;NA;93227;149;2020-12-26;24343
2020-12-25;"Trnavský kraj";65;49;5;54;NA;93227;70;2020-12-25;24194
2020-12-24;"Trnavský kraj";333;1359;117;1476;NA;93227;450;2020-12-24;24124
2020-12-23;"Trnavský kraj";210;6672;414;7086;NA;93227;624;2020-12-23;23674
2020-12-22;"Trnavský kraj";311;5427;455;5882;NA;93227;766;2020-12-22;23050
2020-12-21;"Trnavský kraj";328;4092;350;4442;NA;93227;678;2020-12-21;22284
2020-12-20;"Trnavský kraj";134;133;12;145;NA;93227;146;2020-12-20;21606
2020-12-19;"Trnavský kraj";201;1407;103;1510;NA;93227;304;2020-12-19;21460
2020-12-18;"Trnavský kraj";341;4432;334;4766;NA;93227;675;2020-12-18;21156
2020-12-17;"Trnavský kraj";375;4880;414;5294;NA;93227;789;2020-12-17;20481
2020-12-16;"Trnavský kraj";312;4945;383;5328;NA;93227;695;2020-12-16;19692
2020-12-15;"Trnavský kraj";492;6240;598;6838;NA;93227;1090;2020-12-15;18997
2020-12-14;"Trnavský kraj";161;3505;292;3797;NA;93227;453;2020-12-14;17907
2020-12-13;"Trnavský kraj";7;7;0;7;NA;93227;7;2020-12-13;17454
2020-12-12;"Trnavský kraj";254;1456;114;1570;NA;93227;368;2020-12-12;17447
2020-12-11;"Trnavský kraj";384;4289;241;4530;NA;93227;625;2020-12-11;17079
2020-12-10;"Trnavský kraj";183;5197;320;5517;NA;93227;503;2020-12-10;16454
2020-12-09;"Trnavský kraj";521;4199;317;4516;NA;93227;838;2020-12-09;15951
2020-12-08;"Trnavský kraj";281;4090;304;4394;NA;93227;585;2020-12-08;15113
2020-12-07;"Trnavský kraj";178;2895;199;3094;NA;93227;377;2020-12-07;14528
2020-12-06;"Trnavský kraj";46;0;0;0;NA;93227;46;2020-12-06;14151
2020-12-05;"Trnavský kraj";129;2218;41;2259;NA;93227;170;2020-12-05;14105
2020-12-04;"Trnavský kraj";242;3948;158;4106;NA;93227;400;2020-12-04;13935
2020-12-03;"Trnavský kraj";248;2770;190;2960;NA;93227;438;2020-12-03;13535
2020-12-02;"Trnavský kraj";284;4516;176;4692;NA;93227;460;2020-12-02;13097
2020-12-01;"Trnavský kraj";253;3190;205;3395;NA;93227;458;2020-12-01;12637
2020-11-30;"Trnavský kraj";200;7360;186;7546;NA;93227;386;2020-11-30;12179
2020-11-29;"Trnavský kraj";17;738;36;774;NA;93227;53;2020-11-29;11793
2020-11-28;"Trnavský kraj";83;1453;77;1530;NA;93227;160;2020-11-28;11740
2020-11-27;"Trnavský kraj";148;1779;85;1864;NA;93227;233;2020-11-27;11580
2020-11-26;"Trnavský kraj";234;1123;68;1191;NA;93227;302;2020-11-26;11347
2020-11-25;"Trnavský kraj";232;1168;74;1242;NA;93227;306;2020-11-25;11045
2020-11-24;"Trnavský kraj";295;1909;96;2005;NA;93227;391;2020-11-24;10739
2020-11-23;"Trnavský kraj";242;7393;129;7522;NA;93227;371;2020-11-23;10348
2020-11-22;"Trnavský kraj";10;82;9;91;NA;93227;19;2020-11-22;9977
2020-11-21;"Trnavský kraj";129;1354;36;1390;NA;93227;165;2020-11-21;9958
2020-11-20;"Trnavský kraj";246;1154;64;1218;NA;93227;310;2020-11-20;9793
2020-11-19;"Trnavský kraj";157;823;64;887;NA;93227;221;2020-11-19;9483
2020-11-18;"Trnavský kraj";235;822;82;904;NA;93227;317;2020-11-18;9262
2020-11-17;"Trnavský kraj";129;705;74;779;NA;93227;203;2020-11-17;8945
2020-11-16;"Trnavský kraj";187;732;32;764;NA;93227;219;2020-11-16;8742
2020-11-15;"Trnavský kraj";23;73;4;77;NA;93227;27;2020-11-15;8523
2020-11-14;"Trnavský kraj";86;397;12;409;NA;93227;98;2020-11-14;8496
2020-11-13;"Trnavský kraj";219;1312;21;1333;NA;93227;240;2020-11-13;8398
2020-11-12;"Trnavský kraj";162;420;18;438;NA;93227;180;2020-11-12;8158
2020-11-11;"Trnavský kraj";257;392;15;407;NA;93227;272;2020-11-11;7978
2020-11-10;"Trnavský kraj";189;889;30;919;NA;93227;219;2020-11-10;7706
2020-11-09;"Trnavský kraj";196;369;23;392;NA;93227;219;2020-11-09;7487
2020-11-08;"Trnavský kraj";55;400;4;404;NA;93227;59;2020-11-08;7268
2020-11-07;"Trnavský kraj";207;6070;74;6144;NA;93227;281;2020-11-07;7209
2020-11-06;"Trnavský kraj";260;1531;19;1550;NA;93227;279;2020-11-06;6928
2020-11-05;"Trnavský kraj";150;220;27;247;NA;93227;177;2020-11-05;6649
2020-11-04;"Trnavský kraj";188;212;10;222;NA;93227;198;2020-11-04;6472
2020-11-03;"Trnavský kraj";317;127;8;135;NA;93227;325;2020-11-03;6274
2020-11-02;"Trnavský kraj";281;1728;31;1759;NA;93227;312;2020-11-02;5949
2020-11-01;"Trnavský kraj";87;494;27;521;NA;93227;114;2020-11-01;5637
2020-10-31;"Trnavský kraj";259;5024;41;5065;NA;93227;300;2020-10-31;5523
2020-10-30;"Trnavský kraj";198;3784;27;3811;NA;93227;225;2020-10-30;5223
2020-10-29;"Trnavský kraj";273;1461;16;1477;NA;93227;289;2020-10-29;4998
2020-10-28;"Trnavský kraj";319;117;16;133;NA;93227;335;2020-10-28;4709
2020-10-27;"Trnavský kraj";199;461;36;497;NA;93227;235;2020-10-27;4374
2020-10-26;"Trnavský kraj";153;29;2;31;NA;93227;155;2020-10-26;4139
2020-10-25;"Trnavský kraj";95;19;1;20;NA;93227;96;2020-10-25;3984
2020-10-24;"Trnavský kraj";158;109;2;111;NA;93227;160;2020-10-24;3888
2020-10-23;"Trnavský kraj";201;89;4;93;NA;93227;205;2020-10-23;3728
2020-10-22;"Trnavský kraj";195;55;2;57;NA;93227;197;2020-10-22;3523
2020-10-21;"Trnavský kraj";134;73;3;76;NA;93227;137;2020-10-21;3326
2020-10-20;"Trnavský kraj";202;82;3;85;NA;93227;205;2020-10-20;3189
2020-10-19;"Trnavský kraj";67;55;0;55;NA;93227;67;2020-10-19;2984
2020-10-18;"Trnavský kraj";84;0;0;0;NA;93227;84;2020-10-18;2917
2020-10-17;"Trnavský kraj";123;0;0;0;NA;93227;123;2020-10-17;2833
2020-10-16;"Trnavský kraj";86;45;2;47;NA;93227;88;2020-10-16;2710
2020-10-15;"Trnavský kraj";155;66;2;68;NA;93227;157;2020-10-15;2622
2020-10-14;"Trnavský kraj";236;468;3;471;NA;93227;239;2020-10-14;2465
2020-10-13;"Trnavský kraj";138;16;2;18;NA;93227;140;2020-10-13;2226
2020-10-12;"Trnavský kraj";33;41;1;42;NA;93227;34;2020-10-12;2086
2020-10-11;"Trnavský kraj";31;0;0;0;NA;93227;31;2020-10-11;2052
2020-10-10;"Trnavský kraj";128;0;0;0;NA;93227;128;2020-10-10;2021
2020-10-09;"Trnavský kraj";156;0;0;0;NA;93227;156;2020-10-09;1893
2020-10-08;"Trnavský kraj";153;0;0;0;NA;93227;153;2020-10-08;1737
2020-10-07;"Trnavský kraj";80;0;0;0;NA;93227;80;2020-10-07;1584
2020-10-06;"Trnavský kraj";112;0;0;0;NA;93227;112;2020-10-06;1504
2020-10-05;"Trnavský kraj";33;0;0;0;NA;93227;33;2020-10-05;1392
2020-10-04;"Trnavský kraj";44;0;0;0;NA;93227;44;2020-10-04;1359
2020-10-03;"Trnavský kraj";60;0;0;0;NA;93227;60;2020-10-03;1315
2020-10-02;"Trnavský kraj";41;0;0;0;NA;93227;41;2020-10-02;1255
2020-10-01;"Trnavský kraj";53;0;0;0;NA;93227;53;2020-10-01;1214
2020-09-30;"Trnavský kraj";91;0;0;0;NA;93227;91;2020-09-30;1161
2020-09-29;"Trnavský kraj";40;0;0;0;NA;93227;40;2020-09-29;1070
2020-09-28;"Trnavský kraj";69;0;0;0;NA;93227;69;2020-09-28;1030
2020-09-27;"Trnavský kraj";30;0;0;0;NA;93227;30;2020-09-27;961
2020-09-26;"Trnavský kraj";46;0;0;0;NA;93227;46;2020-09-26;931
2020-09-25;"Trnavský kraj";32;0;0;0;NA;93227;32;2020-09-25;885
2020-09-24;"Trnavský kraj";42;0;0;0;NA;93227;42;2020-09-24;853
2020-09-23;"Trnavský kraj";43;0;0;0;NA;93227;43;2020-09-23;811
2020-09-22;"Trnavský kraj";55;0;0;0;NA;93227;55;2020-09-22;768
2020-09-21;"Trnavský kraj";41;0;0;0;NA;93227;41;2020-09-21;713
2020-09-20;"Trnavský kraj";17;0;0;0;NA;93227;17;2020-09-20;672
2020-09-19;"Trnavský kraj";4;0;0;0;NA;93227;4;2020-09-19;655
2020-09-18;"Trnavský kraj";33;0;0;0;NA;93227;33;2020-09-18;651
2020-09-17;"Trnavský kraj";42;0;0;0;NA;93227;42;2020-09-17;618
2020-09-16;"Trnavský kraj";49;0;0;0;NA;93227;49;2020-09-16;576
2020-09-15;"Trnavský kraj";5;0;0;0;NA;93227;5;2020-09-15;527
2020-09-14;"Trnavský kraj";26;0;0;0;NA;93227;26;2020-09-14;522
2020-09-13;"Trnavský kraj";9;0;0;0;NA;93227;9;2020-09-13;496
2020-09-12;"Trnavský kraj";12;0;0;0;NA;93227;12;2020-09-12;487
2020-09-11;"Trnavský kraj";16;0;0;0;NA;93227;16;2020-09-11;475
2020-09-10;"Trnavský kraj";32;0;0;0;NA;93227;32;2020-09-10;459
2020-09-09;"Trnavský kraj";14;0;0;0;NA;93227;14;2020-09-09;427
2020-09-08;"Trnavský kraj";11;0;0;0;NA;93227;11;2020-09-08;413
2020-09-07;"Trnavský kraj";7;0;0;0;NA;93227;7;2020-09-07;402
2020-09-06;"Trnavský kraj";5;0;0;0;NA;93227;5;2020-09-06;395
2020-09-05;"Trnavský kraj";7;0;0;0;NA;93227;7;2020-09-05;390
2020-09-04;"Trnavský kraj";16;0;0;0;NA;93227;16;2020-09-04;383
2020-09-03;"Trnavský kraj";8;0;0;0;NA;93227;8;2020-09-03;367
2020-09-02;"Trnavský kraj";7;0;0;0;NA;93227;7;2020-09-02;359
2020-09-01;"Trnavský kraj";1;0;0;0;NA;93227;1;2020-09-01;352
2020-08-31;"Trnavský kraj";6;0;0;0;NA;93227;6;2020-08-31;351
2020-08-30;"Trnavský kraj";1;0;0;0;NA;93227;1;2020-08-30;345
2020-08-29;"Trnavský kraj";3;0;0;0;NA;93227;3;2020-08-29;344
2020-08-28;"Trnavský kraj";14;0;0;0;NA;93227;14;2020-08-28;341
2020-08-27;"Trnavský kraj";6;0;0;0;NA;93227;6;2020-08-27;327
2020-08-26;"Trnavský kraj";4;0;0;0;NA;93227;4;2020-08-26;321
2020-08-25;"Trnavský kraj";7;0;0;0;NA;93227;7;2020-08-25;317
2020-08-24;"Trnavský kraj";1;0;0;0;NA;93227;1;2020-08-24;310
2020-08-23;"Trnavský kraj";6;0;0;0;NA;93227;6;2020-08-23;309
2020-08-22;"Trnavský kraj";3;0;0;0;NA;93227;3;2020-08-22;303
2020-08-21;"Trnavský kraj";4;0;0;0;NA;93227;4;2020-08-21;300
2020-08-20;"Trnavský kraj";23;0;0;0;NA;93227;23;2020-08-20;296
2020-08-19;"Trnavský kraj";13;0;0;0;NA;93227;13;2020-08-19;273
2020-08-18;"Trnavský kraj";20;0;0;0;NA;93227;20;2020-08-18;260
2020-08-17;"Trnavský kraj";3;0;0;0;NA;93227;3;2020-08-17;240
2020-08-16;"Trnavský kraj";0;0;0;0;NA;93227;0;2020-08-16;237
2020-08-15;"Trnavský kraj";7;0;0;0;NA;93227;7;2020-08-15;237
2020-08-14;"Trnavský kraj";6;0;0;0;NA;93227;6;2020-08-14;230
2020-08-13;"Trnavský kraj";10;0;0;0;NA;93227;10;2020-08-13;224
2020-08-12;"Trnavský kraj";2;0;0;0;NA;93227;2;2020-08-12;214
2020-08-11;"Trnavský kraj";30;0;0;0;NA;93227;30;2020-08-11;212
2020-08-10;"Trnavský kraj";0;0;0;0;NA;93227;0;2020-08-10;182
2020-08-09;"Trnavský kraj";0;0;0;0;NA;93227;0;2020-08-09;182
2020-08-08;"Trnavský kraj";13;0;0;0;NA;93227;13;2020-08-08;182
2020-08-07;"Trnavský kraj";4;0;0;0;NA;93227;4;2020-08-07;169
2020-08-06;"Trnavský kraj";4;0;0;0;NA;93227;4;2020-08-06;165
2020-08-05;"Trnavský kraj";0;0;0;0;NA;93227;0;2020-08-05;161
2020-08-04;"Trnavský kraj";1;0;0;0;NA;93227;1;2020-08-04;161
2020-08-03;"Trnavský kraj";2;0;0;0;NA;93227;2;2020-08-03;160
2020-08-02;"Trnavský kraj";1;0;0;0;NA;93227;1;2020-08-02;158
2020-08-01;"Trnavský kraj";0;0;0;0;NA;93227;0;2020-08-01;157
2020-07-31;"Trnavský kraj";7;0;0;0;NA;93227;7;2020-07-31;157
2020-07-30;"Trnavský kraj";6;0;0;0;NA;93227;6;2020-07-30;150
2020-07-29;"Trnavský kraj";0;0;0;0;NA;93227;0;2020-07-29;144
2020-07-28;"Trnavský kraj";1;0;0;0;NA;93227;1;2020-07-28;144
2020-07-27;"Trnavský kraj";2;0;0;0;NA;93227;2;2020-07-27;143
2020-07-26;"Trnavský kraj";0;0;0;0;NA;93227;0;2020-07-26;141
2020-07-25;"Trnavský kraj";0;0;0;0;NA;93227;0;2020-07-25;141
2020-07-24;"Trnavský kraj";1;0;0;0;NA;93227;1;2020-07-24;141
2020-07-23;"Trnavský kraj";2;0;0;0;NA;93227;2;2020-07-23;140
2020-07-22;"Trnavský kraj";1;0;0;0;NA;93227;1;2020-07-22;138
2020-07-21;"Trnavský kraj";2;0;0;0;NA;93227;2;2020-07-21;137
2020-07-20;"Trnavský kraj";0;0;0;0;NA;93227;0;2020-07-20;135
2020-07-19;"Trnavský kraj";0;0;0;0;NA;93227;0;2020-07-19;135
2020-07-18;"Trnavský kraj";0;0;0;0;NA;93227;0;2020-07-18;135
2020-07-17;"Trnavský kraj";0;0;0;0;NA;93227;0;2020-07-17;135
2020-07-16;"Trnavský kraj";0;0;0;0;NA;93227;0;2020-07-16;135
2020-07-15;"Trnavský kraj";1;0;0;0;NA;93227;1;2020-07-15;135
2020-07-14;"Trnavský kraj";0;0;0;0;NA;93227;0;2020-07-14;134
2020-07-13;"Trnavský kraj";0;0;0;0;NA;93227;0;2020-07-13;134
2020-07-12;"Trnavský kraj";0;0;0;0;NA;93227;0;2020-07-12;134
2020-07-11;"Trnavský kraj";0;0;0;0;NA;93227;0;2020-07-11;134
2020-07-10;"Trnavský kraj";0;0;0;0;NA;93227;0;2020-07-10;134
2020-07-09;"Trnavský kraj";0;0;0;0;NA;93227;0;2020-07-09;134
2020-07-08;"Trnavský kraj";3;0;0;0;NA;93227;3;2020-07-08;134
2020-07-07;"Trnavský kraj";4;0;0;0;NA;93227;4;2020-07-07;131
2020-07-06;"Trnavský kraj";0;0;0;0;NA;93227;0;2020-07-06;127
2020-07-05;"Trnavský kraj";0;0;0;0;NA;93227;0;2020-07-05;127
2020-07-04;"Trnavský kraj";0;0;0;0;NA;93227;0;2020-07-04;127
2020-07-03;"Trnavský kraj";0;0;0;0;NA;93227;0;2020-07-03;127
2020-07-02;"Trnavský kraj";3;0;0;0;NA;93227;3;2020-07-02;127
2020-07-01;"Trnavský kraj";0;0;0;0;NA;93227;0;2020-07-01;124
2020-06-30;"Trnavský kraj";0;0;0;0;NA;93227;0;2020-06-30;124
2020-06-29;"Trnavský kraj";0;0;0;0;NA;93227;0;2020-06-29;124
2020-06-28;"Trnavský kraj";0;0;0;0;NA;93227;0;2020-06-28;124
2020-06-27;"Trnavský kraj";0;0;0;0;NA;93227;0;2020-06-27;124
2020-06-26;"Trnavský kraj";0;0;0;0;NA;93227;0;2020-06-26;124
2020-06-25;"Trnavský kraj";0;0;0;0;NA;93227;0;2020-06-25;124
2020-06-24;"Trnavský kraj";0;0;0;0;NA;93227;0;2020-06-24;124
2020-06-23;"Trnavský kraj";0;0;0;0;NA;93227;0;2020-06-23;124
2020-06-22;"Trnavský kraj";0;0;0;0;NA;93227;0;2020-06-22;124
2020-06-21;"Trnavský kraj";0;0;0;0;NA;93227;0;2020-06-21;124
2020-06-20;"Trnavský kraj";0;0;0;0;NA;93227;0;2020-06-20;124
2020-06-19;"Trnavský kraj";0;0;0;0;NA;93227;0;2020-06-19;124
2020-06-18;"Trnavský kraj";2;0;0;0;NA;93227;2;2020-06-18;124
2020-06-17;"Trnavský kraj";0;0;0;0;NA;93227;0;2020-06-17;122
2020-06-16;"Trnavský kraj";0;0;0;0;NA;93227;0;2020-06-16;122
2020-06-14;"Trnavský kraj";0;0;0;0;NA;93227;0;2020-06-14;122
2020-06-13;"Trnavský kraj";0;0;0;0;NA;93227;0;2020-06-13;122
2020-06-12;"Trnavský kraj";0;0;0;0;NA;93227;0;2020-06-12;122
2020-06-11;"Trnavský kraj";0;0;0;0;NA;93227;0;2020-06-11;122
2020-06-10;"Trnavský kraj";0;0;0;0;NA;93227;0;2020-06-10;122
2020-06-09;"Trnavský kraj";0;0;0;0;NA;93227;0;2020-06-09;122
2020-06-08;"Trnavský kraj";0;0;0;0;NA;93227;0;2020-06-08;122
2020-06-07;"Trnavský kraj";0;0;0;0;NA;93227;0;2020-06-07;122
2020-06-05;"Trnavský kraj";0;0;0;0;NA;93227;0;2020-06-05;122
2020-06-03;"Trnavský kraj";0;0;0;0;NA;93227;0;2020-06-03;122
2020-06-02;"Trnavský kraj";0;0;0;0;NA;93227;0;2020-06-02;122
2020-05-31;"Trnavský kraj";0;0;0;0;NA;93227;0;2020-05-31;122
2020-05-29;"Trnavský kraj";0;0;0;0;NA;93227;0;2020-05-29;122
2020-05-27;"Trnavský kraj";0;0;0;0;NA;93227;0;2020-05-27;122
2020-05-26;"Trnavský kraj";0;0;0;0;NA;93227;0;2020-05-26;122
2020-05-25;"Trnavský kraj";1;0;0;0;NA;93227;1;2020-05-25;122
2020-05-24;"Trnavský kraj";0;0;0;0;NA;93227;0;2020-05-24;121
2020-05-23;"Trnavský kraj";2;0;0;0;NA;93227;2;2020-05-23;121
2020-05-22;"Trnavský kraj";0;0;0;0;NA;93227;0;2020-05-22;119
2020-05-21;"Trnavský kraj";0;0;0;0;NA;93227;0;2020-05-21;119
2020-05-20;"Trnavský kraj";2;0;0;0;NA;93227;2;2020-05-20;119
2020-05-19;"Trnavský kraj";0;0;0;0;NA;93227;0;2020-05-19;117
2020-05-17;"Trnavský kraj";0;0;0;0;NA;93227;0;2020-05-17;117
2020-05-16;"Trnavský kraj";0;0;0;0;NA;93227;0;2020-05-16;117
2020-05-15;"Trnavský kraj";1;0;0;0;NA;93227;1;2020-05-15;117
2020-05-14;"Trnavský kraj";0;0;0;0;NA;93227;0;2020-05-14;116
2020-05-13;"Trnavský kraj";0;0;0;0;NA;93227;0;2020-05-13;116
2020-05-12;"Trnavský kraj";0;0;0;0;NA;93227;0;2020-05-12;116
2020-05-11;"Trnavský kraj";2;0;0;0;NA;93227;2;2020-05-11;116
2020-05-09;"Trnavský kraj";0;0;0;0;NA;93227;0;2020-05-09;114
2020-05-07;"Trnavský kraj";0;0;0;0;NA;93227;0;2020-05-07;114
2020-05-06;"Trnavský kraj";0;0;0;0;NA;93227;0;2020-05-06;114
2020-05-05;"Trnavský kraj";0;0;0;0;NA;93227;0;2020-05-05;114
2020-05-04;"Trnavský kraj";0;0;0;0;NA;93227;0;2020-05-04;114
2020-05-03;"Trnavský kraj";0;0;0;0;NA;93227;0;2020-05-03;114
2020-05-02;"Trnavský kraj";0;0;0;0;NA;93227;0;2020-05-02;114
2020-05-01;"Trnavský kraj";0;0;0;0;NA;93227;0;2020-05-01;114
2020-04-30;"Trnavský kraj";0;0;0;0;NA;93227;0;2020-04-30;114
2020-04-29;"Trnavský kraj";0;0;0;0;NA;93227;0;2020-04-29;114
2020-04-28;"Trnavský kraj";1;0;0;0;NA;93227;1;2020-04-28;114
2020-04-27;"Trnavský kraj";0;0;0;0;NA;93227;0;2020-04-27;113
2020-04-26;"Trnavský kraj";0;0;0;0;NA;93227;0;2020-04-26;113
2020-04-25;"Trnavský kraj";2;0;0;0;NA;93227;2;2020-04-25;113
2020-04-24;"Trnavský kraj";4;0;0;0;NA;93227;4;2020-04-24;111
2020-04-23;"Trnavský kraj";5;0;0;0;NA;93227;5;2020-04-23;107
2020-04-22;"Trnavský kraj";10;0;0;0;NA;93227;10;2020-04-22;102
2020-04-21;"Trnavský kraj";5;0;0;0;NA;93227;5;2020-04-21;92
2020-04-20;"Trnavský kraj";0;0;0;0;NA;93227;0;2020-04-20;87
2020-04-19;"Trnavský kraj";1;0;0;0;NA;93227;1;2020-04-19;87
2020-04-18;"Trnavský kraj";4;0;0;0;NA;93227;4;2020-04-18;86
2020-04-17;"Trnavský kraj";7;0;0;0;NA;93227;7;2020-04-17;82
2020-04-16;"Trnavský kraj";5;0;0;0;NA;93227;5;2020-04-16;75
2020-04-15;"Trnavský kraj";5;0;0;0;NA;93227;5;2020-04-15;70
2020-04-14;"Trnavský kraj";1;0;0;0;NA;93227;1;2020-04-14;65
2020-04-13;"Trnavský kraj";0;0;0;0;NA;93227;0;2020-04-13;64
2020-04-12;"Trnavský kraj";0;0;0;0;NA;93227;0;2020-04-12;64
2020-04-11;"Trnavský kraj";0;0;0;0;NA;93227;0;2020-04-11;64
2020-04-10;"Trnavský kraj";2;0;0;0;NA;93227;2;2020-04-10;64
2020-04-09;"Trnavský kraj";3;0;0;0;NA;93227;3;2020-04-09;62
2020-04-08;"Trnavský kraj";4;0;0;0;NA;93227;4;2020-04-08;59
2020-04-07;"Trnavský kraj";6;0;0;0;NA;93227;6;2020-04-07;55
2020-04-06;"Trnavský kraj";6;0;0;0;NA;93227;6;2020-04-06;49
2020-04-05;"Trnavský kraj";1;0;0;0;NA;93227;1;2020-04-05;43
2020-04-04;"Trnavský kraj";1;0;0;0;NA;93227;1;2020-04-04;42
2020-04-03;"Trnavský kraj";3;0;0;0;NA;93227;3;2020-04-03;41
2020-04-02;"Trnavský kraj";4;0;0;0;NA;93227;4;2020-04-02;38
2020-04-01;"Trnavský kraj";0;0;0;0;NA;93227;0;2020-04-01;34
2020-03-31;"Trnavský kraj";3;0;0;0;NA;93227;3;2020-03-31;34
2020-03-30;"Trnavský kraj";4;0;0;0;NA;93227;4;2020-03-30;31
2020-03-29;"Trnavský kraj";1;0;0;0;NA;93227;1;2020-03-29;27
2020-03-28;"Trnavský kraj";3;0;0;0;NA;93227;3;2020-03-28;26
2020-03-27;"Trnavský kraj";5;0;0;0;NA;93227;5;2020-03-27;23
2020-03-26;"Trnavský kraj";5;0;0;0;NA;93227;5;2020-03-26;18
2020-03-25;"Trnavský kraj";1;0;0;0;NA;93227;1;2020-03-25;13
2020-03-24;"Trnavský kraj";0;0;0;0;NA;93227;0;2020-03-24;12
2020-03-23;"Trnavský kraj";2;0;0;0;NA;93227;2;2020-03-23;12
2020-03-22;"Trnavský kraj";1;0;0;0;NA;93227;1;2020-03-22;10
2020-03-21;"Trnavský kraj";5;0;0;0;NA;93227;5;2020-03-21;9
2020-03-20;"Trnavský kraj";0;0;0;0;NA;93227;0;2020-03-20;4
2020-03-19;"Trnavský kraj";0;0;0;0;NA;93227;0;2020-03-19;4
2020-03-18;"Trnavský kraj";0;0;0;0;NA;93227;0;2020-03-18;4
2020-03-17;"Trnavský kraj";3;0;0;0;NA;93227;3;2020-03-17;4
2020-03-16;"Trnavský kraj";1;0;0;0;NA;93227;1;2020-03-16;1
2020-03-15;"Trnavský kraj";0;0;0;0;NA;93227;0;2020-03-15;0
2020-03-14;"Trnavský kraj";0;0;0;0;NA;93227;0;2020-03-14;0
2020-03-13;"Trnavský kraj";1;0;0;0;NA;93227;1;2020-03-13;0
2020-03-12;"Trnavský kraj";1;0;0;0;NA;93227;1;2020-03-12;-1
2020-03-11;"Trnavský kraj";0;0;0;0;NA;93227;0;2020-03-11;-2
2020-03-09;"Trnavský kraj";0;0;0;0;NA;93227;0;2020-03-09;-2
2020-03-08;"Trnavský kraj";0;0;0;0;NA;93227;0;2020-03-08;-2
2020-03-07;"Trnavský kraj";0;0;0;0;NA;93227;0;2020-03-07;-2
2020-03-06;"Trnavský kraj";0;0;0;0;NA;93227;0;2020-03-06;-2
2021-10-10;"Žilinský kraj";113;1383;66;1449;64023;116400;179;2021-10-10;116400
2021-10-09;"Žilinský kraj";201;1511;55;1566;NA;116400;256;2021-10-09;116221
2021-10-08;"Žilinský kraj";265;4064;96;4160;NA;116400;361;2021-10-08;115965
2021-10-07;"Žilinský kraj";338;3339;111;3450;NA;116400;449;2021-10-07;115604
2021-10-06;"Žilinský kraj";313;3889;89;3978;NA;116400;402;2021-10-06;115155
2021-10-05;"Žilinský kraj";387;4024;121;4145;NA;116400;508;2021-10-05;114753
2021-10-04;"Žilinský kraj";297;4436;121;4557;NA;116400;418;2021-10-04;114245
2021-10-03;"Žilinský kraj";22;1596;63;1659;NA;116400;85;2021-10-03;113827
2021-10-02;"Žilinský kraj";209;1990;45;2035;NA;116400;254;2021-10-02;113742
2021-10-01;"Žilinský kraj";263;4044;104;4148;NA;116400;367;2021-10-01;113488
2021-09-30;"Žilinský kraj";248;3518;71;3589;NA;116400;319;2021-09-30;113121
2021-09-29;"Žilinský kraj";285;3539;75;3614;NA;116400;360;2021-09-29;112802
2021-09-28;"Žilinský kraj";272;3656;73;3729;NA;116400;345;2021-09-28;112442
2021-09-27;"Žilinský kraj";239;4405;152;4557;NA;116400;391;2021-09-27;112097
2021-09-26;"Žilinský kraj";17;1665;42;1707;NA;116400;59;2021-09-26;111706
2021-09-25;"Žilinský kraj";111;1711;50;1761;NA;116400;161;2021-09-25;111647
2021-09-24;"Žilinský kraj";199;6127;98;6225;NA;116400;297;2021-09-24;111486
2021-09-23;"Žilinský kraj";176;2612;74;2686;NA;116400;250;2021-09-23;111189
2021-09-22;"Žilinský kraj";185;2728;77;2805;NA;116400;262;2021-09-22;110939
2021-09-21;"Žilinský kraj";250;3123;78;3201;NA;116400;328;2021-09-21;110677
2021-09-20;"Žilinský kraj";244;3217;95;3312;NA;116400;339;2021-09-20;110349
2021-09-19;"Žilinský kraj";26;1579;37;1616;NA;116400;63;2021-09-19;110010
2021-09-18;"Žilinský kraj";87;1441;45;1486;NA;116400;132;2021-09-18;109947
2021-09-17;"Žilinský kraj";192;3347;56;3403;NA;116400;248;2021-09-17;109815
2021-09-16;"Žilinský kraj";164;2724;87;2811;NA;116400;251;2021-09-16;109567
2021-09-15;"Žilinský kraj";31;555;11;566;NA;116400;42;2021-09-15;109316
2021-09-14;"Žilinský kraj";155;3681;70;3751;NA;116400;225;2021-09-14;109274
2021-09-13;"Žilinský kraj";81;3224;75;3299;NA;116400;156;2021-09-13;109049
2021-09-12;"Žilinský kraj";9;1138;24;1162;NA;116400;33;2021-09-12;108893
2021-09-11;"Žilinský kraj";47;1322;21;1343;NA;116400;68;2021-09-11;108860
2021-09-10;"Žilinský kraj";66;2434;34;2468;NA;116400;100;2021-09-10;108792
2021-09-09;"Žilinský kraj";56;2352;18;2370;NA;116400;74;2021-09-09;108692
2021-09-08;"Žilinský kraj";68;1560;24;1584;NA;116400;92;2021-09-08;108618
2021-09-07;"Žilinský kraj";72;1806;27;1833;NA;116400;99;2021-09-07;108526
2021-09-06;"Žilinský kraj";31;2372;45;2417;NA;116400;76;2021-09-06;108427
2021-09-05;"Žilinský kraj";11;785;8;793;NA;116400;19;2021-09-05;108351
2021-09-04;"Žilinský kraj";24;1080;5;1085;NA;116400;29;2021-09-04;108332
2021-09-03;"Žilinský kraj";52;2045;28;2073;NA;116400;80;2021-09-03;108303
2021-09-02;"Žilinský kraj";30;1428;22;1450;NA;116400;52;2021-09-02;108223
2021-09-01;"Žilinský kraj";5;461;6;467;NA;116400;11;2021-09-01;108171
2021-08-31;"Žilinský kraj";32;1710;15;1725;NA;116400;47;2021-08-31;108160
2021-08-30;"Žilinský kraj";7;1772;4;1776;NA;116400;11;2021-08-30;108113
2021-08-29;"Žilinský kraj";8;631;5;636;NA;116400;13;2021-08-29;108102
2021-08-28;"Žilinský kraj";2;1005;1;1006;NA;116400;3;2021-08-28;108089
2021-08-27;"Žilinský kraj";13;1765;12;1777;NA;116400;25;2021-08-27;108086
2021-08-26;"Žilinský kraj";17;1636;7;1643;NA;116400;24;2021-08-26;108061
2021-08-25;"Žilinský kraj";9;1203;11;1214;NA;116400;20;2021-08-25;108037
2021-08-24;"Žilinský kraj";6;1395;9;1404;NA;116400;15;2021-08-24;108017
2021-08-23;"Žilinský kraj";11;1877;7;1884;NA;116400;18;2021-08-23;108002
2021-08-22;"Žilinský kraj";2;733;3;736;NA;116400;5;2021-08-22;107984
2021-08-21;"Žilinský kraj";6;1183;2;1185;NA;116400;8;2021-08-21;107979
2021-08-20;"Žilinský kraj";7;2284;5;2289;NA;116400;12;2021-08-20;107971
2021-08-19;"Žilinský kraj";6;1327;3;1330;NA;116400;9;2021-08-19;107959
2021-08-18;"Žilinský kraj";4;1331;7;1338;NA;116400;11;2021-08-18;107950
2021-08-17;"Žilinský kraj";9;1219;3;1222;NA;116400;12;2021-08-17;107939
2021-08-16;"Žilinský kraj";14;1636;5;1641;NA;116400;19;2021-08-16;107927
2021-08-15;"Žilinský kraj";1;880;2;882;NA;116400;3;2021-08-15;107908
2021-08-14;"Žilinský kraj";5;1197;0;1197;NA;116400;5;2021-08-14;107905
2021-08-13;"Žilinský kraj";6;1685;0;1685;NA;116400;6;2021-08-13;107900
2021-08-12;"Žilinský kraj";4;1256;4;1260;NA;116400;8;2021-08-12;107894
2021-08-11;"Žilinský kraj";13;1250;3;1253;NA;116400;16;2021-08-11;107886
2021-08-10;"Žilinský kraj";12;1292;3;1295;NA;116400;15;2021-08-10;107870
2021-08-09;"Žilinský kraj";9;1142;1;1143;NA;116400;10;2021-08-09;107855
2021-08-08;"Žilinský kraj";1;748;5;753;NA;116400;6;2021-08-08;107845
2021-08-07;"Žilinský kraj";7;1192;1;1193;NA;116400;8;2021-08-07;107839
2021-08-06;"Žilinský kraj";1;1347;0;1347;NA;116400;1;2021-08-06;107831
2021-08-05;"Žilinský kraj";7;1148;3;1151;NA;116400;10;2021-08-05;107830
2021-08-04;"Žilinský kraj";12;875;0;875;NA;116400;12;2021-08-04;107820
2021-08-03;"Žilinský kraj";11;918;0;918;NA;116400;11;2021-08-03;107808
2021-08-02;"Žilinský kraj";5;1513;1;1514;NA;116400;6;2021-08-02;107797
2021-08-01;"Žilinský kraj";0;679;2;681;NA;116400;2;2021-08-01;107791
2021-07-31;"Žilinský kraj";4;1114;0;1114;NA;116400;4;2021-07-31;107789
2021-07-30;"Žilinský kraj";3;1604;0;1604;NA;116400;3;2021-07-30;107785
2021-07-29;"Žilinský kraj";1;1299;0;1299;NA;116400;1;2021-07-29;107782
2021-07-28;"Žilinský kraj";4;901;0;901;NA;116400;4;2021-07-28;107781
2021-07-27;"Žilinský kraj";11;1378;0;1378;NA;116400;11;2021-07-27;107777
2021-07-26;"Žilinský kraj";1;1301;1;1302;NA;116400;2;2021-07-26;107766
2021-07-25;"Žilinský kraj";2;828;2;830;NA;116400;4;2021-07-25;107764
2021-07-24;"Žilinský kraj";2;1338;2;1340;NA;116400;4;2021-07-24;107760
2021-07-23;"Žilinský kraj";4;1750;0;1750;NA;116400;4;2021-07-23;107756
2021-07-22;"Žilinský kraj";2;1207;0;1207;NA;116400;2;2021-07-22;107752
2021-07-21;"Žilinský kraj";2;1021;0;1021;NA;116400;2;2021-07-21;107750
2021-07-20;"Žilinský kraj";4;1439;0;1439;NA;116400;4;2021-07-20;107748
2021-07-19;"Žilinský kraj";4;1763;1;1764;NA;116400;5;2021-07-19;107744
2021-07-18;"Žilinský kraj";0;854;1;855;NA;116400;1;2021-07-18;107739
2021-07-17;"Žilinský kraj";0;1350;0;1350;NA;116400;0;2021-07-17;107738
2021-07-16;"Žilinský kraj";2;1767;0;1767;NA;116400;2;2021-07-16;107738
2021-07-15;"Žilinský kraj";2;1577;0;1577;NA;116400;2;2021-07-15;107736
2021-07-14;"Žilinský kraj";5;1042;1;1043;NA;116400;6;2021-07-14;107734
2021-07-13;"Žilinský kraj";3;1709;1;1710;NA;116400;4;2021-07-13;107728
2021-07-12;"Žilinský kraj";3;1325;1;1326;NA;116400;4;2021-07-12;107724
2021-07-11;"Žilinský kraj";2;989;0;989;NA;116400;2;2021-07-11;107720
2021-07-10;"Žilinský kraj";1;1511;4;1515;NA;116400;5;2021-07-10;107718
2021-07-09;"Žilinský kraj";1;2208;1;2209;NA;116400;2;2021-07-09;107713
2021-07-08;"Žilinský kraj";6;1776;3;1779;NA;116400;9;2021-07-08;107711
2021-07-07;"Žilinský kraj";1;1585;3;1588;NA;116400;4;2021-07-07;107702
2021-07-06;"Žilinský kraj";4;1956;0;1956;NA;116400;4;2021-07-06;107698
2021-07-05;"Žilinský kraj";2;921;1;922;NA;116400;3;2021-07-05;107694
2021-07-04;"Žilinský kraj";0;921;0;921;NA;116400;0;2021-07-04;107691
2021-07-03;"Žilinský kraj";1;1607;1;1608;NA;116400;2;2021-07-03;107691
2021-07-02;"Žilinský kraj";0;3428;3;3431;NA;116400;3;2021-07-02;107689
2021-07-01;"Žilinský kraj";1;1118;0;1118;NA;116400;1;2021-07-01;107686
2021-06-30;"Žilinský kraj";1;10382;6;10388;NA;116400;7;2021-06-30;107685
2021-06-29;"Žilinský kraj";10;5946;0;5946;NA;116400;10;2021-06-29;107678
2021-06-28;"Žilinský kraj";4;6245;2;6247;NA;116400;6;2021-06-28;107668
2021-06-27;"Žilinský kraj";3;4702;1;4703;NA;116400;4;2021-06-27;107662
2021-06-26;"Žilinský kraj";4;5919;0;5919;NA;116400;4;2021-06-26;107658
2021-06-25;"Žilinský kraj";8;9756;5;9761;NA;116400;13;2021-06-25;107654
2021-06-24;"Žilinský kraj";6;5657;3;5660;NA;116400;9;2021-06-24;107641
2021-06-23;"Žilinský kraj";7;5955;10;5965;NA;116400;17;2021-06-23;107632
2021-06-22;"Žilinský kraj";6;5214;8;5222;NA;116400;14;2021-06-22;107615
2021-06-21;"Žilinský kraj";6;6287;8;6295;NA;116400;14;2021-06-21;107601
2021-06-20;"Žilinský kraj";1;5531;8;5539;NA;116400;9;2021-06-20;107587
2021-06-19;"Žilinský kraj";9;8353;2;8355;NA;116400;11;2021-06-19;107578
2021-06-18;"Žilinský kraj";11;10624;12;10636;NA;116400;23;2021-06-18;107567
2021-06-17;"Žilinský kraj";10;6092;12;6104;NA;116400;22;2021-06-17;107544
2021-06-16;"Žilinský kraj";17;5786;11;5797;NA;116400;28;2021-06-16;107522
2021-06-15;"Žilinský kraj";13;5996;13;6009;NA;116400;26;2021-06-15;107494
2021-06-14;"Žilinský kraj";10;7554;21;7575;NA;116400;31;2021-06-14;107468
2021-06-13;"Žilinský kraj";2;6682;9;6691;NA;116400;11;2021-06-13;107437
2021-06-12;"Žilinský kraj";9;8634;11;8645;NA;116400;20;2021-06-12;107426
2021-06-11;"Žilinský kraj";11;11566;14;11580;NA;116400;25;2021-06-11;107406
2021-06-10;"Žilinský kraj";14;6788;14;6802;NA;116400;28;2021-06-10;107381
2021-06-09;"Žilinský kraj";23;5925;14;5939;NA;116400;37;2021-06-09;107353
2021-06-08;"Žilinský kraj";18;6615;16;6631;NA;116400;34;2021-06-08;107316
2021-06-07;"Žilinský kraj";25;8534;21;8555;NA;116400;46;2021-06-07;107282
2021-06-06;"Žilinský kraj";10;8056;27;8083;NA;116400;37;2021-06-06;107236
2021-06-05;"Žilinský kraj";8;9175;10;9185;NA;116400;18;2021-06-05;107199
2021-06-04;"Žilinský kraj";19;12215;34;12249;NA;116400;53;2021-06-04;107181
2021-06-03;"Žilinský kraj";12;7033;33;7066;NA;116400;45;2021-06-03;107128
2021-06-02;"Žilinský kraj";17;7090;28;7118;NA;116400;45;2021-06-02;107083
2021-06-01;"Žilinský kraj";38;8285;46;8331;NA;116400;84;2021-06-01;107038
2021-05-31;"Žilinský kraj";31;9616;59;9675;NA;116400;90;2021-05-31;106954
2021-05-30;"Žilinský kraj";21;9025;35;9060;NA;116400;56;2021-05-30;106864
2021-05-29;"Žilinský kraj";13;11195;23;11218;NA;116400;36;2021-05-29;106808
2021-05-28;"Žilinský kraj";28;13277;30;13307;NA;116400;58;2021-05-28;106772
2021-05-27;"Žilinský kraj";17;8267;39;8306;NA;116400;56;2021-05-27;106714
2021-05-26;"Žilinský kraj";20;8329;25;8354;NA;116400;45;2021-05-26;106658
2021-05-25;"Žilinský kraj";21;9624;38;9662;NA;116400;59;2021-05-25;106613
2021-05-24;"Žilinský kraj";36;11487;57;11544;NA;116400;93;2021-05-24;106554
2021-05-23;"Žilinský kraj";4;10923;56;10979;NA;116400;60;2021-05-23;106461
2021-05-22;"Žilinský kraj";21;11893;28;11921;NA;116400;49;2021-05-22;106401
2021-05-21;"Žilinský kraj";28;15654;50;15704;NA;116400;78;2021-05-21;106352
2021-05-20;"Žilinský kraj";30;9616;30;9646;NA;116400;60;2021-05-20;106274
2021-05-19;"Žilinský kraj";46;8693;41;8734;NA;116400;87;2021-05-19;106214
2021-05-18;"Žilinský kraj";52;10609;44;10653;NA;116400;96;2021-05-18;106127
2021-05-17;"Žilinský kraj";51;12676;84;12760;NA;116400;135;2021-05-17;106031
2021-05-16;"Žilinský kraj";13;14114;42;14156;NA;116400;55;2021-05-16;105896
2021-05-15;"Žilinský kraj";30;18404;35;18439;NA;116400;65;2021-05-15;105841
2021-05-14;"Žilinský kraj";34;21205;82;21287;NA;116400;116;2021-05-14;105776
2021-05-13;"Žilinský kraj";64;11865;51;11916;NA;116400;115;2021-05-13;105660
2021-05-12;"Žilinský kraj";57;10337;51;10388;NA;116400;108;2021-05-12;105545
2021-05-11;"Žilinský kraj";70;12174;51;12225;NA;116400;121;2021-05-11;105437
2021-05-10;"Žilinský kraj";69;16182;72;16254;NA;116400;141;2021-05-10;105316
2021-05-09;"Žilinský kraj";58;20385;77;20462;NA;116400;135;2021-05-09;105175
2021-05-08;"Žilinský kraj";0;24133;63;24196;NA;116400;63;2021-05-08;105040
2021-05-07;"Žilinský kraj";65;26522;87;26609;NA;116400;152;2021-05-07;104977
2021-05-06;"Žilinský kraj";67;16605;72;16677;NA;116400;139;2021-05-06;104825
2021-05-05;"Žilinský kraj";71;13096;73;13169;NA;116400;144;2021-05-05;104686
2021-05-04;"Žilinský kraj";81;16749;80;16829;NA;116400;161;2021-05-04;104542
2021-05-03;"Žilinský kraj";97;20391;111;20502;NA;116400;208;2021-05-03;104381
2021-05-02;"Žilinský kraj";8;28886;64;28950;NA;116400;72;2021-05-02;104173
2021-05-01;"Žilinský kraj";65;55053;105;55158;NA;116400;170;2021-05-01;104101
2021-04-30;"Žilinský kraj";84;44000;117;44117;NA;116400;201;2021-04-30;103931
2021-04-29;"Žilinský kraj";77;24566;101;24667;NA;116400;178;2021-04-29;103730
2021-04-28;"Žilinský kraj";76;19214;91;19305;NA;116400;167;2021-04-28;103552
2021-04-27;"Žilinský kraj";97;21805;110;21915;NA;116400;207;2021-04-27;103385
2021-04-26;"Žilinský kraj";114;27412;136;27548;NA;116400;250;2021-04-26;103178
2021-04-25;"Žilinský kraj";38;35750;82;35832;NA;116400;120;2021-04-25;102928
2021-04-24;"Žilinský kraj";93;78854;157;79011;NA;116400;250;2021-04-24;102808
2021-04-23;"Žilinský kraj";144;49440;153;49593;NA;116400;297;2021-04-23;102558
2021-04-22;"Žilinský kraj";110;25224;132;25356;NA;116400;242;2021-04-22;102261
2021-04-21;"Žilinský kraj";118;20616;145;20761;NA;116400;263;2021-04-21;102019
2021-04-20;"Žilinský kraj";128;23873;136;24009;NA;116400;264;2021-04-20;101756
2021-04-19;"Žilinský kraj";164;32773;210;32983;NA;116400;374;2021-04-19;101492
2021-04-18;"Žilinský kraj";18;36767;91;36858;NA;116400;109;2021-04-18;101118
2021-04-17;"Žilinský kraj";108;89377;156;89533;NA;116400;264;2021-04-17;101009
2021-04-16;"Žilinský kraj";185;47847;208;48055;NA;116400;393;2021-04-16;100745
2021-04-15;"Žilinský kraj";108;24830;130;24960;NA;116400;238;2021-04-15;100352
2021-04-14;"Žilinský kraj";135;23145;145;23290;NA;116400;280;2021-04-14;100114
2021-04-13;"Žilinský kraj";171;25050;135;25185;NA;116400;306;2021-04-13;99834
2021-04-12;"Žilinský kraj";266;30794;189;30983;NA;116400;455;2021-04-12;99528
2021-04-11;"Žilinský kraj";19;37126;107;37233;NA;116400;126;2021-04-11;99073
2021-04-10;"Žilinský kraj";111;86284;237;86521;NA;116400;348;2021-04-10;98947
2021-04-09;"Žilinský kraj";195;41973;206;42179;NA;116400;401;2021-04-09;98599
2021-04-08;"Žilinský kraj";179;24404;141;24545;NA;116400;320;2021-04-08;98198
2021-04-07;"Žilinský kraj";309;28651;174;28825;NA;116400;483;2021-04-07;97878
2021-04-06;"Žilinský kraj";308;40107;301;40408;NA;116400;609;2021-04-06;97395
2021-04-05;"Žilinský kraj";17;14747;140;14887;NA;116400;157;2021-04-05;96786
2021-04-04;"Žilinský kraj";17;16284;69;16353;NA;116400;86;2021-04-04;96629
2021-04-03;"Žilinský kraj";180;100699;403;101102;NA;116400;583;2021-04-03;96543
2021-04-02;"Žilinský kraj";73;22411;83;22494;NA;116400;156;2021-04-02;95960
2021-04-01;"Žilinský kraj";334;43264;240;43504;NA;116400;574;2021-04-01;95804
2021-03-31;"Žilinský kraj";170;31635;247;31882;NA;116400;417;2021-03-31;95230
2021-03-30;"Žilinský kraj";406;26323;243;26566;NA;116400;649;2021-03-30;94813
2021-03-29;"Žilinský kraj";297;28029;268;28297;NA;116400;565;2021-03-29;94164
2021-03-28;"Žilinský kraj";21;36206;239;36445;NA;116400;260;2021-03-28;93599
2021-03-27;"Žilinský kraj";151;89107;353;89460;NA;116400;504;2021-03-27;93339
2021-03-26;"Žilinský kraj";312;51757;330;52087;NA;116400;642;2021-03-26;92835
2021-03-25;"Žilinský kraj";281;27619;214;27833;NA;116400;495;2021-03-25;92193
2021-03-24;"Žilinský kraj";280;21268;260;21528;NA;116400;540;2021-03-24;91698
2021-03-23;"Žilinský kraj";418;23193;278;23471;NA;116400;696;2021-03-23;91158
2021-03-22;"Žilinský kraj";293;29289;314;29603;NA;116400;607;2021-03-22;90462
2021-03-21;"Žilinský kraj";32;33705;227;33932;NA;116400;259;2021-03-21;89855
2021-03-20;"Žilinský kraj";165;93015;497;93512;NA;116400;662;2021-03-20;89596
2021-03-19;"Žilinský kraj";357;51988;414;52402;NA;116400;771;2021-03-19;88934
2021-03-18;"Žilinský kraj";329;28459;294;28753;NA;116400;623;2021-03-18;88163
2021-03-17;"Žilinský kraj";395;21919;269;22188;NA;116400;664;2021-03-17;87540
2021-03-16;"Žilinský kraj";514;24341;317;24658;NA;116400;831;2021-03-16;86876
2021-03-15;"Žilinský kraj";341;29613;419;30032;NA;116400;760;2021-03-15;86045
2021-03-14;"Žilinský kraj";87;34121;267;34388;NA;116400;354;2021-03-14;85285
2021-03-13;"Žilinský kraj";113;93386;581;93967;NA;116400;694;2021-03-13;84931
2021-03-12;"Žilinský kraj";520;52329;411;52740;NA;116400;931;2021-03-12;84237
2021-03-11;"Žilinský kraj";399;28189;302;28491;NA;116400;701;2021-03-11;83306
2021-03-10;"Žilinský kraj";368;22414;378;22792;NA;116400;746;2021-03-10;82605
2021-03-09;"Žilinský kraj";537;24857;316;25173;NA;116400;853;2021-03-09;81859
2021-03-08;"Žilinský kraj";387;30873;458;31331;NA;116400;845;2021-03-08;81006
2021-03-07;"Žilinský kraj";48;33469;290;33759;NA;116400;338;2021-03-07;80161
2021-03-06;"Žilinský kraj";173;92410;589;92999;NA;116400;762;2021-03-06;79823
2021-03-05;"Žilinský kraj";369;51987;484;52471;NA;116400;853;2021-03-05;79061
2021-03-04;"Žilinský kraj";467;30037;377;30414;NA;116400;844;2021-03-04;78208
2021-03-03;"Žilinský kraj";448;26261;394;26655;NA;116400;842;2021-03-03;77364
2021-03-02;"Žilinský kraj";551;25913;378;26291;NA;116400;929;2021-03-02;76522
2021-03-01;"Žilinský kraj";375;30498;441;30939;NA;116400;816;2021-03-01;75593
2021-02-28;"Žilinský kraj";61;34802;327;35129;NA;116400;388;2021-02-28;74777
2021-02-27;"Žilinský kraj";159;83781;639;84420;NA;116400;798;2021-02-27;74389
2021-02-26;"Žilinský kraj";459;47500;508;48008;NA;116400;967;2021-02-26;73591
2021-02-25;"Žilinský kraj";347;30879;393;31272;NA;116400;740;2021-02-25;72624
2021-02-24;"Žilinský kraj";339;18760;395;19155;NA;116400;734;2021-02-24;71884
2021-02-23;"Žilinský kraj";437;22172;418;22590;NA;116400;855;2021-02-23;71150
2021-02-22;"Žilinský kraj";345;29270;438;29708;NA;116400;783;2021-02-22;70295
2021-02-21;"Žilinský kraj";36;28686;322;29008;NA;116400;358;2021-02-21;69512
2021-02-20;"Žilinský kraj";152;89944;671;90615;NA;116400;823;2021-02-20;69154
2021-02-19;"Žilinský kraj";337;45541;417;45958;NA;116400;754;2021-02-19;68331
2021-02-18;"Žilinský kraj";263;24662;337;24999;NA;116400;600;2021-02-18;67577
2021-02-17;"Žilinský kraj";269;17932;355;18287;NA;116400;624;2021-02-17;66977
2021-02-16;"Žilinský kraj";321;24298;325;24623;NA;116400;646;2021-02-16;66353
2021-02-15;"Žilinský kraj";230;30420;311;30731;NA;116400;541;2021-02-15;65707
2021-02-14;"Žilinský kraj";30;28574;231;28805;NA;116400;261;2021-02-14;65166
2021-02-13;"Žilinský kraj";91;69638;453;70091;NA;116400;544;2021-02-13;64905
2021-02-12;"Žilinský kraj";242;43338;336;43674;NA;116400;578;2021-02-12;64361
2021-02-11;"Žilinský kraj";228;23521;300;23821;NA;116400;528;2021-02-11;63783
2021-02-10;"Žilinský kraj";259;17894;267;18161;NA;116400;526;2021-02-10;63255
2021-02-09;"Žilinský kraj";377;24784;274;25058;NA;116400;651;2021-02-09;62729
2021-02-08;"Žilinský kraj";160;41375;390;41765;NA;116400;550;2021-02-08;62078
2021-02-07;"Žilinský kraj";24;46446;252;46698;NA;116400;276;2021-02-07;61528
2021-02-06;"Žilinský kraj";71;72880;367;73247;NA;116400;438;2021-02-06;61252
2021-02-05;"Žilinský kraj";248;31869;323;32192;NA;116400;571;2021-02-05;60814
2021-02-04;"Žilinský kraj";238;13240;258;13498;NA;116400;496;2021-02-04;60243
2021-02-03;"Žilinský kraj";194;9186;255;9441;NA;116400;449;2021-02-03;59747
2021-02-02;"Žilinský kraj";216;9280;272;9552;NA;116400;488;2021-02-02;59298
2021-02-01;"Žilinský kraj";220;19690;370;20060;NA;116400;590;2021-02-01;58810
2021-01-31;"Žilinský kraj";11;2652;27;2679;NA;116400;38;2021-01-31;58220
2021-01-30;"Žilinský kraj";85;18447;187;18634;NA;116400;272;2021-01-30;58182
2021-01-29;"Žilinský kraj";209;22891;304;23195;NA;116400;513;2021-01-29;57910
2021-01-28;"Žilinský kraj";240;5533;172;5705;NA;116400;412;2021-01-28;57397
2021-01-27;"Žilinský kraj";256;6725;119;6844;NA;116400;375;2021-01-27;56985
2021-01-26;"Žilinský kraj";245;49781;348;50129;NA;116400;593;2021-01-26;56610
2021-01-25;"Žilinský kraj";159;21245;150;21395;NA;116400;309;2021-01-25;56017
2021-01-24;"Žilinský kraj";22;55835;268;56103;NA;116400;290;2021-01-24;55708
2021-01-23;"Žilinský kraj";91;101730;444;102174;NA;116400;535;2021-01-23;55418
2021-01-22;"Žilinský kraj";163;32160;237;32397;NA;116400;400;2021-01-22;54883
2021-01-21;"Žilinský kraj";116;19828;181;20009;NA;116400;297;2021-01-21;54483
2021-01-20;"Žilinský kraj";236;17126;159;17285;NA;116400;395;2021-01-20;54186
2021-01-19;"Žilinský kraj";245;15730;285;16015;NA;116400;530;2021-01-19;53791
2021-01-18;"Žilinský kraj";236;12685;326;13011;NA;116400;562;2021-01-18;53261
2021-01-17;"Žilinský kraj";95;147;8;155;NA;116400;103;2021-01-17;52699
2021-01-16;"Žilinský kraj";14;516;31;547;NA;116400;45;2021-01-16;52596
2021-01-15;"Žilinský kraj";248;7486;209;7695;NA;116400;457;2021-01-15;52551
2021-01-14;"Žilinský kraj";166;5319;239;5558;NA;116400;405;2021-01-14;52094
2021-01-13;"Žilinský kraj";247;11263;557;11820;NA;116400;804;2021-01-13;51689
2021-01-12;"Žilinský kraj";376;8410;385;8795;NA;116400;761;2021-01-12;50885
2021-01-11;"Žilinský kraj";351;10058;465;10523;NA;116400;816;2021-01-11;50124
2021-01-10;"Žilinský kraj";38;229;6;235;NA;116400;44;2021-01-10;49308
2021-01-09;"Žilinský kraj";192;1282;60;1342;NA;116400;252;2021-01-09;49264
2021-01-08;"Žilinský kraj";413;8721;462;9183;NA;116400;875;2021-01-08;49012
2021-01-07;"Žilinský kraj";438;23407;1872;25279;NA;116400;2310;2021-01-07;48137
2021-01-06;"Žilinský kraj";145;1076;67;1143;NA;116400;212;2021-01-06;45827
2021-01-05;"Žilinský kraj";717;10227;796;11023;NA;116400;1513;2021-01-05;45615
2021-01-04;"Žilinský kraj";479;9313;893;10206;NA;116400;1372;2021-01-04;44102
2021-01-03;"Žilinský kraj";13;1006;107;1113;NA;116400;120;2021-01-03;42730
2021-01-02;"Žilinský kraj";98;789;91;880;NA;116400;189;2021-01-02;42610
2021-01-01;"Žilinský kraj";118;241;13;254;NA;116400;131;2021-01-01;42421
2020-12-31;"Žilinský kraj";395;9626;784;10410;NA;116400;1179;2020-12-31;42290
2020-12-30;"Žilinský kraj";1038;11781;823;12604;NA;116400;1861;2020-12-30;41111
2020-12-29;"Žilinský kraj";256;10159;979;11138;NA;116400;1235;2020-12-29;39250
2020-12-28;"Žilinský kraj";406;10704;976;11680;NA;116400;1382;2020-12-28;38015
2020-12-27;"Žilinský kraj";40;684;94;778;NA;116400;134;2020-12-27;36633
2020-12-26;"Žilinský kraj";135;593;48;641;NA;116400;183;2020-12-26;36499
2020-12-25;"Žilinský kraj";66;83;9;92;NA;116400;75;2020-12-25;36316
2020-12-24;"Žilinský kraj";643;667;55;722;NA;116400;698;2020-12-24;36241
2020-12-23;"Žilinský kraj";228;16229;975;17204;NA;116400;1203;2020-12-23;35543
2020-12-22;"Žilinský kraj";519;13483;988;14471;NA;116400;1507;2020-12-22;34340
2020-12-21;"Žilinský kraj";444;12429;1078;13507;NA;116400;1522;2020-12-21;32833
2020-12-20;"Žilinský kraj";36;598;80;678;NA;116400;116;2020-12-20;31311
2020-12-19;"Žilinský kraj";208;1678;127;1805;NA;116400;335;2020-12-19;31195
2020-12-18;"Žilinský kraj";333;6553;370;6923;NA;116400;703;2020-12-18;30860
2020-12-17;"Žilinský kraj";500;3922;262;4184;NA;116400;762;2020-12-17;30157
2020-12-16;"Žilinský kraj";333;3815;267;4082;NA;116400;600;2020-12-16;29395
2020-12-15;"Žilinský kraj";528;3729;340;4069;NA;116400;868;2020-12-15;28795
2020-12-14;"Žilinský kraj";321;3884;309;4193;NA;116400;630;2020-12-14;27927
2020-12-13;"Žilinský kraj";26;494;66;560;NA;116400;92;2020-12-13;27297
2020-12-12;"Žilinský kraj";95;767;46;813;NA;116400;141;2020-12-12;27205
2020-12-11;"Žilinský kraj";455;3938;227;4165;NA;116400;682;2020-12-11;27064
2020-12-10;"Žilinský kraj";166;9129;838;9967;NA;116400;1004;2020-12-10;26382
2020-12-09;"Žilinský kraj";392;2169;132;2301;NA;116400;524;2020-12-09;25378
2020-12-08;"Žilinský kraj";331;3127;101;3228;NA;116400;432;2020-12-08;24854
2020-12-07;"Žilinský kraj";348;2746;162;2908;NA;116400;510;2020-12-07;24422
2020-12-06;"Žilinský kraj";15;128;6;134;NA;116400;21;2020-12-06;23912
2020-12-05;"Žilinský kraj";98;781;41;822;NA;116400;139;2020-12-05;23891
2020-12-04;"Žilinský kraj";228;3091;107;3198;NA;116400;335;2020-12-04;23752
2020-12-03;"Žilinský kraj";237;1609;115;1724;NA;116400;352;2020-12-03;23417
2020-12-02;"Žilinský kraj";181;1710;94;1804;NA;116400;275;2020-12-02;23065
2020-12-01;"Žilinský kraj";209;6239;284;6523;NA;116400;493;2020-12-01;22790
2020-11-30;"Žilinský kraj";203;5326;305;5631;NA;116400;508;2020-11-30;22297
2020-11-29;"Žilinský kraj";18;81;7;88;NA;116400;25;2020-11-29;21789
2020-11-28;"Žilinský kraj";99;349;15;364;NA;116400;114;2020-11-28;21764
2020-11-27;"Žilinský kraj";218;904;46;950;NA;116400;264;2020-11-27;21650
2020-11-26;"Žilinský kraj";190;1041;54;1095;NA;116400;244;2020-11-26;21386
2020-11-25;"Žilinský kraj";225;1217;49;1266;NA;116400;274;2020-11-25;21142
2020-11-24;"Žilinský kraj";213;2139;67;2206;NA;116400;280;2020-11-24;20868
2020-11-23;"Žilinský kraj";170;759;44;803;NA;116400;214;2020-11-23;20588
2020-11-22;"Žilinský kraj";11;67;2;69;NA;116400;13;2020-11-22;20374
2020-11-21;"Žilinský kraj";61;505;20;525;NA;116400;81;2020-11-21;20361
2020-11-20;"Žilinský kraj";251;1074;45;1119;NA;116400;296;2020-11-20;20280
2020-11-19;"Žilinský kraj";252;752;61;813;NA;116400;313;2020-11-19;19984
2020-11-18;"Žilinský kraj";346;348;15;363;NA;116400;361;2020-11-18;19671
2020-11-17;"Žilinský kraj";123;490;15;505;NA;116400;138;2020-11-17;19310
2020-11-16;"Žilinský kraj";227;247;15;262;NA;116400;242;2020-11-16;19172
2020-11-15;"Žilinský kraj";63;13;0;13;NA;116400;63;2020-11-15;18930
2020-11-14;"Žilinský kraj";189;1038;11;1049;NA;116400;200;2020-11-14;18867
2020-11-13;"Žilinský kraj";181;125;9;134;NA;116400;190;2020-11-13;18667
2020-11-12;"Žilinský kraj";334;79;2;81;NA;116400;336;2020-11-12;18477
2020-11-11;"Žilinský kraj";489;147;10;157;NA;116400;499;2020-11-11;18141
2020-11-10;"Žilinský kraj";374;519;9;528;NA;116400;383;2020-11-10;17642
2020-11-09;"Žilinský kraj";143;2335;30;2365;NA;116400;173;2020-11-09;17259
2020-11-08;"Žilinský kraj";59;2538;37;2575;NA;116400;96;2020-11-08;17086
2020-11-07;"Žilinský kraj";312;8175;88;8263;NA;116400;400;2020-11-07;16990
2020-11-06;"Žilinský kraj";503;4090;38;4128;NA;116400;541;2020-11-06;16590
2020-11-05;"Žilinský kraj";473;64;4;68;NA;116400;477;2020-11-05;16049
2020-11-04;"Žilinský kraj";423;178;10;188;NA;116400;433;2020-11-04;15572
2020-11-03;"Žilinský kraj";688;889;16;905;NA;116400;704;2020-11-03;15139
2020-11-02;"Žilinský kraj";472;1043;39;1082;NA;116400;511;2020-11-02;14435
2020-11-01;"Žilinský kraj";349;5096;130;5226;NA;116400;479;2020-11-01;13924
2020-10-31;"Žilinský kraj";661;7963;203;8166;NA;116400;864;2020-10-31;13445
2020-10-30;"Žilinský kraj";529;2575;61;2636;NA;116400;590;2020-10-30;12581
2020-10-29;"Žilinský kraj";740;503;17;520;NA;116400;757;2020-10-29;11991
2020-10-28;"Žilinský kraj";635;105;11;116;NA;116400;646;2020-10-28;11234
2020-10-27;"Žilinský kraj";355;154;24;178;NA;116400;379;2020-10-27;10588
2020-10-26;"Žilinský kraj";148;117;28;145;NA;116400;176;2020-10-26;10209
2020-10-25;"Žilinský kraj";436;0;0;0;NA;116400;436;2020-10-25;10033
2020-10-24;"Žilinský kraj";803;0;0;0;NA;116400;803;2020-10-24;9597
2020-10-23;"Žilinský kraj";659;102;13;115;NA;116400;672;2020-10-23;8794
2020-10-22;"Žilinský kraj";525;33;3;36;NA;116400;528;2020-10-22;8122
2020-10-21;"Žilinský kraj";478;74;14;88;NA;116400;492;2020-10-21;7594
2020-10-20;"Žilinský kraj";524;127;8;135;NA;116400;532;2020-10-20;7102
2020-10-19;"Žilinský kraj";70;80;12;92;NA;116400;82;2020-10-19;6570
2020-10-18;"Žilinský kraj";159;0;0;0;NA;116400;159;2020-10-18;6488
2020-10-17;"Žilinský kraj";509;0;0;0;NA;116400;509;2020-10-17;6329
2020-10-16;"Žilinský kraj";603;51;9;60;NA;116400;612;2020-10-16;5820
2020-10-15;"Žilinský kraj";679;61;3;64;NA;116400;682;2020-10-15;5208
2020-10-14;"Žilinský kraj";523;269;6;275;NA;116400;529;2020-10-14;4526
2020-10-13;"Žilinský kraj";367;458;40;498;NA;116400;407;2020-10-13;3997
2020-10-12;"Žilinský kraj";62;0;0;0;NA;116400;62;2020-10-12;3590
2020-10-11;"Žilinský kraj";50;0;0;0;NA;116400;50;2020-10-11;3528
2020-10-10;"Žilinský kraj";213;0;0;0;NA;116400;213;2020-10-10;3478
2020-10-09;"Žilinský kraj";543;0;0;0;NA;116400;543;2020-10-09;3265
2020-10-08;"Žilinský kraj";238;0;0;0;NA;116400;238;2020-10-08;2722
2020-10-07;"Žilinský kraj";168;0;0;0;NA;116400;168;2020-10-07;2484
2020-10-06;"Žilinský kraj";233;0;0;0;NA;116400;233;2020-10-06;2316
2020-10-05;"Žilinský kraj";33;0;0;0;NA;116400;33;2020-10-05;2083
2020-10-04;"Žilinský kraj";35;0;0;0;NA;116400;35;2020-10-04;2050
2020-10-03;"Žilinský kraj";155;0;0;0;NA;116400;155;2020-10-03;2015
2020-10-02;"Žilinský kraj";105;0;0;0;NA;116400;105;2020-10-02;1860
2020-10-01;"Žilinský kraj";147;0;0;0;NA;116400;147;2020-10-01;1755
2020-09-30;"Žilinský kraj";163;0;0;0;NA;116400;163;2020-09-30;1608
2020-09-29;"Žilinský kraj";105;0;0;0;NA;116400;105;2020-09-29;1445
2020-09-28;"Žilinský kraj";34;0;0;0;NA;116400;34;2020-09-28;1340
2020-09-27;"Žilinský kraj";108;0;0;0;NA;116400;108;2020-09-27;1306
2020-09-26;"Žilinský kraj";96;0;0;0;NA;116400;96;2020-09-26;1198
2020-09-25;"Žilinský kraj";69;0;0;0;NA;116400;69;2020-09-25;1102
2020-09-24;"Žilinský kraj";100;0;0;0;NA;116400;100;2020-09-24;1033
2020-09-23;"Žilinský kraj";65;0;0;0;NA;116400;65;2020-09-23;933
2020-09-22;"Žilinský kraj";65;0;0;0;NA;116400;65;2020-09-22;868
2020-09-21;"Žilinský kraj";47;0;0;0;NA;116400;47;2020-09-21;803
2020-09-20;"Žilinský kraj";4;0;0;0;NA;116400;4;2020-09-20;756
2020-09-19;"Žilinský kraj";6;0;0;0;NA;116400;6;2020-09-19;752
2020-09-18;"Žilinský kraj";82;0;0;0;NA;116400;82;2020-09-18;746
2020-09-17;"Žilinský kraj";30;0;0;0;NA;116400;30;2020-09-17;664
2020-09-16;"Žilinský kraj";34;0;0;0;NA;116400;34;2020-09-16;634
2020-09-15;"Žilinský kraj";12;0;0;0;NA;116400;12;2020-09-15;600
2020-09-14;"Žilinský kraj";39;0;0;0;NA;116400;39;2020-09-14;588
2020-09-13;"Žilinský kraj";6;0;0;0;NA;116400;6;2020-09-13;549
2020-09-12;"Žilinský kraj";4;0;0;0;NA;116400;4;2020-09-12;543
2020-09-11;"Žilinský kraj";31;0;0;0;NA;116400;31;2020-09-11;539
2020-09-10;"Žilinský kraj";31;12;0;12;NA;116400;31;2020-09-10;508
2020-09-09;"Žilinský kraj";23;0;0;0;NA;116400;23;2020-09-09;477
2020-09-08;"Žilinský kraj";25;0;0;0;NA;116400;25;2020-09-08;454
2020-09-07;"Žilinský kraj";11;0;0;0;NA;116400;11;2020-09-07;429
2020-09-06;"Žilinský kraj";0;0;0;0;NA;116400;0;2020-09-06;418
2020-09-05;"Žilinský kraj";2;0;0;0;NA;116400;2;2020-09-05;418
2020-09-04;"Žilinský kraj";33;0;0;0;NA;116400;33;2020-09-04;416
2020-09-03;"Žilinský kraj";18;0;0;0;NA;116400;18;2020-09-03;383
2020-09-02;"Žilinský kraj";16;0;0;0;NA;116400;16;2020-09-02;365
2020-09-01;"Žilinský kraj";4;0;0;0;NA;116400;4;2020-09-01;349
2020-08-31;"Žilinský kraj";5;0;0;0;NA;116400;5;2020-08-31;345
2020-08-30;"Žilinský kraj";3;0;0;0;NA;116400;3;2020-08-30;340
2020-08-29;"Žilinský kraj";5;0;0;0;NA;116400;5;2020-08-29;337
2020-08-28;"Žilinský kraj";13;0;0;0;NA;116400;13;2020-08-28;332
2020-08-27;"Žilinský kraj";18;0;0;0;NA;116400;18;2020-08-27;319
2020-08-26;"Žilinský kraj";8;0;0;0;NA;116400;8;2020-08-26;301
2020-08-25;"Žilinský kraj";2;0;0;0;NA;116400;2;2020-08-25;293
2020-08-24;"Žilinský kraj";5;0;0;0;NA;116400;5;2020-08-24;291
2020-08-23;"Žilinský kraj";0;0;0;0;NA;116400;0;2020-08-23;286
2020-08-22;"Žilinský kraj";0;0;0;0;NA;116400;0;2020-08-22;286
2020-08-21;"Žilinský kraj";10;0;0;0;NA;116400;10;2020-08-21;286
2020-08-20;"Žilinský kraj";13;0;0;0;NA;116400;13;2020-08-20;276
2020-08-19;"Žilinský kraj";7;0;0;0;NA;116400;7;2020-08-19;263
2020-08-18;"Žilinský kraj";9;0;0;0;NA;116400;9;2020-08-18;256
2020-08-17;"Žilinský kraj";1;0;0;0;NA;116400;1;2020-08-17;247
2020-08-16;"Žilinský kraj";0;0;0;0;NA;116400;0;2020-08-16;246
2020-08-15;"Žilinský kraj";0;0;0;0;NA;116400;0;2020-08-15;246
2020-08-14;"Žilinský kraj";4;0;0;0;NA;116400;4;2020-08-14;246
2020-08-13;"Žilinský kraj";2;0;0;0;NA;116400;2;2020-08-13;242
2020-08-12;"Žilinský kraj";0;0;0;0;NA;116400;0;2020-08-12;240
2020-08-11;"Žilinský kraj";4;0;0;0;NA;116400;4;2020-08-11;240
2020-08-10;"Žilinský kraj";1;0;0;0;NA;116400;1;2020-08-10;236
2020-08-09;"Žilinský kraj";0;0;0;0;NA;116400;0;2020-08-09;235
2020-08-08;"Žilinský kraj";3;0;0;0;NA;116400;3;2020-08-08;235
2020-08-07;"Žilinský kraj";8;0;0;0;NA;116400;8;2020-08-07;232
2020-08-06;"Žilinský kraj";1;0;0;0;NA;116400;1;2020-08-06;224
2020-08-05;"Žilinský kraj";1;0;0;0;NA;116400;1;2020-08-05;223
2020-08-04;"Žilinský kraj";2;0;0;0;NA;116400;2;2020-08-04;222
2020-08-03;"Žilinský kraj";0;0;0;0;NA;116400;0;2020-08-03;220
2020-08-02;"Žilinský kraj";1;0;0;0;NA;116400;1;2020-08-02;220
2020-08-01;"Žilinský kraj";0;0;0;0;NA;116400;0;2020-08-01;219
2020-07-31;"Žilinský kraj";4;0;0;0;NA;116400;4;2020-07-31;219
2020-07-30;"Žilinský kraj";2;0;0;0;NA;116400;2;2020-07-30;215
2020-07-29;"Žilinský kraj";2;0;0;0;NA;116400;2;2020-07-29;213
2020-07-28;"Žilinský kraj";4;0;0;0;NA;116400;4;2020-07-28;211
2020-07-27;"Žilinský kraj";6;0;0;0;NA;116400;6;2020-07-27;207
2020-07-26;"Žilinský kraj";0;0;0;0;NA;116400;0;2020-07-26;201
2020-07-25;"Žilinský kraj";0;0;0;0;NA;116400;0;2020-07-25;201
2020-07-24;"Žilinský kraj";2;0;0;0;NA;116400;2;2020-07-24;201
2020-07-23;"Žilinský kraj";0;0;0;0;NA;116400;0;2020-07-23;199
2020-07-22;"Žilinský kraj";1;0;0;0;NA;116400;1;2020-07-22;199
2020-07-21;"Žilinský kraj";2;0;0;0;NA;116400;2;2020-07-21;198
2020-07-20;"Žilinský kraj";3;0;0;0;NA;116400;3;2020-07-20;196
2020-07-19;"Žilinský kraj";0;0;0;0;NA;116400;0;2020-07-19;193
2020-07-18;"Žilinský kraj";0;0;0;0;NA;116400;0;2020-07-18;193
2020-07-17;"Žilinský kraj";2;0;0;0;NA;116400;2;2020-07-17;193
2020-07-16;"Žilinský kraj";2;0;0;0;NA;116400;2;2020-07-16;191
2020-07-15;"Žilinský kraj";2;0;0;0;NA;116400;2;2020-07-15;189
2020-07-14;"Žilinský kraj";1;0;0;0;NA;116400;1;2020-07-14;187
2020-07-13;"Žilinský kraj";0;0;0;0;NA;116400;0;2020-07-13;186
2020-07-12;"Žilinský kraj";0;0;0;0;NA;116400;0;2020-07-12;186
2020-07-11;"Žilinský kraj";2;0;0;0;NA;116400;2;2020-07-11;186
2020-07-10;"Žilinský kraj";3;0;0;0;NA;116400;3;2020-07-10;184
2020-07-09;"Žilinský kraj";2;0;0;0;NA;116400;2;2020-07-09;181
2020-07-08;"Žilinský kraj";10;0;0;0;NA;116400;10;2020-07-08;179
2020-07-07;"Žilinský kraj";7;0;0;0;NA;116400;7;2020-07-07;169
2020-07-06;"Žilinský kraj";0;0;0;0;NA;116400;0;2020-07-06;162
2020-07-05;"Žilinský kraj";0;0;0;0;NA;116400;0;2020-07-05;162
2020-07-04;"Žilinský kraj";10;0;0;0;NA;116400;10;2020-07-04;162
2020-07-03;"Žilinský kraj";18;0;0;0;NA;116400;18;2020-07-03;152
2020-07-02;"Žilinský kraj";7;0;0;0;NA;116400;7;2020-07-02;134
2020-07-01;"Žilinský kraj";0;0;0;0;NA;116400;0;2020-07-01;127
2020-06-30;"Žilinský kraj";4;0;0;0;NA;116400;4;2020-06-30;127
2020-06-29;"Žilinský kraj";0;0;0;0;NA;116400;0;2020-06-29;123
2020-06-28;"Žilinský kraj";1;0;0;0;NA;116400;1;2020-06-28;123
2020-06-27;"Žilinský kraj";3;0;0;0;NA;116400;3;2020-06-27;122
2020-06-26;"Žilinský kraj";5;0;0;0;NA;116400;5;2020-06-26;119
2020-06-25;"Žilinský kraj";7;0;0;0;NA;116400;7;2020-06-25;114
2020-06-24;"Žilinský kraj";11;0;0;0;NA;116400;11;2020-06-24;107
2020-06-23;"Žilinský kraj";9;0;0;0;NA;116400;9;2020-06-23;96
2020-06-22;"Žilinský kraj";0;0;0;0;NA;116400;0;2020-06-22;87
2020-06-21;"Žilinský kraj";1;0;0;0;NA;116400;1;2020-06-21;87
2020-06-20;"Žilinský kraj";1;0;0;0;NA;116400;1;2020-06-20;86
2020-06-19;"Žilinský kraj";4;0;0;0;NA;116400;4;2020-06-19;85
2020-06-18;"Žilinský kraj";1;0;0;0;NA;116400;1;2020-06-18;81
2020-06-17;"Žilinský kraj";0;0;0;0;NA;116400;0;2020-06-17;80
2020-06-16;"Žilinský kraj";1;0;0;0;NA;116400;1;2020-06-16;80
2020-06-14;"Žilinský kraj";0;0;0;0;NA;116400;0;2020-06-14;79
2020-06-13;"Žilinský kraj";0;0;0;0;NA;116400;0;2020-06-13;79
2020-06-12;"Žilinský kraj";0;0;0;0;NA;116400;0;2020-06-12;79
2020-06-11;"Žilinský kraj";0;0;0;0;NA;116400;0;2020-06-11;79
2020-06-10;"Žilinský kraj";0;0;0;0;NA;116400;0;2020-06-10;79
2020-06-09;"Žilinský kraj";1;0;0;0;NA;116400;1;2020-06-09;79
2020-06-08;"Žilinský kraj";0;0;0;0;NA;116400;0;2020-06-08;78
2020-06-07;"Žilinský kraj";0;0;0;0;NA;116400;0;2020-06-07;78
2020-06-05;"Žilinský kraj";0;0;0;0;NA;116400;0;2020-06-05;78
2020-06-03;"Žilinský kraj";0;0;0;0;NA;116400;0;2020-06-03;78
2020-06-02;"Žilinský kraj";0;0;0;0;NA;116400;0;2020-06-02;78
2020-05-31;"Žilinský kraj";0;0;0;0;NA;116400;0;2020-05-31;78
2020-05-29;"Žilinský kraj";0;0;0;0;NA;116400;0;2020-05-29;78
2020-05-27;"Žilinský kraj";1;0;0;0;NA;116400;1;2020-05-27;78
2020-05-26;"Žilinský kraj";1;0;0;0;NA;116400;1;2020-05-26;77
2020-05-25;"Žilinský kraj";0;0;0;0;NA;116400;0;2020-05-25;76
2020-05-24;"Žilinský kraj";0;0;0;0;NA;116400;0;2020-05-24;76
2020-05-23;"Žilinský kraj";0;0;0;0;NA;116400;0;2020-05-23;76
2020-05-22;"Žilinský kraj";0;0;0;0;NA;116400;0;2020-05-22;76
2020-05-21;"Žilinský kraj";0;0;0;0;NA;116400;0;2020-05-21;76
2020-05-20;"Žilinský kraj";0;0;0;0;NA;116400;0;2020-05-20;76
2020-05-19;"Žilinský kraj";1;0;0;0;NA;116400;1;2020-05-19;76
2020-05-17;"Žilinský kraj";0;0;0;0;NA;116400;0;2020-05-17;75
2020-05-16;"Žilinský kraj";0;0;0;0;NA;116400;0;2020-05-16;75
2020-05-15;"Žilinský kraj";0;0;0;0;NA;116400;0;2020-05-15;75
2020-05-14;"Žilinský kraj";0;0;0;0;NA;116400;0;2020-05-14;75
2020-05-13;"Žilinský kraj";0;0;0;0;NA;116400;0;2020-05-13;75
2020-05-12;"Žilinský kraj";0;0;0;0;NA;116400;0;2020-05-12;75
2020-05-11;"Žilinský kraj";0;0;0;0;NA;116400;0;2020-05-11;75
2020-05-09;"Žilinský kraj";0;0;0;0;NA;116400;0;2020-05-09;75
2020-05-07;"Žilinský kraj";0;0;0;0;NA;116400;0;2020-05-07;75
2020-05-06;"Žilinský kraj";2;0;0;0;NA;116400;2;2020-05-06;75
2020-05-05;"Žilinský kraj";3;0;0;0;NA;116400;3;2020-05-05;73
2020-05-04;"Žilinský kraj";3;0;0;0;NA;116400;3;2020-05-04;70
2020-05-03;"Žilinský kraj";1;0;0;0;NA;116400;1;2020-05-03;67
2020-05-02;"Žilinský kraj";0;0;0;0;NA;116400;0;2020-05-02;66
2020-05-01;"Žilinský kraj";1;0;0;0;NA;116400;1;2020-05-01;66
2020-04-30;"Žilinský kraj";0;0;0;0;NA;116400;0;2020-04-30;65
2020-04-29;"Žilinský kraj";0;0;0;0;NA;116400;0;2020-04-29;65
2020-04-28;"Žilinský kraj";0;0;0;0;NA;116400;0;2020-04-28;65
2020-04-27;"Žilinský kraj";0;0;0;0;NA;116400;0;2020-04-27;65
2020-04-26;"Žilinský kraj";0;0;0;0;NA;116400;0;2020-04-26;65
2020-04-25;"Žilinský kraj";2;0;0;0;NA;116400;2;2020-04-25;65
2020-04-24;"Žilinský kraj";1;0;0;0;NA;116400;1;2020-04-24;63
2020-04-23;"Žilinský kraj";2;0;0;0;NA;116400;2;2020-04-23;62
2020-04-22;"Žilinský kraj";9;0;0;0;NA;116400;9;2020-04-22;60
2020-04-21;"Žilinský kraj";1;0;0;0;NA;116400;1;2020-04-21;51
2020-04-20;"Žilinský kraj";4;0;0;0;NA;116400;4;2020-04-20;50
2020-04-19;"Žilinský kraj";0;0;0;0;NA;116400;0;2020-04-19;46
2020-04-18;"Žilinský kraj";49;0;0;0;NA;116400;49;2020-04-18;46
2020-04-17;"Žilinský kraj";3;0;0;0;NA;116400;3;2020-04-17;-3
2020-04-16;"Žilinský kraj";4;0;0;0;NA;116400;4;2020-04-16;-6
2020-04-15;"Žilinský kraj";7;0;0;0;NA;116400;7;2020-04-15;-10
2020-04-14;"Žilinský kraj";1;0;0;0;NA;116400;1;2020-04-14;-17
2020-04-13;"Žilinský kraj";2;0;0;0;NA;116400;2;2020-04-13;-18
2020-04-12;"Žilinský kraj";5;0;0;0;NA;116400;5;2020-04-12;-20
2020-04-11;"Žilinský kraj";2;0;0;0;NA;116400;2;2020-04-11;-25
2020-04-10;"Žilinský kraj";1;0;0;0;NA;116400;1;2020-04-10;-27
2020-04-09;"Žilinský kraj";1;0;0;0;NA;116400;1;2020-04-09;-28
2020-04-08;"Žilinský kraj";3;0;0;0;NA;116400;3;2020-04-08;-29
2020-04-07;"Žilinský kraj";5;0;0;0;NA;116400;5;2020-04-07;-32
2020-04-06;"Žilinský kraj";6;0;0;0;NA;116400;6;2020-04-06;-37
2020-04-05;"Žilinský kraj";8;0;0;0;NA;116400;8;2020-04-05;-43
2020-04-04;"Žilinský kraj";0;0;0;0;NA;116400;0;2020-04-04;-51
2020-04-03;"Žilinský kraj";3;0;0;0;NA;116400;3;2020-04-03;-51
2020-04-02;"Žilinský kraj";5;0;0;0;NA;116400;5;2020-04-02;-54
2020-04-01;"Žilinský kraj";4;0;0;0;NA;116400;4;2020-04-01;-59
2020-03-31;"Žilinský kraj";1;0;0;0;NA;116400;1;2020-03-31;-63
2020-03-30;"Žilinský kraj";3;0;0;0;NA;116400;3;2020-03-30;-64
2020-03-29;"Žilinský kraj";0;0;0;0;NA;116400;0;2020-03-29;-67
2020-03-28;"Žilinský kraj";1;0;0;0;NA;116400;1;2020-03-28;-67
2020-03-27;"Žilinský kraj";9;0;0;0;NA;116400;9;2020-03-27;-68
2020-03-26;"Žilinský kraj";4;0;0;0;NA;116400;4;2020-03-26;-77
2020-03-25;"Žilinský kraj";1;0;0;0;NA;116400;1;2020-03-25;-81
2020-03-24;"Žilinský kraj";2;0;0;0;NA;116400;2;2020-03-24;-82
2020-03-23;"Žilinský kraj";3;0;0;0;NA;116400;3;2020-03-23;-84
2020-03-22;"Žilinský kraj";1;0;0;0;NA;116400;1;2020-03-22;-87
2020-03-21;"Žilinský kraj";2;0;0;0;NA;116400;2;2020-03-21;-88
2020-03-20;"Žilinský kraj";4;0;0;0;NA;116400;4;2020-03-20;-90
2020-03-19;"Žilinský kraj";2;0;0;0;NA;116400;2;2020-03-19;-94
2020-03-18;"Žilinský kraj";1;0;0;0;NA;116400;1;2020-03-18;-96
2020-03-17;"Žilinský kraj";5;0;0;0;NA;116400;5;2020-03-17;-97
2020-03-16;"Žilinský kraj";1;0;0;0;NA;116400;1;2020-03-16;-102
2020-03-15;"Žilinský kraj";2;0;0;0;NA;116400;2;2020-03-15;-103
2020-03-14;"Žilinský kraj";1;0;0;0;NA;116400;1;2020-03-14;-105
2020-03-13;"Žilinský kraj";5;0;0;0;NA;116400;5;2020-03-13;-106
2020-03-12;"Žilinský kraj";1;0;0;0;NA;116400;1;2020-03-12;-111
2020-03-11;"Žilinský kraj";0;0;0;0;NA;116400;0;2020-03-11;-112
2020-03-09;"Žilinský kraj";1;0;0;0;NA;116400;1;2020-03-09;-112
2020-03-08;"Žilinský kraj";0;0;0;0;NA;116400;0;2020-03-08;-113
2020-03-07;"Žilinský kraj";0;0;0;0;NA;116400;0;2020-03-07;-113
2020-03-06;"Žilinský kraj";0;0;0;0;NA;116400;0;2020-03-06;-113
