"Datum";"Region";"PCR_Pos";"Ag_Neg";"Ag_Pos";"Total";"Pocet.potvrdenych";"Potvrdenych";"newcases";"date";"positive"
2022-01-09;"Banskobystrický kraj";54;2410;29;2439;92137;157097;83;2022-01-09;157097
2022-01-08;"Banskobystrický kraj";177;969;35;1004;NA;157097;212;2022-01-08;157014
2022-01-07;"Banskobystrický kraj";320;2817;78;2895;NA;157097;398;2022-01-07;156802
2022-01-06;"Banskobystrický kraj";101;985;21;1006;NA;157097;122;2022-01-06;156404
2022-01-05;"Banskobystrický kraj";376;2830;65;2895;NA;157097;441;2022-01-05;156282
2022-01-04;"Banskobystrický kraj";458;4192;72;4264;NA;157097;530;2022-01-04;155841
2022-01-03;"Banskobystrický kraj";420;8160;114;8274;NA;157097;534;2022-01-03;155311
2022-01-02;"Banskobystrický kraj";117;2239;95;2334;NA;157097;212;2022-01-02;154777
2022-01-01;"Banskobystrický kraj";33;80;4;84;NA;157097;37;2022-01-01;154565
2021-12-31;"Banskobystrický kraj";316;1802;68;1870;NA;157097;384;2021-12-31;154528
2021-12-30;"Banskobystrický kraj";308;2816;88;2904;NA;157097;396;2021-12-30;154144
2021-12-29;"Banskobystrický kraj";390;2448;83;2531;NA;157097;473;2021-12-29;153748
2021-12-28;"Banskobystrický kraj";492;2973;96;3069;NA;157097;588;2021-12-28;153275
2021-12-27;"Banskobystrický kraj";397;4991;203;5194;NA;157097;600;2021-12-27;152687
2021-12-26;"Banskobystrický kraj";76;1174;61;1235;NA;157097;137;2021-12-26;152087
2021-12-25;"Banskobystrický kraj";107;373;45;418;NA;157097;152;2021-12-25;151950
2021-12-24;"Banskobystrický kraj";116;213;10;223;NA;157097;126;2021-12-24;151798
2021-12-23;"Banskobystrický kraj";429;3474;107;3581;NA;157097;536;2021-12-23;151672
2021-12-22;"Banskobystrický kraj";393;3344;106;3450;NA;157097;499;2021-12-22;151136
2021-12-21;"Banskobystrický kraj";508;4162;88;4250;NA;157097;596;2021-12-21;150637
2021-12-20;"Banskobystrický kraj";424;7595;186;7781;NA;157097;610;2021-12-20;150041
2021-12-19;"Banskobystrický kraj";39;2681;87;2768;NA;157097;126;2021-12-19;149431
2021-12-18;"Banskobystrický kraj";333;1036;67;1103;NA;157097;400;2021-12-18;149305
2021-12-17;"Banskobystrický kraj";465;3792;102;3894;NA;157097;567;2021-12-17;148905
2021-12-16;"Banskobystrický kraj";499;4258;116;4374;NA;157097;615;2021-12-16;148338
2021-12-15;"Banskobystrický kraj";554;4758;102;4860;NA;157097;656;2021-12-15;147723
2021-12-14;"Banskobystrický kraj";729;4607;108;4715;NA;157097;837;2021-12-14;147067
2021-12-13;"Banskobystrický kraj";470;8151;222;8373;NA;157097;692;2021-12-13;146230
2021-12-12;"Banskobystrický kraj";161;3332;101;3433;NA;157097;262;2021-12-12;145538
2021-12-11;"Banskobystrický kraj";568;1166;82;1248;NA;157097;650;2021-12-11;145276
2021-12-10;"Banskobystrický kraj";731;4031;185;4216;NA;157097;916;2021-12-10;144626
2021-12-09;"Banskobystrický kraj";652;4354;139;4493;NA;157097;791;2021-12-09;143710
2021-12-08;"Banskobystrický kraj";1087;4100;169;4269;NA;157097;1256;2021-12-08;142919
2021-12-07;"Banskobystrický kraj";1104;5404;201;5605;NA;157097;1305;2021-12-07;141663
2021-12-06;"Banskobystrický kraj";647;9093;318;9411;NA;157097;965;2021-12-06;140358
2021-12-05;"Banskobystrický kraj";217;3421;152;3573;NA;157097;369;2021-12-05;139393
2021-12-04;"Banskobystrický kraj";654;1334;131;1465;NA;157097;785;2021-12-04;139024
2021-12-03;"Banskobystrický kraj";1117;5054;246;5300;NA;157097;1363;2021-12-03;138239
2021-12-02;"Banskobystrický kraj";1710;5255;258;5513;NA;157097;1968;2021-12-02;136876
2021-12-01;"Banskobystrický kraj";947;4680;259;4939;NA;157097;1206;2021-12-01;134908
2021-11-30;"Banskobystrický kraj";1266;6543;245;6788;NA;157097;1511;2021-11-30;133702
2021-11-29;"Banskobystrický kraj";591;10650;468;11118;NA;157097;1059;2021-11-29;132191
2021-11-28;"Banskobystrický kraj";418;4289;216;4505;NA;157097;634;2021-11-28;131132
2021-11-27;"Banskobystrický kraj";827;1781;208;1989;NA;157097;1035;2021-11-27;130498
2021-11-26;"Banskobystrický kraj";963;4771;354;5125;NA;157097;1317;2021-11-26;129463
2021-11-25;"Banskobystrický kraj";1110;5911;350;6261;NA;157097;1460;2021-11-25;128146
2021-11-24;"Banskobystrický kraj";1387;5947;325;6272;NA;157097;1712;2021-11-24;126686
2021-11-23;"Banskobystrický kraj";1436;6082;377;6459;NA;157097;1813;2021-11-23;124974
2021-11-22;"Banskobystrický kraj";489;8727;579;9306;NA;157097;1068;2021-11-22;123161
2021-11-21;"Banskobystrický kraj";408;4109;305;4414;NA;157097;713;2021-11-21;122093
2021-11-20;"Banskobystrický kraj";985;1758;199;1957;NA;157097;1184;2021-11-20;121380
2021-11-19;"Banskobystrický kraj";1006;4886;470;5356;NA;157097;1476;2021-11-19;120196
2021-11-18;"Banskobystrický kraj";979;8037;618;8655;NA;157097;1597;2021-11-18;118720
2021-11-17;"Banskobystrický kraj";772;1051;147;1198;NA;157097;919;2021-11-17;117123
2021-11-16;"Banskobystrický kraj";1130;5473;453;5926;NA;157097;1583;2021-11-16;116204
2021-11-15;"Banskobystrický kraj";749;7873;588;8461;NA;157097;1337;2021-11-15;114621
2021-11-14;"Banskobystrický kraj";311;2629;302;2931;NA;157097;613;2021-11-14;113284
2021-11-13;"Banskobystrický kraj";761;1471;214;1685;NA;157097;975;2021-11-13;112671
2021-11-12;"Banskobystrický kraj";972;5019;434;5453;NA;157097;1406;2021-11-12;111696
2021-11-11;"Banskobystrický kraj";1023;5571;345;5916;NA;157097;1368;2021-11-11;110290
2021-11-10;"Banskobystrický kraj";950;4699;333;5032;NA;157097;1283;2021-11-10;108922
2021-11-09;"Banskobystrický kraj";921;4603;283;4886;NA;157097;1204;2021-11-09;107639
2021-11-08;"Banskobystrický kraj";519;7234;488;7722;NA;157097;1007;2021-11-08;106435
2021-11-07;"Banskobystrický kraj";460;2479;258;2737;NA;157097;718;2021-11-07;105428
2021-11-06;"Banskobystrický kraj";505;1344;170;1514;NA;157097;675;2021-11-06;104710
2021-11-05;"Banskobystrický kraj";997;4773;342;5115;NA;157097;1339;2021-11-05;104035
2021-11-04;"Banskobystrický kraj";1086;4811;248;5059;NA;157097;1334;2021-11-04;102696
2021-11-03;"Banskobystrický kraj";976;4825;330;5155;NA;157097;1306;2021-11-03;101362
2021-11-02;"Banskobystrický kraj";538;5709;492;6201;NA;157097;1030;2021-11-02;100056
2021-11-01;"Banskobystrický kraj";390;1178;132;1310;NA;157097;522;2021-11-01;99026
2021-10-31;"Banskobystrický kraj";150;1700;210;1910;NA;157097;360;2021-10-31;98504
2021-10-30;"Banskobystrický kraj";449;1508;140;1648;NA;157097;589;2021-10-30;98144
2021-10-29;"Banskobystrický kraj";780;4166;286;4452;NA;157097;1066;2021-10-29;97555
2021-10-28;"Banskobystrický kraj";744;4169;247;4416;NA;157097;991;2021-10-28;96489
2021-10-27;"Banskobystrický kraj";664;4577;233;4810;NA;157097;897;2021-10-27;95498
2021-10-26;"Banskobystrický kraj";700;3673;187;3860;NA;157097;887;2021-10-26;94601
2021-10-25;"Banskobystrický kraj";376;5478;257;5735;NA;157097;633;2021-10-25;93714
2021-10-24;"Banskobystrický kraj";161;1707;143;1850;NA;157097;304;2021-10-24;93081
2021-10-23;"Banskobystrický kraj";238;1286;79;1365;NA;157097;317;2021-10-23;92777
2021-10-22;"Banskobystrický kraj";530;3816;185;4001;NA;157097;715;2021-10-22;92460
2021-10-21;"Banskobystrický kraj";416;4128;140;4268;NA;157097;556;2021-10-21;91745
2021-10-20;"Banskobystrický kraj";387;3615;123;3738;NA;157097;510;2021-10-20;91189
2021-10-19;"Banskobystrický kraj";419;4094;103;4197;NA;157097;522;2021-10-19;90679
2021-10-18;"Banskobystrický kraj";162;5286;175;5461;NA;157097;337;2021-10-18;90157
2021-10-17;"Banskobystrický kraj";26;1555;71;1626;NA;157097;97;2021-10-17;89820
2021-10-16;"Banskobystrický kraj";162;1387;50;1437;NA;157097;212;2021-10-16;89723
2021-10-15;"Banskobystrický kraj";187;3693;81;3774;NA;157097;268;2021-10-15;89511
2021-10-14;"Banskobystrický kraj";198;3705;47;3752;NA;157097;245;2021-10-14;89243
2021-10-13;"Banskobystrický kraj";217;3068;55;3123;NA;157097;272;2021-10-13;88998
2021-10-12;"Banskobystrický kraj";301;3743;59;3802;NA;157097;360;2021-10-12;88726
2021-10-11;"Banskobystrický kraj";128;4734;96;4830;NA;157097;224;2021-10-11;88366
2021-10-10;"Banskobystrický kraj";26;1815;53;1868;NA;157097;79;2021-10-10;88142
2021-10-09;"Banskobystrický kraj";73;1122;27;1149;NA;157097;100;2021-10-09;88063
2021-10-08;"Banskobystrický kraj";239;3027;61;3088;NA;157097;300;2021-10-08;87963
2021-10-07;"Banskobystrický kraj";179;3437;42;3479;NA;157097;221;2021-10-07;87663
2021-10-06;"Banskobystrický kraj";136;3862;48;3910;NA;157097;184;2021-10-06;87442
2021-10-05;"Banskobystrický kraj";209;2979;54;3033;NA;157097;263;2021-10-05;87258
2021-10-04;"Banskobystrický kraj";126;3725;64;3789;NA;157097;190;2021-10-04;86995
2021-10-03;"Banskobystrický kraj";11;1407;34;1441;NA;157097;45;2021-10-03;86805
2021-10-02;"Banskobystrický kraj";66;1042;26;1068;NA;157097;92;2021-10-02;86760
2021-10-01;"Banskobystrický kraj";158;3228;51;3279;NA;157097;209;2021-10-01;86668
2021-09-30;"Banskobystrický kraj";120;3362;30;3392;NA;157097;150;2021-09-30;86459
2021-09-29;"Banskobystrický kraj";118;2626;40;2666;NA;157097;158;2021-09-29;86309
2021-09-28;"Banskobystrický kraj";112;3061;45;3106;NA;157097;157;2021-09-28;86151
2021-09-27;"Banskobystrický kraj";90;4456;72;4528;NA;157097;162;2021-09-27;85994
2021-09-26;"Banskobystrický kraj";17;1498;31;1529;NA;157097;48;2021-09-26;85832
2021-09-25;"Banskobystrický kraj";17;1481;7;1488;NA;157097;24;2021-09-25;85784
2021-09-24;"Banskobystrický kraj";98;4254;32;4286;NA;157097;130;2021-09-24;85760
2021-09-23;"Banskobystrický kraj";63;3019;13;3032;NA;157097;76;2021-09-23;85630
2021-09-22;"Banskobystrický kraj";75;2442;19;2461;NA;157097;94;2021-09-22;85554
2021-09-21;"Banskobystrický kraj";125;2976;20;2996;NA;157097;145;2021-09-21;85460
2021-09-20;"Banskobystrický kraj";45;3951;30;3981;NA;157097;75;2021-09-20;85315
2021-09-19;"Banskobystrický kraj";6;1456;24;1480;NA;157097;30;2021-09-19;85240
2021-09-18;"Banskobystrický kraj";44;1318;15;1333;NA;157097;59;2021-09-18;85210
2021-09-17;"Banskobystrický kraj";73;3485;32;3517;NA;157097;105;2021-09-17;85151
2021-09-16;"Banskobystrický kraj";95;3019;29;3048;NA;157097;124;2021-09-16;85046
2021-09-15;"Banskobystrický kraj";22;394;1;395;NA;157097;23;2021-09-15;84922
2021-09-14;"Banskobystrický kraj";95;2508;28;2536;NA;157097;123;2021-09-14;84899
2021-09-13;"Banskobystrický kraj";29;3206;28;3234;NA;157097;57;2021-09-13;84776
2021-09-12;"Banskobystrický kraj";7;958;15;973;NA;157097;22;2021-09-12;84719
2021-09-11;"Banskobystrický kraj";31;865;11;876;NA;157097;42;2021-09-11;84697
2021-09-10;"Banskobystrický kraj";59;2250;24;2274;NA;157097;83;2021-09-10;84655
2021-09-09;"Banskobystrický kraj";46;2011;17;2028;NA;157097;63;2021-09-09;84572
2021-09-08;"Banskobystrický kraj";46;1713;27;1740;NA;157097;73;2021-09-08;84509
2021-09-07;"Banskobystrický kraj";27;1422;21;1443;NA;157097;48;2021-09-07;84436
2021-09-06;"Banskobystrický kraj";26;2570;13;2583;NA;157097;39;2021-09-06;84388
2021-09-05;"Banskobystrický kraj";9;742;2;744;NA;157097;11;2021-09-05;84349
2021-09-04;"Banskobystrický kraj";14;745;10;755;NA;157097;24;2021-09-04;84338
2021-09-03;"Banskobystrický kraj";49;2116;22;2138;NA;157097;71;2021-09-03;84314
2021-09-02;"Banskobystrický kraj";19;1730;25;1755;NA;157097;44;2021-09-02;84243
2021-09-01;"Banskobystrický kraj";6;230;6;236;NA;157097;12;2021-09-01;84199
2021-08-31;"Banskobystrický kraj";18;1406;13;1419;NA;157097;31;2021-08-31;84187
2021-08-30;"Banskobystrický kraj";23;1867;10;1877;NA;157097;33;2021-08-30;84156
2021-08-29;"Banskobystrický kraj";0;351;5;356;NA;157097;5;2021-08-29;84123
2021-08-28;"Banskobystrický kraj";9;827;5;832;NA;157097;14;2021-08-28;84118
2021-08-27;"Banskobystrický kraj";7;1608;12;1620;NA;157097;19;2021-08-27;84104
2021-08-26;"Banskobystrický kraj";7;1161;2;1163;NA;157097;9;2021-08-26;84085
2021-08-25;"Banskobystrický kraj";6;1052;1;1053;NA;157097;7;2021-08-25;84076
2021-08-24;"Banskobystrický kraj";12;1117;1;1118;NA;157097;13;2021-08-24;84069
2021-08-23;"Banskobystrický kraj";7;1368;5;1373;NA;157097;12;2021-08-23;84056
2021-08-22;"Banskobystrický kraj";0;773;2;775;NA;157097;2;2021-08-22;84044
2021-08-21;"Banskobystrický kraj";3;793;1;794;NA;157097;4;2021-08-21;84042
2021-08-20;"Banskobystrický kraj";5;1616;4;1620;NA;157097;9;2021-08-20;84038
2021-08-19;"Banskobystrický kraj";4;1092;3;1095;NA;157097;7;2021-08-19;84029
2021-08-18;"Banskobystrický kraj";1;1044;1;1045;NA;157097;2;2021-08-18;84022
2021-08-17;"Banskobystrický kraj";12;890;0;890;NA;157097;12;2021-08-17;84020
2021-08-16;"Banskobystrický kraj";7;1321;3;1324;NA;157097;10;2021-08-16;84008
2021-08-15;"Banskobystrický kraj";0;366;3;369;NA;157097;3;2021-08-15;83998
2021-08-14;"Banskobystrický kraj";6;435;1;436;NA;157097;7;2021-08-14;83995
2021-08-13;"Banskobystrický kraj";11;898;0;898;NA;157097;11;2021-08-13;83988
2021-08-12;"Banskobystrický kraj";10;951;1;952;NA;157097;11;2021-08-12;83977
2021-08-11;"Banskobystrický kraj";7;575;3;578;NA;157097;10;2021-08-11;83966
2021-08-10;"Banskobystrický kraj";7;678;2;680;NA;157097;9;2021-08-10;83956
2021-08-09;"Banskobystrický kraj";9;1064;0;1064;NA;157097;9;2021-08-09;83947
2021-08-08;"Banskobystrický kraj";4;335;1;336;NA;157097;5;2021-08-08;83938
2021-08-07;"Banskobystrický kraj";0;308;4;312;NA;157097;4;2021-08-07;83933
2021-08-06;"Banskobystrický kraj";5;929;2;931;NA;157097;7;2021-08-06;83929
2021-08-05;"Banskobystrický kraj";2;838;1;839;NA;157097;3;2021-08-05;83922
2021-08-04;"Banskobystrický kraj";2;579;1;580;NA;157097;3;2021-08-04;83919
2021-08-03;"Banskobystrický kraj";4;743;0;743;NA;157097;4;2021-08-03;83916
2021-08-02;"Banskobystrický kraj";6;934;0;934;NA;157097;6;2021-08-02;83912
2021-08-01;"Banskobystrický kraj";0;271;0;271;NA;157097;0;2021-08-01;83906
2021-07-31;"Banskobystrický kraj";1;370;4;374;NA;157097;5;2021-07-31;83906
2021-07-30;"Banskobystrický kraj";27;928;2;930;NA;157097;29;2021-07-30;83901
2021-07-29;"Banskobystrický kraj";2;890;1;891;NA;157097;3;2021-07-29;83872
2021-07-28;"Banskobystrický kraj";4;520;1;521;NA;157097;5;2021-07-28;83869
2021-07-27;"Banskobystrický kraj";15;1092;0;1092;NA;157097;15;2021-07-27;83864
2021-07-26;"Banskobystrický kraj";2;911;1;912;NA;157097;3;2021-07-26;83849
2021-07-25;"Banskobystrický kraj";0;367;1;368;NA;157097;1;2021-07-25;83846
2021-07-24;"Banskobystrický kraj";2;298;0;298;NA;157097;2;2021-07-24;83845
2021-07-23;"Banskobystrický kraj";7;840;0;840;NA;157097;7;2021-07-23;83843
2021-07-22;"Banskobystrický kraj";5;727;3;730;NA;157097;8;2021-07-22;83836
2021-07-21;"Banskobystrický kraj";2;560;0;560;NA;157097;2;2021-07-21;83828
2021-07-20;"Banskobystrický kraj";6;885;2;887;NA;157097;8;2021-07-20;83826
2021-07-19;"Banskobystrický kraj";1;854;3;857;NA;157097;4;2021-07-19;83818
2021-07-18;"Banskobystrický kraj";0;377;1;378;NA;157097;1;2021-07-18;83814
2021-07-17;"Banskobystrický kraj";1;324;0;324;NA;157097;1;2021-07-17;83813
2021-07-16;"Banskobystrický kraj";3;974;1;975;NA;157097;4;2021-07-16;83812
2021-07-15;"Banskobystrický kraj";1;1038;0;1038;NA;157097;1;2021-07-15;83808
2021-07-14;"Banskobystrický kraj";3;765;0;765;NA;157097;3;2021-07-14;83807
2021-07-13;"Banskobystrický kraj";2;695;0;695;NA;157097;2;2021-07-13;83804
2021-07-12;"Banskobystrický kraj";1;1057;0;1057;NA;157097;1;2021-07-12;83802
2021-07-11;"Banskobystrický kraj";0;446;0;446;NA;157097;0;2021-07-11;83801
2021-07-10;"Banskobystrický kraj";2;368;0;368;NA;157097;2;2021-07-10;83801
2021-07-09;"Banskobystrický kraj";3;1209;0;1209;NA;157097;3;2021-07-09;83799
2021-07-08;"Banskobystrický kraj";0;1083;1;1084;NA;157097;1;2021-07-08;83796
2021-07-07;"Banskobystrický kraj";1;798;0;798;NA;157097;1;2021-07-07;83795
2021-07-06;"Banskobystrický kraj";6;1365;0;1365;NA;157097;6;2021-07-06;83794
2021-07-05;"Banskobystrický kraj";2;392;1;393;NA;157097;3;2021-07-05;83788
2021-07-04;"Banskobystrický kraj";0;318;0;318;NA;157097;0;2021-07-04;83785
2021-07-03;"Banskobystrický kraj";1;413;1;414;NA;157097;2;2021-07-03;83785
2021-07-02;"Banskobystrický kraj";3;1045;0;1045;NA;157097;3;2021-07-02;83783
2021-07-01;"Banskobystrický kraj";0;705;1;706;NA;157097;1;2021-07-01;83780
2021-06-30;"Banskobystrický kraj";3;7607;1;7608;NA;157097;4;2021-06-30;83779
2021-06-29;"Banskobystrický kraj";2;4642;1;4643;NA;157097;3;2021-06-29;83775
2021-06-28;"Banskobystrický kraj";3;5695;1;5696;NA;157097;4;2021-06-28;83772
2021-06-27;"Banskobystrický kraj";0;4369;5;4374;NA;157097;5;2021-06-27;83768
2021-06-26;"Banskobystrický kraj";0;4289;4;4293;NA;157097;4;2021-06-26;83763
2021-06-25;"Banskobystrický kraj";2;6717;2;6719;NA;157097;4;2021-06-25;83759
2021-06-24;"Banskobystrický kraj";6;4585;2;4587;NA;157097;8;2021-06-24;83755
2021-06-23;"Banskobystrický kraj";4;4947;0;4947;NA;157097;4;2021-06-23;83747
2021-06-22;"Banskobystrický kraj";7;4527;0;4527;NA;157097;7;2021-06-22;83743
2021-06-21;"Banskobystrický kraj";6;5836;8;5844;NA;157097;14;2021-06-21;83736
2021-06-20;"Banskobystrický kraj";0;5055;7;5062;NA;157097;7;2021-06-20;83722
2021-06-19;"Banskobystrický kraj";0;5639;4;5643;NA;157097;4;2021-06-19;83715
2021-06-18;"Banskobystrický kraj";4;7642;1;7643;NA;157097;5;2021-06-18;83711
2021-06-17;"Banskobystrický kraj";2;5245;3;5248;NA;157097;5;2021-06-17;83706
2021-06-16;"Banskobystrický kraj";10;5951;5;5956;NA;157097;15;2021-06-16;83701
2021-06-15;"Banskobystrický kraj";9;5576;6;5582;NA;157097;15;2021-06-15;83686
2021-06-14;"Banskobystrický kraj";8;6922;7;6929;NA;157097;15;2021-06-14;83671
2021-06-13;"Banskobystrický kraj";0;6407;7;6414;NA;157097;7;2021-06-13;83656
2021-06-12;"Banskobystrický kraj";3;6338;6;6344;NA;157097;9;2021-06-12;83649
2021-06-11;"Banskobystrický kraj";5;9693;15;9708;NA;157097;20;2021-06-11;83640
2021-06-10;"Banskobystrický kraj";10;5726;8;5734;NA;157097;18;2021-06-10;83620
2021-06-09;"Banskobystrický kraj";9;5720;4;5724;NA;157097;13;2021-06-09;83602
2021-06-08;"Banskobystrický kraj";15;5645;10;5655;NA;157097;25;2021-06-08;83589
2021-06-07;"Banskobystrický kraj";4;7582;21;7603;NA;157097;25;2021-06-07;83564
2021-06-06;"Banskobystrický kraj";1;7497;12;7509;NA;157097;13;2021-06-06;83539
2021-06-05;"Banskobystrický kraj";15;7531;9;7540;NA;157097;24;2021-06-05;83526
2021-06-04;"Banskobystrický kraj";2;9352;14;9366;NA;157097;16;2021-06-04;83502
2021-06-03;"Banskobystrický kraj";8;6507;24;6531;NA;157097;32;2021-06-03;83486
2021-06-02;"Banskobystrický kraj";7;6837;6;6843;NA;157097;13;2021-06-02;83454
2021-06-01;"Banskobystrický kraj";12;7146;14;7160;NA;157097;26;2021-06-01;83441
2021-05-31;"Banskobystrický kraj";4;9546;31;9577;NA;157097;35;2021-05-31;83415
2021-05-30;"Banskobystrický kraj";3;8959;19;8978;NA;157097;22;2021-05-30;83380
2021-05-29;"Banskobystrický kraj";11;9763;18;9781;NA;157097;29;2021-05-29;83358
2021-05-28;"Banskobystrický kraj";13;11905;27;11932;NA;157097;40;2021-05-28;83329
2021-05-27;"Banskobystrický kraj";7;8760;12;8772;NA;157097;19;2021-05-27;83289
2021-05-26;"Banskobystrický kraj";18;7905;17;7922;NA;157097;35;2021-05-26;83270
2021-05-25;"Banskobystrický kraj";27;8951;30;8981;NA;157097;57;2021-05-25;83235
2021-05-24;"Banskobystrický kraj";9;12469;44;12513;NA;157097;53;2021-05-24;83178
2021-05-23;"Banskobystrický kraj";0;9798;27;9825;NA;157097;27;2021-05-23;83125
2021-05-22;"Banskobystrický kraj";20;9608;26;9634;NA;157097;46;2021-05-22;83098
2021-05-21;"Banskobystrický kraj";22;12796;25;12821;NA;157097;47;2021-05-21;83052
2021-05-20;"Banskobystrický kraj";14;8994;25;9019;NA;157097;39;2021-05-20;83005
2021-05-19;"Banskobystrický kraj";42;8608;21;8629;NA;157097;63;2021-05-19;82966
2021-05-18;"Banskobystrický kraj";27;9450;25;9475;NA;157097;52;2021-05-18;82903
2021-05-17;"Banskobystrický kraj";11;13399;33;13432;NA;157097;44;2021-05-17;82851
2021-05-16;"Banskobystrický kraj";15;14072;26;14098;NA;157097;41;2021-05-16;82807
2021-05-15;"Banskobystrický kraj";11;15356;29;15385;NA;157097;40;2021-05-15;82766
2021-05-14;"Banskobystrický kraj";35;18939;45;18984;NA;157097;80;2021-05-14;82726
2021-05-13;"Banskobystrický kraj";37;10605;40;10645;NA;157097;77;2021-05-13;82646
2021-05-12;"Banskobystrický kraj";31;10857;45;10902;NA;157097;76;2021-05-12;82569
2021-05-11;"Banskobystrický kraj";42;11325;48;11373;NA;157097;90;2021-05-11;82493
2021-05-10;"Banskobystrický kraj";28;17621;68;17689;NA;157097;96;2021-05-10;82403
2021-05-09;"Banskobystrický kraj";25;21902;68;21970;NA;157097;93;2021-05-09;82307
2021-05-08;"Banskobystrický kraj";11;14285;26;14311;NA;157097;37;2021-05-08;82214
2021-05-07;"Banskobystrický kraj";41;21806;78;21884;NA;157097;119;2021-05-07;82177
2021-05-06;"Banskobystrický kraj";36;12251;70;12321;NA;157097;106;2021-05-06;82058
2021-05-05;"Banskobystrický kraj";34;12592;63;12655;NA;157097;97;2021-05-05;81952
2021-05-04;"Banskobystrický kraj";83;13888;47;13935;NA;157097;130;2021-05-04;81855
2021-05-03;"Banskobystrický kraj";30;20872;80;20952;NA;157097;110;2021-05-03;81725
2021-05-02;"Banskobystrický kraj";6;33040;60;33100;NA;157097;66;2021-05-02;81615
2021-05-01;"Banskobystrický kraj";54;36900;67;36967;NA;157097;121;2021-05-01;81549
2021-04-30;"Banskobystrický kraj";38;34957;86;35043;NA;157097;124;2021-04-30;81428
2021-04-29;"Banskobystrický kraj";55;16839;68;16907;NA;157097;123;2021-04-29;81304
2021-04-28;"Banskobystrický kraj";66;17959;67;18026;NA;157097;133;2021-04-28;81181
2021-04-27;"Banskobystrický kraj";70;19152;73;19225;NA;157097;143;2021-04-27;81048
2021-04-26;"Banskobystrický kraj";34;28517;101;28618;NA;157097;135;2021-04-26;80905
2021-04-25;"Banskobystrický kraj";14;40601;106;40707;NA;157097;120;2021-04-25;80770
2021-04-24;"Banskobystrický kraj";40;51944;98;52042;NA;157097;138;2021-04-24;80650
2021-04-23;"Banskobystrický kraj";78;37922;88;38010;NA;157097;166;2021-04-23;80512
2021-04-22;"Banskobystrický kraj";51;17415;57;17472;NA;157097;108;2021-04-22;80346
2021-04-21;"Banskobystrický kraj";76;19218;94;19312;NA;157097;170;2021-04-21;80238
2021-04-20;"Banskobystrický kraj";116;21234;98;21332;NA;157097;214;2021-04-20;80068
2021-04-19;"Banskobystrický kraj";48;31408;105;31513;NA;157097;153;2021-04-19;79854
2021-04-18;"Banskobystrický kraj";16;43375;90;43465;NA;157097;106;2021-04-18;79701
2021-04-17;"Banskobystrický kraj";42;64939;92;65031;NA;157097;134;2021-04-17;79595
2021-04-16;"Banskobystrický kraj";72;37307;100;37407;NA;157097;172;2021-04-16;79461
2021-04-15;"Banskobystrický kraj";67;20127;83;20210;NA;157097;150;2021-04-15;79289
2021-04-14;"Banskobystrický kraj";69;21260;86;21346;NA;157097;155;2021-04-14;79139
2021-04-13;"Banskobystrický kraj";130;23076;77;23153;NA;157097;207;2021-04-13;78984
2021-04-12;"Banskobystrický kraj";60;32272;130;32402;NA;157097;190;2021-04-12;78777
2021-04-11;"Banskobystrický kraj";0;41367;88;41455;NA;157097;88;2021-04-11;78587
2021-04-10;"Banskobystrický kraj";56;64728;141;64869;NA;157097;197;2021-04-10;78499
2021-04-09;"Banskobystrický kraj";106;31570;118;31688;NA;157097;224;2021-04-09;78302
2021-04-08;"Banskobystrický kraj";132;19000;148;19148;NA;157097;280;2021-04-08;78078
2021-04-07;"Banskobystrický kraj";226;25121;94;25215;NA;157097;320;2021-04-07;77798
2021-04-06;"Banskobystrický kraj";93;42496;187;42683;NA;157097;280;2021-04-06;77478
2021-04-05;"Banskobystrický kraj";15;11797;87;11884;NA;157097;102;2021-04-05;77198
2021-04-04;"Banskobystrický kraj";24;19683;79;19762;NA;157097;103;2021-04-04;77096
2021-04-03;"Banskobystrický kraj";5;72553;211;72764;NA;157097;216;2021-04-03;76993
2021-04-02;"Banskobystrický kraj";71;13455;66;13521;NA;157097;137;2021-04-02;76777
2021-04-01;"Banskobystrický kraj";171;39407;200;39607;NA;157097;371;2021-04-01;76640
2021-03-31;"Banskobystrický kraj";147;25543;161;25704;NA;157097;308;2021-03-31;76269
2021-03-30;"Banskobystrický kraj";167;21442;159;21601;NA;157097;326;2021-03-30;75961
2021-03-29;"Banskobystrický kraj";119;29492;218;29710;NA;157097;337;2021-03-29;75635
2021-03-28;"Banskobystrický kraj";25;40610;189;40799;NA;157097;214;2021-03-28;75298
2021-03-27;"Banskobystrický kraj";85;63414;260;63674;NA;157097;345;2021-03-27;75084
2021-03-26;"Banskobystrický kraj";122;43671;240;43911;NA;157097;362;2021-03-26;74739
2021-03-25;"Banskobystrický kraj";120;21598;240;21838;NA;157097;360;2021-03-25;74377
2021-03-24;"Banskobystrický kraj";200;19337;227;19564;NA;157097;427;2021-03-24;74017
2021-03-23;"Banskobystrický kraj";241;21541;257;21798;NA;157097;498;2021-03-23;73590
2021-03-22;"Banskobystrický kraj";65;30480;274;30754;NA;157097;339;2021-03-22;73092
2021-03-21;"Banskobystrický kraj";31;40039;280;40319;NA;157097;311;2021-03-21;72753
2021-03-20;"Banskobystrický kraj";119;67926;383;68309;NA;157097;502;2021-03-20;72442
2021-03-19;"Banskobystrický kraj";240;44038;306;44344;NA;157097;546;2021-03-19;71940
2021-03-18;"Banskobystrický kraj";160;22469;273;22742;NA;157097;433;2021-03-18;71394
2021-03-17;"Banskobystrický kraj";262;21573;245;21818;NA;157097;507;2021-03-17;70961
2021-03-16;"Banskobystrický kraj";340;23349;224;23573;NA;157097;564;2021-03-16;70454
2021-03-15;"Banskobystrický kraj";95;32306;366;32672;NA;157097;461;2021-03-15;69890
2021-03-14;"Banskobystrický kraj";39;39212;218;39430;NA;157097;257;2021-03-14;69429
2021-03-13;"Banskobystrický kraj";209;67463;395;67858;NA;157097;604;2021-03-13;69172
2021-03-12;"Banskobystrický kraj";206;41444;330;41774;NA;157097;536;2021-03-12;68568
2021-03-11;"Banskobystrický kraj";228;21338;274;21612;NA;157097;502;2021-03-11;68032
2021-03-10;"Banskobystrický kraj";260;20400;238;20638;NA;157097;498;2021-03-10;67530
2021-03-09;"Banskobystrický kraj";352;21790;284;22074;NA;157097;636;2021-03-09;67032
2021-03-08;"Banskobystrický kraj";191;31471;427;31898;NA;157097;618;2021-03-08;66396
2021-03-07;"Banskobystrický kraj";60;39191;295;39486;NA;157097;355;2021-03-07;65778
2021-03-06;"Banskobystrický kraj";164;70897;410;71307;NA;157097;574;2021-03-06;65423
2021-03-05;"Banskobystrický kraj";221;42336;389;42725;NA;157097;610;2021-03-05;64849
2021-03-04;"Banskobystrický kraj";226;22009;334;22343;NA;157097;560;2021-03-04;64239
2021-03-03;"Banskobystrický kraj";317;21949;331;22280;NA;157097;648;2021-03-03;63679
2021-03-02;"Banskobystrický kraj";291;23160;354;23514;NA;157097;645;2021-03-02;63031
2021-03-01;"Banskobystrický kraj";151;31773;434;32207;NA;157097;585;2021-03-01;62386
2021-02-28;"Banskobystrický kraj";45;38665;336;39001;NA;157097;381;2021-02-28;61801
2021-02-27;"Banskobystrický kraj";289;66667;529;67196;NA;157097;818;2021-02-27;61420
2021-02-26;"Banskobystrický kraj";326;39674;468;40142;NA;157097;794;2021-02-26;60602
2021-02-25;"Banskobystrický kraj";375;18081;366;18447;NA;157097;741;2021-02-25;59808
2021-02-24;"Banskobystrický kraj";332;16735;373;17108;NA;157097;705;2021-02-24;59067
2021-02-23;"Banskobystrický kraj";462;19932;439;20371;NA;157097;901;2021-02-23;58362
2021-02-22;"Banskobystrický kraj";67;28643;598;29241;NA;157097;665;2021-02-22;57461
2021-02-21;"Banskobystrický kraj";68;37619;444;38063;NA;157097;512;2021-02-21;56796
2021-02-20;"Banskobystrický kraj";280;68851;598;69449;NA;157097;878;2021-02-20;56284
2021-02-19;"Banskobystrický kraj";420;39888;511;40399;NA;157097;931;2021-02-19;55406
2021-02-18;"Banskobystrický kraj";241;18618;396;19014;NA;157097;637;2021-02-18;54475
2021-02-17;"Banskobystrický kraj";415;16740;389;17129;NA;157097;804;2021-02-17;53838
2021-02-16;"Banskobystrický kraj";338;19731;368;20099;NA;157097;706;2021-02-16;53034
2021-02-15;"Banskobystrický kraj";118;35835;591;36426;NA;157097;709;2021-02-15;52328
2021-02-14;"Banskobystrický kraj";60;31894;386;32280;NA;157097;446;2021-02-14;51619
2021-02-13;"Banskobystrický kraj";202;53889;492;54381;NA;157097;694;2021-02-13;51173
2021-02-12;"Banskobystrický kraj";312;37270;533;37803;NA;157097;845;2021-02-12;50479
2021-02-11;"Banskobystrický kraj";305;21196;386;21582;NA;157097;691;2021-02-11;49634
2021-02-10;"Banskobystrický kraj";333;14790;344;15134;NA;157097;677;2021-02-10;48943
2021-02-09;"Banskobystrický kraj";329;18504;362;18866;NA;157097;691;2021-02-09;48266
2021-02-08;"Banskobystrický kraj";103;49716;695;50411;NA;157097;798;2021-02-08;47575
2021-02-07;"Banskobystrický kraj";70;37659;335;37994;NA;157097;405;2021-02-07;46777
2021-02-06;"Banskobystrický kraj";178;69388;570;69958;NA;157097;748;2021-02-06;46372
2021-02-05;"Banskobystrický kraj";282;24577;363;24940;NA;157097;645;2021-02-05;45624
2021-02-04;"Banskobystrický kraj";240;14367;430;14797;NA;157097;670;2021-02-04;44979
2021-02-03;"Banskobystrický kraj";350;9459;255;9714;NA;157097;605;2021-02-03;44309
2021-02-02;"Banskobystrický kraj";277;15741;334;16075;NA;157097;611;2021-02-02;43704
2021-02-01;"Banskobystrický kraj";75;24346;489;24835;NA;157097;564;2021-02-01;43093
2021-01-31;"Banskobystrický kraj";34;19983;201;20184;NA;157097;235;2021-01-31;42529
2021-01-30;"Banskobystrický kraj";163;63896;525;64421;NA;157097;688;2021-01-30;42294
2021-01-29;"Banskobystrický kraj";196;17368;274;17642;NA;157097;470;2021-01-29;41606
2021-01-28;"Banskobystrický kraj";218;15613;382;15995;NA;157097;600;2021-01-28;41136
2021-01-27;"Banskobystrický kraj";191;8132;200;8332;NA;157097;391;2021-01-27;40536
2021-01-26;"Banskobystrický kraj";238;19795;283;20078;NA;157097;521;2021-01-26;40145
2021-01-25;"Banskobystrický kraj";82;33666;412;34078;NA;157097;494;2021-01-25;39624
2021-01-24;"Banskobystrický kraj";38;35587;278;35865;NA;157097;316;2021-01-24;39130
2021-01-23;"Banskobystrický kraj";142;89058;523;89581;NA;157097;665;2021-01-23;38814
2021-01-22;"Banskobystrický kraj";175;25887;355;26242;NA;157097;530;2021-01-22;38149
2021-01-21;"Banskobystrický kraj";194;17063;279;17342;NA;157097;473;2021-01-21;37619
2021-01-20;"Banskobystrický kraj";231;9142;186;9328;NA;157097;417;2021-01-20;37146
2021-01-19;"Banskobystrický kraj";213;10708;311;11019;NA;157097;524;2021-01-19;36729
2021-01-18;"Banskobystrický kraj";94;7402;401;7803;NA;157097;495;2021-01-18;36205
2021-01-17;"Banskobystrický kraj";110;8154;77;8231;NA;157097;187;2021-01-17;35710
2021-01-16;"Banskobystrický kraj";58;2274;57;2331;NA;157097;115;2021-01-16;35523
2021-01-15;"Banskobystrický kraj";164;7673;217;7890;NA;157097;381;2021-01-15;35408
2021-01-14;"Banskobystrický kraj";220;5760;325;6085;NA;157097;545;2021-01-14;35027
2021-01-13;"Banskobystrický kraj";235;5974;217;6191;NA;157097;452;2021-01-13;34482
2021-01-12;"Banskobystrický kraj";194;6600;290;6890;NA;157097;484;2021-01-12;34030
2021-01-11;"Banskobystrický kraj";76;8231;481;8712;NA;157097;557;2021-01-11;33546
2021-01-10;"Banskobystrický kraj";110;433;4;437;NA;157097;114;2021-01-10;32989
2021-01-09;"Banskobystrický kraj";297;2378;81;2459;NA;157097;378;2021-01-09;32875
2021-01-08;"Banskobystrický kraj";435;9805;443;10248;NA;157097;878;2021-01-08;32497
2021-01-07;"Banskobystrický kraj";127;6322;366;6688;NA;157097;493;2021-01-07;31619
2021-01-06;"Banskobystrický kraj";305;3374;185;3559;NA;157097;490;2021-01-06;31126
2021-01-05;"Banskobystrický kraj";372;7349;533;7882;NA;157097;905;2021-01-05;30636
2021-01-04;"Banskobystrický kraj";130;7087;700;7787;NA;157097;830;2021-01-04;29731
2021-01-03;"Banskobystrický kraj";199;320;19;339;NA;157097;218;2021-01-03;28901
2021-01-02;"Banskobystrický kraj";123;702;85;787;NA;157097;208;2021-01-02;28683
2021-01-01;"Banskobystrický kraj";220;1958;132;2090;NA;157097;352;2021-01-01;28475
2020-12-31;"Banskobystrický kraj";499;7679;633;8312;NA;157097;1132;2020-12-31;28123
2020-12-30;"Banskobystrický kraj";593;7407;541;7948;NA;157097;1134;2020-12-30;26991
2020-12-29;"Banskobystrický kraj";240;7876;660;8536;NA;157097;900;2020-12-29;25857
2020-12-28;"Banskobystrický kraj";131;6120;720;6840;NA;157097;851;2020-12-28;24957
2020-12-27;"Banskobystrický kraj";116;541;25;566;NA;157097;141;2020-12-27;24106
2020-12-26;"Banskobystrický kraj";61;295;35;330;NA;157097;96;2020-12-26;23965
2020-12-25;"Banskobystrický kraj";65;888;10;898;NA;157097;75;2020-12-25;23869
2020-12-24;"Banskobystrický kraj";452;3685;135;3820;NA;157097;587;2020-12-24;23794
2020-12-23;"Banskobystrický kraj";368;9892;473;10365;NA;157097;841;2020-12-23;23207
2020-12-22;"Banskobystrický kraj";307;8468;619;9087;NA;157097;926;2020-12-22;22366
2020-12-21;"Banskobystrický kraj";286;4922;455;5377;NA;157097;741;2020-12-21;21440
2020-12-20;"Banskobystrický kraj";155;250;14;264;NA;157097;169;2020-12-20;20699
2020-12-19;"Banskobystrický kraj";170;3084;138;3222;NA;157097;308;2020-12-19;20530
2020-12-18;"Banskobystrický kraj";432;5959;331;6290;NA;157097;763;2020-12-18;20222
2020-12-17;"Banskobystrický kraj";468;8753;653;9406;NA;157097;1121;2020-12-17;19459
2020-12-16;"Banskobystrický kraj";379;10184;567;10751;NA;157097;946;2020-12-16;18338
2020-12-15;"Banskobystrický kraj";336;5281;425;5706;NA;157097;761;2020-12-15;17392
2020-12-14;"Banskobystrický kraj";148;4012;259;4271;NA;157097;407;2020-12-14;16631
2020-12-13;"Banskobystrický kraj";122;142;1;143;NA;157097;123;2020-12-13;16224
2020-12-12;"Banskobystrický kraj";137;2714;138;2852;NA;157097;275;2020-12-12;16101
2020-12-11;"Banskobystrický kraj";468;6633;362;6995;NA;157097;830;2020-12-11;15826
2020-12-10;"Banskobystrický kraj";280;5501;369;5870;NA;157097;649;2020-12-10;14996
2020-12-09;"Banskobystrický kraj";323;3941;205;4146;NA;157097;528;2020-12-09;14347
2020-12-08;"Banskobystrický kraj";256;3782;272;4054;NA;157097;528;2020-12-08;13819
2020-12-07;"Banskobystrický kraj";175;2633;177;2810;NA;157097;352;2020-12-07;13291
2020-12-06;"Banskobystrický kraj";121;507;11;518;NA;157097;132;2020-12-06;12939
2020-12-05;"Banskobystrický kraj";109;1099;34;1133;NA;157097;143;2020-12-05;12807
2020-12-04;"Banskobystrický kraj";339;3828;174;4002;NA;157097;513;2020-12-04;12664
2020-12-03;"Banskobystrický kraj";240;3193;234;3427;NA;157097;474;2020-12-03;12151
2020-12-02;"Banskobystrický kraj";217;4442;186;4628;NA;157097;403;2020-12-02;11677
2020-12-01;"Banskobystrický kraj";215;2702;134;2836;NA;157097;349;2020-12-01;11274
2020-11-30;"Banskobystrický kraj";74;4314;241;4555;NA;157097;315;2020-11-30;10925
2020-11-29;"Banskobystrický kraj";19;208;7;215;NA;157097;26;2020-11-29;10610
2020-11-28;"Banskobystrický kraj";81;1408;55;1463;NA;157097;136;2020-11-28;10584
2020-11-27;"Banskobystrický kraj";219;2566;123;2689;NA;157097;342;2020-11-27;10448
2020-11-26;"Banskobystrický kraj";208;2124;93;2217;NA;157097;301;2020-11-26;10106
2020-11-25;"Banskobystrický kraj";170;1952;86;2038;NA;157097;256;2020-11-25;9805
2020-11-24;"Banskobystrický kraj";166;2566;69;2635;NA;157097;235;2020-11-24;9549
2020-11-23;"Banskobystrický kraj";66;10147;193;10340;NA;157097;259;2020-11-23;9314
2020-11-22;"Banskobystrický kraj";38;104;1;105;NA;157097;39;2020-11-22;9055
2020-11-21;"Banskobystrický kraj";52;904;14;918;NA;157097;66;2020-11-21;9016
2020-11-20;"Banskobystrický kraj";127;2005;107;2112;NA;157097;234;2020-11-20;8950
2020-11-19;"Banskobystrický kraj";170;1218;82;1300;NA;157097;252;2020-11-19;8716
2020-11-18;"Banskobystrický kraj";153;698;65;763;NA;157097;218;2020-11-18;8464
2020-11-17;"Banskobystrický kraj";52;578;35;613;NA;157097;87;2020-11-17;8246
2020-11-16;"Banskobystrický kraj";106;470;25;495;NA;157097;131;2020-11-16;8159
2020-11-15;"Banskobystrický kraj";52;301;4;305;NA;157097;56;2020-11-15;8028
2020-11-14;"Banskobystrický kraj";73;305;2;307;NA;157097;75;2020-11-14;7972
2020-11-13;"Banskobystrický kraj";157;552;11;563;NA;157097;168;2020-11-13;7897
2020-11-12;"Banskobystrický kraj";218;952;44;996;NA;157097;262;2020-11-12;7729
2020-11-11;"Banskobystrický kraj";224;437;9;446;NA;157097;233;2020-11-11;7467
2020-11-10;"Banskobystrický kraj";263;463;18;481;NA;157097;281;2020-11-10;7234
2020-11-09;"Banskobystrický kraj";80;2678;31;2709;NA;157097;111;2020-11-09;6953
2020-11-08;"Banskobystrický kraj";82;981;16;997;NA;157097;98;2020-11-08;6842
2020-11-07;"Banskobystrický kraj";164;8828;94;8922;NA;157097;258;2020-11-07;6744
2020-11-06;"Banskobystrický kraj";227;2496;16;2512;NA;157097;243;2020-11-06;6486
2020-11-05;"Banskobystrický kraj";240;290;33;323;NA;157097;273;2020-11-05;6243
2020-11-04;"Banskobystrický kraj";254;1366;13;1379;NA;157097;267;2020-11-04;5970
2020-11-03;"Banskobystrický kraj";246;1332;4;1336;NA;157097;250;2020-11-03;5703
2020-11-02;"Banskobystrický kraj";90;2909;65;2974;NA;157097;155;2020-11-02;5453
2020-11-01;"Banskobystrický kraj";101;2671;42;2713;NA;157097;143;2020-11-01;5298
2020-10-31;"Banskobystrický kraj";199;13516;116;13632;NA;157097;315;2020-10-31;5155
2020-10-30;"Banskobystrický kraj";254;2829;20;2849;NA;157097;274;2020-10-30;4840
2020-10-29;"Banskobystrický kraj";372;969;42;1011;NA;157097;414;2020-10-29;4566
2020-10-28;"Banskobystrický kraj";285;302;30;332;NA;157097;315;2020-10-28;4152
2020-10-27;"Banskobystrický kraj";266;654;40;694;NA;157097;306;2020-10-27;3837
2020-10-26;"Banskobystrický kraj";38;234;29;263;NA;157097;67;2020-10-26;3531
2020-10-25;"Banskobystrický kraj";50;140;11;151;NA;157097;61;2020-10-25;3464
2020-10-24;"Banskobystrický kraj";315;114;12;126;NA;157097;327;2020-10-24;3403
2020-10-23;"Banskobystrický kraj";231;230;29;259;NA;157097;260;2020-10-23;3076
2020-10-22;"Banskobystrický kraj";264;253;24;277;NA;157097;288;2020-10-22;2816
2020-10-21;"Banskobystrický kraj";209;266;3;269;NA;157097;212;2020-10-21;2528
2020-10-20;"Banskobystrický kraj";210;66;3;69;NA;157097;213;2020-10-20;2316
2020-10-19;"Banskobystrický kraj";27;73;12;85;NA;157097;39;2020-10-19;2103
2020-10-18;"Banskobystrický kraj";49;0;0;0;NA;157097;49;2020-10-18;2064
2020-10-17;"Banskobystrický kraj";91;0;0;0;NA;157097;91;2020-10-17;2015
2020-10-16;"Banskobystrický kraj";224;37;3;40;NA;157097;227;2020-10-16;1924
2020-10-15;"Banskobystrický kraj";133;29;1;30;NA;157097;134;2020-10-15;1697
2020-10-14;"Banskobystrický kraj";139;31;1;32;NA;157097;140;2020-10-14;1563
2020-10-13;"Banskobystrický kraj";151;169;11;180;NA;157097;162;2020-10-13;1423
2020-10-12;"Banskobystrický kraj";11;110;4;114;NA;157097;15;2020-10-12;1261
2020-10-11;"Banskobystrický kraj";14;0;0;0;NA;157097;14;2020-10-11;1246
2020-10-10;"Banskobystrický kraj";53;0;0;0;NA;157097;53;2020-10-10;1232
2020-10-09;"Banskobystrický kraj";128;0;0;0;NA;157097;128;2020-10-09;1179
2020-10-08;"Banskobystrický kraj";99;0;0;0;NA;157097;99;2020-10-08;1051
2020-10-07;"Banskobystrický kraj";124;0;0;0;NA;157097;124;2020-10-07;952
2020-10-06;"Banskobystrický kraj";68;0;0;0;NA;157097;68;2020-10-06;828
2020-10-05;"Banskobystrický kraj";49;0;0;0;NA;157097;49;2020-10-05;760
2020-10-04;"Banskobystrický kraj";8;0;0;0;NA;157097;8;2020-10-04;711
2020-10-03;"Banskobystrický kraj";37;0;0;0;NA;157097;37;2020-10-03;703
2020-10-02;"Banskobystrický kraj";74;0;0;0;NA;157097;74;2020-10-02;666
2020-10-01;"Banskobystrický kraj";49;16;0;16;NA;157097;49;2020-10-01;592
2020-09-30;"Banskobystrický kraj";60;0;0;0;NA;157097;60;2020-09-30;543
2020-09-29;"Banskobystrický kraj";24;0;0;0;NA;157097;24;2020-09-29;483
2020-09-28;"Banskobystrický kraj";0;0;0;0;NA;157097;0;2020-09-28;459
2020-09-27;"Banskobystrický kraj";20;0;0;0;NA;157097;20;2020-09-27;459
2020-09-26;"Banskobystrický kraj";24;0;0;0;NA;157097;24;2020-09-26;439
2020-09-25;"Banskobystrický kraj";29;0;0;0;NA;157097;29;2020-09-25;415
2020-09-24;"Banskobystrický kraj";25;0;0;0;NA;157097;25;2020-09-24;386
2020-09-23;"Banskobystrický kraj";17;0;0;0;NA;157097;17;2020-09-23;361
2020-09-22;"Banskobystrický kraj";25;0;0;0;NA;157097;25;2020-09-22;344
2020-09-21;"Banskobystrický kraj";3;0;0;0;NA;157097;3;2020-09-21;319
2020-09-20;"Banskobystrický kraj";0;0;0;0;NA;157097;0;2020-09-20;316
2020-09-19;"Banskobystrický kraj";3;0;0;0;NA;157097;3;2020-09-19;316
2020-09-18;"Banskobystrický kraj";24;0;0;0;NA;157097;24;2020-09-18;313
2020-09-17;"Banskobystrický kraj";14;0;0;0;NA;157097;14;2020-09-17;289
2020-09-16;"Banskobystrický kraj";6;0;0;0;NA;157097;6;2020-09-16;275
2020-09-15;"Banskobystrický kraj";2;0;0;0;NA;157097;2;2020-09-15;269
2020-09-14;"Banskobystrický kraj";13;0;0;0;NA;157097;13;2020-09-14;267
2020-09-13;"Banskobystrický kraj";1;0;0;0;NA;157097;1;2020-09-13;254
2020-09-12;"Banskobystrický kraj";5;0;0;0;NA;157097;5;2020-09-12;253
2020-09-11;"Banskobystrický kraj";19;0;0;0;NA;157097;19;2020-09-11;248
2020-09-10;"Banskobystrický kraj";11;0;0;0;NA;157097;11;2020-09-10;229
2020-09-09;"Banskobystrický kraj";13;0;0;0;NA;157097;13;2020-09-09;218
2020-09-08;"Banskobystrický kraj";5;0;0;0;NA;157097;5;2020-09-08;205
2020-09-07;"Banskobystrický kraj";2;0;0;0;NA;157097;2;2020-09-07;200
2020-09-06;"Banskobystrický kraj";0;0;0;0;NA;157097;0;2020-09-06;198
2020-09-05;"Banskobystrický kraj";0;0;0;0;NA;157097;0;2020-09-05;198
2020-09-04;"Banskobystrický kraj";9;0;0;0;NA;157097;9;2020-09-04;198
2020-09-03;"Banskobystrický kraj";5;0;0;0;NA;157097;5;2020-09-03;189
2020-09-02;"Banskobystrický kraj";6;0;0;0;NA;157097;6;2020-09-02;184
2020-09-01;"Banskobystrický kraj";2;0;0;0;NA;157097;2;2020-09-01;178
2020-08-31;"Banskobystrický kraj";6;0;0;0;NA;157097;6;2020-08-31;176
2020-08-30;"Banskobystrický kraj";0;0;0;0;NA;157097;0;2020-08-30;170
2020-08-29;"Banskobystrický kraj";1;0;0;0;NA;157097;1;2020-08-29;170
2020-08-28;"Banskobystrický kraj";3;0;0;0;NA;157097;3;2020-08-28;169
2020-08-27;"Banskobystrický kraj";1;0;0;0;NA;157097;1;2020-08-27;166
2020-08-26;"Banskobystrický kraj";2;0;0;0;NA;157097;2;2020-08-26;165
2020-08-25;"Banskobystrický kraj";2;0;0;0;NA;157097;2;2020-08-25;163
2020-08-24;"Banskobystrický kraj";0;0;0;0;NA;157097;0;2020-08-24;161
2020-08-23;"Banskobystrický kraj";0;0;0;0;NA;157097;0;2020-08-23;161
2020-08-22;"Banskobystrický kraj";0;0;0;0;NA;157097;0;2020-08-22;161
2020-08-21;"Banskobystrický kraj";4;0;0;0;NA;157097;4;2020-08-21;161
2020-08-20;"Banskobystrický kraj";1;0;0;0;NA;157097;1;2020-08-20;157
2020-08-19;"Banskobystrický kraj";4;0;0;0;NA;157097;4;2020-08-19;156
2020-08-18;"Banskobystrický kraj";0;0;0;0;NA;157097;0;2020-08-18;152
2020-08-17;"Banskobystrický kraj";1;0;0;0;NA;157097;1;2020-08-17;152
2020-08-16;"Banskobystrický kraj";0;0;0;0;NA;157097;0;2020-08-16;151
2020-08-15;"Banskobystrický kraj";0;0;0;0;NA;157097;0;2020-08-15;151
2020-08-14;"Banskobystrický kraj";5;0;0;0;NA;157097;5;2020-08-14;151
2020-08-13;"Banskobystrický kraj";0;0;0;0;NA;157097;0;2020-08-13;146
2020-08-12;"Banskobystrický kraj";0;0;0;0;NA;157097;0;2020-08-12;146
2020-08-11;"Banskobystrický kraj";2;0;0;0;NA;157097;2;2020-08-11;146
2020-08-10;"Banskobystrický kraj";3;0;0;0;NA;157097;3;2020-08-10;144
2020-08-09;"Banskobystrický kraj";0;0;0;0;NA;157097;0;2020-08-09;141
2020-08-08;"Banskobystrický kraj";2;0;0;0;NA;157097;2;2020-08-08;141
2020-08-07;"Banskobystrický kraj";1;0;0;0;NA;157097;1;2020-08-07;139
2020-08-06;"Banskobystrický kraj";1;0;0;0;NA;157097;1;2020-08-06;138
2020-08-05;"Banskobystrický kraj";0;0;0;0;NA;157097;0;2020-08-05;137
2020-08-04;"Banskobystrický kraj";3;0;0;0;NA;157097;3;2020-08-04;137
2020-08-03;"Banskobystrický kraj";0;0;0;0;NA;157097;0;2020-08-03;134
2020-08-02;"Banskobystrický kraj";0;0;0;0;NA;157097;0;2020-08-02;134
2020-08-01;"Banskobystrický kraj";1;0;0;0;NA;157097;1;2020-08-01;134
2020-07-31;"Banskobystrický kraj";2;0;0;0;NA;157097;2;2020-07-31;133
2020-07-30;"Banskobystrický kraj";1;0;0;0;NA;157097;1;2020-07-30;131
2020-07-29;"Banskobystrický kraj";0;0;0;0;NA;157097;0;2020-07-29;130
2020-07-28;"Banskobystrický kraj";2;0;0;0;NA;157097;2;2020-07-28;130
2020-07-27;"Banskobystrický kraj";3;0;0;0;NA;157097;3;2020-07-27;128
2020-07-26;"Banskobystrický kraj";0;0;0;0;NA;157097;0;2020-07-26;125
2020-07-25;"Banskobystrický kraj";0;0;0;0;NA;157097;0;2020-07-25;125
2020-07-24;"Banskobystrický kraj";9;0;0;0;NA;157097;9;2020-07-24;125
2020-07-23;"Banskobystrický kraj";0;0;0;0;NA;157097;0;2020-07-23;116
2020-07-22;"Banskobystrický kraj";3;0;0;0;NA;157097;3;2020-07-22;116
2020-07-21;"Banskobystrický kraj";3;0;0;0;NA;157097;3;2020-07-21;113
2020-07-20;"Banskobystrický kraj";1;0;0;0;NA;157097;1;2020-07-20;110
2020-07-19;"Banskobystrický kraj";1;0;0;0;NA;157097;1;2020-07-19;109
2020-07-18;"Banskobystrický kraj";0;0;0;0;NA;157097;0;2020-07-18;108
2020-07-17;"Banskobystrický kraj";2;0;0;0;NA;157097;2;2020-07-17;108
2020-07-16;"Banskobystrický kraj";1;0;0;0;NA;157097;1;2020-07-16;106
2020-07-15;"Banskobystrický kraj";4;0;0;0;NA;157097;4;2020-07-15;105
2020-07-14;"Banskobystrický kraj";2;0;0;0;NA;157097;2;2020-07-14;101
2020-07-13;"Banskobystrický kraj";1;0;0;0;NA;157097;1;2020-07-13;99
2020-07-12;"Banskobystrický kraj";0;0;0;0;NA;157097;0;2020-07-12;98
2020-07-11;"Banskobystrický kraj";0;0;0;0;NA;157097;0;2020-07-11;98
2020-07-10;"Banskobystrický kraj";3;0;0;0;NA;157097;3;2020-07-10;98
2020-07-09;"Banskobystrický kraj";9;0;0;0;NA;157097;9;2020-07-09;95
2020-07-08;"Banskobystrický kraj";0;0;0;0;NA;157097;0;2020-07-08;86
2020-07-07;"Banskobystrický kraj";4;0;0;0;NA;157097;4;2020-07-07;86
2020-07-06;"Banskobystrický kraj";0;0;0;0;NA;157097;0;2020-07-06;82
2020-07-05;"Banskobystrický kraj";0;0;0;0;NA;157097;0;2020-07-05;82
2020-07-04;"Banskobystrický kraj";1;0;0;0;NA;157097;1;2020-07-04;82
2020-07-03;"Banskobystrický kraj";4;0;0;0;NA;157097;4;2020-07-03;81
2020-07-02;"Banskobystrický kraj";0;0;0;0;NA;157097;0;2020-07-02;77
2020-07-01;"Banskobystrický kraj";1;0;0;0;NA;157097;1;2020-07-01;77
2020-06-30;"Banskobystrický kraj";0;12;0;12;NA;157097;0;2020-06-30;76
2020-06-29;"Banskobystrický kraj";0;0;0;0;NA;157097;0;2020-06-29;76
2020-06-28;"Banskobystrický kraj";0;0;0;0;NA;157097;0;2020-06-28;76
2020-06-27;"Banskobystrický kraj";0;0;0;0;NA;157097;0;2020-06-27;76
2020-06-26;"Banskobystrický kraj";0;0;0;0;NA;157097;0;2020-06-26;76
2020-06-25;"Banskobystrický kraj";1;0;0;0;NA;157097;1;2020-06-25;76
2020-06-24;"Banskobystrický kraj";0;0;0;0;NA;157097;0;2020-06-24;75
2020-06-23;"Banskobystrický kraj";6;0;0;0;NA;157097;6;2020-06-23;75
2020-06-22;"Banskobystrický kraj";0;0;0;0;NA;157097;0;2020-06-22;69
2020-06-21;"Banskobystrický kraj";0;0;0;0;NA;157097;0;2020-06-21;69
2020-06-20;"Banskobystrický kraj";0;0;0;0;NA;157097;0;2020-06-20;69
2020-06-19;"Banskobystrický kraj";2;0;0;0;NA;157097;2;2020-06-19;69
2020-06-18;"Banskobystrický kraj";10;0;0;0;NA;157097;10;2020-06-18;67
2020-06-17;"Banskobystrický kraj";1;0;0;0;NA;157097;1;2020-06-17;57
2020-06-16;"Banskobystrický kraj";0;0;0;0;NA;157097;0;2020-06-16;56
2020-06-14;"Banskobystrický kraj";2;0;0;0;NA;157097;2;2020-06-14;56
2020-06-13;"Banskobystrický kraj";2;0;0;0;NA;157097;2;2020-06-13;54
2020-06-12;"Banskobystrický kraj";0;0;0;0;NA;157097;0;2020-06-12;52
2020-06-11;"Banskobystrický kraj";1;0;0;0;NA;157097;1;2020-06-11;52
2020-06-10;"Banskobystrický kraj";0;0;0;0;NA;157097;0;2020-06-10;51
2020-06-09;"Banskobystrický kraj";0;0;0;0;NA;157097;0;2020-06-09;51
2020-06-08;"Banskobystrický kraj";0;0;0;0;NA;157097;0;2020-06-08;51
2020-06-07;"Banskobystrický kraj";0;0;0;0;NA;157097;0;2020-06-07;51
2020-06-05;"Banskobystrický kraj";2;0;0;0;NA;157097;2;2020-06-05;51
2020-06-03;"Banskobystrický kraj";0;0;0;0;NA;157097;0;2020-06-03;49
2020-06-02;"Banskobystrický kraj";0;0;0;0;NA;157097;0;2020-06-02;49
2020-05-31;"Banskobystrický kraj";0;0;0;0;NA;157097;0;2020-05-31;49
2020-05-29;"Banskobystrický kraj";0;0;0;0;NA;157097;0;2020-05-29;49
2020-05-27;"Banskobystrický kraj";1;0;0;0;NA;157097;1;2020-05-27;49
2020-05-26;"Banskobystrický kraj";0;0;0;0;NA;157097;0;2020-05-26;48
2020-05-25;"Banskobystrický kraj";0;0;0;0;NA;157097;0;2020-05-25;48
2020-05-24;"Banskobystrický kraj";0;0;0;0;NA;157097;0;2020-05-24;48
2020-05-23;"Banskobystrický kraj";1;0;0;0;NA;157097;1;2020-05-23;48
2020-05-22;"Banskobystrický kraj";0;0;0;0;NA;157097;0;2020-05-22;47
2020-05-21;"Banskobystrický kraj";0;0;0;0;NA;157097;0;2020-05-21;47
2020-05-20;"Banskobystrický kraj";1;0;0;0;NA;157097;1;2020-05-20;47
2020-05-19;"Banskobystrický kraj";0;0;0;0;NA;157097;0;2020-05-19;46
2020-05-17;"Banskobystrický kraj";0;0;0;0;NA;157097;0;2020-05-17;46
2020-05-16;"Banskobystrický kraj";0;0;0;0;NA;157097;0;2020-05-16;46
2020-05-15;"Banskobystrický kraj";0;0;0;0;NA;157097;0;2020-05-15;46
2020-05-14;"Banskobystrický kraj";0;0;0;0;NA;157097;0;2020-05-14;46
2020-05-13;"Banskobystrický kraj";0;0;0;0;NA;157097;0;2020-05-13;46
2020-05-12;"Banskobystrický kraj";1;0;0;0;NA;157097;1;2020-05-12;46
2020-05-11;"Banskobystrický kraj";0;0;0;0;NA;157097;0;2020-05-11;45
2020-05-09;"Banskobystrický kraj";0;0;0;0;NA;157097;0;2020-05-09;45
2020-05-07;"Banskobystrický kraj";2;0;0;0;NA;157097;2;2020-05-07;45
2020-05-06;"Banskobystrický kraj";1;0;0;0;NA;157097;1;2020-05-06;43
2020-05-05;"Banskobystrický kraj";2;0;0;0;NA;157097;2;2020-05-05;42
2020-05-04;"Banskobystrický kraj";0;0;0;0;NA;157097;0;2020-05-04;40
2020-05-03;"Banskobystrický kraj";0;0;0;0;NA;157097;0;2020-05-03;40
2020-05-02;"Banskobystrický kraj";0;0;0;0;NA;157097;0;2020-05-02;40
2020-05-01;"Banskobystrický kraj";0;0;0;0;NA;157097;0;2020-05-01;40
2020-04-30;"Banskobystrický kraj";1;0;0;0;NA;157097;1;2020-04-30;40
2020-04-29;"Banskobystrický kraj";1;0;0;0;NA;157097;1;2020-04-29;39
2020-04-28;"Banskobystrický kraj";0;0;0;0;NA;157097;0;2020-04-28;38
2020-04-27;"Banskobystrický kraj";0;0;0;0;NA;157097;0;2020-04-27;38
2020-04-26;"Banskobystrický kraj";0;0;0;0;NA;157097;0;2020-04-26;38
2020-04-25;"Banskobystrický kraj";2;0;0;0;NA;157097;2;2020-04-25;38
2020-04-24;"Banskobystrický kraj";3;0;0;0;NA;157097;3;2020-04-24;36
2020-04-23;"Banskobystrický kraj";2;0;0;0;NA;157097;2;2020-04-23;33
2020-04-22;"Banskobystrický kraj";2;0;0;0;NA;157097;2;2020-04-22;31
2020-04-21;"Banskobystrický kraj";2;0;0;0;NA;157097;2;2020-04-21;29
2020-04-20;"Banskobystrický kraj";0;0;0;0;NA;157097;0;2020-04-20;27
2020-04-19;"Banskobystrický kraj";0;0;0;0;NA;157097;0;2020-04-19;27
2020-04-18;"Banskobystrický kraj";8;0;0;0;NA;157097;8;2020-04-18;27
2020-04-17;"Banskobystrický kraj";2;0;0;0;NA;157097;2;2020-04-17;19
2020-04-16;"Banskobystrický kraj";0;0;0;0;NA;157097;0;2020-04-16;17
2020-04-15;"Banskobystrický kraj";10;0;0;0;NA;157097;10;2020-04-15;17
2020-04-14;"Banskobystrický kraj";0;0;0;0;NA;157097;0;2020-04-14;7
2020-04-13;"Banskobystrický kraj";2;0;0;0;NA;157097;2;2020-04-13;7
2020-04-12;"Banskobystrický kraj";4;0;0;0;NA;157097;4;2020-04-12;5
2020-04-11;"Banskobystrický kraj";1;0;0;0;NA;157097;1;2020-04-11;1
2020-04-10;"Banskobystrický kraj";0;0;0;0;NA;157097;0;2020-04-10;0
2020-04-09;"Banskobystrický kraj";2;0;0;0;NA;157097;2;2020-04-09;0
2020-04-08;"Banskobystrický kraj";0;0;0;0;NA;157097;0;2020-04-08;-2
2020-04-07;"Banskobystrický kraj";4;0;0;0;NA;157097;4;2020-04-07;-2
2020-04-06;"Banskobystrický kraj";10;0;0;0;NA;157097;10;2020-04-06;-6
2020-04-05;"Banskobystrický kraj";9;0;0;0;NA;157097;9;2020-04-05;-16
2020-04-04;"Banskobystrický kraj";0;0;0;0;NA;157097;0;2020-04-04;-25
2020-04-03;"Banskobystrický kraj";2;0;0;0;NA;157097;2;2020-04-03;-25
2020-04-02;"Banskobystrický kraj";2;0;0;0;NA;157097;2;2020-04-02;-27
2020-04-01;"Banskobystrický kraj";5;0;0;0;NA;157097;5;2020-04-01;-29
2020-03-31;"Banskobystrický kraj";3;0;0;0;NA;157097;3;2020-03-31;-34
2020-03-30;"Banskobystrický kraj";1;0;0;0;NA;157097;1;2020-03-30;-37
2020-03-29;"Banskobystrický kraj";2;0;0;0;NA;157097;2;2020-03-29;-38
2020-03-28;"Banskobystrický kraj";1;0;0;0;NA;157097;1;2020-03-28;-40
2020-03-27;"Banskobystrický kraj";1;0;0;0;NA;157097;1;2020-03-27;-41
2020-03-26;"Banskobystrický kraj";1;0;0;0;NA;157097;1;2020-03-26;-42
2020-03-25;"Banskobystrický kraj";0;0;0;0;NA;157097;0;2020-03-25;-43
2020-03-24;"Banskobystrický kraj";1;0;0;0;NA;157097;1;2020-03-24;-43
2020-03-23;"Banskobystrický kraj";1;0;0;0;NA;157097;1;2020-03-23;-44
2020-03-22;"Banskobystrický kraj";0;0;0;0;NA;157097;0;2020-03-22;-45
2020-03-21;"Banskobystrický kraj";3;0;0;0;NA;157097;3;2020-03-21;-45
2020-03-20;"Banskobystrický kraj";0;0;0;0;NA;157097;0;2020-03-20;-48
2020-03-19;"Banskobystrický kraj";2;0;0;0;NA;157097;2;2020-03-19;-48
2020-03-18;"Banskobystrický kraj";1;0;0;0;NA;157097;1;2020-03-18;-50
2020-03-17;"Banskobystrický kraj";1;0;0;0;NA;157097;1;2020-03-17;-51
2020-03-16;"Banskobystrický kraj";0;0;0;0;NA;157097;0;2020-03-16;-52
2020-03-15;"Banskobystrický kraj";1;0;0;0;NA;157097;1;2020-03-15;-52
2020-03-14;"Banskobystrický kraj";0;0;0;0;NA;157097;0;2020-03-14;-53
2020-03-13;"Banskobystrický kraj";1;0;0;0;NA;157097;1;2020-03-13;-53
2020-03-12;"Banskobystrický kraj";0;0;0;0;NA;157097;0;2020-03-12;-54
2020-03-11;"Banskobystrický kraj";0;0;0;0;NA;157097;0;2020-03-11;-54
2020-03-09;"Banskobystrický kraj";0;0;0;0;NA;157097;0;2020-03-09;-54
2020-03-08;"Banskobystrický kraj";0;0;0;0;NA;157097;0;2020-03-08;-54
2020-03-07;"Banskobystrický kraj";0;0;0;0;NA;157097;0;2020-03-07;-54
2020-03-06;"Banskobystrický kraj";0;0;0;0;NA;157097;0;2020-03-06;-54
2022-01-09;"Bratislavský kraj";187;2199;46;2245;106010;173135;233;2022-01-09;173135
2022-01-08;"Bratislavský kraj";323;1730;45;1775;NA;173135;368;2022-01-08;172902
2022-01-07;"Bratislavský kraj";436;3325;87;3412;NA;173135;523;2022-01-07;172534
2022-01-06;"Bratislavský kraj";192;2160;51;2211;NA;173135;243;2022-01-06;172011
2022-01-05;"Bratislavský kraj";426;4016;69;4085;NA;173135;495;2022-01-05;171768
2022-01-04;"Bratislavský kraj";446;4465;100;4565;NA;173135;546;2022-01-04;171273
2022-01-03;"Bratislavský kraj";578;5226;126;5352;NA;173135;704;2022-01-03;170727
2022-01-02;"Bratislavský kraj";198;3137;80;3217;NA;173135;278;2022-01-02;170023
2022-01-01;"Bratislavský kraj";7;1103;36;1139;NA;173135;43;2022-01-01;169745
2021-12-31;"Bratislavský kraj";371;3443;92;3535;NA;173135;463;2021-12-31;169702
2021-12-30;"Bratislavský kraj";468;3589;119;3708;NA;173135;587;2021-12-30;169239
2021-12-29;"Bratislavský kraj";404;3598;85;3683;NA;173135;489;2021-12-29;168652
2021-12-28;"Bratislavský kraj";578;4327;121;4448;NA;173135;699;2021-12-28;168163
2021-12-27;"Bratislavský kraj";656;4640;108;4748;NA;173135;764;2021-12-27;167464
2021-12-26;"Bratislavský kraj";198;2549;83;2632;NA;173135;281;2021-12-26;166700
2021-12-25;"Bratislavský kraj";34;1160;53;1213;NA;173135;87;2021-12-25;166419
2021-12-24;"Bratislavský kraj";171;2214;55;2269;NA;173135;226;2021-12-24;166332
2021-12-23;"Bratislavský kraj";678;4095;115;4210;NA;173135;793;2021-12-23;166106
2021-12-22;"Bratislavský kraj";575;4913;118;5031;NA;173135;693;2021-12-22;165313
2021-12-21;"Bratislavský kraj";625;5628;167;5795;NA;173135;792;2021-12-21;164620
2021-12-20;"Bratislavský kraj";528;6081;157;6238;NA;173135;685;2021-12-20;163828
2021-12-19;"Bratislavský kraj";250;3042;98;3140;NA;173135;348;2021-12-19;163143
2021-12-18;"Bratislavský kraj";528;2654;103;2757;NA;173135;631;2021-12-18;162795
2021-12-17;"Bratislavský kraj";683;4917;145;5062;NA;173135;828;2021-12-17;162164
2021-12-16;"Bratislavský kraj";730;5491;161;5652;NA;173135;891;2021-12-16;161336
2021-12-15;"Bratislavský kraj";881;4884;158;5042;NA;173135;1039;2021-12-15;160445
2021-12-14;"Bratislavský kraj";869;5397;179;5576;NA;173135;1048;2021-12-14;159406
2021-12-13;"Bratislavský kraj";648;7506;236;7742;NA;173135;884;2021-12-13;158358
2021-12-12;"Bratislavský kraj";534;3474;129;3603;NA;173135;663;2021-12-12;157474
2021-12-11;"Bratislavský kraj";698;2377;153;2530;NA;173135;851;2021-12-11;156811
2021-12-10;"Bratislavský kraj";796;4728;186;4914;NA;173135;982;2021-12-10;155960
2021-12-09;"Bratislavský kraj";1040;4042;172;4214;NA;173135;1212;2021-12-09;154978
2021-12-08;"Bratislavský kraj";1172;4602;196;4798;NA;173135;1368;2021-12-08;153766
2021-12-07;"Bratislavský kraj";1236;5173;257;5430;NA;173135;1493;2021-12-07;152398
2021-12-06;"Bratislavský kraj";1434;8639;310;8949;NA;173135;1744;2021-12-06;150905
2021-12-05;"Bratislavský kraj";633;3874;197;4071;NA;173135;830;2021-12-05;149161
2021-12-04;"Bratislavský kraj";936;4332;195;4527;NA;173135;1131;2021-12-04;148331
2021-12-03;"Bratislavský kraj";1222;4351;269;4620;NA;173135;1491;2021-12-03;147200
2021-12-02;"Bratislavský kraj";2053;5097;311;5408;NA;173135;2364;2021-12-02;145709
2021-12-01;"Bratislavský kraj";1161;9051;295;9346;NA;173135;1456;2021-12-01;143345
2021-11-30;"Bratislavský kraj";1442;6508;355;6863;NA;173135;1797;2021-11-30;141889
2021-11-29;"Bratislavský kraj";863;8821;452;9273;NA;173135;1315;2021-11-29;140092
2021-11-28;"Bratislavský kraj";617;5102;295;5397;NA;173135;912;2021-11-28;138777
2021-11-27;"Bratislavský kraj";1026;3497;329;3826;NA;173135;1355;2021-11-27;137865
2021-11-26;"Bratislavský kraj";1346;5483;422;5905;NA;173135;1768;2021-11-26;136510
2021-11-25;"Bratislavský kraj";1415;6383;451;6834;NA;173135;1866;2021-11-25;134742
2021-11-24;"Bratislavský kraj";1286;6849;467;7316;NA;173135;1753;2021-11-24;132876
2021-11-23;"Bratislavský kraj";1651;6351;433;6784;NA;173135;2084;2021-11-23;131123
2021-11-22;"Bratislavský kraj";1197;8722;584;9306;NA;173135;1781;2021-11-22;129039
2021-11-21;"Bratislavský kraj";702;4324;320;4644;NA;173135;1022;2021-11-21;127258
2021-11-20;"Bratislavský kraj";1005;3514;360;3874;NA;173135;1365;2021-11-20;126236
2021-11-19;"Bratislavský kraj";1444;5927;549;6476;NA;173135;1993;2021-11-19;124871
2021-11-18;"Bratislavský kraj";1052;6358;548;6906;NA;173135;1600;2021-11-18;122878
2021-11-17;"Bratislavský kraj";832;2439;308;2747;NA;173135;1140;2021-11-17;121278
2021-11-16;"Bratislavský kraj";1067;5792;443;6235;NA;173135;1510;2021-11-16;120138
2021-11-15;"Bratislavský kraj";1014;6330;519;6849;NA;173135;1533;2021-11-15;118628
2021-11-14;"Bratislavský kraj";448;3202;335;3537;NA;173135;783;2021-11-14;117095
2021-11-13;"Bratislavský kraj";587;3251;313;3564;NA;173135;900;2021-11-13;116312
2021-11-12;"Bratislavský kraj";856;5723;357;6080;NA;173135;1213;2021-11-12;115412
2021-11-11;"Bratislavský kraj";787;6028;355;6383;NA;173135;1142;2021-11-11;114199
2021-11-10;"Bratislavský kraj";840;5903;385;6288;NA;173135;1225;2021-11-10;113057
2021-11-09;"Bratislavský kraj";939;5733;350;6083;NA;173135;1289;2021-11-09;111832
2021-11-08;"Bratislavský kraj";579;5641;404;6045;NA;173135;983;2021-11-08;110543
2021-11-07;"Bratislavský kraj";363;2836;244;3080;NA;173135;607;2021-11-07;109560
2021-11-06;"Bratislavský kraj";538;2901;243;3144;NA;173135;781;2021-11-06;108953
2021-11-05;"Bratislavský kraj";801;5640;318;5958;NA;173135;1119;2021-11-05;108172
2021-11-04;"Bratislavský kraj";768;5233;273;5506;NA;173135;1041;2021-11-04;107053
2021-11-03;"Bratislavský kraj";690;5120;290;5410;NA;173135;980;2021-11-03;106012
2021-11-02;"Bratislavský kraj";422;6356;327;6683;NA;173135;749;2021-11-02;105032
2021-11-01;"Bratislavský kraj";395;1733;136;1869;NA;173135;531;2021-11-01;104283
2021-10-31;"Bratislavský kraj";209;2280;163;2443;NA;173135;372;2021-10-31;103752
2021-10-30;"Bratislavský kraj";429;2138;118;2256;NA;173135;547;2021-10-30;103380
2021-10-29;"Bratislavský kraj";445;4757;219;4976;NA;173135;664;2021-10-29;102833
2021-10-28;"Bratislavský kraj";372;4777;179;4956;NA;173135;551;2021-10-28;102169
2021-10-27;"Bratislavský kraj";376;4522;164;4686;NA;173135;540;2021-10-27;101618
2021-10-26;"Bratislavský kraj";461;4492;188;4680;NA;173135;649;2021-10-26;101078
2021-10-25;"Bratislavský kraj";379;5347;192;5539;NA;173135;571;2021-10-25;100429
2021-10-24;"Bratislavský kraj";114;2369;91;2460;NA;173135;205;2021-10-24;99858
2021-10-23;"Bratislavský kraj";301;2666;91;2757;NA;173135;392;2021-10-23;99653
2021-10-22;"Bratislavský kraj";309;4466;122;4588;NA;173135;431;2021-10-22;99261
2021-10-21;"Bratislavský kraj";244;4544;101;4645;NA;173135;345;2021-10-21;98830
2021-10-20;"Bratislavský kraj";262;3897;95;3992;NA;173135;357;2021-10-20;98485
2021-10-19;"Bratislavský kraj";260;4116;68;4184;NA;173135;328;2021-10-19;98128
2021-10-18;"Bratislavský kraj";250;5014;114;5128;NA;173135;364;2021-10-18;97800
2021-10-17;"Bratislavský kraj";54;2460;73;2533;NA;173135;127;2021-10-17;97436
2021-10-16;"Bratislavský kraj";185;2687;63;2750;NA;173135;248;2021-10-16;97309
2021-10-15;"Bratislavský kraj";169;4200;64;4264;NA;173135;233;2021-10-15;97061
2021-10-14;"Bratislavský kraj";173;4714;61;4775;NA;173135;234;2021-10-14;96828
2021-10-13;"Bratislavský kraj";143;3671;76;3747;NA;173135;219;2021-10-13;96594
2021-10-12;"Bratislavský kraj";183;4037;78;4115;NA;173135;261;2021-10-12;96375
2021-10-11;"Bratislavský kraj";191;4798;88;4886;NA;173135;279;2021-10-11;96114
2021-10-10;"Bratislavský kraj";29;2176;43;2219;NA;173135;72;2021-10-10;95835
2021-10-09;"Bratislavský kraj";141;2419;34;2453;NA;173135;175;2021-10-09;95763
2021-10-08;"Bratislavský kraj";130;4511;63;4574;NA;173135;193;2021-10-08;95588
2021-10-07;"Bratislavský kraj";92;4137;61;4198;NA;173135;153;2021-10-07;95395
2021-10-06;"Bratislavský kraj";147;4028;68;4096;NA;173135;215;2021-10-06;95242
2021-10-05;"Bratislavský kraj";164;4468;70;4538;NA;173135;234;2021-10-05;95027
2021-10-04;"Bratislavský kraj";129;4653;79;4732;NA;173135;208;2021-10-04;94793
2021-10-03;"Bratislavský kraj";41;2144;42;2186;NA;173135;83;2021-10-03;94585
2021-10-02;"Bratislavský kraj";104;2605;40;2645;NA;173135;144;2021-10-02;94502
2021-10-01;"Bratislavský kraj";108;4818;57;4875;NA;173135;165;2021-10-01;94358
2021-09-30;"Bratislavský kraj";90;3854;60;3914;NA;173135;150;2021-09-30;94193
2021-09-29;"Bratislavský kraj";115;3508;58;3566;NA;173135;173;2021-09-29;94043
2021-09-28;"Bratislavský kraj";144;4003;48;4051;NA;173135;192;2021-09-28;93870
2021-09-27;"Bratislavský kraj";123;4427;70;4497;NA;173135;193;2021-09-27;93678
2021-09-26;"Bratislavský kraj";32;2194;31;2225;NA;173135;63;2021-09-26;93485
2021-09-25;"Bratislavský kraj";85;2742;38;2780;NA;173135;123;2021-09-25;93422
2021-09-24;"Bratislavský kraj";82;4212;59;4271;NA;173135;141;2021-09-24;93299
2021-09-23;"Bratislavský kraj";90;3975;51;4026;NA;173135;141;2021-09-23;93158
2021-09-22;"Bratislavský kraj";84;3757;63;3820;NA;173135;147;2021-09-22;93017
2021-09-21;"Bratislavský kraj";95;3574;39;3613;NA;173135;134;2021-09-21;92870
2021-09-20;"Bratislavský kraj";84;3937;31;3968;NA;173135;115;2021-09-20;92736
2021-09-19;"Bratislavský kraj";31;1850;28;1878;NA;173135;59;2021-09-19;92621
2021-09-18;"Bratislavský kraj";60;1989;19;2008;NA;173135;79;2021-09-18;92562
2021-09-17;"Bratislavský kraj";87;3443;27;3470;NA;173135;114;2021-09-17;92483
2021-09-16;"Bratislavský kraj";57;3781;43;3824;NA;173135;100;2021-09-16;92369
2021-09-15;"Bratislavský kraj";41;1104;21;1125;NA;173135;62;2021-09-15;92269
2021-09-14;"Bratislavský kraj";78;3518;31;3549;NA;173135;109;2021-09-14;92207
2021-09-13;"Bratislavský kraj";47;3191;28;3219;NA;173135;75;2021-09-13;92098
2021-09-12;"Bratislavský kraj";13;1713;21;1734;NA;173135;34;2021-09-12;92023
2021-09-11;"Bratislavský kraj";36;2064;13;2077;NA;173135;49;2021-09-11;91989
2021-09-10;"Bratislavský kraj";47;3628;18;3646;NA;173135;65;2021-09-10;91940
2021-09-09;"Bratislavský kraj";50;3010;30;3040;NA;173135;80;2021-09-09;91875
2021-09-08;"Bratislavský kraj";56;2925;20;2945;NA;173135;76;2021-09-08;91795
2021-09-07;"Bratislavský kraj";50;3272;18;3290;NA;173135;68;2021-09-07;91719
2021-09-06;"Bratislavský kraj";63;2821;29;2850;NA;173135;92;2021-09-06;91651
2021-09-05;"Bratislavský kraj";10;1682;14;1696;NA;173135;24;2021-09-05;91559
2021-09-04;"Bratislavský kraj";41;2612;11;2623;NA;173135;52;2021-09-04;91535
2021-09-03;"Bratislavský kraj";55;3016;14;3030;NA;173135;69;2021-09-03;91483
2021-09-02;"Bratislavský kraj";35;2423;23;2446;NA;173135;58;2021-09-02;91414
2021-09-01;"Bratislavský kraj";16;929;9;938;NA;173135;25;2021-09-01;91356
2021-08-31;"Bratislavský kraj";28;5197;22;5219;NA;173135;50;2021-08-31;91331
2021-08-30;"Bratislavský kraj";24;2403;13;2416;NA;173135;37;2021-08-30;91281
2021-08-29;"Bratislavský kraj";11;1016;6;1022;NA;173135;17;2021-08-29;91244
2021-08-28;"Bratislavský kraj";24;1714;11;1725;NA;173135;35;2021-08-28;91227
2021-08-27;"Bratislavský kraj";19;2850;9;2859;NA;173135;28;2021-08-27;91192
2021-08-26;"Bratislavský kraj";15;2382;19;2401;NA;173135;34;2021-08-26;91164
2021-08-25;"Bratislavský kraj";29;1888;10;1898;NA;173135;39;2021-08-25;91130
2021-08-24;"Bratislavský kraj";22;1785;4;1789;NA;173135;26;2021-08-24;91091
2021-08-23;"Bratislavský kraj";21;2183;7;2190;NA;173135;28;2021-08-23;91065
2021-08-22;"Bratislavský kraj";5;1383;8;1391;NA;173135;13;2021-08-22;91037
2021-08-21;"Bratislavský kraj";18;1681;4;1685;NA;173135;22;2021-08-21;91024
2021-08-20;"Bratislavský kraj";27;2747;19;2766;NA;173135;46;2021-08-20;91002
2021-08-19;"Bratislavský kraj";15;2122;9;2131;NA;173135;24;2021-08-19;90956
2021-08-18;"Bratislavský kraj";16;1659;11;1670;NA;173135;27;2021-08-18;90932
2021-08-17;"Bratislavský kraj";18;1608;5;1613;NA;173135;23;2021-08-17;90905
2021-08-16;"Bratislavský kraj";18;2559;12;2571;NA;173135;30;2021-08-16;90882
2021-08-15;"Bratislavský kraj";3;1169;6;1175;NA;173135;9;2021-08-15;90852
2021-08-14;"Bratislavský kraj";11;1519;4;1523;NA;173135;15;2021-08-14;90843
2021-08-13;"Bratislavský kraj";32;2634;7;2641;NA;173135;39;2021-08-13;90828
2021-08-12;"Bratislavský kraj";16;1824;9;1833;NA;173135;25;2021-08-12;90789
2021-08-11;"Bratislavský kraj";22;1621;5;1626;NA;173135;27;2021-08-11;90764
2021-08-10;"Bratislavský kraj";15;1630;7;1637;NA;173135;22;2021-08-10;90737
2021-08-09;"Bratislavský kraj";35;1927;9;1936;NA;173135;44;2021-08-09;90715
2021-08-08;"Bratislavský kraj";3;1152;4;1156;NA;173135;7;2021-08-08;90671
2021-08-07;"Bratislavský kraj";6;1572;9;1581;NA;173135;15;2021-08-07;90664
2021-08-06;"Bratislavský kraj";9;2510;10;2520;NA;173135;19;2021-08-06;90649
2021-08-05;"Bratislavský kraj";10;1651;7;1658;NA;173135;17;2021-08-05;90630
2021-08-04;"Bratislavský kraj";9;1578;0;1578;NA;173135;9;2021-08-04;90613
2021-08-03;"Bratislavský kraj";11;1507;5;1512;NA;173135;16;2021-08-03;90604
2021-08-02;"Bratislavský kraj";15;1749;11;1760;NA;173135;26;2021-08-02;90588
2021-08-01;"Bratislavský kraj";4;1224;8;1232;NA;173135;12;2021-08-01;90562
2021-07-31;"Bratislavský kraj";7;1623;2;1625;NA;173135;9;2021-07-31;90550
2021-07-30;"Bratislavský kraj";15;2540;7;2547;NA;173135;22;2021-07-30;90541
2021-07-29;"Bratislavský kraj";19;1790;7;1797;NA;173135;26;2021-07-29;90519
2021-07-28;"Bratislavský kraj";8;1538;11;1549;NA;173135;19;2021-07-28;90493
2021-07-27;"Bratislavský kraj";9;1476;5;1481;NA;173135;14;2021-07-27;90474
2021-07-26;"Bratislavský kraj";17;1806;7;1813;NA;173135;24;2021-07-26;90460
2021-07-25;"Bratislavský kraj";4;1411;2;1413;NA;173135;6;2021-07-25;90436
2021-07-24;"Bratislavský kraj";9;1732;3;1735;NA;173135;12;2021-07-24;90430
2021-07-23;"Bratislavský kraj";6;2400;3;2403;NA;173135;9;2021-07-23;90418
2021-07-22;"Bratislavský kraj";12;1944;6;1950;NA;173135;18;2021-07-22;90409
2021-07-21;"Bratislavský kraj";5;1860;6;1866;NA;173135;11;2021-07-21;90391
2021-07-20;"Bratislavský kraj";19;1559;1;1560;NA;173135;20;2021-07-20;90380
2021-07-19;"Bratislavský kraj";15;2259;3;2262;NA;173135;18;2021-07-19;90360
2021-07-18;"Bratislavský kraj";2;1462;3;1465;NA;173135;5;2021-07-18;90342
2021-07-17;"Bratislavský kraj";3;1870;2;1872;NA;173135;5;2021-07-17;90337
2021-07-16;"Bratislavský kraj";8;2834;4;2838;NA;173135;12;2021-07-16;90332
2021-07-15;"Bratislavský kraj";5;1677;0;1677;NA;173135;5;2021-07-15;90320
2021-07-14;"Bratislavský kraj";5;1904;3;1907;NA;173135;8;2021-07-14;90315
2021-07-13;"Bratislavský kraj";4;1584;4;1588;NA;173135;8;2021-07-13;90307
2021-07-12;"Bratislavský kraj";6;1780;5;1785;NA;173135;11;2021-07-12;90299
2021-07-11;"Bratislavský kraj";3;1896;3;1899;NA;173135;6;2021-07-11;90288
2021-07-10;"Bratislavský kraj";5;2240;3;2243;NA;173135;8;2021-07-10;90282
2021-07-09;"Bratislavský kraj";13;3546;7;3553;NA;173135;20;2021-07-09;90274
2021-07-08;"Bratislavský kraj";9;2433;4;2437;NA;173135;13;2021-07-08;90254
2021-07-07;"Bratislavský kraj";5;2792;4;2796;NA;173135;9;2021-07-07;90241
2021-07-06;"Bratislavský kraj";19;2771;4;2775;NA;173135;23;2021-07-06;90232
2021-07-05;"Bratislavský kraj";5;2481;5;2486;NA;173135;10;2021-07-05;90209
2021-07-04;"Bratislavský kraj";3;1824;2;1826;NA;173135;5;2021-07-04;90199
2021-07-03;"Bratislavský kraj";8;2205;5;2210;NA;173135;13;2021-07-03;90194
2021-07-02;"Bratislavský kraj";4;2227;4;2231;NA;173135;8;2021-07-02;90181
2021-07-01;"Bratislavský kraj";6;1809;5;1814;NA;173135;11;2021-07-01;90173
2021-06-30;"Bratislavský kraj";2;11548;11;11559;NA;173135;13;2021-06-30;90162
2021-06-29;"Bratislavský kraj";5;6831;7;6838;NA;173135;12;2021-06-29;90149
2021-06-28;"Bratislavský kraj";16;6654;24;6678;NA;173135;40;2021-06-28;90137
2021-06-27;"Bratislavský kraj";4;6689;11;6700;NA;173135;15;2021-06-27;90097
2021-06-26;"Bratislavský kraj";3;8741;6;8747;NA;173135;9;2021-06-26;90082
2021-06-25;"Bratislavský kraj";7;10285;15;10300;NA;173135;22;2021-06-25;90073
2021-06-24;"Bratislavský kraj";3;7384;16;7400;NA;173135;19;2021-06-24;90051
2021-06-23;"Bratislavský kraj";4;7346;12;7358;NA;173135;16;2021-06-23;90032
2021-06-22;"Bratislavský kraj";6;7244;10;7254;NA;173135;16;2021-06-22;90016
2021-06-21;"Bratislavský kraj";5;7641;9;7650;NA;173135;14;2021-06-21;90000
2021-06-20;"Bratislavský kraj";0;7369;5;7374;NA;173135;5;2021-06-20;89986
2021-06-19;"Bratislavský kraj";3;9226;4;9230;NA;173135;7;2021-06-19;89981
2021-06-18;"Bratislavský kraj";5;12763;9;12772;NA;173135;14;2021-06-18;89974
2021-06-17;"Bratislavský kraj";3;8625;13;8638;NA;173135;16;2021-06-17;89960
2021-06-16;"Bratislavský kraj";3;7105;4;7109;NA;173135;7;2021-06-16;89944
2021-06-15;"Bratislavský kraj";7;7309;17;7326;NA;173135;24;2021-06-15;89937
2021-06-14;"Bratislavský kraj";4;8231;9;8240;NA;173135;13;2021-06-14;89913
2021-06-13;"Bratislavský kraj";2;8791;11;8802;NA;173135;13;2021-06-13;89900
2021-06-12;"Bratislavský kraj";4;11152;11;11163;NA;173135;15;2021-06-12;89887
2021-06-11;"Bratislavský kraj";9;13644;21;13665;NA;173135;30;2021-06-11;89872
2021-06-10;"Bratislavský kraj";12;8637;15;8652;NA;173135;27;2021-06-10;89842
2021-06-09;"Bratislavský kraj";12;7596;12;7608;NA;173135;24;2021-06-09;89815
2021-06-08;"Bratislavský kraj";13;7907;29;7936;NA;173135;42;2021-06-08;89791
2021-06-07;"Bratislavský kraj";13;9247;43;9290;NA;173135;56;2021-06-07;89749
2021-06-06;"Bratislavský kraj";3;10350;20;10370;NA;173135;23;2021-06-06;89693
2021-06-05;"Bratislavský kraj";2;12692;15;12707;NA;173135;17;2021-06-05;89670
2021-06-04;"Bratislavský kraj";10;13846;31;13877;NA;173135;41;2021-06-04;89653
2021-06-03;"Bratislavský kraj";12;9615;19;9634;NA;173135;31;2021-06-03;89612
2021-06-02;"Bratislavský kraj";10;8684;17;8701;NA;173135;27;2021-06-02;89581
2021-06-01;"Bratislavský kraj";3;8812;25;8837;NA;173135;28;2021-06-01;89554
2021-05-31;"Bratislavský kraj";18;11248;32;11280;NA;173135;50;2021-05-31;89526
2021-05-30;"Bratislavský kraj";1;11758;17;11775;NA;173135;18;2021-05-30;89476
2021-05-29;"Bratislavský kraj";4;12245;8;12253;NA;173135;12;2021-05-29;89458
2021-05-28;"Bratislavský kraj";14;15865;23;15888;NA;173135;37;2021-05-28;89446
2021-05-27;"Bratislavský kraj";5;11321;18;11339;NA;173135;23;2021-05-27;89409
2021-05-26;"Bratislavský kraj";20;10709;17;10726;NA;173135;37;2021-05-26;89386
2021-05-25;"Bratislavský kraj";19;11864;31;11895;NA;173135;50;2021-05-25;89349
2021-05-24;"Bratislavský kraj";12;12966;23;12989;NA;173135;35;2021-05-24;89299
2021-05-23;"Bratislavský kraj";7;13074;24;13098;NA;173135;31;2021-05-23;89264
2021-05-22;"Bratislavský kraj";6;14044;22;14066;NA;173135;28;2021-05-22;89233
2021-05-21;"Bratislavský kraj";15;18996;22;19018;NA;173135;37;2021-05-21;89205
2021-05-20;"Bratislavský kraj";15;14112;17;14129;NA;173135;32;2021-05-20;89168
2021-05-19;"Bratislavský kraj";21;11958;24;11982;NA;173135;45;2021-05-19;89136
2021-05-18;"Bratislavský kraj";14;13005;33;13038;NA;173135;47;2021-05-18;89091
2021-05-17;"Bratislavský kraj";15;13854;29;13883;NA;173135;44;2021-05-17;89044
2021-05-16;"Bratislavský kraj";12;19797;32;19829;NA;173135;44;2021-05-16;89000
2021-05-15;"Bratislavský kraj";1;18113;30;18143;NA;173135;31;2021-05-15;88956
2021-05-14;"Bratislavský kraj";15;22228;30;22258;NA;173135;45;2021-05-14;88925
2021-05-13;"Bratislavský kraj";9;16211;17;16228;NA;173135;26;2021-05-13;88880
2021-05-12;"Bratislavský kraj";11;14638;28;14666;NA;173135;39;2021-05-12;88854
2021-05-11;"Bratislavský kraj";29;16741;32;16773;NA;173135;61;2021-05-11;88815
2021-05-10;"Bratislavský kraj";27;19991;64;20055;NA;173135;91;2021-05-10;88754
2021-05-09;"Bratislavský kraj";9;29358;32;29390;NA;173135;41;2021-05-09;88663
2021-05-08;"Bratislavský kraj";5;19451;24;19475;NA;173135;29;2021-05-08;88622
2021-05-07;"Bratislavský kraj";32;28211;65;28276;NA;173135;97;2021-05-07;88593
2021-05-06;"Bratislavský kraj";19;20079;52;20131;NA;173135;71;2021-05-06;88496
2021-05-05;"Bratislavský kraj";29;15526;31;15557;NA;173135;60;2021-05-05;88425
2021-05-04;"Bratislavský kraj";46;19143;53;19196;NA;173135;99;2021-05-04;88365
2021-05-03;"Bratislavský kraj";37;22322;64;22386;NA;173135;101;2021-05-03;88266
2021-05-02;"Bratislavský kraj";38;43064;75;43139;NA;173135;113;2021-05-02;88165
2021-05-01;"Bratislavský kraj";11;39905;40;39945;NA;173135;51;2021-05-01;88052
2021-04-30;"Bratislavský kraj";43;47403;82;47485;NA;173135;125;2021-04-30;88001
2021-04-29;"Bratislavský kraj";48;30257;96;30353;NA;173135;144;2021-04-29;87876
2021-04-28;"Bratislavský kraj";40;28905;78;28983;NA;173135;118;2021-04-28;87732
2021-04-27;"Bratislavský kraj";41;30168;52;30220;NA;173135;93;2021-04-27;87614
2021-04-26;"Bratislavský kraj";59;34733;97;34830;NA;173135;156;2021-04-26;87521
2021-04-25;"Bratislavský kraj";8;57615;74;57689;NA;173135;82;2021-04-25;87365
2021-04-24;"Bratislavský kraj";28;74858;66;74924;NA;173135;94;2021-04-24;87283
2021-04-23;"Bratislavský kraj";70;48614;62;48676;NA;173135;132;2021-04-23;87189
2021-04-22;"Bratislavský kraj";39;31037;72;31109;NA;173135;111;2021-04-22;87057
2021-04-21;"Bratislavský kraj";48;30442;62;30504;NA;173135;110;2021-04-21;86946
2021-04-20;"Bratislavský kraj";58;35216;63;35279;NA;173135;121;2021-04-20;86836
2021-04-19;"Bratislavský kraj";48;39500;80;39580;NA;173135;128;2021-04-19;86715
2021-04-18;"Bratislavský kraj";35;62300;76;62376;NA;173135;111;2021-04-18;86587
2021-04-17;"Bratislavský kraj";13;80359;111;80470;NA;173135;124;2021-04-17;86476
2021-04-16;"Bratislavský kraj";62;47296;80;47376;NA;173135;142;2021-04-16;86352
2021-04-15;"Bratislavský kraj";34;32176;74;32250;NA;173135;108;2021-04-15;86210
2021-04-14;"Bratislavský kraj";65;33961;88;34049;NA;173135;153;2021-04-14;86102
2021-04-13;"Bratislavský kraj";82;35512;82;35594;NA;173135;164;2021-04-13;85949
2021-04-12;"Bratislavský kraj";77;42286;115;42401;NA;173135;192;2021-04-12;85785
2021-04-11;"Bratislavský kraj";42;61151;123;61274;NA;173135;165;2021-04-11;85593
2021-04-10;"Bratislavský kraj";14;77874;167;78041;NA;173135;181;2021-04-10;85428
2021-04-09;"Bratislavský kraj";72;41556;97;41653;NA;173135;169;2021-04-09;85247
2021-04-08;"Bratislavský kraj";71;28866;95;28961;NA;173135;166;2021-04-08;85078
2021-04-07;"Bratislavský kraj";96;38061;101;38162;NA;173135;197;2021-04-07;84912
2021-04-06;"Bratislavský kraj";94;56204;179;56383;NA;173135;273;2021-04-06;84715
2021-04-05;"Bratislavský kraj";85;18538;85;18623;NA;173135;170;2021-04-05;84442
2021-04-04;"Bratislavský kraj";37;29225;75;29300;NA;173135;112;2021-04-04;84272
2021-04-03;"Bratislavský kraj";52;79865;220;80085;NA;173135;272;2021-04-03;84160
2021-04-02;"Bratislavský kraj";33;23790;104;23894;NA;173135;137;2021-04-02;83888
2021-04-01;"Bratislavský kraj";119;57388;159;57547;NA;173135;278;2021-04-01;83751
2021-03-31;"Bratislavský kraj";105;46371;177;46548;NA;173135;282;2021-03-31;83473
2021-03-30;"Bratislavský kraj";100;39599;144;39743;NA;173135;244;2021-03-30;83191
2021-03-29;"Bratislavský kraj";153;40364;178;40542;NA;173135;331;2021-03-29;82947
2021-03-28;"Bratislavský kraj";59;53372;137;53509;NA;173135;196;2021-03-28;82616
2021-03-27;"Bratislavský kraj";53;79834;240;80074;NA;173135;293;2021-03-27;82420
2021-03-26;"Bratislavský kraj";114;56108;191;56299;NA;173135;305;2021-03-26;82127
2021-03-25;"Bratislavský kraj";76;36859;172;37031;NA;173135;248;2021-03-25;81822
2021-03-24;"Bratislavský kraj";120;30567;201;30768;NA;173135;321;2021-03-24;81574
2021-03-23;"Bratislavský kraj";138;36438;190;36628;NA;173135;328;2021-03-23;81253
2021-03-22;"Bratislavský kraj";110;42756;220;42976;NA;173135;330;2021-03-22;80925
2021-03-21;"Bratislavský kraj";54;61299;212;61511;NA;173135;266;2021-03-21;80595
2021-03-20;"Bratislavský kraj";59;73300;228;73528;NA;173135;287;2021-03-20;80329
2021-03-19;"Bratislavský kraj";139;54576;257;54833;NA;173135;396;2021-03-19;80042
2021-03-18;"Bratislavský kraj";142;34611;192;34803;NA;173135;334;2021-03-18;79646
2021-03-17;"Bratislavský kraj";177;30482;217;30699;NA;173135;394;2021-03-17;79312
2021-03-16;"Bratislavský kraj";258;36798;287;37085;NA;173135;545;2021-03-16;78918
2021-03-15;"Bratislavský kraj";180;38226;255;38481;NA;173135;435;2021-03-15;78373
2021-03-14;"Bratislavský kraj";75;52611;275;52886;NA;173135;350;2021-03-14;77938
2021-03-13;"Bratislavský kraj";110;81405;341;81746;NA;173135;451;2021-03-13;77588
2021-03-12;"Bratislavský kraj";152;55233;312;55545;NA;173135;464;2021-03-12;77137
2021-03-11;"Bratislavský kraj";178;34678;286;34964;NA;173135;464;2021-03-11;76673
2021-03-10;"Bratislavský kraj";164;31061;280;31341;NA;173135;444;2021-03-10;76209
2021-03-09;"Bratislavský kraj";242;37687;267;37954;NA;173135;509;2021-03-09;75765
2021-03-08;"Bratislavský kraj";255;41199;348;41547;NA;173135;603;2021-03-08;75256
2021-03-07;"Bratislavský kraj";142;52812;301;53113;NA;173135;443;2021-03-07;74653
2021-03-06;"Bratislavský kraj";79;71821;415;72236;NA;173135;494;2021-03-06;74210
2021-03-05;"Bratislavský kraj";238;50653;293;50946;NA;173135;531;2021-03-05;73716
2021-03-04;"Bratislavský kraj";204;34544;344;34888;NA;173135;548;2021-03-04;73185
2021-03-03;"Bratislavský kraj";250;30527;364;30891;NA;173135;614;2021-03-03;72637
2021-03-02;"Bratislavský kraj";267;39735;388;40123;NA;173135;655;2021-03-02;72023
2021-03-01;"Bratislavský kraj";320;38222;432;38654;NA;173135;752;2021-03-01;71368
2021-02-28;"Bratislavský kraj";184;50323;323;50646;NA;173135;507;2021-02-28;70616
2021-02-27;"Bratislavský kraj";151;76580;464;77044;NA;173135;615;2021-02-27;70109
2021-02-26;"Bratislavský kraj";277;47326;401;47727;NA;173135;678;2021-02-26;69494
2021-02-25;"Bratislavský kraj";277;28769;405;29174;NA;173135;682;2021-02-25;68816
2021-02-24;"Bratislavský kraj";217;27095;412;27507;NA;173135;629;2021-02-24;68134
2021-02-23;"Bratislavský kraj";257;31297;395;31692;NA;173135;652;2021-02-23;67505
2021-02-22;"Bratislavský kraj";353;36607;483;37090;NA;173135;836;2021-02-22;66853
2021-02-21;"Bratislavský kraj";185;54150;396;54546;NA;173135;581;2021-02-21;66017
2021-02-20;"Bratislavský kraj";167;74814;550;75364;NA;173135;717;2021-02-20;65436
2021-02-19;"Bratislavský kraj";280;44882;416;45298;NA;173135;696;2021-02-19;64719
2021-02-18;"Bratislavský kraj";263;26379;371;26750;NA;173135;634;2021-02-18;64023
2021-02-17;"Bratislavský kraj";264;22820;316;23136;NA;173135;580;2021-02-17;63389
2021-02-16;"Bratislavský kraj";289;28262;352;28614;NA;173135;641;2021-02-16;62809
2021-02-15;"Bratislavský kraj";248;36893;396;37289;NA;173135;644;2021-02-15;62168
2021-02-14;"Bratislavský kraj";153;47948;323;48271;NA;173135;476;2021-02-14;61524
2021-02-13;"Bratislavský kraj";173;68589;515;69104;NA;173135;688;2021-02-13;61048
2021-02-12;"Bratislavský kraj";282;35729;327;36056;NA;173135;609;2021-02-12;60360
2021-02-11;"Bratislavský kraj";337;24565;285;24850;NA;173135;622;2021-02-11;59751
2021-02-10;"Bratislavský kraj";314;22944;356;23300;NA;173135;670;2021-02-10;59129
2021-02-09;"Bratislavský kraj";288;36565;454;37019;NA;173135;742;2021-02-09;58459
2021-02-08;"Bratislavský kraj";484;31896;397;32293;NA;173135;881;2021-02-08;57717
2021-02-07;"Bratislavský kraj";243;51290;425;51715;NA;173135;668;2021-02-07;56836
2021-02-06;"Bratislavský kraj";116;61682;501;62183;NA;173135;617;2021-02-06;56168
2021-02-05;"Bratislavský kraj";327;27033;375;27408;NA;173135;702;2021-02-05;55551
2021-02-04;"Bratislavský kraj";555;17260;348;17608;NA;173135;903;2021-02-04;54849
2021-02-03;"Bratislavský kraj";161;13020;352;13372;NA;173135;513;2021-02-03;53946
2021-02-02;"Bratislavský kraj";397;25947;480;26427;NA;173135;877;2021-02-02;53433
2021-02-01;"Bratislavský kraj";221;35541;513;36054;NA;173135;734;2021-02-01;52556
2021-01-31;"Bratislavský kraj";180;35693;425;36118;NA;173135;605;2021-01-31;51822
2021-01-30;"Bratislavský kraj";310;49588;521;50109;NA;173135;831;2021-01-30;51217
2021-01-29;"Bratislavský kraj";344;16568;344;16912;NA;173135;688;2021-01-29;50386
2021-01-28;"Bratislavský kraj";307;10715;297;11012;NA;173135;604;2021-01-28;49698
2021-01-27;"Bratislavský kraj";336;22222;345;22567;NA;173135;681;2021-01-27;49094
2021-01-26;"Bratislavský kraj";297;21894;300;22194;NA;173135;597;2021-01-26;48413
2021-01-25;"Bratislavský kraj";356;23335;249;23584;NA;173135;605;2021-01-25;47816
2021-01-24;"Bratislavský kraj";175;37903;404;38307;NA;173135;579;2021-01-24;47211
2021-01-23;"Bratislavský kraj";396;79453;690;80143;NA;173135;1086;2021-01-23;46632
2021-01-22;"Bratislavský kraj";199;42055;365;42420;NA;173135;564;2021-01-22;45546
2021-01-21;"Bratislavský kraj";255;105746;1317;107063;NA;173135;1572;2021-01-21;44982
2021-01-20;"Bratislavský kraj";360;27289;452;27741;NA;173135;812;2021-01-20;43410
2021-01-19;"Bratislavský kraj";375;15318;346;15664;NA;173135;721;2021-01-19;42598
2021-01-18;"Bratislavský kraj";357;12533;707;13240;NA;173135;1064;2021-01-18;41877
2021-01-17;"Bratislavský kraj";244;482;26;508;NA;173135;270;2021-01-17;40813
2021-01-16;"Bratislavský kraj";70;3016;156;3172;NA;173135;226;2021-01-16;40543
2021-01-15;"Bratislavský kraj";251;7896;256;8152;NA;173135;507;2021-01-15;40317
2021-01-14;"Bratislavský kraj";363;8523;273;8796;NA;173135;636;2021-01-14;39810
2021-01-13;"Bratislavský kraj";336;8490;327;8817;NA;173135;663;2021-01-13;39174
2021-01-12;"Bratislavský kraj";450;10509;455;10964;NA;173135;905;2021-01-12;38511
2021-01-11;"Bratislavský kraj";397;19863;364;20227;NA;173135;761;2021-01-11;37606
2021-01-10;"Bratislavský kraj";252;1507;79;1586;NA;173135;331;2021-01-10;36845
2021-01-09;"Bratislavský kraj";351;4721;277;4998;NA;173135;628;2021-01-09;36514
2021-01-08;"Bratislavský kraj";556;10045;436;10481;NA;173135;992;2021-01-08;35886
2021-01-07;"Bratislavský kraj";537;6872;352;7224;NA;173135;889;2021-01-07;34894
2021-01-06;"Bratislavský kraj";271;3329;216;3545;NA;173135;487;2021-01-06;34005
2021-01-05;"Bratislavský kraj";619;10635;814;11449;NA;173135;1433;2021-01-05;33518
2021-01-04;"Bratislavský kraj";601;8226;538;8764;NA;173135;1139;2021-01-04;32085
2021-01-03;"Bratislavský kraj";77;433;41;474;NA;173135;118;2021-01-03;30946
2021-01-02;"Bratislavský kraj";185;462;57;519;NA;173135;242;2021-01-02;30828
2021-01-01;"Bratislavský kraj";235;3277;131;3408;NA;173135;366;2021-01-01;30586
2020-12-31;"Bratislavský kraj";925;14135;519;14654;NA;173135;1444;2020-12-31;30220
2020-12-30;"Bratislavský kraj";650;9164;533;9697;NA;173135;1183;2020-12-30;28776
2020-12-29;"Bratislavský kraj";303;10108;699;10807;NA;173135;1002;2020-12-29;27593
2020-12-28;"Bratislavský kraj";255;7784;473;8257;NA;173135;728;2020-12-28;26591
2020-12-27;"Bratislavský kraj";160;709;76;785;NA;173135;236;2020-12-27;25863
2020-12-26;"Bratislavský kraj";75;480;27;507;NA;173135;102;2020-12-26;25627
2020-12-25;"Bratislavský kraj";114;503;38;541;NA;173135;152;2020-12-25;25525
2020-12-24;"Bratislavský kraj";536;3367;104;3471;NA;173135;640;2020-12-24;25373
2020-12-23;"Bratislavský kraj";416;12590;447;13037;NA;173135;863;2020-12-23;24733
2020-12-22;"Bratislavský kraj";327;14587;699;15286;NA;173135;1026;2020-12-22;23870
2020-12-21;"Bratislavský kraj";392;14972;1946;16918;NA;173135;2338;2020-12-21;22844
2020-12-20;"Bratislavský kraj";180;797;57;854;NA;173135;237;2020-12-20;20506
2020-12-19;"Bratislavský kraj";396;3314;130;3444;NA;173135;526;2020-12-19;20269
2020-12-18;"Bratislavský kraj";306;9938;345;10283;NA;173135;651;2020-12-18;19743
2020-12-17;"Bratislavský kraj";502;9739;386;10125;NA;173135;888;2020-12-17;19092
2020-12-16;"Bratislavský kraj";282;10201;418;10619;NA;173135;700;2020-12-16;18204
2020-12-15;"Bratislavský kraj";423;10450;454;10904;NA;173135;877;2020-12-15;17504
2020-12-14;"Bratislavský kraj";279;6793;261;7054;NA;173135;540;2020-12-14;16627
2020-12-13;"Bratislavský kraj";125;139;10;149;NA;173135;135;2020-12-13;16087
2020-12-12;"Bratislavský kraj";361;3886;157;4043;NA;173135;518;2020-12-12;15952
2020-12-11;"Bratislavský kraj";326;6824;235;7059;NA;173135;561;2020-12-11;15434
2020-12-10;"Bratislavský kraj";286;5279;166;5445;NA;173135;452;2020-12-10;14873
2020-12-09;"Bratislavský kraj";382;4778;177;4955;NA;173135;559;2020-12-09;14421
2020-12-08;"Bratislavský kraj";234;6243;207;6450;NA;173135;441;2020-12-08;13862
2020-12-07;"Bratislavský kraj";272;4639;152;4791;NA;173135;424;2020-12-07;13421
2020-12-06;"Bratislavský kraj";61;1625;52;1677;NA;173135;113;2020-12-06;12997
2020-12-05;"Bratislavský kraj";266;2221;41;2262;NA;173135;307;2020-12-05;12884
2020-12-04;"Bratislavský kraj";200;4954;99;5053;NA;173135;299;2020-12-04;12577
2020-12-03;"Bratislavský kraj";213;5672;95;5767;NA;173135;308;2020-12-03;12278
2020-12-02;"Bratislavský kraj";205;3462;103;3565;NA;173135;308;2020-12-02;11970
2020-12-01;"Bratislavský kraj";255;3889;172;4061;NA;173135;427;2020-12-01;11662
2020-11-30;"Bratislavský kraj";152;2153;121;2274;NA;173135;273;2020-11-30;11235
2020-11-29;"Bratislavský kraj";52;201;24;225;NA;173135;76;2020-11-29;10962
2020-11-28;"Bratislavský kraj";232;2624;33;2657;NA;173135;265;2020-11-28;10886
2020-11-27;"Bratislavský kraj";54;2540;64;2604;NA;173135;118;2020-11-27;10621
2020-11-26;"Bratislavský kraj";129;1976;60;2036;NA;173135;189;2020-11-26;10503
2020-11-25;"Bratislavský kraj";140;1770;47;1817;NA;173135;187;2020-11-25;10314
2020-11-24;"Bratislavský kraj";81;2988;67;3055;NA;173135;148;2020-11-24;10127
2020-11-23;"Bratislavský kraj";67;7083;58;7141;NA;173135;125;2020-11-23;9979
2020-11-22;"Bratislavský kraj";36;81;7;88;NA;173135;43;2020-11-22;9854
2020-11-21;"Bratislavský kraj";109;2126;47;2173;NA;173135;156;2020-11-21;9811
2020-11-20;"Bratislavský kraj";118;2876;48;2924;NA;173135;166;2020-11-20;9655
2020-11-19;"Bratislavský kraj";173;987;29;1016;NA;173135;202;2020-11-19;9489
2020-11-18;"Bratislavský kraj";118;616;75;691;NA;173135;193;2020-11-18;9287
2020-11-17;"Bratislavský kraj";108;928;23;951;NA;173135;131;2020-11-17;9094
2020-11-16;"Bratislavský kraj";82;651;9;660;NA;173135;91;2020-11-16;8963
2020-11-15;"Bratislavský kraj";47;236;0;236;NA;173135;47;2020-11-15;8872
2020-11-14;"Bratislavský kraj";53;1834;15;1849;NA;173135;68;2020-11-14;8825
2020-11-13;"Bratislavský kraj";94;2096;21;2117;NA;173135;115;2020-11-13;8757
2020-11-12;"Bratislavský kraj";141;1727;6;1733;NA;173135;147;2020-11-12;8642
2020-11-11;"Bratislavský kraj";159;1429;12;1441;NA;173135;171;2020-11-11;8495
2020-11-10;"Bratislavský kraj";136;805;14;819;NA;173135;150;2020-11-10;8324
2020-11-09;"Bratislavský kraj";70;616;8;624;NA;173135;78;2020-11-09;8174
2020-11-08;"Bratislavský kraj";82;869;6;875;NA;173135;88;2020-11-08;8096
2020-11-07;"Bratislavský kraj";88;4039;17;4056;NA;173135;105;2020-11-07;8008
2020-11-06;"Bratislavský kraj";281;6441;25;6466;NA;173135;306;2020-11-06;7903
2020-11-05;"Bratislavský kraj";175;476;11;487;NA;173135;186;2020-11-05;7597
2020-11-04;"Bratislavský kraj";65;411;10;421;NA;173135;75;2020-11-04;7411
2020-11-03;"Bratislavský kraj";251;1085;12;1097;NA;173135;263;2020-11-03;7336
2020-11-02;"Bratislavský kraj";202;3365;22;3387;NA;173135;224;2020-11-02;7073
2020-11-01;"Bratislavský kraj";227;8694;39;8733;NA;173135;266;2020-11-01;6849
2020-10-31;"Bratislavský kraj";173;22407;123;22530;NA;173135;296;2020-10-31;6583
2020-10-30;"Bratislavský kraj";158;17350;138;17488;NA;173135;296;2020-10-30;6287
2020-10-29;"Bratislavský kraj";262;116;4;120;NA;173135;266;2020-10-29;5991
2020-10-28;"Bratislavský kraj";220;260;15;275;NA;173135;235;2020-10-28;5725
2020-10-27;"Bratislavský kraj";256;145;4;149;NA;173135;260;2020-10-27;5490
2020-10-26;"Bratislavský kraj";123;229;11;240;NA;173135;134;2020-10-26;5230
2020-10-25;"Bratislavský kraj";152;33;2;35;NA;173135;154;2020-10-25;5096
2020-10-24;"Bratislavský kraj";170;221;6;227;NA;173135;176;2020-10-24;4942
2020-10-23;"Bratislavský kraj";151;144;8;152;NA;173135;159;2020-10-23;4766
2020-10-22;"Bratislavský kraj";192;204;15;219;NA;173135;207;2020-10-22;4607
2020-10-21;"Bratislavský kraj";66;90;6;96;NA;173135;72;2020-10-21;4400
2020-10-20;"Bratislavský kraj";183;97;4;101;NA;173135;187;2020-10-20;4328
2020-10-19;"Bratislavský kraj";148;80;3;83;NA;173135;151;2020-10-19;4141
2020-10-18;"Bratislavský kraj";75;92;0;92;NA;173135;75;2020-10-18;3990
2020-10-17;"Bratislavský kraj";136;0;0;0;NA;173135;136;2020-10-17;3915
2020-10-16;"Bratislavský kraj";103;14;1;15;NA;173135;104;2020-10-16;3779
2020-10-15;"Bratislavský kraj";135;6;1;7;NA;173135;136;2020-10-15;3675
2020-10-14;"Bratislavský kraj";127;4;0;4;NA;173135;127;2020-10-14;3539
2020-10-13;"Bratislavský kraj";86;108;8;116;NA;173135;94;2020-10-13;3412
2020-10-12;"Bratislavský kraj";46;0;0;0;NA;173135;46;2020-10-12;3318
2020-10-11;"Bratislavský kraj";80;0;0;0;NA;173135;80;2020-10-11;3272
2020-10-10;"Bratislavský kraj";55;0;0;0;NA;173135;55;2020-10-10;3192
2020-10-09;"Bratislavský kraj";148;0;0;0;NA;173135;148;2020-10-09;3137
2020-10-08;"Bratislavský kraj";100;0;0;0;NA;173135;100;2020-10-08;2989
2020-10-07;"Bratislavský kraj";107;0;0;0;NA;173135;107;2020-10-07;2889
2020-10-06;"Bratislavský kraj";108;0;0;0;NA;173135;108;2020-10-06;2782
2020-10-05;"Bratislavský kraj";30;0;0;0;NA;173135;30;2020-10-05;2674
2020-10-04;"Bratislavský kraj";49;0;0;0;NA;173135;49;2020-10-04;2644
2020-10-03;"Bratislavský kraj";82;0;0;0;NA;173135;82;2020-10-03;2595
2020-10-02;"Bratislavský kraj";101;0;0;0;NA;173135;101;2020-10-02;2513
2020-10-01;"Bratislavský kraj";72;0;0;0;NA;173135;72;2020-10-01;2412
2020-09-30;"Bratislavský kraj";91;0;0;0;NA;173135;91;2020-09-30;2340
2020-09-29;"Bratislavský kraj";74;0;0;0;NA;173135;74;2020-09-29;2249
2020-09-28;"Bratislavský kraj";29;0;0;0;NA;173135;29;2020-09-28;2175
2020-09-27;"Bratislavský kraj";48;0;0;0;NA;173135;48;2020-09-27;2146
2020-09-26;"Bratislavský kraj";86;0;0;0;NA;173135;86;2020-09-26;2098
2020-09-25;"Bratislavský kraj";97;0;0;0;NA;173135;97;2020-09-25;2012
2020-09-24;"Bratislavský kraj";73;0;0;0;NA;173135;73;2020-09-24;1915
2020-09-23;"Bratislavský kraj";55;0;0;0;NA;173135;55;2020-09-23;1842
2020-09-22;"Bratislavský kraj";81;0;0;0;NA;173135;81;2020-09-22;1787
2020-09-21;"Bratislavský kraj";32;0;0;0;NA;173135;32;2020-09-21;1706
2020-09-20;"Bratislavský kraj";25;0;0;0;NA;173135;25;2020-09-20;1674
2020-09-19;"Bratislavský kraj";59;0;0;0;NA;173135;59;2020-09-19;1649
2020-09-18;"Bratislavský kraj";42;0;0;0;NA;173135;42;2020-09-18;1590
2020-09-17;"Bratislavský kraj";52;0;0;0;NA;173135;52;2020-09-17;1548
2020-09-16;"Bratislavský kraj";32;0;0;0;NA;173135;32;2020-09-16;1496
2020-09-15;"Bratislavský kraj";26;0;0;0;NA;173135;26;2020-09-15;1464
2020-09-14;"Bratislavský kraj";24;0;0;0;NA;173135;24;2020-09-14;1438
2020-09-13;"Bratislavský kraj";11;0;0;0;NA;173135;11;2020-09-13;1414
2020-09-12;"Bratislavský kraj";24;0;0;0;NA;173135;24;2020-09-12;1403
2020-09-11;"Bratislavský kraj";50;0;0;0;NA;173135;50;2020-09-11;1379
2020-09-10;"Bratislavský kraj";47;0;0;0;NA;173135;47;2020-09-10;1329
2020-09-09;"Bratislavský kraj";40;0;0;0;NA;173135;40;2020-09-09;1282
2020-09-08;"Bratislavský kraj";58;0;0;0;NA;173135;58;2020-09-08;1242
2020-09-07;"Bratislavský kraj";39;0;0;0;NA;173135;39;2020-09-07;1184
2020-09-06;"Bratislavský kraj";11;0;0;0;NA;173135;11;2020-09-06;1145
2020-09-05;"Bratislavský kraj";37;0;0;0;NA;173135;37;2020-09-05;1134
2020-09-04;"Bratislavský kraj";87;0;0;0;NA;173135;87;2020-09-04;1097
2020-09-03;"Bratislavský kraj";51;0;0;0;NA;173135;51;2020-09-03;1010
2020-09-02;"Bratislavský kraj";50;0;0;0;NA;173135;50;2020-09-02;959
2020-09-01;"Bratislavský kraj";16;0;0;0;NA;173135;16;2020-09-01;909
2020-08-31;"Bratislavský kraj";19;0;0;0;NA;173135;19;2020-08-31;893
2020-08-30;"Bratislavský kraj";9;0;0;0;NA;173135;9;2020-08-30;874
2020-08-29;"Bratislavský kraj";12;0;0;0;NA;173135;12;2020-08-29;865
2020-08-28;"Bratislavský kraj";35;0;0;0;NA;173135;35;2020-08-28;853
2020-08-27;"Bratislavský kraj";33;0;0;0;NA;173135;33;2020-08-27;818
2020-08-26;"Bratislavský kraj";27;0;0;0;NA;173135;27;2020-08-26;785
2020-08-25;"Bratislavský kraj";29;0;0;0;NA;173135;29;2020-08-25;758
2020-08-24;"Bratislavský kraj";6;0;0;0;NA;173135;6;2020-08-24;729
2020-08-23;"Bratislavský kraj";45;0;0;0;NA;173135;45;2020-08-23;723
2020-08-22;"Bratislavský kraj";13;0;0;0;NA;173135;13;2020-08-22;678
2020-08-21;"Bratislavský kraj";46;0;0;0;NA;173135;46;2020-08-21;665
2020-08-20;"Bratislavský kraj";41;0;0;0;NA;173135;41;2020-08-20;619
2020-08-19;"Bratislavský kraj";27;0;0;0;NA;173135;27;2020-08-19;578
2020-08-18;"Bratislavský kraj";47;0;0;0;NA;173135;47;2020-08-18;551
2020-08-17;"Bratislavský kraj";2;0;0;0;NA;173135;2;2020-08-17;504
2020-08-16;"Bratislavský kraj";3;0;0;0;NA;173135;3;2020-08-16;502
2020-08-15;"Bratislavský kraj";18;0;0;0;NA;173135;18;2020-08-15;499
2020-08-14;"Bratislavský kraj";16;0;0;0;NA;173135;16;2020-08-14;481
2020-08-13;"Bratislavský kraj";12;0;0;0;NA;173135;12;2020-08-13;465
2020-08-12;"Bratislavský kraj";10;0;0;0;NA;173135;10;2020-08-12;453
2020-08-11;"Bratislavský kraj";23;0;0;0;NA;173135;23;2020-08-11;443
2020-08-10;"Bratislavský kraj";2;0;0;0;NA;173135;2;2020-08-10;420
2020-08-09;"Bratislavský kraj";2;0;0;0;NA;173135;2;2020-08-09;418
2020-08-08;"Bratislavský kraj";1;0;0;0;NA;173135;1;2020-08-08;416
2020-08-07;"Bratislavský kraj";9;0;0;0;NA;173135;9;2020-08-07;415
2020-08-06;"Bratislavský kraj";15;0;0;0;NA;173135;15;2020-08-06;406
2020-08-05;"Bratislavský kraj";11;0;0;0;NA;173135;11;2020-08-05;391
2020-08-04;"Bratislavský kraj";21;0;0;0;NA;173135;21;2020-08-04;380
2020-08-03;"Bratislavský kraj";7;0;0;0;NA;173135;7;2020-08-03;359
2020-08-02;"Bratislavský kraj";0;0;0;0;NA;173135;0;2020-08-02;352
2020-08-01;"Bratislavský kraj";0;0;0;0;NA;173135;0;2020-08-01;352
2020-07-31;"Bratislavský kraj";14;0;0;0;NA;173135;14;2020-07-31;352
2020-07-30;"Bratislavský kraj";6;0;0;0;NA;173135;6;2020-07-30;338
2020-07-29;"Bratislavský kraj";7;0;0;0;NA;173135;7;2020-07-29;332
2020-07-28;"Bratislavský kraj";14;0;0;0;NA;173135;14;2020-07-28;325
2020-07-27;"Bratislavský kraj";3;0;0;0;NA;173135;3;2020-07-27;311
2020-07-26;"Bratislavský kraj";0;0;0;0;NA;173135;0;2020-07-26;308
2020-07-25;"Bratislavský kraj";8;0;0;0;NA;173135;8;2020-07-25;308
2020-07-24;"Bratislavský kraj";2;0;0;0;NA;173135;2;2020-07-24;300
2020-07-23;"Bratislavský kraj";8;0;0;0;NA;173135;8;2020-07-23;298
2020-07-22;"Bratislavský kraj";11;0;0;0;NA;173135;11;2020-07-22;290
2020-07-21;"Bratislavský kraj";8;0;0;0;NA;173135;8;2020-07-21;279
2020-07-20;"Bratislavský kraj";12;0;0;0;NA;173135;12;2020-07-20;271
2020-07-19;"Bratislavský kraj";0;0;0;0;NA;173135;0;2020-07-19;259
2020-07-18;"Bratislavský kraj";2;0;0;0;NA;173135;2;2020-07-18;259
2020-07-17;"Bratislavský kraj";2;0;0;0;NA;173135;2;2020-07-17;257
2020-07-16;"Bratislavský kraj";6;0;0;0;NA;173135;6;2020-07-16;255
2020-07-15;"Bratislavský kraj";3;0;0;0;NA;173135;3;2020-07-15;249
2020-07-14;"Bratislavský kraj";2;0;0;0;NA;173135;2;2020-07-14;246
2020-07-13;"Bratislavský kraj";2;0;0;0;NA;173135;2;2020-07-13;244
2020-07-12;"Bratislavský kraj";0;0;0;0;NA;173135;0;2020-07-12;242
2020-07-11;"Bratislavský kraj";0;0;0;0;NA;173135;0;2020-07-11;242
2020-07-10;"Bratislavský kraj";8;0;0;0;NA;173135;8;2020-07-10;242
2020-07-09;"Bratislavský kraj";2;0;0;0;NA;173135;2;2020-07-09;234
2020-07-08;"Bratislavský kraj";11;0;0;0;NA;173135;11;2020-07-08;232
2020-07-07;"Bratislavský kraj";5;0;0;0;NA;173135;5;2020-07-07;221
2020-07-06;"Bratislavský kraj";1;0;0;0;NA;173135;1;2020-07-06;216
2020-07-05;"Bratislavský kraj";0;0;0;0;NA;173135;0;2020-07-05;215
2020-07-04;"Bratislavský kraj";3;0;0;0;NA;173135;3;2020-07-04;215
2020-07-03;"Bratislavský kraj";1;0;0;0;NA;173135;1;2020-07-03;212
2020-07-02;"Bratislavský kraj";0;0;0;0;NA;173135;0;2020-07-02;211
2020-07-01;"Bratislavský kraj";7;0;0;0;NA;173135;7;2020-07-01;211
2020-06-30;"Bratislavský kraj";3;0;0;0;NA;173135;3;2020-06-30;204
2020-06-29;"Bratislavský kraj";1;0;0;0;NA;173135;1;2020-06-29;201
2020-06-28;"Bratislavský kraj";0;0;0;0;NA;173135;0;2020-06-28;200
2020-06-27;"Bratislavský kraj";1;0;0;0;NA;173135;1;2020-06-27;200
2020-06-26;"Bratislavský kraj";6;0;0;0;NA;173135;6;2020-06-26;199
2020-06-25;"Bratislavský kraj";0;0;0;0;NA;173135;0;2020-06-25;193
2020-06-24;"Bratislavský kraj";3;0;0;0;NA;173135;3;2020-06-24;193
2020-06-23;"Bratislavský kraj";0;0;0;0;NA;173135;0;2020-06-23;190
2020-06-22;"Bratislavský kraj";1;0;0;0;NA;173135;1;2020-06-22;190
2020-06-21;"Bratislavský kraj";0;0;0;0;NA;173135;0;2020-06-21;189
2020-06-20;"Bratislavský kraj";0;0;0;0;NA;173135;0;2020-06-20;189
2020-06-19;"Bratislavský kraj";3;0;0;0;NA;173135;3;2020-06-19;189
2020-06-18;"Bratislavský kraj";0;0;0;0;NA;173135;0;2020-06-18;186
2020-06-17;"Bratislavský kraj";0;0;0;0;NA;173135;0;2020-06-17;186
2020-06-16;"Bratislavský kraj";0;0;0;0;NA;173135;0;2020-06-16;186
2020-06-14;"Bratislavský kraj";2;0;0;0;NA;173135;2;2020-06-14;186
2020-06-13;"Bratislavský kraj";1;0;0;0;NA;173135;1;2020-06-13;184
2020-06-12;"Bratislavský kraj";2;0;0;0;NA;173135;2;2020-06-12;183
2020-06-11;"Bratislavský kraj";0;0;0;0;NA;173135;0;2020-06-11;181
2020-06-10;"Bratislavský kraj";0;0;0;0;NA;173135;0;2020-06-10;181
2020-06-09;"Bratislavský kraj";0;0;0;0;NA;173135;0;2020-06-09;181
2020-06-08;"Bratislavský kraj";1;0;0;0;NA;173135;1;2020-06-08;181
2020-06-07;"Bratislavský kraj";0;0;0;0;NA;173135;0;2020-06-07;180
2020-06-05;"Bratislavský kraj";0;0;0;0;NA;173135;0;2020-06-05;180
2020-06-03;"Bratislavský kraj";1;0;0;0;NA;173135;1;2020-06-03;180
2020-06-02;"Bratislavský kraj";0;0;0;0;NA;173135;0;2020-06-02;179
2020-05-31;"Bratislavský kraj";0;0;0;0;NA;173135;0;2020-05-31;179
2020-05-29;"Bratislavský kraj";0;0;0;0;NA;173135;0;2020-05-29;179
2020-05-27;"Bratislavský kraj";1;0;0;0;NA;173135;1;2020-05-27;179
2020-05-26;"Bratislavský kraj";0;0;0;0;NA;173135;0;2020-05-26;178
2020-05-25;"Bratislavský kraj";0;0;0;0;NA;173135;0;2020-05-25;178
2020-05-24;"Bratislavský kraj";0;0;0;0;NA;173135;0;2020-05-24;178
2020-05-23;"Bratislavský kraj";2;0;0;0;NA;173135;2;2020-05-23;178
2020-05-22;"Bratislavský kraj";0;0;0;0;NA;173135;0;2020-05-22;176
2020-05-21;"Bratislavský kraj";0;0;0;0;NA;173135;0;2020-05-21;176
2020-05-20;"Bratislavský kraj";0;0;0;0;NA;173135;0;2020-05-20;176
2020-05-19;"Bratislavský kraj";0;0;0;0;NA;173135;0;2020-05-19;176
2020-05-17;"Bratislavský kraj";0;0;0;0;NA;173135;0;2020-05-17;176
2020-05-16;"Bratislavský kraj";0;0;0;0;NA;173135;0;2020-05-16;176
2020-05-15;"Bratislavský kraj";0;0;0;0;NA;173135;0;2020-05-15;176
2020-05-14;"Bratislavský kraj";0;0;0;0;NA;173135;0;2020-05-14;176
2020-05-13;"Bratislavský kraj";0;0;0;0;NA;173135;0;2020-05-13;176
2020-05-12;"Bratislavský kraj";2;0;0;0;NA;173135;2;2020-05-12;176
2020-05-11;"Bratislavský kraj";0;0;0;0;NA;173135;0;2020-05-11;174
2020-05-09;"Bratislavský kraj";0;0;0;0;NA;173135;0;2020-05-09;174
2020-05-07;"Bratislavský kraj";1;0;0;0;NA;173135;1;2020-05-07;174
2020-05-06;"Bratislavský kraj";3;0;0;0;NA;173135;3;2020-05-06;173
2020-05-05;"Bratislavský kraj";0;0;0;0;NA;173135;0;2020-05-05;170
2020-05-04;"Bratislavský kraj";0;0;0;0;NA;173135;0;2020-05-04;170
2020-05-03;"Bratislavský kraj";2;0;0;0;NA;173135;2;2020-05-03;170
2020-05-02;"Bratislavský kraj";0;0;0;0;NA;173135;0;2020-05-02;168
2020-05-01;"Bratislavský kraj";0;0;0;0;NA;173135;0;2020-05-01;168
2020-04-30;"Bratislavský kraj";5;0;0;0;NA;173135;5;2020-04-30;168
2020-04-29;"Bratislavský kraj";0;0;0;0;NA;173135;0;2020-04-29;163
2020-04-28;"Bratislavský kraj";2;0;0;0;NA;173135;2;2020-04-28;163
2020-04-27;"Bratislavský kraj";0;0;0;0;NA;173135;0;2020-04-27;161
2020-04-26;"Bratislavský kraj";1;0;0;0;NA;173135;1;2020-04-26;161
2020-04-25;"Bratislavský kraj";0;0;0;0;NA;173135;0;2020-04-25;160
2020-04-24;"Bratislavský kraj";2;0;0;0;NA;173135;2;2020-04-24;160
2020-04-23;"Bratislavský kraj";6;0;0;0;NA;173135;6;2020-04-23;158
2020-04-22;"Bratislavský kraj";11;0;0;0;NA;173135;11;2020-04-22;152
2020-04-21;"Bratislavský kraj";4;0;0;0;NA;173135;4;2020-04-21;141
2020-04-20;"Bratislavský kraj";0;0;0;0;NA;173135;0;2020-04-20;137
2020-04-19;"Bratislavský kraj";4;0;0;0;NA;173135;4;2020-04-19;137
2020-04-18;"Bratislavský kraj";5;0;0;0;NA;173135;5;2020-04-18;133
2020-04-17;"Bratislavský kraj";6;0;0;0;NA;173135;6;2020-04-17;128
2020-04-16;"Bratislavský kraj";15;0;0;0;NA;173135;15;2020-04-16;122
2020-04-15;"Bratislavský kraj";11;0;0;0;NA;173135;11;2020-04-15;107
2020-04-14;"Bratislavský kraj";19;0;0;0;NA;173135;19;2020-04-14;96
2020-04-13;"Bratislavský kraj";53;0;0;0;NA;173135;53;2020-04-13;77
2020-04-12;"Bratislavský kraj";3;0;0;0;NA;173135;3;2020-04-12;24
2020-04-11;"Bratislavský kraj";1;0;0;0;NA;173135;1;2020-04-11;21
2020-04-10;"Bratislavský kraj";8;0;0;0;NA;173135;8;2020-04-10;20
2020-04-09;"Bratislavský kraj";3;0;0;0;NA;173135;3;2020-04-09;12
2020-04-08;"Bratislavský kraj";3;0;0;0;NA;173135;3;2020-04-08;9
2020-04-07;"Bratislavský kraj";24;0;0;0;NA;173135;24;2020-04-07;6
2020-04-06;"Bratislavský kraj";5;0;0;0;NA;173135;5;2020-04-06;-18
2020-04-05;"Bratislavský kraj";6;0;0;0;NA;173135;6;2020-04-05;-23
2020-04-04;"Bratislavský kraj";2;0;0;0;NA;173135;2;2020-04-04;-29
2020-04-03;"Bratislavský kraj";1;0;0;0;NA;173135;1;2020-04-03;-31
2020-04-02;"Bratislavský kraj";2;0;0;0;NA;173135;2;2020-04-02;-32
2020-04-01;"Bratislavský kraj";5;0;0;0;NA;173135;5;2020-04-01;-34
2020-03-31;"Bratislavský kraj";19;0;0;0;NA;173135;19;2020-03-31;-39
2020-03-30;"Bratislavský kraj";6;0;0;0;NA;173135;6;2020-03-30;-58
2020-03-29;"Bratislavský kraj";8;0;0;0;NA;173135;8;2020-03-29;-64
2020-03-28;"Bratislavský kraj";4;0;0;0;NA;173135;4;2020-03-28;-72
2020-03-27;"Bratislavský kraj";3;0;0;0;NA;173135;3;2020-03-27;-76
2020-03-26;"Bratislavský kraj";15;0;0;0;NA;173135;15;2020-03-26;-79
2020-03-25;"Bratislavský kraj";1;0;0;0;NA;173135;1;2020-03-25;-94
2020-03-24;"Bratislavský kraj";4;0;0;0;NA;173135;4;2020-03-24;-95
2020-03-23;"Bratislavský kraj";9;0;0;0;NA;173135;9;2020-03-23;-99
2020-03-22;"Bratislavský kraj";2;0;0;0;NA;173135;2;2020-03-22;-108
2020-03-21;"Bratislavský kraj";22;0;0;0;NA;173135;22;2020-03-21;-110
2020-03-20;"Bratislavský kraj";3;0;0;0;NA;173135;3;2020-03-20;-132
2020-03-19;"Bratislavský kraj";4;0;0;0;NA;173135;4;2020-03-19;-135
2020-03-18;"Bratislavský kraj";3;0;0;0;NA;173135;3;2020-03-18;-139
2020-03-17;"Bratislavský kraj";13;0;0;0;NA;173135;13;2020-03-17;-142
2020-03-16;"Bratislavský kraj";1;0;0;0;NA;173135;1;2020-03-16;-155
2020-03-15;"Bratislavský kraj";4;0;0;0;NA;173135;4;2020-03-15;-156
2020-03-14;"Bratislavský kraj";9;0;0;0;NA;173135;9;2020-03-14;-160
2020-03-13;"Bratislavský kraj";2;0;0;0;NA;173135;2;2020-03-13;-169
2020-03-12;"Bratislavský kraj";8;0;0;0;NA;173135;8;2020-03-12;-171
2020-03-11;"Bratislavský kraj";3;0;0;0;NA;173135;3;2020-03-11;-179
2020-03-09;"Bratislavský kraj";0;0;0;0;NA;173135;0;2020-03-09;-182
2020-03-08;"Bratislavský kraj";2;0;0;0;NA;173135;2;2020-03-08;-182
2020-03-07;"Bratislavský kraj";2;0;0;0;NA;173135;2;2020-03-07;-184
2020-03-06;"Bratislavský kraj";1;0;0;0;NA;173135;1;2020-03-06;-186
2022-01-09;"Košický kraj";230;3204;35;3239;119548;189728;265;2022-01-09;189728
2022-01-08;"Košický kraj";157;2244;54;2298;NA;189728;211;2022-01-08;189463
2022-01-07;"Košický kraj";388;4545;128;4673;NA;189728;516;2022-01-07;189252
2022-01-06;"Košický kraj";118;1576;55;1631;NA;189728;173;2022-01-06;188736
2022-01-05;"Košický kraj";354;5023;100;5123;NA;189728;454;2022-01-05;188563
2022-01-04;"Košický kraj";450;5270;84;5354;NA;189728;534;2022-01-04;188109
2022-01-03;"Košický kraj";439;7850;140;7990;NA;189728;579;2022-01-03;187575
2022-01-02;"Košický kraj";284;4614;109;4723;NA;189728;393;2022-01-02;186996
2022-01-01;"Košický kraj";28;357;18;375;NA;189728;46;2022-01-01;186603
2021-12-31;"Košický kraj";122;2999;86;3085;NA;189728;208;2021-12-31;186557
2021-12-30;"Košický kraj";401;3879;118;3997;NA;189728;519;2021-12-30;186349
2021-12-29;"Košický kraj";378;4194;111;4305;NA;189728;489;2021-12-29;185830
2021-12-28;"Košický kraj";509;4450;125;4575;NA;189728;634;2021-12-28;185341
2021-12-27;"Košický kraj";495;6782;205;6987;NA;189728;700;2021-12-27;184707
2021-12-26;"Košický kraj";109;2510;115;2625;NA;189728;224;2021-12-26;184007
2021-12-25;"Košický kraj";30;644;43;687;NA;189728;73;2021-12-25;183783
2021-12-24;"Košický kraj";95;1055;50;1105;NA;189728;145;2021-12-24;183710
2021-12-23;"Košický kraj";644;4432;131;4563;NA;189728;775;2021-12-23;183565
2021-12-22;"Košický kraj";224;4309;106;4415;NA;189728;330;2021-12-22;182790
2021-12-21;"Košický kraj";544;6491;138;6629;NA;189728;682;2021-12-21;182460
2021-12-20;"Košický kraj";464;8458;193;8651;NA;189728;657;2021-12-20;181778
2021-12-19;"Košický kraj";137;5447;177;5624;NA;189728;314;2021-12-19;181121
2021-12-18;"Košický kraj";414;2555;102;2657;NA;189728;516;2021-12-18;180807
2021-12-17;"Košický kraj";428;4832;145;4977;NA;189728;573;2021-12-17;180291
2021-12-16;"Košický kraj";476;5800;168;5968;NA;189728;644;2021-12-16;179718
2021-12-15;"Košický kraj";508;5956;172;6128;NA;189728;680;2021-12-15;179074
2021-12-14;"Košický kraj";957;5789;172;5961;NA;189728;1129;2021-12-14;178394
2021-12-13;"Košický kraj";679;9607;248;9855;NA;189728;927;2021-12-13;177265
2021-12-12;"Košický kraj";243;6657;198;6855;NA;189728;441;2021-12-12;176338
2021-12-11;"Košický kraj";519;2996;134;3130;NA;189728;653;2021-12-11;175897
2021-12-10;"Košický kraj";936;5465;185;5650;NA;189728;1121;2021-12-10;175244
2021-12-09;"Košický kraj";755;5735;198;5933;NA;189728;953;2021-12-09;174123
2021-12-08;"Košický kraj";1095;6574;275;6849;NA;189728;1370;2021-12-08;173170
2021-12-07;"Košický kraj";1212;6323;267;6590;NA;189728;1479;2021-12-07;171800
2021-12-06;"Košický kraj";904;10627;313;10940;NA;189728;1217;2021-12-06;170321
2021-12-05;"Košický kraj";404;7756;263;8019;NA;189728;667;2021-12-05;169104
2021-12-04;"Košický kraj";1007;3097;180;3277;NA;189728;1187;2021-12-04;168437
2021-12-03;"Košický kraj";1338;6065;271;6336;NA;189728;1609;2021-12-03;167250
2021-12-02;"Košický kraj";2209;5654;302;5956;NA;189728;2511;2021-12-02;165641
2021-12-01;"Košický kraj";1016;6448;387;6835;NA;189728;1403;2021-12-01;163130
2021-11-30;"Košický kraj";1125;8173;471;8644;NA;189728;1596;2021-11-30;161727
2021-11-29;"Košický kraj";993;14057;634;14691;NA;189728;1627;2021-11-29;160131
2021-11-28;"Košický kraj";972;10211;473;10684;NA;189728;1445;2021-11-28;158504
2021-11-27;"Košický kraj";1103;3566;219;3785;NA;189728;1322;2021-11-27;157059
2021-11-26;"Košický kraj";1395;6059;383;6442;NA;189728;1778;2021-11-26;155737
2021-11-25;"Košický kraj";1373;6875;476;7351;NA;189728;1849;2021-11-25;153959
2021-11-24;"Košický kraj";1194;6905;457;7362;NA;189728;1651;2021-11-24;152110
2021-11-23;"Košický kraj";1178;7185;488;7673;NA;189728;1666;2021-11-23;150459
2021-11-22;"Košický kraj";861;10709;741;11450;NA;189728;1602;2021-11-22;148793
2021-11-21;"Košický kraj";985;7394;657;8051;NA;189728;1642;2021-11-21;147191
2021-11-20;"Košický kraj";1083;2859;295;3154;NA;189728;1378;2021-11-20;145549
2021-11-19;"Košický kraj";1078;7774;570;8344;NA;189728;1648;2021-11-19;144171
2021-11-18;"Košický kraj";1061;9410;719;10129;NA;189728;1780;2021-11-18;142523
2021-11-17;"Košický kraj";1319;2824;262;3086;NA;189728;1581;2021-11-17;140743
2021-11-16;"Košický kraj";1484;7135;543;7678;NA;189728;2027;2021-11-16;139162
2021-11-15;"Košický kraj";902;10812;754;11566;NA;189728;1656;2021-11-15;137135
2021-11-14;"Košický kraj";715;5756;455;6211;NA;189728;1170;2021-11-14;135479
2021-11-13;"Košický kraj";869;2686;312;2998;NA;189728;1181;2021-11-13;134309
2021-11-12;"Košický kraj";1132;5616;410;6026;NA;189728;1542;2021-11-12;133128
2021-11-11;"Košický kraj";1035;6139;460;6599;NA;189728;1495;2021-11-11;131586
2021-11-10;"Košický kraj";933;6633;497;7130;NA;189728;1430;2021-11-10;130091
2021-11-09;"Košický kraj";967;5540;389;5929;NA;189728;1356;2021-11-09;128661
2021-11-08;"Košický kraj";701;7838;601;8439;NA;189728;1302;2021-11-08;127305
2021-11-07;"Košický kraj";691;4578;425;5003;NA;189728;1116;2021-11-07;126003
2021-11-06;"Košický kraj";996;2276;217;2493;NA;189728;1213;2021-11-06;124887
2021-11-05;"Košický kraj";1029;4905;367;5272;NA;189728;1396;2021-11-05;123674
2021-11-04;"Košický kraj";1000;5354;360;5714;NA;189728;1360;2021-11-04;122278
2021-11-03;"Košický kraj";1051;5749;361;6110;NA;189728;1412;2021-11-03;120918
2021-11-02;"Košický kraj";915;8775;566;9341;NA;189728;1481;2021-11-02;119506
2021-11-01;"Košický kraj";181;1999;265;2264;NA;189728;446;2021-11-01;118025
2021-10-31;"Košický kraj";385;2337;227;2564;NA;189728;612;2021-10-31;117579
2021-10-30;"Košický kraj";641;2380;180;2560;NA;189728;821;2021-10-30;116967
2021-10-29;"Košický kraj";750;4608;289;4897;NA;189728;1039;2021-10-29;116146
2021-10-28;"Košický kraj";823;5115;255;5370;NA;189728;1078;2021-10-28;115107
2021-10-27;"Košický kraj";723;4831;259;5090;NA;189728;982;2021-10-27;114029
2021-10-26;"Košický kraj";618;5049;225;5274;NA;189728;843;2021-10-26;113047
2021-10-25;"Košický kraj";268;6747;292;7039;NA;189728;560;2021-10-25;112204
2021-10-24;"Košický kraj";170;3447;205;3652;NA;189728;375;2021-10-24;111644
2021-10-23;"Košický kraj";397;1953;86;2039;NA;189728;483;2021-10-23;111269
2021-10-22;"Košický kraj";474;4679;130;4809;NA;189728;604;2021-10-22;110786
2021-10-21;"Košický kraj";669;5094;172;5266;NA;189728;841;2021-10-21;110182
2021-10-20;"Košický kraj";398;4963;152;5115;NA;189728;550;2021-10-20;109341
2021-10-19;"Košický kraj";579;4870;161;5031;NA;189728;740;2021-10-19;108791
2021-10-18;"Košický kraj";180;7090;171;7261;NA;189728;351;2021-10-18;108051
2021-10-17;"Košický kraj";70;3614;125;3739;NA;189728;195;2021-10-17;107700
2021-10-16;"Košický kraj";312;1839;40;1879;NA;189728;352;2021-10-16;107505
2021-10-15;"Košický kraj";312;4530;77;4607;NA;189728;389;2021-10-15;107153
2021-10-14;"Košický kraj";327;4652;95;4747;NA;189728;422;2021-10-14;106764
2021-10-13;"Košický kraj";168;4168;88;4256;NA;189728;256;2021-10-13;106342
2021-10-12;"Košický kraj";391;4119;75;4194;NA;189728;466;2021-10-12;106086
2021-10-11;"Košický kraj";119;6351;121;6472;NA;189728;240;2021-10-11;105620
2021-10-10;"Košický kraj";104;2921;63;2984;NA;189728;167;2021-10-10;105380
2021-10-09;"Košický kraj";111;1687;43;1730;NA;189728;154;2021-10-09;105213
2021-10-08;"Košický kraj";274;4143;68;4211;NA;189728;342;2021-10-08;105059
2021-10-07;"Košický kraj";277;4399;74;4473;NA;189728;351;2021-10-07;104717
2021-10-06;"Košický kraj";178;4369;89;4458;NA;189728;267;2021-10-06;104366
2021-10-05;"Košický kraj";345;4542;78;4620;NA;189728;423;2021-10-05;104099
2021-10-04;"Košický kraj";122;6094;110;6204;NA;189728;232;2021-10-04;103676
2021-10-03;"Košický kraj";133;3176;74;3250;NA;189728;207;2021-10-03;103444
2021-10-02;"Košický kraj";124;2567;41;2608;NA;189728;165;2021-10-02;103237
2021-10-01;"Košický kraj";181;4251;73;4324;NA;189728;254;2021-10-01;103072
2021-09-30;"Košický kraj";244;4780;71;4851;NA;189728;315;2021-09-30;102818
2021-09-29;"Košický kraj";183;3824;64;3888;NA;189728;247;2021-09-29;102503
2021-09-28;"Košický kraj";303;4339;80;4419;NA;189728;383;2021-09-28;102256
2021-09-27;"Košický kraj";117;6358;77;6435;NA;189728;194;2021-09-27;101873
2021-09-26;"Košický kraj";13;2809;44;2853;NA;189728;57;2021-09-26;101679
2021-09-25;"Košický kraj";162;2521;35;2556;NA;189728;197;2021-09-25;101622
2021-09-24;"Košický kraj";183;4756;43;4799;NA;189728;226;2021-09-24;101425
2021-09-23;"Košický kraj";142;3880;51;3931;NA;189728;193;2021-09-23;101199
2021-09-22;"Košický kraj";151;4436;52;4488;NA;189728;203;2021-09-22;101006
2021-09-21;"Košický kraj";234;4441;44;4485;NA;189728;278;2021-09-21;100803
2021-09-20;"Košický kraj";158;6017;73;6090;NA;189728;231;2021-09-20;100525
2021-09-19;"Košický kraj";15;2487;30;2517;NA;189728;45;2021-09-19;100294
2021-09-18;"Košický kraj";187;2504;24;2528;NA;189728;211;2021-09-18;100249
2021-09-17;"Košický kraj";121;4797;41;4838;NA;189728;162;2021-09-17;100038
2021-09-16;"Košický kraj";228;4503;71;4574;NA;189728;299;2021-09-16;99876
2021-09-15;"Košický kraj";52;989;16;1005;NA;189728;68;2021-09-15;99577
2021-09-14;"Košický kraj";142;3456;47;3503;NA;189728;189;2021-09-14;99509
2021-09-13;"Košický kraj";96;4949;48;4997;NA;189728;144;2021-09-13;99320
2021-09-12;"Košický kraj";14;2003;31;2034;NA;189728;45;2021-09-12;99176
2021-09-11;"Košický kraj";105;2186;19;2205;NA;189728;124;2021-09-11;99131
2021-09-10;"Košický kraj";125;4293;42;4335;NA;189728;167;2021-09-10;99007
2021-09-09;"Košický kraj";115;3226;30;3256;NA;189728;145;2021-09-09;98840
2021-09-08;"Košický kraj";86;2753;36;2789;NA;189728;122;2021-09-08;98695
2021-09-07;"Košický kraj";79;2686;53;2739;NA;189728;132;2021-09-07;98573
2021-09-06;"Košický kraj";41;2786;36;2822;NA;189728;77;2021-09-06;98441
2021-09-05;"Košický kraj";52;1393;18;1411;NA;189728;70;2021-09-05;98364
2021-09-04;"Košický kraj";37;1678;12;1690;NA;189728;49;2021-09-04;98294
2021-09-03;"Košický kraj";47;2913;35;2948;NA;189728;82;2021-09-03;98245
2021-09-02;"Košický kraj";56;2686;26;2712;NA;189728;82;2021-09-02;98163
2021-09-01;"Košický kraj";95;629;13;642;NA;189728;108;2021-09-01;98081
2021-08-31;"Košický kraj";30;2525;22;2547;NA;189728;52;2021-08-31;97973
2021-08-30;"Košický kraj";8;2404;28;2432;NA;189728;36;2021-08-30;97921
2021-08-29;"Košický kraj";16;603;1;604;NA;189728;17;2021-08-29;97885
2021-08-28;"Košický kraj";14;2103;11;2114;NA;189728;25;2021-08-28;97868
2021-08-27;"Košický kraj";22;2908;16;2924;NA;189728;38;2021-08-27;97843
2021-08-26;"Košický kraj";19;2292;13;2305;NA;189728;32;2021-08-26;97805
2021-08-25;"Košický kraj";33;2010;6;2016;NA;189728;39;2021-08-25;97773
2021-08-24;"Košický kraj";14;2337;3;2340;NA;189728;17;2021-08-24;97734
2021-08-23;"Košický kraj";33;2461;5;2466;NA;189728;38;2021-08-23;97717
2021-08-22;"Košický kraj";4;1457;8;1465;NA;189728;12;2021-08-22;97679
2021-08-21;"Košický kraj";35;2134;5;2139;NA;189728;40;2021-08-21;97667
2021-08-20;"Košický kraj";13;3215;5;3220;NA;189728;18;2021-08-20;97627
2021-08-19;"Košický kraj";14;2178;6;2184;NA;189728;20;2021-08-19;97609
2021-08-18;"Košický kraj";30;1827;8;1835;NA;189728;38;2021-08-18;97589
2021-08-17;"Košický kraj";24;1619;3;1622;NA;189728;27;2021-08-17;97551
2021-08-16;"Košický kraj";3;2236;10;2246;NA;189728;13;2021-08-16;97524
2021-08-15;"Košický kraj";1;778;5;783;NA;189728;6;2021-08-15;97511
2021-08-14;"Košický kraj";15;1222;1;1223;NA;189728;16;2021-08-14;97505
2021-08-13;"Košický kraj";14;1928;8;1936;NA;189728;22;2021-08-13;97489
2021-08-12;"Košický kraj";10;1248;3;1251;NA;189728;13;2021-08-12;97467
2021-08-11;"Košický kraj";6;1368;5;1373;NA;189728;11;2021-08-11;97454
2021-08-10;"Košický kraj";10;1352;8;1360;NA;189728;18;2021-08-10;97443
2021-08-09;"Košický kraj";12;1651;3;1654;NA;189728;15;2021-08-09;97425
2021-08-08;"Košický kraj";8;688;1;689;NA;189728;9;2021-08-08;97410
2021-08-07;"Košický kraj";3;1125;3;1128;NA;189728;6;2021-08-07;97401
2021-08-06;"Košický kraj";9;1614;6;1620;NA;189728;15;2021-08-06;97395
2021-08-05;"Košický kraj";26;1254;6;1260;NA;189728;32;2021-08-05;97380
2021-08-04;"Košický kraj";8;1373;5;1378;NA;189728;13;2021-08-04;97348
2021-08-03;"Košický kraj";33;1121;3;1124;NA;189728;36;2021-08-03;97335
2021-08-02;"Košický kraj";6;1702;8;1710;NA;189728;14;2021-08-02;97299
2021-08-01;"Košický kraj";1;662;1;663;NA;189728;2;2021-08-01;97285
2021-07-31;"Košický kraj";17;1153;2;1155;NA;189728;19;2021-07-31;97283
2021-07-30;"Košický kraj";12;1657;7;1664;NA;189728;19;2021-07-30;97264
2021-07-29;"Košický kraj";7;1242;5;1247;NA;189728;12;2021-07-29;97245
2021-07-28;"Košický kraj";15;956;5;961;NA;189728;20;2021-07-28;97233
2021-07-27;"Košický kraj";17;1180;7;1187;NA;189728;24;2021-07-27;97213
2021-07-26;"Košický kraj";3;1666;9;1675;NA;189728;12;2021-07-26;97189
2021-07-25;"Košický kraj";0;719;3;722;NA;189728;3;2021-07-25;97177
2021-07-24;"Košický kraj";18;996;4;1000;NA;189728;22;2021-07-24;97174
2021-07-23;"Košický kraj";9;1524;5;1529;NA;189728;14;2021-07-23;97152
2021-07-22;"Košický kraj";1;1254;4;1258;NA;189728;5;2021-07-22;97138
2021-07-21;"Košický kraj";4;1117;3;1120;NA;189728;7;2021-07-21;97133
2021-07-20;"Košický kraj";6;1355;1;1356;NA;189728;7;2021-07-20;97126
2021-07-19;"Košický kraj";2;1517;2;1519;NA;189728;4;2021-07-19;97119
2021-07-18;"Košický kraj";0;644;0;644;NA;189728;0;2021-07-18;97115
2021-07-17;"Košický kraj";3;1101;5;1106;NA;189728;8;2021-07-17;97115
2021-07-16;"Košický kraj";3;1609;4;1613;NA;189728;7;2021-07-16;97107
2021-07-15;"Košický kraj";4;1383;4;1387;NA;189728;8;2021-07-15;97100
2021-07-14;"Košický kraj";2;1175;4;1179;NA;189728;6;2021-07-14;97092
2021-07-13;"Košický kraj";4;1331;1;1332;NA;189728;5;2021-07-13;97086
2021-07-12;"Košický kraj";3;1894;3;1897;NA;189728;6;2021-07-12;97081
2021-07-11;"Košický kraj";1;537;2;539;NA;189728;3;2021-07-11;97075
2021-07-10;"Košický kraj";9;1167;0;1167;NA;189728;9;2021-07-10;97072
2021-07-09;"Košický kraj";5;2005;5;2010;NA;189728;10;2021-07-09;97063
2021-07-08;"Košický kraj";13;1282;2;1284;NA;189728;15;2021-07-08;97053
2021-07-07;"Košický kraj";6;1524;1;1525;NA;189728;7;2021-07-07;97038
2021-07-06;"Košický kraj";4;1886;2;1888;NA;189728;6;2021-07-06;97031
2021-07-05;"Košický kraj";1;573;1;574;NA;189728;2;2021-07-05;97025
2021-07-04;"Košický kraj";0;482;2;484;NA;189728;2;2021-07-04;97023
2021-07-03;"Košický kraj";2;1227;0;1227;NA;189728;2;2021-07-03;97021
2021-07-02;"Košický kraj";2;1883;3;1886;NA;189728;5;2021-07-02;97019
2021-07-01;"Košický kraj";0;1211;2;1213;NA;189728;2;2021-07-01;97014
2021-06-30;"Košický kraj";5;9306;7;9313;NA;189728;12;2021-06-30;97012
2021-06-29;"Košický kraj";6;5692;7;5699;NA;189728;13;2021-06-29;97000
2021-06-28;"Košický kraj";5;6129;2;6131;NA;189728;7;2021-06-28;96987
2021-06-27;"Košický kraj";8;4612;3;4615;NA;189728;11;2021-06-27;96980
2021-06-26;"Košický kraj";4;5699;14;5713;NA;189728;18;2021-06-26;96969
2021-06-25;"Košický kraj";5;6981;2;6983;NA;189728;7;2021-06-25;96951
2021-06-24;"Košický kraj";1;5072;3;5075;NA;189728;4;2021-06-24;96944
2021-06-23;"Košický kraj";8;5373;3;5376;NA;189728;11;2021-06-23;96940
2021-06-22;"Košický kraj";1;5269;3;5272;NA;189728;4;2021-06-22;96929
2021-06-21;"Košický kraj";5;6830;11;6841;NA;189728;16;2021-06-21;96925
2021-06-20;"Košický kraj";0;4882;6;4888;NA;189728;6;2021-06-20;96909
2021-06-19;"Košický kraj";7;6473;1;6474;NA;189728;8;2021-06-19;96903
2021-06-18;"Košický kraj";4;7969;8;7977;NA;189728;12;2021-06-18;96895
2021-06-17;"Košický kraj";6;6128;3;6131;NA;189728;9;2021-06-17;96883
2021-06-16;"Košický kraj";11;6059;7;6066;NA;189728;18;2021-06-16;96874
2021-06-15;"Košický kraj";12;6301;2;6303;NA;189728;14;2021-06-15;96856
2021-06-14;"Košický kraj";10;7076;9;7085;NA;189728;19;2021-06-14;96842
2021-06-13;"Košický kraj";7;6948;8;6956;NA;189728;15;2021-06-13;96823
2021-06-12;"Košický kraj";7;7485;9;7494;NA;189728;16;2021-06-12;96808
2021-06-11;"Košický kraj";15;8973;6;8979;NA;189728;21;2021-06-11;96792
2021-06-10;"Košický kraj";11;6588;16;6604;NA;189728;27;2021-06-10;96771
2021-06-09;"Košický kraj";37;6056;7;6063;NA;189728;44;2021-06-09;96744
2021-06-08;"Košický kraj";33;7019;13;7032;NA;189728;46;2021-06-08;96700
2021-06-07;"Košický kraj";11;8106;22;8128;NA;189728;33;2021-06-07;96654
2021-06-06;"Košický kraj";1;7843;7;7850;NA;189728;8;2021-06-06;96621
2021-06-05;"Košický kraj";21;9286;3;9289;NA;189728;24;2021-06-05;96613
2021-06-04;"Košický kraj";26;11418;20;11438;NA;189728;46;2021-06-04;96589
2021-06-03;"Košický kraj";23;6467;14;6481;NA;189728;37;2021-06-03;96543
2021-06-02;"Košický kraj";15;7180;24;7204;NA;189728;39;2021-06-02;96506
2021-06-01;"Košický kraj";13;7562;10;7572;NA;189728;23;2021-06-01;96467
2021-05-31;"Košický kraj";13;9256;18;9274;NA;189728;31;2021-05-31;96444
2021-05-30;"Košický kraj";3;11215;10;11225;NA;189728;13;2021-05-30;96413
2021-05-29;"Košický kraj";25;10942;22;10964;NA;189728;47;2021-05-29;96400
2021-05-28;"Košický kraj";17;13055;29;13084;NA;189728;46;2021-05-28;96353
2021-05-27;"Košický kraj";19;7924;26;7950;NA;189728;45;2021-05-27;96307
2021-05-26;"Košický kraj";35;8118;27;8145;NA;189728;62;2021-05-26;96262
2021-05-25;"Košický kraj";33;9296;29;9325;NA;189728;62;2021-05-25;96200
2021-05-24;"Košický kraj";10;10855;27;10882;NA;189728;37;2021-05-24;96138
2021-05-23;"Košický kraj";4;12151;15;12166;NA;189728;19;2021-05-23;96101
2021-05-22;"Košický kraj";27;12601;19;12620;NA;189728;46;2021-05-22;96082
2021-05-21;"Košický kraj";24;14910;27;14937;NA;189728;51;2021-05-21;96036
2021-05-20;"Košický kraj";20;9422;28;9450;NA;189728;48;2021-05-20;95985
2021-05-19;"Košický kraj";30;10421;21;10442;NA;189728;51;2021-05-19;95937
2021-05-18;"Košický kraj";34;10254;36;10290;NA;189728;70;2021-05-18;95886
2021-05-17;"Košický kraj";20;12686;38;12724;NA;189728;58;2021-05-17;95816
2021-05-16;"Košický kraj";37;17865;20;17885;NA;189728;57;2021-05-16;95758
2021-05-15;"Košický kraj";22;25602;28;25630;NA;189728;50;2021-05-15;95701
2021-05-14;"Košický kraj";32;21824;42;21866;NA;189728;74;2021-05-14;95651
2021-05-13;"Košický kraj";39;10172;32;10204;NA;189728;71;2021-05-13;95577
2021-05-12;"Košický kraj";85;10868;33;10901;NA;189728;118;2021-05-12;95506
2021-05-11;"Košický kraj";68;11166;32;11198;NA;189728;100;2021-05-11;95388
2021-05-10;"Košický kraj";25;17044;42;17086;NA;189728;67;2021-05-10;95288
2021-05-09;"Košický kraj";84;25594;55;25649;NA;189728;139;2021-05-09;95221
2021-05-08;"Košický kraj";18;23399;23;23422;NA;189728;41;2021-05-08;95082
2021-05-07;"Košický kraj";51;24497;57;24554;NA;189728;108;2021-05-07;95041
2021-05-06;"Košický kraj";55;11847;43;11890;NA;189728;98;2021-05-06;94933
2021-05-05;"Košický kraj";23;12124;35;12159;NA;189728;58;2021-05-05;94835
2021-05-04;"Košický kraj";143;13562;38;13600;NA;189728;181;2021-05-04;94777
2021-05-03;"Košický kraj";37;16944;68;17012;NA;189728;105;2021-05-03;94596
2021-05-02;"Košický kraj";45;36096;56;36152;NA;189728;101;2021-05-02;94491
2021-05-01;"Košický kraj";54;52075;76;52151;NA;189728;130;2021-05-01;94390
2021-04-30;"Košický kraj";59;44602;94;44696;NA;189728;153;2021-04-30;94260
2021-04-29;"Košický kraj";76;17014;53;17067;NA;189728;129;2021-04-29;94107
2021-04-28;"Košický kraj";99;17970;52;18022;NA;189728;151;2021-04-28;93978
2021-04-27;"Košický kraj";108;20670;43;20713;NA;189728;151;2021-04-27;93827
2021-04-26;"Košický kraj";39;25915;96;26011;NA;189728;135;2021-04-26;93676
2021-04-25;"Košický kraj";23;48355;57;48412;NA;189728;80;2021-04-25;93541
2021-04-24;"Košický kraj";68;90124;114;90238;NA;189728;182;2021-04-24;93461
2021-04-23;"Košický kraj";110;41232;72;41304;NA;189728;182;2021-04-23;93279
2021-04-22;"Košický kraj";56;16772;44;16816;NA;189728;100;2021-04-22;93097
2021-04-21;"Košický kraj";114;19519;61;19580;NA;189728;175;2021-04-21;92997
2021-04-20;"Košický kraj";81;25432;63;25495;NA;189728;144;2021-04-20;92822
2021-04-19;"Košický kraj";93;29950;108;30058;NA;189728;201;2021-04-19;92678
2021-04-18;"Košický kraj";10;48913;82;48995;NA;189728;92;2021-04-18;92477
2021-04-17;"Košický kraj";187;83856;103;83959;NA;189728;290;2021-04-17;92385
2021-04-16;"Košický kraj";83;41568;127;41695;NA;189728;210;2021-04-16;92095
2021-04-15;"Košický kraj";104;18522;93;18615;NA;189728;197;2021-04-15;91885
2021-04-14;"Košický kraj";119;20089;64;20153;NA;189728;183;2021-04-14;91688
2021-04-13;"Košický kraj";81;23175;120;23295;NA;189728;201;2021-04-13;91505
2021-04-12;"Košický kraj";129;26573;124;26697;NA;189728;253;2021-04-12;91304
2021-04-11;"Košický kraj";29;46949;80;47029;NA;189728;109;2021-04-11;91051
2021-04-10;"Košický kraj";138;100114;183;100297;NA;189728;321;2021-04-10;90942
2021-04-09;"Košický kraj";168;35206;133;35339;NA;189728;301;2021-04-09;90621
2021-04-08;"Košický kraj";81;18530;90;18620;NA;189728;171;2021-04-08;90320
2021-04-07;"Košický kraj";232;28027;194;28221;NA;189728;426;2021-04-07;90149
2021-04-06;"Košický kraj";121;36495;164;36659;NA;189728;285;2021-04-06;89723
2021-04-05;"Košický kraj";19;14361;66;14427;NA;189728;85;2021-04-05;89438
2021-04-04;"Košický kraj";33;15089;66;15155;NA;189728;99;2021-04-04;89353
2021-04-03;"Košický kraj";138;97664;241;97905;NA;189728;379;2021-04-03;89254
2021-04-02;"Košický kraj";128;24515;76;24591;NA;189728;204;2021-04-02;88875
2021-04-01;"Košický kraj";165;46151;156;46307;NA;189728;321;2021-04-01;88671
2021-03-31;"Košický kraj";160;29659;124;29783;NA;189728;284;2021-03-31;88350
2021-03-30;"Košický kraj";229;24038;163;24201;NA;189728;392;2021-03-30;88066
2021-03-29;"Košický kraj";78;28843;194;29037;NA;189728;272;2021-03-29;87674
2021-03-28;"Košický kraj";39;44263;128;44391;NA;189728;167;2021-03-28;87402
2021-03-27;"Košický kraj";222;96602;265;96867;NA;189728;487;2021-03-27;87235
2021-03-26;"Košický kraj";233;45252;202;45454;NA;189728;435;2021-03-26;86748
2021-03-25;"Košický kraj";133;23804;175;23979;NA;189728;308;2021-03-25;86313
2021-03-24;"Košický kraj";165;20696;155;20851;NA;189728;320;2021-03-24;86005
2021-03-23;"Košický kraj";202;22434;192;22626;NA;189728;394;2021-03-23;85685
2021-03-22;"Košický kraj";169;26890;228;27118;NA;189728;397;2021-03-22;85291
2021-03-21;"Košický kraj";109;46746;167;46913;NA;189728;276;2021-03-21;84894
2021-03-20;"Košický kraj";126;101334;311;101645;NA;189728;437;2021-03-20;84618
2021-03-19;"Košický kraj";205;45632;260;45892;NA;189728;465;2021-03-19;84181
2021-03-18;"Košický kraj";274;23827;212;24039;NA;189728;486;2021-03-18;83716
2021-03-17;"Košický kraj";177;21548;195;21743;NA;189728;372;2021-03-17;83230
2021-03-16;"Košický kraj";386;23454;226;23680;NA;189728;612;2021-03-16;82858
2021-03-15;"Košický kraj";173;27900;297;28197;NA;189728;470;2021-03-15;82246
2021-03-14;"Košický kraj";145;44354;220;44574;NA;189728;365;2021-03-14;81776
2021-03-13;"Košický kraj";146;103790;483;104273;NA;189728;629;2021-03-13;81411
2021-03-12;"Košický kraj";366;47871;321;48192;NA;189728;687;2021-03-12;80782
2021-03-11;"Košický kraj";396;23229;263;23492;NA;189728;659;2021-03-11;80095
2021-03-10;"Košický kraj";121;22205;269;22474;NA;189728;390;2021-03-10;79436
2021-03-09;"Košický kraj";676;24509;300;24809;NA;189728;976;2021-03-09;79046
2021-03-08;"Košický kraj";559;29852;344;30196;NA;189728;903;2021-03-08;78070
2021-03-07;"Košický kraj";45;44230;299;44529;NA;189728;344;2021-03-07;77167
2021-03-06;"Košický kraj";177;105598;532;106130;NA;189728;709;2021-03-06;76823
2021-03-05;"Košický kraj";439;45567;424;45991;NA;189728;863;2021-03-05;76114
2021-03-04;"Košický kraj";417;23862;320;24182;NA;189728;737;2021-03-04;75251
2021-03-03;"Košický kraj";390;23169;298;23467;NA;189728;688;2021-03-03;74514
2021-03-02;"Košický kraj";464;24158;368;24526;NA;189728;832;2021-03-02;73826
2021-03-01;"Košický kraj";389;30013;514;30527;NA;189728;903;2021-03-01;72994
2021-02-28;"Košický kraj";265;43053;334;43387;NA;189728;599;2021-02-28;72091
2021-02-27;"Košický kraj";301;100559;784;101343;NA;189728;1085;2021-02-27;71492
2021-02-26;"Košický kraj";440;45466;492;45958;NA;189728;932;2021-02-26;70407
2021-02-25;"Košický kraj";331;19872;342;20214;NA;189728;673;2021-02-25;69475
2021-02-24;"Košický kraj";263;18751;505;19256;NA;189728;768;2021-02-24;68802
2021-02-23;"Košický kraj";642;21605;341;21946;NA;189728;983;2021-02-23;68034
2021-02-22;"Košický kraj";362;30858;434;31292;NA;189728;796;2021-02-22;67051
2021-02-21;"Košický kraj";170;40464;385;40849;NA;189728;555;2021-02-21;66255
2021-02-20;"Košický kraj";283;92550;770;93320;NA;189728;1053;2021-02-20;65700
2021-02-19;"Košický kraj";507;41579;583;42162;NA;189728;1090;2021-02-19;64647
2021-02-18;"Košický kraj";397;18442;345;18787;NA;189728;742;2021-02-18;63557
2021-02-17;"Košický kraj";322;18080;387;18467;NA;189728;709;2021-02-17;62815
2021-02-16;"Košický kraj";600;22111;463;22574;NA;189728;1063;2021-02-16;62106
2021-02-15;"Košický kraj";216;27633;419;28052;NA;189728;635;2021-02-15;61043
2021-02-14;"Košický kraj";241;56743;524;57267;NA;189728;765;2021-02-14;60408
2021-02-13;"Košický kraj";206;93745;765;94510;NA;189728;971;2021-02-13;59643
2021-02-12;"Košický kraj";448;49924;611;50535;NA;189728;1059;2021-02-12;58672
2021-02-11;"Košický kraj";435;14524;323;14847;NA;189728;758;2021-02-11;57613
2021-02-10;"Košický kraj";360;18475;431;18906;NA;189728;791;2021-02-10;56855
2021-02-09;"Košický kraj";544;24841;463;25304;NA;189728;1007;2021-02-09;56064
2021-02-08;"Košický kraj";237;24836;392;25228;NA;189728;629;2021-02-08;55057
2021-02-07;"Košický kraj";208;56897;612;57509;NA;189728;820;2021-02-07;54428
2021-02-06;"Košický kraj";318;104357;884;105241;NA;189728;1202;2021-02-06;53608
2021-02-05;"Košický kraj";384;43186;494;43680;NA;189728;878;2021-02-05;52406
2021-02-04;"Košický kraj";391;14512;371;14883;NA;189728;762;2021-02-04;51528
2021-02-03;"Košický kraj";296;12599;339;12938;NA;189728;635;2021-02-03;50766
2021-02-02;"Košický kraj";473;43883;1212;45095;NA;189728;1685;2021-02-02;50131
2021-02-01;"Košický kraj";415;21984;362;22346;NA;189728;777;2021-02-01;48446
2021-01-31;"Košický kraj";142;54690;617;55307;NA;189728;759;2021-01-31;47669
2021-01-30;"Košický kraj";320;76722;661;77383;NA;189728;981;2021-01-30;46910
2021-01-29;"Košický kraj";311;37164;466;37630;NA;189728;777;2021-01-29;45929
2021-01-28;"Košický kraj";540;9006;244;9250;NA;189728;784;2021-01-28;45152
2021-01-27;"Košický kraj";265;7575;211;7786;NA;189728;476;2021-01-27;44368
2021-01-26;"Košický kraj";530;14210;245;14455;NA;189728;775;2021-01-26;43892
2021-01-25;"Košický kraj";226;26431;413;26844;NA;189728;639;2021-01-25;43117
2021-01-24;"Košický kraj";150;44419;581;45000;NA;189728;731;2021-01-24;42478
2021-01-23;"Košický kraj";232;82705;857;83562;NA;189728;1089;2021-01-23;41747
2021-01-22;"Košický kraj";316;19997;265;20262;NA;189728;581;2021-01-22;40658
2021-01-21;"Košický kraj";274;14053;159;14212;NA;189728;433;2021-01-21;40077
2021-01-20;"Košický kraj";374;10844;201;11045;NA;189728;575;2021-01-20;39644
2021-01-19;"Košický kraj";248;9717;181;9898;NA;189728;429;2021-01-19;39069
2021-01-18;"Košický kraj";333;7659;262;7921;NA;189728;595;2021-01-18;38640
2021-01-17;"Košický kraj";155;535;14;549;NA;189728;169;2021-01-17;38045
2021-01-16;"Košický kraj";153;1403;47;1450;NA;189728;200;2021-01-16;37876
2021-01-15;"Košický kraj";308;6443;213;6656;NA;189728;521;2021-01-15;37676
2021-01-14;"Košický kraj";358;5471;221;5692;NA;189728;579;2021-01-14;37155
2021-01-13;"Košický kraj";421;4897;226;5123;NA;189728;647;2021-01-13;36576
2021-01-12;"Košický kraj";482;6473;237;6710;NA;189728;719;2021-01-12;35929
2021-01-11;"Košický kraj";309;7553;286;7839;NA;189728;595;2021-01-11;35210
2021-01-10;"Košický kraj";193;136;6;142;NA;189728;199;2021-01-10;34615
2021-01-09;"Košický kraj";469;1134;45;1179;NA;189728;514;2021-01-09;34416
2021-01-08;"Košický kraj";551;7106;348;7454;NA;189728;899;2021-01-08;33902
2021-01-07;"Košický kraj";251;5853;398;6251;NA;189728;649;2021-01-07;33003
2021-01-06;"Košický kraj";442;429;33;462;NA;189728;475;2021-01-06;32354
2021-01-05;"Košický kraj";584;7633;527;8160;NA;189728;1111;2021-01-05;31879
2021-01-04;"Košický kraj";407;6479;660;7139;NA;189728;1067;2021-01-04;30768
2021-01-03;"Košický kraj";118;661;22;683;NA;189728;140;2021-01-03;29701
2021-01-02;"Košický kraj";88;440;52;492;NA;189728;140;2021-01-02;29561
2021-01-01;"Košický kraj";398;725;49;774;NA;189728;447;2021-01-01;29421
2020-12-31;"Košický kraj";625;7509;453;7962;NA;189728;1078;2020-12-31;28974
2020-12-30;"Košický kraj";590;6076;395;6471;NA;189728;985;2020-12-30;27896
2020-12-29;"Košický kraj";419;7454;596;8050;NA;189728;1015;2020-12-29;26911
2020-12-28;"Košický kraj";356;7933;756;8689;NA;189728;1112;2020-12-28;25896
2020-12-27;"Košický kraj";159;147;16;163;NA;189728;175;2020-12-27;24784
2020-12-26;"Košický kraj";163;274;23;297;NA;189728;186;2020-12-26;24609
2020-12-25;"Košický kraj";237;140;10;150;NA;189728;247;2020-12-25;24423
2020-12-24;"Košický kraj";564;1470;90;1560;NA;189728;654;2020-12-24;24176
2020-12-23;"Košický kraj";304;7339;327;7666;NA;189728;631;2020-12-23;23522
2020-12-22;"Košický kraj";438;7284;429;7713;NA;189728;867;2020-12-22;22891
2020-12-21;"Košický kraj";405;6703;504;7207;NA;189728;909;2020-12-21;22024
2020-12-20;"Košický kraj";215;73;11;84;NA;189728;226;2020-12-20;21115
2020-12-19;"Košický kraj";207;1309;63;1372;NA;189728;270;2020-12-19;20889
2020-12-18;"Košický kraj";310;7707;292;7999;NA;189728;602;2020-12-18;20619
2020-12-17;"Košický kraj";463;5101;253;5354;NA;189728;716;2020-12-17;20017
2020-12-16;"Košický kraj";455;5725;295;6020;NA;189728;750;2020-12-16;19301
2020-12-15;"Košický kraj";319;4787;327;5114;NA;189728;646;2020-12-15;18551
2020-12-14;"Košický kraj";256;2905;225;3130;NA;189728;481;2020-12-14;17905
2020-12-13;"Košický kraj";47;181;2;183;NA;189728;49;2020-12-13;17424
2020-12-12;"Košický kraj";369;1587;118;1705;NA;189728;487;2020-12-12;17375
2020-12-11;"Košický kraj";354;5328;256;5584;NA;189728;610;2020-12-11;16888
2020-12-10;"Košický kraj";283;3987;174;4161;NA;189728;457;2020-12-10;16278
2020-12-09;"Košický kraj";279;3786;166;3952;NA;189728;445;2020-12-09;15821
2020-12-08;"Košický kraj";226;4105;355;4460;NA;189728;581;2020-12-08;15376
2020-12-07;"Košický kraj";270;2383;106;2489;NA;189728;376;2020-12-07;14795
2020-12-06;"Košický kraj";121;482;33;515;NA;189728;154;2020-12-06;14419
2020-12-05;"Košický kraj";90;1096;48;1144;NA;189728;138;2020-12-05;14265
2020-12-04;"Košický kraj";224;2680;82;2762;NA;189728;306;2020-12-04;14127
2020-12-03;"Košický kraj";211;7717;173;7890;NA;189728;384;2020-12-03;13821
2020-12-02;"Košický kraj";193;8132;496;8628;NA;189728;689;2020-12-02;13437
2020-12-01;"Košický kraj";178;2237;124;2361;NA;189728;302;2020-12-01;12748
2020-11-30;"Košický kraj";171;3598;59;3657;NA;189728;230;2020-11-30;12446
2020-11-29;"Košický kraj";31;325;17;342;NA;189728;48;2020-11-29;12216
2020-11-28;"Košický kraj";69;721;52;773;NA;189728;121;2020-11-28;12168
2020-11-27;"Košický kraj";149;2921;78;2999;NA;189728;227;2020-11-27;12047
2020-11-26;"Košický kraj";239;1234;60;1294;NA;189728;299;2020-11-26;11820
2020-11-25;"Košický kraj";237;1785;123;1908;NA;189728;360;2020-11-25;11521
2020-11-24;"Košický kraj";196;1976;67;2043;NA;189728;263;2020-11-24;11161
2020-11-23;"Košický kraj";51;4115;63;4178;NA;189728;114;2020-11-23;10898
2020-11-22;"Košický kraj";57;57;5;62;NA;189728;62;2020-11-22;10784
2020-11-21;"Košický kraj";87;858;36;894;NA;189728;123;2020-11-21;10722
2020-11-20;"Košický kraj";176;3084;49;3133;NA;189728;225;2020-11-20;10599
2020-11-19;"Košický kraj";206;1736;48;1784;NA;189728;254;2020-11-19;10374
2020-11-18;"Košický kraj";122;532;17;549;NA;189728;139;2020-11-18;10120
2020-11-17;"Košický kraj";152;82;9;91;NA;189728;161;2020-11-17;9981
2020-11-16;"Košický kraj";114;596;27;623;NA;189728;141;2020-11-16;9820
2020-11-15;"Košický kraj";15;338;7;345;NA;189728;22;2020-11-15;9679
2020-11-14;"Košický kraj";234;520;12;532;NA;189728;246;2020-11-14;9657
2020-11-13;"Košický kraj";207;664;29;693;NA;189728;236;2020-11-13;9411
2020-11-12;"Košický kraj";192;736;13;749;NA;189728;205;2020-11-12;9175
2020-11-11;"Košický kraj";301;593;7;600;NA;189728;308;2020-11-11;8970
2020-11-10;"Košický kraj";190;541;11;552;NA;189728;201;2020-11-10;8662
2020-11-09;"Košický kraj";129;380;17;397;NA;189728;146;2020-11-09;8461
2020-11-08;"Košický kraj";78;1306;8;1314;NA;189728;86;2020-11-08;8315
2020-11-07;"Košický kraj";192;3909;22;3931;NA;189728;214;2020-11-07;8229
2020-11-06;"Košický kraj";195;5310;34;5344;NA;189728;229;2020-11-06;8015
2020-11-05;"Košický kraj";342;330;31;361;NA;189728;373;2020-11-05;7786
2020-11-04;"Košický kraj";101;154;6;160;NA;189728;107;2020-11-04;7413
2020-11-03;"Košický kraj";358;1122;13;1135;NA;189728;371;2020-11-03;7306
2020-11-02;"Košický kraj";111;6125;56;6181;NA;189728;167;2020-11-02;6935
2020-11-01;"Košický kraj";346;6522;34;6556;NA;189728;380;2020-11-01;6768
2020-10-31;"Košický kraj";82;14035;106;14141;NA;189728;188;2020-10-31;6388
2020-10-30;"Košický kraj";379;2835;27;2862;NA;189728;406;2020-10-30;6200
2020-10-29;"Košický kraj";333;983;13;996;NA;189728;346;2020-10-29;5794
2020-10-28;"Košický kraj";224;305;13;318;NA;189728;237;2020-10-28;5448
2020-10-27;"Košický kraj";386;439;21;460;NA;189728;407;2020-10-27;5211
2020-10-26;"Košický kraj";56;212;12;224;NA;189728;68;2020-10-26;4804
2020-10-25;"Košický kraj";154;79;2;81;NA;189728;156;2020-10-25;4736
2020-10-24;"Košický kraj";313;118;16;134;NA;189728;329;2020-10-24;4580
2020-10-23;"Košický kraj";315;331;8;339;NA;189728;323;2020-10-23;4251
2020-10-22;"Košický kraj";349;530;16;546;NA;189728;365;2020-10-22;3928
2020-10-21;"Košický kraj";129;84;2;86;NA;189728;131;2020-10-21;3563
2020-10-20;"Košický kraj";181;14;1;15;NA;189728;182;2020-10-20;3432
2020-10-19;"Košický kraj";64;38;1;39;NA;189728;65;2020-10-19;3250
2020-10-18;"Košický kraj";158;0;0;0;NA;189728;158;2020-10-18;3185
2020-10-17;"Košický kraj";142;0;0;0;NA;189728;142;2020-10-17;3027
2020-10-16;"Košický kraj";206;19;0;19;NA;189728;206;2020-10-16;2885
2020-10-15;"Košický kraj";177;19;5;24;NA;189728;182;2020-10-15;2679
2020-10-14;"Košický kraj";211;8;0;8;NA;189728;211;2020-10-14;2497
2020-10-13;"Košický kraj";179;80;3;83;NA;189728;182;2020-10-13;2286
2020-10-12;"Košický kraj";74;0;0;0;NA;189728;74;2020-10-12;2104
2020-10-11;"Košický kraj";121;0;0;0;NA;189728;121;2020-10-11;2030
2020-10-10;"Košický kraj";70;0;0;0;NA;189728;70;2020-10-10;1909
2020-10-09;"Košický kraj";188;0;0;0;NA;189728;188;2020-10-09;1839
2020-10-08;"Košický kraj";102;0;0;0;NA;189728;102;2020-10-08;1651
2020-10-07;"Košický kraj";158;0;0;0;NA;189728;158;2020-10-07;1549
2020-10-06;"Košický kraj";70;0;0;0;NA;189728;70;2020-10-06;1391
2020-10-05;"Košický kraj";39;0;0;0;NA;189728;39;2020-10-05;1321
2020-10-04;"Košický kraj";45;0;0;0;NA;189728;45;2020-10-04;1282
2020-10-03;"Košický kraj";105;0;0;0;NA;189728;105;2020-10-03;1237
2020-10-02;"Košický kraj";57;0;0;0;NA;189728;57;2020-10-02;1132
2020-10-01;"Košický kraj";69;0;0;0;NA;189728;69;2020-10-01;1075
2020-09-30;"Košický kraj";95;0;0;0;NA;189728;95;2020-09-30;1006
2020-09-29;"Košický kraj";75;0;0;0;NA;189728;75;2020-09-29;911
2020-09-28;"Košický kraj";19;0;0;0;NA;189728;19;2020-09-28;836
2020-09-27;"Košický kraj";21;0;0;0;NA;189728;21;2020-09-27;817
2020-09-26;"Košický kraj";53;0;0;0;NA;189728;53;2020-09-26;796
2020-09-25;"Košický kraj";72;0;0;0;NA;189728;72;2020-09-25;743
2020-09-24;"Košický kraj";35;0;0;0;NA;189728;35;2020-09-24;671
2020-09-23;"Košický kraj";23;0;0;0;NA;189728;23;2020-09-23;636
2020-09-22;"Košický kraj";39;0;0;0;NA;189728;39;2020-09-22;613
2020-09-21;"Košický kraj";5;0;0;0;NA;189728;5;2020-09-21;574
2020-09-20;"Košický kraj";3;0;0;0;NA;189728;3;2020-09-20;569
2020-09-19;"Košický kraj";13;0;0;0;NA;189728;13;2020-09-19;566
2020-09-18;"Košický kraj";20;0;0;0;NA;189728;20;2020-09-18;553
2020-09-17;"Košický kraj";22;0;0;0;NA;189728;22;2020-09-17;533
2020-09-16;"Košický kraj";12;0;0;0;NA;189728;12;2020-09-16;511
2020-09-15;"Košický kraj";10;0;0;0;NA;189728;10;2020-09-15;499
2020-09-14;"Košický kraj";6;0;0;0;NA;189728;6;2020-09-14;489
2020-09-13;"Košický kraj";3;0;0;0;NA;189728;3;2020-09-13;483
2020-09-12;"Košický kraj";16;0;0;0;NA;189728;16;2020-09-12;480
2020-09-11;"Košický kraj";20;0;0;0;NA;189728;20;2020-09-11;464
2020-09-10;"Košický kraj";11;0;0;0;NA;189728;11;2020-09-10;444
2020-09-09;"Košický kraj";37;0;0;0;NA;189728;37;2020-09-09;433
2020-09-08;"Košický kraj";10;0;0;0;NA;189728;10;2020-09-08;396
2020-09-07;"Košický kraj";4;0;0;0;NA;189728;4;2020-09-07;386
2020-09-06;"Košický kraj";2;0;0;0;NA;189728;2;2020-09-06;382
2020-09-05;"Košický kraj";10;0;0;0;NA;189728;10;2020-09-05;380
2020-09-04;"Košický kraj";14;0;0;0;NA;189728;14;2020-09-04;370
2020-09-03;"Košický kraj";22;0;0;0;NA;189728;22;2020-09-03;356
2020-09-02;"Košický kraj";13;0;0;0;NA;189728;13;2020-09-02;334
2020-09-01;"Košický kraj";21;0;0;0;NA;189728;21;2020-09-01;321
2020-08-31;"Košický kraj";9;0;0;0;NA;189728;9;2020-08-31;300
2020-08-30;"Košický kraj";21;0;0;0;NA;189728;21;2020-08-30;291
2020-08-29;"Košický kraj";1;0;0;0;NA;189728;1;2020-08-29;270
2020-08-28;"Košický kraj";19;0;0;0;NA;189728;19;2020-08-28;269
2020-08-27;"Košický kraj";15;0;0;0;NA;189728;15;2020-08-27;250
2020-08-26;"Košický kraj";8;0;0;0;NA;189728;8;2020-08-26;235
2020-08-25;"Košický kraj";23;0;0;0;NA;189728;23;2020-08-25;227
2020-08-24;"Košický kraj";6;0;0;0;NA;189728;6;2020-08-24;204
2020-08-23;"Košický kraj";8;0;0;0;NA;189728;8;2020-08-23;198
2020-08-22;"Košický kraj";13;0;0;0;NA;189728;13;2020-08-22;190
2020-08-21;"Košický kraj";10;0;0;0;NA;189728;10;2020-08-21;177
2020-08-20;"Košický kraj";10;0;0;0;NA;189728;10;2020-08-20;167
2020-08-19;"Košický kraj";3;0;0;0;NA;189728;3;2020-08-19;157
2020-08-18;"Košický kraj";7;0;0;0;NA;189728;7;2020-08-18;154
2020-08-17;"Košický kraj";2;0;0;0;NA;189728;2;2020-08-17;147
2020-08-16;"Košický kraj";2;0;0;0;NA;189728;2;2020-08-16;145
2020-08-15;"Košický kraj";3;0;0;0;NA;189728;3;2020-08-15;143
2020-08-14;"Košický kraj";1;0;0;0;NA;189728;1;2020-08-14;140
2020-08-13;"Košický kraj";3;0;0;0;NA;189728;3;2020-08-13;139
2020-08-12;"Košický kraj";12;0;0;0;NA;189728;12;2020-08-12;136
2020-08-11;"Košický kraj";5;0;0;0;NA;189728;5;2020-08-11;124
2020-08-10;"Košický kraj";1;0;0;0;NA;189728;1;2020-08-10;119
2020-08-09;"Košický kraj";0;0;0;0;NA;189728;0;2020-08-09;118
2020-08-08;"Košický kraj";5;0;0;0;NA;189728;5;2020-08-08;118
2020-08-07;"Košický kraj";7;0;0;0;NA;189728;7;2020-08-07;113
2020-08-06;"Košický kraj";3;0;0;0;NA;189728;3;2020-08-06;106
2020-08-05;"Košický kraj";4;0;0;0;NA;189728;4;2020-08-05;103
2020-08-04;"Košický kraj";1;0;0;0;NA;189728;1;2020-08-04;99
2020-08-03;"Košický kraj";1;0;0;0;NA;189728;1;2020-08-03;98
2020-08-02;"Košický kraj";0;0;0;0;NA;189728;0;2020-08-02;97
2020-08-01;"Košický kraj";0;0;0;0;NA;189728;0;2020-08-01;97
2020-07-31;"Košický kraj";0;0;0;0;NA;189728;0;2020-07-31;97
2020-07-30;"Košický kraj";2;0;0;0;NA;189728;2;2020-07-30;97
2020-07-29;"Košický kraj";1;0;0;0;NA;189728;1;2020-07-29;95
2020-07-28;"Košický kraj";9;0;0;0;NA;189728;9;2020-07-28;94
2020-07-27;"Košický kraj";4;0;0;0;NA;189728;4;2020-07-27;85
2020-07-26;"Košický kraj";0;0;0;0;NA;189728;0;2020-07-26;81
2020-07-25;"Košický kraj";2;0;0;0;NA;189728;2;2020-07-25;81
2020-07-24;"Košický kraj";2;0;0;0;NA;189728;2;2020-07-24;79
2020-07-23;"Košický kraj";1;0;0;0;NA;189728;1;2020-07-23;77
2020-07-22;"Košický kraj";1;0;0;0;NA;189728;1;2020-07-22;76
2020-07-21;"Košický kraj";0;0;0;0;NA;189728;0;2020-07-21;75
2020-07-20;"Košický kraj";0;0;0;0;NA;189728;0;2020-07-20;75
2020-07-19;"Košický kraj";0;0;0;0;NA;189728;0;2020-07-19;75
2020-07-18;"Košický kraj";1;0;0;0;NA;189728;1;2020-07-18;75
2020-07-17;"Košický kraj";1;0;0;0;NA;189728;1;2020-07-17;74
2020-07-16;"Košický kraj";0;0;0;0;NA;189728;0;2020-07-16;73
2020-07-15;"Košický kraj";2;0;0;0;NA;189728;2;2020-07-15;73
2020-07-14;"Košický kraj";1;0;0;0;NA;189728;1;2020-07-14;71
2020-07-13;"Košický kraj";1;0;0;0;NA;189728;1;2020-07-13;70
2020-07-12;"Košický kraj";0;0;0;0;NA;189728;0;2020-07-12;69
2020-07-11;"Košický kraj";0;0;0;0;NA;189728;0;2020-07-11;69
2020-07-10;"Košický kraj";1;0;0;0;NA;189728;1;2020-07-10;69
2020-07-09;"Košický kraj";1;0;0;0;NA;189728;1;2020-07-09;68
2020-07-08;"Košický kraj";12;0;0;0;NA;189728;12;2020-07-08;67
2020-07-07;"Košický kraj";0;0;0;0;NA;189728;0;2020-07-07;55
2020-07-06;"Košický kraj";0;0;0;0;NA;189728;0;2020-07-06;55
2020-07-05;"Košický kraj";0;0;0;0;NA;189728;0;2020-07-05;55
2020-07-04;"Košický kraj";0;0;0;0;NA;189728;0;2020-07-04;55
2020-07-03;"Košický kraj";1;0;0;0;NA;189728;1;2020-07-03;55
2020-07-02;"Košický kraj";0;0;0;0;NA;189728;0;2020-07-02;54
2020-07-01;"Košický kraj";1;0;0;0;NA;189728;1;2020-07-01;54
2020-06-30;"Košický kraj";0;0;0;0;NA;189728;0;2020-06-30;53
2020-06-29;"Košický kraj";0;0;0;0;NA;189728;0;2020-06-29;53
2020-06-28;"Košický kraj";0;0;0;0;NA;189728;0;2020-06-28;53
2020-06-27;"Košický kraj";0;0;0;0;NA;189728;0;2020-06-27;53
2020-06-26;"Košický kraj";0;0;0;0;NA;189728;0;2020-06-26;53
2020-06-25;"Košický kraj";3;0;0;0;NA;189728;3;2020-06-25;53
2020-06-24;"Košický kraj";3;0;0;0;NA;189728;3;2020-06-24;50
2020-06-23;"Košický kraj";3;0;0;0;NA;189728;3;2020-06-23;47
2020-06-22;"Košický kraj";0;0;0;0;NA;189728;0;2020-06-22;44
2020-06-21;"Košický kraj";0;0;0;0;NA;189728;0;2020-06-21;44
2020-06-20;"Košický kraj";0;0;0;0;NA;189728;0;2020-06-20;44
2020-06-19;"Košický kraj";0;0;0;0;NA;189728;0;2020-06-19;44
2020-06-18;"Košický kraj";1;0;0;0;NA;189728;1;2020-06-18;44
2020-06-17;"Košický kraj";0;0;0;0;NA;189728;0;2020-06-17;43
2020-06-16;"Košický kraj";2;0;0;0;NA;189728;2;2020-06-16;43
2020-06-14;"Košický kraj";0;0;0;0;NA;189728;0;2020-06-14;41
2020-06-13;"Košický kraj";0;0;0;0;NA;189728;0;2020-06-13;41
2020-06-12;"Košický kraj";0;0;0;0;NA;189728;0;2020-06-12;41
2020-06-11;"Košický kraj";0;0;0;0;NA;189728;0;2020-06-11;41
2020-06-10;"Košický kraj";6;0;0;0;NA;189728;6;2020-06-10;41
2020-06-09;"Košický kraj";0;0;0;0;NA;189728;0;2020-06-09;35
2020-06-08;"Košický kraj";0;0;0;0;NA;189728;0;2020-06-08;35
2020-06-07;"Košický kraj";2;0;0;0;NA;189728;2;2020-06-07;35
2020-06-05;"Košický kraj";0;0;0;0;NA;189728;0;2020-06-05;33
2020-06-03;"Košický kraj";0;0;0;0;NA;189728;0;2020-06-03;33
2020-06-02;"Košický kraj";1;0;0;0;NA;189728;1;2020-06-02;33
2020-05-31;"Košický kraj";0;0;0;0;NA;189728;0;2020-05-31;32
2020-05-29;"Košický kraj";1;0;0;0;NA;189728;1;2020-05-29;32
2020-05-27;"Košický kraj";0;0;0;0;NA;189728;0;2020-05-27;31
2020-05-26;"Košický kraj";1;0;0;0;NA;189728;1;2020-05-26;31
2020-05-25;"Košický kraj";1;0;0;0;NA;189728;1;2020-05-25;30
2020-05-24;"Košický kraj";0;0;0;0;NA;189728;0;2020-05-24;29
2020-05-23;"Košický kraj";0;0;0;0;NA;189728;0;2020-05-23;29
2020-05-22;"Košický kraj";0;0;0;0;NA;189728;0;2020-05-22;29
2020-05-21;"Košický kraj";0;0;0;0;NA;189728;0;2020-05-21;29
2020-05-20;"Košický kraj";3;0;0;0;NA;189728;3;2020-05-20;29
2020-05-19;"Košický kraj";0;0;0;0;NA;189728;0;2020-05-19;26
2020-05-17;"Košický kraj";1;0;0;0;NA;189728;1;2020-05-17;26
2020-05-16;"Košický kraj";1;0;0;0;NA;189728;1;2020-05-16;25
2020-05-15;"Košický kraj";10;0;0;0;NA;189728;10;2020-05-15;24
2020-05-14;"Košický kraj";1;0;0;0;NA;189728;1;2020-05-14;14
2020-05-13;"Košický kraj";6;0;0;0;NA;189728;6;2020-05-13;13
2020-05-12;"Košický kraj";0;0;0;0;NA;189728;0;2020-05-12;7
2020-05-11;"Košický kraj";0;0;0;0;NA;189728;0;2020-05-11;7
2020-05-09;"Košický kraj";0;0;0;0;NA;189728;0;2020-05-09;7
2020-05-07;"Košický kraj";0;0;0;0;NA;189728;0;2020-05-07;7
2020-05-06;"Košický kraj";1;0;0;0;NA;189728;1;2020-05-06;7
2020-05-05;"Košický kraj";0;0;0;0;NA;189728;0;2020-05-05;6
2020-05-04;"Košický kraj";0;0;0;0;NA;189728;0;2020-05-04;6
2020-05-03;"Košický kraj";0;0;0;0;NA;189728;0;2020-05-03;6
2020-05-02;"Košický kraj";1;0;0;0;NA;189728;1;2020-05-02;6
2020-05-01;"Košický kraj";0;0;0;0;NA;189728;0;2020-05-01;5
2020-04-30;"Košický kraj";1;0;0;0;NA;189728;1;2020-04-30;5
2020-04-29;"Košický kraj";1;0;0;0;NA;189728;1;2020-04-29;4
2020-04-28;"Košický kraj";1;0;0;0;NA;189728;1;2020-04-28;3
2020-04-27;"Košický kraj";1;0;0;0;NA;189728;1;2020-04-27;2
2020-04-26;"Košický kraj";0;0;0;0;NA;189728;0;2020-04-26;1
2020-04-25;"Košický kraj";0;0;0;0;NA;189728;0;2020-04-25;1
2020-04-24;"Košický kraj";3;0;0;0;NA;189728;3;2020-04-24;1
2020-04-23;"Košický kraj";4;0;0;0;NA;189728;4;2020-04-23;-2
2020-04-22;"Košický kraj";21;0;0;0;NA;189728;21;2020-04-22;-6
2020-04-21;"Košický kraj";4;0;0;0;NA;189728;4;2020-04-21;-27
2020-04-20;"Košický kraj";0;0;0;0;NA;189728;0;2020-04-20;-31
2020-04-19;"Košický kraj";1;0;0;0;NA;189728;1;2020-04-19;-31
2020-04-18;"Košický kraj";2;0;0;0;NA;189728;2;2020-04-18;-32
2020-04-17;"Košický kraj";7;0;0;0;NA;189728;7;2020-04-17;-34
2020-04-16;"Košický kraj";29;0;0;0;NA;189728;29;2020-04-16;-41
2020-04-15;"Košický kraj";50;0;0;0;NA;189728;50;2020-04-15;-70
2020-04-14;"Košický kraj";4;0;0;0;NA;189728;4;2020-04-14;-120
2020-04-13;"Košický kraj";5;0;0;0;NA;189728;5;2020-04-13;-124
2020-04-12;"Košický kraj";4;0;0;0;NA;189728;4;2020-04-12;-129
2020-04-11;"Košický kraj";2;0;0;0;NA;189728;2;2020-04-11;-133
2020-04-10;"Košický kraj";1;0;0;0;NA;189728;1;2020-04-10;-135
2020-04-09;"Košický kraj";4;0;0;0;NA;189728;4;2020-04-09;-136
2020-04-08;"Košický kraj";5;0;0;0;NA;189728;5;2020-04-08;-140
2020-04-07;"Košický kraj";34;0;0;0;NA;189728;34;2020-04-07;-145
2020-04-06;"Košický kraj";6;0;0;0;NA;189728;6;2020-04-06;-179
2020-04-05;"Košický kraj";4;0;0;0;NA;189728;4;2020-04-05;-185
2020-04-04;"Košický kraj";5;0;0;0;NA;189728;5;2020-04-04;-189
2020-04-03;"Košický kraj";4;0;0;0;NA;189728;4;2020-04-03;-194
2020-04-02;"Košický kraj";3;0;0;0;NA;189728;3;2020-04-02;-198
2020-04-01;"Košický kraj";3;0;0;0;NA;189728;3;2020-04-01;-201
2020-03-31;"Košický kraj";1;0;0;0;NA;189728;1;2020-03-31;-204
2020-03-30;"Košický kraj";5;0;0;0;NA;189728;5;2020-03-30;-205
2020-03-29;"Košický kraj";0;0;0;0;NA;189728;0;2020-03-29;-210
2020-03-28;"Košický kraj";1;0;0;0;NA;189728;1;2020-03-28;-210
2020-03-27;"Košický kraj";1;0;0;0;NA;189728;1;2020-03-27;-211
2020-03-26;"Košický kraj";3;0;0;0;NA;189728;3;2020-03-26;-212
2020-03-25;"Košický kraj";2;0;0;0;NA;189728;2;2020-03-25;-215
2020-03-24;"Košický kraj";0;0;0;0;NA;189728;0;2020-03-24;-217
2020-03-23;"Košický kraj";2;0;0;0;NA;189728;2;2020-03-23;-217
2020-03-22;"Košický kraj";0;0;0;0;NA;189728;0;2020-03-22;-219
2020-03-21;"Košický kraj";3;0;0;0;NA;189728;3;2020-03-21;-219
2020-03-20;"Košický kraj";1;0;0;0;NA;189728;1;2020-03-20;-222
2020-03-19;"Košický kraj";0;0;0;0;NA;189728;0;2020-03-19;-223
2020-03-18;"Košický kraj";0;0;0;0;NA;189728;0;2020-03-18;-223
2020-03-17;"Košický kraj";0;0;0;0;NA;189728;0;2020-03-17;-223
2020-03-16;"Košický kraj";3;0;0;0;NA;189728;3;2020-03-16;-223
2020-03-15;"Košický kraj";1;0;0;0;NA;189728;1;2020-03-15;-226
2020-03-14;"Košický kraj";0;0;0;0;NA;189728;0;2020-03-14;-227
2020-03-13;"Košický kraj";2;0;0;0;NA;189728;2;2020-03-13;-227
2020-03-12;"Košický kraj";0;0;0;0;NA;189728;0;2020-03-12;-229
2020-03-11;"Košický kraj";0;0;0;0;NA;189728;0;2020-03-11;-229
2020-03-09;"Košický kraj";1;0;0;0;NA;189728;1;2020-03-09;-229
2020-03-08;"Košický kraj";0;0;0;0;NA;189728;0;2020-03-08;-230
2020-03-07;"Košický kraj";0;0;0;0;NA;189728;0;2020-03-07;-230
2020-03-06;"Košický kraj";0;0;0;0;NA;189728;0;2020-03-06;-230
2022-01-09;"Nitriansky kraj";100;2687;37;2724;79103;147948;137;2022-01-09;147948
2022-01-08;"Nitriansky kraj";206;1221;42;1263;NA;147948;248;2022-01-08;147811
2022-01-07;"Nitriansky kraj";326;2535;66;2601;NA;147948;392;2022-01-07;147563
2022-01-06;"Nitriansky kraj";125;819;29;848;NA;147948;154;2022-01-06;147171
2022-01-05;"Nitriansky kraj";357;4064;65;4129;NA;147948;422;2022-01-05;147017
2022-01-04;"Nitriansky kraj";453;3382;77;3459;NA;147948;530;2022-01-04;146595
2022-01-03;"Nitriansky kraj";353;7018;96;7114;NA;147948;449;2022-01-03;146065
2022-01-02;"Nitriansky kraj";25;2848;87;2935;NA;147948;112;2022-01-02;145616
2022-01-01;"Nitriansky kraj";71;134;9;143;NA;147948;80;2022-01-01;145504
2021-12-31;"Nitriansky kraj";382;1405;59;1464;NA;147948;441;2021-12-31;145424
2021-12-30;"Nitriansky kraj";325;3263;89;3352;NA;147948;414;2021-12-30;144983
2021-12-29;"Nitriansky kraj";347;2371;61;2432;NA;147948;408;2021-12-29;144569
2021-12-28;"Nitriansky kraj";628;2501;88;2589;NA;147948;716;2021-12-28;144161
2021-12-27;"Nitriansky kraj";402;4227;169;4396;NA;147948;571;2021-12-27;143445
2021-12-26;"Nitriansky kraj";84;1039;53;1092;NA;147948;137;2021-12-26;142874
2021-12-25;"Nitriansky kraj";22;499;31;530;NA;147948;53;2021-12-25;142737
2021-12-24;"Nitriansky kraj";175;448;26;474;NA;147948;201;2021-12-24;142684
2021-12-23;"Nitriansky kraj";472;3407;110;3517;NA;147948;582;2021-12-23;142483
2021-12-22;"Nitriansky kraj";398;3517;95;3612;NA;147948;493;2021-12-22;141901
2021-12-21;"Nitriansky kraj";735;2912;93;3005;NA;147948;828;2021-12-21;141408
2021-12-20;"Nitriansky kraj";407;6695;169;6864;NA;147948;576;2021-12-20;140580
2021-12-19;"Nitriansky kraj";198;3587;98;3685;NA;147948;296;2021-12-19;140004
2021-12-18;"Nitriansky kraj";361;1456;96;1552;NA;147948;457;2021-12-18;139708
2021-12-17;"Nitriansky kraj";409;4934;153;5087;NA;147948;562;2021-12-17;139251
2021-12-16;"Nitriansky kraj";429;4215;144;4359;NA;147948;573;2021-12-16;138689
2021-12-15;"Nitriansky kraj";639;5682;143;5825;NA;147948;782;2021-12-15;138116
2021-12-14;"Nitriansky kraj";907;4720;200;4920;NA;147948;1107;2021-12-14;137334
2021-12-13;"Nitriansky kraj";524;7365;291;7656;NA;147948;815;2021-12-13;136227
2021-12-12;"Nitriansky kraj";289;3893;174;4067;NA;147948;463;2021-12-12;135412
2021-12-11;"Nitriansky kraj";458;1754;121;1875;NA;147948;579;2021-12-11;134949
2021-12-10;"Nitriansky kraj";591;4868;177;5045;NA;147948;768;2021-12-10;134370
2021-12-09;"Nitriansky kraj";741;3399;202;3601;NA;147948;943;2021-12-09;133602
2021-12-08;"Nitriansky kraj";954;5136;200;5336;NA;147948;1154;2021-12-08;132659
2021-12-07;"Nitriansky kraj";900;4045;197;4242;NA;147948;1097;2021-12-07;131505
2021-12-06;"Nitriansky kraj";699;8194;339;8533;NA;147948;1038;2021-12-06;130408
2021-12-05;"Nitriansky kraj";337;4151;188;4339;NA;147948;525;2021-12-05;129370
2021-12-04;"Nitriansky kraj";758;2045;180;2225;NA;147948;938;2021-12-04;128845
2021-12-03;"Nitriansky kraj";920;5783;237;6020;NA;147948;1157;2021-12-03;127907
2021-12-02;"Nitriansky kraj";1388;3896;267;4163;NA;147948;1655;2021-12-02;126750
2021-12-01;"Nitriansky kraj";982;4077;261;4338;NA;147948;1243;2021-12-01;125095
2021-11-30;"Nitriansky kraj";751;5575;241;5816;NA;147948;992;2021-11-30;123852
2021-11-29;"Nitriansky kraj";665;10150;499;10649;NA;147948;1164;2021-11-29;122860
2021-11-28;"Nitriansky kraj";357;6214;300;6514;NA;147948;657;2021-11-28;121696
2021-11-27;"Nitriansky kraj";560;2879;281;3160;NA;147948;841;2021-11-27;121039
2021-11-26;"Nitriansky kraj";824;5529;290;5819;NA;147948;1114;2021-11-26;120198
2021-11-25;"Nitriansky kraj";847;4151;342;4493;NA;147948;1189;2021-11-25;119084
2021-11-24;"Nitriansky kraj";875;4419;325;4744;NA;147948;1200;2021-11-24;117895
2021-11-23;"Nitriansky kraj";1103;5148;353;5501;NA;147948;1456;2021-11-23;116695
2021-11-22;"Nitriansky kraj";545;7101;465;7566;NA;147948;1010;2021-11-22;115239
2021-11-21;"Nitriansky kraj";345;3410;314;3724;NA;147948;659;2021-11-21;114229
2021-11-20;"Nitriansky kraj";579;1865;252;2117;NA;147948;831;2021-11-20;113570
2021-11-19;"Nitriansky kraj";571;4255;349;4604;NA;147948;920;2021-11-19;112739
2021-11-18;"Nitriansky kraj";677;4881;420;5301;NA;147948;1097;2021-11-18;111819
2021-11-17;"Nitriansky kraj";479;1622;207;1829;NA;147948;686;2021-11-17;110722
2021-11-16;"Nitriansky kraj";668;3879;266;4145;NA;147948;934;2021-11-16;110036
2021-11-15;"Nitriansky kraj";556;6012;440;6452;NA;147948;996;2021-11-15;109102
2021-11-14;"Nitriansky kraj";229;2796;259;3055;NA;147948;488;2021-11-14;108106
2021-11-13;"Nitriansky kraj";387;1473;201;1674;NA;147948;588;2021-11-13;107618
2021-11-12;"Nitriansky kraj";552;3096;270;3366;NA;147948;822;2021-11-12;107030
2021-11-11;"Nitriansky kraj";539;3541;238;3779;NA;147948;777;2021-11-11;106208
2021-11-10;"Nitriansky kraj";411;3494;234;3728;NA;147948;645;2021-11-10;105431
2021-11-09;"Nitriansky kraj";413;3313;210;3523;NA;147948;623;2021-11-09;104786
2021-11-08;"Nitriansky kraj";464;4936;331;5267;NA;147948;795;2021-11-08;104163
2021-11-07;"Nitriansky kraj";209;2074;161;2235;NA;147948;370;2021-11-07;103368
2021-11-06;"Nitriansky kraj";236;1407;114;1521;NA;147948;350;2021-11-06;102998
2021-11-05;"Nitriansky kraj";407;2583;185;2768;NA;147948;592;2021-11-05;102648
2021-11-04;"Nitriansky kraj";437;3083;168;3251;NA;147948;605;2021-11-04;102056
2021-11-03;"Nitriansky kraj";525;2891;157;3048;NA;147948;682;2021-11-03;101451
2021-11-02;"Nitriansky kraj";320;4279;239;4518;NA;147948;559;2021-11-02;100769
2021-11-01;"Nitriansky kraj";136;712;61;773;NA;147948;197;2021-11-01;100210
2021-10-31;"Nitriansky kraj";109;1234;114;1348;NA;147948;223;2021-10-31;100013
2021-10-30;"Nitriansky kraj";202;1218;82;1300;NA;147948;284;2021-10-30;99790
2021-10-29;"Nitriansky kraj";347;2481;120;2601;NA;147948;467;2021-10-29;99506
2021-10-28;"Nitriansky kraj";281;2603;95;2698;NA;147948;376;2021-10-28;99039
2021-10-27;"Nitriansky kraj";340;2923;112;3035;NA;147948;452;2021-10-27;98663
2021-10-26;"Nitriansky kraj";297;2926;117;3043;NA;147948;414;2021-10-26;98211
2021-10-25;"Nitriansky kraj";171;3599;124;3723;NA;147948;295;2021-10-25;97797
2021-10-24;"Nitriansky kraj";58;1914;74;1988;NA;147948;132;2021-10-24;97502
2021-10-23;"Nitriansky kraj";173;1815;77;1892;NA;147948;250;2021-10-23;97370
2021-10-22;"Nitriansky kraj";202;2216;68;2284;NA;147948;270;2021-10-22;97120
2021-10-21;"Nitriansky kraj";214;2793;65;2858;NA;147948;279;2021-10-21;96850
2021-10-20;"Nitriansky kraj";218;2328;74;2402;NA;147948;292;2021-10-20;96571
2021-10-19;"Nitriansky kraj";250;2929;65;2994;NA;147948;315;2021-10-19;96279
2021-10-18;"Nitriansky kraj";81;3259;90;3349;NA;147948;171;2021-10-18;95964
2021-10-17;"Nitriansky kraj";36;3010;92;3102;NA;147948;128;2021-10-17;95793
2021-10-16;"Nitriansky kraj";37;1477;38;1515;NA;147948;75;2021-10-16;95665
2021-10-15;"Nitriansky kraj";145;2653;34;2687;NA;147948;179;2021-10-15;95590
2021-10-14;"Nitriansky kraj";95;2389;30;2419;NA;147948;125;2021-10-14;95411
2021-10-13;"Nitriansky kraj";91;2248;36;2284;NA;147948;127;2021-10-13;95286
2021-10-12;"Nitriansky kraj";119;2905;34;2939;NA;147948;153;2021-10-12;95159
2021-10-11;"Nitriansky kraj";91;2703;42;2745;NA;147948;133;2021-10-11;95006
2021-10-10;"Nitriansky kraj";33;1527;22;1549;NA;147948;55;2021-10-10;94873
2021-10-09;"Nitriansky kraj";17;1395;17;1412;NA;147948;34;2021-10-09;94818
2021-10-08;"Nitriansky kraj";61;3004;37;3041;NA;147948;98;2021-10-08;94784
2021-10-07;"Nitriansky kraj";59;2829;30;2859;NA;147948;89;2021-10-07;94686
2021-10-06;"Nitriansky kraj";66;2657;28;2685;NA;147948;94;2021-10-06;94597
2021-10-05;"Nitriansky kraj";97;2536;32;2568;NA;147948;129;2021-10-05;94503
2021-10-04;"Nitriansky kraj";56;3263;49;3312;NA;147948;105;2021-10-04;94374
2021-10-03;"Nitriansky kraj";10;1591;24;1615;NA;147948;34;2021-10-03;94269
2021-10-02;"Nitriansky kraj";46;1567;20;1587;NA;147948;66;2021-10-02;94235
2021-10-01;"Nitriansky kraj";26;2830;34;2864;NA;147948;60;2021-10-01;94169
2021-09-30;"Nitriansky kraj";66;2468;15;2483;NA;147948;81;2021-09-30;94109
2021-09-29;"Nitriansky kraj";92;2266;16;2282;NA;147948;108;2021-09-29;94028
2021-09-28;"Nitriansky kraj";86;2893;27;2920;NA;147948;113;2021-09-28;93920
2021-09-27;"Nitriansky kraj";50;3633;41;3674;NA;147948;91;2021-09-27;93807
2021-09-26;"Nitriansky kraj";12;1635;20;1655;NA;147948;32;2021-09-26;93716
2021-09-25;"Nitriansky kraj";43;1456;20;1476;NA;147948;63;2021-09-25;93684
2021-09-24;"Nitriansky kraj";35;2783;15;2798;NA;147948;50;2021-09-24;93621
2021-09-23;"Nitriansky kraj";69;2503;20;2523;NA;147948;89;2021-09-23;93571
2021-09-22;"Nitriansky kraj";68;2380;17;2397;NA;147948;85;2021-09-22;93482
2021-09-21;"Nitriansky kraj";70;2684;30;2714;NA;147948;100;2021-09-21;93397
2021-09-20;"Nitriansky kraj";41;2497;21;2518;NA;147948;62;2021-09-20;93297
2021-09-19;"Nitriansky kraj";16;1553;20;1573;NA;147948;36;2021-09-19;93235
2021-09-18;"Nitriansky kraj";42;1421;19;1440;NA;147948;61;2021-09-18;93199
2021-09-17;"Nitriansky kraj";54;2757;30;2787;NA;147948;84;2021-09-17;93138
2021-09-16;"Nitriansky kraj";55;2499;44;2543;NA;147948;99;2021-09-16;93054
2021-09-15;"Nitriansky kraj";34;538;12;550;NA;147948;46;2021-09-15;92955
2021-09-14;"Nitriansky kraj";52;1821;20;1841;NA;147948;72;2021-09-14;92909
2021-09-13;"Nitriansky kraj";27;2373;27;2400;NA;147948;54;2021-09-13;92837
2021-09-12;"Nitriansky kraj";4;1182;17;1199;NA;147948;21;2021-09-12;92783
2021-09-11;"Nitriansky kraj";36;1181;8;1189;NA;147948;44;2021-09-11;92762
2021-09-10;"Nitriansky kraj";25;2133;12;2145;NA;147948;37;2021-09-10;92718
2021-09-09;"Nitriansky kraj";15;1611;20;1631;NA;147948;35;2021-09-09;92681
2021-09-08;"Nitriansky kraj";30;1463;22;1485;NA;147948;52;2021-09-08;92646
2021-09-07;"Nitriansky kraj";35;1460;9;1469;NA;147948;44;2021-09-07;92594
2021-09-06;"Nitriansky kraj";19;1668;27;1695;NA;147948;46;2021-09-06;92550
2021-09-05;"Nitriansky kraj";10;1007;8;1015;NA;147948;18;2021-09-05;92504
2021-09-04;"Nitriansky kraj";18;1119;10;1129;NA;147948;28;2021-09-04;92486
2021-09-03;"Nitriansky kraj";20;1743;17;1760;NA;147948;37;2021-09-03;92458
2021-09-02;"Nitriansky kraj";16;1389;14;1403;NA;147948;30;2021-09-02;92421
2021-09-01;"Nitriansky kraj";9;322;2;324;NA;147948;11;2021-09-01;92391
2021-08-31;"Nitriansky kraj";10;1360;6;1366;NA;147948;16;2021-08-31;92380
2021-08-30;"Nitriansky kraj";8;1381;10;1391;NA;147948;18;2021-08-30;92364
2021-08-29;"Nitriansky kraj";2;450;1;451;NA;147948;3;2021-08-29;92346
2021-08-28;"Nitriansky kraj";5;1071;3;1074;NA;147948;8;2021-08-28;92343
2021-08-27;"Nitriansky kraj";7;1804;4;1808;NA;147948;11;2021-08-27;92335
2021-08-26;"Nitriansky kraj";2;1255;6;1261;NA;147948;8;2021-08-26;92324
2021-08-25;"Nitriansky kraj";15;1087;3;1090;NA;147948;18;2021-08-25;92316
2021-08-24;"Nitriansky kraj";6;990;2;992;NA;147948;8;2021-08-24;92298
2021-08-23;"Nitriansky kraj";13;1271;4;1275;NA;147948;17;2021-08-23;92290
2021-08-22;"Nitriansky kraj";0;1167;3;1170;NA;147948;3;2021-08-22;92273
2021-08-21;"Nitriansky kraj";1;853;2;855;NA;147948;3;2021-08-21;92270
2021-08-20;"Nitriansky kraj";8;1580;5;1585;NA;147948;13;2021-08-20;92267
2021-08-19;"Nitriansky kraj";11;1167;4;1171;NA;147948;15;2021-08-19;92254
2021-08-18;"Nitriansky kraj";8;1180;7;1187;NA;147948;15;2021-08-18;92239
2021-08-17;"Nitriansky kraj";4;1035;3;1038;NA;147948;7;2021-08-17;92224
2021-08-16;"Nitriansky kraj";7;1129;4;1133;NA;147948;11;2021-08-16;92217
2021-08-15;"Nitriansky kraj";2;662;1;663;NA;147948;3;2021-08-15;92206
2021-08-14;"Nitriansky kraj";1;878;5;883;NA;147948;6;2021-08-14;92203
2021-08-13;"Nitriansky kraj";0;957;1;958;NA;147948;1;2021-08-13;92197
2021-08-12;"Nitriansky kraj";5;765;0;765;NA;147948;5;2021-08-12;92196
2021-08-11;"Nitriansky kraj";3;527;1;528;NA;147948;4;2021-08-11;92191
2021-08-10;"Nitriansky kraj";3;570;1;571;NA;147948;4;2021-08-10;92187
2021-08-09;"Nitriansky kraj";3;992;1;993;NA;147948;4;2021-08-09;92183
2021-08-08;"Nitriansky kraj";0;668;1;669;NA;147948;1;2021-08-08;92179
2021-08-07;"Nitriansky kraj";0;557;1;558;NA;147948;1;2021-08-07;92178
2021-08-06;"Nitriansky kraj";5;799;0;799;NA;147948;5;2021-08-06;92177
2021-08-05;"Nitriansky kraj";6;612;0;612;NA;147948;6;2021-08-05;92172
2021-08-04;"Nitriansky kraj";1;497;2;499;NA;147948;3;2021-08-04;92166
2021-08-03;"Nitriansky kraj";5;1455;0;1455;NA;147948;5;2021-08-03;92163
2021-08-02;"Nitriansky kraj";1;683;4;687;NA;147948;5;2021-08-02;92158
2021-08-01;"Nitriansky kraj";1;606;0;606;NA;147948;1;2021-08-01;92153
2021-07-31;"Nitriansky kraj";1;514;1;515;NA;147948;2;2021-07-31;92152
2021-07-30;"Nitriansky kraj";2;827;0;827;NA;147948;2;2021-07-30;92150
2021-07-29;"Nitriansky kraj";3;720;2;722;NA;147948;5;2021-07-29;92148
2021-07-28;"Nitriansky kraj";4;598;0;598;NA;147948;4;2021-07-28;92143
2021-07-27;"Nitriansky kraj";12;602;1;603;NA;147948;13;2021-07-27;92139
2021-07-26;"Nitriansky kraj";7;970;1;971;NA;147948;8;2021-07-26;92126
2021-07-25;"Nitriansky kraj";1;654;1;655;NA;147948;2;2021-07-25;92118
2021-07-24;"Nitriansky kraj";0;620;0;620;NA;147948;0;2021-07-24;92116
2021-07-23;"Nitriansky kraj";3;851;1;852;NA;147948;4;2021-07-23;92116
2021-07-22;"Nitriansky kraj";5;689;0;689;NA;147948;5;2021-07-22;92112
2021-07-21;"Nitriansky kraj";6;650;2;652;NA;147948;8;2021-07-21;92107
2021-07-20;"Nitriansky kraj";1;527;1;528;NA;147948;2;2021-07-20;92099
2021-07-19;"Nitriansky kraj";2;965;0;965;NA;147948;2;2021-07-19;92097
2021-07-18;"Nitriansky kraj";1;747;0;747;NA;147948;1;2021-07-18;92095
2021-07-17;"Nitriansky kraj";5;612;0;612;NA;147948;5;2021-07-17;92094
2021-07-16;"Nitriansky kraj";2;876;0;876;NA;147948;2;2021-07-16;92089
2021-07-15;"Nitriansky kraj";11;708;0;708;NA;147948;11;2021-07-15;92087
2021-07-14;"Nitriansky kraj";4;646;0;646;NA;147948;4;2021-07-14;92076
2021-07-13;"Nitriansky kraj";2;697;2;699;NA;147948;4;2021-07-13;92072
2021-07-12;"Nitriansky kraj";1;819;0;819;NA;147948;1;2021-07-12;92068
2021-07-11;"Nitriansky kraj";1;961;0;961;NA;147948;1;2021-07-11;92067
2021-07-10;"Nitriansky kraj";1;630;0;630;NA;147948;1;2021-07-10;92066
2021-07-09;"Nitriansky kraj";3;1000;0;1000;NA;147948;3;2021-07-09;92065
2021-07-08;"Nitriansky kraj";0;683;0;683;NA;147948;0;2021-07-08;92062
2021-07-07;"Nitriansky kraj";2;935;2;937;NA;147948;4;2021-07-07;92062
2021-07-06;"Nitriansky kraj";1;1269;1;1270;NA;147948;2;2021-07-06;92058
2021-07-05;"Nitriansky kraj";1;507;0;507;NA;147948;1;2021-07-05;92056
2021-07-04;"Nitriansky kraj";0;821;1;822;NA;147948;1;2021-07-04;92055
2021-07-03;"Nitriansky kraj";0;611;0;611;NA;147948;0;2021-07-03;92054
2021-07-02;"Nitriansky kraj";0;1259;0;1259;NA;147948;0;2021-07-02;92054
2021-07-01;"Nitriansky kraj";0;339;1;340;NA;147948;1;2021-07-01;92054
2021-06-30;"Nitriansky kraj";1;6777;2;6779;NA;147948;3;2021-06-30;92053
2021-06-29;"Nitriansky kraj";1;3536;0;3536;NA;147948;1;2021-06-29;92050
2021-06-28;"Nitriansky kraj";3;4393;0;4393;NA;147948;3;2021-06-28;92049
2021-06-27;"Nitriansky kraj";0;3263;0;3263;NA;147948;0;2021-06-27;92046
2021-06-26;"Nitriansky kraj";1;4979;3;4982;NA;147948;4;2021-06-26;92046
2021-06-25;"Nitriansky kraj";8;5182;1;5183;NA;147948;9;2021-06-25;92042
2021-06-24;"Nitriansky kraj";1;3354;0;3354;NA;147948;1;2021-06-24;92033
2021-06-23;"Nitriansky kraj";1;3033;0;3033;NA;147948;1;2021-06-23;92032
2021-06-22;"Nitriansky kraj";1;3240;3;3243;NA;147948;4;2021-06-22;92031
2021-06-21;"Nitriansky kraj";8;5362;8;5370;NA;147948;16;2021-06-21;92027
2021-06-20;"Nitriansky kraj";0;4437;6;4443;NA;147948;6;2021-06-20;92011
2021-06-19;"Nitriansky kraj";0;5983;4;5987;NA;147948;4;2021-06-19;92005
2021-06-18;"Nitriansky kraj";4;6453;3;6456;NA;147948;7;2021-06-18;92001
2021-06-17;"Nitriansky kraj";5;4152;1;4153;NA;147948;6;2021-06-17;91994
2021-06-16;"Nitriansky kraj";4;3694;3;3697;NA;147948;7;2021-06-16;91988
2021-06-15;"Nitriansky kraj";1;3995;0;3995;NA;147948;1;2021-06-15;91981
2021-06-14;"Nitriansky kraj";0;5875;3;5878;NA;147948;3;2021-06-14;91980
2021-06-13;"Nitriansky kraj";0;6073;3;6076;NA;147948;3;2021-06-13;91977
2021-06-12;"Nitriansky kraj";1;8293;1;8294;NA;147948;2;2021-06-12;91974
2021-06-11;"Nitriansky kraj";3;6891;4;6895;NA;147948;7;2021-06-11;91972
2021-06-10;"Nitriansky kraj";7;4539;1;4540;NA;147948;8;2021-06-10;91965
2021-06-09;"Nitriansky kraj";2;4706;2;4708;NA;147948;4;2021-06-09;91957
2021-06-08;"Nitriansky kraj";8;4239;3;4242;NA;147948;11;2021-06-08;91953
2021-06-07;"Nitriansky kraj";6;5841;8;5849;NA;147948;14;2021-06-07;91942
2021-06-06;"Nitriansky kraj";0;6981;4;6985;NA;147948;4;2021-06-06;91928
2021-06-05;"Nitriansky kraj";6;9089;9;9098;NA;147948;15;2021-06-05;91924
2021-06-04;"Nitriansky kraj";9;7639;5;7644;NA;147948;14;2021-06-04;91909
2021-06-03;"Nitriansky kraj";2;5064;6;5070;NA;147948;8;2021-06-03;91895
2021-06-02;"Nitriansky kraj";11;5119;11;5130;NA;147948;22;2021-06-02;91887
2021-06-01;"Nitriansky kraj";3;4847;2;4849;NA;147948;5;2021-06-01;91865
2021-05-31;"Nitriansky kraj";8;8933;8;8941;NA;147948;16;2021-05-31;91860
2021-05-30;"Nitriansky kraj";1;9067;8;9075;NA;147948;9;2021-05-30;91844
2021-05-29;"Nitriansky kraj";2;13610;7;13617;NA;147948;9;2021-05-29;91835
2021-05-28;"Nitriansky kraj";10;8872;6;8878;NA;147948;16;2021-05-28;91826
2021-05-27;"Nitriansky kraj";4;6164;5;6169;NA;147948;9;2021-05-27;91810
2021-05-26;"Nitriansky kraj";11;8509;10;8519;NA;147948;21;2021-05-26;91801
2021-05-25;"Nitriansky kraj";15;7350;8;7358;NA;147948;23;2021-05-25;91780
2021-05-24;"Nitriansky kraj";14;9816;17;9833;NA;147948;31;2021-05-24;91757
2021-05-23;"Nitriansky kraj";1;9456;13;9469;NA;147948;14;2021-05-23;91726
2021-05-22;"Nitriansky kraj";7;16939;11;16950;NA;147948;18;2021-05-22;91712
2021-05-21;"Nitriansky kraj";18;10632;15;10647;NA;147948;33;2021-05-21;91694
2021-05-20;"Nitriansky kraj";8;7185;7;7192;NA;147948;15;2021-05-20;91661
2021-05-19;"Nitriansky kraj";20;6787;14;6801;NA;147948;34;2021-05-19;91646
2021-05-18;"Nitriansky kraj";23;7797;18;7815;NA;147948;41;2021-05-18;91612
2021-05-17;"Nitriansky kraj";22;9774;20;9794;NA;147948;42;2021-05-17;91571
2021-05-16;"Nitriansky kraj";4;13830;15;13845;NA;147948;19;2021-05-16;91529
2021-05-15;"Nitriansky kraj";5;25389;23;25412;NA;147948;28;2021-05-15;91510
2021-05-14;"Nitriansky kraj";18;13385;23;13408;NA;147948;41;2021-05-14;91482
2021-05-13;"Nitriansky kraj";24;8289;19;8308;NA;147948;43;2021-05-13;91441
2021-05-12;"Nitriansky kraj";10;7682;26;7708;NA;147948;36;2021-05-12;91398
2021-05-11;"Nitriansky kraj";36;8169;13;8182;NA;147948;49;2021-05-11;91362
2021-05-10;"Nitriansky kraj";16;13800;42;13842;NA;147948;58;2021-05-10;91313
2021-05-09;"Nitriansky kraj";8;21879;35;21914;NA;147948;43;2021-05-09;91255
2021-05-08;"Nitriansky kraj";0;24318;29;24347;NA;147948;29;2021-05-08;91212
2021-05-07;"Nitriansky kraj";32;14915;20;14935;NA;147948;52;2021-05-07;91183
2021-05-06;"Nitriansky kraj";30;9463;20;9483;NA;147948;50;2021-05-06;91131
2021-05-05;"Nitriansky kraj";19;8527;23;8550;NA;147948;42;2021-05-05;91081
2021-05-04;"Nitriansky kraj";46;9385;27;9412;NA;147948;73;2021-05-04;91039
2021-05-03;"Nitriansky kraj";32;14490;44;14534;NA;147948;76;2021-05-03;90966
2021-05-02;"Nitriansky kraj";4;31751;46;31797;NA;147948;50;2021-05-02;90890
2021-05-01;"Nitriansky kraj";23;60451;43;60494;NA;147948;66;2021-05-01;90840
2021-04-30;"Nitriansky kraj";28;31803;53;31856;NA;147948;81;2021-04-30;90774
2021-04-29;"Nitriansky kraj";27;14265;34;14299;NA;147948;61;2021-04-29;90693
2021-04-28;"Nitriansky kraj";36;14716;45;14761;NA;147948;81;2021-04-28;90632
2021-04-27;"Nitriansky kraj";51;13154;35;13189;NA;147948;86;2021-04-27;90551
2021-04-26;"Nitriansky kraj";38;21029;44;21073;NA;147948;82;2021-04-26;90465
2021-04-25;"Nitriansky kraj";7;44312;46;44358;NA;147948;53;2021-04-25;90383
2021-04-24;"Nitriansky kraj";23;93455;72;93527;NA;147948;95;2021-04-24;90330
2021-04-23;"Nitriansky kraj";54;35145;51;35196;NA;147948;105;2021-04-23;90235
2021-04-22;"Nitriansky kraj";32;15435;44;15479;NA;147948;76;2021-04-22;90130
2021-04-21;"Nitriansky kraj";38;14228;45;14273;NA;147948;83;2021-04-21;90054
2021-04-20;"Nitriansky kraj";67;16058;51;16109;NA;147948;118;2021-04-20;89971
2021-04-19;"Nitriansky kraj";35;24819;59;24878;NA;147948;94;2021-04-19;89853
2021-04-18;"Nitriansky kraj";0;39569;27;39596;NA;147948;27;2021-04-18;89759
2021-04-17;"Nitriansky kraj";34;92102;82;92184;NA;147948;116;2021-04-17;89732
2021-04-16;"Nitriansky kraj";46;32348;37;32385;NA;147948;83;2021-04-16;89616
2021-04-15;"Nitriansky kraj";75;16215;52;16267;NA;147948;127;2021-04-15;89533
2021-04-14;"Nitriansky kraj";43;15303;42;15345;NA;147948;85;2021-04-14;89406
2021-04-13;"Nitriansky kraj";110;15104;44;15148;NA;147948;154;2021-04-13;89321
2021-04-12;"Nitriansky kraj";29;22817;50;22867;NA;147948;79;2021-04-12;89167
2021-04-11;"Nitriansky kraj";1;37537;31;37568;NA;147948;32;2021-04-11;89088
2021-04-10;"Nitriansky kraj";35;95851;115;95966;NA;147948;150;2021-04-10;89056
2021-04-09;"Nitriansky kraj";69;30669;58;30727;NA;147948;127;2021-04-09;88906
2021-04-08;"Nitriansky kraj";71;15361;36;15397;NA;147948;107;2021-04-08;88779
2021-04-07;"Nitriansky kraj";64;18541;47;18588;NA;147948;111;2021-04-07;88672
2021-04-06;"Nitriansky kraj";65;33218;112;33330;NA;147948;177;2021-04-06;88561
2021-04-05;"Nitriansky kraj";37;12673;48;12721;NA;147948;85;2021-04-05;88384
2021-04-04;"Nitriansky kraj";5;17887;35;17922;NA;147948;40;2021-04-04;88299
2021-04-03;"Nitriansky kraj";26;85465;153;85618;NA;147948;179;2021-04-03;88259
2021-04-02;"Nitriansky kraj";32;18743;46;18789;NA;147948;78;2021-04-02;88080
2021-04-01;"Nitriansky kraj";63;24610;83;24693;NA;147948;146;2021-04-01;88002
2021-03-31;"Nitriansky kraj";73;21752;94;21846;NA;147948;167;2021-03-31;87856
2021-03-30;"Nitriansky kraj";125;17122;83;17205;NA;147948;208;2021-03-30;87689
2021-03-29;"Nitriansky kraj";81;25139;100;25239;NA;147948;181;2021-03-29;87481
2021-03-28;"Nitriansky kraj";6;45581;106;45687;NA;147948;112;2021-03-28;87300
2021-03-27;"Nitriansky kraj";39;104104;174;104278;NA;147948;213;2021-03-27;87188
2021-03-26;"Nitriansky kraj";90;40444;115;40559;NA;147948;205;2021-03-26;86975
2021-03-25;"Nitriansky kraj";95;19219;94;19313;NA;147948;189;2021-03-25;86770
2021-03-24;"Nitriansky kraj";90;14787;91;14878;NA;147948;181;2021-03-24;86581
2021-03-23;"Nitriansky kraj";167;16753;66;16819;NA;147948;233;2021-03-23;86400
2021-03-22;"Nitriansky kraj";101;24886;125;25011;NA;147948;226;2021-03-22;86167
2021-03-21;"Nitriansky kraj";27;42773;99;42872;NA;147948;126;2021-03-21;85941
2021-03-20;"Nitriansky kraj";36;100640;207;100847;NA;147948;243;2021-03-20;85815
2021-03-19;"Nitriansky kraj";76;37312;102;37414;NA;147948;178;2021-03-19;85572
2021-03-18;"Nitriansky kraj";103;20051;113;20164;NA;147948;216;2021-03-18;85394
2021-03-17;"Nitriansky kraj";87;15839;127;15966;NA;147948;214;2021-03-17;85178
2021-03-16;"Nitriansky kraj";172;18085;121;18206;NA;147948;293;2021-03-16;84964
2021-03-15;"Nitriansky kraj";130;24481;165;24646;NA;147948;295;2021-03-15;84671
2021-03-14;"Nitriansky kraj";3;45770;107;45877;NA;147948;110;2021-03-14;84376
2021-03-13;"Nitriansky kraj";65;112573;242;112815;NA;147948;307;2021-03-13;84266
2021-03-12;"Nitriansky kraj";127;40777;159;40936;NA;147948;286;2021-03-12;83959
2021-03-11;"Nitriansky kraj";131;18686;130;18816;NA;147948;261;2021-03-11;83673
2021-03-10;"Nitriansky kraj";96;17422;143;17565;NA;147948;239;2021-03-10;83412
2021-03-09;"Nitriansky kraj";260;17635;149;17784;NA;147948;409;2021-03-09;83173
2021-03-08;"Nitriansky kraj";145;27214;172;27386;NA;147948;317;2021-03-08;82764
2021-03-07;"Nitriansky kraj";48;46867;185;47052;NA;147948;233;2021-03-07;82447
2021-03-06;"Nitriansky kraj";86;112027;327;112354;NA;147948;413;2021-03-06;82214
2021-03-05;"Nitriansky kraj";133;39068;200;39268;NA;147948;333;2021-03-05;81801
2021-03-04;"Nitriansky kraj";176;18340;173;18513;NA;147948;349;2021-03-04;81468
2021-03-03;"Nitriansky kraj";172;17210;177;17387;NA;147948;349;2021-03-03;81119
2021-03-02;"Nitriansky kraj";274;21003;366;21369;NA;147948;640;2021-03-02;80770
2021-03-01;"Nitriansky kraj";133;27881;279;28160;NA;147948;412;2021-03-01;80130
2021-02-28;"Nitriansky kraj";80;40866;218;41084;NA;147948;298;2021-02-28;79718
2021-02-27;"Nitriansky kraj";101;106352;496;106848;NA;147948;597;2021-02-27;79420
2021-02-26;"Nitriansky kraj";109;36788;308;37096;NA;147948;417;2021-02-26;78823
2021-02-25;"Nitriansky kraj";188;15243;212;15455;NA;147948;400;2021-02-25;78406
2021-02-24;"Nitriansky kraj";125;13833;260;14093;NA;147948;385;2021-02-24;78006
2021-02-23;"Nitriansky kraj";273;15402;273;15675;NA;147948;546;2021-02-23;77621
2021-02-22;"Nitriansky kraj";154;26478;330;26808;NA;147948;484;2021-02-22;77075
2021-02-21;"Nitriansky kraj";22;43664;320;43984;NA;147948;342;2021-02-21;76591
2021-02-20;"Nitriansky kraj";128;109038;586;109624;NA;147948;714;2021-02-20;76249
2021-02-19;"Nitriansky kraj";173;36849;328;37177;NA;147948;501;2021-02-19;75535
2021-02-18;"Nitriansky kraj";202;17045;275;17320;NA;147948;477;2021-02-18;75034
2021-02-17;"Nitriansky kraj";198;12080;310;12390;NA;147948;508;2021-02-17;74557
2021-02-16;"Nitriansky kraj";284;16066;288;16354;NA;147948;572;2021-02-16;74049
2021-02-15;"Nitriansky kraj";122;28636;474;29110;NA;147948;596;2021-02-15;73477
2021-02-14;"Nitriansky kraj";8;49392;315;49707;NA;147948;323;2021-02-14;72881
2021-02-13;"Nitriansky kraj";127;110294;690;110984;NA;147948;817;2021-02-13;72558
2021-02-12;"Nitriansky kraj";162;33405;407;33812;NA;147948;569;2021-02-12;71741
2021-02-11;"Nitriansky kraj";195;12406;270;12676;NA;147948;465;2021-02-11;71172
2021-02-10;"Nitriansky kraj";186;17770;644;18414;NA;147948;830;2021-02-10;70707
2021-02-09;"Nitriansky kraj";260;18530;385;18915;NA;147948;645;2021-02-09;69877
2021-02-08;"Nitriansky kraj";177;37530;569;38099;NA;147948;746;2021-02-08;69232
2021-02-07;"Nitriansky kraj";20;52307;513;52820;NA;147948;533;2021-02-07;68486
2021-02-06;"Nitriansky kraj";129;101439;764;102203;NA;147948;893;2021-02-06;67953
2021-02-05;"Nitriansky kraj";244;26137;491;26628;NA;147948;735;2021-02-05;67060
2021-02-04;"Nitriansky kraj";308;15681;512;16193;NA;147948;820;2021-02-04;66325
2021-02-03;"Nitriansky kraj";191;13459;382;13841;NA;147948;573;2021-02-03;65505
2021-02-02;"Nitriansky kraj";327;17880;382;18262;NA;147948;709;2021-02-02;64932
2021-02-01;"Nitriansky kraj";221;24002;460;24462;NA;147948;681;2021-02-01;64223
2021-01-31;"Nitriansky kraj";9;46215;507;46722;NA;147948;516;2021-01-31;63542
2021-01-30;"Nitriansky kraj";152;99241;1090;100331;NA;147948;1242;2021-01-30;63026
2021-01-29;"Nitriansky kraj";302;22461;477;22938;NA;147948;779;2021-01-29;61784
2021-01-28;"Nitriansky kraj";269;11370;398;11768;NA;147948;667;2021-01-28;61005
2021-01-27;"Nitriansky kraj";235;6758;299;7057;NA;147948;534;2021-01-27;60338
2021-01-26;"Nitriansky kraj";345;16015;454;16469;NA;147948;799;2021-01-26;59804
2021-01-25;"Nitriansky kraj";201;21909;434;22343;NA;147948;635;2021-01-25;59005
2021-01-24;"Nitriansky kraj";12;79041;897;79938;NA;147948;909;2021-01-24;58370
2021-01-23;"Nitriansky kraj";277;97845;1446;99291;NA;147948;1723;2021-01-23;57461
2021-01-22;"Nitriansky kraj";139;35924;619;36543;NA;147948;758;2021-01-22;55738
2021-01-21;"Nitriansky kraj";305;14649;412;15061;NA;147948;717;2021-01-21;54980
2021-01-20;"Nitriansky kraj";326;11991;625;12616;NA;147948;951;2021-01-20;54263
2021-01-19;"Nitriansky kraj";344;11015;633;11648;NA;147948;977;2021-01-19;53312
2021-01-18;"Nitriansky kraj";367;8901;519;9420;NA;147948;886;2021-01-18;52335
2021-01-17;"Nitriansky kraj";97;15061;275;15336;NA;147948;372;2021-01-17;51449
2021-01-16;"Nitriansky kraj";64;36838;679;37517;NA;147948;743;2021-01-16;51077
2021-01-15;"Nitriansky kraj";373;15940;474;16414;NA;147948;847;2021-01-15;50334
2021-01-14;"Nitriansky kraj";627;10577;452;11029;NA;147948;1079;2021-01-14;49487
2021-01-13;"Nitriansky kraj";663;9234;484;9718;NA;147948;1147;2021-01-13;48408
2021-01-12;"Nitriansky kraj";642;8805;545;9350;NA;147948;1187;2021-01-12;47261
2021-01-11;"Nitriansky kraj";422;8347;513;8860;NA;147948;935;2021-01-11;46074
2021-01-10;"Nitriansky kraj";44;19841;730;20571;NA;147948;774;2021-01-10;45139
2021-01-09;"Nitriansky kraj";532;36823;1071;37894;NA;147948;1603;2021-01-09;44365
2021-01-08;"Nitriansky kraj";817;14001;691;14692;NA;147948;1508;2021-01-08;42762
2021-01-07;"Nitriansky kraj";438;10121;795;10916;NA;147948;1233;2021-01-07;41254
2021-01-06;"Nitriansky kraj";259;3192;197;3389;NA;147948;456;2021-01-06;40021
2021-01-05;"Nitriansky kraj";732;8918;1208;10126;NA;147948;1940;2021-01-05;39565
2021-01-04;"Nitriansky kraj";362;8375;1287;9662;NA;147948;1649;2021-01-04;37625
2021-01-03;"Nitriansky kraj";42;84;20;104;NA;147948;62;2021-01-03;35976
2021-01-02;"Nitriansky kraj";249;1090;26;1116;NA;147948;275;2021-01-02;35914
2021-01-01;"Nitriansky kraj";119;781;95;876;NA;147948;214;2021-01-01;35639
2020-12-31;"Nitriansky kraj";786;7646;962;8608;NA;147948;1748;2020-12-31;35425
2020-12-30;"Nitriansky kraj";1094;9619;1165;10784;NA;147948;2259;2020-12-30;33677
2020-12-29;"Nitriansky kraj";607;8028;1245;9273;NA;147948;1852;2020-12-29;31418
2020-12-28;"Nitriansky kraj";83;6804;1220;8024;NA;147948;1303;2020-12-28;29566
2020-12-27;"Nitriansky kraj";22;60;8;68;NA;147948;30;2020-12-27;28263
2020-12-26;"Nitriansky kraj";54;297;56;353;NA;147948;110;2020-12-26;28233
2020-12-25;"Nitriansky kraj";35;60;11;71;NA;147948;46;2020-12-25;28123
2020-12-24;"Nitriansky kraj";514;1861;176;2037;NA;147948;690;2020-12-24;28077
2020-12-23;"Nitriansky kraj";349;14679;782;15461;NA;147948;1131;2020-12-23;27387
2020-12-22;"Nitriansky kraj";673;10623;949;11572;NA;147948;1622;2020-12-22;26256
2020-12-21;"Nitriansky kraj";128;7587;931;8518;NA;147948;1059;2020-12-21;24634
2020-12-20;"Nitriansky kraj";77;50;10;60;NA;147948;87;2020-12-20;23575
2020-12-19;"Nitriansky kraj";262;2259;159;2418;NA;147948;421;2020-12-19;23488
2020-12-18;"Nitriansky kraj";512;7946;518;8464;NA;147948;1030;2020-12-18;23067
2020-12-17;"Nitriansky kraj";586;6519;486;7005;NA;147948;1072;2020-12-17;22037
2020-12-16;"Nitriansky kraj";357;8097;500;8597;NA;147948;857;2020-12-16;20965
2020-12-15;"Nitriansky kraj";461;9084;750;9834;NA;147948;1211;2020-12-15;20108
2020-12-14;"Nitriansky kraj";217;7816;797;8613;NA;147948;1014;2020-12-14;18897
2020-12-13;"Nitriansky kraj";12;69;6;75;NA;147948;18;2020-12-13;17883
2020-12-12;"Nitriansky kraj";341;1832;125;1957;NA;147948;466;2020-12-12;17865
2020-12-11;"Nitriansky kraj";409;5117;384;5501;NA;147948;793;2020-12-11;17399
2020-12-10;"Nitriansky kraj";360;5239;345;5584;NA;147948;705;2020-12-10;16606
2020-12-09;"Nitriansky kraj";362;5494;529;6023;NA;147948;891;2020-12-09;15901
2020-12-08;"Nitriansky kraj";340;8168;548;8716;NA;147948;888;2020-12-08;15010
2020-12-07;"Nitriansky kraj";139;6243;573;6816;NA;147948;712;2020-12-07;14122
2020-12-06;"Nitriansky kraj";15;89;4;93;NA;147948;19;2020-12-06;13410
2020-12-05;"Nitriansky kraj";136;1388;19;1407;NA;147948;155;2020-12-05;13391
2020-12-04;"Nitriansky kraj";232;2884;74;2958;NA;147948;306;2020-12-04;13236
2020-12-03;"Nitriansky kraj";248;2471;110;2581;NA;147948;358;2020-12-03;12930
2020-12-02;"Nitriansky kraj";252;2580;151;2731;NA;147948;403;2020-12-02;12572
2020-12-01;"Nitriansky kraj";331;2891;131;3022;NA;147948;462;2020-12-01;12169
2020-11-30;"Nitriansky kraj";91;4228;188;4416;NA;147948;279;2020-11-30;11707
2020-11-29;"Nitriansky kraj";3;634;42;676;NA;147948;45;2020-11-29;11428
2020-11-28;"Nitriansky kraj";135;892;31;923;NA;147948;166;2020-11-28;11383
2020-11-27;"Nitriansky kraj";177;2069;73;2142;NA;147948;250;2020-11-27;11217
2020-11-26;"Nitriansky kraj";191;2813;80;2893;NA;147948;271;2020-11-26;10967
2020-11-25;"Nitriansky kraj";325;2478;91;2569;NA;147948;416;2020-11-25;10696
2020-11-24;"Nitriansky kraj";147;1641;64;1705;NA;147948;211;2020-11-24;10280
2020-11-23;"Nitriansky kraj";102;9891;212;10103;NA;147948;314;2020-11-23;10069
2020-11-22;"Nitriansky kraj";7;1176;25;1201;NA;147948;32;2020-11-22;9755
2020-11-21;"Nitriansky kraj";86;1083;38;1121;NA;147948;124;2020-11-21;9723
2020-11-20;"Nitriansky kraj";264;4180;103;4283;NA;147948;367;2020-11-20;9599
2020-11-19;"Nitriansky kraj";185;3065;134;3199;NA;147948;319;2020-11-19;9232
2020-11-18;"Nitriansky kraj";188;2214;79;2293;NA;147948;267;2020-11-18;8913
2020-11-17;"Nitriansky kraj";178;596;29;625;NA;147948;207;2020-11-17;8646
2020-11-16;"Nitriansky kraj";139;1877;75;1952;NA;147948;214;2020-11-16;8439
2020-11-15;"Nitriansky kraj";14;180;5;185;NA;147948;19;2020-11-15;8225
2020-11-14;"Nitriansky kraj";114;1131;32;1163;NA;147948;146;2020-11-14;8206
2020-11-13;"Nitriansky kraj";210;936;46;982;NA;147948;256;2020-11-13;8060
2020-11-12;"Nitriansky kraj";256;1195;35;1230;NA;147948;291;2020-11-12;7804
2020-11-11;"Nitriansky kraj";279;1247;22;1269;NA;147948;301;2020-11-11;7513
2020-11-10;"Nitriansky kraj";192;2623;39;2662;NA;147948;231;2020-11-10;7212
2020-11-09;"Nitriansky kraj";128;3136;43;3179;NA;147948;171;2020-11-09;6981
2020-11-08;"Nitriansky kraj";43;1462;32;1494;NA;147948;75;2020-11-08;6810
2020-11-07;"Nitriansky kraj";130;1046;4;1050;NA;147948;134;2020-11-07;6735
2020-11-06;"Nitriansky kraj";210;2264;32;2296;NA;147948;242;2020-11-06;6601
2020-11-05;"Nitriansky kraj";178;313;14;327;NA;147948;192;2020-11-05;6359
2020-11-04;"Nitriansky kraj";211;297;16;313;NA;147948;227;2020-11-04;6167
2020-11-03;"Nitriansky kraj";216;435;25;460;NA;147948;241;2020-11-03;5940
2020-11-02;"Nitriansky kraj";171;4208;46;4254;NA;147948;217;2020-11-02;5699
2020-11-01;"Nitriansky kraj";130;2546;27;2573;NA;147948;157;2020-11-01;5482
2020-10-31;"Nitriansky kraj";261;10466;134;10600;NA;147948;395;2020-10-31;5325
2020-10-30;"Nitriansky kraj";204;2593;42;2635;NA;147948;246;2020-10-30;4930
2020-10-29;"Nitriansky kraj";293;841;39;880;NA;147948;332;2020-10-29;4684
2020-10-28;"Nitriansky kraj";216;608;59;667;NA;147948;275;2020-10-28;4352
2020-10-27;"Nitriansky kraj";296;550;47;597;NA;147948;343;2020-10-27;4077
2020-10-26;"Nitriansky kraj";69;633;56;689;NA;147948;125;2020-10-26;3734
2020-10-25;"Nitriansky kraj";50;62;8;70;NA;147948;58;2020-10-25;3609
2020-10-24;"Nitriansky kraj";169;237;11;248;NA;147948;180;2020-10-24;3551
2020-10-23;"Nitriansky kraj";282;762;41;803;NA;147948;323;2020-10-23;3371
2020-10-22;"Nitriansky kraj";137;444;39;483;NA;147948;176;2020-10-22;3048
2020-10-21;"Nitriansky kraj";146;208;3;211;NA;147948;149;2020-10-21;2872
2020-10-20;"Nitriansky kraj";197;78;6;84;NA;147948;203;2020-10-20;2723
2020-10-19;"Nitriansky kraj";148;79;1;80;NA;147948;149;2020-10-19;2520
2020-10-18;"Nitriansky kraj";22;0;0;0;NA;147948;22;2020-10-18;2371
2020-10-17;"Nitriansky kraj";67;0;0;0;NA;147948;67;2020-10-17;2349
2020-10-16;"Nitriansky kraj";133;28;3;31;NA;147948;136;2020-10-16;2282
2020-10-15;"Nitriansky kraj";106;31;2;33;NA;147948;108;2020-10-15;2146
2020-10-14;"Nitriansky kraj";80;22;4;26;NA;147948;84;2020-10-14;2038
2020-10-13;"Nitriansky kraj";101;82;2;84;NA;147948;103;2020-10-13;1954
2020-10-12;"Nitriansky kraj";36;0;0;0;NA;147948;36;2020-10-12;1851
2020-10-11;"Nitriansky kraj";8;0;0;0;NA;147948;8;2020-10-11;1815
2020-10-10;"Nitriansky kraj";107;0;0;0;NA;147948;107;2020-10-10;1807
2020-10-09;"Nitriansky kraj";120;0;0;0;NA;147948;120;2020-10-09;1700
2020-10-08;"Nitriansky kraj";132;0;0;0;NA;147948;132;2020-10-08;1580
2020-10-07;"Nitriansky kraj";81;0;0;0;NA;147948;81;2020-10-07;1448
2020-10-06;"Nitriansky kraj";48;0;0;0;NA;147948;48;2020-10-06;1367
2020-10-05;"Nitriansky kraj";20;0;0;0;NA;147948;20;2020-10-05;1319
2020-10-04;"Nitriansky kraj";17;0;0;0;NA;147948;17;2020-10-04;1299
2020-10-03;"Nitriansky kraj";96;0;0;0;NA;147948;96;2020-10-03;1282
2020-10-02;"Nitriansky kraj";108;0;0;0;NA;147948;108;2020-10-02;1186
2020-10-01;"Nitriansky kraj";95;0;0;0;NA;147948;95;2020-10-01;1078
2020-09-30;"Nitriansky kraj";100;0;0;0;NA;147948;100;2020-09-30;983
2020-09-29;"Nitriansky kraj";50;0;0;0;NA;147948;50;2020-09-29;883
2020-09-28;"Nitriansky kraj";22;0;0;0;NA;147948;22;2020-09-28;833
2020-09-27;"Nitriansky kraj";16;0;0;0;NA;147948;16;2020-09-27;811
2020-09-26;"Nitriansky kraj";64;0;0;0;NA;147948;64;2020-09-26;795
2020-09-25;"Nitriansky kraj";90;0;0;0;NA;147948;90;2020-09-25;731
2020-09-24;"Nitriansky kraj";51;0;0;0;NA;147948;51;2020-09-24;641
2020-09-23;"Nitriansky kraj";70;0;0;0;NA;147948;70;2020-09-23;590
2020-09-22;"Nitriansky kraj";18;0;0;0;NA;147948;18;2020-09-22;520
2020-09-21;"Nitriansky kraj";10;0;0;0;NA;147948;10;2020-09-21;502
2020-09-20;"Nitriansky kraj";4;0;0;0;NA;147948;4;2020-09-20;492
2020-09-19;"Nitriansky kraj";14;0;0;0;NA;147948;14;2020-09-19;488
2020-09-18;"Nitriansky kraj";19;0;0;0;NA;147948;19;2020-09-18;474
2020-09-17;"Nitriansky kraj";30;0;0;0;NA;147948;30;2020-09-17;455
2020-09-16;"Nitriansky kraj";6;0;0;0;NA;147948;6;2020-09-16;425
2020-09-15;"Nitriansky kraj";19;0;0;0;NA;147948;19;2020-09-15;419
2020-09-14;"Nitriansky kraj";28;0;0;0;NA;147948;28;2020-09-14;400
2020-09-13;"Nitriansky kraj";3;0;0;0;NA;147948;3;2020-09-13;372
2020-09-12;"Nitriansky kraj";12;0;0;0;NA;147948;12;2020-09-12;369
2020-09-11;"Nitriansky kraj";23;0;0;0;NA;147948;23;2020-09-11;357
2020-09-10;"Nitriansky kraj";29;0;0;0;NA;147948;29;2020-09-10;334
2020-09-09;"Nitriansky kraj";19;0;0;0;NA;147948;19;2020-09-09;305
2020-09-08;"Nitriansky kraj";17;0;0;0;NA;147948;17;2020-09-08;286
2020-09-07;"Nitriansky kraj";17;0;0;0;NA;147948;17;2020-09-07;269
2020-09-06;"Nitriansky kraj";0;0;0;0;NA;147948;0;2020-09-06;252
2020-09-05;"Nitriansky kraj";22;0;0;0;NA;147948;22;2020-09-05;252
2020-09-04;"Nitriansky kraj";34;0;0;0;NA;147948;34;2020-09-04;230
2020-09-03;"Nitriansky kraj";15;0;0;0;NA;147948;15;2020-09-03;196
2020-09-02;"Nitriansky kraj";15;0;0;0;NA;147948;15;2020-09-02;181
2020-09-01;"Nitriansky kraj";2;0;0;0;NA;147948;2;2020-09-01;166
2020-08-31;"Nitriansky kraj";12;0;0;0;NA;147948;12;2020-08-31;164
2020-08-30;"Nitriansky kraj";1;0;0;0;NA;147948;1;2020-08-30;152
2020-08-29;"Nitriansky kraj";7;46;0;46;NA;147948;7;2020-08-29;151
2020-08-28;"Nitriansky kraj";12;0;0;0;NA;147948;12;2020-08-28;144
2020-08-27;"Nitriansky kraj";12;0;0;0;NA;147948;12;2020-08-27;132
2020-08-26;"Nitriansky kraj";4;0;0;0;NA;147948;4;2020-08-26;120
2020-08-25;"Nitriansky kraj";8;0;0;0;NA;147948;8;2020-08-25;116
2020-08-24;"Nitriansky kraj";1;0;0;0;NA;147948;1;2020-08-24;108
2020-08-23;"Nitriansky kraj";1;0;0;0;NA;147948;1;2020-08-23;107
2020-08-22;"Nitriansky kraj";2;0;0;0;NA;147948;2;2020-08-22;106
2020-08-21;"Nitriansky kraj";0;0;0;0;NA;147948;0;2020-08-21;104
2020-08-20;"Nitriansky kraj";7;0;0;0;NA;147948;7;2020-08-20;104
2020-08-19;"Nitriansky kraj";1;0;0;0;NA;147948;1;2020-08-19;97
2020-08-18;"Nitriansky kraj";2;0;0;0;NA;147948;2;2020-08-18;96
2020-08-17;"Nitriansky kraj";1;0;0;0;NA;147948;1;2020-08-17;94
2020-08-16;"Nitriansky kraj";0;0;0;0;NA;147948;0;2020-08-16;93
2020-08-15;"Nitriansky kraj";2;0;0;0;NA;147948;2;2020-08-15;93
2020-08-14;"Nitriansky kraj";1;0;0;0;NA;147948;1;2020-08-14;91
2020-08-13;"Nitriansky kraj";4;0;0;0;NA;147948;4;2020-08-13;90
2020-08-12;"Nitriansky kraj";0;0;0;0;NA;147948;0;2020-08-12;86
2020-08-11;"Nitriansky kraj";1;0;0;0;NA;147948;1;2020-08-11;86
2020-08-10;"Nitriansky kraj";0;0;0;0;NA;147948;0;2020-08-10;85
2020-08-09;"Nitriansky kraj";0;0;0;0;NA;147948;0;2020-08-09;85
2020-08-08;"Nitriansky kraj";0;0;0;0;NA;147948;0;2020-08-08;85
2020-08-07;"Nitriansky kraj";4;0;0;0;NA;147948;4;2020-08-07;85
2020-08-06;"Nitriansky kraj";4;0;0;0;NA;147948;4;2020-08-06;81
2020-08-05;"Nitriansky kraj";0;0;0;0;NA;147948;0;2020-08-05;77
2020-08-04;"Nitriansky kraj";7;0;0;0;NA;147948;7;2020-08-04;77
2020-08-03;"Nitriansky kraj";0;0;0;0;NA;147948;0;2020-08-03;70
2020-08-02;"Nitriansky kraj";0;0;0;0;NA;147948;0;2020-08-02;70
2020-08-01;"Nitriansky kraj";0;0;0;0;NA;147948;0;2020-08-01;70
2020-07-31;"Nitriansky kraj";0;0;0;0;NA;147948;0;2020-07-31;70
2020-07-30;"Nitriansky kraj";0;0;0;0;NA;147948;0;2020-07-30;70
2020-07-29;"Nitriansky kraj";0;0;0;0;NA;147948;0;2020-07-29;70
2020-07-28;"Nitriansky kraj";0;0;0;0;NA;147948;0;2020-07-28;70
2020-07-27;"Nitriansky kraj";0;0;0;0;NA;147948;0;2020-07-27;70
2020-07-26;"Nitriansky kraj";0;0;0;0;NA;147948;0;2020-07-26;70
2020-07-25;"Nitriansky kraj";0;0;0;0;NA;147948;0;2020-07-25;70
2020-07-24;"Nitriansky kraj";1;0;0;0;NA;147948;1;2020-07-24;70
2020-07-23;"Nitriansky kraj";3;0;0;0;NA;147948;3;2020-07-23;69
2020-07-22;"Nitriansky kraj";2;0;0;0;NA;147948;2;2020-07-22;66
2020-07-21;"Nitriansky kraj";14;0;0;0;NA;147948;14;2020-07-21;64
2020-07-20;"Nitriansky kraj";11;0;0;0;NA;147948;11;2020-07-20;50
2020-07-19;"Nitriansky kraj";0;0;0;0;NA;147948;0;2020-07-19;39
2020-07-18;"Nitriansky kraj";0;0;0;0;NA;147948;0;2020-07-18;39
2020-07-17;"Nitriansky kraj";0;0;0;0;NA;147948;0;2020-07-17;39
2020-07-16;"Nitriansky kraj";4;0;0;0;NA;147948;4;2020-07-16;39
2020-07-15;"Nitriansky kraj";5;0;0;0;NA;147948;5;2020-07-15;35
2020-07-14;"Nitriansky kraj";0;0;0;0;NA;147948;0;2020-07-14;30
2020-07-13;"Nitriansky kraj";0;0;0;0;NA;147948;0;2020-07-13;30
2020-07-12;"Nitriansky kraj";0;0;0;0;NA;147948;0;2020-07-12;30
2020-07-11;"Nitriansky kraj";0;0;0;0;NA;147948;0;2020-07-11;30
2020-07-10;"Nitriansky kraj";0;0;0;0;NA;147948;0;2020-07-10;30
2020-07-09;"Nitriansky kraj";1;0;0;0;NA;147948;1;2020-07-09;30
2020-07-08;"Nitriansky kraj";2;0;0;0;NA;147948;2;2020-07-08;29
2020-07-07;"Nitriansky kraj";0;0;0;0;NA;147948;0;2020-07-07;27
2020-07-06;"Nitriansky kraj";0;0;0;0;NA;147948;0;2020-07-06;27
2020-07-05;"Nitriansky kraj";0;0;0;0;NA;147948;0;2020-07-05;27
2020-07-04;"Nitriansky kraj";0;0;0;0;NA;147948;0;2020-07-04;27
2020-07-03;"Nitriansky kraj";0;0;0;0;NA;147948;0;2020-07-03;27
2020-07-02;"Nitriansky kraj";0;0;0;0;NA;147948;0;2020-07-02;27
2020-07-01;"Nitriansky kraj";3;0;0;0;NA;147948;3;2020-07-01;27
2020-06-30;"Nitriansky kraj";0;0;0;0;NA;147948;0;2020-06-30;24
2020-06-29;"Nitriansky kraj";0;0;0;0;NA;147948;0;2020-06-29;24
2020-06-28;"Nitriansky kraj";0;0;0;0;NA;147948;0;2020-06-28;24
2020-06-27;"Nitriansky kraj";0;0;0;0;NA;147948;0;2020-06-27;24
2020-06-26;"Nitriansky kraj";0;0;0;0;NA;147948;0;2020-06-26;24
2020-06-25;"Nitriansky kraj";0;0;0;0;NA;147948;0;2020-06-25;24
2020-06-24;"Nitriansky kraj";1;0;0;0;NA;147948;1;2020-06-24;24
2020-06-23;"Nitriansky kraj";0;0;0;0;NA;147948;0;2020-06-23;23
2020-06-22;"Nitriansky kraj";0;0;0;0;NA;147948;0;2020-06-22;23
2020-06-21;"Nitriansky kraj";0;0;0;0;NA;147948;0;2020-06-21;23
2020-06-20;"Nitriansky kraj";0;0;0;0;NA;147948;0;2020-06-20;23
2020-06-19;"Nitriansky kraj";0;0;0;0;NA;147948;0;2020-06-19;23
2020-06-18;"Nitriansky kraj";0;0;0;0;NA;147948;0;2020-06-18;23
2020-06-17;"Nitriansky kraj";0;0;0;0;NA;147948;0;2020-06-17;23
2020-06-16;"Nitriansky kraj";0;0;0;0;NA;147948;0;2020-06-16;23
2020-06-14;"Nitriansky kraj";0;0;0;0;NA;147948;0;2020-06-14;23
2020-06-13;"Nitriansky kraj";0;0;0;0;NA;147948;0;2020-06-13;23
2020-06-12;"Nitriansky kraj";0;0;0;0;NA;147948;0;2020-06-12;23
2020-06-11;"Nitriansky kraj";0;0;0;0;NA;147948;0;2020-06-11;23
2020-06-10;"Nitriansky kraj";1;0;0;0;NA;147948;1;2020-06-10;23
2020-06-09;"Nitriansky kraj";1;0;0;0;NA;147948;1;2020-06-09;22
2020-06-08;"Nitriansky kraj";0;0;0;0;NA;147948;0;2020-06-08;21
2020-06-07;"Nitriansky kraj";0;0;0;0;NA;147948;0;2020-06-07;21
2020-06-05;"Nitriansky kraj";0;0;0;0;NA;147948;0;2020-06-05;21
2020-06-03;"Nitriansky kraj";0;0;0;0;NA;147948;0;2020-06-03;21
2020-06-02;"Nitriansky kraj";1;0;0;0;NA;147948;1;2020-06-02;21
2020-05-31;"Nitriansky kraj";0;0;0;0;NA;147948;0;2020-05-31;20
2020-05-29;"Nitriansky kraj";0;0;0;0;NA;147948;0;2020-05-29;20
2020-05-27;"Nitriansky kraj";0;0;0;0;NA;147948;0;2020-05-27;20
2020-05-26;"Nitriansky kraj";0;0;0;0;NA;147948;0;2020-05-26;20
2020-05-25;"Nitriansky kraj";0;0;0;0;NA;147948;0;2020-05-25;20
2020-05-24;"Nitriansky kraj";2;0;0;0;NA;147948;2;2020-05-24;20
2020-05-23;"Nitriansky kraj";0;0;0;0;NA;147948;0;2020-05-23;18
2020-05-22;"Nitriansky kraj";1;0;0;0;NA;147948;1;2020-05-22;18
2020-05-21;"Nitriansky kraj";0;0;0;0;NA;147948;0;2020-05-21;17
2020-05-20;"Nitriansky kraj";0;0;0;0;NA;147948;0;2020-05-20;17
2020-05-19;"Nitriansky kraj";0;0;0;0;NA;147948;0;2020-05-19;17
2020-05-17;"Nitriansky kraj";0;0;0;0;NA;147948;0;2020-05-17;17
2020-05-16;"Nitriansky kraj";0;0;0;0;NA;147948;0;2020-05-16;17
2020-05-15;"Nitriansky kraj";1;0;0;0;NA;147948;1;2020-05-15;17
2020-05-14;"Nitriansky kraj";0;0;0;0;NA;147948;0;2020-05-14;16
2020-05-13;"Nitriansky kraj";0;0;0;0;NA;147948;0;2020-05-13;16
2020-05-12;"Nitriansky kraj";0;0;0;0;NA;147948;0;2020-05-12;16
2020-05-11;"Nitriansky kraj";2;0;0;0;NA;147948;2;2020-05-11;16
2020-05-09;"Nitriansky kraj";0;0;0;0;NA;147948;0;2020-05-09;14
2020-05-07;"Nitriansky kraj";1;0;0;0;NA;147948;1;2020-05-07;14
2020-05-06;"Nitriansky kraj";9;0;0;0;NA;147948;9;2020-05-06;13
2020-05-05;"Nitriansky kraj";0;0;0;0;NA;147948;0;2020-05-05;4
2020-05-04;"Nitriansky kraj";5;0;0;0;NA;147948;5;2020-05-04;4
2020-05-03;"Nitriansky kraj";2;0;0;0;NA;147948;2;2020-05-03;-1
2020-05-02;"Nitriansky kraj";0;0;0;0;NA;147948;0;2020-05-02;-3
2020-05-01;"Nitriansky kraj";1;0;0;0;NA;147948;1;2020-05-01;-3
2020-04-30;"Nitriansky kraj";0;0;0;0;NA;147948;0;2020-04-30;-4
2020-04-29;"Nitriansky kraj";0;0;0;0;NA;147948;0;2020-04-29;-4
2020-04-28;"Nitriansky kraj";1;0;0;0;NA;147948;1;2020-04-28;-4
2020-04-27;"Nitriansky kraj";0;0;0;0;NA;147948;0;2020-04-27;-5
2020-04-26;"Nitriansky kraj";0;0;0;0;NA;147948;0;2020-04-26;-5
2020-04-25;"Nitriansky kraj";0;0;0;0;NA;147948;0;2020-04-25;-5
2020-04-24;"Nitriansky kraj";0;0;0;0;NA;147948;0;2020-04-24;-5
2020-04-23;"Nitriansky kraj";3;0;0;0;NA;147948;3;2020-04-23;-5
2020-04-22;"Nitriansky kraj";16;0;0;0;NA;147948;16;2020-04-22;-8
2020-04-21;"Nitriansky kraj";6;0;0;0;NA;147948;6;2020-04-21;-24
2020-04-20;"Nitriansky kraj";5;0;0;0;NA;147948;5;2020-04-20;-30
2020-04-19;"Nitriansky kraj";0;0;0;0;NA;147948;0;2020-04-19;-35
2020-04-18;"Nitriansky kraj";0;0;0;0;NA;147948;0;2020-04-18;-35
2020-04-17;"Nitriansky kraj";7;0;0;0;NA;147948;7;2020-04-17;-35
2020-04-16;"Nitriansky kraj";0;0;0;0;NA;147948;0;2020-04-16;-42
2020-04-15;"Nitriansky kraj";6;0;0;0;NA;147948;6;2020-04-15;-42
2020-04-14;"Nitriansky kraj";2;0;0;0;NA;147948;2;2020-04-14;-48
2020-04-13;"Nitriansky kraj";1;0;0;0;NA;147948;1;2020-04-13;-50
2020-04-12;"Nitriansky kraj";3;0;0;0;NA;147948;3;2020-04-12;-51
2020-04-11;"Nitriansky kraj";1;0;0;0;NA;147948;1;2020-04-11;-54
2020-04-10;"Nitriansky kraj";1;0;0;0;NA;147948;1;2020-04-10;-55
2020-04-09;"Nitriansky kraj";0;0;0;0;NA;147948;0;2020-04-09;-56
2020-04-08;"Nitriansky kraj";2;0;0;0;NA;147948;2;2020-04-08;-56
2020-04-07;"Nitriansky kraj";3;0;0;0;NA;147948;3;2020-04-07;-58
2020-04-06;"Nitriansky kraj";4;0;0;0;NA;147948;4;2020-04-06;-61
2020-04-05;"Nitriansky kraj";5;0;0;0;NA;147948;5;2020-04-05;-65
2020-04-04;"Nitriansky kraj";0;0;0;0;NA;147948;0;2020-04-04;-70
2020-04-03;"Nitriansky kraj";0;0;0;0;NA;147948;0;2020-04-03;-70
2020-04-02;"Nitriansky kraj";1;0;0;0;NA;147948;1;2020-04-02;-70
2020-04-01;"Nitriansky kraj";0;0;0;0;NA;147948;0;2020-04-01;-71
2020-03-31;"Nitriansky kraj";3;0;0;0;NA;147948;3;2020-03-31;-71
2020-03-30;"Nitriansky kraj";3;0;0;0;NA;147948;3;2020-03-30;-74
2020-03-29;"Nitriansky kraj";3;0;0;0;NA;147948;3;2020-03-29;-77
2020-03-28;"Nitriansky kraj";1;0;0;0;NA;147948;1;2020-03-28;-80
2020-03-27;"Nitriansky kraj";1;0;0;0;NA;147948;1;2020-03-27;-81
2020-03-26;"Nitriansky kraj";1;0;0;0;NA;147948;1;2020-03-26;-82
2020-03-25;"Nitriansky kraj";1;0;0;0;NA;147948;1;2020-03-25;-83
2020-03-24;"Nitriansky kraj";0;0;0;0;NA;147948;0;2020-03-24;-84
2020-03-23;"Nitriansky kraj";2;0;0;0;NA;147948;2;2020-03-23;-84
2020-03-22;"Nitriansky kraj";2;0;0;0;NA;147948;2;2020-03-22;-86
2020-03-21;"Nitriansky kraj";2;0;0;0;NA;147948;2;2020-03-21;-88
2020-03-20;"Nitriansky kraj";1;0;0;0;NA;147948;1;2020-03-20;-90
2020-03-19;"Nitriansky kraj";1;0;0;0;NA;147948;1;2020-03-19;-91
2020-03-18;"Nitriansky kraj";2;0;0;0;NA;147948;2;2020-03-18;-92
2020-03-17;"Nitriansky kraj";1;0;0;0;NA;147948;1;2020-03-17;-94
2020-03-16;"Nitriansky kraj";0;0;0;0;NA;147948;0;2020-03-16;-95
2020-03-15;"Nitriansky kraj";4;0;0;0;NA;147948;4;2020-03-15;-95
2020-03-14;"Nitriansky kraj";1;0;0;0;NA;147948;1;2020-03-14;-99
2020-03-13;"Nitriansky kraj";0;0;0;0;NA;147948;0;2020-03-13;-100
2020-03-12;"Nitriansky kraj";0;0;0;0;NA;147948;0;2020-03-12;-100
2020-03-11;"Nitriansky kraj";0;0;0;0;NA;147948;0;2020-03-11;-100
2020-03-09;"Nitriansky kraj";0;0;0;0;NA;147948;0;2020-03-09;-100
2020-03-08;"Nitriansky kraj";0;0;0;0;NA;147948;0;2020-03-08;-100
2020-03-07;"Nitriansky kraj";0;0;0;0;NA;147948;0;2020-03-07;-100
2020-03-06;"Nitriansky kraj";0;0;0;0;NA;147948;0;2020-03-06;-100
2022-01-09;"Prešovský kraj";114;2825;51;2876;134838;208986;165;2022-01-09;208986
2022-01-08;"Prešovský kraj";291;1617;29;1646;NA;208986;320;2022-01-08;208821
2022-01-07;"Prešovský kraj";370;3095;89;3184;NA;208986;459;2022-01-07;208501
2022-01-06;"Prešovský kraj";104;1000;43;1043;NA;208986;147;2022-01-06;208042
2022-01-05;"Prešovský kraj";373;4592;95;4687;NA;208986;468;2022-01-05;207895
2022-01-04;"Prešovský kraj";428;4537;77;4614;NA;208986;505;2022-01-04;207427
2022-01-03;"Prešovský kraj";390;6817;105;6922;NA;208986;495;2022-01-03;206922
2022-01-02;"Prešovský kraj";158;3180;75;3255;NA;208986;233;2022-01-02;206427
2022-01-01;"Prešovský kraj";55;379;8;387;NA;208986;63;2022-01-01;206194
2021-12-31;"Prešovský kraj";220;2174;77;2251;NA;208986;297;2021-12-31;206131
2021-12-30;"Prešovský kraj";230;2948;81;3029;NA;208986;311;2021-12-30;205834
2021-12-29;"Prešovský kraj";298;3909;73;3982;NA;208986;371;2021-12-29;205523
2021-12-28;"Prešovský kraj";365;3619;60;3679;NA;208986;425;2021-12-28;205152
2021-12-27;"Prešovský kraj";593;5305;93;5398;NA;208986;686;2021-12-27;204727
2021-12-26;"Prešovský kraj";112;1584;62;1646;NA;208986;174;2021-12-26;204041
2021-12-25;"Prešovský kraj";12;600;29;629;NA;208986;41;2021-12-25;203867
2021-12-24;"Prešovský kraj";27;463;26;489;NA;208986;53;2021-12-24;203826
2021-12-23;"Prešovský kraj";623;3091;76;3167;NA;208986;699;2021-12-23;203773
2021-12-22;"Prešovský kraj";234;3601;86;3687;NA;208986;320;2021-12-22;203074
2021-12-21;"Prešovský kraj";520;4571;78;4649;NA;208986;598;2021-12-21;202754
2021-12-20;"Prešovský kraj";371;7161;107;7268;NA;208986;478;2021-12-20;202156
2021-12-19;"Prešovský kraj";110;3166;74;3240;NA;208986;184;2021-12-19;201678
2021-12-18;"Prešovský kraj";313;1562;61;1623;NA;208986;374;2021-12-18;201494
2021-12-17;"Prešovský kraj";429;4479;96;4575;NA;208986;525;2021-12-17;201120
2021-12-16;"Prešovský kraj";401;4530;95;4625;NA;208986;496;2021-12-16;200595
2021-12-15;"Prešovský kraj";473;4499;79;4578;NA;208986;552;2021-12-15;200099
2021-12-14;"Prešovský kraj";662;5466;125;5591;NA;208986;787;2021-12-14;199547
2021-12-13;"Prešovský kraj";588;8055;175;8230;NA;208986;763;2021-12-13;198760
2021-12-12;"Prešovský kraj";160;3852;106;3958;NA;208986;266;2021-12-12;197997
2021-12-11;"Prešovský kraj";483;2040;91;2131;NA;208986;574;2021-12-11;197731
2021-12-10;"Prešovský kraj";649;5013;140;5153;NA;208986;789;2021-12-10;197157
2021-12-09;"Prešovský kraj";669;4680;135;4815;NA;208986;804;2021-12-09;196368
2021-12-08;"Prešovský kraj";944;4794;167;4961;NA;208986;1111;2021-12-08;195564
2021-12-07;"Prešovský kraj";1217;5851;188;6039;NA;208986;1405;2021-12-07;194453
2021-12-06;"Prešovský kraj";784;8604;247;8851;NA;208986;1031;2021-12-06;193048
2021-12-05;"Prešovský kraj";145;4439;133;4572;NA;208986;278;2021-12-05;192017
2021-12-04;"Prešovský kraj";1025;2290;127;2417;NA;208986;1152;2021-12-04;191739
2021-12-03;"Prešovský kraj";1040;5263;231;5494;NA;208986;1271;2021-12-03;190587
2021-12-02;"Prešovský kraj";2255;5291;183;5474;NA;208986;2438;2021-12-02;189316
2021-12-01;"Prešovský kraj";826;5267;239;5506;NA;208986;1065;2021-12-01;186878
2021-11-30;"Prešovský kraj";1123;6651;265;6916;NA;208986;1388;2021-11-30;185813
2021-11-29;"Prešovský kraj";583;11476;473;11949;NA;208986;1056;2021-11-29;184425
2021-11-28;"Prešovský kraj";919;5898;234;6132;NA;208986;1153;2021-11-28;183369
2021-11-27;"Prešovský kraj";884;2977;219;3196;NA;208986;1103;2021-11-27;182216
2021-11-26;"Prešovský kraj";1311;5890;328;6218;NA;208986;1639;2021-11-26;181113
2021-11-25;"Prešovský kraj";1285;5051;307;5358;NA;208986;1592;2021-11-25;179474
2021-11-24;"Prešovský kraj";1209;6121;356;6477;NA;208986;1565;2021-11-24;177882
2021-11-23;"Prešovský kraj";1099;6631;314;6945;NA;208986;1413;2021-11-23;176317
2021-11-22;"Prešovský kraj";905;8209;529;8738;NA;208986;1434;2021-11-22;174904
2021-11-21;"Prešovský kraj";950;3766;316;4082;NA;208986;1266;2021-11-21;173470
2021-11-20;"Prešovský kraj";1372;2193;222;2415;NA;208986;1594;2021-11-20;172204
2021-11-19;"Prešovský kraj";1629;5864;452;6316;NA;208986;2081;2021-11-19;170610
2021-11-18;"Prešovský kraj";823;6693;518;7211;NA;208986;1341;2021-11-18;168529
2021-11-17;"Prešovský kraj";1648;1336;148;1484;NA;208986;1796;2021-11-17;167188
2021-11-16;"Prešovský kraj";1346;5511;398;5909;NA;208986;1744;2021-11-16;165392
2021-11-15;"Prešovský kraj";897;7798;577;8375;NA;208986;1474;2021-11-15;163648
2021-11-14;"Prešovský kraj";603;3168;311;3479;NA;208986;914;2021-11-14;162174
2021-11-13;"Prešovský kraj";1255;2068;262;2330;NA;208986;1517;2021-11-13;161260
2021-11-12;"Prešovský kraj";1358;5236;371;5607;NA;208986;1729;2021-11-12;159743
2021-11-11;"Prešovský kraj";1218;5087;438;5525;NA;208986;1656;2021-11-11;158014
2021-11-10;"Prešovský kraj";1278;4966;380;5346;NA;208986;1658;2021-11-10;156358
2021-11-09;"Prešovský kraj";1038;5431;407;5838;NA;208986;1445;2021-11-09;154700
2021-11-08;"Prešovský kraj";1068;6987;574;7561;NA;208986;1642;2021-11-08;153255
2021-11-07;"Prešovský kraj";421;2500;242;2742;NA;208986;663;2021-11-07;151613
2021-11-06;"Prešovský kraj";1389;1899;234;2133;NA;208986;1623;2021-11-06;150950
2021-11-05;"Prešovský kraj";1080;4974;367;5341;NA;208986;1447;2021-11-05;149327
2021-11-04;"Prešovský kraj";1743;5162;322;5484;NA;208986;2065;2021-11-04;147880
2021-11-03;"Prešovský kraj";1326;5337;387;5724;NA;208986;1713;2021-11-03;145815
2021-11-02;"Prešovský kraj";1002;7463;539;8002;NA;208986;1541;2021-11-02;144102
2021-11-01;"Prešovský kraj";347;1402;131;1533;NA;208986;478;2021-11-01;142561
2021-10-31;"Prešovský kraj";447;2045;210;2255;NA;208986;657;2021-10-31;142083
2021-10-30;"Prešovský kraj";1148;1928;183;2111;NA;208986;1331;2021-10-30;141426
2021-10-29;"Prešovský kraj";1360;4460;253;4713;NA;208986;1613;2021-10-29;140095
2021-10-28;"Prešovský kraj";960;4500;300;4800;NA;208986;1260;2021-10-28;138482
2021-10-27;"Prešovský kraj";1444;4325;221;4546;NA;208986;1665;2021-10-27;137222
2021-10-26;"Prešovský kraj";940;5125;217;5342;NA;208986;1157;2021-10-26;135557
2021-10-25;"Prešovský kraj";673;6077;348;6425;NA;208986;1021;2021-10-25;134400
2021-10-24;"Prešovský kraj";110;2180;149;2329;NA;208986;259;2021-10-24;133379
2021-10-23;"Prešovský kraj";1145;1928;141;2069;NA;208986;1286;2021-10-23;133120
2021-10-22;"Prešovský kraj";792;4876;177;5053;NA;208986;969;2021-10-22;131834
2021-10-21;"Prešovský kraj";901;4738;191;4929;NA;208986;1092;2021-10-21;130865
2021-10-20;"Prešovský kraj";833;4199;195;4394;NA;208986;1028;2021-10-20;129773
2021-10-19;"Prešovský kraj";830;4728;175;4903;NA;208986;1005;2021-10-19;128745
2021-10-18;"Prešovský kraj";454;5752;240;5992;NA;208986;694;2021-10-18;127740
2021-10-17;"Prešovský kraj";181;2430;131;2561;NA;208986;312;2021-10-17;127046
2021-10-16;"Prešovský kraj";561;1924;94;2018;NA;208986;655;2021-10-16;126734
2021-10-15;"Prešovský kraj";533;4735;107;4842;NA;208986;640;2021-10-15;126079
2021-10-14;"Prešovský kraj";506;3948;85;4033;NA;208986;591;2021-10-14;125439
2021-10-13;"Prešovský kraj";549;3794;98;3892;NA;208986;647;2021-10-13;124848
2021-10-12;"Prešovský kraj";520;3966;101;4067;NA;208986;621;2021-10-12;124201
2021-10-11;"Prešovský kraj";433;5421;131;5552;NA;208986;564;2021-10-11;123580
2021-10-10;"Prešovský kraj";78;2099;64;2163;NA;208986;142;2021-10-10;123016
2021-10-09;"Prešovský kraj";311;2077;47;2124;NA;208986;358;2021-10-09;122874
2021-10-08;"Prešovský kraj";636;4934;94;5028;NA;208986;730;2021-10-08;122516
2021-10-07;"Prešovský kraj";487;3919;101;4020;NA;208986;588;2021-10-07;121786
2021-10-06;"Prešovský kraj";296;3851;104;3955;NA;208986;400;2021-10-06;121198
2021-10-05;"Prešovský kraj";430;4151;90;4241;NA;208986;520;2021-10-05;120798
2021-10-04;"Prešovský kraj";353;5569;125;5694;NA;208986;478;2021-10-04;120278
2021-10-03;"Prešovský kraj";19;2324;47;2371;NA;208986;66;2021-10-03;119800
2021-10-02;"Prešovský kraj";269;2238;58;2296;NA;208986;327;2021-10-02;119734
2021-10-01;"Prešovský kraj";325;4997;63;5060;NA;208986;388;2021-10-01;119407
2021-09-30;"Prešovský kraj";265;4044;83;4127;NA;208986;348;2021-09-30;119019
2021-09-29;"Prešovský kraj";381;3825;55;3880;NA;208986;436;2021-09-29;118671
2021-09-28;"Prešovský kraj";312;4714;69;4783;NA;208986;381;2021-09-28;118235
2021-09-27;"Prešovský kraj";257;5062;104;5166;NA;208986;361;2021-09-27;117854
2021-09-26;"Prešovský kraj";8;2422;67;2489;NA;208986;75;2021-09-26;117493
2021-09-25;"Prešovský kraj";134;2540;46;2586;NA;208986;180;2021-09-25;117418
2021-09-24;"Prešovský kraj";297;4822;61;4883;NA;208986;358;2021-09-24;117238
2021-09-23;"Prešovský kraj";109;4105;45;4150;NA;208986;154;2021-09-23;116880
2021-09-22;"Prešovský kraj";177;3836;41;3877;NA;208986;218;2021-09-22;116726
2021-09-21;"Prešovský kraj";219;5059;66;5125;NA;208986;285;2021-09-21;116508
2021-09-20;"Prešovský kraj";180;5183;68;5251;NA;208986;248;2021-09-20;116223
2021-09-19;"Prešovský kraj";7;2726;30;2756;NA;208986;37;2021-09-19;115975
2021-09-18;"Prešovský kraj";169;2406;37;2443;NA;208986;206;2021-09-18;115938
2021-09-17;"Prešovský kraj";157;4402;52;4454;NA;208986;209;2021-09-17;115732
2021-09-16;"Prešovský kraj";146;4371;71;4442;NA;208986;217;2021-09-16;115523
2021-09-15;"Prešovský kraj";68;701;19;720;NA;208986;87;2021-09-15;115306
2021-09-14;"Prešovský kraj";133;3369;38;3407;NA;208986;171;2021-09-14;115219
2021-09-13;"Prešovský kraj";105;4225;37;4262;NA;208986;142;2021-09-13;115048
2021-09-12;"Prešovský kraj";4;1776;29;1805;NA;208986;33;2021-09-12;114906
2021-09-11;"Prešovský kraj";65;2012;24;2036;NA;208986;89;2021-09-11;114873
2021-09-10;"Prešovský kraj";105;3241;30;3271;NA;208986;135;2021-09-10;114784
2021-09-09;"Prešovský kraj";29;3090;27;3117;NA;208986;56;2021-09-09;114649
2021-09-08;"Prešovský kraj";73;2444;20;2464;NA;208986;93;2021-09-08;114593
2021-09-07;"Prešovský kraj";82;2449;24;2473;NA;208986;106;2021-09-07;114500
2021-09-06;"Prešovský kraj";61;3282;20;3302;NA;208986;81;2021-09-06;114394
2021-09-05;"Prešovský kraj";5;1338;11;1349;NA;208986;16;2021-09-05;114313
2021-09-04;"Prešovský kraj";27;1864;14;1878;NA;208986;41;2021-09-04;114297
2021-09-03;"Prešovský kraj";39;2976;15;2991;NA;208986;54;2021-09-03;114256
2021-09-02;"Prešovský kraj";39;2558;20;2578;NA;208986;59;2021-09-02;114202
2021-09-01;"Prešovský kraj";14;575;6;581;NA;208986;20;2021-09-01;114143
2021-08-31;"Prešovský kraj";47;2438;13;2451;NA;208986;60;2021-08-31;114123
2021-08-30;"Prešovský kraj";23;2827;19;2846;NA;208986;42;2021-08-30;114063
2021-08-29;"Prešovský kraj";3;781;1;782;NA;208986;4;2021-08-29;114021
2021-08-28;"Prešovský kraj";5;2101;8;2109;NA;208986;13;2021-08-28;114017
2021-08-27;"Prešovský kraj";32;3084;8;3092;NA;208986;40;2021-08-27;114004
2021-08-26;"Prešovský kraj";13;2094;8;2102;NA;208986;21;2021-08-26;113964
2021-08-25;"Prešovský kraj";18;1947;4;1951;NA;208986;22;2021-08-25;113943
2021-08-24;"Prešovský kraj";10;2138;5;2143;NA;208986;15;2021-08-24;113921
2021-08-23;"Prešovský kraj";16;2576;6;2582;NA;208986;22;2021-08-23;113906
2021-08-22;"Prešovský kraj";0;1440;6;1446;NA;208986;6;2021-08-22;113884
2021-08-21;"Prešovský kraj";28;2018;4;2022;NA;208986;32;2021-08-21;113878
2021-08-20;"Prešovský kraj";15;2906;7;2913;NA;208986;22;2021-08-20;113846
2021-08-19;"Prešovský kraj";22;2242;8;2250;NA;208986;30;2021-08-19;113824
2021-08-18;"Prešovský kraj";6;1752;11;1763;NA;208986;17;2021-08-18;113794
2021-08-17;"Prešovský kraj";29;1829;6;1835;NA;208986;35;2021-08-17;113777
2021-08-16;"Prešovský kraj";11;2524;7;2531;NA;208986;18;2021-08-16;113742
2021-08-15;"Prešovský kraj";0;896;2;898;NA;208986;2;2021-08-15;113724
2021-08-14;"Prešovský kraj";14;1662;1;1663;NA;208986;15;2021-08-14;113722
2021-08-13;"Prešovský kraj";24;1646;12;1658;NA;208986;36;2021-08-13;113707
2021-08-12;"Prešovský kraj";9;1752;3;1755;NA;208986;12;2021-08-12;113671
2021-08-11;"Prešovský kraj";15;1193;3;1196;NA;208986;18;2021-08-11;113659
2021-08-10;"Prešovský kraj";10;1102;4;1106;NA;208986;14;2021-08-10;113641
2021-08-09;"Prešovský kraj";13;2156;4;2160;NA;208986;17;2021-08-09;113627
2021-08-08;"Prešovský kraj";2;675;2;677;NA;208986;4;2021-08-08;113610
2021-08-07;"Prešovský kraj";5;1114;3;1117;NA;208986;8;2021-08-07;113606
2021-08-06;"Prešovský kraj";9;1459;4;1463;NA;208986;13;2021-08-06;113598
2021-08-05;"Prešovský kraj";9;1370;2;1372;NA;208986;11;2021-08-05;113585
2021-08-04;"Prešovský kraj";6;1007;1;1008;NA;208986;7;2021-08-04;113574
2021-08-03;"Prešovský kraj";8;976;1;977;NA;208986;9;2021-08-03;113567
2021-08-02;"Prešovský kraj";5;1477;6;1483;NA;208986;11;2021-08-02;113558
2021-08-01;"Prešovský kraj";0;738;2;740;NA;208986;2;2021-08-01;113547
2021-07-31;"Prešovský kraj";20;1080;0;1080;NA;208986;20;2021-07-31;113545
2021-07-30;"Prešovský kraj";2;1518;1;1519;NA;208986;3;2021-07-30;113525
2021-07-29;"Prešovský kraj";6;1302;1;1303;NA;208986;7;2021-07-29;113522
2021-07-28;"Prešovský kraj";6;1106;1;1107;NA;208986;7;2021-07-28;113515
2021-07-27;"Prešovský kraj";5;1140;2;1142;NA;208986;7;2021-07-27;113508
2021-07-26;"Prešovský kraj";12;1583;1;1584;NA;208986;13;2021-07-26;113501
2021-07-25;"Prešovský kraj";0;687;1;688;NA;208986;1;2021-07-25;113488
2021-07-24;"Prešovský kraj";8;1040;0;1040;NA;208986;8;2021-07-24;113487
2021-07-23;"Prešovský kraj";8;1608;1;1609;NA;208986;9;2021-07-23;113479
2021-07-22;"Prešovský kraj";13;1431;10;1441;NA;208986;23;2021-07-22;113470
2021-07-21;"Prešovský kraj";5;1076;1;1077;NA;208986;6;2021-07-21;113447
2021-07-20;"Prešovský kraj";4;1064;0;1064;NA;208986;4;2021-07-20;113441
2021-07-19;"Prešovský kraj";2;1644;4;1648;NA;208986;6;2021-07-19;113437
2021-07-18;"Prešovský kraj";1;647;0;647;NA;208986;1;2021-07-18;113431
2021-07-17;"Prešovský kraj";6;1245;1;1246;NA;208986;7;2021-07-17;113430
2021-07-16;"Prešovský kraj";4;1558;2;1560;NA;208986;6;2021-07-16;113423
2021-07-15;"Prešovský kraj";5;1310;4;1314;NA;208986;9;2021-07-15;113417
2021-07-14;"Prešovský kraj";1;1051;2;1053;NA;208986;3;2021-07-14;113408
2021-07-13;"Prešovský kraj";1;1071;2;1073;NA;208986;3;2021-07-13;113405
2021-07-12;"Prešovský kraj";1;1949;2;1951;NA;208986;3;2021-07-12;113402
2021-07-11;"Prešovský kraj";0;660;1;661;NA;208986;1;2021-07-11;113399
2021-07-10;"Prešovský kraj";4;1229;2;1231;NA;208986;6;2021-07-10;113398
2021-07-09;"Prešovský kraj";6;1957;1;1958;NA;208986;7;2021-07-09;113392
2021-07-08;"Prešovský kraj";5;1192;0;1192;NA;208986;5;2021-07-08;113385
2021-07-07;"Prešovský kraj";7;1468;3;1471;NA;208986;10;2021-07-07;113380
2021-07-06;"Prešovský kraj";5;1423;2;1425;NA;208986;7;2021-07-06;113370
2021-07-05;"Prešovský kraj";2;645;0;645;NA;208986;2;2021-07-05;113363
2021-07-04;"Prešovský kraj";0;788;0;788;NA;208986;0;2021-07-04;113361
2021-07-03;"Prešovský kraj";2;1391;0;1391;NA;208986;2;2021-07-03;113361
2021-07-02;"Prešovský kraj";4;1796;0;1796;NA;208986;4;2021-07-02;113359
2021-07-01;"Prešovský kraj";2;1590;1;1591;NA;208986;3;2021-07-01;113355
2021-06-30;"Prešovský kraj";3;8829;4;8833;NA;208986;7;2021-06-30;113352
2021-06-29;"Prešovský kraj";1;4935;3;4938;NA;208986;4;2021-06-29;113345
2021-06-28;"Prešovský kraj";5;6109;2;6111;NA;208986;7;2021-06-28;113341
2021-06-27;"Prešovský kraj";0;3852;1;3853;NA;208986;1;2021-06-27;113334
2021-06-26;"Prešovský kraj";4;5815;1;5816;NA;208986;5;2021-06-26;113333
2021-06-25;"Prešovský kraj";7;7321;4;7325;NA;208986;11;2021-06-25;113328
2021-06-24;"Prešovský kraj";10;5406;5;5411;NA;208986;15;2021-06-24;113317
2021-06-23;"Prešovský kraj";4;5124;2;5126;NA;208986;6;2021-06-23;113302
2021-06-22;"Prešovský kraj";5;5143;1;5144;NA;208986;6;2021-06-22;113296
2021-06-21;"Prešovský kraj";13;7033;6;7039;NA;208986;19;2021-06-21;113290
2021-06-20;"Prešovský kraj";0;5204;3;5207;NA;208986;3;2021-06-20;113271
2021-06-19;"Prešovský kraj";1;7349;5;7354;NA;208986;6;2021-06-19;113268
2021-06-18;"Prešovský kraj";9;8682;10;8692;NA;208986;19;2021-06-18;113262
2021-06-17;"Prešovský kraj";9;6548;5;6553;NA;208986;14;2021-06-17;113243
2021-06-16;"Prešovský kraj";6;6422;3;6425;NA;208986;9;2021-06-16;113229
2021-06-15;"Prešovský kraj";2;5709;4;5713;NA;208986;6;2021-06-15;113220
2021-06-14;"Prešovský kraj";5;8229;13;8242;NA;208986;18;2021-06-14;113214
2021-06-13;"Prešovský kraj";1;6455;7;6462;NA;208986;8;2021-06-13;113196
2021-06-12;"Prešovský kraj";3;8904;9;8913;NA;208986;12;2021-06-12;113188
2021-06-11;"Prešovský kraj";21;9877;9;9886;NA;208986;30;2021-06-11;113176
2021-06-10;"Prešovský kraj";11;6512;10;6522;NA;208986;21;2021-06-10;113146
2021-06-09;"Prešovský kraj";16;6375;3;6378;NA;208986;19;2021-06-09;113125
2021-06-08;"Prešovský kraj";31;6495;12;6507;NA;208986;43;2021-06-08;113106
2021-06-07;"Prešovský kraj";11;9111;15;9126;NA;208986;26;2021-06-07;113063
2021-06-06;"Prešovský kraj";0;8016;5;8021;NA;208986;5;2021-06-06;113037
2021-06-05;"Prešovský kraj";17;10248;15;10263;NA;208986;32;2021-06-05;113032
2021-06-04;"Prešovský kraj";26;10375;18;10393;NA;208986;44;2021-06-04;113000
2021-06-03;"Prešovský kraj";14;6820;16;6836;NA;208986;30;2021-06-03;112956
2021-06-02;"Prešovský kraj";47;7372;14;7386;NA;208986;61;2021-06-02;112926
2021-06-01;"Prešovský kraj";15;6926;14;6940;NA;208986;29;2021-06-01;112865
2021-05-31;"Prešovský kraj";27;9951;22;9973;NA;208986;49;2021-05-31;112836
2021-05-30;"Prešovský kraj";2;9717;14;9731;NA;208986;16;2021-05-30;112787
2021-05-29;"Prešovský kraj";23;12733;24;12757;NA;208986;47;2021-05-29;112771
2021-05-28;"Prešovský kraj";30;12468;19;12487;NA;208986;49;2021-05-28;112724
2021-05-27;"Prešovský kraj";16;7653;37;7690;NA;208986;53;2021-05-27;112675
2021-05-26;"Prešovský kraj";32;8140;23;8163;NA;208986;55;2021-05-26;112622
2021-05-25;"Prešovský kraj";38;8690;20;8710;NA;208986;58;2021-05-25;112567
2021-05-24;"Prešovský kraj";17;13298;37;13335;NA;208986;54;2021-05-24;112509
2021-05-23;"Prešovský kraj";3;11947;20;11967;NA;208986;23;2021-05-23;112455
2021-05-22;"Prešovský kraj";11;14422;44;14466;NA;208986;55;2021-05-22;112432
2021-05-21;"Prešovský kraj";44;13803;24;13827;NA;208986;68;2021-05-21;112377
2021-05-20;"Prešovský kraj";13;9437;29;9466;NA;208986;42;2021-05-20;112309
2021-05-19;"Prešovský kraj";60;10756;36;10792;NA;208986;96;2021-05-19;112267
2021-05-18;"Prešovský kraj";44;9062;27;9089;NA;208986;71;2021-05-18;112171
2021-05-17;"Prešovský kraj";60;12856;47;12903;NA;208986;107;2021-05-17;112100
2021-05-16;"Prešovský kraj";20;16302;66;16368;NA;208986;86;2021-05-16;111993
2021-05-15;"Prešovský kraj";20;24604;81;24685;NA;208986;101;2021-05-15;111907
2021-05-14;"Prešovský kraj";49;18671;68;18739;NA;208986;117;2021-05-14;111806
2021-05-13;"Prešovský kraj";54;11166;71;11237;NA;208986;125;2021-05-13;111689
2021-05-12;"Prešovský kraj";59;10822;39;10861;NA;208986;98;2021-05-12;111564
2021-05-11;"Prešovský kraj";61;10728;48;10776;NA;208986;109;2021-05-11;111466
2021-05-10;"Prešovský kraj";79;15726;67;15793;NA;208986;146;2021-05-10;111357
2021-05-09;"Prešovský kraj";54;21658;82;21740;NA;208986;136;2021-05-09;111211
2021-05-08;"Prešovský kraj";39;23050;52;23102;NA;208986;91;2021-05-08;111075
2021-05-07;"Prešovský kraj";81;23543;66;23609;NA;208986;147;2021-05-07;110984
2021-05-06;"Prešovský kraj";107;12924;66;12990;NA;208986;173;2021-05-06;110837
2021-05-05;"Prešovský kraj";60;12808;84;12892;NA;208986;144;2021-05-05;110664
2021-05-04;"Prešovský kraj";203;13470;67;13537;NA;208986;270;2021-05-04;110520
2021-05-03;"Prešovský kraj";68;18458;109;18567;NA;208986;177;2021-05-03;110250
2021-05-02;"Prešovský kraj";29;36676;102;36778;NA;208986;131;2021-05-02;110073
2021-05-01;"Prešovský kraj";70;57153;183;57336;NA;208986;253;2021-05-01;109942
2021-04-30;"Prešovský kraj";135;39333;118;39451;NA;208986;253;2021-04-30;109689
2021-04-29;"Prešovský kraj";110;16635;97;16732;NA;208986;207;2021-04-29;109436
2021-04-28;"Prešovský kraj";122;18671;89;18760;NA;208986;211;2021-04-28;109229
2021-04-27;"Prešovský kraj";154;19994;120;20114;NA;208986;274;2021-04-27;109018
2021-04-26;"Prešovský kraj";99;27241;123;27364;NA;208986;222;2021-04-26;108744
2021-04-25;"Prešovský kraj";9;52776;156;52932;NA;208986;165;2021-04-25;108522
2021-04-24;"Prešovský kraj";61;85698;243;85941;NA;208986;304;2021-04-24;108357
2021-04-23;"Prešovský kraj";171;40365;137;40502;NA;208986;308;2021-04-23;108053
2021-04-22;"Prešovský kraj";86;18104;125;18229;NA;208986;211;2021-04-22;107745
2021-04-21;"Prešovský kraj";144;21550;139;21689;NA;208986;283;2021-04-21;107534
2021-04-20;"Prešovský kraj";115;23346;128;23474;NA;208986;243;2021-04-20;107251
2021-04-19;"Prešovský kraj";106;29133;145;29278;NA;208986;251;2021-04-19;107008
2021-04-18;"Prešovský kraj";4;51824;129;51953;NA;208986;133;2021-04-18;106757
2021-04-17;"Prešovský kraj";119;97970;238;98208;NA;208986;357;2021-04-17;106624
2021-04-16;"Prešovský kraj";135;40989;146;41135;NA;208986;281;2021-04-16;106267
2021-04-15;"Prešovský kraj";112;20179;137;20316;NA;208986;249;2021-04-15;105986
2021-04-14;"Prešovský kraj";199;23332;130;23462;NA;208986;329;2021-04-14;105737
2021-04-13;"Prešovský kraj";180;23907;116;24023;NA;208986;296;2021-04-13;105408
2021-04-12;"Prešovský kraj";172;30152;175;30327;NA;208986;347;2021-04-12;105112
2021-04-11;"Prešovský kraj";11;49955;187;50142;NA;208986;198;2021-04-11;104765
2021-04-10;"Prešovský kraj";94;90181;297;90478;NA;208986;391;2021-04-10;104567
2021-04-09;"Prešovský kraj";255;37163;200;37363;NA;208986;455;2021-04-09;104176
2021-04-08;"Prešovský kraj";192;18893;157;19050;NA;208986;349;2021-04-08;103721
2021-04-07;"Prešovský kraj";314;27797;154;27951;NA;208986;468;2021-04-07;103372
2021-04-06;"Prešovský kraj";231;41711;268;41979;NA;208986;499;2021-04-06;102904
2021-04-05;"Prešovský kraj";54;18454;132;18586;NA;208986;186;2021-04-05;102405
2021-04-04;"Prešovský kraj";31;18569;91;18660;NA;208986;122;2021-04-04;102219
2021-04-03;"Prešovský kraj";104;90664;321;90985;NA;208986;425;2021-04-03;102097
2021-04-02;"Prešovský kraj";194;23381;134;23515;NA;208986;328;2021-04-02;101672
2021-04-01;"Prešovský kraj";256;42879;195;43074;NA;208986;451;2021-04-01;101344
2021-03-31;"Prešovský kraj";311;30176;227;30403;NA;208986;538;2021-03-31;100893
2021-03-30;"Prešovský kraj";374;20751;203;20954;NA;208986;577;2021-03-30;100355
2021-03-29;"Prešovský kraj";219;28188;229;28417;NA;208986;448;2021-03-29;99778
2021-03-28;"Prešovský kraj";26;46811;256;47067;NA;208986;282;2021-03-28;99330
2021-03-27;"Prešovský kraj";181;88673;372;89045;NA;208986;553;2021-03-27;99048
2021-03-26;"Prešovský kraj";310;47751;299;48050;NA;208986;609;2021-03-26;98495
2021-03-25;"Prešovský kraj";248;22281;213;22494;NA;208986;461;2021-03-25;97886
2021-03-24;"Prešovský kraj";381;19590;213;19803;NA;208986;594;2021-03-24;97425
2021-03-23;"Prešovský kraj";241;20351;255;20606;NA;208986;496;2021-03-23;96831
2021-03-22;"Prešovský kraj";299;28634;287;28921;NA;208986;586;2021-03-22;96335
2021-03-21;"Prešovský kraj";32;49439;266;49705;NA;208986;298;2021-03-21;95749
2021-03-20;"Prešovský kraj";180;92529;426;92955;NA;208986;606;2021-03-20;95451
2021-03-19;"Prešovský kraj";373;46582;326;46908;NA;208986;699;2021-03-19;94845
2021-03-18;"Prešovský kraj";251;21721;217;21938;NA;208986;468;2021-03-18;94146
2021-03-17;"Prešovský kraj";331;20887;231;21118;NA;208986;562;2021-03-17;93678
2021-03-16;"Prešovský kraj";461;21094;278;21372;NA;208986;739;2021-03-16;93116
2021-03-15;"Prešovský kraj";370;28813;324;29137;NA;208986;694;2021-03-15;92377
2021-03-14;"Prešovský kraj";52;50410;356;50766;NA;208986;408;2021-03-14;91683
2021-03-13;"Prešovský kraj";200;94768;531;95299;NA;208986;731;2021-03-13;91275
2021-03-12;"Prešovský kraj";425;47691;368;48059;NA;208986;793;2021-03-12;90544
2021-03-11;"Prešovský kraj";463;22059;253;22312;NA;208986;716;2021-03-11;89751
2021-03-10;"Prešovský kraj";325;20821;293;21114;NA;208986;618;2021-03-10;89035
2021-03-09;"Prešovský kraj";505;21496;288;21784;NA;208986;793;2021-03-09;88417
2021-03-08;"Prešovský kraj";314;28903;333;29236;NA;208986;647;2021-03-08;87624
2021-03-07;"Prešovský kraj";19;48328;388;48716;NA;208986;407;2021-03-07;86977
2021-03-06;"Prešovský kraj";193;97527;591;98118;NA;208986;784;2021-03-06;86570
2021-03-05;"Prešovský kraj";497;46054;397;46451;NA;208986;894;2021-03-05;85786
2021-03-04;"Prešovský kraj";372;22670;359;23029;NA;208986;731;2021-03-04;84892
2021-03-03;"Prešovský kraj";397;21623;333;21956;NA;208986;730;2021-03-03;84161
2021-03-02;"Prešovský kraj";421;22682;357;23039;NA;208986;778;2021-03-02;83431
2021-03-01;"Prešovský kraj";303;27716;406;28122;NA;208986;709;2021-03-01;82653
2021-02-28;"Prešovský kraj";75;45000;387;45387;NA;208986;462;2021-02-28;81944
2021-02-27;"Prešovský kraj";273;90231;734;90965;NA;208986;1007;2021-02-27;81482
2021-02-26;"Prešovský kraj";455;41340;438;41778;NA;208986;893;2021-02-26;80475
2021-02-25;"Prešovský kraj";270;19496;337;19833;NA;208986;607;2021-02-25;79582
2021-02-24;"Prešovský kraj";328;19026;377;19403;NA;208986;705;2021-02-24;78975
2021-02-23;"Prešovský kraj";430;21277;345;21622;NA;208986;775;2021-02-23;78270
2021-02-22;"Prešovský kraj";351;27180;356;27536;NA;208986;707;2021-02-22;77495
2021-02-21;"Prešovský kraj";66;31453;301;31754;NA;208986;367;2021-02-21;76788
2021-02-20;"Prešovský kraj";129;71413;517;71930;NA;208986;646;2021-02-20;76421
2021-02-19;"Prešovský kraj";381;38995;430;39425;NA;208986;811;2021-02-19;75775
2021-02-18;"Prešovský kraj";268;16960;322;17282;NA;208986;590;2021-02-18;74964
2021-02-17;"Prešovský kraj";293;17392;246;17638;NA;208986;539;2021-02-17;74374
2021-02-16;"Prešovský kraj";422;18862;265;19127;NA;208986;687;2021-02-16;73835
2021-02-15;"Prešovský kraj";211;31366;303;31669;NA;208986;514;2021-02-15;73148
2021-02-14;"Prešovský kraj";27;39387;321;39708;NA;208986;348;2021-02-14;72634
2021-02-13;"Prešovský kraj";157;74747;402;75149;NA;208986;559;2021-02-13;72286
2021-02-12;"Prešovský kraj";308;38758;365;39123;NA;208986;673;2021-02-12;71727
2021-02-11;"Prešovský kraj";218;16207;238;16445;NA;208986;456;2021-02-11;71054
2021-02-10;"Prešovský kraj";220;18542;282;18824;NA;208986;502;2021-02-10;70598
2021-02-09;"Prešovský kraj";323;21497;370;21867;NA;208986;693;2021-02-09;70096
2021-02-08;"Prešovský kraj";161;36924;261;37185;NA;208986;422;2021-02-08;69403
2021-02-07;"Prešovský kraj";21;34227;209;34436;NA;208986;230;2021-02-07;68981
2021-02-06;"Prešovský kraj";176;69164;360;69524;NA;208986;536;2021-02-06;68751
2021-02-05;"Prešovský kraj";177;31271;262;31533;NA;208986;439;2021-02-05;68215
2021-02-04;"Prešovský kraj";176;13080;237;13317;NA;208986;413;2021-02-04;67776
2021-02-03;"Prešovský kraj";251;8421;236;8657;NA;208986;487;2021-02-03;67363
2021-02-02;"Prešovský kraj";249;11769;264;12033;NA;208986;513;2021-02-02;66876
2021-02-01;"Prešovský kraj";220;16059;316;16375;NA;208986;536;2021-02-01;66363
2021-01-31;"Prešovský kraj";42;10587;107;10694;NA;208986;149;2021-01-31;65827
2021-01-30;"Prešovský kraj";142;23939;215;24154;NA;208986;357;2021-01-30;65678
2021-01-29;"Prešovský kraj";185;17924;326;18250;NA;208986;511;2021-01-29;65321
2021-01-28;"Prešovský kraj";311;7348;150;7498;NA;208986;461;2021-01-28;64810
2021-01-27;"Prešovský kraj";153;9730;147;9877;NA;208986;300;2021-01-27;64349
2021-01-26;"Prešovský kraj";252;16653;151;16804;NA;208986;403;2021-01-26;64049
2021-01-25;"Prešovský kraj";196;30092;253;30345;NA;208986;449;2021-01-25;63646
2021-01-24;"Prešovský kraj";12;45706;304;46010;NA;208986;316;2021-01-24;63197
2021-01-23;"Prešovský kraj";189;96883;487;97370;NA;208986;676;2021-01-23;62881
2021-01-22;"Prešovský kraj";187;35383;261;35644;NA;208986;448;2021-01-22;62205
2021-01-21;"Prešovský kraj";187;20434;212;20646;NA;208986;399;2021-01-21;61757
2021-01-20;"Prešovský kraj";253;14782;195;14977;NA;208986;448;2021-01-20;61358
2021-01-19;"Prešovský kraj";281;12329;305;12634;NA;208986;586;2021-01-19;60910
2021-01-18;"Prešovský kraj";203;10422;336;10758;NA;208986;539;2021-01-18;60324
2021-01-17;"Prešovský kraj";107;14391;1008;15399;NA;208986;1115;2021-01-17;59785
2021-01-16;"Prešovský kraj";72;1838;81;1919;NA;208986;153;2021-01-16;58670
2021-01-15;"Prešovský kraj";159;7033;257;7290;NA;208986;416;2021-01-15;58517
2021-01-14;"Prešovský kraj";268;5534;256;5790;NA;208986;524;2021-01-14;58101
2021-01-13;"Prešovský kraj";342;5649;226;5875;NA;208986;568;2021-01-13;57577
2021-01-12;"Prešovský kraj";455;8251;386;8637;NA;208986;841;2021-01-12;57009
2021-01-11;"Prešovský kraj";343;8149;471;8620;NA;208986;814;2021-01-11;56168
2021-01-10;"Prešovský kraj";63;476;23;499;NA;208986;86;2021-01-10;55354
2021-01-09;"Prešovský kraj";439;2248;125;2373;NA;208986;564;2021-01-09;55268
2021-01-08;"Prešovský kraj";430;10416;561;10977;NA;208986;991;2021-01-08;54704
2021-01-07;"Prešovský kraj";268;7432;622;8054;NA;208986;890;2021-01-07;53713
2021-01-06;"Prešovský kraj";315;1484;134;1618;NA;208986;449;2021-01-06;52823
2021-01-05;"Prešovský kraj";655;11275;976;12251;NA;208986;1631;2021-01-05;52374
2021-01-04;"Prešovský kraj";371;16845;1789;18634;NA;208986;2160;2021-01-04;50743
2021-01-03;"Prešovský kraj";89;459;41;500;NA;208986;130;2021-01-03;48583
2021-01-02;"Prešovský kraj";65;1556;160;1716;NA;208986;225;2021-01-02;48453
2021-01-01;"Prešovský kraj";174;956;71;1027;NA;208986;245;2021-01-01;48228
2020-12-31;"Prešovský kraj";640;11959;783;12742;NA;208986;1423;2020-12-31;47983
2020-12-30;"Prešovský kraj";729;8729;769;9498;NA;208986;1498;2020-12-30;46560
2020-12-29;"Prešovský kraj";435;9273;949;10222;NA;208986;1384;2020-12-29;45062
2020-12-28;"Prešovský kraj";393;9046;1079;10125;NA;208986;1472;2020-12-28;43678
2020-12-27;"Prešovský kraj";40;613;45;658;NA;208986;85;2020-12-27;42206
2020-12-26;"Prešovský kraj";64;176;12;188;NA;208986;76;2020-12-26;42121
2020-12-25;"Prešovský kraj";208;274;11;285;NA;208986;219;2020-12-25;42045
2020-12-24;"Prešovský kraj";452;1214;85;1299;NA;208986;537;2020-12-24;41826
2020-12-23;"Prešovský kraj";361;11006;618;11624;NA;208986;979;2020-12-23;41289
2020-12-22;"Prešovský kraj";439;9023;695;9718;NA;208986;1134;2020-12-22;40310
2020-12-21;"Prešovský kraj";432;9577;847;10424;NA;208986;1279;2020-12-21;39176
2020-12-20;"Prešovský kraj";184;396;20;416;NA;208986;204;2020-12-20;37897
2020-12-19;"Prešovský kraj";276;1658;151;1809;NA;208986;427;2020-12-19;37693
2020-12-18;"Prešovský kraj";396;8246;566;8812;NA;208986;962;2020-12-18;37266
2020-12-17;"Prešovský kraj";427;10505;866;11371;NA;208986;1293;2020-12-17;36304
2020-12-16;"Prešovský kraj";466;5613;473;6086;NA;208986;939;2020-12-16;35011
2020-12-15;"Prešovský kraj";411;5406;574;5980;NA;208986;985;2020-12-15;34072
2020-12-14;"Prešovský kraj";334;5538;477;6015;NA;208986;811;2020-12-14;33087
2020-12-13;"Prešovský kraj";89;29;8;37;NA;208986;97;2020-12-13;32276
2020-12-12;"Prešovský kraj";319;2474;166;2640;NA;208986;485;2020-12-12;32179
2020-12-11;"Prešovský kraj";560;5602;402;6004;NA;208986;962;2020-12-11;31694
2020-12-10;"Prešovský kraj";337;5019;423;5442;NA;208986;760;2020-12-10;30732
2020-12-09;"Prešovský kraj";358;4357;314;4671;NA;208986;672;2020-12-09;29972
2020-12-08;"Prešovský kraj";350;6629;651;7280;NA;208986;1001;2020-12-08;29300
2020-12-07;"Prešovský kraj";309;4345;327;4672;NA;208986;636;2020-12-07;28299
2020-12-06;"Prešovský kraj";59;655;26;681;NA;208986;85;2020-12-06;27663
2020-12-05;"Prešovský kraj";218;984;87;1071;NA;208986;305;2020-12-05;27578
2020-12-04;"Prešovský kraj";352;5070;293;5363;NA;208986;645;2020-12-04;27273
2020-12-03;"Prešovský kraj";284;2456;179;2635;NA;208986;463;2020-12-03;26628
2020-12-02;"Prešovský kraj";232;2830;225;3055;NA;208986;457;2020-12-02;26165
2020-12-01;"Prešovský kraj";281;1884;196;2080;NA;208986;477;2020-12-01;25708
2020-11-30;"Prešovský kraj";196;5333;97;5430;NA;208986;293;2020-11-30;25231
2020-11-29;"Prešovský kraj";27;379;42;421;NA;208986;69;2020-11-29;24938
2020-11-28;"Prešovský kraj";199;772;77;849;NA;208986;276;2020-11-28;24869
2020-11-27;"Prešovský kraj";232;2350;130;2480;NA;208986;362;2020-11-27;24593
2020-11-26;"Prešovský kraj";263;3014;329;3343;NA;208986;592;2020-11-26;24231
2020-11-25;"Prešovský kraj";302;2174;103;2277;NA;208986;405;2020-11-25;23639
2020-11-24;"Prešovský kraj";365;1777;156;1933;NA;208986;521;2020-11-24;23234
2020-11-23;"Prešovský kraj";164;1099;60;1159;NA;208986;224;2020-11-23;22713
2020-11-22;"Prešovský kraj";46;44;1;45;NA;208986;47;2020-11-22;22489
2020-11-21;"Prešovský kraj";205;754;62;816;NA;208986;267;2020-11-21;22442
2020-11-20;"Prešovský kraj";363;2258;102;2360;NA;208986;465;2020-11-20;22175
2020-11-19;"Prešovský kraj";359;2096;238;2334;NA;208986;597;2020-11-19;21710
2020-11-18;"Prešovský kraj";270;488;43;531;NA;208986;313;2020-11-18;21113
2020-11-17;"Prešovský kraj";347;205;23;228;NA;208986;370;2020-11-17;20800
2020-11-16;"Prešovský kraj";226;540;58;598;NA;208986;284;2020-11-16;20430
2020-11-15;"Prešovský kraj";186;39;4;43;NA;208986;190;2020-11-15;20146
2020-11-14;"Prešovský kraj";261;54;4;58;NA;208986;265;2020-11-14;19956
2020-11-13;"Prešovský kraj";395;166;8;174;NA;208986;403;2020-11-13;19691
2020-11-12;"Prešovský kraj";397;229;50;279;NA;208986;447;2020-11-12;19288
2020-11-11;"Prešovský kraj";516;161;15;176;NA;208986;531;2020-11-11;18841
2020-11-10;"Prešovský kraj";437;197;9;206;NA;208986;446;2020-11-10;18310
2020-11-09;"Prešovský kraj";190;4110;945;5055;NA;208986;1135;2020-11-09;17864
2020-11-08;"Prešovský kraj";97;2817;32;2849;NA;208986;129;2020-11-08;16729
2020-11-07;"Prešovský kraj";416;8578;81;8659;NA;208986;497;2020-11-07;16600
2020-11-06;"Prešovský kraj";520;4791;76;4867;NA;208986;596;2020-11-06;16103
2020-11-05;"Prešovský kraj";397;180;5;185;NA;208986;402;2020-11-05;15507
2020-11-04;"Prešovský kraj";350;807;8;815;NA;208986;358;2020-11-04;15105
2020-11-03;"Prešovský kraj";565;98;12;110;NA;208986;577;2020-11-03;14747
2020-11-02;"Prešovský kraj";203;4158;1004;5162;NA;208986;1207;2020-11-02;14170
2020-11-01;"Prešovský kraj";386;2906;53;2959;NA;208986;439;2020-11-01;12963
2020-10-31;"Prešovský kraj";315;10497;170;10667;NA;208986;485;2020-10-31;12524
2020-10-30;"Prešovský kraj";552;2949;65;3014;NA;208986;617;2020-10-30;12039
2020-10-29;"Prešovský kraj";594;301;38;339;NA;208986;632;2020-10-29;11422
2020-10-28;"Prešovský kraj";617;291;46;337;NA;208986;663;2020-10-28;10790
2020-10-27;"Prešovský kraj";656;268;34;302;NA;208986;690;2020-10-27;10127
2020-10-26;"Prešovský kraj";137;363;57;420;NA;208986;194;2020-10-26;9437
2020-10-25;"Prešovský kraj";237;346;11;357;NA;208986;248;2020-10-25;9243
2020-10-24;"Prešovský kraj";719;200;12;212;NA;208986;731;2020-10-24;8995
2020-10-23;"Prešovský kraj";750;218;8;226;NA;208986;758;2020-10-23;8264
2020-10-22;"Prešovský kraj";646;396;30;426;NA;208986;676;2020-10-22;7506
2020-10-21;"Prešovský kraj";383;58;8;66;NA;208986;391;2020-10-21;6830
2020-10-20;"Prešovský kraj";493;65;7;72;NA;208986;500;2020-10-20;6439
2020-10-19;"Prešovský kraj";140;235;15;250;NA;208986;155;2020-10-19;5939
2020-10-18;"Prešovský kraj";209;0;0;0;NA;208986;209;2020-10-18;5784
2020-10-17;"Prešovský kraj";342;0;0;0;NA;208986;342;2020-10-17;5575
2020-10-16;"Prešovský kraj";388;57;3;60;NA;208986;391;2020-10-16;5233
2020-10-15;"Prešovský kraj";435;85;18;103;NA;208986;453;2020-10-15;4842
2020-10-14;"Prešovský kraj";451;54;10;64;NA;208986;461;2020-10-14;4389
2020-10-13;"Prešovský kraj";264;50;6;56;NA;208986;270;2020-10-13;3928
2020-10-12;"Prešovský kraj";214;334;35;369;NA;208986;249;2020-10-12;3658
2020-10-11;"Prešovský kraj";127;0;0;0;NA;208986;127;2020-10-11;3409
2020-10-10;"Prešovský kraj";248;0;0;0;NA;208986;248;2020-10-10;3282
2020-10-09;"Prešovský kraj";406;0;0;0;NA;208986;406;2020-10-09;3034
2020-10-08;"Prešovský kraj";245;0;0;0;NA;208986;245;2020-10-08;2628
2020-10-07;"Prešovský kraj";244;0;0;0;NA;208986;244;2020-10-07;2383
2020-10-06;"Prešovský kraj";166;0;0;0;NA;208986;166;2020-10-06;2139
2020-10-05;"Prešovský kraj";84;0;0;0;NA;208986;84;2020-10-05;1973
2020-10-04;"Prešovský kraj";118;0;0;0;NA;208986;118;2020-10-04;1889
2020-10-03;"Prešovský kraj";204;0;0;0;NA;208986;204;2020-10-03;1771
2020-10-02;"Prešovský kraj";149;0;0;0;NA;208986;149;2020-10-02;1567
2020-10-01;"Prešovský kraj";136;0;0;0;NA;208986;136;2020-10-01;1418
2020-09-30;"Prešovský kraj";121;0;0;0;NA;208986;121;2020-09-30;1282
2020-09-29;"Prešovský kraj";156;0;0;0;NA;208986;156;2020-09-29;1161
2020-09-28;"Prešovský kraj";51;0;0;0;NA;208986;51;2020-09-28;1005
2020-09-27;"Prešovský kraj";10;0;0;0;NA;208986;10;2020-09-27;954
2020-09-26;"Prešovský kraj";72;0;0;0;NA;208986;72;2020-09-26;944
2020-09-25;"Prešovský kraj";91;0;0;0;NA;208986;91;2020-09-25;872
2020-09-24;"Prešovský kraj";52;0;0;0;NA;208986;52;2020-09-24;781
2020-09-23;"Prešovský kraj";55;0;0;0;NA;208986;55;2020-09-23;729
2020-09-22;"Prešovský kraj";29;0;0;0;NA;208986;29;2020-09-22;674
2020-09-21;"Prešovský kraj";14;0;0;0;NA;208986;14;2020-09-21;645
2020-09-20;"Prešovský kraj";5;0;0;0;NA;208986;5;2020-09-20;631
2020-09-19;"Prešovský kraj";12;0;0;0;NA;208986;12;2020-09-19;626
2020-09-18;"Prešovský kraj";29;0;0;0;NA;208986;29;2020-09-18;614
2020-09-17;"Prešovský kraj";25;0;0;0;NA;208986;25;2020-09-17;585
2020-09-16;"Prešovský kraj";8;0;0;0;NA;208986;8;2020-09-16;560
2020-09-15;"Prešovský kraj";10;0;0;0;NA;208986;10;2020-09-15;552
2020-09-14;"Prešovský kraj";47;0;0;0;NA;208986;47;2020-09-14;542
2020-09-13;"Prešovský kraj";3;0;0;0;NA;208986;3;2020-09-13;495
2020-09-12;"Prešovský kraj";4;0;0;0;NA;208986;4;2020-09-12;492
2020-09-11;"Prešovský kraj";15;0;0;0;NA;208986;15;2020-09-11;488
2020-09-10;"Prešovský kraj";10;0;0;0;NA;208986;10;2020-09-10;473
2020-09-09;"Prešovský kraj";21;0;0;0;NA;208986;21;2020-09-09;463
2020-09-08;"Prešovský kraj";23;0;0;0;NA;208986;23;2020-09-08;442
2020-09-07;"Prešovský kraj";5;0;0;0;NA;208986;5;2020-09-07;419
2020-09-06;"Prešovský kraj";3;0;0;0;NA;208986;3;2020-09-06;414
2020-09-05;"Prešovský kraj";7;0;0;0;NA;208986;7;2020-09-05;411
2020-09-04;"Prešovský kraj";24;0;0;0;NA;208986;24;2020-09-04;404
2020-09-03;"Prešovský kraj";8;0;0;0;NA;208986;8;2020-09-03;380
2020-09-02;"Prešovský kraj";9;0;0;0;NA;208986;9;2020-09-02;372
2020-09-01;"Prešovský kraj";6;0;0;0;NA;208986;6;2020-09-01;363
2020-08-31;"Prešovský kraj";3;0;0;0;NA;208986;3;2020-08-31;357
2020-08-30;"Prešovský kraj";6;0;0;0;NA;208986;6;2020-08-30;354
2020-08-29;"Prešovský kraj";4;0;0;0;NA;208986;4;2020-08-29;348
2020-08-28;"Prešovský kraj";6;0;0;0;NA;208986;6;2020-08-28;344
2020-08-27;"Prešovský kraj";7;0;0;0;NA;208986;7;2020-08-27;338
2020-08-26;"Prešovský kraj";22;0;0;0;NA;208986;22;2020-08-26;331
2020-08-25;"Prešovský kraj";1;0;0;0;NA;208986;1;2020-08-25;309
2020-08-24;"Prešovský kraj";5;0;0;0;NA;208986;5;2020-08-24;308
2020-08-23;"Prešovský kraj";3;0;0;0;NA;208986;3;2020-08-23;303
2020-08-22;"Prešovský kraj";3;0;0;0;NA;208986;3;2020-08-22;300
2020-08-21;"Prešovský kraj";11;0;0;0;NA;208986;11;2020-08-21;297
2020-08-20;"Prešovský kraj";8;0;0;0;NA;208986;8;2020-08-20;286
2020-08-19;"Prešovský kraj";8;0;0;0;NA;208986;8;2020-08-19;278
2020-08-18;"Prešovský kraj";6;0;0;0;NA;208986;6;2020-08-18;270
2020-08-17;"Prešovský kraj";1;0;0;0;NA;208986;1;2020-08-17;264
2020-08-16;"Prešovský kraj";0;0;0;0;NA;208986;0;2020-08-16;263
2020-08-15;"Prešovský kraj";8;0;0;0;NA;208986;8;2020-08-15;263
2020-08-14;"Prešovský kraj";6;0;0;0;NA;208986;6;2020-08-14;255
2020-08-13;"Prešovský kraj";8;0;0;0;NA;208986;8;2020-08-13;249
2020-08-12;"Prešovský kraj";19;0;0;0;NA;208986;19;2020-08-12;241
2020-08-11;"Prešovský kraj";3;0;0;0;NA;208986;3;2020-08-11;222
2020-08-10;"Prešovský kraj";0;0;0;0;NA;208986;0;2020-08-10;219
2020-08-09;"Prešovský kraj";0;0;0;0;NA;208986;0;2020-08-09;219
2020-08-08;"Prešovský kraj";2;0;0;0;NA;208986;2;2020-08-08;219
2020-08-07;"Prešovský kraj";6;0;0;0;NA;208986;6;2020-08-07;217
2020-08-06;"Prešovský kraj";2;0;0;0;NA;208986;2;2020-08-06;211
2020-08-05;"Prešovský kraj";8;0;0;0;NA;208986;8;2020-08-05;209
2020-08-04;"Prešovský kraj";5;0;0;0;NA;208986;5;2020-08-04;201
2020-08-03;"Prešovský kraj";4;0;0;0;NA;208986;4;2020-08-03;196
2020-08-02;"Prešovský kraj";6;0;0;0;NA;208986;6;2020-08-02;192
2020-08-01;"Prešovský kraj";0;0;0;0;NA;208986;0;2020-08-01;186
2020-07-31;"Prešovský kraj";2;0;0;0;NA;208986;2;2020-07-31;186
2020-07-30;"Prešovský kraj";6;0;0;0;NA;208986;6;2020-07-30;184
2020-07-29;"Prešovský kraj";5;0;0;0;NA;208986;5;2020-07-29;178
2020-07-28;"Prešovský kraj";0;0;0;0;NA;208986;0;2020-07-28;173
2020-07-27;"Prešovský kraj";1;0;0;0;NA;208986;1;2020-07-27;173
2020-07-26;"Prešovský kraj";1;0;0;0;NA;208986;1;2020-07-26;172
2020-07-25;"Prešovský kraj";21;0;0;0;NA;208986;21;2020-07-25;171
2020-07-24;"Prešovský kraj";1;0;0;0;NA;208986;1;2020-07-24;150
2020-07-23;"Prešovský kraj";5;0;0;0;NA;208986;5;2020-07-23;149
2020-07-22;"Prešovský kraj";1;0;0;0;NA;208986;1;2020-07-22;144
2020-07-21;"Prešovský kraj";2;0;0;0;NA;208986;2;2020-07-21;143
2020-07-20;"Prešovský kraj";1;0;0;0;NA;208986;1;2020-07-20;141
2020-07-19;"Prešovský kraj";0;0;0;0;NA;208986;0;2020-07-19;140
2020-07-18;"Prešovský kraj";0;0;0;0;NA;208986;0;2020-07-18;140
2020-07-17;"Prešovský kraj";3;0;0;0;NA;208986;3;2020-07-17;140
2020-07-16;"Prešovský kraj";1;0;0;0;NA;208986;1;2020-07-16;137
2020-07-15;"Prešovský kraj";5;0;0;0;NA;208986;5;2020-07-15;136
2020-07-14;"Prešovský kraj";5;0;0;0;NA;208986;5;2020-07-14;131
2020-07-13;"Prešovský kraj";1;0;0;0;NA;208986;1;2020-07-13;126
2020-07-12;"Prešovský kraj";1;0;0;0;NA;208986;1;2020-07-12;125
2020-07-11;"Prešovský kraj";6;0;0;0;NA;208986;6;2020-07-11;124
2020-07-10;"Prešovský kraj";5;0;0;0;NA;208986;5;2020-07-10;118
2020-07-09;"Prešovský kraj";2;0;0;0;NA;208986;2;2020-07-09;113
2020-07-08;"Prešovský kraj";14;0;0;0;NA;208986;14;2020-07-08;111
2020-07-07;"Prešovský kraj";2;0;0;0;NA;208986;2;2020-07-07;97
2020-07-06;"Prešovský kraj";0;0;0;0;NA;208986;0;2020-07-06;95
2020-07-05;"Prešovský kraj";0;0;0;0;NA;208986;0;2020-07-05;95
2020-07-04;"Prešovský kraj";1;0;0;0;NA;208986;1;2020-07-04;95
2020-07-03;"Prešovský kraj";3;0;0;0;NA;208986;3;2020-07-03;94
2020-07-02;"Prešovský kraj";0;0;0;0;NA;208986;0;2020-07-02;91
2020-07-01;"Prešovský kraj";0;0;0;0;NA;208986;0;2020-07-01;91
2020-06-30;"Prešovský kraj";7;0;0;0;NA;208986;7;2020-06-30;91
2020-06-29;"Prešovský kraj";0;0;0;0;NA;208986;0;2020-06-29;84
2020-06-28;"Prešovský kraj";0;0;0;0;NA;208986;0;2020-06-28;84
2020-06-27;"Prešovský kraj";3;0;0;0;NA;208986;3;2020-06-27;84
2020-06-26;"Prešovský kraj";3;0;0;0;NA;208986;3;2020-06-26;81
2020-06-25;"Prešovský kraj";0;0;0;0;NA;208986;0;2020-06-25;78
2020-06-24;"Prešovský kraj";4;0;0;0;NA;208986;4;2020-06-24;78
2020-06-23;"Prešovský kraj";0;0;0;0;NA;208986;0;2020-06-23;74
2020-06-22;"Prešovský kraj";0;0;0;0;NA;208986;0;2020-06-22;74
2020-06-21;"Prešovský kraj";0;0;0;0;NA;208986;0;2020-06-21;74
2020-06-20;"Prešovský kraj";0;0;0;0;NA;208986;0;2020-06-20;74
2020-06-19;"Prešovský kraj";1;0;0;0;NA;208986;1;2020-06-19;74
2020-06-18;"Prešovský kraj";0;0;0;0;NA;208986;0;2020-06-18;73
2020-06-17;"Prešovský kraj";0;0;0;0;NA;208986;0;2020-06-17;73
2020-06-16;"Prešovský kraj";6;0;0;0;NA;208986;6;2020-06-16;73
2020-06-14;"Prešovský kraj";0;0;0;0;NA;208986;0;2020-06-14;67
2020-06-13;"Prešovský kraj";0;0;0;0;NA;208986;0;2020-06-13;67
2020-06-12;"Prešovský kraj";1;0;0;0;NA;208986;1;2020-06-12;67
2020-06-11;"Prešovský kraj";0;0;0;0;NA;208986;0;2020-06-11;66
2020-06-10;"Prešovský kraj";0;0;0;0;NA;208986;0;2020-06-10;66
2020-06-09;"Prešovský kraj";0;0;0;0;NA;208986;0;2020-06-09;66
2020-06-08;"Prešovský kraj";0;0;0;0;NA;208986;0;2020-06-08;66
2020-06-07;"Prešovský kraj";0;0;0;0;NA;208986;0;2020-06-07;66
2020-06-05;"Prešovský kraj";0;0;0;0;NA;208986;0;2020-06-05;66
2020-06-03;"Prešovský kraj";0;0;0;0;NA;208986;0;2020-06-03;66
2020-06-02;"Prešovský kraj";1;0;0;0;NA;208986;1;2020-06-02;66
2020-05-31;"Prešovský kraj";1;0;0;0;NA;208986;1;2020-05-31;65
2020-05-29;"Prešovský kraj";0;0;0;0;NA;208986;0;2020-05-29;64
2020-05-27;"Prešovský kraj";0;0;0;0;NA;208986;0;2020-05-27;64
2020-05-26;"Prešovský kraj";0;0;0;0;NA;208986;0;2020-05-26;64
2020-05-25;"Prešovský kraj";0;0;0;0;NA;208986;0;2020-05-25;64
2020-05-24;"Prešovský kraj";0;0;0;0;NA;208986;0;2020-05-24;64
2020-05-23;"Prešovský kraj";0;0;0;0;NA;208986;0;2020-05-23;64
2020-05-22;"Prešovský kraj";0;0;0;0;NA;208986;0;2020-05-22;64
2020-05-21;"Prešovský kraj";1;0;0;0;NA;208986;1;2020-05-21;64
2020-05-20;"Prešovský kraj";0;0;0;0;NA;208986;0;2020-05-20;63
2020-05-19;"Prešovský kraj";0;0;0;0;NA;208986;0;2020-05-19;63
2020-05-17;"Prešovský kraj";0;0;0;0;NA;208986;0;2020-05-17;63
2020-05-16;"Prešovský kraj";0;0;0;0;NA;208986;0;2020-05-16;63
2020-05-15;"Prešovský kraj";0;0;0;0;NA;208986;0;2020-05-15;63
2020-05-14;"Prešovský kraj";0;0;0;0;NA;208986;0;2020-05-14;63
2020-05-13;"Prešovský kraj";1;0;0;0;NA;208986;1;2020-05-13;63
2020-05-12;"Prešovský kraj";0;0;0;0;NA;208986;0;2020-05-12;62
2020-05-11;"Prešovský kraj";1;0;0;0;NA;208986;1;2020-05-11;62
2020-05-09;"Prešovský kraj";0;0;0;0;NA;208986;0;2020-05-09;61
2020-05-07;"Prešovský kraj";0;0;0;0;NA;208986;0;2020-05-07;61
2020-05-06;"Prešovský kraj";0;0;0;0;NA;208986;0;2020-05-06;61
2020-05-05;"Prešovský kraj";1;0;0;0;NA;208986;1;2020-05-05;61
2020-05-04;"Prešovský kraj";0;0;0;0;NA;208986;0;2020-05-04;60
2020-05-03;"Prešovský kraj";0;0;0;0;NA;208986;0;2020-05-03;60
2020-05-02;"Prešovský kraj";0;0;0;0;NA;208986;0;2020-05-02;60
2020-05-01;"Prešovský kraj";2;0;0;0;NA;208986;2;2020-05-01;60
2020-04-30;"Prešovský kraj";0;0;0;0;NA;208986;0;2020-04-30;58
2020-04-29;"Prešovský kraj";1;0;0;0;NA;208986;1;2020-04-29;58
2020-04-28;"Prešovský kraj";1;0;0;0;NA;208986;1;2020-04-28;57
2020-04-27;"Prešovský kraj";2;0;0;0;NA;208986;2;2020-04-27;56
2020-04-26;"Prešovský kraj";0;0;0;0;NA;208986;0;2020-04-26;54
2020-04-25;"Prešovský kraj";0;0;0;0;NA;208986;0;2020-04-25;54
2020-04-24;"Prešovský kraj";0;0;0;0;NA;208986;0;2020-04-24;54
2020-04-23;"Prešovský kraj";2;0;0;0;NA;208986;2;2020-04-23;54
2020-04-22;"Prešovský kraj";11;0;0;0;NA;208986;11;2020-04-22;52
2020-04-21;"Prešovský kraj";12;0;0;0;NA;208986;12;2020-04-21;41
2020-04-20;"Prešovský kraj";2;0;0;0;NA;208986;2;2020-04-20;29
2020-04-19;"Prešovský kraj";4;0;0;0;NA;208986;4;2020-04-19;27
2020-04-18;"Prešovský kraj";1;0;0;0;NA;208986;1;2020-04-18;23
2020-04-17;"Prešovský kraj";4;0;0;0;NA;208986;4;2020-04-17;22
2020-04-16;"Prešovský kraj";9;0;0;0;NA;208986;9;2020-04-16;18
2020-04-15;"Prešovský kraj";21;0;0;0;NA;208986;21;2020-04-15;9
2020-04-14;"Prešovský kraj";1;0;0;0;NA;208986;1;2020-04-14;-12
2020-04-13;"Prešovský kraj";2;0;0;0;NA;208986;2;2020-04-13;-13
2020-04-12;"Prešovský kraj";6;0;0;0;NA;208986;6;2020-04-12;-15
2020-04-11;"Prešovský kraj";4;0;0;0;NA;208986;4;2020-04-11;-21
2020-04-10;"Prešovský kraj";0;0;0;0;NA;208986;0;2020-04-10;-25
2020-04-09;"Prešovský kraj";1;0;0;0;NA;208986;1;2020-04-09;-25
2020-04-08;"Prešovský kraj";0;0;0;0;NA;208986;0;2020-04-08;-26
2020-04-07;"Prešovský kraj";7;0;0;0;NA;208986;7;2020-04-07;-26
2020-04-06;"Prešovský kraj";10;0;0;0;NA;208986;10;2020-04-06;-33
2020-04-05;"Prešovský kraj";13;0;0;0;NA;208986;13;2020-04-05;-43
2020-04-04;"Prešovský kraj";1;0;0;0;NA;208986;1;2020-04-04;-56
2020-04-03;"Prešovský kraj";4;0;0;0;NA;208986;4;2020-04-03;-57
2020-04-02;"Prešovský kraj";6;0;0;0;NA;208986;6;2020-04-02;-61
2020-04-01;"Prešovský kraj";6;0;0;0;NA;208986;6;2020-04-01;-67
2020-03-31;"Prešovský kraj";6;0;0;0;NA;208986;6;2020-03-31;-73
2020-03-30;"Prešovský kraj";2;0;0;0;NA;208986;2;2020-03-30;-79
2020-03-29;"Prešovský kraj";2;0;0;0;NA;208986;2;2020-03-29;-81
2020-03-28;"Prešovský kraj";2;0;0;0;NA;208986;2;2020-03-28;-83
2020-03-27;"Prešovský kraj";1;0;0;0;NA;208986;1;2020-03-27;-85
2020-03-26;"Prešovský kraj";8;0;0;0;NA;208986;8;2020-03-26;-86
2020-03-25;"Prešovský kraj";1;0;0;0;NA;208986;1;2020-03-25;-94
2020-03-24;"Prešovský kraj";4;0;0;0;NA;208986;4;2020-03-24;-95
2020-03-23;"Prešovský kraj";0;0;0;0;NA;208986;0;2020-03-23;-99
2020-03-22;"Prešovský kraj";1;0;0;0;NA;208986;1;2020-03-22;-99
2020-03-21;"Prešovský kraj";2;0;0;0;NA;208986;2;2020-03-21;-100
2020-03-20;"Prešovský kraj";3;0;0;0;NA;208986;3;2020-03-20;-102
2020-03-19;"Prešovský kraj";2;0;0;0;NA;208986;2;2020-03-19;-105
2020-03-18;"Prešovský kraj";1;0;0;0;NA;208986;1;2020-03-18;-107
2020-03-17;"Prešovský kraj";1;0;0;0;NA;208986;1;2020-03-17;-108
2020-03-16;"Prešovský kraj";4;0;0;0;NA;208986;4;2020-03-16;-109
2020-03-15;"Prešovský kraj";0;0;0;0;NA;208986;0;2020-03-15;-113
2020-03-14;"Prešovský kraj";1;0;0;0;NA;208986;1;2020-03-14;-113
2020-03-13;"Prešovský kraj";0;0;0;0;NA;208986;0;2020-03-13;-114
2020-03-12;"Prešovský kraj";0;0;0;0;NA;208986;0;2020-03-12;-114
2020-03-11;"Prešovský kraj";0;0;0;0;NA;208986;0;2020-03-11;-114
2020-03-09;"Prešovský kraj";0;0;0;0;NA;208986;0;2020-03-09;-114
2020-03-08;"Prešovský kraj";0;0;0;0;NA;208986;0;2020-03-08;-114
2020-03-07;"Prešovský kraj";0;0;0;0;NA;208986;0;2020-03-07;-114
2020-03-06;"Prešovský kraj";0;0;0;0;NA;208986;0;2020-03-06;-114
2022-01-09;"Trenčiansky kraj";40;1948;35;1983;107557;173376;75;2022-01-09;173376
2022-01-08;"Trenčiansky kraj";267;1239;36;1275;NA;173376;303;2022-01-08;173301
2022-01-07;"Trenčiansky kraj";334;2107;52;2159;NA;173376;386;2022-01-07;172998
2022-01-06;"Trenčiansky kraj";75;1100;45;1145;NA;173376;120;2022-01-06;172612
2022-01-05;"Trenčiansky kraj";496;2724;62;2786;NA;173376;558;2022-01-05;172492
2022-01-04;"Trenčiansky kraj";521;3394;67;3461;NA;173376;588;2022-01-04;171934
2022-01-03;"Trenčiansky kraj";357;5380;108;5488;NA;173376;465;2022-01-03;171346
2022-01-02;"Trenčiansky kraj";179;2331;74;2405;NA;173376;253;2022-01-02;170881
2022-01-01;"Trenčiansky kraj";4;519;28;547;NA;173376;32;2022-01-01;170628
2021-12-31;"Trenčiansky kraj";443;1422;76;1498;NA;173376;519;2021-12-31;170596
2021-12-30;"Trenčiansky kraj";370;2341;126;2467;NA;173376;496;2021-12-30;170077
2021-12-29;"Trenčiansky kraj";429;2405;82;2487;NA;173376;511;2021-12-29;169581
2021-12-28;"Trenčiansky kraj";609;2690;105;2795;NA;173376;714;2021-12-28;169070
2021-12-27;"Trenčiansky kraj";546;3182;98;3280;NA;173376;644;2021-12-27;168356
2021-12-26;"Trenčiansky kraj";147;1089;78;1167;NA;173376;225;2021-12-26;167712
2021-12-25;"Trenčiansky kraj";52;485;26;511;NA;173376;78;2021-12-25;167487
2021-12-24;"Trenčiansky kraj";176;643;37;680;NA;173376;213;2021-12-24;167409
2021-12-23;"Trenčiansky kraj";532;2370;99;2469;NA;173376;631;2021-12-23;167196
2021-12-22;"Trenčiansky kraj";512;2521;116;2637;NA;173376;628;2021-12-22;166565
2021-12-21;"Trenčiansky kraj";694;3209;117;3326;NA;173376;811;2021-12-21;165937
2021-12-20;"Trenčiansky kraj";488;6610;199;6809;NA;173376;687;2021-12-20;165126
2021-12-19;"Trenčiansky kraj";202;2574;118;2692;NA;173376;320;2021-12-19;164439
2021-12-18;"Trenčiansky kraj";438;1752;108;1860;NA;173376;546;2021-12-18;164119
2021-12-17;"Trenčiansky kraj";427;4005;135;4140;NA;173376;562;2021-12-17;163573
2021-12-16;"Trenčiansky kraj";649;3169;177;3346;NA;173376;826;2021-12-16;163011
2021-12-15;"Trenčiansky kraj";791;4596;165;4761;NA;173376;956;2021-12-15;162185
2021-12-14;"Trenčiansky kraj";885;3590;139;3729;NA;173376;1024;2021-12-14;161229
2021-12-13;"Trenčiansky kraj";573;7310;247;7557;NA;173376;820;2021-12-13;160205
2021-12-12;"Trenčiansky kraj";306;3156;156;3312;NA;173376;462;2021-12-12;159385
2021-12-11;"Trenčiansky kraj";706;1876;138;2014;NA;173376;844;2021-12-11;158923
2021-12-10;"Trenčiansky kraj";789;3643;199;3842;NA;173376;988;2021-12-10;158079
2021-12-09;"Trenčiansky kraj";967;3847;202;4049;NA;173376;1169;2021-12-09;157091
2021-12-08;"Trenčiansky kraj";1020;4428;201;4629;NA;173376;1221;2021-12-08;155922
2021-12-07;"Trenčiansky kraj";1241;6231;214;6445;NA;173376;1455;2021-12-07;154701
2021-12-06;"Trenčiansky kraj";751;8778;421;9199;NA;173376;1172;2021-12-06;153246
2021-12-05;"Trenčiansky kraj";510;3610;210;3820;NA;173376;720;2021-12-05;152074
2021-12-04;"Trenčiansky kraj";1058;2043;156;2199;NA;173376;1214;2021-12-04;151354
2021-12-03;"Trenčiansky kraj";1272;4379;304;4683;NA;173376;1576;2021-12-03;150140
2021-12-02;"Trenčiansky kraj";2007;4087;263;4350;NA;173376;2270;2021-12-02;148564
2021-12-01;"Trenčiansky kraj";1000;4935;296;5231;NA;173376;1296;2021-12-01;146294
2021-11-30;"Trenčiansky kraj";1086;4702;329;5031;NA;173376;1415;2021-11-30;144998
2021-11-29;"Trenčiansky kraj";1165;10325;540;10865;NA;173376;1705;2021-11-29;143583
2021-11-28;"Trenčiansky kraj";664;5566;308;5874;NA;173376;972;2021-11-28;141878
2021-11-27;"Trenčiansky kraj";1080;2782;301;3083;NA;173376;1381;2021-11-27;140906
2021-11-26;"Trenčiansky kraj";1238;4493;346;4839;NA;173376;1584;2021-11-26;139525
2021-11-25;"Trenčiansky kraj";1018;3590;343;3933;NA;173376;1361;2021-11-25;137941
2021-11-24;"Trenčiansky kraj";1362;5559;466;6025;NA;173376;1828;2021-11-24;136580
2021-11-23;"Trenčiansky kraj";1140;3717;347;4064;NA;173376;1487;2021-11-23;134752
2021-11-22;"Trenčiansky kraj";920;6467;566;7033;NA;173376;1486;2021-11-22;133265
2021-11-21;"Trenčiansky kraj";413;3233;377;3610;NA;173376;790;2021-11-21;131779
2021-11-20;"Trenčiansky kraj";914;2379;341;2720;NA;173376;1255;2021-11-20;130989
2021-11-19;"Trenčiansky kraj";1261;3785;445;4230;NA;173376;1706;2021-11-19;129734
2021-11-18;"Trenčiansky kraj";810;5024;524;5548;NA;173376;1334;2021-11-18;128028
2021-11-17;"Trenčiansky kraj";796;1852;237;2089;NA;173376;1033;2021-11-17;126694
2021-11-16;"Trenčiansky kraj";859;4060;401;4461;NA;173376;1260;2021-11-16;125661
2021-11-15;"Trenčiansky kraj";720;5114;550;5664;NA;173376;1270;2021-11-15;124401
2021-11-14;"Trenčiansky kraj";447;2462;343;2805;NA;173376;790;2021-11-14;123131
2021-11-13;"Trenčiansky kraj";478;1879;254;2133;NA;173376;732;2021-11-13;122341
2021-11-12;"Trenčiansky kraj";784;3855;338;4193;NA;173376;1122;2021-11-12;121609
2021-11-11;"Trenčiansky kraj";805;3561;345;3906;NA;173376;1150;2021-11-11;120487
2021-11-10;"Trenčiansky kraj";647;3358;279;3637;NA;173376;926;2021-11-10;119337
2021-11-09;"Trenčiansky kraj";752;2886;304;3190;NA;173376;1056;2021-11-09;118411
2021-11-08;"Trenčiansky kraj";489;4643;348;4991;NA;173376;837;2021-11-08;117355
2021-11-07;"Trenčiansky kraj";405;2043;220;2263;NA;173376;625;2021-11-07;116518
2021-11-06;"Trenčiansky kraj";542;1755;176;1931;NA;173376;718;2021-11-06;115893
2021-11-05;"Trenčiansky kraj";677;3083;238;3321;NA;173376;915;2021-11-05;115175
2021-11-04;"Trenčiansky kraj";563;2713;229;2942;NA;173376;792;2021-11-04;114260
2021-11-03;"Trenčiansky kraj";619;2955;222;3177;NA;173376;841;2021-11-03;113468
2021-11-02;"Trenčiansky kraj";663;3808;309;4117;NA;173376;972;2021-11-02;112627
2021-11-01;"Trenčiansky kraj";219;1029;101;1130;NA;173376;320;2021-11-01;111655
2021-10-31;"Trenčiansky kraj";151;1462;152;1614;NA;173376;303;2021-10-31;111335
2021-10-30;"Trenčiansky kraj";345;1770;130;1900;NA;173376;475;2021-10-30;111032
2021-10-29;"Trenčiansky kraj";415;2860;129;2989;NA;173376;544;2021-10-29;110557
2021-10-28;"Trenčiansky kraj";429;2653;157;2810;NA;173376;586;2021-10-28;110013
2021-10-27;"Trenčiansky kraj";463;2612;93;2705;NA;173376;556;2021-10-27;109427
2021-10-26;"Trenčiansky kraj";419;2635;133;2768;NA;173376;552;2021-10-26;108871
2021-10-25;"Trenčiansky kraj";192;3370;130;3500;NA;173376;322;2021-10-25;108319
2021-10-24;"Trenčiansky kraj";121;1643;79;1722;NA;173376;200;2021-10-24;107997
2021-10-23;"Trenčiansky kraj";326;1737;64;1801;NA;173376;390;2021-10-23;107797
2021-10-22;"Trenčiansky kraj";358;2694;78;2772;NA;173376;436;2021-10-22;107407
2021-10-21;"Trenčiansky kraj";247;2343;74;2417;NA;173376;321;2021-10-21;106971
2021-10-20;"Trenčiansky kraj";302;2101;70;2171;NA;173376;372;2021-10-20;106650
2021-10-19;"Trenčiansky kraj";227;2847;59;2906;NA;173376;286;2021-10-19;106278
2021-10-18;"Trenčiansky kraj";143;2453;71;2524;NA;173376;214;2021-10-18;105992
2021-10-17;"Trenčiansky kraj";46;1457;31;1488;NA;173376;77;2021-10-17;105778
2021-10-16;"Trenčiansky kraj";76;1671;35;1706;NA;173376;111;2021-10-16;105701
2021-10-15;"Trenčiansky kraj";126;2925;50;2975;NA;173376;176;2021-10-15;105590
2021-10-14;"Trenčiansky kraj";103;1717;27;1744;NA;173376;130;2021-10-14;105414
2021-10-13;"Trenčiansky kraj";171;2656;28;2684;NA;173376;199;2021-10-13;105284
2021-10-12;"Trenčiansky kraj";114;2350;32;2382;NA;173376;146;2021-10-12;105085
2021-10-11;"Trenčiansky kraj";109;2541;48;2589;NA;173376;157;2021-10-11;104939
2021-10-10;"Trenčiansky kraj";17;1487;23;1510;NA;173376;40;2021-10-10;104782
2021-10-09;"Trenčiansky kraj";157;1809;16;1825;NA;173376;173;2021-10-09;104742
2021-10-08;"Trenčiansky kraj";82;3087;37;3124;NA;173376;119;2021-10-08;104569
2021-10-07;"Trenčiansky kraj";107;2039;30;2069;NA;173376;137;2021-10-07;104450
2021-10-06;"Trenčiansky kraj";193;2289;36;2325;NA;173376;229;2021-10-06;104313
2021-10-05;"Trenčiansky kraj";119;2229;40;2269;NA;173376;159;2021-10-05;104084
2021-10-04;"Trenčiansky kraj";105;2769;52;2821;NA;173376;157;2021-10-04;103925
2021-10-03;"Trenčiansky kraj";30;1558;27;1585;NA;173376;57;2021-10-03;103768
2021-10-02;"Trenčiansky kraj";107;1794;35;1829;NA;173376;142;2021-10-02;103711
2021-10-01;"Trenčiansky kraj";119;2690;37;2727;NA;173376;156;2021-10-01;103569
2021-09-30;"Trenčiansky kraj";74;2327;50;2377;NA;173376;124;2021-09-30;103413
2021-09-29;"Trenčiansky kraj";170;2150;30;2180;NA;173376;200;2021-09-29;103289
2021-09-28;"Trenčiansky kraj";95;2267;31;2298;NA;173376;126;2021-09-28;103089
2021-09-27;"Trenčiansky kraj";56;2813;57;2870;NA;173376;113;2021-09-27;102963
2021-09-26;"Trenčiansky kraj";20;1675;33;1708;NA;173376;53;2021-09-26;102850
2021-09-25;"Trenčiansky kraj";76;1674;21;1695;NA;173376;97;2021-09-25;102797
2021-09-24;"Trenčiansky kraj";104;3220;35;3255;NA;173376;139;2021-09-24;102700
2021-09-23;"Trenčiansky kraj";91;2251;27;2278;NA;173376;118;2021-09-23;102561
2021-09-22;"Trenčiansky kraj";90;2146;24;2170;NA;173376;114;2021-09-22;102443
2021-09-21;"Trenčiansky kraj";79;2307;29;2336;NA;173376;108;2021-09-21;102329
2021-09-20;"Trenčiansky kraj";78;2612;37;2649;NA;173376;115;2021-09-20;102221
2021-09-19;"Trenčiansky kraj";11;1571;20;1591;NA;173376;31;2021-09-19;102106
2021-09-18;"Trenčiansky kraj";53;2099;14;2113;NA;173376;67;2021-09-18;102075
2021-09-17;"Trenčiansky kraj";55;3143;26;3169;NA;173376;81;2021-09-17;102008
2021-09-16;"Trenčiansky kraj";52;2160;20;2180;NA;173376;72;2021-09-16;101927
2021-09-15;"Trenčiansky kraj";63;1043;7;1050;NA;173376;70;2021-09-15;101855
2021-09-14;"Trenčiansky kraj";67;2449;25;2474;NA;173376;92;2021-09-14;101785
2021-09-13;"Trenčiansky kraj";33;2271;35;2306;NA;173376;68;2021-09-13;101693
2021-09-12;"Trenčiansky kraj";3;1411;11;1422;NA;173376;14;2021-09-12;101625
2021-09-11;"Trenčiansky kraj";55;1729;6;1735;NA;173376;61;2021-09-11;101611
2021-09-10;"Trenčiansky kraj";49;2246;15;2261;NA;173376;64;2021-09-10;101550
2021-09-09;"Trenčiansky kraj";24;1684;30;1714;NA;173376;54;2021-09-09;101486
2021-09-08;"Trenčiansky kraj";54;1770;15;1785;NA;173376;69;2021-09-08;101432
2021-09-07;"Trenčiansky kraj";43;1393;18;1411;NA;173376;61;2021-09-07;101363
2021-09-06;"Trenčiansky kraj";47;1398;15;1413;NA;173376;62;2021-09-06;101302
2021-09-05;"Trenčiansky kraj";2;966;23;989;NA;173376;25;2021-09-05;101240
2021-09-04;"Trenčiansky kraj";41;925;4;929;NA;173376;45;2021-09-04;101215
2021-09-03;"Trenčiansky kraj";53;1421;15;1436;NA;173376;68;2021-09-03;101170
2021-09-02;"Trenčiansky kraj";7;999;14;1013;NA;173376;21;2021-09-02;101102
2021-09-01;"Trenčiansky kraj";27;431;8;439;NA;173376;35;2021-09-01;101081
2021-08-31;"Trenčiansky kraj";21;1146;15;1161;NA;173376;36;2021-08-31;101046
2021-08-30;"Trenčiansky kraj";32;1166;10;1176;NA;173376;42;2021-08-30;101010
2021-08-29;"Trenčiansky kraj";1;482;11;493;NA;173376;12;2021-08-29;100968
2021-08-28;"Trenčiansky kraj";9;976;10;986;NA;173376;19;2021-08-28;100956
2021-08-27;"Trenčiansky kraj";21;1599;1;1600;NA;173376;22;2021-08-27;100937
2021-08-26;"Trenčiansky kraj";8;992;6;998;NA;173376;14;2021-08-26;100915
2021-08-25;"Trenčiansky kraj";40;875;7;882;NA;173376;47;2021-08-25;100901
2021-08-24;"Trenčiansky kraj";4;822;4;826;NA;173376;8;2021-08-24;100854
2021-08-23;"Trenčiansky kraj";6;1165;17;1182;NA;173376;23;2021-08-23;100846
2021-08-22;"Trenčiansky kraj";0;726;10;736;NA;173376;10;2021-08-22;100823
2021-08-21;"Trenčiansky kraj";5;964;7;971;NA;173376;12;2021-08-21;100813
2021-08-20;"Trenčiansky kraj";15;1537;2;1539;NA;173376;17;2021-08-20;100801
2021-08-19;"Trenčiansky kraj";2;985;2;987;NA;173376;4;2021-08-19;100784
2021-08-18;"Trenčiansky kraj";6;814;7;821;NA;173376;13;2021-08-18;100780
2021-08-17;"Trenčiansky kraj";9;633;1;634;NA;173376;10;2021-08-17;100767
2021-08-16;"Trenčiansky kraj";5;925;3;928;NA;173376;8;2021-08-16;100757
2021-08-15;"Trenčiansky kraj";0;558;1;559;NA;173376;1;2021-08-15;100749
2021-08-14;"Trenčiansky kraj";12;574;6;580;NA;173376;18;2021-08-14;100748
2021-08-13;"Trenčiansky kraj";2;933;0;933;NA;173376;2;2021-08-13;100730
2021-08-12;"Trenčiansky kraj";2;564;3;567;NA;173376;5;2021-08-12;100728
2021-08-11;"Trenčiansky kraj";1;680;0;680;NA;173376;1;2021-08-11;100723
2021-08-10;"Trenčiansky kraj";8;530;1;531;NA;173376;9;2021-08-10;100722
2021-08-09;"Trenčiansky kraj";8;694;1;695;NA;173376;9;2021-08-09;100713
2021-08-08;"Trenčiansky kraj";0;468;0;468;NA;173376;0;2021-08-08;100704
2021-08-07;"Trenčiansky kraj";3;464;0;464;NA;173376;3;2021-08-07;100704
2021-08-06;"Trenčiansky kraj";3;955;1;956;NA;173376;4;2021-08-06;100701
2021-08-05;"Trenčiansky kraj";3;579;1;580;NA;173376;4;2021-08-05;100697
2021-08-04;"Trenčiansky kraj";14;546;3;549;NA;173376;17;2021-08-04;100693
2021-08-03;"Trenčiansky kraj";9;508;5;513;NA;173376;14;2021-08-03;100676
2021-08-02;"Trenčiansky kraj";1;807;2;809;NA;173376;3;2021-08-02;100662
2021-08-01;"Trenčiansky kraj";0;458;1;459;NA;173376;1;2021-08-01;100659
2021-07-31;"Trenčiansky kraj";4;525;2;527;NA;173376;6;2021-07-31;100658
2021-07-30;"Trenčiansky kraj";2;1069;0;1069;NA;173376;2;2021-07-30;100652
2021-07-29;"Trenčiansky kraj";5;708;0;708;NA;173376;5;2021-07-29;100650
2021-07-28;"Trenčiansky kraj";3;517;2;519;NA;173376;5;2021-07-28;100645
2021-07-27;"Trenčiansky kraj";6;551;1;552;NA;173376;7;2021-07-27;100640
2021-07-26;"Trenčiansky kraj";7;772;1;773;NA;173376;8;2021-07-26;100633
2021-07-25;"Trenčiansky kraj";0;487;2;489;NA;173376;2;2021-07-25;100625
2021-07-24;"Trenčiansky kraj";3;643;1;644;NA;173376;4;2021-07-24;100623
2021-07-23;"Trenčiansky kraj";3;1151;0;1151;NA;173376;3;2021-07-23;100619
2021-07-22;"Trenčiansky kraj";2;844;2;846;NA;173376;4;2021-07-22;100616
2021-07-21;"Trenčiansky kraj";8;661;2;663;NA;173376;10;2021-07-21;100612
2021-07-20;"Trenčiansky kraj";4;525;1;526;NA;173376;5;2021-07-20;100602
2021-07-19;"Trenčiansky kraj";0;866;4;870;NA;173376;4;2021-07-19;100597
2021-07-18;"Trenčiansky kraj";0;526;0;526;NA;173376;0;2021-07-18;100593
2021-07-17;"Trenčiansky kraj";3;673;0;673;NA;173376;3;2021-07-17;100593
2021-07-16;"Trenčiansky kraj";4;1122;0;1122;NA;173376;4;2021-07-16;100590
2021-07-15;"Trenčiansky kraj";2;824;0;824;NA;173376;2;2021-07-15;100586
2021-07-14;"Trenčiansky kraj";8;645;0;645;NA;173376;8;2021-07-14;100584
2021-07-13;"Trenčiansky kraj";1;520;3;523;NA;173376;4;2021-07-13;100576
2021-07-12;"Trenčiansky kraj";9;820;2;822;NA;173376;11;2021-07-12;100572
2021-07-11;"Trenčiansky kraj";0;611;2;613;NA;173376;2;2021-07-11;100561
2021-07-10;"Trenčiansky kraj";2;535;0;535;NA;173376;2;2021-07-10;100559
2021-07-09;"Trenčiansky kraj";7;1379;0;1379;NA;173376;7;2021-07-09;100557
2021-07-08;"Trenčiansky kraj";2;815;1;816;NA;173376;3;2021-07-08;100550
2021-07-07;"Trenčiansky kraj";2;928;0;928;NA;173376;2;2021-07-07;100547
2021-07-06;"Trenčiansky kraj";4;1041;1;1042;NA;173376;5;2021-07-06;100545
2021-07-05;"Trenčiansky kraj";1;508;0;508;NA;173376;1;2021-07-05;100540
2021-07-04;"Trenčiansky kraj";0;612;1;613;NA;173376;1;2021-07-04;100539
2021-07-03;"Trenčiansky kraj";3;815;1;816;NA;173376;4;2021-07-03;100538
2021-07-02;"Trenčiansky kraj";5;1583;2;1585;NA;173376;7;2021-07-02;100534
2021-07-01;"Trenčiansky kraj";4;1152;1;1153;NA;173376;5;2021-07-01;100527
2021-06-30;"Trenčiansky kraj";2;7021;6;7027;NA;173376;8;2021-06-30;100522
2021-06-29;"Trenčiansky kraj";4;2773;5;2778;NA;173376;9;2021-06-29;100514
2021-06-28;"Trenčiansky kraj";5;3644;4;3648;NA;173376;9;2021-06-28;100505
2021-06-27;"Trenčiansky kraj";0;2861;1;2862;NA;173376;1;2021-06-27;100496
2021-06-26;"Trenčiansky kraj";1;3547;4;3551;NA;173376;5;2021-06-26;100495
2021-06-25;"Trenčiansky kraj";2;4626;1;4627;NA;173376;3;2021-06-25;100490
2021-06-24;"Trenčiansky kraj";3;3320;4;3324;NA;173376;7;2021-06-24;100487
2021-06-23;"Trenčiansky kraj";4;2808;2;2810;NA;173376;6;2021-06-23;100480
2021-06-22;"Trenčiansky kraj";7;3137;4;3141;NA;173376;11;2021-06-22;100474
2021-06-21;"Trenčiansky kraj";10;3891;4;3895;NA;173376;14;2021-06-21;100463
2021-06-20;"Trenčiansky kraj";0;3579;5;3584;NA;173376;5;2021-06-20;100449
2021-06-19;"Trenčiansky kraj";5;4528;1;4529;NA;173376;6;2021-06-19;100444
2021-06-18;"Trenčiansky kraj";7;6725;7;6732;NA;173376;14;2021-06-18;100438
2021-06-17;"Trenčiansky kraj";0;3469;6;3475;NA;173376;6;2021-06-17;100424
2021-06-16;"Trenčiansky kraj";4;3183;3;3186;NA;173376;7;2021-06-16;100418
2021-06-15;"Trenčiansky kraj";10;3697;2;3699;NA;173376;12;2021-06-15;100411
2021-06-14;"Trenčiansky kraj";10;4805;15;4820;NA;173376;25;2021-06-14;100399
2021-06-13;"Trenčiansky kraj";0;4643;4;4647;NA;173376;4;2021-06-13;100374
2021-06-12;"Trenčiansky kraj";4;5260;8;5268;NA;173376;12;2021-06-12;100370
2021-06-11;"Trenčiansky kraj";10;7365;11;7376;NA;173376;21;2021-06-11;100358
2021-06-10;"Trenčiansky kraj";5;4345;7;4352;NA;173376;12;2021-06-10;100337
2021-06-09;"Trenčiansky kraj";7;3693;7;3700;NA;173376;14;2021-06-09;100325
2021-06-08;"Trenčiansky kraj";21;3965;7;3972;NA;173376;28;2021-06-08;100311
2021-06-07;"Trenčiansky kraj";13;5560;10;5570;NA;173376;23;2021-06-07;100283
2021-06-06;"Trenčiansky kraj";0;5500;10;5510;NA;173376;10;2021-06-06;100260
2021-06-05;"Trenčiansky kraj";7;6511;5;6516;NA;173376;12;2021-06-05;100250
2021-06-04;"Trenčiansky kraj";16;7653;3;7656;NA;173376;19;2021-06-04;100238
2021-06-03;"Trenčiansky kraj";9;4485;10;4495;NA;173376;19;2021-06-03;100219
2021-06-02;"Trenčiansky kraj";28;4329;8;4337;NA;173376;36;2021-06-02;100200
2021-06-01;"Trenčiansky kraj";22;5396;18;5414;NA;173376;40;2021-06-01;100164
2021-05-31;"Trenčiansky kraj";30;6117;24;6141;NA;173376;54;2021-05-31;100124
2021-05-30;"Trenčiansky kraj";0;8258;16;8274;NA;173376;16;2021-05-30;100070
2021-05-29;"Trenčiansky kraj";13;7915;14;7929;NA;173376;27;2021-05-29;100054
2021-05-28;"Trenčiansky kraj";22;8995;25;9020;NA;173376;47;2021-05-28;100027
2021-05-27;"Trenčiansky kraj";6;5205;12;5217;NA;173376;18;2021-05-27;99980
2021-05-26;"Trenčiansky kraj";26;5069;15;5084;NA;173376;41;2021-05-26;99962
2021-05-25;"Trenčiansky kraj";18;6168;24;6192;NA;173376;42;2021-05-25;99921
2021-05-24;"Trenčiansky kraj";19;9292;37;9329;NA;173376;56;2021-05-24;99879
2021-05-23;"Trenčiansky kraj";0;9083;26;9109;NA;173376;26;2021-05-23;99823
2021-05-22;"Trenčiansky kraj";11;11314;21;11335;NA;173376;32;2021-05-22;99797
2021-05-21;"Trenčiansky kraj";23;11572;26;11598;NA;173376;49;2021-05-21;99765
2021-05-20;"Trenčiansky kraj";23;6320;25;6345;NA;173376;48;2021-05-20;99716
2021-05-19;"Trenčiansky kraj";16;5694;32;5726;NA;173376;48;2021-05-19;99668
2021-05-18;"Trenčiansky kraj";26;7779;28;7807;NA;173376;54;2021-05-18;99620
2021-05-17;"Trenčiansky kraj";37;7671;43;7714;NA;173376;80;2021-05-17;99566
2021-05-16;"Trenčiansky kraj";25;15615;41;15656;NA;173376;66;2021-05-16;99486
2021-05-15;"Trenčiansky kraj";3;21237;32;21269;NA;173376;35;2021-05-15;99420
2021-05-14;"Trenčiansky kraj";41;18676;42;18718;NA;173376;83;2021-05-14;99385
2021-05-13;"Trenčiansky kraj";41;8195;24;8219;NA;173376;65;2021-05-13;99302
2021-05-12;"Trenčiansky kraj";41;7409;31;7440;NA;173376;72;2021-05-12;99237
2021-05-11;"Trenčiansky kraj";66;10507;32;10539;NA;173376;98;2021-05-11;99165
2021-05-10;"Trenčiansky kraj";48;12989;55;13044;NA;173376;103;2021-05-10;99067
2021-05-09;"Trenčiansky kraj";52;17737;39;17776;NA;173376;91;2021-05-09;98964
2021-05-08;"Trenčiansky kraj";3;23822;33;23855;NA;173376;36;2021-05-08;98873
2021-05-07;"Trenčiansky kraj";45;23549;56;23605;NA;173376;101;2021-05-07;98837
2021-05-06;"Trenčiansky kraj";26;10771;44;10815;NA;173376;70;2021-05-06;98736
2021-05-05;"Trenčiansky kraj";73;9377;41;9418;NA;173376;114;2021-05-05;98666
2021-05-04;"Trenčiansky kraj";55;12733;53;12786;NA;173376;108;2021-05-04;98552
2021-05-03;"Trenčiansky kraj";60;15331;51;15382;NA;173376;111;2021-05-03;98444
2021-05-02;"Trenčiansky kraj";0;31152;65;31217;NA;173376;65;2021-05-02;98333
2021-05-01;"Trenčiansky kraj";71;56982;60;57042;NA;173376;131;2021-05-01;98268
2021-04-30;"Trenčiansky kraj";77;29427;61;29488;NA;173376;138;2021-04-30;98137
2021-04-29;"Trenčiansky kraj";49;13184;59;13243;NA;173376;108;2021-04-29;97999
2021-04-28;"Trenčiansky kraj";79;12537;52;12589;NA;173376;131;2021-04-28;97891
2021-04-27;"Trenčiansky kraj";107;15527;40;15567;NA;173376;147;2021-04-27;97760
2021-04-26;"Trenčiansky kraj";52;21070;63;21133;NA;173376;115;2021-04-26;97613
2021-04-25;"Trenčiansky kraj";0;34560;48;34608;NA;173376;48;2021-04-25;97498
2021-04-24;"Trenčiansky kraj";76;72398;100;72498;NA;173376;176;2021-04-24;97450
2021-04-23;"Trenčiansky kraj";143;29959;79;30038;NA;173376;222;2021-04-23;97274
2021-04-22;"Trenčiansky kraj";71;13847;64;13911;NA;173376;135;2021-04-22;97052
2021-04-21;"Trenčiansky kraj";79;13000;67;13067;NA;173376;146;2021-04-21;96917
2021-04-20;"Trenčiansky kraj";142;17740;80;17820;NA;173376;222;2021-04-20;96771
2021-04-19;"Trenčiansky kraj";102;22631;103;22734;NA;173376;205;2021-04-19;96549
2021-04-18;"Trenčiansky kraj";3;40879;97;40976;NA;173376;100;2021-04-18;96344
2021-04-17;"Trenčiansky kraj";77;81498;136;81634;NA;173376;213;2021-04-17;96244
2021-04-16;"Trenčiansky kraj";100;31961;90;32051;NA;173376;190;2021-04-16;96031
2021-04-15;"Trenčiansky kraj";71;14479;69;14548;NA;173376;140;2021-04-15;95841
2021-04-14;"Trenčiansky kraj";135;15563;72;15635;NA;173376;207;2021-04-14;95701
2021-04-13;"Trenčiansky kraj";189;18721;75;18796;NA;173376;264;2021-04-13;95494
2021-04-12;"Trenčiansky kraj";97;23743;91;23834;NA;173376;188;2021-04-12;95230
2021-04-11;"Trenčiansky kraj";1;34735;75;34810;NA;173376;76;2021-04-11;95042
2021-04-10;"Trenčiansky kraj";81;83093;145;83238;NA;173376;226;2021-04-10;94966
2021-04-09;"Trenčiansky kraj";120;28014;91;28105;NA;173376;211;2021-04-09;94740
2021-04-08;"Trenčiansky kraj";112;13283;85;13368;NA;173376;197;2021-04-08;94529
2021-04-07;"Trenčiansky kraj";204;17688;123;17811;NA;173376;327;2021-04-07;94332
2021-04-06;"Trenčiansky kraj";157;28567;178;28745;NA;173376;335;2021-04-06;94005
2021-04-05;"Trenčiansky kraj";15;9227;64;9291;NA;173376;79;2021-04-05;93670
2021-04-04;"Trenčiansky kraj";2;20291;85;20376;NA;173376;87;2021-04-04;93591
2021-04-03;"Trenčiansky kraj";86;80473;221;80694;NA;173376;307;2021-04-03;93504
2021-04-02;"Trenčiansky kraj";126;21620;81;21701;NA;173376;207;2021-04-02;93197
2021-04-01;"Trenčiansky kraj";159;32376;139;32515;NA;173376;298;2021-04-01;92990
2021-03-31;"Trenčiansky kraj";198;20100;130;20230;NA;173376;328;2021-03-31;92692
2021-03-30;"Trenčiansky kraj";272;17305;136;17441;NA;173376;408;2021-03-30;92364
2021-03-29;"Trenčiansky kraj";142;19479;170;19649;NA;173376;312;2021-03-29;91956
2021-03-28;"Trenčiansky kraj";3;34759;116;34875;NA;173376;119;2021-03-28;91644
2021-03-27;"Trenčiansky kraj";130;77314;293;77607;NA;173376;423;2021-03-27;91525
2021-03-26;"Trenčiansky kraj";211;35095;157;35252;NA;173376;368;2021-03-26;91102
2021-03-25;"Trenčiansky kraj";184;16580;176;16756;NA;173376;360;2021-03-25;90734
2021-03-24;"Trenčiansky kraj";259;13102;171;13273;NA;173376;430;2021-03-24;90374
2021-03-23;"Trenčiansky kraj";349;17589;174;17763;NA;173376;523;2021-03-23;89944
2021-03-22;"Trenčiansky kraj";141;21116;213;21329;NA;173376;354;2021-03-22;89421
2021-03-21;"Trenčiansky kraj";85;32711;164;32875;NA;173376;249;2021-03-21;89067
2021-03-20;"Trenčiansky kraj";128;80035;322;80357;NA;173376;450;2021-03-20;88818
2021-03-19;"Trenčiansky kraj";231;34783;232;35015;NA;173376;463;2021-03-19;88368
2021-03-18;"Trenčiansky kraj";262;16105;178;16283;NA;173376;440;2021-03-18;87905
2021-03-17;"Trenčiansky kraj";366;13435;164;13599;NA;173376;530;2021-03-17;87465
2021-03-16;"Trenčiansky kraj";450;15282;241;15523;NA;173376;691;2021-03-16;86935
2021-03-15;"Trenčiansky kraj";162;21235;261;21496;NA;173376;423;2021-03-15;86244
2021-03-14;"Trenčiansky kraj";42;34416;238;34654;NA;173376;280;2021-03-14;85821
2021-03-13;"Trenčiansky kraj";270;79186;453;79639;NA;173376;723;2021-03-13;85541
2021-03-12;"Trenčiansky kraj";366;34795;307;35102;NA;173376;673;2021-03-12;84818
2021-03-11;"Trenčiansky kraj";302;15558;213;15771;NA;173376;515;2021-03-11;84145
2021-03-10;"Trenčiansky kraj";402;13585;237;13822;NA;173376;639;2021-03-10;83630
2021-03-09;"Trenčiansky kraj";586;17982;285;18267;NA;173376;871;2021-03-09;82991
2021-03-08;"Trenčiansky kraj";174;21704;363;22067;NA;173376;537;2021-03-08;82120
2021-03-07;"Trenčiansky kraj";4;33660;313;33973;NA;173376;317;2021-03-07;81583
2021-03-06;"Trenčiansky kraj";260;79661;529;80190;NA;173376;789;2021-03-06;81266
2021-03-05;"Trenčiansky kraj";326;32969;415;33384;NA;173376;741;2021-03-05;80477
2021-03-04;"Trenčiansky kraj";323;16821;317;17138;NA;173376;640;2021-03-04;79736
2021-03-03;"Trenčiansky kraj";413;13960;347;14307;NA;173376;760;2021-03-03;79096
2021-03-02;"Trenčiansky kraj";612;17794;344;18138;NA;173376;956;2021-03-02;78336
2021-03-01;"Trenčiansky kraj";217;21104;445;21549;NA;173376;662;2021-03-01;77380
2021-02-28;"Trenčiansky kraj";45;30238;376;30614;NA;173376;421;2021-02-28;76718
2021-02-27;"Trenčiansky kraj";277;78735;686;79421;NA;173376;963;2021-02-27;76297
2021-02-26;"Trenčiansky kraj";420;32940;434;33374;NA;173376;854;2021-02-26;75334
2021-02-25;"Trenčiansky kraj";424;14029;328;14357;NA;173376;752;2021-02-25;74480
2021-02-24;"Trenčiansky kraj";427;12014;399;12413;NA;173376;826;2021-02-24;73728
2021-02-23;"Trenčiansky kraj";577;14904;390;15294;NA;173376;967;2021-02-23;72902
2021-02-22;"Trenčiansky kraj";160;19969;468;20437;NA;173376;628;2021-02-22;71935
2021-02-21;"Trenčiansky kraj";64;29478;392;29870;NA;173376;456;2021-02-21;71307
2021-02-20;"Trenčiansky kraj";274;77840;745;78585;NA;173376;1019;2021-02-20;70851
2021-02-19;"Trenčiansky kraj";272;30260;523;30783;NA;173376;795;2021-02-19;69832
2021-02-18;"Trenčiansky kraj";355;14094;403;14497;NA;173376;758;2021-02-18;69037
2021-02-17;"Trenčiansky kraj";363;11412;376;11788;NA;173376;739;2021-02-17;68279
2021-02-16;"Trenčiansky kraj";488;17761;406;18167;NA;173376;894;2021-02-16;67540
2021-02-15;"Trenčiansky kraj";151;21846;463;22309;NA;173376;614;2021-02-15;66646
2021-02-14;"Trenčiansky kraj";2;31255;324;31579;NA;173376;326;2021-02-14;66032
2021-02-13;"Trenčiansky kraj";274;63006;522;63528;NA;173376;796;2021-02-13;65706
2021-02-12;"Trenčiansky kraj";276;27979;412;28391;NA;173376;688;2021-02-12;64910
2021-02-11;"Trenčiansky kraj";291;11567;323;11890;NA;173376;614;2021-02-11;64222
2021-02-10;"Trenčiansky kraj";304;11408;317;11725;NA;173376;621;2021-02-10;63608
2021-02-09;"Trenčiansky kraj";514;18412;360;18772;NA;173376;874;2021-02-09;62987
2021-02-08;"Trenčiansky kraj";182;26832;430;27262;NA;173376;612;2021-02-08;62113
2021-02-07;"Trenčiansky kraj";31;36781;341;37122;NA;173376;372;2021-02-07;61501
2021-02-06;"Trenčiansky kraj";216;63931;560;64491;NA;173376;776;2021-02-06;61129
2021-02-05;"Trenčiansky kraj";202;18164;367;18531;NA;173376;569;2021-02-05;60353
2021-02-04;"Trenčiansky kraj";266;7253;311;7564;NA;173376;577;2021-02-04;59784
2021-02-03;"Trenčiansky kraj";162;6723;320;7043;NA;173376;482;2021-02-03;59207
2021-02-02;"Trenčiansky kraj";347;8074;381;8455;NA;173376;728;2021-02-02;58725
2021-02-01;"Trenčiansky kraj";167;8921;311;9232;NA;173376;478;2021-02-01;57997
2021-01-31;"Trenčiansky kraj";7;19103;159;19262;NA;173376;166;2021-01-31;57519
2021-01-30;"Trenčiansky kraj";228;38167;332;38499;NA;173376;560;2021-01-30;57353
2021-01-29;"Trenčiansky kraj";214;7590;235;7825;NA;173376;449;2021-01-29;56793
2021-01-28;"Trenčiansky kraj";307;5442;158;5600;NA;173376;465;2021-01-28;56344
2021-01-27;"Trenčiansky kraj";166;4842;181;5023;NA;173376;347;2021-01-27;55879
2021-01-26;"Trenčiansky kraj";303;14589;250;14839;NA;173376;553;2021-01-26;55532
2021-01-25;"Trenčiansky kraj";160;24310;207;24517;NA;173376;367;2021-01-25;54979
2021-01-24;"Trenčiansky kraj";51;38369;282;38651;NA;173376;333;2021-01-24;54612
2021-01-23;"Trenčiansky kraj";206;114125;749;114874;NA;173376;955;2021-01-23;54279
2021-01-22;"Trenčiansky kraj";148;21831;241;22072;NA;173376;389;2021-01-22;53324
2021-01-21;"Trenčiansky kraj";143;8586;166;8752;NA;173376;309;2021-01-21;52935
2021-01-20;"Trenčiansky kraj";181;8189;227;8416;NA;173376;408;2021-01-20;52626
2021-01-19;"Trenčiansky kraj";363;6600;262;6862;NA;173376;625;2021-01-19;52218
2021-01-18;"Trenčiansky kraj";72;4970;321;5291;NA;173376;393;2021-01-18;51593
2021-01-17;"Trenčiansky kraj";124;156;11;167;NA;173376;135;2021-01-17;51200
2021-01-16;"Trenčiansky kraj";39;1288;53;1341;NA;173376;92;2021-01-16;51065
2021-01-15;"Trenčiansky kraj";264;4031;214;4245;NA;173376;478;2021-01-15;50973
2021-01-14;"Trenčiansky kraj";275;3193;189;3382;NA;173376;464;2021-01-14;50495
2021-01-13;"Trenčiansky kraj";222;3893;215;4108;NA;173376;437;2021-01-13;50031
2021-01-12;"Trenčiansky kraj";508;4604;261;4865;NA;173376;769;2021-01-12;49594
2021-01-11;"Trenčiansky kraj";142;4367;354;4721;NA;173376;496;2021-01-11;48825
2021-01-10;"Trenčiansky kraj";89;4969;77;5046;NA;173376;166;2021-01-10;48329
2021-01-09;"Trenčiansky kraj";276;8280;128;8408;NA;173376;404;2021-01-09;48163
2021-01-08;"Trenčiansky kraj";489;6435;484;6919;NA;173376;973;2021-01-08;47759
2021-01-07;"Trenčiansky kraj";420;6138;577;6715;NA;173376;997;2021-01-07;46786
2021-01-06;"Trenčiansky kraj";221;1021;64;1085;NA;173376;285;2021-01-06;45789
2021-01-05;"Trenčiansky kraj";669;5753;706;6459;NA;173376;1375;2021-01-05;45504
2021-01-04;"Trenčiansky kraj";337;5248;782;6030;NA;173376;1119;2021-01-04;44129
2021-01-03;"Trenčiansky kraj";38;114;15;129;NA;173376;53;2021-01-03;43010
2021-01-02;"Trenčiansky kraj";129;196;23;219;NA;173376;152;2021-01-02;42957
2021-01-01;"Trenčiansky kraj";329;347;23;370;NA;173376;352;2021-01-01;42805
2020-12-31;"Trenčiansky kraj";597;4943;557;5500;NA;173376;1154;2020-12-31;42453
2020-12-30;"Trenčiansky kraj";836;7012;762;7774;NA;173376;1598;2020-12-30;41299
2020-12-29;"Trenčiansky kraj";459;6121;1009;7130;NA;173376;1468;2020-12-29;39701
2020-12-28;"Trenčiansky kraj";258;4195;777;4972;NA;173376;1035;2020-12-28;38233
2020-12-27;"Trenčiansky kraj";5;208;36;244;NA;173376;41;2020-12-27;37198
2020-12-26;"Trenčiansky kraj";174;74;10;84;NA;173376;184;2020-12-26;37157
2020-12-25;"Trenčiansky kraj";251;325;47;372;NA;173376;298;2020-12-25;36973
2020-12-24;"Trenčiansky kraj";552;2194;256;2450;NA;173376;808;2020-12-24;36675
2020-12-23;"Trenčiansky kraj";421;6552;661;7213;NA;173376;1082;2020-12-23;35867
2020-12-22;"Trenčiansky kraj";673;5760;694;6454;NA;173376;1367;2020-12-22;34785
2020-12-21;"Trenčiansky kraj";248;13395;979;14374;NA;173376;1227;2020-12-21;33418
2020-12-20;"Trenčiansky kraj";238;12504;292;12796;NA;173376;530;2020-12-20;32191
2020-12-19;"Trenčiansky kraj";341;1611;150;1761;NA;173376;491;2020-12-19;31661
2020-12-18;"Trenčiansky kraj";521;5199;615;5814;NA;173376;1136;2020-12-18;31170
2020-12-17;"Trenčiansky kraj";670;3843;524;4367;NA;173376;1194;2020-12-17;30034
2020-12-16;"Trenčiansky kraj";461;4474;648;5122;NA;173376;1109;2020-12-16;28840
2020-12-15;"Trenčiansky kraj";595;3805;670;4475;NA;173376;1265;2020-12-15;27731
2020-12-14;"Trenčiansky kraj";318;2907;552;3459;NA;173376;870;2020-12-14;26466
2020-12-13;"Trenčiansky kraj";77;49;6;55;NA;173376;83;2020-12-13;25596
2020-12-12;"Trenčiansky kraj";314;1191;136;1327;NA;173376;450;2020-12-12;25513
2020-12-11;"Trenčiansky kraj";751;3773;453;4226;NA;173376;1204;2020-12-11;25063
2020-12-10;"Trenčiansky kraj";271;3354;473;3827;NA;173376;744;2020-12-10;23859
2020-12-09;"Trenčiansky kraj";508;3788;466;4254;NA;173376;974;2020-12-09;23115
2020-12-08;"Trenčiansky kraj";546;3440;522;3962;NA;173376;1068;2020-12-08;22141
2020-12-07;"Trenčiansky kraj";258;3832;468;4300;NA;173376;726;2020-12-07;21073
2020-12-06;"Trenčiansky kraj";114;179;10;189;NA;173376;124;2020-12-06;20347
2020-12-05;"Trenčiansky kraj";223;610;56;666;NA;173376;279;2020-12-05;20223
2020-12-04;"Trenčiansky kraj";253;2943;273;3216;NA;173376;526;2020-12-04;19944
2020-12-03;"Trenčiansky kraj";503;1714;178;1892;NA;173376;681;2020-12-03;19418
2020-12-02;"Trenčiansky kraj";418;1844;232;2076;NA;173376;650;2020-12-02;18737
2020-12-01;"Trenčiansky kraj";321;5642;351;5993;NA;173376;672;2020-12-01;18087
2020-11-30;"Trenčiansky kraj";167;11514;520;12034;NA;173376;687;2020-11-30;17415
2020-11-29;"Trenčiansky kraj";29;30;5;35;NA;173376;34;2020-11-29;16728
2020-11-28;"Trenčiansky kraj";202;1051;93;1144;NA;173376;295;2020-11-28;16694
2020-11-27;"Trenčiansky kraj";330;1888;186;2074;NA;173376;516;2020-11-27;16399
2020-11-26;"Trenčiansky kraj";395;1252;122;1374;NA;173376;517;2020-11-26;15883
2020-11-25;"Trenčiansky kraj";322;1444;160;1604;NA;173376;482;2020-11-25;15366
2020-11-24;"Trenčiansky kraj";348;2553;308;2861;NA;173376;656;2020-11-24;14884
2020-11-23;"Trenčiansky kraj";159;1186;122;1308;NA;173376;281;2020-11-23;14228
2020-11-22;"Trenčiansky kraj";26;30;7;37;NA;173376;33;2020-11-22;13947
2020-11-21;"Trenčiansky kraj";255;1376;69;1445;NA;173376;324;2020-11-21;13914
2020-11-20;"Trenčiansky kraj";316;861;93;954;NA;173376;409;2020-11-20;13590
2020-11-19;"Trenčiansky kraj";316;740;113;853;NA;173376;429;2020-11-19;13181
2020-11-18;"Trenčiansky kraj";233;379;66;445;NA;173376;299;2020-11-18;12752
2020-11-17;"Trenčiansky kraj";222;106;15;121;NA;173376;237;2020-11-17;12453
2020-11-16;"Trenčiansky kraj";245;236;45;281;NA;173376;290;2020-11-16;12216
2020-11-15;"Trenčiansky kraj";109;29;6;35;NA;173376;115;2020-11-15;11926
2020-11-14;"Trenčiansky kraj";190;74;11;85;NA;173376;201;2020-11-14;11811
2020-11-13;"Trenčiansky kraj";308;131;13;144;NA;173376;321;2020-11-13;11610
2020-11-12;"Trenčiansky kraj";324;124;5;129;NA;173376;329;2020-11-12;11289
2020-11-11;"Trenčiansky kraj";366;113;10;123;NA;173376;376;2020-11-11;10960
2020-11-10;"Trenčiansky kraj";277;106;6;112;NA;173376;283;2020-11-10;10584
2020-11-09;"Trenčiansky kraj";115;1407;48;1455;NA;173376;163;2020-11-09;10301
2020-11-08;"Trenčiansky kraj";81;1271;8;1279;NA;173376;89;2020-11-08;10138
2020-11-07;"Trenčiansky kraj";319;3662;59;3721;NA;173376;378;2020-11-07;10049
2020-11-06;"Trenčiansky kraj";383;6893;84;6977;NA;173376;467;2020-11-06;9671
2020-11-05;"Trenčiansky kraj";399;98;15;113;NA;173376;414;2020-11-05;9204
2020-11-04;"Trenčiansky kraj";370;91;9;100;NA;173376;379;2020-11-04;8790
2020-11-03;"Trenčiansky kraj";575;97;8;105;NA;173376;583;2020-11-03;8411
2020-11-02;"Trenčiansky kraj";197;1833;68;1901;NA;173376;265;2020-11-02;7828
2020-11-01;"Trenčiansky kraj";257;808;24;832;NA;173376;281;2020-11-01;7563
2020-10-31;"Trenčiansky kraj";332;4719;82;4801;NA;173376;414;2020-10-31;7282
2020-10-30;"Trenčiansky kraj";299;5283;102;5385;NA;173376;401;2020-10-30;6868
2020-10-29;"Trenčiansky kraj";496;764;68;832;NA;173376;564;2020-10-29;6467
2020-10-28;"Trenčiansky kraj";269;192;33;225;NA;173376;302;2020-10-28;5903
2020-10-27;"Trenčiansky kraj";473;127;27;154;NA;173376;500;2020-10-27;5601
2020-10-26;"Trenčiansky kraj";177;107;36;143;NA;173376;213;2020-10-26;5101
2020-10-25;"Trenčiansky kraj";138;9;5;14;NA;173376;143;2020-10-25;4888
2020-10-24;"Trenčiansky kraj";395;128;6;134;NA;173376;401;2020-10-24;4745
2020-10-23;"Trenčiansky kraj";301;154;8;162;NA;173376;309;2020-10-23;4344
2020-10-22;"Trenčiansky kraj";273;82;12;94;NA;173376;285;2020-10-22;4035
2020-10-21;"Trenčiansky kraj";183;53;9;62;NA;173376;192;2020-10-21;3750
2020-10-20;"Trenčiansky kraj";212;47;6;53;NA;173376;218;2020-10-20;3558
2020-10-19;"Trenčiansky kraj";41;83;25;108;NA;173376;66;2020-10-19;3340
2020-10-18;"Trenčiansky kraj";104;0;0;0;NA;173376;104;2020-10-18;3274
2020-10-17;"Trenčiansky kraj";157;0;0;0;NA;173376;157;2020-10-17;3170
2020-10-16;"Trenčiansky kraj";225;42;6;48;NA;173376;231;2020-10-16;3013
2020-10-15;"Trenčiansky kraj";255;39;4;43;NA;173376;259;2020-10-15;2782
2020-10-14;"Trenčiansky kraj";162;42;7;49;NA;173376;169;2020-10-14;2523
2020-10-13;"Trenčiansky kraj";124;105;12;117;NA;173376;136;2020-10-13;2354
2020-10-12;"Trenčiansky kraj";55;0;0;0;NA;173376;55;2020-10-12;2218
2020-10-11;"Trenčiansky kraj";73;0;0;0;NA;173376;73;2020-10-11;2163
2020-10-10;"Trenčiansky kraj";180;0;0;0;NA;173376;180;2020-10-10;2090
2020-10-09;"Trenčiansky kraj";198;0;0;0;NA;173376;198;2020-10-09;1910
2020-10-08;"Trenčiansky kraj";115;0;0;0;NA;173376;115;2020-10-08;1712
2020-10-07;"Trenčiansky kraj";75;0;0;0;NA;173376;75;2020-10-07;1597
2020-10-06;"Trenčiansky kraj";72;0;0;0;NA;173376;72;2020-10-06;1522
2020-10-05;"Trenčiansky kraj";32;0;0;0;NA;173376;32;2020-10-05;1450
2020-10-04;"Trenčiansky kraj";37;0;0;0;NA;173376;37;2020-10-04;1418
2020-10-03;"Trenčiansky kraj";79;0;0;0;NA;173376;79;2020-10-03;1381
2020-10-02;"Trenčiansky kraj";69;0;0;0;NA;173376;69;2020-10-02;1302
2020-10-01;"Trenčiansky kraj";58;0;0;0;NA;173376;58;2020-10-01;1233
2020-09-30;"Trenčiansky kraj";76;0;0;0;NA;173376;76;2020-09-30;1175
2020-09-29;"Trenčiansky kraj";43;0;0;0;NA;173376;43;2020-09-29;1099
2020-09-28;"Trenčiansky kraj";7;0;0;0;NA;173376;7;2020-09-28;1056
2020-09-27;"Trenčiansky kraj";12;0;0;0;NA;173376;12;2020-09-27;1049
2020-09-26;"Trenčiansky kraj";37;0;0;0;NA;173376;37;2020-09-26;1037
2020-09-25;"Trenčiansky kraj";72;0;0;0;NA;173376;72;2020-09-25;1000
2020-09-24;"Trenčiansky kraj";41;0;0;0;NA;173376;41;2020-09-24;928
2020-09-23;"Trenčiansky kraj";32;0;0;0;NA;173376;32;2020-09-23;887
2020-09-22;"Trenčiansky kraj";26;0;0;0;NA;173376;26;2020-09-22;855
2020-09-21;"Trenčiansky kraj";23;0;0;0;NA;173376;23;2020-09-21;829
2020-09-20;"Trenčiansky kraj";21;0;0;0;NA;173376;21;2020-09-20;806
2020-09-19;"Trenčiansky kraj";20;0;0;0;NA;173376;20;2020-09-19;785
2020-09-18;"Trenčiansky kraj";41;0;0;0;NA;173376;41;2020-09-18;765
2020-09-17;"Trenčiansky kraj";20;0;0;0;NA;173376;20;2020-09-17;724
2020-09-16;"Trenčiansky kraj";14;0;0;0;NA;173376;14;2020-09-16;704
2020-09-15;"Trenčiansky kraj";8;0;0;0;NA;173376;8;2020-09-15;690
2020-09-14;"Trenčiansky kraj";5;0;0;0;NA;173376;5;2020-09-14;682
2020-09-13;"Trenčiansky kraj";12;0;0;0;NA;173376;12;2020-09-13;677
2020-09-12;"Trenčiansky kraj";2;0;0;0;NA;173376;2;2020-09-12;665
2020-09-11;"Trenčiansky kraj";27;0;0;0;NA;173376;27;2020-09-11;663
2020-09-10;"Trenčiansky kraj";15;0;0;0;NA;173376;15;2020-09-10;636
2020-09-09;"Trenčiansky kraj";11;0;0;0;NA;173376;11;2020-09-09;621
2020-09-08;"Trenčiansky kraj";12;0;0;0;NA;173376;12;2020-09-08;610
2020-09-07;"Trenčiansky kraj";6;0;0;0;NA;173376;6;2020-09-07;598
2020-09-06;"Trenčiansky kraj";1;0;0;0;NA;173376;1;2020-09-06;592
2020-09-05;"Trenčiansky kraj";3;0;0;0;NA;173376;3;2020-09-05;591
2020-09-04;"Trenčiansky kraj";9;0;0;0;NA;173376;9;2020-09-04;588
2020-09-03;"Trenčiansky kraj";10;0;0;0;NA;173376;10;2020-09-03;579
2020-09-02;"Trenčiansky kraj";5;0;0;0;NA;173376;5;2020-09-02;569
2020-09-01;"Trenčiansky kraj";1;0;0;0;NA;173376;1;2020-09-01;564
2020-08-31;"Trenčiansky kraj";12;0;0;0;NA;173376;12;2020-08-31;563
2020-08-30;"Trenčiansky kraj";0;0;0;0;NA;173376;0;2020-08-30;551
2020-08-29;"Trenčiansky kraj";1;0;0;0;NA;173376;1;2020-08-29;551
2020-08-28;"Trenčiansky kraj";12;0;0;0;NA;173376;12;2020-08-28;550
2020-08-27;"Trenčiansky kraj";10;0;0;0;NA;173376;10;2020-08-27;538
2020-08-26;"Trenčiansky kraj";15;0;0;0;NA;173376;15;2020-08-26;528
2020-08-25;"Trenčiansky kraj";12;0;0;0;NA;173376;12;2020-08-25;513
2020-08-24;"Trenčiansky kraj";4;0;0;0;NA;173376;4;2020-08-24;501
2020-08-23;"Trenčiansky kraj";5;0;0;0;NA;173376;5;2020-08-23;497
2020-08-22;"Trenčiansky kraj";6;0;0;0;NA;173376;6;2020-08-22;492
2020-08-21;"Trenčiansky kraj";6;0;0;0;NA;173376;6;2020-08-21;486
2020-08-20;"Trenčiansky kraj";20;0;0;0;NA;173376;20;2020-08-20;480
2020-08-19;"Trenčiansky kraj";17;0;0;0;NA;173376;17;2020-08-19;460
2020-08-18;"Trenčiansky kraj";9;0;0;0;NA;173376;9;2020-08-18;443
2020-08-17;"Trenčiansky kraj";4;0;0;0;NA;173376;4;2020-08-17;434
2020-08-16;"Trenčiansky kraj";0;0;0;0;NA;173376;0;2020-08-16;430
2020-08-15;"Trenčiansky kraj";9;0;0;0;NA;173376;9;2020-08-15;430
2020-08-14;"Trenčiansky kraj";15;0;0;0;NA;173376;15;2020-08-14;421
2020-08-13;"Trenčiansky kraj";23;0;0;0;NA;173376;23;2020-08-13;406
2020-08-12;"Trenčiansky kraj";6;0;0;0;NA;173376;6;2020-08-12;383
2020-08-11;"Trenčiansky kraj";7;0;0;0;NA;173376;7;2020-08-11;377
2020-08-10;"Trenčiansky kraj";9;0;0;0;NA;173376;9;2020-08-10;370
2020-08-09;"Trenčiansky kraj";1;0;0;0;NA;173376;1;2020-08-09;361
2020-08-08;"Trenčiansky kraj";4;0;0;0;NA;173376;4;2020-08-08;360
2020-08-07;"Trenčiansky kraj";4;0;0;0;NA;173376;4;2020-08-07;356
2020-08-06;"Trenčiansky kraj";13;0;0;0;NA;173376;13;2020-08-06;352
2020-08-05;"Trenčiansky kraj";39;0;0;0;NA;173376;39;2020-08-05;339
2020-08-04;"Trenčiansky kraj";9;0;0;0;NA;173376;9;2020-08-04;300
2020-08-03;"Trenčiansky kraj";0;0;0;0;NA;173376;0;2020-08-03;291
2020-08-02;"Trenčiansky kraj";2;0;0;0;NA;173376;2;2020-08-02;291
2020-08-01;"Trenčiansky kraj";6;0;0;0;NA;173376;6;2020-08-01;289
2020-07-31;"Trenčiansky kraj";16;0;0;0;NA;173376;16;2020-07-31;283
2020-07-30;"Trenčiansky kraj";4;0;0;0;NA;173376;4;2020-07-30;267
2020-07-29;"Trenčiansky kraj";5;0;0;0;NA;173376;5;2020-07-29;263
2020-07-28;"Trenčiansky kraj";11;0;0;0;NA;173376;11;2020-07-28;258
2020-07-27;"Trenčiansky kraj";4;0;0;0;NA;173376;4;2020-07-27;247
2020-07-26;"Trenčiansky kraj";1;0;0;0;NA;173376;1;2020-07-26;243
2020-07-25;"Trenčiansky kraj";7;0;0;0;NA;173376;7;2020-07-25;242
2020-07-24;"Trenčiansky kraj";5;0;0;0;NA;173376;5;2020-07-24;235
2020-07-23;"Trenčiansky kraj";10;0;0;0;NA;173376;10;2020-07-23;230
2020-07-22;"Trenčiansky kraj";11;0;0;0;NA;173376;11;2020-07-22;220
2020-07-21;"Trenčiansky kraj";6;0;0;0;NA;173376;6;2020-07-21;209
2020-07-20;"Trenčiansky kraj";13;0;0;0;NA;173376;13;2020-07-20;203
2020-07-19;"Trenčiansky kraj";0;0;0;0;NA;173376;0;2020-07-19;190
2020-07-18;"Trenčiansky kraj";0;0;0;0;NA;173376;0;2020-07-18;190
2020-07-17;"Trenčiansky kraj";1;0;0;0;NA;173376;1;2020-07-17;190
2020-07-16;"Trenčiansky kraj";0;0;0;0;NA;173376;0;2020-07-16;189
2020-07-15;"Trenčiansky kraj";2;0;0;0;NA;173376;2;2020-07-15;189
2020-07-14;"Trenčiansky kraj";8;0;0;0;NA;173376;8;2020-07-14;187
2020-07-13;"Trenčiansky kraj";1;0;0;0;NA;173376;1;2020-07-13;179
2020-07-12;"Trenčiansky kraj";0;0;0;0;NA;173376;0;2020-07-12;178
2020-07-11;"Trenčiansky kraj";0;0;0;0;NA;173376;0;2020-07-11;178
2020-07-10;"Trenčiansky kraj";3;0;0;0;NA;173376;3;2020-07-10;178
2020-07-09;"Trenčiansky kraj";2;0;0;0;NA;173376;2;2020-07-09;175
2020-07-08;"Trenčiansky kraj";1;0;0;0;NA;173376;1;2020-07-08;173
2020-07-07;"Trenčiansky kraj";9;0;0;0;NA;173376;9;2020-07-07;172
2020-07-06;"Trenčiansky kraj";1;0;0;0;NA;173376;1;2020-07-06;163
2020-07-05;"Trenčiansky kraj";1;0;0;0;NA;173376;1;2020-07-05;162
2020-07-04;"Trenčiansky kraj";0;0;0;0;NA;173376;0;2020-07-04;161
2020-07-03;"Trenčiansky kraj";2;0;0;0;NA;173376;2;2020-07-03;161
2020-07-02;"Trenčiansky kraj";10;0;0;0;NA;173376;10;2020-07-02;159
2020-07-01;"Trenčiansky kraj";1;0;0;0;NA;173376;1;2020-07-01;149
2020-06-30;"Trenčiansky kraj";6;0;0;0;NA;173376;6;2020-06-30;148
2020-06-29;"Trenčiansky kraj";1;0;0;0;NA;173376;1;2020-06-29;142
2020-06-28;"Trenčiansky kraj";0;0;0;0;NA;173376;0;2020-06-28;141
2020-06-27;"Trenčiansky kraj";0;0;0;0;NA;173376;0;2020-06-27;141
2020-06-26;"Trenčiansky kraj";0;0;0;0;NA;173376;0;2020-06-26;141
2020-06-25;"Trenčiansky kraj";2;0;0;0;NA;173376;2;2020-06-25;141
2020-06-24;"Trenčiansky kraj";1;0;0;0;NA;173376;1;2020-06-24;139
2020-06-23;"Trenčiansky kraj";0;0;0;0;NA;173376;0;2020-06-23;138
2020-06-22;"Trenčiansky kraj";0;0;0;0;NA;173376;0;2020-06-22;138
2020-06-21;"Trenčiansky kraj";0;0;0;0;NA;173376;0;2020-06-21;138
2020-06-20;"Trenčiansky kraj";0;0;0;0;NA;173376;0;2020-06-20;138
2020-06-19;"Trenčiansky kraj";0;0;0;0;NA;173376;0;2020-06-19;138
2020-06-18;"Trenčiansky kraj";0;0;0;0;NA;173376;0;2020-06-18;138
2020-06-17;"Trenčiansky kraj";0;0;0;0;NA;173376;0;2020-06-17;138
2020-06-16;"Trenčiansky kraj";0;0;0;0;NA;173376;0;2020-06-16;138
2020-06-14;"Trenčiansky kraj";0;0;0;0;NA;173376;0;2020-06-14;138
2020-06-13;"Trenčiansky kraj";0;0;0;0;NA;173376;0;2020-06-13;138
2020-06-12;"Trenčiansky kraj";0;0;0;0;NA;173376;0;2020-06-12;138
2020-06-11;"Trenčiansky kraj";0;0;0;0;NA;173376;0;2020-06-11;138
2020-06-10;"Trenčiansky kraj";1;0;0;0;NA;173376;1;2020-06-10;138
2020-06-09;"Trenčiansky kraj";0;0;0;0;NA;173376;0;2020-06-09;137
2020-06-08;"Trenčiansky kraj";0;0;0;0;NA;173376;0;2020-06-08;137
2020-06-07;"Trenčiansky kraj";0;0;0;0;NA;173376;0;2020-06-07;137
2020-06-05;"Trenčiansky kraj";0;0;0;0;NA;173376;0;2020-06-05;137
2020-06-03;"Trenčiansky kraj";0;0;0;0;NA;173376;0;2020-06-03;137
2020-06-02;"Trenčiansky kraj";0;0;0;0;NA;173376;0;2020-06-02;137
2020-05-31;"Trenčiansky kraj";0;0;0;0;NA;173376;0;2020-05-31;137
2020-05-29;"Trenčiansky kraj";0;0;0;0;NA;173376;0;2020-05-29;137
2020-05-27;"Trenčiansky kraj";2;0;0;0;NA;173376;2;2020-05-27;137
2020-05-26;"Trenčiansky kraj";0;0;0;0;NA;173376;0;2020-05-26;135
2020-05-25;"Trenčiansky kraj";0;0;0;0;NA;173376;0;2020-05-25;135
2020-05-24;"Trenčiansky kraj";0;0;0;0;NA;173376;0;2020-05-24;135
2020-05-23;"Trenčiansky kraj";0;0;0;0;NA;173376;0;2020-05-23;135
2020-05-22;"Trenčiansky kraj";0;0;0;0;NA;173376;0;2020-05-22;135
2020-05-21;"Trenčiansky kraj";0;0;0;0;NA;173376;0;2020-05-21;135
2020-05-20;"Trenčiansky kraj";0;0;0;0;NA;173376;0;2020-05-20;135
2020-05-19;"Trenčiansky kraj";0;0;0;0;NA;173376;0;2020-05-19;135
2020-05-17;"Trenčiansky kraj";0;0;0;0;NA;173376;0;2020-05-17;135
2020-05-16;"Trenčiansky kraj";0;0;0;0;NA;173376;0;2020-05-16;135
2020-05-15;"Trenčiansky kraj";1;0;0;0;NA;173376;1;2020-05-15;135
2020-05-14;"Trenčiansky kraj";2;0;0;0;NA;173376;2;2020-05-14;134
2020-05-13;"Trenčiansky kraj";1;0;0;0;NA;173376;1;2020-05-13;132
2020-05-12;"Trenčiansky kraj";1;0;0;0;NA;173376;1;2020-05-12;131
2020-05-11;"Trenčiansky kraj";3;0;0;0;NA;173376;3;2020-05-11;130
2020-05-09;"Trenčiansky kraj";2;0;0;0;NA;173376;2;2020-05-09;127
2020-05-07;"Trenčiansky kraj";6;0;0;0;NA;173376;6;2020-05-07;125
2020-05-06;"Trenčiansky kraj";0;0;0;0;NA;173376;0;2020-05-06;119
2020-05-05;"Trenčiansky kraj";2;0;0;0;NA;173376;2;2020-05-05;119
2020-05-04;"Trenčiansky kraj";0;0;0;0;NA;173376;0;2020-05-04;117
2020-05-03;"Trenčiansky kraj";0;0;0;0;NA;173376;0;2020-05-03;117
2020-05-02;"Trenčiansky kraj";0;0;0;0;NA;173376;0;2020-05-02;117
2020-05-01;"Trenčiansky kraj";0;0;0;0;NA;173376;0;2020-05-01;117
2020-04-30;"Trenčiansky kraj";0;0;0;0;NA;173376;0;2020-04-30;117
2020-04-29;"Trenčiansky kraj";2;0;0;0;NA;173376;2;2020-04-29;117
2020-04-28;"Trenčiansky kraj";1;0;0;0;NA;173376;1;2020-04-28;115
2020-04-27;"Trenčiansky kraj";0;0;0;0;NA;173376;0;2020-04-27;114
2020-04-26;"Trenčiansky kraj";1;0;0;0;NA;173376;1;2020-04-26;114
2020-04-25;"Trenčiansky kraj";0;0;0;0;NA;173376;0;2020-04-25;113
2020-04-24;"Trenčiansky kraj";0;0;0;0;NA;173376;0;2020-04-24;113
2020-04-23;"Trenčiansky kraj";11;0;0;0;NA;173376;11;2020-04-23;113
2020-04-22;"Trenčiansky kraj";1;0;0;0;NA;173376;1;2020-04-22;102
2020-04-21;"Trenčiansky kraj";11;0;0;0;NA;173376;11;2020-04-21;101
2020-04-20;"Trenčiansky kraj";15;0;0;0;NA;173376;15;2020-04-20;90
2020-04-19;"Trenčiansky kraj";2;0;0;0;NA;173376;2;2020-04-19;75
2020-04-18;"Trenčiansky kraj";3;0;0;0;NA;173376;3;2020-04-18;73
2020-04-17;"Trenčiansky kraj";4;0;0;0;NA;173376;4;2020-04-17;70
2020-04-16;"Trenčiansky kraj";10;0;0;0;NA;173376;10;2020-04-16;66
2020-04-15;"Trenčiansky kraj";4;0;0;0;NA;173376;4;2020-04-15;56
2020-04-14;"Trenčiansky kraj";0;0;0;0;NA;173376;0;2020-04-14;52
2020-04-13;"Trenčiansky kraj";1;0;0;0;NA;173376;1;2020-04-13;52
2020-04-12;"Trenčiansky kraj";2;0;0;0;NA;173376;2;2020-04-12;51
2020-04-11;"Trenčiansky kraj";3;0;0;0;NA;173376;3;2020-04-11;49
2020-04-10;"Trenčiansky kraj";0;0;0;0;NA;173376;0;2020-04-10;46
2020-04-09;"Trenčiansky kraj";0;0;0;0;NA;173376;0;2020-04-09;46
2020-04-08;"Trenčiansky kraj";2;0;0;0;NA;173376;2;2020-04-08;46
2020-04-07;"Trenčiansky kraj";18;0;0;0;NA;173376;18;2020-04-07;44
2020-04-06;"Trenčiansky kraj";0;0;0;0;NA;173376;0;2020-04-06;26
2020-04-05;"Trenčiansky kraj";3;0;0;0;NA;173376;3;2020-04-05;26
2020-04-04;"Trenčiansky kraj";5;0;0;0;NA;173376;5;2020-04-04;23
2020-04-03;"Trenčiansky kraj";4;0;0;0;NA;173376;4;2020-04-03;18
2020-04-02;"Trenčiansky kraj";1;0;0;0;NA;173376;1;2020-04-02;14
2020-04-01;"Trenčiansky kraj";3;0;0;0;NA;173376;3;2020-04-01;13
2020-03-31;"Trenčiansky kraj";1;0;0;0;NA;173376;1;2020-03-31;10
2020-03-30;"Trenčiansky kraj";3;0;0;0;NA;173376;3;2020-03-30;9
2020-03-29;"Trenčiansky kraj";6;0;0;0;NA;173376;6;2020-03-29;6
2020-03-28;"Trenčiansky kraj";9;0;0;0;NA;173376;9;2020-03-28;0
2020-03-27;"Trenčiansky kraj";2;0;0;0;NA;173376;2;2020-03-27;-9
2020-03-26;"Trenčiansky kraj";6;0;0;0;NA;173376;6;2020-03-26;-11
2020-03-25;"Trenčiansky kraj";3;0;0;0;NA;173376;3;2020-03-25;-17
2020-03-24;"Trenčiansky kraj";1;0;0;0;NA;173376;1;2020-03-24;-20
2020-03-23;"Trenčiansky kraj";0;0;0;0;NA;173376;0;2020-03-23;-21
2020-03-22;"Trenčiansky kraj";0;0;0;0;NA;173376;0;2020-03-22;-21
2020-03-21;"Trenčiansky kraj";2;0;0;0;NA;173376;2;2020-03-21;-21
2020-03-20;"Trenčiansky kraj";2;0;0;0;NA;173376;2;2020-03-20;-23
2020-03-19;"Trenčiansky kraj";8;0;0;0;NA;173376;8;2020-03-19;-25
2020-03-18;"Trenčiansky kraj";0;0;0;0;NA;173376;0;2020-03-18;-33
2020-03-17;"Trenčiansky kraj";0;0;0;0;NA;173376;0;2020-03-17;-33
2020-03-16;"Trenčiansky kraj";1;0;0;0;NA;173376;1;2020-03-16;-33
2020-03-15;"Trenčiansky kraj";5;0;0;0;NA;173376;5;2020-03-15;-34
2020-03-14;"Trenčiansky kraj";0;0;0;0;NA;173376;0;2020-03-14;-39
2020-03-13;"Trenčiansky kraj";0;0;0;0;NA;173376;0;2020-03-13;-39
2020-03-12;"Trenčiansky kraj";1;0;0;0;NA;173376;1;2020-03-12;-39
2020-03-11;"Trenčiansky kraj";0;0;0;0;NA;173376;0;2020-03-11;-40
2020-03-09;"Trenčiansky kraj";0;0;0;0;NA;173376;0;2020-03-09;-40
2020-03-08;"Trenčiansky kraj";0;0;0;0;NA;173376;0;2020-03-08;-40
2020-03-07;"Trenčiansky kraj";0;0;0;0;NA;173376;0;2020-03-07;-40
2020-03-06;"Trenčiansky kraj";0;0;0;0;NA;173376;0;2020-03-06;-40
2022-01-09;"Trnavský kraj";35;1578;15;1593;94755;149225;50;2022-01-09;149225
2022-01-08;"Trnavský kraj";364;983;28;1011;NA;149225;392;2022-01-08;149175
2022-01-07;"Trnavský kraj";332;1882;46;1928;NA;149225;378;2022-01-07;148783
2022-01-06;"Trnavský kraj";234;765;20;785;NA;149225;254;2022-01-06;148405
2022-01-05;"Trnavský kraj";416;1905;37;1942;NA;149225;453;2022-01-05;148151
2022-01-04;"Trnavský kraj";538;2337;37;2374;NA;149225;575;2022-01-04;147698
2022-01-03;"Trnavský kraj";441;3869;65;3934;NA;149225;506;2022-01-03;147123
2022-01-02;"Trnavský kraj";79;1561;21;1582;NA;149225;100;2022-01-02;146617
2022-01-01;"Trnavský kraj";4;190;7;197;NA;149225;11;2022-01-01;146517
2021-12-31;"Trnavský kraj";485;1244;60;1304;NA;149225;545;2021-12-31;146506
2021-12-30;"Trnavský kraj";401;1919;58;1977;NA;149225;459;2021-12-30;145961
2021-12-29;"Trnavský kraj";401;1756;70;1826;NA;149225;471;2021-12-29;145502
2021-12-28;"Trnavský kraj";633;1931;77;2008;NA;149225;710;2021-12-28;145031
2021-12-27;"Trnavský kraj";463;2802;134;2936;NA;149225;597;2021-12-27;144321
2021-12-26;"Trnavský kraj";253;818;25;843;NA;149225;278;2021-12-26;143724
2021-12-25;"Trnavský kraj";104;341;41;382;NA;149225;145;2021-12-25;143446
2021-12-24;"Trnavský kraj";216;369;27;396;NA;149225;243;2021-12-24;143301
2021-12-23;"Trnavský kraj";570;1802;102;1904;NA;149225;672;2021-12-23;143058
2021-12-22;"Trnavský kraj";545;1732;81;1813;NA;149225;626;2021-12-22;142386
2021-12-21;"Trnavský kraj";699;2567;89;2656;NA;149225;788;2021-12-21;141760
2021-12-20;"Trnavský kraj";438;3916;103;4019;NA;149225;541;2021-12-20;140972
2021-12-19;"Trnavský kraj";155;1762;63;1825;NA;149225;218;2021-12-19;140431
2021-12-18;"Trnavský kraj";627;1302;77;1379;NA;149225;704;2021-12-18;140213
2021-12-17;"Trnavský kraj";576;2276;109;2385;NA;149225;685;2021-12-17;139509
2021-12-16;"Trnavský kraj";653;2521;123;2644;NA;149225;776;2021-12-16;138824
2021-12-15;"Trnavský kraj";746;2198;120;2318;NA;149225;866;2021-12-15;138048
2021-12-14;"Trnavský kraj";976;2718;134;2852;NA;149225;1110;2021-12-14;137182
2021-12-13;"Trnavský kraj";521;4845;175;5020;NA;149225;696;2021-12-13;136072
2021-12-12;"Trnavský kraj";337;2117;87;2204;NA;149225;424;2021-12-12;135376
2021-12-11;"Trnavský kraj";720;1324;83;1407;NA;149225;803;2021-12-11;134952
2021-12-10;"Trnavský kraj";702;2884;136;3020;NA;149225;838;2021-12-10;134149
2021-12-09;"Trnavský kraj";926;2308;96;2404;NA;149225;1022;2021-12-09;133311
2021-12-08;"Trnavský kraj";1233;2547;137;2684;NA;149225;1370;2021-12-08;132289
2021-12-07;"Trnavský kraj";1159;3637;174;3811;NA;149225;1333;2021-12-07;130919
2021-12-06;"Trnavský kraj";911;3649;208;3857;NA;149225;1119;2021-12-06;129586
2021-12-05;"Trnavský kraj";269;2302;106;2408;NA;149225;375;2021-12-05;128467
2021-12-04;"Trnavský kraj";1225;1608;115;1723;NA;149225;1340;2021-12-04;128092
2021-12-03;"Trnavský kraj";1246;2998;201;3199;NA;149225;1447;2021-12-03;126752
2021-12-02;"Trnavský kraj";1809;2379;188;2567;NA;149225;1997;2021-12-02;125305
2021-12-01;"Trnavský kraj";738;3011;179;3190;NA;149225;917;2021-12-01;123308
2021-11-30;"Trnavský kraj";1166;4217;202;4419;NA;149225;1368;2021-11-30;122391
2021-11-29;"Trnavský kraj";814;5356;299;5655;NA;149225;1113;2021-11-29;121023
2021-11-28;"Trnavský kraj";482;3086;146;3232;NA;149225;628;2021-11-28;119910
2021-11-27;"Trnavský kraj";1186;2240;206;2446;NA;149225;1392;2021-11-27;119282
2021-11-26;"Trnavský kraj";880;2895;202;3097;NA;149225;1082;2021-11-26;117890
2021-11-25;"Trnavský kraj";1002;2680;158;2838;NA;149225;1160;2021-11-25;116808
2021-11-24;"Trnavský kraj";1060;3442;250;3692;NA;149225;1310;2021-11-24;115648
2021-11-23;"Trnavský kraj";1078;3714;273;3987;NA;149225;1351;2021-11-23;114338
2021-11-22;"Trnavský kraj";696;4028;295;4323;NA;149225;991;2021-11-22;112987
2021-11-21;"Trnavský kraj";298;2270;212;2482;NA;149225;510;2021-11-21;111996
2021-11-20;"Trnavský kraj";826;1529;196;1725;NA;149225;1022;2021-11-20;111486
2021-11-19;"Trnavský kraj";901;3369;315;3684;NA;149225;1216;2021-11-19;110464
2021-11-18;"Trnavský kraj";796;2871;240;3111;NA;149225;1036;2021-11-18;109248
2021-11-17;"Trnavský kraj";769;1186;139;1325;NA;149225;908;2021-11-17;108212
2021-11-16;"Trnavský kraj";591;2754;206;2960;NA;149225;797;2021-11-16;107304
2021-11-15;"Trnavský kraj";606;3350;239;3589;NA;149225;845;2021-11-15;106507
2021-11-14;"Trnavský kraj";236;1578;141;1719;NA;149225;377;2021-11-14;105662
2021-11-13;"Trnavský kraj";815;1314;132;1446;NA;149225;947;2021-11-13;105285
2021-11-12;"Trnavský kraj";563;2584;156;2740;NA;149225;719;2021-11-12;104338
2021-11-11;"Trnavský kraj";512;2426;161;2587;NA;149225;673;2021-11-11;103619
2021-11-10;"Trnavský kraj";590;2315;173;2488;NA;149225;763;2021-11-10;102946
2021-11-09;"Trnavský kraj";585;2538;187;2725;NA;149225;772;2021-11-09;102183
2021-11-08;"Trnavský kraj";357;2715;163;2878;NA;149225;520;2021-11-08;101411
2021-11-07;"Trnavský kraj";162;1349;111;1460;NA;149225;273;2021-11-07;100891
2021-11-06;"Trnavský kraj";391;1287;82;1369;NA;149225;473;2021-11-06;100618
2021-11-05;"Trnavský kraj";447;2202;102;2304;NA;149225;549;2021-11-05;100145
2021-11-04;"Trnavský kraj";432;2289;112;2401;NA;149225;544;2021-11-04;99596
2021-11-03;"Trnavský kraj";420;2091;97;2188;NA;149225;517;2021-11-03;99052
2021-11-02;"Trnavský kraj";365;2767;124;2891;NA;149225;489;2021-11-02;98535
2021-11-01;"Trnavský kraj";220;583;27;610;NA;149225;247;2021-11-01;98046
2021-10-31;"Trnavský kraj";61;887;62;949;NA;149225;123;2021-10-31;97799
2021-10-30;"Trnavský kraj";251;1099;50;1149;NA;149225;301;2021-10-30;97676
2021-10-29;"Trnavský kraj";312;2123;53;2176;NA;149225;365;2021-10-29;97375
2021-10-28;"Trnavský kraj";339;2034;65;2099;NA;149225;404;2021-10-28;97010
2021-10-27;"Trnavský kraj";232;1884;58;1942;NA;149225;290;2021-10-27;96606
2021-10-26;"Trnavský kraj";366;1964;54;2018;NA;149225;420;2021-10-26;96316
2021-10-25;"Trnavský kraj";142;2786;72;2858;NA;149225;214;2021-10-25;95896
2021-10-24;"Trnavský kraj";11;990;30;1020;NA;149225;41;2021-10-24;95682
2021-10-23;"Trnavský kraj";228;1126;27;1153;NA;149225;255;2021-10-23;95641
2021-10-22;"Trnavský kraj";204;2249;51;2300;NA;149225;255;2021-10-22;95386
2021-10-21;"Trnavský kraj";188;1671;46;1717;NA;149225;234;2021-10-21;95131
2021-10-20;"Trnavský kraj";212;1634;47;1681;NA;149225;259;2021-10-20;94897
2021-10-19;"Trnavský kraj";240;1848;30;1878;NA;149225;270;2021-10-19;94638
2021-10-18;"Trnavský kraj";95;2316;72;2388;NA;149225;167;2021-10-18;94368
2021-10-17;"Trnavský kraj";5;1218;17;1235;NA;149225;22;2021-10-17;94201
2021-10-16;"Trnavský kraj";129;1233;17;1250;NA;149225;146;2021-10-16;94179
2021-10-15;"Trnavský kraj";122;2121;24;2145;NA;149225;146;2021-10-15;94033
2021-10-14;"Trnavský kraj";131;1663;24;1687;NA;149225;155;2021-10-14;93887
2021-10-13;"Trnavský kraj";128;2072;23;2095;NA;149225;151;2021-10-13;93732
2021-10-12;"Trnavský kraj";189;2788;38;2826;NA;149225;227;2021-10-12;93581
2021-10-11;"Trnavský kraj";115;2621;35;2656;NA;149225;150;2021-10-11;93354
2021-10-10;"Trnavský kraj";2;993;15;1008;NA;149225;17;2021-10-10;93204
2021-10-09;"Trnavský kraj";151;1099;10;1109;NA;149225;161;2021-10-09;93187
2021-10-08;"Trnavský kraj";106;2326;34;2360;NA;149225;140;2021-10-08;93026
2021-10-07;"Trnavský kraj";151;1714;25;1739;NA;149225;176;2021-10-07;92886
2021-10-06;"Trnavský kraj";122;1929;27;1956;NA;149225;149;2021-10-06;92710
2021-10-05;"Trnavský kraj";220;3726;34;3760;NA;149225;254;2021-10-05;92561
2021-10-04;"Trnavský kraj";54;1963;47;2010;NA;149225;101;2021-10-04;92307
2021-10-03;"Trnavský kraj";1;1106;17;1123;NA;149225;18;2021-10-03;92206
2021-10-02;"Trnavský kraj";52;1055;12;1067;NA;149225;64;2021-10-02;92188
2021-10-01;"Trnavský kraj";113;2243;17;2260;NA;149225;130;2021-10-01;92124
2021-09-30;"Trnavský kraj";109;1872;18;1890;NA;149225;127;2021-09-30;91994
2021-09-29;"Trnavský kraj";83;1331;11;1342;NA;149225;94;2021-09-29;91867
2021-09-28;"Trnavský kraj";135;1934;31;1965;NA;149225;166;2021-09-28;91773
2021-09-27;"Trnavský kraj";80;2084;25;2109;NA;149225;105;2021-09-27;91607
2021-09-26;"Trnavský kraj";2;1048;12;1060;NA;149225;14;2021-09-26;91502
2021-09-25;"Trnavský kraj";61;1105;9;1114;NA;149225;70;2021-09-25;91488
2021-09-24;"Trnavský kraj";41;2229;15;2244;NA;149225;56;2021-09-24;91418
2021-09-23;"Trnavský kraj";89;1691;16;1707;NA;149225;105;2021-09-23;91362
2021-09-22;"Trnavský kraj";119;1706;28;1734;NA;149225;147;2021-09-22;91257
2021-09-21;"Trnavský kraj";108;1505;17;1522;NA;149225;125;2021-09-21;91110
2021-09-20;"Trnavský kraj";50;1652;20;1672;NA;149225;70;2021-09-20;90985
2021-09-19;"Trnavský kraj";2;924;8;932;NA;149225;10;2021-09-19;90915
2021-09-18;"Trnavský kraj";100;982;6;988;NA;149225;106;2021-09-18;90905
2021-09-17;"Trnavský kraj";77;1709;20;1729;NA;149225;97;2021-09-17;90799
2021-09-16;"Trnavský kraj";105;1279;32;1311;NA;149225;137;2021-09-16;90702
2021-09-15;"Trnavský kraj";59;841;5;846;NA;149225;64;2021-09-15;90565
2021-09-14;"Trnavský kraj";38;1583;12;1595;NA;149225;50;2021-09-14;90501
2021-09-13;"Trnavský kraj";56;1410;16;1426;NA;149225;72;2021-09-13;90451
2021-09-12;"Trnavský kraj";0;653;1;654;NA;149225;1;2021-09-12;90379
2021-09-11;"Trnavský kraj";37;971;10;981;NA;149225;47;2021-09-11;90378
2021-09-10;"Trnavský kraj";43;1441;9;1450;NA;149225;52;2021-09-10;90331
2021-09-09;"Trnavský kraj";42;954;13;967;NA;149225;55;2021-09-09;90279
2021-09-08;"Trnavský kraj";65;802;15;817;NA;149225;80;2021-09-08;90224
2021-09-07;"Trnavský kraj";29;844;5;849;NA;149225;34;2021-09-07;90144
2021-09-06;"Trnavský kraj";18;1234;14;1248;NA;149225;32;2021-09-06;90110
2021-09-05;"Trnavský kraj";2;580;4;584;NA;149225;6;2021-09-05;90078
2021-09-04;"Trnavský kraj";17;868;6;874;NA;149225;23;2021-09-04;90072
2021-09-03;"Trnavský kraj";14;1060;5;1065;NA;149225;19;2021-09-03;90049
2021-09-02;"Trnavský kraj";30;830;10;840;NA;149225;40;2021-09-02;90030
2021-09-01;"Trnavský kraj";6;409;4;413;NA;149225;10;2021-09-01;89990
2021-08-31;"Trnavský kraj";13;884;3;887;NA;149225;16;2021-08-31;89980
2021-08-30;"Trnavský kraj";7;904;1;905;NA;149225;8;2021-08-30;89964
2021-08-29;"Trnavský kraj";8;427;1;428;NA;149225;9;2021-08-29;89956
2021-08-28;"Trnavský kraj";17;694;2;696;NA;149225;19;2021-08-28;89947
2021-08-27;"Trnavský kraj";1;1186;4;1190;NA;149225;5;2021-08-27;89928
2021-08-26;"Trnavský kraj";8;713;3;716;NA;149225;11;2021-08-26;89923
2021-08-25;"Trnavský kraj";11;683;6;689;NA;149225;17;2021-08-25;89912
2021-08-24;"Trnavský kraj";7;801;1;802;NA;149225;8;2021-08-24;89895
2021-08-23;"Trnavský kraj";4;844;1;845;NA;149225;5;2021-08-23;89887
2021-08-22;"Trnavský kraj";0;474;0;474;NA;149225;0;2021-08-22;89882
2021-08-21;"Trnavský kraj";8;703;0;703;NA;149225;8;2021-08-21;89882
2021-08-20;"Trnavský kraj";4;1095;4;1099;NA;149225;8;2021-08-20;89874
2021-08-19;"Trnavský kraj";10;875;3;878;NA;149225;13;2021-08-19;89866
2021-08-18;"Trnavský kraj";6;789;2;791;NA;149225;8;2021-08-18;89853
2021-08-17;"Trnavský kraj";7;524;4;528;NA;149225;11;2021-08-17;89845
2021-08-16;"Trnavský kraj";9;966;3;969;NA;149225;12;2021-08-16;89834
2021-08-15;"Trnavský kraj";0;556;1;557;NA;149225;1;2021-08-15;89822
2021-08-14;"Trnavský kraj";10;801;3;804;NA;149225;13;2021-08-14;89821
2021-08-13;"Trnavský kraj";5;1077;6;1083;NA;149225;11;2021-08-13;89808
2021-08-12;"Trnavský kraj";3;666;3;669;NA;149225;6;2021-08-12;89797
2021-08-11;"Trnavský kraj";7;576;2;578;NA;149225;9;2021-08-11;89791
2021-08-10;"Trnavský kraj";3;757;3;760;NA;149225;6;2021-08-10;89782
2021-08-09;"Trnavský kraj";12;808;0;808;NA;149225;12;2021-08-09;89776
2021-08-08;"Trnavský kraj";1;545;0;545;NA;149225;1;2021-08-08;89764
2021-08-07;"Trnavský kraj";9;724;0;724;NA;149225;9;2021-08-07;89763
2021-08-06;"Trnavský kraj";3;988;0;988;NA;149225;3;2021-08-06;89754
2021-08-05;"Trnavský kraj";2;662;1;663;NA;149225;3;2021-08-05;89751
2021-08-04;"Trnavský kraj";1;891;1;892;NA;149225;2;2021-08-04;89748
2021-08-03;"Trnavský kraj";13;645;0;645;NA;149225;13;2021-08-03;89746
2021-08-02;"Trnavský kraj";2;725;1;726;NA;149225;3;2021-08-02;89733
2021-08-01;"Trnavský kraj";0;565;2;567;NA;149225;2;2021-08-01;89730
2021-07-31;"Trnavský kraj";3;886;0;886;NA;149225;3;2021-07-31;89728
2021-07-30;"Trnavský kraj";3;1084;3;1087;NA;149225;6;2021-07-30;89725
2021-07-29;"Trnavský kraj";1;775;0;775;NA;149225;1;2021-07-29;89719
2021-07-28;"Trnavský kraj";5;794;1;795;NA;149225;6;2021-07-28;89718
2021-07-27;"Trnavský kraj";7;623;2;625;NA;149225;9;2021-07-27;89712
2021-07-26;"Trnavský kraj";2;857;2;859;NA;149225;4;2021-07-26;89703
2021-07-25;"Trnavský kraj";0;707;0;707;NA;149225;0;2021-07-25;89699
2021-07-24;"Trnavský kraj";4;828;2;830;NA;149225;6;2021-07-24;89699
2021-07-23;"Trnavský kraj";3;1057;0;1057;NA;149225;3;2021-07-23;89693
2021-07-22;"Trnavský kraj";0;671;2;673;NA;149225;2;2021-07-22;89690
2021-07-21;"Trnavský kraj";2;660;2;662;NA;149225;4;2021-07-21;89688
2021-07-20;"Trnavský kraj";2;593;0;593;NA;149225;2;2021-07-20;89684
2021-07-19;"Trnavský kraj";9;886;0;886;NA;149225;9;2021-07-19;89682
2021-07-18;"Trnavský kraj";0;600;2;602;NA;149225;2;2021-07-18;89673
2021-07-17;"Trnavský kraj";8;796;0;796;NA;149225;8;2021-07-17;89671
2021-07-16;"Trnavský kraj";11;963;0;963;NA;149225;11;2021-07-16;89663
2021-07-15;"Trnavský kraj";4;832;1;833;NA;149225;5;2021-07-15;89652
2021-07-14;"Trnavský kraj";1;699;1;700;NA;149225;2;2021-07-14;89647
2021-07-13;"Trnavský kraj";1;693;1;694;NA;149225;2;2021-07-13;89645
2021-07-12;"Trnavský kraj";4;959;0;959;NA;149225;4;2021-07-12;89643
2021-07-11;"Trnavský kraj";0;692;0;692;NA;149225;0;2021-07-11;89639
2021-07-10;"Trnavský kraj";1;803;0;803;NA;149225;1;2021-07-10;89639
2021-07-09;"Trnavský kraj";3;1262;3;1265;NA;149225;6;2021-07-09;89638
2021-07-08;"Trnavský kraj";4;755;0;755;NA;149225;4;2021-07-08;89632
2021-07-07;"Trnavský kraj";9;924;2;926;NA;149225;11;2021-07-07;89628
2021-07-06;"Trnavský kraj";2;1401;1;1402;NA;149225;3;2021-07-06;89617
2021-07-05;"Trnavský kraj";1;503;2;505;NA;149225;3;2021-07-05;89614
2021-07-04;"Trnavský kraj";0;1129;3;1132;NA;149225;3;2021-07-04;89611
2021-07-03;"Trnavský kraj";4;815;0;815;NA;149225;4;2021-07-03;89608
2021-07-02;"Trnavský kraj";2;1137;2;1139;NA;149225;4;2021-07-02;89604
2021-07-01;"Trnavský kraj";4;487;0;487;NA;149225;4;2021-07-01;89600
2021-06-30;"Trnavský kraj";0;5135;1;5136;NA;149225;1;2021-06-30;89596
2021-06-29;"Trnavský kraj";4;2563;1;2564;NA;149225;5;2021-06-29;89595
2021-06-28;"Trnavský kraj";2;2600;1;2601;NA;149225;3;2021-06-28;89590
2021-06-27;"Trnavský kraj";0;3213;0;3213;NA;149225;0;2021-06-27;89587
2021-06-26;"Trnavský kraj";3;3871;1;3872;NA;149225;4;2021-06-26;89587
2021-06-25;"Trnavský kraj";2;4374;3;4377;NA;149225;5;2021-06-25;89583
2021-06-24;"Trnavský kraj";4;2520;3;2523;NA;149225;7;2021-06-24;89578
2021-06-23;"Trnavský kraj";4;2842;2;2844;NA;149225;6;2021-06-23;89571
2021-06-22;"Trnavský kraj";2;2996;1;2997;NA;149225;3;2021-06-22;89565
2021-06-21;"Trnavský kraj";6;3114;5;3119;NA;149225;11;2021-06-21;89562
2021-06-20;"Trnavský kraj";0;3952;1;3953;NA;149225;1;2021-06-20;89551
2021-06-19;"Trnavský kraj";3;4735;2;4737;NA;149225;5;2021-06-19;89550
2021-06-18;"Trnavský kraj";5;6125;4;6129;NA;149225;9;2021-06-18;89545
2021-06-17;"Trnavský kraj";3;3340;0;3340;NA;149225;3;2021-06-17;89536
2021-06-16;"Trnavský kraj";6;2926;3;2929;NA;149225;9;2021-06-16;89533
2021-06-15;"Trnavský kraj";8;3234;3;3237;NA;149225;11;2021-06-15;89524
2021-06-14;"Trnavský kraj";2;3829;1;3830;NA;149225;3;2021-06-14;89513
2021-06-13;"Trnavský kraj";0;5001;8;5009;NA;149225;8;2021-06-13;89510
2021-06-12;"Trnavský kraj";11;5807;2;5809;NA;149225;13;2021-06-12;89502
2021-06-11;"Trnavský kraj";17;5850;4;5854;NA;149225;21;2021-06-11;89489
2021-06-10;"Trnavský kraj";14;3476;1;3477;NA;149225;15;2021-06-10;89468
2021-06-09;"Trnavský kraj";10;3681;1;3682;NA;149225;11;2021-06-09;89453
2021-06-08;"Trnavský kraj";8;3344;4;3348;NA;149225;12;2021-06-08;89442
2021-06-07;"Trnavský kraj";12;4498;8;4506;NA;149225;20;2021-06-07;89430
2021-06-06;"Trnavský kraj";0;5517;2;5519;NA;149225;2;2021-06-06;89410
2021-06-05;"Trnavský kraj";20;6905;8;6913;NA;149225;28;2021-06-05;89408
2021-06-04;"Trnavský kraj";9;6735;10;6745;NA;149225;19;2021-06-04;89380
2021-06-03;"Trnavský kraj";14;4361;11;4372;NA;149225;25;2021-06-03;89361
2021-06-02;"Trnavský kraj";4;4148;11;4159;NA;149225;15;2021-06-02;89336
2021-06-01;"Trnavský kraj";18;3662;5;3667;NA;149225;23;2021-06-01;89321
2021-05-31;"Trnavský kraj";14;5515;16;5531;NA;149225;30;2021-05-31;89298
2021-05-30;"Trnavský kraj";0;6473;7;6480;NA;149225;7;2021-05-30;89268
2021-05-29;"Trnavský kraj";11;8964;4;8968;NA;149225;15;2021-05-29;89261
2021-05-28;"Trnavský kraj";14;7160;11;7171;NA;149225;25;2021-05-28;89246
2021-05-27;"Trnavský kraj";22;4753;8;4761;NA;149225;30;2021-05-27;89221
2021-05-26;"Trnavský kraj";6;4870;8;4878;NA;149225;14;2021-05-26;89191
2021-05-25;"Trnavský kraj";19;5026;27;5053;NA;149225;46;2021-05-25;89177
2021-05-24;"Trnavský kraj";15;6520;22;6542;NA;149225;37;2021-05-24;89131
2021-05-23;"Trnavský kraj";0;7920;8;7928;NA;149225;8;2021-05-23;89094
2021-05-22;"Trnavský kraj";13;13381;21;13402;NA;149225;34;2021-05-22;89086
2021-05-21;"Trnavský kraj";16;8525;19;8544;NA;149225;35;2021-05-21;89052
2021-05-20;"Trnavský kraj";15;5511;11;5522;NA;149225;26;2021-05-20;89017
2021-05-19;"Trnavský kraj";18;5431;13;5444;NA;149225;31;2021-05-19;88991
2021-05-18;"Trnavský kraj";26;5768;15;5783;NA;149225;41;2021-05-18;88960
2021-05-17;"Trnavský kraj";17;6262;24;6286;NA;149225;41;2021-05-17;88919
2021-05-16;"Trnavský kraj";10;9984;8;9992;NA;149225;18;2021-05-16;88878
2021-05-15;"Trnavský kraj";11;18525;14;18539;NA;149225;25;2021-05-15;88860
2021-05-14;"Trnavský kraj";34;10279;21;10300;NA;149225;55;2021-05-14;88835
2021-05-13;"Trnavský kraj";26;6913;12;6925;NA;149225;38;2021-05-13;88780
2021-05-12;"Trnavský kraj";34;6621;26;6647;NA;149225;60;2021-05-12;88742
2021-05-11;"Trnavský kraj";32;6393;13;6406;NA;149225;45;2021-05-11;88682
2021-05-10;"Trnavský kraj";58;9139;24;9163;NA;149225;82;2021-05-10;88637
2021-05-09;"Trnavský kraj";21;12570;12;12582;NA;149225;33;2021-05-09;88555
2021-05-08;"Trnavský kraj";4;23028;22;23050;NA;149225;26;2021-05-08;88522
2021-05-07;"Trnavský kraj";26;15465;30;15495;NA;149225;56;2021-05-07;88496
2021-05-06;"Trnavský kraj";22;8407;22;8429;NA;149225;44;2021-05-06;88440
2021-05-05;"Trnavský kraj";34;6273;22;6295;NA;149225;56;2021-05-05;88396
2021-05-04;"Trnavský kraj";51;8538;17;8555;NA;149225;68;2021-05-04;88340
2021-05-03;"Trnavský kraj";20;8957;22;8979;NA;149225;42;2021-05-03;88272
2021-05-02;"Trnavský kraj";0;25657;29;25686;NA;149225;29;2021-05-02;88230
2021-05-01;"Trnavský kraj";30;81353;64;81417;NA;149225;94;2021-05-01;88201
2021-04-30;"Trnavský kraj";45;26846;35;26881;NA;149225;80;2021-04-30;88107
2021-04-29;"Trnavský kraj";25;20323;28;20351;NA;149225;53;2021-04-29;88027
2021-04-28;"Trnavský kraj";46;8896;28;8924;NA;149225;74;2021-04-28;87974
2021-04-27;"Trnavský kraj";54;8756;37;8793;NA;149225;91;2021-04-27;87900
2021-04-26;"Trnavský kraj";53;16116;42;16158;NA;149225;95;2021-04-26;87809
2021-04-25;"Trnavský kraj";0;30183;24;30207;NA;149225;24;2021-04-25;87714
2021-04-24;"Trnavský kraj";46;126077;84;126161;NA;149225;130;2021-04-24;87690
2021-04-23;"Trnavský kraj";71;25741;53;25794;NA;149225;124;2021-04-23;87560
2021-04-22;"Trnavský kraj";40;10904;25;10929;NA;149225;65;2021-04-22;87436
2021-04-21;"Trnavský kraj";60;10748;45;10793;NA;149225;105;2021-04-21;87371
2021-04-20;"Trnavský kraj";57;13504;28;13532;NA;149225;85;2021-04-20;87266
2021-04-19;"Trnavský kraj";46;14603;18;14621;NA;149225;64;2021-04-19;87181
2021-04-18;"Trnavský kraj";7;40843;43;40886;NA;149225;50;2021-04-18;87117
2021-04-17;"Trnavský kraj";58;118102;89;118191;NA;149225;147;2021-04-17;87067
2021-04-16;"Trnavský kraj";67;25962;48;26010;NA;149225;115;2021-04-16;86920
2021-04-15;"Trnavský kraj";65;11373;36;11409;NA;149225;101;2021-04-15;86805
2021-04-14;"Trnavský kraj";78;18442;53;18495;NA;149225;131;2021-04-14;86704
2021-04-13;"Trnavský kraj";126;9871;44;9915;NA;149225;170;2021-04-13;86573
2021-04-12;"Trnavský kraj";40;15577;40;15617;NA;149225;80;2021-04-12;86403
2021-04-11;"Trnavský kraj";3;44420;44;44464;NA;149225;47;2021-04-11;86323
2021-04-10;"Trnavský kraj";60;123822;107;123929;NA;149225;167;2021-04-10;86276
2021-04-09;"Trnavský kraj";95;26191;34;26225;NA;149225;129;2021-04-09;86109
2021-04-08;"Trnavský kraj";85;10913;54;10967;NA;149225;139;2021-04-08;85980
2021-04-07;"Trnavský kraj";131;15979;81;16060;NA;149225;212;2021-04-07;85841
2021-04-06;"Trnavský kraj";92;20586;90;20676;NA;149225;182;2021-04-06;85629
2021-04-05;"Trnavský kraj";91;7542;17;7559;NA;149225;108;2021-04-05;85447
2021-04-04;"Trnavský kraj";9;28831;49;28880;NA;149225;58;2021-04-04;85339
2021-04-03;"Trnavský kraj";29;144452;186;144638;NA;149225;215;2021-04-03;85281
2021-04-02;"Trnavský kraj";91;17538;33;17571;NA;149225;124;2021-04-02;85066
2021-04-01;"Trnavský kraj";118;22279;71;22350;NA;149225;189;2021-04-01;84942
2021-03-31;"Trnavský kraj";140;15828;82;15910;NA;149225;222;2021-03-31;84753
2021-03-30;"Trnavský kraj";182;10482;79;10561;NA;149225;261;2021-03-30;84531
2021-03-29;"Trnavský kraj";126;19255;122;19377;NA;149225;248;2021-03-29;84270
2021-03-28;"Trnavský kraj";26;50664;134;50798;NA;149225;160;2021-03-28;84022
2021-03-27;"Trnavský kraj";64;130217;246;130463;NA;149225;310;2021-03-27;83862
2021-03-26;"Trnavský kraj";139;30217;130;30347;NA;149225;269;2021-03-26;83552
2021-03-25;"Trnavský kraj";135;14212;80;14292;NA;149225;215;2021-03-25;83283
2021-03-24;"Trnavský kraj";159;10521;89;10610;NA;149225;248;2021-03-24;83068
2021-03-23;"Trnavský kraj";221;12735;104;12839;NA;149225;325;2021-03-23;82820
2021-03-22;"Trnavský kraj";103;17118;110;17228;NA;149225;213;2021-03-22;82495
2021-03-21;"Trnavský kraj";31;49119;150;49269;NA;149225;181;2021-03-21;82282
2021-03-20;"Trnavský kraj";112;136963;317;137280;NA;149225;429;2021-03-20;82101
2021-03-19;"Trnavský kraj";174;29071;137;29208;NA;149225;311;2021-03-19;81672
2021-03-18;"Trnavský kraj";158;12217;136;12353;NA;149225;294;2021-03-18;81361
2021-03-17;"Trnavský kraj";245;10434;103;10537;NA;149225;348;2021-03-17;81067
2021-03-16;"Trnavský kraj";311;12811;135;12946;NA;149225;446;2021-03-16;80719
2021-03-15;"Trnavský kraj";127;18271;146;18417;NA;149225;273;2021-03-15;80273
2021-03-14;"Trnavský kraj";14;47608;164;47772;NA;149225;178;2021-03-14;80000
2021-03-13;"Trnavský kraj";155;139224;409;139633;NA;149225;564;2021-03-13;79822
2021-03-12;"Trnavský kraj";201;28566;181;28747;NA;149225;382;2021-03-12;79258
2021-03-11;"Trnavský kraj";204;13301;140;13441;NA;149225;344;2021-03-11;78876
2021-03-10;"Trnavský kraj";242;10583;135;10718;NA;149225;377;2021-03-10;78532
2021-03-09;"Trnavský kraj";442;12824;155;12979;NA;149225;597;2021-03-09;78155
2021-03-08;"Trnavský kraj";182;21812;166;21978;NA;149225;348;2021-03-08;77558
2021-03-07;"Trnavský kraj";30;45463;227;45690;NA;149225;257;2021-03-07;77210
2021-03-06;"Trnavský kraj";154;135784;531;136315;NA;149225;685;2021-03-06;76953
2021-03-05;"Trnavský kraj";299;27959;239;28198;NA;149225;538;2021-03-05;76268
2021-03-04;"Trnavský kraj";238;14505;176;14681;NA;149225;414;2021-03-04;75730
2021-03-03;"Trnavský kraj";413;11583;246;11829;NA;149225;659;2021-03-03;75316
2021-03-02;"Trnavský kraj";477;12367;191;12558;NA;149225;668;2021-03-02;74657
2021-03-01;"Trnavský kraj";189;18586;234;18820;NA;149225;423;2021-03-01;73989
2021-02-28;"Trnavský kraj";87;47709;321;48030;NA;149225;408;2021-02-28;73566
2021-02-27;"Trnavský kraj";264;140224;800;141024;NA;149225;1064;2021-02-27;73158
2021-02-26;"Trnavský kraj";362;26637;284;26921;NA;149225;646;2021-02-26;72094
2021-02-25;"Trnavský kraj";433;10490;227;10717;NA;149225;660;2021-02-25;71448
2021-02-24;"Trnavský kraj";407;9113;290;9403;NA;149225;697;2021-02-24;70788
2021-02-23;"Trnavský kraj";469;11322;284;11606;NA;149225;753;2021-02-23;70091
2021-02-22;"Trnavský kraj";206;19901;330;20231;NA;149225;536;2021-02-22;69338
2021-02-21;"Trnavský kraj";38;48221;329;48550;NA;149225;367;2021-02-21;68802
2021-02-20;"Trnavský kraj";273;135835;859;136694;NA;149225;1132;2021-02-20;68435
2021-02-19;"Trnavský kraj";335;26382;366;26748;NA;149225;701;2021-02-19;67303
2021-02-18;"Trnavský kraj";344;11264;348;11612;NA;149225;692;2021-02-18;66602
2021-02-17;"Trnavský kraj";431;8783;416;9199;NA;149225;847;2021-02-17;65910
2021-02-16;"Trnavský kraj";426;11236;294;11530;NA;149225;720;2021-02-16;65063
2021-02-15;"Trnavský kraj";146;18276;326;18602;NA;149225;472;2021-02-15;64343
2021-02-14;"Trnavský kraj";51;57642;495;58137;NA;149225;546;2021-02-14;63871
2021-02-13;"Trnavský kraj";218;137051;994;138045;NA;149225;1212;2021-02-13;63325
2021-02-12;"Trnavský kraj";300;24090;352;24442;NA;149225;652;2021-02-12;62113
2021-02-11;"Trnavský kraj";422;9831;349;10180;NA;149225;771;2021-02-11;61461
2021-02-10;"Trnavský kraj";511;9194;342;9536;NA;149225;853;2021-02-10;60690
2021-02-09;"Trnavský kraj";544;12755;369;13124;NA;149225;913;2021-02-09;59837
2021-02-08;"Trnavský kraj";220;33414;497;33911;NA;149225;717;2021-02-08;58924
2021-02-07;"Trnavský kraj";140;69694;628;70322;NA;149225;768;2021-02-07;58207
2021-02-06;"Trnavský kraj";348;112687;1482;114169;NA;149225;1830;2021-02-06;57439
2021-02-05;"Trnavský kraj";377;16063;373;16436;NA;149225;750;2021-02-05;55609
2021-02-04;"Trnavský kraj";456;7317;456;7773;NA;149225;912;2021-02-04;54859
2021-02-03;"Trnavský kraj";472;6583;434;7017;NA;149225;906;2021-02-03;53947
2021-02-02;"Trnavský kraj";446;14243;424;14667;NA;149225;870;2021-02-02;53041
2021-02-01;"Trnavský kraj";198;38882;679;39561;NA;149225;877;2021-02-01;52171
2021-01-31;"Trnavský kraj";19;64707;822;65529;NA;149225;841;2021-01-31;51294
2021-01-30;"Trnavský kraj";323;111483;1288;112771;NA;149225;1611;2021-01-30;50453
2021-01-29;"Trnavský kraj";421;9689;290;9979;NA;149225;711;2021-01-29;48842
2021-01-28;"Trnavský kraj";389;5817;289;6106;NA;149225;678;2021-01-28;48131
2021-01-27;"Trnavský kraj";433;5554;225;5779;NA;149225;658;2021-01-27;47453
2021-01-26;"Trnavský kraj";565;25411;636;26047;NA;149225;1201;2021-01-26;46795
2021-01-25;"Trnavský kraj";210;41805;620;42425;NA;149225;830;2021-01-25;45594
2021-01-24;"Trnavský kraj";91;66399;779;67178;NA;149225;870;2021-01-24;44764
2021-01-23;"Trnavský kraj";372;113375;1319;114694;NA;149225;1691;2021-01-23;43894
2021-01-22;"Trnavský kraj";217;32755;505;33260;NA;149225;722;2021-01-22;42203
2021-01-21;"Trnavský kraj";311;13913;377;14290;NA;149225;688;2021-01-21;41481
2021-01-20;"Trnavský kraj";503;8685;283;8968;NA;149225;786;2021-01-20;40793
2021-01-19;"Trnavský kraj";415;7013;347;7360;NA;149225;762;2021-01-19;40007
2021-01-18;"Trnavský kraj";247;6690;513;7203;NA;149225;760;2021-01-18;39245
2021-01-17;"Trnavský kraj";128;854;215;1069;NA;149225;343;2021-01-17;38485
2021-01-16;"Trnavský kraj";103;898;24;922;NA;149225;127;2021-01-16;38142
2021-01-15;"Trnavský kraj";278;5467;336;5803;NA;149225;614;2021-01-15;38015
2021-01-14;"Trnavský kraj";452;4001;338;4339;NA;149225;790;2021-01-14;37401
2021-01-13;"Trnavský kraj";457;4751;378;5129;NA;149225;835;2021-01-13;36611
2021-01-12;"Trnavský kraj";469;6860;470;7330;NA;149225;939;2021-01-12;35776
2021-01-11;"Trnavský kraj";370;4587;360;4947;NA;149225;730;2021-01-11;34837
2021-01-10;"Trnavský kraj";71;13;0;13;NA;149225;71;2021-01-10;34107
2021-01-09;"Trnavský kraj";417;1775;100;1875;NA;149225;517;2021-01-09;34036
2021-01-08;"Trnavský kraj";381;6016;506;6522;NA;149225;887;2021-01-08;33519
2021-01-07;"Trnavský kraj";501;3545;329;3874;NA;149225;830;2021-01-07;32632
2021-01-06;"Trnavský kraj";179;758;132;890;NA;149225;311;2021-01-06;31802
2021-01-05;"Trnavský kraj";611;5165;561;5726;NA;149225;1172;2021-01-05;31491
2021-01-04;"Trnavský kraj";302;5556;709;6265;NA;149225;1011;2021-01-04;30319
2021-01-03;"Trnavský kraj";60;53;7;60;NA;149225;67;2021-01-03;29308
2021-01-02;"Trnavský kraj";282;417;32;449;NA;149225;314;2021-01-02;29241
2021-01-01;"Trnavský kraj";143;455;76;531;NA;149225;219;2021-01-01;28927
2020-12-31;"Trnavský kraj";498;8325;820;9145;NA;149225;1318;2020-12-31;28708
2020-12-30;"Trnavský kraj";785;5318;612;5930;NA;149225;1397;2020-12-30;27390
2020-12-29;"Trnavský kraj";322;4913;565;5478;NA;149225;887;2020-12-29;25993
2020-12-28;"Trnavský kraj";213;4900;552;5452;NA;149225;765;2020-12-28;25106
2020-12-27;"Trnavský kraj";27;20;4;24;NA;149225;31;2020-12-27;24341
2020-12-26;"Trnavský kraj";148;44;1;45;NA;149225;149;2020-12-26;24310
2020-12-25;"Trnavský kraj";65;49;5;54;NA;149225;70;2020-12-25;24161
2020-12-24;"Trnavský kraj";333;1359;117;1476;NA;149225;450;2020-12-24;24091
2020-12-23;"Trnavský kraj";210;6672;414;7086;NA;149225;624;2020-12-23;23641
2020-12-22;"Trnavský kraj";311;5427;455;5882;NA;149225;766;2020-12-22;23017
2020-12-21;"Trnavský kraj";328;4092;350;4442;NA;149225;678;2020-12-21;22251
2020-12-20;"Trnavský kraj";134;133;12;145;NA;149225;146;2020-12-20;21573
2020-12-19;"Trnavský kraj";201;1407;103;1510;NA;149225;304;2020-12-19;21427
2020-12-18;"Trnavský kraj";341;4432;334;4766;NA;149225;675;2020-12-18;21123
2020-12-17;"Trnavský kraj";375;4880;414;5294;NA;149225;789;2020-12-17;20448
2020-12-16;"Trnavský kraj";312;4945;383;5328;NA;149225;695;2020-12-16;19659
2020-12-15;"Trnavský kraj";492;6240;598;6838;NA;149225;1090;2020-12-15;18964
2020-12-14;"Trnavský kraj";161;3505;292;3797;NA;149225;453;2020-12-14;17874
2020-12-13;"Trnavský kraj";7;7;0;7;NA;149225;7;2020-12-13;17421
2020-12-12;"Trnavský kraj";254;1456;114;1570;NA;149225;368;2020-12-12;17414
2020-12-11;"Trnavský kraj";384;4289;241;4530;NA;149225;625;2020-12-11;17046
2020-12-10;"Trnavský kraj";183;5197;320;5517;NA;149225;503;2020-12-10;16421
2020-12-09;"Trnavský kraj";521;4199;317;4516;NA;149225;838;2020-12-09;15918
2020-12-08;"Trnavský kraj";281;4090;304;4394;NA;149225;585;2020-12-08;15080
2020-12-07;"Trnavský kraj";178;2895;199;3094;NA;149225;377;2020-12-07;14495
2020-12-06;"Trnavský kraj";46;0;0;0;NA;149225;46;2020-12-06;14118
2020-12-05;"Trnavský kraj";129;2218;41;2259;NA;149225;170;2020-12-05;14072
2020-12-04;"Trnavský kraj";242;3948;158;4106;NA;149225;400;2020-12-04;13902
2020-12-03;"Trnavský kraj";248;2770;190;2960;NA;149225;438;2020-12-03;13502
2020-12-02;"Trnavský kraj";284;4516;176;4692;NA;149225;460;2020-12-02;13064
2020-12-01;"Trnavský kraj";253;3190;205;3395;NA;149225;458;2020-12-01;12604
2020-11-30;"Trnavský kraj";200;7360;186;7546;NA;149225;386;2020-11-30;12146
2020-11-29;"Trnavský kraj";17;738;36;774;NA;149225;53;2020-11-29;11760
2020-11-28;"Trnavský kraj";83;1453;77;1530;NA;149225;160;2020-11-28;11707
2020-11-27;"Trnavský kraj";148;1779;85;1864;NA;149225;233;2020-11-27;11547
2020-11-26;"Trnavský kraj";234;1123;68;1191;NA;149225;302;2020-11-26;11314
2020-11-25;"Trnavský kraj";232;1168;74;1242;NA;149225;306;2020-11-25;11012
2020-11-24;"Trnavský kraj";295;1909;96;2005;NA;149225;391;2020-11-24;10706
2020-11-23;"Trnavský kraj";242;7393;129;7522;NA;149225;371;2020-11-23;10315
2020-11-22;"Trnavský kraj";10;82;9;91;NA;149225;19;2020-11-22;9944
2020-11-21;"Trnavský kraj";129;1354;36;1390;NA;149225;165;2020-11-21;9925
2020-11-20;"Trnavský kraj";246;1154;64;1218;NA;149225;310;2020-11-20;9760
2020-11-19;"Trnavský kraj";157;823;64;887;NA;149225;221;2020-11-19;9450
2020-11-18;"Trnavský kraj";235;822;82;904;NA;149225;317;2020-11-18;9229
2020-11-17;"Trnavský kraj";129;705;74;779;NA;149225;203;2020-11-17;8912
2020-11-16;"Trnavský kraj";187;732;32;764;NA;149225;219;2020-11-16;8709
2020-11-15;"Trnavský kraj";23;73;4;77;NA;149225;27;2020-11-15;8490
2020-11-14;"Trnavský kraj";86;397;12;409;NA;149225;98;2020-11-14;8463
2020-11-13;"Trnavský kraj";219;1312;21;1333;NA;149225;240;2020-11-13;8365
2020-11-12;"Trnavský kraj";162;420;18;438;NA;149225;180;2020-11-12;8125
2020-11-11;"Trnavský kraj";257;392;15;407;NA;149225;272;2020-11-11;7945
2020-11-10;"Trnavský kraj";189;889;30;919;NA;149225;219;2020-11-10;7673
2020-11-09;"Trnavský kraj";196;369;23;392;NA;149225;219;2020-11-09;7454
2020-11-08;"Trnavský kraj";55;400;4;404;NA;149225;59;2020-11-08;7235
2020-11-07;"Trnavský kraj";207;6070;74;6144;NA;149225;281;2020-11-07;7176
2020-11-06;"Trnavský kraj";260;1531;19;1550;NA;149225;279;2020-11-06;6895
2020-11-05;"Trnavský kraj";150;220;27;247;NA;149225;177;2020-11-05;6616
2020-11-04;"Trnavský kraj";188;212;10;222;NA;149225;198;2020-11-04;6439
2020-11-03;"Trnavský kraj";317;127;8;135;NA;149225;325;2020-11-03;6241
2020-11-02;"Trnavský kraj";281;1728;31;1759;NA;149225;312;2020-11-02;5916
2020-11-01;"Trnavský kraj";87;494;27;521;NA;149225;114;2020-11-01;5604
2020-10-31;"Trnavský kraj";259;5024;41;5065;NA;149225;300;2020-10-31;5490
2020-10-30;"Trnavský kraj";198;3784;27;3811;NA;149225;225;2020-10-30;5190
2020-10-29;"Trnavský kraj";273;1461;16;1477;NA;149225;289;2020-10-29;4965
2020-10-28;"Trnavský kraj";319;117;16;133;NA;149225;335;2020-10-28;4676
2020-10-27;"Trnavský kraj";199;461;36;497;NA;149225;235;2020-10-27;4341
2020-10-26;"Trnavský kraj";153;29;2;31;NA;149225;155;2020-10-26;4106
2020-10-25;"Trnavský kraj";95;19;1;20;NA;149225;96;2020-10-25;3951
2020-10-24;"Trnavský kraj";158;109;2;111;NA;149225;160;2020-10-24;3855
2020-10-23;"Trnavský kraj";201;89;4;93;NA;149225;205;2020-10-23;3695
2020-10-22;"Trnavský kraj";195;55;2;57;NA;149225;197;2020-10-22;3490
2020-10-21;"Trnavský kraj";134;73;3;76;NA;149225;137;2020-10-21;3293
2020-10-20;"Trnavský kraj";202;82;3;85;NA;149225;205;2020-10-20;3156
2020-10-19;"Trnavský kraj";67;55;0;55;NA;149225;67;2020-10-19;2951
2020-10-18;"Trnavský kraj";84;0;0;0;NA;149225;84;2020-10-18;2884
2020-10-17;"Trnavský kraj";123;0;0;0;NA;149225;123;2020-10-17;2800
2020-10-16;"Trnavský kraj";86;45;2;47;NA;149225;88;2020-10-16;2677
2020-10-15;"Trnavský kraj";155;66;2;68;NA;149225;157;2020-10-15;2589
2020-10-14;"Trnavský kraj";236;468;3;471;NA;149225;239;2020-10-14;2432
2020-10-13;"Trnavský kraj";138;16;2;18;NA;149225;140;2020-10-13;2193
2020-10-12;"Trnavský kraj";33;41;1;42;NA;149225;34;2020-10-12;2053
2020-10-11;"Trnavský kraj";31;0;0;0;NA;149225;31;2020-10-11;2019
2020-10-10;"Trnavský kraj";128;0;0;0;NA;149225;128;2020-10-10;1988
2020-10-09;"Trnavský kraj";156;0;0;0;NA;149225;156;2020-10-09;1860
2020-10-08;"Trnavský kraj";153;0;0;0;NA;149225;153;2020-10-08;1704
2020-10-07;"Trnavský kraj";80;0;0;0;NA;149225;80;2020-10-07;1551
2020-10-06;"Trnavský kraj";112;0;0;0;NA;149225;112;2020-10-06;1471
2020-10-05;"Trnavský kraj";33;0;0;0;NA;149225;33;2020-10-05;1359
2020-10-04;"Trnavský kraj";44;0;0;0;NA;149225;44;2020-10-04;1326
2020-10-03;"Trnavský kraj";60;0;0;0;NA;149225;60;2020-10-03;1282
2020-10-02;"Trnavský kraj";41;0;0;0;NA;149225;41;2020-10-02;1222
2020-10-01;"Trnavský kraj";53;0;0;0;NA;149225;53;2020-10-01;1181
2020-09-30;"Trnavský kraj";91;0;0;0;NA;149225;91;2020-09-30;1128
2020-09-29;"Trnavský kraj";40;0;0;0;NA;149225;40;2020-09-29;1037
2020-09-28;"Trnavský kraj";69;0;0;0;NA;149225;69;2020-09-28;997
2020-09-27;"Trnavský kraj";30;0;0;0;NA;149225;30;2020-09-27;928
2020-09-26;"Trnavský kraj";46;0;0;0;NA;149225;46;2020-09-26;898
2020-09-25;"Trnavský kraj";32;0;0;0;NA;149225;32;2020-09-25;852
2020-09-24;"Trnavský kraj";42;0;0;0;NA;149225;42;2020-09-24;820
2020-09-23;"Trnavský kraj";43;0;0;0;NA;149225;43;2020-09-23;778
2020-09-22;"Trnavský kraj";55;0;0;0;NA;149225;55;2020-09-22;735
2020-09-21;"Trnavský kraj";41;0;0;0;NA;149225;41;2020-09-21;680
2020-09-20;"Trnavský kraj";17;0;0;0;NA;149225;17;2020-09-20;639
2020-09-19;"Trnavský kraj";4;0;0;0;NA;149225;4;2020-09-19;622
2020-09-18;"Trnavský kraj";33;0;0;0;NA;149225;33;2020-09-18;618
2020-09-17;"Trnavský kraj";42;0;0;0;NA;149225;42;2020-09-17;585
2020-09-16;"Trnavský kraj";49;0;0;0;NA;149225;49;2020-09-16;543
2020-09-15;"Trnavský kraj";5;0;0;0;NA;149225;5;2020-09-15;494
2020-09-14;"Trnavský kraj";26;0;0;0;NA;149225;26;2020-09-14;489
2020-09-13;"Trnavský kraj";9;0;0;0;NA;149225;9;2020-09-13;463
2020-09-12;"Trnavský kraj";12;0;0;0;NA;149225;12;2020-09-12;454
2020-09-11;"Trnavský kraj";16;0;0;0;NA;149225;16;2020-09-11;442
2020-09-10;"Trnavský kraj";32;0;0;0;NA;149225;32;2020-09-10;426
2020-09-09;"Trnavský kraj";14;0;0;0;NA;149225;14;2020-09-09;394
2020-09-08;"Trnavský kraj";11;0;0;0;NA;149225;11;2020-09-08;380
2020-09-07;"Trnavský kraj";7;0;0;0;NA;149225;7;2020-09-07;369
2020-09-06;"Trnavský kraj";5;0;0;0;NA;149225;5;2020-09-06;362
2020-09-05;"Trnavský kraj";7;0;0;0;NA;149225;7;2020-09-05;357
2020-09-04;"Trnavský kraj";16;0;0;0;NA;149225;16;2020-09-04;350
2020-09-03;"Trnavský kraj";8;0;0;0;NA;149225;8;2020-09-03;334
2020-09-02;"Trnavský kraj";7;0;0;0;NA;149225;7;2020-09-02;326
2020-09-01;"Trnavský kraj";1;0;0;0;NA;149225;1;2020-09-01;319
2020-08-31;"Trnavský kraj";6;0;0;0;NA;149225;6;2020-08-31;318
2020-08-30;"Trnavský kraj";1;0;0;0;NA;149225;1;2020-08-30;312
2020-08-29;"Trnavský kraj";3;0;0;0;NA;149225;3;2020-08-29;311
2020-08-28;"Trnavský kraj";14;0;0;0;NA;149225;14;2020-08-28;308
2020-08-27;"Trnavský kraj";6;0;0;0;NA;149225;6;2020-08-27;294
2020-08-26;"Trnavský kraj";4;0;0;0;NA;149225;4;2020-08-26;288
2020-08-25;"Trnavský kraj";7;0;0;0;NA;149225;7;2020-08-25;284
2020-08-24;"Trnavský kraj";1;0;0;0;NA;149225;1;2020-08-24;277
2020-08-23;"Trnavský kraj";6;0;0;0;NA;149225;6;2020-08-23;276
2020-08-22;"Trnavský kraj";3;0;0;0;NA;149225;3;2020-08-22;270
2020-08-21;"Trnavský kraj";4;0;0;0;NA;149225;4;2020-08-21;267
2020-08-20;"Trnavský kraj";23;0;0;0;NA;149225;23;2020-08-20;263
2020-08-19;"Trnavský kraj";13;0;0;0;NA;149225;13;2020-08-19;240
2020-08-18;"Trnavský kraj";20;0;0;0;NA;149225;20;2020-08-18;227
2020-08-17;"Trnavský kraj";3;0;0;0;NA;149225;3;2020-08-17;207
2020-08-16;"Trnavský kraj";0;0;0;0;NA;149225;0;2020-08-16;204
2020-08-15;"Trnavský kraj";7;0;0;0;NA;149225;7;2020-08-15;204
2020-08-14;"Trnavský kraj";6;0;0;0;NA;149225;6;2020-08-14;197
2020-08-13;"Trnavský kraj";10;0;0;0;NA;149225;10;2020-08-13;191
2020-08-12;"Trnavský kraj";2;0;0;0;NA;149225;2;2020-08-12;181
2020-08-11;"Trnavský kraj";30;0;0;0;NA;149225;30;2020-08-11;179
2020-08-10;"Trnavský kraj";0;0;0;0;NA;149225;0;2020-08-10;149
2020-08-09;"Trnavský kraj";0;0;0;0;NA;149225;0;2020-08-09;149
2020-08-08;"Trnavský kraj";13;0;0;0;NA;149225;13;2020-08-08;149
2020-08-07;"Trnavský kraj";4;0;0;0;NA;149225;4;2020-08-07;136
2020-08-06;"Trnavský kraj";4;0;0;0;NA;149225;4;2020-08-06;132
2020-08-05;"Trnavský kraj";0;0;0;0;NA;149225;0;2020-08-05;128
2020-08-04;"Trnavský kraj";1;0;0;0;NA;149225;1;2020-08-04;128
2020-08-03;"Trnavský kraj";2;0;0;0;NA;149225;2;2020-08-03;127
2020-08-02;"Trnavský kraj";1;0;0;0;NA;149225;1;2020-08-02;125
2020-08-01;"Trnavský kraj";0;0;0;0;NA;149225;0;2020-08-01;124
2020-07-31;"Trnavský kraj";7;0;0;0;NA;149225;7;2020-07-31;124
2020-07-30;"Trnavský kraj";6;0;0;0;NA;149225;6;2020-07-30;117
2020-07-29;"Trnavský kraj";0;0;0;0;NA;149225;0;2020-07-29;111
2020-07-28;"Trnavský kraj";1;0;0;0;NA;149225;1;2020-07-28;111
2020-07-27;"Trnavský kraj";2;0;0;0;NA;149225;2;2020-07-27;110
2020-07-26;"Trnavský kraj";0;0;0;0;NA;149225;0;2020-07-26;108
2020-07-25;"Trnavský kraj";0;0;0;0;NA;149225;0;2020-07-25;108
2020-07-24;"Trnavský kraj";1;0;0;0;NA;149225;1;2020-07-24;108
2020-07-23;"Trnavský kraj";2;0;0;0;NA;149225;2;2020-07-23;107
2020-07-22;"Trnavský kraj";1;0;0;0;NA;149225;1;2020-07-22;105
2020-07-21;"Trnavský kraj";2;0;0;0;NA;149225;2;2020-07-21;104
2020-07-20;"Trnavský kraj";0;0;0;0;NA;149225;0;2020-07-20;102
2020-07-19;"Trnavský kraj";0;0;0;0;NA;149225;0;2020-07-19;102
2020-07-18;"Trnavský kraj";0;0;0;0;NA;149225;0;2020-07-18;102
2020-07-17;"Trnavský kraj";0;0;0;0;NA;149225;0;2020-07-17;102
2020-07-16;"Trnavský kraj";0;0;0;0;NA;149225;0;2020-07-16;102
2020-07-15;"Trnavský kraj";1;0;0;0;NA;149225;1;2020-07-15;102
2020-07-14;"Trnavský kraj";0;0;0;0;NA;149225;0;2020-07-14;101
2020-07-13;"Trnavský kraj";0;0;0;0;NA;149225;0;2020-07-13;101
2020-07-12;"Trnavský kraj";0;0;0;0;NA;149225;0;2020-07-12;101
2020-07-11;"Trnavský kraj";0;0;0;0;NA;149225;0;2020-07-11;101
2020-07-10;"Trnavský kraj";0;0;0;0;NA;149225;0;2020-07-10;101
2020-07-09;"Trnavský kraj";0;0;0;0;NA;149225;0;2020-07-09;101
2020-07-08;"Trnavský kraj";3;0;0;0;NA;149225;3;2020-07-08;101
2020-07-07;"Trnavský kraj";4;0;0;0;NA;149225;4;2020-07-07;98
2020-07-06;"Trnavský kraj";0;0;0;0;NA;149225;0;2020-07-06;94
2020-07-05;"Trnavský kraj";0;0;0;0;NA;149225;0;2020-07-05;94
2020-07-04;"Trnavský kraj";0;0;0;0;NA;149225;0;2020-07-04;94
2020-07-03;"Trnavský kraj";0;0;0;0;NA;149225;0;2020-07-03;94
2020-07-02;"Trnavský kraj";3;0;0;0;NA;149225;3;2020-07-02;94
2020-07-01;"Trnavský kraj";0;0;0;0;NA;149225;0;2020-07-01;91
2020-06-30;"Trnavský kraj";0;0;0;0;NA;149225;0;2020-06-30;91
2020-06-29;"Trnavský kraj";0;0;0;0;NA;149225;0;2020-06-29;91
2020-06-28;"Trnavský kraj";0;0;0;0;NA;149225;0;2020-06-28;91
2020-06-27;"Trnavský kraj";0;0;0;0;NA;149225;0;2020-06-27;91
2020-06-26;"Trnavský kraj";0;0;0;0;NA;149225;0;2020-06-26;91
2020-06-25;"Trnavský kraj";0;0;0;0;NA;149225;0;2020-06-25;91
2020-06-24;"Trnavský kraj";0;0;0;0;NA;149225;0;2020-06-24;91
2020-06-23;"Trnavský kraj";0;0;0;0;NA;149225;0;2020-06-23;91
2020-06-22;"Trnavský kraj";0;0;0;0;NA;149225;0;2020-06-22;91
2020-06-21;"Trnavský kraj";0;0;0;0;NA;149225;0;2020-06-21;91
2020-06-20;"Trnavský kraj";0;0;0;0;NA;149225;0;2020-06-20;91
2020-06-19;"Trnavský kraj";0;0;0;0;NA;149225;0;2020-06-19;91
2020-06-18;"Trnavský kraj";2;0;0;0;NA;149225;2;2020-06-18;91
2020-06-17;"Trnavský kraj";0;0;0;0;NA;149225;0;2020-06-17;89
2020-06-16;"Trnavský kraj";0;0;0;0;NA;149225;0;2020-06-16;89
2020-06-14;"Trnavský kraj";0;0;0;0;NA;149225;0;2020-06-14;89
2020-06-13;"Trnavský kraj";0;0;0;0;NA;149225;0;2020-06-13;89
2020-06-12;"Trnavský kraj";0;0;0;0;NA;149225;0;2020-06-12;89
2020-06-11;"Trnavský kraj";0;0;0;0;NA;149225;0;2020-06-11;89
2020-06-10;"Trnavský kraj";0;0;0;0;NA;149225;0;2020-06-10;89
2020-06-09;"Trnavský kraj";0;0;0;0;NA;149225;0;2020-06-09;89
2020-06-08;"Trnavský kraj";0;0;0;0;NA;149225;0;2020-06-08;89
2020-06-07;"Trnavský kraj";0;0;0;0;NA;149225;0;2020-06-07;89
2020-06-05;"Trnavský kraj";0;0;0;0;NA;149225;0;2020-06-05;89
2020-06-03;"Trnavský kraj";0;0;0;0;NA;149225;0;2020-06-03;89
2020-06-02;"Trnavský kraj";0;0;0;0;NA;149225;0;2020-06-02;89
2020-05-31;"Trnavský kraj";0;0;0;0;NA;149225;0;2020-05-31;89
2020-05-29;"Trnavský kraj";0;0;0;0;NA;149225;0;2020-05-29;89
2020-05-27;"Trnavský kraj";0;0;0;0;NA;149225;0;2020-05-27;89
2020-05-26;"Trnavský kraj";0;0;0;0;NA;149225;0;2020-05-26;89
2020-05-25;"Trnavský kraj";1;0;0;0;NA;149225;1;2020-05-25;89
2020-05-24;"Trnavský kraj";0;0;0;0;NA;149225;0;2020-05-24;88
2020-05-23;"Trnavský kraj";2;0;0;0;NA;149225;2;2020-05-23;88
2020-05-22;"Trnavský kraj";0;0;0;0;NA;149225;0;2020-05-22;86
2020-05-21;"Trnavský kraj";0;0;0;0;NA;149225;0;2020-05-21;86
2020-05-20;"Trnavský kraj";2;0;0;0;NA;149225;2;2020-05-20;86
2020-05-19;"Trnavský kraj";0;0;0;0;NA;149225;0;2020-05-19;84
2020-05-17;"Trnavský kraj";0;0;0;0;NA;149225;0;2020-05-17;84
2020-05-16;"Trnavský kraj";0;0;0;0;NA;149225;0;2020-05-16;84
2020-05-15;"Trnavský kraj";1;0;0;0;NA;149225;1;2020-05-15;84
2020-05-14;"Trnavský kraj";0;0;0;0;NA;149225;0;2020-05-14;83
2020-05-13;"Trnavský kraj";0;0;0;0;NA;149225;0;2020-05-13;83
2020-05-12;"Trnavský kraj";0;0;0;0;NA;149225;0;2020-05-12;83
2020-05-11;"Trnavský kraj";2;0;0;0;NA;149225;2;2020-05-11;83
2020-05-09;"Trnavský kraj";0;0;0;0;NA;149225;0;2020-05-09;81
2020-05-07;"Trnavský kraj";0;0;0;0;NA;149225;0;2020-05-07;81
2020-05-06;"Trnavský kraj";0;0;0;0;NA;149225;0;2020-05-06;81
2020-05-05;"Trnavský kraj";0;0;0;0;NA;149225;0;2020-05-05;81
2020-05-04;"Trnavský kraj";0;0;0;0;NA;149225;0;2020-05-04;81
2020-05-03;"Trnavský kraj";0;0;0;0;NA;149225;0;2020-05-03;81
2020-05-02;"Trnavský kraj";0;0;0;0;NA;149225;0;2020-05-02;81
2020-05-01;"Trnavský kraj";0;0;0;0;NA;149225;0;2020-05-01;81
2020-04-30;"Trnavský kraj";0;0;0;0;NA;149225;0;2020-04-30;81
2020-04-29;"Trnavský kraj";0;0;0;0;NA;149225;0;2020-04-29;81
2020-04-28;"Trnavský kraj";1;0;0;0;NA;149225;1;2020-04-28;81
2020-04-27;"Trnavský kraj";0;0;0;0;NA;149225;0;2020-04-27;80
2020-04-26;"Trnavský kraj";0;0;0;0;NA;149225;0;2020-04-26;80
2020-04-25;"Trnavský kraj";2;0;0;0;NA;149225;2;2020-04-25;80
2020-04-24;"Trnavský kraj";4;0;0;0;NA;149225;4;2020-04-24;78
2020-04-23;"Trnavský kraj";5;0;0;0;NA;149225;5;2020-04-23;74
2020-04-22;"Trnavský kraj";10;0;0;0;NA;149225;10;2020-04-22;69
2020-04-21;"Trnavský kraj";5;0;0;0;NA;149225;5;2020-04-21;59
2020-04-20;"Trnavský kraj";0;0;0;0;NA;149225;0;2020-04-20;54
2020-04-19;"Trnavský kraj";1;0;0;0;NA;149225;1;2020-04-19;54
2020-04-18;"Trnavský kraj";4;0;0;0;NA;149225;4;2020-04-18;53
2020-04-17;"Trnavský kraj";7;0;0;0;NA;149225;7;2020-04-17;49
2020-04-16;"Trnavský kraj";5;0;0;0;NA;149225;5;2020-04-16;42
2020-04-15;"Trnavský kraj";5;0;0;0;NA;149225;5;2020-04-15;37
2020-04-14;"Trnavský kraj";1;0;0;0;NA;149225;1;2020-04-14;32
2020-04-13;"Trnavský kraj";0;0;0;0;NA;149225;0;2020-04-13;31
2020-04-12;"Trnavský kraj";0;0;0;0;NA;149225;0;2020-04-12;31
2020-04-11;"Trnavský kraj";0;0;0;0;NA;149225;0;2020-04-11;31
2020-04-10;"Trnavský kraj";2;0;0;0;NA;149225;2;2020-04-10;31
2020-04-09;"Trnavský kraj";3;0;0;0;NA;149225;3;2020-04-09;29
2020-04-08;"Trnavský kraj";4;0;0;0;NA;149225;4;2020-04-08;26
2020-04-07;"Trnavský kraj";6;0;0;0;NA;149225;6;2020-04-07;22
2020-04-06;"Trnavský kraj";6;0;0;0;NA;149225;6;2020-04-06;16
2020-04-05;"Trnavský kraj";1;0;0;0;NA;149225;1;2020-04-05;10
2020-04-04;"Trnavský kraj";1;0;0;0;NA;149225;1;2020-04-04;9
2020-04-03;"Trnavský kraj";3;0;0;0;NA;149225;3;2020-04-03;8
2020-04-02;"Trnavský kraj";4;0;0;0;NA;149225;4;2020-04-02;5
2020-04-01;"Trnavský kraj";0;0;0;0;NA;149225;0;2020-04-01;1
2020-03-31;"Trnavský kraj";3;0;0;0;NA;149225;3;2020-03-31;1
2020-03-30;"Trnavský kraj";4;0;0;0;NA;149225;4;2020-03-30;-2
2020-03-29;"Trnavský kraj";1;0;0;0;NA;149225;1;2020-03-29;-6
2020-03-28;"Trnavský kraj";3;0;0;0;NA;149225;3;2020-03-28;-7
2020-03-27;"Trnavský kraj";5;0;0;0;NA;149225;5;2020-03-27;-10
2020-03-26;"Trnavský kraj";5;0;0;0;NA;149225;5;2020-03-26;-15
2020-03-25;"Trnavský kraj";1;0;0;0;NA;149225;1;2020-03-25;-20
2020-03-24;"Trnavský kraj";0;0;0;0;NA;149225;0;2020-03-24;-21
2020-03-23;"Trnavský kraj";2;0;0;0;NA;149225;2;2020-03-23;-21
2020-03-22;"Trnavský kraj";1;0;0;0;NA;149225;1;2020-03-22;-23
2020-03-21;"Trnavský kraj";5;0;0;0;NA;149225;5;2020-03-21;-24
2020-03-20;"Trnavský kraj";0;0;0;0;NA;149225;0;2020-03-20;-29
2020-03-19;"Trnavský kraj";0;0;0;0;NA;149225;0;2020-03-19;-29
2020-03-18;"Trnavský kraj";0;0;0;0;NA;149225;0;2020-03-18;-29
2020-03-17;"Trnavský kraj";3;0;0;0;NA;149225;3;2020-03-17;-29
2020-03-16;"Trnavský kraj";1;0;0;0;NA;149225;1;2020-03-16;-32
2020-03-15;"Trnavský kraj";0;0;0;0;NA;149225;0;2020-03-15;-33
2020-03-14;"Trnavský kraj";0;0;0;0;NA;149225;0;2020-03-14;-33
2020-03-13;"Trnavský kraj";1;0;0;0;NA;149225;1;2020-03-13;-33
2020-03-12;"Trnavský kraj";1;0;0;0;NA;149225;1;2020-03-12;-34
2020-03-11;"Trnavský kraj";0;0;0;0;NA;149225;0;2020-03-11;-35
2020-03-09;"Trnavský kraj";0;0;0;0;NA;149225;0;2020-03-09;-35
2020-03-08;"Trnavský kraj";0;0;0;0;NA;149225;0;2020-03-08;-35
2020-03-07;"Trnavský kraj";0;0;0;0;NA;149225;0;2020-03-07;-35
2020-03-06;"Trnavský kraj";0;0;0;0;NA;149225;0;2020-03-06;-35
2022-01-09;"Žilinský kraj";95;2646;49;2695;129014;198164;144;2022-01-09;198164
2022-01-08;"Žilinský kraj";345;1551;45;1596;NA;198164;390;2022-01-08;198020
2022-01-07;"Žilinský kraj";525;3624;63;3687;NA;198164;588;2022-01-07;197630
2022-01-06;"Žilinský kraj";167;1205;40;1245;NA;198164;207;2022-01-06;197042
2022-01-05;"Žilinský kraj";471;3479;75;3554;NA;198164;546;2022-01-05;196835
2022-01-04;"Žilinský kraj";606;4161;91;4252;NA;198164;697;2022-01-04;196289
2022-01-03;"Žilinský kraj";601;6531;128;6659;NA;198164;729;2022-01-03;195592
2022-01-02;"Žilinský kraj";288;2381;81;2462;NA;198164;369;2022-01-02;194863
2022-01-01;"Žilinský kraj";14;439;15;454;NA;198164;29;2022-01-01;194494
2021-12-31;"Žilinský kraj";321;1958;80;2038;NA;198164;401;2021-12-31;194465
2021-12-30;"Žilinský kraj";492;2156;79;2235;NA;198164;571;2021-12-30;194064
2021-12-29;"Žilinský kraj";543;2952;91;3043;NA;198164;634;2021-12-29;193493
2021-12-28;"Žilinský kraj";641;3402;106;3508;NA;198164;747;2021-12-28;192859
2021-12-27;"Žilinský kraj";691;3951;144;4095;NA;198164;835;2021-12-27;192112
2021-12-26;"Žilinský kraj";242;1286;67;1353;NA;198164;309;2021-12-26;191277
2021-12-25;"Žilinský kraj";22;442;45;487;NA;198164;67;2021-12-25;190968
2021-12-24;"Žilinský kraj";98;518;21;539;NA;198164;119;2021-12-24;190901
2021-12-23;"Žilinský kraj";731;2675;105;2780;NA;198164;836;2021-12-23;190782
2021-12-22;"Žilinský kraj";510;2428;77;2505;NA;198164;587;2021-12-22;189946
2021-12-21;"Žilinský kraj";755;3641;102;3743;NA;198164;857;2021-12-21;189359
2021-12-20;"Žilinský kraj";563;4499;122;4621;NA;198164;685;2021-12-20;188502
2021-12-19;"Žilinský kraj";133;2215;90;2305;NA;198164;223;2021-12-19;187817
2021-12-18;"Žilinský kraj";417;1321;70;1391;NA;198164;487;2021-12-18;187594
2021-12-17;"Žilinský kraj";604;3895;127;4022;NA;198164;731;2021-12-17;187107
2021-12-16;"Žilinský kraj";660;3915;109;4024;NA;198164;769;2021-12-16;186376
2021-12-15;"Žilinský kraj";802;3489;122;3611;NA;198164;924;2021-12-15;185607
2021-12-14;"Žilinský kraj";798;4587;129;4716;NA;198164;927;2021-12-14;184683
2021-12-13;"Žilinský kraj";759;7745;212;7957;NA;198164;971;2021-12-13;183756
2021-12-12;"Žilinský kraj";340;2836;114;2950;NA;198164;454;2021-12-12;182785
2021-12-11;"Žilinský kraj";761;1849;112;1961;NA;198164;873;2021-12-11;182331
2021-12-10;"Žilinský kraj";638;4041;136;4177;NA;198164;774;2021-12-10;181458
2021-12-09;"Žilinský kraj";870;5827;161;5988;NA;198164;1031;2021-12-09;180684
2021-12-08;"Žilinský kraj";1018;3214;158;3372;NA;198164;1176;2021-12-08;179653
2021-12-07;"Žilinský kraj";1356;5147;160;5307;NA;198164;1516;2021-12-07;178477
2021-12-06;"Žilinský kraj";919;7441;226;7667;NA;198164;1145;2021-12-06;176961
2021-12-05;"Žilinský kraj";505;3306;134;3440;NA;198164;639;2021-12-05;175816
2021-12-04;"Žilinský kraj";704;1892;153;2045;NA;198164;857;2021-12-04;175177
2021-12-03;"Žilinský kraj";1204;4864;215;5079;NA;198164;1419;2021-12-03;174320
2021-12-02;"Žilinský kraj";1847;4131;199;4330;NA;198164;2046;2021-12-02;172901
2021-12-01;"Žilinský kraj";1183;4073;195;4268;NA;198164;1378;2021-12-01;170855
2021-11-30;"Žilinský kraj";1575;5467;252;5719;NA;198164;1827;2021-11-30;169477
2021-11-29;"Žilinský kraj";1395;9067;358;9425;NA;198164;1753;2021-11-29;167650
2021-11-28;"Žilinský kraj";625;4581;235;4816;NA;198164;860;2021-11-28;165897
2021-11-27;"Žilinský kraj";909;2557;192;2749;NA;198164;1101;2021-11-27;165037
2021-11-26;"Žilinský kraj";1195;6581;342;6923;NA;198164;1537;2021-11-26;163936
2021-11-25;"Žilinský kraj";1281;4701;331;5032;NA;198164;1612;2021-11-25;162399
2021-11-24;"Žilinský kraj";1792;4659;324;4983;NA;198164;2116;2021-11-24;160787
2021-11-23;"Žilinský kraj";1630;4654;353;5007;NA;198164;1983;2021-11-23;158671
2021-11-22;"Žilinský kraj";1126;6699;452;7151;NA;198164;1578;2021-11-22;156688
2021-11-21;"Žilinský kraj";443;2865;260;3125;NA;198164;703;2021-11-21;155110
2021-11-20;"Žilinský kraj";963;2104;241;2345;NA;198164;1204;2021-11-20;154407
2021-11-19;"Žilinský kraj";1281;4622;434;5056;NA;198164;1715;2021-11-19;153203
2021-11-18;"Žilinský kraj";1220;4432;376;4808;NA;198164;1596;2021-11-18;151488
2021-11-17;"Žilinský kraj";1001;1434;149;1583;NA;198164;1150;2021-11-17;149892
2021-11-16;"Žilinský kraj";1197;4058;323;4381;NA;198164;1520;2021-11-16;148742
2021-11-15;"Žilinský kraj";977;5050;476;5526;NA;198164;1453;2021-11-15;147222
2021-11-14;"Žilinský kraj";356;2287;262;2549;NA;198164;618;2021-11-14;145769
2021-11-13;"Žilinský kraj";652;1882;220;2102;NA;198164;872;2021-11-13;145151
2021-11-12;"Žilinský kraj";1027;4291;340;4631;NA;198164;1367;2021-11-12;144279
2021-11-11;"Žilinský kraj";924;4192;272;4464;NA;198164;1196;2021-11-11;142912
2021-11-10;"Žilinský kraj";897;4509;305;4814;NA;198164;1202;2021-11-10;141716
2021-11-09;"Žilinský kraj";1440;4619;256;4875;NA;198164;1696;2021-11-09;140514
2021-11-08;"Žilinský kraj";781;4438;425;4863;NA;198164;1206;2021-11-08;138818
2021-11-07;"Žilinský kraj";304;2130;231;2361;NA;198164;535;2021-11-07;137612
2021-11-06;"Žilinský kraj";741;2150;201;2351;NA;198164;942;2021-11-06;137077
2021-11-05;"Žilinský kraj";1064;4067;235;4302;NA;198164;1299;2021-11-05;136135
2021-11-04;"Žilinský kraj";776;3709;232;3941;NA;198164;1008;2021-11-04;134836
2021-11-03;"Žilinský kraj";1106;5550;338;5888;NA;198164;1444;2021-11-03;133828
2021-11-02;"Žilinský kraj";1136;4451;333;4784;NA;198164;1469;2021-11-02;132384
2021-11-01;"Žilinský kraj";399;1456;137;1593;NA;198164;536;2021-11-01;130915
2021-10-31;"Žilinský kraj";344;1387;145;1532;NA;198164;489;2021-10-31;130379
2021-10-30;"Žilinský kraj";571;1944;161;2105;NA;198164;732;2021-10-30;129890
2021-10-29;"Žilinský kraj";733;3339;194;3533;NA;198164;927;2021-10-29;129158
2021-10-28;"Žilinský kraj";639;4953;247;5200;NA;198164;886;2021-10-28;128231
2021-10-27;"Žilinský kraj";739;3446;173;3619;NA;198164;912;2021-10-27;127345
2021-10-26;"Žilinský kraj";945;4748;216;4964;NA;198164;1161;2021-10-26;126433
2021-10-25;"Žilinský kraj";649;5736;271;6007;NA;198164;920;2021-10-25;125272
2021-10-24;"Žilinský kraj";248;1679;107;1786;NA;198164;355;2021-10-24;124352
2021-10-23;"Žilinský kraj";399;2415;149;2564;NA;198164;548;2021-10-23;123997
2021-10-22;"Žilinský kraj";587;3898;151;4049;NA;198164;738;2021-10-22;123449
2021-10-21;"Žilinský kraj";591;3367;162;3529;NA;198164;753;2021-10-21;122711
2021-10-20;"Žilinský kraj";479;3864;154;4018;NA;198164;633;2021-10-20;121958
2021-10-19;"Žilinský kraj";675;3763;161;3924;NA;198164;836;2021-10-19;121325
2021-10-18;"Žilinský kraj";432;5160;271;5431;NA;198164;703;2021-10-18;120489
2021-10-17;"Žilinský kraj";135;1769;101;1870;NA;198164;236;2021-10-17;119786
2021-10-16;"Žilinský kraj";273;2341;100;2441;NA;198164;373;2021-10-16;119550
2021-10-15;"Žilinský kraj";347;3859;146;4005;NA;198164;493;2021-10-15;119177
2021-10-14;"Žilinský kraj";419;3035;110;3145;NA;198164;529;2021-10-14;118684
2021-10-13;"Žilinský kraj";404;3427;112;3539;NA;198164;516;2021-10-13;118155
2021-10-12;"Žilinský kraj";589;4000;141;4141;NA;198164;730;2021-10-12;117639
2021-10-11;"Žilinský kraj";323;4501;154;4655;NA;198164;477;2021-10-11;116909
2021-10-10;"Žilinský kraj";113;1577;77;1654;NA;198164;190;2021-10-10;116432
2021-10-09;"Žilinský kraj";201;1565;57;1622;NA;198164;258;2021-10-09;116242
2021-10-08;"Žilinský kraj";265;4227;99;4326;NA;198164;364;2021-10-08;115984
2021-10-07;"Žilinský kraj";338;3384;113;3497;NA;198164;451;2021-10-07;115620
2021-10-06;"Žilinský kraj";313;3901;89;3990;NA;198164;402;2021-10-06;115169
2021-10-05;"Žilinský kraj";387;4031;122;4153;NA;198164;509;2021-10-05;114767
2021-10-04;"Žilinský kraj";297;4449;121;4570;NA;198164;418;2021-10-04;114258
2021-10-03;"Žilinský kraj";22;1596;63;1659;NA;198164;85;2021-10-03;113840
2021-10-02;"Žilinský kraj";209;1990;45;2035;NA;198164;254;2021-10-02;113755
2021-10-01;"Žilinský kraj";263;4047;104;4151;NA;198164;367;2021-10-01;113501
2021-09-30;"Žilinský kraj";248;3531;71;3602;NA;198164;319;2021-09-30;113134
2021-09-29;"Žilinský kraj";285;3577;82;3659;NA;198164;367;2021-09-29;112815
2021-09-28;"Žilinský kraj";272;3656;73;3729;NA;198164;345;2021-09-28;112448
2021-09-27;"Žilinský kraj";239;4418;152;4570;NA;198164;391;2021-09-27;112103
2021-09-26;"Žilinský kraj";17;1665;42;1707;NA;198164;59;2021-09-26;111712
2021-09-25;"Žilinský kraj";111;1711;50;1761;NA;198164;161;2021-09-25;111653
2021-09-24;"Žilinský kraj";199;6127;98;6225;NA;198164;297;2021-09-24;111492
2021-09-23;"Žilinský kraj";176;2629;74;2703;NA;198164;250;2021-09-23;111195
2021-09-22;"Žilinský kraj";185;2728;77;2805;NA;198164;262;2021-09-22;110945
2021-09-21;"Žilinský kraj";250;3123;78;3201;NA;198164;328;2021-09-21;110683
2021-09-20;"Žilinský kraj";244;3231;95;3326;NA;198164;339;2021-09-20;110355
2021-09-19;"Žilinský kraj";26;1579;37;1616;NA;198164;63;2021-09-19;110016
2021-09-18;"Žilinský kraj";87;1441;45;1486;NA;198164;132;2021-09-18;109953
2021-09-17;"Žilinský kraj";192;3351;56;3407;NA;198164;248;2021-09-17;109821
2021-09-16;"Žilinský kraj";164;2744;87;2831;NA;198164;251;2021-09-16;109573
2021-09-15;"Žilinský kraj";31;555;11;566;NA;198164;42;2021-09-15;109322
2021-09-14;"Žilinský kraj";155;3268;61;3329;NA;198164;216;2021-09-14;109280
2021-09-13;"Žilinský kraj";81;3231;75;3306;NA;198164;156;2021-09-13;109064
2021-09-12;"Žilinský kraj";9;1138;24;1162;NA;198164;33;2021-09-12;108908
2021-09-11;"Žilinský kraj";47;1322;21;1343;NA;198164;68;2021-09-11;108875
2021-09-10;"Žilinský kraj";66;2439;34;2473;NA;198164;100;2021-09-10;108807
2021-09-09;"Žilinský kraj";56;2352;18;2370;NA;198164;74;2021-09-09;108707
2021-09-08;"Žilinský kraj";68;1560;24;1584;NA;198164;92;2021-09-08;108633
2021-09-07;"Žilinský kraj";72;1806;27;1833;NA;198164;99;2021-09-07;108541
2021-09-06;"Žilinský kraj";31;2381;45;2426;NA;198164;76;2021-09-06;108442
2021-09-05;"Žilinský kraj";11;785;8;793;NA;198164;19;2021-09-05;108366
2021-09-04;"Žilinský kraj";24;1080;5;1085;NA;198164;29;2021-09-04;108347
2021-09-03;"Žilinský kraj";52;2047;28;2075;NA;198164;80;2021-09-03;108318
2021-09-02;"Žilinský kraj";30;1432;22;1454;NA;198164;52;2021-09-02;108238
2021-09-01;"Žilinský kraj";5;461;6;467;NA;198164;11;2021-09-01;108186
2021-08-31;"Žilinský kraj";32;1710;15;1725;NA;198164;47;2021-08-31;108175
2021-08-30;"Žilinský kraj";7;1801;4;1805;NA;198164;11;2021-08-30;108128
2021-08-29;"Žilinský kraj";8;631;5;636;NA;198164;13;2021-08-29;108117
2021-08-28;"Žilinský kraj";2;1005;1;1006;NA;198164;3;2021-08-28;108104
2021-08-27;"Žilinský kraj";13;1765;12;1777;NA;198164;25;2021-08-27;108101
2021-08-26;"Žilinský kraj";17;1636;7;1643;NA;198164;24;2021-08-26;108076
2021-08-25;"Žilinský kraj";9;1203;11;1214;NA;198164;20;2021-08-25;108052
2021-08-24;"Žilinský kraj";6;1395;9;1404;NA;198164;15;2021-08-24;108032
2021-08-23;"Žilinský kraj";11;1877;7;1884;NA;198164;18;2021-08-23;108017
2021-08-22;"Žilinský kraj";2;733;3;736;NA;198164;5;2021-08-22;107999
2021-08-21;"Žilinský kraj";6;1183;2;1185;NA;198164;8;2021-08-21;107994
2021-08-20;"Žilinský kraj";7;2284;5;2289;NA;198164;12;2021-08-20;107986
2021-08-19;"Žilinský kraj";6;1281;3;1284;NA;198164;9;2021-08-19;107974
2021-08-18;"Žilinský kraj";4;1331;7;1338;NA;198164;11;2021-08-18;107965
2021-08-17;"Žilinský kraj";9;1219;3;1222;NA;198164;12;2021-08-17;107954
2021-08-16;"Žilinský kraj";14;1696;5;1701;NA;198164;19;2021-08-16;107942
2021-08-15;"Žilinský kraj";1;880;2;882;NA;198164;3;2021-08-15;107923
2021-08-14;"Žilinský kraj";5;1197;0;1197;NA;198164;5;2021-08-14;107920
2021-08-13;"Žilinský kraj";6;1685;0;1685;NA;198164;6;2021-08-13;107915
2021-08-12;"Žilinský kraj";4;1105;1;1106;NA;198164;5;2021-08-12;107909
2021-08-11;"Žilinský kraj";13;1250;3;1253;NA;198164;16;2021-08-11;107904
2021-08-10;"Žilinský kraj";12;1292;3;1295;NA;198164;15;2021-08-10;107888
2021-08-09;"Žilinský kraj";9;1142;1;1143;NA;198164;10;2021-08-09;107873
2021-08-08;"Žilinský kraj";1;748;5;753;NA;198164;6;2021-08-08;107863
2021-08-07;"Žilinský kraj";7;1192;1;1193;NA;198164;8;2021-08-07;107857
2021-08-06;"Žilinský kraj";1;1347;0;1347;NA;198164;1;2021-08-06;107849
2021-08-05;"Žilinský kraj";7;1148;3;1151;NA;198164;10;2021-08-05;107848
2021-08-04;"Žilinský kraj";12;875;0;875;NA;198164;12;2021-08-04;107838
2021-08-03;"Žilinský kraj";11;918;0;918;NA;198164;11;2021-08-03;107826
2021-08-02;"Žilinský kraj";5;1513;1;1514;NA;198164;6;2021-08-02;107815
2021-08-01;"Žilinský kraj";0;679;2;681;NA;198164;2;2021-08-01;107809
2021-07-31;"Žilinský kraj";4;1114;0;1114;NA;198164;4;2021-07-31;107807
2021-07-30;"Žilinský kraj";3;1671;0;1671;NA;198164;3;2021-07-30;107803
2021-07-29;"Žilinský kraj";1;1299;0;1299;NA;198164;1;2021-07-29;107800
2021-07-28;"Žilinský kraj";4;901;0;901;NA;198164;4;2021-07-28;107799
2021-07-27;"Žilinský kraj";11;1378;0;1378;NA;198164;11;2021-07-27;107795
2021-07-26;"Žilinský kraj";1;1301;1;1302;NA;198164;2;2021-07-26;107784
2021-07-25;"Žilinský kraj";2;828;2;830;NA;198164;4;2021-07-25;107782
2021-07-24;"Žilinský kraj";2;1338;2;1340;NA;198164;4;2021-07-24;107778
2021-07-23;"Žilinský kraj";4;1750;0;1750;NA;198164;4;2021-07-23;107774
2021-07-22;"Žilinský kraj";2;1207;0;1207;NA;198164;2;2021-07-22;107770
2021-07-21;"Žilinský kraj";2;1021;0;1021;NA;198164;2;2021-07-21;107768
2021-07-20;"Žilinský kraj";4;1439;0;1439;NA;198164;4;2021-07-20;107766
2021-07-19;"Žilinský kraj";4;1763;1;1764;NA;198164;5;2021-07-19;107762
2021-07-18;"Žilinský kraj";0;854;1;855;NA;198164;1;2021-07-18;107757
2021-07-17;"Žilinský kraj";0;1350;0;1350;NA;198164;0;2021-07-17;107756
2021-07-16;"Žilinský kraj";2;1767;0;1767;NA;198164;2;2021-07-16;107756
2021-07-15;"Žilinský kraj";2;1577;0;1577;NA;198164;2;2021-07-15;107754
2021-07-14;"Žilinský kraj";5;1042;1;1043;NA;198164;6;2021-07-14;107752
2021-07-13;"Žilinský kraj";3;1709;1;1710;NA;198164;4;2021-07-13;107746
2021-07-12;"Žilinský kraj";3;1325;1;1326;NA;198164;4;2021-07-12;107742
2021-07-11;"Žilinský kraj";2;989;0;989;NA;198164;2;2021-07-11;107738
2021-07-10;"Žilinský kraj";1;1511;4;1515;NA;198164;5;2021-07-10;107736
2021-07-09;"Žilinský kraj";1;2208;1;2209;NA;198164;2;2021-07-09;107731
2021-07-08;"Žilinský kraj";6;1776;3;1779;NA;198164;9;2021-07-08;107729
2021-07-07;"Žilinský kraj";1;1585;3;1588;NA;198164;4;2021-07-07;107720
2021-07-06;"Žilinský kraj";4;1956;0;1956;NA;198164;4;2021-07-06;107716
2021-07-05;"Žilinský kraj";2;1031;1;1032;NA;198164;3;2021-07-05;107712
2021-07-04;"Žilinský kraj";0;1003;0;1003;NA;198164;0;2021-07-04;107709
2021-07-03;"Žilinský kraj";1;1696;2;1698;NA;198164;3;2021-07-03;107709
2021-07-02;"Žilinský kraj";0;3356;2;3358;NA;198164;2;2021-07-02;107706
2021-07-01;"Žilinský kraj";1;1118;0;1118;NA;198164;1;2021-07-01;107704
2021-06-30;"Žilinský kraj";1;10464;6;10470;NA;198164;7;2021-06-30;107703
2021-06-29;"Žilinský kraj";10;5946;0;5946;NA;198164;10;2021-06-29;107696
2021-06-28;"Žilinský kraj";4;6245;2;6247;NA;198164;6;2021-06-28;107686
2021-06-27;"Žilinský kraj";3;4702;1;4703;NA;198164;4;2021-06-27;107680
2021-06-26;"Žilinský kraj";4;5919;0;5919;NA;198164;4;2021-06-26;107676
2021-06-25;"Žilinský kraj";8;9756;5;9761;NA;198164;13;2021-06-25;107672
2021-06-24;"Žilinský kraj";6;5657;3;5660;NA;198164;9;2021-06-24;107659
2021-06-23;"Žilinský kraj";7;5955;10;5965;NA;198164;17;2021-06-23;107650
2021-06-22;"Žilinský kraj";6;5214;8;5222;NA;198164;14;2021-06-22;107633
2021-06-21;"Žilinský kraj";6;6287;8;6295;NA;198164;14;2021-06-21;107619
2021-06-20;"Žilinský kraj";1;5531;8;5539;NA;198164;9;2021-06-20;107605
2021-06-19;"Žilinský kraj";9;8353;2;8355;NA;198164;11;2021-06-19;107596
2021-06-18;"Žilinský kraj";11;10624;12;10636;NA;198164;23;2021-06-18;107585
2021-06-17;"Žilinský kraj";10;6092;12;6104;NA;198164;22;2021-06-17;107562
2021-06-16;"Žilinský kraj";17;5786;11;5797;NA;198164;28;2021-06-16;107540
2021-06-15;"Žilinský kraj";13;5996;13;6009;NA;198164;26;2021-06-15;107512
2021-06-14;"Žilinský kraj";10;7596;21;7617;NA;198164;31;2021-06-14;107486
2021-06-13;"Žilinský kraj";2;6682;9;6691;NA;198164;11;2021-06-13;107455
2021-06-12;"Žilinský kraj";9;8634;11;8645;NA;198164;20;2021-06-12;107444
2021-06-11;"Žilinský kraj";11;11566;14;11580;NA;198164;25;2021-06-11;107424
2021-06-10;"Žilinský kraj";14;6788;14;6802;NA;198164;28;2021-06-10;107399
2021-06-09;"Žilinský kraj";23;5925;14;5939;NA;198164;37;2021-06-09;107371
2021-06-08;"Žilinský kraj";18;6615;16;6631;NA;198164;34;2021-06-08;107334
2021-06-07;"Žilinský kraj";25;8534;21;8555;NA;198164;46;2021-06-07;107300
2021-06-06;"Žilinský kraj";10;8056;27;8083;NA;198164;37;2021-06-06;107254
2021-06-05;"Žilinský kraj";8;9175;10;9185;NA;198164;18;2021-06-05;107217
2021-06-04;"Žilinský kraj";19;12260;34;12294;NA;198164;53;2021-06-04;107199
2021-06-03;"Žilinský kraj";12;7033;33;7066;NA;198164;45;2021-06-03;107146
2021-06-02;"Žilinský kraj";17;7090;28;7118;NA;198164;45;2021-06-02;107101
2021-06-01;"Žilinský kraj";38;8285;46;8331;NA;198164;84;2021-06-01;107056
2021-05-31;"Žilinský kraj";31;9616;59;9675;NA;198164;90;2021-05-31;106972
2021-05-30;"Žilinský kraj";21;9025;35;9060;NA;198164;56;2021-05-30;106882
2021-05-29;"Žilinský kraj";13;11195;23;11218;NA;198164;36;2021-05-29;106826
2021-05-28;"Žilinský kraj";28;13277;30;13307;NA;198164;58;2021-05-28;106790
2021-05-27;"Žilinský kraj";17;8267;39;8306;NA;198164;56;2021-05-27;106732
2021-05-26;"Žilinský kraj";20;8329;25;8354;NA;198164;45;2021-05-26;106676
2021-05-25;"Žilinský kraj";21;9624;38;9662;NA;198164;59;2021-05-25;106631
2021-05-24;"Žilinský kraj";36;11487;57;11544;NA;198164;93;2021-05-24;106572
2021-05-23;"Žilinský kraj";4;10923;56;10979;NA;198164;60;2021-05-23;106479
2021-05-22;"Žilinský kraj";21;11893;28;11921;NA;198164;49;2021-05-22;106419
2021-05-21;"Žilinský kraj";28;15654;50;15704;NA;198164;78;2021-05-21;106370
2021-05-20;"Žilinský kraj";30;9616;30;9646;NA;198164;60;2021-05-20;106292
2021-05-19;"Žilinský kraj";46;8693;41;8734;NA;198164;87;2021-05-19;106232
2021-05-18;"Žilinský kraj";52;10609;44;10653;NA;198164;96;2021-05-18;106145
2021-05-17;"Žilinský kraj";51;12676;84;12760;NA;198164;135;2021-05-17;106049
2021-05-16;"Žilinský kraj";13;14114;42;14156;NA;198164;55;2021-05-16;105914
2021-05-15;"Žilinský kraj";30;18404;35;18439;NA;198164;65;2021-05-15;105859
2021-05-14;"Žilinský kraj";34;21205;82;21287;NA;198164;116;2021-05-14;105794
2021-05-13;"Žilinský kraj";64;11865;51;11916;NA;198164;115;2021-05-13;105678
2021-05-12;"Žilinský kraj";57;10337;51;10388;NA;198164;108;2021-05-12;105563
2021-05-11;"Žilinský kraj";70;12174;51;12225;NA;198164;121;2021-05-11;105455
2021-05-10;"Žilinský kraj";69;16182;72;16254;NA;198164;141;2021-05-10;105334
2021-05-09;"Žilinský kraj";58;20385;77;20462;NA;198164;135;2021-05-09;105193
2021-05-08;"Žilinský kraj";0;24133;63;24196;NA;198164;63;2021-05-08;105058
2021-05-07;"Žilinský kraj";65;26522;87;26609;NA;198164;152;2021-05-07;104995
2021-05-06;"Žilinský kraj";67;16605;72;16677;NA;198164;139;2021-05-06;104843
2021-05-05;"Žilinský kraj";71;13096;73;13169;NA;198164;144;2021-05-05;104704
2021-05-04;"Žilinský kraj";81;16749;80;16829;NA;198164;161;2021-05-04;104560
2021-05-03;"Žilinský kraj";97;20391;111;20502;NA;198164;208;2021-05-03;104399
2021-05-02;"Žilinský kraj";8;28886;64;28950;NA;198164;72;2021-05-02;104191
2021-05-01;"Žilinský kraj";65;55053;105;55158;NA;198164;170;2021-05-01;104119
2021-04-30;"Žilinský kraj";84;44000;117;44117;NA;198164;201;2021-04-30;103949
2021-04-29;"Žilinský kraj";77;24566;101;24667;NA;198164;178;2021-04-29;103748
2021-04-28;"Žilinský kraj";76;19214;91;19305;NA;198164;167;2021-04-28;103570
2021-04-27;"Žilinský kraj";97;21805;110;21915;NA;198164;207;2021-04-27;103403
2021-04-26;"Žilinský kraj";114;27412;136;27548;NA;198164;250;2021-04-26;103196
2021-04-25;"Žilinský kraj";38;35750;82;35832;NA;198164;120;2021-04-25;102946
2021-04-24;"Žilinský kraj";93;78854;157;79011;NA;198164;250;2021-04-24;102826
2021-04-23;"Žilinský kraj";144;49440;153;49593;NA;198164;297;2021-04-23;102576
2021-04-22;"Žilinský kraj";110;25224;132;25356;NA;198164;242;2021-04-22;102279
2021-04-21;"Žilinský kraj";118;20616;145;20761;NA;198164;263;2021-04-21;102037
2021-04-20;"Žilinský kraj";128;23873;136;24009;NA;198164;264;2021-04-20;101774
2021-04-19;"Žilinský kraj";164;32773;210;32983;NA;198164;374;2021-04-19;101510
2021-04-18;"Žilinský kraj";18;36767;91;36858;NA;198164;109;2021-04-18;101136
2021-04-17;"Žilinský kraj";108;89377;156;89533;NA;198164;264;2021-04-17;101027
2021-04-16;"Žilinský kraj";185;47847;208;48055;NA;198164;393;2021-04-16;100763
2021-04-15;"Žilinský kraj";108;24830;130;24960;NA;198164;238;2021-04-15;100370
2021-04-14;"Žilinský kraj";135;23145;145;23290;NA;198164;280;2021-04-14;100132
2021-04-13;"Žilinský kraj";171;25050;135;25185;NA;198164;306;2021-04-13;99852
2021-04-12;"Žilinský kraj";266;30794;189;30983;NA;198164;455;2021-04-12;99546
2021-04-11;"Žilinský kraj";19;37126;107;37233;NA;198164;126;2021-04-11;99091
2021-04-10;"Žilinský kraj";111;86284;237;86521;NA;198164;348;2021-04-10;98965
2021-04-09;"Žilinský kraj";195;41973;206;42179;NA;198164;401;2021-04-09;98617
2021-04-08;"Žilinský kraj";179;24404;141;24545;NA;198164;320;2021-04-08;98216
2021-04-07;"Žilinský kraj";309;28651;174;28825;NA;198164;483;2021-04-07;97896
2021-04-06;"Žilinský kraj";308;40107;301;40408;NA;198164;609;2021-04-06;97413
2021-04-05;"Žilinský kraj";17;14747;140;14887;NA;198164;157;2021-04-05;96804
2021-04-04;"Žilinský kraj";17;16284;69;16353;NA;198164;86;2021-04-04;96647
2021-04-03;"Žilinský kraj";180;100699;403;101102;NA;198164;583;2021-04-03;96561
2021-04-02;"Žilinský kraj";73;22411;83;22494;NA;198164;156;2021-04-02;95978
2021-04-01;"Žilinský kraj";334;43264;240;43504;NA;198164;574;2021-04-01;95822
2021-03-31;"Žilinský kraj";170;31635;247;31882;NA;198164;417;2021-03-31;95248
2021-03-30;"Žilinský kraj";406;26323;243;26566;NA;198164;649;2021-03-30;94831
2021-03-29;"Žilinský kraj";297;28029;268;28297;NA;198164;565;2021-03-29;94182
2021-03-28;"Žilinský kraj";21;36206;239;36445;NA;198164;260;2021-03-28;93617
2021-03-27;"Žilinský kraj";151;89107;353;89460;NA;198164;504;2021-03-27;93357
2021-03-26;"Žilinský kraj";312;51757;330;52087;NA;198164;642;2021-03-26;92853
2021-03-25;"Žilinský kraj";281;27619;214;27833;NA;198164;495;2021-03-25;92211
2021-03-24;"Žilinský kraj";280;21268;260;21528;NA;198164;540;2021-03-24;91716
2021-03-23;"Žilinský kraj";418;23193;278;23471;NA;198164;696;2021-03-23;91176
2021-03-22;"Žilinský kraj";293;29289;314;29603;NA;198164;607;2021-03-22;90480
2021-03-21;"Žilinský kraj";32;33705;227;33932;NA;198164;259;2021-03-21;89873
2021-03-20;"Žilinský kraj";165;93015;497;93512;NA;198164;662;2021-03-20;89614
2021-03-19;"Žilinský kraj";357;51988;414;52402;NA;198164;771;2021-03-19;88952
2021-03-18;"Žilinský kraj";329;28459;294;28753;NA;198164;623;2021-03-18;88181
2021-03-17;"Žilinský kraj";395;21919;269;22188;NA;198164;664;2021-03-17;87558
2021-03-16;"Žilinský kraj";514;24341;317;24658;NA;198164;831;2021-03-16;86894
2021-03-15;"Žilinský kraj";341;29613;419;30032;NA;198164;760;2021-03-15;86063
2021-03-14;"Žilinský kraj";87;34121;267;34388;NA;198164;354;2021-03-14;85303
2021-03-13;"Žilinský kraj";113;93386;581;93967;NA;198164;694;2021-03-13;84949
2021-03-12;"Žilinský kraj";520;52329;411;52740;NA;198164;931;2021-03-12;84255
2021-03-11;"Žilinský kraj";399;28189;302;28491;NA;198164;701;2021-03-11;83324
2021-03-10;"Žilinský kraj";368;22414;378;22792;NA;198164;746;2021-03-10;82623
2021-03-09;"Žilinský kraj";537;24857;316;25173;NA;198164;853;2021-03-09;81877
2021-03-08;"Žilinský kraj";387;30873;458;31331;NA;198164;845;2021-03-08;81024
2021-03-07;"Žilinský kraj";48;33469;290;33759;NA;198164;338;2021-03-07;80179
2021-03-06;"Žilinský kraj";173;92410;589;92999;NA;198164;762;2021-03-06;79841
2021-03-05;"Žilinský kraj";369;51987;484;52471;NA;198164;853;2021-03-05;79079
2021-03-04;"Žilinský kraj";467;30037;377;30414;NA;198164;844;2021-03-04;78226
2021-03-03;"Žilinský kraj";448;26261;394;26655;NA;198164;842;2021-03-03;77382
2021-03-02;"Žilinský kraj";551;25913;378;26291;NA;198164;929;2021-03-02;76540
2021-03-01;"Žilinský kraj";375;30498;441;30939;NA;198164;816;2021-03-01;75611
2021-02-28;"Žilinský kraj";61;34802;327;35129;NA;198164;388;2021-02-28;74795
2021-02-27;"Žilinský kraj";159;83781;639;84420;NA;198164;798;2021-02-27;74407
2021-02-26;"Žilinský kraj";459;47500;508;48008;NA;198164;967;2021-02-26;73609
2021-02-25;"Žilinský kraj";347;30879;393;31272;NA;198164;740;2021-02-25;72642
2021-02-24;"Žilinský kraj";339;18760;395;19155;NA;198164;734;2021-02-24;71902
2021-02-23;"Žilinský kraj";437;22172;418;22590;NA;198164;855;2021-02-23;71168
2021-02-22;"Žilinský kraj";345;29270;438;29708;NA;198164;783;2021-02-22;70313
2021-02-21;"Žilinský kraj";36;28686;322;29008;NA;198164;358;2021-02-21;69530
2021-02-20;"Žilinský kraj";152;89944;671;90615;NA;198164;823;2021-02-20;69172
2021-02-19;"Žilinský kraj";337;45541;417;45958;NA;198164;754;2021-02-19;68349
2021-02-18;"Žilinský kraj";263;24662;337;24999;NA;198164;600;2021-02-18;67595
2021-02-17;"Žilinský kraj";269;17932;355;18287;NA;198164;624;2021-02-17;66995
2021-02-16;"Žilinský kraj";321;24298;325;24623;NA;198164;646;2021-02-16;66371
2021-02-15;"Žilinský kraj";230;30420;311;30731;NA;198164;541;2021-02-15;65725
2021-02-14;"Žilinský kraj";30;28574;231;28805;NA;198164;261;2021-02-14;65184
2021-02-13;"Žilinský kraj";91;69638;453;70091;NA;198164;544;2021-02-13;64923
2021-02-12;"Žilinský kraj";242;43338;336;43674;NA;198164;578;2021-02-12;64379
2021-02-11;"Žilinský kraj";228;23521;300;23821;NA;198164;528;2021-02-11;63801
2021-02-10;"Žilinský kraj";259;17894;267;18161;NA;198164;526;2021-02-10;63273
2021-02-09;"Žilinský kraj";377;24784;274;25058;NA;198164;651;2021-02-09;62747
2021-02-08;"Žilinský kraj";160;41375;390;41765;NA;198164;550;2021-02-08;62096
2021-02-07;"Žilinský kraj";24;46446;252;46698;NA;198164;276;2021-02-07;61546
2021-02-06;"Žilinský kraj";71;72880;367;73247;NA;198164;438;2021-02-06;61270
2021-02-05;"Žilinský kraj";248;31869;323;32192;NA;198164;571;2021-02-05;60832
2021-02-04;"Žilinský kraj";238;13240;258;13498;NA;198164;496;2021-02-04;60261
2021-02-03;"Žilinský kraj";194;9186;255;9441;NA;198164;449;2021-02-03;59765
2021-02-02;"Žilinský kraj";216;9280;272;9552;NA;198164;488;2021-02-02;59316
2021-02-01;"Žilinský kraj";220;19690;370;20060;NA;198164;590;2021-02-01;58828
2021-01-31;"Žilinský kraj";11;2652;27;2679;NA;198164;38;2021-01-31;58238
2021-01-30;"Žilinský kraj";85;18447;187;18634;NA;198164;272;2021-01-30;58200
2021-01-29;"Žilinský kraj";209;22891;304;23195;NA;198164;513;2021-01-29;57928
2021-01-28;"Žilinský kraj";240;5533;172;5705;NA;198164;412;2021-01-28;57415
2021-01-27;"Žilinský kraj";256;6725;119;6844;NA;198164;375;2021-01-27;57003
2021-01-26;"Žilinský kraj";245;49781;348;50129;NA;198164;593;2021-01-26;56628
2021-01-25;"Žilinský kraj";159;21245;150;21395;NA;198164;309;2021-01-25;56035
2021-01-24;"Žilinský kraj";22;55835;268;56103;NA;198164;290;2021-01-24;55726
2021-01-23;"Žilinský kraj";91;101730;444;102174;NA;198164;535;2021-01-23;55436
2021-01-22;"Žilinský kraj";163;32160;237;32397;NA;198164;400;2021-01-22;54901
2021-01-21;"Žilinský kraj";116;19828;181;20009;NA;198164;297;2021-01-21;54501
2021-01-20;"Žilinský kraj";236;17126;159;17285;NA;198164;395;2021-01-20;54204
2021-01-19;"Žilinský kraj";245;15730;285;16015;NA;198164;530;2021-01-19;53809
2021-01-18;"Žilinský kraj";236;12685;326;13011;NA;198164;562;2021-01-18;53279
2021-01-17;"Žilinský kraj";95;147;8;155;NA;198164;103;2021-01-17;52717
2021-01-16;"Žilinský kraj";14;516;31;547;NA;198164;45;2021-01-16;52614
2021-01-15;"Žilinský kraj";248;7486;209;7695;NA;198164;457;2021-01-15;52569
2021-01-14;"Žilinský kraj";166;5319;239;5558;NA;198164;405;2021-01-14;52112
2021-01-13;"Žilinský kraj";247;11263;557;11820;NA;198164;804;2021-01-13;51707
2021-01-12;"Žilinský kraj";376;8410;385;8795;NA;198164;761;2021-01-12;50903
2021-01-11;"Žilinský kraj";351;10058;465;10523;NA;198164;816;2021-01-11;50142
2021-01-10;"Žilinský kraj";38;229;6;235;NA;198164;44;2021-01-10;49326
2021-01-09;"Žilinský kraj";192;1282;60;1342;NA;198164;252;2021-01-09;49282
2021-01-08;"Žilinský kraj";413;8721;462;9183;NA;198164;875;2021-01-08;49030
2021-01-07;"Žilinský kraj";438;23407;1872;25279;NA;198164;2310;2021-01-07;48155
2021-01-06;"Žilinský kraj";145;1076;67;1143;NA;198164;212;2021-01-06;45845
2021-01-05;"Žilinský kraj";717;10227;796;11023;NA;198164;1513;2021-01-05;45633
2021-01-04;"Žilinský kraj";479;9313;893;10206;NA;198164;1372;2021-01-04;44120
2021-01-03;"Žilinský kraj";13;1006;107;1113;NA;198164;120;2021-01-03;42748
2021-01-02;"Žilinský kraj";98;789;91;880;NA;198164;189;2021-01-02;42628
2021-01-01;"Žilinský kraj";118;241;13;254;NA;198164;131;2021-01-01;42439
2020-12-31;"Žilinský kraj";395;9626;784;10410;NA;198164;1179;2020-12-31;42308
2020-12-30;"Žilinský kraj";1038;11781;823;12604;NA;198164;1861;2020-12-30;41129
2020-12-29;"Žilinský kraj";256;10159;979;11138;NA;198164;1235;2020-12-29;39268
2020-12-28;"Žilinský kraj";406;10704;976;11680;NA;198164;1382;2020-12-28;38033
2020-12-27;"Žilinský kraj";40;684;94;778;NA;198164;134;2020-12-27;36651
2020-12-26;"Žilinský kraj";135;593;48;641;NA;198164;183;2020-12-26;36517
2020-12-25;"Žilinský kraj";66;83;9;92;NA;198164;75;2020-12-25;36334
2020-12-24;"Žilinský kraj";643;667;55;722;NA;198164;698;2020-12-24;36259
2020-12-23;"Žilinský kraj";228;16229;975;17204;NA;198164;1203;2020-12-23;35561
2020-12-22;"Žilinský kraj";519;13483;988;14471;NA;198164;1507;2020-12-22;34358
2020-12-21;"Žilinský kraj";444;12429;1078;13507;NA;198164;1522;2020-12-21;32851
2020-12-20;"Žilinský kraj";36;598;80;678;NA;198164;116;2020-12-20;31329
2020-12-19;"Žilinský kraj";208;1678;127;1805;NA;198164;335;2020-12-19;31213
2020-12-18;"Žilinský kraj";333;6553;370;6923;NA;198164;703;2020-12-18;30878
2020-12-17;"Žilinský kraj";500;3922;262;4184;NA;198164;762;2020-12-17;30175
2020-12-16;"Žilinský kraj";333;3815;267;4082;NA;198164;600;2020-12-16;29413
2020-12-15;"Žilinský kraj";528;3729;340;4069;NA;198164;868;2020-12-15;28813
2020-12-14;"Žilinský kraj";321;3884;309;4193;NA;198164;630;2020-12-14;27945
2020-12-13;"Žilinský kraj";26;494;66;560;NA;198164;92;2020-12-13;27315
2020-12-12;"Žilinský kraj";95;767;46;813;NA;198164;141;2020-12-12;27223
2020-12-11;"Žilinský kraj";455;3938;227;4165;NA;198164;682;2020-12-11;27082
2020-12-10;"Žilinský kraj";166;9129;838;9967;NA;198164;1004;2020-12-10;26400
2020-12-09;"Žilinský kraj";392;2169;132;2301;NA;198164;524;2020-12-09;25396
2020-12-08;"Žilinský kraj";331;3127;101;3228;NA;198164;432;2020-12-08;24872
2020-12-07;"Žilinský kraj";348;2746;162;2908;NA;198164;510;2020-12-07;24440
2020-12-06;"Žilinský kraj";15;128;6;134;NA;198164;21;2020-12-06;23930
2020-12-05;"Žilinský kraj";98;781;41;822;NA;198164;139;2020-12-05;23909
2020-12-04;"Žilinský kraj";228;3091;107;3198;NA;198164;335;2020-12-04;23770
2020-12-03;"Žilinský kraj";237;1609;115;1724;NA;198164;352;2020-12-03;23435
2020-12-02;"Žilinský kraj";181;1710;94;1804;NA;198164;275;2020-12-02;23083
2020-12-01;"Žilinský kraj";209;6239;284;6523;NA;198164;493;2020-12-01;22808
2020-11-30;"Žilinský kraj";203;5326;305;5631;NA;198164;508;2020-11-30;22315
2020-11-29;"Žilinský kraj";18;81;7;88;NA;198164;25;2020-11-29;21807
2020-11-28;"Žilinský kraj";99;349;15;364;NA;198164;114;2020-11-28;21782
2020-11-27;"Žilinský kraj";218;904;46;950;NA;198164;264;2020-11-27;21668
2020-11-26;"Žilinský kraj";190;1041;54;1095;NA;198164;244;2020-11-26;21404
2020-11-25;"Žilinský kraj";225;1217;49;1266;NA;198164;274;2020-11-25;21160
2020-11-24;"Žilinský kraj";213;2139;67;2206;NA;198164;280;2020-11-24;20886
2020-11-23;"Žilinský kraj";170;759;44;803;NA;198164;214;2020-11-23;20606
2020-11-22;"Žilinský kraj";11;67;2;69;NA;198164;13;2020-11-22;20392
2020-11-21;"Žilinský kraj";61;505;20;525;NA;198164;81;2020-11-21;20379
2020-11-20;"Žilinský kraj";251;1074;45;1119;NA;198164;296;2020-11-20;20298
2020-11-19;"Žilinský kraj";252;752;61;813;NA;198164;313;2020-11-19;20002
2020-11-18;"Žilinský kraj";346;348;15;363;NA;198164;361;2020-11-18;19689
2020-11-17;"Žilinský kraj";123;490;15;505;NA;198164;138;2020-11-17;19328
2020-11-16;"Žilinský kraj";227;247;15;262;NA;198164;242;2020-11-16;19190
2020-11-15;"Žilinský kraj";63;13;0;13;NA;198164;63;2020-11-15;18948
2020-11-14;"Žilinský kraj";189;1038;11;1049;NA;198164;200;2020-11-14;18885
2020-11-13;"Žilinský kraj";181;125;9;134;NA;198164;190;2020-11-13;18685
2020-11-12;"Žilinský kraj";334;79;2;81;NA;198164;336;2020-11-12;18495
2020-11-11;"Žilinský kraj";489;147;10;157;NA;198164;499;2020-11-11;18159
2020-11-10;"Žilinský kraj";374;519;9;528;NA;198164;383;2020-11-10;17660
2020-11-09;"Žilinský kraj";143;2335;30;2365;NA;198164;173;2020-11-09;17277
2020-11-08;"Žilinský kraj";59;2538;37;2575;NA;198164;96;2020-11-08;17104
2020-11-07;"Žilinský kraj";312;8175;88;8263;NA;198164;400;2020-11-07;17008
2020-11-06;"Žilinský kraj";503;4090;38;4128;NA;198164;541;2020-11-06;16608
2020-11-05;"Žilinský kraj";473;64;4;68;NA;198164;477;2020-11-05;16067
2020-11-04;"Žilinský kraj";423;178;10;188;NA;198164;433;2020-11-04;15590
2020-11-03;"Žilinský kraj";688;889;16;905;NA;198164;704;2020-11-03;15157
2020-11-02;"Žilinský kraj";472;1043;39;1082;NA;198164;511;2020-11-02;14453
2020-11-01;"Žilinský kraj";349;5096;130;5226;NA;198164;479;2020-11-01;13942
2020-10-31;"Žilinský kraj";661;7963;203;8166;NA;198164;864;2020-10-31;13463
2020-10-30;"Žilinský kraj";529;2575;61;2636;NA;198164;590;2020-10-30;12599
2020-10-29;"Žilinský kraj";740;503;17;520;NA;198164;757;2020-10-29;12009
2020-10-28;"Žilinský kraj";635;105;11;116;NA;198164;646;2020-10-28;11252
2020-10-27;"Žilinský kraj";355;154;24;178;NA;198164;379;2020-10-27;10606
2020-10-26;"Žilinský kraj";148;117;28;145;NA;198164;176;2020-10-26;10227
2020-10-25;"Žilinský kraj";436;0;0;0;NA;198164;436;2020-10-25;10051
2020-10-24;"Žilinský kraj";803;0;0;0;NA;198164;803;2020-10-24;9615
2020-10-23;"Žilinský kraj";659;102;13;115;NA;198164;672;2020-10-23;8812
2020-10-22;"Žilinský kraj";525;33;3;36;NA;198164;528;2020-10-22;8140
2020-10-21;"Žilinský kraj";478;74;14;88;NA;198164;492;2020-10-21;7612
2020-10-20;"Žilinský kraj";524;127;8;135;NA;198164;532;2020-10-20;7120
2020-10-19;"Žilinský kraj";70;80;12;92;NA;198164;82;2020-10-19;6588
2020-10-18;"Žilinský kraj";159;0;0;0;NA;198164;159;2020-10-18;6506
2020-10-17;"Žilinský kraj";509;0;0;0;NA;198164;509;2020-10-17;6347
2020-10-16;"Žilinský kraj";603;51;9;60;NA;198164;612;2020-10-16;5838
2020-10-15;"Žilinský kraj";679;61;3;64;NA;198164;682;2020-10-15;5226
2020-10-14;"Žilinský kraj";523;269;6;275;NA;198164;529;2020-10-14;4544
2020-10-13;"Žilinský kraj";367;458;40;498;NA;198164;407;2020-10-13;4015
2020-10-12;"Žilinský kraj";62;0;0;0;NA;198164;62;2020-10-12;3608
2020-10-11;"Žilinský kraj";50;0;0;0;NA;198164;50;2020-10-11;3546
2020-10-10;"Žilinský kraj";213;0;0;0;NA;198164;213;2020-10-10;3496
2020-10-09;"Žilinský kraj";543;0;0;0;NA;198164;543;2020-10-09;3283
2020-10-08;"Žilinský kraj";238;0;0;0;NA;198164;238;2020-10-08;2740
2020-10-07;"Žilinský kraj";168;0;0;0;NA;198164;168;2020-10-07;2502
2020-10-06;"Žilinský kraj";233;0;0;0;NA;198164;233;2020-10-06;2334
2020-10-05;"Žilinský kraj";33;0;0;0;NA;198164;33;2020-10-05;2101
2020-10-04;"Žilinský kraj";35;0;0;0;NA;198164;35;2020-10-04;2068
2020-10-03;"Žilinský kraj";155;0;0;0;NA;198164;155;2020-10-03;2033
2020-10-02;"Žilinský kraj";105;0;0;0;NA;198164;105;2020-10-02;1878
2020-10-01;"Žilinský kraj";147;0;0;0;NA;198164;147;2020-10-01;1773
2020-09-30;"Žilinský kraj";163;0;0;0;NA;198164;163;2020-09-30;1626
2020-09-29;"Žilinský kraj";105;0;0;0;NA;198164;105;2020-09-29;1463
2020-09-28;"Žilinský kraj";34;0;0;0;NA;198164;34;2020-09-28;1358
2020-09-27;"Žilinský kraj";108;0;0;0;NA;198164;108;2020-09-27;1324
2020-09-26;"Žilinský kraj";96;0;0;0;NA;198164;96;2020-09-26;1216
2020-09-25;"Žilinský kraj";69;0;0;0;NA;198164;69;2020-09-25;1120
2020-09-24;"Žilinský kraj";100;0;0;0;NA;198164;100;2020-09-24;1051
2020-09-23;"Žilinský kraj";65;0;0;0;NA;198164;65;2020-09-23;951
2020-09-22;"Žilinský kraj";65;0;0;0;NA;198164;65;2020-09-22;886
2020-09-21;"Žilinský kraj";47;0;0;0;NA;198164;47;2020-09-21;821
2020-09-20;"Žilinský kraj";4;0;0;0;NA;198164;4;2020-09-20;774
2020-09-19;"Žilinský kraj";6;0;0;0;NA;198164;6;2020-09-19;770
2020-09-18;"Žilinský kraj";82;0;0;0;NA;198164;82;2020-09-18;764
2020-09-17;"Žilinský kraj";30;0;0;0;NA;198164;30;2020-09-17;682
2020-09-16;"Žilinský kraj";34;0;0;0;NA;198164;34;2020-09-16;652
2020-09-15;"Žilinský kraj";12;0;0;0;NA;198164;12;2020-09-15;618
2020-09-14;"Žilinský kraj";39;0;0;0;NA;198164;39;2020-09-14;606
2020-09-13;"Žilinský kraj";6;0;0;0;NA;198164;6;2020-09-13;567
2020-09-12;"Žilinský kraj";4;0;0;0;NA;198164;4;2020-09-12;561
2020-09-11;"Žilinský kraj";31;0;0;0;NA;198164;31;2020-09-11;557
2020-09-10;"Žilinský kraj";31;12;0;12;NA;198164;31;2020-09-10;526
2020-09-09;"Žilinský kraj";23;0;0;0;NA;198164;23;2020-09-09;495
2020-09-08;"Žilinský kraj";25;0;0;0;NA;198164;25;2020-09-08;472
2020-09-07;"Žilinský kraj";11;0;0;0;NA;198164;11;2020-09-07;447
2020-09-06;"Žilinský kraj";0;0;0;0;NA;198164;0;2020-09-06;436
2020-09-05;"Žilinský kraj";2;0;0;0;NA;198164;2;2020-09-05;436
2020-09-04;"Žilinský kraj";33;0;0;0;NA;198164;33;2020-09-04;434
2020-09-03;"Žilinský kraj";18;0;0;0;NA;198164;18;2020-09-03;401
2020-09-02;"Žilinský kraj";16;0;0;0;NA;198164;16;2020-09-02;383
2020-09-01;"Žilinský kraj";4;0;0;0;NA;198164;4;2020-09-01;367
2020-08-31;"Žilinský kraj";5;0;0;0;NA;198164;5;2020-08-31;363
2020-08-30;"Žilinský kraj";3;0;0;0;NA;198164;3;2020-08-30;358
2020-08-29;"Žilinský kraj";5;0;0;0;NA;198164;5;2020-08-29;355
2020-08-28;"Žilinský kraj";13;0;0;0;NA;198164;13;2020-08-28;350
2020-08-27;"Žilinský kraj";18;0;0;0;NA;198164;18;2020-08-27;337
2020-08-26;"Žilinský kraj";8;0;0;0;NA;198164;8;2020-08-26;319
2020-08-25;"Žilinský kraj";2;0;0;0;NA;198164;2;2020-08-25;311
2020-08-24;"Žilinský kraj";5;0;0;0;NA;198164;5;2020-08-24;309
2020-08-23;"Žilinský kraj";0;0;0;0;NA;198164;0;2020-08-23;304
2020-08-22;"Žilinský kraj";0;0;0;0;NA;198164;0;2020-08-22;304
2020-08-21;"Žilinský kraj";10;0;0;0;NA;198164;10;2020-08-21;304
2020-08-20;"Žilinský kraj";13;0;0;0;NA;198164;13;2020-08-20;294
2020-08-19;"Žilinský kraj";7;0;0;0;NA;198164;7;2020-08-19;281
2020-08-18;"Žilinský kraj";9;0;0;0;NA;198164;9;2020-08-18;274
2020-08-17;"Žilinský kraj";1;0;0;0;NA;198164;1;2020-08-17;265
2020-08-16;"Žilinský kraj";0;0;0;0;NA;198164;0;2020-08-16;264
2020-08-15;"Žilinský kraj";0;0;0;0;NA;198164;0;2020-08-15;264
2020-08-14;"Žilinský kraj";4;0;0;0;NA;198164;4;2020-08-14;264
2020-08-13;"Žilinský kraj";2;0;0;0;NA;198164;2;2020-08-13;260
2020-08-12;"Žilinský kraj";0;0;0;0;NA;198164;0;2020-08-12;258
2020-08-11;"Žilinský kraj";4;0;0;0;NA;198164;4;2020-08-11;258
2020-08-10;"Žilinský kraj";1;0;0;0;NA;198164;1;2020-08-10;254
2020-08-09;"Žilinský kraj";0;0;0;0;NA;198164;0;2020-08-09;253
2020-08-08;"Žilinský kraj";3;0;0;0;NA;198164;3;2020-08-08;253
2020-08-07;"Žilinský kraj";8;0;0;0;NA;198164;8;2020-08-07;250
2020-08-06;"Žilinský kraj";1;0;0;0;NA;198164;1;2020-08-06;242
2020-08-05;"Žilinský kraj";1;0;0;0;NA;198164;1;2020-08-05;241
2020-08-04;"Žilinský kraj";2;0;0;0;NA;198164;2;2020-08-04;240
2020-08-03;"Žilinský kraj";0;0;0;0;NA;198164;0;2020-08-03;238
2020-08-02;"Žilinský kraj";1;0;0;0;NA;198164;1;2020-08-02;238
2020-08-01;"Žilinský kraj";0;0;0;0;NA;198164;0;2020-08-01;237
2020-07-31;"Žilinský kraj";4;0;0;0;NA;198164;4;2020-07-31;237
2020-07-30;"Žilinský kraj";2;0;0;0;NA;198164;2;2020-07-30;233
2020-07-29;"Žilinský kraj";2;0;0;0;NA;198164;2;2020-07-29;231
2020-07-28;"Žilinský kraj";4;0;0;0;NA;198164;4;2020-07-28;229
2020-07-27;"Žilinský kraj";6;0;0;0;NA;198164;6;2020-07-27;225
2020-07-26;"Žilinský kraj";0;0;0;0;NA;198164;0;2020-07-26;219
2020-07-25;"Žilinský kraj";0;0;0;0;NA;198164;0;2020-07-25;219
2020-07-24;"Žilinský kraj";2;0;0;0;NA;198164;2;2020-07-24;219
2020-07-23;"Žilinský kraj";0;0;0;0;NA;198164;0;2020-07-23;217
2020-07-22;"Žilinský kraj";1;0;0;0;NA;198164;1;2020-07-22;217
2020-07-21;"Žilinský kraj";2;0;0;0;NA;198164;2;2020-07-21;216
2020-07-20;"Žilinský kraj";3;0;0;0;NA;198164;3;2020-07-20;214
2020-07-19;"Žilinský kraj";0;0;0;0;NA;198164;0;2020-07-19;211
2020-07-18;"Žilinský kraj";0;0;0;0;NA;198164;0;2020-07-18;211
2020-07-17;"Žilinský kraj";2;0;0;0;NA;198164;2;2020-07-17;211
2020-07-16;"Žilinský kraj";2;0;0;0;NA;198164;2;2020-07-16;209
2020-07-15;"Žilinský kraj";2;0;0;0;NA;198164;2;2020-07-15;207
2020-07-14;"Žilinský kraj";1;0;0;0;NA;198164;1;2020-07-14;205
2020-07-13;"Žilinský kraj";0;0;0;0;NA;198164;0;2020-07-13;204
2020-07-12;"Žilinský kraj";0;0;0;0;NA;198164;0;2020-07-12;204
2020-07-11;"Žilinský kraj";2;0;0;0;NA;198164;2;2020-07-11;204
2020-07-10;"Žilinský kraj";3;0;0;0;NA;198164;3;2020-07-10;202
2020-07-09;"Žilinský kraj";2;0;0;0;NA;198164;2;2020-07-09;199
2020-07-08;"Žilinský kraj";10;0;0;0;NA;198164;10;2020-07-08;197
2020-07-07;"Žilinský kraj";7;0;0;0;NA;198164;7;2020-07-07;187
2020-07-06;"Žilinský kraj";0;0;0;0;NA;198164;0;2020-07-06;180
2020-07-05;"Žilinský kraj";0;0;0;0;NA;198164;0;2020-07-05;180
2020-07-04;"Žilinský kraj";10;0;0;0;NA;198164;10;2020-07-04;180
2020-07-03;"Žilinský kraj";18;0;0;0;NA;198164;18;2020-07-03;170
2020-07-02;"Žilinský kraj";7;0;0;0;NA;198164;7;2020-07-02;152
2020-07-01;"Žilinský kraj";0;0;0;0;NA;198164;0;2020-07-01;145
2020-06-30;"Žilinský kraj";4;0;0;0;NA;198164;4;2020-06-30;145
2020-06-29;"Žilinský kraj";0;0;0;0;NA;198164;0;2020-06-29;141
2020-06-28;"Žilinský kraj";1;0;0;0;NA;198164;1;2020-06-28;141
2020-06-27;"Žilinský kraj";3;0;0;0;NA;198164;3;2020-06-27;140
2020-06-26;"Žilinský kraj";5;0;0;0;NA;198164;5;2020-06-26;137
2020-06-25;"Žilinský kraj";7;0;0;0;NA;198164;7;2020-06-25;132
2020-06-24;"Žilinský kraj";11;0;0;0;NA;198164;11;2020-06-24;125
2020-06-23;"Žilinský kraj";9;0;0;0;NA;198164;9;2020-06-23;114
2020-06-22;"Žilinský kraj";0;0;0;0;NA;198164;0;2020-06-22;105
2020-06-21;"Žilinský kraj";1;0;0;0;NA;198164;1;2020-06-21;105
2020-06-20;"Žilinský kraj";1;0;0;0;NA;198164;1;2020-06-20;104
2020-06-19;"Žilinský kraj";4;0;0;0;NA;198164;4;2020-06-19;103
2020-06-18;"Žilinský kraj";1;0;0;0;NA;198164;1;2020-06-18;99
2020-06-17;"Žilinský kraj";0;0;0;0;NA;198164;0;2020-06-17;98
2020-06-16;"Žilinský kraj";1;0;0;0;NA;198164;1;2020-06-16;98
2020-06-14;"Žilinský kraj";0;0;0;0;NA;198164;0;2020-06-14;97
2020-06-13;"Žilinský kraj";0;0;0;0;NA;198164;0;2020-06-13;97
2020-06-12;"Žilinský kraj";0;0;0;0;NA;198164;0;2020-06-12;97
2020-06-11;"Žilinský kraj";0;0;0;0;NA;198164;0;2020-06-11;97
2020-06-10;"Žilinský kraj";0;0;0;0;NA;198164;0;2020-06-10;97
2020-06-09;"Žilinský kraj";1;0;0;0;NA;198164;1;2020-06-09;97
2020-06-08;"Žilinský kraj";0;0;0;0;NA;198164;0;2020-06-08;96
2020-06-07;"Žilinský kraj";0;0;0;0;NA;198164;0;2020-06-07;96
2020-06-05;"Žilinský kraj";0;0;0;0;NA;198164;0;2020-06-05;96
2020-06-03;"Žilinský kraj";0;0;0;0;NA;198164;0;2020-06-03;96
2020-06-02;"Žilinský kraj";0;0;0;0;NA;198164;0;2020-06-02;96
2020-05-31;"Žilinský kraj";0;0;0;0;NA;198164;0;2020-05-31;96
2020-05-29;"Žilinský kraj";0;0;0;0;NA;198164;0;2020-05-29;96
2020-05-27;"Žilinský kraj";1;0;0;0;NA;198164;1;2020-05-27;96
2020-05-26;"Žilinský kraj";1;0;0;0;NA;198164;1;2020-05-26;95
2020-05-25;"Žilinský kraj";0;0;0;0;NA;198164;0;2020-05-25;94
2020-05-24;"Žilinský kraj";0;0;0;0;NA;198164;0;2020-05-24;94
2020-05-23;"Žilinský kraj";0;0;0;0;NA;198164;0;2020-05-23;94
2020-05-22;"Žilinský kraj";0;0;0;0;NA;198164;0;2020-05-22;94
2020-05-21;"Žilinský kraj";0;0;0;0;NA;198164;0;2020-05-21;94
2020-05-20;"Žilinský kraj";0;0;0;0;NA;198164;0;2020-05-20;94
2020-05-19;"Žilinský kraj";1;0;0;0;NA;198164;1;2020-05-19;94
2020-05-17;"Žilinský kraj";0;0;0;0;NA;198164;0;2020-05-17;93
2020-05-16;"Žilinský kraj";0;0;0;0;NA;198164;0;2020-05-16;93
2020-05-15;"Žilinský kraj";0;0;0;0;NA;198164;0;2020-05-15;93
2020-05-14;"Žilinský kraj";0;0;0;0;NA;198164;0;2020-05-14;93
2020-05-13;"Žilinský kraj";0;0;0;0;NA;198164;0;2020-05-13;93
2020-05-12;"Žilinský kraj";0;0;0;0;NA;198164;0;2020-05-12;93
2020-05-11;"Žilinský kraj";0;0;0;0;NA;198164;0;2020-05-11;93
2020-05-09;"Žilinský kraj";0;0;0;0;NA;198164;0;2020-05-09;93
2020-05-07;"Žilinský kraj";0;0;0;0;NA;198164;0;2020-05-07;93
2020-05-06;"Žilinský kraj";2;0;0;0;NA;198164;2;2020-05-06;93
2020-05-05;"Žilinský kraj";3;0;0;0;NA;198164;3;2020-05-05;91
2020-05-04;"Žilinský kraj";3;0;0;0;NA;198164;3;2020-05-04;88
2020-05-03;"Žilinský kraj";1;0;0;0;NA;198164;1;2020-05-03;85
2020-05-02;"Žilinský kraj";0;0;0;0;NA;198164;0;2020-05-02;84
2020-05-01;"Žilinský kraj";1;0;0;0;NA;198164;1;2020-05-01;84
2020-04-30;"Žilinský kraj";0;0;0;0;NA;198164;0;2020-04-30;83
2020-04-29;"Žilinský kraj";0;0;0;0;NA;198164;0;2020-04-29;83
2020-04-28;"Žilinský kraj";0;0;0;0;NA;198164;0;2020-04-28;83
2020-04-27;"Žilinský kraj";0;0;0;0;NA;198164;0;2020-04-27;83
2020-04-26;"Žilinský kraj";0;0;0;0;NA;198164;0;2020-04-26;83
2020-04-25;"Žilinský kraj";2;0;0;0;NA;198164;2;2020-04-25;83
2020-04-24;"Žilinský kraj";1;0;0;0;NA;198164;1;2020-04-24;81
2020-04-23;"Žilinský kraj";2;0;0;0;NA;198164;2;2020-04-23;80
2020-04-22;"Žilinský kraj";9;0;0;0;NA;198164;9;2020-04-22;78
2020-04-21;"Žilinský kraj";1;0;0;0;NA;198164;1;2020-04-21;69
2020-04-20;"Žilinský kraj";4;0;0;0;NA;198164;4;2020-04-20;68
2020-04-19;"Žilinský kraj";0;0;0;0;NA;198164;0;2020-04-19;64
2020-04-18;"Žilinský kraj";49;0;0;0;NA;198164;49;2020-04-18;64
2020-04-17;"Žilinský kraj";3;0;0;0;NA;198164;3;2020-04-17;15
2020-04-16;"Žilinský kraj";4;0;0;0;NA;198164;4;2020-04-16;12
2020-04-15;"Žilinský kraj";7;0;0;0;NA;198164;7;2020-04-15;8
2020-04-14;"Žilinský kraj";1;0;0;0;NA;198164;1;2020-04-14;1
2020-04-13;"Žilinský kraj";2;0;0;0;NA;198164;2;2020-04-13;0
2020-04-12;"Žilinský kraj";5;0;0;0;NA;198164;5;2020-04-12;-2
2020-04-11;"Žilinský kraj";2;0;0;0;NA;198164;2;2020-04-11;-7
2020-04-10;"Žilinský kraj";1;0;0;0;NA;198164;1;2020-04-10;-9
2020-04-09;"Žilinský kraj";1;0;0;0;NA;198164;1;2020-04-09;-10
2020-04-08;"Žilinský kraj";3;0;0;0;NA;198164;3;2020-04-08;-11
2020-04-07;"Žilinský kraj";5;0;0;0;NA;198164;5;2020-04-07;-14
2020-04-06;"Žilinský kraj";6;0;0;0;NA;198164;6;2020-04-06;-19
2020-04-05;"Žilinský kraj";8;0;0;0;NA;198164;8;2020-04-05;-25
2020-04-04;"Žilinský kraj";0;0;0;0;NA;198164;0;2020-04-04;-33
2020-04-03;"Žilinský kraj";3;0;0;0;NA;198164;3;2020-04-03;-33
2020-04-02;"Žilinský kraj";5;0;0;0;NA;198164;5;2020-04-02;-36
2020-04-01;"Žilinský kraj";4;0;0;0;NA;198164;4;2020-04-01;-41
2020-03-31;"Žilinský kraj";1;0;0;0;NA;198164;1;2020-03-31;-45
2020-03-30;"Žilinský kraj";3;0;0;0;NA;198164;3;2020-03-30;-46
2020-03-29;"Žilinský kraj";0;0;0;0;NA;198164;0;2020-03-29;-49
2020-03-28;"Žilinský kraj";1;0;0;0;NA;198164;1;2020-03-28;-49
2020-03-27;"Žilinský kraj";9;0;0;0;NA;198164;9;2020-03-27;-50
2020-03-26;"Žilinský kraj";4;0;0;0;NA;198164;4;2020-03-26;-59
2020-03-25;"Žilinský kraj";1;0;0;0;NA;198164;1;2020-03-25;-63
2020-03-24;"Žilinský kraj";2;0;0;0;NA;198164;2;2020-03-24;-64
2020-03-23;"Žilinský kraj";3;0;0;0;NA;198164;3;2020-03-23;-66
2020-03-22;"Žilinský kraj";1;0;0;0;NA;198164;1;2020-03-22;-69
2020-03-21;"Žilinský kraj";2;0;0;0;NA;198164;2;2020-03-21;-70
2020-03-20;"Žilinský kraj";4;0;0;0;NA;198164;4;2020-03-20;-72
2020-03-19;"Žilinský kraj";2;0;0;0;NA;198164;2;2020-03-19;-76
2020-03-18;"Žilinský kraj";1;0;0;0;NA;198164;1;2020-03-18;-78
2020-03-17;"Žilinský kraj";5;0;0;0;NA;198164;5;2020-03-17;-79
2020-03-16;"Žilinský kraj";1;0;0;0;NA;198164;1;2020-03-16;-84
2020-03-15;"Žilinský kraj";2;0;0;0;NA;198164;2;2020-03-15;-85
2020-03-14;"Žilinský kraj";1;0;0;0;NA;198164;1;2020-03-14;-87
2020-03-13;"Žilinský kraj";5;0;0;0;NA;198164;5;2020-03-13;-88
2020-03-12;"Žilinský kraj";1;0;0;0;NA;198164;1;2020-03-12;-93
2020-03-11;"Žilinský kraj";0;0;0;0;NA;198164;0;2020-03-11;-94
2020-03-09;"Žilinský kraj";1;0;0;0;NA;198164;1;2020-03-09;-94
2020-03-08;"Žilinský kraj";0;0;0;0;NA;198164;0;2020-03-08;-95
2020-03-07;"Žilinský kraj";0;0;0;0;NA;198164;0;2020-03-07;-95
2020-03-06;"Žilinský kraj";0;0;0;0;NA;198164;0;2020-03-06;-95
