"Datum";"Region";"PCR_Pos";"Ag_Neg";"Ag_Pos";"Total";"Pocet.potvrdenych";"Potvrdenych";"newcases";"date";"positive"
2021-09-22;"Banskobystrický kraj";75;1903;18;1921;39242;85539;93;2021-09-22;85539
2021-09-21;"Banskobystrický kraj";125;3094;27;3121;NA;85539;152;2021-09-21;85446
2021-09-20;"Banskobystrický kraj";45;3841;30;3871;NA;85539;75;2021-09-20;85294
2021-09-19;"Banskobystrický kraj";6;1456;24;1480;NA;85539;30;2021-09-19;85219
2021-09-18;"Banskobystrický kraj";44;1318;15;1333;NA;85539;59;2021-09-18;85189
2021-09-17;"Banskobystrický kraj";73;3410;32;3442;NA;85539;105;2021-09-17;85130
2021-09-16;"Banskobystrický kraj";95;2845;29;2874;NA;85539;124;2021-09-16;85025
2021-09-15;"Banskobystrický kraj";22;293;1;294;NA;85539;23;2021-09-15;84901
2021-09-14;"Banskobystrický kraj";95;2542;28;2570;NA;85539;123;2021-09-14;84878
2021-09-13;"Banskobystrický kraj";29;3527;28;3555;NA;85539;57;2021-09-13;84755
2021-09-12;"Banskobystrický kraj";7;958;15;973;NA;85539;22;2021-09-12;84698
2021-09-11;"Banskobystrický kraj";31;865;11;876;NA;85539;42;2021-09-11;84676
2021-09-10;"Banskobystrický kraj";59;2336;24;2360;NA;85539;83;2021-09-10;84634
2021-09-09;"Banskobystrický kraj";46;2015;17;2032;NA;85539;63;2021-09-09;84551
2021-09-08;"Banskobystrický kraj";46;1612;27;1639;NA;85539;73;2021-09-08;84488
2021-09-07;"Banskobystrický kraj";27;1422;21;1443;NA;85539;48;2021-09-07;84415
2021-09-06;"Banskobystrický kraj";26;2430;13;2443;NA;85539;39;2021-09-06;84367
2021-09-05;"Banskobystrický kraj";9;742;2;744;NA;85539;11;2021-09-05;84328
2021-09-04;"Banskobystrický kraj";14;645;10;655;NA;85539;24;2021-09-04;84317
2021-09-03;"Banskobystrický kraj";49;2116;22;2138;NA;85539;71;2021-09-03;84293
2021-09-02;"Banskobystrický kraj";19;1795;25;1820;NA;85539;44;2021-09-02;84222
2021-09-01;"Banskobystrický kraj";6;209;6;215;NA;85539;12;2021-09-01;84178
2021-08-31;"Banskobystrický kraj";18;1431;13;1444;NA;85539;31;2021-08-31;84166
2021-08-30;"Banskobystrický kraj";23;1790;10;1800;NA;85539;33;2021-08-30;84135
2021-08-29;"Banskobystrický kraj";0;351;5;356;NA;85539;5;2021-08-29;84102
2021-08-28;"Banskobystrický kraj";9;827;5;832;NA;85539;14;2021-08-28;84097
2021-08-27;"Banskobystrický kraj";7;1608;12;1620;NA;85539;19;2021-08-27;84083
2021-08-26;"Banskobystrický kraj";7;1189;2;1191;NA;85539;9;2021-08-26;84064
2021-08-25;"Banskobystrický kraj";6;1024;1;1025;NA;85539;7;2021-08-25;84055
2021-08-24;"Banskobystrický kraj";12;1117;1;1118;NA;85539;13;2021-08-24;84048
2021-08-23;"Banskobystrický kraj";7;1714;5;1719;NA;85539;12;2021-08-23;84035
2021-08-22;"Banskobystrický kraj";0;651;2;653;NA;85539;2;2021-08-22;84023
2021-08-21;"Banskobystrický kraj";3;793;1;794;NA;85539;4;2021-08-21;84021
2021-08-20;"Banskobystrický kraj";5;1616;4;1620;NA;85539;9;2021-08-20;84017
2021-08-19;"Banskobystrický kraj";4;1092;3;1095;NA;85539;7;2021-08-19;84008
2021-08-18;"Banskobystrický kraj";1;1044;1;1045;NA;85539;2;2021-08-18;84001
2021-08-17;"Banskobystrický kraj";12;890;0;890;NA;85539;12;2021-08-17;83999
2021-08-16;"Banskobystrický kraj";7;1331;3;1334;NA;85539;10;2021-08-16;83987
2021-08-15;"Banskobystrický kraj";0;366;3;369;NA;85539;3;2021-08-15;83977
2021-08-14;"Banskobystrický kraj";6;435;1;436;NA;85539;7;2021-08-14;83974
2021-08-13;"Banskobystrický kraj";11;946;0;946;NA;85539;11;2021-08-13;83967
2021-08-12;"Banskobystrický kraj";10;951;1;952;NA;85539;11;2021-08-12;83956
2021-08-11;"Banskobystrický kraj";7;575;3;578;NA;85539;10;2021-08-11;83945
2021-08-10;"Banskobystrický kraj";7;678;2;680;NA;85539;9;2021-08-10;83935
2021-08-09;"Banskobystrický kraj";9;1064;0;1064;NA;85539;9;2021-08-09;83926
2021-08-08;"Banskobystrický kraj";4;335;1;336;NA;85539;5;2021-08-08;83917
2021-08-07;"Banskobystrický kraj";0;308;4;312;NA;85539;4;2021-08-07;83912
2021-08-06;"Banskobystrický kraj";5;929;2;931;NA;85539;7;2021-08-06;83908
2021-08-05;"Banskobystrický kraj";2;837;1;838;NA;85539;3;2021-08-05;83901
2021-08-04;"Banskobystrický kraj";2;579;1;580;NA;85539;3;2021-08-04;83898
2021-08-03;"Banskobystrický kraj";4;743;0;743;NA;85539;4;2021-08-03;83895
2021-08-02;"Banskobystrický kraj";6;934;0;934;NA;85539;6;2021-08-02;83891
2021-08-01;"Banskobystrický kraj";0;271;0;271;NA;85539;0;2021-08-01;83885
2021-07-31;"Banskobystrický kraj";1;370;4;374;NA;85539;5;2021-07-31;83885
2021-07-30;"Banskobystrický kraj";27;826;2;828;NA;85539;29;2021-07-30;83880
2021-07-29;"Banskobystrický kraj";2;890;1;891;NA;85539;3;2021-07-29;83851
2021-07-28;"Banskobystrický kraj";4;520;1;521;NA;85539;5;2021-07-28;83848
2021-07-27;"Banskobystrický kraj";15;1092;0;1092;NA;85539;15;2021-07-27;83843
2021-07-26;"Banskobystrický kraj";2;911;1;912;NA;85539;3;2021-07-26;83828
2021-07-25;"Banskobystrický kraj";0;367;1;368;NA;85539;1;2021-07-25;83825
2021-07-24;"Banskobystrický kraj";2;298;0;298;NA;85539;2;2021-07-24;83824
2021-07-23;"Banskobystrický kraj";7;840;0;840;NA;85539;7;2021-07-23;83822
2021-07-22;"Banskobystrický kraj";5;727;3;730;NA;85539;8;2021-07-22;83815
2021-07-21;"Banskobystrický kraj";2;560;0;560;NA;85539;2;2021-07-21;83807
2021-07-20;"Banskobystrický kraj";6;884;2;886;NA;85539;8;2021-07-20;83805
2021-07-19;"Banskobystrický kraj";1;854;3;857;NA;85539;4;2021-07-19;83797
2021-07-18;"Banskobystrický kraj";0;377;1;378;NA;85539;1;2021-07-18;83793
2021-07-17;"Banskobystrický kraj";1;324;0;324;NA;85539;1;2021-07-17;83792
2021-07-16;"Banskobystrický kraj";3;974;1;975;NA;85539;4;2021-07-16;83791
2021-07-15;"Banskobystrický kraj";1;1038;0;1038;NA;85539;1;2021-07-15;83787
2021-07-14;"Banskobystrický kraj";3;765;0;765;NA;85539;3;2021-07-14;83786
2021-07-13;"Banskobystrický kraj";2;694;0;694;NA;85539;2;2021-07-13;83783
2021-07-12;"Banskobystrický kraj";1;1057;0;1057;NA;85539;1;2021-07-12;83781
2021-07-11;"Banskobystrický kraj";0;446;0;446;NA;85539;0;2021-07-11;83780
2021-07-10;"Banskobystrický kraj";2;368;0;368;NA;85539;2;2021-07-10;83780
2021-07-09;"Banskobystrický kraj";3;1209;0;1209;NA;85539;3;2021-07-09;83778
2021-07-08;"Banskobystrický kraj";0;1083;1;1084;NA;85539;1;2021-07-08;83775
2021-07-07;"Banskobystrický kraj";1;798;0;798;NA;85539;1;2021-07-07;83774
2021-07-06;"Banskobystrický kraj";6;1365;0;1365;NA;85539;6;2021-07-06;83773
2021-07-05;"Banskobystrický kraj";2;392;1;393;NA;85539;3;2021-07-05;83767
2021-07-04;"Banskobystrický kraj";0;318;0;318;NA;85539;0;2021-07-04;83764
2021-07-03;"Banskobystrický kraj";1;413;1;414;NA;85539;2;2021-07-03;83764
2021-07-02;"Banskobystrický kraj";3;1045;0;1045;NA;85539;3;2021-07-02;83762
2021-07-01;"Banskobystrický kraj";0;705;1;706;NA;85539;1;2021-07-01;83759
2021-06-30;"Banskobystrický kraj";3;7444;1;7445;NA;85539;4;2021-06-30;83758
2021-06-29;"Banskobystrický kraj";2;4642;1;4643;NA;85539;3;2021-06-29;83754
2021-06-28;"Banskobystrický kraj";3;5695;1;5696;NA;85539;4;2021-06-28;83751
2021-06-27;"Banskobystrický kraj";0;4369;5;4374;NA;85539;5;2021-06-27;83747
2021-06-26;"Banskobystrický kraj";0;4289;4;4293;NA;85539;4;2021-06-26;83742
2021-06-25;"Banskobystrický kraj";2;6717;2;6719;NA;85539;4;2021-06-25;83738
2021-06-24;"Banskobystrický kraj";6;4585;2;4587;NA;85539;8;2021-06-24;83734
2021-06-23;"Banskobystrický kraj";4;4947;0;4947;NA;85539;4;2021-06-23;83726
2021-06-22;"Banskobystrický kraj";7;4527;0;4527;NA;85539;7;2021-06-22;83722
2021-06-21;"Banskobystrický kraj";6;5835;8;5843;NA;85539;14;2021-06-21;83715
2021-06-20;"Banskobystrický kraj";0;5055;7;5062;NA;85539;7;2021-06-20;83701
2021-06-19;"Banskobystrický kraj";0;5639;4;5643;NA;85539;4;2021-06-19;83694
2021-06-18;"Banskobystrický kraj";4;7642;1;7643;NA;85539;5;2021-06-18;83690
2021-06-17;"Banskobystrický kraj";2;5245;3;5248;NA;85539;5;2021-06-17;83685
2021-06-16;"Banskobystrický kraj";10;5951;5;5956;NA;85539;15;2021-06-16;83680
2021-06-15;"Banskobystrický kraj";9;5576;6;5582;NA;85539;15;2021-06-15;83665
2021-06-14;"Banskobystrický kraj";8;6922;7;6929;NA;85539;15;2021-06-14;83650
2021-06-13;"Banskobystrický kraj";0;6407;7;6414;NA;85539;7;2021-06-13;83635
2021-06-12;"Banskobystrický kraj";3;6338;6;6344;NA;85539;9;2021-06-12;83628
2021-06-11;"Banskobystrický kraj";5;9693;15;9708;NA;85539;20;2021-06-11;83619
2021-06-10;"Banskobystrický kraj";10;5726;8;5734;NA;85539;18;2021-06-10;83599
2021-06-09;"Banskobystrický kraj";9;5720;4;5724;NA;85539;13;2021-06-09;83581
2021-06-08;"Banskobystrický kraj";15;5645;10;5655;NA;85539;25;2021-06-08;83568
2021-06-07;"Banskobystrický kraj";4;7582;21;7603;NA;85539;25;2021-06-07;83543
2021-06-06;"Banskobystrický kraj";1;7497;12;7509;NA;85539;13;2021-06-06;83518
2021-06-05;"Banskobystrický kraj";15;7531;9;7540;NA;85539;24;2021-06-05;83505
2021-06-04;"Banskobystrický kraj";2;9297;14;9311;NA;85539;16;2021-06-04;83481
2021-06-03;"Banskobystrický kraj";8;6507;24;6531;NA;85539;32;2021-06-03;83465
2021-06-02;"Banskobystrický kraj";7;6837;6;6843;NA;85539;13;2021-06-02;83433
2021-06-01;"Banskobystrický kraj";12;7145;14;7159;NA;85539;26;2021-06-01;83420
2021-05-31;"Banskobystrický kraj";4;9546;31;9577;NA;85539;35;2021-05-31;83394
2021-05-30;"Banskobystrický kraj";3;8959;19;8978;NA;85539;22;2021-05-30;83359
2021-05-29;"Banskobystrický kraj";11;9763;18;9781;NA;85539;29;2021-05-29;83337
2021-05-28;"Banskobystrický kraj";13;11905;27;11932;NA;85539;40;2021-05-28;83308
2021-05-27;"Banskobystrický kraj";7;8760;12;8772;NA;85539;19;2021-05-27;83268
2021-05-26;"Banskobystrický kraj";18;7905;17;7922;NA;85539;35;2021-05-26;83249
2021-05-25;"Banskobystrický kraj";27;8949;30;8979;NA;85539;57;2021-05-25;83214
2021-05-24;"Banskobystrický kraj";9;12469;44;12513;NA;85539;53;2021-05-24;83157
2021-05-23;"Banskobystrický kraj";0;9798;27;9825;NA;85539;27;2021-05-23;83104
2021-05-22;"Banskobystrický kraj";20;9608;26;9634;NA;85539;46;2021-05-22;83077
2021-05-21;"Banskobystrický kraj";22;12796;25;12821;NA;85539;47;2021-05-21;83031
2021-05-20;"Banskobystrický kraj";14;8994;25;9019;NA;85539;39;2021-05-20;82984
2021-05-19;"Banskobystrický kraj";42;8608;21;8629;NA;85539;63;2021-05-19;82945
2021-05-18;"Banskobystrický kraj";27;9450;25;9475;NA;85539;52;2021-05-18;82882
2021-05-17;"Banskobystrický kraj";11;13399;33;13432;NA;85539;44;2021-05-17;82830
2021-05-16;"Banskobystrický kraj";15;14072;26;14098;NA;85539;41;2021-05-16;82786
2021-05-15;"Banskobystrický kraj";11;15356;29;15385;NA;85539;40;2021-05-15;82745
2021-05-14;"Banskobystrický kraj";35;18939;45;18984;NA;85539;80;2021-05-14;82705
2021-05-13;"Banskobystrický kraj";37;10605;40;10645;NA;85539;77;2021-05-13;82625
2021-05-12;"Banskobystrický kraj";31;10856;45;10901;NA;85539;76;2021-05-12;82548
2021-05-11;"Banskobystrický kraj";42;11325;48;11373;NA;85539;90;2021-05-11;82472
2021-05-10;"Banskobystrický kraj";28;17621;68;17689;NA;85539;96;2021-05-10;82382
2021-05-09;"Banskobystrický kraj";25;21902;68;21970;NA;85539;93;2021-05-09;82286
2021-05-08;"Banskobystrický kraj";11;14285;26;14311;NA;85539;37;2021-05-08;82193
2021-05-07;"Banskobystrický kraj";41;21806;78;21884;NA;85539;119;2021-05-07;82156
2021-05-06;"Banskobystrický kraj";36;12251;70;12321;NA;85539;106;2021-05-06;82037
2021-05-05;"Banskobystrický kraj";34;12592;63;12655;NA;85539;97;2021-05-05;81931
2021-05-04;"Banskobystrický kraj";83;13888;47;13935;NA;85539;130;2021-05-04;81834
2021-05-03;"Banskobystrický kraj";30;20872;80;20952;NA;85539;110;2021-05-03;81704
2021-05-02;"Banskobystrický kraj";6;33040;60;33100;NA;85539;66;2021-05-02;81594
2021-05-01;"Banskobystrický kraj";54;36900;67;36967;NA;85539;121;2021-05-01;81528
2021-04-30;"Banskobystrický kraj";38;34957;86;35043;NA;85539;124;2021-04-30;81407
2021-04-29;"Banskobystrický kraj";55;16839;68;16907;NA;85539;123;2021-04-29;81283
2021-04-28;"Banskobystrický kraj";66;17959;67;18026;NA;85539;133;2021-04-28;81160
2021-04-27;"Banskobystrický kraj";70;19152;73;19225;NA;85539;143;2021-04-27;81027
2021-04-26;"Banskobystrický kraj";34;28517;101;28618;NA;85539;135;2021-04-26;80884
2021-04-25;"Banskobystrický kraj";14;40601;106;40707;NA;85539;120;2021-04-25;80749
2021-04-24;"Banskobystrický kraj";40;51944;98;52042;NA;85539;138;2021-04-24;80629
2021-04-23;"Banskobystrický kraj";78;37920;88;38008;NA;85539;166;2021-04-23;80491
2021-04-22;"Banskobystrický kraj";51;17412;57;17469;NA;85539;108;2021-04-22;80325
2021-04-21;"Banskobystrický kraj";76;19208;94;19302;NA;85539;170;2021-04-21;80217
2021-04-20;"Banskobystrický kraj";116;21233;98;21331;NA;85539;214;2021-04-20;80047
2021-04-19;"Banskobystrický kraj";48;31407;105;31512;NA;85539;153;2021-04-19;79833
2021-04-18;"Banskobystrický kraj";16;43375;90;43465;NA;85539;106;2021-04-18;79680
2021-04-17;"Banskobystrický kraj";42;64939;92;65031;NA;85539;134;2021-04-17;79574
2021-04-16;"Banskobystrický kraj";72;37307;100;37407;NA;85539;172;2021-04-16;79440
2021-04-15;"Banskobystrický kraj";67;20127;83;20210;NA;85539;150;2021-04-15;79268
2021-04-14;"Banskobystrický kraj";69;21260;86;21346;NA;85539;155;2021-04-14;79118
2021-04-13;"Banskobystrický kraj";130;23076;77;23153;NA;85539;207;2021-04-13;78963
2021-04-12;"Banskobystrický kraj";60;32272;130;32402;NA;85539;190;2021-04-12;78756
2021-04-11;"Banskobystrický kraj";0;41367;88;41455;NA;85539;88;2021-04-11;78566
2021-04-10;"Banskobystrický kraj";56;64728;141;64869;NA;85539;197;2021-04-10;78478
2021-04-09;"Banskobystrický kraj";106;31570;118;31688;NA;85539;224;2021-04-09;78281
2021-04-08;"Banskobystrický kraj";132;19000;148;19148;NA;85539;280;2021-04-08;78057
2021-04-07;"Banskobystrický kraj";226;25118;94;25212;NA;85539;320;2021-04-07;77777
2021-04-06;"Banskobystrický kraj";93;42496;187;42683;NA;85539;280;2021-04-06;77457
2021-04-05;"Banskobystrický kraj";15;11797;87;11884;NA;85539;102;2021-04-05;77177
2021-04-04;"Banskobystrický kraj";24;19683;79;19762;NA;85539;103;2021-04-04;77075
2021-04-03;"Banskobystrický kraj";5;72553;211;72764;NA;85539;216;2021-04-03;76972
2021-04-02;"Banskobystrický kraj";71;13455;66;13521;NA;85539;137;2021-04-02;76756
2021-04-01;"Banskobystrický kraj";171;39406;200;39606;NA;85539;371;2021-04-01;76619
2021-03-31;"Banskobystrický kraj";147;25543;161;25704;NA;85539;308;2021-03-31;76248
2021-03-30;"Banskobystrický kraj";167;21442;159;21601;NA;85539;326;2021-03-30;75940
2021-03-29;"Banskobystrický kraj";119;29491;218;29709;NA;85539;337;2021-03-29;75614
2021-03-28;"Banskobystrický kraj";25;40610;189;40799;NA;85539;214;2021-03-28;75277
2021-03-27;"Banskobystrický kraj";85;63414;260;63674;NA;85539;345;2021-03-27;75063
2021-03-26;"Banskobystrický kraj";122;43671;240;43911;NA;85539;362;2021-03-26;74718
2021-03-25;"Banskobystrický kraj";120;21598;240;21838;NA;85539;360;2021-03-25;74356
2021-03-24;"Banskobystrický kraj";200;19336;227;19563;NA;85539;427;2021-03-24;73996
2021-03-23;"Banskobystrický kraj";241;21540;257;21797;NA;85539;498;2021-03-23;73569
2021-03-22;"Banskobystrický kraj";65;30480;274;30754;NA;85539;339;2021-03-22;73071
2021-03-21;"Banskobystrický kraj";31;40039;280;40319;NA;85539;311;2021-03-21;72732
2021-03-20;"Banskobystrický kraj";119;67926;383;68309;NA;85539;502;2021-03-20;72421
2021-03-19;"Banskobystrický kraj";240;44036;306;44342;NA;85539;546;2021-03-19;71919
2021-03-18;"Banskobystrický kraj";160;22467;273;22740;NA;85539;433;2021-03-18;71373
2021-03-17;"Banskobystrický kraj";262;21573;245;21818;NA;85539;507;2021-03-17;70940
2021-03-16;"Banskobystrický kraj";340;23349;224;23573;NA;85539;564;2021-03-16;70433
2021-03-15;"Banskobystrický kraj";95;32306;366;32672;NA;85539;461;2021-03-15;69869
2021-03-14;"Banskobystrický kraj";39;39212;218;39430;NA;85539;257;2021-03-14;69408
2021-03-13;"Banskobystrický kraj";209;67463;395;67858;NA;85539;604;2021-03-13;69151
2021-03-12;"Banskobystrický kraj";206;41442;330;41772;NA;85539;536;2021-03-12;68547
2021-03-11;"Banskobystrický kraj";228;21337;274;21611;NA;85539;502;2021-03-11;68011
2021-03-10;"Banskobystrický kraj";260;20399;238;20637;NA;85539;498;2021-03-10;67509
2021-03-09;"Banskobystrický kraj";352;21790;284;22074;NA;85539;636;2021-03-09;67011
2021-03-08;"Banskobystrický kraj";191;31468;427;31895;NA;85539;618;2021-03-08;66375
2021-03-07;"Banskobystrický kraj";60;39191;295;39486;NA;85539;355;2021-03-07;65757
2021-03-06;"Banskobystrický kraj";164;70895;410;71305;NA;85539;574;2021-03-06;65402
2021-03-05;"Banskobystrický kraj";221;42336;389;42725;NA;85539;610;2021-03-05;64828
2021-03-04;"Banskobystrický kraj";226;22007;334;22341;NA;85539;560;2021-03-04;64218
2021-03-03;"Banskobystrický kraj";317;21949;331;22280;NA;85539;648;2021-03-03;63658
2021-03-02;"Banskobystrický kraj";291;23160;354;23514;NA;85539;645;2021-03-02;63010
2021-03-01;"Banskobystrický kraj";151;31773;434;32207;NA;85539;585;2021-03-01;62365
2021-02-28;"Banskobystrický kraj";45;38663;336;38999;NA;85539;381;2021-02-28;61780
2021-02-27;"Banskobystrický kraj";289;66667;529;67196;NA;85539;818;2021-02-27;61399
2021-02-26;"Banskobystrický kraj";326;39670;468;40138;NA;85539;794;2021-02-26;60581
2021-02-25;"Banskobystrický kraj";375;18081;366;18447;NA;85539;741;2021-02-25;59787
2021-02-24;"Banskobystrický kraj";332;16735;373;17108;NA;85539;705;2021-02-24;59046
2021-02-23;"Banskobystrický kraj";462;19932;439;20371;NA;85539;901;2021-02-23;58341
2021-02-22;"Banskobystrický kraj";67;28643;598;29241;NA;85539;665;2021-02-22;57440
2021-02-21;"Banskobystrický kraj";68;37619;444;38063;NA;85539;512;2021-02-21;56775
2021-02-20;"Banskobystrický kraj";280;68851;598;69449;NA;85539;878;2021-02-20;56263
2021-02-19;"Banskobystrický kraj";420;39888;511;40399;NA;85539;931;2021-02-19;55385
2021-02-18;"Banskobystrický kraj";241;18618;396;19014;NA;85539;637;2021-02-18;54454
2021-02-17;"Banskobystrický kraj";415;16740;389;17129;NA;85539;804;2021-02-17;53817
2021-02-16;"Banskobystrický kraj";338;19731;368;20099;NA;85539;706;2021-02-16;53013
2021-02-15;"Banskobystrický kraj";118;35835;591;36426;NA;85539;709;2021-02-15;52307
2021-02-14;"Banskobystrický kraj";60;31894;386;32280;NA;85539;446;2021-02-14;51598
2021-02-13;"Banskobystrický kraj";202;53889;492;54381;NA;85539;694;2021-02-13;51152
2021-02-12;"Banskobystrický kraj";312;37270;533;37803;NA;85539;845;2021-02-12;50458
2021-02-11;"Banskobystrický kraj";305;21200;386;21586;NA;85539;691;2021-02-11;49613
2021-02-10;"Banskobystrický kraj";333;14790;344;15134;NA;85539;677;2021-02-10;48922
2021-02-09;"Banskobystrický kraj";329;18504;362;18866;NA;85539;691;2021-02-09;48245
2021-02-08;"Banskobystrický kraj";103;49716;695;50411;NA;85539;798;2021-02-08;47554
2021-02-07;"Banskobystrický kraj";70;37659;335;37994;NA;85539;405;2021-02-07;46756
2021-02-06;"Banskobystrický kraj";178;69388;570;69958;NA;85539;748;2021-02-06;46351
2021-02-05;"Banskobystrický kraj";282;24577;363;24940;NA;85539;645;2021-02-05;45603
2021-02-04;"Banskobystrický kraj";240;14367;430;14797;NA;85539;670;2021-02-04;44958
2021-02-03;"Banskobystrický kraj";350;9459;255;9714;NA;85539;605;2021-02-03;44288
2021-02-02;"Banskobystrický kraj";277;15741;334;16075;NA;85539;611;2021-02-02;43683
2021-02-01;"Banskobystrický kraj";75;24346;489;24835;NA;85539;564;2021-02-01;43072
2021-01-31;"Banskobystrický kraj";34;19983;201;20184;NA;85539;235;2021-01-31;42508
2021-01-30;"Banskobystrický kraj";163;63896;525;64421;NA;85539;688;2021-01-30;42273
2021-01-29;"Banskobystrický kraj";196;17368;274;17642;NA;85539;470;2021-01-29;41585
2021-01-28;"Banskobystrický kraj";218;15613;382;15995;NA;85539;600;2021-01-28;41115
2021-01-27;"Banskobystrický kraj";191;8132;200;8332;NA;85539;391;2021-01-27;40515
2021-01-26;"Banskobystrický kraj";238;19795;283;20078;NA;85539;521;2021-01-26;40124
2021-01-25;"Banskobystrický kraj";82;33666;412;34078;NA;85539;494;2021-01-25;39603
2021-01-24;"Banskobystrický kraj";38;35587;278;35865;NA;85539;316;2021-01-24;39109
2021-01-23;"Banskobystrický kraj";142;89058;523;89581;NA;85539;665;2021-01-23;38793
2021-01-22;"Banskobystrický kraj";175;25887;355;26242;NA;85539;530;2021-01-22;38128
2021-01-21;"Banskobystrický kraj";194;17063;279;17342;NA;85539;473;2021-01-21;37598
2021-01-20;"Banskobystrický kraj";231;9142;186;9328;NA;85539;417;2021-01-20;37125
2021-01-19;"Banskobystrický kraj";213;10708;311;11019;NA;85539;524;2021-01-19;36708
2021-01-18;"Banskobystrický kraj";94;7402;401;7803;NA;85539;495;2021-01-18;36184
2021-01-17;"Banskobystrický kraj";110;8154;77;8231;NA;85539;187;2021-01-17;35689
2021-01-16;"Banskobystrický kraj";58;2274;57;2331;NA;85539;115;2021-01-16;35502
2021-01-15;"Banskobystrický kraj";164;7673;217;7890;NA;85539;381;2021-01-15;35387
2021-01-14;"Banskobystrický kraj";220;5760;325;6085;NA;85539;545;2021-01-14;35006
2021-01-13;"Banskobystrický kraj";235;5974;217;6191;NA;85539;452;2021-01-13;34461
2021-01-12;"Banskobystrický kraj";194;6600;290;6890;NA;85539;484;2021-01-12;34009
2021-01-11;"Banskobystrický kraj";76;8231;481;8712;NA;85539;557;2021-01-11;33525
2021-01-10;"Banskobystrický kraj";110;433;4;437;NA;85539;114;2021-01-10;32968
2021-01-09;"Banskobystrický kraj";297;2378;81;2459;NA;85539;378;2021-01-09;32854
2021-01-08;"Banskobystrický kraj";435;9805;443;10248;NA;85539;878;2021-01-08;32476
2021-01-07;"Banskobystrický kraj";127;6322;366;6688;NA;85539;493;2021-01-07;31598
2021-01-06;"Banskobystrický kraj";305;3374;185;3559;NA;85539;490;2021-01-06;31105
2021-01-05;"Banskobystrický kraj";372;7349;533;7882;NA;85539;905;2021-01-05;30615
2021-01-04;"Banskobystrický kraj";130;7087;700;7787;NA;85539;830;2021-01-04;29710
2021-01-03;"Banskobystrický kraj";199;320;19;339;NA;85539;218;2021-01-03;28880
2021-01-02;"Banskobystrický kraj";123;702;85;787;NA;85539;208;2021-01-02;28662
2021-01-01;"Banskobystrický kraj";220;1958;132;2090;NA;85539;352;2021-01-01;28454
2020-12-31;"Banskobystrický kraj";499;7679;633;8312;NA;85539;1132;2020-12-31;28102
2020-12-30;"Banskobystrický kraj";593;7407;541;7948;NA;85539;1134;2020-12-30;26970
2020-12-29;"Banskobystrický kraj";240;7876;660;8536;NA;85539;900;2020-12-29;25836
2020-12-28;"Banskobystrický kraj";131;6120;720;6840;NA;85539;851;2020-12-28;24936
2020-12-27;"Banskobystrický kraj";116;541;25;566;NA;85539;141;2020-12-27;24085
2020-12-26;"Banskobystrický kraj";61;295;35;330;NA;85539;96;2020-12-26;23944
2020-12-25;"Banskobystrický kraj";65;888;10;898;NA;85539;75;2020-12-25;23848
2020-12-24;"Banskobystrický kraj";452;3685;135;3820;NA;85539;587;2020-12-24;23773
2020-12-23;"Banskobystrický kraj";368;9892;473;10365;NA;85539;841;2020-12-23;23186
2020-12-22;"Banskobystrický kraj";307;8467;619;9086;NA;85539;926;2020-12-22;22345
2020-12-21;"Banskobystrický kraj";286;4922;455;5377;NA;85539;741;2020-12-21;21419
2020-12-20;"Banskobystrický kraj";155;249;14;263;NA;85539;169;2020-12-20;20678
2020-12-19;"Banskobystrický kraj";170;3084;138;3222;NA;85539;308;2020-12-19;20509
2020-12-18;"Banskobystrický kraj";432;5959;331;6290;NA;85539;763;2020-12-18;20201
2020-12-17;"Banskobystrický kraj";468;8753;653;9406;NA;85539;1121;2020-12-17;19438
2020-12-16;"Banskobystrický kraj";379;10184;567;10751;NA;85539;946;2020-12-16;18317
2020-12-15;"Banskobystrický kraj";336;5281;425;5706;NA;85539;761;2020-12-15;17371
2020-12-14;"Banskobystrický kraj";148;4012;259;4271;NA;85539;407;2020-12-14;16610
2020-12-13;"Banskobystrický kraj";122;142;1;143;NA;85539;123;2020-12-13;16203
2020-12-12;"Banskobystrický kraj";137;2714;138;2852;NA;85539;275;2020-12-12;16080
2020-12-11;"Banskobystrický kraj";468;6633;362;6995;NA;85539;830;2020-12-11;15805
2020-12-10;"Banskobystrický kraj";280;5501;369;5870;NA;85539;649;2020-12-10;14975
2020-12-09;"Banskobystrický kraj";323;3941;205;4146;NA;85539;528;2020-12-09;14326
2020-12-08;"Banskobystrický kraj";256;3782;272;4054;NA;85539;528;2020-12-08;13798
2020-12-07;"Banskobystrický kraj";175;2633;177;2810;NA;85539;352;2020-12-07;13270
2020-12-06;"Banskobystrický kraj";121;507;11;518;NA;85539;132;2020-12-06;12918
2020-12-05;"Banskobystrický kraj";109;1099;34;1133;NA;85539;143;2020-12-05;12786
2020-12-04;"Banskobystrický kraj";339;3828;174;4002;NA;85539;513;2020-12-04;12643
2020-12-03;"Banskobystrický kraj";240;3193;234;3427;NA;85539;474;2020-12-03;12130
2020-12-02;"Banskobystrický kraj";217;4442;186;4628;NA;85539;403;2020-12-02;11656
2020-12-01;"Banskobystrický kraj";215;2702;134;2836;NA;85539;349;2020-12-01;11253
2020-11-30;"Banskobystrický kraj";74;4314;241;4555;NA;85539;315;2020-11-30;10904
2020-11-29;"Banskobystrický kraj";19;208;7;215;NA;85539;26;2020-11-29;10589
2020-11-28;"Banskobystrický kraj";81;1408;55;1463;NA;85539;136;2020-11-28;10563
2020-11-27;"Banskobystrický kraj";219;2266;123;2389;NA;85539;342;2020-11-27;10427
2020-11-26;"Banskobystrický kraj";208;2124;93;2217;NA;85539;301;2020-11-26;10085
2020-11-25;"Banskobystrický kraj";170;1952;86;2038;NA;85539;256;2020-11-25;9784
2020-11-24;"Banskobystrický kraj";166;2566;69;2635;NA;85539;235;2020-11-24;9528
2020-11-23;"Banskobystrický kraj";66;10147;193;10340;NA;85539;259;2020-11-23;9293
2020-11-22;"Banskobystrický kraj";38;104;1;105;NA;85539;39;2020-11-22;9034
2020-11-21;"Banskobystrický kraj";52;904;14;918;NA;85539;66;2020-11-21;8995
2020-11-20;"Banskobystrický kraj";127;2005;107;2112;NA;85539;234;2020-11-20;8929
2020-11-19;"Banskobystrický kraj";170;1218;82;1300;NA;85539;252;2020-11-19;8695
2020-11-18;"Banskobystrický kraj";153;698;65;763;NA;85539;218;2020-11-18;8443
2020-11-17;"Banskobystrický kraj";52;578;35;613;NA;85539;87;2020-11-17;8225
2020-11-16;"Banskobystrický kraj";106;470;25;495;NA;85539;131;2020-11-16;8138
2020-11-15;"Banskobystrický kraj";52;301;4;305;NA;85539;56;2020-11-15;8007
2020-11-14;"Banskobystrický kraj";73;305;2;307;NA;85539;75;2020-11-14;7951
2020-11-13;"Banskobystrický kraj";157;552;11;563;NA;85539;168;2020-11-13;7876
2020-11-12;"Banskobystrický kraj";218;952;44;996;NA;85539;262;2020-11-12;7708
2020-11-11;"Banskobystrický kraj";224;437;9;446;NA;85539;233;2020-11-11;7446
2020-11-10;"Banskobystrický kraj";263;463;18;481;NA;85539;281;2020-11-10;7213
2020-11-09;"Banskobystrický kraj";80;2678;31;2709;NA;85539;111;2020-11-09;6932
2020-11-08;"Banskobystrický kraj";82;981;16;997;NA;85539;98;2020-11-08;6821
2020-11-07;"Banskobystrický kraj";164;8828;94;8922;NA;85539;258;2020-11-07;6723
2020-11-06;"Banskobystrický kraj";227;2496;16;2512;NA;85539;243;2020-11-06;6465
2020-11-05;"Banskobystrický kraj";240;290;33;323;NA;85539;273;2020-11-05;6222
2020-11-04;"Banskobystrický kraj";254;1366;13;1379;NA;85539;267;2020-11-04;5949
2020-11-03;"Banskobystrický kraj";246;1332;4;1336;NA;85539;250;2020-11-03;5682
2020-11-02;"Banskobystrický kraj";90;2909;65;2974;NA;85539;155;2020-11-02;5432
2020-11-01;"Banskobystrický kraj";101;2671;42;2713;NA;85539;143;2020-11-01;5277
2020-10-31;"Banskobystrický kraj";199;13516;116;13632;NA;85539;315;2020-10-31;5134
2020-10-30;"Banskobystrický kraj";254;2829;20;2849;NA;85539;274;2020-10-30;4819
2020-10-29;"Banskobystrický kraj";372;969;42;1011;NA;85539;414;2020-10-29;4545
2020-10-28;"Banskobystrický kraj";285;302;30;332;NA;85539;315;2020-10-28;4131
2020-10-27;"Banskobystrický kraj";266;654;40;694;NA;85539;306;2020-10-27;3816
2020-10-26;"Banskobystrický kraj";38;234;29;263;NA;85539;67;2020-10-26;3510
2020-10-25;"Banskobystrický kraj";50;140;11;151;NA;85539;61;2020-10-25;3443
2020-10-24;"Banskobystrický kraj";315;114;12;126;NA;85539;327;2020-10-24;3382
2020-10-23;"Banskobystrický kraj";231;230;29;259;NA;85539;260;2020-10-23;3055
2020-10-22;"Banskobystrický kraj";264;253;24;277;NA;85539;288;2020-10-22;2795
2020-10-21;"Banskobystrický kraj";209;266;3;269;NA;85539;212;2020-10-21;2507
2020-10-20;"Banskobystrický kraj";210;66;3;69;NA;85539;213;2020-10-20;2295
2020-10-19;"Banskobystrický kraj";27;73;12;85;NA;85539;39;2020-10-19;2082
2020-10-18;"Banskobystrický kraj";49;0;0;0;NA;85539;49;2020-10-18;2043
2020-10-17;"Banskobystrický kraj";91;0;0;0;NA;85539;91;2020-10-17;1994
2020-10-16;"Banskobystrický kraj";224;37;3;40;NA;85539;227;2020-10-16;1903
2020-10-15;"Banskobystrický kraj";133;29;1;30;NA;85539;134;2020-10-15;1676
2020-10-14;"Banskobystrický kraj";139;31;1;32;NA;85539;140;2020-10-14;1542
2020-10-13;"Banskobystrický kraj";151;169;11;180;NA;85539;162;2020-10-13;1402
2020-10-12;"Banskobystrický kraj";11;110;4;114;NA;85539;15;2020-10-12;1240
2020-10-11;"Banskobystrický kraj";14;0;0;0;NA;85539;14;2020-10-11;1225
2020-10-10;"Banskobystrický kraj";53;0;0;0;NA;85539;53;2020-10-10;1211
2020-10-09;"Banskobystrický kraj";128;0;0;0;NA;85539;128;2020-10-09;1158
2020-10-08;"Banskobystrický kraj";99;0;0;0;NA;85539;99;2020-10-08;1030
2020-10-07;"Banskobystrický kraj";124;0;0;0;NA;85539;124;2020-10-07;931
2020-10-06;"Banskobystrický kraj";68;0;0;0;NA;85539;68;2020-10-06;807
2020-10-05;"Banskobystrický kraj";49;0;0;0;NA;85539;49;2020-10-05;739
2020-10-04;"Banskobystrický kraj";8;0;0;0;NA;85539;8;2020-10-04;690
2020-10-03;"Banskobystrický kraj";37;0;0;0;NA;85539;37;2020-10-03;682
2020-10-02;"Banskobystrický kraj";74;0;0;0;NA;85539;74;2020-10-02;645
2020-10-01;"Banskobystrický kraj";49;0;0;0;NA;85539;49;2020-10-01;571
2020-09-30;"Banskobystrický kraj";60;0;0;0;NA;85539;60;2020-09-30;522
2020-09-29;"Banskobystrický kraj";24;0;0;0;NA;85539;24;2020-09-29;462
2020-09-28;"Banskobystrický kraj";0;0;0;0;NA;85539;0;2020-09-28;438
2020-09-27;"Banskobystrický kraj";20;0;0;0;NA;85539;20;2020-09-27;438
2020-09-26;"Banskobystrický kraj";24;0;0;0;NA;85539;24;2020-09-26;418
2020-09-25;"Banskobystrický kraj";29;0;0;0;NA;85539;29;2020-09-25;394
2020-09-24;"Banskobystrický kraj";25;0;0;0;NA;85539;25;2020-09-24;365
2020-09-23;"Banskobystrický kraj";17;0;0;0;NA;85539;17;2020-09-23;340
2020-09-22;"Banskobystrický kraj";25;0;0;0;NA;85539;25;2020-09-22;323
2020-09-21;"Banskobystrický kraj";3;0;0;0;NA;85539;3;2020-09-21;298
2020-09-20;"Banskobystrický kraj";0;0;0;0;NA;85539;0;2020-09-20;295
2020-09-19;"Banskobystrický kraj";3;0;0;0;NA;85539;3;2020-09-19;295
2020-09-18;"Banskobystrický kraj";24;0;0;0;NA;85539;24;2020-09-18;292
2020-09-17;"Banskobystrický kraj";14;0;0;0;NA;85539;14;2020-09-17;268
2020-09-16;"Banskobystrický kraj";6;0;0;0;NA;85539;6;2020-09-16;254
2020-09-15;"Banskobystrický kraj";2;0;0;0;NA;85539;2;2020-09-15;248
2020-09-14;"Banskobystrický kraj";13;0;0;0;NA;85539;13;2020-09-14;246
2020-09-13;"Banskobystrický kraj";1;0;0;0;NA;85539;1;2020-09-13;233
2020-09-12;"Banskobystrický kraj";5;0;0;0;NA;85539;5;2020-09-12;232
2020-09-11;"Banskobystrický kraj";19;0;0;0;NA;85539;19;2020-09-11;227
2020-09-10;"Banskobystrický kraj";11;0;0;0;NA;85539;11;2020-09-10;208
2020-09-09;"Banskobystrický kraj";13;0;0;0;NA;85539;13;2020-09-09;197
2020-09-08;"Banskobystrický kraj";5;0;0;0;NA;85539;5;2020-09-08;184
2020-09-07;"Banskobystrický kraj";2;0;0;0;NA;85539;2;2020-09-07;179
2020-09-06;"Banskobystrický kraj";0;0;0;0;NA;85539;0;2020-09-06;177
2020-09-05;"Banskobystrický kraj";0;0;0;0;NA;85539;0;2020-09-05;177
2020-09-04;"Banskobystrický kraj";9;0;0;0;NA;85539;9;2020-09-04;177
2020-09-03;"Banskobystrický kraj";5;0;0;0;NA;85539;5;2020-09-03;168
2020-09-02;"Banskobystrický kraj";6;0;0;0;NA;85539;6;2020-09-02;163
2020-09-01;"Banskobystrický kraj";2;0;0;0;NA;85539;2;2020-09-01;157
2020-08-31;"Banskobystrický kraj";6;0;0;0;NA;85539;6;2020-08-31;155
2020-08-30;"Banskobystrický kraj";0;0;0;0;NA;85539;0;2020-08-30;149
2020-08-29;"Banskobystrický kraj";1;0;0;0;NA;85539;1;2020-08-29;149
2020-08-28;"Banskobystrický kraj";3;0;0;0;NA;85539;3;2020-08-28;148
2020-08-27;"Banskobystrický kraj";1;0;0;0;NA;85539;1;2020-08-27;145
2020-08-26;"Banskobystrický kraj";2;0;0;0;NA;85539;2;2020-08-26;144
2020-08-25;"Banskobystrický kraj";2;0;0;0;NA;85539;2;2020-08-25;142
2020-08-24;"Banskobystrický kraj";0;0;0;0;NA;85539;0;2020-08-24;140
2020-08-23;"Banskobystrický kraj";0;0;0;0;NA;85539;0;2020-08-23;140
2020-08-22;"Banskobystrický kraj";0;0;0;0;NA;85539;0;2020-08-22;140
2020-08-21;"Banskobystrický kraj";4;0;0;0;NA;85539;4;2020-08-21;140
2020-08-20;"Banskobystrický kraj";1;0;0;0;NA;85539;1;2020-08-20;136
2020-08-19;"Banskobystrický kraj";4;0;0;0;NA;85539;4;2020-08-19;135
2020-08-18;"Banskobystrický kraj";0;0;0;0;NA;85539;0;2020-08-18;131
2020-08-17;"Banskobystrický kraj";1;0;0;0;NA;85539;1;2020-08-17;131
2020-08-16;"Banskobystrický kraj";0;0;0;0;NA;85539;0;2020-08-16;130
2020-08-15;"Banskobystrický kraj";0;0;0;0;NA;85539;0;2020-08-15;130
2020-08-14;"Banskobystrický kraj";5;0;0;0;NA;85539;5;2020-08-14;130
2020-08-13;"Banskobystrický kraj";0;0;0;0;NA;85539;0;2020-08-13;125
2020-08-12;"Banskobystrický kraj";0;0;0;0;NA;85539;0;2020-08-12;125
2020-08-11;"Banskobystrický kraj";2;0;0;0;NA;85539;2;2020-08-11;125
2020-08-10;"Banskobystrický kraj";3;0;0;0;NA;85539;3;2020-08-10;123
2020-08-09;"Banskobystrický kraj";0;0;0;0;NA;85539;0;2020-08-09;120
2020-08-08;"Banskobystrický kraj";2;0;0;0;NA;85539;2;2020-08-08;120
2020-08-07;"Banskobystrický kraj";1;0;0;0;NA;85539;1;2020-08-07;118
2020-08-06;"Banskobystrický kraj";1;0;0;0;NA;85539;1;2020-08-06;117
2020-08-05;"Banskobystrický kraj";0;0;0;0;NA;85539;0;2020-08-05;116
2020-08-04;"Banskobystrický kraj";3;0;0;0;NA;85539;3;2020-08-04;116
2020-08-03;"Banskobystrický kraj";0;0;0;0;NA;85539;0;2020-08-03;113
2020-08-02;"Banskobystrický kraj";0;0;0;0;NA;85539;0;2020-08-02;113
2020-08-01;"Banskobystrický kraj";1;0;0;0;NA;85539;1;2020-08-01;113
2020-07-31;"Banskobystrický kraj";2;0;0;0;NA;85539;2;2020-07-31;112
2020-07-30;"Banskobystrický kraj";1;0;0;0;NA;85539;1;2020-07-30;110
2020-07-29;"Banskobystrický kraj";0;0;0;0;NA;85539;0;2020-07-29;109
2020-07-28;"Banskobystrický kraj";2;0;0;0;NA;85539;2;2020-07-28;109
2020-07-27;"Banskobystrický kraj";3;0;0;0;NA;85539;3;2020-07-27;107
2020-07-26;"Banskobystrický kraj";0;0;0;0;NA;85539;0;2020-07-26;104
2020-07-25;"Banskobystrický kraj";0;0;0;0;NA;85539;0;2020-07-25;104
2020-07-24;"Banskobystrický kraj";9;0;0;0;NA;85539;9;2020-07-24;104
2020-07-23;"Banskobystrický kraj";0;0;0;0;NA;85539;0;2020-07-23;95
2020-07-22;"Banskobystrický kraj";3;0;0;0;NA;85539;3;2020-07-22;95
2020-07-21;"Banskobystrický kraj";3;0;0;0;NA;85539;3;2020-07-21;92
2020-07-20;"Banskobystrický kraj";1;0;0;0;NA;85539;1;2020-07-20;89
2020-07-19;"Banskobystrický kraj";1;0;0;0;NA;85539;1;2020-07-19;88
2020-07-18;"Banskobystrický kraj";0;0;0;0;NA;85539;0;2020-07-18;87
2020-07-17;"Banskobystrický kraj";2;0;0;0;NA;85539;2;2020-07-17;87
2020-07-16;"Banskobystrický kraj";1;0;0;0;NA;85539;1;2020-07-16;85
2020-07-15;"Banskobystrický kraj";4;0;0;0;NA;85539;4;2020-07-15;84
2020-07-14;"Banskobystrický kraj";2;0;0;0;NA;85539;2;2020-07-14;80
2020-07-13;"Banskobystrický kraj";1;0;0;0;NA;85539;1;2020-07-13;78
2020-07-12;"Banskobystrický kraj";0;0;0;0;NA;85539;0;2020-07-12;77
2020-07-11;"Banskobystrický kraj";0;0;0;0;NA;85539;0;2020-07-11;77
2020-07-10;"Banskobystrický kraj";3;0;0;0;NA;85539;3;2020-07-10;77
2020-07-09;"Banskobystrický kraj";9;0;0;0;NA;85539;9;2020-07-09;74
2020-07-08;"Banskobystrický kraj";0;0;0;0;NA;85539;0;2020-07-08;65
2020-07-07;"Banskobystrický kraj";4;0;0;0;NA;85539;4;2020-07-07;65
2020-07-06;"Banskobystrický kraj";0;0;0;0;NA;85539;0;2020-07-06;61
2020-07-05;"Banskobystrický kraj";0;0;0;0;NA;85539;0;2020-07-05;61
2020-07-04;"Banskobystrický kraj";1;0;0;0;NA;85539;1;2020-07-04;61
2020-07-03;"Banskobystrický kraj";4;0;0;0;NA;85539;4;2020-07-03;60
2020-07-02;"Banskobystrický kraj";0;0;0;0;NA;85539;0;2020-07-02;56
2020-07-01;"Banskobystrický kraj";1;0;0;0;NA;85539;1;2020-07-01;56
2020-06-30;"Banskobystrický kraj";0;12;0;12;NA;85539;0;2020-06-30;55
2020-06-29;"Banskobystrický kraj";0;0;0;0;NA;85539;0;2020-06-29;55
2020-06-28;"Banskobystrický kraj";0;0;0;0;NA;85539;0;2020-06-28;55
2020-06-27;"Banskobystrický kraj";0;0;0;0;NA;85539;0;2020-06-27;55
2020-06-26;"Banskobystrický kraj";0;0;0;0;NA;85539;0;2020-06-26;55
2020-06-25;"Banskobystrický kraj";1;0;0;0;NA;85539;1;2020-06-25;55
2020-06-24;"Banskobystrický kraj";0;0;0;0;NA;85539;0;2020-06-24;54
2020-06-23;"Banskobystrický kraj";6;0;0;0;NA;85539;6;2020-06-23;54
2020-06-22;"Banskobystrický kraj";0;0;0;0;NA;85539;0;2020-06-22;48
2020-06-21;"Banskobystrický kraj";0;0;0;0;NA;85539;0;2020-06-21;48
2020-06-20;"Banskobystrický kraj";0;0;0;0;NA;85539;0;2020-06-20;48
2020-06-19;"Banskobystrický kraj";2;0;0;0;NA;85539;2;2020-06-19;48
2020-06-18;"Banskobystrický kraj";10;0;0;0;NA;85539;10;2020-06-18;46
2020-06-17;"Banskobystrický kraj";1;0;0;0;NA;85539;1;2020-06-17;36
2020-06-16;"Banskobystrický kraj";0;0;0;0;NA;85539;0;2020-06-16;35
2020-06-14;"Banskobystrický kraj";2;0;0;0;NA;85539;2;2020-06-14;35
2020-06-13;"Banskobystrický kraj";2;0;0;0;NA;85539;2;2020-06-13;33
2020-06-12;"Banskobystrický kraj";0;0;0;0;NA;85539;0;2020-06-12;31
2020-06-11;"Banskobystrický kraj";1;0;0;0;NA;85539;1;2020-06-11;31
2020-06-10;"Banskobystrický kraj";0;0;0;0;NA;85539;0;2020-06-10;30
2020-06-09;"Banskobystrický kraj";0;0;0;0;NA;85539;0;2020-06-09;30
2020-06-08;"Banskobystrický kraj";0;0;0;0;NA;85539;0;2020-06-08;30
2020-06-07;"Banskobystrický kraj";0;0;0;0;NA;85539;0;2020-06-07;30
2020-06-05;"Banskobystrický kraj";2;0;0;0;NA;85539;2;2020-06-05;30
2020-06-03;"Banskobystrický kraj";0;0;0;0;NA;85539;0;2020-06-03;28
2020-06-02;"Banskobystrický kraj";0;0;0;0;NA;85539;0;2020-06-02;28
2020-05-31;"Banskobystrický kraj";0;0;0;0;NA;85539;0;2020-05-31;28
2020-05-29;"Banskobystrický kraj";0;0;0;0;NA;85539;0;2020-05-29;28
2020-05-27;"Banskobystrický kraj";1;0;0;0;NA;85539;1;2020-05-27;28
2020-05-26;"Banskobystrický kraj";0;0;0;0;NA;85539;0;2020-05-26;27
2020-05-25;"Banskobystrický kraj";0;0;0;0;NA;85539;0;2020-05-25;27
2020-05-24;"Banskobystrický kraj";0;0;0;0;NA;85539;0;2020-05-24;27
2020-05-23;"Banskobystrický kraj";1;0;0;0;NA;85539;1;2020-05-23;27
2020-05-22;"Banskobystrický kraj";0;0;0;0;NA;85539;0;2020-05-22;26
2020-05-21;"Banskobystrický kraj";0;0;0;0;NA;85539;0;2020-05-21;26
2020-05-20;"Banskobystrický kraj";1;0;0;0;NA;85539;1;2020-05-20;26
2020-05-19;"Banskobystrický kraj";0;0;0;0;NA;85539;0;2020-05-19;25
2020-05-17;"Banskobystrický kraj";0;0;0;0;NA;85539;0;2020-05-17;25
2020-05-16;"Banskobystrický kraj";0;0;0;0;NA;85539;0;2020-05-16;25
2020-05-15;"Banskobystrický kraj";0;0;0;0;NA;85539;0;2020-05-15;25
2020-05-14;"Banskobystrický kraj";0;0;0;0;NA;85539;0;2020-05-14;25
2020-05-13;"Banskobystrický kraj";0;0;0;0;NA;85539;0;2020-05-13;25
2020-05-12;"Banskobystrický kraj";1;0;0;0;NA;85539;1;2020-05-12;25
2020-05-11;"Banskobystrický kraj";0;0;0;0;NA;85539;0;2020-05-11;24
2020-05-09;"Banskobystrický kraj";0;0;0;0;NA;85539;0;2020-05-09;24
2020-05-07;"Banskobystrický kraj";2;0;0;0;NA;85539;2;2020-05-07;24
2020-05-06;"Banskobystrický kraj";1;0;0;0;NA;85539;1;2020-05-06;22
2020-05-05;"Banskobystrický kraj";2;0;0;0;NA;85539;2;2020-05-05;21
2020-05-04;"Banskobystrický kraj";0;0;0;0;NA;85539;0;2020-05-04;19
2020-05-03;"Banskobystrický kraj";0;0;0;0;NA;85539;0;2020-05-03;19
2020-05-02;"Banskobystrický kraj";0;0;0;0;NA;85539;0;2020-05-02;19
2020-05-01;"Banskobystrický kraj";0;0;0;0;NA;85539;0;2020-05-01;19
2020-04-30;"Banskobystrický kraj";1;0;0;0;NA;85539;1;2020-04-30;19
2020-04-29;"Banskobystrický kraj";1;0;0;0;NA;85539;1;2020-04-29;18
2020-04-28;"Banskobystrický kraj";0;0;0;0;NA;85539;0;2020-04-28;17
2020-04-27;"Banskobystrický kraj";0;0;0;0;NA;85539;0;2020-04-27;17
2020-04-26;"Banskobystrický kraj";0;0;0;0;NA;85539;0;2020-04-26;17
2020-04-25;"Banskobystrický kraj";2;0;0;0;NA;85539;2;2020-04-25;17
2020-04-24;"Banskobystrický kraj";3;0;0;0;NA;85539;3;2020-04-24;15
2020-04-23;"Banskobystrický kraj";2;0;0;0;NA;85539;2;2020-04-23;12
2020-04-22;"Banskobystrický kraj";2;0;0;0;NA;85539;2;2020-04-22;10
2020-04-21;"Banskobystrický kraj";2;0;0;0;NA;85539;2;2020-04-21;8
2020-04-20;"Banskobystrický kraj";0;0;0;0;NA;85539;0;2020-04-20;6
2020-04-19;"Banskobystrický kraj";0;0;0;0;NA;85539;0;2020-04-19;6
2020-04-18;"Banskobystrický kraj";8;0;0;0;NA;85539;8;2020-04-18;6
2020-04-17;"Banskobystrický kraj";2;0;0;0;NA;85539;2;2020-04-17;-2
2020-04-16;"Banskobystrický kraj";0;0;0;0;NA;85539;0;2020-04-16;-4
2020-04-15;"Banskobystrický kraj";10;0;0;0;NA;85539;10;2020-04-15;-4
2020-04-14;"Banskobystrický kraj";0;0;0;0;NA;85539;0;2020-04-14;-14
2020-04-13;"Banskobystrický kraj";2;0;0;0;NA;85539;2;2020-04-13;-14
2020-04-12;"Banskobystrický kraj";4;0;0;0;NA;85539;4;2020-04-12;-16
2020-04-11;"Banskobystrický kraj";1;0;0;0;NA;85539;1;2020-04-11;-20
2020-04-10;"Banskobystrický kraj";0;0;0;0;NA;85539;0;2020-04-10;-21
2020-04-09;"Banskobystrický kraj";2;0;0;0;NA;85539;2;2020-04-09;-21
2020-04-08;"Banskobystrický kraj";0;0;0;0;NA;85539;0;2020-04-08;-23
2020-04-07;"Banskobystrický kraj";4;0;0;0;NA;85539;4;2020-04-07;-23
2020-04-06;"Banskobystrický kraj";10;0;0;0;NA;85539;10;2020-04-06;-27
2020-04-05;"Banskobystrický kraj";9;0;0;0;NA;85539;9;2020-04-05;-37
2020-04-04;"Banskobystrický kraj";0;0;0;0;NA;85539;0;2020-04-04;-46
2020-04-03;"Banskobystrický kraj";2;0;0;0;NA;85539;2;2020-04-03;-46
2020-04-02;"Banskobystrický kraj";2;0;0;0;NA;85539;2;2020-04-02;-48
2020-04-01;"Banskobystrický kraj";5;0;0;0;NA;85539;5;2020-04-01;-50
2020-03-31;"Banskobystrický kraj";3;0;0;0;NA;85539;3;2020-03-31;-55
2020-03-30;"Banskobystrický kraj";1;0;0;0;NA;85539;1;2020-03-30;-58
2020-03-29;"Banskobystrický kraj";2;0;0;0;NA;85539;2;2020-03-29;-59
2020-03-28;"Banskobystrický kraj";1;0;0;0;NA;85539;1;2020-03-28;-61
2020-03-27;"Banskobystrický kraj";1;0;0;0;NA;85539;1;2020-03-27;-62
2020-03-26;"Banskobystrický kraj";1;0;0;0;NA;85539;1;2020-03-26;-63
2020-03-25;"Banskobystrický kraj";0;0;0;0;NA;85539;0;2020-03-25;-64
2020-03-24;"Banskobystrický kraj";1;0;0;0;NA;85539;1;2020-03-24;-64
2020-03-23;"Banskobystrický kraj";1;0;0;0;NA;85539;1;2020-03-23;-65
2020-03-22;"Banskobystrický kraj";0;0;0;0;NA;85539;0;2020-03-22;-66
2020-03-21;"Banskobystrický kraj";3;0;0;0;NA;85539;3;2020-03-21;-66
2020-03-20;"Banskobystrický kraj";0;0;0;0;NA;85539;0;2020-03-20;-69
2020-03-19;"Banskobystrický kraj";2;0;0;0;NA;85539;2;2020-03-19;-69
2020-03-18;"Banskobystrický kraj";1;0;0;0;NA;85539;1;2020-03-18;-71
2020-03-17;"Banskobystrický kraj";1;0;0;0;NA;85539;1;2020-03-17;-72
2020-03-16;"Banskobystrický kraj";0;0;0;0;NA;85539;0;2020-03-16;-73
2020-03-15;"Banskobystrický kraj";1;0;0;0;NA;85539;1;2020-03-15;-73
2020-03-14;"Banskobystrický kraj";0;0;0;0;NA;85539;0;2020-03-14;-74
2020-03-13;"Banskobystrický kraj";1;0;0;0;NA;85539;1;2020-03-13;-74
2020-03-12;"Banskobystrický kraj";0;0;0;0;NA;85539;0;2020-03-12;-75
2020-03-11;"Banskobystrický kraj";0;0;0;0;NA;85539;0;2020-03-11;-75
2020-03-09;"Banskobystrický kraj";0;0;0;0;NA;85539;0;2020-03-09;-75
2020-03-08;"Banskobystrický kraj";0;0;0;0;NA;85539;0;2020-03-08;-75
2020-03-07;"Banskobystrický kraj";0;0;0;0;NA;85539;0;2020-03-07;-75
2020-03-06;"Banskobystrický kraj";0;0;0;0;NA;85539;0;2020-03-06;-75
2021-09-22;"Bratislavský kraj";84;2419;41;2460;46203;93099;125;2021-09-22;93099
2021-09-21;"Bratislavský kraj";95;3484;39;3523;NA;93099;134;2021-09-21;92974
2021-09-20;"Bratislavský kraj";84;3888;31;3919;NA;93099;115;2021-09-20;92840
2021-09-19;"Bratislavský kraj";31;1850;28;1878;NA;93099;59;2021-09-19;92725
2021-09-18;"Bratislavský kraj";60;1987;19;2006;NA;93099;79;2021-09-18;92666
2021-09-17;"Bratislavský kraj";87;3427;27;3454;NA;93099;114;2021-09-17;92587
2021-09-16;"Bratislavský kraj";57;3759;43;3802;NA;93099;100;2021-09-16;92473
2021-09-15;"Bratislavský kraj";41;1104;21;1125;NA;93099;62;2021-09-15;92373
2021-09-14;"Bratislavský kraj";78;3503;31;3534;NA;93099;109;2021-09-14;92311
2021-09-13;"Bratislavský kraj";47;3102;28;3130;NA;93099;75;2021-09-13;92202
2021-09-12;"Bratislavský kraj";13;1713;21;1734;NA;93099;34;2021-09-12;92127
2021-09-11;"Bratislavský kraj";36;2063;13;2076;NA;93099;49;2021-09-11;92093
2021-09-10;"Bratislavský kraj";47;3596;18;3614;NA;93099;65;2021-09-10;92044
2021-09-09;"Bratislavský kraj";50;2995;30;3025;NA;93099;80;2021-09-09;91979
2021-09-08;"Bratislavský kraj";56;2925;20;2945;NA;93099;76;2021-09-08;91899
2021-09-07;"Bratislavský kraj";50;3257;18;3275;NA;93099;68;2021-09-07;91823
2021-09-06;"Bratislavský kraj";63;2791;29;2820;NA;93099;92;2021-09-06;91755
2021-09-05;"Bratislavský kraj";10;1682;14;1696;NA;93099;24;2021-09-05;91663
2021-09-04;"Bratislavský kraj";41;2612;11;2623;NA;93099;52;2021-09-04;91639
2021-09-03;"Bratislavský kraj";55;3007;14;3021;NA;93099;69;2021-09-03;91587
2021-09-02;"Bratislavský kraj";35;2423;23;2446;NA;93099;58;2021-09-02;91518
2021-09-01;"Bratislavský kraj";16;929;9;938;NA;93099;25;2021-09-01;91460
2021-08-31;"Bratislavský kraj";28;5197;22;5219;NA;93099;50;2021-08-31;91435
2021-08-30;"Bratislavský kraj";24;2336;13;2349;NA;93099;37;2021-08-30;91385
2021-08-29;"Bratislavský kraj";11;1023;6;1029;NA;93099;17;2021-08-29;91348
2021-08-28;"Bratislavský kraj";24;1707;11;1718;NA;93099;35;2021-08-28;91331
2021-08-27;"Bratislavský kraj";19;2800;9;2809;NA;93099;28;2021-08-27;91296
2021-08-26;"Bratislavský kraj";15;2382;19;2401;NA;93099;34;2021-08-26;91268
2021-08-25;"Bratislavský kraj";29;1888;10;1898;NA;93099;39;2021-08-25;91234
2021-08-24;"Bratislavský kraj";22;1785;4;1789;NA;93099;26;2021-08-24;91195
2021-08-23;"Bratislavský kraj";21;2183;7;2190;NA;93099;28;2021-08-23;91169
2021-08-22;"Bratislavský kraj";5;1383;8;1391;NA;93099;13;2021-08-22;91141
2021-08-21;"Bratislavský kraj";18;1681;4;1685;NA;93099;22;2021-08-21;91128
2021-08-20;"Bratislavský kraj";27;2743;19;2762;NA;93099;46;2021-08-20;91106
2021-08-19;"Bratislavský kraj";15;2122;9;2131;NA;93099;24;2021-08-19;91060
2021-08-18;"Bratislavský kraj";16;1659;11;1670;NA;93099;27;2021-08-18;91036
2021-08-17;"Bratislavský kraj";18;1600;5;1605;NA;93099;23;2021-08-17;91009
2021-08-16;"Bratislavský kraj";18;2468;12;2480;NA;93099;30;2021-08-16;90986
2021-08-15;"Bratislavský kraj";3;1169;6;1175;NA;93099;9;2021-08-15;90956
2021-08-14;"Bratislavský kraj";11;1519;4;1523;NA;93099;15;2021-08-14;90947
2021-08-13;"Bratislavský kraj";32;2628;7;2635;NA;93099;39;2021-08-13;90932
2021-08-12;"Bratislavský kraj";16;1824;9;1833;NA;93099;25;2021-08-12;90893
2021-08-11;"Bratislavský kraj";22;1621;5;1626;NA;93099;27;2021-08-11;90868
2021-08-10;"Bratislavský kraj";15;1624;7;1631;NA;93099;22;2021-08-10;90841
2021-08-09;"Bratislavský kraj";35;1917;9;1926;NA;93099;44;2021-08-09;90819
2021-08-08;"Bratislavský kraj";3;1152;4;1156;NA;93099;7;2021-08-08;90775
2021-08-07;"Bratislavský kraj";6;1572;9;1581;NA;93099;15;2021-08-07;90768
2021-08-06;"Bratislavský kraj";9;2510;10;2520;NA;93099;19;2021-08-06;90753
2021-08-05;"Bratislavský kraj";10;1651;7;1658;NA;93099;17;2021-08-05;90734
2021-08-04;"Bratislavský kraj";9;1578;0;1578;NA;93099;9;2021-08-04;90717
2021-08-03;"Bratislavský kraj";11;1507;5;1512;NA;93099;16;2021-08-03;90708
2021-08-02;"Bratislavský kraj";15;1749;11;1760;NA;93099;26;2021-08-02;90692
2021-08-01;"Bratislavský kraj";4;1224;8;1232;NA;93099;12;2021-08-01;90666
2021-07-31;"Bratislavský kraj";7;1623;2;1625;NA;93099;9;2021-07-31;90654
2021-07-30;"Bratislavský kraj";15;2361;7;2368;NA;93099;22;2021-07-30;90645
2021-07-29;"Bratislavský kraj";19;1790;7;1797;NA;93099;26;2021-07-29;90623
2021-07-28;"Bratislavský kraj";8;1538;11;1549;NA;93099;19;2021-07-28;90597
2021-07-27;"Bratislavský kraj";9;1476;5;1481;NA;93099;14;2021-07-27;90578
2021-07-26;"Bratislavský kraj";17;1806;7;1813;NA;93099;24;2021-07-26;90564
2021-07-25;"Bratislavský kraj";4;1411;2;1413;NA;93099;6;2021-07-25;90540
2021-07-24;"Bratislavský kraj";9;1732;3;1735;NA;93099;12;2021-07-24;90534
2021-07-23;"Bratislavský kraj";6;2400;3;2403;NA;93099;9;2021-07-23;90522
2021-07-22;"Bratislavský kraj";12;1944;6;1950;NA;93099;18;2021-07-22;90513
2021-07-21;"Bratislavský kraj";5;1860;6;1866;NA;93099;11;2021-07-21;90495
2021-07-20;"Bratislavský kraj";19;1550;1;1551;NA;93099;20;2021-07-20;90484
2021-07-19;"Bratislavský kraj";15;2259;3;2262;NA;93099;18;2021-07-19;90464
2021-07-18;"Bratislavský kraj";2;1462;3;1465;NA;93099;5;2021-07-18;90446
2021-07-17;"Bratislavský kraj";3;1870;2;1872;NA;93099;5;2021-07-17;90441
2021-07-16;"Bratislavský kraj";8;2834;4;2838;NA;93099;12;2021-07-16;90436
2021-07-15;"Bratislavský kraj";5;1674;0;1674;NA;93099;5;2021-07-15;90424
2021-07-14;"Bratislavský kraj";5;1895;3;1898;NA;93099;8;2021-07-14;90419
2021-07-13;"Bratislavský kraj";4;1584;4;1588;NA;93099;8;2021-07-13;90411
2021-07-12;"Bratislavský kraj";6;1780;5;1785;NA;93099;11;2021-07-12;90403
2021-07-11;"Bratislavský kraj";3;1896;3;1899;NA;93099;6;2021-07-11;90392
2021-07-10;"Bratislavský kraj";5;2240;3;2243;NA;93099;8;2021-07-10;90386
2021-07-09;"Bratislavský kraj";13;3538;7;3545;NA;93099;20;2021-07-09;90378
2021-07-08;"Bratislavský kraj";9;2433;4;2437;NA;93099;13;2021-07-08;90358
2021-07-07;"Bratislavský kraj";5;2792;4;2796;NA;93099;9;2021-07-07;90345
2021-07-06;"Bratislavský kraj";19;2771;4;2775;NA;93099;23;2021-07-06;90336
2021-07-05;"Bratislavský kraj";5;2455;5;2460;NA;93099;10;2021-07-05;90313
2021-07-04;"Bratislavský kraj";3;1824;2;1826;NA;93099;5;2021-07-04;90303
2021-07-03;"Bratislavský kraj";8;2205;5;2210;NA;93099;13;2021-07-03;90298
2021-07-02;"Bratislavský kraj";4;2227;4;2231;NA;93099;8;2021-07-02;90285
2021-07-01;"Bratislavský kraj";6;1809;5;1814;NA;93099;11;2021-07-01;90277
2021-06-30;"Bratislavský kraj";2;11548;11;11559;NA;93099;13;2021-06-30;90266
2021-06-29;"Bratislavský kraj";5;6831;7;6838;NA;93099;12;2021-06-29;90253
2021-06-28;"Bratislavský kraj";16;6651;24;6675;NA;93099;40;2021-06-28;90241
2021-06-27;"Bratislavský kraj";4;6689;11;6700;NA;93099;15;2021-06-27;90201
2021-06-26;"Bratislavský kraj";3;8741;6;8747;NA;93099;9;2021-06-26;90186
2021-06-25;"Bratislavský kraj";7;10284;15;10299;NA;93099;22;2021-06-25;90177
2021-06-24;"Bratislavský kraj";3;7384;16;7400;NA;93099;19;2021-06-24;90155
2021-06-23;"Bratislavský kraj";4;7346;12;7358;NA;93099;16;2021-06-23;90136
2021-06-22;"Bratislavský kraj";6;7244;10;7254;NA;93099;16;2021-06-22;90120
2021-06-21;"Bratislavský kraj";5;7641;9;7650;NA;93099;14;2021-06-21;90104
2021-06-20;"Bratislavský kraj";0;7369;5;7374;NA;93099;5;2021-06-20;90090
2021-06-19;"Bratislavský kraj";3;9226;4;9230;NA;93099;7;2021-06-19;90085
2021-06-18;"Bratislavský kraj";5;12763;9;12772;NA;93099;14;2021-06-18;90078
2021-06-17;"Bratislavský kraj";3;8625;13;8638;NA;93099;16;2021-06-17;90064
2021-06-16;"Bratislavský kraj";3;7105;4;7109;NA;93099;7;2021-06-16;90048
2021-06-15;"Bratislavský kraj";7;7309;17;7326;NA;93099;24;2021-06-15;90041
2021-06-14;"Bratislavský kraj";4;8231;9;8240;NA;93099;13;2021-06-14;90017
2021-06-13;"Bratislavský kraj";2;8791;11;8802;NA;93099;13;2021-06-13;90004
2021-06-12;"Bratislavský kraj";4;11152;11;11163;NA;93099;15;2021-06-12;89991
2021-06-11;"Bratislavský kraj";9;13644;21;13665;NA;93099;30;2021-06-11;89976
2021-06-10;"Bratislavský kraj";12;8637;15;8652;NA;93099;27;2021-06-10;89946
2021-06-09;"Bratislavský kraj";12;7596;12;7608;NA;93099;24;2021-06-09;89919
2021-06-08;"Bratislavský kraj";13;7907;29;7936;NA;93099;42;2021-06-08;89895
2021-06-07;"Bratislavský kraj";13;9247;43;9290;NA;93099;56;2021-06-07;89853
2021-06-06;"Bratislavský kraj";3;10350;20;10370;NA;93099;23;2021-06-06;89797
2021-06-05;"Bratislavský kraj";2;12692;15;12707;NA;93099;17;2021-06-05;89774
2021-06-04;"Bratislavský kraj";10;13812;31;13843;NA;93099;41;2021-06-04;89757
2021-06-03;"Bratislavský kraj";12;9615;19;9634;NA;93099;31;2021-06-03;89716
2021-06-02;"Bratislavský kraj";10;8684;17;8701;NA;93099;27;2021-06-02;89685
2021-06-01;"Bratislavský kraj";3;8812;25;8837;NA;93099;28;2021-06-01;89658
2021-05-31;"Bratislavský kraj";18;11248;32;11280;NA;93099;50;2021-05-31;89630
2021-05-30;"Bratislavský kraj";1;11758;17;11775;NA;93099;18;2021-05-30;89580
2021-05-29;"Bratislavský kraj";4;12245;8;12253;NA;93099;12;2021-05-29;89562
2021-05-28;"Bratislavský kraj";14;15865;23;15888;NA;93099;37;2021-05-28;89550
2021-05-27;"Bratislavský kraj";5;11321;18;11339;NA;93099;23;2021-05-27;89513
2021-05-26;"Bratislavský kraj";20;10709;17;10726;NA;93099;37;2021-05-26;89490
2021-05-25;"Bratislavský kraj";19;11864;31;11895;NA;93099;50;2021-05-25;89453
2021-05-24;"Bratislavský kraj";12;12965;23;12988;NA;93099;35;2021-05-24;89403
2021-05-23;"Bratislavský kraj";7;13074;24;13098;NA;93099;31;2021-05-23;89368
2021-05-22;"Bratislavský kraj";6;14044;22;14066;NA;93099;28;2021-05-22;89337
2021-05-21;"Bratislavský kraj";15;18996;22;19018;NA;93099;37;2021-05-21;89309
2021-05-20;"Bratislavský kraj";15;14112;17;14129;NA;93099;32;2021-05-20;89272
2021-05-19;"Bratislavský kraj";21;11958;24;11982;NA;93099;45;2021-05-19;89240
2021-05-18;"Bratislavský kraj";14;13005;33;13038;NA;93099;47;2021-05-18;89195
2021-05-17;"Bratislavský kraj";15;13854;29;13883;NA;93099;44;2021-05-17;89148
2021-05-16;"Bratislavský kraj";12;19797;32;19829;NA;93099;44;2021-05-16;89104
2021-05-15;"Bratislavský kraj";1;18113;30;18143;NA;93099;31;2021-05-15;89060
2021-05-14;"Bratislavský kraj";15;22225;30;22255;NA;93099;45;2021-05-14;89029
2021-05-13;"Bratislavský kraj";9;16211;17;16228;NA;93099;26;2021-05-13;88984
2021-05-12;"Bratislavský kraj";11;14638;28;14666;NA;93099;39;2021-05-12;88958
2021-05-11;"Bratislavský kraj";29;16741;32;16773;NA;93099;61;2021-05-11;88919
2021-05-10;"Bratislavský kraj";27;19991;64;20055;NA;93099;91;2021-05-10;88858
2021-05-09;"Bratislavský kraj";9;29358;32;29390;NA;93099;41;2021-05-09;88767
2021-05-08;"Bratislavský kraj";5;19451;24;19475;NA;93099;29;2021-05-08;88726
2021-05-07;"Bratislavský kraj";32;28211;65;28276;NA;93099;97;2021-05-07;88697
2021-05-06;"Bratislavský kraj";19;20079;52;20131;NA;93099;71;2021-05-06;88600
2021-05-05;"Bratislavský kraj";29;15526;31;15557;NA;93099;60;2021-05-05;88529
2021-05-04;"Bratislavský kraj";46;19143;53;19196;NA;93099;99;2021-05-04;88469
2021-05-03;"Bratislavský kraj";37;22322;64;22386;NA;93099;101;2021-05-03;88370
2021-05-02;"Bratislavský kraj";38;43064;75;43139;NA;93099;113;2021-05-02;88269
2021-05-01;"Bratislavský kraj";11;39905;40;39945;NA;93099;51;2021-05-01;88156
2021-04-30;"Bratislavský kraj";43;47403;82;47485;NA;93099;125;2021-04-30;88105
2021-04-29;"Bratislavský kraj";48;30257;96;30353;NA;93099;144;2021-04-29;87980
2021-04-28;"Bratislavský kraj";40;28905;78;28983;NA;93099;118;2021-04-28;87836
2021-04-27;"Bratislavský kraj";41;30168;52;30220;NA;93099;93;2021-04-27;87718
2021-04-26;"Bratislavský kraj";59;34733;97;34830;NA;93099;156;2021-04-26;87625
2021-04-25;"Bratislavský kraj";8;57615;74;57689;NA;93099;82;2021-04-25;87469
2021-04-24;"Bratislavský kraj";28;74858;66;74924;NA;93099;94;2021-04-24;87387
2021-04-23;"Bratislavský kraj";70;48614;62;48676;NA;93099;132;2021-04-23;87293
2021-04-22;"Bratislavský kraj";39;31037;72;31109;NA;93099;111;2021-04-22;87161
2021-04-21;"Bratislavský kraj";48;30442;62;30504;NA;93099;110;2021-04-21;87050
2021-04-20;"Bratislavský kraj";58;35216;63;35279;NA;93099;121;2021-04-20;86940
2021-04-19;"Bratislavský kraj";48;39500;80;39580;NA;93099;128;2021-04-19;86819
2021-04-18;"Bratislavský kraj";35;62300;76;62376;NA;93099;111;2021-04-18;86691
2021-04-17;"Bratislavský kraj";13;80359;111;80470;NA;93099;124;2021-04-17;86580
2021-04-16;"Bratislavský kraj";62;47296;80;47376;NA;93099;142;2021-04-16;86456
2021-04-15;"Bratislavský kraj";34;32176;74;32250;NA;93099;108;2021-04-15;86314
2021-04-14;"Bratislavský kraj";65;33961;88;34049;NA;93099;153;2021-04-14;86206
2021-04-13;"Bratislavský kraj";82;35512;82;35594;NA;93099;164;2021-04-13;86053
2021-04-12;"Bratislavský kraj";77;42286;115;42401;NA;93099;192;2021-04-12;85889
2021-04-11;"Bratislavský kraj";42;61151;123;61274;NA;93099;165;2021-04-11;85697
2021-04-10;"Bratislavský kraj";14;77874;167;78041;NA;93099;181;2021-04-10;85532
2021-04-09;"Bratislavský kraj";72;41556;97;41653;NA;93099;169;2021-04-09;85351
2021-04-08;"Bratislavský kraj";71;28866;95;28961;NA;93099;166;2021-04-08;85182
2021-04-07;"Bratislavský kraj";96;38061;101;38162;NA;93099;197;2021-04-07;85016
2021-04-06;"Bratislavský kraj";94;56204;179;56383;NA;93099;273;2021-04-06;84819
2021-04-05;"Bratislavský kraj";85;18538;85;18623;NA;93099;170;2021-04-05;84546
2021-04-04;"Bratislavský kraj";37;29225;75;29300;NA;93099;112;2021-04-04;84376
2021-04-03;"Bratislavský kraj";52;79865;220;80085;NA;93099;272;2021-04-03;84264
2021-04-02;"Bratislavský kraj";33;23790;104;23894;NA;93099;137;2021-04-02;83992
2021-04-01;"Bratislavský kraj";119;57388;159;57547;NA;93099;278;2021-04-01;83855
2021-03-31;"Bratislavský kraj";105;46371;177;46548;NA;93099;282;2021-03-31;83577
2021-03-30;"Bratislavský kraj";100;39599;144;39743;NA;93099;244;2021-03-30;83295
2021-03-29;"Bratislavský kraj";153;40364;178;40542;NA;93099;331;2021-03-29;83051
2021-03-28;"Bratislavský kraj";59;53372;137;53509;NA;93099;196;2021-03-28;82720
2021-03-27;"Bratislavský kraj";53;79834;240;80074;NA;93099;293;2021-03-27;82524
2021-03-26;"Bratislavský kraj";114;56108;191;56299;NA;93099;305;2021-03-26;82231
2021-03-25;"Bratislavský kraj";76;36859;172;37031;NA;93099;248;2021-03-25;81926
2021-03-24;"Bratislavský kraj";120;30567;201;30768;NA;93099;321;2021-03-24;81678
2021-03-23;"Bratislavský kraj";138;36438;190;36628;NA;93099;328;2021-03-23;81357
2021-03-22;"Bratislavský kraj";110;42756;220;42976;NA;93099;330;2021-03-22;81029
2021-03-21;"Bratislavský kraj";54;61299;212;61511;NA;93099;266;2021-03-21;80699
2021-03-20;"Bratislavský kraj";59;73300;228;73528;NA;93099;287;2021-03-20;80433
2021-03-19;"Bratislavský kraj";139;54576;257;54833;NA;93099;396;2021-03-19;80146
2021-03-18;"Bratislavský kraj";142;34611;192;34803;NA;93099;334;2021-03-18;79750
2021-03-17;"Bratislavský kraj";177;30482;217;30699;NA;93099;394;2021-03-17;79416
2021-03-16;"Bratislavský kraj";258;36798;287;37085;NA;93099;545;2021-03-16;79022
2021-03-15;"Bratislavský kraj";180;38226;255;38481;NA;93099;435;2021-03-15;78477
2021-03-14;"Bratislavský kraj";75;52611;275;52886;NA;93099;350;2021-03-14;78042
2021-03-13;"Bratislavský kraj";110;81405;341;81746;NA;93099;451;2021-03-13;77692
2021-03-12;"Bratislavský kraj";152;55233;312;55545;NA;93099;464;2021-03-12;77241
2021-03-11;"Bratislavský kraj";178;34678;286;34964;NA;93099;464;2021-03-11;76777
2021-03-10;"Bratislavský kraj";164;31061;280;31341;NA;93099;444;2021-03-10;76313
2021-03-09;"Bratislavský kraj";242;37687;267;37954;NA;93099;509;2021-03-09;75869
2021-03-08;"Bratislavský kraj";255;41199;348;41547;NA;93099;603;2021-03-08;75360
2021-03-07;"Bratislavský kraj";142;52812;301;53113;NA;93099;443;2021-03-07;74757
2021-03-06;"Bratislavský kraj";79;71821;415;72236;NA;93099;494;2021-03-06;74314
2021-03-05;"Bratislavský kraj";238;50840;294;51134;NA;93099;532;2021-03-05;73820
2021-03-04;"Bratislavský kraj";204;34544;344;34888;NA;93099;548;2021-03-04;73288
2021-03-03;"Bratislavský kraj";250;30527;364;30891;NA;93099;614;2021-03-03;72740
2021-03-02;"Bratislavský kraj";267;39735;388;40123;NA;93099;655;2021-03-02;72126
2021-03-01;"Bratislavský kraj";320;38222;432;38654;NA;93099;752;2021-03-01;71471
2021-02-28;"Bratislavský kraj";184;50323;323;50646;NA;93099;507;2021-02-28;70719
2021-02-27;"Bratislavský kraj";151;76580;464;77044;NA;93099;615;2021-02-27;70212
2021-02-26;"Bratislavský kraj";277;47326;401;47727;NA;93099;678;2021-02-26;69597
2021-02-25;"Bratislavský kraj";277;28769;405;29174;NA;93099;682;2021-02-25;68919
2021-02-24;"Bratislavský kraj";217;27095;412;27507;NA;93099;629;2021-02-24;68237
2021-02-23;"Bratislavský kraj";257;31297;395;31692;NA;93099;652;2021-02-23;67608
2021-02-22;"Bratislavský kraj";353;36607;483;37090;NA;93099;836;2021-02-22;66956
2021-02-21;"Bratislavský kraj";185;54150;396;54546;NA;93099;581;2021-02-21;66120
2021-02-20;"Bratislavský kraj";167;74814;550;75364;NA;93099;717;2021-02-20;65539
2021-02-19;"Bratislavský kraj";280;44882;416;45298;NA;93099;696;2021-02-19;64822
2021-02-18;"Bratislavský kraj";263;26379;371;26750;NA;93099;634;2021-02-18;64126
2021-02-17;"Bratislavský kraj";264;22820;316;23136;NA;93099;580;2021-02-17;63492
2021-02-16;"Bratislavský kraj";289;28262;352;28614;NA;93099;641;2021-02-16;62912
2021-02-15;"Bratislavský kraj";248;36893;396;37289;NA;93099;644;2021-02-15;62271
2021-02-14;"Bratislavský kraj";153;47948;323;48271;NA;93099;476;2021-02-14;61627
2021-02-13;"Bratislavský kraj";173;68589;515;69104;NA;93099;688;2021-02-13;61151
2021-02-12;"Bratislavský kraj";282;35729;327;36056;NA;93099;609;2021-02-12;60463
2021-02-11;"Bratislavský kraj";337;24565;285;24850;NA;93099;622;2021-02-11;59854
2021-02-10;"Bratislavský kraj";314;22944;356;23300;NA;93099;670;2021-02-10;59232
2021-02-09;"Bratislavský kraj";288;36565;454;37019;NA;93099;742;2021-02-09;58562
2021-02-08;"Bratislavský kraj";484;31896;397;32293;NA;93099;881;2021-02-08;57820
2021-02-07;"Bratislavský kraj";243;51290;425;51715;NA;93099;668;2021-02-07;56939
2021-02-06;"Bratislavský kraj";116;61682;501;62183;NA;93099;617;2021-02-06;56271
2021-02-05;"Bratislavský kraj";327;27033;375;27408;NA;93099;702;2021-02-05;55654
2021-02-04;"Bratislavský kraj";555;17260;348;17608;NA;93099;903;2021-02-04;54952
2021-02-03;"Bratislavský kraj";161;13020;352;13372;NA;93099;513;2021-02-03;54049
2021-02-02;"Bratislavský kraj";397;25947;480;26427;NA;93099;877;2021-02-02;53536
2021-02-01;"Bratislavský kraj";221;35541;513;36054;NA;93099;734;2021-02-01;52659
2021-01-31;"Bratislavský kraj";180;35693;425;36118;NA;93099;605;2021-01-31;51925
2021-01-30;"Bratislavský kraj";310;49588;521;50109;NA;93099;831;2021-01-30;51320
2021-01-29;"Bratislavský kraj";344;16568;344;16912;NA;93099;688;2021-01-29;50489
2021-01-28;"Bratislavský kraj";307;10715;297;11012;NA;93099;604;2021-01-28;49801
2021-01-27;"Bratislavský kraj";336;22222;345;22567;NA;93099;681;2021-01-27;49197
2021-01-26;"Bratislavský kraj";297;21894;300;22194;NA;93099;597;2021-01-26;48516
2021-01-25;"Bratislavský kraj";356;23335;249;23584;NA;93099;605;2021-01-25;47919
2021-01-24;"Bratislavský kraj";175;37903;404;38307;NA;93099;579;2021-01-24;47314
2021-01-23;"Bratislavský kraj";396;79453;690;80143;NA;93099;1086;2021-01-23;46735
2021-01-22;"Bratislavský kraj";199;42055;365;42420;NA;93099;564;2021-01-22;45649
2021-01-21;"Bratislavský kraj";255;105746;1317;107063;NA;93099;1572;2021-01-21;45085
2021-01-20;"Bratislavský kraj";360;27289;452;27741;NA;93099;812;2021-01-20;43513
2021-01-19;"Bratislavský kraj";375;15318;346;15664;NA;93099;721;2021-01-19;42701
2021-01-18;"Bratislavský kraj";357;12533;707;13240;NA;93099;1064;2021-01-18;41980
2021-01-17;"Bratislavský kraj";244;482;26;508;NA;93099;270;2021-01-17;40916
2021-01-16;"Bratislavský kraj";70;3016;156;3172;NA;93099;226;2021-01-16;40646
2021-01-15;"Bratislavský kraj";251;7896;256;8152;NA;93099;507;2021-01-15;40420
2021-01-14;"Bratislavský kraj";363;8523;273;8796;NA;93099;636;2021-01-14;39913
2021-01-13;"Bratislavský kraj";336;8490;327;8817;NA;93099;663;2021-01-13;39277
2021-01-12;"Bratislavský kraj";450;10509;455;10964;NA;93099;905;2021-01-12;38614
2021-01-11;"Bratislavský kraj";397;19863;364;20227;NA;93099;761;2021-01-11;37709
2021-01-10;"Bratislavský kraj";252;1507;79;1586;NA;93099;331;2021-01-10;36948
2021-01-09;"Bratislavský kraj";351;4721;277;4998;NA;93099;628;2021-01-09;36617
2021-01-08;"Bratislavský kraj";556;10045;436;10481;NA;93099;992;2021-01-08;35989
2021-01-07;"Bratislavský kraj";537;6872;352;7224;NA;93099;889;2021-01-07;34997
2021-01-06;"Bratislavský kraj";271;3329;216;3545;NA;93099;487;2021-01-06;34108
2021-01-05;"Bratislavský kraj";619;10635;814;11449;NA;93099;1433;2021-01-05;33621
2021-01-04;"Bratislavský kraj";601;8226;538;8764;NA;93099;1139;2021-01-04;32188
2021-01-03;"Bratislavský kraj";77;433;41;474;NA;93099;118;2021-01-03;31049
2021-01-02;"Bratislavský kraj";185;462;57;519;NA;93099;242;2021-01-02;30931
2021-01-01;"Bratislavský kraj";235;3277;131;3408;NA;93099;366;2021-01-01;30689
2020-12-31;"Bratislavský kraj";925;14135;519;14654;NA;93099;1444;2020-12-31;30323
2020-12-30;"Bratislavský kraj";650;9164;533;9697;NA;93099;1183;2020-12-30;28879
2020-12-29;"Bratislavský kraj";303;10108;699;10807;NA;93099;1002;2020-12-29;27696
2020-12-28;"Bratislavský kraj";255;7784;473;8257;NA;93099;728;2020-12-28;26694
2020-12-27;"Bratislavský kraj";160;709;76;785;NA;93099;236;2020-12-27;25966
2020-12-26;"Bratislavský kraj";75;480;27;507;NA;93099;102;2020-12-26;25730
2020-12-25;"Bratislavský kraj";114;503;38;541;NA;93099;152;2020-12-25;25628
2020-12-24;"Bratislavský kraj";536;3367;104;3471;NA;93099;640;2020-12-24;25476
2020-12-23;"Bratislavský kraj";416;12590;447;13037;NA;93099;863;2020-12-23;24836
2020-12-22;"Bratislavský kraj";327;14587;699;15286;NA;93099;1026;2020-12-22;23973
2020-12-21;"Bratislavský kraj";392;14972;1946;16918;NA;93099;2338;2020-12-21;22947
2020-12-20;"Bratislavský kraj";180;797;57;854;NA;93099;237;2020-12-20;20609
2020-12-19;"Bratislavský kraj";396;3314;130;3444;NA;93099;526;2020-12-19;20372
2020-12-18;"Bratislavský kraj";306;9938;345;10283;NA;93099;651;2020-12-18;19846
2020-12-17;"Bratislavský kraj";502;9739;386;10125;NA;93099;888;2020-12-17;19195
2020-12-16;"Bratislavský kraj";282;10201;418;10619;NA;93099;700;2020-12-16;18307
2020-12-15;"Bratislavský kraj";423;10450;454;10904;NA;93099;877;2020-12-15;17607
2020-12-14;"Bratislavský kraj";279;6793;261;7054;NA;93099;540;2020-12-14;16730
2020-12-13;"Bratislavský kraj";125;139;10;149;NA;93099;135;2020-12-13;16190
2020-12-12;"Bratislavský kraj";361;3886;157;4043;NA;93099;518;2020-12-12;16055
2020-12-11;"Bratislavský kraj";326;6824;235;7059;NA;93099;561;2020-12-11;15537
2020-12-10;"Bratislavský kraj";286;5279;166;5445;NA;93099;452;2020-12-10;14976
2020-12-09;"Bratislavský kraj";382;4778;177;4955;NA;93099;559;2020-12-09;14524
2020-12-08;"Bratislavský kraj";234;6243;207;6450;NA;93099;441;2020-12-08;13965
2020-12-07;"Bratislavský kraj";272;4639;152;4791;NA;93099;424;2020-12-07;13524
2020-12-06;"Bratislavský kraj";61;1625;52;1677;NA;93099;113;2020-12-06;13100
2020-12-05;"Bratislavský kraj";266;2221;41;2262;NA;93099;307;2020-12-05;12987
2020-12-04;"Bratislavský kraj";200;4954;99;5053;NA;93099;299;2020-12-04;12680
2020-12-03;"Bratislavský kraj";213;5672;95;5767;NA;93099;308;2020-12-03;12381
2020-12-02;"Bratislavský kraj";205;3462;103;3565;NA;93099;308;2020-12-02;12073
2020-12-01;"Bratislavský kraj";255;3889;172;4061;NA;93099;427;2020-12-01;11765
2020-11-30;"Bratislavský kraj";152;2153;121;2274;NA;93099;273;2020-11-30;11338
2020-11-29;"Bratislavský kraj";52;201;24;225;NA;93099;76;2020-11-29;11065
2020-11-28;"Bratislavský kraj";232;2624;33;2657;NA;93099;265;2020-11-28;10989
2020-11-27;"Bratislavský kraj";54;2540;64;2604;NA;93099;118;2020-11-27;10724
2020-11-26;"Bratislavský kraj";129;1976;60;2036;NA;93099;189;2020-11-26;10606
2020-11-25;"Bratislavský kraj";140;1770;47;1817;NA;93099;187;2020-11-25;10417
2020-11-24;"Bratislavský kraj";81;2988;67;3055;NA;93099;148;2020-11-24;10230
2020-11-23;"Bratislavský kraj";67;7083;58;7141;NA;93099;125;2020-11-23;10082
2020-11-22;"Bratislavský kraj";36;81;7;88;NA;93099;43;2020-11-22;9957
2020-11-21;"Bratislavský kraj";109;2126;47;2173;NA;93099;156;2020-11-21;9914
2020-11-20;"Bratislavský kraj";118;2876;48;2924;NA;93099;166;2020-11-20;9758
2020-11-19;"Bratislavský kraj";173;987;29;1016;NA;93099;202;2020-11-19;9592
2020-11-18;"Bratislavský kraj";118;616;75;691;NA;93099;193;2020-11-18;9390
2020-11-17;"Bratislavský kraj";108;928;23;951;NA;93099;131;2020-11-17;9197
2020-11-16;"Bratislavský kraj";82;651;9;660;NA;93099;91;2020-11-16;9066
2020-11-15;"Bratislavský kraj";47;236;0;236;NA;93099;47;2020-11-15;8975
2020-11-14;"Bratislavský kraj";53;1834;15;1849;NA;93099;68;2020-11-14;8928
2020-11-13;"Bratislavský kraj";94;2096;21;2117;NA;93099;115;2020-11-13;8860
2020-11-12;"Bratislavský kraj";141;1727;6;1733;NA;93099;147;2020-11-12;8745
2020-11-11;"Bratislavský kraj";159;1429;12;1441;NA;93099;171;2020-11-11;8598
2020-11-10;"Bratislavský kraj";136;805;14;819;NA;93099;150;2020-11-10;8427
2020-11-09;"Bratislavský kraj";70;616;8;624;NA;93099;78;2020-11-09;8277
2020-11-08;"Bratislavský kraj";82;869;6;875;NA;93099;88;2020-11-08;8199
2020-11-07;"Bratislavský kraj";88;4039;17;4056;NA;93099;105;2020-11-07;8111
2020-11-06;"Bratislavský kraj";281;6441;25;6466;NA;93099;306;2020-11-06;8006
2020-11-05;"Bratislavský kraj";175;476;11;487;NA;93099;186;2020-11-05;7700
2020-11-04;"Bratislavský kraj";65;411;10;421;NA;93099;75;2020-11-04;7514
2020-11-03;"Bratislavský kraj";251;1085;12;1097;NA;93099;263;2020-11-03;7439
2020-11-02;"Bratislavský kraj";202;3365;22;3387;NA;93099;224;2020-11-02;7176
2020-11-01;"Bratislavský kraj";227;8694;39;8733;NA;93099;266;2020-11-01;6952
2020-10-31;"Bratislavský kraj";173;22407;123;22530;NA;93099;296;2020-10-31;6686
2020-10-30;"Bratislavský kraj";158;17350;138;17488;NA;93099;296;2020-10-30;6390
2020-10-29;"Bratislavský kraj";262;116;4;120;NA;93099;266;2020-10-29;6094
2020-10-28;"Bratislavský kraj";220;260;15;275;NA;93099;235;2020-10-28;5828
2020-10-27;"Bratislavský kraj";256;145;4;149;NA;93099;260;2020-10-27;5593
2020-10-26;"Bratislavský kraj";123;229;11;240;NA;93099;134;2020-10-26;5333
2020-10-25;"Bratislavský kraj";152;33;2;35;NA;93099;154;2020-10-25;5199
2020-10-24;"Bratislavský kraj";170;221;6;227;NA;93099;176;2020-10-24;5045
2020-10-23;"Bratislavský kraj";151;144;8;152;NA;93099;159;2020-10-23;4869
2020-10-22;"Bratislavský kraj";192;204;15;219;NA;93099;207;2020-10-22;4710
2020-10-21;"Bratislavský kraj";66;90;6;96;NA;93099;72;2020-10-21;4503
2020-10-20;"Bratislavský kraj";183;97;4;101;NA;93099;187;2020-10-20;4431
2020-10-19;"Bratislavský kraj";148;80;3;83;NA;93099;151;2020-10-19;4244
2020-10-18;"Bratislavský kraj";75;92;0;92;NA;93099;75;2020-10-18;4093
2020-10-17;"Bratislavský kraj";136;0;0;0;NA;93099;136;2020-10-17;4018
2020-10-16;"Bratislavský kraj";103;14;1;15;NA;93099;104;2020-10-16;3882
2020-10-15;"Bratislavský kraj";135;6;1;7;NA;93099;136;2020-10-15;3778
2020-10-14;"Bratislavský kraj";127;4;0;4;NA;93099;127;2020-10-14;3642
2020-10-13;"Bratislavský kraj";86;108;8;116;NA;93099;94;2020-10-13;3515
2020-10-12;"Bratislavský kraj";46;0;0;0;NA;93099;46;2020-10-12;3421
2020-10-11;"Bratislavský kraj";80;0;0;0;NA;93099;80;2020-10-11;3375
2020-10-10;"Bratislavský kraj";55;0;0;0;NA;93099;55;2020-10-10;3295
2020-10-09;"Bratislavský kraj";148;0;0;0;NA;93099;148;2020-10-09;3240
2020-10-08;"Bratislavský kraj";100;0;0;0;NA;93099;100;2020-10-08;3092
2020-10-07;"Bratislavský kraj";107;0;0;0;NA;93099;107;2020-10-07;2992
2020-10-06;"Bratislavský kraj";108;0;0;0;NA;93099;108;2020-10-06;2885
2020-10-05;"Bratislavský kraj";30;0;0;0;NA;93099;30;2020-10-05;2777
2020-10-04;"Bratislavský kraj";49;0;0;0;NA;93099;49;2020-10-04;2747
2020-10-03;"Bratislavský kraj";82;0;0;0;NA;93099;82;2020-10-03;2698
2020-10-02;"Bratislavský kraj";101;0;0;0;NA;93099;101;2020-10-02;2616
2020-10-01;"Bratislavský kraj";72;0;0;0;NA;93099;72;2020-10-01;2515
2020-09-30;"Bratislavský kraj";91;0;0;0;NA;93099;91;2020-09-30;2443
2020-09-29;"Bratislavský kraj";74;0;0;0;NA;93099;74;2020-09-29;2352
2020-09-28;"Bratislavský kraj";29;0;0;0;NA;93099;29;2020-09-28;2278
2020-09-27;"Bratislavský kraj";48;0;0;0;NA;93099;48;2020-09-27;2249
2020-09-26;"Bratislavský kraj";86;0;0;0;NA;93099;86;2020-09-26;2201
2020-09-25;"Bratislavský kraj";97;0;0;0;NA;93099;97;2020-09-25;2115
2020-09-24;"Bratislavský kraj";73;0;0;0;NA;93099;73;2020-09-24;2018
2020-09-23;"Bratislavský kraj";55;0;0;0;NA;93099;55;2020-09-23;1945
2020-09-22;"Bratislavský kraj";81;0;0;0;NA;93099;81;2020-09-22;1890
2020-09-21;"Bratislavský kraj";32;0;0;0;NA;93099;32;2020-09-21;1809
2020-09-20;"Bratislavský kraj";25;0;0;0;NA;93099;25;2020-09-20;1777
2020-09-19;"Bratislavský kraj";59;0;0;0;NA;93099;59;2020-09-19;1752
2020-09-18;"Bratislavský kraj";42;0;0;0;NA;93099;42;2020-09-18;1693
2020-09-17;"Bratislavský kraj";52;0;0;0;NA;93099;52;2020-09-17;1651
2020-09-16;"Bratislavský kraj";32;0;0;0;NA;93099;32;2020-09-16;1599
2020-09-15;"Bratislavský kraj";26;0;0;0;NA;93099;26;2020-09-15;1567
2020-09-14;"Bratislavský kraj";24;0;0;0;NA;93099;24;2020-09-14;1541
2020-09-13;"Bratislavský kraj";11;0;0;0;NA;93099;11;2020-09-13;1517
2020-09-12;"Bratislavský kraj";24;0;0;0;NA;93099;24;2020-09-12;1506
2020-09-11;"Bratislavský kraj";50;0;0;0;NA;93099;50;2020-09-11;1482
2020-09-10;"Bratislavský kraj";47;0;0;0;NA;93099;47;2020-09-10;1432
2020-09-09;"Bratislavský kraj";40;0;0;0;NA;93099;40;2020-09-09;1385
2020-09-08;"Bratislavský kraj";58;0;0;0;NA;93099;58;2020-09-08;1345
2020-09-07;"Bratislavský kraj";39;0;0;0;NA;93099;39;2020-09-07;1287
2020-09-06;"Bratislavský kraj";11;0;0;0;NA;93099;11;2020-09-06;1248
2020-09-05;"Bratislavský kraj";37;0;0;0;NA;93099;37;2020-09-05;1237
2020-09-04;"Bratislavský kraj";87;0;0;0;NA;93099;87;2020-09-04;1200
2020-09-03;"Bratislavský kraj";51;0;0;0;NA;93099;51;2020-09-03;1113
2020-09-02;"Bratislavský kraj";50;0;0;0;NA;93099;50;2020-09-02;1062
2020-09-01;"Bratislavský kraj";16;0;0;0;NA;93099;16;2020-09-01;1012
2020-08-31;"Bratislavský kraj";19;0;0;0;NA;93099;19;2020-08-31;996
2020-08-30;"Bratislavský kraj";9;0;0;0;NA;93099;9;2020-08-30;977
2020-08-29;"Bratislavský kraj";12;0;0;0;NA;93099;12;2020-08-29;968
2020-08-28;"Bratislavský kraj";35;0;0;0;NA;93099;35;2020-08-28;956
2020-08-27;"Bratislavský kraj";33;0;0;0;NA;93099;33;2020-08-27;921
2020-08-26;"Bratislavský kraj";27;0;0;0;NA;93099;27;2020-08-26;888
2020-08-25;"Bratislavský kraj";29;0;0;0;NA;93099;29;2020-08-25;861
2020-08-24;"Bratislavský kraj";6;0;0;0;NA;93099;6;2020-08-24;832
2020-08-23;"Bratislavský kraj";45;0;0;0;NA;93099;45;2020-08-23;826
2020-08-22;"Bratislavský kraj";13;0;0;0;NA;93099;13;2020-08-22;781
2020-08-21;"Bratislavský kraj";46;0;0;0;NA;93099;46;2020-08-21;768
2020-08-20;"Bratislavský kraj";41;0;0;0;NA;93099;41;2020-08-20;722
2020-08-19;"Bratislavský kraj";27;0;0;0;NA;93099;27;2020-08-19;681
2020-08-18;"Bratislavský kraj";47;0;0;0;NA;93099;47;2020-08-18;654
2020-08-17;"Bratislavský kraj";2;0;0;0;NA;93099;2;2020-08-17;607
2020-08-16;"Bratislavský kraj";3;0;0;0;NA;93099;3;2020-08-16;605
2020-08-15;"Bratislavský kraj";18;0;0;0;NA;93099;18;2020-08-15;602
2020-08-14;"Bratislavský kraj";16;0;0;0;NA;93099;16;2020-08-14;584
2020-08-13;"Bratislavský kraj";12;0;0;0;NA;93099;12;2020-08-13;568
2020-08-12;"Bratislavský kraj";10;0;0;0;NA;93099;10;2020-08-12;556
2020-08-11;"Bratislavský kraj";23;0;0;0;NA;93099;23;2020-08-11;546
2020-08-10;"Bratislavský kraj";2;0;0;0;NA;93099;2;2020-08-10;523
2020-08-09;"Bratislavský kraj";2;0;0;0;NA;93099;2;2020-08-09;521
2020-08-08;"Bratislavský kraj";1;0;0;0;NA;93099;1;2020-08-08;519
2020-08-07;"Bratislavský kraj";9;0;0;0;NA;93099;9;2020-08-07;518
2020-08-06;"Bratislavský kraj";15;0;0;0;NA;93099;15;2020-08-06;509
2020-08-05;"Bratislavský kraj";11;0;0;0;NA;93099;11;2020-08-05;494
2020-08-04;"Bratislavský kraj";21;0;0;0;NA;93099;21;2020-08-04;483
2020-08-03;"Bratislavský kraj";7;0;0;0;NA;93099;7;2020-08-03;462
2020-08-02;"Bratislavský kraj";0;0;0;0;NA;93099;0;2020-08-02;455
2020-08-01;"Bratislavský kraj";0;0;0;0;NA;93099;0;2020-08-01;455
2020-07-31;"Bratislavský kraj";14;0;0;0;NA;93099;14;2020-07-31;455
2020-07-30;"Bratislavský kraj";6;0;0;0;NA;93099;6;2020-07-30;441
2020-07-29;"Bratislavský kraj";7;0;0;0;NA;93099;7;2020-07-29;435
2020-07-28;"Bratislavský kraj";14;0;0;0;NA;93099;14;2020-07-28;428
2020-07-27;"Bratislavský kraj";3;0;0;0;NA;93099;3;2020-07-27;414
2020-07-26;"Bratislavský kraj";0;0;0;0;NA;93099;0;2020-07-26;411
2020-07-25;"Bratislavský kraj";8;0;0;0;NA;93099;8;2020-07-25;411
2020-07-24;"Bratislavský kraj";2;0;0;0;NA;93099;2;2020-07-24;403
2020-07-23;"Bratislavský kraj";8;0;0;0;NA;93099;8;2020-07-23;401
2020-07-22;"Bratislavský kraj";11;0;0;0;NA;93099;11;2020-07-22;393
2020-07-21;"Bratislavský kraj";8;0;0;0;NA;93099;8;2020-07-21;382
2020-07-20;"Bratislavský kraj";12;0;0;0;NA;93099;12;2020-07-20;374
2020-07-19;"Bratislavský kraj";0;0;0;0;NA;93099;0;2020-07-19;362
2020-07-18;"Bratislavský kraj";2;0;0;0;NA;93099;2;2020-07-18;362
2020-07-17;"Bratislavský kraj";2;0;0;0;NA;93099;2;2020-07-17;360
2020-07-16;"Bratislavský kraj";6;0;0;0;NA;93099;6;2020-07-16;358
2020-07-15;"Bratislavský kraj";3;0;0;0;NA;93099;3;2020-07-15;352
2020-07-14;"Bratislavský kraj";2;0;0;0;NA;93099;2;2020-07-14;349
2020-07-13;"Bratislavský kraj";2;0;0;0;NA;93099;2;2020-07-13;347
2020-07-12;"Bratislavský kraj";0;0;0;0;NA;93099;0;2020-07-12;345
2020-07-11;"Bratislavský kraj";0;0;0;0;NA;93099;0;2020-07-11;345
2020-07-10;"Bratislavský kraj";8;0;0;0;NA;93099;8;2020-07-10;345
2020-07-09;"Bratislavský kraj";2;0;0;0;NA;93099;2;2020-07-09;337
2020-07-08;"Bratislavský kraj";11;0;0;0;NA;93099;11;2020-07-08;335
2020-07-07;"Bratislavský kraj";5;0;0;0;NA;93099;5;2020-07-07;324
2020-07-06;"Bratislavský kraj";1;0;0;0;NA;93099;1;2020-07-06;319
2020-07-05;"Bratislavský kraj";0;0;0;0;NA;93099;0;2020-07-05;318
2020-07-04;"Bratislavský kraj";3;0;0;0;NA;93099;3;2020-07-04;318
2020-07-03;"Bratislavský kraj";1;0;0;0;NA;93099;1;2020-07-03;315
2020-07-02;"Bratislavský kraj";0;0;0;0;NA;93099;0;2020-07-02;314
2020-07-01;"Bratislavský kraj";7;0;0;0;NA;93099;7;2020-07-01;314
2020-06-30;"Bratislavský kraj";3;0;0;0;NA;93099;3;2020-06-30;307
2020-06-29;"Bratislavský kraj";1;0;0;0;NA;93099;1;2020-06-29;304
2020-06-28;"Bratislavský kraj";0;0;0;0;NA;93099;0;2020-06-28;303
2020-06-27;"Bratislavský kraj";1;0;0;0;NA;93099;1;2020-06-27;303
2020-06-26;"Bratislavský kraj";6;0;0;0;NA;93099;6;2020-06-26;302
2020-06-25;"Bratislavský kraj";0;0;0;0;NA;93099;0;2020-06-25;296
2020-06-24;"Bratislavský kraj";3;0;0;0;NA;93099;3;2020-06-24;296
2020-06-23;"Bratislavský kraj";0;0;0;0;NA;93099;0;2020-06-23;293
2020-06-22;"Bratislavský kraj";1;0;0;0;NA;93099;1;2020-06-22;293
2020-06-21;"Bratislavský kraj";0;0;0;0;NA;93099;0;2020-06-21;292
2020-06-20;"Bratislavský kraj";0;0;0;0;NA;93099;0;2020-06-20;292
2020-06-19;"Bratislavský kraj";3;0;0;0;NA;93099;3;2020-06-19;292
2020-06-18;"Bratislavský kraj";0;0;0;0;NA;93099;0;2020-06-18;289
2020-06-17;"Bratislavský kraj";0;0;0;0;NA;93099;0;2020-06-17;289
2020-06-16;"Bratislavský kraj";0;0;0;0;NA;93099;0;2020-06-16;289
2020-06-14;"Bratislavský kraj";2;0;0;0;NA;93099;2;2020-06-14;289
2020-06-13;"Bratislavský kraj";1;0;0;0;NA;93099;1;2020-06-13;287
2020-06-12;"Bratislavský kraj";2;0;0;0;NA;93099;2;2020-06-12;286
2020-06-11;"Bratislavský kraj";0;0;0;0;NA;93099;0;2020-06-11;284
2020-06-10;"Bratislavský kraj";0;0;0;0;NA;93099;0;2020-06-10;284
2020-06-09;"Bratislavský kraj";0;0;0;0;NA;93099;0;2020-06-09;284
2020-06-08;"Bratislavský kraj";1;0;0;0;NA;93099;1;2020-06-08;284
2020-06-07;"Bratislavský kraj";0;0;0;0;NA;93099;0;2020-06-07;283
2020-06-05;"Bratislavský kraj";0;0;0;0;NA;93099;0;2020-06-05;283
2020-06-03;"Bratislavský kraj";1;0;0;0;NA;93099;1;2020-06-03;283
2020-06-02;"Bratislavský kraj";0;0;0;0;NA;93099;0;2020-06-02;282
2020-05-31;"Bratislavský kraj";0;0;0;0;NA;93099;0;2020-05-31;282
2020-05-29;"Bratislavský kraj";0;0;0;0;NA;93099;0;2020-05-29;282
2020-05-27;"Bratislavský kraj";1;0;0;0;NA;93099;1;2020-05-27;282
2020-05-26;"Bratislavský kraj";0;0;0;0;NA;93099;0;2020-05-26;281
2020-05-25;"Bratislavský kraj";0;0;0;0;NA;93099;0;2020-05-25;281
2020-05-24;"Bratislavský kraj";0;0;0;0;NA;93099;0;2020-05-24;281
2020-05-23;"Bratislavský kraj";2;0;0;0;NA;93099;2;2020-05-23;281
2020-05-22;"Bratislavský kraj";0;0;0;0;NA;93099;0;2020-05-22;279
2020-05-21;"Bratislavský kraj";0;0;0;0;NA;93099;0;2020-05-21;279
2020-05-20;"Bratislavský kraj";0;0;0;0;NA;93099;0;2020-05-20;279
2020-05-19;"Bratislavský kraj";0;0;0;0;NA;93099;0;2020-05-19;279
2020-05-17;"Bratislavský kraj";0;0;0;0;NA;93099;0;2020-05-17;279
2020-05-16;"Bratislavský kraj";0;0;0;0;NA;93099;0;2020-05-16;279
2020-05-15;"Bratislavský kraj";0;0;0;0;NA;93099;0;2020-05-15;279
2020-05-14;"Bratislavský kraj";0;0;0;0;NA;93099;0;2020-05-14;279
2020-05-13;"Bratislavský kraj";0;0;0;0;NA;93099;0;2020-05-13;279
2020-05-12;"Bratislavský kraj";2;0;0;0;NA;93099;2;2020-05-12;279
2020-05-11;"Bratislavský kraj";0;0;0;0;NA;93099;0;2020-05-11;277
2020-05-09;"Bratislavský kraj";0;0;0;0;NA;93099;0;2020-05-09;277
2020-05-07;"Bratislavský kraj";1;0;0;0;NA;93099;1;2020-05-07;277
2020-05-06;"Bratislavský kraj";3;0;0;0;NA;93099;3;2020-05-06;276
2020-05-05;"Bratislavský kraj";0;0;0;0;NA;93099;0;2020-05-05;273
2020-05-04;"Bratislavský kraj";0;0;0;0;NA;93099;0;2020-05-04;273
2020-05-03;"Bratislavský kraj";2;0;0;0;NA;93099;2;2020-05-03;273
2020-05-02;"Bratislavský kraj";0;0;0;0;NA;93099;0;2020-05-02;271
2020-05-01;"Bratislavský kraj";0;0;0;0;NA;93099;0;2020-05-01;271
2020-04-30;"Bratislavský kraj";5;0;0;0;NA;93099;5;2020-04-30;271
2020-04-29;"Bratislavský kraj";0;0;0;0;NA;93099;0;2020-04-29;266
2020-04-28;"Bratislavský kraj";2;0;0;0;NA;93099;2;2020-04-28;266
2020-04-27;"Bratislavský kraj";0;0;0;0;NA;93099;0;2020-04-27;264
2020-04-26;"Bratislavský kraj";1;0;0;0;NA;93099;1;2020-04-26;264
2020-04-25;"Bratislavský kraj";0;0;0;0;NA;93099;0;2020-04-25;263
2020-04-24;"Bratislavský kraj";2;0;0;0;NA;93099;2;2020-04-24;263
2020-04-23;"Bratislavský kraj";6;0;0;0;NA;93099;6;2020-04-23;261
2020-04-22;"Bratislavský kraj";11;0;0;0;NA;93099;11;2020-04-22;255
2020-04-21;"Bratislavský kraj";4;0;0;0;NA;93099;4;2020-04-21;244
2020-04-20;"Bratislavský kraj";0;0;0;0;NA;93099;0;2020-04-20;240
2020-04-19;"Bratislavský kraj";4;0;0;0;NA;93099;4;2020-04-19;240
2020-04-18;"Bratislavský kraj";5;0;0;0;NA;93099;5;2020-04-18;236
2020-04-17;"Bratislavský kraj";6;0;0;0;NA;93099;6;2020-04-17;231
2020-04-16;"Bratislavský kraj";15;0;0;0;NA;93099;15;2020-04-16;225
2020-04-15;"Bratislavský kraj";11;0;0;0;NA;93099;11;2020-04-15;210
2020-04-14;"Bratislavský kraj";19;0;0;0;NA;93099;19;2020-04-14;199
2020-04-13;"Bratislavský kraj";53;0;0;0;NA;93099;53;2020-04-13;180
2020-04-12;"Bratislavský kraj";3;0;0;0;NA;93099;3;2020-04-12;127
2020-04-11;"Bratislavský kraj";1;0;0;0;NA;93099;1;2020-04-11;124
2020-04-10;"Bratislavský kraj";8;0;0;0;NA;93099;8;2020-04-10;123
2020-04-09;"Bratislavský kraj";3;0;0;0;NA;93099;3;2020-04-09;115
2020-04-08;"Bratislavský kraj";3;0;0;0;NA;93099;3;2020-04-08;112
2020-04-07;"Bratislavský kraj";24;0;0;0;NA;93099;24;2020-04-07;109
2020-04-06;"Bratislavský kraj";5;0;0;0;NA;93099;5;2020-04-06;85
2020-04-05;"Bratislavský kraj";6;0;0;0;NA;93099;6;2020-04-05;80
2020-04-04;"Bratislavský kraj";2;0;0;0;NA;93099;2;2020-04-04;74
2020-04-03;"Bratislavský kraj";1;0;0;0;NA;93099;1;2020-04-03;72
2020-04-02;"Bratislavský kraj";2;0;0;0;NA;93099;2;2020-04-02;71
2020-04-01;"Bratislavský kraj";5;0;0;0;NA;93099;5;2020-04-01;69
2020-03-31;"Bratislavský kraj";19;0;0;0;NA;93099;19;2020-03-31;64
2020-03-30;"Bratislavský kraj";6;0;0;0;NA;93099;6;2020-03-30;45
2020-03-29;"Bratislavský kraj";8;0;0;0;NA;93099;8;2020-03-29;39
2020-03-28;"Bratislavský kraj";4;0;0;0;NA;93099;4;2020-03-28;31
2020-03-27;"Bratislavský kraj";3;0;0;0;NA;93099;3;2020-03-27;27
2020-03-26;"Bratislavský kraj";15;0;0;0;NA;93099;15;2020-03-26;24
2020-03-25;"Bratislavský kraj";1;0;0;0;NA;93099;1;2020-03-25;9
2020-03-24;"Bratislavský kraj";4;0;0;0;NA;93099;4;2020-03-24;8
2020-03-23;"Bratislavský kraj";9;0;0;0;NA;93099;9;2020-03-23;4
2020-03-22;"Bratislavský kraj";2;0;0;0;NA;93099;2;2020-03-22;-5
2020-03-21;"Bratislavský kraj";22;0;0;0;NA;93099;22;2020-03-21;-7
2020-03-20;"Bratislavský kraj";3;0;0;0;NA;93099;3;2020-03-20;-29
2020-03-19;"Bratislavský kraj";4;0;0;0;NA;93099;4;2020-03-19;-32
2020-03-18;"Bratislavský kraj";3;0;0;0;NA;93099;3;2020-03-18;-36
2020-03-17;"Bratislavský kraj";13;0;0;0;NA;93099;13;2020-03-17;-39
2020-03-16;"Bratislavský kraj";1;0;0;0;NA;93099;1;2020-03-16;-52
2020-03-15;"Bratislavský kraj";4;0;0;0;NA;93099;4;2020-03-15;-53
2020-03-14;"Bratislavský kraj";9;0;0;0;NA;93099;9;2020-03-14;-57
2020-03-13;"Bratislavský kraj";2;0;0;0;NA;93099;2;2020-03-13;-66
2020-03-12;"Bratislavský kraj";8;0;0;0;NA;93099;8;2020-03-12;-68
2020-03-11;"Bratislavský kraj";3;0;0;0;NA;93099;3;2020-03-11;-76
2020-03-09;"Bratislavský kraj";0;0;0;0;NA;93099;0;2020-03-09;-79
2020-03-08;"Bratislavský kraj";2;0;0;0;NA;93099;2;2020-03-08;-79
2020-03-07;"Bratislavský kraj";2;0;0;0;NA;93099;2;2020-03-07;-81
2020-03-06;"Bratislavský kraj";1;0;0;0;NA;93099;1;2020-03-06;-83
2021-09-22;"Košický kraj";151;2479;22;2501;55636;100999;173;2021-09-22;100999
2021-09-21;"Košický kraj";234;4190;43;4233;NA;100999;277;2021-09-21;100826
2021-09-20;"Košický kraj";158;5557;66;5623;NA;100999;224;2021-09-20;100549
2021-09-19;"Košický kraj";15;2487;30;2517;NA;100999;45;2021-09-19;100325
2021-09-18;"Košický kraj";187;2283;19;2302;NA;100999;206;2021-09-18;100280
2021-09-17;"Košický kraj";121;4566;41;4607;NA;100999;162;2021-09-17;100074
2021-09-16;"Košický kraj";228;4237;67;4304;NA;100999;295;2021-09-16;99912
2021-09-15;"Košický kraj";52;849;16;865;NA;100999;68;2021-09-15;99617
2021-09-14;"Košický kraj";142;3331;47;3378;NA;100999;189;2021-09-14;99549
2021-09-13;"Košický kraj";96;4645;46;4691;NA;100999;142;2021-09-13;99360
2021-09-12;"Košický kraj";14;2003;31;2034;NA;100999;45;2021-09-12;99218
2021-09-11;"Košický kraj";105;2027;17;2044;NA;100999;122;2021-09-11;99173
2021-09-10;"Košický kraj";125;4135;42;4177;NA;100999;167;2021-09-10;99051
2021-09-09;"Košický kraj";115;3093;30;3123;NA;100999;145;2021-09-09;98884
2021-09-08;"Košický kraj";86;2691;36;2727;NA;100999;122;2021-09-08;98739
2021-09-07;"Košický kraj";79;2625;53;2678;NA;100999;132;2021-09-07;98617
2021-09-06;"Košický kraj";41;2717;35;2752;NA;100999;76;2021-09-06;98485
2021-09-05;"Košický kraj";52;1393;18;1411;NA;100999;70;2021-09-05;98409
2021-09-04;"Košický kraj";37;1610;12;1622;NA;100999;49;2021-09-04;98339
2021-09-03;"Košický kraj";47;2792;30;2822;NA;100999;77;2021-09-03;98290
2021-09-02;"Košický kraj";56;2621;24;2645;NA;100999;80;2021-09-02;98213
2021-09-01;"Košický kraj";95;584;11;595;NA;100999;106;2021-09-01;98133
2021-08-31;"Košický kraj";30;2466;22;2488;NA;100999;52;2021-08-31;98027
2021-08-30;"Košický kraj";8;2292;28;2320;NA;100999;36;2021-08-30;97975
2021-08-29;"Košický kraj";16;603;1;604;NA;100999;17;2021-08-29;97939
2021-08-28;"Košický kraj";14;1991;11;2002;NA;100999;25;2021-08-28;97922
2021-08-27;"Košický kraj";22;2818;16;2834;NA;100999;38;2021-08-27;97897
2021-08-26;"Košický kraj";19;2237;13;2250;NA;100999;32;2021-08-26;97859
2021-08-25;"Košický kraj";33;1939;6;1945;NA;100999;39;2021-08-25;97827
2021-08-24;"Košický kraj";14;2273;2;2275;NA;100999;16;2021-08-24;97788
2021-08-23;"Košický kraj";33;2398;5;2403;NA;100999;38;2021-08-23;97772
2021-08-22;"Košický kraj";4;1457;8;1465;NA;100999;12;2021-08-22;97734
2021-08-21;"Košický kraj";35;2042;3;2045;NA;100999;38;2021-08-21;97722
2021-08-20;"Košický kraj";13;3098;5;3103;NA;100999;18;2021-08-20;97684
2021-08-19;"Košický kraj";14;2117;6;2123;NA;100999;20;2021-08-19;97666
2021-08-18;"Košický kraj";30;1770;8;1778;NA;100999;38;2021-08-18;97646
2021-08-17;"Košický kraj";24;1619;3;1622;NA;100999;27;2021-08-17;97608
2021-08-16;"Košický kraj";3;2094;8;2102;NA;100999;11;2021-08-16;97581
2021-08-15;"Košický kraj";1;771;5;776;NA;100999;6;2021-08-15;97570
2021-08-14;"Košický kraj";15;1144;1;1145;NA;100999;16;2021-08-14;97564
2021-08-13;"Košický kraj";14;1862;8;1870;NA;100999;22;2021-08-13;97548
2021-08-12;"Košický kraj";10;1156;3;1159;NA;100999;13;2021-08-12;97526
2021-08-11;"Košický kraj";6;1298;4;1302;NA;100999;10;2021-08-11;97513
2021-08-10;"Košický kraj";10;1352;8;1360;NA;100999;18;2021-08-10;97503
2021-08-09;"Košický kraj";12;1578;2;1580;NA;100999;14;2021-08-09;97485
2021-08-08;"Košický kraj";8;688;1;689;NA;100999;9;2021-08-08;97471
2021-08-07;"Košický kraj";3;1061;3;1064;NA;100999;6;2021-08-07;97462
2021-08-06;"Košický kraj";9;1536;6;1542;NA;100999;15;2021-08-06;97456
2021-08-05;"Košický kraj";26;1220;6;1226;NA;100999;32;2021-08-05;97441
2021-08-04;"Košický kraj";8;1321;4;1325;NA;100999;12;2021-08-04;97409
2021-08-03;"Košický kraj";33;1078;3;1081;NA;100999;36;2021-08-03;97397
2021-08-02;"Košický kraj";6;1613;8;1621;NA;100999;14;2021-08-02;97361
2021-08-01;"Košický kraj";1;662;1;663;NA;100999;2;2021-08-01;97347
2021-07-31;"Košický kraj";17;1072;2;1074;NA;100999;19;2021-07-31;97345
2021-07-30;"Košický kraj";12;1500;7;1507;NA;100999;19;2021-07-30;97326
2021-07-29;"Košický kraj";7;1183;5;1188;NA;100999;12;2021-07-29;97307
2021-07-28;"Košický kraj";15;910;4;914;NA;100999;19;2021-07-28;97295
2021-07-27;"Košický kraj";17;1132;7;1139;NA;100999;24;2021-07-27;97276
2021-07-26;"Košický kraj";3;1585;8;1593;NA;100999;11;2021-07-26;97252
2021-07-25;"Košický kraj";0;719;3;722;NA;100999;3;2021-07-25;97241
2021-07-24;"Košický kraj";18;928;4;932;NA;100999;22;2021-07-24;97238
2021-07-23;"Košický kraj";9;1446;5;1451;NA;100999;14;2021-07-23;97216
2021-07-22;"Košický kraj";1;1177;4;1181;NA;100999;5;2021-07-22;97202
2021-07-21;"Košický kraj";4;1117;3;1120;NA;100999;7;2021-07-21;97197
2021-07-20;"Košický kraj";6;1291;1;1292;NA;100999;7;2021-07-20;97190
2021-07-19;"Košický kraj";2;1449;2;1451;NA;100999;4;2021-07-19;97183
2021-07-18;"Košický kraj";0;643;0;643;NA;100999;0;2021-07-18;97179
2021-07-17;"Košický kraj";3;986;5;991;NA;100999;8;2021-07-17;97179
2021-07-16;"Košický kraj";3;1486;4;1490;NA;100999;7;2021-07-16;97171
2021-07-15;"Košický kraj";4;1301;4;1305;NA;100999;8;2021-07-15;97164
2021-07-14;"Košický kraj";2;1090;3;1093;NA;100999;5;2021-07-14;97156
2021-07-13;"Košický kraj";4;1329;1;1330;NA;100999;5;2021-07-13;97151
2021-07-12;"Košický kraj";3;1773;3;1776;NA;100999;6;2021-07-12;97146
2021-07-11;"Košický kraj";1;537;2;539;NA;100999;3;2021-07-11;97140
2021-07-10;"Košický kraj";9;1051;0;1051;NA;100999;9;2021-07-10;97137
2021-07-09;"Košický kraj";5;1855;5;1860;NA;100999;10;2021-07-09;97128
2021-07-08;"Košický kraj";13;1211;2;1213;NA;100999;15;2021-07-08;97118
2021-07-07;"Košický kraj";6;1436;1;1437;NA;100999;7;2021-07-07;97103
2021-07-06;"Košický kraj";4;1766;2;1768;NA;100999;6;2021-07-06;97096
2021-07-05;"Košický kraj";1;491;0;491;NA;100999;1;2021-07-05;97090
2021-07-04;"Košický kraj";0;480;2;482;NA;100999;2;2021-07-04;97089
2021-07-03;"Košický kraj";2;1112;0;1112;NA;100999;2;2021-07-03;97087
2021-07-02;"Košický kraj";2;1724;3;1727;NA;100999;5;2021-07-02;97085
2021-07-01;"Košický kraj";0;1139;2;1141;NA;100999;2;2021-07-01;97080
2021-06-30;"Košický kraj";5;9248;7;9255;NA;100999;12;2021-06-30;97078
2021-06-29;"Košický kraj";6;5692;7;5699;NA;100999;13;2021-06-29;97066
2021-06-28;"Košický kraj";5;6129;2;6131;NA;100999;7;2021-06-28;97053
2021-06-27;"Košický kraj";8;4612;3;4615;NA;100999;11;2021-06-27;97046
2021-06-26;"Košický kraj";4;5699;14;5713;NA;100999;18;2021-06-26;97035
2021-06-25;"Košický kraj";5;6981;2;6983;NA;100999;7;2021-06-25;97017
2021-06-24;"Košický kraj";1;5072;3;5075;NA;100999;4;2021-06-24;97010
2021-06-23;"Košický kraj";8;5373;3;5376;NA;100999;11;2021-06-23;97006
2021-06-22;"Košický kraj";1;5269;3;5272;NA;100999;4;2021-06-22;96995
2021-06-21;"Košický kraj";5;6830;11;6841;NA;100999;16;2021-06-21;96991
2021-06-20;"Košický kraj";0;4882;6;4888;NA;100999;6;2021-06-20;96975
2021-06-19;"Košický kraj";7;6473;1;6474;NA;100999;8;2021-06-19;96969
2021-06-18;"Košický kraj";4;7969;8;7977;NA;100999;12;2021-06-18;96961
2021-06-17;"Košický kraj";6;6128;3;6131;NA;100999;9;2021-06-17;96949
2021-06-16;"Košický kraj";11;6059;7;6066;NA;100999;18;2021-06-16;96940
2021-06-15;"Košický kraj";12;6301;2;6303;NA;100999;14;2021-06-15;96922
2021-06-14;"Košický kraj";10;7010;9;7019;NA;100999;19;2021-06-14;96908
2021-06-13;"Košický kraj";7;6948;8;6956;NA;100999;15;2021-06-13;96889
2021-06-12;"Košický kraj";7;7485;9;7494;NA;100999;16;2021-06-12;96874
2021-06-11;"Košický kraj";15;8973;6;8979;NA;100999;21;2021-06-11;96858
2021-06-10;"Košický kraj";11;6588;16;6604;NA;100999;27;2021-06-10;96837
2021-06-09;"Košický kraj";37;6056;7;6063;NA;100999;44;2021-06-09;96810
2021-06-08;"Košický kraj";33;7019;13;7032;NA;100999;46;2021-06-08;96766
2021-06-07;"Košický kraj";11;8106;22;8128;NA;100999;33;2021-06-07;96720
2021-06-06;"Košický kraj";1;7843;7;7850;NA;100999;8;2021-06-06;96687
2021-06-05;"Košický kraj";21;9286;3;9289;NA;100999;24;2021-06-05;96679
2021-06-04;"Košický kraj";26;11377;20;11397;NA;100999;46;2021-06-04;96655
2021-06-03;"Košický kraj";23;6467;14;6481;NA;100999;37;2021-06-03;96609
2021-06-02;"Košický kraj";15;7180;24;7204;NA;100999;39;2021-06-02;96572
2021-06-01;"Košický kraj";13;7562;10;7572;NA;100999;23;2021-06-01;96533
2021-05-31;"Košický kraj";13;9256;18;9274;NA;100999;31;2021-05-31;96510
2021-05-30;"Košický kraj";3;11215;10;11225;NA;100999;13;2021-05-30;96479
2021-05-29;"Košický kraj";25;10942;22;10964;NA;100999;47;2021-05-29;96466
2021-05-28;"Košický kraj";17;13055;29;13084;NA;100999;46;2021-05-28;96419
2021-05-27;"Košický kraj";19;7924;26;7950;NA;100999;45;2021-05-27;96373
2021-05-26;"Košický kraj";35;8118;27;8145;NA;100999;62;2021-05-26;96328
2021-05-25;"Košický kraj";33;9296;29;9325;NA;100999;62;2021-05-25;96266
2021-05-24;"Košický kraj";10;10855;27;10882;NA;100999;37;2021-05-24;96204
2021-05-23;"Košický kraj";4;12151;15;12166;NA;100999;19;2021-05-23;96167
2021-05-22;"Košický kraj";27;12601;19;12620;NA;100999;46;2021-05-22;96148
2021-05-21;"Košický kraj";24;14910;27;14937;NA;100999;51;2021-05-21;96102
2021-05-20;"Košický kraj";20;9422;28;9450;NA;100999;48;2021-05-20;96051
2021-05-19;"Košický kraj";30;10421;21;10442;NA;100999;51;2021-05-19;96003
2021-05-18;"Košický kraj";34;10254;36;10290;NA;100999;70;2021-05-18;95952
2021-05-17;"Košický kraj";20;12686;38;12724;NA;100999;58;2021-05-17;95882
2021-05-16;"Košický kraj";37;17865;20;17885;NA;100999;57;2021-05-16;95824
2021-05-15;"Košický kraj";22;25602;28;25630;NA;100999;50;2021-05-15;95767
2021-05-14;"Košický kraj";32;21824;42;21866;NA;100999;74;2021-05-14;95717
2021-05-13;"Košický kraj";39;10172;32;10204;NA;100999;71;2021-05-13;95643
2021-05-12;"Košický kraj";85;10868;33;10901;NA;100999;118;2021-05-12;95572
2021-05-11;"Košický kraj";68;11166;32;11198;NA;100999;100;2021-05-11;95454
2021-05-10;"Košický kraj";25;17044;42;17086;NA;100999;67;2021-05-10;95354
2021-05-09;"Košický kraj";84;25594;55;25649;NA;100999;139;2021-05-09;95287
2021-05-08;"Košický kraj";18;23399;23;23422;NA;100999;41;2021-05-08;95148
2021-05-07;"Košický kraj";51;24497;57;24554;NA;100999;108;2021-05-07;95107
2021-05-06;"Košický kraj";55;11847;43;11890;NA;100999;98;2021-05-06;94999
2021-05-05;"Košický kraj";23;12124;35;12159;NA;100999;58;2021-05-05;94901
2021-05-04;"Košický kraj";143;13562;38;13600;NA;100999;181;2021-05-04;94843
2021-05-03;"Košický kraj";37;16944;68;17012;NA;100999;105;2021-05-03;94662
2021-05-02;"Košický kraj";45;36096;56;36152;NA;100999;101;2021-05-02;94557
2021-05-01;"Košický kraj";54;52075;76;52151;NA;100999;130;2021-05-01;94456
2021-04-30;"Košický kraj";59;44602;94;44696;NA;100999;153;2021-04-30;94326
2021-04-29;"Košický kraj";76;17014;53;17067;NA;100999;129;2021-04-29;94173
2021-04-28;"Košický kraj";99;17970;52;18022;NA;100999;151;2021-04-28;94044
2021-04-27;"Košický kraj";108;20670;43;20713;NA;100999;151;2021-04-27;93893
2021-04-26;"Košický kraj";39;25915;96;26011;NA;100999;135;2021-04-26;93742
2021-04-25;"Košický kraj";23;48355;57;48412;NA;100999;80;2021-04-25;93607
2021-04-24;"Košický kraj";68;90124;114;90238;NA;100999;182;2021-04-24;93527
2021-04-23;"Košický kraj";110;41232;72;41304;NA;100999;182;2021-04-23;93345
2021-04-22;"Košický kraj";56;16772;44;16816;NA;100999;100;2021-04-22;93163
2021-04-21;"Košický kraj";114;19519;61;19580;NA;100999;175;2021-04-21;93063
2021-04-20;"Košický kraj";81;25432;63;25495;NA;100999;144;2021-04-20;92888
2021-04-19;"Košický kraj";93;29950;108;30058;NA;100999;201;2021-04-19;92744
2021-04-18;"Košický kraj";10;48913;82;48995;NA;100999;92;2021-04-18;92543
2021-04-17;"Košický kraj";187;83856;103;83959;NA;100999;290;2021-04-17;92451
2021-04-16;"Košický kraj";83;41568;127;41695;NA;100999;210;2021-04-16;92161
2021-04-15;"Košický kraj";104;18522;93;18615;NA;100999;197;2021-04-15;91951
2021-04-14;"Košický kraj";119;20089;64;20153;NA;100999;183;2021-04-14;91754
2021-04-13;"Košický kraj";81;23175;120;23295;NA;100999;201;2021-04-13;91571
2021-04-12;"Košický kraj";129;26573;124;26697;NA;100999;253;2021-04-12;91370
2021-04-11;"Košický kraj";29;46949;80;47029;NA;100999;109;2021-04-11;91117
2021-04-10;"Košický kraj";138;100114;183;100297;NA;100999;321;2021-04-10;91008
2021-04-09;"Košický kraj";168;35206;133;35339;NA;100999;301;2021-04-09;90687
2021-04-08;"Košický kraj";81;18530;90;18620;NA;100999;171;2021-04-08;90386
2021-04-07;"Košický kraj";232;28027;194;28221;NA;100999;426;2021-04-07;90215
2021-04-06;"Košický kraj";121;36495;164;36659;NA;100999;285;2021-04-06;89789
2021-04-05;"Košický kraj";19;14361;66;14427;NA;100999;85;2021-04-05;89504
2021-04-04;"Košický kraj";33;15089;66;15155;NA;100999;99;2021-04-04;89419
2021-04-03;"Košický kraj";138;97664;241;97905;NA;100999;379;2021-04-03;89320
2021-04-02;"Košický kraj";128;24515;76;24591;NA;100999;204;2021-04-02;88941
2021-04-01;"Košický kraj";165;46151;156;46307;NA;100999;321;2021-04-01;88737
2021-03-31;"Košický kraj";160;29659;124;29783;NA;100999;284;2021-03-31;88416
2021-03-30;"Košický kraj";229;24038;163;24201;NA;100999;392;2021-03-30;88132
2021-03-29;"Košický kraj";78;28843;194;29037;NA;100999;272;2021-03-29;87740
2021-03-28;"Košický kraj";39;44263;128;44391;NA;100999;167;2021-03-28;87468
2021-03-27;"Košický kraj";222;96602;265;96867;NA;100999;487;2021-03-27;87301
2021-03-26;"Košický kraj";233;45252;202;45454;NA;100999;435;2021-03-26;86814
2021-03-25;"Košický kraj";133;23804;175;23979;NA;100999;308;2021-03-25;86379
2021-03-24;"Košický kraj";165;20696;155;20851;NA;100999;320;2021-03-24;86071
2021-03-23;"Košický kraj";202;22434;192;22626;NA;100999;394;2021-03-23;85751
2021-03-22;"Košický kraj";169;26890;228;27118;NA;100999;397;2021-03-22;85357
2021-03-21;"Košický kraj";109;46746;167;46913;NA;100999;276;2021-03-21;84960
2021-03-20;"Košický kraj";126;101334;311;101645;NA;100999;437;2021-03-20;84684
2021-03-19;"Košický kraj";205;45632;260;45892;NA;100999;465;2021-03-19;84247
2021-03-18;"Košický kraj";274;23827;212;24039;NA;100999;486;2021-03-18;83782
2021-03-17;"Košický kraj";177;21548;195;21743;NA;100999;372;2021-03-17;83296
2021-03-16;"Košický kraj";386;23454;226;23680;NA;100999;612;2021-03-16;82924
2021-03-15;"Košický kraj";173;27900;297;28197;NA;100999;470;2021-03-15;82312
2021-03-14;"Košický kraj";145;44354;220;44574;NA;100999;365;2021-03-14;81842
2021-03-13;"Košický kraj";146;103790;483;104273;NA;100999;629;2021-03-13;81477
2021-03-12;"Košický kraj";366;47871;321;48192;NA;100999;687;2021-03-12;80848
2021-03-11;"Košický kraj";396;23229;263;23492;NA;100999;659;2021-03-11;80161
2021-03-10;"Košický kraj";121;22205;269;22474;NA;100999;390;2021-03-10;79502
2021-03-09;"Košický kraj";676;24509;300;24809;NA;100999;976;2021-03-09;79112
2021-03-08;"Košický kraj";559;29852;344;30196;NA;100999;903;2021-03-08;78136
2021-03-07;"Košický kraj";45;44230;299;44529;NA;100999;344;2021-03-07;77233
2021-03-06;"Košický kraj";177;105598;532;106130;NA;100999;709;2021-03-06;76889
2021-03-05;"Košický kraj";439;45567;424;45991;NA;100999;863;2021-03-05;76180
2021-03-04;"Košický kraj";417;23862;320;24182;NA;100999;737;2021-03-04;75317
2021-03-03;"Košický kraj";390;23169;298;23467;NA;100999;688;2021-03-03;74580
2021-03-02;"Košický kraj";464;24158;368;24526;NA;100999;832;2021-03-02;73892
2021-03-01;"Košický kraj";389;30013;514;30527;NA;100999;903;2021-03-01;73060
2021-02-28;"Košický kraj";265;43053;334;43387;NA;100999;599;2021-02-28;72157
2021-02-27;"Košický kraj";301;100559;784;101343;NA;100999;1085;2021-02-27;71558
2021-02-26;"Košický kraj";440;45466;492;45958;NA;100999;932;2021-02-26;70473
2021-02-25;"Košický kraj";331;19872;342;20214;NA;100999;673;2021-02-25;69541
2021-02-24;"Košický kraj";263;18751;505;19256;NA;100999;768;2021-02-24;68868
2021-02-23;"Košický kraj";642;21605;341;21946;NA;100999;983;2021-02-23;68100
2021-02-22;"Košický kraj";362;30858;434;31292;NA;100999;796;2021-02-22;67117
2021-02-21;"Košický kraj";170;40464;385;40849;NA;100999;555;2021-02-21;66321
2021-02-20;"Košický kraj";283;92550;770;93320;NA;100999;1053;2021-02-20;65766
2021-02-19;"Košický kraj";507;41579;583;42162;NA;100999;1090;2021-02-19;64713
2021-02-18;"Košický kraj";397;18442;345;18787;NA;100999;742;2021-02-18;63623
2021-02-17;"Košický kraj";322;18080;387;18467;NA;100999;709;2021-02-17;62881
2021-02-16;"Košický kraj";600;22111;463;22574;NA;100999;1063;2021-02-16;62172
2021-02-15;"Košický kraj";216;27633;419;28052;NA;100999;635;2021-02-15;61109
2021-02-14;"Košický kraj";241;56743;524;57267;NA;100999;765;2021-02-14;60474
2021-02-13;"Košický kraj";206;93745;765;94510;NA;100999;971;2021-02-13;59709
2021-02-12;"Košický kraj";448;49924;611;50535;NA;100999;1059;2021-02-12;58738
2021-02-11;"Košický kraj";435;14524;323;14847;NA;100999;758;2021-02-11;57679
2021-02-10;"Košický kraj";360;18475;431;18906;NA;100999;791;2021-02-10;56921
2021-02-09;"Košický kraj";544;24841;463;25304;NA;100999;1007;2021-02-09;56130
2021-02-08;"Košický kraj";237;24836;392;25228;NA;100999;629;2021-02-08;55123
2021-02-07;"Košický kraj";208;56897;612;57509;NA;100999;820;2021-02-07;54494
2021-02-06;"Košický kraj";318;104357;884;105241;NA;100999;1202;2021-02-06;53674
2021-02-05;"Košický kraj";384;43186;494;43680;NA;100999;878;2021-02-05;52472
2021-02-04;"Košický kraj";391;14512;371;14883;NA;100999;762;2021-02-04;51594
2021-02-03;"Košický kraj";296;12599;339;12938;NA;100999;635;2021-02-03;50832
2021-02-02;"Košický kraj";473;43883;1212;45095;NA;100999;1685;2021-02-02;50197
2021-02-01;"Košický kraj";415;21984;362;22346;NA;100999;777;2021-02-01;48512
2021-01-31;"Košický kraj";142;54690;617;55307;NA;100999;759;2021-01-31;47735
2021-01-30;"Košický kraj";320;76722;661;77383;NA;100999;981;2021-01-30;46976
2021-01-29;"Košický kraj";311;37164;466;37630;NA;100999;777;2021-01-29;45995
2021-01-28;"Košický kraj";540;9006;244;9250;NA;100999;784;2021-01-28;45218
2021-01-27;"Košický kraj";265;7575;211;7786;NA;100999;476;2021-01-27;44434
2021-01-26;"Košický kraj";530;14210;245;14455;NA;100999;775;2021-01-26;43958
2021-01-25;"Košický kraj";226;26431;413;26844;NA;100999;639;2021-01-25;43183
2021-01-24;"Košický kraj";150;44419;581;45000;NA;100999;731;2021-01-24;42544
2021-01-23;"Košický kraj";232;82705;857;83562;NA;100999;1089;2021-01-23;41813
2021-01-22;"Košický kraj";316;19997;265;20262;NA;100999;581;2021-01-22;40724
2021-01-21;"Košický kraj";274;14053;159;14212;NA;100999;433;2021-01-21;40143
2021-01-20;"Košický kraj";374;10844;201;11045;NA;100999;575;2021-01-20;39710
2021-01-19;"Košický kraj";248;9717;181;9898;NA;100999;429;2021-01-19;39135
2021-01-18;"Košický kraj";333;7659;262;7921;NA;100999;595;2021-01-18;38706
2021-01-17;"Košický kraj";155;535;14;549;NA;100999;169;2021-01-17;38111
2021-01-16;"Košický kraj";153;1403;47;1450;NA;100999;200;2021-01-16;37942
2021-01-15;"Košický kraj";308;6443;213;6656;NA;100999;521;2021-01-15;37742
2021-01-14;"Košický kraj";358;5471;221;5692;NA;100999;579;2021-01-14;37221
2021-01-13;"Košický kraj";421;4897;226;5123;NA;100999;647;2021-01-13;36642
2021-01-12;"Košický kraj";482;6473;237;6710;NA;100999;719;2021-01-12;35995
2021-01-11;"Košický kraj";309;7553;286;7839;NA;100999;595;2021-01-11;35276
2021-01-10;"Košický kraj";193;136;6;142;NA;100999;199;2021-01-10;34681
2021-01-09;"Košický kraj";469;1134;45;1179;NA;100999;514;2021-01-09;34482
2021-01-08;"Košický kraj";551;7106;348;7454;NA;100999;899;2021-01-08;33968
2021-01-07;"Košický kraj";251;5853;398;6251;NA;100999;649;2021-01-07;33069
2021-01-06;"Košický kraj";442;429;33;462;NA;100999;475;2021-01-06;32420
2021-01-05;"Košický kraj";584;7633;527;8160;NA;100999;1111;2021-01-05;31945
2021-01-04;"Košický kraj";407;6479;660;7139;NA;100999;1067;2021-01-04;30834
2021-01-03;"Košický kraj";118;661;22;683;NA;100999;140;2021-01-03;29767
2021-01-02;"Košický kraj";88;440;52;492;NA;100999;140;2021-01-02;29627
2021-01-01;"Košický kraj";398;725;49;774;NA;100999;447;2021-01-01;29487
2020-12-31;"Košický kraj";625;7509;453;7962;NA;100999;1078;2020-12-31;29040
2020-12-30;"Košický kraj";590;6076;395;6471;NA;100999;985;2020-12-30;27962
2020-12-29;"Košický kraj";419;7454;596;8050;NA;100999;1015;2020-12-29;26977
2020-12-28;"Košický kraj";356;7933;756;8689;NA;100999;1112;2020-12-28;25962
2020-12-27;"Košický kraj";159;147;16;163;NA;100999;175;2020-12-27;24850
2020-12-26;"Košický kraj";163;274;23;297;NA;100999;186;2020-12-26;24675
2020-12-25;"Košický kraj";237;140;10;150;NA;100999;247;2020-12-25;24489
2020-12-24;"Košický kraj";564;1470;90;1560;NA;100999;654;2020-12-24;24242
2020-12-23;"Košický kraj";304;7339;327;7666;NA;100999;631;2020-12-23;23588
2020-12-22;"Košický kraj";438;7284;429;7713;NA;100999;867;2020-12-22;22957
2020-12-21;"Košický kraj";405;6703;504;7207;NA;100999;909;2020-12-21;22090
2020-12-20;"Košický kraj";215;73;11;84;NA;100999;226;2020-12-20;21181
2020-12-19;"Košický kraj";207;1309;63;1372;NA;100999;270;2020-12-19;20955
2020-12-18;"Košický kraj";310;7707;292;7999;NA;100999;602;2020-12-18;20685
2020-12-17;"Košický kraj";463;5101;253;5354;NA;100999;716;2020-12-17;20083
2020-12-16;"Košický kraj";455;5725;295;6020;NA;100999;750;2020-12-16;19367
2020-12-15;"Košický kraj";319;4787;327;5114;NA;100999;646;2020-12-15;18617
2020-12-14;"Košický kraj";256;2905;225;3130;NA;100999;481;2020-12-14;17971
2020-12-13;"Košický kraj";47;181;2;183;NA;100999;49;2020-12-13;17490
2020-12-12;"Košický kraj";369;1587;118;1705;NA;100999;487;2020-12-12;17441
2020-12-11;"Košický kraj";354;5328;256;5584;NA;100999;610;2020-12-11;16954
2020-12-10;"Košický kraj";283;3987;174;4161;NA;100999;457;2020-12-10;16344
2020-12-09;"Košický kraj";279;3786;166;3952;NA;100999;445;2020-12-09;15887
2020-12-08;"Košický kraj";226;4105;355;4460;NA;100999;581;2020-12-08;15442
2020-12-07;"Košický kraj";270;2383;106;2489;NA;100999;376;2020-12-07;14861
2020-12-06;"Košický kraj";121;97;20;117;NA;100999;141;2020-12-06;14485
2020-12-05;"Košický kraj";90;1096;48;1144;NA;100999;138;2020-12-05;14344
2020-12-04;"Košický kraj";224;2680;82;2762;NA;100999;306;2020-12-04;14206
2020-12-03;"Košický kraj";211;7717;173;7890;NA;100999;384;2020-12-03;13900
2020-12-02;"Košický kraj";193;8132;496;8628;NA;100999;689;2020-12-02;13516
2020-12-01;"Košický kraj";178;2237;124;2361;NA;100999;302;2020-12-01;12827
2020-11-30;"Košický kraj";171;3598;59;3657;NA;100999;230;2020-11-30;12525
2020-11-29;"Košický kraj";31;325;17;342;NA;100999;48;2020-11-29;12295
2020-11-28;"Košický kraj";69;721;52;773;NA;100999;121;2020-11-28;12247
2020-11-27;"Košický kraj";149;2921;78;2999;NA;100999;227;2020-11-27;12126
2020-11-26;"Košický kraj";239;1234;60;1294;NA;100999;299;2020-11-26;11899
2020-11-25;"Košický kraj";237;1785;123;1908;NA;100999;360;2020-11-25;11600
2020-11-24;"Košický kraj";196;1976;67;2043;NA;100999;263;2020-11-24;11240
2020-11-23;"Košický kraj";51;4115;63;4178;NA;100999;114;2020-11-23;10977
2020-11-22;"Košický kraj";57;57;5;62;NA;100999;62;2020-11-22;10863
2020-11-21;"Košický kraj";87;858;36;894;NA;100999;123;2020-11-21;10801
2020-11-20;"Košický kraj";176;3084;49;3133;NA;100999;225;2020-11-20;10678
2020-11-19;"Košický kraj";206;1736;48;1784;NA;100999;254;2020-11-19;10453
2020-11-18;"Košický kraj";122;532;17;549;NA;100999;139;2020-11-18;10199
2020-11-17;"Košický kraj";152;82;9;91;NA;100999;161;2020-11-17;10060
2020-11-16;"Košický kraj";114;596;27;623;NA;100999;141;2020-11-16;9899
2020-11-15;"Košický kraj";15;338;7;345;NA;100999;22;2020-11-15;9758
2020-11-14;"Košický kraj";234;520;12;532;NA;100999;246;2020-11-14;9736
2020-11-13;"Košický kraj";207;664;29;693;NA;100999;236;2020-11-13;9490
2020-11-12;"Košický kraj";192;736;13;749;NA;100999;205;2020-11-12;9254
2020-11-11;"Košický kraj";301;593;7;600;NA;100999;308;2020-11-11;9049
2020-11-10;"Košický kraj";190;541;11;552;NA;100999;201;2020-11-10;8741
2020-11-09;"Košický kraj";129;380;17;397;NA;100999;146;2020-11-09;8540
2020-11-08;"Košický kraj";78;1306;8;1314;NA;100999;86;2020-11-08;8394
2020-11-07;"Košický kraj";192;3909;22;3931;NA;100999;214;2020-11-07;8308
2020-11-06;"Košický kraj";195;5310;34;5344;NA;100999;229;2020-11-06;8094
2020-11-05;"Košický kraj";342;330;31;361;NA;100999;373;2020-11-05;7865
2020-11-04;"Košický kraj";101;154;6;160;NA;100999;107;2020-11-04;7492
2020-11-03;"Košický kraj";358;1122;13;1135;NA;100999;371;2020-11-03;7385
2020-11-02;"Košický kraj";111;6125;56;6181;NA;100999;167;2020-11-02;7014
2020-11-01;"Košický kraj";346;6522;34;6556;NA;100999;380;2020-11-01;6847
2020-10-31;"Košický kraj";82;14035;106;14141;NA;100999;188;2020-10-31;6467
2020-10-30;"Košický kraj";379;2835;27;2862;NA;100999;406;2020-10-30;6279
2020-10-29;"Košický kraj";333;983;13;996;NA;100999;346;2020-10-29;5873
2020-10-28;"Košický kraj";224;305;13;318;NA;100999;237;2020-10-28;5527
2020-10-27;"Košický kraj";386;439;21;460;NA;100999;407;2020-10-27;5290
2020-10-26;"Košický kraj";56;212;12;224;NA;100999;68;2020-10-26;4883
2020-10-25;"Košický kraj";154;79;2;81;NA;100999;156;2020-10-25;4815
2020-10-24;"Košický kraj";313;118;16;134;NA;100999;329;2020-10-24;4659
2020-10-23;"Košický kraj";315;331;8;339;NA;100999;323;2020-10-23;4330
2020-10-22;"Košický kraj";349;530;16;546;NA;100999;365;2020-10-22;4007
2020-10-21;"Košický kraj";129;84;2;86;NA;100999;131;2020-10-21;3642
2020-10-20;"Košický kraj";181;14;1;15;NA;100999;182;2020-10-20;3511
2020-10-19;"Košický kraj";64;38;1;39;NA;100999;65;2020-10-19;3329
2020-10-18;"Košický kraj";158;0;0;0;NA;100999;158;2020-10-18;3264
2020-10-17;"Košický kraj";142;0;0;0;NA;100999;142;2020-10-17;3106
2020-10-16;"Košický kraj";206;19;0;19;NA;100999;206;2020-10-16;2964
2020-10-15;"Košický kraj";177;19;5;24;NA;100999;182;2020-10-15;2758
2020-10-14;"Košický kraj";211;8;0;8;NA;100999;211;2020-10-14;2576
2020-10-13;"Košický kraj";179;80;3;83;NA;100999;182;2020-10-13;2365
2020-10-12;"Košický kraj";74;0;0;0;NA;100999;74;2020-10-12;2183
2020-10-11;"Košický kraj";121;0;0;0;NA;100999;121;2020-10-11;2109
2020-10-10;"Košický kraj";70;0;0;0;NA;100999;70;2020-10-10;1988
2020-10-09;"Košický kraj";188;0;0;0;NA;100999;188;2020-10-09;1918
2020-10-08;"Košický kraj";102;0;0;0;NA;100999;102;2020-10-08;1730
2020-10-07;"Košický kraj";158;0;0;0;NA;100999;158;2020-10-07;1628
2020-10-06;"Košický kraj";70;0;0;0;NA;100999;70;2020-10-06;1470
2020-10-05;"Košický kraj";39;0;0;0;NA;100999;39;2020-10-05;1400
2020-10-04;"Košický kraj";45;0;0;0;NA;100999;45;2020-10-04;1361
2020-10-03;"Košický kraj";105;0;0;0;NA;100999;105;2020-10-03;1316
2020-10-02;"Košický kraj";57;0;0;0;NA;100999;57;2020-10-02;1211
2020-10-01;"Košický kraj";69;0;0;0;NA;100999;69;2020-10-01;1154
2020-09-30;"Košický kraj";95;0;0;0;NA;100999;95;2020-09-30;1085
2020-09-29;"Košický kraj";75;0;0;0;NA;100999;75;2020-09-29;990
2020-09-28;"Košický kraj";19;0;0;0;NA;100999;19;2020-09-28;915
2020-09-27;"Košický kraj";21;0;0;0;NA;100999;21;2020-09-27;896
2020-09-26;"Košický kraj";53;0;0;0;NA;100999;53;2020-09-26;875
2020-09-25;"Košický kraj";72;0;0;0;NA;100999;72;2020-09-25;822
2020-09-24;"Košický kraj";35;0;0;0;NA;100999;35;2020-09-24;750
2020-09-23;"Košický kraj";23;0;0;0;NA;100999;23;2020-09-23;715
2020-09-22;"Košický kraj";39;0;0;0;NA;100999;39;2020-09-22;692
2020-09-21;"Košický kraj";5;0;0;0;NA;100999;5;2020-09-21;653
2020-09-20;"Košický kraj";3;0;0;0;NA;100999;3;2020-09-20;648
2020-09-19;"Košický kraj";13;0;0;0;NA;100999;13;2020-09-19;645
2020-09-18;"Košický kraj";20;0;0;0;NA;100999;20;2020-09-18;632
2020-09-17;"Košický kraj";22;0;0;0;NA;100999;22;2020-09-17;612
2020-09-16;"Košický kraj";12;0;0;0;NA;100999;12;2020-09-16;590
2020-09-15;"Košický kraj";10;0;0;0;NA;100999;10;2020-09-15;578
2020-09-14;"Košický kraj";6;0;0;0;NA;100999;6;2020-09-14;568
2020-09-13;"Košický kraj";3;0;0;0;NA;100999;3;2020-09-13;562
2020-09-12;"Košický kraj";16;0;0;0;NA;100999;16;2020-09-12;559
2020-09-11;"Košický kraj";20;0;0;0;NA;100999;20;2020-09-11;543
2020-09-10;"Košický kraj";11;0;0;0;NA;100999;11;2020-09-10;523
2020-09-09;"Košický kraj";37;0;0;0;NA;100999;37;2020-09-09;512
2020-09-08;"Košický kraj";10;0;0;0;NA;100999;10;2020-09-08;475
2020-09-07;"Košický kraj";4;0;0;0;NA;100999;4;2020-09-07;465
2020-09-06;"Košický kraj";2;0;0;0;NA;100999;2;2020-09-06;461
2020-09-05;"Košický kraj";10;0;0;0;NA;100999;10;2020-09-05;459
2020-09-04;"Košický kraj";14;0;0;0;NA;100999;14;2020-09-04;449
2020-09-03;"Košický kraj";22;0;0;0;NA;100999;22;2020-09-03;435
2020-09-02;"Košický kraj";13;0;0;0;NA;100999;13;2020-09-02;413
2020-09-01;"Košický kraj";21;0;0;0;NA;100999;21;2020-09-01;400
2020-08-31;"Košický kraj";9;0;0;0;NA;100999;9;2020-08-31;379
2020-08-30;"Košický kraj";21;0;0;0;NA;100999;21;2020-08-30;370
2020-08-29;"Košický kraj";1;0;0;0;NA;100999;1;2020-08-29;349
2020-08-28;"Košický kraj";19;0;0;0;NA;100999;19;2020-08-28;348
2020-08-27;"Košický kraj";15;0;0;0;NA;100999;15;2020-08-27;329
2020-08-26;"Košický kraj";8;0;0;0;NA;100999;8;2020-08-26;314
2020-08-25;"Košický kraj";23;0;0;0;NA;100999;23;2020-08-25;306
2020-08-24;"Košický kraj";6;0;0;0;NA;100999;6;2020-08-24;283
2020-08-23;"Košický kraj";8;0;0;0;NA;100999;8;2020-08-23;277
2020-08-22;"Košický kraj";13;0;0;0;NA;100999;13;2020-08-22;269
2020-08-21;"Košický kraj";10;0;0;0;NA;100999;10;2020-08-21;256
2020-08-20;"Košický kraj";10;0;0;0;NA;100999;10;2020-08-20;246
2020-08-19;"Košický kraj";3;0;0;0;NA;100999;3;2020-08-19;236
2020-08-18;"Košický kraj";7;0;0;0;NA;100999;7;2020-08-18;233
2020-08-17;"Košický kraj";2;0;0;0;NA;100999;2;2020-08-17;226
2020-08-16;"Košický kraj";2;0;0;0;NA;100999;2;2020-08-16;224
2020-08-15;"Košický kraj";3;0;0;0;NA;100999;3;2020-08-15;222
2020-08-14;"Košický kraj";1;0;0;0;NA;100999;1;2020-08-14;219
2020-08-13;"Košický kraj";3;0;0;0;NA;100999;3;2020-08-13;218
2020-08-12;"Košický kraj";12;0;0;0;NA;100999;12;2020-08-12;215
2020-08-11;"Košický kraj";5;0;0;0;NA;100999;5;2020-08-11;203
2020-08-10;"Košický kraj";1;0;0;0;NA;100999;1;2020-08-10;198
2020-08-09;"Košický kraj";0;0;0;0;NA;100999;0;2020-08-09;197
2020-08-08;"Košický kraj";5;0;0;0;NA;100999;5;2020-08-08;197
2020-08-07;"Košický kraj";7;0;0;0;NA;100999;7;2020-08-07;192
2020-08-06;"Košický kraj";3;0;0;0;NA;100999;3;2020-08-06;185
2020-08-05;"Košický kraj";4;0;0;0;NA;100999;4;2020-08-05;182
2020-08-04;"Košický kraj";1;0;0;0;NA;100999;1;2020-08-04;178
2020-08-03;"Košický kraj";1;0;0;0;NA;100999;1;2020-08-03;177
2020-08-02;"Košický kraj";0;0;0;0;NA;100999;0;2020-08-02;176
2020-08-01;"Košický kraj";0;0;0;0;NA;100999;0;2020-08-01;176
2020-07-31;"Košický kraj";0;0;0;0;NA;100999;0;2020-07-31;176
2020-07-30;"Košický kraj";2;0;0;0;NA;100999;2;2020-07-30;176
2020-07-29;"Košický kraj";1;0;0;0;NA;100999;1;2020-07-29;174
2020-07-28;"Košický kraj";9;0;0;0;NA;100999;9;2020-07-28;173
2020-07-27;"Košický kraj";4;0;0;0;NA;100999;4;2020-07-27;164
2020-07-26;"Košický kraj";0;0;0;0;NA;100999;0;2020-07-26;160
2020-07-25;"Košický kraj";2;0;0;0;NA;100999;2;2020-07-25;160
2020-07-24;"Košický kraj";2;0;0;0;NA;100999;2;2020-07-24;158
2020-07-23;"Košický kraj";1;0;0;0;NA;100999;1;2020-07-23;156
2020-07-22;"Košický kraj";1;0;0;0;NA;100999;1;2020-07-22;155
2020-07-21;"Košický kraj";0;0;0;0;NA;100999;0;2020-07-21;154
2020-07-20;"Košický kraj";0;0;0;0;NA;100999;0;2020-07-20;154
2020-07-19;"Košický kraj";0;0;0;0;NA;100999;0;2020-07-19;154
2020-07-18;"Košický kraj";1;0;0;0;NA;100999;1;2020-07-18;154
2020-07-17;"Košický kraj";1;0;0;0;NA;100999;1;2020-07-17;153
2020-07-16;"Košický kraj";0;0;0;0;NA;100999;0;2020-07-16;152
2020-07-15;"Košický kraj";2;0;0;0;NA;100999;2;2020-07-15;152
2020-07-14;"Košický kraj";1;0;0;0;NA;100999;1;2020-07-14;150
2020-07-13;"Košický kraj";1;0;0;0;NA;100999;1;2020-07-13;149
2020-07-12;"Košický kraj";0;0;0;0;NA;100999;0;2020-07-12;148
2020-07-11;"Košický kraj";0;0;0;0;NA;100999;0;2020-07-11;148
2020-07-10;"Košický kraj";1;0;0;0;NA;100999;1;2020-07-10;148
2020-07-09;"Košický kraj";1;0;0;0;NA;100999;1;2020-07-09;147
2020-07-08;"Košický kraj";12;0;0;0;NA;100999;12;2020-07-08;146
2020-07-07;"Košický kraj";0;0;0;0;NA;100999;0;2020-07-07;134
2020-07-06;"Košický kraj";0;0;0;0;NA;100999;0;2020-07-06;134
2020-07-05;"Košický kraj";0;0;0;0;NA;100999;0;2020-07-05;134
2020-07-04;"Košický kraj";0;0;0;0;NA;100999;0;2020-07-04;134
2020-07-03;"Košický kraj";1;0;0;0;NA;100999;1;2020-07-03;134
2020-07-02;"Košický kraj";0;0;0;0;NA;100999;0;2020-07-02;133
2020-07-01;"Košický kraj";1;0;0;0;NA;100999;1;2020-07-01;133
2020-06-30;"Košický kraj";0;0;0;0;NA;100999;0;2020-06-30;132
2020-06-29;"Košický kraj";0;0;0;0;NA;100999;0;2020-06-29;132
2020-06-28;"Košický kraj";0;0;0;0;NA;100999;0;2020-06-28;132
2020-06-27;"Košický kraj";0;0;0;0;NA;100999;0;2020-06-27;132
2020-06-26;"Košický kraj";0;0;0;0;NA;100999;0;2020-06-26;132
2020-06-25;"Košický kraj";3;0;0;0;NA;100999;3;2020-06-25;132
2020-06-24;"Košický kraj";3;0;0;0;NA;100999;3;2020-06-24;129
2020-06-23;"Košický kraj";3;0;0;0;NA;100999;3;2020-06-23;126
2020-06-22;"Košický kraj";0;0;0;0;NA;100999;0;2020-06-22;123
2020-06-21;"Košický kraj";0;0;0;0;NA;100999;0;2020-06-21;123
2020-06-20;"Košický kraj";0;0;0;0;NA;100999;0;2020-06-20;123
2020-06-19;"Košický kraj";0;0;0;0;NA;100999;0;2020-06-19;123
2020-06-18;"Košický kraj";1;0;0;0;NA;100999;1;2020-06-18;123
2020-06-17;"Košický kraj";0;0;0;0;NA;100999;0;2020-06-17;122
2020-06-16;"Košický kraj";2;0;0;0;NA;100999;2;2020-06-16;122
2020-06-14;"Košický kraj";0;0;0;0;NA;100999;0;2020-06-14;120
2020-06-13;"Košický kraj";0;0;0;0;NA;100999;0;2020-06-13;120
2020-06-12;"Košický kraj";0;0;0;0;NA;100999;0;2020-06-12;120
2020-06-11;"Košický kraj";0;0;0;0;NA;100999;0;2020-06-11;120
2020-06-10;"Košický kraj";6;0;0;0;NA;100999;6;2020-06-10;120
2020-06-09;"Košický kraj";0;0;0;0;NA;100999;0;2020-06-09;114
2020-06-08;"Košický kraj";0;0;0;0;NA;100999;0;2020-06-08;114
2020-06-07;"Košický kraj";2;0;0;0;NA;100999;2;2020-06-07;114
2020-06-05;"Košický kraj";0;0;0;0;NA;100999;0;2020-06-05;112
2020-06-03;"Košický kraj";0;0;0;0;NA;100999;0;2020-06-03;112
2020-06-02;"Košický kraj";1;0;0;0;NA;100999;1;2020-06-02;112
2020-05-31;"Košický kraj";0;0;0;0;NA;100999;0;2020-05-31;111
2020-05-29;"Košický kraj";1;0;0;0;NA;100999;1;2020-05-29;111
2020-05-27;"Košický kraj";0;0;0;0;NA;100999;0;2020-05-27;110
2020-05-26;"Košický kraj";1;0;0;0;NA;100999;1;2020-05-26;110
2020-05-25;"Košický kraj";1;0;0;0;NA;100999;1;2020-05-25;109
2020-05-24;"Košický kraj";0;0;0;0;NA;100999;0;2020-05-24;108
2020-05-23;"Košický kraj";0;0;0;0;NA;100999;0;2020-05-23;108
2020-05-22;"Košický kraj";0;0;0;0;NA;100999;0;2020-05-22;108
2020-05-21;"Košický kraj";0;0;0;0;NA;100999;0;2020-05-21;108
2020-05-20;"Košický kraj";3;0;0;0;NA;100999;3;2020-05-20;108
2020-05-19;"Košický kraj";0;0;0;0;NA;100999;0;2020-05-19;105
2020-05-17;"Košický kraj";1;0;0;0;NA;100999;1;2020-05-17;105
2020-05-16;"Košický kraj";1;0;0;0;NA;100999;1;2020-05-16;104
2020-05-15;"Košický kraj";10;0;0;0;NA;100999;10;2020-05-15;103
2020-05-14;"Košický kraj";1;0;0;0;NA;100999;1;2020-05-14;93
2020-05-13;"Košický kraj";6;0;0;0;NA;100999;6;2020-05-13;92
2020-05-12;"Košický kraj";0;0;0;0;NA;100999;0;2020-05-12;86
2020-05-11;"Košický kraj";0;0;0;0;NA;100999;0;2020-05-11;86
2020-05-09;"Košický kraj";0;0;0;0;NA;100999;0;2020-05-09;86
2020-05-07;"Košický kraj";0;0;0;0;NA;100999;0;2020-05-07;86
2020-05-06;"Košický kraj";1;0;0;0;NA;100999;1;2020-05-06;86
2020-05-05;"Košický kraj";0;0;0;0;NA;100999;0;2020-05-05;85
2020-05-04;"Košický kraj";0;0;0;0;NA;100999;0;2020-05-04;85
2020-05-03;"Košický kraj";0;0;0;0;NA;100999;0;2020-05-03;85
2020-05-02;"Košický kraj";1;0;0;0;NA;100999;1;2020-05-02;85
2020-05-01;"Košický kraj";0;0;0;0;NA;100999;0;2020-05-01;84
2020-04-30;"Košický kraj";1;0;0;0;NA;100999;1;2020-04-30;84
2020-04-29;"Košický kraj";1;0;0;0;NA;100999;1;2020-04-29;83
2020-04-28;"Košický kraj";1;0;0;0;NA;100999;1;2020-04-28;82
2020-04-27;"Košický kraj";1;0;0;0;NA;100999;1;2020-04-27;81
2020-04-26;"Košický kraj";0;0;0;0;NA;100999;0;2020-04-26;80
2020-04-25;"Košický kraj";0;0;0;0;NA;100999;0;2020-04-25;80
2020-04-24;"Košický kraj";3;0;0;0;NA;100999;3;2020-04-24;80
2020-04-23;"Košický kraj";4;0;0;0;NA;100999;4;2020-04-23;77
2020-04-22;"Košický kraj";21;0;0;0;NA;100999;21;2020-04-22;73
2020-04-21;"Košický kraj";4;0;0;0;NA;100999;4;2020-04-21;52
2020-04-20;"Košický kraj";0;0;0;0;NA;100999;0;2020-04-20;48
2020-04-19;"Košický kraj";1;0;0;0;NA;100999;1;2020-04-19;48
2020-04-18;"Košický kraj";2;0;0;0;NA;100999;2;2020-04-18;47
2020-04-17;"Košický kraj";7;0;0;0;NA;100999;7;2020-04-17;45
2020-04-16;"Košický kraj";29;0;0;0;NA;100999;29;2020-04-16;38
2020-04-15;"Košický kraj";50;0;0;0;NA;100999;50;2020-04-15;9
2020-04-14;"Košický kraj";4;0;0;0;NA;100999;4;2020-04-14;-41
2020-04-13;"Košický kraj";5;0;0;0;NA;100999;5;2020-04-13;-45
2020-04-12;"Košický kraj";4;0;0;0;NA;100999;4;2020-04-12;-50
2020-04-11;"Košický kraj";2;0;0;0;NA;100999;2;2020-04-11;-54
2020-04-10;"Košický kraj";1;0;0;0;NA;100999;1;2020-04-10;-56
2020-04-09;"Košický kraj";4;0;0;0;NA;100999;4;2020-04-09;-57
2020-04-08;"Košický kraj";5;0;0;0;NA;100999;5;2020-04-08;-61
2020-04-07;"Košický kraj";34;0;0;0;NA;100999;34;2020-04-07;-66
2020-04-06;"Košický kraj";6;0;0;0;NA;100999;6;2020-04-06;-100
2020-04-05;"Košický kraj";4;0;0;0;NA;100999;4;2020-04-05;-106
2020-04-04;"Košický kraj";5;0;0;0;NA;100999;5;2020-04-04;-110
2020-04-03;"Košický kraj";4;0;0;0;NA;100999;4;2020-04-03;-115
2020-04-02;"Košický kraj";3;0;0;0;NA;100999;3;2020-04-02;-119
2020-04-01;"Košický kraj";3;0;0;0;NA;100999;3;2020-04-01;-122
2020-03-31;"Košický kraj";1;0;0;0;NA;100999;1;2020-03-31;-125
2020-03-30;"Košický kraj";5;0;0;0;NA;100999;5;2020-03-30;-126
2020-03-29;"Košický kraj";0;0;0;0;NA;100999;0;2020-03-29;-131
2020-03-28;"Košický kraj";1;0;0;0;NA;100999;1;2020-03-28;-131
2020-03-27;"Košický kraj";1;0;0;0;NA;100999;1;2020-03-27;-132
2020-03-26;"Košický kraj";3;0;0;0;NA;100999;3;2020-03-26;-133
2020-03-25;"Košický kraj";2;0;0;0;NA;100999;2;2020-03-25;-136
2020-03-24;"Košický kraj";0;0;0;0;NA;100999;0;2020-03-24;-138
2020-03-23;"Košický kraj";2;0;0;0;NA;100999;2;2020-03-23;-138
2020-03-22;"Košický kraj";0;0;0;0;NA;100999;0;2020-03-22;-140
2020-03-21;"Košický kraj";3;0;0;0;NA;100999;3;2020-03-21;-140
2020-03-20;"Košický kraj";1;0;0;0;NA;100999;1;2020-03-20;-143
2020-03-19;"Košický kraj";0;0;0;0;NA;100999;0;2020-03-19;-144
2020-03-18;"Košický kraj";0;0;0;0;NA;100999;0;2020-03-18;-144
2020-03-17;"Košický kraj";0;0;0;0;NA;100999;0;2020-03-17;-144
2020-03-16;"Košický kraj";3;0;0;0;NA;100999;3;2020-03-16;-144
2020-03-15;"Košický kraj";1;0;0;0;NA;100999;1;2020-03-15;-147
2020-03-14;"Košický kraj";0;0;0;0;NA;100999;0;2020-03-14;-148
2020-03-13;"Košický kraj";2;0;0;0;NA;100999;2;2020-03-13;-148
2020-03-12;"Košický kraj";0;0;0;0;NA;100999;0;2020-03-12;-150
2020-03-11;"Košický kraj";0;0;0;0;NA;100999;0;2020-03-11;-150
2020-03-09;"Košický kraj";1;0;0;0;NA;100999;1;2020-03-09;-150
2020-03-08;"Košický kraj";0;0;0;0;NA;100999;0;2020-03-08;-151
2020-03-07;"Košický kraj";0;0;0;0;NA;100999;0;2020-03-07;-151
2020-03-06;"Košický kraj";0;0;0;0;NA;100999;0;2020-03-06;-151
2021-09-22;"Nitriansky kraj";68;1438;6;1444;40110;93449;74;2021-09-22;93449
2021-09-21;"Nitriansky kraj";70;2198;27;2225;NA;93449;97;2021-09-21;93375
2021-09-20;"Nitriansky kraj";41;1899;15;1914;NA;93449;56;2021-09-20;93278
2021-09-19;"Nitriansky kraj";16;1107;14;1121;NA;93449;30;2021-09-19;93222
2021-09-18;"Nitriansky kraj";42;1016;9;1025;NA;93449;51;2021-09-18;93192
2021-09-17;"Nitriansky kraj";54;2099;15;2114;NA;93449;69;2021-09-17;93141
2021-09-16;"Nitriansky kraj";55;1926;36;1962;NA;93449;91;2021-09-16;93072
2021-09-15;"Nitriansky kraj";34;533;11;544;NA;93449;45;2021-09-15;92981
2021-09-14;"Nitriansky kraj";52;1802;20;1822;NA;93449;72;2021-09-14;92936
2021-09-13;"Nitriansky kraj";27;2337;27;2364;NA;93449;54;2021-09-13;92864
2021-09-12;"Nitriansky kraj";4;1161;16;1177;NA;93449;20;2021-09-12;92810
2021-09-11;"Nitriansky kraj";36;1164;8;1172;NA;93449;44;2021-09-11;92790
2021-09-10;"Nitriansky kraj";25;2108;12;2120;NA;93449;37;2021-09-10;92746
2021-09-09;"Nitriansky kraj";15;1597;19;1616;NA;93449;34;2021-09-09;92709
2021-09-08;"Nitriansky kraj";30;1459;22;1481;NA;93449;52;2021-09-08;92675
2021-09-07;"Nitriansky kraj";35;1448;9;1457;NA;93449;44;2021-09-07;92623
2021-09-06;"Nitriansky kraj";19;1665;27;1692;NA;93449;46;2021-09-06;92579
2021-09-05;"Nitriansky kraj";10;989;6;995;NA;93449;16;2021-09-05;92533
2021-09-04;"Nitriansky kraj";18;1114;10;1124;NA;93449;28;2021-09-04;92517
2021-09-03;"Nitriansky kraj";20;1724;17;1741;NA;93449;37;2021-09-03;92489
2021-09-02;"Nitriansky kraj";16;1355;14;1369;NA;93449;30;2021-09-02;92452
2021-09-01;"Nitriansky kraj";9;308;2;310;NA;93449;11;2021-09-01;92422
2021-08-31;"Nitriansky kraj";10;1352;6;1358;NA;93449;16;2021-08-31;92411
2021-08-30;"Nitriansky kraj";8;1350;10;1360;NA;93449;18;2021-08-30;92395
2021-08-29;"Nitriansky kraj";2;436;1;437;NA;93449;3;2021-08-29;92377
2021-08-28;"Nitriansky kraj";5;1041;3;1044;NA;93449;8;2021-08-28;92374
2021-08-27;"Nitriansky kraj";7;1789;4;1793;NA;93449;11;2021-08-27;92366
2021-08-26;"Nitriansky kraj";2;1243;6;1249;NA;93449;8;2021-08-26;92355
2021-08-25;"Nitriansky kraj";15;1075;3;1078;NA;93449;18;2021-08-25;92347
2021-08-24;"Nitriansky kraj";6;980;2;982;NA;93449;8;2021-08-24;92329
2021-08-23;"Nitriansky kraj";13;1249;4;1253;NA;93449;17;2021-08-23;92321
2021-08-22;"Nitriansky kraj";0;1150;3;1153;NA;93449;3;2021-08-22;92304
2021-08-21;"Nitriansky kraj";1;831;2;833;NA;93449;3;2021-08-21;92301
2021-08-20;"Nitriansky kraj";8;1556;5;1561;NA;93449;13;2021-08-20;92298
2021-08-19;"Nitriansky kraj";11;1156;4;1160;NA;93449;15;2021-08-19;92285
2021-08-18;"Nitriansky kraj";8;1162;7;1169;NA;93449;15;2021-08-18;92270
2021-08-17;"Nitriansky kraj";4;1016;3;1019;NA;93449;7;2021-08-17;92255
2021-08-16;"Nitriansky kraj";7;1086;4;1090;NA;93449;11;2021-08-16;92248
2021-08-15;"Nitriansky kraj";2;628;1;629;NA;93449;3;2021-08-15;92237
2021-08-14;"Nitriansky kraj";1;851;5;856;NA;93449;6;2021-08-14;92234
2021-08-13;"Nitriansky kraj";0;933;1;934;NA;93449;1;2021-08-13;92228
2021-08-12;"Nitriansky kraj";5;730;0;730;NA;93449;5;2021-08-12;92227
2021-08-11;"Nitriansky kraj";3;499;1;500;NA;93449;4;2021-08-11;92222
2021-08-10;"Nitriansky kraj";3;557;1;558;NA;93449;4;2021-08-10;92218
2021-08-09;"Nitriansky kraj";3;983;1;984;NA;93449;4;2021-08-09;92214
2021-08-08;"Nitriansky kraj";0;658;1;659;NA;93449;1;2021-08-08;92210
2021-08-07;"Nitriansky kraj";0;540;1;541;NA;93449;1;2021-08-07;92209
2021-08-06;"Nitriansky kraj";5;783;0;783;NA;93449;5;2021-08-06;92208
2021-08-05;"Nitriansky kraj";6;603;0;603;NA;93449;6;2021-08-05;92203
2021-08-04;"Nitriansky kraj";1;486;2;488;NA;93449;3;2021-08-04;92197
2021-08-03;"Nitriansky kraj";5;1455;0;1455;NA;93449;5;2021-08-03;92194
2021-08-02;"Nitriansky kraj";1;683;4;687;NA;93449;5;2021-08-02;92189
2021-08-01;"Nitriansky kraj";1;606;0;606;NA;93449;1;2021-08-01;92184
2021-07-31;"Nitriansky kraj";1;514;1;515;NA;93449;2;2021-07-31;92183
2021-07-30;"Nitriansky kraj";2;758;0;758;NA;93449;2;2021-07-30;92181
2021-07-29;"Nitriansky kraj";3;720;2;722;NA;93449;5;2021-07-29;92179
2021-07-28;"Nitriansky kraj";4;598;0;598;NA;93449;4;2021-07-28;92174
2021-07-27;"Nitriansky kraj";12;602;1;603;NA;93449;13;2021-07-27;92170
2021-07-26;"Nitriansky kraj";7;970;1;971;NA;93449;8;2021-07-26;92157
2021-07-25;"Nitriansky kraj";1;654;1;655;NA;93449;2;2021-07-25;92149
2021-07-24;"Nitriansky kraj";0;620;0;620;NA;93449;0;2021-07-24;92147
2021-07-23;"Nitriansky kraj";3;845;1;846;NA;93449;4;2021-07-23;92147
2021-07-22;"Nitriansky kraj";5;689;0;689;NA;93449;5;2021-07-22;92143
2021-07-21;"Nitriansky kraj";6;650;2;652;NA;93449;8;2021-07-21;92138
2021-07-20;"Nitriansky kraj";1;527;1;528;NA;93449;2;2021-07-20;92130
2021-07-19;"Nitriansky kraj";2;965;0;965;NA;93449;2;2021-07-19;92128
2021-07-18;"Nitriansky kraj";1;747;0;747;NA;93449;1;2021-07-18;92126
2021-07-17;"Nitriansky kraj";5;612;0;612;NA;93449;5;2021-07-17;92125
2021-07-16;"Nitriansky kraj";2;876;0;876;NA;93449;2;2021-07-16;92120
2021-07-15;"Nitriansky kraj";11;708;0;708;NA;93449;11;2021-07-15;92118
2021-07-14;"Nitriansky kraj";4;646;0;646;NA;93449;4;2021-07-14;92107
2021-07-13;"Nitriansky kraj";2;697;2;699;NA;93449;4;2021-07-13;92103
2021-07-12;"Nitriansky kraj";1;819;0;819;NA;93449;1;2021-07-12;92099
2021-07-11;"Nitriansky kraj";1;961;0;961;NA;93449;1;2021-07-11;92098
2021-07-10;"Nitriansky kraj";1;630;0;630;NA;93449;1;2021-07-10;92097
2021-07-09;"Nitriansky kraj";3;1000;0;1000;NA;93449;3;2021-07-09;92096
2021-07-08;"Nitriansky kraj";0;683;0;683;NA;93449;0;2021-07-08;92093
2021-07-07;"Nitriansky kraj";2;935;2;937;NA;93449;4;2021-07-07;92093
2021-07-06;"Nitriansky kraj";1;1269;1;1270;NA;93449;2;2021-07-06;92089
2021-07-05;"Nitriansky kraj";1;507;0;507;NA;93449;1;2021-07-05;92087
2021-07-04;"Nitriansky kraj";0;821;1;822;NA;93449;1;2021-07-04;92086
2021-07-03;"Nitriansky kraj";0;611;0;611;NA;93449;0;2021-07-03;92085
2021-07-02;"Nitriansky kraj";0;1178;0;1178;NA;93449;0;2021-07-02;92085
2021-07-01;"Nitriansky kraj";0;316;1;317;NA;93449;1;2021-07-01;92085
2021-06-30;"Nitriansky kraj";1;6702;2;6704;NA;93449;3;2021-06-30;92084
2021-06-29;"Nitriansky kraj";1;3536;0;3536;NA;93449;1;2021-06-29;92081
2021-06-28;"Nitriansky kraj";3;4393;0;4393;NA;93449;3;2021-06-28;92080
2021-06-27;"Nitriansky kraj";0;3263;0;3263;NA;93449;0;2021-06-27;92077
2021-06-26;"Nitriansky kraj";1;4845;2;4847;NA;93449;3;2021-06-26;92077
2021-06-25;"Nitriansky kraj";8;5174;1;5175;NA;93449;9;2021-06-25;92074
2021-06-24;"Nitriansky kraj";1;3354;0;3354;NA;93449;1;2021-06-24;92065
2021-06-23;"Nitriansky kraj";1;3033;0;3033;NA;93449;1;2021-06-23;92064
2021-06-22;"Nitriansky kraj";1;3240;3;3243;NA;93449;4;2021-06-22;92063
2021-06-21;"Nitriansky kraj";8;5362;8;5370;NA;93449;16;2021-06-21;92059
2021-06-20;"Nitriansky kraj";0;4437;6;4443;NA;93449;6;2021-06-20;92043
2021-06-19;"Nitriansky kraj";0;5750;4;5754;NA;93449;4;2021-06-19;92037
2021-06-18;"Nitriansky kraj";4;6453;3;6456;NA;93449;7;2021-06-18;92033
2021-06-17;"Nitriansky kraj";5;4152;1;4153;NA;93449;6;2021-06-17;92026
2021-06-16;"Nitriansky kraj";4;3694;3;3697;NA;93449;7;2021-06-16;92020
2021-06-15;"Nitriansky kraj";1;3995;0;3995;NA;93449;1;2021-06-15;92013
2021-06-14;"Nitriansky kraj";0;5875;3;5878;NA;93449;3;2021-06-14;92012
2021-06-13;"Nitriansky kraj";0;6073;3;6076;NA;93449;3;2021-06-13;92009
2021-06-12;"Nitriansky kraj";1;8024;1;8025;NA;93449;2;2021-06-12;92006
2021-06-11;"Nitriansky kraj";3;6891;4;6895;NA;93449;7;2021-06-11;92004
2021-06-10;"Nitriansky kraj";7;4539;1;4540;NA;93449;8;2021-06-10;91997
2021-06-09;"Nitriansky kraj";2;4706;2;4708;NA;93449;4;2021-06-09;91989
2021-06-08;"Nitriansky kraj";8;4239;3;4242;NA;93449;11;2021-06-08;91985
2021-06-07;"Nitriansky kraj";6;5841;8;5849;NA;93449;14;2021-06-07;91974
2021-06-06;"Nitriansky kraj";0;6981;4;6985;NA;93449;4;2021-06-06;91960
2021-06-05;"Nitriansky kraj";6;8529;9;8538;NA;93449;15;2021-06-05;91956
2021-06-04;"Nitriansky kraj";9;7608;5;7613;NA;93449;14;2021-06-04;91941
2021-06-03;"Nitriansky kraj";2;5064;6;5070;NA;93449;8;2021-06-03;91927
2021-06-02;"Nitriansky kraj";11;5119;11;5130;NA;93449;22;2021-06-02;91919
2021-06-01;"Nitriansky kraj";3;4847;2;4849;NA;93449;5;2021-06-01;91897
2021-05-31;"Nitriansky kraj";8;8933;8;8941;NA;93449;16;2021-05-31;91892
2021-05-30;"Nitriansky kraj";1;9067;8;9075;NA;93449;9;2021-05-30;91876
2021-05-29;"Nitriansky kraj";2;12799;7;12806;NA;93449;9;2021-05-29;91867
2021-05-28;"Nitriansky kraj";10;8872;6;8878;NA;93449;16;2021-05-28;91858
2021-05-27;"Nitriansky kraj";4;6164;5;6169;NA;93449;9;2021-05-27;91842
2021-05-26;"Nitriansky kraj";11;8509;10;8519;NA;93449;21;2021-05-26;91833
2021-05-25;"Nitriansky kraj";15;7342;8;7350;NA;93449;23;2021-05-25;91812
2021-05-24;"Nitriansky kraj";14;9816;17;9833;NA;93449;31;2021-05-24;91789
2021-05-23;"Nitriansky kraj";1;9456;13;9469;NA;93449;14;2021-05-23;91758
2021-05-22;"Nitriansky kraj";7;16939;11;16950;NA;93449;18;2021-05-22;91744
2021-05-21;"Nitriansky kraj";18;10632;15;10647;NA;93449;33;2021-05-21;91726
2021-05-20;"Nitriansky kraj";8;7185;7;7192;NA;93449;15;2021-05-20;91693
2021-05-19;"Nitriansky kraj";20;6787;14;6801;NA;93449;34;2021-05-19;91678
2021-05-18;"Nitriansky kraj";23;7791;18;7809;NA;93449;41;2021-05-18;91644
2021-05-17;"Nitriansky kraj";22;9774;20;9794;NA;93449;42;2021-05-17;91603
2021-05-16;"Nitriansky kraj";4;13830;15;13845;NA;93449;19;2021-05-16;91561
2021-05-15;"Nitriansky kraj";5;25389;23;25412;NA;93449;28;2021-05-15;91542
2021-05-14;"Nitriansky kraj";18;13385;23;13408;NA;93449;41;2021-05-14;91514
2021-05-13;"Nitriansky kraj";24;8289;19;8308;NA;93449;43;2021-05-13;91473
2021-05-12;"Nitriansky kraj";10;7682;26;7708;NA;93449;36;2021-05-12;91430
2021-05-11;"Nitriansky kraj";36;8163;13;8176;NA;93449;49;2021-05-11;91394
2021-05-10;"Nitriansky kraj";16;13800;42;13842;NA;93449;58;2021-05-10;91345
2021-05-09;"Nitriansky kraj";8;21879;35;21914;NA;93449;43;2021-05-09;91287
2021-05-08;"Nitriansky kraj";0;24318;29;24347;NA;93449;29;2021-05-08;91244
2021-05-07;"Nitriansky kraj";32;14915;20;14935;NA;93449;52;2021-05-07;91215
2021-05-06;"Nitriansky kraj";30;9463;20;9483;NA;93449;50;2021-05-06;91163
2021-05-05;"Nitriansky kraj";19;8527;23;8550;NA;93449;42;2021-05-05;91113
2021-05-04;"Nitriansky kraj";46;9380;27;9407;NA;93449;73;2021-05-04;91071
2021-05-03;"Nitriansky kraj";32;14490;44;14534;NA;93449;76;2021-05-03;90998
2021-05-02;"Nitriansky kraj";4;31751;46;31797;NA;93449;50;2021-05-02;90922
2021-05-01;"Nitriansky kraj";23;60451;43;60494;NA;93449;66;2021-05-01;90872
2021-04-30;"Nitriansky kraj";28;31803;53;31856;NA;93449;81;2021-04-30;90806
2021-04-29;"Nitriansky kraj";27;14265;34;14299;NA;93449;61;2021-04-29;90725
2021-04-28;"Nitriansky kraj";36;14716;45;14761;NA;93449;81;2021-04-28;90664
2021-04-27;"Nitriansky kraj";51;13154;35;13189;NA;93449;86;2021-04-27;90583
2021-04-26;"Nitriansky kraj";38;21029;44;21073;NA;93449;82;2021-04-26;90497
2021-04-25;"Nitriansky kraj";7;44312;46;44358;NA;93449;53;2021-04-25;90415
2021-04-24;"Nitriansky kraj";23;93455;72;93527;NA;93449;95;2021-04-24;90362
2021-04-23;"Nitriansky kraj";54;35145;51;35196;NA;93449;105;2021-04-23;90267
2021-04-22;"Nitriansky kraj";32;15435;44;15479;NA;93449;76;2021-04-22;90162
2021-04-21;"Nitriansky kraj";38;14228;45;14273;NA;93449;83;2021-04-21;90086
2021-04-20;"Nitriansky kraj";67;16058;51;16109;NA;93449;118;2021-04-20;90003
2021-04-19;"Nitriansky kraj";35;24819;59;24878;NA;93449;94;2021-04-19;89885
2021-04-18;"Nitriansky kraj";0;39569;27;39596;NA;93449;27;2021-04-18;89791
2021-04-17;"Nitriansky kraj";34;92102;82;92184;NA;93449;116;2021-04-17;89764
2021-04-16;"Nitriansky kraj";46;32348;37;32385;NA;93449;83;2021-04-16;89648
2021-04-15;"Nitriansky kraj";75;16215;52;16267;NA;93449;127;2021-04-15;89565
2021-04-14;"Nitriansky kraj";43;15303;42;15345;NA;93449;85;2021-04-14;89438
2021-04-13;"Nitriansky kraj";110;15104;44;15148;NA;93449;154;2021-04-13;89353
2021-04-12;"Nitriansky kraj";29;22817;50;22867;NA;93449;79;2021-04-12;89199
2021-04-11;"Nitriansky kraj";1;37537;31;37568;NA;93449;32;2021-04-11;89120
2021-04-10;"Nitriansky kraj";35;95851;115;95966;NA;93449;150;2021-04-10;89088
2021-04-09;"Nitriansky kraj";69;30669;58;30727;NA;93449;127;2021-04-09;88938
2021-04-08;"Nitriansky kraj";71;15361;36;15397;NA;93449;107;2021-04-08;88811
2021-04-07;"Nitriansky kraj";64;18541;47;18588;NA;93449;111;2021-04-07;88704
2021-04-06;"Nitriansky kraj";65;33218;112;33330;NA;93449;177;2021-04-06;88593
2021-04-05;"Nitriansky kraj";37;12673;48;12721;NA;93449;85;2021-04-05;88416
2021-04-04;"Nitriansky kraj";5;17887;35;17922;NA;93449;40;2021-04-04;88331
2021-04-03;"Nitriansky kraj";26;85465;153;85618;NA;93449;179;2021-04-03;88291
2021-04-02;"Nitriansky kraj";32;18743;46;18789;NA;93449;78;2021-04-02;88112
2021-04-01;"Nitriansky kraj";63;24610;83;24693;NA;93449;146;2021-04-01;88034
2021-03-31;"Nitriansky kraj";73;21752;94;21846;NA;93449;167;2021-03-31;87888
2021-03-30;"Nitriansky kraj";125;17122;83;17205;NA;93449;208;2021-03-30;87721
2021-03-29;"Nitriansky kraj";81;25139;100;25239;NA;93449;181;2021-03-29;87513
2021-03-28;"Nitriansky kraj";6;45581;106;45687;NA;93449;112;2021-03-28;87332
2021-03-27;"Nitriansky kraj";39;104104;174;104278;NA;93449;213;2021-03-27;87220
2021-03-26;"Nitriansky kraj";90;40444;115;40559;NA;93449;205;2021-03-26;87007
2021-03-25;"Nitriansky kraj";95;19219;94;19313;NA;93449;189;2021-03-25;86802
2021-03-24;"Nitriansky kraj";90;14787;91;14878;NA;93449;181;2021-03-24;86613
2021-03-23;"Nitriansky kraj";167;16753;66;16819;NA;93449;233;2021-03-23;86432
2021-03-22;"Nitriansky kraj";101;24886;125;25011;NA;93449;226;2021-03-22;86199
2021-03-21;"Nitriansky kraj";27;42773;99;42872;NA;93449;126;2021-03-21;85973
2021-03-20;"Nitriansky kraj";36;100640;207;100847;NA;93449;243;2021-03-20;85847
2021-03-19;"Nitriansky kraj";76;37312;102;37414;NA;93449;178;2021-03-19;85604
2021-03-18;"Nitriansky kraj";103;20051;113;20164;NA;93449;216;2021-03-18;85426
2021-03-17;"Nitriansky kraj";87;15839;127;15966;NA;93449;214;2021-03-17;85210
2021-03-16;"Nitriansky kraj";172;18085;121;18206;NA;93449;293;2021-03-16;84996
2021-03-15;"Nitriansky kraj";130;24481;165;24646;NA;93449;295;2021-03-15;84703
2021-03-14;"Nitriansky kraj";3;45770;107;45877;NA;93449;110;2021-03-14;84408
2021-03-13;"Nitriansky kraj";65;112573;242;112815;NA;93449;307;2021-03-13;84298
2021-03-12;"Nitriansky kraj";127;40777;159;40936;NA;93449;286;2021-03-12;83991
2021-03-11;"Nitriansky kraj";131;18686;130;18816;NA;93449;261;2021-03-11;83705
2021-03-10;"Nitriansky kraj";96;17422;143;17565;NA;93449;239;2021-03-10;83444
2021-03-09;"Nitriansky kraj";260;17635;149;17784;NA;93449;409;2021-03-09;83205
2021-03-08;"Nitriansky kraj";145;27214;172;27386;NA;93449;317;2021-03-08;82796
2021-03-07;"Nitriansky kraj";48;46867;185;47052;NA;93449;233;2021-03-07;82479
2021-03-06;"Nitriansky kraj";86;112027;327;112354;NA;93449;413;2021-03-06;82246
2021-03-05;"Nitriansky kraj";133;39068;200;39268;NA;93449;333;2021-03-05;81833
2021-03-04;"Nitriansky kraj";176;18340;173;18513;NA;93449;349;2021-03-04;81500
2021-03-03;"Nitriansky kraj";172;17210;177;17387;NA;93449;349;2021-03-03;81151
2021-03-02;"Nitriansky kraj";274;21003;366;21369;NA;93449;640;2021-03-02;80802
2021-03-01;"Nitriansky kraj";133;27881;279;28160;NA;93449;412;2021-03-01;80162
2021-02-28;"Nitriansky kraj";80;40866;218;41084;NA;93449;298;2021-02-28;79750
2021-02-27;"Nitriansky kraj";101;106352;496;106848;NA;93449;597;2021-02-27;79452
2021-02-26;"Nitriansky kraj";109;36788;308;37096;NA;93449;417;2021-02-26;78855
2021-02-25;"Nitriansky kraj";188;15243;212;15455;NA;93449;400;2021-02-25;78438
2021-02-24;"Nitriansky kraj";125;13833;260;14093;NA;93449;385;2021-02-24;78038
2021-02-23;"Nitriansky kraj";273;15402;273;15675;NA;93449;546;2021-02-23;77653
2021-02-22;"Nitriansky kraj";154;26478;330;26808;NA;93449;484;2021-02-22;77107
2021-02-21;"Nitriansky kraj";22;43664;320;43984;NA;93449;342;2021-02-21;76623
2021-02-20;"Nitriansky kraj";128;109038;586;109624;NA;93449;714;2021-02-20;76281
2021-02-19;"Nitriansky kraj";173;36849;328;37177;NA;93449;501;2021-02-19;75567
2021-02-18;"Nitriansky kraj";202;17045;275;17320;NA;93449;477;2021-02-18;75066
2021-02-17;"Nitriansky kraj";198;12080;310;12390;NA;93449;508;2021-02-17;74589
2021-02-16;"Nitriansky kraj";284;16066;288;16354;NA;93449;572;2021-02-16;74081
2021-02-15;"Nitriansky kraj";122;28636;474;29110;NA;93449;596;2021-02-15;73509
2021-02-14;"Nitriansky kraj";8;49392;315;49707;NA;93449;323;2021-02-14;72913
2021-02-13;"Nitriansky kraj";127;110294;690;110984;NA;93449;817;2021-02-13;72590
2021-02-12;"Nitriansky kraj";162;33405;407;33812;NA;93449;569;2021-02-12;71773
2021-02-11;"Nitriansky kraj";195;12406;270;12676;NA;93449;465;2021-02-11;71204
2021-02-10;"Nitriansky kraj";186;17770;644;18414;NA;93449;830;2021-02-10;70739
2021-02-09;"Nitriansky kraj";260;18530;385;18915;NA;93449;645;2021-02-09;69909
2021-02-08;"Nitriansky kraj";177;37530;569;38099;NA;93449;746;2021-02-08;69264
2021-02-07;"Nitriansky kraj";20;52307;513;52820;NA;93449;533;2021-02-07;68518
2021-02-06;"Nitriansky kraj";129;101439;764;102203;NA;93449;893;2021-02-06;67985
2021-02-05;"Nitriansky kraj";244;26137;491;26628;NA;93449;735;2021-02-05;67092
2021-02-04;"Nitriansky kraj";308;15681;512;16193;NA;93449;820;2021-02-04;66357
2021-02-03;"Nitriansky kraj";191;13459;382;13841;NA;93449;573;2021-02-03;65537
2021-02-02;"Nitriansky kraj";327;17880;382;18262;NA;93449;709;2021-02-02;64964
2021-02-01;"Nitriansky kraj";221;24002;460;24462;NA;93449;681;2021-02-01;64255
2021-01-31;"Nitriansky kraj";9;46215;507;46722;NA;93449;516;2021-01-31;63574
2021-01-30;"Nitriansky kraj";152;99241;1090;100331;NA;93449;1242;2021-01-30;63058
2021-01-29;"Nitriansky kraj";302;22461;477;22938;NA;93449;779;2021-01-29;61816
2021-01-28;"Nitriansky kraj";269;11370;398;11768;NA;93449;667;2021-01-28;61037
2021-01-27;"Nitriansky kraj";235;6758;299;7057;NA;93449;534;2021-01-27;60370
2021-01-26;"Nitriansky kraj";345;16015;454;16469;NA;93449;799;2021-01-26;59836
2021-01-25;"Nitriansky kraj";201;21909;434;22343;NA;93449;635;2021-01-25;59037
2021-01-24;"Nitriansky kraj";12;79041;897;79938;NA;93449;909;2021-01-24;58402
2021-01-23;"Nitriansky kraj";277;97845;1446;99291;NA;93449;1723;2021-01-23;57493
2021-01-22;"Nitriansky kraj";139;35924;619;36543;NA;93449;758;2021-01-22;55770
2021-01-21;"Nitriansky kraj";305;14649;412;15061;NA;93449;717;2021-01-21;55012
2021-01-20;"Nitriansky kraj";326;11991;625;12616;NA;93449;951;2021-01-20;54295
2021-01-19;"Nitriansky kraj";344;11015;633;11648;NA;93449;977;2021-01-19;53344
2021-01-18;"Nitriansky kraj";367;8901;519;9420;NA;93449;886;2021-01-18;52367
2021-01-17;"Nitriansky kraj";97;15061;275;15336;NA;93449;372;2021-01-17;51481
2021-01-16;"Nitriansky kraj";64;36838;679;37517;NA;93449;743;2021-01-16;51109
2021-01-15;"Nitriansky kraj";373;15940;474;16414;NA;93449;847;2021-01-15;50366
2021-01-14;"Nitriansky kraj";627;10577;452;11029;NA;93449;1079;2021-01-14;49519
2021-01-13;"Nitriansky kraj";663;9234;484;9718;NA;93449;1147;2021-01-13;48440
2021-01-12;"Nitriansky kraj";642;8805;545;9350;NA;93449;1187;2021-01-12;47293
2021-01-11;"Nitriansky kraj";422;8347;513;8860;NA;93449;935;2021-01-11;46106
2021-01-10;"Nitriansky kraj";44;19841;730;20571;NA;93449;774;2021-01-10;45171
2021-01-09;"Nitriansky kraj";532;36823;1071;37894;NA;93449;1603;2021-01-09;44397
2021-01-08;"Nitriansky kraj";817;14001;691;14692;NA;93449;1508;2021-01-08;42794
2021-01-07;"Nitriansky kraj";438;10121;795;10916;NA;93449;1233;2021-01-07;41286
2021-01-06;"Nitriansky kraj";259;3192;197;3389;NA;93449;456;2021-01-06;40053
2021-01-05;"Nitriansky kraj";732;8918;1208;10126;NA;93449;1940;2021-01-05;39597
2021-01-04;"Nitriansky kraj";362;8375;1287;9662;NA;93449;1649;2021-01-04;37657
2021-01-03;"Nitriansky kraj";42;84;20;104;NA;93449;62;2021-01-03;36008
2021-01-02;"Nitriansky kraj";249;1090;26;1116;NA;93449;275;2021-01-02;35946
2021-01-01;"Nitriansky kraj";119;781;95;876;NA;93449;214;2021-01-01;35671
2020-12-31;"Nitriansky kraj";786;7646;962;8608;NA;93449;1748;2020-12-31;35457
2020-12-30;"Nitriansky kraj";1094;9619;1165;10784;NA;93449;2259;2020-12-30;33709
2020-12-29;"Nitriansky kraj";607;8028;1245;9273;NA;93449;1852;2020-12-29;31450
2020-12-28;"Nitriansky kraj";83;6804;1220;8024;NA;93449;1303;2020-12-28;29598
2020-12-27;"Nitriansky kraj";22;60;8;68;NA;93449;30;2020-12-27;28295
2020-12-26;"Nitriansky kraj";54;297;56;353;NA;93449;110;2020-12-26;28265
2020-12-25;"Nitriansky kraj";35;60;11;71;NA;93449;46;2020-12-25;28155
2020-12-24;"Nitriansky kraj";514;1861;176;2037;NA;93449;690;2020-12-24;28109
2020-12-23;"Nitriansky kraj";349;14679;782;15461;NA;93449;1131;2020-12-23;27419
2020-12-22;"Nitriansky kraj";673;10623;949;11572;NA;93449;1622;2020-12-22;26288
2020-12-21;"Nitriansky kraj";128;7587;931;8518;NA;93449;1059;2020-12-21;24666
2020-12-20;"Nitriansky kraj";77;50;10;60;NA;93449;87;2020-12-20;23607
2020-12-19;"Nitriansky kraj";262;2259;159;2418;NA;93449;421;2020-12-19;23520
2020-12-18;"Nitriansky kraj";512;7946;518;8464;NA;93449;1030;2020-12-18;23099
2020-12-17;"Nitriansky kraj";586;6519;486;7005;NA;93449;1072;2020-12-17;22069
2020-12-16;"Nitriansky kraj";357;8097;500;8597;NA;93449;857;2020-12-16;20997
2020-12-15;"Nitriansky kraj";461;9084;750;9834;NA;93449;1211;2020-12-15;20140
2020-12-14;"Nitriansky kraj";217;7816;797;8613;NA;93449;1014;2020-12-14;18929
2020-12-13;"Nitriansky kraj";12;69;6;75;NA;93449;18;2020-12-13;17915
2020-12-12;"Nitriansky kraj";341;1832;125;1957;NA;93449;466;2020-12-12;17897
2020-12-11;"Nitriansky kraj";409;5117;384;5501;NA;93449;793;2020-12-11;17431
2020-12-10;"Nitriansky kraj";360;5239;345;5584;NA;93449;705;2020-12-10;16638
2020-12-09;"Nitriansky kraj";362;5494;529;6023;NA;93449;891;2020-12-09;15933
2020-12-08;"Nitriansky kraj";340;8168;548;8716;NA;93449;888;2020-12-08;15042
2020-12-07;"Nitriansky kraj";139;6243;573;6816;NA;93449;712;2020-12-07;14154
2020-12-06;"Nitriansky kraj";15;89;4;93;NA;93449;19;2020-12-06;13442
2020-12-05;"Nitriansky kraj";136;1388;19;1407;NA;93449;155;2020-12-05;13423
2020-12-04;"Nitriansky kraj";232;2884;74;2958;NA;93449;306;2020-12-04;13268
2020-12-03;"Nitriansky kraj";248;2471;110;2581;NA;93449;358;2020-12-03;12962
2020-12-02;"Nitriansky kraj";252;2580;151;2731;NA;93449;403;2020-12-02;12604
2020-12-01;"Nitriansky kraj";331;2891;131;3022;NA;93449;462;2020-12-01;12201
2020-11-30;"Nitriansky kraj";91;4228;188;4416;NA;93449;279;2020-11-30;11739
2020-11-29;"Nitriansky kraj";3;634;42;676;NA;93449;45;2020-11-29;11460
2020-11-28;"Nitriansky kraj";135;892;31;923;NA;93449;166;2020-11-28;11415
2020-11-27;"Nitriansky kraj";177;2069;73;2142;NA;93449;250;2020-11-27;11249
2020-11-26;"Nitriansky kraj";191;2813;80;2893;NA;93449;271;2020-11-26;10999
2020-11-25;"Nitriansky kraj";325;2478;91;2569;NA;93449;416;2020-11-25;10728
2020-11-24;"Nitriansky kraj";147;1641;64;1705;NA;93449;211;2020-11-24;10312
2020-11-23;"Nitriansky kraj";102;9891;212;10103;NA;93449;314;2020-11-23;10101
2020-11-22;"Nitriansky kraj";7;1176;25;1201;NA;93449;32;2020-11-22;9787
2020-11-21;"Nitriansky kraj";86;1083;38;1121;NA;93449;124;2020-11-21;9755
2020-11-20;"Nitriansky kraj";264;4180;103;4283;NA;93449;367;2020-11-20;9631
2020-11-19;"Nitriansky kraj";185;3065;134;3199;NA;93449;319;2020-11-19;9264
2020-11-18;"Nitriansky kraj";188;2214;79;2293;NA;93449;267;2020-11-18;8945
2020-11-17;"Nitriansky kraj";178;596;29;625;NA;93449;207;2020-11-17;8678
2020-11-16;"Nitriansky kraj";139;1877;75;1952;NA;93449;214;2020-11-16;8471
2020-11-15;"Nitriansky kraj";14;180;5;185;NA;93449;19;2020-11-15;8257
2020-11-14;"Nitriansky kraj";114;1131;32;1163;NA;93449;146;2020-11-14;8238
2020-11-13;"Nitriansky kraj";210;936;46;982;NA;93449;256;2020-11-13;8092
2020-11-12;"Nitriansky kraj";256;1195;35;1230;NA;93449;291;2020-11-12;7836
2020-11-11;"Nitriansky kraj";279;1247;22;1269;NA;93449;301;2020-11-11;7545
2020-11-10;"Nitriansky kraj";192;2623;39;2662;NA;93449;231;2020-11-10;7244
2020-11-09;"Nitriansky kraj";128;3136;43;3179;NA;93449;171;2020-11-09;7013
2020-11-08;"Nitriansky kraj";43;1462;32;1494;NA;93449;75;2020-11-08;6842
2020-11-07;"Nitriansky kraj";130;1046;4;1050;NA;93449;134;2020-11-07;6767
2020-11-06;"Nitriansky kraj";210;2264;32;2296;NA;93449;242;2020-11-06;6633
2020-11-05;"Nitriansky kraj";178;313;14;327;NA;93449;192;2020-11-05;6391
2020-11-04;"Nitriansky kraj";211;297;16;313;NA;93449;227;2020-11-04;6199
2020-11-03;"Nitriansky kraj";216;435;25;460;NA;93449;241;2020-11-03;5972
2020-11-02;"Nitriansky kraj";171;4208;46;4254;NA;93449;217;2020-11-02;5731
2020-11-01;"Nitriansky kraj";130;2546;27;2573;NA;93449;157;2020-11-01;5514
2020-10-31;"Nitriansky kraj";261;10466;134;10600;NA;93449;395;2020-10-31;5357
2020-10-30;"Nitriansky kraj";204;2593;42;2635;NA;93449;246;2020-10-30;4962
2020-10-29;"Nitriansky kraj";293;841;39;880;NA;93449;332;2020-10-29;4716
2020-10-28;"Nitriansky kraj";216;608;59;667;NA;93449;275;2020-10-28;4384
2020-10-27;"Nitriansky kraj";296;550;47;597;NA;93449;343;2020-10-27;4109
2020-10-26;"Nitriansky kraj";69;633;56;689;NA;93449;125;2020-10-26;3766
2020-10-25;"Nitriansky kraj";50;62;8;70;NA;93449;58;2020-10-25;3641
2020-10-24;"Nitriansky kraj";169;237;11;248;NA;93449;180;2020-10-24;3583
2020-10-23;"Nitriansky kraj";282;762;41;803;NA;93449;323;2020-10-23;3403
2020-10-22;"Nitriansky kraj";137;444;39;483;NA;93449;176;2020-10-22;3080
2020-10-21;"Nitriansky kraj";146;208;3;211;NA;93449;149;2020-10-21;2904
2020-10-20;"Nitriansky kraj";197;78;6;84;NA;93449;203;2020-10-20;2755
2020-10-19;"Nitriansky kraj";148;79;1;80;NA;93449;149;2020-10-19;2552
2020-10-18;"Nitriansky kraj";22;0;0;0;NA;93449;22;2020-10-18;2403
2020-10-17;"Nitriansky kraj";67;0;0;0;NA;93449;67;2020-10-17;2381
2020-10-16;"Nitriansky kraj";133;28;3;31;NA;93449;136;2020-10-16;2314
2020-10-15;"Nitriansky kraj";106;31;2;33;NA;93449;108;2020-10-15;2178
2020-10-14;"Nitriansky kraj";80;22;4;26;NA;93449;84;2020-10-14;2070
2020-10-13;"Nitriansky kraj";101;82;2;84;NA;93449;103;2020-10-13;1986
2020-10-12;"Nitriansky kraj";36;0;0;0;NA;93449;36;2020-10-12;1883
2020-10-11;"Nitriansky kraj";8;0;0;0;NA;93449;8;2020-10-11;1847
2020-10-10;"Nitriansky kraj";107;0;0;0;NA;93449;107;2020-10-10;1839
2020-10-09;"Nitriansky kraj";120;0;0;0;NA;93449;120;2020-10-09;1732
2020-10-08;"Nitriansky kraj";132;0;0;0;NA;93449;132;2020-10-08;1612
2020-10-07;"Nitriansky kraj";81;0;0;0;NA;93449;81;2020-10-07;1480
2020-10-06;"Nitriansky kraj";48;0;0;0;NA;93449;48;2020-10-06;1399
2020-10-05;"Nitriansky kraj";20;0;0;0;NA;93449;20;2020-10-05;1351
2020-10-04;"Nitriansky kraj";17;0;0;0;NA;93449;17;2020-10-04;1331
2020-10-03;"Nitriansky kraj";96;0;0;0;NA;93449;96;2020-10-03;1314
2020-10-02;"Nitriansky kraj";108;0;0;0;NA;93449;108;2020-10-02;1218
2020-10-01;"Nitriansky kraj";95;0;0;0;NA;93449;95;2020-10-01;1110
2020-09-30;"Nitriansky kraj";100;0;0;0;NA;93449;100;2020-09-30;1015
2020-09-29;"Nitriansky kraj";50;0;0;0;NA;93449;50;2020-09-29;915
2020-09-28;"Nitriansky kraj";22;0;0;0;NA;93449;22;2020-09-28;865
2020-09-27;"Nitriansky kraj";16;0;0;0;NA;93449;16;2020-09-27;843
2020-09-26;"Nitriansky kraj";64;0;0;0;NA;93449;64;2020-09-26;827
2020-09-25;"Nitriansky kraj";90;0;0;0;NA;93449;90;2020-09-25;763
2020-09-24;"Nitriansky kraj";51;0;0;0;NA;93449;51;2020-09-24;673
2020-09-23;"Nitriansky kraj";70;0;0;0;NA;93449;70;2020-09-23;622
2020-09-22;"Nitriansky kraj";18;0;0;0;NA;93449;18;2020-09-22;552
2020-09-21;"Nitriansky kraj";10;0;0;0;NA;93449;10;2020-09-21;534
2020-09-20;"Nitriansky kraj";4;0;0;0;NA;93449;4;2020-09-20;524
2020-09-19;"Nitriansky kraj";14;0;0;0;NA;93449;14;2020-09-19;520
2020-09-18;"Nitriansky kraj";19;0;0;0;NA;93449;19;2020-09-18;506
2020-09-17;"Nitriansky kraj";30;0;0;0;NA;93449;30;2020-09-17;487
2020-09-16;"Nitriansky kraj";6;0;0;0;NA;93449;6;2020-09-16;457
2020-09-15;"Nitriansky kraj";19;0;0;0;NA;93449;19;2020-09-15;451
2020-09-14;"Nitriansky kraj";28;0;0;0;NA;93449;28;2020-09-14;432
2020-09-13;"Nitriansky kraj";3;0;0;0;NA;93449;3;2020-09-13;404
2020-09-12;"Nitriansky kraj";12;0;0;0;NA;93449;12;2020-09-12;401
2020-09-11;"Nitriansky kraj";23;0;0;0;NA;93449;23;2020-09-11;389
2020-09-10;"Nitriansky kraj";29;0;0;0;NA;93449;29;2020-09-10;366
2020-09-09;"Nitriansky kraj";19;0;0;0;NA;93449;19;2020-09-09;337
2020-09-08;"Nitriansky kraj";17;0;0;0;NA;93449;17;2020-09-08;318
2020-09-07;"Nitriansky kraj";17;0;0;0;NA;93449;17;2020-09-07;301
2020-09-06;"Nitriansky kraj";0;0;0;0;NA;93449;0;2020-09-06;284
2020-09-05;"Nitriansky kraj";22;0;0;0;NA;93449;22;2020-09-05;284
2020-09-04;"Nitriansky kraj";34;0;0;0;NA;93449;34;2020-09-04;262
2020-09-03;"Nitriansky kraj";15;0;0;0;NA;93449;15;2020-09-03;228
2020-09-02;"Nitriansky kraj";15;0;0;0;NA;93449;15;2020-09-02;213
2020-09-01;"Nitriansky kraj";2;0;0;0;NA;93449;2;2020-09-01;198
2020-08-31;"Nitriansky kraj";12;0;0;0;NA;93449;12;2020-08-31;196
2020-08-30;"Nitriansky kraj";1;0;0;0;NA;93449;1;2020-08-30;184
2020-08-29;"Nitriansky kraj";7;46;0;46;NA;93449;7;2020-08-29;183
2020-08-28;"Nitriansky kraj";12;0;0;0;NA;93449;12;2020-08-28;176
2020-08-27;"Nitriansky kraj";12;0;0;0;NA;93449;12;2020-08-27;164
2020-08-26;"Nitriansky kraj";4;0;0;0;NA;93449;4;2020-08-26;152
2020-08-25;"Nitriansky kraj";8;0;0;0;NA;93449;8;2020-08-25;148
2020-08-24;"Nitriansky kraj";1;0;0;0;NA;93449;1;2020-08-24;140
2020-08-23;"Nitriansky kraj";1;0;0;0;NA;93449;1;2020-08-23;139
2020-08-22;"Nitriansky kraj";2;0;0;0;NA;93449;2;2020-08-22;138
2020-08-21;"Nitriansky kraj";0;0;0;0;NA;93449;0;2020-08-21;136
2020-08-20;"Nitriansky kraj";7;0;0;0;NA;93449;7;2020-08-20;136
2020-08-19;"Nitriansky kraj";1;0;0;0;NA;93449;1;2020-08-19;129
2020-08-18;"Nitriansky kraj";2;0;0;0;NA;93449;2;2020-08-18;128
2020-08-17;"Nitriansky kraj";1;0;0;0;NA;93449;1;2020-08-17;126
2020-08-16;"Nitriansky kraj";0;0;0;0;NA;93449;0;2020-08-16;125
2020-08-15;"Nitriansky kraj";2;0;0;0;NA;93449;2;2020-08-15;125
2020-08-14;"Nitriansky kraj";1;0;0;0;NA;93449;1;2020-08-14;123
2020-08-13;"Nitriansky kraj";4;0;0;0;NA;93449;4;2020-08-13;122
2020-08-12;"Nitriansky kraj";0;0;0;0;NA;93449;0;2020-08-12;118
2020-08-11;"Nitriansky kraj";1;0;0;0;NA;93449;1;2020-08-11;118
2020-08-10;"Nitriansky kraj";0;0;0;0;NA;93449;0;2020-08-10;117
2020-08-09;"Nitriansky kraj";0;0;0;0;NA;93449;0;2020-08-09;117
2020-08-08;"Nitriansky kraj";0;0;0;0;NA;93449;0;2020-08-08;117
2020-08-07;"Nitriansky kraj";4;0;0;0;NA;93449;4;2020-08-07;117
2020-08-06;"Nitriansky kraj";4;0;0;0;NA;93449;4;2020-08-06;113
2020-08-05;"Nitriansky kraj";0;0;0;0;NA;93449;0;2020-08-05;109
2020-08-04;"Nitriansky kraj";7;0;0;0;NA;93449;7;2020-08-04;109
2020-08-03;"Nitriansky kraj";0;0;0;0;NA;93449;0;2020-08-03;102
2020-08-02;"Nitriansky kraj";0;0;0;0;NA;93449;0;2020-08-02;102
2020-08-01;"Nitriansky kraj";0;0;0;0;NA;93449;0;2020-08-01;102
2020-07-31;"Nitriansky kraj";0;0;0;0;NA;93449;0;2020-07-31;102
2020-07-30;"Nitriansky kraj";0;0;0;0;NA;93449;0;2020-07-30;102
2020-07-29;"Nitriansky kraj";0;0;0;0;NA;93449;0;2020-07-29;102
2020-07-28;"Nitriansky kraj";0;0;0;0;NA;93449;0;2020-07-28;102
2020-07-27;"Nitriansky kraj";0;0;0;0;NA;93449;0;2020-07-27;102
2020-07-26;"Nitriansky kraj";0;0;0;0;NA;93449;0;2020-07-26;102
2020-07-25;"Nitriansky kraj";0;0;0;0;NA;93449;0;2020-07-25;102
2020-07-24;"Nitriansky kraj";1;0;0;0;NA;93449;1;2020-07-24;102
2020-07-23;"Nitriansky kraj";3;0;0;0;NA;93449;3;2020-07-23;101
2020-07-22;"Nitriansky kraj";2;0;0;0;NA;93449;2;2020-07-22;98
2020-07-21;"Nitriansky kraj";14;0;0;0;NA;93449;14;2020-07-21;96
2020-07-20;"Nitriansky kraj";11;0;0;0;NA;93449;11;2020-07-20;82
2020-07-19;"Nitriansky kraj";0;0;0;0;NA;93449;0;2020-07-19;71
2020-07-18;"Nitriansky kraj";0;0;0;0;NA;93449;0;2020-07-18;71
2020-07-17;"Nitriansky kraj";0;0;0;0;NA;93449;0;2020-07-17;71
2020-07-16;"Nitriansky kraj";4;0;0;0;NA;93449;4;2020-07-16;71
2020-07-15;"Nitriansky kraj";5;0;0;0;NA;93449;5;2020-07-15;67
2020-07-14;"Nitriansky kraj";0;0;0;0;NA;93449;0;2020-07-14;62
2020-07-13;"Nitriansky kraj";0;0;0;0;NA;93449;0;2020-07-13;62
2020-07-12;"Nitriansky kraj";0;0;0;0;NA;93449;0;2020-07-12;62
2020-07-11;"Nitriansky kraj";0;0;0;0;NA;93449;0;2020-07-11;62
2020-07-10;"Nitriansky kraj";0;0;0;0;NA;93449;0;2020-07-10;62
2020-07-09;"Nitriansky kraj";1;0;0;0;NA;93449;1;2020-07-09;62
2020-07-08;"Nitriansky kraj";2;0;0;0;NA;93449;2;2020-07-08;61
2020-07-07;"Nitriansky kraj";0;0;0;0;NA;93449;0;2020-07-07;59
2020-07-06;"Nitriansky kraj";0;0;0;0;NA;93449;0;2020-07-06;59
2020-07-05;"Nitriansky kraj";0;0;0;0;NA;93449;0;2020-07-05;59
2020-07-04;"Nitriansky kraj";0;0;0;0;NA;93449;0;2020-07-04;59
2020-07-03;"Nitriansky kraj";0;0;0;0;NA;93449;0;2020-07-03;59
2020-07-02;"Nitriansky kraj";0;0;0;0;NA;93449;0;2020-07-02;59
2020-07-01;"Nitriansky kraj";3;0;0;0;NA;93449;3;2020-07-01;59
2020-06-30;"Nitriansky kraj";0;0;0;0;NA;93449;0;2020-06-30;56
2020-06-29;"Nitriansky kraj";0;0;0;0;NA;93449;0;2020-06-29;56
2020-06-28;"Nitriansky kraj";0;0;0;0;NA;93449;0;2020-06-28;56
2020-06-27;"Nitriansky kraj";0;0;0;0;NA;93449;0;2020-06-27;56
2020-06-26;"Nitriansky kraj";0;0;0;0;NA;93449;0;2020-06-26;56
2020-06-25;"Nitriansky kraj";0;0;0;0;NA;93449;0;2020-06-25;56
2020-06-24;"Nitriansky kraj";1;0;0;0;NA;93449;1;2020-06-24;56
2020-06-23;"Nitriansky kraj";0;0;0;0;NA;93449;0;2020-06-23;55
2020-06-22;"Nitriansky kraj";0;0;0;0;NA;93449;0;2020-06-22;55
2020-06-21;"Nitriansky kraj";0;0;0;0;NA;93449;0;2020-06-21;55
2020-06-20;"Nitriansky kraj";0;0;0;0;NA;93449;0;2020-06-20;55
2020-06-19;"Nitriansky kraj";0;0;0;0;NA;93449;0;2020-06-19;55
2020-06-18;"Nitriansky kraj";0;0;0;0;NA;93449;0;2020-06-18;55
2020-06-17;"Nitriansky kraj";0;0;0;0;NA;93449;0;2020-06-17;55
2020-06-16;"Nitriansky kraj";0;0;0;0;NA;93449;0;2020-06-16;55
2020-06-14;"Nitriansky kraj";0;0;0;0;NA;93449;0;2020-06-14;55
2020-06-13;"Nitriansky kraj";0;0;0;0;NA;93449;0;2020-06-13;55
2020-06-12;"Nitriansky kraj";0;0;0;0;NA;93449;0;2020-06-12;55
2020-06-11;"Nitriansky kraj";0;0;0;0;NA;93449;0;2020-06-11;55
2020-06-10;"Nitriansky kraj";1;0;0;0;NA;93449;1;2020-06-10;55
2020-06-09;"Nitriansky kraj";1;0;0;0;NA;93449;1;2020-06-09;54
2020-06-08;"Nitriansky kraj";0;0;0;0;NA;93449;0;2020-06-08;53
2020-06-07;"Nitriansky kraj";0;0;0;0;NA;93449;0;2020-06-07;53
2020-06-05;"Nitriansky kraj";0;0;0;0;NA;93449;0;2020-06-05;53
2020-06-03;"Nitriansky kraj";0;0;0;0;NA;93449;0;2020-06-03;53
2020-06-02;"Nitriansky kraj";1;0;0;0;NA;93449;1;2020-06-02;53
2020-05-31;"Nitriansky kraj";0;0;0;0;NA;93449;0;2020-05-31;52
2020-05-29;"Nitriansky kraj";0;0;0;0;NA;93449;0;2020-05-29;52
2020-05-27;"Nitriansky kraj";0;0;0;0;NA;93449;0;2020-05-27;52
2020-05-26;"Nitriansky kraj";0;0;0;0;NA;93449;0;2020-05-26;52
2020-05-25;"Nitriansky kraj";0;0;0;0;NA;93449;0;2020-05-25;52
2020-05-24;"Nitriansky kraj";2;0;0;0;NA;93449;2;2020-05-24;52
2020-05-23;"Nitriansky kraj";0;0;0;0;NA;93449;0;2020-05-23;50
2020-05-22;"Nitriansky kraj";1;0;0;0;NA;93449;1;2020-05-22;50
2020-05-21;"Nitriansky kraj";0;0;0;0;NA;93449;0;2020-05-21;49
2020-05-20;"Nitriansky kraj";0;0;0;0;NA;93449;0;2020-05-20;49
2020-05-19;"Nitriansky kraj";0;0;0;0;NA;93449;0;2020-05-19;49
2020-05-17;"Nitriansky kraj";0;0;0;0;NA;93449;0;2020-05-17;49
2020-05-16;"Nitriansky kraj";0;0;0;0;NA;93449;0;2020-05-16;49
2020-05-15;"Nitriansky kraj";1;0;0;0;NA;93449;1;2020-05-15;49
2020-05-14;"Nitriansky kraj";0;0;0;0;NA;93449;0;2020-05-14;48
2020-05-13;"Nitriansky kraj";0;0;0;0;NA;93449;0;2020-05-13;48
2020-05-12;"Nitriansky kraj";0;0;0;0;NA;93449;0;2020-05-12;48
2020-05-11;"Nitriansky kraj";2;0;0;0;NA;93449;2;2020-05-11;48
2020-05-09;"Nitriansky kraj";0;0;0;0;NA;93449;0;2020-05-09;46
2020-05-07;"Nitriansky kraj";1;0;0;0;NA;93449;1;2020-05-07;46
2020-05-06;"Nitriansky kraj";9;0;0;0;NA;93449;9;2020-05-06;45
2020-05-05;"Nitriansky kraj";0;0;0;0;NA;93449;0;2020-05-05;36
2020-05-04;"Nitriansky kraj";5;0;0;0;NA;93449;5;2020-05-04;36
2020-05-03;"Nitriansky kraj";2;0;0;0;NA;93449;2;2020-05-03;31
2020-05-02;"Nitriansky kraj";0;0;0;0;NA;93449;0;2020-05-02;29
2020-05-01;"Nitriansky kraj";1;0;0;0;NA;93449;1;2020-05-01;29
2020-04-30;"Nitriansky kraj";0;0;0;0;NA;93449;0;2020-04-30;28
2020-04-29;"Nitriansky kraj";0;0;0;0;NA;93449;0;2020-04-29;28
2020-04-28;"Nitriansky kraj";1;0;0;0;NA;93449;1;2020-04-28;28
2020-04-27;"Nitriansky kraj";0;0;0;0;NA;93449;0;2020-04-27;27
2020-04-26;"Nitriansky kraj";0;0;0;0;NA;93449;0;2020-04-26;27
2020-04-25;"Nitriansky kraj";0;0;0;0;NA;93449;0;2020-04-25;27
2020-04-24;"Nitriansky kraj";0;0;0;0;NA;93449;0;2020-04-24;27
2020-04-23;"Nitriansky kraj";3;0;0;0;NA;93449;3;2020-04-23;27
2020-04-22;"Nitriansky kraj";16;0;0;0;NA;93449;16;2020-04-22;24
2020-04-21;"Nitriansky kraj";6;0;0;0;NA;93449;6;2020-04-21;8
2020-04-20;"Nitriansky kraj";5;0;0;0;NA;93449;5;2020-04-20;2
2020-04-19;"Nitriansky kraj";0;0;0;0;NA;93449;0;2020-04-19;-3
2020-04-18;"Nitriansky kraj";0;0;0;0;NA;93449;0;2020-04-18;-3
2020-04-17;"Nitriansky kraj";7;0;0;0;NA;93449;7;2020-04-17;-3
2020-04-16;"Nitriansky kraj";0;0;0;0;NA;93449;0;2020-04-16;-10
2020-04-15;"Nitriansky kraj";6;0;0;0;NA;93449;6;2020-04-15;-10
2020-04-14;"Nitriansky kraj";2;0;0;0;NA;93449;2;2020-04-14;-16
2020-04-13;"Nitriansky kraj";1;0;0;0;NA;93449;1;2020-04-13;-18
2020-04-12;"Nitriansky kraj";3;0;0;0;NA;93449;3;2020-04-12;-19
2020-04-11;"Nitriansky kraj";1;0;0;0;NA;93449;1;2020-04-11;-22
2020-04-10;"Nitriansky kraj";1;0;0;0;NA;93449;1;2020-04-10;-23
2020-04-09;"Nitriansky kraj";0;0;0;0;NA;93449;0;2020-04-09;-24
2020-04-08;"Nitriansky kraj";2;0;0;0;NA;93449;2;2020-04-08;-24
2020-04-07;"Nitriansky kraj";3;0;0;0;NA;93449;3;2020-04-07;-26
2020-04-06;"Nitriansky kraj";4;0;0;0;NA;93449;4;2020-04-06;-29
2020-04-05;"Nitriansky kraj";5;0;0;0;NA;93449;5;2020-04-05;-33
2020-04-04;"Nitriansky kraj";0;0;0;0;NA;93449;0;2020-04-04;-38
2020-04-03;"Nitriansky kraj";0;0;0;0;NA;93449;0;2020-04-03;-38
2020-04-02;"Nitriansky kraj";1;0;0;0;NA;93449;1;2020-04-02;-38
2020-04-01;"Nitriansky kraj";0;0;0;0;NA;93449;0;2020-04-01;-39
2020-03-31;"Nitriansky kraj";3;0;0;0;NA;93449;3;2020-03-31;-39
2020-03-30;"Nitriansky kraj";3;0;0;0;NA;93449;3;2020-03-30;-42
2020-03-29;"Nitriansky kraj";3;0;0;0;NA;93449;3;2020-03-29;-45
2020-03-28;"Nitriansky kraj";1;0;0;0;NA;93449;1;2020-03-28;-48
2020-03-27;"Nitriansky kraj";1;0;0;0;NA;93449;1;2020-03-27;-49
2020-03-26;"Nitriansky kraj";1;0;0;0;NA;93449;1;2020-03-26;-50
2020-03-25;"Nitriansky kraj";1;0;0;0;NA;93449;1;2020-03-25;-51
2020-03-24;"Nitriansky kraj";0;0;0;0;NA;93449;0;2020-03-24;-52
2020-03-23;"Nitriansky kraj";2;0;0;0;NA;93449;2;2020-03-23;-52
2020-03-22;"Nitriansky kraj";2;0;0;0;NA;93449;2;2020-03-22;-54
2020-03-21;"Nitriansky kraj";2;0;0;0;NA;93449;2;2020-03-21;-56
2020-03-20;"Nitriansky kraj";1;0;0;0;NA;93449;1;2020-03-20;-58
2020-03-19;"Nitriansky kraj";1;0;0;0;NA;93449;1;2020-03-19;-59
2020-03-18;"Nitriansky kraj";2;0;0;0;NA;93449;2;2020-03-18;-60
2020-03-17;"Nitriansky kraj";1;0;0;0;NA;93449;1;2020-03-17;-62
2020-03-16;"Nitriansky kraj";0;0;0;0;NA;93449;0;2020-03-16;-63
2020-03-15;"Nitriansky kraj";4;0;0;0;NA;93449;4;2020-03-15;-63
2020-03-14;"Nitriansky kraj";1;0;0;0;NA;93449;1;2020-03-14;-67
2020-03-13;"Nitriansky kraj";0;0;0;0;NA;93449;0;2020-03-13;-68
2020-03-12;"Nitriansky kraj";0;0;0;0;NA;93449;0;2020-03-12;-68
2020-03-11;"Nitriansky kraj";0;0;0;0;NA;93449;0;2020-03-11;-68
2020-03-09;"Nitriansky kraj";0;0;0;0;NA;93449;0;2020-03-09;-68
2020-03-08;"Nitriansky kraj";0;0;0;0;NA;93449;0;2020-03-08;-68
2020-03-07;"Nitriansky kraj";0;0;0;0;NA;93449;0;2020-03-07;-68
2020-03-06;"Nitriansky kraj";0;0;0;0;NA;93449;0;2020-03-06;-68
2021-09-22;"Prešovský kraj";177;2208;27;2235;62319;116629;204;2021-09-22;116629
2021-09-21;"Prešovský kraj";219;4727;67;4794;NA;116629;286;2021-09-21;116425
2021-09-20;"Prešovský kraj";180;4845;63;4908;NA;116629;243;2021-09-20;116139
2021-09-19;"Prešovský kraj";7;2581;30;2611;NA;116629;37;2021-09-19;115896
2021-09-18;"Prešovský kraj";169;2308;36;2344;NA;116629;205;2021-09-18;115859
2021-09-17;"Prešovský kraj";157;4364;48;4412;NA;116629;205;2021-09-17;115654
2021-09-16;"Prešovský kraj";146;4157;69;4226;NA;116629;215;2021-09-16;115449
2021-09-15;"Prešovský kraj";68;675;19;694;NA;116629;87;2021-09-15;115234
2021-09-14;"Prešovský kraj";133;3297;38;3335;NA;116629;171;2021-09-14;115147
2021-09-13;"Prešovský kraj";105;4082;37;4119;NA;116629;142;2021-09-13;114976
2021-09-12;"Prešovský kraj";4;1691;27;1718;NA;116629;31;2021-09-12;114834
2021-09-11;"Prešovský kraj";65;1872;24;1896;NA;116629;89;2021-09-11;114803
2021-09-10;"Prešovský kraj";105;3132;26;3158;NA;116629;131;2021-09-10;114714
2021-09-09;"Prešovský kraj";29;3031;25;3056;NA;116629;54;2021-09-09;114583
2021-09-08;"Prešovský kraj";73;2401;19;2420;NA;116629;92;2021-09-08;114529
2021-09-07;"Prešovský kraj";82;2592;24;2616;NA;116629;106;2021-09-07;114437
2021-09-06;"Prešovský kraj";61;2960;20;2980;NA;116629;81;2021-09-06;114331
2021-09-05;"Prešovský kraj";5;1269;10;1279;NA;116629;15;2021-09-05;114250
2021-09-04;"Prešovský kraj";27;1784;14;1798;NA;116629;41;2021-09-04;114235
2021-09-03;"Prešovský kraj";39;2807;15;2822;NA;116629;54;2021-09-03;114194
2021-09-02;"Prešovský kraj";39;2477;19;2496;NA;116629;58;2021-09-02;114140
2021-09-01;"Prešovský kraj";14;523;6;529;NA;116629;20;2021-09-01;114082
2021-08-31;"Prešovský kraj";47;2403;13;2416;NA;116629;60;2021-08-31;114062
2021-08-30;"Prešovský kraj";23;2708;19;2727;NA;116629;42;2021-08-30;114002
2021-08-29;"Prešovský kraj";3;736;1;737;NA;116629;4;2021-08-29;113960
2021-08-28;"Prešovský kraj";5;2063;8;2071;NA;116629;13;2021-08-28;113956
2021-08-27;"Prešovský kraj";32;3024;8;3032;NA;116629;40;2021-08-27;113943
2021-08-26;"Prešovský kraj";13;2062;8;2070;NA;116629;21;2021-08-26;113903
2021-08-25;"Prešovský kraj";18;1914;4;1918;NA;116629;22;2021-08-25;113882
2021-08-24;"Prešovský kraj";10;2115;5;2120;NA;116629;15;2021-08-24;113860
2021-08-23;"Prešovský kraj";16;2551;6;2557;NA;116629;22;2021-08-23;113845
2021-08-22;"Prešovský kraj";0;1387;6;1393;NA;116629;6;2021-08-22;113823
2021-08-21;"Prešovský kraj";29;1967;4;1971;NA;116629;33;2021-08-21;113817
2021-08-20;"Prešovský kraj";15;2886;7;2893;NA;116629;22;2021-08-20;113784
2021-08-19;"Prešovský kraj";22;2217;8;2225;NA;116629;30;2021-08-19;113762
2021-08-18;"Prešovský kraj";6;1746;11;1757;NA;116629;17;2021-08-18;113732
2021-08-17;"Prešovský kraj";29;1822;6;1828;NA;116629;35;2021-08-17;113715
2021-08-16;"Prešovský kraj";11;2449;7;2456;NA;116629;18;2021-08-16;113680
2021-08-15;"Prešovský kraj";0;848;2;850;NA;116629;2;2021-08-15;113662
2021-08-14;"Prešovský kraj";14;1625;1;1626;NA;116629;15;2021-08-14;113660
2021-08-13;"Prešovský kraj";24;1629;12;1641;NA;116629;36;2021-08-13;113645
2021-08-12;"Prešovský kraj";9;1731;3;1734;NA;116629;12;2021-08-12;113609
2021-08-11;"Prešovský kraj";15;1185;3;1188;NA;116629;18;2021-08-11;113597
2021-08-10;"Prešovský kraj";10;1095;4;1099;NA;116629;14;2021-08-10;113579
2021-08-09;"Prešovský kraj";13;2145;4;2149;NA;116629;17;2021-08-09;113565
2021-08-08;"Prešovský kraj";2;639;2;641;NA;116629;4;2021-08-08;113548
2021-08-07;"Prešovský kraj";5;1087;3;1090;NA;116629;8;2021-08-07;113544
2021-08-06;"Prešovský kraj";9;1444;4;1448;NA;116629;13;2021-08-06;113536
2021-08-05;"Prešovský kraj";9;1356;2;1358;NA;116629;11;2021-08-05;113523
2021-08-04;"Prešovský kraj";6;997;1;998;NA;116629;7;2021-08-04;113512
2021-08-03;"Prešovský kraj";8;977;1;978;NA;116629;9;2021-08-03;113505
2021-08-02;"Prešovský kraj";5;1476;6;1482;NA;116629;11;2021-08-02;113496
2021-08-01;"Prešovský kraj";0;724;2;726;NA;116629;2;2021-08-01;113485
2021-07-31;"Prešovský kraj";20;1054;0;1054;NA;116629;20;2021-07-31;113483
2021-07-30;"Prešovský kraj";2;1403;1;1404;NA;116629;3;2021-07-30;113463
2021-07-29;"Prešovský kraj";6;1302;1;1303;NA;116629;7;2021-07-29;113460
2021-07-28;"Prešovský kraj";6;1106;1;1107;NA;116629;7;2021-07-28;113453
2021-07-27;"Prešovský kraj";5;1140;2;1142;NA;116629;7;2021-07-27;113446
2021-07-26;"Prešovský kraj";12;1583;1;1584;NA;116629;13;2021-07-26;113439
2021-07-25;"Prešovský kraj";0;675;1;676;NA;116629;1;2021-07-25;113426
2021-07-24;"Prešovský kraj";8;1015;0;1015;NA;116629;8;2021-07-24;113425
2021-07-23;"Prešovský kraj";8;1608;1;1609;NA;116629;9;2021-07-23;113417
2021-07-22;"Prešovský kraj";13;1431;10;1441;NA;116629;23;2021-07-22;113408
2021-07-21;"Prešovský kraj";5;1076;1;1077;NA;116629;6;2021-07-21;113385
2021-07-20;"Prešovský kraj";4;1046;0;1046;NA;116629;4;2021-07-20;113379
2021-07-19;"Prešovský kraj";2;1644;4;1648;NA;116629;6;2021-07-19;113375
2021-07-18;"Prešovský kraj";1;629;0;629;NA;116629;1;2021-07-18;113369
2021-07-17;"Prešovský kraj";6;1232;1;1233;NA;116629;7;2021-07-17;113368
2021-07-16;"Prešovský kraj";4;1558;2;1560;NA;116629;6;2021-07-16;113361
2021-07-15;"Prešovský kraj";5;1282;4;1286;NA;116629;9;2021-07-15;113355
2021-07-14;"Prešovský kraj";1;1051;2;1053;NA;116629;3;2021-07-14;113346
2021-07-13;"Prešovský kraj";1;1071;2;1073;NA;116629;3;2021-07-13;113343
2021-07-12;"Prešovský kraj";1;1949;2;1951;NA;116629;3;2021-07-12;113340
2021-07-11;"Prešovský kraj";0;645;1;646;NA;116629;1;2021-07-11;113337
2021-07-10;"Prešovský kraj";4;1206;2;1208;NA;116629;6;2021-07-10;113336
2021-07-09;"Prešovský kraj";6;1957;1;1958;NA;116629;7;2021-07-09;113330
2021-07-08;"Prešovský kraj";5;1192;0;1192;NA;116629;5;2021-07-08;113323
2021-07-07;"Prešovský kraj";7;1468;3;1471;NA;116629;10;2021-07-07;113318
2021-07-06;"Prešovský kraj";5;1423;2;1425;NA;116629;7;2021-07-06;113308
2021-07-05;"Prešovský kraj";2;619;0;619;NA;116629;2;2021-07-05;113301
2021-07-04;"Prešovský kraj";0;773;0;773;NA;116629;0;2021-07-04;113299
2021-07-03;"Prešovský kraj";2;1363;0;1363;NA;116629;2;2021-07-03;113299
2021-07-02;"Prešovský kraj";4;1796;0;1796;NA;116629;4;2021-07-02;113297
2021-07-01;"Prešovský kraj";2;1590;1;1591;NA;116629;3;2021-07-01;113293
2021-06-30;"Prešovský kraj";3;8670;4;8674;NA;116629;7;2021-06-30;113290
2021-06-29;"Prešovský kraj";1;4935;3;4938;NA;116629;4;2021-06-29;113283
2021-06-28;"Prešovský kraj";5;6109;2;6111;NA;116629;7;2021-06-28;113279
2021-06-27;"Prešovský kraj";0;3835;1;3836;NA;116629;1;2021-06-27;113272
2021-06-26;"Prešovský kraj";4;5791;1;5792;NA;116629;5;2021-06-26;113271
2021-06-25;"Prešovský kraj";7;7321;4;7325;NA;116629;11;2021-06-25;113266
2021-06-24;"Prešovský kraj";10;5406;5;5411;NA;116629;15;2021-06-24;113255
2021-06-23;"Prešovský kraj";4;5124;2;5126;NA;116629;6;2021-06-23;113240
2021-06-22;"Prešovský kraj";5;5143;1;5144;NA;116629;6;2021-06-22;113234
2021-06-21;"Prešovský kraj";13;7033;6;7039;NA;116629;19;2021-06-21;113228
2021-06-20;"Prešovský kraj";0;5173;3;5176;NA;116629;3;2021-06-20;113209
2021-06-19;"Prešovský kraj";1;7349;5;7354;NA;116629;6;2021-06-19;113206
2021-06-18;"Prešovský kraj";9;8682;10;8692;NA;116629;19;2021-06-18;113200
2021-06-17;"Prešovský kraj";9;6548;5;6553;NA;116629;14;2021-06-17;113181
2021-06-16;"Prešovský kraj";6;6422;3;6425;NA;116629;9;2021-06-16;113167
2021-06-15;"Prešovský kraj";2;5709;4;5713;NA;116629;6;2021-06-15;113158
2021-06-14;"Prešovský kraj";5;8229;13;8242;NA;116629;18;2021-06-14;113152
2021-06-13;"Prešovský kraj";1;6437;7;6444;NA;116629;8;2021-06-13;113134
2021-06-12;"Prešovský kraj";3;8881;9;8890;NA;116629;12;2021-06-12;113126
2021-06-11;"Prešovský kraj";21;9877;9;9886;NA;116629;30;2021-06-11;113114
2021-06-10;"Prešovský kraj";11;6512;10;6522;NA;116629;21;2021-06-10;113084
2021-06-09;"Prešovský kraj";16;6375;3;6378;NA;116629;19;2021-06-09;113063
2021-06-08;"Prešovský kraj";31;6495;12;6507;NA;116629;43;2021-06-08;113044
2021-06-07;"Prešovský kraj";11;9111;15;9126;NA;116629;26;2021-06-07;113001
2021-06-06;"Prešovský kraj";0;7999;5;8004;NA;116629;5;2021-06-06;112975
2021-06-05;"Prešovský kraj";17;10248;15;10263;NA;116629;32;2021-06-05;112970
2021-06-04;"Prešovský kraj";26;10321;18;10339;NA;116629;44;2021-06-04;112938
2021-06-03;"Prešovský kraj";14;6820;16;6836;NA;116629;30;2021-06-03;112894
2021-06-02;"Prešovský kraj";47;7372;14;7386;NA;116629;61;2021-06-02;112864
2021-06-01;"Prešovský kraj";15;6926;14;6940;NA;116629;29;2021-06-01;112803
2021-05-31;"Prešovský kraj";27;9951;22;9973;NA;116629;49;2021-05-31;112774
2021-05-30;"Prešovský kraj";2;9694;14;9708;NA;116629;16;2021-05-30;112725
2021-05-29;"Prešovský kraj";23;12709;24;12733;NA;116629;47;2021-05-29;112709
2021-05-28;"Prešovský kraj";30;12468;19;12487;NA;116629;49;2021-05-28;112662
2021-05-27;"Prešovský kraj";16;7610;37;7647;NA;116629;53;2021-05-27;112613
2021-05-26;"Prešovský kraj";32;8140;23;8163;NA;116629;55;2021-05-26;112560
2021-05-25;"Prešovský kraj";38;8690;20;8710;NA;116629;58;2021-05-25;112505
2021-05-24;"Prešovský kraj";17;13298;37;13335;NA;116629;54;2021-05-24;112447
2021-05-23;"Prešovský kraj";3;11933;20;11953;NA;116629;23;2021-05-23;112393
2021-05-22;"Prešovský kraj";11;14422;44;14466;NA;116629;55;2021-05-22;112370
2021-05-21;"Prešovský kraj";44;13803;24;13827;NA;116629;68;2021-05-21;112315
2021-05-20;"Prešovský kraj";13;9437;29;9466;NA;116629;42;2021-05-20;112247
2021-05-19;"Prešovský kraj";60;10756;36;10792;NA;116629;96;2021-05-19;112205
2021-05-18;"Prešovský kraj";44;9062;27;9089;NA;116629;71;2021-05-18;112109
2021-05-17;"Prešovský kraj";60;12856;47;12903;NA;116629;107;2021-05-17;112038
2021-05-16;"Prešovský kraj";20;16302;66;16368;NA;116629;86;2021-05-16;111931
2021-05-15;"Prešovský kraj";20;24585;81;24666;NA;116629;101;2021-05-15;111845
2021-05-14;"Prešovský kraj";49;18671;68;18739;NA;116629;117;2021-05-14;111744
2021-05-13;"Prešovský kraj";54;11166;71;11237;NA;116629;125;2021-05-13;111627
2021-05-12;"Prešovský kraj";59;10822;39;10861;NA;116629;98;2021-05-12;111502
2021-05-11;"Prešovský kraj";61;10728;48;10776;NA;116629;109;2021-05-11;111404
2021-05-10;"Prešovský kraj";79;15726;67;15793;NA;116629;146;2021-05-10;111295
2021-05-09;"Prešovský kraj";54;21614;82;21696;NA;116629;136;2021-05-09;111149
2021-05-08;"Prešovský kraj";39;23050;52;23102;NA;116629;91;2021-05-08;111013
2021-05-07;"Prešovský kraj";81;23543;66;23609;NA;116629;147;2021-05-07;110922
2021-05-06;"Prešovský kraj";107;12924;66;12990;NA;116629;173;2021-05-06;110775
2021-05-05;"Prešovský kraj";60;12808;84;12892;NA;116629;144;2021-05-05;110602
2021-05-04;"Prešovský kraj";203;13470;67;13537;NA;116629;270;2021-05-04;110458
2021-05-03;"Prešovský kraj";68;18458;109;18567;NA;116629;177;2021-05-03;110188
2021-05-02;"Prešovský kraj";29;36664;102;36766;NA;116629;131;2021-05-02;110011
2021-05-01;"Prešovský kraj";70;57153;183;57336;NA;116629;253;2021-05-01;109880
2021-04-30;"Prešovský kraj";135;39333;118;39451;NA;116629;253;2021-04-30;109627
2021-04-29;"Prešovský kraj";110;16635;97;16732;NA;116629;207;2021-04-29;109374
2021-04-28;"Prešovský kraj";122;18671;89;18760;NA;116629;211;2021-04-28;109167
2021-04-27;"Prešovský kraj";154;19994;120;20114;NA;116629;274;2021-04-27;108956
2021-04-26;"Prešovský kraj";99;27241;123;27364;NA;116629;222;2021-04-26;108682
2021-04-25;"Prešovský kraj";9;52776;156;52932;NA;116629;165;2021-04-25;108460
2021-04-24;"Prešovský kraj";61;85698;243;85941;NA;116629;304;2021-04-24;108295
2021-04-23;"Prešovský kraj";171;40365;137;40502;NA;116629;308;2021-04-23;107991
2021-04-22;"Prešovský kraj";86;18104;125;18229;NA;116629;211;2021-04-22;107683
2021-04-21;"Prešovský kraj";144;21550;139;21689;NA;116629;283;2021-04-21;107472
2021-04-20;"Prešovský kraj";115;23346;128;23474;NA;116629;243;2021-04-20;107189
2021-04-19;"Prešovský kraj";106;29133;145;29278;NA;116629;251;2021-04-19;106946
2021-04-18;"Prešovský kraj";4;51824;129;51953;NA;116629;133;2021-04-18;106695
2021-04-17;"Prešovský kraj";119;97970;238;98208;NA;116629;357;2021-04-17;106562
2021-04-16;"Prešovský kraj";135;40989;146;41135;NA;116629;281;2021-04-16;106205
2021-04-15;"Prešovský kraj";112;20179;137;20316;NA;116629;249;2021-04-15;105924
2021-04-14;"Prešovský kraj";199;23332;130;23462;NA;116629;329;2021-04-14;105675
2021-04-13;"Prešovský kraj";180;23907;116;24023;NA;116629;296;2021-04-13;105346
2021-04-12;"Prešovský kraj";172;30152;175;30327;NA;116629;347;2021-04-12;105050
2021-04-11;"Prešovský kraj";11;49955;187;50142;NA;116629;198;2021-04-11;104703
2021-04-10;"Prešovský kraj";94;90181;297;90478;NA;116629;391;2021-04-10;104505
2021-04-09;"Prešovský kraj";255;37163;200;37363;NA;116629;455;2021-04-09;104114
2021-04-08;"Prešovský kraj";192;18893;157;19050;NA;116629;349;2021-04-08;103659
2021-04-07;"Prešovský kraj";314;27797;154;27951;NA;116629;468;2021-04-07;103310
2021-04-06;"Prešovský kraj";231;41711;268;41979;NA;116629;499;2021-04-06;102842
2021-04-05;"Prešovský kraj";54;18454;132;18586;NA;116629;186;2021-04-05;102343
2021-04-04;"Prešovský kraj";31;18569;91;18660;NA;116629;122;2021-04-04;102157
2021-04-03;"Prešovský kraj";104;90664;321;90985;NA;116629;425;2021-04-03;102035
2021-04-02;"Prešovský kraj";194;23381;134;23515;NA;116629;328;2021-04-02;101610
2021-04-01;"Prešovský kraj";256;42879;195;43074;NA;116629;451;2021-04-01;101282
2021-03-31;"Prešovský kraj";311;30176;227;30403;NA;116629;538;2021-03-31;100831
2021-03-30;"Prešovský kraj";374;20751;203;20954;NA;116629;577;2021-03-30;100293
2021-03-29;"Prešovský kraj";219;28188;229;28417;NA;116629;448;2021-03-29;99716
2021-03-28;"Prešovský kraj";26;46811;256;47067;NA;116629;282;2021-03-28;99268
2021-03-27;"Prešovský kraj";181;88673;372;89045;NA;116629;553;2021-03-27;98986
2021-03-26;"Prešovský kraj";310;47751;299;48050;NA;116629;609;2021-03-26;98433
2021-03-25;"Prešovský kraj";248;22281;213;22494;NA;116629;461;2021-03-25;97824
2021-03-24;"Prešovský kraj";381;19590;213;19803;NA;116629;594;2021-03-24;97363
2021-03-23;"Prešovský kraj";241;20351;255;20606;NA;116629;496;2021-03-23;96769
2021-03-22;"Prešovský kraj";299;28634;287;28921;NA;116629;586;2021-03-22;96273
2021-03-21;"Prešovský kraj";32;49439;266;49705;NA;116629;298;2021-03-21;95687
2021-03-20;"Prešovský kraj";180;92529;426;92955;NA;116629;606;2021-03-20;95389
2021-03-19;"Prešovský kraj";373;46582;326;46908;NA;116629;699;2021-03-19;94783
2021-03-18;"Prešovský kraj";251;21721;217;21938;NA;116629;468;2021-03-18;94084
2021-03-17;"Prešovský kraj";331;20887;231;21118;NA;116629;562;2021-03-17;93616
2021-03-16;"Prešovský kraj";461;21094;278;21372;NA;116629;739;2021-03-16;93054
2021-03-15;"Prešovský kraj";370;28813;324;29137;NA;116629;694;2021-03-15;92315
2021-03-14;"Prešovský kraj";52;50410;356;50766;NA;116629;408;2021-03-14;91621
2021-03-13;"Prešovský kraj";200;94768;531;95299;NA;116629;731;2021-03-13;91213
2021-03-12;"Prešovský kraj";425;47691;368;48059;NA;116629;793;2021-03-12;90482
2021-03-11;"Prešovský kraj";463;22059;253;22312;NA;116629;716;2021-03-11;89689
2021-03-10;"Prešovský kraj";325;20821;293;21114;NA;116629;618;2021-03-10;88973
2021-03-09;"Prešovský kraj";505;21496;288;21784;NA;116629;793;2021-03-09;88355
2021-03-08;"Prešovský kraj";314;28903;333;29236;NA;116629;647;2021-03-08;87562
2021-03-07;"Prešovský kraj";19;48328;388;48716;NA;116629;407;2021-03-07;86915
2021-03-06;"Prešovský kraj";193;97527;591;98118;NA;116629;784;2021-03-06;86508
2021-03-05;"Prešovský kraj";497;46054;397;46451;NA;116629;894;2021-03-05;85724
2021-03-04;"Prešovský kraj";372;22670;359;23029;NA;116629;731;2021-03-04;84830
2021-03-03;"Prešovský kraj";397;21623;333;21956;NA;116629;730;2021-03-03;84099
2021-03-02;"Prešovský kraj";421;22682;357;23039;NA;116629;778;2021-03-02;83369
2021-03-01;"Prešovský kraj";303;27716;406;28122;NA;116629;709;2021-03-01;82591
2021-02-28;"Prešovský kraj";75;45000;387;45387;NA;116629;462;2021-02-28;81882
2021-02-27;"Prešovský kraj";273;90231;734;90965;NA;116629;1007;2021-02-27;81420
2021-02-26;"Prešovský kraj";455;41340;438;41778;NA;116629;893;2021-02-26;80413
2021-02-25;"Prešovský kraj";270;19496;337;19833;NA;116629;607;2021-02-25;79520
2021-02-24;"Prešovský kraj";328;19026;377;19403;NA;116629;705;2021-02-24;78913
2021-02-23;"Prešovský kraj";430;21277;345;21622;NA;116629;775;2021-02-23;78208
2021-02-22;"Prešovský kraj";351;27180;356;27536;NA;116629;707;2021-02-22;77433
2021-02-21;"Prešovský kraj";66;31841;302;32143;NA;116629;368;2021-02-21;76726
2021-02-20;"Prešovský kraj";129;71413;517;71930;NA;116629;646;2021-02-20;76358
2021-02-19;"Prešovský kraj";381;38995;430;39425;NA;116629;811;2021-02-19;75712
2021-02-18;"Prešovský kraj";268;16960;322;17282;NA;116629;590;2021-02-18;74901
2021-02-17;"Prešovský kraj";293;17392;246;17638;NA;116629;539;2021-02-17;74311
2021-02-16;"Prešovský kraj";422;18862;265;19127;NA;116629;687;2021-02-16;73772
2021-02-15;"Prešovský kraj";211;31366;303;31669;NA;116629;514;2021-02-15;73085
2021-02-14;"Prešovský kraj";27;39387;321;39708;NA;116629;348;2021-02-14;72571
2021-02-13;"Prešovský kraj";157;74747;402;75149;NA;116629;559;2021-02-13;72223
2021-02-12;"Prešovský kraj";308;38758;365;39123;NA;116629;673;2021-02-12;71664
2021-02-11;"Prešovský kraj";218;16207;238;16445;NA;116629;456;2021-02-11;70991
2021-02-10;"Prešovský kraj";220;18542;282;18824;NA;116629;502;2021-02-10;70535
2021-02-09;"Prešovský kraj";323;21497;370;21867;NA;116629;693;2021-02-09;70033
2021-02-08;"Prešovský kraj";161;36924;261;37185;NA;116629;422;2021-02-08;69340
2021-02-07;"Prešovský kraj";21;34227;209;34436;NA;116629;230;2021-02-07;68918
2021-02-06;"Prešovský kraj";176;69164;360;69524;NA;116629;536;2021-02-06;68688
2021-02-05;"Prešovský kraj";177;31271;262;31533;NA;116629;439;2021-02-05;68152
2021-02-04;"Prešovský kraj";176;13080;237;13317;NA;116629;413;2021-02-04;67713
2021-02-03;"Prešovský kraj";251;8421;236;8657;NA;116629;487;2021-02-03;67300
2021-02-02;"Prešovský kraj";249;11769;264;12033;NA;116629;513;2021-02-02;66813
2021-02-01;"Prešovský kraj";220;16059;316;16375;NA;116629;536;2021-02-01;66300
2021-01-31;"Prešovský kraj";42;10587;107;10694;NA;116629;149;2021-01-31;65764
2021-01-30;"Prešovský kraj";142;23939;215;24154;NA;116629;357;2021-01-30;65615
2021-01-29;"Prešovský kraj";185;17924;326;18250;NA;116629;511;2021-01-29;65258
2021-01-28;"Prešovský kraj";311;7348;150;7498;NA;116629;461;2021-01-28;64747
2021-01-27;"Prešovský kraj";153;9730;147;9877;NA;116629;300;2021-01-27;64286
2021-01-26;"Prešovský kraj";252;16653;151;16804;NA;116629;403;2021-01-26;63986
2021-01-25;"Prešovský kraj";196;30092;253;30345;NA;116629;449;2021-01-25;63583
2021-01-24;"Prešovský kraj";12;45706;304;46010;NA;116629;316;2021-01-24;63134
2021-01-23;"Prešovský kraj";189;96883;487;97370;NA;116629;676;2021-01-23;62818
2021-01-22;"Prešovský kraj";187;35383;261;35644;NA;116629;448;2021-01-22;62142
2021-01-21;"Prešovský kraj";187;20434;212;20646;NA;116629;399;2021-01-21;61694
2021-01-20;"Prešovský kraj";253;14782;195;14977;NA;116629;448;2021-01-20;61295
2021-01-19;"Prešovský kraj";281;12329;305;12634;NA;116629;586;2021-01-19;60847
2021-01-18;"Prešovský kraj";203;10422;336;10758;NA;116629;539;2021-01-18;60261
2021-01-17;"Prešovský kraj";107;14391;1008;15399;NA;116629;1115;2021-01-17;59722
2021-01-16;"Prešovský kraj";72;1838;81;1919;NA;116629;153;2021-01-16;58607
2021-01-15;"Prešovský kraj";159;7033;257;7290;NA;116629;416;2021-01-15;58454
2021-01-14;"Prešovský kraj";268;5534;256;5790;NA;116629;524;2021-01-14;58038
2021-01-13;"Prešovský kraj";342;5649;226;5875;NA;116629;568;2021-01-13;57514
2021-01-12;"Prešovský kraj";455;8251;386;8637;NA;116629;841;2021-01-12;56946
2021-01-11;"Prešovský kraj";343;8149;471;8620;NA;116629;814;2021-01-11;56105
2021-01-10;"Prešovský kraj";63;476;23;499;NA;116629;86;2021-01-10;55291
2021-01-09;"Prešovský kraj";439;2248;125;2373;NA;116629;564;2021-01-09;55205
2021-01-08;"Prešovský kraj";430;10416;561;10977;NA;116629;991;2021-01-08;54641
2021-01-07;"Prešovský kraj";268;7432;622;8054;NA;116629;890;2021-01-07;53650
2021-01-06;"Prešovský kraj";315;1484;134;1618;NA;116629;449;2021-01-06;52760
2021-01-05;"Prešovský kraj";655;11275;976;12251;NA;116629;1631;2021-01-05;52311
2021-01-04;"Prešovský kraj";371;16845;1789;18634;NA;116629;2160;2021-01-04;50680
2021-01-03;"Prešovský kraj";89;459;41;500;NA;116629;130;2021-01-03;48520
2021-01-02;"Prešovský kraj";65;1556;160;1716;NA;116629;225;2021-01-02;48390
2021-01-01;"Prešovský kraj";174;956;71;1027;NA;116629;245;2021-01-01;48165
2020-12-31;"Prešovský kraj";640;11959;783;12742;NA;116629;1423;2020-12-31;47920
2020-12-30;"Prešovský kraj";729;8729;769;9498;NA;116629;1498;2020-12-30;46497
2020-12-29;"Prešovský kraj";435;9273;949;10222;NA;116629;1384;2020-12-29;44999
2020-12-28;"Prešovský kraj";393;9046;1079;10125;NA;116629;1472;2020-12-28;43615
2020-12-27;"Prešovský kraj";40;613;45;658;NA;116629;85;2020-12-27;42143
2020-12-26;"Prešovský kraj";64;176;12;188;NA;116629;76;2020-12-26;42058
2020-12-25;"Prešovský kraj";208;274;11;285;NA;116629;219;2020-12-25;41982
2020-12-24;"Prešovský kraj";452;1214;85;1299;NA;116629;537;2020-12-24;41763
2020-12-23;"Prešovský kraj";361;11006;618;11624;NA;116629;979;2020-12-23;41226
2020-12-22;"Prešovský kraj";439;9023;695;9718;NA;116629;1134;2020-12-22;40247
2020-12-21;"Prešovský kraj";432;9577;847;10424;NA;116629;1279;2020-12-21;39113
2020-12-20;"Prešovský kraj";184;396;20;416;NA;116629;204;2020-12-20;37834
2020-12-19;"Prešovský kraj";276;1658;151;1809;NA;116629;427;2020-12-19;37630
2020-12-18;"Prešovský kraj";396;8246;566;8812;NA;116629;962;2020-12-18;37203
2020-12-17;"Prešovský kraj";427;10505;866;11371;NA;116629;1293;2020-12-17;36241
2020-12-16;"Prešovský kraj";466;5613;473;6086;NA;116629;939;2020-12-16;34948
2020-12-15;"Prešovský kraj";411;5406;574;5980;NA;116629;985;2020-12-15;34009
2020-12-14;"Prešovský kraj";334;5538;477;6015;NA;116629;811;2020-12-14;33024
2020-12-13;"Prešovský kraj";89;29;8;37;NA;116629;97;2020-12-13;32213
2020-12-12;"Prešovský kraj";319;2474;166;2640;NA;116629;485;2020-12-12;32116
2020-12-11;"Prešovský kraj";560;5602;402;6004;NA;116629;962;2020-12-11;31631
2020-12-10;"Prešovský kraj";337;5019;423;5442;NA;116629;760;2020-12-10;30669
2020-12-09;"Prešovský kraj";358;4357;314;4671;NA;116629;672;2020-12-09;29909
2020-12-08;"Prešovský kraj";350;6629;651;7280;NA;116629;1001;2020-12-08;29237
2020-12-07;"Prešovský kraj";309;4345;327;4672;NA;116629;636;2020-12-07;28236
2020-12-06;"Prešovský kraj";59;655;26;681;NA;116629;85;2020-12-06;27600
2020-12-05;"Prešovský kraj";218;984;87;1071;NA;116629;305;2020-12-05;27515
2020-12-04;"Prešovský kraj";352;5070;293;5363;NA;116629;645;2020-12-04;27210
2020-12-03;"Prešovský kraj";284;2456;179;2635;NA;116629;463;2020-12-03;26565
2020-12-02;"Prešovský kraj";232;2830;225;3055;NA;116629;457;2020-12-02;26102
2020-12-01;"Prešovský kraj";281;1884;196;2080;NA;116629;477;2020-12-01;25645
2020-11-30;"Prešovský kraj";196;5333;97;5430;NA;116629;293;2020-11-30;25168
2020-11-29;"Prešovský kraj";27;379;42;421;NA;116629;69;2020-11-29;24875
2020-11-28;"Prešovský kraj";199;772;77;849;NA;116629;276;2020-11-28;24806
2020-11-27;"Prešovský kraj";232;2350;130;2480;NA;116629;362;2020-11-27;24530
2020-11-26;"Prešovský kraj";263;3014;329;3343;NA;116629;592;2020-11-26;24168
2020-11-25;"Prešovský kraj";302;2174;103;2277;NA;116629;405;2020-11-25;23576
2020-11-24;"Prešovský kraj";365;1777;156;1933;NA;116629;521;2020-11-24;23171
2020-11-23;"Prešovský kraj";164;1099;60;1159;NA;116629;224;2020-11-23;22650
2020-11-22;"Prešovský kraj";46;44;1;45;NA;116629;47;2020-11-22;22426
2020-11-21;"Prešovský kraj";205;754;62;816;NA;116629;267;2020-11-21;22379
2020-11-20;"Prešovský kraj";363;2258;102;2360;NA;116629;465;2020-11-20;22112
2020-11-19;"Prešovský kraj";359;2096;238;2334;NA;116629;597;2020-11-19;21647
2020-11-18;"Prešovský kraj";270;488;43;531;NA;116629;313;2020-11-18;21050
2020-11-17;"Prešovský kraj";347;205;23;228;NA;116629;370;2020-11-17;20737
2020-11-16;"Prešovský kraj";226;540;58;598;NA;116629;284;2020-11-16;20367
2020-11-15;"Prešovský kraj";186;39;4;43;NA;116629;190;2020-11-15;20083
2020-11-14;"Prešovský kraj";261;54;4;58;NA;116629;265;2020-11-14;19893
2020-11-13;"Prešovský kraj";395;166;8;174;NA;116629;403;2020-11-13;19628
2020-11-12;"Prešovský kraj";397;229;50;279;NA;116629;447;2020-11-12;19225
2020-11-11;"Prešovský kraj";516;161;15;176;NA;116629;531;2020-11-11;18778
2020-11-10;"Prešovský kraj";437;197;9;206;NA;116629;446;2020-11-10;18247
2020-11-09;"Prešovský kraj";190;4110;945;5055;NA;116629;1135;2020-11-09;17801
2020-11-08;"Prešovský kraj";97;2817;32;2849;NA;116629;129;2020-11-08;16666
2020-11-07;"Prešovský kraj";416;8578;81;8659;NA;116629;497;2020-11-07;16537
2020-11-06;"Prešovský kraj";520;4791;76;4867;NA;116629;596;2020-11-06;16040
2020-11-05;"Prešovský kraj";397;180;5;185;NA;116629;402;2020-11-05;15444
2020-11-04;"Prešovský kraj";350;807;8;815;NA;116629;358;2020-11-04;15042
2020-11-03;"Prešovský kraj";565;98;12;110;NA;116629;577;2020-11-03;14684
2020-11-02;"Prešovský kraj";203;4158;1004;5162;NA;116629;1207;2020-11-02;14107
2020-11-01;"Prešovský kraj";386;2906;53;2959;NA;116629;439;2020-11-01;12900
2020-10-31;"Prešovský kraj";315;10497;170;10667;NA;116629;485;2020-10-31;12461
2020-10-30;"Prešovský kraj";552;2949;65;3014;NA;116629;617;2020-10-30;11976
2020-10-29;"Prešovský kraj";594;301;38;339;NA;116629;632;2020-10-29;11359
2020-10-28;"Prešovský kraj";617;291;46;337;NA;116629;663;2020-10-28;10727
2020-10-27;"Prešovský kraj";656;268;34;302;NA;116629;690;2020-10-27;10064
2020-10-26;"Prešovský kraj";137;363;57;420;NA;116629;194;2020-10-26;9374
2020-10-25;"Prešovský kraj";237;346;11;357;NA;116629;248;2020-10-25;9180
2020-10-24;"Prešovský kraj";719;200;12;212;NA;116629;731;2020-10-24;8932
2020-10-23;"Prešovský kraj";750;218;8;226;NA;116629;758;2020-10-23;8201
2020-10-22;"Prešovský kraj";646;396;30;426;NA;116629;676;2020-10-22;7443
2020-10-21;"Prešovský kraj";383;58;8;66;NA;116629;391;2020-10-21;6767
2020-10-20;"Prešovský kraj";493;65;7;72;NA;116629;500;2020-10-20;6376
2020-10-19;"Prešovský kraj";140;235;15;250;NA;116629;155;2020-10-19;5876
2020-10-18;"Prešovský kraj";209;0;0;0;NA;116629;209;2020-10-18;5721
2020-10-17;"Prešovský kraj";342;0;0;0;NA;116629;342;2020-10-17;5512
2020-10-16;"Prešovský kraj";388;57;3;60;NA;116629;391;2020-10-16;5170
2020-10-15;"Prešovský kraj";435;85;18;103;NA;116629;453;2020-10-15;4779
2020-10-14;"Prešovský kraj";451;54;10;64;NA;116629;461;2020-10-14;4326
2020-10-13;"Prešovský kraj";264;50;6;56;NA;116629;270;2020-10-13;3865
2020-10-12;"Prešovský kraj";214;334;35;369;NA;116629;249;2020-10-12;3595
2020-10-11;"Prešovský kraj";127;0;0;0;NA;116629;127;2020-10-11;3346
2020-10-10;"Prešovský kraj";248;0;0;0;NA;116629;248;2020-10-10;3219
2020-10-09;"Prešovský kraj";406;0;0;0;NA;116629;406;2020-10-09;2971
2020-10-08;"Prešovský kraj";245;0;0;0;NA;116629;245;2020-10-08;2565
2020-10-07;"Prešovský kraj";244;0;0;0;NA;116629;244;2020-10-07;2320
2020-10-06;"Prešovský kraj";166;0;0;0;NA;116629;166;2020-10-06;2076
2020-10-05;"Prešovský kraj";84;0;0;0;NA;116629;84;2020-10-05;1910
2020-10-04;"Prešovský kraj";118;0;0;0;NA;116629;118;2020-10-04;1826
2020-10-03;"Prešovský kraj";204;0;0;0;NA;116629;204;2020-10-03;1708
2020-10-02;"Prešovský kraj";149;0;0;0;NA;116629;149;2020-10-02;1504
2020-10-01;"Prešovský kraj";136;0;0;0;NA;116629;136;2020-10-01;1355
2020-09-30;"Prešovský kraj";121;0;0;0;NA;116629;121;2020-09-30;1219
2020-09-29;"Prešovský kraj";156;0;0;0;NA;116629;156;2020-09-29;1098
2020-09-28;"Prešovský kraj";51;0;0;0;NA;116629;51;2020-09-28;942
2020-09-27;"Prešovský kraj";10;0;0;0;NA;116629;10;2020-09-27;891
2020-09-26;"Prešovský kraj";72;0;0;0;NA;116629;72;2020-09-26;881
2020-09-25;"Prešovský kraj";91;0;0;0;NA;116629;91;2020-09-25;809
2020-09-24;"Prešovský kraj";52;0;0;0;NA;116629;52;2020-09-24;718
2020-09-23;"Prešovský kraj";55;0;0;0;NA;116629;55;2020-09-23;666
2020-09-22;"Prešovský kraj";29;0;0;0;NA;116629;29;2020-09-22;611
2020-09-21;"Prešovský kraj";14;0;0;0;NA;116629;14;2020-09-21;582
2020-09-20;"Prešovský kraj";5;0;0;0;NA;116629;5;2020-09-20;568
2020-09-19;"Prešovský kraj";12;0;0;0;NA;116629;12;2020-09-19;563
2020-09-18;"Prešovský kraj";29;0;0;0;NA;116629;29;2020-09-18;551
2020-09-17;"Prešovský kraj";25;0;0;0;NA;116629;25;2020-09-17;522
2020-09-16;"Prešovský kraj";8;0;0;0;NA;116629;8;2020-09-16;497
2020-09-15;"Prešovský kraj";10;0;0;0;NA;116629;10;2020-09-15;489
2020-09-14;"Prešovský kraj";47;0;0;0;NA;116629;47;2020-09-14;479
2020-09-13;"Prešovský kraj";3;0;0;0;NA;116629;3;2020-09-13;432
2020-09-12;"Prešovský kraj";4;0;0;0;NA;116629;4;2020-09-12;429
2020-09-11;"Prešovský kraj";15;0;0;0;NA;116629;15;2020-09-11;425
2020-09-10;"Prešovský kraj";10;0;0;0;NA;116629;10;2020-09-10;410
2020-09-09;"Prešovský kraj";21;0;0;0;NA;116629;21;2020-09-09;400
2020-09-08;"Prešovský kraj";23;0;0;0;NA;116629;23;2020-09-08;379
2020-09-07;"Prešovský kraj";5;0;0;0;NA;116629;5;2020-09-07;356
2020-09-06;"Prešovský kraj";3;0;0;0;NA;116629;3;2020-09-06;351
2020-09-05;"Prešovský kraj";7;0;0;0;NA;116629;7;2020-09-05;348
2020-09-04;"Prešovský kraj";24;0;0;0;NA;116629;24;2020-09-04;341
2020-09-03;"Prešovský kraj";8;0;0;0;NA;116629;8;2020-09-03;317
2020-09-02;"Prešovský kraj";9;0;0;0;NA;116629;9;2020-09-02;309
2020-09-01;"Prešovský kraj";6;0;0;0;NA;116629;6;2020-09-01;300
2020-08-31;"Prešovský kraj";3;0;0;0;NA;116629;3;2020-08-31;294
2020-08-30;"Prešovský kraj";6;0;0;0;NA;116629;6;2020-08-30;291
2020-08-29;"Prešovský kraj";4;0;0;0;NA;116629;4;2020-08-29;285
2020-08-28;"Prešovský kraj";6;0;0;0;NA;116629;6;2020-08-28;281
2020-08-27;"Prešovský kraj";7;0;0;0;NA;116629;7;2020-08-27;275
2020-08-26;"Prešovský kraj";22;0;0;0;NA;116629;22;2020-08-26;268
2020-08-25;"Prešovský kraj";1;0;0;0;NA;116629;1;2020-08-25;246
2020-08-24;"Prešovský kraj";5;0;0;0;NA;116629;5;2020-08-24;245
2020-08-23;"Prešovský kraj";3;0;0;0;NA;116629;3;2020-08-23;240
2020-08-22;"Prešovský kraj";3;0;0;0;NA;116629;3;2020-08-22;237
2020-08-21;"Prešovský kraj";11;0;0;0;NA;116629;11;2020-08-21;234
2020-08-20;"Prešovský kraj";8;0;0;0;NA;116629;8;2020-08-20;223
2020-08-19;"Prešovský kraj";8;0;0;0;NA;116629;8;2020-08-19;215
2020-08-18;"Prešovský kraj";6;0;0;0;NA;116629;6;2020-08-18;207
2020-08-17;"Prešovský kraj";1;0;0;0;NA;116629;1;2020-08-17;201
2020-08-16;"Prešovský kraj";0;0;0;0;NA;116629;0;2020-08-16;200
2020-08-15;"Prešovský kraj";8;0;0;0;NA;116629;8;2020-08-15;200
2020-08-14;"Prešovský kraj";6;0;0;0;NA;116629;6;2020-08-14;192
2020-08-13;"Prešovský kraj";8;0;0;0;NA;116629;8;2020-08-13;186
2020-08-12;"Prešovský kraj";19;0;0;0;NA;116629;19;2020-08-12;178
2020-08-11;"Prešovský kraj";3;0;0;0;NA;116629;3;2020-08-11;159
2020-08-10;"Prešovský kraj";0;0;0;0;NA;116629;0;2020-08-10;156
2020-08-09;"Prešovský kraj";0;0;0;0;NA;116629;0;2020-08-09;156
2020-08-08;"Prešovský kraj";2;0;0;0;NA;116629;2;2020-08-08;156
2020-08-07;"Prešovský kraj";6;0;0;0;NA;116629;6;2020-08-07;154
2020-08-06;"Prešovský kraj";2;0;0;0;NA;116629;2;2020-08-06;148
2020-08-05;"Prešovský kraj";8;0;0;0;NA;116629;8;2020-08-05;146
2020-08-04;"Prešovský kraj";5;0;0;0;NA;116629;5;2020-08-04;138
2020-08-03;"Prešovský kraj";4;0;0;0;NA;116629;4;2020-08-03;133
2020-08-02;"Prešovský kraj";6;0;0;0;NA;116629;6;2020-08-02;129
2020-08-01;"Prešovský kraj";0;0;0;0;NA;116629;0;2020-08-01;123
2020-07-31;"Prešovský kraj";2;0;0;0;NA;116629;2;2020-07-31;123
2020-07-30;"Prešovský kraj";6;0;0;0;NA;116629;6;2020-07-30;121
2020-07-29;"Prešovský kraj";5;0;0;0;NA;116629;5;2020-07-29;115
2020-07-28;"Prešovský kraj";0;0;0;0;NA;116629;0;2020-07-28;110
2020-07-27;"Prešovský kraj";1;0;0;0;NA;116629;1;2020-07-27;110
2020-07-26;"Prešovský kraj";1;0;0;0;NA;116629;1;2020-07-26;109
2020-07-25;"Prešovský kraj";21;0;0;0;NA;116629;21;2020-07-25;108
2020-07-24;"Prešovský kraj";1;0;0;0;NA;116629;1;2020-07-24;87
2020-07-23;"Prešovský kraj";5;0;0;0;NA;116629;5;2020-07-23;86
2020-07-22;"Prešovský kraj";1;0;0;0;NA;116629;1;2020-07-22;81
2020-07-21;"Prešovský kraj";2;0;0;0;NA;116629;2;2020-07-21;80
2020-07-20;"Prešovský kraj";1;0;0;0;NA;116629;1;2020-07-20;78
2020-07-19;"Prešovský kraj";0;0;0;0;NA;116629;0;2020-07-19;77
2020-07-18;"Prešovský kraj";0;0;0;0;NA;116629;0;2020-07-18;77
2020-07-17;"Prešovský kraj";3;0;0;0;NA;116629;3;2020-07-17;77
2020-07-16;"Prešovský kraj";1;0;0;0;NA;116629;1;2020-07-16;74
2020-07-15;"Prešovský kraj";5;0;0;0;NA;116629;5;2020-07-15;73
2020-07-14;"Prešovský kraj";5;0;0;0;NA;116629;5;2020-07-14;68
2020-07-13;"Prešovský kraj";1;0;0;0;NA;116629;1;2020-07-13;63
2020-07-12;"Prešovský kraj";1;0;0;0;NA;116629;1;2020-07-12;62
2020-07-11;"Prešovský kraj";6;0;0;0;NA;116629;6;2020-07-11;61
2020-07-10;"Prešovský kraj";5;0;0;0;NA;116629;5;2020-07-10;55
2020-07-09;"Prešovský kraj";2;0;0;0;NA;116629;2;2020-07-09;50
2020-07-08;"Prešovský kraj";14;0;0;0;NA;116629;14;2020-07-08;48
2020-07-07;"Prešovský kraj";2;0;0;0;NA;116629;2;2020-07-07;34
2020-07-06;"Prešovský kraj";0;0;0;0;NA;116629;0;2020-07-06;32
2020-07-05;"Prešovský kraj";0;0;0;0;NA;116629;0;2020-07-05;32
2020-07-04;"Prešovský kraj";1;0;0;0;NA;116629;1;2020-07-04;32
2020-07-03;"Prešovský kraj";3;0;0;0;NA;116629;3;2020-07-03;31
2020-07-02;"Prešovský kraj";0;0;0;0;NA;116629;0;2020-07-02;28
2020-07-01;"Prešovský kraj";0;0;0;0;NA;116629;0;2020-07-01;28
2020-06-30;"Prešovský kraj";7;0;0;0;NA;116629;7;2020-06-30;28
2020-06-29;"Prešovský kraj";0;0;0;0;NA;116629;0;2020-06-29;21
2020-06-28;"Prešovský kraj";0;0;0;0;NA;116629;0;2020-06-28;21
2020-06-27;"Prešovský kraj";3;0;0;0;NA;116629;3;2020-06-27;21
2020-06-26;"Prešovský kraj";3;0;0;0;NA;116629;3;2020-06-26;18
2020-06-25;"Prešovský kraj";0;0;0;0;NA;116629;0;2020-06-25;15
2020-06-24;"Prešovský kraj";4;0;0;0;NA;116629;4;2020-06-24;15
2020-06-23;"Prešovský kraj";0;0;0;0;NA;116629;0;2020-06-23;11
2020-06-22;"Prešovský kraj";0;0;0;0;NA;116629;0;2020-06-22;11
2020-06-21;"Prešovský kraj";0;0;0;0;NA;116629;0;2020-06-21;11
2020-06-20;"Prešovský kraj";0;0;0;0;NA;116629;0;2020-06-20;11
2020-06-19;"Prešovský kraj";1;0;0;0;NA;116629;1;2020-06-19;11
2020-06-18;"Prešovský kraj";0;0;0;0;NA;116629;0;2020-06-18;10
2020-06-17;"Prešovský kraj";0;0;0;0;NA;116629;0;2020-06-17;10
2020-06-16;"Prešovský kraj";6;0;0;0;NA;116629;6;2020-06-16;10
2020-06-14;"Prešovský kraj";0;0;0;0;NA;116629;0;2020-06-14;4
2020-06-13;"Prešovský kraj";0;0;0;0;NA;116629;0;2020-06-13;4
2020-06-12;"Prešovský kraj";1;0;0;0;NA;116629;1;2020-06-12;4
2020-06-11;"Prešovský kraj";0;0;0;0;NA;116629;0;2020-06-11;3
2020-06-10;"Prešovský kraj";0;0;0;0;NA;116629;0;2020-06-10;3
2020-06-09;"Prešovský kraj";0;0;0;0;NA;116629;0;2020-06-09;3
2020-06-08;"Prešovský kraj";0;0;0;0;NA;116629;0;2020-06-08;3
2020-06-07;"Prešovský kraj";0;0;0;0;NA;116629;0;2020-06-07;3
2020-06-05;"Prešovský kraj";0;0;0;0;NA;116629;0;2020-06-05;3
2020-06-03;"Prešovský kraj";0;0;0;0;NA;116629;0;2020-06-03;3
2020-06-02;"Prešovský kraj";1;0;0;0;NA;116629;1;2020-06-02;3
2020-05-31;"Prešovský kraj";1;0;0;0;NA;116629;1;2020-05-31;2
2020-05-29;"Prešovský kraj";0;0;0;0;NA;116629;0;2020-05-29;1
2020-05-27;"Prešovský kraj";0;0;0;0;NA;116629;0;2020-05-27;1
2020-05-26;"Prešovský kraj";0;0;0;0;NA;116629;0;2020-05-26;1
2020-05-25;"Prešovský kraj";0;0;0;0;NA;116629;0;2020-05-25;1
2020-05-24;"Prešovský kraj";0;0;0;0;NA;116629;0;2020-05-24;1
2020-05-23;"Prešovský kraj";0;0;0;0;NA;116629;0;2020-05-23;1
2020-05-22;"Prešovský kraj";0;0;0;0;NA;116629;0;2020-05-22;1
2020-05-21;"Prešovský kraj";1;0;0;0;NA;116629;1;2020-05-21;1
2020-05-20;"Prešovský kraj";0;0;0;0;NA;116629;0;2020-05-20;0
2020-05-19;"Prešovský kraj";0;0;0;0;NA;116629;0;2020-05-19;0
2020-05-17;"Prešovský kraj";0;0;0;0;NA;116629;0;2020-05-17;0
2020-05-16;"Prešovský kraj";0;0;0;0;NA;116629;0;2020-05-16;0
2020-05-15;"Prešovský kraj";0;0;0;0;NA;116629;0;2020-05-15;0
2020-05-14;"Prešovský kraj";0;0;0;0;NA;116629;0;2020-05-14;0
2020-05-13;"Prešovský kraj";1;0;0;0;NA;116629;1;2020-05-13;0
2020-05-12;"Prešovský kraj";0;0;0;0;NA;116629;0;2020-05-12;-1
2020-05-11;"Prešovský kraj";1;0;0;0;NA;116629;1;2020-05-11;-1
2020-05-09;"Prešovský kraj";0;0;0;0;NA;116629;0;2020-05-09;-2
2020-05-07;"Prešovský kraj";0;0;0;0;NA;116629;0;2020-05-07;-2
2020-05-06;"Prešovský kraj";0;0;0;0;NA;116629;0;2020-05-06;-2
2020-05-05;"Prešovský kraj";1;0;0;0;NA;116629;1;2020-05-05;-2
2020-05-04;"Prešovský kraj";0;0;0;0;NA;116629;0;2020-05-04;-3
2020-05-03;"Prešovský kraj";0;0;0;0;NA;116629;0;2020-05-03;-3
2020-05-02;"Prešovský kraj";0;0;0;0;NA;116629;0;2020-05-02;-3
2020-05-01;"Prešovský kraj";2;0;0;0;NA;116629;2;2020-05-01;-3
2020-04-30;"Prešovský kraj";0;0;0;0;NA;116629;0;2020-04-30;-5
2020-04-29;"Prešovský kraj";1;0;0;0;NA;116629;1;2020-04-29;-5
2020-04-28;"Prešovský kraj";1;0;0;0;NA;116629;1;2020-04-28;-6
2020-04-27;"Prešovský kraj";2;0;0;0;NA;116629;2;2020-04-27;-7
2020-04-26;"Prešovský kraj";0;0;0;0;NA;116629;0;2020-04-26;-9
2020-04-25;"Prešovský kraj";0;0;0;0;NA;116629;0;2020-04-25;-9
2020-04-24;"Prešovský kraj";0;0;0;0;NA;116629;0;2020-04-24;-9
2020-04-23;"Prešovský kraj";2;0;0;0;NA;116629;2;2020-04-23;-9
2020-04-22;"Prešovský kraj";11;0;0;0;NA;116629;11;2020-04-22;-11
2020-04-21;"Prešovský kraj";12;0;0;0;NA;116629;12;2020-04-21;-22
2020-04-20;"Prešovský kraj";2;0;0;0;NA;116629;2;2020-04-20;-34
2020-04-19;"Prešovský kraj";4;0;0;0;NA;116629;4;2020-04-19;-36
2020-04-18;"Prešovský kraj";1;0;0;0;NA;116629;1;2020-04-18;-40
2020-04-17;"Prešovský kraj";4;0;0;0;NA;116629;4;2020-04-17;-41
2020-04-16;"Prešovský kraj";9;0;0;0;NA;116629;9;2020-04-16;-45
2020-04-15;"Prešovský kraj";21;0;0;0;NA;116629;21;2020-04-15;-54
2020-04-14;"Prešovský kraj";1;0;0;0;NA;116629;1;2020-04-14;-75
2020-04-13;"Prešovský kraj";2;0;0;0;NA;116629;2;2020-04-13;-76
2020-04-12;"Prešovský kraj";6;0;0;0;NA;116629;6;2020-04-12;-78
2020-04-11;"Prešovský kraj";4;0;0;0;NA;116629;4;2020-04-11;-84
2020-04-10;"Prešovský kraj";0;0;0;0;NA;116629;0;2020-04-10;-88
2020-04-09;"Prešovský kraj";1;0;0;0;NA;116629;1;2020-04-09;-88
2020-04-08;"Prešovský kraj";0;0;0;0;NA;116629;0;2020-04-08;-89
2020-04-07;"Prešovský kraj";7;0;0;0;NA;116629;7;2020-04-07;-89
2020-04-06;"Prešovský kraj";10;0;0;0;NA;116629;10;2020-04-06;-96
2020-04-05;"Prešovský kraj";13;0;0;0;NA;116629;13;2020-04-05;-106
2020-04-04;"Prešovský kraj";1;0;0;0;NA;116629;1;2020-04-04;-119
2020-04-03;"Prešovský kraj";4;0;0;0;NA;116629;4;2020-04-03;-120
2020-04-02;"Prešovský kraj";6;0;0;0;NA;116629;6;2020-04-02;-124
2020-04-01;"Prešovský kraj";6;0;0;0;NA;116629;6;2020-04-01;-130
2020-03-31;"Prešovský kraj";6;0;0;0;NA;116629;6;2020-03-31;-136
2020-03-30;"Prešovský kraj";2;0;0;0;NA;116629;2;2020-03-30;-142
2020-03-29;"Prešovský kraj";2;0;0;0;NA;116629;2;2020-03-29;-144
2020-03-28;"Prešovský kraj";2;0;0;0;NA;116629;2;2020-03-28;-146
2020-03-27;"Prešovský kraj";1;0;0;0;NA;116629;1;2020-03-27;-148
2020-03-26;"Prešovský kraj";8;0;0;0;NA;116629;8;2020-03-26;-149
2020-03-25;"Prešovský kraj";1;0;0;0;NA;116629;1;2020-03-25;-157
2020-03-24;"Prešovský kraj";4;0;0;0;NA;116629;4;2020-03-24;-158
2020-03-23;"Prešovský kraj";0;0;0;0;NA;116629;0;2020-03-23;-162
2020-03-22;"Prešovský kraj";1;0;0;0;NA;116629;1;2020-03-22;-162
2020-03-21;"Prešovský kraj";2;0;0;0;NA;116629;2;2020-03-21;-163
2020-03-20;"Prešovský kraj";3;0;0;0;NA;116629;3;2020-03-20;-165
2020-03-19;"Prešovský kraj";2;0;0;0;NA;116629;2;2020-03-19;-168
2020-03-18;"Prešovský kraj";1;0;0;0;NA;116629;1;2020-03-18;-170
2020-03-17;"Prešovský kraj";1;0;0;0;NA;116629;1;2020-03-17;-171
2020-03-16;"Prešovský kraj";4;0;0;0;NA;116629;4;2020-03-16;-172
2020-03-15;"Prešovský kraj";0;0;0;0;NA;116629;0;2020-03-15;-176
2020-03-14;"Prešovský kraj";1;0;0;0;NA;116629;1;2020-03-14;-176
2020-03-13;"Prešovský kraj";0;0;0;0;NA;116629;0;2020-03-13;-177
2020-03-12;"Prešovský kraj";0;0;0;0;NA;116629;0;2020-03-12;-177
2020-03-11;"Prešovský kraj";0;0;0;0;NA;116629;0;2020-03-11;-177
2020-03-09;"Prešovský kraj";0;0;0;0;NA;116629;0;2020-03-09;-177
2020-03-08;"Prešovský kraj";0;0;0;0;NA;116629;0;2020-03-08;-177
2020-03-07;"Prešovský kraj";0;0;0;0;NA;116629;0;2020-03-07;-177
2020-03-06;"Prešovský kraj";0;0;0;0;NA;116629;0;2020-03-06;-177
2021-09-22;"Trenčiansky kraj";90;1523;15;1538;54503;102377;105;2021-09-22;102377
2021-09-21;"Trenčiansky kraj";79;2123;29;2152;NA;102377;108;2021-09-21;102272
2021-09-20;"Trenčiansky kraj";78;2382;36;2418;NA;102377;114;2021-09-20;102164
2021-09-19;"Trenčiansky kraj";11;1516;20;1536;NA;102377;31;2021-09-19;102050
2021-09-18;"Trenčiansky kraj";53;2039;14;2053;NA;102377;67;2021-09-18;102019
2021-09-17;"Trenčiansky kraj";55;2990;25;3015;NA;102377;80;2021-09-17;101952
2021-09-16;"Trenčiansky kraj";52;2074;19;2093;NA;102377;71;2021-09-16;101872
2021-09-15;"Trenčiansky kraj";63;1043;7;1050;NA;102377;70;2021-09-15;101801
2021-09-14;"Trenčiansky kraj";67;2449;25;2474;NA;102377;92;2021-09-14;101731
2021-09-13;"Trenčiansky kraj";33;2188;32;2220;NA;102377;65;2021-09-13;101639
2021-09-12;"Trenčiansky kraj";3;1411;11;1422;NA;102377;14;2021-09-12;101574
2021-09-11;"Trenčiansky kraj";55;1729;6;1735;NA;102377;61;2021-09-11;101560
2021-09-10;"Trenčiansky kraj";49;2223;15;2238;NA;102377;64;2021-09-10;101499
2021-09-09;"Trenčiansky kraj";24;1683;29;1712;NA;102377;53;2021-09-09;101435
2021-09-08;"Trenčiansky kraj";54;1770;15;1785;NA;102377;69;2021-09-08;101382
2021-09-07;"Trenčiansky kraj";43;1393;18;1411;NA;102377;61;2021-09-07;101313
2021-09-06;"Trenčiansky kraj";47;1396;15;1411;NA;102377;62;2021-09-06;101252
2021-09-05;"Trenčiansky kraj";2;966;23;989;NA;102377;25;2021-09-05;101190
2021-09-04;"Trenčiansky kraj";41;925;4;929;NA;102377;45;2021-09-04;101165
2021-09-03;"Trenčiansky kraj";53;1420;15;1435;NA;102377;68;2021-09-03;101120
2021-09-02;"Trenčiansky kraj";7;999;14;1013;NA;102377;21;2021-09-02;101052
2021-09-01;"Trenčiansky kraj";27;431;8;439;NA;102377;35;2021-09-01;101031
2021-08-31;"Trenčiansky kraj";21;1146;15;1161;NA;102377;36;2021-08-31;100996
2021-08-30;"Trenčiansky kraj";32;1151;10;1161;NA;102377;42;2021-08-30;100960
2021-08-29;"Trenčiansky kraj";1;482;11;493;NA;102377;12;2021-08-29;100918
2021-08-28;"Trenčiansky kraj";9;976;10;986;NA;102377;19;2021-08-28;100906
2021-08-27;"Trenčiansky kraj";21;1599;1;1600;NA;102377;22;2021-08-27;100887
2021-08-26;"Trenčiansky kraj";8;992;6;998;NA;102377;14;2021-08-26;100865
2021-08-25;"Trenčiansky kraj";40;875;7;882;NA;102377;47;2021-08-25;100851
2021-08-24;"Trenčiansky kraj";4;822;4;826;NA;102377;8;2021-08-24;100804
2021-08-23;"Trenčiansky kraj";6;1165;17;1182;NA;102377;23;2021-08-23;100796
2021-08-22;"Trenčiansky kraj";0;726;10;736;NA;102377;10;2021-08-22;100773
2021-08-21;"Trenčiansky kraj";5;964;7;971;NA;102377;12;2021-08-21;100763
2021-08-20;"Trenčiansky kraj";15;1537;2;1539;NA;102377;17;2021-08-20;100751
2021-08-19;"Trenčiansky kraj";2;985;2;987;NA;102377;4;2021-08-19;100734
2021-08-18;"Trenčiansky kraj";6;814;7;821;NA;102377;13;2021-08-18;100730
2021-08-17;"Trenčiansky kraj";9;633;1;634;NA;102377;10;2021-08-17;100717
2021-08-16;"Trenčiansky kraj";5;904;3;907;NA;102377;8;2021-08-16;100707
2021-08-15;"Trenčiansky kraj";0;558;1;559;NA;102377;1;2021-08-15;100699
2021-08-14;"Trenčiansky kraj";12;574;6;580;NA;102377;18;2021-08-14;100698
2021-08-13;"Trenčiansky kraj";2;933;0;933;NA;102377;2;2021-08-13;100680
2021-08-12;"Trenčiansky kraj";2;564;3;567;NA;102377;5;2021-08-12;100678
2021-08-11;"Trenčiansky kraj";1;680;0;680;NA;102377;1;2021-08-11;100673
2021-08-10;"Trenčiansky kraj";8;530;1;531;NA;102377;9;2021-08-10;100672
2021-08-09;"Trenčiansky kraj";8;694;1;695;NA;102377;9;2021-08-09;100663
2021-08-08;"Trenčiansky kraj";0;468;0;468;NA;102377;0;2021-08-08;100654
2021-08-07;"Trenčiansky kraj";3;464;0;464;NA;102377;3;2021-08-07;100654
2021-08-06;"Trenčiansky kraj";3;955;1;956;NA;102377;4;2021-08-06;100651
2021-08-05;"Trenčiansky kraj";3;579;1;580;NA;102377;4;2021-08-05;100647
2021-08-04;"Trenčiansky kraj";14;546;3;549;NA;102377;17;2021-08-04;100643
2021-08-03;"Trenčiansky kraj";9;508;5;513;NA;102377;14;2021-08-03;100626
2021-08-02;"Trenčiansky kraj";1;807;2;809;NA;102377;3;2021-08-02;100612
2021-08-01;"Trenčiansky kraj";0;458;1;459;NA;102377;1;2021-08-01;100609
2021-07-31;"Trenčiansky kraj";4;525;2;527;NA;102377;6;2021-07-31;100608
2021-07-30;"Trenčiansky kraj";2;1041;0;1041;NA;102377;2;2021-07-30;100602
2021-07-29;"Trenčiansky kraj";5;708;0;708;NA;102377;5;2021-07-29;100600
2021-07-28;"Trenčiansky kraj";3;517;2;519;NA;102377;5;2021-07-28;100595
2021-07-27;"Trenčiansky kraj";6;551;1;552;NA;102377;7;2021-07-27;100590
2021-07-26;"Trenčiansky kraj";7;772;1;773;NA;102377;8;2021-07-26;100583
2021-07-25;"Trenčiansky kraj";0;487;2;489;NA;102377;2;2021-07-25;100575
2021-07-24;"Trenčiansky kraj";3;643;1;644;NA;102377;4;2021-07-24;100573
2021-07-23;"Trenčiansky kraj";3;1151;0;1151;NA;102377;3;2021-07-23;100569
2021-07-22;"Trenčiansky kraj";2;844;2;846;NA;102377;4;2021-07-22;100566
2021-07-21;"Trenčiansky kraj";8;661;2;663;NA;102377;10;2021-07-21;100562
2021-07-20;"Trenčiansky kraj";4;525;1;526;NA;102377;5;2021-07-20;100552
2021-07-19;"Trenčiansky kraj";0;866;4;870;NA;102377;4;2021-07-19;100547
2021-07-18;"Trenčiansky kraj";0;526;0;526;NA;102377;0;2021-07-18;100543
2021-07-17;"Trenčiansky kraj";3;673;0;673;NA;102377;3;2021-07-17;100543
2021-07-16;"Trenčiansky kraj";4;1122;0;1122;NA;102377;4;2021-07-16;100540
2021-07-15;"Trenčiansky kraj";2;824;0;824;NA;102377;2;2021-07-15;100536
2021-07-14;"Trenčiansky kraj";8;645;0;645;NA;102377;8;2021-07-14;100534
2021-07-13;"Trenčiansky kraj";1;520;3;523;NA;102377;4;2021-07-13;100526
2021-07-12;"Trenčiansky kraj";9;820;2;822;NA;102377;11;2021-07-12;100522
2021-07-11;"Trenčiansky kraj";0;611;2;613;NA;102377;2;2021-07-11;100511
2021-07-10;"Trenčiansky kraj";2;535;0;535;NA;102377;2;2021-07-10;100509
2021-07-09;"Trenčiansky kraj";7;1379;0;1379;NA;102377;7;2021-07-09;100507
2021-07-08;"Trenčiansky kraj";2;815;1;816;NA;102377;3;2021-07-08;100500
2021-07-07;"Trenčiansky kraj";2;928;0;928;NA;102377;2;2021-07-07;100497
2021-07-06;"Trenčiansky kraj";4;1041;1;1042;NA;102377;5;2021-07-06;100495
2021-07-05;"Trenčiansky kraj";1;508;0;508;NA;102377;1;2021-07-05;100490
2021-07-04;"Trenčiansky kraj";0;612;1;613;NA;102377;1;2021-07-04;100489
2021-07-03;"Trenčiansky kraj";3;815;1;816;NA;102377;4;2021-07-03;100488
2021-07-02;"Trenčiansky kraj";5;1583;2;1585;NA;102377;7;2021-07-02;100484
2021-07-01;"Trenčiansky kraj";4;1152;1;1153;NA;102377;5;2021-07-01;100477
2021-06-30;"Trenčiansky kraj";2;6993;6;6999;NA;102377;8;2021-06-30;100472
2021-06-29;"Trenčiansky kraj";4;2773;5;2778;NA;102377;9;2021-06-29;100464
2021-06-28;"Trenčiansky kraj";5;3644;4;3648;NA;102377;9;2021-06-28;100455
2021-06-27;"Trenčiansky kraj";0;2861;1;2862;NA;102377;1;2021-06-27;100446
2021-06-26;"Trenčiansky kraj";1;3422;4;3426;NA;102377;5;2021-06-26;100445
2021-06-25;"Trenčiansky kraj";2;4497;1;4498;NA;102377;3;2021-06-25;100440
2021-06-24;"Trenčiansky kraj";3;3205;4;3209;NA;102377;7;2021-06-24;100437
2021-06-23;"Trenčiansky kraj";4;2725;2;2727;NA;102377;6;2021-06-23;100430
2021-06-22;"Trenčiansky kraj";7;3058;3;3061;NA;102377;10;2021-06-22;100424
2021-06-21;"Trenčiansky kraj";10;3891;4;3895;NA;102377;14;2021-06-21;100414
2021-06-20;"Trenčiansky kraj";0;3579;5;3584;NA;102377;5;2021-06-20;100400
2021-06-19;"Trenčiansky kraj";5;4413;1;4414;NA;102377;6;2021-06-19;100395
2021-06-18;"Trenčiansky kraj";7;6725;7;6732;NA;102377;14;2021-06-18;100389
2021-06-17;"Trenčiansky kraj";0;3469;6;3475;NA;102377;6;2021-06-17;100375
2021-06-16;"Trenčiansky kraj";4;3183;3;3186;NA;102377;7;2021-06-16;100369
2021-06-15;"Trenčiansky kraj";10;3697;2;3699;NA;102377;12;2021-06-15;100362
2021-06-14;"Trenčiansky kraj";10;4805;15;4820;NA;102377;25;2021-06-14;100350
2021-06-13;"Trenčiansky kraj";0;4643;4;4647;NA;102377;4;2021-06-13;100325
2021-06-12;"Trenčiansky kraj";4;5120;7;5127;NA;102377;11;2021-06-12;100321
2021-06-11;"Trenčiansky kraj";10;7365;11;7376;NA;102377;21;2021-06-11;100310
2021-06-10;"Trenčiansky kraj";5;4345;7;4352;NA;102377;12;2021-06-10;100289
2021-06-09;"Trenčiansky kraj";7;3693;7;3700;NA;102377;14;2021-06-09;100277
2021-06-08;"Trenčiansky kraj";21;3965;7;3972;NA;102377;28;2021-06-08;100263
2021-06-07;"Trenčiansky kraj";13;5560;10;5570;NA;102377;23;2021-06-07;100235
2021-06-06;"Trenčiansky kraj";0;5500;10;5510;NA;102377;10;2021-06-06;100212
2021-06-05;"Trenčiansky kraj";7;6511;5;6516;NA;102377;12;2021-06-05;100202
2021-06-04;"Trenčiansky kraj";16;7653;3;7656;NA;102377;19;2021-06-04;100190
2021-06-03;"Trenčiansky kraj";9;4485;10;4495;NA;102377;19;2021-06-03;100171
2021-06-02;"Trenčiansky kraj";28;4329;8;4337;NA;102377;36;2021-06-02;100152
2021-06-01;"Trenčiansky kraj";22;5396;18;5414;NA;102377;40;2021-06-01;100116
2021-05-31;"Trenčiansky kraj";30;6117;24;6141;NA;102377;54;2021-05-31;100076
2021-05-30;"Trenčiansky kraj";0;8258;16;8274;NA;102377;16;2021-05-30;100022
2021-05-29;"Trenčiansky kraj";13;7915;14;7929;NA;102377;27;2021-05-29;100006
2021-05-28;"Trenčiansky kraj";22;8995;25;9020;NA;102377;47;2021-05-28;99979
2021-05-27;"Trenčiansky kraj";6;5205;12;5217;NA;102377;18;2021-05-27;99932
2021-05-26;"Trenčiansky kraj";26;5069;15;5084;NA;102377;41;2021-05-26;99914
2021-05-25;"Trenčiansky kraj";18;6168;24;6192;NA;102377;42;2021-05-25;99873
2021-05-24;"Trenčiansky kraj";19;9292;37;9329;NA;102377;56;2021-05-24;99831
2021-05-23;"Trenčiansky kraj";0;9083;26;9109;NA;102377;26;2021-05-23;99775
2021-05-22;"Trenčiansky kraj";11;11314;21;11335;NA;102377;32;2021-05-22;99749
2021-05-21;"Trenčiansky kraj";23;11572;26;11598;NA;102377;49;2021-05-21;99717
2021-05-20;"Trenčiansky kraj";23;6320;25;6345;NA;102377;48;2021-05-20;99668
2021-05-19;"Trenčiansky kraj";16;5694;32;5726;NA;102377;48;2021-05-19;99620
2021-05-18;"Trenčiansky kraj";26;7779;28;7807;NA;102377;54;2021-05-18;99572
2021-05-17;"Trenčiansky kraj";37;7671;43;7714;NA;102377;80;2021-05-17;99518
2021-05-16;"Trenčiansky kraj";25;15615;41;15656;NA;102377;66;2021-05-16;99438
2021-05-15;"Trenčiansky kraj";3;21237;32;21269;NA;102377;35;2021-05-15;99372
2021-05-14;"Trenčiansky kraj";41;18676;42;18718;NA;102377;83;2021-05-14;99337
2021-05-13;"Trenčiansky kraj";41;8195;24;8219;NA;102377;65;2021-05-13;99254
2021-05-12;"Trenčiansky kraj";41;7409;31;7440;NA;102377;72;2021-05-12;99189
2021-05-11;"Trenčiansky kraj";66;10507;32;10539;NA;102377;98;2021-05-11;99117
2021-05-10;"Trenčiansky kraj";48;12989;55;13044;NA;102377;103;2021-05-10;99019
2021-05-09;"Trenčiansky kraj";52;17737;39;17776;NA;102377;91;2021-05-09;98916
2021-05-08;"Trenčiansky kraj";3;23822;33;23855;NA;102377;36;2021-05-08;98825
2021-05-07;"Trenčiansky kraj";45;23549;56;23605;NA;102377;101;2021-05-07;98789
2021-05-06;"Trenčiansky kraj";26;10771;44;10815;NA;102377;70;2021-05-06;98688
2021-05-05;"Trenčiansky kraj";73;9377;41;9418;NA;102377;114;2021-05-05;98618
2021-05-04;"Trenčiansky kraj";55;12733;53;12786;NA;102377;108;2021-05-04;98504
2021-05-03;"Trenčiansky kraj";60;15331;51;15382;NA;102377;111;2021-05-03;98396
2021-05-02;"Trenčiansky kraj";0;31163;65;31228;NA;102377;65;2021-05-02;98285
2021-05-01;"Trenčiansky kraj";71;56982;60;57042;NA;102377;131;2021-05-01;98220
2021-04-30;"Trenčiansky kraj";77;29427;61;29488;NA;102377;138;2021-04-30;98089
2021-04-29;"Trenčiansky kraj";49;13198;59;13257;NA;102377;108;2021-04-29;97951
2021-04-28;"Trenčiansky kraj";79;12537;52;12589;NA;102377;131;2021-04-28;97843
2021-04-27;"Trenčiansky kraj";107;15527;40;15567;NA;102377;147;2021-04-27;97712
2021-04-26;"Trenčiansky kraj";52;21070;63;21133;NA;102377;115;2021-04-26;97565
2021-04-25;"Trenčiansky kraj";0;34560;48;34608;NA;102377;48;2021-04-25;97450
2021-04-24;"Trenčiansky kraj";76;72398;100;72498;NA;102377;176;2021-04-24;97402
2021-04-23;"Trenčiansky kraj";143;29959;79;30038;NA;102377;222;2021-04-23;97226
2021-04-22;"Trenčiansky kraj";71;13847;64;13911;NA;102377;135;2021-04-22;97004
2021-04-21;"Trenčiansky kraj";79;13000;67;13067;NA;102377;146;2021-04-21;96869
2021-04-20;"Trenčiansky kraj";142;17740;80;17820;NA;102377;222;2021-04-20;96723
2021-04-19;"Trenčiansky kraj";102;22631;103;22734;NA;102377;205;2021-04-19;96501
2021-04-18;"Trenčiansky kraj";3;40879;97;40976;NA;102377;100;2021-04-18;96296
2021-04-17;"Trenčiansky kraj";77;81498;136;81634;NA;102377;213;2021-04-17;96196
2021-04-16;"Trenčiansky kraj";100;31961;90;32051;NA;102377;190;2021-04-16;95983
2021-04-15;"Trenčiansky kraj";71;14479;69;14548;NA;102377;140;2021-04-15;95793
2021-04-14;"Trenčiansky kraj";135;15574;72;15646;NA;102377;207;2021-04-14;95653
2021-04-13;"Trenčiansky kraj";189;18721;75;18796;NA;102377;264;2021-04-13;95446
2021-04-12;"Trenčiansky kraj";97;23743;91;23834;NA;102377;188;2021-04-12;95182
2021-04-11;"Trenčiansky kraj";1;34735;75;34810;NA;102377;76;2021-04-11;94994
2021-04-10;"Trenčiansky kraj";81;83093;145;83238;NA;102377;226;2021-04-10;94918
2021-04-09;"Trenčiansky kraj";120;28014;91;28105;NA;102377;211;2021-04-09;94692
2021-04-08;"Trenčiansky kraj";112;13283;85;13368;NA;102377;197;2021-04-08;94481
2021-04-07;"Trenčiansky kraj";204;17688;123;17811;NA;102377;327;2021-04-07;94284
2021-04-06;"Trenčiansky kraj";157;28567;178;28745;NA;102377;335;2021-04-06;93957
2021-04-05;"Trenčiansky kraj";15;9227;64;9291;NA;102377;79;2021-04-05;93622
2021-04-04;"Trenčiansky kraj";2;20291;85;20376;NA;102377;87;2021-04-04;93543
2021-04-03;"Trenčiansky kraj";86;80473;221;80694;NA;102377;307;2021-04-03;93456
2021-04-02;"Trenčiansky kraj";126;21620;81;21701;NA;102377;207;2021-04-02;93149
2021-04-01;"Trenčiansky kraj";159;32376;139;32515;NA;102377;298;2021-04-01;92942
2021-03-31;"Trenčiansky kraj";198;20100;130;20230;NA;102377;328;2021-03-31;92644
2021-03-30;"Trenčiansky kraj";272;17305;136;17441;NA;102377;408;2021-03-30;92316
2021-03-29;"Trenčiansky kraj";142;19479;170;19649;NA;102377;312;2021-03-29;91908
2021-03-28;"Trenčiansky kraj";3;34759;116;34875;NA;102377;119;2021-03-28;91596
2021-03-27;"Trenčiansky kraj";130;77314;293;77607;NA;102377;423;2021-03-27;91477
2021-03-26;"Trenčiansky kraj";211;35095;157;35252;NA;102377;368;2021-03-26;91054
2021-03-25;"Trenčiansky kraj";184;16580;176;16756;NA;102377;360;2021-03-25;90686
2021-03-24;"Trenčiansky kraj";259;13102;171;13273;NA;102377;430;2021-03-24;90326
2021-03-23;"Trenčiansky kraj";349;17589;174;17763;NA;102377;523;2021-03-23;89896
2021-03-22;"Trenčiansky kraj";141;21116;213;21329;NA;102377;354;2021-03-22;89373
2021-03-21;"Trenčiansky kraj";85;32711;164;32875;NA;102377;249;2021-03-21;89019
2021-03-20;"Trenčiansky kraj";128;80035;322;80357;NA;102377;450;2021-03-20;88770
2021-03-19;"Trenčiansky kraj";231;34783;232;35015;NA;102377;463;2021-03-19;88320
2021-03-18;"Trenčiansky kraj";262;16105;178;16283;NA;102377;440;2021-03-18;87857
2021-03-17;"Trenčiansky kraj";366;13435;164;13599;NA;102377;530;2021-03-17;87417
2021-03-16;"Trenčiansky kraj";450;15282;241;15523;NA;102377;691;2021-03-16;86887
2021-03-15;"Trenčiansky kraj";162;21235;261;21496;NA;102377;423;2021-03-15;86196
2021-03-14;"Trenčiansky kraj";42;34416;238;34654;NA;102377;280;2021-03-14;85773
2021-03-13;"Trenčiansky kraj";270;79186;453;79639;NA;102377;723;2021-03-13;85493
2021-03-12;"Trenčiansky kraj";366;34795;307;35102;NA;102377;673;2021-03-12;84770
2021-03-11;"Trenčiansky kraj";302;15558;213;15771;NA;102377;515;2021-03-11;84097
2021-03-10;"Trenčiansky kraj";402;13585;237;13822;NA;102377;639;2021-03-10;83582
2021-03-09;"Trenčiansky kraj";586;17982;285;18267;NA;102377;871;2021-03-09;82943
2021-03-08;"Trenčiansky kraj";174;21704;363;22067;NA;102377;537;2021-03-08;82072
2021-03-07;"Trenčiansky kraj";4;33660;313;33973;NA;102377;317;2021-03-07;81535
2021-03-06;"Trenčiansky kraj";260;79661;529;80190;NA;102377;789;2021-03-06;81218
2021-03-05;"Trenčiansky kraj";326;32960;416;33376;NA;102377;742;2021-03-05;80429
2021-03-04;"Trenčiansky kraj";323;16821;317;17138;NA;102377;640;2021-03-04;79687
2021-03-03;"Trenčiansky kraj";413;13960;347;14307;NA;102377;760;2021-03-03;79047
2021-03-02;"Trenčiansky kraj";612;17794;344;18138;NA;102377;956;2021-03-02;78287
2021-03-01;"Trenčiansky kraj";217;21104;445;21549;NA;102377;662;2021-03-01;77331
2021-02-28;"Trenčiansky kraj";45;30238;376;30614;NA;102377;421;2021-02-28;76669
2021-02-27;"Trenčiansky kraj";277;78735;686;79421;NA;102377;963;2021-02-27;76248
2021-02-26;"Trenčiansky kraj";420;32944;435;33379;NA;102377;855;2021-02-26;75285
2021-02-25;"Trenčiansky kraj";424;14029;328;14357;NA;102377;752;2021-02-25;74430
2021-02-24;"Trenčiansky kraj";427;11997;398;12395;NA;102377;825;2021-02-24;73678
2021-02-23;"Trenčiansky kraj";577;14904;390;15294;NA;102377;967;2021-02-23;72853
2021-02-22;"Trenčiansky kraj";160;19969;468;20437;NA;102377;628;2021-02-22;71886
2021-02-21;"Trenčiansky kraj";64;29478;392;29870;NA;102377;456;2021-02-21;71258
2021-02-20;"Trenčiansky kraj";274;77840;745;78585;NA;102377;1019;2021-02-20;70802
2021-02-19;"Trenčiansky kraj";272;30266;523;30789;NA;102377;795;2021-02-19;69783
2021-02-18;"Trenčiansky kraj";355;14094;403;14497;NA;102377;758;2021-02-18;68988
2021-02-17;"Trenčiansky kraj";363;11413;377;11790;NA;102377;740;2021-02-17;68230
2021-02-16;"Trenčiansky kraj";488;17761;406;18167;NA;102377;894;2021-02-16;67490
2021-02-15;"Trenčiansky kraj";151;21846;463;22309;NA;102377;614;2021-02-15;66596
2021-02-14;"Trenčiansky kraj";2;31255;324;31579;NA;102377;326;2021-02-14;65982
2021-02-13;"Trenčiansky kraj";274;63006;522;63528;NA;102377;796;2021-02-13;65656
2021-02-12;"Trenčiansky kraj";276;27979;412;28391;NA;102377;688;2021-02-12;64860
2021-02-11;"Trenčiansky kraj";291;11567;323;11890;NA;102377;614;2021-02-11;64172
2021-02-10;"Trenčiansky kraj";304;11408;317;11725;NA;102377;621;2021-02-10;63558
2021-02-09;"Trenčiansky kraj";514;18412;360;18772;NA;102377;874;2021-02-09;62937
2021-02-08;"Trenčiansky kraj";182;26832;430;27262;NA;102377;612;2021-02-08;62063
2021-02-07;"Trenčiansky kraj";31;36781;341;37122;NA;102377;372;2021-02-07;61451
2021-02-06;"Trenčiansky kraj";216;63931;560;64491;NA;102377;776;2021-02-06;61079
2021-02-05;"Trenčiansky kraj";202;18164;367;18531;NA;102377;569;2021-02-05;60303
2021-02-04;"Trenčiansky kraj";266;7253;311;7564;NA;102377;577;2021-02-04;59734
2021-02-03;"Trenčiansky kraj";162;6723;320;7043;NA;102377;482;2021-02-03;59157
2021-02-02;"Trenčiansky kraj";347;8074;381;8455;NA;102377;728;2021-02-02;58675
2021-02-01;"Trenčiansky kraj";167;8921;311;9232;NA;102377;478;2021-02-01;57947
2021-01-31;"Trenčiansky kraj";7;19103;159;19262;NA;102377;166;2021-01-31;57469
2021-01-30;"Trenčiansky kraj";228;38167;332;38499;NA;102377;560;2021-01-30;57303
2021-01-29;"Trenčiansky kraj";214;7590;235;7825;NA;102377;449;2021-01-29;56743
2021-01-28;"Trenčiansky kraj";307;5442;158;5600;NA;102377;465;2021-01-28;56294
2021-01-27;"Trenčiansky kraj";166;4842;181;5023;NA;102377;347;2021-01-27;55829
2021-01-26;"Trenčiansky kraj";303;14589;250;14839;NA;102377;553;2021-01-26;55482
2021-01-25;"Trenčiansky kraj";160;24310;207;24517;NA;102377;367;2021-01-25;54929
2021-01-24;"Trenčiansky kraj";51;38369;282;38651;NA;102377;333;2021-01-24;54562
2021-01-23;"Trenčiansky kraj";206;114125;749;114874;NA;102377;955;2021-01-23;54229
2021-01-22;"Trenčiansky kraj";148;21831;241;22072;NA;102377;389;2021-01-22;53274
2021-01-21;"Trenčiansky kraj";143;8586;166;8752;NA;102377;309;2021-01-21;52885
2021-01-20;"Trenčiansky kraj";181;8189;227;8416;NA;102377;408;2021-01-20;52576
2021-01-19;"Trenčiansky kraj";363;6600;262;6862;NA;102377;625;2021-01-19;52168
2021-01-18;"Trenčiansky kraj";72;4970;321;5291;NA;102377;393;2021-01-18;51543
2021-01-17;"Trenčiansky kraj";124;156;11;167;NA;102377;135;2021-01-17;51150
2021-01-16;"Trenčiansky kraj";39;1288;53;1341;NA;102377;92;2021-01-16;51015
2021-01-15;"Trenčiansky kraj";264;4031;214;4245;NA;102377;478;2021-01-15;50923
2021-01-14;"Trenčiansky kraj";275;3193;189;3382;NA;102377;464;2021-01-14;50445
2021-01-13;"Trenčiansky kraj";222;3893;215;4108;NA;102377;437;2021-01-13;49981
2021-01-12;"Trenčiansky kraj";508;4604;261;4865;NA;102377;769;2021-01-12;49544
2021-01-11;"Trenčiansky kraj";142;4367;354;4721;NA;102377;496;2021-01-11;48775
2021-01-10;"Trenčiansky kraj";89;4969;77;5046;NA;102377;166;2021-01-10;48279
2021-01-09;"Trenčiansky kraj";276;8280;128;8408;NA;102377;404;2021-01-09;48113
2021-01-08;"Trenčiansky kraj";489;6435;484;6919;NA;102377;973;2021-01-08;47709
2021-01-07;"Trenčiansky kraj";420;6138;577;6715;NA;102377;997;2021-01-07;46736
2021-01-06;"Trenčiansky kraj";221;1021;64;1085;NA;102377;285;2021-01-06;45739
2021-01-05;"Trenčiansky kraj";669;5753;706;6459;NA;102377;1375;2021-01-05;45454
2021-01-04;"Trenčiansky kraj";337;5248;782;6030;NA;102377;1119;2021-01-04;44079
2021-01-03;"Trenčiansky kraj";38;114;15;129;NA;102377;53;2021-01-03;42960
2021-01-02;"Trenčiansky kraj";129;196;23;219;NA;102377;152;2021-01-02;42907
2021-01-01;"Trenčiansky kraj";329;347;23;370;NA;102377;352;2021-01-01;42755
2020-12-31;"Trenčiansky kraj";597;4943;557;5500;NA;102377;1154;2020-12-31;42403
2020-12-30;"Trenčiansky kraj";836;7012;762;7774;NA;102377;1598;2020-12-30;41249
2020-12-29;"Trenčiansky kraj";459;6121;1009;7130;NA;102377;1468;2020-12-29;39651
2020-12-28;"Trenčiansky kraj";258;4195;777;4972;NA;102377;1035;2020-12-28;38183
2020-12-27;"Trenčiansky kraj";5;208;36;244;NA;102377;41;2020-12-27;37148
2020-12-26;"Trenčiansky kraj";174;74;10;84;NA;102377;184;2020-12-26;37107
2020-12-25;"Trenčiansky kraj";251;325;47;372;NA;102377;298;2020-12-25;36923
2020-12-24;"Trenčiansky kraj";552;2194;256;2450;NA;102377;808;2020-12-24;36625
2020-12-23;"Trenčiansky kraj";421;6552;661;7213;NA;102377;1082;2020-12-23;35817
2020-12-22;"Trenčiansky kraj";673;5760;694;6454;NA;102377;1367;2020-12-22;34735
2020-12-21;"Trenčiansky kraj";248;13395;979;14374;NA;102377;1227;2020-12-21;33368
2020-12-20;"Trenčiansky kraj";238;12504;292;12796;NA;102377;530;2020-12-20;32141
2020-12-19;"Trenčiansky kraj";341;1611;150;1761;NA;102377;491;2020-12-19;31611
2020-12-18;"Trenčiansky kraj";521;5199;615;5814;NA;102377;1136;2020-12-18;31120
2020-12-17;"Trenčiansky kraj";670;3843;524;4367;NA;102377;1194;2020-12-17;29984
2020-12-16;"Trenčiansky kraj";461;4474;648;5122;NA;102377;1109;2020-12-16;28790
2020-12-15;"Trenčiansky kraj";595;3805;670;4475;NA;102377;1265;2020-12-15;27681
2020-12-14;"Trenčiansky kraj";318;2907;552;3459;NA;102377;870;2020-12-14;26416
2020-12-13;"Trenčiansky kraj";77;49;6;55;NA;102377;83;2020-12-13;25546
2020-12-12;"Trenčiansky kraj";314;1191;136;1327;NA;102377;450;2020-12-12;25463
2020-12-11;"Trenčiansky kraj";751;3773;453;4226;NA;102377;1204;2020-12-11;25013
2020-12-10;"Trenčiansky kraj";271;3354;473;3827;NA;102377;744;2020-12-10;23809
2020-12-09;"Trenčiansky kraj";508;3788;466;4254;NA;102377;974;2020-12-09;23065
2020-12-08;"Trenčiansky kraj";546;3440;522;3962;NA;102377;1068;2020-12-08;22091
2020-12-07;"Trenčiansky kraj";258;3832;468;4300;NA;102377;726;2020-12-07;21023
2020-12-06;"Trenčiansky kraj";114;179;10;189;NA;102377;124;2020-12-06;20297
2020-12-05;"Trenčiansky kraj";223;610;56;666;NA;102377;279;2020-12-05;20173
2020-12-04;"Trenčiansky kraj";253;2943;273;3216;NA;102377;526;2020-12-04;19894
2020-12-03;"Trenčiansky kraj";503;1714;178;1892;NA;102377;681;2020-12-03;19368
2020-12-02;"Trenčiansky kraj";418;1844;232;2076;NA;102377;650;2020-12-02;18687
2020-12-01;"Trenčiansky kraj";321;5642;351;5993;NA;102377;672;2020-12-01;18037
2020-11-30;"Trenčiansky kraj";167;11514;520;12034;NA;102377;687;2020-11-30;17365
2020-11-29;"Trenčiansky kraj";29;30;5;35;NA;102377;34;2020-11-29;16678
2020-11-28;"Trenčiansky kraj";202;1051;93;1144;NA;102377;295;2020-11-28;16644
2020-11-27;"Trenčiansky kraj";330;1888;186;2074;NA;102377;516;2020-11-27;16349
2020-11-26;"Trenčiansky kraj";395;1252;122;1374;NA;102377;517;2020-11-26;15833
2020-11-25;"Trenčiansky kraj";322;1444;160;1604;NA;102377;482;2020-11-25;15316
2020-11-24;"Trenčiansky kraj";348;2553;308;2861;NA;102377;656;2020-11-24;14834
2020-11-23;"Trenčiansky kraj";159;1186;122;1308;NA;102377;281;2020-11-23;14178
2020-11-22;"Trenčiansky kraj";26;30;7;37;NA;102377;33;2020-11-22;13897
2020-11-21;"Trenčiansky kraj";255;1376;69;1445;NA;102377;324;2020-11-21;13864
2020-11-20;"Trenčiansky kraj";316;861;93;954;NA;102377;409;2020-11-20;13540
2020-11-19;"Trenčiansky kraj";316;740;113;853;NA;102377;429;2020-11-19;13131
2020-11-18;"Trenčiansky kraj";233;379;66;445;NA;102377;299;2020-11-18;12702
2020-11-17;"Trenčiansky kraj";222;106;15;121;NA;102377;237;2020-11-17;12403
2020-11-16;"Trenčiansky kraj";245;236;45;281;NA;102377;290;2020-11-16;12166
2020-11-15;"Trenčiansky kraj";109;29;6;35;NA;102377;115;2020-11-15;11876
2020-11-14;"Trenčiansky kraj";190;74;11;85;NA;102377;201;2020-11-14;11761
2020-11-13;"Trenčiansky kraj";308;131;13;144;NA;102377;321;2020-11-13;11560
2020-11-12;"Trenčiansky kraj";324;124;5;129;NA;102377;329;2020-11-12;11239
2020-11-11;"Trenčiansky kraj";366;113;10;123;NA;102377;376;2020-11-11;10910
2020-11-10;"Trenčiansky kraj";277;106;6;112;NA;102377;283;2020-11-10;10534
2020-11-09;"Trenčiansky kraj";115;1407;48;1455;NA;102377;163;2020-11-09;10251
2020-11-08;"Trenčiansky kraj";81;1271;8;1279;NA;102377;89;2020-11-08;10088
2020-11-07;"Trenčiansky kraj";319;3662;59;3721;NA;102377;378;2020-11-07;9999
2020-11-06;"Trenčiansky kraj";383;6893;84;6977;NA;102377;467;2020-11-06;9621
2020-11-05;"Trenčiansky kraj";399;98;15;113;NA;102377;414;2020-11-05;9154
2020-11-04;"Trenčiansky kraj";370;91;9;100;NA;102377;379;2020-11-04;8740
2020-11-03;"Trenčiansky kraj";575;97;8;105;NA;102377;583;2020-11-03;8361
2020-11-02;"Trenčiansky kraj";197;1833;68;1901;NA;102377;265;2020-11-02;7778
2020-11-01;"Trenčiansky kraj";257;808;24;832;NA;102377;281;2020-11-01;7513
2020-10-31;"Trenčiansky kraj";332;4719;82;4801;NA;102377;414;2020-10-31;7232
2020-10-30;"Trenčiansky kraj";299;5283;102;5385;NA;102377;401;2020-10-30;6818
2020-10-29;"Trenčiansky kraj";496;764;68;832;NA;102377;564;2020-10-29;6417
2020-10-28;"Trenčiansky kraj";269;192;33;225;NA;102377;302;2020-10-28;5853
2020-10-27;"Trenčiansky kraj";473;127;27;154;NA;102377;500;2020-10-27;5551
2020-10-26;"Trenčiansky kraj";177;107;36;143;NA;102377;213;2020-10-26;5051
2020-10-25;"Trenčiansky kraj";138;9;5;14;NA;102377;143;2020-10-25;4838
2020-10-24;"Trenčiansky kraj";395;128;6;134;NA;102377;401;2020-10-24;4695
2020-10-23;"Trenčiansky kraj";301;154;8;162;NA;102377;309;2020-10-23;4294
2020-10-22;"Trenčiansky kraj";273;82;12;94;NA;102377;285;2020-10-22;3985
2020-10-21;"Trenčiansky kraj";183;53;9;62;NA;102377;192;2020-10-21;3700
2020-10-20;"Trenčiansky kraj";212;47;6;53;NA;102377;218;2020-10-20;3508
2020-10-19;"Trenčiansky kraj";41;83;25;108;NA;102377;66;2020-10-19;3290
2020-10-18;"Trenčiansky kraj";104;0;0;0;NA;102377;104;2020-10-18;3224
2020-10-17;"Trenčiansky kraj";157;0;0;0;NA;102377;157;2020-10-17;3120
2020-10-16;"Trenčiansky kraj";225;42;6;48;NA;102377;231;2020-10-16;2963
2020-10-15;"Trenčiansky kraj";255;39;4;43;NA;102377;259;2020-10-15;2732
2020-10-14;"Trenčiansky kraj";162;42;7;49;NA;102377;169;2020-10-14;2473
2020-10-13;"Trenčiansky kraj";124;105;12;117;NA;102377;136;2020-10-13;2304
2020-10-12;"Trenčiansky kraj";55;0;0;0;NA;102377;55;2020-10-12;2168
2020-10-11;"Trenčiansky kraj";73;0;0;0;NA;102377;73;2020-10-11;2113
2020-10-10;"Trenčiansky kraj";180;0;0;0;NA;102377;180;2020-10-10;2040
2020-10-09;"Trenčiansky kraj";198;0;0;0;NA;102377;198;2020-10-09;1860
2020-10-08;"Trenčiansky kraj";115;0;0;0;NA;102377;115;2020-10-08;1662
2020-10-07;"Trenčiansky kraj";75;0;0;0;NA;102377;75;2020-10-07;1547
2020-10-06;"Trenčiansky kraj";72;0;0;0;NA;102377;72;2020-10-06;1472
2020-10-05;"Trenčiansky kraj";32;0;0;0;NA;102377;32;2020-10-05;1400
2020-10-04;"Trenčiansky kraj";37;0;0;0;NA;102377;37;2020-10-04;1368
2020-10-03;"Trenčiansky kraj";79;0;0;0;NA;102377;79;2020-10-03;1331
2020-10-02;"Trenčiansky kraj";69;0;0;0;NA;102377;69;2020-10-02;1252
2020-10-01;"Trenčiansky kraj";58;0;0;0;NA;102377;58;2020-10-01;1183
2020-09-30;"Trenčiansky kraj";76;0;0;0;NA;102377;76;2020-09-30;1125
2020-09-29;"Trenčiansky kraj";43;0;0;0;NA;102377;43;2020-09-29;1049
2020-09-28;"Trenčiansky kraj";7;0;0;0;NA;102377;7;2020-09-28;1006
2020-09-27;"Trenčiansky kraj";12;0;0;0;NA;102377;12;2020-09-27;999
2020-09-26;"Trenčiansky kraj";37;0;0;0;NA;102377;37;2020-09-26;987
2020-09-25;"Trenčiansky kraj";72;0;0;0;NA;102377;72;2020-09-25;950
2020-09-24;"Trenčiansky kraj";41;0;0;0;NA;102377;41;2020-09-24;878
2020-09-23;"Trenčiansky kraj";32;0;0;0;NA;102377;32;2020-09-23;837
2020-09-22;"Trenčiansky kraj";26;0;0;0;NA;102377;26;2020-09-22;805
2020-09-21;"Trenčiansky kraj";23;0;0;0;NA;102377;23;2020-09-21;779
2020-09-20;"Trenčiansky kraj";21;0;0;0;NA;102377;21;2020-09-20;756
2020-09-19;"Trenčiansky kraj";20;0;0;0;NA;102377;20;2020-09-19;735
2020-09-18;"Trenčiansky kraj";41;0;0;0;NA;102377;41;2020-09-18;715
2020-09-17;"Trenčiansky kraj";20;0;0;0;NA;102377;20;2020-09-17;674
2020-09-16;"Trenčiansky kraj";14;0;0;0;NA;102377;14;2020-09-16;654
2020-09-15;"Trenčiansky kraj";8;0;0;0;NA;102377;8;2020-09-15;640
2020-09-14;"Trenčiansky kraj";5;0;0;0;NA;102377;5;2020-09-14;632
2020-09-13;"Trenčiansky kraj";12;0;0;0;NA;102377;12;2020-09-13;627
2020-09-12;"Trenčiansky kraj";2;0;0;0;NA;102377;2;2020-09-12;615
2020-09-11;"Trenčiansky kraj";27;0;0;0;NA;102377;27;2020-09-11;613
2020-09-10;"Trenčiansky kraj";15;0;0;0;NA;102377;15;2020-09-10;586
2020-09-09;"Trenčiansky kraj";11;0;0;0;NA;102377;11;2020-09-09;571
2020-09-08;"Trenčiansky kraj";12;0;0;0;NA;102377;12;2020-09-08;560
2020-09-07;"Trenčiansky kraj";6;0;0;0;NA;102377;6;2020-09-07;548
2020-09-06;"Trenčiansky kraj";1;0;0;0;NA;102377;1;2020-09-06;542
2020-09-05;"Trenčiansky kraj";3;0;0;0;NA;102377;3;2020-09-05;541
2020-09-04;"Trenčiansky kraj";9;0;0;0;NA;102377;9;2020-09-04;538
2020-09-03;"Trenčiansky kraj";10;0;0;0;NA;102377;10;2020-09-03;529
2020-09-02;"Trenčiansky kraj";5;0;0;0;NA;102377;5;2020-09-02;519
2020-09-01;"Trenčiansky kraj";1;0;0;0;NA;102377;1;2020-09-01;514
2020-08-31;"Trenčiansky kraj";12;0;0;0;NA;102377;12;2020-08-31;513
2020-08-30;"Trenčiansky kraj";0;0;0;0;NA;102377;0;2020-08-30;501
2020-08-29;"Trenčiansky kraj";1;0;0;0;NA;102377;1;2020-08-29;501
2020-08-28;"Trenčiansky kraj";12;0;0;0;NA;102377;12;2020-08-28;500
2020-08-27;"Trenčiansky kraj";10;0;0;0;NA;102377;10;2020-08-27;488
2020-08-26;"Trenčiansky kraj";15;0;0;0;NA;102377;15;2020-08-26;478
2020-08-25;"Trenčiansky kraj";12;0;0;0;NA;102377;12;2020-08-25;463
2020-08-24;"Trenčiansky kraj";4;0;0;0;NA;102377;4;2020-08-24;451
2020-08-23;"Trenčiansky kraj";5;0;0;0;NA;102377;5;2020-08-23;447
2020-08-22;"Trenčiansky kraj";6;0;0;0;NA;102377;6;2020-08-22;442
2020-08-21;"Trenčiansky kraj";6;0;0;0;NA;102377;6;2020-08-21;436
2020-08-20;"Trenčiansky kraj";20;0;0;0;NA;102377;20;2020-08-20;430
2020-08-19;"Trenčiansky kraj";17;0;0;0;NA;102377;17;2020-08-19;410
2020-08-18;"Trenčiansky kraj";9;0;0;0;NA;102377;9;2020-08-18;393
2020-08-17;"Trenčiansky kraj";4;0;0;0;NA;102377;4;2020-08-17;384
2020-08-16;"Trenčiansky kraj";0;0;0;0;NA;102377;0;2020-08-16;380
2020-08-15;"Trenčiansky kraj";9;0;0;0;NA;102377;9;2020-08-15;380
2020-08-14;"Trenčiansky kraj";15;0;0;0;NA;102377;15;2020-08-14;371
2020-08-13;"Trenčiansky kraj";23;0;0;0;NA;102377;23;2020-08-13;356
2020-08-12;"Trenčiansky kraj";6;0;0;0;NA;102377;6;2020-08-12;333
2020-08-11;"Trenčiansky kraj";7;0;0;0;NA;102377;7;2020-08-11;327
2020-08-10;"Trenčiansky kraj";9;0;0;0;NA;102377;9;2020-08-10;320
2020-08-09;"Trenčiansky kraj";1;0;0;0;NA;102377;1;2020-08-09;311
2020-08-08;"Trenčiansky kraj";4;0;0;0;NA;102377;4;2020-08-08;310
2020-08-07;"Trenčiansky kraj";4;0;0;0;NA;102377;4;2020-08-07;306
2020-08-06;"Trenčiansky kraj";13;0;0;0;NA;102377;13;2020-08-06;302
2020-08-05;"Trenčiansky kraj";39;0;0;0;NA;102377;39;2020-08-05;289
2020-08-04;"Trenčiansky kraj";9;0;0;0;NA;102377;9;2020-08-04;250
2020-08-03;"Trenčiansky kraj";0;0;0;0;NA;102377;0;2020-08-03;241
2020-08-02;"Trenčiansky kraj";2;0;0;0;NA;102377;2;2020-08-02;241
2020-08-01;"Trenčiansky kraj";6;0;0;0;NA;102377;6;2020-08-01;239
2020-07-31;"Trenčiansky kraj";16;0;0;0;NA;102377;16;2020-07-31;233
2020-07-30;"Trenčiansky kraj";4;0;0;0;NA;102377;4;2020-07-30;217
2020-07-29;"Trenčiansky kraj";5;0;0;0;NA;102377;5;2020-07-29;213
2020-07-28;"Trenčiansky kraj";11;0;0;0;NA;102377;11;2020-07-28;208
2020-07-27;"Trenčiansky kraj";4;0;0;0;NA;102377;4;2020-07-27;197
2020-07-26;"Trenčiansky kraj";1;0;0;0;NA;102377;1;2020-07-26;193
2020-07-25;"Trenčiansky kraj";7;0;0;0;NA;102377;7;2020-07-25;192
2020-07-24;"Trenčiansky kraj";5;0;0;0;NA;102377;5;2020-07-24;185
2020-07-23;"Trenčiansky kraj";10;0;0;0;NA;102377;10;2020-07-23;180
2020-07-22;"Trenčiansky kraj";11;0;0;0;NA;102377;11;2020-07-22;170
2020-07-21;"Trenčiansky kraj";6;0;0;0;NA;102377;6;2020-07-21;159
2020-07-20;"Trenčiansky kraj";13;0;0;0;NA;102377;13;2020-07-20;153
2020-07-19;"Trenčiansky kraj";0;0;0;0;NA;102377;0;2020-07-19;140
2020-07-18;"Trenčiansky kraj";0;0;0;0;NA;102377;0;2020-07-18;140
2020-07-17;"Trenčiansky kraj";1;0;0;0;NA;102377;1;2020-07-17;140
2020-07-16;"Trenčiansky kraj";0;0;0;0;NA;102377;0;2020-07-16;139
2020-07-15;"Trenčiansky kraj";2;0;0;0;NA;102377;2;2020-07-15;139
2020-07-14;"Trenčiansky kraj";8;0;0;0;NA;102377;8;2020-07-14;137
2020-07-13;"Trenčiansky kraj";1;0;0;0;NA;102377;1;2020-07-13;129
2020-07-12;"Trenčiansky kraj";0;0;0;0;NA;102377;0;2020-07-12;128
2020-07-11;"Trenčiansky kraj";0;0;0;0;NA;102377;0;2020-07-11;128
2020-07-10;"Trenčiansky kraj";3;0;0;0;NA;102377;3;2020-07-10;128
2020-07-09;"Trenčiansky kraj";2;0;0;0;NA;102377;2;2020-07-09;125
2020-07-08;"Trenčiansky kraj";1;0;0;0;NA;102377;1;2020-07-08;123
2020-07-07;"Trenčiansky kraj";9;0;0;0;NA;102377;9;2020-07-07;122
2020-07-06;"Trenčiansky kraj";1;0;0;0;NA;102377;1;2020-07-06;113
2020-07-05;"Trenčiansky kraj";1;0;0;0;NA;102377;1;2020-07-05;112
2020-07-04;"Trenčiansky kraj";0;0;0;0;NA;102377;0;2020-07-04;111
2020-07-03;"Trenčiansky kraj";2;0;0;0;NA;102377;2;2020-07-03;111
2020-07-02;"Trenčiansky kraj";10;0;0;0;NA;102377;10;2020-07-02;109
2020-07-01;"Trenčiansky kraj";1;0;0;0;NA;102377;1;2020-07-01;99
2020-06-30;"Trenčiansky kraj";6;0;0;0;NA;102377;6;2020-06-30;98
2020-06-29;"Trenčiansky kraj";1;0;0;0;NA;102377;1;2020-06-29;92
2020-06-28;"Trenčiansky kraj";0;0;0;0;NA;102377;0;2020-06-28;91
2020-06-27;"Trenčiansky kraj";0;0;0;0;NA;102377;0;2020-06-27;91
2020-06-26;"Trenčiansky kraj";0;0;0;0;NA;102377;0;2020-06-26;91
2020-06-25;"Trenčiansky kraj";2;0;0;0;NA;102377;2;2020-06-25;91
2020-06-24;"Trenčiansky kraj";1;0;0;0;NA;102377;1;2020-06-24;89
2020-06-23;"Trenčiansky kraj";0;0;0;0;NA;102377;0;2020-06-23;88
2020-06-22;"Trenčiansky kraj";0;0;0;0;NA;102377;0;2020-06-22;88
2020-06-21;"Trenčiansky kraj";0;0;0;0;NA;102377;0;2020-06-21;88
2020-06-20;"Trenčiansky kraj";0;0;0;0;NA;102377;0;2020-06-20;88
2020-06-19;"Trenčiansky kraj";0;0;0;0;NA;102377;0;2020-06-19;88
2020-06-18;"Trenčiansky kraj";0;0;0;0;NA;102377;0;2020-06-18;88
2020-06-17;"Trenčiansky kraj";0;0;0;0;NA;102377;0;2020-06-17;88
2020-06-16;"Trenčiansky kraj";0;0;0;0;NA;102377;0;2020-06-16;88
2020-06-14;"Trenčiansky kraj";0;0;0;0;NA;102377;0;2020-06-14;88
2020-06-13;"Trenčiansky kraj";0;0;0;0;NA;102377;0;2020-06-13;88
2020-06-12;"Trenčiansky kraj";0;0;0;0;NA;102377;0;2020-06-12;88
2020-06-11;"Trenčiansky kraj";0;0;0;0;NA;102377;0;2020-06-11;88
2020-06-10;"Trenčiansky kraj";1;0;0;0;NA;102377;1;2020-06-10;88
2020-06-09;"Trenčiansky kraj";0;0;0;0;NA;102377;0;2020-06-09;87
2020-06-08;"Trenčiansky kraj";0;0;0;0;NA;102377;0;2020-06-08;87
2020-06-07;"Trenčiansky kraj";0;0;0;0;NA;102377;0;2020-06-07;87
2020-06-05;"Trenčiansky kraj";0;0;0;0;NA;102377;0;2020-06-05;87
2020-06-03;"Trenčiansky kraj";0;0;0;0;NA;102377;0;2020-06-03;87
2020-06-02;"Trenčiansky kraj";0;0;0;0;NA;102377;0;2020-06-02;87
2020-05-31;"Trenčiansky kraj";0;0;0;0;NA;102377;0;2020-05-31;87
2020-05-29;"Trenčiansky kraj";0;0;0;0;NA;102377;0;2020-05-29;87
2020-05-27;"Trenčiansky kraj";2;0;0;0;NA;102377;2;2020-05-27;87
2020-05-26;"Trenčiansky kraj";0;0;0;0;NA;102377;0;2020-05-26;85
2020-05-25;"Trenčiansky kraj";0;0;0;0;NA;102377;0;2020-05-25;85
2020-05-24;"Trenčiansky kraj";0;0;0;0;NA;102377;0;2020-05-24;85
2020-05-23;"Trenčiansky kraj";0;0;0;0;NA;102377;0;2020-05-23;85
2020-05-22;"Trenčiansky kraj";0;0;0;0;NA;102377;0;2020-05-22;85
2020-05-21;"Trenčiansky kraj";0;0;0;0;NA;102377;0;2020-05-21;85
2020-05-20;"Trenčiansky kraj";0;0;0;0;NA;102377;0;2020-05-20;85
2020-05-19;"Trenčiansky kraj";0;0;0;0;NA;102377;0;2020-05-19;85
2020-05-17;"Trenčiansky kraj";0;0;0;0;NA;102377;0;2020-05-17;85
2020-05-16;"Trenčiansky kraj";0;0;0;0;NA;102377;0;2020-05-16;85
2020-05-15;"Trenčiansky kraj";1;0;0;0;NA;102377;1;2020-05-15;85
2020-05-14;"Trenčiansky kraj";2;0;0;0;NA;102377;2;2020-05-14;84
2020-05-13;"Trenčiansky kraj";1;0;0;0;NA;102377;1;2020-05-13;82
2020-05-12;"Trenčiansky kraj";1;0;0;0;NA;102377;1;2020-05-12;81
2020-05-11;"Trenčiansky kraj";3;0;0;0;NA;102377;3;2020-05-11;80
2020-05-09;"Trenčiansky kraj";2;0;0;0;NA;102377;2;2020-05-09;77
2020-05-07;"Trenčiansky kraj";6;0;0;0;NA;102377;6;2020-05-07;75
2020-05-06;"Trenčiansky kraj";0;0;0;0;NA;102377;0;2020-05-06;69
2020-05-05;"Trenčiansky kraj";2;0;0;0;NA;102377;2;2020-05-05;69
2020-05-04;"Trenčiansky kraj";0;0;0;0;NA;102377;0;2020-05-04;67
2020-05-03;"Trenčiansky kraj";0;0;0;0;NA;102377;0;2020-05-03;67
2020-05-02;"Trenčiansky kraj";0;0;0;0;NA;102377;0;2020-05-02;67
2020-05-01;"Trenčiansky kraj";0;0;0;0;NA;102377;0;2020-05-01;67
2020-04-30;"Trenčiansky kraj";0;0;0;0;NA;102377;0;2020-04-30;67
2020-04-29;"Trenčiansky kraj";2;0;0;0;NA;102377;2;2020-04-29;67
2020-04-28;"Trenčiansky kraj";1;0;0;0;NA;102377;1;2020-04-28;65
2020-04-27;"Trenčiansky kraj";0;0;0;0;NA;102377;0;2020-04-27;64
2020-04-26;"Trenčiansky kraj";1;0;0;0;NA;102377;1;2020-04-26;64
2020-04-25;"Trenčiansky kraj";0;0;0;0;NA;102377;0;2020-04-25;63
2020-04-24;"Trenčiansky kraj";0;0;0;0;NA;102377;0;2020-04-24;63
2020-04-23;"Trenčiansky kraj";11;0;0;0;NA;102377;11;2020-04-23;63
2020-04-22;"Trenčiansky kraj";1;0;0;0;NA;102377;1;2020-04-22;52
2020-04-21;"Trenčiansky kraj";11;0;0;0;NA;102377;11;2020-04-21;51
2020-04-20;"Trenčiansky kraj";15;0;0;0;NA;102377;15;2020-04-20;40
2020-04-19;"Trenčiansky kraj";2;0;0;0;NA;102377;2;2020-04-19;25
2020-04-18;"Trenčiansky kraj";3;0;0;0;NA;102377;3;2020-04-18;23
2020-04-17;"Trenčiansky kraj";4;0;0;0;NA;102377;4;2020-04-17;20
2020-04-16;"Trenčiansky kraj";10;0;0;0;NA;102377;10;2020-04-16;16
2020-04-15;"Trenčiansky kraj";4;0;0;0;NA;102377;4;2020-04-15;6
2020-04-14;"Trenčiansky kraj";0;0;0;0;NA;102377;0;2020-04-14;2
2020-04-13;"Trenčiansky kraj";1;0;0;0;NA;102377;1;2020-04-13;2
2020-04-12;"Trenčiansky kraj";2;0;0;0;NA;102377;2;2020-04-12;1
2020-04-11;"Trenčiansky kraj";3;0;0;0;NA;102377;3;2020-04-11;-1
2020-04-10;"Trenčiansky kraj";0;0;0;0;NA;102377;0;2020-04-10;-4
2020-04-09;"Trenčiansky kraj";0;0;0;0;NA;102377;0;2020-04-09;-4
2020-04-08;"Trenčiansky kraj";2;0;0;0;NA;102377;2;2020-04-08;-4
2020-04-07;"Trenčiansky kraj";18;0;0;0;NA;102377;18;2020-04-07;-6
2020-04-06;"Trenčiansky kraj";0;0;0;0;NA;102377;0;2020-04-06;-24
2020-04-05;"Trenčiansky kraj";3;0;0;0;NA;102377;3;2020-04-05;-24
2020-04-04;"Trenčiansky kraj";5;0;0;0;NA;102377;5;2020-04-04;-27
2020-04-03;"Trenčiansky kraj";4;0;0;0;NA;102377;4;2020-04-03;-32
2020-04-02;"Trenčiansky kraj";1;0;0;0;NA;102377;1;2020-04-02;-36
2020-04-01;"Trenčiansky kraj";3;0;0;0;NA;102377;3;2020-04-01;-37
2020-03-31;"Trenčiansky kraj";1;0;0;0;NA;102377;1;2020-03-31;-40
2020-03-30;"Trenčiansky kraj";3;0;0;0;NA;102377;3;2020-03-30;-41
2020-03-29;"Trenčiansky kraj";6;0;0;0;NA;102377;6;2020-03-29;-44
2020-03-28;"Trenčiansky kraj";9;0;0;0;NA;102377;9;2020-03-28;-50
2020-03-27;"Trenčiansky kraj";2;0;0;0;NA;102377;2;2020-03-27;-59
2020-03-26;"Trenčiansky kraj";6;0;0;0;NA;102377;6;2020-03-26;-61
2020-03-25;"Trenčiansky kraj";3;0;0;0;NA;102377;3;2020-03-25;-67
2020-03-24;"Trenčiansky kraj";1;0;0;0;NA;102377;1;2020-03-24;-70
2020-03-23;"Trenčiansky kraj";0;0;0;0;NA;102377;0;2020-03-23;-71
2020-03-22;"Trenčiansky kraj";0;0;0;0;NA;102377;0;2020-03-22;-71
2020-03-21;"Trenčiansky kraj";2;0;0;0;NA;102377;2;2020-03-21;-71
2020-03-20;"Trenčiansky kraj";2;0;0;0;NA;102377;2;2020-03-20;-73
2020-03-19;"Trenčiansky kraj";8;0;0;0;NA;102377;8;2020-03-19;-75
2020-03-18;"Trenčiansky kraj";0;0;0;0;NA;102377;0;2020-03-18;-83
2020-03-17;"Trenčiansky kraj";0;0;0;0;NA;102377;0;2020-03-17;-83
2020-03-16;"Trenčiansky kraj";1;0;0;0;NA;102377;1;2020-03-16;-83
2020-03-15;"Trenčiansky kraj";5;0;0;0;NA;102377;5;2020-03-15;-84
2020-03-14;"Trenčiansky kraj";0;0;0;0;NA;102377;0;2020-03-14;-89
2020-03-13;"Trenčiansky kraj";0;0;0;0;NA;102377;0;2020-03-13;-89
2020-03-12;"Trenčiansky kraj";1;0;0;0;NA;102377;1;2020-03-12;-89
2020-03-11;"Trenčiansky kraj";0;0;0;0;NA;102377;0;2020-03-11;-90
2020-03-09;"Trenčiansky kraj";0;0;0;0;NA;102377;0;2020-03-09;-90
2020-03-08;"Trenčiansky kraj";0;0;0;0;NA;102377;0;2020-03-08;-90
2020-03-07;"Trenčiansky kraj";0;0;0;0;NA;102377;0;2020-03-07;-90
2020-03-06;"Trenčiansky kraj";0;0;0;0;NA;102377;0;2020-03-06;-90
2021-09-22;"Trnavský kraj";119;964;21;985;46973;91159;140;2021-09-22;91159
2021-09-21;"Trnavský kraj";108;1428;16;1444;NA;91159;124;2021-09-21;91019
2021-09-20;"Trnavský kraj";50;1539;20;1559;NA;91159;70;2021-09-20;90895
2021-09-19;"Trnavský kraj";2;906;8;914;NA;91159;10;2021-09-19;90825
2021-09-18;"Trnavský kraj";100;975;6;981;NA;91159;106;2021-09-18;90815
2021-09-17;"Trnavský kraj";77;1670;19;1689;NA;91159;96;2021-09-17;90709
2021-09-16;"Trnavský kraj";105;1246;32;1278;NA;91159;137;2021-09-16;90613
2021-09-15;"Trnavský kraj";59;821;5;826;NA;91159;64;2021-09-15;90476
2021-09-14;"Trnavský kraj";38;1547;12;1559;NA;91159;50;2021-09-14;90412
2021-09-13;"Trnavský kraj";56;1378;16;1394;NA;91159;72;2021-09-13;90362
2021-09-12;"Trnavský kraj";0;625;1;626;NA;91159;1;2021-09-12;90290
2021-09-11;"Trnavský kraj";37;936;10;946;NA;91159;47;2021-09-11;90289
2021-09-10;"Trnavský kraj";43;1403;9;1412;NA;91159;52;2021-09-10;90242
2021-09-09;"Trnavský kraj";42;920;13;933;NA;91159;55;2021-09-09;90190
2021-09-08;"Trnavský kraj";65;786;15;801;NA;91159;80;2021-09-08;90135
2021-09-07;"Trnavský kraj";29;825;5;830;NA;91159;34;2021-09-07;90055
2021-09-06;"Trnavský kraj";18;1213;14;1227;NA;91159;32;2021-09-06;90021
2021-09-05;"Trnavský kraj";2;545;4;549;NA;91159;6;2021-09-05;89989
2021-09-04;"Trnavský kraj";17;831;6;837;NA;91159;23;2021-09-04;89983
2021-09-03;"Trnavský kraj";14;1023;5;1028;NA;91159;19;2021-09-03;89960
2021-09-02;"Trnavský kraj";30;810;10;820;NA;91159;40;2021-09-02;89941
2021-09-01;"Trnavský kraj";6;390;4;394;NA;91159;10;2021-09-01;89901
2021-08-31;"Trnavský kraj";13;856;3;859;NA;91159;16;2021-08-31;89891
2021-08-30;"Trnavský kraj";7;870;1;871;NA;91159;8;2021-08-30;89875
2021-08-29;"Trnavský kraj";8;398;1;399;NA;91159;9;2021-08-29;89867
2021-08-28;"Trnavský kraj";17;666;1;667;NA;91159;18;2021-08-28;89858
2021-08-27;"Trnavský kraj";1;1134;4;1138;NA;91159;5;2021-08-27;89840
2021-08-26;"Trnavský kraj";8;690;3;693;NA;91159;11;2021-08-26;89835
2021-08-25;"Trnavský kraj";11;670;6;676;NA;91159;17;2021-08-25;89824
2021-08-24;"Trnavský kraj";7;773;1;774;NA;91159;8;2021-08-24;89807
2021-08-23;"Trnavský kraj";4;824;1;825;NA;91159;5;2021-08-23;89799
2021-08-22;"Trnavský kraj";0;449;0;449;NA;91159;0;2021-08-22;89794
2021-08-21;"Trnavský kraj";8;674;0;674;NA;91159;8;2021-08-21;89794
2021-08-20;"Trnavský kraj";4;1053;4;1057;NA;91159;8;2021-08-20;89786
2021-08-19;"Trnavský kraj";10;852;3;855;NA;91159;13;2021-08-19;89778
2021-08-18;"Trnavský kraj";6;764;2;766;NA;91159;8;2021-08-18;89765
2021-08-17;"Trnavský kraj";7;494;4;498;NA;91159;11;2021-08-17;89757
2021-08-16;"Trnavský kraj";9;879;0;879;NA;91159;9;2021-08-16;89746
2021-08-15;"Trnavský kraj";0;509;1;510;NA;91159;1;2021-08-15;89737
2021-08-14;"Trnavský kraj";10;772;3;775;NA;91159;13;2021-08-14;89736
2021-08-13;"Trnavský kraj";5;1005;5;1010;NA;91159;10;2021-08-13;89723
2021-08-12;"Trnavský kraj";3;638;3;641;NA;91159;6;2021-08-12;89713
2021-08-11;"Trnavský kraj";7;560;2;562;NA;91159;9;2021-08-11;89707
2021-08-10;"Trnavský kraj";3;731;3;734;NA;91159;6;2021-08-10;89698
2021-08-09;"Trnavský kraj";12;784;0;784;NA;91159;12;2021-08-09;89692
2021-08-08;"Trnavský kraj";1;521;0;521;NA;91159;1;2021-08-08;89680
2021-08-07;"Trnavský kraj";9;694;0;694;NA;91159;9;2021-08-07;89679
2021-08-06;"Trnavský kraj";3;967;0;967;NA;91159;3;2021-08-06;89670
2021-08-05;"Trnavský kraj";2;651;1;652;NA;91159;3;2021-08-05;89667
2021-08-04;"Trnavský kraj";1;868;1;869;NA;91159;2;2021-08-04;89664
2021-08-03;"Trnavský kraj";13;645;0;645;NA;91159;13;2021-08-03;89662
2021-08-02;"Trnavský kraj";2;725;1;726;NA;91159;3;2021-08-02;89649
2021-08-01;"Trnavský kraj";0;565;2;567;NA;91159;2;2021-08-01;89646
2021-07-31;"Trnavský kraj";3;886;0;886;NA;91159;3;2021-07-31;89644
2021-07-30;"Trnavský kraj";3;1071;3;1074;NA;91159;6;2021-07-30;89641
2021-07-29;"Trnavský kraj";1;775;0;775;NA;91159;1;2021-07-29;89635
2021-07-28;"Trnavský kraj";5;794;1;795;NA;91159;6;2021-07-28;89634
2021-07-27;"Trnavský kraj";7;623;2;625;NA;91159;9;2021-07-27;89628
2021-07-26;"Trnavský kraj";2;857;2;859;NA;91159;4;2021-07-26;89619
2021-07-25;"Trnavský kraj";0;707;0;707;NA;91159;0;2021-07-25;89615
2021-07-24;"Trnavský kraj";4;828;2;830;NA;91159;6;2021-07-24;89615
2021-07-23;"Trnavský kraj";3;1057;0;1057;NA;91159;3;2021-07-23;89609
2021-07-22;"Trnavský kraj";0;671;2;673;NA;91159;2;2021-07-22;89606
2021-07-21;"Trnavský kraj";2;660;2;662;NA;91159;4;2021-07-21;89604
2021-07-20;"Trnavský kraj";2;593;0;593;NA;91159;2;2021-07-20;89600
2021-07-19;"Trnavský kraj";9;886;0;886;NA;91159;9;2021-07-19;89598
2021-07-18;"Trnavský kraj";0;600;2;602;NA;91159;2;2021-07-18;89589
2021-07-17;"Trnavský kraj";8;796;0;796;NA;91159;8;2021-07-17;89587
2021-07-16;"Trnavský kraj";11;963;0;963;NA;91159;11;2021-07-16;89579
2021-07-15;"Trnavský kraj";4;832;1;833;NA;91159;5;2021-07-15;89568
2021-07-14;"Trnavský kraj";1;699;1;700;NA;91159;2;2021-07-14;89563
2021-07-13;"Trnavský kraj";1;693;1;694;NA;91159;2;2021-07-13;89561
2021-07-12;"Trnavský kraj";4;959;0;959;NA;91159;4;2021-07-12;89559
2021-07-11;"Trnavský kraj";0;692;0;692;NA;91159;0;2021-07-11;89555
2021-07-10;"Trnavský kraj";1;803;0;803;NA;91159;1;2021-07-10;89555
2021-07-09;"Trnavský kraj";3;1262;3;1265;NA;91159;6;2021-07-09;89554
2021-07-08;"Trnavský kraj";4;755;0;755;NA;91159;4;2021-07-08;89548
2021-07-07;"Trnavský kraj";9;924;2;926;NA;91159;11;2021-07-07;89544
2021-07-06;"Trnavský kraj";2;1401;1;1402;NA;91159;3;2021-07-06;89533
2021-07-05;"Trnavský kraj";1;503;2;505;NA;91159;3;2021-07-05;89530
2021-07-04;"Trnavský kraj";0;1129;3;1132;NA;91159;3;2021-07-04;89527
2021-07-03;"Trnavský kraj";4;815;0;815;NA;91159;4;2021-07-03;89524
2021-07-02;"Trnavský kraj";2;1137;2;1139;NA;91159;4;2021-07-02;89520
2021-07-01;"Trnavský kraj";4;437;0;437;NA;91159;4;2021-07-01;89516
2021-06-30;"Trnavský kraj";0;5111;1;5112;NA;91159;1;2021-06-30;89512
2021-06-29;"Trnavský kraj";4;2563;1;2564;NA;91159;5;2021-06-29;89511
2021-06-28;"Trnavský kraj";2;2600;1;2601;NA;91159;3;2021-06-28;89506
2021-06-27;"Trnavský kraj";0;3213;0;3213;NA;91159;0;2021-06-27;89503
2021-06-26;"Trnavský kraj";3;3871;1;3872;NA;91159;4;2021-06-26;89503
2021-06-25;"Trnavský kraj";2;4374;3;4377;NA;91159;5;2021-06-25;89499
2021-06-24;"Trnavský kraj";4;2520;3;2523;NA;91159;7;2021-06-24;89494
2021-06-23;"Trnavský kraj";4;2842;2;2844;NA;91159;6;2021-06-23;89487
2021-06-22;"Trnavský kraj";2;2996;1;2997;NA;91159;3;2021-06-22;89481
2021-06-21;"Trnavský kraj";6;3114;5;3119;NA;91159;11;2021-06-21;89478
2021-06-20;"Trnavský kraj";0;3952;1;3953;NA;91159;1;2021-06-20;89467
2021-06-19;"Trnavský kraj";3;4735;2;4737;NA;91159;5;2021-06-19;89466
2021-06-18;"Trnavský kraj";5;6125;4;6129;NA;91159;9;2021-06-18;89461
2021-06-17;"Trnavský kraj";3;3340;0;3340;NA;91159;3;2021-06-17;89452
2021-06-16;"Trnavský kraj";6;2926;3;2929;NA;91159;9;2021-06-16;89449
2021-06-15;"Trnavský kraj";8;3234;3;3237;NA;91159;11;2021-06-15;89440
2021-06-14;"Trnavský kraj";2;3829;1;3830;NA;91159;3;2021-06-14;89429
2021-06-13;"Trnavský kraj";0;5001;8;5009;NA;91159;8;2021-06-13;89426
2021-06-12;"Trnavský kraj";11;5807;2;5809;NA;91159;13;2021-06-12;89418
2021-06-11;"Trnavský kraj";17;5850;4;5854;NA;91159;21;2021-06-11;89405
2021-06-10;"Trnavský kraj";14;3476;1;3477;NA;91159;15;2021-06-10;89384
2021-06-09;"Trnavský kraj";10;3681;1;3682;NA;91159;11;2021-06-09;89369
2021-06-08;"Trnavský kraj";8;3344;4;3348;NA;91159;12;2021-06-08;89358
2021-06-07;"Trnavský kraj";12;4498;8;4506;NA;91159;20;2021-06-07;89346
2021-06-06;"Trnavský kraj";0;5517;2;5519;NA;91159;2;2021-06-06;89326
2021-06-05;"Trnavský kraj";20;6905;8;6913;NA;91159;28;2021-06-05;89324
2021-06-04;"Trnavský kraj";9;6731;10;6741;NA;91159;19;2021-06-04;89296
2021-06-03;"Trnavský kraj";14;4361;11;4372;NA;91159;25;2021-06-03;89277
2021-06-02;"Trnavský kraj";4;4148;11;4159;NA;91159;15;2021-06-02;89252
2021-06-01;"Trnavský kraj";18;3662;5;3667;NA;91159;23;2021-06-01;89237
2021-05-31;"Trnavský kraj";14;5515;16;5531;NA;91159;30;2021-05-31;89214
2021-05-30;"Trnavský kraj";0;6473;7;6480;NA;91159;7;2021-05-30;89184
2021-05-29;"Trnavský kraj";11;8964;4;8968;NA;91159;15;2021-05-29;89177
2021-05-28;"Trnavský kraj";14;7160;11;7171;NA;91159;25;2021-05-28;89162
2021-05-27;"Trnavský kraj";22;4753;8;4761;NA;91159;30;2021-05-27;89137
2021-05-26;"Trnavský kraj";6;4870;8;4878;NA;91159;14;2021-05-26;89107
2021-05-25;"Trnavský kraj";19;5026;27;5053;NA;91159;46;2021-05-25;89093
2021-05-24;"Trnavský kraj";15;6520;22;6542;NA;91159;37;2021-05-24;89047
2021-05-23;"Trnavský kraj";0;7920;8;7928;NA;91159;8;2021-05-23;89010
2021-05-22;"Trnavský kraj";13;13381;21;13402;NA;91159;34;2021-05-22;89002
2021-05-21;"Trnavský kraj";16;8525;19;8544;NA;91159;35;2021-05-21;88968
2021-05-20;"Trnavský kraj";15;5511;11;5522;NA;91159;26;2021-05-20;88933
2021-05-19;"Trnavský kraj";18;5431;13;5444;NA;91159;31;2021-05-19;88907
2021-05-18;"Trnavský kraj";26;5768;15;5783;NA;91159;41;2021-05-18;88876
2021-05-17;"Trnavský kraj";17;6262;24;6286;NA;91159;41;2021-05-17;88835
2021-05-16;"Trnavský kraj";10;9984;8;9992;NA;91159;18;2021-05-16;88794
2021-05-15;"Trnavský kraj";11;18525;14;18539;NA;91159;25;2021-05-15;88776
2021-05-14;"Trnavský kraj";34;10279;21;10300;NA;91159;55;2021-05-14;88751
2021-05-13;"Trnavský kraj";26;6913;12;6925;NA;91159;38;2021-05-13;88696
2021-05-12;"Trnavský kraj";34;6621;26;6647;NA;91159;60;2021-05-12;88658
2021-05-11;"Trnavský kraj";32;6393;13;6406;NA;91159;45;2021-05-11;88598
2021-05-10;"Trnavský kraj";58;9139;24;9163;NA;91159;82;2021-05-10;88553
2021-05-09;"Trnavský kraj";21;12570;12;12582;NA;91159;33;2021-05-09;88471
2021-05-08;"Trnavský kraj";4;23028;22;23050;NA;91159;26;2021-05-08;88438
2021-05-07;"Trnavský kraj";26;15465;30;15495;NA;91159;56;2021-05-07;88412
2021-05-06;"Trnavský kraj";22;8407;22;8429;NA;91159;44;2021-05-06;88356
2021-05-05;"Trnavský kraj";34;6273;22;6295;NA;91159;56;2021-05-05;88312
2021-05-04;"Trnavský kraj";51;8538;17;8555;NA;91159;68;2021-05-04;88256
2021-05-03;"Trnavský kraj";20;8957;22;8979;NA;91159;42;2021-05-03;88188
2021-05-02;"Trnavský kraj";0;25657;29;25686;NA;91159;29;2021-05-02;88146
2021-05-01;"Trnavský kraj";30;81353;64;81417;NA;91159;94;2021-05-01;88117
2021-04-30;"Trnavský kraj";45;26846;35;26881;NA;91159;80;2021-04-30;88023
2021-04-29;"Trnavský kraj";25;20323;28;20351;NA;91159;53;2021-04-29;87943
2021-04-28;"Trnavský kraj";46;8896;28;8924;NA;91159;74;2021-04-28;87890
2021-04-27;"Trnavský kraj";54;8756;37;8793;NA;91159;91;2021-04-27;87816
2021-04-26;"Trnavský kraj";53;16116;42;16158;NA;91159;95;2021-04-26;87725
2021-04-25;"Trnavský kraj";0;30183;24;30207;NA;91159;24;2021-04-25;87630
2021-04-24;"Trnavský kraj";46;126077;84;126161;NA;91159;130;2021-04-24;87606
2021-04-23;"Trnavský kraj";71;25741;53;25794;NA;91159;124;2021-04-23;87476
2021-04-22;"Trnavský kraj";40;10904;25;10929;NA;91159;65;2021-04-22;87352
2021-04-21;"Trnavský kraj";60;10748;45;10793;NA;91159;105;2021-04-21;87287
2021-04-20;"Trnavský kraj";57;13504;28;13532;NA;91159;85;2021-04-20;87182
2021-04-19;"Trnavský kraj";46;14603;18;14621;NA;91159;64;2021-04-19;87097
2021-04-18;"Trnavský kraj";7;40843;43;40886;NA;91159;50;2021-04-18;87033
2021-04-17;"Trnavský kraj";58;118102;89;118191;NA;91159;147;2021-04-17;86983
2021-04-16;"Trnavský kraj";67;25962;48;26010;NA;91159;115;2021-04-16;86836
2021-04-15;"Trnavský kraj";65;11373;36;11409;NA;91159;101;2021-04-15;86721
2021-04-14;"Trnavský kraj";78;18442;53;18495;NA;91159;131;2021-04-14;86620
2021-04-13;"Trnavský kraj";126;9871;44;9915;NA;91159;170;2021-04-13;86489
2021-04-12;"Trnavský kraj";40;15577;40;15617;NA;91159;80;2021-04-12;86319
2021-04-11;"Trnavský kraj";3;44420;44;44464;NA;91159;47;2021-04-11;86239
2021-04-10;"Trnavský kraj";60;123822;107;123929;NA;91159;167;2021-04-10;86192
2021-04-09;"Trnavský kraj";95;26191;34;26225;NA;91159;129;2021-04-09;86025
2021-04-08;"Trnavský kraj";85;10913;54;10967;NA;91159;139;2021-04-08;85896
2021-04-07;"Trnavský kraj";131;15979;81;16060;NA;91159;212;2021-04-07;85757
2021-04-06;"Trnavský kraj";92;20586;90;20676;NA;91159;182;2021-04-06;85545
2021-04-05;"Trnavský kraj";91;7542;17;7559;NA;91159;108;2021-04-05;85363
2021-04-04;"Trnavský kraj";9;28831;49;28880;NA;91159;58;2021-04-04;85255
2021-04-03;"Trnavský kraj";29;144452;186;144638;NA;91159;215;2021-04-03;85197
2021-04-02;"Trnavský kraj";91;17538;33;17571;NA;91159;124;2021-04-02;84982
2021-04-01;"Trnavský kraj";118;22279;71;22350;NA;91159;189;2021-04-01;84858
2021-03-31;"Trnavský kraj";140;15828;82;15910;NA;91159;222;2021-03-31;84669
2021-03-30;"Trnavský kraj";182;10482;79;10561;NA;91159;261;2021-03-30;84447
2021-03-29;"Trnavský kraj";126;19255;122;19377;NA;91159;248;2021-03-29;84186
2021-03-28;"Trnavský kraj";26;50664;134;50798;NA;91159;160;2021-03-28;83938
2021-03-27;"Trnavský kraj";64;130217;246;130463;NA;91159;310;2021-03-27;83778
2021-03-26;"Trnavský kraj";139;30217;130;30347;NA;91159;269;2021-03-26;83468
2021-03-25;"Trnavský kraj";135;14212;80;14292;NA;91159;215;2021-03-25;83199
2021-03-24;"Trnavský kraj";159;10521;89;10610;NA;91159;248;2021-03-24;82984
2021-03-23;"Trnavský kraj";221;12735;104;12839;NA;91159;325;2021-03-23;82736
2021-03-22;"Trnavský kraj";103;17118;110;17228;NA;91159;213;2021-03-22;82411
2021-03-21;"Trnavský kraj";31;49119;150;49269;NA;91159;181;2021-03-21;82198
2021-03-20;"Trnavský kraj";112;136963;317;137280;NA;91159;429;2021-03-20;82017
2021-03-19;"Trnavský kraj";174;29071;137;29208;NA;91159;311;2021-03-19;81588
2021-03-18;"Trnavský kraj";158;12217;136;12353;NA;91159;294;2021-03-18;81277
2021-03-17;"Trnavský kraj";245;10434;103;10537;NA;91159;348;2021-03-17;80983
2021-03-16;"Trnavský kraj";311;12811;135;12946;NA;91159;446;2021-03-16;80635
2021-03-15;"Trnavský kraj";127;18271;146;18417;NA;91159;273;2021-03-15;80189
2021-03-14;"Trnavský kraj";14;47608;164;47772;NA;91159;178;2021-03-14;79916
2021-03-13;"Trnavský kraj";155;139224;409;139633;NA;91159;564;2021-03-13;79738
2021-03-12;"Trnavský kraj";201;28566;181;28747;NA;91159;382;2021-03-12;79174
2021-03-11;"Trnavský kraj";204;13301;140;13441;NA;91159;344;2021-03-11;78792
2021-03-10;"Trnavský kraj";242;10583;135;10718;NA;91159;377;2021-03-10;78448
2021-03-09;"Trnavský kraj";442;12824;155;12979;NA;91159;597;2021-03-09;78071
2021-03-08;"Trnavský kraj";182;21812;166;21978;NA;91159;348;2021-03-08;77474
2021-03-07;"Trnavský kraj";30;45463;227;45690;NA;91159;257;2021-03-07;77126
2021-03-06;"Trnavský kraj";154;135784;531;136315;NA;91159;685;2021-03-06;76869
2021-03-05;"Trnavský kraj";299;27959;239;28198;NA;91159;538;2021-03-05;76184
2021-03-04;"Trnavský kraj";238;14505;176;14681;NA;91159;414;2021-03-04;75646
2021-03-03;"Trnavský kraj";413;11583;246;11829;NA;91159;659;2021-03-03;75232
2021-03-02;"Trnavský kraj";477;12367;191;12558;NA;91159;668;2021-03-02;74573
2021-03-01;"Trnavský kraj";189;18586;234;18820;NA;91159;423;2021-03-01;73905
2021-02-28;"Trnavský kraj";87;47709;321;48030;NA;91159;408;2021-02-28;73482
2021-02-27;"Trnavský kraj";264;140224;800;141024;NA;91159;1064;2021-02-27;73074
2021-02-26;"Trnavský kraj";362;26637;284;26921;NA;91159;646;2021-02-26;72010
2021-02-25;"Trnavský kraj";433;10490;227;10717;NA;91159;660;2021-02-25;71364
2021-02-24;"Trnavský kraj";407;9113;290;9403;NA;91159;697;2021-02-24;70704
2021-02-23;"Trnavský kraj";469;11322;284;11606;NA;91159;753;2021-02-23;70007
2021-02-22;"Trnavský kraj";206;19901;330;20231;NA;91159;536;2021-02-22;69254
2021-02-21;"Trnavský kraj";38;48221;329;48550;NA;91159;367;2021-02-21;68718
2021-02-20;"Trnavský kraj";273;135835;859;136694;NA;91159;1132;2021-02-20;68351
2021-02-19;"Trnavský kraj";335;26382;366;26748;NA;91159;701;2021-02-19;67219
2021-02-18;"Trnavský kraj";344;11264;348;11612;NA;91159;692;2021-02-18;66518
2021-02-17;"Trnavský kraj";431;8783;416;9199;NA;91159;847;2021-02-17;65826
2021-02-16;"Trnavský kraj";426;11236;294;11530;NA;91159;720;2021-02-16;64979
2021-02-15;"Trnavský kraj";146;18276;326;18602;NA;91159;472;2021-02-15;64259
2021-02-14;"Trnavský kraj";51;57642;495;58137;NA;91159;546;2021-02-14;63787
2021-02-13;"Trnavský kraj";218;137051;994;138045;NA;91159;1212;2021-02-13;63241
2021-02-12;"Trnavský kraj";300;24090;352;24442;NA;91159;652;2021-02-12;62029
2021-02-11;"Trnavský kraj";422;9831;349;10180;NA;91159;771;2021-02-11;61377
2021-02-10;"Trnavský kraj";511;9194;342;9536;NA;91159;853;2021-02-10;60606
2021-02-09;"Trnavský kraj";544;12755;369;13124;NA;91159;913;2021-02-09;59753
2021-02-08;"Trnavský kraj";220;33414;497;33911;NA;91159;717;2021-02-08;58840
2021-02-07;"Trnavský kraj";140;69694;628;70322;NA;91159;768;2021-02-07;58123
2021-02-06;"Trnavský kraj";348;112687;1482;114169;NA;91159;1830;2021-02-06;57355
2021-02-05;"Trnavský kraj";377;16063;373;16436;NA;91159;750;2021-02-05;55525
2021-02-04;"Trnavský kraj";456;7317;456;7773;NA;91159;912;2021-02-04;54775
2021-02-03;"Trnavský kraj";472;6583;434;7017;NA;91159;906;2021-02-03;53863
2021-02-02;"Trnavský kraj";446;14243;424;14667;NA;91159;870;2021-02-02;52957
2021-02-01;"Trnavský kraj";198;38882;679;39561;NA;91159;877;2021-02-01;52087
2021-01-31;"Trnavský kraj";19;64707;822;65529;NA;91159;841;2021-01-31;51210
2021-01-30;"Trnavský kraj";323;111483;1288;112771;NA;91159;1611;2021-01-30;50369
2021-01-29;"Trnavský kraj";421;9689;290;9979;NA;91159;711;2021-01-29;48758
2021-01-28;"Trnavský kraj";389;5817;289;6106;NA;91159;678;2021-01-28;48047
2021-01-27;"Trnavský kraj";433;5554;225;5779;NA;91159;658;2021-01-27;47369
2021-01-26;"Trnavský kraj";565;25411;636;26047;NA;91159;1201;2021-01-26;46711
2021-01-25;"Trnavský kraj";210;41805;620;42425;NA;91159;830;2021-01-25;45510
2021-01-24;"Trnavský kraj";91;66399;779;67178;NA;91159;870;2021-01-24;44680
2021-01-23;"Trnavský kraj";372;113375;1319;114694;NA;91159;1691;2021-01-23;43810
2021-01-22;"Trnavský kraj";217;32755;505;33260;NA;91159;722;2021-01-22;42119
2021-01-21;"Trnavský kraj";311;13913;377;14290;NA;91159;688;2021-01-21;41397
2021-01-20;"Trnavský kraj";503;8685;283;8968;NA;91159;786;2021-01-20;40709
2021-01-19;"Trnavský kraj";415;7013;347;7360;NA;91159;762;2021-01-19;39923
2021-01-18;"Trnavský kraj";247;6690;513;7203;NA;91159;760;2021-01-18;39161
2021-01-17;"Trnavský kraj";128;854;215;1069;NA;91159;343;2021-01-17;38401
2021-01-16;"Trnavský kraj";103;898;24;922;NA;91159;127;2021-01-16;38058
2021-01-15;"Trnavský kraj";278;5467;336;5803;NA;91159;614;2021-01-15;37931
2021-01-14;"Trnavský kraj";452;4001;338;4339;NA;91159;790;2021-01-14;37317
2021-01-13;"Trnavský kraj";457;4751;378;5129;NA;91159;835;2021-01-13;36527
2021-01-12;"Trnavský kraj";469;6860;470;7330;NA;91159;939;2021-01-12;35692
2021-01-11;"Trnavský kraj";370;4587;360;4947;NA;91159;730;2021-01-11;34753
2021-01-10;"Trnavský kraj";71;13;0;13;NA;91159;71;2021-01-10;34023
2021-01-09;"Trnavský kraj";417;1775;100;1875;NA;91159;517;2021-01-09;33952
2021-01-08;"Trnavský kraj";381;6016;506;6522;NA;91159;887;2021-01-08;33435
2021-01-07;"Trnavský kraj";501;3545;329;3874;NA;91159;830;2021-01-07;32548
2021-01-06;"Trnavský kraj";179;758;132;890;NA;91159;311;2021-01-06;31718
2021-01-05;"Trnavský kraj";611;5165;561;5726;NA;91159;1172;2021-01-05;31407
2021-01-04;"Trnavský kraj";302;5556;709;6265;NA;91159;1011;2021-01-04;30235
2021-01-03;"Trnavský kraj";60;53;7;60;NA;91159;67;2021-01-03;29224
2021-01-02;"Trnavský kraj";282;417;32;449;NA;91159;314;2021-01-02;29157
2021-01-01;"Trnavský kraj";143;455;76;531;NA;91159;219;2021-01-01;28843
2020-12-31;"Trnavský kraj";498;8325;820;9145;NA;91159;1318;2020-12-31;28624
2020-12-30;"Trnavský kraj";785;5318;612;5930;NA;91159;1397;2020-12-30;27306
2020-12-29;"Trnavský kraj";322;4913;565;5478;NA;91159;887;2020-12-29;25909
2020-12-28;"Trnavský kraj";213;4900;552;5452;NA;91159;765;2020-12-28;25022
2020-12-27;"Trnavský kraj";27;20;4;24;NA;91159;31;2020-12-27;24257
2020-12-26;"Trnavský kraj";148;44;1;45;NA;91159;149;2020-12-26;24226
2020-12-25;"Trnavský kraj";65;49;5;54;NA;91159;70;2020-12-25;24077
2020-12-24;"Trnavský kraj";333;1359;117;1476;NA;91159;450;2020-12-24;24007
2020-12-23;"Trnavský kraj";210;6672;414;7086;NA;91159;624;2020-12-23;23557
2020-12-22;"Trnavský kraj";311;5427;455;5882;NA;91159;766;2020-12-22;22933
2020-12-21;"Trnavský kraj";328;4092;350;4442;NA;91159;678;2020-12-21;22167
2020-12-20;"Trnavský kraj";134;133;12;145;NA;91159;146;2020-12-20;21489
2020-12-19;"Trnavský kraj";201;1407;103;1510;NA;91159;304;2020-12-19;21343
2020-12-18;"Trnavský kraj";341;4432;334;4766;NA;91159;675;2020-12-18;21039
2020-12-17;"Trnavský kraj";375;4880;414;5294;NA;91159;789;2020-12-17;20364
2020-12-16;"Trnavský kraj";312;4945;383;5328;NA;91159;695;2020-12-16;19575
2020-12-15;"Trnavský kraj";492;6240;598;6838;NA;91159;1090;2020-12-15;18880
2020-12-14;"Trnavský kraj";161;3505;292;3797;NA;91159;453;2020-12-14;17790
2020-12-13;"Trnavský kraj";7;7;0;7;NA;91159;7;2020-12-13;17337
2020-12-12;"Trnavský kraj";254;1456;114;1570;NA;91159;368;2020-12-12;17330
2020-12-11;"Trnavský kraj";384;4289;241;4530;NA;91159;625;2020-12-11;16962
2020-12-10;"Trnavský kraj";183;5197;320;5517;NA;91159;503;2020-12-10;16337
2020-12-09;"Trnavský kraj";521;4199;317;4516;NA;91159;838;2020-12-09;15834
2020-12-08;"Trnavský kraj";281;4090;304;4394;NA;91159;585;2020-12-08;14996
2020-12-07;"Trnavský kraj";178;2895;199;3094;NA;91159;377;2020-12-07;14411
2020-12-06;"Trnavský kraj";46;0;0;0;NA;91159;46;2020-12-06;14034
2020-12-05;"Trnavský kraj";129;2218;41;2259;NA;91159;170;2020-12-05;13988
2020-12-04;"Trnavský kraj";242;3948;158;4106;NA;91159;400;2020-12-04;13818
2020-12-03;"Trnavský kraj";248;2770;190;2960;NA;91159;438;2020-12-03;13418
2020-12-02;"Trnavský kraj";284;4516;176;4692;NA;91159;460;2020-12-02;12980
2020-12-01;"Trnavský kraj";253;3190;205;3395;NA;91159;458;2020-12-01;12520
2020-11-30;"Trnavský kraj";200;7360;186;7546;NA;91159;386;2020-11-30;12062
2020-11-29;"Trnavský kraj";17;738;36;774;NA;91159;53;2020-11-29;11676
2020-11-28;"Trnavský kraj";83;1453;77;1530;NA;91159;160;2020-11-28;11623
2020-11-27;"Trnavský kraj";148;1779;85;1864;NA;91159;233;2020-11-27;11463
2020-11-26;"Trnavský kraj";234;1123;68;1191;NA;91159;302;2020-11-26;11230
2020-11-25;"Trnavský kraj";232;1168;74;1242;NA;91159;306;2020-11-25;10928
2020-11-24;"Trnavský kraj";295;1909;96;2005;NA;91159;391;2020-11-24;10622
2020-11-23;"Trnavský kraj";242;7393;129;7522;NA;91159;371;2020-11-23;10231
2020-11-22;"Trnavský kraj";10;82;9;91;NA;91159;19;2020-11-22;9860
2020-11-21;"Trnavský kraj";129;1354;36;1390;NA;91159;165;2020-11-21;9841
2020-11-20;"Trnavský kraj";246;1154;64;1218;NA;91159;310;2020-11-20;9676
2020-11-19;"Trnavský kraj";157;823;64;887;NA;91159;221;2020-11-19;9366
2020-11-18;"Trnavský kraj";235;822;82;904;NA;91159;317;2020-11-18;9145
2020-11-17;"Trnavský kraj";129;705;74;779;NA;91159;203;2020-11-17;8828
2020-11-16;"Trnavský kraj";187;732;32;764;NA;91159;219;2020-11-16;8625
2020-11-15;"Trnavský kraj";23;73;4;77;NA;91159;27;2020-11-15;8406
2020-11-14;"Trnavský kraj";86;397;12;409;NA;91159;98;2020-11-14;8379
2020-11-13;"Trnavský kraj";219;1312;21;1333;NA;91159;240;2020-11-13;8281
2020-11-12;"Trnavský kraj";162;420;18;438;NA;91159;180;2020-11-12;8041
2020-11-11;"Trnavský kraj";257;392;15;407;NA;91159;272;2020-11-11;7861
2020-11-10;"Trnavský kraj";189;889;30;919;NA;91159;219;2020-11-10;7589
2020-11-09;"Trnavský kraj";196;369;23;392;NA;91159;219;2020-11-09;7370
2020-11-08;"Trnavský kraj";55;400;4;404;NA;91159;59;2020-11-08;7151
2020-11-07;"Trnavský kraj";207;6070;74;6144;NA;91159;281;2020-11-07;7092
2020-11-06;"Trnavský kraj";260;1531;19;1550;NA;91159;279;2020-11-06;6811
2020-11-05;"Trnavský kraj";150;220;27;247;NA;91159;177;2020-11-05;6532
2020-11-04;"Trnavský kraj";188;212;10;222;NA;91159;198;2020-11-04;6355
2020-11-03;"Trnavský kraj";317;127;8;135;NA;91159;325;2020-11-03;6157
2020-11-02;"Trnavský kraj";281;1728;31;1759;NA;91159;312;2020-11-02;5832
2020-11-01;"Trnavský kraj";87;494;27;521;NA;91159;114;2020-11-01;5520
2020-10-31;"Trnavský kraj";259;5024;41;5065;NA;91159;300;2020-10-31;5406
2020-10-30;"Trnavský kraj";198;3784;27;3811;NA;91159;225;2020-10-30;5106
2020-10-29;"Trnavský kraj";273;1461;16;1477;NA;91159;289;2020-10-29;4881
2020-10-28;"Trnavský kraj";319;117;16;133;NA;91159;335;2020-10-28;4592
2020-10-27;"Trnavský kraj";199;461;36;497;NA;91159;235;2020-10-27;4257
2020-10-26;"Trnavský kraj";153;29;2;31;NA;91159;155;2020-10-26;4022
2020-10-25;"Trnavský kraj";95;19;1;20;NA;91159;96;2020-10-25;3867
2020-10-24;"Trnavský kraj";158;109;2;111;NA;91159;160;2020-10-24;3771
2020-10-23;"Trnavský kraj";201;89;4;93;NA;91159;205;2020-10-23;3611
2020-10-22;"Trnavský kraj";195;55;2;57;NA;91159;197;2020-10-22;3406
2020-10-21;"Trnavský kraj";134;73;3;76;NA;91159;137;2020-10-21;3209
2020-10-20;"Trnavský kraj";202;82;3;85;NA;91159;205;2020-10-20;3072
2020-10-19;"Trnavský kraj";67;55;0;55;NA;91159;67;2020-10-19;2867
2020-10-18;"Trnavský kraj";84;0;0;0;NA;91159;84;2020-10-18;2800
2020-10-17;"Trnavský kraj";123;0;0;0;NA;91159;123;2020-10-17;2716
2020-10-16;"Trnavský kraj";86;45;2;47;NA;91159;88;2020-10-16;2593
2020-10-15;"Trnavský kraj";155;66;2;68;NA;91159;157;2020-10-15;2505
2020-10-14;"Trnavský kraj";236;468;3;471;NA;91159;239;2020-10-14;2348
2020-10-13;"Trnavský kraj";138;16;2;18;NA;91159;140;2020-10-13;2109
2020-10-12;"Trnavský kraj";33;41;1;42;NA;91159;34;2020-10-12;1969
2020-10-11;"Trnavský kraj";31;0;0;0;NA;91159;31;2020-10-11;1935
2020-10-10;"Trnavský kraj";128;0;0;0;NA;91159;128;2020-10-10;1904
2020-10-09;"Trnavský kraj";156;0;0;0;NA;91159;156;2020-10-09;1776
2020-10-08;"Trnavský kraj";153;0;0;0;NA;91159;153;2020-10-08;1620
2020-10-07;"Trnavský kraj";80;0;0;0;NA;91159;80;2020-10-07;1467
2020-10-06;"Trnavský kraj";112;0;0;0;NA;91159;112;2020-10-06;1387
2020-10-05;"Trnavský kraj";33;0;0;0;NA;91159;33;2020-10-05;1275
2020-10-04;"Trnavský kraj";44;0;0;0;NA;91159;44;2020-10-04;1242
2020-10-03;"Trnavský kraj";60;0;0;0;NA;91159;60;2020-10-03;1198
2020-10-02;"Trnavský kraj";41;0;0;0;NA;91159;41;2020-10-02;1138
2020-10-01;"Trnavský kraj";53;0;0;0;NA;91159;53;2020-10-01;1097
2020-09-30;"Trnavský kraj";91;0;0;0;NA;91159;91;2020-09-30;1044
2020-09-29;"Trnavský kraj";40;0;0;0;NA;91159;40;2020-09-29;953
2020-09-28;"Trnavský kraj";69;0;0;0;NA;91159;69;2020-09-28;913
2020-09-27;"Trnavský kraj";30;0;0;0;NA;91159;30;2020-09-27;844
2020-09-26;"Trnavský kraj";46;0;0;0;NA;91159;46;2020-09-26;814
2020-09-25;"Trnavský kraj";32;0;0;0;NA;91159;32;2020-09-25;768
2020-09-24;"Trnavský kraj";42;0;0;0;NA;91159;42;2020-09-24;736
2020-09-23;"Trnavský kraj";43;0;0;0;NA;91159;43;2020-09-23;694
2020-09-22;"Trnavský kraj";55;0;0;0;NA;91159;55;2020-09-22;651
2020-09-21;"Trnavský kraj";41;0;0;0;NA;91159;41;2020-09-21;596
2020-09-20;"Trnavský kraj";17;0;0;0;NA;91159;17;2020-09-20;555
2020-09-19;"Trnavský kraj";4;0;0;0;NA;91159;4;2020-09-19;538
2020-09-18;"Trnavský kraj";33;0;0;0;NA;91159;33;2020-09-18;534
2020-09-17;"Trnavský kraj";42;0;0;0;NA;91159;42;2020-09-17;501
2020-09-16;"Trnavský kraj";49;0;0;0;NA;91159;49;2020-09-16;459
2020-09-15;"Trnavský kraj";5;0;0;0;NA;91159;5;2020-09-15;410
2020-09-14;"Trnavský kraj";26;0;0;0;NA;91159;26;2020-09-14;405
2020-09-13;"Trnavský kraj";9;0;0;0;NA;91159;9;2020-09-13;379
2020-09-12;"Trnavský kraj";12;0;0;0;NA;91159;12;2020-09-12;370
2020-09-11;"Trnavský kraj";16;0;0;0;NA;91159;16;2020-09-11;358
2020-09-10;"Trnavský kraj";32;0;0;0;NA;91159;32;2020-09-10;342
2020-09-09;"Trnavský kraj";14;0;0;0;NA;91159;14;2020-09-09;310
2020-09-08;"Trnavský kraj";11;0;0;0;NA;91159;11;2020-09-08;296
2020-09-07;"Trnavský kraj";7;0;0;0;NA;91159;7;2020-09-07;285
2020-09-06;"Trnavský kraj";5;0;0;0;NA;91159;5;2020-09-06;278
2020-09-05;"Trnavský kraj";7;0;0;0;NA;91159;7;2020-09-05;273
2020-09-04;"Trnavský kraj";16;0;0;0;NA;91159;16;2020-09-04;266
2020-09-03;"Trnavský kraj";8;0;0;0;NA;91159;8;2020-09-03;250
2020-09-02;"Trnavský kraj";7;0;0;0;NA;91159;7;2020-09-02;242
2020-09-01;"Trnavský kraj";1;0;0;0;NA;91159;1;2020-09-01;235
2020-08-31;"Trnavský kraj";6;0;0;0;NA;91159;6;2020-08-31;234
2020-08-30;"Trnavský kraj";1;0;0;0;NA;91159;1;2020-08-30;228
2020-08-29;"Trnavský kraj";3;0;0;0;NA;91159;3;2020-08-29;227
2020-08-28;"Trnavský kraj";14;0;0;0;NA;91159;14;2020-08-28;224
2020-08-27;"Trnavský kraj";6;0;0;0;NA;91159;6;2020-08-27;210
2020-08-26;"Trnavský kraj";4;0;0;0;NA;91159;4;2020-08-26;204
2020-08-25;"Trnavský kraj";7;0;0;0;NA;91159;7;2020-08-25;200
2020-08-24;"Trnavský kraj";1;0;0;0;NA;91159;1;2020-08-24;193
2020-08-23;"Trnavský kraj";6;0;0;0;NA;91159;6;2020-08-23;192
2020-08-22;"Trnavský kraj";3;0;0;0;NA;91159;3;2020-08-22;186
2020-08-21;"Trnavský kraj";4;0;0;0;NA;91159;4;2020-08-21;183
2020-08-20;"Trnavský kraj";23;0;0;0;NA;91159;23;2020-08-20;179
2020-08-19;"Trnavský kraj";13;0;0;0;NA;91159;13;2020-08-19;156
2020-08-18;"Trnavský kraj";20;0;0;0;NA;91159;20;2020-08-18;143
2020-08-17;"Trnavský kraj";3;0;0;0;NA;91159;3;2020-08-17;123
2020-08-16;"Trnavský kraj";0;0;0;0;NA;91159;0;2020-08-16;120
2020-08-15;"Trnavský kraj";7;0;0;0;NA;91159;7;2020-08-15;120
2020-08-14;"Trnavský kraj";6;0;0;0;NA;91159;6;2020-08-14;113
2020-08-13;"Trnavský kraj";10;0;0;0;NA;91159;10;2020-08-13;107
2020-08-12;"Trnavský kraj";2;0;0;0;NA;91159;2;2020-08-12;97
2020-08-11;"Trnavský kraj";30;0;0;0;NA;91159;30;2020-08-11;95
2020-08-10;"Trnavský kraj";0;0;0;0;NA;91159;0;2020-08-10;65
2020-08-09;"Trnavský kraj";0;0;0;0;NA;91159;0;2020-08-09;65
2020-08-08;"Trnavský kraj";13;0;0;0;NA;91159;13;2020-08-08;65
2020-08-07;"Trnavský kraj";4;0;0;0;NA;91159;4;2020-08-07;52
2020-08-06;"Trnavský kraj";4;0;0;0;NA;91159;4;2020-08-06;48
2020-08-05;"Trnavský kraj";0;0;0;0;NA;91159;0;2020-08-05;44
2020-08-04;"Trnavský kraj";1;0;0;0;NA;91159;1;2020-08-04;44
2020-08-03;"Trnavský kraj";2;0;0;0;NA;91159;2;2020-08-03;43
2020-08-02;"Trnavský kraj";1;0;0;0;NA;91159;1;2020-08-02;41
2020-08-01;"Trnavský kraj";0;0;0;0;NA;91159;0;2020-08-01;40
2020-07-31;"Trnavský kraj";7;0;0;0;NA;91159;7;2020-07-31;40
2020-07-30;"Trnavský kraj";6;0;0;0;NA;91159;6;2020-07-30;33
2020-07-29;"Trnavský kraj";0;0;0;0;NA;91159;0;2020-07-29;27
2020-07-28;"Trnavský kraj";1;0;0;0;NA;91159;1;2020-07-28;27
2020-07-27;"Trnavský kraj";2;0;0;0;NA;91159;2;2020-07-27;26
2020-07-26;"Trnavský kraj";0;0;0;0;NA;91159;0;2020-07-26;24
2020-07-25;"Trnavský kraj";0;0;0;0;NA;91159;0;2020-07-25;24
2020-07-24;"Trnavský kraj";1;0;0;0;NA;91159;1;2020-07-24;24
2020-07-23;"Trnavský kraj";2;0;0;0;NA;91159;2;2020-07-23;23
2020-07-22;"Trnavský kraj";1;0;0;0;NA;91159;1;2020-07-22;21
2020-07-21;"Trnavský kraj";2;0;0;0;NA;91159;2;2020-07-21;20
2020-07-20;"Trnavský kraj";0;0;0;0;NA;91159;0;2020-07-20;18
2020-07-19;"Trnavský kraj";0;0;0;0;NA;91159;0;2020-07-19;18
2020-07-18;"Trnavský kraj";0;0;0;0;NA;91159;0;2020-07-18;18
2020-07-17;"Trnavský kraj";0;0;0;0;NA;91159;0;2020-07-17;18
2020-07-16;"Trnavský kraj";0;0;0;0;NA;91159;0;2020-07-16;18
2020-07-15;"Trnavský kraj";1;0;0;0;NA;91159;1;2020-07-15;18
2020-07-14;"Trnavský kraj";0;0;0;0;NA;91159;0;2020-07-14;17
2020-07-13;"Trnavský kraj";0;0;0;0;NA;91159;0;2020-07-13;17
2020-07-12;"Trnavský kraj";0;0;0;0;NA;91159;0;2020-07-12;17
2020-07-11;"Trnavský kraj";0;0;0;0;NA;91159;0;2020-07-11;17
2020-07-10;"Trnavský kraj";0;0;0;0;NA;91159;0;2020-07-10;17
2020-07-09;"Trnavský kraj";0;0;0;0;NA;91159;0;2020-07-09;17
2020-07-08;"Trnavský kraj";3;0;0;0;NA;91159;3;2020-07-08;17
2020-07-07;"Trnavský kraj";4;0;0;0;NA;91159;4;2020-07-07;14
2020-07-06;"Trnavský kraj";0;0;0;0;NA;91159;0;2020-07-06;10
2020-07-05;"Trnavský kraj";0;0;0;0;NA;91159;0;2020-07-05;10
2020-07-04;"Trnavský kraj";0;0;0;0;NA;91159;0;2020-07-04;10
2020-07-03;"Trnavský kraj";0;0;0;0;NA;91159;0;2020-07-03;10
2020-07-02;"Trnavský kraj";3;0;0;0;NA;91159;3;2020-07-02;10
2020-07-01;"Trnavský kraj";0;0;0;0;NA;91159;0;2020-07-01;7
2020-06-30;"Trnavský kraj";0;0;0;0;NA;91159;0;2020-06-30;7
2020-06-29;"Trnavský kraj";0;0;0;0;NA;91159;0;2020-06-29;7
2020-06-28;"Trnavský kraj";0;0;0;0;NA;91159;0;2020-06-28;7
2020-06-27;"Trnavský kraj";0;0;0;0;NA;91159;0;2020-06-27;7
2020-06-26;"Trnavský kraj";0;0;0;0;NA;91159;0;2020-06-26;7
2020-06-25;"Trnavský kraj";0;0;0;0;NA;91159;0;2020-06-25;7
2020-06-24;"Trnavský kraj";0;0;0;0;NA;91159;0;2020-06-24;7
2020-06-23;"Trnavský kraj";0;0;0;0;NA;91159;0;2020-06-23;7
2020-06-22;"Trnavský kraj";0;0;0;0;NA;91159;0;2020-06-22;7
2020-06-21;"Trnavský kraj";0;0;0;0;NA;91159;0;2020-06-21;7
2020-06-20;"Trnavský kraj";0;0;0;0;NA;91159;0;2020-06-20;7
2020-06-19;"Trnavský kraj";0;0;0;0;NA;91159;0;2020-06-19;7
2020-06-18;"Trnavský kraj";2;0;0;0;NA;91159;2;2020-06-18;7
2020-06-17;"Trnavský kraj";0;0;0;0;NA;91159;0;2020-06-17;5
2020-06-16;"Trnavský kraj";0;0;0;0;NA;91159;0;2020-06-16;5
2020-06-14;"Trnavský kraj";0;0;0;0;NA;91159;0;2020-06-14;5
2020-06-13;"Trnavský kraj";0;0;0;0;NA;91159;0;2020-06-13;5
2020-06-12;"Trnavský kraj";0;0;0;0;NA;91159;0;2020-06-12;5
2020-06-11;"Trnavský kraj";0;0;0;0;NA;91159;0;2020-06-11;5
2020-06-10;"Trnavský kraj";0;0;0;0;NA;91159;0;2020-06-10;5
2020-06-09;"Trnavský kraj";0;0;0;0;NA;91159;0;2020-06-09;5
2020-06-08;"Trnavský kraj";0;0;0;0;NA;91159;0;2020-06-08;5
2020-06-07;"Trnavský kraj";0;0;0;0;NA;91159;0;2020-06-07;5
2020-06-05;"Trnavský kraj";0;0;0;0;NA;91159;0;2020-06-05;5
2020-06-03;"Trnavský kraj";0;0;0;0;NA;91159;0;2020-06-03;5
2020-06-02;"Trnavský kraj";0;0;0;0;NA;91159;0;2020-06-02;5
2020-05-31;"Trnavský kraj";0;0;0;0;NA;91159;0;2020-05-31;5
2020-05-29;"Trnavský kraj";0;0;0;0;NA;91159;0;2020-05-29;5
2020-05-27;"Trnavský kraj";0;0;0;0;NA;91159;0;2020-05-27;5
2020-05-26;"Trnavský kraj";0;0;0;0;NA;91159;0;2020-05-26;5
2020-05-25;"Trnavský kraj";1;0;0;0;NA;91159;1;2020-05-25;5
2020-05-24;"Trnavský kraj";0;0;0;0;NA;91159;0;2020-05-24;4
2020-05-23;"Trnavský kraj";2;0;0;0;NA;91159;2;2020-05-23;4
2020-05-22;"Trnavský kraj";0;0;0;0;NA;91159;0;2020-05-22;2
2020-05-21;"Trnavský kraj";0;0;0;0;NA;91159;0;2020-05-21;2
2020-05-20;"Trnavský kraj";2;0;0;0;NA;91159;2;2020-05-20;2
2020-05-19;"Trnavský kraj";0;0;0;0;NA;91159;0;2020-05-19;0
2020-05-17;"Trnavský kraj";0;0;0;0;NA;91159;0;2020-05-17;0
2020-05-16;"Trnavský kraj";0;0;0;0;NA;91159;0;2020-05-16;0
2020-05-15;"Trnavský kraj";1;0;0;0;NA;91159;1;2020-05-15;0
2020-05-14;"Trnavský kraj";0;0;0;0;NA;91159;0;2020-05-14;-1
2020-05-13;"Trnavský kraj";0;0;0;0;NA;91159;0;2020-05-13;-1
2020-05-12;"Trnavský kraj";0;0;0;0;NA;91159;0;2020-05-12;-1
2020-05-11;"Trnavský kraj";2;0;0;0;NA;91159;2;2020-05-11;-1
2020-05-09;"Trnavský kraj";0;0;0;0;NA;91159;0;2020-05-09;-3
2020-05-07;"Trnavský kraj";0;0;0;0;NA;91159;0;2020-05-07;-3
2020-05-06;"Trnavský kraj";0;0;0;0;NA;91159;0;2020-05-06;-3
2020-05-05;"Trnavský kraj";0;0;0;0;NA;91159;0;2020-05-05;-3
2020-05-04;"Trnavský kraj";0;0;0;0;NA;91159;0;2020-05-04;-3
2020-05-03;"Trnavský kraj";0;0;0;0;NA;91159;0;2020-05-03;-3
2020-05-02;"Trnavský kraj";0;0;0;0;NA;91159;0;2020-05-02;-3
2020-05-01;"Trnavský kraj";0;0;0;0;NA;91159;0;2020-05-01;-3
2020-04-30;"Trnavský kraj";0;0;0;0;NA;91159;0;2020-04-30;-3
2020-04-29;"Trnavský kraj";0;0;0;0;NA;91159;0;2020-04-29;-3
2020-04-28;"Trnavský kraj";1;0;0;0;NA;91159;1;2020-04-28;-3
2020-04-27;"Trnavský kraj";0;0;0;0;NA;91159;0;2020-04-27;-4
2020-04-26;"Trnavský kraj";0;0;0;0;NA;91159;0;2020-04-26;-4
2020-04-25;"Trnavský kraj";2;0;0;0;NA;91159;2;2020-04-25;-4
2020-04-24;"Trnavský kraj";4;0;0;0;NA;91159;4;2020-04-24;-6
2020-04-23;"Trnavský kraj";5;0;0;0;NA;91159;5;2020-04-23;-10
2020-04-22;"Trnavský kraj";10;0;0;0;NA;91159;10;2020-04-22;-15
2020-04-21;"Trnavský kraj";5;0;0;0;NA;91159;5;2020-04-21;-25
2020-04-20;"Trnavský kraj";0;0;0;0;NA;91159;0;2020-04-20;-30
2020-04-19;"Trnavský kraj";1;0;0;0;NA;91159;1;2020-04-19;-30
2020-04-18;"Trnavský kraj";4;0;0;0;NA;91159;4;2020-04-18;-31
2020-04-17;"Trnavský kraj";7;0;0;0;NA;91159;7;2020-04-17;-35
2020-04-16;"Trnavský kraj";5;0;0;0;NA;91159;5;2020-04-16;-42
2020-04-15;"Trnavský kraj";5;0;0;0;NA;91159;5;2020-04-15;-47
2020-04-14;"Trnavský kraj";1;0;0;0;NA;91159;1;2020-04-14;-52
2020-04-13;"Trnavský kraj";0;0;0;0;NA;91159;0;2020-04-13;-53
2020-04-12;"Trnavský kraj";0;0;0;0;NA;91159;0;2020-04-12;-53
2020-04-11;"Trnavský kraj";0;0;0;0;NA;91159;0;2020-04-11;-53
2020-04-10;"Trnavský kraj";2;0;0;0;NA;91159;2;2020-04-10;-53
2020-04-09;"Trnavský kraj";3;0;0;0;NA;91159;3;2020-04-09;-55
2020-04-08;"Trnavský kraj";4;0;0;0;NA;91159;4;2020-04-08;-58
2020-04-07;"Trnavský kraj";6;0;0;0;NA;91159;6;2020-04-07;-62
2020-04-06;"Trnavský kraj";6;0;0;0;NA;91159;6;2020-04-06;-68
2020-04-05;"Trnavský kraj";1;0;0;0;NA;91159;1;2020-04-05;-74
2020-04-04;"Trnavský kraj";1;0;0;0;NA;91159;1;2020-04-04;-75
2020-04-03;"Trnavský kraj";3;0;0;0;NA;91159;3;2020-04-03;-76
2020-04-02;"Trnavský kraj";4;0;0;0;NA;91159;4;2020-04-02;-79
2020-04-01;"Trnavský kraj";0;0;0;0;NA;91159;0;2020-04-01;-83
2020-03-31;"Trnavský kraj";3;0;0;0;NA;91159;3;2020-03-31;-83
2020-03-30;"Trnavský kraj";4;0;0;0;NA;91159;4;2020-03-30;-86
2020-03-29;"Trnavský kraj";1;0;0;0;NA;91159;1;2020-03-29;-90
2020-03-28;"Trnavský kraj";3;0;0;0;NA;91159;3;2020-03-28;-91
2020-03-27;"Trnavský kraj";5;0;0;0;NA;91159;5;2020-03-27;-94
2020-03-26;"Trnavský kraj";5;0;0;0;NA;91159;5;2020-03-26;-99
2020-03-25;"Trnavský kraj";1;0;0;0;NA;91159;1;2020-03-25;-104
2020-03-24;"Trnavský kraj";0;0;0;0;NA;91159;0;2020-03-24;-105
2020-03-23;"Trnavský kraj";2;0;0;0;NA;91159;2;2020-03-23;-105
2020-03-22;"Trnavský kraj";1;0;0;0;NA;91159;1;2020-03-22;-107
2020-03-21;"Trnavský kraj";5;0;0;0;NA;91159;5;2020-03-21;-108
2020-03-20;"Trnavský kraj";0;0;0;0;NA;91159;0;2020-03-20;-113
2020-03-19;"Trnavský kraj";0;0;0;0;NA;91159;0;2020-03-19;-113
2020-03-18;"Trnavský kraj";0;0;0;0;NA;91159;0;2020-03-18;-113
2020-03-17;"Trnavský kraj";3;0;0;0;NA;91159;3;2020-03-17;-113
2020-03-16;"Trnavský kraj";1;0;0;0;NA;91159;1;2020-03-16;-116
2020-03-15;"Trnavský kraj";0;0;0;0;NA;91159;0;2020-03-15;-117
2020-03-14;"Trnavský kraj";0;0;0;0;NA;91159;0;2020-03-14;-117
2020-03-13;"Trnavský kraj";1;0;0;0;NA;91159;1;2020-03-13;-117
2020-03-12;"Trnavský kraj";1;0;0;0;NA;91159;1;2020-03-12;-118
2020-03-11;"Trnavský kraj";0;0;0;0;NA;91159;0;2020-03-11;-119
2020-03-09;"Trnavský kraj";0;0;0;0;NA;91159;0;2020-03-09;-119
2020-03-08;"Trnavský kraj";0;0;0;0;NA;91159;0;2020-03-08;-119
2020-03-07;"Trnavský kraj";0;0;0;0;NA;91159;0;2020-03-07;-119
2020-03-06;"Trnavský kraj";0;0;0;0;NA;91159;0;2020-03-06;-119
2021-09-22;"Žilinský kraj";185;2036;272;2308;59996;111037;457;2021-09-22;111037
2021-09-21;"Žilinský kraj";250;3047;77;3124;NA;111037;327;2021-09-21;110580
2021-09-20;"Žilinský kraj";244;3039;92;3131;NA;111037;336;2021-09-20;110253
2021-09-19;"Žilinský kraj";26;1528;36;1564;NA;111037;62;2021-09-19;109917
2021-09-18;"Žilinský kraj";87;1408;43;1451;NA;111037;130;2021-09-18;109855
2021-09-17;"Žilinský kraj";192;3294;54;3348;NA;111037;246;2021-09-17;109725
2021-09-16;"Žilinský kraj";164;2674;79;2753;NA;111037;243;2021-09-16;109479
2021-09-15;"Žilinský kraj";31;522;10;532;NA;111037;41;2021-09-15;109236
2021-09-14;"Žilinský kraj";155;3604;65;3669;NA;111037;220;2021-09-14;109195
2021-09-13;"Žilinský kraj";81;3180;74;3254;NA;111037;155;2021-09-13;108975
2021-09-12;"Žilinský kraj";9;1090;24;1114;NA;111037;33;2021-09-12;108820
2021-09-11;"Žilinský kraj";47;1291;21;1312;NA;111037;68;2021-09-11;108787
2021-09-10;"Žilinský kraj";66;2379;34;2413;NA;111037;100;2021-09-10;108719
2021-09-09;"Žilinský kraj";56;1717;18;1735;NA;111037;74;2021-09-09;108619
2021-09-08;"Žilinský kraj";68;1520;23;1543;NA;111037;91;2021-09-08;108545
2021-09-07;"Žilinský kraj";72;1770;27;1797;NA;111037;99;2021-09-07;108454
2021-09-06;"Žilinský kraj";31;2368;45;2413;NA;111037;76;2021-09-06;108355
2021-09-05;"Žilinský kraj";11;785;8;793;NA;111037;19;2021-09-05;108279
2021-09-04;"Žilinský kraj";24;1072;5;1077;NA;111037;29;2021-09-04;108260
2021-09-03;"Žilinský kraj";52;2027;28;2055;NA;111037;80;2021-09-03;108231
2021-09-02;"Žilinský kraj";30;1417;22;1439;NA;111037;52;2021-09-02;108151
2021-09-01;"Žilinský kraj";5;453;6;459;NA;111037;11;2021-09-01;108099
2021-08-31;"Žilinský kraj";32;1701;15;1716;NA;111037;47;2021-08-31;108088
2021-08-30;"Žilinský kraj";7;1758;4;1762;NA;111037;11;2021-08-30;108041
2021-08-29;"Žilinský kraj";8;610;5;615;NA;111037;13;2021-08-29;108030
2021-08-28;"Žilinský kraj";2;989;1;990;NA;111037;3;2021-08-28;108017
2021-08-27;"Žilinský kraj";13;1745;12;1757;NA;111037;25;2021-08-27;108014
2021-08-26;"Žilinský kraj";17;1613;7;1620;NA;111037;24;2021-08-26;107989
2021-08-25;"Žilinský kraj";9;1189;11;1200;NA;111037;20;2021-08-25;107965
2021-08-24;"Žilinský kraj";6;1380;9;1389;NA;111037;15;2021-08-24;107945
2021-08-23;"Žilinský kraj";11;1861;7;1868;NA;111037;18;2021-08-23;107930
2021-08-22;"Žilinský kraj";2;714;3;717;NA;111037;5;2021-08-22;107912
2021-08-21;"Žilinský kraj";6;1170;2;1172;NA;111037;8;2021-08-21;107907
2021-08-20;"Žilinský kraj";7;2257;5;2262;NA;111037;12;2021-08-20;107899
2021-08-19;"Žilinský kraj";6;1310;3;1313;NA;111037;9;2021-08-19;107887
2021-08-18;"Žilinský kraj";4;1301;7;1308;NA;111037;11;2021-08-18;107878
2021-08-17;"Žilinský kraj";9;1203;3;1206;NA;111037;12;2021-08-17;107867
2021-08-16;"Žilinský kraj";14;1614;5;1619;NA;111037;19;2021-08-16;107855
2021-08-15;"Žilinský kraj";1;862;2;864;NA;111037;3;2021-08-15;107836
2021-08-14;"Žilinský kraj";5;1179;0;1179;NA;111037;5;2021-08-14;107833
2021-08-13;"Žilinský kraj";6;1654;0;1654;NA;111037;6;2021-08-13;107828
2021-08-12;"Žilinský kraj";4;1224;4;1228;NA;111037;8;2021-08-12;107822
2021-08-11;"Žilinský kraj";13;1235;3;1238;NA;111037;16;2021-08-11;107814
2021-08-10;"Žilinský kraj";12;1277;3;1280;NA;111037;15;2021-08-10;107798
2021-08-09;"Žilinský kraj";9;1117;1;1118;NA;111037;10;2021-08-09;107783
2021-08-08;"Žilinský kraj";1;727;5;732;NA;111037;6;2021-08-08;107773
2021-08-07;"Žilinský kraj";7;1165;1;1166;NA;111037;8;2021-08-07;107767
2021-08-06;"Žilinský kraj";1;1317;0;1317;NA;111037;1;2021-08-06;107759
2021-08-05;"Žilinský kraj";7;1124;3;1127;NA;111037;10;2021-08-05;107758
2021-08-04;"Žilinský kraj";12;853;0;853;NA;111037;12;2021-08-04;107748
2021-08-03;"Žilinský kraj";11;918;0;918;NA;111037;11;2021-08-03;107736
2021-08-02;"Žilinský kraj";5;1513;1;1514;NA;111037;6;2021-08-02;107725
2021-08-01;"Žilinský kraj";0;679;2;681;NA;111037;2;2021-08-01;107719
2021-07-31;"Žilinský kraj";4;1114;0;1114;NA;111037;4;2021-07-31;107717
2021-07-30;"Žilinský kraj";3;1604;0;1604;NA;111037;3;2021-07-30;107713
2021-07-29;"Žilinský kraj";1;1299;0;1299;NA;111037;1;2021-07-29;107710
2021-07-28;"Žilinský kraj";4;901;0;901;NA;111037;4;2021-07-28;107709
2021-07-27;"Žilinský kraj";11;1378;0;1378;NA;111037;11;2021-07-27;107705
2021-07-26;"Žilinský kraj";1;1301;1;1302;NA;111037;2;2021-07-26;107694
2021-07-25;"Žilinský kraj";2;828;2;830;NA;111037;4;2021-07-25;107692
2021-07-24;"Žilinský kraj";2;1338;2;1340;NA;111037;4;2021-07-24;107688
2021-07-23;"Žilinský kraj";4;1750;0;1750;NA;111037;4;2021-07-23;107684
2021-07-22;"Žilinský kraj";2;1207;0;1207;NA;111037;2;2021-07-22;107680
2021-07-21;"Žilinský kraj";2;1021;0;1021;NA;111037;2;2021-07-21;107678
2021-07-20;"Žilinský kraj";4;1439;0;1439;NA;111037;4;2021-07-20;107676
2021-07-19;"Žilinský kraj";4;1763;1;1764;NA;111037;5;2021-07-19;107672
2021-07-18;"Žilinský kraj";0;854;1;855;NA;111037;1;2021-07-18;107667
2021-07-17;"Žilinský kraj";0;1350;0;1350;NA;111037;0;2021-07-17;107666
2021-07-16;"Žilinský kraj";2;1767;0;1767;NA;111037;2;2021-07-16;107666
2021-07-15;"Žilinský kraj";2;1577;0;1577;NA;111037;2;2021-07-15;107664
2021-07-14;"Žilinský kraj";5;1042;1;1043;NA;111037;6;2021-07-14;107662
2021-07-13;"Žilinský kraj";3;1709;1;1710;NA;111037;4;2021-07-13;107656
2021-07-12;"Žilinský kraj";3;1325;1;1326;NA;111037;4;2021-07-12;107652
2021-07-11;"Žilinský kraj";2;989;0;989;NA;111037;2;2021-07-11;107648
2021-07-10;"Žilinský kraj";1;1511;4;1515;NA;111037;5;2021-07-10;107646
2021-07-09;"Žilinský kraj";1;2208;1;2209;NA;111037;2;2021-07-09;107641
2021-07-08;"Žilinský kraj";6;1776;3;1779;NA;111037;9;2021-07-08;107639
2021-07-07;"Žilinský kraj";1;1585;3;1588;NA;111037;4;2021-07-07;107630
2021-07-06;"Žilinský kraj";4;1956;0;1956;NA;111037;4;2021-07-06;107626
2021-07-05;"Žilinský kraj";2;921;1;922;NA;111037;3;2021-07-05;107622
2021-07-04;"Žilinský kraj";0;921;0;921;NA;111037;0;2021-07-04;107619
2021-07-03;"Žilinský kraj";1;1607;1;1608;NA;111037;2;2021-07-03;107619
2021-07-02;"Žilinský kraj";0;3428;3;3431;NA;111037;3;2021-07-02;107617
2021-07-01;"Žilinský kraj";1;1118;0;1118;NA;111037;1;2021-07-01;107614
2021-06-30;"Žilinský kraj";1;10382;6;10388;NA;111037;7;2021-06-30;107613
2021-06-29;"Žilinský kraj";10;5946;0;5946;NA;111037;10;2021-06-29;107606
2021-06-28;"Žilinský kraj";4;6245;2;6247;NA;111037;6;2021-06-28;107596
2021-06-27;"Žilinský kraj";3;4702;1;4703;NA;111037;4;2021-06-27;107590
2021-06-26;"Žilinský kraj";4;5919;0;5919;NA;111037;4;2021-06-26;107586
2021-06-25;"Žilinský kraj";8;9756;5;9761;NA;111037;13;2021-06-25;107582
2021-06-24;"Žilinský kraj";6;5657;3;5660;NA;111037;9;2021-06-24;107569
2021-06-23;"Žilinský kraj";7;5955;10;5965;NA;111037;17;2021-06-23;107560
2021-06-22;"Žilinský kraj";6;5214;8;5222;NA;111037;14;2021-06-22;107543
2021-06-21;"Žilinský kraj";6;6287;8;6295;NA;111037;14;2021-06-21;107529
2021-06-20;"Žilinský kraj";1;5531;8;5539;NA;111037;9;2021-06-20;107515
2021-06-19;"Žilinský kraj";9;8353;2;8355;NA;111037;11;2021-06-19;107506
2021-06-18;"Žilinský kraj";11;10624;12;10636;NA;111037;23;2021-06-18;107495
2021-06-17;"Žilinský kraj";10;6092;12;6104;NA;111037;22;2021-06-17;107472
2021-06-16;"Žilinský kraj";17;5786;11;5797;NA;111037;28;2021-06-16;107450
2021-06-15;"Žilinský kraj";13;5996;13;6009;NA;111037;26;2021-06-15;107422
2021-06-14;"Žilinský kraj";10;7554;21;7575;NA;111037;31;2021-06-14;107396
2021-06-13;"Žilinský kraj";2;6682;9;6691;NA;111037;11;2021-06-13;107365
2021-06-12;"Žilinský kraj";9;8634;11;8645;NA;111037;20;2021-06-12;107354
2021-06-11;"Žilinský kraj";11;11566;14;11580;NA;111037;25;2021-06-11;107334
2021-06-10;"Žilinský kraj";14;6788;14;6802;NA;111037;28;2021-06-10;107309
2021-06-09;"Žilinský kraj";23;5925;14;5939;NA;111037;37;2021-06-09;107281
2021-06-08;"Žilinský kraj";18;6615;16;6631;NA;111037;34;2021-06-08;107244
2021-06-07;"Žilinský kraj";25;8534;21;8555;NA;111037;46;2021-06-07;107210
2021-06-06;"Žilinský kraj";10;8056;27;8083;NA;111037;37;2021-06-06;107164
2021-06-05;"Žilinský kraj";8;9175;10;9185;NA;111037;18;2021-06-05;107127
2021-06-04;"Žilinský kraj";19;12215;34;12249;NA;111037;53;2021-06-04;107109
2021-06-03;"Žilinský kraj";12;7033;33;7066;NA;111037;45;2021-06-03;107056
2021-06-02;"Žilinský kraj";17;7090;28;7118;NA;111037;45;2021-06-02;107011
2021-06-01;"Žilinský kraj";38;8285;46;8331;NA;111037;84;2021-06-01;106966
2021-05-31;"Žilinský kraj";31;9616;59;9675;NA;111037;90;2021-05-31;106882
2021-05-30;"Žilinský kraj";21;9025;35;9060;NA;111037;56;2021-05-30;106792
2021-05-29;"Žilinský kraj";13;11195;23;11218;NA;111037;36;2021-05-29;106736
2021-05-28;"Žilinský kraj";28;13277;30;13307;NA;111037;58;2021-05-28;106700
2021-05-27;"Žilinský kraj";17;8267;39;8306;NA;111037;56;2021-05-27;106642
2021-05-26;"Žilinský kraj";20;8329;25;8354;NA;111037;45;2021-05-26;106586
2021-05-25;"Žilinský kraj";21;9624;38;9662;NA;111037;59;2021-05-25;106541
2021-05-24;"Žilinský kraj";36;11487;57;11544;NA;111037;93;2021-05-24;106482
2021-05-23;"Žilinský kraj";4;10923;56;10979;NA;111037;60;2021-05-23;106389
2021-05-22;"Žilinský kraj";21;11893;28;11921;NA;111037;49;2021-05-22;106329
2021-05-21;"Žilinský kraj";28;15654;50;15704;NA;111037;78;2021-05-21;106280
2021-05-20;"Žilinský kraj";30;9616;30;9646;NA;111037;60;2021-05-20;106202
2021-05-19;"Žilinský kraj";46;8693;41;8734;NA;111037;87;2021-05-19;106142
2021-05-18;"Žilinský kraj";52;10609;44;10653;NA;111037;96;2021-05-18;106055
2021-05-17;"Žilinský kraj";51;12676;84;12760;NA;111037;135;2021-05-17;105959
2021-05-16;"Žilinský kraj";13;14114;42;14156;NA;111037;55;2021-05-16;105824
2021-05-15;"Žilinský kraj";30;18404;35;18439;NA;111037;65;2021-05-15;105769
2021-05-14;"Žilinský kraj";34;21205;82;21287;NA;111037;116;2021-05-14;105704
2021-05-13;"Žilinský kraj";64;11865;51;11916;NA;111037;115;2021-05-13;105588
2021-05-12;"Žilinský kraj";57;10337;51;10388;NA;111037;108;2021-05-12;105473
2021-05-11;"Žilinský kraj";70;12174;51;12225;NA;111037;121;2021-05-11;105365
2021-05-10;"Žilinský kraj";69;16182;72;16254;NA;111037;141;2021-05-10;105244
2021-05-09;"Žilinský kraj";58;20385;77;20462;NA;111037;135;2021-05-09;105103
2021-05-08;"Žilinský kraj";0;24133;63;24196;NA;111037;63;2021-05-08;104968
2021-05-07;"Žilinský kraj";65;26522;87;26609;NA;111037;152;2021-05-07;104905
2021-05-06;"Žilinský kraj";67;16605;72;16677;NA;111037;139;2021-05-06;104753
2021-05-05;"Žilinský kraj";71;13096;73;13169;NA;111037;144;2021-05-05;104614
2021-05-04;"Žilinský kraj";81;16749;80;16829;NA;111037;161;2021-05-04;104470
2021-05-03;"Žilinský kraj";97;20391;111;20502;NA;111037;208;2021-05-03;104309
2021-05-02;"Žilinský kraj";8;28886;64;28950;NA;111037;72;2021-05-02;104101
2021-05-01;"Žilinský kraj";65;55053;105;55158;NA;111037;170;2021-05-01;104029
2021-04-30;"Žilinský kraj";84;44000;117;44117;NA;111037;201;2021-04-30;103859
2021-04-29;"Žilinský kraj";77;24566;101;24667;NA;111037;178;2021-04-29;103658
2021-04-28;"Žilinský kraj";76;19214;91;19305;NA;111037;167;2021-04-28;103480
2021-04-27;"Žilinský kraj";97;21805;110;21915;NA;111037;207;2021-04-27;103313
2021-04-26;"Žilinský kraj";114;27412;136;27548;NA;111037;250;2021-04-26;103106
2021-04-25;"Žilinský kraj";38;35750;82;35832;NA;111037;120;2021-04-25;102856
2021-04-24;"Žilinský kraj";93;78854;157;79011;NA;111037;250;2021-04-24;102736
2021-04-23;"Žilinský kraj";144;49440;153;49593;NA;111037;297;2021-04-23;102486
2021-04-22;"Žilinský kraj";110;25224;132;25356;NA;111037;242;2021-04-22;102189
2021-04-21;"Žilinský kraj";118;20616;145;20761;NA;111037;263;2021-04-21;101947
2021-04-20;"Žilinský kraj";128;23873;136;24009;NA;111037;264;2021-04-20;101684
2021-04-19;"Žilinský kraj";164;32773;210;32983;NA;111037;374;2021-04-19;101420
2021-04-18;"Žilinský kraj";18;36767;91;36858;NA;111037;109;2021-04-18;101046
2021-04-17;"Žilinský kraj";108;89377;156;89533;NA;111037;264;2021-04-17;100937
2021-04-16;"Žilinský kraj";185;47847;208;48055;NA;111037;393;2021-04-16;100673
2021-04-15;"Žilinský kraj";108;24830;130;24960;NA;111037;238;2021-04-15;100280
2021-04-14;"Žilinský kraj";135;23145;145;23290;NA;111037;280;2021-04-14;100042
2021-04-13;"Žilinský kraj";171;25050;135;25185;NA;111037;306;2021-04-13;99762
2021-04-12;"Žilinský kraj";266;30794;189;30983;NA;111037;455;2021-04-12;99456
2021-04-11;"Žilinský kraj";19;37126;107;37233;NA;111037;126;2021-04-11;99001
2021-04-10;"Žilinský kraj";111;86284;237;86521;NA;111037;348;2021-04-10;98875
2021-04-09;"Žilinský kraj";195;41973;206;42179;NA;111037;401;2021-04-09;98527
2021-04-08;"Žilinský kraj";179;24404;141;24545;NA;111037;320;2021-04-08;98126
2021-04-07;"Žilinský kraj";309;28651;174;28825;NA;111037;483;2021-04-07;97806
2021-04-06;"Žilinský kraj";308;40107;301;40408;NA;111037;609;2021-04-06;97323
2021-04-05;"Žilinský kraj";17;14747;140;14887;NA;111037;157;2021-04-05;96714
2021-04-04;"Žilinský kraj";17;16284;69;16353;NA;111037;86;2021-04-04;96557
2021-04-03;"Žilinský kraj";180;100699;403;101102;NA;111037;583;2021-04-03;96471
2021-04-02;"Žilinský kraj";73;22411;83;22494;NA;111037;156;2021-04-02;95888
2021-04-01;"Žilinský kraj";334;43264;240;43504;NA;111037;574;2021-04-01;95732
2021-03-31;"Žilinský kraj";170;31635;247;31882;NA;111037;417;2021-03-31;95158
2021-03-30;"Žilinský kraj";406;26323;243;26566;NA;111037;649;2021-03-30;94741
2021-03-29;"Žilinský kraj";297;28029;268;28297;NA;111037;565;2021-03-29;94092
2021-03-28;"Žilinský kraj";21;36206;239;36445;NA;111037;260;2021-03-28;93527
2021-03-27;"Žilinský kraj";151;89107;353;89460;NA;111037;504;2021-03-27;93267
2021-03-26;"Žilinský kraj";312;51757;330;52087;NA;111037;642;2021-03-26;92763
2021-03-25;"Žilinský kraj";281;27619;214;27833;NA;111037;495;2021-03-25;92121
2021-03-24;"Žilinský kraj";280;21268;260;21528;NA;111037;540;2021-03-24;91626
2021-03-23;"Žilinský kraj";418;23193;278;23471;NA;111037;696;2021-03-23;91086
2021-03-22;"Žilinský kraj";293;29289;314;29603;NA;111037;607;2021-03-22;90390
2021-03-21;"Žilinský kraj";32;33705;227;33932;NA;111037;259;2021-03-21;89783
2021-03-20;"Žilinský kraj";165;93015;497;93512;NA;111037;662;2021-03-20;89524
2021-03-19;"Žilinský kraj";357;51988;414;52402;NA;111037;771;2021-03-19;88862
2021-03-18;"Žilinský kraj";329;28459;294;28753;NA;111037;623;2021-03-18;88091
2021-03-17;"Žilinský kraj";395;21919;269;22188;NA;111037;664;2021-03-17;87468
2021-03-16;"Žilinský kraj";514;24341;317;24658;NA;111037;831;2021-03-16;86804
2021-03-15;"Žilinský kraj";341;29613;419;30032;NA;111037;760;2021-03-15;85973
2021-03-14;"Žilinský kraj";87;34121;267;34388;NA;111037;354;2021-03-14;85213
2021-03-13;"Žilinský kraj";113;93386;581;93967;NA;111037;694;2021-03-13;84859
2021-03-12;"Žilinský kraj";520;52329;411;52740;NA;111037;931;2021-03-12;84165
2021-03-11;"Žilinský kraj";399;28189;302;28491;NA;111037;701;2021-03-11;83234
2021-03-10;"Žilinský kraj";368;22414;378;22792;NA;111037;746;2021-03-10;82533
2021-03-09;"Žilinský kraj";537;24857;316;25173;NA;111037;853;2021-03-09;81787
2021-03-08;"Žilinský kraj";387;30873;458;31331;NA;111037;845;2021-03-08;80934
2021-03-07;"Žilinský kraj";48;33469;290;33759;NA;111037;338;2021-03-07;80089
2021-03-06;"Žilinský kraj";173;92410;589;92999;NA;111037;762;2021-03-06;79751
2021-03-05;"Žilinský kraj";369;51987;484;52471;NA;111037;853;2021-03-05;78989
2021-03-04;"Žilinský kraj";467;30037;377;30414;NA;111037;844;2021-03-04;78136
2021-03-03;"Žilinský kraj";448;26261;394;26655;NA;111037;842;2021-03-03;77292
2021-03-02;"Žilinský kraj";551;25913;378;26291;NA;111037;929;2021-03-02;76450
2021-03-01;"Žilinský kraj";375;30498;441;30939;NA;111037;816;2021-03-01;75521
2021-02-28;"Žilinský kraj";61;34802;327;35129;NA;111037;388;2021-02-28;74705
2021-02-27;"Žilinský kraj";159;83781;639;84420;NA;111037;798;2021-02-27;74317
2021-02-26;"Žilinský kraj";459;47500;508;48008;NA;111037;967;2021-02-26;73519
2021-02-25;"Žilinský kraj";347;30879;393;31272;NA;111037;740;2021-02-25;72552
2021-02-24;"Žilinský kraj";339;18760;395;19155;NA;111037;734;2021-02-24;71812
2021-02-23;"Žilinský kraj";437;22172;418;22590;NA;111037;855;2021-02-23;71078
2021-02-22;"Žilinský kraj";345;29270;438;29708;NA;111037;783;2021-02-22;70223
2021-02-21;"Žilinský kraj";36;28686;322;29008;NA;111037;358;2021-02-21;69440
2021-02-20;"Žilinský kraj";152;89944;671;90615;NA;111037;823;2021-02-20;69082
2021-02-19;"Žilinský kraj";337;45541;417;45958;NA;111037;754;2021-02-19;68259
2021-02-18;"Žilinský kraj";263;24662;337;24999;NA;111037;600;2021-02-18;67505
2021-02-17;"Žilinský kraj";269;17932;355;18287;NA;111037;624;2021-02-17;66905
2021-02-16;"Žilinský kraj";321;24298;325;24623;NA;111037;646;2021-02-16;66281
2021-02-15;"Žilinský kraj";230;30420;311;30731;NA;111037;541;2021-02-15;65635
2021-02-14;"Žilinský kraj";30;28574;231;28805;NA;111037;261;2021-02-14;65094
2021-02-13;"Žilinský kraj";91;69638;453;70091;NA;111037;544;2021-02-13;64833
2021-02-12;"Žilinský kraj";242;43338;336;43674;NA;111037;578;2021-02-12;64289
2021-02-11;"Žilinský kraj";228;23521;300;23821;NA;111037;528;2021-02-11;63711
2021-02-10;"Žilinský kraj";259;17894;267;18161;NA;111037;526;2021-02-10;63183
2021-02-09;"Žilinský kraj";377;24784;274;25058;NA;111037;651;2021-02-09;62657
2021-02-08;"Žilinský kraj";160;41375;390;41765;NA;111037;550;2021-02-08;62006
2021-02-07;"Žilinský kraj";24;46446;252;46698;NA;111037;276;2021-02-07;61456
2021-02-06;"Žilinský kraj";71;72880;367;73247;NA;111037;438;2021-02-06;61180
2021-02-05;"Žilinský kraj";248;31869;323;32192;NA;111037;571;2021-02-05;60742
2021-02-04;"Žilinský kraj";238;13240;258;13498;NA;111037;496;2021-02-04;60171
2021-02-03;"Žilinský kraj";194;9186;255;9441;NA;111037;449;2021-02-03;59675
2021-02-02;"Žilinský kraj";216;9280;272;9552;NA;111037;488;2021-02-02;59226
2021-02-01;"Žilinský kraj";220;19690;370;20060;NA;111037;590;2021-02-01;58738
2021-01-31;"Žilinský kraj";11;2652;27;2679;NA;111037;38;2021-01-31;58148
2021-01-30;"Žilinský kraj";85;18447;187;18634;NA;111037;272;2021-01-30;58110
2021-01-29;"Žilinský kraj";209;22891;304;23195;NA;111037;513;2021-01-29;57838
2021-01-28;"Žilinský kraj";240;5533;172;5705;NA;111037;412;2021-01-28;57325
2021-01-27;"Žilinský kraj";256;6725;119;6844;NA;111037;375;2021-01-27;56913
2021-01-26;"Žilinský kraj";245;49781;348;50129;NA;111037;593;2021-01-26;56538
2021-01-25;"Žilinský kraj";159;21245;150;21395;NA;111037;309;2021-01-25;55945
2021-01-24;"Žilinský kraj";22;55835;268;56103;NA;111037;290;2021-01-24;55636
2021-01-23;"Žilinský kraj";91;101730;444;102174;NA;111037;535;2021-01-23;55346
2021-01-22;"Žilinský kraj";163;32160;237;32397;NA;111037;400;2021-01-22;54811
2021-01-21;"Žilinský kraj";116;19828;181;20009;NA;111037;297;2021-01-21;54411
2021-01-20;"Žilinský kraj";236;17126;159;17285;NA;111037;395;2021-01-20;54114
2021-01-19;"Žilinský kraj";245;15730;285;16015;NA;111037;530;2021-01-19;53719
2021-01-18;"Žilinský kraj";236;12685;326;13011;NA;111037;562;2021-01-18;53189
2021-01-17;"Žilinský kraj";95;147;8;155;NA;111037;103;2021-01-17;52627
2021-01-16;"Žilinský kraj";14;516;31;547;NA;111037;45;2021-01-16;52524
2021-01-15;"Žilinský kraj";248;7486;209;7695;NA;111037;457;2021-01-15;52479
2021-01-14;"Žilinský kraj";166;5319;239;5558;NA;111037;405;2021-01-14;52022
2021-01-13;"Žilinský kraj";247;11263;557;11820;NA;111037;804;2021-01-13;51617
2021-01-12;"Žilinský kraj";376;8410;385;8795;NA;111037;761;2021-01-12;50813
2021-01-11;"Žilinský kraj";351;10058;465;10523;NA;111037;816;2021-01-11;50052
2021-01-10;"Žilinský kraj";38;229;6;235;NA;111037;44;2021-01-10;49236
2021-01-09;"Žilinský kraj";192;1282;60;1342;NA;111037;252;2021-01-09;49192
2021-01-08;"Žilinský kraj";413;8721;462;9183;NA;111037;875;2021-01-08;48940
2021-01-07;"Žilinský kraj";438;23407;1872;25279;NA;111037;2310;2021-01-07;48065
2021-01-06;"Žilinský kraj";145;1076;67;1143;NA;111037;212;2021-01-06;45755
2021-01-05;"Žilinský kraj";717;10227;796;11023;NA;111037;1513;2021-01-05;45543
2021-01-04;"Žilinský kraj";479;9313;893;10206;NA;111037;1372;2021-01-04;44030
2021-01-03;"Žilinský kraj";13;1006;107;1113;NA;111037;120;2021-01-03;42658
2021-01-02;"Žilinský kraj";98;789;91;880;NA;111037;189;2021-01-02;42538
2021-01-01;"Žilinský kraj";118;241;13;254;NA;111037;131;2021-01-01;42349
2020-12-31;"Žilinský kraj";395;9626;784;10410;NA;111037;1179;2020-12-31;42218
2020-12-30;"Žilinský kraj";1038;11781;823;12604;NA;111037;1861;2020-12-30;41039
2020-12-29;"Žilinský kraj";256;10159;979;11138;NA;111037;1235;2020-12-29;39178
2020-12-28;"Žilinský kraj";406;10704;976;11680;NA;111037;1382;2020-12-28;37943
2020-12-27;"Žilinský kraj";40;684;94;778;NA;111037;134;2020-12-27;36561
2020-12-26;"Žilinský kraj";135;593;48;641;NA;111037;183;2020-12-26;36427
2020-12-25;"Žilinský kraj";66;83;9;92;NA;111037;75;2020-12-25;36244
2020-12-24;"Žilinský kraj";643;667;55;722;NA;111037;698;2020-12-24;36169
2020-12-23;"Žilinský kraj";228;16229;975;17204;NA;111037;1203;2020-12-23;35471
2020-12-22;"Žilinský kraj";519;13483;988;14471;NA;111037;1507;2020-12-22;34268
2020-12-21;"Žilinský kraj";444;12429;1078;13507;NA;111037;1522;2020-12-21;32761
2020-12-20;"Žilinský kraj";36;598;80;678;NA;111037;116;2020-12-20;31239
2020-12-19;"Žilinský kraj";208;1678;127;1805;NA;111037;335;2020-12-19;31123
2020-12-18;"Žilinský kraj";333;6553;370;6923;NA;111037;703;2020-12-18;30788
2020-12-17;"Žilinský kraj";500;3922;262;4184;NA;111037;762;2020-12-17;30085
2020-12-16;"Žilinský kraj";333;3815;267;4082;NA;111037;600;2020-12-16;29323
2020-12-15;"Žilinský kraj";528;3729;340;4069;NA;111037;868;2020-12-15;28723
2020-12-14;"Žilinský kraj";321;3884;309;4193;NA;111037;630;2020-12-14;27855
2020-12-13;"Žilinský kraj";26;494;66;560;NA;111037;92;2020-12-13;27225
2020-12-12;"Žilinský kraj";95;767;46;813;NA;111037;141;2020-12-12;27133
2020-12-11;"Žilinský kraj";455;3938;227;4165;NA;111037;682;2020-12-11;26992
2020-12-10;"Žilinský kraj";166;9129;838;9967;NA;111037;1004;2020-12-10;26310
2020-12-09;"Žilinský kraj";392;2169;132;2301;NA;111037;524;2020-12-09;25306
2020-12-08;"Žilinský kraj";331;3127;101;3228;NA;111037;432;2020-12-08;24782
2020-12-07;"Žilinský kraj";348;2746;162;2908;NA;111037;510;2020-12-07;24350
2020-12-06;"Žilinský kraj";15;128;6;134;NA;111037;21;2020-12-06;23840
2020-12-05;"Žilinský kraj";98;781;41;822;NA;111037;139;2020-12-05;23819
2020-12-04;"Žilinský kraj";228;3091;107;3198;NA;111037;335;2020-12-04;23680
2020-12-03;"Žilinský kraj";237;1609;115;1724;NA;111037;352;2020-12-03;23345
2020-12-02;"Žilinský kraj";181;1710;94;1804;NA;111037;275;2020-12-02;22993
2020-12-01;"Žilinský kraj";209;6239;284;6523;NA;111037;493;2020-12-01;22718
2020-11-30;"Žilinský kraj";203;5326;305;5631;NA;111037;508;2020-11-30;22225
2020-11-29;"Žilinský kraj";18;81;7;88;NA;111037;25;2020-11-29;21717
2020-11-28;"Žilinský kraj";99;349;15;364;NA;111037;114;2020-11-28;21692
2020-11-27;"Žilinský kraj";218;904;46;950;NA;111037;264;2020-11-27;21578
2020-11-26;"Žilinský kraj";190;1041;54;1095;NA;111037;244;2020-11-26;21314
2020-11-25;"Žilinský kraj";225;1217;49;1266;NA;111037;274;2020-11-25;21070
2020-11-24;"Žilinský kraj";213;2139;67;2206;NA;111037;280;2020-11-24;20796
2020-11-23;"Žilinský kraj";170;759;44;803;NA;111037;214;2020-11-23;20516
2020-11-22;"Žilinský kraj";11;67;2;69;NA;111037;13;2020-11-22;20302
2020-11-21;"Žilinský kraj";61;505;20;525;NA;111037;81;2020-11-21;20289
2020-11-20;"Žilinský kraj";251;1074;45;1119;NA;111037;296;2020-11-20;20208
2020-11-19;"Žilinský kraj";252;752;61;813;NA;111037;313;2020-11-19;19912
2020-11-18;"Žilinský kraj";346;348;15;363;NA;111037;361;2020-11-18;19599
2020-11-17;"Žilinský kraj";123;490;15;505;NA;111037;138;2020-11-17;19238
2020-11-16;"Žilinský kraj";227;247;15;262;NA;111037;242;2020-11-16;19100
2020-11-15;"Žilinský kraj";63;13;0;13;NA;111037;63;2020-11-15;18858
2020-11-14;"Žilinský kraj";189;1038;11;1049;NA;111037;200;2020-11-14;18795
2020-11-13;"Žilinský kraj";181;125;9;134;NA;111037;190;2020-11-13;18595
2020-11-12;"Žilinský kraj";334;79;2;81;NA;111037;336;2020-11-12;18405
2020-11-11;"Žilinský kraj";489;147;10;157;NA;111037;499;2020-11-11;18069
2020-11-10;"Žilinský kraj";374;519;9;528;NA;111037;383;2020-11-10;17570
2020-11-09;"Žilinský kraj";143;2335;30;2365;NA;111037;173;2020-11-09;17187
2020-11-08;"Žilinský kraj";59;2538;37;2575;NA;111037;96;2020-11-08;17014
2020-11-07;"Žilinský kraj";312;8175;88;8263;NA;111037;400;2020-11-07;16918
2020-11-06;"Žilinský kraj";503;4090;38;4128;NA;111037;541;2020-11-06;16518
2020-11-05;"Žilinský kraj";473;64;4;68;NA;111037;477;2020-11-05;15977
2020-11-04;"Žilinský kraj";423;178;10;188;NA;111037;433;2020-11-04;15500
2020-11-03;"Žilinský kraj";688;889;16;905;NA;111037;704;2020-11-03;15067
2020-11-02;"Žilinský kraj";472;1043;39;1082;NA;111037;511;2020-11-02;14363
2020-11-01;"Žilinský kraj";349;5096;130;5226;NA;111037;479;2020-11-01;13852
2020-10-31;"Žilinský kraj";661;7963;203;8166;NA;111037;864;2020-10-31;13373
2020-10-30;"Žilinský kraj";529;2575;61;2636;NA;111037;590;2020-10-30;12509
2020-10-29;"Žilinský kraj";740;503;17;520;NA;111037;757;2020-10-29;11919
2020-10-28;"Žilinský kraj";635;105;11;116;NA;111037;646;2020-10-28;11162
2020-10-27;"Žilinský kraj";355;154;24;178;NA;111037;379;2020-10-27;10516
2020-10-26;"Žilinský kraj";148;117;28;145;NA;111037;176;2020-10-26;10137
2020-10-25;"Žilinský kraj";436;0;0;0;NA;111037;436;2020-10-25;9961
2020-10-24;"Žilinský kraj";803;0;0;0;NA;111037;803;2020-10-24;9525
2020-10-23;"Žilinský kraj";659;102;13;115;NA;111037;672;2020-10-23;8722
2020-10-22;"Žilinský kraj";525;33;3;36;NA;111037;528;2020-10-22;8050
2020-10-21;"Žilinský kraj";478;74;14;88;NA;111037;492;2020-10-21;7522
2020-10-20;"Žilinský kraj";524;127;8;135;NA;111037;532;2020-10-20;7030
2020-10-19;"Žilinský kraj";70;80;12;92;NA;111037;82;2020-10-19;6498
2020-10-18;"Žilinský kraj";159;0;0;0;NA;111037;159;2020-10-18;6416
2020-10-17;"Žilinský kraj";509;0;0;0;NA;111037;509;2020-10-17;6257
2020-10-16;"Žilinský kraj";603;51;9;60;NA;111037;612;2020-10-16;5748
2020-10-15;"Žilinský kraj";679;61;3;64;NA;111037;682;2020-10-15;5136
2020-10-14;"Žilinský kraj";523;269;6;275;NA;111037;529;2020-10-14;4454
2020-10-13;"Žilinský kraj";367;458;40;498;NA;111037;407;2020-10-13;3925
2020-10-12;"Žilinský kraj";62;0;0;0;NA;111037;62;2020-10-12;3518
2020-10-11;"Žilinský kraj";50;0;0;0;NA;111037;50;2020-10-11;3456
2020-10-10;"Žilinský kraj";213;0;0;0;NA;111037;213;2020-10-10;3406
2020-10-09;"Žilinský kraj";543;0;0;0;NA;111037;543;2020-10-09;3193
2020-10-08;"Žilinský kraj";238;0;0;0;NA;111037;238;2020-10-08;2650
2020-10-07;"Žilinský kraj";168;0;0;0;NA;111037;168;2020-10-07;2412
2020-10-06;"Žilinský kraj";233;0;0;0;NA;111037;233;2020-10-06;2244
2020-10-05;"Žilinský kraj";33;0;0;0;NA;111037;33;2020-10-05;2011
2020-10-04;"Žilinský kraj";35;0;0;0;NA;111037;35;2020-10-04;1978
2020-10-03;"Žilinský kraj";155;0;0;0;NA;111037;155;2020-10-03;1943
2020-10-02;"Žilinský kraj";105;0;0;0;NA;111037;105;2020-10-02;1788
2020-10-01;"Žilinský kraj";147;0;0;0;NA;111037;147;2020-10-01;1683
2020-09-30;"Žilinský kraj";163;0;0;0;NA;111037;163;2020-09-30;1536
2020-09-29;"Žilinský kraj";105;0;0;0;NA;111037;105;2020-09-29;1373
2020-09-28;"Žilinský kraj";34;0;0;0;NA;111037;34;2020-09-28;1268
2020-09-27;"Žilinský kraj";108;0;0;0;NA;111037;108;2020-09-27;1234
2020-09-26;"Žilinský kraj";96;0;0;0;NA;111037;96;2020-09-26;1126
2020-09-25;"Žilinský kraj";69;0;0;0;NA;111037;69;2020-09-25;1030
2020-09-24;"Žilinský kraj";100;0;0;0;NA;111037;100;2020-09-24;961
2020-09-23;"Žilinský kraj";65;0;0;0;NA;111037;65;2020-09-23;861
2020-09-22;"Žilinský kraj";65;0;0;0;NA;111037;65;2020-09-22;796
2020-09-21;"Žilinský kraj";47;0;0;0;NA;111037;47;2020-09-21;731
2020-09-20;"Žilinský kraj";4;0;0;0;NA;111037;4;2020-09-20;684
2020-09-19;"Žilinský kraj";6;0;0;0;NA;111037;6;2020-09-19;680
2020-09-18;"Žilinský kraj";82;0;0;0;NA;111037;82;2020-09-18;674
2020-09-17;"Žilinský kraj";30;0;0;0;NA;111037;30;2020-09-17;592
2020-09-16;"Žilinský kraj";34;0;0;0;NA;111037;34;2020-09-16;562
2020-09-15;"Žilinský kraj";12;0;0;0;NA;111037;12;2020-09-15;528
2020-09-14;"Žilinský kraj";39;0;0;0;NA;111037;39;2020-09-14;516
2020-09-13;"Žilinský kraj";6;0;0;0;NA;111037;6;2020-09-13;477
2020-09-12;"Žilinský kraj";4;0;0;0;NA;111037;4;2020-09-12;471
2020-09-11;"Žilinský kraj";31;0;0;0;NA;111037;31;2020-09-11;467
2020-09-10;"Žilinský kraj";31;0;0;0;NA;111037;31;2020-09-10;436
2020-09-09;"Žilinský kraj";23;0;0;0;NA;111037;23;2020-09-09;405
2020-09-08;"Žilinský kraj";25;0;0;0;NA;111037;25;2020-09-08;382
2020-09-07;"Žilinský kraj";11;0;0;0;NA;111037;11;2020-09-07;357
2020-09-06;"Žilinský kraj";0;0;0;0;NA;111037;0;2020-09-06;346
2020-09-05;"Žilinský kraj";2;0;0;0;NA;111037;2;2020-09-05;346
2020-09-04;"Žilinský kraj";33;0;0;0;NA;111037;33;2020-09-04;344
2020-09-03;"Žilinský kraj";18;0;0;0;NA;111037;18;2020-09-03;311
2020-09-02;"Žilinský kraj";16;0;0;0;NA;111037;16;2020-09-02;293
2020-09-01;"Žilinský kraj";4;0;0;0;NA;111037;4;2020-09-01;277
2020-08-31;"Žilinský kraj";5;0;0;0;NA;111037;5;2020-08-31;273
2020-08-30;"Žilinský kraj";3;0;0;0;NA;111037;3;2020-08-30;268
2020-08-29;"Žilinský kraj";5;0;0;0;NA;111037;5;2020-08-29;265
2020-08-28;"Žilinský kraj";13;0;0;0;NA;111037;13;2020-08-28;260
2020-08-27;"Žilinský kraj";18;0;0;0;NA;111037;18;2020-08-27;247
2020-08-26;"Žilinský kraj";8;0;0;0;NA;111037;8;2020-08-26;229
2020-08-25;"Žilinský kraj";2;0;0;0;NA;111037;2;2020-08-25;221
2020-08-24;"Žilinský kraj";5;0;0;0;NA;111037;5;2020-08-24;219
2020-08-23;"Žilinský kraj";0;0;0;0;NA;111037;0;2020-08-23;214
2020-08-22;"Žilinský kraj";0;0;0;0;NA;111037;0;2020-08-22;214
2020-08-21;"Žilinský kraj";10;0;0;0;NA;111037;10;2020-08-21;214
2020-08-20;"Žilinský kraj";13;0;0;0;NA;111037;13;2020-08-20;204
2020-08-19;"Žilinský kraj";7;0;0;0;NA;111037;7;2020-08-19;191
2020-08-18;"Žilinský kraj";9;0;0;0;NA;111037;9;2020-08-18;184
2020-08-17;"Žilinský kraj";1;0;0;0;NA;111037;1;2020-08-17;175
2020-08-16;"Žilinský kraj";0;0;0;0;NA;111037;0;2020-08-16;174
2020-08-15;"Žilinský kraj";0;0;0;0;NA;111037;0;2020-08-15;174
2020-08-14;"Žilinský kraj";4;0;0;0;NA;111037;4;2020-08-14;174
2020-08-13;"Žilinský kraj";2;0;0;0;NA;111037;2;2020-08-13;170
2020-08-12;"Žilinský kraj";0;0;0;0;NA;111037;0;2020-08-12;168
2020-08-11;"Žilinský kraj";4;0;0;0;NA;111037;4;2020-08-11;168
2020-08-10;"Žilinský kraj";1;0;0;0;NA;111037;1;2020-08-10;164
2020-08-09;"Žilinský kraj";0;0;0;0;NA;111037;0;2020-08-09;163
2020-08-08;"Žilinský kraj";3;0;0;0;NA;111037;3;2020-08-08;163
2020-08-07;"Žilinský kraj";8;0;0;0;NA;111037;8;2020-08-07;160
2020-08-06;"Žilinský kraj";1;0;0;0;NA;111037;1;2020-08-06;152
2020-08-05;"Žilinský kraj";1;0;0;0;NA;111037;1;2020-08-05;151
2020-08-04;"Žilinský kraj";2;0;0;0;NA;111037;2;2020-08-04;150
2020-08-03;"Žilinský kraj";0;0;0;0;NA;111037;0;2020-08-03;148
2020-08-02;"Žilinský kraj";1;0;0;0;NA;111037;1;2020-08-02;148
2020-08-01;"Žilinský kraj";0;0;0;0;NA;111037;0;2020-08-01;147
2020-07-31;"Žilinský kraj";4;0;0;0;NA;111037;4;2020-07-31;147
2020-07-30;"Žilinský kraj";2;0;0;0;NA;111037;2;2020-07-30;143
2020-07-29;"Žilinský kraj";2;0;0;0;NA;111037;2;2020-07-29;141
2020-07-28;"Žilinský kraj";4;0;0;0;NA;111037;4;2020-07-28;139
2020-07-27;"Žilinský kraj";6;0;0;0;NA;111037;6;2020-07-27;135
2020-07-26;"Žilinský kraj";0;0;0;0;NA;111037;0;2020-07-26;129
2020-07-25;"Žilinský kraj";0;0;0;0;NA;111037;0;2020-07-25;129
2020-07-24;"Žilinský kraj";2;0;0;0;NA;111037;2;2020-07-24;129
2020-07-23;"Žilinský kraj";0;0;0;0;NA;111037;0;2020-07-23;127
2020-07-22;"Žilinský kraj";1;0;0;0;NA;111037;1;2020-07-22;127
2020-07-21;"Žilinský kraj";2;0;0;0;NA;111037;2;2020-07-21;126
2020-07-20;"Žilinský kraj";3;0;0;0;NA;111037;3;2020-07-20;124
2020-07-19;"Žilinský kraj";0;0;0;0;NA;111037;0;2020-07-19;121
2020-07-18;"Žilinský kraj";0;0;0;0;NA;111037;0;2020-07-18;121
2020-07-17;"Žilinský kraj";2;0;0;0;NA;111037;2;2020-07-17;121
2020-07-16;"Žilinský kraj";2;0;0;0;NA;111037;2;2020-07-16;119
2020-07-15;"Žilinský kraj";2;0;0;0;NA;111037;2;2020-07-15;117
2020-07-14;"Žilinský kraj";1;0;0;0;NA;111037;1;2020-07-14;115
2020-07-13;"Žilinský kraj";0;0;0;0;NA;111037;0;2020-07-13;114
2020-07-12;"Žilinský kraj";0;0;0;0;NA;111037;0;2020-07-12;114
2020-07-11;"Žilinský kraj";2;0;0;0;NA;111037;2;2020-07-11;114
2020-07-10;"Žilinský kraj";3;0;0;0;NA;111037;3;2020-07-10;112
2020-07-09;"Žilinský kraj";2;0;0;0;NA;111037;2;2020-07-09;109
2020-07-08;"Žilinský kraj";10;0;0;0;NA;111037;10;2020-07-08;107
2020-07-07;"Žilinský kraj";7;0;0;0;NA;111037;7;2020-07-07;97
2020-07-06;"Žilinský kraj";0;0;0;0;NA;111037;0;2020-07-06;90
2020-07-05;"Žilinský kraj";0;0;0;0;NA;111037;0;2020-07-05;90
2020-07-04;"Žilinský kraj";10;0;0;0;NA;111037;10;2020-07-04;90
2020-07-03;"Žilinský kraj";18;0;0;0;NA;111037;18;2020-07-03;80
2020-07-02;"Žilinský kraj";7;0;0;0;NA;111037;7;2020-07-02;62
2020-07-01;"Žilinský kraj";0;0;0;0;NA;111037;0;2020-07-01;55
2020-06-30;"Žilinský kraj";4;0;0;0;NA;111037;4;2020-06-30;55
2020-06-29;"Žilinský kraj";0;0;0;0;NA;111037;0;2020-06-29;51
2020-06-28;"Žilinský kraj";1;0;0;0;NA;111037;1;2020-06-28;51
2020-06-27;"Žilinský kraj";3;0;0;0;NA;111037;3;2020-06-27;50
2020-06-26;"Žilinský kraj";5;0;0;0;NA;111037;5;2020-06-26;47
2020-06-25;"Žilinský kraj";7;0;0;0;NA;111037;7;2020-06-25;42
2020-06-24;"Žilinský kraj";11;0;0;0;NA;111037;11;2020-06-24;35
2020-06-23;"Žilinský kraj";9;0;0;0;NA;111037;9;2020-06-23;24
2020-06-22;"Žilinský kraj";0;0;0;0;NA;111037;0;2020-06-22;15
2020-06-21;"Žilinský kraj";1;0;0;0;NA;111037;1;2020-06-21;15
2020-06-20;"Žilinský kraj";1;0;0;0;NA;111037;1;2020-06-20;14
2020-06-19;"Žilinský kraj";4;0;0;0;NA;111037;4;2020-06-19;13
2020-06-18;"Žilinský kraj";1;0;0;0;NA;111037;1;2020-06-18;9
2020-06-17;"Žilinský kraj";0;0;0;0;NA;111037;0;2020-06-17;8
2020-06-16;"Žilinský kraj";1;0;0;0;NA;111037;1;2020-06-16;8
2020-06-14;"Žilinský kraj";0;0;0;0;NA;111037;0;2020-06-14;7
2020-06-13;"Žilinský kraj";0;0;0;0;NA;111037;0;2020-06-13;7
2020-06-12;"Žilinský kraj";0;0;0;0;NA;111037;0;2020-06-12;7
2020-06-11;"Žilinský kraj";0;0;0;0;NA;111037;0;2020-06-11;7
2020-06-10;"Žilinský kraj";0;0;0;0;NA;111037;0;2020-06-10;7
2020-06-09;"Žilinský kraj";1;0;0;0;NA;111037;1;2020-06-09;7
2020-06-08;"Žilinský kraj";0;0;0;0;NA;111037;0;2020-06-08;6
2020-06-07;"Žilinský kraj";0;0;0;0;NA;111037;0;2020-06-07;6
2020-06-05;"Žilinský kraj";0;0;0;0;NA;111037;0;2020-06-05;6
2020-06-03;"Žilinský kraj";0;0;0;0;NA;111037;0;2020-06-03;6
2020-06-02;"Žilinský kraj";0;0;0;0;NA;111037;0;2020-06-02;6
2020-05-31;"Žilinský kraj";0;0;0;0;NA;111037;0;2020-05-31;6
2020-05-29;"Žilinský kraj";0;0;0;0;NA;111037;0;2020-05-29;6
2020-05-27;"Žilinský kraj";1;0;0;0;NA;111037;1;2020-05-27;6
2020-05-26;"Žilinský kraj";1;0;0;0;NA;111037;1;2020-05-26;5
2020-05-25;"Žilinský kraj";0;0;0;0;NA;111037;0;2020-05-25;4
2020-05-24;"Žilinský kraj";0;0;0;0;NA;111037;0;2020-05-24;4
2020-05-23;"Žilinský kraj";0;0;0;0;NA;111037;0;2020-05-23;4
2020-05-22;"Žilinský kraj";0;0;0;0;NA;111037;0;2020-05-22;4
2020-05-21;"Žilinský kraj";0;0;0;0;NA;111037;0;2020-05-21;4
2020-05-20;"Žilinský kraj";0;0;0;0;NA;111037;0;2020-05-20;4
2020-05-19;"Žilinský kraj";1;0;0;0;NA;111037;1;2020-05-19;4
2020-05-17;"Žilinský kraj";0;0;0;0;NA;111037;0;2020-05-17;3
2020-05-16;"Žilinský kraj";0;0;0;0;NA;111037;0;2020-05-16;3
2020-05-15;"Žilinský kraj";0;0;0;0;NA;111037;0;2020-05-15;3
2020-05-14;"Žilinský kraj";0;0;0;0;NA;111037;0;2020-05-14;3
2020-05-13;"Žilinský kraj";0;0;0;0;NA;111037;0;2020-05-13;3
2020-05-12;"Žilinský kraj";0;0;0;0;NA;111037;0;2020-05-12;3
2020-05-11;"Žilinský kraj";0;0;0;0;NA;111037;0;2020-05-11;3
2020-05-09;"Žilinský kraj";0;0;0;0;NA;111037;0;2020-05-09;3
2020-05-07;"Žilinský kraj";0;0;0;0;NA;111037;0;2020-05-07;3
2020-05-06;"Žilinský kraj";2;0;0;0;NA;111037;2;2020-05-06;3
2020-05-05;"Žilinský kraj";3;0;0;0;NA;111037;3;2020-05-05;1
2020-05-04;"Žilinský kraj";3;0;0;0;NA;111037;3;2020-05-04;-2
2020-05-03;"Žilinský kraj";1;0;0;0;NA;111037;1;2020-05-03;-5
2020-05-02;"Žilinský kraj";0;0;0;0;NA;111037;0;2020-05-02;-6
2020-05-01;"Žilinský kraj";1;0;0;0;NA;111037;1;2020-05-01;-6
2020-04-30;"Žilinský kraj";0;0;0;0;NA;111037;0;2020-04-30;-7
2020-04-29;"Žilinský kraj";0;0;0;0;NA;111037;0;2020-04-29;-7
2020-04-28;"Žilinský kraj";0;0;0;0;NA;111037;0;2020-04-28;-7
2020-04-27;"Žilinský kraj";0;0;0;0;NA;111037;0;2020-04-27;-7
2020-04-26;"Žilinský kraj";0;0;0;0;NA;111037;0;2020-04-26;-7
2020-04-25;"Žilinský kraj";2;0;0;0;NA;111037;2;2020-04-25;-7
2020-04-24;"Žilinský kraj";1;0;0;0;NA;111037;1;2020-04-24;-9
2020-04-23;"Žilinský kraj";2;0;0;0;NA;111037;2;2020-04-23;-10
2020-04-22;"Žilinský kraj";9;0;0;0;NA;111037;9;2020-04-22;-12
2020-04-21;"Žilinský kraj";1;0;0;0;NA;111037;1;2020-04-21;-21
2020-04-20;"Žilinský kraj";4;0;0;0;NA;111037;4;2020-04-20;-22
2020-04-19;"Žilinský kraj";0;0;0;0;NA;111037;0;2020-04-19;-26
2020-04-18;"Žilinský kraj";49;0;0;0;NA;111037;49;2020-04-18;-26
2020-04-17;"Žilinský kraj";3;0;0;0;NA;111037;3;2020-04-17;-75
2020-04-16;"Žilinský kraj";4;0;0;0;NA;111037;4;2020-04-16;-78
2020-04-15;"Žilinský kraj";7;0;0;0;NA;111037;7;2020-04-15;-82
2020-04-14;"Žilinský kraj";1;0;0;0;NA;111037;1;2020-04-14;-89
2020-04-13;"Žilinský kraj";2;0;0;0;NA;111037;2;2020-04-13;-90
2020-04-12;"Žilinský kraj";5;0;0;0;NA;111037;5;2020-04-12;-92
2020-04-11;"Žilinský kraj";2;0;0;0;NA;111037;2;2020-04-11;-97
2020-04-10;"Žilinský kraj";1;0;0;0;NA;111037;1;2020-04-10;-99
2020-04-09;"Žilinský kraj";1;0;0;0;NA;111037;1;2020-04-09;-100
2020-04-08;"Žilinský kraj";3;0;0;0;NA;111037;3;2020-04-08;-101
2020-04-07;"Žilinský kraj";5;0;0;0;NA;111037;5;2020-04-07;-104
2020-04-06;"Žilinský kraj";6;0;0;0;NA;111037;6;2020-04-06;-109
2020-04-05;"Žilinský kraj";8;0;0;0;NA;111037;8;2020-04-05;-115
2020-04-04;"Žilinský kraj";0;0;0;0;NA;111037;0;2020-04-04;-123
2020-04-03;"Žilinský kraj";3;0;0;0;NA;111037;3;2020-04-03;-123
2020-04-02;"Žilinský kraj";5;0;0;0;NA;111037;5;2020-04-02;-126
2020-04-01;"Žilinský kraj";4;0;0;0;NA;111037;4;2020-04-01;-131
2020-03-31;"Žilinský kraj";1;0;0;0;NA;111037;1;2020-03-31;-135
2020-03-30;"Žilinský kraj";3;0;0;0;NA;111037;3;2020-03-30;-136
2020-03-29;"Žilinský kraj";0;0;0;0;NA;111037;0;2020-03-29;-139
2020-03-28;"Žilinský kraj";1;0;0;0;NA;111037;1;2020-03-28;-139
2020-03-27;"Žilinský kraj";9;0;0;0;NA;111037;9;2020-03-27;-140
2020-03-26;"Žilinský kraj";4;0;0;0;NA;111037;4;2020-03-26;-149
2020-03-25;"Žilinský kraj";1;0;0;0;NA;111037;1;2020-03-25;-153
2020-03-24;"Žilinský kraj";2;0;0;0;NA;111037;2;2020-03-24;-154
2020-03-23;"Žilinský kraj";3;0;0;0;NA;111037;3;2020-03-23;-156
2020-03-22;"Žilinský kraj";1;0;0;0;NA;111037;1;2020-03-22;-159
2020-03-21;"Žilinský kraj";2;0;0;0;NA;111037;2;2020-03-21;-160
2020-03-20;"Žilinský kraj";4;0;0;0;NA;111037;4;2020-03-20;-162
2020-03-19;"Žilinský kraj";2;0;0;0;NA;111037;2;2020-03-19;-166
2020-03-18;"Žilinský kraj";1;0;0;0;NA;111037;1;2020-03-18;-168
2020-03-17;"Žilinský kraj";5;0;0;0;NA;111037;5;2020-03-17;-169
2020-03-16;"Žilinský kraj";1;0;0;0;NA;111037;1;2020-03-16;-174
2020-03-15;"Žilinský kraj";2;0;0;0;NA;111037;2;2020-03-15;-175
2020-03-14;"Žilinský kraj";1;0;0;0;NA;111037;1;2020-03-14;-177
2020-03-13;"Žilinský kraj";5;0;0;0;NA;111037;5;2020-03-13;-178
2020-03-12;"Žilinský kraj";1;0;0;0;NA;111037;1;2020-03-12;-183
2020-03-11;"Žilinský kraj";0;0;0;0;NA;111037;0;2020-03-11;-184
2020-03-09;"Žilinský kraj";1;0;0;0;NA;111037;1;2020-03-09;-184
2020-03-08;"Žilinský kraj";0;0;0;0;NA;111037;0;2020-03-08;-185
2020-03-07;"Žilinský kraj";0;0;0;0;NA;111037;0;2020-03-07;-185
2020-03-06;"Žilinský kraj";0;0;0;0;NA;111037;0;2020-03-06;-185
