"Datum";"Region";"PCR_Pos";"Ag_Neg";"Ag_Pos";"Total";"Pocet.potvrdenych";"Potvrdenych";"newcases";"date";"positive"
2022-06-23;"Banskobystrický kraj";24;0;0;0;183419;274932;24;2022-06-23;274932
2022-06-22;"Banskobystrický kraj";38;75;5;80;NA;274932;43;2022-06-22;274908
2022-06-21;"Banskobystrický kraj";27;120;12;132;NA;274932;39;2022-06-21;274865
2022-06-20;"Banskobystrický kraj";42;228;12;240;NA;274932;54;2022-06-20;274826
2022-06-19;"Banskobystrický kraj";0;39;3;42;NA;274932;3;2022-06-19;274772
2022-06-18;"Banskobystrický kraj";1;3;0;3;NA;274932;1;2022-06-18;274769
2022-06-17;"Banskobystrický kraj";16;105;3;108;NA;274932;19;2022-06-17;274768
2022-06-16;"Banskobystrický kraj";10;168;0;168;NA;274932;10;2022-06-16;274749
2022-06-15;"Banskobystrický kraj";17;117;1;118;NA;274932;18;2022-06-15;274739
2022-06-14;"Banskobystrický kraj";12;552;0;552;NA;274932;12;2022-06-14;274721
2022-06-13;"Banskobystrický kraj";34;229;7;236;NA;274932;41;2022-06-13;274709
2022-06-12;"Banskobystrický kraj";0;45;3;48;NA;274932;3;2022-06-12;274668
2022-06-11;"Banskobystrický kraj";2;2;2;4;NA;274932;4;2022-06-11;274665
2022-06-10;"Banskobystrický kraj";24;148;3;151;NA;274932;27;2022-06-10;274661
2022-06-09;"Banskobystrický kraj";8;320;2;322;NA;274932;10;2022-06-09;274634
2022-06-08;"Banskobystrický kraj";25;292;10;302;NA;274932;35;2022-06-08;274624
2022-06-07;"Banskobystrický kraj";13;323;6;329;NA;274932;19;2022-06-07;274589
2022-06-06;"Banskobystrický kraj";15;987;6;993;NA;274932;21;2022-06-06;274570
2022-06-05;"Banskobystrický kraj";4;35;2;37;NA;274932;6;2022-06-05;274549
2022-06-04;"Banskobystrický kraj";3;18;0;18;NA;274932;3;2022-06-04;274543
2022-06-03;"Banskobystrický kraj";10;257;3;260;NA;274932;13;2022-06-03;274540
2022-06-02;"Banskobystrický kraj";11;564;1;565;NA;274932;12;2022-06-02;274527
2022-06-01;"Banskobystrický kraj";11;351;5;356;NA;274932;16;2022-06-01;274515
2022-05-31;"Banskobystrický kraj";9;319;1;320;NA;274932;10;2022-05-31;274499
2022-05-30;"Banskobystrický kraj";12;788;1;789;NA;274932;13;2022-05-30;274489
2022-05-29;"Banskobystrický kraj";0;33;0;33;NA;274932;0;2022-05-29;274476
2022-05-28;"Banskobystrický kraj";3;11;0;11;NA;274932;3;2022-05-28;274476
2022-05-27;"Banskobystrický kraj";7;230;5;235;NA;274932;12;2022-05-27;274473
2022-05-26;"Banskobystrický kraj";4;281;4;285;NA;274932;8;2022-05-26;274461
2022-05-25;"Banskobystrický kraj";14;236;4;240;NA;274932;18;2022-05-25;274453
2022-05-24;"Banskobystrický kraj";14;253;4;257;NA;274932;18;2022-05-24;274435
2022-05-23;"Banskobystrický kraj";12;552;6;558;NA;274932;18;2022-05-23;274417
2022-05-22;"Banskobystrický kraj";1;32;2;34;NA;274932;3;2022-05-22;274399
2022-05-21;"Banskobystrický kraj";9;13;1;14;NA;274932;10;2022-05-21;274396
2022-05-20;"Banskobystrický kraj";17;199;8;207;NA;274932;25;2022-05-20;274386
2022-05-19;"Banskobystrický kraj";6;384;4;388;NA;274932;10;2022-05-19;274361
2022-05-18;"Banskobystrický kraj";23;210;8;218;NA;274932;31;2022-05-18;274351
2022-05-17;"Banskobystrický kraj";6;295;7;302;NA;274932;13;2022-05-17;274320
2022-05-16;"Banskobystrický kraj";22;620;16;636;NA;274932;38;2022-05-16;274307
2022-05-15;"Banskobystrický kraj";4;27;1;28;NA;274932;5;2022-05-15;274269
2022-05-14;"Banskobystrický kraj";4;17;0;17;NA;274932;4;2022-05-14;274264
2022-05-13;"Banskobystrický kraj";32;324;6;330;NA;274932;38;2022-05-13;274260
2022-05-12;"Banskobystrický kraj";16;517;15;532;NA;274932;31;2022-05-12;274222
2022-05-11;"Banskobystrický kraj";19;376;9;385;NA;274932;28;2022-05-11;274191
2022-05-10;"Banskobystrický kraj";49;268;11;279;NA;274932;60;2022-05-10;274163
2022-05-09;"Banskobystrický kraj";35;714;24;738;NA;274932;59;2022-05-09;274103
2022-05-08;"Banskobystrický kraj";1;64;0;64;NA;274932;1;2022-05-08;274044
2022-05-07;"Banskobystrický kraj";6;111;1;112;NA;274932;7;2022-05-07;274043
2022-05-06;"Banskobystrický kraj";51;278;6;284;NA;274932;57;2022-05-06;274036
2022-05-05;"Banskobystrický kraj";41;556;11;567;NA;274932;52;2022-05-05;273979
2022-05-04;"Banskobystrický kraj";45;498;14;512;NA;274932;59;2022-05-04;273927
2022-05-03;"Banskobystrický kraj";60;421;5;426;NA;274932;65;2022-05-03;273868
2022-05-02;"Banskobystrický kraj";48;1063;38;1101;NA;274932;86;2022-05-02;273803
2022-05-01;"Banskobystrický kraj";12;69;1;70;NA;274932;13;2022-05-01;273717
2022-04-30;"Banskobystrický kraj";31;82;5;87;NA;274932;36;2022-04-30;273704
2022-04-29;"Banskobystrický kraj";57;681;16;697;NA;274932;73;2022-04-29;273668
2022-04-28;"Banskobystrický kraj";72;972;20;992;NA;274932;92;2022-04-28;273595
2022-04-27;"Banskobystrický kraj";85;907;29;936;NA;274932;114;2022-04-27;273503
2022-04-26;"Banskobystrický kraj";97;720;18;738;NA;274932;115;2022-04-26;273389
2022-04-25;"Banskobystrický kraj";148;1463;33;1496;NA;274932;181;2022-04-25;273274
2022-04-24;"Banskobystrický kraj";16;139;5;144;NA;274932;21;2022-04-24;273093
2022-04-23;"Banskobystrický kraj";110;64;9;73;NA;274932;119;2022-04-23;273072
2022-04-22;"Banskobystrický kraj";140;1044;32;1076;NA;274932;172;2022-04-22;272953
2022-04-21;"Banskobystrický kraj";154;1228;41;1269;NA;274932;195;2022-04-21;272781
2022-04-20;"Banskobystrický kraj";243;2052;141;2193;NA;274932;384;2022-04-20;272586
2022-04-19;"Banskobystrický kraj";209;1976;94;2070;NA;274932;303;2022-04-19;272202
2022-04-18;"Banskobystrický kraj";25;113;7;120;NA;274932;32;2022-04-18;271899
2022-04-17;"Banskobystrický kraj";105;54;3;57;NA;274932;108;2022-04-17;271867
2022-04-16;"Banskobystrický kraj";58;96;12;108;NA;274932;70;2022-04-16;271759
2022-04-15;"Banskobystrický kraj";44;106;5;111;NA;274932;49;2022-04-15;271689
2022-04-14;"Banskobystrický kraj";230;1095;31;1126;NA;274932;261;2022-04-14;271640
2022-04-13;"Banskobystrický kraj";212;932;60;992;NA;274932;272;2022-04-13;271379
2022-04-12;"Banskobystrický kraj";242;1066;60;1126;NA;274932;302;2022-04-12;271107
2022-04-11;"Banskobystrický kraj";300;2346;99;2445;NA;274932;399;2022-04-11;270805
2022-04-10;"Banskobystrický kraj";62;260;28;288;NA;274932;90;2022-04-10;270406
2022-04-09;"Banskobystrický kraj";147;112;16;128;NA;274932;163;2022-04-09;270316
2022-04-08;"Banskobystrický kraj";284;1193;95;1288;NA;274932;379;2022-04-08;270153
2022-04-07;"Banskobystrický kraj";298;1622;74;1696;NA;274932;372;2022-04-07;269774
2022-04-06;"Banskobystrický kraj";505;1191;89;1280;NA;274932;594;2022-04-06;269402
2022-04-05;"Banskobystrický kraj";458;1359;84;1443;NA;274932;542;2022-04-05;268808
2022-04-04;"Banskobystrický kraj";553;2810;177;2987;NA;274932;730;2022-04-04;268266
2022-04-03;"Banskobystrický kraj";66;441;83;524;NA;274932;149;2022-04-03;267536
2022-04-02;"Banskobystrický kraj";208;133;34;167;NA;274932;242;2022-04-02;267387
2022-04-01;"Banskobystrický kraj";529;1195;137;1332;NA;274932;666;2022-04-01;267145
2022-03-31;"Banskobystrický kraj";516;1798;102;1900;NA;274932;618;2022-03-31;266479
2022-03-30;"Banskobystrický kraj";734;1541;125;1666;NA;274932;859;2022-03-30;265861
2022-03-29;"Banskobystrický kraj";666;1406;161;1567;NA;274932;827;2022-03-29;265002
2022-03-28;"Banskobystrický kraj";618;2523;318;2841;NA;274932;936;2022-03-28;264175
2022-03-27;"Banskobystrický kraj";147;687;114;801;NA;274932;261;2022-03-27;263239
2022-03-26;"Banskobystrický kraj";343;150;53;203;NA;274932;396;2022-03-26;262978
2022-03-25;"Banskobystrický kraj";721;1382;192;1574;NA;274932;913;2022-03-25;262582
2022-03-24;"Banskobystrický kraj";769;1789;162;1951;NA;274932;931;2022-03-24;261669
2022-03-23;"Banskobystrický kraj";823;1643;201;1844;NA;274932;1024;2022-03-23;260738
2022-03-22;"Banskobystrický kraj";1148;1703;220;1923;NA;274932;1368;2022-03-22;259714
2022-03-21;"Banskobystrický kraj";879;2711;356;3067;NA;274932;1235;2022-03-21;258346
2022-03-20;"Banskobystrický kraj";172;605;174;779;NA;274932;346;2022-03-20;257111
2022-03-19;"Banskobystrický kraj";529;218;89;307;NA;274932;618;2022-03-19;256765
2022-03-18;"Banskobystrický kraj";819;2081;200;2281;NA;274932;1019;2022-03-18;256147
2022-03-17;"Banskobystrický kraj";981;3476;224;3700;NA;274932;1205;2022-03-17;255128
2022-03-16;"Banskobystrický kraj";1189;1396;235;1631;NA;274932;1424;2022-03-16;253923
2022-03-15;"Banskobystrický kraj";1420;1730;231;1961;NA;274932;1651;2022-03-15;252499
2022-03-14;"Banskobystrický kraj";948;3270;426;3696;NA;274932;1374;2022-03-14;250848
2022-03-13;"Banskobystrický kraj";224;577;216;793;NA;274932;440;2022-03-13;249474
2022-03-12;"Banskobystrický kraj";625;262;94;356;NA;274932;719;2022-03-12;249034
2022-03-11;"Banskobystrický kraj";1144;1817;287;2104;NA;274932;1431;2022-03-11;248315
2022-03-10;"Banskobystrický kraj";1325;2126;311;2437;NA;274932;1636;2022-03-10;246884
2022-03-09;"Banskobystrický kraj";1370;2036;333;2369;NA;274932;1703;2022-03-09;245248
2022-03-08;"Banskobystrický kraj";1738;2329;376;2705;NA;274932;2114;2022-03-08;243545
2022-03-07;"Banskobystrický kraj";1048;4977;604;5581;NA;274932;1652;2022-03-07;241431
2022-03-06;"Banskobystrický kraj";356;1265;278;1543;NA;274932;634;2022-03-06;239779
2022-03-05;"Banskobystrický kraj";745;497;180;677;NA;274932;925;2022-03-05;239145
2022-03-04;"Banskobystrický kraj";1302;2576;391;2967;NA;274932;1693;2022-03-04;238220
2022-03-03;"Banskobystrický kraj";1766;3466;386;3852;NA;274932;2152;2022-03-03;236527
2022-03-02;"Banskobystrický kraj";1515;5604;415;6019;NA;274932;1930;2022-03-02;234375
2022-03-01;"Banskobystrický kraj";1842;3325;396;3721;NA;274932;2238;2022-03-01;232445
2022-02-28;"Banskobystrický kraj";1050;4913;708;5621;NA;274932;1758;2022-02-28;230207
2022-02-27;"Banskobystrický kraj";604;1162;303;1465;NA;274932;907;2022-02-27;228449
2022-02-26;"Banskobystrický kraj";909;528;154;682;NA;274932;1063;2022-02-26;227542
2022-02-25;"Banskobystrický kraj";1591;2519;430;2949;NA;274932;2021;2022-02-25;226479
2022-02-24;"Banskobystrický kraj";1781;3858;404;4262;NA;274932;2185;2022-02-24;224458
2022-02-23;"Banskobystrický kraj";2094;2869;454;3323;NA;274932;2548;2022-02-23;222273
2022-02-22;"Banskobystrický kraj";2195;3737;469;4206;NA;274932;2664;2022-02-22;219725
2022-02-21;"Banskobystrický kraj";1409;5733;806;6539;NA;274932;2215;2022-02-21;217061
2022-02-20;"Banskobystrický kraj";484;1717;423;2140;NA;274932;907;2022-02-20;214846
2022-02-19;"Banskobystrický kraj";1180;774;242;1016;NA;274932;1422;2022-02-19;213939
2022-02-18;"Banskobystrický kraj";2473;3620;541;4161;NA;274932;3014;2022-02-18;212517
2022-02-17;"Banskobystrický kraj";1924;4324;460;4784;NA;274932;2384;2022-02-17;209503
2022-02-16;"Banskobystrický kraj";1856;3635;543;4178;NA;274932;2399;2022-02-16;207119
2022-02-15;"Banskobystrický kraj";2287;4460;584;5044;NA;274932;2871;2022-02-15;204720
2022-02-14;"Banskobystrický kraj";2071;6848;891;7739;NA;274932;2962;2022-02-14;201849
2022-02-13;"Banskobystrický kraj";577;2247;471;2718;NA;274932;1048;2022-02-13;198887
2022-02-12;"Banskobystrický kraj";1308;906;308;1214;NA;274932;1616;2022-02-12;197839
2022-02-11;"Banskobystrický kraj";2684;3845;555;4400;NA;274932;3239;2022-02-11;196223
2022-02-10;"Banskobystrický kraj";1765;5733;567;6300;NA;274932;2332;2022-02-10;192984
2022-02-09;"Banskobystrický kraj";2544;3794;569;4363;NA;274932;3113;2022-02-09;190652
2022-02-08;"Banskobystrický kraj";1806;4418;538;4956;NA;274932;2344;2022-02-08;187539
2022-02-07;"Banskobystrický kraj";1683;7388;728;8116;NA;274932;2411;2022-02-07;185195
2022-02-06;"Banskobystrický kraj";604;2244;392;2636;NA;274932;996;2022-02-06;182784
2022-02-05;"Banskobystrický kraj";1032;1434;233;1667;NA;274932;1265;2022-02-05;181788
2022-02-04;"Banskobystrický kraj";1866;3745;438;4183;NA;274932;2304;2022-02-04;180523
2022-02-03;"Banskobystrický kraj";1561;5433;359;5792;NA;274932;1920;2022-02-03;178219
2022-02-02;"Banskobystrický kraj";1716;4793;395;5188;NA;274932;2111;2022-02-02;176299
2022-02-01;"Banskobystrický kraj";1918;4558;410;4968;NA;274932;2328;2022-02-01;174188
2022-01-31;"Banskobystrický kraj";779;9006;553;9559;NA;274932;1332;2022-01-31;171860
2022-01-30;"Banskobystrický kraj";412;3055;267;3322;NA;274932;679;2022-01-30;170528
2022-01-29;"Banskobystrický kraj";981;1155;174;1329;NA;274932;1155;2022-01-29;169849
2022-01-28;"Banskobystrický kraj";1040;3814;313;4127;NA;274932;1353;2022-01-28;168694
2022-01-27;"Banskobystrický kraj";1035;4955;225;5180;NA;274932;1260;2022-01-27;167341
2022-01-26;"Banskobystrický kraj";1060;4035;213;4248;NA;274932;1273;2022-01-26;166081
2022-01-25;"Banskobystrický kraj";1001;6119;257;6376;NA;274932;1258;2022-01-25;164808
2022-01-24;"Banskobystrický kraj";557;10186;257;10443;NA;274932;814;2022-01-24;163550
2022-01-23;"Banskobystrický kraj";246;3710;129;3839;NA;274932;375;2022-01-23;162736
2022-01-22;"Banskobystrický kraj";411;1077;64;1141;NA;274932;475;2022-01-22;162361
2022-01-21;"Banskobystrický kraj";578;3491;113;3604;NA;274932;691;2022-01-21;161886
2022-01-20;"Banskobystrický kraj";490;3810;91;3901;NA;274932;581;2022-01-20;161195
2022-01-19;"Banskobystrický kraj";421;4173;98;4271;NA;274932;519;2022-01-19;160614
2022-01-18;"Banskobystrický kraj";517;4737;95;4832;NA;274932;612;2022-01-18;160095
2022-01-17;"Banskobystrický kraj";269;8102;114;8216;NA;274932;383;2022-01-17;159483
2022-01-16;"Banskobystrický kraj";63;2746;84;2830;NA;274932;147;2022-01-16;159100
2022-01-15;"Banskobystrický kraj";287;858;16;874;NA;274932;303;2022-01-15;158953
2022-01-14;"Banskobystrický kraj";165;2758;67;2825;NA;274932;232;2022-01-14;158650
2022-01-13;"Banskobystrický kraj";182;3411;57;3468;NA;274932;239;2022-01-13;158418
2022-01-12;"Banskobystrický kraj";241;3787;67;3854;NA;274932;308;2022-01-12;158179
2022-01-11;"Banskobystrický kraj";327;4970;74;5044;NA;274932;401;2022-01-11;157871
2022-01-10;"Banskobystrický kraj";219;8173;113;8286;NA;274932;332;2022-01-10;157470
2022-01-09;"Banskobystrický kraj";54;3514;38;3552;NA;274932;92;2022-01-09;157138
2022-01-08;"Banskobystrický kraj";177;1054;40;1094;NA;274932;217;2022-01-08;157046
2022-01-07;"Banskobystrický kraj";320;3087;86;3173;NA;274932;406;2022-01-07;156829
2022-01-06;"Banskobystrický kraj";101;985;21;1006;NA;274932;122;2022-01-06;156423
2022-01-05;"Banskobystrický kraj";376;2852;67;2919;NA;274932;443;2022-01-05;156301
2022-01-04;"Banskobystrický kraj";458;4197;72;4269;NA;274932;530;2022-01-04;155858
2022-01-03;"Banskobystrický kraj";420;8216;115;8331;NA;274932;535;2022-01-03;155328
2022-01-02;"Banskobystrický kraj";117;2239;95;2334;NA;274932;212;2022-01-02;154793
2022-01-01;"Banskobystrický kraj";33;112;4;116;NA;274932;37;2022-01-01;154581
2021-12-31;"Banskobystrický kraj";314;1803;68;1871;NA;274932;382;2021-12-31;154544
2021-12-30;"Banskobystrický kraj";308;2833;88;2921;NA;274932;396;2021-12-30;154162
2021-12-29;"Banskobystrický kraj";390;2448;83;2531;NA;274932;473;2021-12-29;153766
2021-12-28;"Banskobystrický kraj";492;2902;95;2997;NA;274932;587;2021-12-28;153293
2021-12-27;"Banskobystrický kraj";397;5029;203;5232;NA;274932;600;2021-12-27;152706
2021-12-26;"Banskobystrický kraj";76;1245;62;1307;NA;274932;138;2021-12-26;152106
2021-12-25;"Banskobystrický kraj";107;373;45;418;NA;274932;152;2021-12-25;151968
2021-12-24;"Banskobystrický kraj";116;213;10;223;NA;274932;126;2021-12-24;151816
2021-12-23;"Banskobystrický kraj";429;3501;107;3608;NA;274932;536;2021-12-23;151690
2021-12-22;"Banskobystrický kraj";393;3394;106;3500;NA;274932;499;2021-12-22;151154
2021-12-21;"Banskobystrický kraj";508;4173;88;4261;NA;274932;596;2021-12-21;150655
2021-12-20;"Banskobystrický kraj";424;7610;186;7796;NA;274932;610;2021-12-20;150059
2021-12-19;"Banskobystrický kraj";39;2681;87;2768;NA;274932;126;2021-12-19;149449
2021-12-18;"Banskobystrický kraj";333;1036;67;1103;NA;274932;400;2021-12-18;149323
2021-12-17;"Banskobystrický kraj";465;3805;102;3907;NA;274932;567;2021-12-17;148923
2021-12-16;"Banskobystrický kraj";499;4278;116;4394;NA;274932;615;2021-12-16;148356
2021-12-15;"Banskobystrický kraj";554;4772;102;4874;NA;274932;656;2021-12-15;147741
2021-12-14;"Banskobystrický kraj";729;4614;108;4722;NA;274932;837;2021-12-14;147085
2021-12-13;"Banskobystrický kraj";470;8201;222;8423;NA;274932;692;2021-12-13;146248
2021-12-12;"Banskobystrický kraj";161;3332;101;3433;NA;274932;262;2021-12-12;145556
2021-12-11;"Banskobystrický kraj";568;1166;82;1248;NA;274932;650;2021-12-11;145294
2021-12-10;"Banskobystrický kraj";731;4033;185;4218;NA;274932;916;2021-12-10;144644
2021-12-09;"Banskobystrický kraj";652;4381;139;4520;NA;274932;791;2021-12-09;143728
2021-12-08;"Banskobystrický kraj";1087;4100;169;4269;NA;274932;1256;2021-12-08;142937
2021-12-07;"Banskobystrický kraj";1104;5410;201;5611;NA;274932;1305;2021-12-07;141681
2021-12-06;"Banskobystrický kraj";647;9113;324;9437;NA;274932;971;2021-12-06;140376
2021-12-05;"Banskobystrický kraj";217;3425;155;3580;NA;274932;372;2021-12-05;139405
2021-12-04;"Banskobystrický kraj";654;1334;131;1465;NA;274932;785;2021-12-04;139033
2021-12-03;"Banskobystrický kraj";1117;5057;246;5303;NA;274932;1363;2021-12-03;138248
2021-12-02;"Banskobystrický kraj";1710;5259;258;5517;NA;274932;1968;2021-12-02;136885
2021-12-01;"Banskobystrický kraj";947;4753;264;5017;NA;274932;1211;2021-12-01;134917
2021-11-30;"Banskobystrický kraj";1266;6543;245;6788;NA;274932;1511;2021-11-30;133706
2021-11-29;"Banskobystrický kraj";591;10653;468;11121;NA;274932;1059;2021-11-29;132195
2021-11-28;"Banskobystrický kraj";418;4289;216;4505;NA;274932;634;2021-11-28;131136
2021-11-27;"Banskobystrický kraj";827;1781;208;1989;NA;274932;1035;2021-11-27;130502
2021-11-26;"Banskobystrický kraj";963;4771;354;5125;NA;274932;1317;2021-11-26;129467
2021-11-25;"Banskobystrický kraj";1110;5911;350;6261;NA;274932;1460;2021-11-25;128150
2021-11-24;"Banskobystrický kraj";1387;5956;330;6286;NA;274932;1717;2021-11-24;126690
2021-11-23;"Banskobystrický kraj";1436;6082;377;6459;NA;274932;1813;2021-11-23;124973
2021-11-22;"Banskobystrický kraj";489;8727;579;9306;NA;274932;1068;2021-11-22;123160
2021-11-21;"Banskobystrický kraj";408;4109;307;4416;NA;274932;715;2021-11-21;122092
2021-11-20;"Banskobystrický kraj";985;1758;199;1957;NA;274932;1184;2021-11-20;121377
2021-11-19;"Banskobystrický kraj";1006;4886;470;5356;NA;274932;1476;2021-11-19;120193
2021-11-18;"Banskobystrický kraj";979;8037;620;8657;NA;274932;1599;2021-11-18;118717
2021-11-17;"Banskobystrický kraj";772;1051;147;1198;NA;274932;919;2021-11-17;117118
2021-11-16;"Banskobystrický kraj";1130;5473;453;5926;NA;274932;1583;2021-11-16;116199
2021-11-15;"Banskobystrický kraj";749;7884;588;8472;NA;274932;1337;2021-11-15;114616
2021-11-14;"Banskobystrický kraj";311;2629;302;2931;NA;274932;613;2021-11-14;113279
2021-11-13;"Banskobystrický kraj";761;1471;214;1685;NA;274932;975;2021-11-13;112666
2021-11-12;"Banskobystrický kraj";972;5019;434;5453;NA;274932;1406;2021-11-12;111691
2021-11-11;"Banskobystrický kraj";1023;5584;345;5929;NA;274932;1368;2021-11-11;110285
2021-11-10;"Banskobystrický kraj";950;4713;333;5046;NA;274932;1283;2021-11-10;108917
2021-11-09;"Banskobystrický kraj";921;4616;283;4899;NA;274932;1204;2021-11-09;107634
2021-11-08;"Banskobystrický kraj";519;7249;488;7737;NA;274932;1007;2021-11-08;106430
2021-11-07;"Banskobystrický kraj";460;2479;258;2737;NA;274932;718;2021-11-07;105423
2021-11-06;"Banskobystrický kraj";505;1344;170;1514;NA;274932;675;2021-11-06;104705
2021-11-05;"Banskobystrický kraj";997;4773;342;5115;NA;274932;1339;2021-11-05;104030
2021-11-04;"Banskobystrický kraj";1086;4811;248;5059;NA;274932;1334;2021-11-04;102691
2021-11-03;"Banskobystrický kraj";976;4825;330;5155;NA;274932;1306;2021-11-03;101357
2021-11-02;"Banskobystrický kraj";538;5709;492;6201;NA;274932;1030;2021-11-02;100051
2021-11-01;"Banskobystrický kraj";390;1178;132;1310;NA;274932;522;2021-11-01;99021
2021-10-31;"Banskobystrický kraj";150;1700;210;1910;NA;274932;360;2021-10-31;98499
2021-10-30;"Banskobystrický kraj";449;1508;140;1648;NA;274932;589;2021-10-30;98139
2021-10-29;"Banskobystrický kraj";780;4178;286;4464;NA;274932;1066;2021-10-29;97550
2021-10-28;"Banskobystrický kraj";744;4182;247;4429;NA;274932;991;2021-10-28;96484
2021-10-27;"Banskobystrický kraj";664;4577;233;4810;NA;274932;897;2021-10-27;95493
2021-10-26;"Banskobystrický kraj";700;3673;187;3860;NA;274932;887;2021-10-26;94596
2021-10-25;"Banskobystrický kraj";376;5478;257;5735;NA;274932;633;2021-10-25;93709
2021-10-24;"Banskobystrický kraj";161;1707;143;1850;NA;274932;304;2021-10-24;93076
2021-10-23;"Banskobystrický kraj";238;1286;79;1365;NA;274932;317;2021-10-23;92772
2021-10-22;"Banskobystrický kraj";530;3816;185;4001;NA;274932;715;2021-10-22;92455
2021-10-21;"Banskobystrický kraj";416;4128;140;4268;NA;274932;556;2021-10-21;91740
2021-10-20;"Banskobystrický kraj";387;3615;123;3738;NA;274932;510;2021-10-20;91184
2021-10-19;"Banskobystrický kraj";419;4094;103;4197;NA;274932;522;2021-10-19;90674
2021-10-18;"Banskobystrický kraj";162;5286;175;5461;NA;274932;337;2021-10-18;90152
2021-10-17;"Banskobystrický kraj";26;1555;71;1626;NA;274932;97;2021-10-17;89815
2021-10-16;"Banskobystrický kraj";162;1387;50;1437;NA;274932;212;2021-10-16;89718
2021-10-15;"Banskobystrický kraj";187;3693;81;3774;NA;274932;268;2021-10-15;89506
2021-10-14;"Banskobystrický kraj";198;3705;47;3752;NA;274932;245;2021-10-14;89238
2021-10-13;"Banskobystrický kraj";217;3068;55;3123;NA;274932;272;2021-10-13;88993
2021-10-12;"Banskobystrický kraj";301;3743;59;3802;NA;274932;360;2021-10-12;88721
2021-10-11;"Banskobystrický kraj";128;4734;96;4830;NA;274932;224;2021-10-11;88361
2021-10-10;"Banskobystrický kraj";26;1815;53;1868;NA;274932;79;2021-10-10;88137
2021-10-09;"Banskobystrický kraj";73;1122;27;1149;NA;274932;100;2021-10-09;88058
2021-10-08;"Banskobystrický kraj";239;3027;61;3088;NA;274932;300;2021-10-08;87958
2021-10-07;"Banskobystrický kraj";179;3437;42;3479;NA;274932;221;2021-10-07;87658
2021-10-06;"Banskobystrický kraj";136;3862;48;3910;NA;274932;184;2021-10-06;87437
2021-10-05;"Banskobystrický kraj";209;2979;54;3033;NA;274932;263;2021-10-05;87253
2021-10-04;"Banskobystrický kraj";126;3725;64;3789;NA;274932;190;2021-10-04;86990
2021-10-03;"Banskobystrický kraj";11;1407;34;1441;NA;274932;45;2021-10-03;86800
2021-10-02;"Banskobystrický kraj";66;1042;26;1068;NA;274932;92;2021-10-02;86755
2021-10-01;"Banskobystrický kraj";158;3228;51;3279;NA;274932;209;2021-10-01;86663
2021-09-30;"Banskobystrický kraj";120;3362;30;3392;NA;274932;150;2021-09-30;86454
2021-09-29;"Banskobystrický kraj";118;2626;40;2666;NA;274932;158;2021-09-29;86304
2021-09-28;"Banskobystrický kraj";112;3061;45;3106;NA;274932;157;2021-09-28;86146
2021-09-27;"Banskobystrický kraj";90;4456;72;4528;NA;274932;162;2021-09-27;85989
2021-09-26;"Banskobystrický kraj";17;1498;31;1529;NA;274932;48;2021-09-26;85827
2021-09-25;"Banskobystrický kraj";17;1481;7;1488;NA;274932;24;2021-09-25;85779
2021-09-24;"Banskobystrický kraj";98;4254;32;4286;NA;274932;130;2021-09-24;85755
2021-09-23;"Banskobystrický kraj";63;3019;13;3032;NA;274932;76;2021-09-23;85625
2021-09-22;"Banskobystrický kraj";75;2442;19;2461;NA;274932;94;2021-09-22;85549
2021-09-21;"Banskobystrický kraj";125;2976;20;2996;NA;274932;145;2021-09-21;85455
2021-09-20;"Banskobystrický kraj";45;3951;30;3981;NA;274932;75;2021-09-20;85310
2021-09-19;"Banskobystrický kraj";6;1456;24;1480;NA;274932;30;2021-09-19;85235
2021-09-18;"Banskobystrický kraj";44;1318;15;1333;NA;274932;59;2021-09-18;85205
2021-09-17;"Banskobystrický kraj";73;3485;32;3517;NA;274932;105;2021-09-17;85146
2021-09-16;"Banskobystrický kraj";95;3019;29;3048;NA;274932;124;2021-09-16;85041
2021-09-15;"Banskobystrický kraj";22;394;1;395;NA;274932;23;2021-09-15;84917
2021-09-14;"Banskobystrický kraj";95;2508;28;2536;NA;274932;123;2021-09-14;84894
2021-09-13;"Banskobystrický kraj";29;3206;28;3234;NA;274932;57;2021-09-13;84771
2021-09-12;"Banskobystrický kraj";7;958;15;973;NA;274932;22;2021-09-12;84714
2021-09-11;"Banskobystrický kraj";31;865;11;876;NA;274932;42;2021-09-11;84692
2021-09-10;"Banskobystrický kraj";59;2250;24;2274;NA;274932;83;2021-09-10;84650
2021-09-09;"Banskobystrický kraj";46;2011;17;2028;NA;274932;63;2021-09-09;84567
2021-09-08;"Banskobystrický kraj";46;1713;27;1740;NA;274932;73;2021-09-08;84504
2021-09-07;"Banskobystrický kraj";27;1422;21;1443;NA;274932;48;2021-09-07;84431
2021-09-06;"Banskobystrický kraj";26;2570;13;2583;NA;274932;39;2021-09-06;84383
2021-09-05;"Banskobystrický kraj";9;742;2;744;NA;274932;11;2021-09-05;84344
2021-09-04;"Banskobystrický kraj";14;745;10;755;NA;274932;24;2021-09-04;84333
2021-09-03;"Banskobystrický kraj";49;2116;22;2138;NA;274932;71;2021-09-03;84309
2021-09-02;"Banskobystrický kraj";19;1730;25;1755;NA;274932;44;2021-09-02;84238
2021-09-01;"Banskobystrický kraj";6;230;6;236;NA;274932;12;2021-09-01;84194
2021-08-31;"Banskobystrický kraj";18;1406;13;1419;NA;274932;31;2021-08-31;84182
2021-08-30;"Banskobystrický kraj";23;1867;10;1877;NA;274932;33;2021-08-30;84151
2021-08-29;"Banskobystrický kraj";0;351;5;356;NA;274932;5;2021-08-29;84118
2021-08-28;"Banskobystrický kraj";9;827;5;832;NA;274932;14;2021-08-28;84113
2021-08-27;"Banskobystrický kraj";7;1608;12;1620;NA;274932;19;2021-08-27;84099
2021-08-26;"Banskobystrický kraj";7;1161;2;1163;NA;274932;9;2021-08-26;84080
2021-08-25;"Banskobystrický kraj";6;1052;1;1053;NA;274932;7;2021-08-25;84071
2021-08-24;"Banskobystrický kraj";12;1117;1;1118;NA;274932;13;2021-08-24;84064
2021-08-23;"Banskobystrický kraj";7;1368;5;1373;NA;274932;12;2021-08-23;84051
2021-08-22;"Banskobystrický kraj";0;773;2;775;NA;274932;2;2021-08-22;84039
2021-08-21;"Banskobystrický kraj";3;793;1;794;NA;274932;4;2021-08-21;84037
2021-08-20;"Banskobystrický kraj";5;1616;4;1620;NA;274932;9;2021-08-20;84033
2021-08-19;"Banskobystrický kraj";4;1092;3;1095;NA;274932;7;2021-08-19;84024
2021-08-18;"Banskobystrický kraj";1;1044;1;1045;NA;274932;2;2021-08-18;84017
2021-08-17;"Banskobystrický kraj";12;890;0;890;NA;274932;12;2021-08-17;84015
2021-08-16;"Banskobystrický kraj";7;1321;3;1324;NA;274932;10;2021-08-16;84003
2021-08-15;"Banskobystrický kraj";0;366;3;369;NA;274932;3;2021-08-15;83993
2021-08-14;"Banskobystrický kraj";6;435;1;436;NA;274932;7;2021-08-14;83990
2021-08-13;"Banskobystrický kraj";11;898;0;898;NA;274932;11;2021-08-13;83983
2021-08-12;"Banskobystrický kraj";10;951;1;952;NA;274932;11;2021-08-12;83972
2021-08-11;"Banskobystrický kraj";7;575;3;578;NA;274932;10;2021-08-11;83961
2021-08-10;"Banskobystrický kraj";7;678;2;680;NA;274932;9;2021-08-10;83951
2021-08-09;"Banskobystrický kraj";9;1064;0;1064;NA;274932;9;2021-08-09;83942
2021-08-08;"Banskobystrický kraj";4;335;1;336;NA;274932;5;2021-08-08;83933
2021-08-07;"Banskobystrický kraj";0;308;4;312;NA;274932;4;2021-08-07;83928
2021-08-06;"Banskobystrický kraj";5;929;2;931;NA;274932;7;2021-08-06;83924
2021-08-05;"Banskobystrický kraj";2;838;1;839;NA;274932;3;2021-08-05;83917
2021-08-04;"Banskobystrický kraj";2;579;1;580;NA;274932;3;2021-08-04;83914
2021-08-03;"Banskobystrický kraj";4;743;0;743;NA;274932;4;2021-08-03;83911
2021-08-02;"Banskobystrický kraj";6;934;0;934;NA;274932;6;2021-08-02;83907
2021-08-01;"Banskobystrický kraj";0;271;0;271;NA;274932;0;2021-08-01;83901
2021-07-31;"Banskobystrický kraj";1;370;4;374;NA;274932;5;2021-07-31;83901
2021-07-30;"Banskobystrický kraj";27;928;2;930;NA;274932;29;2021-07-30;83896
2021-07-29;"Banskobystrický kraj";2;890;1;891;NA;274932;3;2021-07-29;83867
2021-07-28;"Banskobystrický kraj";4;520;1;521;NA;274932;5;2021-07-28;83864
2021-07-27;"Banskobystrický kraj";15;1092;0;1092;NA;274932;15;2021-07-27;83859
2021-07-26;"Banskobystrický kraj";2;911;1;912;NA;274932;3;2021-07-26;83844
2021-07-25;"Banskobystrický kraj";0;367;1;368;NA;274932;1;2021-07-25;83841
2021-07-24;"Banskobystrický kraj";2;298;0;298;NA;274932;2;2021-07-24;83840
2021-07-23;"Banskobystrický kraj";7;840;0;840;NA;274932;7;2021-07-23;83838
2021-07-22;"Banskobystrický kraj";5;727;3;730;NA;274932;8;2021-07-22;83831
2021-07-21;"Banskobystrický kraj";2;560;0;560;NA;274932;2;2021-07-21;83823
2021-07-20;"Banskobystrický kraj";6;885;2;887;NA;274932;8;2021-07-20;83821
2021-07-19;"Banskobystrický kraj";1;854;3;857;NA;274932;4;2021-07-19;83813
2021-07-18;"Banskobystrický kraj";0;377;1;378;NA;274932;1;2021-07-18;83809
2021-07-17;"Banskobystrický kraj";1;324;0;324;NA;274932;1;2021-07-17;83808
2021-07-16;"Banskobystrický kraj";3;974;1;975;NA;274932;4;2021-07-16;83807
2021-07-15;"Banskobystrický kraj";1;1038;0;1038;NA;274932;1;2021-07-15;83803
2021-07-14;"Banskobystrický kraj";3;765;0;765;NA;274932;3;2021-07-14;83802
2021-07-13;"Banskobystrický kraj";2;695;0;695;NA;274932;2;2021-07-13;83799
2021-07-12;"Banskobystrický kraj";1;1057;0;1057;NA;274932;1;2021-07-12;83797
2021-07-11;"Banskobystrický kraj";0;446;0;446;NA;274932;0;2021-07-11;83796
2021-07-10;"Banskobystrický kraj";2;368;0;368;NA;274932;2;2021-07-10;83796
2021-07-09;"Banskobystrický kraj";3;1209;0;1209;NA;274932;3;2021-07-09;83794
2021-07-08;"Banskobystrický kraj";0;1083;1;1084;NA;274932;1;2021-07-08;83791
2021-07-07;"Banskobystrický kraj";1;798;0;798;NA;274932;1;2021-07-07;83790
2021-07-06;"Banskobystrický kraj";6;1365;0;1365;NA;274932;6;2021-07-06;83789
2021-07-05;"Banskobystrický kraj";2;392;1;393;NA;274932;3;2021-07-05;83783
2021-07-04;"Banskobystrický kraj";0;318;0;318;NA;274932;0;2021-07-04;83780
2021-07-03;"Banskobystrický kraj";1;413;1;414;NA;274932;2;2021-07-03;83780
2021-07-02;"Banskobystrický kraj";3;1045;0;1045;NA;274932;3;2021-07-02;83778
2021-07-01;"Banskobystrický kraj";0;705;1;706;NA;274932;1;2021-07-01;83775
2021-06-30;"Banskobystrický kraj";3;7607;1;7608;NA;274932;4;2021-06-30;83774
2021-06-29;"Banskobystrický kraj";2;4642;1;4643;NA;274932;3;2021-06-29;83770
2021-06-28;"Banskobystrický kraj";3;5695;1;5696;NA;274932;4;2021-06-28;83767
2021-06-27;"Banskobystrický kraj";0;4369;5;4374;NA;274932;5;2021-06-27;83763
2021-06-26;"Banskobystrický kraj";0;4289;4;4293;NA;274932;4;2021-06-26;83758
2021-06-25;"Banskobystrický kraj";2;6717;2;6719;NA;274932;4;2021-06-25;83754
2021-06-24;"Banskobystrický kraj";6;4585;2;4587;NA;274932;8;2021-06-24;83750
2021-06-23;"Banskobystrický kraj";4;4947;0;4947;NA;274932;4;2021-06-23;83742
2021-06-22;"Banskobystrický kraj";7;4527;0;4527;NA;274932;7;2021-06-22;83738
2021-06-21;"Banskobystrický kraj";6;5836;8;5844;NA;274932;14;2021-06-21;83731
2021-06-20;"Banskobystrický kraj";0;5055;7;5062;NA;274932;7;2021-06-20;83717
2021-06-19;"Banskobystrický kraj";0;5639;4;5643;NA;274932;4;2021-06-19;83710
2021-06-18;"Banskobystrický kraj";4;7642;1;7643;NA;274932;5;2021-06-18;83706
2021-06-17;"Banskobystrický kraj";2;5245;3;5248;NA;274932;5;2021-06-17;83701
2021-06-16;"Banskobystrický kraj";10;5951;5;5956;NA;274932;15;2021-06-16;83696
2021-06-15;"Banskobystrický kraj";9;5576;6;5582;NA;274932;15;2021-06-15;83681
2021-06-14;"Banskobystrický kraj";8;6922;7;6929;NA;274932;15;2021-06-14;83666
2021-06-13;"Banskobystrický kraj";0;6407;7;6414;NA;274932;7;2021-06-13;83651
2021-06-12;"Banskobystrický kraj";3;6338;6;6344;NA;274932;9;2021-06-12;83644
2021-06-11;"Banskobystrický kraj";5;9693;15;9708;NA;274932;20;2021-06-11;83635
2021-06-10;"Banskobystrický kraj";10;5726;8;5734;NA;274932;18;2021-06-10;83615
2021-06-09;"Banskobystrický kraj";9;5720;4;5724;NA;274932;13;2021-06-09;83597
2021-06-08;"Banskobystrický kraj";15;5645;10;5655;NA;274932;25;2021-06-08;83584
2021-06-07;"Banskobystrický kraj";4;7582;21;7603;NA;274932;25;2021-06-07;83559
2021-06-06;"Banskobystrický kraj";1;7497;12;7509;NA;274932;13;2021-06-06;83534
2021-06-05;"Banskobystrický kraj";15;7531;9;7540;NA;274932;24;2021-06-05;83521
2021-06-04;"Banskobystrický kraj";2;9352;14;9366;NA;274932;16;2021-06-04;83497
2021-06-03;"Banskobystrický kraj";8;6507;24;6531;NA;274932;32;2021-06-03;83481
2021-06-02;"Banskobystrický kraj";7;6837;6;6843;NA;274932;13;2021-06-02;83449
2021-06-01;"Banskobystrický kraj";12;7146;14;7160;NA;274932;26;2021-06-01;83436
2021-05-31;"Banskobystrický kraj";4;9546;31;9577;NA;274932;35;2021-05-31;83410
2021-05-30;"Banskobystrický kraj";3;8959;19;8978;NA;274932;22;2021-05-30;83375
2021-05-29;"Banskobystrický kraj";11;9763;18;9781;NA;274932;29;2021-05-29;83353
2021-05-28;"Banskobystrický kraj";13;11908;27;11935;NA;274932;40;2021-05-28;83324
2021-05-27;"Banskobystrický kraj";7;8760;12;8772;NA;274932;19;2021-05-27;83284
2021-05-26;"Banskobystrický kraj";18;7905;17;7922;NA;274932;35;2021-05-26;83265
2021-05-25;"Banskobystrický kraj";27;8951;30;8981;NA;274932;57;2021-05-25;83230
2021-05-24;"Banskobystrický kraj";9;12472;44;12516;NA;274932;53;2021-05-24;83173
2021-05-23;"Banskobystrický kraj";0;9798;27;9825;NA;274932;27;2021-05-23;83120
2021-05-22;"Banskobystrický kraj";20;9608;26;9634;NA;274932;46;2021-05-22;83093
2021-05-21;"Banskobystrický kraj";22;12796;25;12821;NA;274932;47;2021-05-21;83047
2021-05-20;"Banskobystrický kraj";14;8994;25;9019;NA;274932;39;2021-05-20;83000
2021-05-19;"Banskobystrický kraj";42;8608;21;8629;NA;274932;63;2021-05-19;82961
2021-05-18;"Banskobystrický kraj";27;9450;25;9475;NA;274932;52;2021-05-18;82898
2021-05-17;"Banskobystrický kraj";11;13399;33;13432;NA;274932;44;2021-05-17;82846
2021-05-16;"Banskobystrický kraj";15;14072;26;14098;NA;274932;41;2021-05-16;82802
2021-05-15;"Banskobystrický kraj";11;15356;29;15385;NA;274932;40;2021-05-15;82761
2021-05-14;"Banskobystrický kraj";35;18939;45;18984;NA;274932;80;2021-05-14;82721
2021-05-13;"Banskobystrický kraj";37;10605;40;10645;NA;274932;77;2021-05-13;82641
2021-05-12;"Banskobystrický kraj";31;10860;45;10905;NA;274932;76;2021-05-12;82564
2021-05-11;"Banskobystrický kraj";42;11328;48;11376;NA;274932;90;2021-05-11;82488
2021-05-10;"Banskobystrický kraj";28;17621;68;17689;NA;274932;96;2021-05-10;82398
2021-05-09;"Banskobystrický kraj";25;21902;68;21970;NA;274932;93;2021-05-09;82302
2021-05-08;"Banskobystrický kraj";11;14285;26;14311;NA;274932;37;2021-05-08;82209
2021-05-07;"Banskobystrický kraj";41;21809;78;21887;NA;274932;119;2021-05-07;82172
2021-05-06;"Banskobystrický kraj";36;12254;70;12324;NA;274932;106;2021-05-06;82053
2021-05-05;"Banskobystrický kraj";34;12595;63;12658;NA;274932;97;2021-05-05;81947
2021-05-04;"Banskobystrický kraj";83;13888;47;13935;NA;274932;130;2021-05-04;81850
2021-05-03;"Banskobystrický kraj";30;20875;80;20955;NA;274932;110;2021-05-03;81720
2021-05-02;"Banskobystrický kraj";6;33040;60;33100;NA;274932;66;2021-05-02;81610
2021-05-01;"Banskobystrický kraj";54;36903;67;36970;NA;274932;121;2021-05-01;81544
2021-04-30;"Banskobystrický kraj";38;34957;86;35043;NA;274932;124;2021-04-30;81423
2021-04-29;"Banskobystrický kraj";55;16839;68;16907;NA;274932;123;2021-04-29;81299
2021-04-28;"Banskobystrický kraj";66;17959;67;18026;NA;274932;133;2021-04-28;81176
2021-04-27;"Banskobystrický kraj";70;19152;73;19225;NA;274932;143;2021-04-27;81043
2021-04-26;"Banskobystrický kraj";34;28517;101;28618;NA;274932;135;2021-04-26;80900
2021-04-25;"Banskobystrický kraj";14;40601;106;40707;NA;274932;120;2021-04-25;80765
2021-04-24;"Banskobystrický kraj";40;51944;98;52042;NA;274932;138;2021-04-24;80645
2021-04-23;"Banskobystrický kraj";78;37922;88;38010;NA;274932;166;2021-04-23;80507
2021-04-22;"Banskobystrický kraj";51;17415;57;17472;NA;274932;108;2021-04-22;80341
2021-04-21;"Banskobystrický kraj";76;19218;94;19312;NA;274932;170;2021-04-21;80233
2021-04-20;"Banskobystrický kraj";116;21234;98;21332;NA;274932;214;2021-04-20;80063
2021-04-19;"Banskobystrický kraj";48;31408;105;31513;NA;274932;153;2021-04-19;79849
2021-04-18;"Banskobystrický kraj";16;43375;90;43465;NA;274932;106;2021-04-18;79696
2021-04-17;"Banskobystrický kraj";42;64939;92;65031;NA;274932;134;2021-04-17;79590
2021-04-16;"Banskobystrický kraj";72;37307;100;37407;NA;274932;172;2021-04-16;79456
2021-04-15;"Banskobystrický kraj";67;20127;83;20210;NA;274932;150;2021-04-15;79284
2021-04-14;"Banskobystrický kraj";69;21260;86;21346;NA;274932;155;2021-04-14;79134
2021-04-13;"Banskobystrický kraj";130;23076;77;23153;NA;274932;207;2021-04-13;78979
2021-04-12;"Banskobystrický kraj";60;32272;130;32402;NA;274932;190;2021-04-12;78772
2021-04-11;"Banskobystrický kraj";0;41367;88;41455;NA;274932;88;2021-04-11;78582
2021-04-10;"Banskobystrický kraj";56;64728;141;64869;NA;274932;197;2021-04-10;78494
2021-04-09;"Banskobystrický kraj";106;31570;118;31688;NA;274932;224;2021-04-09;78297
2021-04-08;"Banskobystrický kraj";132;19000;148;19148;NA;274932;280;2021-04-08;78073
2021-04-07;"Banskobystrický kraj";226;25121;94;25215;NA;274932;320;2021-04-07;77793
2021-04-06;"Banskobystrický kraj";93;42496;187;42683;NA;274932;280;2021-04-06;77473
2021-04-05;"Banskobystrický kraj";15;11797;87;11884;NA;274932;102;2021-04-05;77193
2021-04-04;"Banskobystrický kraj";24;19683;79;19762;NA;274932;103;2021-04-04;77091
2021-04-03;"Banskobystrický kraj";5;72553;211;72764;NA;274932;216;2021-04-03;76988
2021-04-02;"Banskobystrický kraj";71;13455;66;13521;NA;274932;137;2021-04-02;76772
2021-04-01;"Banskobystrický kraj";171;39407;200;39607;NA;274932;371;2021-04-01;76635
2021-03-31;"Banskobystrický kraj";147;25543;161;25704;NA;274932;308;2021-03-31;76264
2021-03-30;"Banskobystrický kraj";167;21442;159;21601;NA;274932;326;2021-03-30;75956
2021-03-29;"Banskobystrický kraj";119;29492;218;29710;NA;274932;337;2021-03-29;75630
2021-03-28;"Banskobystrický kraj";25;40610;189;40799;NA;274932;214;2021-03-28;75293
2021-03-27;"Banskobystrický kraj";85;63414;260;63674;NA;274932;345;2021-03-27;75079
2021-03-26;"Banskobystrický kraj";122;43671;240;43911;NA;274932;362;2021-03-26;74734
2021-03-25;"Banskobystrický kraj";120;21598;240;21838;NA;274932;360;2021-03-25;74372
2021-03-24;"Banskobystrický kraj";200;19337;227;19564;NA;274932;427;2021-03-24;74012
2021-03-23;"Banskobystrický kraj";241;21541;257;21798;NA;274932;498;2021-03-23;73585
2021-03-22;"Banskobystrický kraj";65;30480;274;30754;NA;274932;339;2021-03-22;73087
2021-03-21;"Banskobystrický kraj";31;40039;280;40319;NA;274932;311;2021-03-21;72748
2021-03-20;"Banskobystrický kraj";119;67926;383;68309;NA;274932;502;2021-03-20;72437
2021-03-19;"Banskobystrický kraj";240;44038;306;44344;NA;274932;546;2021-03-19;71935
2021-03-18;"Banskobystrický kraj";160;22469;273;22742;NA;274932;433;2021-03-18;71389
2021-03-17;"Banskobystrický kraj";262;21573;245;21818;NA;274932;507;2021-03-17;70956
2021-03-16;"Banskobystrický kraj";340;23349;224;23573;NA;274932;564;2021-03-16;70449
2021-03-15;"Banskobystrický kraj";95;32306;366;32672;NA;274932;461;2021-03-15;69885
2021-03-14;"Banskobystrický kraj";39;39212;218;39430;NA;274932;257;2021-03-14;69424
2021-03-13;"Banskobystrický kraj";209;67463;395;67858;NA;274932;604;2021-03-13;69167
2021-03-12;"Banskobystrický kraj";206;41444;330;41774;NA;274932;536;2021-03-12;68563
2021-03-11;"Banskobystrický kraj";228;21338;274;21612;NA;274932;502;2021-03-11;68027
2021-03-10;"Banskobystrický kraj";260;20408;241;20649;NA;274932;501;2021-03-10;67525
2021-03-09;"Banskobystrický kraj";352;21790;284;22074;NA;274932;636;2021-03-09;67024
2021-03-08;"Banskobystrický kraj";191;31471;427;31898;NA;274932;618;2021-03-08;66388
2021-03-07;"Banskobystrický kraj";60;39191;295;39486;NA;274932;355;2021-03-07;65770
2021-03-06;"Banskobystrický kraj";164;70897;410;71307;NA;274932;574;2021-03-06;65415
2021-03-05;"Banskobystrický kraj";221;42336;389;42725;NA;274932;610;2021-03-05;64841
2021-03-04;"Banskobystrický kraj";226;22009;334;22343;NA;274932;560;2021-03-04;64231
2021-03-03;"Banskobystrický kraj";317;21949;331;22280;NA;274932;648;2021-03-03;63671
2021-03-02;"Banskobystrický kraj";291;23160;354;23514;NA;274932;645;2021-03-02;63023
2021-03-01;"Banskobystrický kraj";151;31773;434;32207;NA;274932;585;2021-03-01;62378
2021-02-28;"Banskobystrický kraj";45;38665;336;39001;NA;274932;381;2021-02-28;61793
2021-02-27;"Banskobystrický kraj";289;66667;529;67196;NA;274932;818;2021-02-27;61412
2021-02-26;"Banskobystrický kraj";326;39674;468;40142;NA;274932;794;2021-02-26;60594
2021-02-25;"Banskobystrický kraj";375;18081;366;18447;NA;274932;741;2021-02-25;59800
2021-02-24;"Banskobystrický kraj";332;16735;373;17108;NA;274932;705;2021-02-24;59059
2021-02-23;"Banskobystrický kraj";462;19932;439;20371;NA;274932;901;2021-02-23;58354
2021-02-22;"Banskobystrický kraj";67;28643;598;29241;NA;274932;665;2021-02-22;57453
2021-02-21;"Banskobystrický kraj";68;37619;444;38063;NA;274932;512;2021-02-21;56788
2021-02-20;"Banskobystrický kraj";280;68851;598;69449;NA;274932;878;2021-02-20;56276
2021-02-19;"Banskobystrický kraj";420;39888;511;40399;NA;274932;931;2021-02-19;55398
2021-02-18;"Banskobystrický kraj";241;18618;396;19014;NA;274932;637;2021-02-18;54467
2021-02-17;"Banskobystrický kraj";415;16740;389;17129;NA;274932;804;2021-02-17;53830
2021-02-16;"Banskobystrický kraj";338;19731;368;20099;NA;274932;706;2021-02-16;53026
2021-02-15;"Banskobystrický kraj";118;35835;591;36426;NA;274932;709;2021-02-15;52320
2021-02-14;"Banskobystrický kraj";60;31894;386;32280;NA;274932;446;2021-02-14;51611
2021-02-13;"Banskobystrický kraj";202;53889;492;54381;NA;274932;694;2021-02-13;51165
2021-02-12;"Banskobystrický kraj";312;37270;533;37803;NA;274932;845;2021-02-12;50471
2021-02-11;"Banskobystrický kraj";305;21196;386;21582;NA;274932;691;2021-02-11;49626
2021-02-10;"Banskobystrický kraj";333;14790;344;15134;NA;274932;677;2021-02-10;48935
2021-02-09;"Banskobystrický kraj";329;18504;362;18866;NA;274932;691;2021-02-09;48258
2021-02-08;"Banskobystrický kraj";103;49716;695;50411;NA;274932;798;2021-02-08;47567
2021-02-07;"Banskobystrický kraj";70;37659;335;37994;NA;274932;405;2021-02-07;46769
2021-02-06;"Banskobystrický kraj";178;69388;570;69958;NA;274932;748;2021-02-06;46364
2021-02-05;"Banskobystrický kraj";282;24577;363;24940;NA;274932;645;2021-02-05;45616
2021-02-04;"Banskobystrický kraj";240;14367;430;14797;NA;274932;670;2021-02-04;44971
2021-02-03;"Banskobystrický kraj";350;9459;255;9714;NA;274932;605;2021-02-03;44301
2021-02-02;"Banskobystrický kraj";277;15741;334;16075;NA;274932;611;2021-02-02;43696
2021-02-01;"Banskobystrický kraj";75;24346;489;24835;NA;274932;564;2021-02-01;43085
2021-01-31;"Banskobystrický kraj";34;19983;201;20184;NA;274932;235;2021-01-31;42521
2021-01-30;"Banskobystrický kraj";163;63896;525;64421;NA;274932;688;2021-01-30;42286
2021-01-29;"Banskobystrický kraj";196;17368;274;17642;NA;274932;470;2021-01-29;41598
2021-01-28;"Banskobystrický kraj";218;15613;382;15995;NA;274932;600;2021-01-28;41128
2021-01-27;"Banskobystrický kraj";191;8132;200;8332;NA;274932;391;2021-01-27;40528
2021-01-26;"Banskobystrický kraj";238;19795;283;20078;NA;274932;521;2021-01-26;40137
2021-01-25;"Banskobystrický kraj";82;33666;412;34078;NA;274932;494;2021-01-25;39616
2021-01-24;"Banskobystrický kraj";38;35587;278;35865;NA;274932;316;2021-01-24;39122
2021-01-23;"Banskobystrický kraj";142;89058;523;89581;NA;274932;665;2021-01-23;38806
2021-01-22;"Banskobystrický kraj";175;25887;355;26242;NA;274932;530;2021-01-22;38141
2021-01-21;"Banskobystrický kraj";194;17063;279;17342;NA;274932;473;2021-01-21;37611
2021-01-20;"Banskobystrický kraj";231;9142;186;9328;NA;274932;417;2021-01-20;37138
2021-01-19;"Banskobystrický kraj";213;10708;311;11019;NA;274932;524;2021-01-19;36721
2021-01-18;"Banskobystrický kraj";94;7402;401;7803;NA;274932;495;2021-01-18;36197
2021-01-17;"Banskobystrický kraj";110;8154;77;8231;NA;274932;187;2021-01-17;35702
2021-01-16;"Banskobystrický kraj";58;2274;57;2331;NA;274932;115;2021-01-16;35515
2021-01-15;"Banskobystrický kraj";164;7673;217;7890;NA;274932;381;2021-01-15;35400
2021-01-14;"Banskobystrický kraj";220;5760;325;6085;NA;274932;545;2021-01-14;35019
2021-01-13;"Banskobystrický kraj";235;5974;217;6191;NA;274932;452;2021-01-13;34474
2021-01-12;"Banskobystrický kraj";194;6600;290;6890;NA;274932;484;2021-01-12;34022
2021-01-11;"Banskobystrický kraj";76;8231;481;8712;NA;274932;557;2021-01-11;33538
2021-01-10;"Banskobystrický kraj";110;433;4;437;NA;274932;114;2021-01-10;32981
2021-01-09;"Banskobystrický kraj";297;2378;81;2459;NA;274932;378;2021-01-09;32867
2021-01-08;"Banskobystrický kraj";435;9805;443;10248;NA;274932;878;2021-01-08;32489
2021-01-07;"Banskobystrický kraj";127;6322;366;6688;NA;274932;493;2021-01-07;31611
2021-01-06;"Banskobystrický kraj";305;3374;185;3559;NA;274932;490;2021-01-06;31118
2021-01-05;"Banskobystrický kraj";372;7349;533;7882;NA;274932;905;2021-01-05;30628
2021-01-04;"Banskobystrický kraj";130;7087;700;7787;NA;274932;830;2021-01-04;29723
2021-01-03;"Banskobystrický kraj";199;320;19;339;NA;274932;218;2021-01-03;28893
2021-01-02;"Banskobystrický kraj";123;702;85;787;NA;274932;208;2021-01-02;28675
2021-01-01;"Banskobystrický kraj";220;1958;132;2090;NA;274932;352;2021-01-01;28467
2020-12-31;"Banskobystrický kraj";499;7679;633;8312;NA;274932;1132;2020-12-31;28115
2020-12-30;"Banskobystrický kraj";593;7407;541;7948;NA;274932;1134;2020-12-30;26983
2020-12-29;"Banskobystrický kraj";240;7876;660;8536;NA;274932;900;2020-12-29;25849
2020-12-28;"Banskobystrický kraj";131;6120;720;6840;NA;274932;851;2020-12-28;24949
2020-12-27;"Banskobystrický kraj";116;541;25;566;NA;274932;141;2020-12-27;24098
2020-12-26;"Banskobystrický kraj";61;295;35;330;NA;274932;96;2020-12-26;23957
2020-12-25;"Banskobystrický kraj";65;888;10;898;NA;274932;75;2020-12-25;23861
2020-12-24;"Banskobystrický kraj";452;3685;135;3820;NA;274932;587;2020-12-24;23786
2020-12-23;"Banskobystrický kraj";368;9892;473;10365;NA;274932;841;2020-12-23;23199
2020-12-22;"Banskobystrický kraj";307;8468;619;9087;NA;274932;926;2020-12-22;22358
2020-12-21;"Banskobystrický kraj";286;4922;455;5377;NA;274932;741;2020-12-21;21432
2020-12-20;"Banskobystrický kraj";155;250;14;264;NA;274932;169;2020-12-20;20691
2020-12-19;"Banskobystrický kraj";170;3084;138;3222;NA;274932;308;2020-12-19;20522
2020-12-18;"Banskobystrický kraj";432;5959;331;6290;NA;274932;763;2020-12-18;20214
2020-12-17;"Banskobystrický kraj";468;8753;653;9406;NA;274932;1121;2020-12-17;19451
2020-12-16;"Banskobystrický kraj";379;10184;567;10751;NA;274932;946;2020-12-16;18330
2020-12-15;"Banskobystrický kraj";336;5281;425;5706;NA;274932;761;2020-12-15;17384
2020-12-14;"Banskobystrický kraj";148;4012;259;4271;NA;274932;407;2020-12-14;16623
2020-12-13;"Banskobystrický kraj";122;142;1;143;NA;274932;123;2020-12-13;16216
2020-12-12;"Banskobystrický kraj";137;2714;138;2852;NA;274932;275;2020-12-12;16093
2020-12-11;"Banskobystrický kraj";468;6633;362;6995;NA;274932;830;2020-12-11;15818
2020-12-10;"Banskobystrický kraj";280;5501;369;5870;NA;274932;649;2020-12-10;14988
2020-12-09;"Banskobystrický kraj";323;3941;205;4146;NA;274932;528;2020-12-09;14339
2020-12-08;"Banskobystrický kraj";256;3782;272;4054;NA;274932;528;2020-12-08;13811
2020-12-07;"Banskobystrický kraj";175;2633;177;2810;NA;274932;352;2020-12-07;13283
2020-12-06;"Banskobystrický kraj";121;507;11;518;NA;274932;132;2020-12-06;12931
2020-12-05;"Banskobystrický kraj";109;1099;34;1133;NA;274932;143;2020-12-05;12799
2020-12-04;"Banskobystrický kraj";339;3828;174;4002;NA;274932;513;2020-12-04;12656
2020-12-03;"Banskobystrický kraj";240;3193;234;3427;NA;274932;474;2020-12-03;12143
2020-12-02;"Banskobystrický kraj";217;4442;186;4628;NA;274932;403;2020-12-02;11669
2020-12-01;"Banskobystrický kraj";215;2702;134;2836;NA;274932;349;2020-12-01;11266
2020-11-30;"Banskobystrický kraj";74;4314;241;4555;NA;274932;315;2020-11-30;10917
2020-11-29;"Banskobystrický kraj";19;208;7;215;NA;274932;26;2020-11-29;10602
2020-11-28;"Banskobystrický kraj";81;1408;55;1463;NA;274932;136;2020-11-28;10576
2020-11-27;"Banskobystrický kraj";219;2566;123;2689;NA;274932;342;2020-11-27;10440
2020-11-26;"Banskobystrický kraj";208;2124;93;2217;NA;274932;301;2020-11-26;10098
2020-11-25;"Banskobystrický kraj";170;1952;86;2038;NA;274932;256;2020-11-25;9797
2020-11-24;"Banskobystrický kraj";166;2566;69;2635;NA;274932;235;2020-11-24;9541
2020-11-23;"Banskobystrický kraj";66;10147;193;10340;NA;274932;259;2020-11-23;9306
2020-11-22;"Banskobystrický kraj";38;104;1;105;NA;274932;39;2020-11-22;9047
2020-11-21;"Banskobystrický kraj";52;904;14;918;NA;274932;66;2020-11-21;9008
2020-11-20;"Banskobystrický kraj";127;2005;107;2112;NA;274932;234;2020-11-20;8942
2020-11-19;"Banskobystrický kraj";170;1218;82;1300;NA;274932;252;2020-11-19;8708
2020-11-18;"Banskobystrický kraj";153;698;65;763;NA;274932;218;2020-11-18;8456
2020-11-17;"Banskobystrický kraj";52;578;35;613;NA;274932;87;2020-11-17;8238
2020-11-16;"Banskobystrický kraj";106;470;25;495;NA;274932;131;2020-11-16;8151
2020-11-15;"Banskobystrický kraj";52;301;4;305;NA;274932;56;2020-11-15;8020
2020-11-14;"Banskobystrický kraj";73;305;2;307;NA;274932;75;2020-11-14;7964
2020-11-13;"Banskobystrický kraj";157;552;11;563;NA;274932;168;2020-11-13;7889
2020-11-12;"Banskobystrický kraj";218;952;44;996;NA;274932;262;2020-11-12;7721
2020-11-11;"Banskobystrický kraj";224;437;9;446;NA;274932;233;2020-11-11;7459
2020-11-10;"Banskobystrický kraj";263;463;18;481;NA;274932;281;2020-11-10;7226
2020-11-09;"Banskobystrický kraj";80;2678;31;2709;NA;274932;111;2020-11-09;6945
2020-11-08;"Banskobystrický kraj";82;981;16;997;NA;274932;98;2020-11-08;6834
2020-11-07;"Banskobystrický kraj";164;8828;94;8922;NA;274932;258;2020-11-07;6736
2020-11-06;"Banskobystrický kraj";227;2496;16;2512;NA;274932;243;2020-11-06;6478
2020-11-05;"Banskobystrický kraj";240;290;33;323;NA;274932;273;2020-11-05;6235
2020-11-04;"Banskobystrický kraj";254;1366;13;1379;NA;274932;267;2020-11-04;5962
2020-11-03;"Banskobystrický kraj";246;1332;4;1336;NA;274932;250;2020-11-03;5695
2020-11-02;"Banskobystrický kraj";90;2909;65;2974;NA;274932;155;2020-11-02;5445
2020-11-01;"Banskobystrický kraj";101;2671;42;2713;NA;274932;143;2020-11-01;5290
2020-10-31;"Banskobystrický kraj";199;13516;116;13632;NA;274932;315;2020-10-31;5147
2020-10-30;"Banskobystrický kraj";254;2829;20;2849;NA;274932;274;2020-10-30;4832
2020-10-29;"Banskobystrický kraj";372;969;42;1011;NA;274932;414;2020-10-29;4558
2020-10-28;"Banskobystrický kraj";285;302;30;332;NA;274932;315;2020-10-28;4144
2020-10-27;"Banskobystrický kraj";266;654;40;694;NA;274932;306;2020-10-27;3829
2020-10-26;"Banskobystrický kraj";38;234;29;263;NA;274932;67;2020-10-26;3523
2020-10-25;"Banskobystrický kraj";50;140;11;151;NA;274932;61;2020-10-25;3456
2020-10-24;"Banskobystrický kraj";315;114;12;126;NA;274932;327;2020-10-24;3395
2020-10-23;"Banskobystrický kraj";231;230;29;259;NA;274932;260;2020-10-23;3068
2020-10-22;"Banskobystrický kraj";264;253;24;277;NA;274932;288;2020-10-22;2808
2020-10-21;"Banskobystrický kraj";209;266;3;269;NA;274932;212;2020-10-21;2520
2020-10-20;"Banskobystrický kraj";210;66;3;69;NA;274932;213;2020-10-20;2308
2020-10-19;"Banskobystrický kraj";27;73;12;85;NA;274932;39;2020-10-19;2095
2020-10-18;"Banskobystrický kraj";49;0;0;0;NA;274932;49;2020-10-18;2056
2020-10-17;"Banskobystrický kraj";91;0;0;0;NA;274932;91;2020-10-17;2007
2020-10-16;"Banskobystrický kraj";224;37;3;40;NA;274932;227;2020-10-16;1916
2020-10-15;"Banskobystrický kraj";133;29;1;30;NA;274932;134;2020-10-15;1689
2020-10-14;"Banskobystrický kraj";139;31;1;32;NA;274932;140;2020-10-14;1555
2020-10-13;"Banskobystrický kraj";151;169;11;180;NA;274932;162;2020-10-13;1415
2020-10-12;"Banskobystrický kraj";11;110;4;114;NA;274932;15;2020-10-12;1253
2020-10-11;"Banskobystrický kraj";14;0;0;0;NA;274932;14;2020-10-11;1238
2020-10-10;"Banskobystrický kraj";53;0;0;0;NA;274932;53;2020-10-10;1224
2020-10-09;"Banskobystrický kraj";128;0;0;0;NA;274932;128;2020-10-09;1171
2020-10-08;"Banskobystrický kraj";99;0;0;0;NA;274932;99;2020-10-08;1043
2020-10-07;"Banskobystrický kraj";124;0;0;0;NA;274932;124;2020-10-07;944
2020-10-06;"Banskobystrický kraj";68;0;0;0;NA;274932;68;2020-10-06;820
2020-10-05;"Banskobystrický kraj";49;0;0;0;NA;274932;49;2020-10-05;752
2020-10-04;"Banskobystrický kraj";8;0;0;0;NA;274932;8;2020-10-04;703
2020-10-03;"Banskobystrický kraj";37;0;0;0;NA;274932;37;2020-10-03;695
2020-10-02;"Banskobystrický kraj";74;0;0;0;NA;274932;74;2020-10-02;658
2020-10-01;"Banskobystrický kraj";49;16;0;16;NA;274932;49;2020-10-01;584
2020-09-30;"Banskobystrický kraj";60;0;0;0;NA;274932;60;2020-09-30;535
2020-09-29;"Banskobystrický kraj";24;0;0;0;NA;274932;24;2020-09-29;475
2020-09-28;"Banskobystrický kraj";0;0;0;0;NA;274932;0;2020-09-28;451
2020-09-27;"Banskobystrický kraj";20;0;0;0;NA;274932;20;2020-09-27;451
2020-09-26;"Banskobystrický kraj";24;0;0;0;NA;274932;24;2020-09-26;431
2020-09-25;"Banskobystrický kraj";29;0;0;0;NA;274932;29;2020-09-25;407
2020-09-24;"Banskobystrický kraj";25;0;0;0;NA;274932;25;2020-09-24;378
2020-09-23;"Banskobystrický kraj";17;0;0;0;NA;274932;17;2020-09-23;353
2020-09-22;"Banskobystrický kraj";25;0;0;0;NA;274932;25;2020-09-22;336
2020-09-21;"Banskobystrický kraj";3;0;0;0;NA;274932;3;2020-09-21;311
2020-09-20;"Banskobystrický kraj";0;0;0;0;NA;274932;0;2020-09-20;308
2020-09-19;"Banskobystrický kraj";3;0;0;0;NA;274932;3;2020-09-19;308
2020-09-18;"Banskobystrický kraj";24;0;0;0;NA;274932;24;2020-09-18;305
2020-09-17;"Banskobystrický kraj";14;0;0;0;NA;274932;14;2020-09-17;281
2020-09-16;"Banskobystrický kraj";6;0;0;0;NA;274932;6;2020-09-16;267
2020-09-15;"Banskobystrický kraj";2;0;0;0;NA;274932;2;2020-09-15;261
2020-09-14;"Banskobystrický kraj";13;0;0;0;NA;274932;13;2020-09-14;259
2020-09-13;"Banskobystrický kraj";1;0;0;0;NA;274932;1;2020-09-13;246
2020-09-12;"Banskobystrický kraj";5;0;0;0;NA;274932;5;2020-09-12;245
2020-09-11;"Banskobystrický kraj";19;0;0;0;NA;274932;19;2020-09-11;240
2020-09-10;"Banskobystrický kraj";11;0;0;0;NA;274932;11;2020-09-10;221
2020-09-09;"Banskobystrický kraj";13;0;0;0;NA;274932;13;2020-09-09;210
2020-09-08;"Banskobystrický kraj";5;0;0;0;NA;274932;5;2020-09-08;197
2020-09-07;"Banskobystrický kraj";2;0;0;0;NA;274932;2;2020-09-07;192
2020-09-06;"Banskobystrický kraj";0;0;0;0;NA;274932;0;2020-09-06;190
2020-09-05;"Banskobystrický kraj";0;0;0;0;NA;274932;0;2020-09-05;190
2020-09-04;"Banskobystrický kraj";9;0;0;0;NA;274932;9;2020-09-04;190
2020-09-03;"Banskobystrický kraj";5;0;0;0;NA;274932;5;2020-09-03;181
2020-09-02;"Banskobystrický kraj";6;0;0;0;NA;274932;6;2020-09-02;176
2020-09-01;"Banskobystrický kraj";2;0;0;0;NA;274932;2;2020-09-01;170
2020-08-31;"Banskobystrický kraj";6;0;0;0;NA;274932;6;2020-08-31;168
2020-08-30;"Banskobystrický kraj";0;0;0;0;NA;274932;0;2020-08-30;162
2020-08-29;"Banskobystrický kraj";1;0;0;0;NA;274932;1;2020-08-29;162
2020-08-28;"Banskobystrický kraj";3;0;0;0;NA;274932;3;2020-08-28;161
2020-08-27;"Banskobystrický kraj";1;0;0;0;NA;274932;1;2020-08-27;158
2020-08-26;"Banskobystrický kraj";2;0;0;0;NA;274932;2;2020-08-26;157
2020-08-25;"Banskobystrický kraj";2;0;0;0;NA;274932;2;2020-08-25;155
2020-08-24;"Banskobystrický kraj";0;0;0;0;NA;274932;0;2020-08-24;153
2020-08-23;"Banskobystrický kraj";0;0;0;0;NA;274932;0;2020-08-23;153
2020-08-22;"Banskobystrický kraj";0;0;0;0;NA;274932;0;2020-08-22;153
2020-08-21;"Banskobystrický kraj";4;0;0;0;NA;274932;4;2020-08-21;153
2020-08-20;"Banskobystrický kraj";1;0;0;0;NA;274932;1;2020-08-20;149
2020-08-19;"Banskobystrický kraj";4;0;0;0;NA;274932;4;2020-08-19;148
2020-08-18;"Banskobystrický kraj";0;0;0;0;NA;274932;0;2020-08-18;144
2020-08-17;"Banskobystrický kraj";1;0;0;0;NA;274932;1;2020-08-17;144
2020-08-16;"Banskobystrický kraj";0;0;0;0;NA;274932;0;2020-08-16;143
2020-08-15;"Banskobystrický kraj";0;0;0;0;NA;274932;0;2020-08-15;143
2020-08-14;"Banskobystrický kraj";5;0;0;0;NA;274932;5;2020-08-14;143
2020-08-13;"Banskobystrický kraj";0;0;0;0;NA;274932;0;2020-08-13;138
2020-08-12;"Banskobystrický kraj";0;0;0;0;NA;274932;0;2020-08-12;138
2020-08-11;"Banskobystrický kraj";2;0;0;0;NA;274932;2;2020-08-11;138
2020-08-10;"Banskobystrický kraj";3;0;0;0;NA;274932;3;2020-08-10;136
2020-08-09;"Banskobystrický kraj";0;0;0;0;NA;274932;0;2020-08-09;133
2020-08-08;"Banskobystrický kraj";2;0;0;0;NA;274932;2;2020-08-08;133
2020-08-07;"Banskobystrický kraj";1;0;0;0;NA;274932;1;2020-08-07;131
2020-08-06;"Banskobystrický kraj";1;0;0;0;NA;274932;1;2020-08-06;130
2020-08-05;"Banskobystrický kraj";0;0;0;0;NA;274932;0;2020-08-05;129
2020-08-04;"Banskobystrický kraj";3;0;0;0;NA;274932;3;2020-08-04;129
2020-08-03;"Banskobystrický kraj";0;0;0;0;NA;274932;0;2020-08-03;126
2020-08-02;"Banskobystrický kraj";0;0;0;0;NA;274932;0;2020-08-02;126
2020-08-01;"Banskobystrický kraj";1;0;0;0;NA;274932;1;2020-08-01;126
2020-07-31;"Banskobystrický kraj";2;0;0;0;NA;274932;2;2020-07-31;125
2020-07-30;"Banskobystrický kraj";1;0;0;0;NA;274932;1;2020-07-30;123
2020-07-29;"Banskobystrický kraj";0;0;0;0;NA;274932;0;2020-07-29;122
2020-07-28;"Banskobystrický kraj";2;0;0;0;NA;274932;2;2020-07-28;122
2020-07-27;"Banskobystrický kraj";3;0;0;0;NA;274932;3;2020-07-27;120
2020-07-26;"Banskobystrický kraj";0;0;0;0;NA;274932;0;2020-07-26;117
2020-07-25;"Banskobystrický kraj";0;0;0;0;NA;274932;0;2020-07-25;117
2020-07-24;"Banskobystrický kraj";9;0;0;0;NA;274932;9;2020-07-24;117
2020-07-23;"Banskobystrický kraj";0;0;0;0;NA;274932;0;2020-07-23;108
2020-07-22;"Banskobystrický kraj";3;0;0;0;NA;274932;3;2020-07-22;108
2020-07-21;"Banskobystrický kraj";3;0;0;0;NA;274932;3;2020-07-21;105
2020-07-20;"Banskobystrický kraj";1;0;0;0;NA;274932;1;2020-07-20;102
2020-07-19;"Banskobystrický kraj";1;0;0;0;NA;274932;1;2020-07-19;101
2020-07-18;"Banskobystrický kraj";0;0;0;0;NA;274932;0;2020-07-18;100
2020-07-17;"Banskobystrický kraj";2;0;0;0;NA;274932;2;2020-07-17;100
2020-07-16;"Banskobystrický kraj";1;0;0;0;NA;274932;1;2020-07-16;98
2020-07-15;"Banskobystrický kraj";4;0;0;0;NA;274932;4;2020-07-15;97
2020-07-14;"Banskobystrický kraj";2;0;0;0;NA;274932;2;2020-07-14;93
2020-07-13;"Banskobystrický kraj";1;0;0;0;NA;274932;1;2020-07-13;91
2020-07-12;"Banskobystrický kraj";0;0;0;0;NA;274932;0;2020-07-12;90
2020-07-11;"Banskobystrický kraj";0;0;0;0;NA;274932;0;2020-07-11;90
2020-07-10;"Banskobystrický kraj";3;0;0;0;NA;274932;3;2020-07-10;90
2020-07-09;"Banskobystrický kraj";9;0;0;0;NA;274932;9;2020-07-09;87
2020-07-08;"Banskobystrický kraj";0;0;0;0;NA;274932;0;2020-07-08;78
2020-07-07;"Banskobystrický kraj";4;0;0;0;NA;274932;4;2020-07-07;78
2020-07-06;"Banskobystrický kraj";0;0;0;0;NA;274932;0;2020-07-06;74
2020-07-05;"Banskobystrický kraj";0;0;0;0;NA;274932;0;2020-07-05;74
2020-07-04;"Banskobystrický kraj";1;0;0;0;NA;274932;1;2020-07-04;74
2020-07-03;"Banskobystrický kraj";4;0;0;0;NA;274932;4;2020-07-03;73
2020-07-02;"Banskobystrický kraj";0;0;0;0;NA;274932;0;2020-07-02;69
2020-07-01;"Banskobystrický kraj";1;0;0;0;NA;274932;1;2020-07-01;69
2020-06-30;"Banskobystrický kraj";0;12;0;12;NA;274932;0;2020-06-30;68
2020-06-29;"Banskobystrický kraj";0;0;0;0;NA;274932;0;2020-06-29;68
2020-06-28;"Banskobystrický kraj";0;0;0;0;NA;274932;0;2020-06-28;68
2020-06-27;"Banskobystrický kraj";0;0;0;0;NA;274932;0;2020-06-27;68
2020-06-26;"Banskobystrický kraj";0;0;0;0;NA;274932;0;2020-06-26;68
2020-06-25;"Banskobystrický kraj";1;0;0;0;NA;274932;1;2020-06-25;68
2020-06-24;"Banskobystrický kraj";0;0;0;0;NA;274932;0;2020-06-24;67
2020-06-23;"Banskobystrický kraj";6;0;0;0;NA;274932;6;2020-06-23;67
2020-06-22;"Banskobystrický kraj";0;0;0;0;NA;274932;0;2020-06-22;61
2020-06-21;"Banskobystrický kraj";0;0;0;0;NA;274932;0;2020-06-21;61
2020-06-20;"Banskobystrický kraj";0;0;0;0;NA;274932;0;2020-06-20;61
2020-06-19;"Banskobystrický kraj";2;0;0;0;NA;274932;2;2020-06-19;61
2020-06-18;"Banskobystrický kraj";10;0;0;0;NA;274932;10;2020-06-18;59
2020-06-17;"Banskobystrický kraj";1;0;0;0;NA;274932;1;2020-06-17;49
2020-06-16;"Banskobystrický kraj";0;0;0;0;NA;274932;0;2020-06-16;48
2020-06-14;"Banskobystrický kraj";2;0;0;0;NA;274932;2;2020-06-14;48
2020-06-13;"Banskobystrický kraj";2;0;0;0;NA;274932;2;2020-06-13;46
2020-06-12;"Banskobystrický kraj";0;0;0;0;NA;274932;0;2020-06-12;44
2020-06-11;"Banskobystrický kraj";1;0;0;0;NA;274932;1;2020-06-11;44
2020-06-10;"Banskobystrický kraj";0;0;0;0;NA;274932;0;2020-06-10;43
2020-06-09;"Banskobystrický kraj";0;0;0;0;NA;274932;0;2020-06-09;43
2020-06-08;"Banskobystrický kraj";0;0;0;0;NA;274932;0;2020-06-08;43
2020-06-07;"Banskobystrický kraj";0;0;0;0;NA;274932;0;2020-06-07;43
2020-06-05;"Banskobystrický kraj";2;0;0;0;NA;274932;2;2020-06-05;43
2020-06-03;"Banskobystrický kraj";0;0;0;0;NA;274932;0;2020-06-03;41
2020-06-02;"Banskobystrický kraj";0;0;0;0;NA;274932;0;2020-06-02;41
2020-05-31;"Banskobystrický kraj";0;0;0;0;NA;274932;0;2020-05-31;41
2020-05-29;"Banskobystrický kraj";0;0;0;0;NA;274932;0;2020-05-29;41
2020-05-27;"Banskobystrický kraj";1;0;0;0;NA;274932;1;2020-05-27;41
2020-05-26;"Banskobystrický kraj";0;0;0;0;NA;274932;0;2020-05-26;40
2020-05-25;"Banskobystrický kraj";0;0;0;0;NA;274932;0;2020-05-25;40
2020-05-24;"Banskobystrický kraj";0;0;0;0;NA;274932;0;2020-05-24;40
2020-05-23;"Banskobystrický kraj";1;0;0;0;NA;274932;1;2020-05-23;40
2020-05-22;"Banskobystrický kraj";0;0;0;0;NA;274932;0;2020-05-22;39
2020-05-21;"Banskobystrický kraj";0;0;0;0;NA;274932;0;2020-05-21;39
2020-05-20;"Banskobystrický kraj";1;0;0;0;NA;274932;1;2020-05-20;39
2020-05-19;"Banskobystrický kraj";0;0;0;0;NA;274932;0;2020-05-19;38
2020-05-17;"Banskobystrický kraj";0;0;0;0;NA;274932;0;2020-05-17;38
2020-05-16;"Banskobystrický kraj";0;0;0;0;NA;274932;0;2020-05-16;38
2020-05-15;"Banskobystrický kraj";0;0;0;0;NA;274932;0;2020-05-15;38
2020-05-14;"Banskobystrický kraj";0;0;0;0;NA;274932;0;2020-05-14;38
2020-05-13;"Banskobystrický kraj";0;0;0;0;NA;274932;0;2020-05-13;38
2020-05-12;"Banskobystrický kraj";1;0;0;0;NA;274932;1;2020-05-12;38
2020-05-11;"Banskobystrický kraj";0;0;0;0;NA;274932;0;2020-05-11;37
2020-05-09;"Banskobystrický kraj";0;0;0;0;NA;274932;0;2020-05-09;37
2020-05-07;"Banskobystrický kraj";2;0;0;0;NA;274932;2;2020-05-07;37
2020-05-06;"Banskobystrický kraj";1;0;0;0;NA;274932;1;2020-05-06;35
2020-05-05;"Banskobystrický kraj";2;0;0;0;NA;274932;2;2020-05-05;34
2020-05-04;"Banskobystrický kraj";0;0;0;0;NA;274932;0;2020-05-04;32
2020-05-03;"Banskobystrický kraj";0;0;0;0;NA;274932;0;2020-05-03;32
2020-05-02;"Banskobystrický kraj";0;0;0;0;NA;274932;0;2020-05-02;32
2020-05-01;"Banskobystrický kraj";0;0;0;0;NA;274932;0;2020-05-01;32
2020-04-30;"Banskobystrický kraj";1;0;0;0;NA;274932;1;2020-04-30;32
2020-04-29;"Banskobystrický kraj";1;0;0;0;NA;274932;1;2020-04-29;31
2020-04-28;"Banskobystrický kraj";0;0;0;0;NA;274932;0;2020-04-28;30
2020-04-27;"Banskobystrický kraj";0;0;0;0;NA;274932;0;2020-04-27;30
2020-04-26;"Banskobystrický kraj";0;0;0;0;NA;274932;0;2020-04-26;30
2020-04-25;"Banskobystrický kraj";2;0;0;0;NA;274932;2;2020-04-25;30
2020-04-24;"Banskobystrický kraj";3;0;0;0;NA;274932;3;2020-04-24;28
2020-04-23;"Banskobystrický kraj";2;0;0;0;NA;274932;2;2020-04-23;25
2020-04-22;"Banskobystrický kraj";2;0;0;0;NA;274932;2;2020-04-22;23
2020-04-21;"Banskobystrický kraj";2;0;0;0;NA;274932;2;2020-04-21;21
2020-04-20;"Banskobystrický kraj";0;0;0;0;NA;274932;0;2020-04-20;19
2020-04-19;"Banskobystrický kraj";0;0;0;0;NA;274932;0;2020-04-19;19
2020-04-18;"Banskobystrický kraj";8;0;0;0;NA;274932;8;2020-04-18;19
2020-04-17;"Banskobystrický kraj";2;0;0;0;NA;274932;2;2020-04-17;11
2020-04-16;"Banskobystrický kraj";0;0;0;0;NA;274932;0;2020-04-16;9
2020-04-15;"Banskobystrický kraj";10;0;0;0;NA;274932;10;2020-04-15;9
2020-04-14;"Banskobystrický kraj";0;0;0;0;NA;274932;0;2020-04-14;-1
2020-04-13;"Banskobystrický kraj";2;0;0;0;NA;274932;2;2020-04-13;-1
2020-04-12;"Banskobystrický kraj";4;0;0;0;NA;274932;4;2020-04-12;-3
2020-04-11;"Banskobystrický kraj";1;0;0;0;NA;274932;1;2020-04-11;-7
2020-04-10;"Banskobystrický kraj";0;0;0;0;NA;274932;0;2020-04-10;-8
2020-04-09;"Banskobystrický kraj";2;0;0;0;NA;274932;2;2020-04-09;-8
2020-04-08;"Banskobystrický kraj";0;0;0;0;NA;274932;0;2020-04-08;-10
2020-04-07;"Banskobystrický kraj";4;0;0;0;NA;274932;4;2020-04-07;-10
2020-04-06;"Banskobystrický kraj";10;0;0;0;NA;274932;10;2020-04-06;-14
2020-04-05;"Banskobystrický kraj";9;0;0;0;NA;274932;9;2020-04-05;-24
2020-04-04;"Banskobystrický kraj";0;0;0;0;NA;274932;0;2020-04-04;-33
2020-04-03;"Banskobystrický kraj";2;0;0;0;NA;274932;2;2020-04-03;-33
2020-04-02;"Banskobystrický kraj";2;0;0;0;NA;274932;2;2020-04-02;-35
2020-04-01;"Banskobystrický kraj";5;0;0;0;NA;274932;5;2020-04-01;-37
2020-03-31;"Banskobystrický kraj";3;0;0;0;NA;274932;3;2020-03-31;-42
2020-03-30;"Banskobystrický kraj";1;0;0;0;NA;274932;1;2020-03-30;-45
2020-03-29;"Banskobystrický kraj";2;0;0;0;NA;274932;2;2020-03-29;-46
2020-03-28;"Banskobystrický kraj";1;0;0;0;NA;274932;1;2020-03-28;-48
2020-03-27;"Banskobystrický kraj";1;0;0;0;NA;274932;1;2020-03-27;-49
2020-03-26;"Banskobystrický kraj";1;0;0;0;NA;274932;1;2020-03-26;-50
2020-03-25;"Banskobystrický kraj";0;0;0;0;NA;274932;0;2020-03-25;-51
2020-03-24;"Banskobystrický kraj";1;0;0;0;NA;274932;1;2020-03-24;-51
2020-03-23;"Banskobystrický kraj";1;0;0;0;NA;274932;1;2020-03-23;-52
2020-03-22;"Banskobystrický kraj";0;0;0;0;NA;274932;0;2020-03-22;-53
2020-03-21;"Banskobystrický kraj";3;0;0;0;NA;274932;3;2020-03-21;-53
2020-03-20;"Banskobystrický kraj";0;0;0;0;NA;274932;0;2020-03-20;-56
2020-03-19;"Banskobystrický kraj";2;0;0;0;NA;274932;2;2020-03-19;-56
2020-03-18;"Banskobystrický kraj";1;0;0;0;NA;274932;1;2020-03-18;-58
2020-03-17;"Banskobystrický kraj";1;0;0;0;NA;274932;1;2020-03-17;-59
2020-03-16;"Banskobystrický kraj";0;0;0;0;NA;274932;0;2020-03-16;-60
2020-03-15;"Banskobystrický kraj";1;0;0;0;NA;274932;1;2020-03-15;-60
2020-03-14;"Banskobystrický kraj";0;0;0;0;NA;274932;0;2020-03-14;-61
2020-03-13;"Banskobystrický kraj";1;0;0;0;NA;274932;1;2020-03-13;-61
2020-03-12;"Banskobystrický kraj";0;0;0;0;NA;274932;0;2020-03-12;-62
2020-03-11;"Banskobystrický kraj";0;0;0;0;NA;274932;0;2020-03-11;-62
2020-03-09;"Banskobystrický kraj";0;0;0;0;NA;274932;0;2020-03-09;-62
2020-03-08;"Banskobystrický kraj";0;0;0;0;NA;274932;0;2020-03-08;-62
2020-03-07;"Banskobystrický kraj";0;0;0;0;NA;274932;0;2020-03-07;-62
2020-03-06;"Banskobystrický kraj";0;0;0;0;NA;274932;0;2020-03-06;-62
2022-06-23;"Bratislavský kraj";120;0;0;0;252593;346256;120;2022-06-23;346256
2022-06-22;"Bratislavský kraj";114;286;8;294;NA;346256;122;2022-06-22;346136
2022-06-21;"Bratislavský kraj";117;292;13;305;NA;346256;130;2022-06-21;346014
2022-06-20;"Bratislavský kraj";114;398;17;415;NA;346256;131;2022-06-20;345884
2022-06-19;"Bratislavský kraj";46;222;15;237;NA;346256;61;2022-06-19;345753
2022-06-18;"Bratislavský kraj";68;208;14;222;NA;346256;82;2022-06-18;345692
2022-06-17;"Bratislavský kraj";71;327;13;340;NA;346256;84;2022-06-17;345610
2022-06-16;"Bratislavský kraj";69;327;15;342;NA;346256;84;2022-06-16;345526
2022-06-15;"Bratislavský kraj";37;288;12;300;NA;346256;49;2022-06-15;345442
2022-06-14;"Bratislavský kraj";66;301;14;315;NA;346256;80;2022-06-14;345393
2022-06-13;"Bratislavský kraj";56;411;18;429;NA;346256;74;2022-06-13;345313
2022-06-12;"Bratislavský kraj";19;237;20;257;NA;346256;39;2022-06-12;345239
2022-06-11;"Bratislavský kraj";29;315;9;324;NA;346256;38;2022-06-11;345200
2022-06-10;"Bratislavský kraj";41;265;3;268;NA;346256;44;2022-06-10;345162
2022-06-09;"Bratislavský kraj";66;496;10;506;NA;346256;76;2022-06-09;345118
2022-06-08;"Bratislavský kraj";46;623;18;641;NA;346256;64;2022-06-08;345042
2022-06-07;"Bratislavský kraj";39;643;9;652;NA;346256;48;2022-06-07;344978
2022-06-06;"Bratislavský kraj";43;793;7;800;NA;346256;50;2022-06-06;344930
2022-06-05;"Bratislavský kraj";16;223;8;231;NA;346256;24;2022-06-05;344880
2022-06-04;"Bratislavský kraj";22;227;9;236;NA;346256;31;2022-06-04;344856
2022-06-03;"Bratislavský kraj";32;611;15;626;NA;346256;47;2022-06-03;344825
2022-06-02;"Bratislavský kraj";34;784;18;802;NA;346256;52;2022-06-02;344778
2022-06-01;"Bratislavský kraj";39;694;15;709;NA;346256;54;2022-06-01;344726
2022-05-31;"Bratislavský kraj";34;735;16;751;NA;346256;50;2022-05-31;344672
2022-05-30;"Bratislavský kraj";36;792;11;803;NA;346256;47;2022-05-30;344622
2022-05-29;"Bratislavský kraj";20;251;5;256;NA;346256;25;2022-05-29;344575
2022-05-28;"Bratislavský kraj";30;242;6;248;NA;346256;36;2022-05-28;344550
2022-05-27;"Bratislavský kraj";48;672;14;686;NA;346256;62;2022-05-27;344514
2022-05-26;"Bratislavský kraj";46;851;12;863;NA;346256;58;2022-05-26;344452
2022-05-25;"Bratislavský kraj";36;700;7;707;NA;346256;43;2022-05-25;344394
2022-05-24;"Bratislavský kraj";46;874;11;885;NA;346256;57;2022-05-24;344351
2022-05-23;"Bratislavský kraj";66;819;11;830;NA;346256;77;2022-05-23;344294
2022-05-22;"Bratislavský kraj";25;288;4;292;NA;346256;29;2022-05-22;344217
2022-05-21;"Bratislavský kraj";35;258;6;264;NA;346256;41;2022-05-21;344188
2022-05-20;"Bratislavský kraj";39;907;2;909;NA;346256;41;2022-05-20;344147
2022-05-19;"Bratislavský kraj";50;928;11;939;NA;346256;61;2022-05-19;344106
2022-05-18;"Bratislavský kraj";66;763;10;773;NA;346256;76;2022-05-18;344045
2022-05-17;"Bratislavský kraj";49;903;15;918;NA;346256;64;2022-05-17;343969
2022-05-16;"Bratislavský kraj";56;989;16;1005;NA;346256;72;2022-05-16;343905
2022-05-15;"Bratislavský kraj";16;316;5;321;NA;346256;21;2022-05-15;343833
2022-05-14;"Bratislavský kraj";33;410;11;421;NA;346256;44;2022-05-14;343812
2022-05-13;"Bratislavský kraj";63;962;8;970;NA;346256;71;2022-05-13;343768
2022-05-12;"Bratislavský kraj";59;936;13;949;NA;346256;72;2022-05-12;343697
2022-05-11;"Bratislavský kraj";89;988;17;1005;NA;346256;106;2022-05-11;343625
2022-05-10;"Bratislavský kraj";82;1004;17;1021;NA;346256;99;2022-05-10;343519
2022-05-09;"Bratislavský kraj";89;1108;36;1144;NA;346256;125;2022-05-09;343420
2022-05-08;"Bratislavský kraj";31;360;7;367;NA;346256;38;2022-05-08;343295
2022-05-07;"Bratislavský kraj";79;349;8;357;NA;346256;87;2022-05-07;343257
2022-05-06;"Bratislavský kraj";89;1043;14;1057;NA;346256;103;2022-05-06;343170
2022-05-05;"Bratislavský kraj";137;1136;11;1147;NA;346256;148;2022-05-05;343067
2022-05-04;"Bratislavský kraj";153;1159;28;1187;NA;346256;181;2022-05-04;342919
2022-05-03;"Bratislavský kraj";137;1206;29;1235;NA;346256;166;2022-05-03;342738
2022-05-02;"Bratislavský kraj";174;2123;51;2174;NA;346256;225;2022-05-02;342572
2022-05-01;"Bratislavský kraj";54;655;15;670;NA;346256;69;2022-05-01;342347
2022-04-30;"Bratislavský kraj";178;705;9;714;NA;346256;187;2022-04-30;342278
2022-04-29;"Bratislavský kraj";192;1911;34;1945;NA;346256;226;2022-04-29;342091
2022-04-28;"Bratislavský kraj";206;1731;21;1752;NA;346256;227;2022-04-28;341865
2022-04-27;"Bratislavský kraj";188;1875;24;1899;NA;346256;212;2022-04-27;341638
2022-04-26;"Bratislavský kraj";292;1786;37;1823;NA;346256;329;2022-04-26;341426
2022-04-25;"Bratislavský kraj";199;2342;46;2388;NA;346256;245;2022-04-25;341097
2022-04-24;"Bratislavský kraj";126;815;31;846;NA;346256;157;2022-04-24;340852
2022-04-23;"Bratislavský kraj";216;760;18;778;NA;346256;234;2022-04-23;340695
2022-04-22;"Bratislavský kraj";343;1780;43;1823;NA;346256;386;2022-04-22;340461
2022-04-21;"Bratislavský kraj";359;1933;59;1992;NA;346256;418;2022-04-21;340075
2022-04-20;"Bratislavský kraj";543;2153;48;2201;NA;346256;591;2022-04-20;339657
2022-04-19;"Bratislavský kraj";253;2891;99;2990;NA;346256;352;2022-04-19;339066
2022-04-18;"Bratislavský kraj";174;710;26;736;NA;346256;200;2022-04-18;338714
2022-04-17;"Bratislavský kraj";315;655;27;682;NA;346256;342;2022-04-17;338514
2022-04-16;"Bratislavský kraj";170;761;33;794;NA;346256;203;2022-04-16;338172
2022-04-15;"Bratislavský kraj";281;835;25;860;NA;346256;306;2022-04-15;337969
2022-04-14;"Bratislavský kraj";538;1896;63;1959;NA;346256;601;2022-04-14;337663
2022-04-13;"Bratislavský kraj";555;1917;47;1964;NA;346256;602;2022-04-13;337062
2022-04-12;"Bratislavský kraj";612;2239;68;2307;NA;346256;680;2022-04-12;336460
2022-04-11;"Bratislavský kraj";514;2967;105;3072;NA;346256;619;2022-04-11;335780
2022-04-10;"Bratislavský kraj";293;963;63;1026;NA;346256;356;2022-04-10;335161
2022-04-09;"Bratislavský kraj";610;898;43;941;NA;346256;653;2022-04-09;334805
2022-04-08;"Bratislavský kraj";668;1746;82;1828;NA;346256;750;2022-04-08;334152
2022-04-07;"Bratislavský kraj";833;2348;96;2444;NA;346256;929;2022-04-07;333402
2022-04-06;"Bratislavský kraj";865;2042;100;2142;NA;346256;965;2022-04-06;332473
2022-04-05;"Bratislavský kraj";914;2358;127;2485;NA;346256;1041;2022-04-05;331508
2022-04-04;"Bratislavský kraj";827;3232;167;3399;NA;346256;994;2022-04-04;330467
2022-04-03;"Bratislavský kraj";589;1031;70;1101;NA;346256;659;2022-04-03;329473
2022-04-02;"Bratislavský kraj";863;1128;75;1203;NA;346256;938;2022-04-02;328814
2022-04-01;"Bratislavský kraj";1381;2274;128;2402;NA;346256;1509;2022-04-01;327876
2022-03-31;"Bratislavský kraj";1305;2861;154;3015;NA;346256;1459;2022-03-31;326367
2022-03-30;"Bratislavský kraj";1516;2133;161;2294;NA;346256;1677;2022-03-30;324908
2022-03-29;"Bratislavský kraj";1327;2570;216;2786;NA;346256;1543;2022-03-29;323231
2022-03-28;"Bratislavský kraj";1275;4214;267;4481;NA;346256;1542;2022-03-28;321688
2022-03-27;"Bratislavský kraj";962;1236;151;1387;NA;346256;1113;2022-03-27;320146
2022-03-26;"Bratislavský kraj";1391;1170;105;1275;NA;346256;1496;2022-03-26;319033
2022-03-25;"Bratislavský kraj";1793;2513;170;2683;NA;346256;1963;2022-03-25;317537
2022-03-24;"Bratislavský kraj";1708;2866;197;3063;NA;346256;1905;2022-03-24;315574
2022-03-23;"Bratislavský kraj";2093;2832;200;3032;NA;346256;2293;2022-03-23;313669
2022-03-22;"Bratislavský kraj";1857;2889;236;3125;NA;346256;2093;2022-03-22;311376
2022-03-21;"Bratislavský kraj";1469;4361;383;4744;NA;346256;1852;2022-03-21;309283
2022-03-20;"Bratislavský kraj";935;1359;181;1540;NA;346256;1116;2022-03-20;307431
2022-03-19;"Bratislavský kraj";1672;1510;142;1652;NA;346256;1814;2022-03-19;306315
2022-03-18;"Bratislavský kraj";1977;2942;209;3151;NA;346256;2186;2022-03-18;304501
2022-03-17;"Bratislavský kraj";2024;3501;253;3754;NA;346256;2277;2022-03-17;302315
2022-03-16;"Bratislavský kraj";1895;2773;265;3038;NA;346256;2160;2022-03-16;300038
2022-03-15;"Bratislavský kraj";1982;3813;343;4156;NA;346256;2325;2022-03-15;297878
2022-03-14;"Bratislavský kraj";1557;4138;348;4486;NA;346256;1905;2022-03-14;295553
2022-03-13;"Bratislavský kraj";738;1324;166;1490;NA;346256;904;2022-03-13;293648
2022-03-12;"Bratislavský kraj";1632;1264;110;1374;NA;346256;1742;2022-03-12;292744
2022-03-11;"Bratislavský kraj";1184;3161;318;3479;NA;346256;1502;2022-03-11;291002
2022-03-10;"Bratislavský kraj";1706;3603;355;3958;NA;346256;2061;2022-03-10;289500
2022-03-09;"Bratislavský kraj";1723;2818;276;3094;NA;346256;1999;2022-03-09;287439
2022-03-08;"Bratislavský kraj";1925;3830;342;4172;NA;346256;2267;2022-03-08;285440
2022-03-07;"Bratislavský kraj";1451;4303;486;4789;NA;346256;1937;2022-03-07;283173
2022-03-06;"Bratislavský kraj";850;1557;217;1774;NA;346256;1067;2022-03-06;281236
2022-03-05;"Bratislavský kraj";1203;1345;183;1528;NA;346256;1386;2022-03-05;280169
2022-03-04;"Bratislavský kraj";1443;3024;309;3333;NA;346256;1752;2022-03-04;278783
2022-03-03;"Bratislavský kraj";1599;3287;330;3617;NA;346256;1929;2022-03-03;277031
2022-03-02;"Bratislavský kraj";1677;2555;319;2874;NA;346256;1996;2022-03-02;275102
2022-03-01;"Bratislavský kraj";1560;3676;344;4020;NA;346256;1904;2022-03-01;273106
2022-02-28;"Bratislavský kraj";1593;4052;472;4524;NA;346256;2065;2022-02-28;271202
2022-02-27;"Bratislavský kraj";1156;1746;227;1973;NA;346256;1383;2022-02-27;269137
2022-02-26;"Bratislavský kraj";1228;1749;209;1958;NA;346256;1437;2022-02-26;267754
2022-02-25;"Bratislavský kraj";1692;3604;323;3927;NA;346256;2015;2022-02-25;266317
2022-02-24;"Bratislavský kraj";1760;3992;324;4316;NA;346256;2084;2022-02-24;264302
2022-02-23;"Bratislavský kraj";2105;3450;393;3843;NA;346256;2498;2022-02-23;262218
2022-02-22;"Bratislavský kraj";2951;4213;384;4597;NA;346256;3335;2022-02-22;259720
2022-02-21;"Bratislavský kraj";781;5116;517;5633;NA;346256;1298;2022-02-21;256385
2022-02-20;"Bratislavský kraj";1314;2005;294;2299;NA;346256;1608;2022-02-20;255087
2022-02-19;"Bratislavský kraj";1510;1929;235;2164;NA;346256;1745;2022-02-19;253479
2022-02-18;"Bratislavský kraj";2315;3835;378;4213;NA;346256;2693;2022-02-18;251734
2022-02-17;"Bratislavský kraj";2279;4412;416;4828;NA;346256;2695;2022-02-17;249041
2022-02-16;"Bratislavský kraj";2137;3749;419;4168;NA;346256;2556;2022-02-16;246346
2022-02-15;"Bratislavský kraj";2276;4894;475;5369;NA;346256;2751;2022-02-15;243790
2022-02-14;"Bratislavský kraj";2700;6170;601;6771;NA;346256;3301;2022-02-14;241039
2022-02-13;"Bratislavský kraj";1343;2248;395;2643;NA;346256;1738;2022-02-13;237738
2022-02-12;"Bratislavský kraj";1872;2273;336;2609;NA;346256;2208;2022-02-12;236000
2022-02-11;"Bratislavský kraj";2431;5054;419;5473;NA;346256;2850;2022-02-11;233792
2022-02-10;"Bratislavský kraj";2595;4563;427;4990;NA;346256;3022;2022-02-10;230942
2022-02-09;"Bratislavský kraj";2414;4706;477;5183;NA;346256;2891;2022-02-09;227920
2022-02-08;"Bratislavský kraj";2878;5134;512;5646;NA;346256;3390;2022-02-08;225029
2022-02-07;"Bratislavský kraj";2636;6970;668;7638;NA;346256;3304;2022-02-07;221639
2022-02-06;"Bratislavský kraj";1680;3005;382;3387;NA;346256;2062;2022-02-06;218335
2022-02-05;"Bratislavský kraj";2156;2456;315;2771;NA;346256;2471;2022-02-05;216273
2022-02-04;"Bratislavský kraj";2586;4679;408;5087;NA;346256;2994;2022-02-04;213802
2022-02-03;"Bratislavský kraj";2540;6005;435;6440;NA;346256;2975;2022-02-03;210808
2022-02-02;"Bratislavský kraj";2655;5035;465;5500;NA;346256;3120;2022-02-02;207833
2022-02-01;"Bratislavský kraj";2758;6001;469;6470;NA;346256;3227;2022-02-01;204713
2022-01-31;"Bratislavský kraj";2172;8357;712;9069;NA;346256;2884;2022-01-31;201486
2022-01-30;"Bratislavský kraj";1418;3314;362;3676;NA;346256;1780;2022-01-30;198602
2022-01-29;"Bratislavský kraj";1762;3138;326;3464;NA;346256;2088;2022-01-29;196822
2022-01-28;"Bratislavský kraj";2237;5047;389;5436;NA;346256;2626;2022-01-28;194734
2022-01-27;"Bratislavský kraj";2014;5975;334;6309;NA;346256;2348;2022-01-27;192108
2022-01-26;"Bratislavský kraj";1792;4895;367;5262;NA;346256;2159;2022-01-26;189760
2022-01-25;"Bratislavský kraj";1933;5551;385;5936;NA;346256;2318;2022-01-25;187601
2022-01-24;"Bratislavský kraj";1173;7911;315;8226;NA;346256;1488;2022-01-24;185283
2022-01-23;"Bratislavský kraj";862;3289;151;3440;NA;346256;1013;2022-01-23;183795
2022-01-22;"Bratislavský kraj";1130;2802;125;2927;NA;346256;1255;2022-01-22;182782
2022-01-21;"Bratislavský kraj";1057;4656;166;4822;NA;346256;1223;2022-01-21;181527
2022-01-20;"Bratislavský kraj";940;4893;146;5039;NA;346256;1086;2022-01-20;180304
2022-01-19;"Bratislavský kraj";857;4618;169;4787;NA;346256;1026;2022-01-19;179218
2022-01-18;"Bratislavský kraj";794;5002;163;5165;NA;346256;957;2022-01-18;178192
2022-01-17;"Bratislavský kraj";534;7242;150;7392;NA;346256;684;2022-01-17;177235
2022-01-16;"Bratislavský kraj";300;2854;77;2931;NA;346256;377;2022-01-16;176551
2022-01-15;"Bratislavský kraj";543;2139;71;2210;NA;346256;614;2022-01-15;176174
2022-01-14;"Bratislavský kraj";356;3692;70;3762;NA;346256;426;2022-01-14;175560
2022-01-13;"Bratislavský kraj";382;4579;82;4661;NA;346256;464;2022-01-13;175134
2022-01-12;"Bratislavský kraj";415;4014;71;4085;NA;346256;486;2022-01-12;174670
2022-01-11;"Bratislavský kraj";407;4910;110;5020;NA;346256;517;2022-01-11;174184
2022-01-10;"Bratislavský kraj";413;6380;101;6481;NA;346256;514;2022-01-10;173667
2022-01-09;"Bratislavský kraj";187;3080;71;3151;NA;346256;258;2022-01-09;173153
2022-01-08;"Bratislavský kraj";323;1951;58;2009;NA;346256;381;2022-01-08;172895
2022-01-07;"Bratislavský kraj";436;3809;100;3909;NA;346256;536;2022-01-07;172514
2022-01-06;"Bratislavský kraj";192;2163;51;2214;NA;346256;243;2022-01-06;171978
2022-01-05;"Bratislavský kraj";426;4047;69;4116;NA;346256;495;2022-01-05;171735
2022-01-04;"Bratislavský kraj";446;4467;101;4568;NA;346256;547;2022-01-04;171240
2022-01-03;"Bratislavský kraj";578;5672;129;5801;NA;346256;707;2022-01-03;170693
2022-01-02;"Bratislavský kraj";198;3137;80;3217;NA;346256;278;2022-01-02;169986
2022-01-01;"Bratislavský kraj";7;1103;36;1139;NA;346256;43;2022-01-01;169708
2021-12-31;"Bratislavský kraj";371;3443;92;3535;NA;346256;463;2021-12-31;169665
2021-12-30;"Bratislavský kraj";468;3619;119;3738;NA;346256;587;2021-12-30;169202
2021-12-29;"Bratislavský kraj";404;3598;85;3683;NA;346256;489;2021-12-29;168615
2021-12-28;"Bratislavský kraj";578;4329;121;4450;NA;346256;699;2021-12-28;168126
2021-12-27;"Bratislavský kraj";656;4693;108;4801;NA;346256;764;2021-12-27;167427
2021-12-26;"Bratislavský kraj";198;2549;83;2632;NA;346256;281;2021-12-26;166663
2021-12-25;"Bratislavský kraj";34;1160;53;1213;NA;346256;87;2021-12-25;166382
2021-12-24;"Bratislavský kraj";171;2214;55;2269;NA;346256;226;2021-12-24;166295
2021-12-23;"Bratislavský kraj";678;4134;115;4249;NA;346256;793;2021-12-23;166069
2021-12-22;"Bratislavský kraj";575;4919;118;5037;NA;346256;693;2021-12-22;165276
2021-12-21;"Bratislavský kraj";625;5628;167;5795;NA;346256;792;2021-12-21;164583
2021-12-20;"Bratislavský kraj";528;6163;158;6321;NA;346256;686;2021-12-20;163791
2021-12-19;"Bratislavský kraj";250;3042;98;3140;NA;346256;348;2021-12-19;163105
2021-12-18;"Bratislavský kraj";528;2654;103;2757;NA;346256;631;2021-12-18;162757
2021-12-17;"Bratislavský kraj";683;4917;145;5062;NA;346256;828;2021-12-17;162126
2021-12-16;"Bratislavský kraj";730;5576;162;5738;NA;346256;892;2021-12-16;161298
2021-12-15;"Bratislavský kraj";881;4884;158;5042;NA;346256;1039;2021-12-15;160406
2021-12-14;"Bratislavský kraj";869;5397;179;5576;NA;346256;1048;2021-12-14;159367
2021-12-13;"Bratislavský kraj";648;7614;239;7853;NA;346256;887;2021-12-13;158319
2021-12-12;"Bratislavský kraj";534;3474;129;3603;NA;346256;663;2021-12-12;157432
2021-12-11;"Bratislavský kraj";698;2377;153;2530;NA;346256;851;2021-12-11;156769
2021-12-10;"Bratislavský kraj";796;4728;186;4914;NA;346256;982;2021-12-10;155918
2021-12-09;"Bratislavský kraj";1040;4152;174;4326;NA;346256;1214;2021-12-09;154936
2021-12-08;"Bratislavský kraj";1172;4602;196;4798;NA;346256;1368;2021-12-08;153722
2021-12-07;"Bratislavský kraj";1236;5173;257;5430;NA;346256;1493;2021-12-07;152354
2021-12-06;"Bratislavský kraj";1434;8714;312;9026;NA;346256;1746;2021-12-06;150861
2021-12-05;"Bratislavský kraj";633;3874;197;4071;NA;346256;830;2021-12-05;149115
2021-12-04;"Bratislavský kraj";936;4332;195;4527;NA;346256;1131;2021-12-04;148285
2021-12-03;"Bratislavský kraj";1222;4351;269;4620;NA;346256;1491;2021-12-03;147154
2021-12-02;"Bratislavský kraj";2053;5097;311;5408;NA;346256;2364;2021-12-02;145663
2021-12-01;"Bratislavský kraj";1161;9058;295;9353;NA;346256;1456;2021-12-01;143299
2021-11-30;"Bratislavský kraj";1442;6508;355;6863;NA;346256;1797;2021-11-30;141843
2021-11-29;"Bratislavský kraj";863;8823;452;9275;NA;346256;1315;2021-11-29;140046
2021-11-28;"Bratislavský kraj";617;5102;295;5397;NA;346256;912;2021-11-28;138731
2021-11-27;"Bratislavský kraj";1026;3497;329;3826;NA;346256;1355;2021-11-27;137819
2021-11-26;"Bratislavský kraj";1346;5483;422;5905;NA;346256;1768;2021-11-26;136464
2021-11-25;"Bratislavský kraj";1415;6383;451;6834;NA;346256;1866;2021-11-25;134696
2021-11-24;"Bratislavský kraj";1286;6849;467;7316;NA;346256;1753;2021-11-24;132830
2021-11-23;"Bratislavský kraj";1651;6351;433;6784;NA;346256;2084;2021-11-23;131077
2021-11-22;"Bratislavský kraj";1197;8722;584;9306;NA;346256;1781;2021-11-22;128993
2021-11-21;"Bratislavský kraj";702;4324;320;4644;NA;346256;1022;2021-11-21;127212
2021-11-20;"Bratislavský kraj";1005;3514;360;3874;NA;346256;1365;2021-11-20;126190
2021-11-19;"Bratislavský kraj";1444;5927;549;6476;NA;346256;1993;2021-11-19;124825
2021-11-18;"Bratislavský kraj";1052;6358;548;6906;NA;346256;1600;2021-11-18;122832
2021-11-17;"Bratislavský kraj";832;2439;308;2747;NA;346256;1140;2021-11-17;121232
2021-11-16;"Bratislavský kraj";1067;5792;443;6235;NA;346256;1510;2021-11-16;120092
2021-11-15;"Bratislavský kraj";1014;6330;519;6849;NA;346256;1533;2021-11-15;118582
2021-11-14;"Bratislavský kraj";448;3202;335;3537;NA;346256;783;2021-11-14;117049
2021-11-13;"Bratislavský kraj";587;3251;313;3564;NA;346256;900;2021-11-13;116266
2021-11-12;"Bratislavský kraj";856;5723;357;6080;NA;346256;1213;2021-11-12;115366
2021-11-11;"Bratislavský kraj";787;6028;355;6383;NA;346256;1142;2021-11-11;114153
2021-11-10;"Bratislavský kraj";840;5903;385;6288;NA;346256;1225;2021-11-10;113011
2021-11-09;"Bratislavský kraj";939;5733;350;6083;NA;346256;1289;2021-11-09;111786
2021-11-08;"Bratislavský kraj";579;5641;404;6045;NA;346256;983;2021-11-08;110497
2021-11-07;"Bratislavský kraj";363;2836;244;3080;NA;346256;607;2021-11-07;109514
2021-11-06;"Bratislavský kraj";538;2901;243;3144;NA;346256;781;2021-11-06;108907
2021-11-05;"Bratislavský kraj";801;5640;318;5958;NA;346256;1119;2021-11-05;108126
2021-11-04;"Bratislavský kraj";768;5233;273;5506;NA;346256;1041;2021-11-04;107007
2021-11-03;"Bratislavský kraj";690;5120;290;5410;NA;346256;980;2021-11-03;105966
2021-11-02;"Bratislavský kraj";422;6356;327;6683;NA;346256;749;2021-11-02;104986
2021-11-01;"Bratislavský kraj";395;1733;136;1869;NA;346256;531;2021-11-01;104237
2021-10-31;"Bratislavský kraj";209;2280;163;2443;NA;346256;372;2021-10-31;103706
2021-10-30;"Bratislavský kraj";429;2138;118;2256;NA;346256;547;2021-10-30;103334
2021-10-29;"Bratislavský kraj";445;4757;219;4976;NA;346256;664;2021-10-29;102787
2021-10-28;"Bratislavský kraj";372;4777;179;4956;NA;346256;551;2021-10-28;102123
2021-10-27;"Bratislavský kraj";376;4522;164;4686;NA;346256;540;2021-10-27;101572
2021-10-26;"Bratislavský kraj";461;4492;188;4680;NA;346256;649;2021-10-26;101032
2021-10-25;"Bratislavský kraj";379;5347;192;5539;NA;346256;571;2021-10-25;100383
2021-10-24;"Bratislavský kraj";114;2369;91;2460;NA;346256;205;2021-10-24;99812
2021-10-23;"Bratislavský kraj";301;2666;91;2757;NA;346256;392;2021-10-23;99607
2021-10-22;"Bratislavský kraj";309;4466;122;4588;NA;346256;431;2021-10-22;99215
2021-10-21;"Bratislavský kraj";244;4544;101;4645;NA;346256;345;2021-10-21;98784
2021-10-20;"Bratislavský kraj";262;3897;95;3992;NA;346256;357;2021-10-20;98439
2021-10-19;"Bratislavský kraj";260;4116;68;4184;NA;346256;328;2021-10-19;98082
2021-10-18;"Bratislavský kraj";250;5014;114;5128;NA;346256;364;2021-10-18;97754
2021-10-17;"Bratislavský kraj";54;2460;73;2533;NA;346256;127;2021-10-17;97390
2021-10-16;"Bratislavský kraj";185;2687;63;2750;NA;346256;248;2021-10-16;97263
2021-10-15;"Bratislavský kraj";169;4200;64;4264;NA;346256;233;2021-10-15;97015
2021-10-14;"Bratislavský kraj";173;4714;61;4775;NA;346256;234;2021-10-14;96782
2021-10-13;"Bratislavský kraj";143;3671;76;3747;NA;346256;219;2021-10-13;96548
2021-10-12;"Bratislavský kraj";183;4037;78;4115;NA;346256;261;2021-10-12;96329
2021-10-11;"Bratislavský kraj";191;4798;88;4886;NA;346256;279;2021-10-11;96068
2021-10-10;"Bratislavský kraj";29;2176;43;2219;NA;346256;72;2021-10-10;95789
2021-10-09;"Bratislavský kraj";141;2419;34;2453;NA;346256;175;2021-10-09;95717
2021-10-08;"Bratislavský kraj";130;4511;63;4574;NA;346256;193;2021-10-08;95542
2021-10-07;"Bratislavský kraj";92;4137;61;4198;NA;346256;153;2021-10-07;95349
2021-10-06;"Bratislavský kraj";147;4028;68;4096;NA;346256;215;2021-10-06;95196
2021-10-05;"Bratislavský kraj";164;4468;70;4538;NA;346256;234;2021-10-05;94981
2021-10-04;"Bratislavský kraj";129;4653;79;4732;NA;346256;208;2021-10-04;94747
2021-10-03;"Bratislavský kraj";41;2144;42;2186;NA;346256;83;2021-10-03;94539
2021-10-02;"Bratislavský kraj";104;2605;40;2645;NA;346256;144;2021-10-02;94456
2021-10-01;"Bratislavský kraj";108;4818;57;4875;NA;346256;165;2021-10-01;94312
2021-09-30;"Bratislavský kraj";90;3854;60;3914;NA;346256;150;2021-09-30;94147
2021-09-29;"Bratislavský kraj";115;3508;58;3566;NA;346256;173;2021-09-29;93997
2021-09-28;"Bratislavský kraj";144;4003;48;4051;NA;346256;192;2021-09-28;93824
2021-09-27;"Bratislavský kraj";123;4427;70;4497;NA;346256;193;2021-09-27;93632
2021-09-26;"Bratislavský kraj";32;2194;31;2225;NA;346256;63;2021-09-26;93439
2021-09-25;"Bratislavský kraj";85;2742;38;2780;NA;346256;123;2021-09-25;93376
2021-09-24;"Bratislavský kraj";82;4212;59;4271;NA;346256;141;2021-09-24;93253
2021-09-23;"Bratislavský kraj";90;3975;51;4026;NA;346256;141;2021-09-23;93112
2021-09-22;"Bratislavský kraj";84;3757;63;3820;NA;346256;147;2021-09-22;92971
2021-09-21;"Bratislavský kraj";95;3574;39;3613;NA;346256;134;2021-09-21;92824
2021-09-20;"Bratislavský kraj";84;3937;31;3968;NA;346256;115;2021-09-20;92690
2021-09-19;"Bratislavský kraj";31;1850;28;1878;NA;346256;59;2021-09-19;92575
2021-09-18;"Bratislavský kraj";60;1989;19;2008;NA;346256;79;2021-09-18;92516
2021-09-17;"Bratislavský kraj";87;3443;27;3470;NA;346256;114;2021-09-17;92437
2021-09-16;"Bratislavský kraj";57;3781;43;3824;NA;346256;100;2021-09-16;92323
2021-09-15;"Bratislavský kraj";41;1104;21;1125;NA;346256;62;2021-09-15;92223
2021-09-14;"Bratislavský kraj";78;3518;31;3549;NA;346256;109;2021-09-14;92161
2021-09-13;"Bratislavský kraj";47;3191;28;3219;NA;346256;75;2021-09-13;92052
2021-09-12;"Bratislavský kraj";13;1713;21;1734;NA;346256;34;2021-09-12;91977
2021-09-11;"Bratislavský kraj";36;2064;13;2077;NA;346256;49;2021-09-11;91943
2021-09-10;"Bratislavský kraj";47;3628;18;3646;NA;346256;65;2021-09-10;91894
2021-09-09;"Bratislavský kraj";50;3010;30;3040;NA;346256;80;2021-09-09;91829
2021-09-08;"Bratislavský kraj";56;2925;20;2945;NA;346256;76;2021-09-08;91749
2021-09-07;"Bratislavský kraj";50;3272;18;3290;NA;346256;68;2021-09-07;91673
2021-09-06;"Bratislavský kraj";63;2821;29;2850;NA;346256;92;2021-09-06;91605
2021-09-05;"Bratislavský kraj";10;1682;14;1696;NA;346256;24;2021-09-05;91513
2021-09-04;"Bratislavský kraj";41;2612;11;2623;NA;346256;52;2021-09-04;91489
2021-09-03;"Bratislavský kraj";55;3016;14;3030;NA;346256;69;2021-09-03;91437
2021-09-02;"Bratislavský kraj";35;2423;23;2446;NA;346256;58;2021-09-02;91368
2021-09-01;"Bratislavský kraj";16;929;9;938;NA;346256;25;2021-09-01;91310
2021-08-31;"Bratislavský kraj";28;5197;22;5219;NA;346256;50;2021-08-31;91285
2021-08-30;"Bratislavský kraj";24;2403;13;2416;NA;346256;37;2021-08-30;91235
2021-08-29;"Bratislavský kraj";11;1016;6;1022;NA;346256;17;2021-08-29;91198
2021-08-28;"Bratislavský kraj";24;1714;11;1725;NA;346256;35;2021-08-28;91181
2021-08-27;"Bratislavský kraj";19;2850;9;2859;NA;346256;28;2021-08-27;91146
2021-08-26;"Bratislavský kraj";15;2382;19;2401;NA;346256;34;2021-08-26;91118
2021-08-25;"Bratislavský kraj";29;1888;10;1898;NA;346256;39;2021-08-25;91084
2021-08-24;"Bratislavský kraj";22;1785;4;1789;NA;346256;26;2021-08-24;91045
2021-08-23;"Bratislavský kraj";21;2183;7;2190;NA;346256;28;2021-08-23;91019
2021-08-22;"Bratislavský kraj";5;1383;8;1391;NA;346256;13;2021-08-22;90991
2021-08-21;"Bratislavský kraj";18;1681;4;1685;NA;346256;22;2021-08-21;90978
2021-08-20;"Bratislavský kraj";27;2747;19;2766;NA;346256;46;2021-08-20;90956
2021-08-19;"Bratislavský kraj";15;2122;9;2131;NA;346256;24;2021-08-19;90910
2021-08-18;"Bratislavský kraj";16;1659;11;1670;NA;346256;27;2021-08-18;90886
2021-08-17;"Bratislavský kraj";18;1608;5;1613;NA;346256;23;2021-08-17;90859
2021-08-16;"Bratislavský kraj";18;2559;12;2571;NA;346256;30;2021-08-16;90836
2021-08-15;"Bratislavský kraj";3;1169;6;1175;NA;346256;9;2021-08-15;90806
2021-08-14;"Bratislavský kraj";11;1519;4;1523;NA;346256;15;2021-08-14;90797
2021-08-13;"Bratislavský kraj";32;2634;7;2641;NA;346256;39;2021-08-13;90782
2021-08-12;"Bratislavský kraj";16;1824;9;1833;NA;346256;25;2021-08-12;90743
2021-08-11;"Bratislavský kraj";22;1621;5;1626;NA;346256;27;2021-08-11;90718
2021-08-10;"Bratislavský kraj";15;1630;7;1637;NA;346256;22;2021-08-10;90691
2021-08-09;"Bratislavský kraj";35;1927;9;1936;NA;346256;44;2021-08-09;90669
2021-08-08;"Bratislavský kraj";3;1152;4;1156;NA;346256;7;2021-08-08;90625
2021-08-07;"Bratislavský kraj";6;1572;9;1581;NA;346256;15;2021-08-07;90618
2021-08-06;"Bratislavský kraj";9;2510;10;2520;NA;346256;19;2021-08-06;90603
2021-08-05;"Bratislavský kraj";10;1651;7;1658;NA;346256;17;2021-08-05;90584
2021-08-04;"Bratislavský kraj";9;1578;0;1578;NA;346256;9;2021-08-04;90567
2021-08-03;"Bratislavský kraj";11;1507;5;1512;NA;346256;16;2021-08-03;90558
2021-08-02;"Bratislavský kraj";15;1749;11;1760;NA;346256;26;2021-08-02;90542
2021-08-01;"Bratislavský kraj";4;1224;8;1232;NA;346256;12;2021-08-01;90516
2021-07-31;"Bratislavský kraj";7;1623;2;1625;NA;346256;9;2021-07-31;90504
2021-07-30;"Bratislavský kraj";15;2540;7;2547;NA;346256;22;2021-07-30;90495
2021-07-29;"Bratislavský kraj";19;1790;7;1797;NA;346256;26;2021-07-29;90473
2021-07-28;"Bratislavský kraj";8;1538;11;1549;NA;346256;19;2021-07-28;90447
2021-07-27;"Bratislavský kraj";9;1476;5;1481;NA;346256;14;2021-07-27;90428
2021-07-26;"Bratislavský kraj";17;1806;7;1813;NA;346256;24;2021-07-26;90414
2021-07-25;"Bratislavský kraj";4;1411;2;1413;NA;346256;6;2021-07-25;90390
2021-07-24;"Bratislavský kraj";9;1732;3;1735;NA;346256;12;2021-07-24;90384
2021-07-23;"Bratislavský kraj";6;2400;3;2403;NA;346256;9;2021-07-23;90372
2021-07-22;"Bratislavský kraj";12;1944;6;1950;NA;346256;18;2021-07-22;90363
2021-07-21;"Bratislavský kraj";5;1860;6;1866;NA;346256;11;2021-07-21;90345
2021-07-20;"Bratislavský kraj";19;1559;1;1560;NA;346256;20;2021-07-20;90334
2021-07-19;"Bratislavský kraj";15;2259;3;2262;NA;346256;18;2021-07-19;90314
2021-07-18;"Bratislavský kraj";2;1462;3;1465;NA;346256;5;2021-07-18;90296
2021-07-17;"Bratislavský kraj";3;1870;2;1872;NA;346256;5;2021-07-17;90291
2021-07-16;"Bratislavský kraj";8;2834;4;2838;NA;346256;12;2021-07-16;90286
2021-07-15;"Bratislavský kraj";5;1677;0;1677;NA;346256;5;2021-07-15;90274
2021-07-14;"Bratislavský kraj";5;1904;3;1907;NA;346256;8;2021-07-14;90269
2021-07-13;"Bratislavský kraj";4;1584;4;1588;NA;346256;8;2021-07-13;90261
2021-07-12;"Bratislavský kraj";6;1780;5;1785;NA;346256;11;2021-07-12;90253
2021-07-11;"Bratislavský kraj";3;1896;3;1899;NA;346256;6;2021-07-11;90242
2021-07-10;"Bratislavský kraj";5;2240;3;2243;NA;346256;8;2021-07-10;90236
2021-07-09;"Bratislavský kraj";13;3546;7;3553;NA;346256;20;2021-07-09;90228
2021-07-08;"Bratislavský kraj";9;2433;4;2437;NA;346256;13;2021-07-08;90208
2021-07-07;"Bratislavský kraj";5;2792;4;2796;NA;346256;9;2021-07-07;90195
2021-07-06;"Bratislavský kraj";19;2771;4;2775;NA;346256;23;2021-07-06;90186
2021-07-05;"Bratislavský kraj";5;2481;5;2486;NA;346256;10;2021-07-05;90163
2021-07-04;"Bratislavský kraj";3;1824;2;1826;NA;346256;5;2021-07-04;90153
2021-07-03;"Bratislavský kraj";8;2205;5;2210;NA;346256;13;2021-07-03;90148
2021-07-02;"Bratislavský kraj";4;2227;4;2231;NA;346256;8;2021-07-02;90135
2021-07-01;"Bratislavský kraj";6;1809;5;1814;NA;346256;11;2021-07-01;90127
2021-06-30;"Bratislavský kraj";2;11548;11;11559;NA;346256;13;2021-06-30;90116
2021-06-29;"Bratislavský kraj";5;6831;7;6838;NA;346256;12;2021-06-29;90103
2021-06-28;"Bratislavský kraj";16;6654;24;6678;NA;346256;40;2021-06-28;90091
2021-06-27;"Bratislavský kraj";4;6689;11;6700;NA;346256;15;2021-06-27;90051
2021-06-26;"Bratislavský kraj";3;8741;6;8747;NA;346256;9;2021-06-26;90036
2021-06-25;"Bratislavský kraj";7;10285;15;10300;NA;346256;22;2021-06-25;90027
2021-06-24;"Bratislavský kraj";3;7384;16;7400;NA;346256;19;2021-06-24;90005
2021-06-23;"Bratislavský kraj";4;7346;12;7358;NA;346256;16;2021-06-23;89986
2021-06-22;"Bratislavský kraj";6;7244;10;7254;NA;346256;16;2021-06-22;89970
2021-06-21;"Bratislavský kraj";5;7641;9;7650;NA;346256;14;2021-06-21;89954
2021-06-20;"Bratislavský kraj";0;7369;5;7374;NA;346256;5;2021-06-20;89940
2021-06-19;"Bratislavský kraj";3;9226;4;9230;NA;346256;7;2021-06-19;89935
2021-06-18;"Bratislavský kraj";5;12763;9;12772;NA;346256;14;2021-06-18;89928
2021-06-17;"Bratislavský kraj";3;8625;13;8638;NA;346256;16;2021-06-17;89914
2021-06-16;"Bratislavský kraj";3;7105;4;7109;NA;346256;7;2021-06-16;89898
2021-06-15;"Bratislavský kraj";7;7309;17;7326;NA;346256;24;2021-06-15;89891
2021-06-14;"Bratislavský kraj";4;8231;9;8240;NA;346256;13;2021-06-14;89867
2021-06-13;"Bratislavský kraj";2;8791;11;8802;NA;346256;13;2021-06-13;89854
2021-06-12;"Bratislavský kraj";4;11152;11;11163;NA;346256;15;2021-06-12;89841
2021-06-11;"Bratislavský kraj";9;13644;21;13665;NA;346256;30;2021-06-11;89826
2021-06-10;"Bratislavský kraj";12;8637;15;8652;NA;346256;27;2021-06-10;89796
2021-06-09;"Bratislavský kraj";12;7596;12;7608;NA;346256;24;2021-06-09;89769
2021-06-08;"Bratislavský kraj";13;7907;29;7936;NA;346256;42;2021-06-08;89745
2021-06-07;"Bratislavský kraj";13;9247;43;9290;NA;346256;56;2021-06-07;89703
2021-06-06;"Bratislavský kraj";3;10350;20;10370;NA;346256;23;2021-06-06;89647
2021-06-05;"Bratislavský kraj";2;12692;15;12707;NA;346256;17;2021-06-05;89624
2021-06-04;"Bratislavský kraj";10;13846;31;13877;NA;346256;41;2021-06-04;89607
2021-06-03;"Bratislavský kraj";12;9615;19;9634;NA;346256;31;2021-06-03;89566
2021-06-02;"Bratislavský kraj";10;8684;17;8701;NA;346256;27;2021-06-02;89535
2021-06-01;"Bratislavský kraj";3;8812;25;8837;NA;346256;28;2021-06-01;89508
2021-05-31;"Bratislavský kraj";18;11248;32;11280;NA;346256;50;2021-05-31;89480
2021-05-30;"Bratislavský kraj";1;11758;17;11775;NA;346256;18;2021-05-30;89430
2021-05-29;"Bratislavský kraj";4;12245;8;12253;NA;346256;12;2021-05-29;89412
2021-05-28;"Bratislavský kraj";14;15865;23;15888;NA;346256;37;2021-05-28;89400
2021-05-27;"Bratislavský kraj";5;11321;18;11339;NA;346256;23;2021-05-27;89363
2021-05-26;"Bratislavský kraj";20;10709;17;10726;NA;346256;37;2021-05-26;89340
2021-05-25;"Bratislavský kraj";19;11864;31;11895;NA;346256;50;2021-05-25;89303
2021-05-24;"Bratislavský kraj";12;12966;23;12989;NA;346256;35;2021-05-24;89253
2021-05-23;"Bratislavský kraj";7;13074;24;13098;NA;346256;31;2021-05-23;89218
2021-05-22;"Bratislavský kraj";6;14044;22;14066;NA;346256;28;2021-05-22;89187
2021-05-21;"Bratislavský kraj";15;18996;22;19018;NA;346256;37;2021-05-21;89159
2021-05-20;"Bratislavský kraj";15;14112;17;14129;NA;346256;32;2021-05-20;89122
2021-05-19;"Bratislavský kraj";21;11958;24;11982;NA;346256;45;2021-05-19;89090
2021-05-18;"Bratislavský kraj";14;13005;33;13038;NA;346256;47;2021-05-18;89045
2021-05-17;"Bratislavský kraj";15;13854;29;13883;NA;346256;44;2021-05-17;88998
2021-05-16;"Bratislavský kraj";12;19797;32;19829;NA;346256;44;2021-05-16;88954
2021-05-15;"Bratislavský kraj";1;18113;30;18143;NA;346256;31;2021-05-15;88910
2021-05-14;"Bratislavský kraj";15;22228;30;22258;NA;346256;45;2021-05-14;88879
2021-05-13;"Bratislavský kraj";9;16211;17;16228;NA;346256;26;2021-05-13;88834
2021-05-12;"Bratislavský kraj";11;14638;28;14666;NA;346256;39;2021-05-12;88808
2021-05-11;"Bratislavský kraj";29;16741;32;16773;NA;346256;61;2021-05-11;88769
2021-05-10;"Bratislavský kraj";27;19991;64;20055;NA;346256;91;2021-05-10;88708
2021-05-09;"Bratislavský kraj";9;29358;32;29390;NA;346256;41;2021-05-09;88617
2021-05-08;"Bratislavský kraj";5;19451;24;19475;NA;346256;29;2021-05-08;88576
2021-05-07;"Bratislavský kraj";32;28211;65;28276;NA;346256;97;2021-05-07;88547
2021-05-06;"Bratislavský kraj";19;20079;52;20131;NA;346256;71;2021-05-06;88450
2021-05-05;"Bratislavský kraj";29;15526;31;15557;NA;346256;60;2021-05-05;88379
2021-05-04;"Bratislavský kraj";46;19143;53;19196;NA;346256;99;2021-05-04;88319
2021-05-03;"Bratislavský kraj";37;22322;64;22386;NA;346256;101;2021-05-03;88220
2021-05-02;"Bratislavský kraj";38;43064;75;43139;NA;346256;113;2021-05-02;88119
2021-05-01;"Bratislavský kraj";11;39905;40;39945;NA;346256;51;2021-05-01;88006
2021-04-30;"Bratislavský kraj";43;47403;82;47485;NA;346256;125;2021-04-30;87955
2021-04-29;"Bratislavský kraj";48;30257;96;30353;NA;346256;144;2021-04-29;87830
2021-04-28;"Bratislavský kraj";40;28905;78;28983;NA;346256;118;2021-04-28;87686
2021-04-27;"Bratislavský kraj";41;30168;52;30220;NA;346256;93;2021-04-27;87568
2021-04-26;"Bratislavský kraj";59;34733;97;34830;NA;346256;156;2021-04-26;87475
2021-04-25;"Bratislavský kraj";8;57615;74;57689;NA;346256;82;2021-04-25;87319
2021-04-24;"Bratislavský kraj";28;74858;66;74924;NA;346256;94;2021-04-24;87237
2021-04-23;"Bratislavský kraj";70;48614;62;48676;NA;346256;132;2021-04-23;87143
2021-04-22;"Bratislavský kraj";39;31037;72;31109;NA;346256;111;2021-04-22;87011
2021-04-21;"Bratislavský kraj";48;30442;62;30504;NA;346256;110;2021-04-21;86900
2021-04-20;"Bratislavský kraj";58;35216;63;35279;NA;346256;121;2021-04-20;86790
2021-04-19;"Bratislavský kraj";48;39500;80;39580;NA;346256;128;2021-04-19;86669
2021-04-18;"Bratislavský kraj";35;62300;76;62376;NA;346256;111;2021-04-18;86541
2021-04-17;"Bratislavský kraj";13;80359;111;80470;NA;346256;124;2021-04-17;86430
2021-04-16;"Bratislavský kraj";62;47296;80;47376;NA;346256;142;2021-04-16;86306
2021-04-15;"Bratislavský kraj";34;32176;74;32250;NA;346256;108;2021-04-15;86164
2021-04-14;"Bratislavský kraj";65;33961;88;34049;NA;346256;153;2021-04-14;86056
2021-04-13;"Bratislavský kraj";82;35512;82;35594;NA;346256;164;2021-04-13;85903
2021-04-12;"Bratislavský kraj";77;42286;115;42401;NA;346256;192;2021-04-12;85739
2021-04-11;"Bratislavský kraj";42;61151;123;61274;NA;346256;165;2021-04-11;85547
2021-04-10;"Bratislavský kraj";14;77874;167;78041;NA;346256;181;2021-04-10;85382
2021-04-09;"Bratislavský kraj";72;41556;97;41653;NA;346256;169;2021-04-09;85201
2021-04-08;"Bratislavský kraj";71;28866;95;28961;NA;346256;166;2021-04-08;85032
2021-04-07;"Bratislavský kraj";96;38061;101;38162;NA;346256;197;2021-04-07;84866
2021-04-06;"Bratislavský kraj";94;56204;179;56383;NA;346256;273;2021-04-06;84669
2021-04-05;"Bratislavský kraj";85;18538;85;18623;NA;346256;170;2021-04-05;84396
2021-04-04;"Bratislavský kraj";37;29225;75;29300;NA;346256;112;2021-04-04;84226
2021-04-03;"Bratislavský kraj";52;79865;220;80085;NA;346256;272;2021-04-03;84114
2021-04-02;"Bratislavský kraj";33;23790;104;23894;NA;346256;137;2021-04-02;83842
2021-04-01;"Bratislavský kraj";119;57388;159;57547;NA;346256;278;2021-04-01;83705
2021-03-31;"Bratislavský kraj";105;46371;177;46548;NA;346256;282;2021-03-31;83427
2021-03-30;"Bratislavský kraj";100;39599;144;39743;NA;346256;244;2021-03-30;83145
2021-03-29;"Bratislavský kraj";153;40364;178;40542;NA;346256;331;2021-03-29;82901
2021-03-28;"Bratislavský kraj";59;53372;137;53509;NA;346256;196;2021-03-28;82570
2021-03-27;"Bratislavský kraj";53;79834;240;80074;NA;346256;293;2021-03-27;82374
2021-03-26;"Bratislavský kraj";114;56108;191;56299;NA;346256;305;2021-03-26;82081
2021-03-25;"Bratislavský kraj";76;36859;172;37031;NA;346256;248;2021-03-25;81776
2021-03-24;"Bratislavský kraj";120;30567;201;30768;NA;346256;321;2021-03-24;81528
2021-03-23;"Bratislavský kraj";138;36438;190;36628;NA;346256;328;2021-03-23;81207
2021-03-22;"Bratislavský kraj";110;42756;220;42976;NA;346256;330;2021-03-22;80879
2021-03-21;"Bratislavský kraj";54;61299;212;61511;NA;346256;266;2021-03-21;80549
2021-03-20;"Bratislavský kraj";59;73300;228;73528;NA;346256;287;2021-03-20;80283
2021-03-19;"Bratislavský kraj";139;54576;257;54833;NA;346256;396;2021-03-19;79996
2021-03-18;"Bratislavský kraj";142;34611;192;34803;NA;346256;334;2021-03-18;79600
2021-03-17;"Bratislavský kraj";177;30482;217;30699;NA;346256;394;2021-03-17;79266
2021-03-16;"Bratislavský kraj";258;36798;287;37085;NA;346256;545;2021-03-16;78872
2021-03-15;"Bratislavský kraj";180;38226;255;38481;NA;346256;435;2021-03-15;78327
2021-03-14;"Bratislavský kraj";75;52611;275;52886;NA;346256;350;2021-03-14;77892
2021-03-13;"Bratislavský kraj";110;81405;341;81746;NA;346256;451;2021-03-13;77542
2021-03-12;"Bratislavský kraj";152;55233;312;55545;NA;346256;464;2021-03-12;77091
2021-03-11;"Bratislavský kraj";178;34678;286;34964;NA;346256;464;2021-03-11;76627
2021-03-10;"Bratislavský kraj";164;31061;280;31341;NA;346256;444;2021-03-10;76163
2021-03-09;"Bratislavský kraj";242;37687;267;37954;NA;346256;509;2021-03-09;75719
2021-03-08;"Bratislavský kraj";255;41199;348;41547;NA;346256;603;2021-03-08;75210
2021-03-07;"Bratislavský kraj";142;52812;301;53113;NA;346256;443;2021-03-07;74607
2021-03-06;"Bratislavský kraj";79;71821;415;72236;NA;346256;494;2021-03-06;74164
2021-03-05;"Bratislavský kraj";238;50653;293;50946;NA;346256;531;2021-03-05;73670
2021-03-04;"Bratislavský kraj";204;34544;344;34888;NA;346256;548;2021-03-04;73139
2021-03-03;"Bratislavský kraj";250;30527;364;30891;NA;346256;614;2021-03-03;72591
2021-03-02;"Bratislavský kraj";267;39735;388;40123;NA;346256;655;2021-03-02;71977
2021-03-01;"Bratislavský kraj";320;38222;432;38654;NA;346256;752;2021-03-01;71322
2021-02-28;"Bratislavský kraj";184;50323;323;50646;NA;346256;507;2021-02-28;70570
2021-02-27;"Bratislavský kraj";151;76580;464;77044;NA;346256;615;2021-02-27;70063
2021-02-26;"Bratislavský kraj";277;47326;401;47727;NA;346256;678;2021-02-26;69448
2021-02-25;"Bratislavský kraj";277;28769;405;29174;NA;346256;682;2021-02-25;68770
2021-02-24;"Bratislavský kraj";217;27095;412;27507;NA;346256;629;2021-02-24;68088
2021-02-23;"Bratislavský kraj";257;31297;395;31692;NA;346256;652;2021-02-23;67459
2021-02-22;"Bratislavský kraj";353;36607;483;37090;NA;346256;836;2021-02-22;66807
2021-02-21;"Bratislavský kraj";185;54150;396;54546;NA;346256;581;2021-02-21;65971
2021-02-20;"Bratislavský kraj";167;74814;550;75364;NA;346256;717;2021-02-20;65390
2021-02-19;"Bratislavský kraj";280;44882;416;45298;NA;346256;696;2021-02-19;64673
2021-02-18;"Bratislavský kraj";263;26379;371;26750;NA;346256;634;2021-02-18;63977
2021-02-17;"Bratislavský kraj";264;22820;316;23136;NA;346256;580;2021-02-17;63343
2021-02-16;"Bratislavský kraj";289;28262;352;28614;NA;346256;641;2021-02-16;62763
2021-02-15;"Bratislavský kraj";248;36893;396;37289;NA;346256;644;2021-02-15;62122
2021-02-14;"Bratislavský kraj";153;47948;323;48271;NA;346256;476;2021-02-14;61478
2021-02-13;"Bratislavský kraj";173;68589;515;69104;NA;346256;688;2021-02-13;61002
2021-02-12;"Bratislavský kraj";282;35729;327;36056;NA;346256;609;2021-02-12;60314
2021-02-11;"Bratislavský kraj";337;24565;285;24850;NA;346256;622;2021-02-11;59705
2021-02-10;"Bratislavský kraj";314;22944;356;23300;NA;346256;670;2021-02-10;59083
2021-02-09;"Bratislavský kraj";288;36565;454;37019;NA;346256;742;2021-02-09;58413
2021-02-08;"Bratislavský kraj";484;31896;397;32293;NA;346256;881;2021-02-08;57671
2021-02-07;"Bratislavský kraj";243;51290;425;51715;NA;346256;668;2021-02-07;56790
2021-02-06;"Bratislavský kraj";116;61682;501;62183;NA;346256;617;2021-02-06;56122
2021-02-05;"Bratislavský kraj";327;27033;375;27408;NA;346256;702;2021-02-05;55505
2021-02-04;"Bratislavský kraj";555;17260;348;17608;NA;346256;903;2021-02-04;54803
2021-02-03;"Bratislavský kraj";161;13020;352;13372;NA;346256;513;2021-02-03;53900
2021-02-02;"Bratislavský kraj";397;25947;480;26427;NA;346256;877;2021-02-02;53387
2021-02-01;"Bratislavský kraj";221;35541;513;36054;NA;346256;734;2021-02-01;52510
2021-01-31;"Bratislavský kraj";180;35693;425;36118;NA;346256;605;2021-01-31;51776
2021-01-30;"Bratislavský kraj";310;49588;521;50109;NA;346256;831;2021-01-30;51171
2021-01-29;"Bratislavský kraj";344;16568;344;16912;NA;346256;688;2021-01-29;50340
2021-01-28;"Bratislavský kraj";307;10715;297;11012;NA;346256;604;2021-01-28;49652
2021-01-27;"Bratislavský kraj";336;22222;345;22567;NA;346256;681;2021-01-27;49048
2021-01-26;"Bratislavský kraj";297;21894;300;22194;NA;346256;597;2021-01-26;48367
2021-01-25;"Bratislavský kraj";356;23335;249;23584;NA;346256;605;2021-01-25;47770
2021-01-24;"Bratislavský kraj";175;37903;404;38307;NA;346256;579;2021-01-24;47165
2021-01-23;"Bratislavský kraj";396;79453;690;80143;NA;346256;1086;2021-01-23;46586
2021-01-22;"Bratislavský kraj";199;42055;365;42420;NA;346256;564;2021-01-22;45500
2021-01-21;"Bratislavský kraj";255;105746;1317;107063;NA;346256;1572;2021-01-21;44936
2021-01-20;"Bratislavský kraj";360;27289;452;27741;NA;346256;812;2021-01-20;43364
2021-01-19;"Bratislavský kraj";375;15318;346;15664;NA;346256;721;2021-01-19;42552
2021-01-18;"Bratislavský kraj";357;12533;707;13240;NA;346256;1064;2021-01-18;41831
2021-01-17;"Bratislavský kraj";244;482;26;508;NA;346256;270;2021-01-17;40767
2021-01-16;"Bratislavský kraj";70;3016;156;3172;NA;346256;226;2021-01-16;40497
2021-01-15;"Bratislavský kraj";251;7896;256;8152;NA;346256;507;2021-01-15;40271
2021-01-14;"Bratislavský kraj";363;8523;273;8796;NA;346256;636;2021-01-14;39764
2021-01-13;"Bratislavský kraj";336;8490;327;8817;NA;346256;663;2021-01-13;39128
2021-01-12;"Bratislavský kraj";450;10509;455;10964;NA;346256;905;2021-01-12;38465
2021-01-11;"Bratislavský kraj";397;19863;364;20227;NA;346256;761;2021-01-11;37560
2021-01-10;"Bratislavský kraj";252;1507;79;1586;NA;346256;331;2021-01-10;36799
2021-01-09;"Bratislavský kraj";351;4721;277;4998;NA;346256;628;2021-01-09;36468
2021-01-08;"Bratislavský kraj";556;10045;436;10481;NA;346256;992;2021-01-08;35840
2021-01-07;"Bratislavský kraj";537;6872;352;7224;NA;346256;889;2021-01-07;34848
2021-01-06;"Bratislavský kraj";271;3329;216;3545;NA;346256;487;2021-01-06;33959
2021-01-05;"Bratislavský kraj";619;10635;814;11449;NA;346256;1433;2021-01-05;33472
2021-01-04;"Bratislavský kraj";601;8226;538;8764;NA;346256;1139;2021-01-04;32039
2021-01-03;"Bratislavský kraj";77;433;41;474;NA;346256;118;2021-01-03;30900
2021-01-02;"Bratislavský kraj";185;462;57;519;NA;346256;242;2021-01-02;30782
2021-01-01;"Bratislavský kraj";235;3277;131;3408;NA;346256;366;2021-01-01;30540
2020-12-31;"Bratislavský kraj";925;14135;519;14654;NA;346256;1444;2020-12-31;30174
2020-12-30;"Bratislavský kraj";650;9164;533;9697;NA;346256;1183;2020-12-30;28730
2020-12-29;"Bratislavský kraj";303;10108;699;10807;NA;346256;1002;2020-12-29;27547
2020-12-28;"Bratislavský kraj";255;7784;473;8257;NA;346256;728;2020-12-28;26545
2020-12-27;"Bratislavský kraj";160;709;76;785;NA;346256;236;2020-12-27;25817
2020-12-26;"Bratislavský kraj";75;480;27;507;NA;346256;102;2020-12-26;25581
2020-12-25;"Bratislavský kraj";114;503;38;541;NA;346256;152;2020-12-25;25479
2020-12-24;"Bratislavský kraj";536;3367;104;3471;NA;346256;640;2020-12-24;25327
2020-12-23;"Bratislavský kraj";416;12590;447;13037;NA;346256;863;2020-12-23;24687
2020-12-22;"Bratislavský kraj";327;14587;699;15286;NA;346256;1026;2020-12-22;23824
2020-12-21;"Bratislavský kraj";392;14972;1946;16918;NA;346256;2338;2020-12-21;22798
2020-12-20;"Bratislavský kraj";180;797;57;854;NA;346256;237;2020-12-20;20460
2020-12-19;"Bratislavský kraj";396;3314;130;3444;NA;346256;526;2020-12-19;20223
2020-12-18;"Bratislavský kraj";306;9938;345;10283;NA;346256;651;2020-12-18;19697
2020-12-17;"Bratislavský kraj";502;9739;386;10125;NA;346256;888;2020-12-17;19046
2020-12-16;"Bratislavský kraj";282;10201;418;10619;NA;346256;700;2020-12-16;18158
2020-12-15;"Bratislavský kraj";423;10450;454;10904;NA;346256;877;2020-12-15;17458
2020-12-14;"Bratislavský kraj";279;6793;261;7054;NA;346256;540;2020-12-14;16581
2020-12-13;"Bratislavský kraj";125;139;10;149;NA;346256;135;2020-12-13;16041
2020-12-12;"Bratislavský kraj";361;3886;157;4043;NA;346256;518;2020-12-12;15906
2020-12-11;"Bratislavský kraj";326;6824;235;7059;NA;346256;561;2020-12-11;15388
2020-12-10;"Bratislavský kraj";286;5279;166;5445;NA;346256;452;2020-12-10;14827
2020-12-09;"Bratislavský kraj";382;4778;177;4955;NA;346256;559;2020-12-09;14375
2020-12-08;"Bratislavský kraj";234;6243;207;6450;NA;346256;441;2020-12-08;13816
2020-12-07;"Bratislavský kraj";272;4639;152;4791;NA;346256;424;2020-12-07;13375
2020-12-06;"Bratislavský kraj";61;1625;52;1677;NA;346256;113;2020-12-06;12951
2020-12-05;"Bratislavský kraj";266;2221;41;2262;NA;346256;307;2020-12-05;12838
2020-12-04;"Bratislavský kraj";200;4954;99;5053;NA;346256;299;2020-12-04;12531
2020-12-03;"Bratislavský kraj";213;5672;95;5767;NA;346256;308;2020-12-03;12232
2020-12-02;"Bratislavský kraj";205;3462;103;3565;NA;346256;308;2020-12-02;11924
2020-12-01;"Bratislavský kraj";255;3889;172;4061;NA;346256;427;2020-12-01;11616
2020-11-30;"Bratislavský kraj";152;2153;121;2274;NA;346256;273;2020-11-30;11189
2020-11-29;"Bratislavský kraj";52;201;24;225;NA;346256;76;2020-11-29;10916
2020-11-28;"Bratislavský kraj";232;2624;33;2657;NA;346256;265;2020-11-28;10840
2020-11-27;"Bratislavský kraj";54;2540;64;2604;NA;346256;118;2020-11-27;10575
2020-11-26;"Bratislavský kraj";129;1976;60;2036;NA;346256;189;2020-11-26;10457
2020-11-25;"Bratislavský kraj";140;1770;47;1817;NA;346256;187;2020-11-25;10268
2020-11-24;"Bratislavský kraj";81;2988;67;3055;NA;346256;148;2020-11-24;10081
2020-11-23;"Bratislavský kraj";67;7083;58;7141;NA;346256;125;2020-11-23;9933
2020-11-22;"Bratislavský kraj";36;81;7;88;NA;346256;43;2020-11-22;9808
2020-11-21;"Bratislavský kraj";109;2126;47;2173;NA;346256;156;2020-11-21;9765
2020-11-20;"Bratislavský kraj";118;2876;48;2924;NA;346256;166;2020-11-20;9609
2020-11-19;"Bratislavský kraj";173;987;29;1016;NA;346256;202;2020-11-19;9443
2020-11-18;"Bratislavský kraj";118;616;75;691;NA;346256;193;2020-11-18;9241
2020-11-17;"Bratislavský kraj";108;928;23;951;NA;346256;131;2020-11-17;9048
2020-11-16;"Bratislavský kraj";82;651;9;660;NA;346256;91;2020-11-16;8917
2020-11-15;"Bratislavský kraj";47;236;0;236;NA;346256;47;2020-11-15;8826
2020-11-14;"Bratislavský kraj";53;1834;15;1849;NA;346256;68;2020-11-14;8779
2020-11-13;"Bratislavský kraj";94;2096;21;2117;NA;346256;115;2020-11-13;8711
2020-11-12;"Bratislavský kraj";141;1727;6;1733;NA;346256;147;2020-11-12;8596
2020-11-11;"Bratislavský kraj";159;1429;12;1441;NA;346256;171;2020-11-11;8449
2020-11-10;"Bratislavský kraj";136;805;14;819;NA;346256;150;2020-11-10;8278
2020-11-09;"Bratislavský kraj";70;616;8;624;NA;346256;78;2020-11-09;8128
2020-11-08;"Bratislavský kraj";82;869;6;875;NA;346256;88;2020-11-08;8050
2020-11-07;"Bratislavský kraj";88;4039;17;4056;NA;346256;105;2020-11-07;7962
2020-11-06;"Bratislavský kraj";281;6441;25;6466;NA;346256;306;2020-11-06;7857
2020-11-05;"Bratislavský kraj";175;476;11;487;NA;346256;186;2020-11-05;7551
2020-11-04;"Bratislavský kraj";65;411;10;421;NA;346256;75;2020-11-04;7365
2020-11-03;"Bratislavský kraj";251;1085;12;1097;NA;346256;263;2020-11-03;7290
2020-11-02;"Bratislavský kraj";202;3365;22;3387;NA;346256;224;2020-11-02;7027
2020-11-01;"Bratislavský kraj";227;8694;39;8733;NA;346256;266;2020-11-01;6803
2020-10-31;"Bratislavský kraj";173;22407;123;22530;NA;346256;296;2020-10-31;6537
2020-10-30;"Bratislavský kraj";158;17350;138;17488;NA;346256;296;2020-10-30;6241
2020-10-29;"Bratislavský kraj";262;116;4;120;NA;346256;266;2020-10-29;5945
2020-10-28;"Bratislavský kraj";220;260;15;275;NA;346256;235;2020-10-28;5679
2020-10-27;"Bratislavský kraj";256;145;4;149;NA;346256;260;2020-10-27;5444
2020-10-26;"Bratislavský kraj";123;229;11;240;NA;346256;134;2020-10-26;5184
2020-10-25;"Bratislavský kraj";152;33;2;35;NA;346256;154;2020-10-25;5050
2020-10-24;"Bratislavský kraj";170;221;6;227;NA;346256;176;2020-10-24;4896
2020-10-23;"Bratislavský kraj";151;144;8;152;NA;346256;159;2020-10-23;4720
2020-10-22;"Bratislavský kraj";192;204;15;219;NA;346256;207;2020-10-22;4561
2020-10-21;"Bratislavský kraj";66;90;6;96;NA;346256;72;2020-10-21;4354
2020-10-20;"Bratislavský kraj";183;97;4;101;NA;346256;187;2020-10-20;4282
2020-10-19;"Bratislavský kraj";148;80;3;83;NA;346256;151;2020-10-19;4095
2020-10-18;"Bratislavský kraj";75;92;0;92;NA;346256;75;2020-10-18;3944
2020-10-17;"Bratislavský kraj";136;0;0;0;NA;346256;136;2020-10-17;3869
2020-10-16;"Bratislavský kraj";103;14;1;15;NA;346256;104;2020-10-16;3733
2020-10-15;"Bratislavský kraj";135;6;1;7;NA;346256;136;2020-10-15;3629
2020-10-14;"Bratislavský kraj";127;4;0;4;NA;346256;127;2020-10-14;3493
2020-10-13;"Bratislavský kraj";86;108;8;116;NA;346256;94;2020-10-13;3366
2020-10-12;"Bratislavský kraj";46;0;0;0;NA;346256;46;2020-10-12;3272
2020-10-11;"Bratislavský kraj";80;0;0;0;NA;346256;80;2020-10-11;3226
2020-10-10;"Bratislavský kraj";55;0;0;0;NA;346256;55;2020-10-10;3146
2020-10-09;"Bratislavský kraj";148;0;0;0;NA;346256;148;2020-10-09;3091
2020-10-08;"Bratislavský kraj";100;0;0;0;NA;346256;100;2020-10-08;2943
2020-10-07;"Bratislavský kraj";107;0;0;0;NA;346256;107;2020-10-07;2843
2020-10-06;"Bratislavský kraj";108;0;0;0;NA;346256;108;2020-10-06;2736
2020-10-05;"Bratislavský kraj";30;0;0;0;NA;346256;30;2020-10-05;2628
2020-10-04;"Bratislavský kraj";49;0;0;0;NA;346256;49;2020-10-04;2598
2020-10-03;"Bratislavský kraj";82;0;0;0;NA;346256;82;2020-10-03;2549
2020-10-02;"Bratislavský kraj";101;0;0;0;NA;346256;101;2020-10-02;2467
2020-10-01;"Bratislavský kraj";72;0;0;0;NA;346256;72;2020-10-01;2366
2020-09-30;"Bratislavský kraj";91;0;0;0;NA;346256;91;2020-09-30;2294
2020-09-29;"Bratislavský kraj";74;0;0;0;NA;346256;74;2020-09-29;2203
2020-09-28;"Bratislavský kraj";29;0;0;0;NA;346256;29;2020-09-28;2129
2020-09-27;"Bratislavský kraj";48;0;0;0;NA;346256;48;2020-09-27;2100
2020-09-26;"Bratislavský kraj";86;0;0;0;NA;346256;86;2020-09-26;2052
2020-09-25;"Bratislavský kraj";97;0;0;0;NA;346256;97;2020-09-25;1966
2020-09-24;"Bratislavský kraj";73;0;0;0;NA;346256;73;2020-09-24;1869
2020-09-23;"Bratislavský kraj";55;0;0;0;NA;346256;55;2020-09-23;1796
2020-09-22;"Bratislavský kraj";81;0;0;0;NA;346256;81;2020-09-22;1741
2020-09-21;"Bratislavský kraj";32;0;0;0;NA;346256;32;2020-09-21;1660
2020-09-20;"Bratislavský kraj";25;0;0;0;NA;346256;25;2020-09-20;1628
2020-09-19;"Bratislavský kraj";59;0;0;0;NA;346256;59;2020-09-19;1603
2020-09-18;"Bratislavský kraj";42;0;0;0;NA;346256;42;2020-09-18;1544
2020-09-17;"Bratislavský kraj";52;0;0;0;NA;346256;52;2020-09-17;1502
2020-09-16;"Bratislavský kraj";32;0;0;0;NA;346256;32;2020-09-16;1450
2020-09-15;"Bratislavský kraj";26;0;0;0;NA;346256;26;2020-09-15;1418
2020-09-14;"Bratislavský kraj";24;0;0;0;NA;346256;24;2020-09-14;1392
2020-09-13;"Bratislavský kraj";11;0;0;0;NA;346256;11;2020-09-13;1368
2020-09-12;"Bratislavský kraj";24;0;0;0;NA;346256;24;2020-09-12;1357
2020-09-11;"Bratislavský kraj";50;0;0;0;NA;346256;50;2020-09-11;1333
2020-09-10;"Bratislavský kraj";47;0;0;0;NA;346256;47;2020-09-10;1283
2020-09-09;"Bratislavský kraj";40;0;0;0;NA;346256;40;2020-09-09;1236
2020-09-08;"Bratislavský kraj";58;0;0;0;NA;346256;58;2020-09-08;1196
2020-09-07;"Bratislavský kraj";39;0;0;0;NA;346256;39;2020-09-07;1138
2020-09-06;"Bratislavský kraj";11;0;0;0;NA;346256;11;2020-09-06;1099
2020-09-05;"Bratislavský kraj";37;0;0;0;NA;346256;37;2020-09-05;1088
2020-09-04;"Bratislavský kraj";87;0;0;0;NA;346256;87;2020-09-04;1051
2020-09-03;"Bratislavský kraj";51;0;0;0;NA;346256;51;2020-09-03;964
2020-09-02;"Bratislavský kraj";50;0;0;0;NA;346256;50;2020-09-02;913
2020-09-01;"Bratislavský kraj";16;0;0;0;NA;346256;16;2020-09-01;863
2020-08-31;"Bratislavský kraj";19;0;0;0;NA;346256;19;2020-08-31;847
2020-08-30;"Bratislavský kraj";9;0;0;0;NA;346256;9;2020-08-30;828
2020-08-29;"Bratislavský kraj";12;0;0;0;NA;346256;12;2020-08-29;819
2020-08-28;"Bratislavský kraj";35;0;0;0;NA;346256;35;2020-08-28;807
2020-08-27;"Bratislavský kraj";33;0;0;0;NA;346256;33;2020-08-27;772
2020-08-26;"Bratislavský kraj";27;0;0;0;NA;346256;27;2020-08-26;739
2020-08-25;"Bratislavský kraj";29;0;0;0;NA;346256;29;2020-08-25;712
2020-08-24;"Bratislavský kraj";6;0;0;0;NA;346256;6;2020-08-24;683
2020-08-23;"Bratislavský kraj";45;0;0;0;NA;346256;45;2020-08-23;677
2020-08-22;"Bratislavský kraj";13;0;0;0;NA;346256;13;2020-08-22;632
2020-08-21;"Bratislavský kraj";46;0;0;0;NA;346256;46;2020-08-21;619
2020-08-20;"Bratislavský kraj";41;0;0;0;NA;346256;41;2020-08-20;573
2020-08-19;"Bratislavský kraj";27;0;0;0;NA;346256;27;2020-08-19;532
2020-08-18;"Bratislavský kraj";47;0;0;0;NA;346256;47;2020-08-18;505
2020-08-17;"Bratislavský kraj";2;0;0;0;NA;346256;2;2020-08-17;458
2020-08-16;"Bratislavský kraj";3;0;0;0;NA;346256;3;2020-08-16;456
2020-08-15;"Bratislavský kraj";18;0;0;0;NA;346256;18;2020-08-15;453
2020-08-14;"Bratislavský kraj";16;0;0;0;NA;346256;16;2020-08-14;435
2020-08-13;"Bratislavský kraj";12;0;0;0;NA;346256;12;2020-08-13;419
2020-08-12;"Bratislavský kraj";10;0;0;0;NA;346256;10;2020-08-12;407
2020-08-11;"Bratislavský kraj";23;0;0;0;NA;346256;23;2020-08-11;397
2020-08-10;"Bratislavský kraj";2;0;0;0;NA;346256;2;2020-08-10;374
2020-08-09;"Bratislavský kraj";2;0;0;0;NA;346256;2;2020-08-09;372
2020-08-08;"Bratislavský kraj";1;0;0;0;NA;346256;1;2020-08-08;370
2020-08-07;"Bratislavský kraj";9;0;0;0;NA;346256;9;2020-08-07;369
2020-08-06;"Bratislavský kraj";15;0;0;0;NA;346256;15;2020-08-06;360
2020-08-05;"Bratislavský kraj";11;0;0;0;NA;346256;11;2020-08-05;345
2020-08-04;"Bratislavský kraj";21;0;0;0;NA;346256;21;2020-08-04;334
2020-08-03;"Bratislavský kraj";7;0;0;0;NA;346256;7;2020-08-03;313
2020-08-02;"Bratislavský kraj";0;0;0;0;NA;346256;0;2020-08-02;306
2020-08-01;"Bratislavský kraj";0;0;0;0;NA;346256;0;2020-08-01;306
2020-07-31;"Bratislavský kraj";14;0;0;0;NA;346256;14;2020-07-31;306
2020-07-30;"Bratislavský kraj";6;0;0;0;NA;346256;6;2020-07-30;292
2020-07-29;"Bratislavský kraj";7;0;0;0;NA;346256;7;2020-07-29;286
2020-07-28;"Bratislavský kraj";14;0;0;0;NA;346256;14;2020-07-28;279
2020-07-27;"Bratislavský kraj";3;0;0;0;NA;346256;3;2020-07-27;265
2020-07-26;"Bratislavský kraj";0;0;0;0;NA;346256;0;2020-07-26;262
2020-07-25;"Bratislavský kraj";8;0;0;0;NA;346256;8;2020-07-25;262
2020-07-24;"Bratislavský kraj";2;0;0;0;NA;346256;2;2020-07-24;254
2020-07-23;"Bratislavský kraj";8;0;0;0;NA;346256;8;2020-07-23;252
2020-07-22;"Bratislavský kraj";11;0;0;0;NA;346256;11;2020-07-22;244
2020-07-21;"Bratislavský kraj";8;0;0;0;NA;346256;8;2020-07-21;233
2020-07-20;"Bratislavský kraj";12;0;0;0;NA;346256;12;2020-07-20;225
2020-07-19;"Bratislavský kraj";0;0;0;0;NA;346256;0;2020-07-19;213
2020-07-18;"Bratislavský kraj";2;0;0;0;NA;346256;2;2020-07-18;213
2020-07-17;"Bratislavský kraj";2;0;0;0;NA;346256;2;2020-07-17;211
2020-07-16;"Bratislavský kraj";6;0;0;0;NA;346256;6;2020-07-16;209
2020-07-15;"Bratislavský kraj";3;0;0;0;NA;346256;3;2020-07-15;203
2020-07-14;"Bratislavský kraj";2;0;0;0;NA;346256;2;2020-07-14;200
2020-07-13;"Bratislavský kraj";2;0;0;0;NA;346256;2;2020-07-13;198
2020-07-12;"Bratislavský kraj";0;0;0;0;NA;346256;0;2020-07-12;196
2020-07-11;"Bratislavský kraj";0;0;0;0;NA;346256;0;2020-07-11;196
2020-07-10;"Bratislavský kraj";8;0;0;0;NA;346256;8;2020-07-10;196
2020-07-09;"Bratislavský kraj";2;0;0;0;NA;346256;2;2020-07-09;188
2020-07-08;"Bratislavský kraj";11;0;0;0;NA;346256;11;2020-07-08;186
2020-07-07;"Bratislavský kraj";5;0;0;0;NA;346256;5;2020-07-07;175
2020-07-06;"Bratislavský kraj";1;0;0;0;NA;346256;1;2020-07-06;170
2020-07-05;"Bratislavský kraj";0;0;0;0;NA;346256;0;2020-07-05;169
2020-07-04;"Bratislavský kraj";3;0;0;0;NA;346256;3;2020-07-04;169
2020-07-03;"Bratislavský kraj";1;0;0;0;NA;346256;1;2020-07-03;166
2020-07-02;"Bratislavský kraj";0;0;0;0;NA;346256;0;2020-07-02;165
2020-07-01;"Bratislavský kraj";7;0;0;0;NA;346256;7;2020-07-01;165
2020-06-30;"Bratislavský kraj";3;0;0;0;NA;346256;3;2020-06-30;158
2020-06-29;"Bratislavský kraj";1;0;0;0;NA;346256;1;2020-06-29;155
2020-06-28;"Bratislavský kraj";0;0;0;0;NA;346256;0;2020-06-28;154
2020-06-27;"Bratislavský kraj";1;0;0;0;NA;346256;1;2020-06-27;154
2020-06-26;"Bratislavský kraj";6;0;0;0;NA;346256;6;2020-06-26;153
2020-06-25;"Bratislavský kraj";0;0;0;0;NA;346256;0;2020-06-25;147
2020-06-24;"Bratislavský kraj";3;0;0;0;NA;346256;3;2020-06-24;147
2020-06-23;"Bratislavský kraj";0;0;0;0;NA;346256;0;2020-06-23;144
2020-06-22;"Bratislavský kraj";1;0;0;0;NA;346256;1;2020-06-22;144
2020-06-21;"Bratislavský kraj";0;0;0;0;NA;346256;0;2020-06-21;143
2020-06-20;"Bratislavský kraj";0;0;0;0;NA;346256;0;2020-06-20;143
2020-06-19;"Bratislavský kraj";3;0;0;0;NA;346256;3;2020-06-19;143
2020-06-18;"Bratislavský kraj";0;0;0;0;NA;346256;0;2020-06-18;140
2020-06-17;"Bratislavský kraj";0;0;0;0;NA;346256;0;2020-06-17;140
2020-06-16;"Bratislavský kraj";0;0;0;0;NA;346256;0;2020-06-16;140
2020-06-14;"Bratislavský kraj";2;0;0;0;NA;346256;2;2020-06-14;140
2020-06-13;"Bratislavský kraj";1;0;0;0;NA;346256;1;2020-06-13;138
2020-06-12;"Bratislavský kraj";2;0;0;0;NA;346256;2;2020-06-12;137
2020-06-11;"Bratislavský kraj";0;0;0;0;NA;346256;0;2020-06-11;135
2020-06-10;"Bratislavský kraj";0;0;0;0;NA;346256;0;2020-06-10;135
2020-06-09;"Bratislavský kraj";0;0;0;0;NA;346256;0;2020-06-09;135
2020-06-08;"Bratislavský kraj";1;0;0;0;NA;346256;1;2020-06-08;135
2020-06-07;"Bratislavský kraj";0;0;0;0;NA;346256;0;2020-06-07;134
2020-06-05;"Bratislavský kraj";0;0;0;0;NA;346256;0;2020-06-05;134
2020-06-03;"Bratislavský kraj";1;0;0;0;NA;346256;1;2020-06-03;134
2020-06-02;"Bratislavský kraj";0;0;0;0;NA;346256;0;2020-06-02;133
2020-05-31;"Bratislavský kraj";0;0;0;0;NA;346256;0;2020-05-31;133
2020-05-29;"Bratislavský kraj";0;0;0;0;NA;346256;0;2020-05-29;133
2020-05-27;"Bratislavský kraj";1;0;0;0;NA;346256;1;2020-05-27;133
2020-05-26;"Bratislavský kraj";0;0;0;0;NA;346256;0;2020-05-26;132
2020-05-25;"Bratislavský kraj";0;0;0;0;NA;346256;0;2020-05-25;132
2020-05-24;"Bratislavský kraj";0;0;0;0;NA;346256;0;2020-05-24;132
2020-05-23;"Bratislavský kraj";2;0;0;0;NA;346256;2;2020-05-23;132
2020-05-22;"Bratislavský kraj";0;0;0;0;NA;346256;0;2020-05-22;130
2020-05-21;"Bratislavský kraj";0;0;0;0;NA;346256;0;2020-05-21;130
2020-05-20;"Bratislavský kraj";0;0;0;0;NA;346256;0;2020-05-20;130
2020-05-19;"Bratislavský kraj";0;0;0;0;NA;346256;0;2020-05-19;130
2020-05-17;"Bratislavský kraj";0;0;0;0;NA;346256;0;2020-05-17;130
2020-05-16;"Bratislavský kraj";0;0;0;0;NA;346256;0;2020-05-16;130
2020-05-15;"Bratislavský kraj";0;0;0;0;NA;346256;0;2020-05-15;130
2020-05-14;"Bratislavský kraj";0;0;0;0;NA;346256;0;2020-05-14;130
2020-05-13;"Bratislavský kraj";0;0;0;0;NA;346256;0;2020-05-13;130
2020-05-12;"Bratislavský kraj";2;0;0;0;NA;346256;2;2020-05-12;130
2020-05-11;"Bratislavský kraj";0;0;0;0;NA;346256;0;2020-05-11;128
2020-05-09;"Bratislavský kraj";0;0;0;0;NA;346256;0;2020-05-09;128
2020-05-07;"Bratislavský kraj";1;0;0;0;NA;346256;1;2020-05-07;128
2020-05-06;"Bratislavský kraj";3;0;0;0;NA;346256;3;2020-05-06;127
2020-05-05;"Bratislavský kraj";0;0;0;0;NA;346256;0;2020-05-05;124
2020-05-04;"Bratislavský kraj";0;0;0;0;NA;346256;0;2020-05-04;124
2020-05-03;"Bratislavský kraj";2;0;0;0;NA;346256;2;2020-05-03;124
2020-05-02;"Bratislavský kraj";0;0;0;0;NA;346256;0;2020-05-02;122
2020-05-01;"Bratislavský kraj";0;0;0;0;NA;346256;0;2020-05-01;122
2020-04-30;"Bratislavský kraj";5;0;0;0;NA;346256;5;2020-04-30;122
2020-04-29;"Bratislavský kraj";0;0;0;0;NA;346256;0;2020-04-29;117
2020-04-28;"Bratislavský kraj";2;0;0;0;NA;346256;2;2020-04-28;117
2020-04-27;"Bratislavský kraj";0;0;0;0;NA;346256;0;2020-04-27;115
2020-04-26;"Bratislavský kraj";1;0;0;0;NA;346256;1;2020-04-26;115
2020-04-25;"Bratislavský kraj";0;0;0;0;NA;346256;0;2020-04-25;114
2020-04-24;"Bratislavský kraj";2;0;0;0;NA;346256;2;2020-04-24;114
2020-04-23;"Bratislavský kraj";6;0;0;0;NA;346256;6;2020-04-23;112
2020-04-22;"Bratislavský kraj";11;0;0;0;NA;346256;11;2020-04-22;106
2020-04-21;"Bratislavský kraj";4;0;0;0;NA;346256;4;2020-04-21;95
2020-04-20;"Bratislavský kraj";0;0;0;0;NA;346256;0;2020-04-20;91
2020-04-19;"Bratislavský kraj";4;0;0;0;NA;346256;4;2020-04-19;91
2020-04-18;"Bratislavský kraj";5;0;0;0;NA;346256;5;2020-04-18;87
2020-04-17;"Bratislavský kraj";6;0;0;0;NA;346256;6;2020-04-17;82
2020-04-16;"Bratislavský kraj";15;0;0;0;NA;346256;15;2020-04-16;76
2020-04-15;"Bratislavský kraj";11;0;0;0;NA;346256;11;2020-04-15;61
2020-04-14;"Bratislavský kraj";19;0;0;0;NA;346256;19;2020-04-14;50
2020-04-13;"Bratislavský kraj";53;0;0;0;NA;346256;53;2020-04-13;31
2020-04-12;"Bratislavský kraj";3;0;0;0;NA;346256;3;2020-04-12;-22
2020-04-11;"Bratislavský kraj";1;0;0;0;NA;346256;1;2020-04-11;-25
2020-04-10;"Bratislavský kraj";8;0;0;0;NA;346256;8;2020-04-10;-26
2020-04-09;"Bratislavský kraj";3;0;0;0;NA;346256;3;2020-04-09;-34
2020-04-08;"Bratislavský kraj";3;0;0;0;NA;346256;3;2020-04-08;-37
2020-04-07;"Bratislavský kraj";24;0;0;0;NA;346256;24;2020-04-07;-40
2020-04-06;"Bratislavský kraj";5;0;0;0;NA;346256;5;2020-04-06;-64
2020-04-05;"Bratislavský kraj";6;0;0;0;NA;346256;6;2020-04-05;-69
2020-04-04;"Bratislavský kraj";2;0;0;0;NA;346256;2;2020-04-04;-75
2020-04-03;"Bratislavský kraj";1;0;0;0;NA;346256;1;2020-04-03;-77
2020-04-02;"Bratislavský kraj";2;0;0;0;NA;346256;2;2020-04-02;-78
2020-04-01;"Bratislavský kraj";5;0;0;0;NA;346256;5;2020-04-01;-80
2020-03-31;"Bratislavský kraj";19;0;0;0;NA;346256;19;2020-03-31;-85
2020-03-30;"Bratislavský kraj";6;0;0;0;NA;346256;6;2020-03-30;-104
2020-03-29;"Bratislavský kraj";8;0;0;0;NA;346256;8;2020-03-29;-110
2020-03-28;"Bratislavský kraj";4;0;0;0;NA;346256;4;2020-03-28;-118
2020-03-27;"Bratislavský kraj";3;0;0;0;NA;346256;3;2020-03-27;-122
2020-03-26;"Bratislavský kraj";15;0;0;0;NA;346256;15;2020-03-26;-125
2020-03-25;"Bratislavský kraj";1;0;0;0;NA;346256;1;2020-03-25;-140
2020-03-24;"Bratislavský kraj";4;0;0;0;NA;346256;4;2020-03-24;-141
2020-03-23;"Bratislavský kraj";9;0;0;0;NA;346256;9;2020-03-23;-145
2020-03-22;"Bratislavský kraj";2;0;0;0;NA;346256;2;2020-03-22;-154
2020-03-21;"Bratislavský kraj";22;0;0;0;NA;346256;22;2020-03-21;-156
2020-03-20;"Bratislavský kraj";3;0;0;0;NA;346256;3;2020-03-20;-178
2020-03-19;"Bratislavský kraj";4;0;0;0;NA;346256;4;2020-03-19;-181
2020-03-18;"Bratislavský kraj";3;0;0;0;NA;346256;3;2020-03-18;-185
2020-03-17;"Bratislavský kraj";13;0;0;0;NA;346256;13;2020-03-17;-188
2020-03-16;"Bratislavský kraj";1;0;0;0;NA;346256;1;2020-03-16;-201
2020-03-15;"Bratislavský kraj";4;0;0;0;NA;346256;4;2020-03-15;-202
2020-03-14;"Bratislavský kraj";9;0;0;0;NA;346256;9;2020-03-14;-206
2020-03-13;"Bratislavský kraj";2;0;0;0;NA;346256;2;2020-03-13;-215
2020-03-12;"Bratislavský kraj";8;0;0;0;NA;346256;8;2020-03-12;-217
2020-03-11;"Bratislavský kraj";3;0;0;0;NA;346256;3;2020-03-11;-225
2020-03-09;"Bratislavský kraj";0;0;0;0;NA;346256;0;2020-03-09;-228
2020-03-08;"Bratislavský kraj";2;0;0;0;NA;346256;2;2020-03-08;-228
2020-03-07;"Bratislavský kraj";2;0;0;0;NA;346256;2;2020-03-07;-230
2020-03-06;"Bratislavský kraj";1;0;0;0;NA;346256;1;2020-03-06;-232
2022-06-23;"Košický kraj";36;0;0;0;236481;347338;36;2022-06-23;347338
2022-06-22;"Košický kraj";33;122;9;131;NA;347338;42;2022-06-22;347302
2022-06-21;"Košický kraj";42;205;19;224;NA;347338;61;2022-06-21;347260
2022-06-20;"Košický kraj";24;485;33;518;NA;347338;57;2022-06-20;347199
2022-06-19;"Košický kraj";4;37;9;46;NA;347338;13;2022-06-19;347142
2022-06-18;"Košický kraj";11;37;2;39;NA;347338;13;2022-06-18;347129
2022-06-17;"Košický kraj";27;162;11;173;NA;347338;38;2022-06-17;347116
2022-06-16;"Košický kraj";20;359;17;376;NA;347338;37;2022-06-16;347078
2022-06-15;"Košický kraj";27;196;18;214;NA;347338;45;2022-06-15;347041
2022-06-14;"Košický kraj";19;158;14;172;NA;347338;33;2022-06-14;346996
2022-06-13;"Košický kraj";21;246;16;262;NA;347338;37;2022-06-13;346963
2022-06-12;"Košický kraj";4;47;8;55;NA;347338;12;2022-06-12;346926
2022-06-11;"Košický kraj";13;27;3;30;NA;347338;16;2022-06-11;346914
2022-06-10;"Košický kraj";15;189;17;206;NA;347338;32;2022-06-10;346898
2022-06-09;"Košický kraj";15;123;4;127;NA;347338;19;2022-06-09;346866
2022-06-08;"Košický kraj";21;184;13;197;NA;347338;34;2022-06-08;346847
2022-06-07;"Košický kraj";24;2676;4;2680;NA;347338;28;2022-06-07;346813
2022-06-06;"Košický kraj";15;404;29;433;NA;347338;44;2022-06-06;346785
2022-06-05;"Košický kraj";6;69;3;72;NA;347338;9;2022-06-05;346741
2022-06-04;"Košický kraj";16;39;1;40;NA;347338;17;2022-06-04;346732
2022-06-03;"Košický kraj";14;183;13;196;NA;347338;27;2022-06-03;346715
2022-06-02;"Košický kraj";12;383;18;401;NA;347338;30;2022-06-02;346688
2022-06-01;"Košický kraj";22;283;17;300;NA;347338;39;2022-06-01;346658
2022-05-31;"Košický kraj";28;248;11;259;NA;347338;39;2022-05-31;346619
2022-05-30;"Košický kraj";18;778;25;803;NA;347338;43;2022-05-30;346580
2022-05-29;"Košický kraj";5;74;6;80;NA;347338;11;2022-05-29;346537
2022-05-28;"Košický kraj";10;40;4;44;NA;347338;14;2022-05-28;346526
2022-05-27;"Košický kraj";21;186;7;193;NA;347338;28;2022-05-27;346512
2022-05-26;"Košický kraj";27;219;16;235;NA;347338;43;2022-05-26;346484
2022-05-25;"Košický kraj";40;235;10;245;NA;347338;50;2022-05-25;346441
2022-05-24;"Košický kraj";20;248;12;260;NA;347338;32;2022-05-24;346391
2022-05-23;"Košický kraj";20;721;40;761;NA;347338;60;2022-05-23;346359
2022-05-22;"Košický kraj";2;52;9;61;NA;347338;11;2022-05-22;346299
2022-05-21;"Košický kraj";16;52;4;56;NA;347338;20;2022-05-21;346288
2022-05-20;"Košický kraj";30;237;12;249;NA;347338;42;2022-05-20;346268
2022-05-19;"Košický kraj";35;488;13;501;NA;347338;48;2022-05-19;346226
2022-05-18;"Košický kraj";48;257;11;268;NA;347338;59;2022-05-18;346178
2022-05-17;"Košický kraj";49;361;17;378;NA;347338;66;2022-05-17;346119
2022-05-16;"Košický kraj";22;422;29;451;NA;347338;51;2022-05-16;346053
2022-05-15;"Košický kraj";10;205;21;226;NA;347338;31;2022-05-15;346002
2022-05-14;"Košický kraj";38;181;18;199;NA;347338;56;2022-05-14;345971
2022-05-13;"Košický kraj";63;459;32;491;NA;347338;95;2022-05-13;345915
2022-05-12;"Košický kraj";54;393;25;418;NA;347338;79;2022-05-12;345820
2022-05-11;"Košický kraj";44;602;40;642;NA;347338;84;2022-05-11;345741
2022-05-10;"Košický kraj";47;421;41;462;NA;347338;88;2022-05-10;345657
2022-05-09;"Košický kraj";33;663;59;722;NA;347338;92;2022-05-09;345569
2022-05-08;"Košický kraj";9;230;22;252;NA;347338;31;2022-05-08;345477
2022-05-07;"Košický kraj";36;242;16;258;NA;347338;52;2022-05-07;345446
2022-05-06;"Košický kraj";73;453;42;495;NA;347338;115;2022-05-06;345394
2022-05-05;"Košický kraj";66;571;42;613;NA;347338;108;2022-05-05;345279
2022-05-04;"Košický kraj";56;528;40;568;NA;347338;96;2022-05-04;345171
2022-05-03;"Košický kraj";104;776;46;822;NA;347338;150;2022-05-03;345075
2022-05-02;"Košický kraj";97;1285;106;1391;NA;347338;203;2022-05-02;344925
2022-05-01;"Košický kraj";16;249;34;283;NA;347338;50;2022-05-01;344722
2022-04-30;"Košický kraj";106;308;28;336;NA;347338;134;2022-04-30;344672
2022-04-29;"Košický kraj";124;843;49;892;NA;347338;173;2022-04-29;344538
2022-04-28;"Košický kraj";108;1107;72;1179;NA;347338;180;2022-04-28;344365
2022-04-27;"Košický kraj";184;1266;54;1320;NA;347338;238;2022-04-27;344185
2022-04-26;"Košický kraj";160;1786;78;1864;NA;347338;238;2022-04-26;343947
2022-04-25;"Košický kraj";208;1912;121;2033;NA;347338;329;2022-04-25;343709
2022-04-24;"Košický kraj";43;553;59;612;NA;347338;102;2022-04-24;343380
2022-04-23;"Košický kraj";183;497;46;543;NA;347338;229;2022-04-23;343278
2022-04-22;"Košický kraj";237;1202;80;1282;NA;347338;317;2022-04-22;343049
2022-04-21;"Košický kraj";169;1571;110;1681;NA;347338;279;2022-04-21;342732
2022-04-20;"Košický kraj";331;1796;91;1887;NA;347338;422;2022-04-20;342453
2022-04-19;"Košický kraj";306;2580;181;2761;NA;347338;487;2022-04-19;342031
2022-04-18;"Košický kraj";63;715;60;775;NA;347338;123;2022-04-18;341544
2022-04-17;"Košický kraj";163;305;32;337;NA;347338;195;2022-04-17;341421
2022-04-16;"Košický kraj";129;540;88;628;NA;347338;217;2022-04-16;341226
2022-04-15;"Košický kraj";65;410;25;435;NA;347338;90;2022-04-15;341009
2022-04-14;"Košický kraj";364;1677;106;1783;NA;347338;470;2022-04-14;340919
2022-04-13;"Košický kraj";417;1889;104;1993;NA;347338;521;2022-04-13;340449
2022-04-12;"Košický kraj";254;1713;136;1849;NA;347338;390;2022-04-12;339928
2022-04-11;"Košický kraj";418;2765;184;2949;NA;347338;602;2022-04-11;339538
2022-04-10;"Košický kraj";164;795;66;861;NA;347338;230;2022-04-10;338936
2022-04-09;"Košický kraj";210;623;55;678;NA;347338;265;2022-04-09;338706
2022-04-08;"Košický kraj";373;1705;151;1856;NA;347338;524;2022-04-08;338441
2022-04-07;"Košický kraj";428;2176;173;2349;NA;347338;601;2022-04-07;337917
2022-04-06;"Košický kraj";580;1845;172;2017;NA;347338;752;2022-04-06;337316
2022-04-05;"Košický kraj";721;1818;187;2005;NA;347338;908;2022-04-05;336564
2022-04-04;"Košický kraj";694;3029;326;3355;NA;347338;1020;2022-04-04;335656
2022-04-03;"Košický kraj";208;861;136;997;NA;347338;344;2022-04-03;334636
2022-04-02;"Košický kraj";331;628;86;714;NA;347338;417;2022-04-02;334292
2022-04-01;"Košický kraj";714;1919;227;2146;NA;347338;941;2022-04-01;333875
2022-03-31;"Košický kraj";745;1899;205;2104;NA;347338;950;2022-03-31;332934
2022-03-30;"Košický kraj";1081;2171;241;2412;NA;347338;1322;2022-03-30;331984
2022-03-29;"Košický kraj";683;2337;310;2647;NA;347338;993;2022-03-29;330662
2022-03-28;"Košický kraj";886;3310;435;3745;NA;347338;1321;2022-03-28;329669
2022-03-27;"Košický kraj";355;1168;230;1398;NA;347338;585;2022-03-27;328348
2022-03-26;"Košický kraj";593;940;165;1105;NA;347338;758;2022-03-26;327763
2022-03-25;"Košický kraj";958;1831;316;2147;NA;347338;1274;2022-03-25;327005
2022-03-24;"Košický kraj";998;2433;328;2761;NA;347338;1326;2022-03-24;325731
2022-03-23;"Košický kraj";1143;2615;348;2963;NA;347338;1491;2022-03-23;324405
2022-03-22;"Košický kraj";1508;2766;378;3144;NA;347338;1886;2022-03-22;322914
2022-03-21;"Košický kraj";1241;3484;530;4014;NA;347338;1771;2022-03-21;321028
2022-03-20;"Košický kraj";199;1514;318;1832;NA;347338;517;2022-03-20;319257
2022-03-19;"Košický kraj";952;1133;241;1374;NA;347338;1193;2022-03-19;318740
2022-03-18;"Košický kraj";1382;2278;343;2621;NA;347338;1725;2022-03-18;317547
2022-03-17;"Košický kraj";1181;2717;358;3075;NA;347338;1539;2022-03-17;315822
2022-03-16;"Košický kraj";1631;4800;372;5172;NA;347338;2003;2022-03-16;314283
2022-03-15;"Košický kraj";1591;2889;436;3325;NA;347338;2027;2022-03-15;312280
2022-03-14;"Košický kraj";1424;3479;585;4064;NA;347338;2009;2022-03-14;310253
2022-03-13;"Košický kraj";565;1711;375;2086;NA;347338;940;2022-03-13;308244
2022-03-12;"Košický kraj";1227;1263;218;1481;NA;347338;1445;2022-03-12;307304
2022-03-11;"Košický kraj";1451;2815;513;3328;NA;347338;1964;2022-03-11;305859
2022-03-10;"Košický kraj";990;3158;406;3564;NA;347338;1396;2022-03-10;303895
2022-03-09;"Košický kraj";1545;3322;397;3719;NA;347338;1942;2022-03-09;302499
2022-03-08;"Košický kraj";1487;3633;441;4074;NA;347338;1928;2022-03-08;300557
2022-03-07;"Košický kraj";1347;4968;713;5681;NA;347338;2060;2022-03-07;298629
2022-03-06;"Košický kraj";297;1811;372;2183;NA;347338;669;2022-03-06;296569
2022-03-05;"Košický kraj";874;1317;264;1581;NA;347338;1138;2022-03-05;295900
2022-03-04;"Košický kraj";1255;3130;424;3554;NA;347338;1679;2022-03-04;294762
2022-03-03;"Košický kraj";1111;3543;433;3976;NA;347338;1544;2022-03-03;293083
2022-03-02;"Košický kraj";1458;3437;455;3892;NA;347338;1913;2022-03-02;291539
2022-03-01;"Košický kraj";1723;3720;487;4207;NA;347338;2210;2022-03-01;289626
2022-02-28;"Košický kraj";1345;5497;805;6302;NA;347338;2150;2022-02-28;287416
2022-02-27;"Košický kraj";465;2397;440;2837;NA;347338;905;2022-02-27;285266
2022-02-26;"Košický kraj";979;1348;329;1677;NA;347338;1308;2022-02-26;284361
2022-02-25;"Košický kraj";1691;3274;510;3784;NA;347338;2201;2022-02-25;283053
2022-02-24;"Košický kraj";1988;4033;594;4627;NA;347338;2582;2022-02-24;280852
2022-02-23;"Košický kraj";1787;4151;558;4709;NA;347338;2345;2022-02-23;278270
2022-02-22;"Košický kraj";2649;4695;660;5355;NA;347338;3309;2022-02-22;275925
2022-02-21;"Košický kraj";1646;6499;910;7409;NA;347338;2556;2022-02-21;272616
2022-02-20;"Košický kraj";577;2919;578;3497;NA;347338;1155;2022-02-20;270060
2022-02-19;"Košický kraj";1941;2169;409;2578;NA;347338;2350;2022-02-19;268905
2022-02-18;"Košický kraj";2210;4534;640;5174;NA;347338;2850;2022-02-18;266555
2022-02-17;"Košický kraj";2555;4668;675;5343;NA;347338;3230;2022-02-17;263705
2022-02-16;"Košický kraj";2153;5477;736;6213;NA;347338;2889;2022-02-16;260475
2022-02-15;"Košický kraj";2768;5507;830;6337;NA;347338;3598;2022-02-15;257586
2022-02-14;"Košický kraj";2337;8076;1104;9180;NA;347338;3441;2022-02-14;253988
2022-02-13;"Košický kraj";1235;4248;809;5057;NA;347338;2044;2022-02-13;250547
2022-02-12;"Košický kraj";1728;2014;524;2538;NA;347338;2252;2022-02-12;248503
2022-02-11;"Košický kraj";2665;4797;633;5430;NA;347338;3298;2022-02-11;246251
2022-02-10;"Košický kraj";2135;5323;728;6051;NA;347338;2863;2022-02-10;242953
2022-02-09;"Košický kraj";2067;5940;743;6683;NA;347338;2810;2022-02-09;240090
2022-02-08;"Košický kraj";2993;6143;762;6905;NA;347338;3755;2022-02-08;237280
2022-02-07;"Košický kraj";1939;7973;978;8951;NA;347338;2917;2022-02-07;233525
2022-02-06;"Košický kraj";998;4482;680;5162;NA;347338;1678;2022-02-06;230608
2022-02-05;"Košický kraj";2209;2454;434;2888;NA;347338;2643;2022-02-05;228930
2022-02-04;"Košický kraj";2563;5634;632;6266;NA;347338;3195;2022-02-04;226287
2022-02-03;"Košický kraj";1916;6379;659;7038;NA;347338;2575;2022-02-03;223092
2022-02-02;"Košický kraj";2498;6923;629;7552;NA;347338;3127;2022-02-02;220517
2022-02-01;"Košický kraj";2173;6706;678;7384;NA;347338;2851;2022-02-01;217390
2022-01-31;"Košický kraj";2020;9960;841;10801;NA;347338;2861;2022-01-31;214539
2022-01-30;"Košický kraj";1002;5716;541;6257;NA;347338;1543;2022-01-30;211678
2022-01-29;"Košický kraj";1731;2720;387;3107;NA;347338;2118;2022-01-29;210135
2022-01-28;"Košický kraj";1743;5571;492;6063;NA;347338;2235;2022-01-28;208017
2022-01-27;"Košický kraj";1553;5792;413;6205;NA;347338;1966;2022-01-27;205782
2022-01-26;"Košický kraj";1683;5613;399;6012;NA;347338;2082;2022-01-26;203816
2022-01-25;"Košický kraj";1409;6210;404;6614;NA;347338;1813;2022-01-25;201734
2022-01-24;"Košický kraj";1141;8669;431;9100;NA;347338;1572;2022-01-24;199921
2022-01-23;"Košický kraj";516;5418;287;5705;NA;347338;803;2022-01-23;198349
2022-01-22;"Košický kraj";914;2528;177;2705;NA;347338;1091;2022-01-22;197546
2022-01-21;"Košický kraj";589;5194;227;5421;NA;347338;816;2022-01-21;196455
2022-01-20;"Košický kraj";769;5379;200;5579;NA;347338;969;2022-01-20;195639
2022-01-19;"Košický kraj";629;5329;178;5507;NA;347338;807;2022-01-19;194670
2022-01-18;"Košický kraj";716;5758;140;5898;NA;347338;856;2022-01-18;193863
2022-01-17;"Košický kraj";486;9004;187;9191;NA;347338;673;2022-01-17;193007
2022-01-16;"Košický kraj";51;5264;137;5401;NA;347338;188;2022-01-16;192334
2022-01-15;"Košický kraj";422;2208;69;2277;NA;347338;491;2022-01-15;192146
2022-01-14;"Košický kraj";175;4208;93;4301;NA;347338;268;2022-01-14;191655
2022-01-13;"Košický kraj";165;4919;77;4996;NA;347338;242;2022-01-13;191387
2022-01-12;"Košický kraj";295;4609;78;4687;NA;347338;373;2022-01-12;191145
2022-01-11;"Košický kraj";349;5295;70;5365;NA;347338;419;2022-01-11;190772
2022-01-10;"Košický kraj";290;8254;128;8382;NA;347338;418;2022-01-10;190353
2022-01-09;"Košický kraj";230;5838;86;5924;NA;347338;316;2022-01-09;189935
2022-01-08;"Košický kraj";157;2417;57;2474;NA;347338;214;2022-01-08;189619
2022-01-07;"Košický kraj";388;5017;129;5146;NA;347338;517;2022-01-07;189405
2022-01-06;"Košický kraj";118;1576;55;1631;NA;347338;173;2022-01-06;188888
2022-01-05;"Košický kraj";354;5082;102;5184;NA;347338;456;2022-01-05;188715
2022-01-04;"Košický kraj";450;5273;84;5357;NA;347338;534;2022-01-04;188259
2022-01-03;"Košický kraj";439;7970;140;8110;NA;347338;579;2022-01-03;187725
2022-01-02;"Košický kraj";284;4614;109;4723;NA;347338;393;2022-01-02;187146
2022-01-01;"Košický kraj";28;360;18;378;NA;347338;46;2022-01-01;186753
2021-12-31;"Košický kraj";122;2999;86;3085;NA;347338;208;2021-12-31;186707
2021-12-30;"Košický kraj";401;3949;118;4067;NA;347338;519;2021-12-30;186499
2021-12-29;"Košický kraj";378;4194;111;4305;NA;347338;489;2021-12-29;185980
2021-12-28;"Košický kraj";509;4450;125;4575;NA;347338;634;2021-12-28;185491
2021-12-27;"Košický kraj";495;6822;205;7027;NA;347338;700;2021-12-27;184857
2021-12-26;"Košický kraj";109;2510;115;2625;NA;347338;224;2021-12-26;184157
2021-12-25;"Košický kraj";30;644;43;687;NA;347338;73;2021-12-25;183933
2021-12-24;"Košický kraj";95;1055;50;1105;NA;347338;145;2021-12-24;183860
2021-12-23;"Košický kraj";644;4479;131;4610;NA;347338;775;2021-12-23;183715
2021-12-22;"Košický kraj";224;4309;106;4415;NA;347338;330;2021-12-22;182940
2021-12-21;"Košický kraj";544;6491;138;6629;NA;347338;682;2021-12-21;182610
2021-12-20;"Košický kraj";464;8630;196;8826;NA;347338;660;2021-12-20;181928
2021-12-19;"Košický kraj";137;5447;177;5624;NA;347338;314;2021-12-19;181268
2021-12-18;"Košický kraj";414;2555;102;2657;NA;347338;516;2021-12-18;180954
2021-12-17;"Košický kraj";428;4832;145;4977;NA;347338;573;2021-12-17;180438
2021-12-16;"Košický kraj";476;5845;168;6013;NA;347338;644;2021-12-16;179865
2021-12-15;"Košický kraj";508;5956;172;6128;NA;347338;680;2021-12-15;179221
2021-12-14;"Košický kraj";957;5789;172;5961;NA;347338;1129;2021-12-14;178541
2021-12-13;"Košický kraj";679;9657;248;9905;NA;347338;927;2021-12-13;177412
2021-12-12;"Košický kraj";243;6657;198;6855;NA;347338;441;2021-12-12;176485
2021-12-11;"Košický kraj";519;2996;134;3130;NA;347338;653;2021-12-11;176044
2021-12-10;"Košický kraj";936;5465;185;5650;NA;347338;1121;2021-12-10;175391
2021-12-09;"Košický kraj";755;5779;198;5977;NA;347338;953;2021-12-09;174270
2021-12-08;"Košický kraj";1095;6574;275;6849;NA;347338;1370;2021-12-08;173317
2021-12-07;"Košický kraj";1212;6323;267;6590;NA;347338;1479;2021-12-07;171947
2021-12-06;"Košický kraj";904;10627;313;10940;NA;347338;1217;2021-12-06;170468
2021-12-05;"Košický kraj";404;7756;263;8019;NA;347338;667;2021-12-05;169251
2021-12-04;"Košický kraj";1007;3097;180;3277;NA;347338;1187;2021-12-04;168584
2021-12-03;"Košický kraj";1338;6065;271;6336;NA;347338;1609;2021-12-03;167397
2021-12-02;"Košický kraj";2209;5654;302;5956;NA;347338;2511;2021-12-02;165788
2021-12-01;"Košický kraj";1016;6483;388;6871;NA;347338;1404;2021-12-01;163277
2021-11-30;"Košický kraj";1125;8173;471;8644;NA;347338;1596;2021-11-30;161873
2021-11-29;"Košický kraj";993;14057;634;14691;NA;347338;1627;2021-11-29;160277
2021-11-28;"Košický kraj";972;10211;473;10684;NA;347338;1445;2021-11-28;158650
2021-11-27;"Košický kraj";1103;3566;219;3785;NA;347338;1322;2021-11-27;157205
2021-11-26;"Košický kraj";1395;6059;383;6442;NA;347338;1778;2021-11-26;155883
2021-11-25;"Košický kraj";1373;7016;499;7515;NA;347338;1872;2021-11-25;154105
2021-11-24;"Košický kraj";1194;7067;473;7540;NA;347338;1667;2021-11-24;152233
2021-11-23;"Košický kraj";1178;7185;488;7673;NA;347338;1666;2021-11-23;150566
2021-11-22;"Košický kraj";861;10709;741;11450;NA;347338;1602;2021-11-22;148900
2021-11-21;"Košický kraj";985;7394;657;8051;NA;347338;1642;2021-11-21;147298
2021-11-20;"Košický kraj";1083;2859;295;3154;NA;347338;1378;2021-11-20;145656
2021-11-19;"Košický kraj";1078;7543;516;8059;NA;347338;1594;2021-11-19;144278
2021-11-18;"Košický kraj";1061;9410;719;10129;NA;347338;1780;2021-11-18;142684
2021-11-17;"Košický kraj";1319;2824;262;3086;NA;347338;1581;2021-11-17;140904
2021-11-16;"Košický kraj";1484;7135;543;7678;NA;347338;2027;2021-11-16;139323
2021-11-15;"Košický kraj";902;10812;754;11566;NA;347338;1656;2021-11-15;137296
2021-11-14;"Košický kraj";715;5756;455;6211;NA;347338;1170;2021-11-14;135640
2021-11-13;"Košický kraj";869;2686;312;2998;NA;347338;1181;2021-11-13;134470
2021-11-12;"Košický kraj";1132;5616;410;6026;NA;347338;1542;2021-11-12;133289
2021-11-11;"Košický kraj";1035;6139;460;6599;NA;347338;1495;2021-11-11;131747
2021-11-10;"Košický kraj";933;6633;497;7130;NA;347338;1430;2021-11-10;130252
2021-11-09;"Košický kraj";967;5540;389;5929;NA;347338;1356;2021-11-09;128822
2021-11-08;"Košický kraj";701;7838;601;8439;NA;347338;1302;2021-11-08;127466
2021-11-07;"Košický kraj";691;4578;425;5003;NA;347338;1116;2021-11-07;126164
2021-11-06;"Košický kraj";996;2276;217;2493;NA;347338;1213;2021-11-06;125048
2021-11-05;"Košický kraj";1029;4905;367;5272;NA;347338;1396;2021-11-05;123835
2021-11-04;"Košický kraj";1000;5354;360;5714;NA;347338;1360;2021-11-04;122439
2021-11-03;"Košický kraj";1051;5749;361;6110;NA;347338;1412;2021-11-03;121079
2021-11-02;"Košický kraj";915;8775;566;9341;NA;347338;1481;2021-11-02;119667
2021-11-01;"Košický kraj";181;1999;265;2264;NA;347338;446;2021-11-01;118186
2021-10-31;"Košický kraj";385;2337;227;2564;NA;347338;612;2021-10-31;117740
2021-10-30;"Košický kraj";641;2380;180;2560;NA;347338;821;2021-10-30;117128
2021-10-29;"Košický kraj";750;4608;289;4897;NA;347338;1039;2021-10-29;116307
2021-10-28;"Košický kraj";823;5115;255;5370;NA;347338;1078;2021-10-28;115268
2021-10-27;"Košický kraj";723;4831;259;5090;NA;347338;982;2021-10-27;114190
2021-10-26;"Košický kraj";618;5049;225;5274;NA;347338;843;2021-10-26;113208
2021-10-25;"Košický kraj";268;6747;292;7039;NA;347338;560;2021-10-25;112365
2021-10-24;"Košický kraj";170;3447;205;3652;NA;347338;375;2021-10-24;111805
2021-10-23;"Košický kraj";397;1953;86;2039;NA;347338;483;2021-10-23;111430
2021-10-22;"Košický kraj";474;4679;130;4809;NA;347338;604;2021-10-22;110947
2021-10-21;"Košický kraj";669;5094;172;5266;NA;347338;841;2021-10-21;110343
2021-10-20;"Košický kraj";398;4963;152;5115;NA;347338;550;2021-10-20;109502
2021-10-19;"Košický kraj";579;4870;161;5031;NA;347338;740;2021-10-19;108952
2021-10-18;"Košický kraj";180;7090;171;7261;NA;347338;351;2021-10-18;108212
2021-10-17;"Košický kraj";70;3614;125;3739;NA;347338;195;2021-10-17;107861
2021-10-16;"Košický kraj";312;1839;40;1879;NA;347338;352;2021-10-16;107666
2021-10-15;"Košický kraj";312;4530;77;4607;NA;347338;389;2021-10-15;107314
2021-10-14;"Košický kraj";327;4652;95;4747;NA;347338;422;2021-10-14;106925
2021-10-13;"Košický kraj";168;4168;88;4256;NA;347338;256;2021-10-13;106503
2021-10-12;"Košický kraj";391;4119;75;4194;NA;347338;466;2021-10-12;106247
2021-10-11;"Košický kraj";119;6351;121;6472;NA;347338;240;2021-10-11;105781
2021-10-10;"Košický kraj";104;2921;63;2984;NA;347338;167;2021-10-10;105541
2021-10-09;"Košický kraj";111;1687;43;1730;NA;347338;154;2021-10-09;105374
2021-10-08;"Košický kraj";274;4143;68;4211;NA;347338;342;2021-10-08;105220
2021-10-07;"Košický kraj";277;4399;74;4473;NA;347338;351;2021-10-07;104878
2021-10-06;"Košický kraj";178;4369;89;4458;NA;347338;267;2021-10-06;104527
2021-10-05;"Košický kraj";345;4542;78;4620;NA;347338;423;2021-10-05;104260
2021-10-04;"Košický kraj";122;6094;110;6204;NA;347338;232;2021-10-04;103837
2021-10-03;"Košický kraj";133;3176;74;3250;NA;347338;207;2021-10-03;103605
2021-10-02;"Košický kraj";124;2567;41;2608;NA;347338;165;2021-10-02;103398
2021-10-01;"Košický kraj";181;4251;73;4324;NA;347338;254;2021-10-01;103233
2021-09-30;"Košický kraj";244;4780;71;4851;NA;347338;315;2021-09-30;102979
2021-09-29;"Košický kraj";183;3824;64;3888;NA;347338;247;2021-09-29;102664
2021-09-28;"Košický kraj";303;4339;80;4419;NA;347338;383;2021-09-28;102417
2021-09-27;"Košický kraj";117;6358;77;6435;NA;347338;194;2021-09-27;102034
2021-09-26;"Košický kraj";13;2809;44;2853;NA;347338;57;2021-09-26;101840
2021-09-25;"Košický kraj";162;2521;35;2556;NA;347338;197;2021-09-25;101783
2021-09-24;"Košický kraj";183;4756;43;4799;NA;347338;226;2021-09-24;101586
2021-09-23;"Košický kraj";142;3880;51;3931;NA;347338;193;2021-09-23;101360
2021-09-22;"Košický kraj";151;4436;52;4488;NA;347338;203;2021-09-22;101167
2021-09-21;"Košický kraj";234;4441;44;4485;NA;347338;278;2021-09-21;100964
2021-09-20;"Košický kraj";158;6017;73;6090;NA;347338;231;2021-09-20;100686
2021-09-19;"Košický kraj";15;2487;30;2517;NA;347338;45;2021-09-19;100455
2021-09-18;"Košický kraj";187;2504;24;2528;NA;347338;211;2021-09-18;100410
2021-09-17;"Košický kraj";121;4797;41;4838;NA;347338;162;2021-09-17;100199
2021-09-16;"Košický kraj";228;4503;71;4574;NA;347338;299;2021-09-16;100037
2021-09-15;"Košický kraj";52;989;16;1005;NA;347338;68;2021-09-15;99738
2021-09-14;"Košický kraj";142;3456;47;3503;NA;347338;189;2021-09-14;99670
2021-09-13;"Košický kraj";96;4949;48;4997;NA;347338;144;2021-09-13;99481
2021-09-12;"Košický kraj";14;2003;31;2034;NA;347338;45;2021-09-12;99337
2021-09-11;"Košický kraj";105;2186;19;2205;NA;347338;124;2021-09-11;99292
2021-09-10;"Košický kraj";125;4293;42;4335;NA;347338;167;2021-09-10;99168
2021-09-09;"Košický kraj";115;3226;30;3256;NA;347338;145;2021-09-09;99001
2021-09-08;"Košický kraj";86;2753;36;2789;NA;347338;122;2021-09-08;98856
2021-09-07;"Košický kraj";79;2686;53;2739;NA;347338;132;2021-09-07;98734
2021-09-06;"Košický kraj";41;2786;36;2822;NA;347338;77;2021-09-06;98602
2021-09-05;"Košický kraj";52;1393;18;1411;NA;347338;70;2021-09-05;98525
2021-09-04;"Košický kraj";37;1678;12;1690;NA;347338;49;2021-09-04;98455
2021-09-03;"Košický kraj";47;2913;35;2948;NA;347338;82;2021-09-03;98406
2021-09-02;"Košický kraj";56;2686;26;2712;NA;347338;82;2021-09-02;98324
2021-09-01;"Košický kraj";95;629;13;642;NA;347338;108;2021-09-01;98242
2021-08-31;"Košický kraj";30;2525;22;2547;NA;347338;52;2021-08-31;98134
2021-08-30;"Košický kraj";8;2404;28;2432;NA;347338;36;2021-08-30;98082
2021-08-29;"Košický kraj";16;603;1;604;NA;347338;17;2021-08-29;98046
2021-08-28;"Košický kraj";14;2103;11;2114;NA;347338;25;2021-08-28;98029
2021-08-27;"Košický kraj";22;2908;16;2924;NA;347338;38;2021-08-27;98004
2021-08-26;"Košický kraj";19;2292;13;2305;NA;347338;32;2021-08-26;97966
2021-08-25;"Košický kraj";33;2010;6;2016;NA;347338;39;2021-08-25;97934
2021-08-24;"Košický kraj";14;2337;3;2340;NA;347338;17;2021-08-24;97895
2021-08-23;"Košický kraj";33;2461;5;2466;NA;347338;38;2021-08-23;97878
2021-08-22;"Košický kraj";4;1457;8;1465;NA;347338;12;2021-08-22;97840
2021-08-21;"Košický kraj";35;2134;5;2139;NA;347338;40;2021-08-21;97828
2021-08-20;"Košický kraj";13;3215;5;3220;NA;347338;18;2021-08-20;97788
2021-08-19;"Košický kraj";14;2178;6;2184;NA;347338;20;2021-08-19;97770
2021-08-18;"Košický kraj";30;1827;8;1835;NA;347338;38;2021-08-18;97750
2021-08-17;"Košický kraj";24;1619;3;1622;NA;347338;27;2021-08-17;97712
2021-08-16;"Košický kraj";3;2236;10;2246;NA;347338;13;2021-08-16;97685
2021-08-15;"Košický kraj";1;778;5;783;NA;347338;6;2021-08-15;97672
2021-08-14;"Košický kraj";15;1222;1;1223;NA;347338;16;2021-08-14;97666
2021-08-13;"Košický kraj";14;1928;8;1936;NA;347338;22;2021-08-13;97650
2021-08-12;"Košický kraj";10;1248;3;1251;NA;347338;13;2021-08-12;97628
2021-08-11;"Košický kraj";6;1368;5;1373;NA;347338;11;2021-08-11;97615
2021-08-10;"Košický kraj";10;1352;8;1360;NA;347338;18;2021-08-10;97604
2021-08-09;"Košický kraj";12;1651;3;1654;NA;347338;15;2021-08-09;97586
2021-08-08;"Košický kraj";8;688;1;689;NA;347338;9;2021-08-08;97571
2021-08-07;"Košický kraj";3;1125;3;1128;NA;347338;6;2021-08-07;97562
2021-08-06;"Košický kraj";9;1614;6;1620;NA;347338;15;2021-08-06;97556
2021-08-05;"Košický kraj";26;1254;6;1260;NA;347338;32;2021-08-05;97541
2021-08-04;"Košický kraj";8;1373;5;1378;NA;347338;13;2021-08-04;97509
2021-08-03;"Košický kraj";33;1121;3;1124;NA;347338;36;2021-08-03;97496
2021-08-02;"Košický kraj";6;1702;8;1710;NA;347338;14;2021-08-02;97460
2021-08-01;"Košický kraj";1;662;1;663;NA;347338;2;2021-08-01;97446
2021-07-31;"Košický kraj";17;1153;2;1155;NA;347338;19;2021-07-31;97444
2021-07-30;"Košický kraj";12;1657;7;1664;NA;347338;19;2021-07-30;97425
2021-07-29;"Košický kraj";7;1242;5;1247;NA;347338;12;2021-07-29;97406
2021-07-28;"Košický kraj";15;956;5;961;NA;347338;20;2021-07-28;97394
2021-07-27;"Košický kraj";17;1180;7;1187;NA;347338;24;2021-07-27;97374
2021-07-26;"Košický kraj";3;1666;9;1675;NA;347338;12;2021-07-26;97350
2021-07-25;"Košický kraj";0;719;3;722;NA;347338;3;2021-07-25;97338
2021-07-24;"Košický kraj";18;996;4;1000;NA;347338;22;2021-07-24;97335
2021-07-23;"Košický kraj";9;1524;5;1529;NA;347338;14;2021-07-23;97313
2021-07-22;"Košický kraj";1;1254;4;1258;NA;347338;5;2021-07-22;97299
2021-07-21;"Košický kraj";4;1117;3;1120;NA;347338;7;2021-07-21;97294
2021-07-20;"Košický kraj";6;1355;1;1356;NA;347338;7;2021-07-20;97287
2021-07-19;"Košický kraj";2;1517;2;1519;NA;347338;4;2021-07-19;97280
2021-07-18;"Košický kraj";0;644;0;644;NA;347338;0;2021-07-18;97276
2021-07-17;"Košický kraj";3;1101;5;1106;NA;347338;8;2021-07-17;97276
2021-07-16;"Košický kraj";3;1609;4;1613;NA;347338;7;2021-07-16;97268
2021-07-15;"Košický kraj";4;1383;4;1387;NA;347338;8;2021-07-15;97261
2021-07-14;"Košický kraj";2;1175;4;1179;NA;347338;6;2021-07-14;97253
2021-07-13;"Košický kraj";4;1331;1;1332;NA;347338;5;2021-07-13;97247
2021-07-12;"Košický kraj";3;1894;3;1897;NA;347338;6;2021-07-12;97242
2021-07-11;"Košický kraj";1;537;2;539;NA;347338;3;2021-07-11;97236
2021-07-10;"Košický kraj";9;1167;0;1167;NA;347338;9;2021-07-10;97233
2021-07-09;"Košický kraj";5;2005;5;2010;NA;347338;10;2021-07-09;97224
2021-07-08;"Košický kraj";13;1282;2;1284;NA;347338;15;2021-07-08;97214
2021-07-07;"Košický kraj";6;1524;1;1525;NA;347338;7;2021-07-07;97199
2021-07-06;"Košický kraj";4;1886;2;1888;NA;347338;6;2021-07-06;97192
2021-07-05;"Košický kraj";1;573;1;574;NA;347338;2;2021-07-05;97186
2021-07-04;"Košický kraj";0;482;2;484;NA;347338;2;2021-07-04;97184
2021-07-03;"Košický kraj";2;1227;0;1227;NA;347338;2;2021-07-03;97182
2021-07-02;"Košický kraj";2;1883;3;1886;NA;347338;5;2021-07-02;97180
2021-07-01;"Košický kraj";0;1211;2;1213;NA;347338;2;2021-07-01;97175
2021-06-30;"Košický kraj";5;9306;7;9313;NA;347338;12;2021-06-30;97173
2021-06-29;"Košický kraj";6;5692;7;5699;NA;347338;13;2021-06-29;97161
2021-06-28;"Košický kraj";5;6129;2;6131;NA;347338;7;2021-06-28;97148
2021-06-27;"Košický kraj";8;4636;3;4639;NA;347338;11;2021-06-27;97141
2021-06-26;"Košický kraj";4;5699;14;5713;NA;347338;18;2021-06-26;97130
2021-06-25;"Košický kraj";5;6981;2;6983;NA;347338;7;2021-06-25;97112
2021-06-24;"Košický kraj";1;5072;3;5075;NA;347338;4;2021-06-24;97105
2021-06-23;"Košický kraj";8;5373;3;5376;NA;347338;11;2021-06-23;97101
2021-06-22;"Košický kraj";1;5269;3;5272;NA;347338;4;2021-06-22;97090
2021-06-21;"Košický kraj";5;6830;11;6841;NA;347338;16;2021-06-21;97086
2021-06-20;"Košický kraj";0;4882;6;4888;NA;347338;6;2021-06-20;97070
2021-06-19;"Košický kraj";7;6473;1;6474;NA;347338;8;2021-06-19;97064
2021-06-18;"Košický kraj";4;7969;8;7977;NA;347338;12;2021-06-18;97056
2021-06-17;"Košický kraj";6;6128;3;6131;NA;347338;9;2021-06-17;97044
2021-06-16;"Košický kraj";11;6059;7;6066;NA;347338;18;2021-06-16;97035
2021-06-15;"Košický kraj";12;6301;2;6303;NA;347338;14;2021-06-15;97017
2021-06-14;"Košický kraj";10;7076;9;7085;NA;347338;19;2021-06-14;97003
2021-06-13;"Košický kraj";7;6948;8;6956;NA;347338;15;2021-06-13;96984
2021-06-12;"Košický kraj";7;7485;9;7494;NA;347338;16;2021-06-12;96969
2021-06-11;"Košický kraj";15;8973;6;8979;NA;347338;21;2021-06-11;96953
2021-06-10;"Košický kraj";11;6588;16;6604;NA;347338;27;2021-06-10;96932
2021-06-09;"Košický kraj";37;6056;7;6063;NA;347338;44;2021-06-09;96905
2021-06-08;"Košický kraj";33;7019;13;7032;NA;347338;46;2021-06-08;96861
2021-06-07;"Košický kraj";11;8106;22;8128;NA;347338;33;2021-06-07;96815
2021-06-06;"Košický kraj";1;7843;7;7850;NA;347338;8;2021-06-06;96782
2021-06-05;"Košický kraj";21;9286;3;9289;NA;347338;24;2021-06-05;96774
2021-06-04;"Košický kraj";26;11418;20;11438;NA;347338;46;2021-06-04;96750
2021-06-03;"Košický kraj";23;6467;14;6481;NA;347338;37;2021-06-03;96704
2021-06-02;"Košický kraj";15;7180;24;7204;NA;347338;39;2021-06-02;96667
2021-06-01;"Košický kraj";13;7562;10;7572;NA;347338;23;2021-06-01;96628
2021-05-31;"Košický kraj";13;9256;18;9274;NA;347338;31;2021-05-31;96605
2021-05-30;"Košický kraj";3;11215;10;11225;NA;347338;13;2021-05-30;96574
2021-05-29;"Košický kraj";25;10942;22;10964;NA;347338;47;2021-05-29;96561
2021-05-28;"Košický kraj";17;13055;29;13084;NA;347338;46;2021-05-28;96514
2021-05-27;"Košický kraj";19;7924;26;7950;NA;347338;45;2021-05-27;96468
2021-05-26;"Košický kraj";35;8118;27;8145;NA;347338;62;2021-05-26;96423
2021-05-25;"Košický kraj";33;9296;29;9325;NA;347338;62;2021-05-25;96361
2021-05-24;"Košický kraj";10;10855;27;10882;NA;347338;37;2021-05-24;96299
2021-05-23;"Košický kraj";4;12151;15;12166;NA;347338;19;2021-05-23;96262
2021-05-22;"Košický kraj";27;12601;19;12620;NA;347338;46;2021-05-22;96243
2021-05-21;"Košický kraj";24;14910;27;14937;NA;347338;51;2021-05-21;96197
2021-05-20;"Košický kraj";20;9422;28;9450;NA;347338;48;2021-05-20;96146
2021-05-19;"Košický kraj";30;10421;21;10442;NA;347338;51;2021-05-19;96098
2021-05-18;"Košický kraj";34;10254;36;10290;NA;347338;70;2021-05-18;96047
2021-05-17;"Košický kraj";20;12686;38;12724;NA;347338;58;2021-05-17;95977
2021-05-16;"Košický kraj";37;17865;20;17885;NA;347338;57;2021-05-16;95919
2021-05-15;"Košický kraj";22;25602;28;25630;NA;347338;50;2021-05-15;95862
2021-05-14;"Košický kraj";32;21824;42;21866;NA;347338;74;2021-05-14;95812
2021-05-13;"Košický kraj";39;10172;32;10204;NA;347338;71;2021-05-13;95738
2021-05-12;"Košický kraj";85;10868;33;10901;NA;347338;118;2021-05-12;95667
2021-05-11;"Košický kraj";68;11166;32;11198;NA;347338;100;2021-05-11;95549
2021-05-10;"Košický kraj";25;17044;42;17086;NA;347338;67;2021-05-10;95449
2021-05-09;"Košický kraj";84;25594;55;25649;NA;347338;139;2021-05-09;95382
2021-05-08;"Košický kraj";18;23399;23;23422;NA;347338;41;2021-05-08;95243
2021-05-07;"Košický kraj";51;24497;57;24554;NA;347338;108;2021-05-07;95202
2021-05-06;"Košický kraj";55;11847;43;11890;NA;347338;98;2021-05-06;95094
2021-05-05;"Košický kraj";23;12124;35;12159;NA;347338;58;2021-05-05;94996
2021-05-04;"Košický kraj";143;13562;38;13600;NA;347338;181;2021-05-04;94938
2021-05-03;"Košický kraj";37;16944;68;17012;NA;347338;105;2021-05-03;94757
2021-05-02;"Košický kraj";45;36096;56;36152;NA;347338;101;2021-05-02;94652
2021-05-01;"Košický kraj";54;52075;76;52151;NA;347338;130;2021-05-01;94551
2021-04-30;"Košický kraj";59;44602;94;44696;NA;347338;153;2021-04-30;94421
2021-04-29;"Košický kraj";76;17014;53;17067;NA;347338;129;2021-04-29;94268
2021-04-28;"Košický kraj";99;17970;52;18022;NA;347338;151;2021-04-28;94139
2021-04-27;"Košický kraj";108;20670;43;20713;NA;347338;151;2021-04-27;93988
2021-04-26;"Košický kraj";39;25915;96;26011;NA;347338;135;2021-04-26;93837
2021-04-25;"Košický kraj";23;48355;57;48412;NA;347338;80;2021-04-25;93702
2021-04-24;"Košický kraj";68;90124;114;90238;NA;347338;182;2021-04-24;93622
2021-04-23;"Košický kraj";110;41232;72;41304;NA;347338;182;2021-04-23;93440
2021-04-22;"Košický kraj";56;16772;44;16816;NA;347338;100;2021-04-22;93258
2021-04-21;"Košický kraj";114;19519;61;19580;NA;347338;175;2021-04-21;93158
2021-04-20;"Košický kraj";81;25432;63;25495;NA;347338;144;2021-04-20;92983
2021-04-19;"Košický kraj";93;29950;108;30058;NA;347338;201;2021-04-19;92839
2021-04-18;"Košický kraj";10;48913;82;48995;NA;347338;92;2021-04-18;92638
2021-04-17;"Košický kraj";187;83856;103;83959;NA;347338;290;2021-04-17;92546
2021-04-16;"Košický kraj";83;41568;127;41695;NA;347338;210;2021-04-16;92256
2021-04-15;"Košický kraj";104;18522;93;18615;NA;347338;197;2021-04-15;92046
2021-04-14;"Košický kraj";119;20089;64;20153;NA;347338;183;2021-04-14;91849
2021-04-13;"Košický kraj";81;23175;120;23295;NA;347338;201;2021-04-13;91666
2021-04-12;"Košický kraj";129;26573;124;26697;NA;347338;253;2021-04-12;91465
2021-04-11;"Košický kraj";29;46949;80;47029;NA;347338;109;2021-04-11;91212
2021-04-10;"Košický kraj";138;100114;183;100297;NA;347338;321;2021-04-10;91103
2021-04-09;"Košický kraj";168;35206;133;35339;NA;347338;301;2021-04-09;90782
2021-04-08;"Košický kraj";81;18530;90;18620;NA;347338;171;2021-04-08;90481
2021-04-07;"Košický kraj";232;28027;194;28221;NA;347338;426;2021-04-07;90310
2021-04-06;"Košický kraj";121;36495;164;36659;NA;347338;285;2021-04-06;89884
2021-04-05;"Košický kraj";19;14361;66;14427;NA;347338;85;2021-04-05;89599
2021-04-04;"Košický kraj";33;15089;66;15155;NA;347338;99;2021-04-04;89514
2021-04-03;"Košický kraj";138;97664;241;97905;NA;347338;379;2021-04-03;89415
2021-04-02;"Košický kraj";128;24515;76;24591;NA;347338;204;2021-04-02;89036
2021-04-01;"Košický kraj";165;46151;156;46307;NA;347338;321;2021-04-01;88832
2021-03-31;"Košický kraj";160;29659;124;29783;NA;347338;284;2021-03-31;88511
2021-03-30;"Košický kraj";229;24038;163;24201;NA;347338;392;2021-03-30;88227
2021-03-29;"Košický kraj";78;28843;194;29037;NA;347338;272;2021-03-29;87835
2021-03-28;"Košický kraj";39;44263;128;44391;NA;347338;167;2021-03-28;87563
2021-03-27;"Košický kraj";222;96602;265;96867;NA;347338;487;2021-03-27;87396
2021-03-26;"Košický kraj";233;45252;202;45454;NA;347338;435;2021-03-26;86909
2021-03-25;"Košický kraj";133;23804;175;23979;NA;347338;308;2021-03-25;86474
2021-03-24;"Košický kraj";165;20696;155;20851;NA;347338;320;2021-03-24;86166
2021-03-23;"Košický kraj";202;22434;192;22626;NA;347338;394;2021-03-23;85846
2021-03-22;"Košický kraj";169;26890;228;27118;NA;347338;397;2021-03-22;85452
2021-03-21;"Košický kraj";109;46746;167;46913;NA;347338;276;2021-03-21;85055
2021-03-20;"Košický kraj";126;101334;311;101645;NA;347338;437;2021-03-20;84779
2021-03-19;"Košický kraj";205;45632;260;45892;NA;347338;465;2021-03-19;84342
2021-03-18;"Košický kraj";274;23827;212;24039;NA;347338;486;2021-03-18;83877
2021-03-17;"Košický kraj";177;21548;195;21743;NA;347338;372;2021-03-17;83391
2021-03-16;"Košický kraj";386;23454;226;23680;NA;347338;612;2021-03-16;83019
2021-03-15;"Košický kraj";173;27900;297;28197;NA;347338;470;2021-03-15;82407
2021-03-14;"Košický kraj";145;44354;220;44574;NA;347338;365;2021-03-14;81937
2021-03-13;"Košický kraj";146;103790;483;104273;NA;347338;629;2021-03-13;81572
2021-03-12;"Košický kraj";366;47871;321;48192;NA;347338;687;2021-03-12;80943
2021-03-11;"Košický kraj";396;23229;263;23492;NA;347338;659;2021-03-11;80256
2021-03-10;"Košický kraj";121;22205;269;22474;NA;347338;390;2021-03-10;79597
2021-03-09;"Košický kraj";676;24509;300;24809;NA;347338;976;2021-03-09;79207
2021-03-08;"Košický kraj";559;29852;344;30196;NA;347338;903;2021-03-08;78231
2021-03-07;"Košický kraj";45;44230;299;44529;NA;347338;344;2021-03-07;77328
2021-03-06;"Košický kraj";177;105598;532;106130;NA;347338;709;2021-03-06;76984
2021-03-05;"Košický kraj";439;45567;424;45991;NA;347338;863;2021-03-05;76275
2021-03-04;"Košický kraj";417;23862;320;24182;NA;347338;737;2021-03-04;75412
2021-03-03;"Košický kraj";390;23169;298;23467;NA;347338;688;2021-03-03;74675
2021-03-02;"Košický kraj";464;24158;368;24526;NA;347338;832;2021-03-02;73987
2021-03-01;"Košický kraj";389;30013;514;30527;NA;347338;903;2021-03-01;73155
2021-02-28;"Košický kraj";265;43053;334;43387;NA;347338;599;2021-02-28;72252
2021-02-27;"Košický kraj";301;100559;784;101343;NA;347338;1085;2021-02-27;71653
2021-02-26;"Košický kraj";440;45466;492;45958;NA;347338;932;2021-02-26;70568
2021-02-25;"Košický kraj";331;19872;342;20214;NA;347338;673;2021-02-25;69636
2021-02-24;"Košický kraj";263;18751;505;19256;NA;347338;768;2021-02-24;68963
2021-02-23;"Košický kraj";642;21605;341;21946;NA;347338;983;2021-02-23;68195
2021-02-22;"Košický kraj";362;30858;434;31292;NA;347338;796;2021-02-22;67212
2021-02-21;"Košický kraj";170;40464;385;40849;NA;347338;555;2021-02-21;66416
2021-02-20;"Košický kraj";283;92550;770;93320;NA;347338;1053;2021-02-20;65861
2021-02-19;"Košický kraj";507;41579;583;42162;NA;347338;1090;2021-02-19;64808
2021-02-18;"Košický kraj";397;18442;345;18787;NA;347338;742;2021-02-18;63718
2021-02-17;"Košický kraj";322;18080;387;18467;NA;347338;709;2021-02-17;62976
2021-02-16;"Košický kraj";600;22111;463;22574;NA;347338;1063;2021-02-16;62267
2021-02-15;"Košický kraj";216;27633;419;28052;NA;347338;635;2021-02-15;61204
2021-02-14;"Košický kraj";241;56743;524;57267;NA;347338;765;2021-02-14;60569
2021-02-13;"Košický kraj";206;93745;765;94510;NA;347338;971;2021-02-13;59804
2021-02-12;"Košický kraj";448;49924;611;50535;NA;347338;1059;2021-02-12;58833
2021-02-11;"Košický kraj";435;14524;323;14847;NA;347338;758;2021-02-11;57774
2021-02-10;"Košický kraj";360;18475;431;18906;NA;347338;791;2021-02-10;57016
2021-02-09;"Košický kraj";544;24841;463;25304;NA;347338;1007;2021-02-09;56225
2021-02-08;"Košický kraj";237;24836;392;25228;NA;347338;629;2021-02-08;55218
2021-02-07;"Košický kraj";208;56897;612;57509;NA;347338;820;2021-02-07;54589
2021-02-06;"Košický kraj";318;104357;884;105241;NA;347338;1202;2021-02-06;53769
2021-02-05;"Košický kraj";384;43186;494;43680;NA;347338;878;2021-02-05;52567
2021-02-04;"Košický kraj";391;14512;371;14883;NA;347338;762;2021-02-04;51689
2021-02-03;"Košický kraj";296;12599;339;12938;NA;347338;635;2021-02-03;50927
2021-02-02;"Košický kraj";473;43883;1212;45095;NA;347338;1685;2021-02-02;50292
2021-02-01;"Košický kraj";415;21984;362;22346;NA;347338;777;2021-02-01;48607
2021-01-31;"Košický kraj";142;54690;617;55307;NA;347338;759;2021-01-31;47830
2021-01-30;"Košický kraj";320;76722;661;77383;NA;347338;981;2021-01-30;47071
2021-01-29;"Košický kraj";311;37164;466;37630;NA;347338;777;2021-01-29;46090
2021-01-28;"Košický kraj";540;9006;244;9250;NA;347338;784;2021-01-28;45313
2021-01-27;"Košický kraj";265;7575;211;7786;NA;347338;476;2021-01-27;44529
2021-01-26;"Košický kraj";530;14210;245;14455;NA;347338;775;2021-01-26;44053
2021-01-25;"Košický kraj";226;26431;413;26844;NA;347338;639;2021-01-25;43278
2021-01-24;"Košický kraj";150;44419;581;45000;NA;347338;731;2021-01-24;42639
2021-01-23;"Košický kraj";232;82705;857;83562;NA;347338;1089;2021-01-23;41908
2021-01-22;"Košický kraj";316;19997;265;20262;NA;347338;581;2021-01-22;40819
2021-01-21;"Košický kraj";274;14053;159;14212;NA;347338;433;2021-01-21;40238
2021-01-20;"Košický kraj";374;10844;201;11045;NA;347338;575;2021-01-20;39805
2021-01-19;"Košický kraj";248;9717;181;9898;NA;347338;429;2021-01-19;39230
2021-01-18;"Košický kraj";333;7659;262;7921;NA;347338;595;2021-01-18;38801
2021-01-17;"Košický kraj";155;535;14;549;NA;347338;169;2021-01-17;38206
2021-01-16;"Košický kraj";153;1403;47;1450;NA;347338;200;2021-01-16;38037
2021-01-15;"Košický kraj";308;6443;213;6656;NA;347338;521;2021-01-15;37837
2021-01-14;"Košický kraj";358;5471;221;5692;NA;347338;579;2021-01-14;37316
2021-01-13;"Košický kraj";421;4897;226;5123;NA;347338;647;2021-01-13;36737
2021-01-12;"Košický kraj";482;6473;237;6710;NA;347338;719;2021-01-12;36090
2021-01-11;"Košický kraj";309;7553;286;7839;NA;347338;595;2021-01-11;35371
2021-01-10;"Košický kraj";193;136;6;142;NA;347338;199;2021-01-10;34776
2021-01-09;"Košický kraj";469;1134;45;1179;NA;347338;514;2021-01-09;34577
2021-01-08;"Košický kraj";551;7106;348;7454;NA;347338;899;2021-01-08;34063
2021-01-07;"Košický kraj";251;5853;398;6251;NA;347338;649;2021-01-07;33164
2021-01-06;"Košický kraj";442;429;33;462;NA;347338;475;2021-01-06;32515
2021-01-05;"Košický kraj";584;7633;527;8160;NA;347338;1111;2021-01-05;32040
2021-01-04;"Košický kraj";407;6479;660;7139;NA;347338;1067;2021-01-04;30929
2021-01-03;"Košický kraj";118;661;22;683;NA;347338;140;2021-01-03;29862
2021-01-02;"Košický kraj";88;440;52;492;NA;347338;140;2021-01-02;29722
2021-01-01;"Košický kraj";398;725;49;774;NA;347338;447;2021-01-01;29582
2020-12-31;"Košický kraj";625;7509;453;7962;NA;347338;1078;2020-12-31;29135
2020-12-30;"Košický kraj";590;6076;395;6471;NA;347338;985;2020-12-30;28057
2020-12-29;"Košický kraj";419;7454;596;8050;NA;347338;1015;2020-12-29;27072
2020-12-28;"Košický kraj";356;7933;756;8689;NA;347338;1112;2020-12-28;26057
2020-12-27;"Košický kraj";159;147;16;163;NA;347338;175;2020-12-27;24945
2020-12-26;"Košický kraj";163;274;23;297;NA;347338;186;2020-12-26;24770
2020-12-25;"Košický kraj";237;140;10;150;NA;347338;247;2020-12-25;24584
2020-12-24;"Košický kraj";564;1470;90;1560;NA;347338;654;2020-12-24;24337
2020-12-23;"Košický kraj";304;7339;327;7666;NA;347338;631;2020-12-23;23683
2020-12-22;"Košický kraj";438;7284;429;7713;NA;347338;867;2020-12-22;23052
2020-12-21;"Košický kraj";405;6703;504;7207;NA;347338;909;2020-12-21;22185
2020-12-20;"Košický kraj";215;73;11;84;NA;347338;226;2020-12-20;21276
2020-12-19;"Košický kraj";207;1309;63;1372;NA;347338;270;2020-12-19;21050
2020-12-18;"Košický kraj";310;7707;292;7999;NA;347338;602;2020-12-18;20780
2020-12-17;"Košický kraj";463;5101;253;5354;NA;347338;716;2020-12-17;20178
2020-12-16;"Košický kraj";455;5725;295;6020;NA;347338;750;2020-12-16;19462
2020-12-15;"Košický kraj";319;4787;327;5114;NA;347338;646;2020-12-15;18712
2020-12-14;"Košický kraj";256;2905;225;3130;NA;347338;481;2020-12-14;18066
2020-12-13;"Košický kraj";47;181;2;183;NA;347338;49;2020-12-13;17585
2020-12-12;"Košický kraj";369;1587;118;1705;NA;347338;487;2020-12-12;17536
2020-12-11;"Košický kraj";354;5328;256;5584;NA;347338;610;2020-12-11;17049
2020-12-10;"Košický kraj";283;3987;174;4161;NA;347338;457;2020-12-10;16439
2020-12-09;"Košický kraj";279;3786;166;3952;NA;347338;445;2020-12-09;15982
2020-12-08;"Košický kraj";226;4105;355;4460;NA;347338;581;2020-12-08;15537
2020-12-07;"Košický kraj";270;2383;106;2489;NA;347338;376;2020-12-07;14956
2020-12-06;"Košický kraj";121;482;33;515;NA;347338;154;2020-12-06;14580
2020-12-05;"Košický kraj";90;1096;48;1144;NA;347338;138;2020-12-05;14426
2020-12-04;"Košický kraj";224;2680;82;2762;NA;347338;306;2020-12-04;14288
2020-12-03;"Košický kraj";211;7717;173;7890;NA;347338;384;2020-12-03;13982
2020-12-02;"Košický kraj";193;8132;496;8628;NA;347338;689;2020-12-02;13598
2020-12-01;"Košický kraj";178;2237;124;2361;NA;347338;302;2020-12-01;12909
2020-11-30;"Košický kraj";171;3598;59;3657;NA;347338;230;2020-11-30;12607
2020-11-29;"Košický kraj";31;325;17;342;NA;347338;48;2020-11-29;12377
2020-11-28;"Košický kraj";69;721;52;773;NA;347338;121;2020-11-28;12329
2020-11-27;"Košický kraj";149;2921;78;2999;NA;347338;227;2020-11-27;12208
2020-11-26;"Košický kraj";239;1234;60;1294;NA;347338;299;2020-11-26;11981
2020-11-25;"Košický kraj";237;1785;123;1908;NA;347338;360;2020-11-25;11682
2020-11-24;"Košický kraj";196;1976;67;2043;NA;347338;263;2020-11-24;11322
2020-11-23;"Košický kraj";51;4115;63;4178;NA;347338;114;2020-11-23;11059
2020-11-22;"Košický kraj";57;57;5;62;NA;347338;62;2020-11-22;10945
2020-11-21;"Košický kraj";87;858;36;894;NA;347338;123;2020-11-21;10883
2020-11-20;"Košický kraj";176;3084;49;3133;NA;347338;225;2020-11-20;10760
2020-11-19;"Košický kraj";206;1736;48;1784;NA;347338;254;2020-11-19;10535
2020-11-18;"Košický kraj";122;532;17;549;NA;347338;139;2020-11-18;10281
2020-11-17;"Košický kraj";152;82;9;91;NA;347338;161;2020-11-17;10142
2020-11-16;"Košický kraj";114;596;27;623;NA;347338;141;2020-11-16;9981
2020-11-15;"Košický kraj";15;338;7;345;NA;347338;22;2020-11-15;9840
2020-11-14;"Košický kraj";234;520;12;532;NA;347338;246;2020-11-14;9818
2020-11-13;"Košický kraj";207;664;29;693;NA;347338;236;2020-11-13;9572
2020-11-12;"Košický kraj";192;736;13;749;NA;347338;205;2020-11-12;9336
2020-11-11;"Košický kraj";301;593;7;600;NA;347338;308;2020-11-11;9131
2020-11-10;"Košický kraj";190;541;11;552;NA;347338;201;2020-11-10;8823
2020-11-09;"Košický kraj";129;380;17;397;NA;347338;146;2020-11-09;8622
2020-11-08;"Košický kraj";78;1306;8;1314;NA;347338;86;2020-11-08;8476
2020-11-07;"Košický kraj";192;3909;22;3931;NA;347338;214;2020-11-07;8390
2020-11-06;"Košický kraj";195;5310;34;5344;NA;347338;229;2020-11-06;8176
2020-11-05;"Košický kraj";342;330;31;361;NA;347338;373;2020-11-05;7947
2020-11-04;"Košický kraj";101;154;6;160;NA;347338;107;2020-11-04;7574
2020-11-03;"Košický kraj";358;1122;13;1135;NA;347338;371;2020-11-03;7467
2020-11-02;"Košický kraj";111;6125;56;6181;NA;347338;167;2020-11-02;7096
2020-11-01;"Košický kraj";346;6522;34;6556;NA;347338;380;2020-11-01;6929
2020-10-31;"Košický kraj";82;14035;106;14141;NA;347338;188;2020-10-31;6549
2020-10-30;"Košický kraj";379;2835;27;2862;NA;347338;406;2020-10-30;6361
2020-10-29;"Košický kraj";333;983;13;996;NA;347338;346;2020-10-29;5955
2020-10-28;"Košický kraj";224;305;13;318;NA;347338;237;2020-10-28;5609
2020-10-27;"Košický kraj";386;439;21;460;NA;347338;407;2020-10-27;5372
2020-10-26;"Košický kraj";56;212;12;224;NA;347338;68;2020-10-26;4965
2020-10-25;"Košický kraj";154;79;2;81;NA;347338;156;2020-10-25;4897
2020-10-24;"Košický kraj";313;118;16;134;NA;347338;329;2020-10-24;4741
2020-10-23;"Košický kraj";315;331;8;339;NA;347338;323;2020-10-23;4412
2020-10-22;"Košický kraj";349;530;16;546;NA;347338;365;2020-10-22;4089
2020-10-21;"Košický kraj";129;84;2;86;NA;347338;131;2020-10-21;3724
2020-10-20;"Košický kraj";181;14;1;15;NA;347338;182;2020-10-20;3593
2020-10-19;"Košický kraj";64;38;1;39;NA;347338;65;2020-10-19;3411
2020-10-18;"Košický kraj";158;0;0;0;NA;347338;158;2020-10-18;3346
2020-10-17;"Košický kraj";142;0;0;0;NA;347338;142;2020-10-17;3188
2020-10-16;"Košický kraj";206;19;0;19;NA;347338;206;2020-10-16;3046
2020-10-15;"Košický kraj";177;19;5;24;NA;347338;182;2020-10-15;2840
2020-10-14;"Košický kraj";211;8;0;8;NA;347338;211;2020-10-14;2658
2020-10-13;"Košický kraj";179;80;3;83;NA;347338;182;2020-10-13;2447
2020-10-12;"Košický kraj";74;0;0;0;NA;347338;74;2020-10-12;2265
2020-10-11;"Košický kraj";121;0;0;0;NA;347338;121;2020-10-11;2191
2020-10-10;"Košický kraj";70;0;0;0;NA;347338;70;2020-10-10;2070
2020-10-09;"Košický kraj";188;0;0;0;NA;347338;188;2020-10-09;2000
2020-10-08;"Košický kraj";102;0;0;0;NA;347338;102;2020-10-08;1812
2020-10-07;"Košický kraj";158;0;0;0;NA;347338;158;2020-10-07;1710
2020-10-06;"Košický kraj";70;0;0;0;NA;347338;70;2020-10-06;1552
2020-10-05;"Košický kraj";39;0;0;0;NA;347338;39;2020-10-05;1482
2020-10-04;"Košický kraj";45;0;0;0;NA;347338;45;2020-10-04;1443
2020-10-03;"Košický kraj";105;0;0;0;NA;347338;105;2020-10-03;1398
2020-10-02;"Košický kraj";57;0;0;0;NA;347338;57;2020-10-02;1293
2020-10-01;"Košický kraj";69;0;0;0;NA;347338;69;2020-10-01;1236
2020-09-30;"Košický kraj";95;0;0;0;NA;347338;95;2020-09-30;1167
2020-09-29;"Košický kraj";75;0;0;0;NA;347338;75;2020-09-29;1072
2020-09-28;"Košický kraj";19;0;0;0;NA;347338;19;2020-09-28;997
2020-09-27;"Košický kraj";21;0;0;0;NA;347338;21;2020-09-27;978
2020-09-26;"Košický kraj";53;0;0;0;NA;347338;53;2020-09-26;957
2020-09-25;"Košický kraj";72;0;0;0;NA;347338;72;2020-09-25;904
2020-09-24;"Košický kraj";35;0;0;0;NA;347338;35;2020-09-24;832
2020-09-23;"Košický kraj";23;0;0;0;NA;347338;23;2020-09-23;797
2020-09-22;"Košický kraj";39;0;0;0;NA;347338;39;2020-09-22;774
2020-09-21;"Košický kraj";5;0;0;0;NA;347338;5;2020-09-21;735
2020-09-20;"Košický kraj";3;0;0;0;NA;347338;3;2020-09-20;730
2020-09-19;"Košický kraj";13;0;0;0;NA;347338;13;2020-09-19;727
2020-09-18;"Košický kraj";20;0;0;0;NA;347338;20;2020-09-18;714
2020-09-17;"Košický kraj";22;0;0;0;NA;347338;22;2020-09-17;694
2020-09-16;"Košický kraj";12;0;0;0;NA;347338;12;2020-09-16;672
2020-09-15;"Košický kraj";10;0;0;0;NA;347338;10;2020-09-15;660
2020-09-14;"Košický kraj";6;0;0;0;NA;347338;6;2020-09-14;650
2020-09-13;"Košický kraj";3;0;0;0;NA;347338;3;2020-09-13;644
2020-09-12;"Košický kraj";16;0;0;0;NA;347338;16;2020-09-12;641
2020-09-11;"Košický kraj";20;0;0;0;NA;347338;20;2020-09-11;625
2020-09-10;"Košický kraj";11;0;0;0;NA;347338;11;2020-09-10;605
2020-09-09;"Košický kraj";37;0;0;0;NA;347338;37;2020-09-09;594
2020-09-08;"Košický kraj";10;0;0;0;NA;347338;10;2020-09-08;557
2020-09-07;"Košický kraj";4;0;0;0;NA;347338;4;2020-09-07;547
2020-09-06;"Košický kraj";2;0;0;0;NA;347338;2;2020-09-06;543
2020-09-05;"Košický kraj";10;0;0;0;NA;347338;10;2020-09-05;541
2020-09-04;"Košický kraj";14;0;0;0;NA;347338;14;2020-09-04;531
2020-09-03;"Košický kraj";22;0;0;0;NA;347338;22;2020-09-03;517
2020-09-02;"Košický kraj";13;0;0;0;NA;347338;13;2020-09-02;495
2020-09-01;"Košický kraj";21;0;0;0;NA;347338;21;2020-09-01;482
2020-08-31;"Košický kraj";9;0;0;0;NA;347338;9;2020-08-31;461
2020-08-30;"Košický kraj";21;0;0;0;NA;347338;21;2020-08-30;452
2020-08-29;"Košický kraj";1;0;0;0;NA;347338;1;2020-08-29;431
2020-08-28;"Košický kraj";19;0;0;0;NA;347338;19;2020-08-28;430
2020-08-27;"Košický kraj";15;0;0;0;NA;347338;15;2020-08-27;411
2020-08-26;"Košický kraj";8;0;0;0;NA;347338;8;2020-08-26;396
2020-08-25;"Košický kraj";23;0;0;0;NA;347338;23;2020-08-25;388
2020-08-24;"Košický kraj";6;0;0;0;NA;347338;6;2020-08-24;365
2020-08-23;"Košický kraj";8;0;0;0;NA;347338;8;2020-08-23;359
2020-08-22;"Košický kraj";13;0;0;0;NA;347338;13;2020-08-22;351
2020-08-21;"Košický kraj";10;0;0;0;NA;347338;10;2020-08-21;338
2020-08-20;"Košický kraj";10;0;0;0;NA;347338;10;2020-08-20;328
2020-08-19;"Košický kraj";3;0;0;0;NA;347338;3;2020-08-19;318
2020-08-18;"Košický kraj";7;0;0;0;NA;347338;7;2020-08-18;315
2020-08-17;"Košický kraj";2;0;0;0;NA;347338;2;2020-08-17;308
2020-08-16;"Košický kraj";2;0;0;0;NA;347338;2;2020-08-16;306
2020-08-15;"Košický kraj";3;0;0;0;NA;347338;3;2020-08-15;304
2020-08-14;"Košický kraj";1;0;0;0;NA;347338;1;2020-08-14;301
2020-08-13;"Košický kraj";3;0;0;0;NA;347338;3;2020-08-13;300
2020-08-12;"Košický kraj";12;0;0;0;NA;347338;12;2020-08-12;297
2020-08-11;"Košický kraj";5;0;0;0;NA;347338;5;2020-08-11;285
2020-08-10;"Košický kraj";1;0;0;0;NA;347338;1;2020-08-10;280
2020-08-09;"Košický kraj";0;0;0;0;NA;347338;0;2020-08-09;279
2020-08-08;"Košický kraj";5;0;0;0;NA;347338;5;2020-08-08;279
2020-08-07;"Košický kraj";7;0;0;0;NA;347338;7;2020-08-07;274
2020-08-06;"Košický kraj";3;0;0;0;NA;347338;3;2020-08-06;267
2020-08-05;"Košický kraj";4;0;0;0;NA;347338;4;2020-08-05;264
2020-08-04;"Košický kraj";1;0;0;0;NA;347338;1;2020-08-04;260
2020-08-03;"Košický kraj";1;0;0;0;NA;347338;1;2020-08-03;259
2020-08-02;"Košický kraj";0;0;0;0;NA;347338;0;2020-08-02;258
2020-08-01;"Košický kraj";0;0;0;0;NA;347338;0;2020-08-01;258
2020-07-31;"Košický kraj";0;0;0;0;NA;347338;0;2020-07-31;258
2020-07-30;"Košický kraj";2;0;0;0;NA;347338;2;2020-07-30;258
2020-07-29;"Košický kraj";1;0;0;0;NA;347338;1;2020-07-29;256
2020-07-28;"Košický kraj";9;0;0;0;NA;347338;9;2020-07-28;255
2020-07-27;"Košický kraj";4;0;0;0;NA;347338;4;2020-07-27;246
2020-07-26;"Košický kraj";0;0;0;0;NA;347338;0;2020-07-26;242
2020-07-25;"Košický kraj";2;0;0;0;NA;347338;2;2020-07-25;242
2020-07-24;"Košický kraj";2;0;0;0;NA;347338;2;2020-07-24;240
2020-07-23;"Košický kraj";1;0;0;0;NA;347338;1;2020-07-23;238
2020-07-22;"Košický kraj";1;0;0;0;NA;347338;1;2020-07-22;237
2020-07-21;"Košický kraj";0;0;0;0;NA;347338;0;2020-07-21;236
2020-07-20;"Košický kraj";0;0;0;0;NA;347338;0;2020-07-20;236
2020-07-19;"Košický kraj";0;0;0;0;NA;347338;0;2020-07-19;236
2020-07-18;"Košický kraj";1;0;0;0;NA;347338;1;2020-07-18;236
2020-07-17;"Košický kraj";1;0;0;0;NA;347338;1;2020-07-17;235
2020-07-16;"Košický kraj";0;0;0;0;NA;347338;0;2020-07-16;234
2020-07-15;"Košický kraj";2;0;0;0;NA;347338;2;2020-07-15;234
2020-07-14;"Košický kraj";1;0;0;0;NA;347338;1;2020-07-14;232
2020-07-13;"Košický kraj";1;0;0;0;NA;347338;1;2020-07-13;231
2020-07-12;"Košický kraj";0;0;0;0;NA;347338;0;2020-07-12;230
2020-07-11;"Košický kraj";0;0;0;0;NA;347338;0;2020-07-11;230
2020-07-10;"Košický kraj";1;0;0;0;NA;347338;1;2020-07-10;230
2020-07-09;"Košický kraj";1;0;0;0;NA;347338;1;2020-07-09;229
2020-07-08;"Košický kraj";12;0;0;0;NA;347338;12;2020-07-08;228
2020-07-07;"Košický kraj";0;0;0;0;NA;347338;0;2020-07-07;216
2020-07-06;"Košický kraj";0;0;0;0;NA;347338;0;2020-07-06;216
2020-07-05;"Košický kraj";0;0;0;0;NA;347338;0;2020-07-05;216
2020-07-04;"Košický kraj";0;0;0;0;NA;347338;0;2020-07-04;216
2020-07-03;"Košický kraj";1;0;0;0;NA;347338;1;2020-07-03;216
2020-07-02;"Košický kraj";0;0;0;0;NA;347338;0;2020-07-02;215
2020-07-01;"Košický kraj";1;0;0;0;NA;347338;1;2020-07-01;215
2020-06-30;"Košický kraj";0;0;0;0;NA;347338;0;2020-06-30;214
2020-06-29;"Košický kraj";0;0;0;0;NA;347338;0;2020-06-29;214
2020-06-28;"Košický kraj";0;0;0;0;NA;347338;0;2020-06-28;214
2020-06-27;"Košický kraj";0;0;0;0;NA;347338;0;2020-06-27;214
2020-06-26;"Košický kraj";0;0;0;0;NA;347338;0;2020-06-26;214
2020-06-25;"Košický kraj";3;0;0;0;NA;347338;3;2020-06-25;214
2020-06-24;"Košický kraj";3;0;0;0;NA;347338;3;2020-06-24;211
2020-06-23;"Košický kraj";3;0;0;0;NA;347338;3;2020-06-23;208
2020-06-22;"Košický kraj";0;0;0;0;NA;347338;0;2020-06-22;205
2020-06-21;"Košický kraj";0;0;0;0;NA;347338;0;2020-06-21;205
2020-06-20;"Košický kraj";0;0;0;0;NA;347338;0;2020-06-20;205
2020-06-19;"Košický kraj";0;0;0;0;NA;347338;0;2020-06-19;205
2020-06-18;"Košický kraj";1;0;0;0;NA;347338;1;2020-06-18;205
2020-06-17;"Košický kraj";0;0;0;0;NA;347338;0;2020-06-17;204
2020-06-16;"Košický kraj";2;0;0;0;NA;347338;2;2020-06-16;204
2020-06-14;"Košický kraj";0;0;0;0;NA;347338;0;2020-06-14;202
2020-06-13;"Košický kraj";0;0;0;0;NA;347338;0;2020-06-13;202
2020-06-12;"Košický kraj";0;0;0;0;NA;347338;0;2020-06-12;202
2020-06-11;"Košický kraj";0;0;0;0;NA;347338;0;2020-06-11;202
2020-06-10;"Košický kraj";6;0;0;0;NA;347338;6;2020-06-10;202
2020-06-09;"Košický kraj";0;0;0;0;NA;347338;0;2020-06-09;196
2020-06-08;"Košický kraj";0;0;0;0;NA;347338;0;2020-06-08;196
2020-06-07;"Košický kraj";2;0;0;0;NA;347338;2;2020-06-07;196
2020-06-05;"Košický kraj";0;0;0;0;NA;347338;0;2020-06-05;194
2020-06-03;"Košický kraj";0;0;0;0;NA;347338;0;2020-06-03;194
2020-06-02;"Košický kraj";1;0;0;0;NA;347338;1;2020-06-02;194
2020-05-31;"Košický kraj";0;0;0;0;NA;347338;0;2020-05-31;193
2020-05-29;"Košický kraj";1;0;0;0;NA;347338;1;2020-05-29;193
2020-05-27;"Košický kraj";0;0;0;0;NA;347338;0;2020-05-27;192
2020-05-26;"Košický kraj";1;0;0;0;NA;347338;1;2020-05-26;192
2020-05-25;"Košický kraj";1;0;0;0;NA;347338;1;2020-05-25;191
2020-05-24;"Košický kraj";0;0;0;0;NA;347338;0;2020-05-24;190
2020-05-23;"Košický kraj";0;0;0;0;NA;347338;0;2020-05-23;190
2020-05-22;"Košický kraj";0;0;0;0;NA;347338;0;2020-05-22;190
2020-05-21;"Košický kraj";0;0;0;0;NA;347338;0;2020-05-21;190
2020-05-20;"Košický kraj";3;0;0;0;NA;347338;3;2020-05-20;190
2020-05-19;"Košický kraj";0;0;0;0;NA;347338;0;2020-05-19;187
2020-05-17;"Košický kraj";1;0;0;0;NA;347338;1;2020-05-17;187
2020-05-16;"Košický kraj";1;0;0;0;NA;347338;1;2020-05-16;186
2020-05-15;"Košický kraj";10;0;0;0;NA;347338;10;2020-05-15;185
2020-05-14;"Košický kraj";1;0;0;0;NA;347338;1;2020-05-14;175
2020-05-13;"Košický kraj";6;0;0;0;NA;347338;6;2020-05-13;174
2020-05-12;"Košický kraj";0;0;0;0;NA;347338;0;2020-05-12;168
2020-05-11;"Košický kraj";0;0;0;0;NA;347338;0;2020-05-11;168
2020-05-09;"Košický kraj";0;0;0;0;NA;347338;0;2020-05-09;168
2020-05-07;"Košický kraj";0;0;0;0;NA;347338;0;2020-05-07;168
2020-05-06;"Košický kraj";1;0;0;0;NA;347338;1;2020-05-06;168
2020-05-05;"Košický kraj";0;0;0;0;NA;347338;0;2020-05-05;167
2020-05-04;"Košický kraj";0;0;0;0;NA;347338;0;2020-05-04;167
2020-05-03;"Košický kraj";0;0;0;0;NA;347338;0;2020-05-03;167
2020-05-02;"Košický kraj";1;0;0;0;NA;347338;1;2020-05-02;167
2020-05-01;"Košický kraj";0;0;0;0;NA;347338;0;2020-05-01;166
2020-04-30;"Košický kraj";1;0;0;0;NA;347338;1;2020-04-30;166
2020-04-29;"Košický kraj";1;0;0;0;NA;347338;1;2020-04-29;165
2020-04-28;"Košický kraj";1;0;0;0;NA;347338;1;2020-04-28;164
2020-04-27;"Košický kraj";1;0;0;0;NA;347338;1;2020-04-27;163
2020-04-26;"Košický kraj";0;0;0;0;NA;347338;0;2020-04-26;162
2020-04-25;"Košický kraj";0;0;0;0;NA;347338;0;2020-04-25;162
2020-04-24;"Košický kraj";3;0;0;0;NA;347338;3;2020-04-24;162
2020-04-23;"Košický kraj";4;0;0;0;NA;347338;4;2020-04-23;159
2020-04-22;"Košický kraj";21;0;0;0;NA;347338;21;2020-04-22;155
2020-04-21;"Košický kraj";4;0;0;0;NA;347338;4;2020-04-21;134
2020-04-20;"Košický kraj";0;0;0;0;NA;347338;0;2020-04-20;130
2020-04-19;"Košický kraj";1;0;0;0;NA;347338;1;2020-04-19;130
2020-04-18;"Košický kraj";2;0;0;0;NA;347338;2;2020-04-18;129
2020-04-17;"Košický kraj";7;0;0;0;NA;347338;7;2020-04-17;127
2020-04-16;"Košický kraj";29;0;0;0;NA;347338;29;2020-04-16;120
2020-04-15;"Košický kraj";50;0;0;0;NA;347338;50;2020-04-15;91
2020-04-14;"Košický kraj";4;0;0;0;NA;347338;4;2020-04-14;41
2020-04-13;"Košický kraj";5;0;0;0;NA;347338;5;2020-04-13;37
2020-04-12;"Košický kraj";4;0;0;0;NA;347338;4;2020-04-12;32
2020-04-11;"Košický kraj";2;0;0;0;NA;347338;2;2020-04-11;28
2020-04-10;"Košický kraj";1;0;0;0;NA;347338;1;2020-04-10;26
2020-04-09;"Košický kraj";4;0;0;0;NA;347338;4;2020-04-09;25
2020-04-08;"Košický kraj";5;0;0;0;NA;347338;5;2020-04-08;21
2020-04-07;"Košický kraj";34;0;0;0;NA;347338;34;2020-04-07;16
2020-04-06;"Košický kraj";6;0;0;0;NA;347338;6;2020-04-06;-18
2020-04-05;"Košický kraj";4;0;0;0;NA;347338;4;2020-04-05;-24
2020-04-04;"Košický kraj";5;0;0;0;NA;347338;5;2020-04-04;-28
2020-04-03;"Košický kraj";4;0;0;0;NA;347338;4;2020-04-03;-33
2020-04-02;"Košický kraj";3;0;0;0;NA;347338;3;2020-04-02;-37
2020-04-01;"Košický kraj";3;0;0;0;NA;347338;3;2020-04-01;-40
2020-03-31;"Košický kraj";1;0;0;0;NA;347338;1;2020-03-31;-43
2020-03-30;"Košický kraj";5;0;0;0;NA;347338;5;2020-03-30;-44
2020-03-29;"Košický kraj";0;0;0;0;NA;347338;0;2020-03-29;-49
2020-03-28;"Košický kraj";1;0;0;0;NA;347338;1;2020-03-28;-49
2020-03-27;"Košický kraj";1;0;0;0;NA;347338;1;2020-03-27;-50
2020-03-26;"Košický kraj";3;0;0;0;NA;347338;3;2020-03-26;-51
2020-03-25;"Košický kraj";2;0;0;0;NA;347338;2;2020-03-25;-54
2020-03-24;"Košický kraj";0;0;0;0;NA;347338;0;2020-03-24;-56
2020-03-23;"Košický kraj";2;0;0;0;NA;347338;2;2020-03-23;-56
2020-03-22;"Košický kraj";0;0;0;0;NA;347338;0;2020-03-22;-58
2020-03-21;"Košický kraj";3;0;0;0;NA;347338;3;2020-03-21;-58
2020-03-20;"Košický kraj";1;0;0;0;NA;347338;1;2020-03-20;-61
2020-03-19;"Košický kraj";0;0;0;0;NA;347338;0;2020-03-19;-62
2020-03-18;"Košický kraj";0;0;0;0;NA;347338;0;2020-03-18;-62
2020-03-17;"Košický kraj";0;0;0;0;NA;347338;0;2020-03-17;-62
2020-03-16;"Košický kraj";3;0;0;0;NA;347338;3;2020-03-16;-62
2020-03-15;"Košický kraj";1;0;0;0;NA;347338;1;2020-03-15;-65
2020-03-14;"Košický kraj";0;0;0;0;NA;347338;0;2020-03-14;-66
2020-03-13;"Košický kraj";2;0;0;0;NA;347338;2;2020-03-13;-66
2020-03-12;"Košický kraj";0;0;0;0;NA;347338;0;2020-03-12;-68
2020-03-11;"Košický kraj";0;0;0;0;NA;347338;0;2020-03-11;-68
2020-03-09;"Košický kraj";1;0;0;0;NA;347338;1;2020-03-09;-68
2020-03-08;"Košický kraj";0;0;0;0;NA;347338;0;2020-03-08;-69
2020-03-07;"Košický kraj";0;0;0;0;NA;347338;0;2020-03-07;-69
2020-03-06;"Košický kraj";0;0;0;0;NA;347338;0;2020-03-06;-69
2022-06-23;"Nitriansky kraj";44;0;0;0;186034;284802;44;2022-06-23;284802
2022-06-22;"Nitriansky kraj";36;36;1;37;NA;284802;37;2022-06-22;284758
2022-06-21;"Nitriansky kraj";33;106;6;112;NA;284802;39;2022-06-21;284721
2022-06-20;"Nitriansky kraj";30;105;7;112;NA;284802;37;2022-06-20;284682
2022-06-19;"Nitriansky kraj";4;74;5;79;NA;284802;9;2022-06-19;284645
2022-06-18;"Nitriansky kraj";4;6;1;7;NA;284802;5;2022-06-18;284636
2022-06-17;"Nitriansky kraj";11;68;8;76;NA;284802;19;2022-06-17;284631
2022-06-16;"Nitriansky kraj";19;109;1;110;NA;284802;20;2022-06-16;284612
2022-06-15;"Nitriansky kraj";13;81;5;86;NA;284802;18;2022-06-15;284592
2022-06-14;"Nitriansky kraj";19;158;1;159;NA;284802;20;2022-06-14;284574
2022-06-13;"Nitriansky kraj";15;103;5;108;NA;284802;20;2022-06-13;284554
2022-06-12;"Nitriansky kraj";2;36;0;36;NA;284802;2;2022-06-12;284534
2022-06-11;"Nitriansky kraj";3;10;0;10;NA;284802;3;2022-06-11;284532
2022-06-10;"Nitriansky kraj";8;49;3;52;NA;284802;11;2022-06-10;284529
2022-06-09;"Nitriansky kraj";10;129;6;135;NA;284802;16;2022-06-09;284518
2022-06-08;"Nitriansky kraj";14;64;6;70;NA;284802;20;2022-06-08;284502
2022-06-07;"Nitriansky kraj";15;58;4;62;NA;284802;19;2022-06-07;284482
2022-06-06;"Nitriansky kraj";14;117;2;119;NA;284802;16;2022-06-06;284463
2022-06-05;"Nitriansky kraj";0;36;0;36;NA;284802;0;2022-06-05;284447
2022-06-04;"Nitriansky kraj";2;8;0;8;NA;284802;2;2022-06-04;284447
2022-06-03;"Nitriansky kraj";4;70;2;72;NA;284802;6;2022-06-03;284445
2022-06-02;"Nitriansky kraj";1;111;0;111;NA;284802;1;2022-06-02;284439
2022-06-01;"Nitriansky kraj";15;95;2;97;NA;284802;17;2022-06-01;284438
2022-05-31;"Nitriansky kraj";17;73;1;74;NA;284802;18;2022-05-31;284421
2022-05-30;"Nitriansky kraj";14;162;4;166;NA;284802;18;2022-05-30;284403
2022-05-29;"Nitriansky kraj";0;47;0;47;NA;284802;0;2022-05-29;284385
2022-05-28;"Nitriansky kraj";3;16;1;17;NA;284802;4;2022-05-28;284385
2022-05-27;"Nitriansky kraj";9;90;5;95;NA;284802;14;2022-05-27;284381
2022-05-26;"Nitriansky kraj";17;183;3;186;NA;284802;20;2022-05-26;284367
2022-05-25;"Nitriansky kraj";14;172;8;180;NA;284802;22;2022-05-25;284347
2022-05-24;"Nitriansky kraj";14;138;1;139;NA;284802;15;2022-05-24;284325
2022-05-23;"Nitriansky kraj";10;229;6;235;NA;284802;16;2022-05-23;284310
2022-05-22;"Nitriansky kraj";1;78;0;78;NA;284802;1;2022-05-22;284294
2022-05-21;"Nitriansky kraj";9;109;7;116;NA;284802;16;2022-05-21;284293
2022-05-20;"Nitriansky kraj";19;78;2;80;NA;284802;21;2022-05-20;284277
2022-05-19;"Nitriansky kraj";16;132;2;134;NA;284802;18;2022-05-19;284256
2022-05-18;"Nitriansky kraj";18;250;5;255;NA;284802;23;2022-05-18;284238
2022-05-17;"Nitriansky kraj";25;173;3;176;NA;284802;28;2022-05-17;284215
2022-05-16;"Nitriansky kraj";39;246;7;253;NA;284802;46;2022-05-16;284187
2022-05-15;"Nitriansky kraj";8;70;3;73;NA;284802;11;2022-05-15;284141
2022-05-14;"Nitriansky kraj";12;26;1;27;NA;284802;13;2022-05-14;284130
2022-05-13;"Nitriansky kraj";39;146;10;156;NA;284802;49;2022-05-13;284117
2022-05-12;"Nitriansky kraj";18;150;10;160;NA;284802;28;2022-05-12;284068
2022-05-11;"Nitriansky kraj";35;204;9;213;NA;284802;44;2022-05-11;284040
2022-05-10;"Nitriansky kraj";26;201;5;206;NA;284802;31;2022-05-10;283996
2022-05-09;"Nitriansky kraj";38;283;11;294;NA;284802;49;2022-05-09;283965
2022-05-08;"Nitriansky kraj";0;95;8;103;NA;284802;8;2022-05-08;283916
2022-05-07;"Nitriansky kraj";11;27;1;28;NA;284802;12;2022-05-07;283908
2022-05-06;"Nitriansky kraj";47;186;8;194;NA;284802;55;2022-05-06;283896
2022-05-05;"Nitriansky kraj";45;261;8;269;NA;284802;53;2022-05-05;283841
2022-05-04;"Nitriansky kraj";59;298;18;316;NA;284802;77;2022-05-04;283788
2022-05-03;"Nitriansky kraj";65;319;9;328;NA;284802;74;2022-05-03;283711
2022-05-02;"Nitriansky kraj";69;650;30;680;NA;284802;99;2022-05-02;283637
2022-05-01;"Nitriansky kraj";12;194;8;202;NA;284802;20;2022-05-01;283538
2022-04-30;"Nitriansky kraj";64;206;10;216;NA;284802;74;2022-04-30;283518
2022-04-29;"Nitriansky kraj";93;582;14;596;NA;284802;107;2022-04-29;283444
2022-04-28;"Nitriansky kraj";93;841;19;860;NA;284802;112;2022-04-28;283337
2022-04-27;"Nitriansky kraj";126;731;24;755;NA;284802;150;2022-04-27;283225
2022-04-26;"Nitriansky kraj";156;885;29;914;NA;284802;185;2022-04-26;283075
2022-04-25;"Nitriansky kraj";136;1120;52;1172;NA;284802;188;2022-04-25;282890
2022-04-24;"Nitriansky kraj";48;296;12;308;NA;284802;60;2022-04-24;282702
2022-04-23;"Nitriansky kraj";79;250;5;255;NA;284802;84;2022-04-23;282642
2022-04-22;"Nitriansky kraj";101;748;26;774;NA;284802;127;2022-04-22;282558
2022-04-21;"Nitriansky kraj";219;803;15;818;NA;284802;234;2022-04-21;282431
2022-04-20;"Nitriansky kraj";194;1014;33;1047;NA;284802;227;2022-04-20;282197
2022-04-19;"Nitriansky kraj";234;2112;83;2195;NA;284802;317;2022-04-19;281970
2022-04-18;"Nitriansky kraj";111;520;14;534;NA;284802;125;2022-04-18;281653
2022-04-17;"Nitriansky kraj";136;258;8;266;NA;284802;144;2022-04-17;281528
2022-04-16;"Nitriansky kraj";87;362;24;386;NA;284802;111;2022-04-16;281384
2022-04-15;"Nitriansky kraj";105;402;10;412;NA;284802;115;2022-04-15;281273
2022-04-14;"Nitriansky kraj";255;721;32;753;NA;284802;287;2022-04-14;281158
2022-04-13;"Nitriansky kraj";223;909;60;969;NA;284802;283;2022-04-13;280871
2022-04-12;"Nitriansky kraj";291;1043;60;1103;NA;284802;351;2022-04-12;280588
2022-04-11;"Nitriansky kraj";278;1676;101;1777;NA;284802;379;2022-04-11;280237
2022-04-10;"Nitriansky kraj";154;512;43;555;NA;284802;197;2022-04-10;279858
2022-04-09;"Nitriansky kraj";176;391;29;420;NA;284802;205;2022-04-09;279661
2022-04-08;"Nitriansky kraj";363;1071;76;1147;NA;284802;439;2022-04-08;279456
2022-04-07;"Nitriansky kraj";427;1298;115;1413;NA;284802;542;2022-04-07;279017
2022-04-06;"Nitriansky kraj";406;1191;98;1289;NA;284802;504;2022-04-06;278475
2022-04-05;"Nitriansky kraj";783;1195;110;1305;NA;284802;893;2022-04-05;277971
2022-04-04;"Nitriansky kraj";572;1577;152;1729;NA;284802;724;2022-04-04;277078
2022-04-03;"Nitriansky kraj";199;918;98;1016;NA;284802;297;2022-04-03;276354
2022-04-02;"Nitriansky kraj";362;450;45;495;NA;284802;407;2022-04-02;276057
2022-04-01;"Nitriansky kraj";614;1283;129;1412;NA;284802;743;2022-04-01;275650
2022-03-31;"Nitriansky kraj";685;1558;159;1717;NA;284802;844;2022-03-31;274907
2022-03-30;"Nitriansky kraj";751;1239;132;1371;NA;284802;883;2022-03-30;274063
2022-03-29;"Nitriansky kraj";1187;1523;175;1698;NA;284802;1362;2022-03-29;273180
2022-03-28;"Nitriansky kraj";711;1959;288;2247;NA;284802;999;2022-03-28;271818
2022-03-27;"Nitriansky kraj";463;790;148;938;NA;284802;611;2022-03-27;270819
2022-03-26;"Nitriansky kraj";653;408;83;491;NA;284802;736;2022-03-26;270208
2022-03-25;"Nitriansky kraj";918;1134;220;1354;NA;284802;1138;2022-03-25;269472
2022-03-24;"Nitriansky kraj";1391;1262;194;1456;NA;284802;1585;2022-03-24;268334
2022-03-23;"Nitriansky kraj";1401;1461;232;1693;NA;284802;1633;2022-03-23;266749
2022-03-22;"Nitriansky kraj";1360;1553;199;1752;NA;284802;1559;2022-03-22;265116
2022-03-21;"Nitriansky kraj";1304;2138;351;2489;NA;284802;1655;2022-03-21;263557
2022-03-20;"Nitriansky kraj";552;933;226;1159;NA;284802;778;2022-03-20;261902
2022-03-19;"Nitriansky kraj";839;424;146;570;NA;284802;985;2022-03-19;261124
2022-03-18;"Nitriansky kraj";1205;1207;271;1478;NA;284802;1476;2022-03-18;260139
2022-03-17;"Nitriansky kraj";1734;1473;236;1709;NA;284802;1970;2022-03-17;258663
2022-03-16;"Nitriansky kraj";1214;1477;232;1709;NA;284802;1446;2022-03-16;256693
2022-03-15;"Nitriansky kraj";1590;1566;256;1822;NA;284802;1846;2022-03-15;255247
2022-03-14;"Nitriansky kraj";1325;2636;384;3020;NA;284802;1709;2022-03-14;253401
2022-03-13;"Nitriansky kraj";527;992;202;1194;NA;284802;729;2022-03-13;251692
2022-03-12;"Nitriansky kraj";711;739;169;908;NA;284802;880;2022-03-12;250963
2022-03-11;"Nitriansky kraj";1085;1897;365;2262;NA;284802;1450;2022-03-11;250083
2022-03-10;"Nitriansky kraj";1403;2015;313;2328;NA;284802;1716;2022-03-10;248633
2022-03-09;"Nitriansky kraj";1452;2121;323;2444;NA;284802;1775;2022-03-09;246917
2022-03-08;"Nitriansky kraj";1695;2542;350;2892;NA;284802;2045;2022-03-08;245142
2022-03-07;"Nitriansky kraj";1115;3392;521;3913;NA;284802;1636;2022-03-07;243097
2022-03-06;"Nitriansky kraj";566;1509;350;1859;NA;284802;916;2022-03-06;241461
2022-03-05;"Nitriansky kraj";614;1239;214;1453;NA;284802;828;2022-03-05;240545
2022-03-04;"Nitriansky kraj";1315;1602;323;1925;NA;284802;1638;2022-03-04;239717
2022-03-03;"Nitriansky kraj";1405;2944;379;3323;NA;284802;1784;2022-03-03;238079
2022-03-02;"Nitriansky kraj";1417;2723;422;3145;NA;284802;1839;2022-03-02;236295
2022-03-01;"Nitriansky kraj";1380;2422;412;2834;NA;284802;1792;2022-03-01;234456
2022-02-28;"Nitriansky kraj";1577;4825;599;5424;NA;284802;2176;2022-02-28;232664
2022-02-27;"Nitriansky kraj";797;1271;294;1565;NA;284802;1091;2022-02-27;230488
2022-02-26;"Nitriansky kraj";895;799;217;1016;NA;284802;1112;2022-02-26;229397
2022-02-25;"Nitriansky kraj";1400;2321;339;2660;NA;284802;1739;2022-02-25;228285
2022-02-24;"Nitriansky kraj";1592;3586;389;3975;NA;284802;1981;2022-02-24;226546
2022-02-23;"Nitriansky kraj";1885;3936;476;4412;NA;284802;2361;2022-02-23;224565
2022-02-22;"Nitriansky kraj";2323;3849;502;4351;NA;284802;2825;2022-02-22;222204
2022-02-21;"Nitriansky kraj";1593;6255;816;7071;NA;284802;2409;2022-02-21;219379
2022-02-20;"Nitriansky kraj";1049;1987;439;2426;NA;284802;1488;2022-02-20;216970
2022-02-19;"Nitriansky kraj";1084;1341;336;1677;NA;284802;1420;2022-02-19;215482
2022-02-18;"Nitriansky kraj";2021;3284;583;3867;NA;284802;2604;2022-02-18;214062
2022-02-17;"Nitriansky kraj";2134;3890;480;4370;NA;284802;2614;2022-02-17;211458
2022-02-16;"Nitriansky kraj";2152;3948;532;4480;NA;284802;2684;2022-02-16;208844
2022-02-15;"Nitriansky kraj";2093;4069;780;4849;NA;284802;2873;2022-02-15;206160
2022-02-14;"Nitriansky kraj";2094;6258;921;7179;NA;284802;3015;2022-02-14;203287
2022-02-13;"Nitriansky kraj";1146;2832;547;3379;NA;284802;1693;2022-02-13;200272
2022-02-12;"Nitriansky kraj";1301;1171;343;1514;NA;284802;1644;2022-02-12;198579
2022-02-11;"Nitriansky kraj";2042;2949;561;3510;NA;284802;2603;2022-02-11;196935
2022-02-10;"Nitriansky kraj";2374;3366;537;3903;NA;284802;2911;2022-02-10;194332
2022-02-09;"Nitriansky kraj";2133;4808;653;5461;NA;284802;2786;2022-02-09;191421
2022-02-08;"Nitriansky kraj";1801;4935;736;5671;NA;284802;2537;2022-02-08;188635
2022-02-07;"Nitriansky kraj";2240;6807;762;7569;NA;284802;3002;2022-02-07;186098
2022-02-06;"Nitriansky kraj";1309;2690;494;3184;NA;284802;1803;2022-02-06;183096
2022-02-05;"Nitriansky kraj";1609;1504;358;1862;NA;284802;1967;2022-02-05;181293
2022-02-04;"Nitriansky kraj";1848;4189;510;4699;NA;284802;2358;2022-02-04;179326
2022-02-03;"Nitriansky kraj";2425;4186;491;4677;NA;284802;2916;2022-02-03;176968
2022-02-02;"Nitriansky kraj";1903;5326;766;6092;NA;284802;2669;2022-02-02;174052
2022-02-01;"Nitriansky kraj";2288;4717;597;5314;NA;284802;2885;2022-02-01;171383
2022-01-31;"Nitriansky kraj";1329;8991;746;9737;NA;284802;2075;2022-01-31;168498
2022-01-30;"Nitriansky kraj";777;3498;471;3969;NA;284802;1248;2022-01-30;166423
2022-01-29;"Nitriansky kraj";1099;1670;298;1968;NA;284802;1397;2022-01-29;165175
2022-01-28;"Nitriansky kraj";1610;4217;374;4591;NA;284802;1984;2022-01-28;163778
2022-01-27;"Nitriansky kraj";1429;3796;289;4085;NA;284802;1718;2022-01-27;161794
2022-01-26;"Nitriansky kraj";1392;4450;306;4756;NA;284802;1698;2022-01-26;160076
2022-01-25;"Nitriansky kraj";1591;4624;426;5050;NA;284802;2017;2022-01-25;158378
2022-01-24;"Nitriansky kraj";770;7462;359;7821;NA;284802;1129;2022-01-24;156361
2022-01-23;"Nitriansky kraj";327;3109;205;3314;NA;284802;532;2022-01-23;155232
2022-01-22;"Nitriansky kraj";596;1974;153;2127;NA;284802;749;2022-01-22;154700
2022-01-21;"Nitriansky kraj";532;3476;141;3617;NA;284802;673;2022-01-21;153951
2022-01-20;"Nitriansky kraj";737;3537;129;3666;NA;284802;866;2022-01-20;153278
2022-01-19;"Nitriansky kraj";614;4587;121;4708;NA;284802;735;2022-01-19;152412
2022-01-18;"Nitriansky kraj";650;3329;125;3454;NA;284802;775;2022-01-18;151677
2022-01-17;"Nitriansky kraj";439;7784;152;7936;NA;284802;591;2022-01-17;150902
2022-01-16;"Nitriansky kraj";140;3191;71;3262;NA;284802;211;2022-01-16;150311
2022-01-15;"Nitriansky kraj";268;1651;50;1701;NA;284802;318;2022-01-15;150100
2022-01-14;"Nitriansky kraj";167;2906;68;2974;NA;284802;235;2022-01-14;149782
2022-01-13;"Nitriansky kraj";244;3297;53;3350;NA;284802;297;2022-01-13;149547
2022-01-12;"Nitriansky kraj";298;4329;66;4395;NA;284802;364;2022-01-12;149250
2022-01-11;"Nitriansky kraj";424;3990;50;4040;NA;284802;474;2022-01-11;148886
2022-01-10;"Nitriansky kraj";292;7654;71;7725;NA;284802;363;2022-01-10;148412
2022-01-09;"Nitriansky kraj";100;3419;48;3467;NA;284802;148;2022-01-09;148049
2022-01-08;"Nitriansky kraj";206;1352;47;1399;NA;284802;253;2022-01-08;147901
2022-01-07;"Nitriansky kraj";326;2976;74;3050;NA;284802;400;2022-01-07;147648
2022-01-06;"Nitriansky kraj";125;910;33;943;NA;284802;158;2022-01-06;147248
2022-01-05;"Nitriansky kraj";357;4232;66;4298;NA;284802;423;2022-01-05;147090
2022-01-04;"Nitriansky kraj";453;3697;85;3782;NA;284802;538;2022-01-04;146667
2022-01-03;"Nitriansky kraj";353;7378;117;7495;NA;284802;470;2022-01-03;146129
2022-01-02;"Nitriansky kraj";25;3035;95;3130;NA;284802;120;2022-01-02;145659
2022-01-01;"Nitriansky kraj";71;177;9;186;NA;284802;80;2022-01-01;145539
2021-12-31;"Nitriansky kraj";382;1506;69;1575;NA;284802;451;2021-12-31;145459
2021-12-30;"Nitriansky kraj";325;3330;89;3419;NA;284802;414;2021-12-30;145008
2021-12-29;"Nitriansky kraj";347;2371;61;2432;NA;284802;408;2021-12-29;144594
2021-12-28;"Nitriansky kraj";628;2501;88;2589;NA;284802;716;2021-12-28;144186
2021-12-27;"Nitriansky kraj";402;4253;169;4422;NA;284802;571;2021-12-27;143470
2021-12-26;"Nitriansky kraj";84;1039;53;1092;NA;284802;137;2021-12-26;142899
2021-12-25;"Nitriansky kraj";22;499;31;530;NA;284802;53;2021-12-25;142762
2021-12-24;"Nitriansky kraj";175;448;26;474;NA;284802;201;2021-12-24;142709
2021-12-23;"Nitriansky kraj";472;3420;110;3530;NA;284802;582;2021-12-23;142508
2021-12-22;"Nitriansky kraj";398;3517;95;3612;NA;284802;493;2021-12-22;141926
2021-12-21;"Nitriansky kraj";735;2913;93;3006;NA;284802;828;2021-12-21;141433
2021-12-20;"Nitriansky kraj";407;6754;169;6923;NA;284802;576;2021-12-20;140605
2021-12-19;"Nitriansky kraj";198;3587;98;3685;NA;284802;296;2021-12-19;140029
2021-12-18;"Nitriansky kraj";361;1456;96;1552;NA;284802;457;2021-12-18;139733
2021-12-17;"Nitriansky kraj";409;4934;153;5087;NA;284802;562;2021-12-17;139276
2021-12-16;"Nitriansky kraj";429;4230;144;4374;NA;284802;573;2021-12-16;138714
2021-12-15;"Nitriansky kraj";639;5682;143;5825;NA;284802;782;2021-12-15;138141
2021-12-14;"Nitriansky kraj";907;4720;200;4920;NA;284802;1107;2021-12-14;137359
2021-12-13;"Nitriansky kraj";524;7388;291;7679;NA;284802;815;2021-12-13;136252
2021-12-12;"Nitriansky kraj";289;3893;174;4067;NA;284802;463;2021-12-12;135437
2021-12-11;"Nitriansky kraj";458;1754;121;1875;NA;284802;579;2021-12-11;134974
2021-12-10;"Nitriansky kraj";591;4868;177;5045;NA;284802;768;2021-12-10;134395
2021-12-09;"Nitriansky kraj";741;3428;202;3630;NA;284802;943;2021-12-09;133627
2021-12-08;"Nitriansky kraj";954;5136;200;5336;NA;284802;1154;2021-12-08;132684
2021-12-07;"Nitriansky kraj";900;4045;197;4242;NA;284802;1097;2021-12-07;131530
2021-12-06;"Nitriansky kraj";699;8196;339;8535;NA;284802;1038;2021-12-06;130433
2021-12-05;"Nitriansky kraj";337;4314;192;4506;NA;284802;529;2021-12-05;129395
2021-12-04;"Nitriansky kraj";758;2045;180;2225;NA;284802;938;2021-12-04;128866
2021-12-03;"Nitriansky kraj";920;5783;237;6020;NA;284802;1157;2021-12-03;127928
2021-12-02;"Nitriansky kraj";1388;3898;267;4165;NA;284802;1655;2021-12-02;126771
2021-12-01;"Nitriansky kraj";982;4107;261;4368;NA;284802;1243;2021-12-01;125116
2021-11-30;"Nitriansky kraj";751;5575;241;5816;NA;284802;992;2021-11-30;123873
2021-11-29;"Nitriansky kraj";665;10167;500;10667;NA;284802;1165;2021-11-29;122881
2021-11-28;"Nitriansky kraj";357;6214;300;6514;NA;284802;657;2021-11-28;121716
2021-11-27;"Nitriansky kraj";560;2879;281;3160;NA;284802;841;2021-11-27;121059
2021-11-26;"Nitriansky kraj";824;5529;290;5819;NA;284802;1114;2021-11-26;120218
2021-11-25;"Nitriansky kraj";847;4154;342;4496;NA;284802;1189;2021-11-25;119104
2021-11-24;"Nitriansky kraj";875;4422;325;4747;NA;284802;1200;2021-11-24;117915
2021-11-23;"Nitriansky kraj";1103;5148;353;5501;NA;284802;1456;2021-11-23;116715
2021-11-22;"Nitriansky kraj";545;7126;465;7591;NA;284802;1010;2021-11-22;115259
2021-11-21;"Nitriansky kraj";345;3410;314;3724;NA;284802;659;2021-11-21;114249
2021-11-20;"Nitriansky kraj";579;1865;252;2117;NA;284802;831;2021-11-20;113590
2021-11-19;"Nitriansky kraj";571;4256;349;4605;NA;284802;920;2021-11-19;112759
2021-11-18;"Nitriansky kraj";677;4883;420;5303;NA;284802;1097;2021-11-18;111839
2021-11-17;"Nitriansky kraj";479;1622;207;1829;NA;284802;686;2021-11-17;110742
2021-11-16;"Nitriansky kraj";668;3882;266;4148;NA;284802;934;2021-11-16;110056
2021-11-15;"Nitriansky kraj";556;6033;440;6473;NA;284802;996;2021-11-15;109122
2021-11-14;"Nitriansky kraj";229;2796;259;3055;NA;284802;488;2021-11-14;108126
2021-11-13;"Nitriansky kraj";387;1473;201;1674;NA;284802;588;2021-11-13;107638
2021-11-12;"Nitriansky kraj";552;3096;270;3366;NA;284802;822;2021-11-12;107050
2021-11-11;"Nitriansky kraj";539;3545;238;3783;NA;284802;777;2021-11-11;106228
2021-11-10;"Nitriansky kraj";411;3494;234;3728;NA;284802;645;2021-11-10;105451
2021-11-09;"Nitriansky kraj";413;3313;210;3523;NA;284802;623;2021-11-09;104806
2021-11-08;"Nitriansky kraj";464;4936;331;5267;NA;284802;795;2021-11-08;104183
2021-11-07;"Nitriansky kraj";209;2074;161;2235;NA;284802;370;2021-11-07;103388
2021-11-06;"Nitriansky kraj";236;1407;114;1521;NA;284802;350;2021-11-06;103018
2021-11-05;"Nitriansky kraj";407;2583;185;2768;NA;284802;592;2021-11-05;102668
2021-11-04;"Nitriansky kraj";437;3083;168;3251;NA;284802;605;2021-11-04;102076
2021-11-03;"Nitriansky kraj";525;2891;157;3048;NA;284802;682;2021-11-03;101471
2021-11-02;"Nitriansky kraj";320;4279;239;4518;NA;284802;559;2021-11-02;100789
2021-11-01;"Nitriansky kraj";136;712;61;773;NA;284802;197;2021-11-01;100230
2021-10-31;"Nitriansky kraj";109;1234;114;1348;NA;284802;223;2021-10-31;100033
2021-10-30;"Nitriansky kraj";202;1218;82;1300;NA;284802;284;2021-10-30;99810
2021-10-29;"Nitriansky kraj";347;2481;120;2601;NA;284802;467;2021-10-29;99526
2021-10-28;"Nitriansky kraj";281;2603;95;2698;NA;284802;376;2021-10-28;99059
2021-10-27;"Nitriansky kraj";340;2923;112;3035;NA;284802;452;2021-10-27;98683
2021-10-26;"Nitriansky kraj";297;2926;117;3043;NA;284802;414;2021-10-26;98231
2021-10-25;"Nitriansky kraj";171;3599;124;3723;NA;284802;295;2021-10-25;97817
2021-10-24;"Nitriansky kraj";58;1914;74;1988;NA;284802;132;2021-10-24;97522
2021-10-23;"Nitriansky kraj";173;1815;77;1892;NA;284802;250;2021-10-23;97390
2021-10-22;"Nitriansky kraj";202;2216;68;2284;NA;284802;270;2021-10-22;97140
2021-10-21;"Nitriansky kraj";214;2793;65;2858;NA;284802;279;2021-10-21;96870
2021-10-20;"Nitriansky kraj";218;2328;74;2402;NA;284802;292;2021-10-20;96591
2021-10-19;"Nitriansky kraj";250;2929;65;2994;NA;284802;315;2021-10-19;96299
2021-10-18;"Nitriansky kraj";81;3259;90;3349;NA;284802;171;2021-10-18;95984
2021-10-17;"Nitriansky kraj";36;3010;92;3102;NA;284802;128;2021-10-17;95813
2021-10-16;"Nitriansky kraj";37;1477;38;1515;NA;284802;75;2021-10-16;95685
2021-10-15;"Nitriansky kraj";145;2653;34;2687;NA;284802;179;2021-10-15;95610
2021-10-14;"Nitriansky kraj";95;2389;30;2419;NA;284802;125;2021-10-14;95431
2021-10-13;"Nitriansky kraj";91;2248;36;2284;NA;284802;127;2021-10-13;95306
2021-10-12;"Nitriansky kraj";119;2905;34;2939;NA;284802;153;2021-10-12;95179
2021-10-11;"Nitriansky kraj";91;2703;42;2745;NA;284802;133;2021-10-11;95026
2021-10-10;"Nitriansky kraj";33;1527;22;1549;NA;284802;55;2021-10-10;94893
2021-10-09;"Nitriansky kraj";17;1395;17;1412;NA;284802;34;2021-10-09;94838
2021-10-08;"Nitriansky kraj";61;3004;37;3041;NA;284802;98;2021-10-08;94804
2021-10-07;"Nitriansky kraj";59;2829;30;2859;NA;284802;89;2021-10-07;94706
2021-10-06;"Nitriansky kraj";66;2657;28;2685;NA;284802;94;2021-10-06;94617
2021-10-05;"Nitriansky kraj";97;2536;32;2568;NA;284802;129;2021-10-05;94523
2021-10-04;"Nitriansky kraj";56;3263;49;3312;NA;284802;105;2021-10-04;94394
2021-10-03;"Nitriansky kraj";10;1591;24;1615;NA;284802;34;2021-10-03;94289
2021-10-02;"Nitriansky kraj";46;1567;20;1587;NA;284802;66;2021-10-02;94255
2021-10-01;"Nitriansky kraj";26;2860;34;2894;NA;284802;60;2021-10-01;94189
2021-09-30;"Nitriansky kraj";66;2468;15;2483;NA;284802;81;2021-09-30;94129
2021-09-29;"Nitriansky kraj";92;2266;16;2282;NA;284802;108;2021-09-29;94048
2021-09-28;"Nitriansky kraj";86;2893;27;2920;NA;284802;113;2021-09-28;93940
2021-09-27;"Nitriansky kraj";50;3633;41;3674;NA;284802;91;2021-09-27;93827
2021-09-26;"Nitriansky kraj";12;1635;20;1655;NA;284802;32;2021-09-26;93736
2021-09-25;"Nitriansky kraj";43;1456;20;1476;NA;284802;63;2021-09-25;93704
2021-09-24;"Nitriansky kraj";35;2783;15;2798;NA;284802;50;2021-09-24;93641
2021-09-23;"Nitriansky kraj";69;2503;20;2523;NA;284802;89;2021-09-23;93591
2021-09-22;"Nitriansky kraj";68;2380;17;2397;NA;284802;85;2021-09-22;93502
2021-09-21;"Nitriansky kraj";70;2684;30;2714;NA;284802;100;2021-09-21;93417
2021-09-20;"Nitriansky kraj";41;2497;21;2518;NA;284802;62;2021-09-20;93317
2021-09-19;"Nitriansky kraj";16;1553;20;1573;NA;284802;36;2021-09-19;93255
2021-09-18;"Nitriansky kraj";42;1421;19;1440;NA;284802;61;2021-09-18;93219
2021-09-17;"Nitriansky kraj";54;2757;30;2787;NA;284802;84;2021-09-17;93158
2021-09-16;"Nitriansky kraj";55;2499;44;2543;NA;284802;99;2021-09-16;93074
2021-09-15;"Nitriansky kraj";34;538;12;550;NA;284802;46;2021-09-15;92975
2021-09-14;"Nitriansky kraj";52;1821;20;1841;NA;284802;72;2021-09-14;92929
2021-09-13;"Nitriansky kraj";27;2373;27;2400;NA;284802;54;2021-09-13;92857
2021-09-12;"Nitriansky kraj";4;1182;17;1199;NA;284802;21;2021-09-12;92803
2021-09-11;"Nitriansky kraj";36;1181;8;1189;NA;284802;44;2021-09-11;92782
2021-09-10;"Nitriansky kraj";25;2133;12;2145;NA;284802;37;2021-09-10;92738
2021-09-09;"Nitriansky kraj";15;1611;20;1631;NA;284802;35;2021-09-09;92701
2021-09-08;"Nitriansky kraj";30;1463;22;1485;NA;284802;52;2021-09-08;92666
2021-09-07;"Nitriansky kraj";35;1460;9;1469;NA;284802;44;2021-09-07;92614
2021-09-06;"Nitriansky kraj";19;1668;27;1695;NA;284802;46;2021-09-06;92570
2021-09-05;"Nitriansky kraj";10;1007;8;1015;NA;284802;18;2021-09-05;92524
2021-09-04;"Nitriansky kraj";18;1119;10;1129;NA;284802;28;2021-09-04;92506
2021-09-03;"Nitriansky kraj";20;1743;17;1760;NA;284802;37;2021-09-03;92478
2021-09-02;"Nitriansky kraj";16;1389;14;1403;NA;284802;30;2021-09-02;92441
2021-09-01;"Nitriansky kraj";9;337;2;339;NA;284802;11;2021-09-01;92411
2021-08-31;"Nitriansky kraj";10;1360;6;1366;NA;284802;16;2021-08-31;92400
2021-08-30;"Nitriansky kraj";8;1381;10;1391;NA;284802;18;2021-08-30;92384
2021-08-29;"Nitriansky kraj";2;450;1;451;NA;284802;3;2021-08-29;92366
2021-08-28;"Nitriansky kraj";5;1071;3;1074;NA;284802;8;2021-08-28;92363
2021-08-27;"Nitriansky kraj";7;1804;4;1808;NA;284802;11;2021-08-27;92355
2021-08-26;"Nitriansky kraj";2;1255;6;1261;NA;284802;8;2021-08-26;92344
2021-08-25;"Nitriansky kraj";15;1087;3;1090;NA;284802;18;2021-08-25;92336
2021-08-24;"Nitriansky kraj";6;990;2;992;NA;284802;8;2021-08-24;92318
2021-08-23;"Nitriansky kraj";13;1271;4;1275;NA;284802;17;2021-08-23;92310
2021-08-22;"Nitriansky kraj";0;1167;3;1170;NA;284802;3;2021-08-22;92293
2021-08-21;"Nitriansky kraj";1;853;2;855;NA;284802;3;2021-08-21;92290
2021-08-20;"Nitriansky kraj";8;1580;5;1585;NA;284802;13;2021-08-20;92287
2021-08-19;"Nitriansky kraj";11;1167;4;1171;NA;284802;15;2021-08-19;92274
2021-08-18;"Nitriansky kraj";8;1180;7;1187;NA;284802;15;2021-08-18;92259
2021-08-17;"Nitriansky kraj";4;1035;3;1038;NA;284802;7;2021-08-17;92244
2021-08-16;"Nitriansky kraj";7;1129;4;1133;NA;284802;11;2021-08-16;92237
2021-08-15;"Nitriansky kraj";2;662;1;663;NA;284802;3;2021-08-15;92226
2021-08-14;"Nitriansky kraj";1;878;5;883;NA;284802;6;2021-08-14;92223
2021-08-13;"Nitriansky kraj";0;957;1;958;NA;284802;1;2021-08-13;92217
2021-08-12;"Nitriansky kraj";5;765;0;765;NA;284802;5;2021-08-12;92216
2021-08-11;"Nitriansky kraj";3;527;1;528;NA;284802;4;2021-08-11;92211
2021-08-10;"Nitriansky kraj";3;570;1;571;NA;284802;4;2021-08-10;92207
2021-08-09;"Nitriansky kraj";3;992;1;993;NA;284802;4;2021-08-09;92203
2021-08-08;"Nitriansky kraj";0;668;1;669;NA;284802;1;2021-08-08;92199
2021-08-07;"Nitriansky kraj";0;557;1;558;NA;284802;1;2021-08-07;92198
2021-08-06;"Nitriansky kraj";5;799;0;799;NA;284802;5;2021-08-06;92197
2021-08-05;"Nitriansky kraj";6;612;0;612;NA;284802;6;2021-08-05;92192
2021-08-04;"Nitriansky kraj";1;497;2;499;NA;284802;3;2021-08-04;92186
2021-08-03;"Nitriansky kraj";5;1455;0;1455;NA;284802;5;2021-08-03;92183
2021-08-02;"Nitriansky kraj";1;683;4;687;NA;284802;5;2021-08-02;92178
2021-08-01;"Nitriansky kraj";1;606;0;606;NA;284802;1;2021-08-01;92173
2021-07-31;"Nitriansky kraj";1;514;1;515;NA;284802;2;2021-07-31;92172
2021-07-30;"Nitriansky kraj";2;827;0;827;NA;284802;2;2021-07-30;92170
2021-07-29;"Nitriansky kraj";3;720;2;722;NA;284802;5;2021-07-29;92168
2021-07-28;"Nitriansky kraj";4;598;0;598;NA;284802;4;2021-07-28;92163
2021-07-27;"Nitriansky kraj";12;602;1;603;NA;284802;13;2021-07-27;92159
2021-07-26;"Nitriansky kraj";7;970;1;971;NA;284802;8;2021-07-26;92146
2021-07-25;"Nitriansky kraj";1;654;1;655;NA;284802;2;2021-07-25;92138
2021-07-24;"Nitriansky kraj";0;620;0;620;NA;284802;0;2021-07-24;92136
2021-07-23;"Nitriansky kraj";3;851;1;852;NA;284802;4;2021-07-23;92136
2021-07-22;"Nitriansky kraj";5;689;0;689;NA;284802;5;2021-07-22;92132
2021-07-21;"Nitriansky kraj";6;650;2;652;NA;284802;8;2021-07-21;92127
2021-07-20;"Nitriansky kraj";1;527;1;528;NA;284802;2;2021-07-20;92119
2021-07-19;"Nitriansky kraj";2;965;0;965;NA;284802;2;2021-07-19;92117
2021-07-18;"Nitriansky kraj";1;747;0;747;NA;284802;1;2021-07-18;92115
2021-07-17;"Nitriansky kraj";5;612;0;612;NA;284802;5;2021-07-17;92114
2021-07-16;"Nitriansky kraj";2;876;0;876;NA;284802;2;2021-07-16;92109
2021-07-15;"Nitriansky kraj";11;708;0;708;NA;284802;11;2021-07-15;92107
2021-07-14;"Nitriansky kraj";4;646;0;646;NA;284802;4;2021-07-14;92096
2021-07-13;"Nitriansky kraj";2;697;2;699;NA;284802;4;2021-07-13;92092
2021-07-12;"Nitriansky kraj";1;819;0;819;NA;284802;1;2021-07-12;92088
2021-07-11;"Nitriansky kraj";1;961;0;961;NA;284802;1;2021-07-11;92087
2021-07-10;"Nitriansky kraj";1;630;0;630;NA;284802;1;2021-07-10;92086
2021-07-09;"Nitriansky kraj";3;1000;0;1000;NA;284802;3;2021-07-09;92085
2021-07-08;"Nitriansky kraj";0;683;0;683;NA;284802;0;2021-07-08;92082
2021-07-07;"Nitriansky kraj";2;935;2;937;NA;284802;4;2021-07-07;92082
2021-07-06;"Nitriansky kraj";1;1269;1;1270;NA;284802;2;2021-07-06;92078
2021-07-05;"Nitriansky kraj";1;507;0;507;NA;284802;1;2021-07-05;92076
2021-07-04;"Nitriansky kraj";0;821;1;822;NA;284802;1;2021-07-04;92075
2021-07-03;"Nitriansky kraj";0;611;0;611;NA;284802;0;2021-07-03;92074
2021-07-02;"Nitriansky kraj";0;1259;0;1259;NA;284802;0;2021-07-02;92074
2021-07-01;"Nitriansky kraj";0;369;1;370;NA;284802;1;2021-07-01;92074
2021-06-30;"Nitriansky kraj";1;6777;2;6779;NA;284802;3;2021-06-30;92073
2021-06-29;"Nitriansky kraj";1;3536;0;3536;NA;284802;1;2021-06-29;92070
2021-06-28;"Nitriansky kraj";3;4393;0;4393;NA;284802;3;2021-06-28;92069
2021-06-27;"Nitriansky kraj";0;3263;0;3263;NA;284802;0;2021-06-27;92066
2021-06-26;"Nitriansky kraj";1;4979;3;4982;NA;284802;4;2021-06-26;92066
2021-06-25;"Nitriansky kraj";8;5182;1;5183;NA;284802;9;2021-06-25;92062
2021-06-24;"Nitriansky kraj";1;3354;0;3354;NA;284802;1;2021-06-24;92053
2021-06-23;"Nitriansky kraj";1;3033;0;3033;NA;284802;1;2021-06-23;92052
2021-06-22;"Nitriansky kraj";1;3240;3;3243;NA;284802;4;2021-06-22;92051
2021-06-21;"Nitriansky kraj";8;5362;8;5370;NA;284802;16;2021-06-21;92047
2021-06-20;"Nitriansky kraj";0;4437;6;4443;NA;284802;6;2021-06-20;92031
2021-06-19;"Nitriansky kraj";0;5983;4;5987;NA;284802;4;2021-06-19;92025
2021-06-18;"Nitriansky kraj";4;6453;3;6456;NA;284802;7;2021-06-18;92021
2021-06-17;"Nitriansky kraj";5;4152;1;4153;NA;284802;6;2021-06-17;92014
2021-06-16;"Nitriansky kraj";4;3694;3;3697;NA;284802;7;2021-06-16;92008
2021-06-15;"Nitriansky kraj";1;3995;0;3995;NA;284802;1;2021-06-15;92001
2021-06-14;"Nitriansky kraj";0;5875;3;5878;NA;284802;3;2021-06-14;92000
2021-06-13;"Nitriansky kraj";0;6073;3;6076;NA;284802;3;2021-06-13;91997
2021-06-12;"Nitriansky kraj";1;8293;1;8294;NA;284802;2;2021-06-12;91994
2021-06-11;"Nitriansky kraj";3;6891;4;6895;NA;284802;7;2021-06-11;91992
2021-06-10;"Nitriansky kraj";7;4539;1;4540;NA;284802;8;2021-06-10;91985
2021-06-09;"Nitriansky kraj";2;4706;2;4708;NA;284802;4;2021-06-09;91977
2021-06-08;"Nitriansky kraj";8;4239;3;4242;NA;284802;11;2021-06-08;91973
2021-06-07;"Nitriansky kraj";6;5841;8;5849;NA;284802;14;2021-06-07;91962
2021-06-06;"Nitriansky kraj";0;6981;4;6985;NA;284802;4;2021-06-06;91948
2021-06-05;"Nitriansky kraj";6;9089;9;9098;NA;284802;15;2021-06-05;91944
2021-06-04;"Nitriansky kraj";9;7639;5;7644;NA;284802;14;2021-06-04;91929
2021-06-03;"Nitriansky kraj";2;5064;6;5070;NA;284802;8;2021-06-03;91915
2021-06-02;"Nitriansky kraj";11;5119;11;5130;NA;284802;22;2021-06-02;91907
2021-06-01;"Nitriansky kraj";3;4862;2;4864;NA;284802;5;2021-06-01;91885
2021-05-31;"Nitriansky kraj";8;8933;8;8941;NA;284802;16;2021-05-31;91880
2021-05-30;"Nitriansky kraj";1;9067;8;9075;NA;284802;9;2021-05-30;91864
2021-05-29;"Nitriansky kraj";2;13610;7;13617;NA;284802;9;2021-05-29;91855
2021-05-28;"Nitriansky kraj";10;8872;6;8878;NA;284802;16;2021-05-28;91846
2021-05-27;"Nitriansky kraj";4;6164;5;6169;NA;284802;9;2021-05-27;91830
2021-05-26;"Nitriansky kraj";11;8509;10;8519;NA;284802;21;2021-05-26;91821
2021-05-25;"Nitriansky kraj";15;7350;8;7358;NA;284802;23;2021-05-25;91800
2021-05-24;"Nitriansky kraj";14;9816;17;9833;NA;284802;31;2021-05-24;91777
2021-05-23;"Nitriansky kraj";1;9456;13;9469;NA;284802;14;2021-05-23;91746
2021-05-22;"Nitriansky kraj";7;16939;11;16950;NA;284802;18;2021-05-22;91732
2021-05-21;"Nitriansky kraj";18;10632;15;10647;NA;284802;33;2021-05-21;91714
2021-05-20;"Nitriansky kraj";8;7185;7;7192;NA;284802;15;2021-05-20;91681
2021-05-19;"Nitriansky kraj";20;6787;14;6801;NA;284802;34;2021-05-19;91666
2021-05-18;"Nitriansky kraj";23;7797;18;7815;NA;284802;41;2021-05-18;91632
2021-05-17;"Nitriansky kraj";22;9774;20;9794;NA;284802;42;2021-05-17;91591
2021-05-16;"Nitriansky kraj";4;13830;15;13845;NA;284802;19;2021-05-16;91549
2021-05-15;"Nitriansky kraj";5;25389;23;25412;NA;284802;28;2021-05-15;91530
2021-05-14;"Nitriansky kraj";18;13385;23;13408;NA;284802;41;2021-05-14;91502
2021-05-13;"Nitriansky kraj";24;8289;19;8308;NA;284802;43;2021-05-13;91461
2021-05-12;"Nitriansky kraj";10;7682;26;7708;NA;284802;36;2021-05-12;91418
2021-05-11;"Nitriansky kraj";36;8169;13;8182;NA;284802;49;2021-05-11;91382
2021-05-10;"Nitriansky kraj";16;13800;42;13842;NA;284802;58;2021-05-10;91333
2021-05-09;"Nitriansky kraj";8;21879;35;21914;NA;284802;43;2021-05-09;91275
2021-05-08;"Nitriansky kraj";0;24318;29;24347;NA;284802;29;2021-05-08;91232
2021-05-07;"Nitriansky kraj";32;14915;20;14935;NA;284802;52;2021-05-07;91203
2021-05-06;"Nitriansky kraj";30;9463;20;9483;NA;284802;50;2021-05-06;91151
2021-05-05;"Nitriansky kraj";19;8527;23;8550;NA;284802;42;2021-05-05;91101
2021-05-04;"Nitriansky kraj";46;9385;27;9412;NA;284802;73;2021-05-04;91059
2021-05-03;"Nitriansky kraj";32;14490;44;14534;NA;284802;76;2021-05-03;90986
2021-05-02;"Nitriansky kraj";4;31751;46;31797;NA;284802;50;2021-05-02;90910
2021-05-01;"Nitriansky kraj";23;60451;43;60494;NA;284802;66;2021-05-01;90860
2021-04-30;"Nitriansky kraj";28;31803;53;31856;NA;284802;81;2021-04-30;90794
2021-04-29;"Nitriansky kraj";27;14265;34;14299;NA;284802;61;2021-04-29;90713
2021-04-28;"Nitriansky kraj";36;14716;45;14761;NA;284802;81;2021-04-28;90652
2021-04-27;"Nitriansky kraj";51;13154;35;13189;NA;284802;86;2021-04-27;90571
2021-04-26;"Nitriansky kraj";38;21029;44;21073;NA;284802;82;2021-04-26;90485
2021-04-25;"Nitriansky kraj";7;44312;46;44358;NA;284802;53;2021-04-25;90403
2021-04-24;"Nitriansky kraj";23;93455;72;93527;NA;284802;95;2021-04-24;90350
2021-04-23;"Nitriansky kraj";54;35145;51;35196;NA;284802;105;2021-04-23;90255
2021-04-22;"Nitriansky kraj";32;15435;44;15479;NA;284802;76;2021-04-22;90150
2021-04-21;"Nitriansky kraj";38;14228;45;14273;NA;284802;83;2021-04-21;90074
2021-04-20;"Nitriansky kraj";67;16058;51;16109;NA;284802;118;2021-04-20;89991
2021-04-19;"Nitriansky kraj";35;24819;59;24878;NA;284802;94;2021-04-19;89873
2021-04-18;"Nitriansky kraj";0;39569;27;39596;NA;284802;27;2021-04-18;89779
2021-04-17;"Nitriansky kraj";34;92102;82;92184;NA;284802;116;2021-04-17;89752
2021-04-16;"Nitriansky kraj";46;32348;37;32385;NA;284802;83;2021-04-16;89636
2021-04-15;"Nitriansky kraj";75;16215;52;16267;NA;284802;127;2021-04-15;89553
2021-04-14;"Nitriansky kraj";43;15303;42;15345;NA;284802;85;2021-04-14;89426
2021-04-13;"Nitriansky kraj";110;15104;44;15148;NA;284802;154;2021-04-13;89341
2021-04-12;"Nitriansky kraj";29;22817;50;22867;NA;284802;79;2021-04-12;89187
2021-04-11;"Nitriansky kraj";1;37537;31;37568;NA;284802;32;2021-04-11;89108
2021-04-10;"Nitriansky kraj";35;95851;115;95966;NA;284802;150;2021-04-10;89076
2021-04-09;"Nitriansky kraj";69;30669;58;30727;NA;284802;127;2021-04-09;88926
2021-04-08;"Nitriansky kraj";71;15361;36;15397;NA;284802;107;2021-04-08;88799
2021-04-07;"Nitriansky kraj";64;18541;47;18588;NA;284802;111;2021-04-07;88692
2021-04-06;"Nitriansky kraj";65;33218;112;33330;NA;284802;177;2021-04-06;88581
2021-04-05;"Nitriansky kraj";37;12673;48;12721;NA;284802;85;2021-04-05;88404
2021-04-04;"Nitriansky kraj";5;17887;35;17922;NA;284802;40;2021-04-04;88319
2021-04-03;"Nitriansky kraj";26;85465;153;85618;NA;284802;179;2021-04-03;88279
2021-04-02;"Nitriansky kraj";32;18743;46;18789;NA;284802;78;2021-04-02;88100
2021-04-01;"Nitriansky kraj";63;24640;83;24723;NA;284802;146;2021-04-01;88022
2021-03-31;"Nitriansky kraj";73;21752;94;21846;NA;284802;167;2021-03-31;87876
2021-03-30;"Nitriansky kraj";125;17122;83;17205;NA;284802;208;2021-03-30;87709
2021-03-29;"Nitriansky kraj";81;25139;100;25239;NA;284802;181;2021-03-29;87501
2021-03-28;"Nitriansky kraj";6;45581;106;45687;NA;284802;112;2021-03-28;87320
2021-03-27;"Nitriansky kraj";39;104104;174;104278;NA;284802;213;2021-03-27;87208
2021-03-26;"Nitriansky kraj";90;40444;115;40559;NA;284802;205;2021-03-26;86995
2021-03-25;"Nitriansky kraj";95;19219;94;19313;NA;284802;189;2021-03-25;86790
2021-03-24;"Nitriansky kraj";90;14787;91;14878;NA;284802;181;2021-03-24;86601
2021-03-23;"Nitriansky kraj";167;16753;66;16819;NA;284802;233;2021-03-23;86420
2021-03-22;"Nitriansky kraj";101;24886;125;25011;NA;284802;226;2021-03-22;86187
2021-03-21;"Nitriansky kraj";27;42773;99;42872;NA;284802;126;2021-03-21;85961
2021-03-20;"Nitriansky kraj";36;100640;207;100847;NA;284802;243;2021-03-20;85835
2021-03-19;"Nitriansky kraj";76;37312;102;37414;NA;284802;178;2021-03-19;85592
2021-03-18;"Nitriansky kraj";103;20051;113;20164;NA;284802;216;2021-03-18;85414
2021-03-17;"Nitriansky kraj";87;15839;127;15966;NA;284802;214;2021-03-17;85198
2021-03-16;"Nitriansky kraj";172;18085;121;18206;NA;284802;293;2021-03-16;84984
2021-03-15;"Nitriansky kraj";130;24481;165;24646;NA;284802;295;2021-03-15;84691
2021-03-14;"Nitriansky kraj";3;45770;107;45877;NA;284802;110;2021-03-14;84396
2021-03-13;"Nitriansky kraj";65;112573;242;112815;NA;284802;307;2021-03-13;84286
2021-03-12;"Nitriansky kraj";127;40777;159;40936;NA;284802;286;2021-03-12;83979
2021-03-11;"Nitriansky kraj";131;18686;130;18816;NA;284802;261;2021-03-11;83693
2021-03-10;"Nitriansky kraj";96;17422;143;17565;NA;284802;239;2021-03-10;83432
2021-03-09;"Nitriansky kraj";260;17635;149;17784;NA;284802;409;2021-03-09;83193
2021-03-08;"Nitriansky kraj";145;27214;172;27386;NA;284802;317;2021-03-08;82784
2021-03-07;"Nitriansky kraj";48;46867;185;47052;NA;284802;233;2021-03-07;82467
2021-03-06;"Nitriansky kraj";86;112027;327;112354;NA;284802;413;2021-03-06;82234
2021-03-05;"Nitriansky kraj";133;39068;200;39268;NA;284802;333;2021-03-05;81821
2021-03-04;"Nitriansky kraj";176;18340;173;18513;NA;284802;349;2021-03-04;81488
2021-03-03;"Nitriansky kraj";172;17210;177;17387;NA;284802;349;2021-03-03;81139
2021-03-02;"Nitriansky kraj";274;21003;366;21369;NA;284802;640;2021-03-02;80790
2021-03-01;"Nitriansky kraj";133;27881;279;28160;NA;284802;412;2021-03-01;80150
2021-02-28;"Nitriansky kraj";80;40866;218;41084;NA;284802;298;2021-02-28;79738
2021-02-27;"Nitriansky kraj";101;106352;496;106848;NA;284802;597;2021-02-27;79440
2021-02-26;"Nitriansky kraj";109;36788;308;37096;NA;284802;417;2021-02-26;78843
2021-02-25;"Nitriansky kraj";188;15243;212;15455;NA;284802;400;2021-02-25;78426
2021-02-24;"Nitriansky kraj";125;13833;260;14093;NA;284802;385;2021-02-24;78026
2021-02-23;"Nitriansky kraj";273;15402;273;15675;NA;284802;546;2021-02-23;77641
2021-02-22;"Nitriansky kraj";154;26478;330;26808;NA;284802;484;2021-02-22;77095
2021-02-21;"Nitriansky kraj";22;43664;320;43984;NA;284802;342;2021-02-21;76611
2021-02-20;"Nitriansky kraj";128;109038;586;109624;NA;284802;714;2021-02-20;76269
2021-02-19;"Nitriansky kraj";173;36849;328;37177;NA;284802;501;2021-02-19;75555
2021-02-18;"Nitriansky kraj";202;17045;275;17320;NA;284802;477;2021-02-18;75054
2021-02-17;"Nitriansky kraj";198;12080;310;12390;NA;284802;508;2021-02-17;74577
2021-02-16;"Nitriansky kraj";284;16066;288;16354;NA;284802;572;2021-02-16;74069
2021-02-15;"Nitriansky kraj";122;28636;474;29110;NA;284802;596;2021-02-15;73497
2021-02-14;"Nitriansky kraj";8;49392;315;49707;NA;284802;323;2021-02-14;72901
2021-02-13;"Nitriansky kraj";127;110294;690;110984;NA;284802;817;2021-02-13;72578
2021-02-12;"Nitriansky kraj";162;33405;407;33812;NA;284802;569;2021-02-12;71761
2021-02-11;"Nitriansky kraj";195;12406;270;12676;NA;284802;465;2021-02-11;71192
2021-02-10;"Nitriansky kraj";186;17770;644;18414;NA;284802;830;2021-02-10;70727
2021-02-09;"Nitriansky kraj";260;18530;385;18915;NA;284802;645;2021-02-09;69897
2021-02-08;"Nitriansky kraj";177;37530;569;38099;NA;284802;746;2021-02-08;69252
2021-02-07;"Nitriansky kraj";20;52307;513;52820;NA;284802;533;2021-02-07;68506
2021-02-06;"Nitriansky kraj";129;101439;764;102203;NA;284802;893;2021-02-06;67973
2021-02-05;"Nitriansky kraj";244;26137;491;26628;NA;284802;735;2021-02-05;67080
2021-02-04;"Nitriansky kraj";308;15681;512;16193;NA;284802;820;2021-02-04;66345
2021-02-03;"Nitriansky kraj";191;13459;382;13841;NA;284802;573;2021-02-03;65525
2021-02-02;"Nitriansky kraj";327;17880;382;18262;NA;284802;709;2021-02-02;64952
2021-02-01;"Nitriansky kraj";221;24002;460;24462;NA;284802;681;2021-02-01;64243
2021-01-31;"Nitriansky kraj";9;46215;507;46722;NA;284802;516;2021-01-31;63562
2021-01-30;"Nitriansky kraj";152;99241;1090;100331;NA;284802;1242;2021-01-30;63046
2021-01-29;"Nitriansky kraj";302;22461;477;22938;NA;284802;779;2021-01-29;61804
2021-01-28;"Nitriansky kraj";269;11370;398;11768;NA;284802;667;2021-01-28;61025
2021-01-27;"Nitriansky kraj";235;6758;299;7057;NA;284802;534;2021-01-27;60358
2021-01-26;"Nitriansky kraj";345;16015;454;16469;NA;284802;799;2021-01-26;59824
2021-01-25;"Nitriansky kraj";201;21909;434;22343;NA;284802;635;2021-01-25;59025
2021-01-24;"Nitriansky kraj";12;79041;897;79938;NA;284802;909;2021-01-24;58390
2021-01-23;"Nitriansky kraj";277;97845;1446;99291;NA;284802;1723;2021-01-23;57481
2021-01-22;"Nitriansky kraj";139;35924;619;36543;NA;284802;758;2021-01-22;55758
2021-01-21;"Nitriansky kraj";305;14649;412;15061;NA;284802;717;2021-01-21;55000
2021-01-20;"Nitriansky kraj";326;11991;625;12616;NA;284802;951;2021-01-20;54283
2021-01-19;"Nitriansky kraj";344;11015;633;11648;NA;284802;977;2021-01-19;53332
2021-01-18;"Nitriansky kraj";367;8901;519;9420;NA;284802;886;2021-01-18;52355
2021-01-17;"Nitriansky kraj";97;15061;275;15336;NA;284802;372;2021-01-17;51469
2021-01-16;"Nitriansky kraj";64;36838;679;37517;NA;284802;743;2021-01-16;51097
2021-01-15;"Nitriansky kraj";373;15940;474;16414;NA;284802;847;2021-01-15;50354
2021-01-14;"Nitriansky kraj";627;10577;452;11029;NA;284802;1079;2021-01-14;49507
2021-01-13;"Nitriansky kraj";663;9234;484;9718;NA;284802;1147;2021-01-13;48428
2021-01-12;"Nitriansky kraj";642;8805;545;9350;NA;284802;1187;2021-01-12;47281
2021-01-11;"Nitriansky kraj";422;8347;513;8860;NA;284802;935;2021-01-11;46094
2021-01-10;"Nitriansky kraj";44;19841;730;20571;NA;284802;774;2021-01-10;45159
2021-01-09;"Nitriansky kraj";532;36823;1071;37894;NA;284802;1603;2021-01-09;44385
2021-01-08;"Nitriansky kraj";817;14001;691;14692;NA;284802;1508;2021-01-08;42782
2021-01-07;"Nitriansky kraj";438;10121;795;10916;NA;284802;1233;2021-01-07;41274
2021-01-06;"Nitriansky kraj";259;3192;197;3389;NA;284802;456;2021-01-06;40041
2021-01-05;"Nitriansky kraj";732;8918;1208;10126;NA;284802;1940;2021-01-05;39585
2021-01-04;"Nitriansky kraj";362;8409;1287;9696;NA;284802;1649;2021-01-04;37645
2021-01-03;"Nitriansky kraj";42;84;20;104;NA;284802;62;2021-01-03;35996
2021-01-02;"Nitriansky kraj";249;1090;26;1116;NA;284802;275;2021-01-02;35934
2021-01-01;"Nitriansky kraj";119;781;95;876;NA;284802;214;2021-01-01;35659
2020-12-31;"Nitriansky kraj";786;7646;962;8608;NA;284802;1748;2020-12-31;35445
2020-12-30;"Nitriansky kraj";1094;9619;1165;10784;NA;284802;2259;2020-12-30;33697
2020-12-29;"Nitriansky kraj";607;8028;1245;9273;NA;284802;1852;2020-12-29;31438
2020-12-28;"Nitriansky kraj";83;6804;1220;8024;NA;284802;1303;2020-12-28;29586
2020-12-27;"Nitriansky kraj";22;60;8;68;NA;284802;30;2020-12-27;28283
2020-12-26;"Nitriansky kraj";54;297;56;353;NA;284802;110;2020-12-26;28253
2020-12-25;"Nitriansky kraj";35;60;11;71;NA;284802;46;2020-12-25;28143
2020-12-24;"Nitriansky kraj";514;1861;176;2037;NA;284802;690;2020-12-24;28097
2020-12-23;"Nitriansky kraj";349;14679;782;15461;NA;284802;1131;2020-12-23;27407
2020-12-22;"Nitriansky kraj";673;10623;949;11572;NA;284802;1622;2020-12-22;26276
2020-12-21;"Nitriansky kraj";128;7587;931;8518;NA;284802;1059;2020-12-21;24654
2020-12-20;"Nitriansky kraj";77;50;10;60;NA;284802;87;2020-12-20;23595
2020-12-19;"Nitriansky kraj";262;2259;159;2418;NA;284802;421;2020-12-19;23508
2020-12-18;"Nitriansky kraj";512;7946;518;8464;NA;284802;1030;2020-12-18;23087
2020-12-17;"Nitriansky kraj";586;6519;486;7005;NA;284802;1072;2020-12-17;22057
2020-12-16;"Nitriansky kraj";357;8097;500;8597;NA;284802;857;2020-12-16;20985
2020-12-15;"Nitriansky kraj";461;9084;750;9834;NA;284802;1211;2020-12-15;20128
2020-12-14;"Nitriansky kraj";217;7816;797;8613;NA;284802;1014;2020-12-14;18917
2020-12-13;"Nitriansky kraj";12;69;6;75;NA;284802;18;2020-12-13;17903
2020-12-12;"Nitriansky kraj";341;1832;125;1957;NA;284802;466;2020-12-12;17885
2020-12-11;"Nitriansky kraj";409;5117;384;5501;NA;284802;793;2020-12-11;17419
2020-12-10;"Nitriansky kraj";360;5239;345;5584;NA;284802;705;2020-12-10;16626
2020-12-09;"Nitriansky kraj";362;5494;529;6023;NA;284802;891;2020-12-09;15921
2020-12-08;"Nitriansky kraj";340;8168;548;8716;NA;284802;888;2020-12-08;15030
2020-12-07;"Nitriansky kraj";139;6243;573;6816;NA;284802;712;2020-12-07;14142
2020-12-06;"Nitriansky kraj";15;89;4;93;NA;284802;19;2020-12-06;13430
2020-12-05;"Nitriansky kraj";136;1388;19;1407;NA;284802;155;2020-12-05;13411
2020-12-04;"Nitriansky kraj";232;2884;74;2958;NA;284802;306;2020-12-04;13256
2020-12-03;"Nitriansky kraj";248;2471;110;2581;NA;284802;358;2020-12-03;12950
2020-12-02;"Nitriansky kraj";252;2580;151;2731;NA;284802;403;2020-12-02;12592
2020-12-01;"Nitriansky kraj";331;2891;131;3022;NA;284802;462;2020-12-01;12189
2020-11-30;"Nitriansky kraj";91;4228;188;4416;NA;284802;279;2020-11-30;11727
2020-11-29;"Nitriansky kraj";3;634;42;676;NA;284802;45;2020-11-29;11448
2020-11-28;"Nitriansky kraj";135;892;31;923;NA;284802;166;2020-11-28;11403
2020-11-27;"Nitriansky kraj";177;2069;73;2142;NA;284802;250;2020-11-27;11237
2020-11-26;"Nitriansky kraj";191;2813;80;2893;NA;284802;271;2020-11-26;10987
2020-11-25;"Nitriansky kraj";325;2478;91;2569;NA;284802;416;2020-11-25;10716
2020-11-24;"Nitriansky kraj";147;1641;64;1705;NA;284802;211;2020-11-24;10300
2020-11-23;"Nitriansky kraj";102;9891;212;10103;NA;284802;314;2020-11-23;10089
2020-11-22;"Nitriansky kraj";7;1176;25;1201;NA;284802;32;2020-11-22;9775
2020-11-21;"Nitriansky kraj";86;1083;38;1121;NA;284802;124;2020-11-21;9743
2020-11-20;"Nitriansky kraj";264;4180;103;4283;NA;284802;367;2020-11-20;9619
2020-11-19;"Nitriansky kraj";185;3065;134;3199;NA;284802;319;2020-11-19;9252
2020-11-18;"Nitriansky kraj";188;2214;79;2293;NA;284802;267;2020-11-18;8933
2020-11-17;"Nitriansky kraj";178;596;29;625;NA;284802;207;2020-11-17;8666
2020-11-16;"Nitriansky kraj";139;1877;75;1952;NA;284802;214;2020-11-16;8459
2020-11-15;"Nitriansky kraj";14;180;5;185;NA;284802;19;2020-11-15;8245
2020-11-14;"Nitriansky kraj";114;1131;32;1163;NA;284802;146;2020-11-14;8226
2020-11-13;"Nitriansky kraj";210;936;46;982;NA;284802;256;2020-11-13;8080
2020-11-12;"Nitriansky kraj";256;1195;35;1230;NA;284802;291;2020-11-12;7824
2020-11-11;"Nitriansky kraj";279;1247;22;1269;NA;284802;301;2020-11-11;7533
2020-11-10;"Nitriansky kraj";192;2623;39;2662;NA;284802;231;2020-11-10;7232
2020-11-09;"Nitriansky kraj";128;3136;43;3179;NA;284802;171;2020-11-09;7001
2020-11-08;"Nitriansky kraj";43;1462;32;1494;NA;284802;75;2020-11-08;6830
2020-11-07;"Nitriansky kraj";130;1046;4;1050;NA;284802;134;2020-11-07;6755
2020-11-06;"Nitriansky kraj";210;2264;32;2296;NA;284802;242;2020-11-06;6621
2020-11-05;"Nitriansky kraj";178;313;14;327;NA;284802;192;2020-11-05;6379
2020-11-04;"Nitriansky kraj";211;297;16;313;NA;284802;227;2020-11-04;6187
2020-11-03;"Nitriansky kraj";216;435;25;460;NA;284802;241;2020-11-03;5960
2020-11-02;"Nitriansky kraj";171;4208;46;4254;NA;284802;217;2020-11-02;5719
2020-11-01;"Nitriansky kraj";130;2546;27;2573;NA;284802;157;2020-11-01;5502
2020-10-31;"Nitriansky kraj";261;10466;134;10600;NA;284802;395;2020-10-31;5345
2020-10-30;"Nitriansky kraj";204;2593;42;2635;NA;284802;246;2020-10-30;4950
2020-10-29;"Nitriansky kraj";293;841;39;880;NA;284802;332;2020-10-29;4704
2020-10-28;"Nitriansky kraj";216;608;59;667;NA;284802;275;2020-10-28;4372
2020-10-27;"Nitriansky kraj";296;550;47;597;NA;284802;343;2020-10-27;4097
2020-10-26;"Nitriansky kraj";69;633;56;689;NA;284802;125;2020-10-26;3754
2020-10-25;"Nitriansky kraj";50;62;8;70;NA;284802;58;2020-10-25;3629
2020-10-24;"Nitriansky kraj";169;237;11;248;NA;284802;180;2020-10-24;3571
2020-10-23;"Nitriansky kraj";282;762;41;803;NA;284802;323;2020-10-23;3391
2020-10-22;"Nitriansky kraj";137;444;39;483;NA;284802;176;2020-10-22;3068
2020-10-21;"Nitriansky kraj";146;208;3;211;NA;284802;149;2020-10-21;2892
2020-10-20;"Nitriansky kraj";197;78;6;84;NA;284802;203;2020-10-20;2743
2020-10-19;"Nitriansky kraj";148;79;1;80;NA;284802;149;2020-10-19;2540
2020-10-18;"Nitriansky kraj";22;0;0;0;NA;284802;22;2020-10-18;2391
2020-10-17;"Nitriansky kraj";67;0;0;0;NA;284802;67;2020-10-17;2369
2020-10-16;"Nitriansky kraj";133;28;3;31;NA;284802;136;2020-10-16;2302
2020-10-15;"Nitriansky kraj";106;31;2;33;NA;284802;108;2020-10-15;2166
2020-10-14;"Nitriansky kraj";80;22;4;26;NA;284802;84;2020-10-14;2058
2020-10-13;"Nitriansky kraj";101;82;2;84;NA;284802;103;2020-10-13;1974
2020-10-12;"Nitriansky kraj";36;0;0;0;NA;284802;36;2020-10-12;1871
2020-10-11;"Nitriansky kraj";8;0;0;0;NA;284802;8;2020-10-11;1835
2020-10-10;"Nitriansky kraj";107;0;0;0;NA;284802;107;2020-10-10;1827
2020-10-09;"Nitriansky kraj";120;0;0;0;NA;284802;120;2020-10-09;1720
2020-10-08;"Nitriansky kraj";132;0;0;0;NA;284802;132;2020-10-08;1600
2020-10-07;"Nitriansky kraj";81;0;0;0;NA;284802;81;2020-10-07;1468
2020-10-06;"Nitriansky kraj";48;0;0;0;NA;284802;48;2020-10-06;1387
2020-10-05;"Nitriansky kraj";20;0;0;0;NA;284802;20;2020-10-05;1339
2020-10-04;"Nitriansky kraj";17;0;0;0;NA;284802;17;2020-10-04;1319
2020-10-03;"Nitriansky kraj";96;0;0;0;NA;284802;96;2020-10-03;1302
2020-10-02;"Nitriansky kraj";108;0;0;0;NA;284802;108;2020-10-02;1206
2020-10-01;"Nitriansky kraj";95;0;0;0;NA;284802;95;2020-10-01;1098
2020-09-30;"Nitriansky kraj";100;0;0;0;NA;284802;100;2020-09-30;1003
2020-09-29;"Nitriansky kraj";50;0;0;0;NA;284802;50;2020-09-29;903
2020-09-28;"Nitriansky kraj";22;0;0;0;NA;284802;22;2020-09-28;853
2020-09-27;"Nitriansky kraj";16;0;0;0;NA;284802;16;2020-09-27;831
2020-09-26;"Nitriansky kraj";64;0;0;0;NA;284802;64;2020-09-26;815
2020-09-25;"Nitriansky kraj";90;0;0;0;NA;284802;90;2020-09-25;751
2020-09-24;"Nitriansky kraj";51;0;0;0;NA;284802;51;2020-09-24;661
2020-09-23;"Nitriansky kraj";70;0;0;0;NA;284802;70;2020-09-23;610
2020-09-22;"Nitriansky kraj";18;0;0;0;NA;284802;18;2020-09-22;540
2020-09-21;"Nitriansky kraj";10;0;0;0;NA;284802;10;2020-09-21;522
2020-09-20;"Nitriansky kraj";4;0;0;0;NA;284802;4;2020-09-20;512
2020-09-19;"Nitriansky kraj";14;0;0;0;NA;284802;14;2020-09-19;508
2020-09-18;"Nitriansky kraj";19;0;0;0;NA;284802;19;2020-09-18;494
2020-09-17;"Nitriansky kraj";30;0;0;0;NA;284802;30;2020-09-17;475
2020-09-16;"Nitriansky kraj";6;0;0;0;NA;284802;6;2020-09-16;445
2020-09-15;"Nitriansky kraj";19;0;0;0;NA;284802;19;2020-09-15;439
2020-09-14;"Nitriansky kraj";28;0;0;0;NA;284802;28;2020-09-14;420
2020-09-13;"Nitriansky kraj";3;0;0;0;NA;284802;3;2020-09-13;392
2020-09-12;"Nitriansky kraj";12;0;0;0;NA;284802;12;2020-09-12;389
2020-09-11;"Nitriansky kraj";23;0;0;0;NA;284802;23;2020-09-11;377
2020-09-10;"Nitriansky kraj";29;0;0;0;NA;284802;29;2020-09-10;354
2020-09-09;"Nitriansky kraj";19;0;0;0;NA;284802;19;2020-09-09;325
2020-09-08;"Nitriansky kraj";17;0;0;0;NA;284802;17;2020-09-08;306
2020-09-07;"Nitriansky kraj";17;0;0;0;NA;284802;17;2020-09-07;289
2020-09-06;"Nitriansky kraj";0;0;0;0;NA;284802;0;2020-09-06;272
2020-09-05;"Nitriansky kraj";22;0;0;0;NA;284802;22;2020-09-05;272
2020-09-04;"Nitriansky kraj";34;0;0;0;NA;284802;34;2020-09-04;250
2020-09-03;"Nitriansky kraj";15;0;0;0;NA;284802;15;2020-09-03;216
2020-09-02;"Nitriansky kraj";15;0;0;0;NA;284802;15;2020-09-02;201
2020-09-01;"Nitriansky kraj";2;0;0;0;NA;284802;2;2020-09-01;186
2020-08-31;"Nitriansky kraj";12;0;0;0;NA;284802;12;2020-08-31;184
2020-08-30;"Nitriansky kraj";1;0;0;0;NA;284802;1;2020-08-30;172
2020-08-29;"Nitriansky kraj";7;46;0;46;NA;284802;7;2020-08-29;171
2020-08-28;"Nitriansky kraj";12;0;0;0;NA;284802;12;2020-08-28;164
2020-08-27;"Nitriansky kraj";12;0;0;0;NA;284802;12;2020-08-27;152
2020-08-26;"Nitriansky kraj";4;0;0;0;NA;284802;4;2020-08-26;140
2020-08-25;"Nitriansky kraj";8;0;0;0;NA;284802;8;2020-08-25;136
2020-08-24;"Nitriansky kraj";1;0;0;0;NA;284802;1;2020-08-24;128
2020-08-23;"Nitriansky kraj";1;0;0;0;NA;284802;1;2020-08-23;127
2020-08-22;"Nitriansky kraj";2;0;0;0;NA;284802;2;2020-08-22;126
2020-08-21;"Nitriansky kraj";0;0;0;0;NA;284802;0;2020-08-21;124
2020-08-20;"Nitriansky kraj";7;0;0;0;NA;284802;7;2020-08-20;124
2020-08-19;"Nitriansky kraj";1;0;0;0;NA;284802;1;2020-08-19;117
2020-08-18;"Nitriansky kraj";2;0;0;0;NA;284802;2;2020-08-18;116
2020-08-17;"Nitriansky kraj";1;0;0;0;NA;284802;1;2020-08-17;114
2020-08-16;"Nitriansky kraj";0;0;0;0;NA;284802;0;2020-08-16;113
2020-08-15;"Nitriansky kraj";2;0;0;0;NA;284802;2;2020-08-15;113
2020-08-14;"Nitriansky kraj";1;0;0;0;NA;284802;1;2020-08-14;111
2020-08-13;"Nitriansky kraj";4;0;0;0;NA;284802;4;2020-08-13;110
2020-08-12;"Nitriansky kraj";0;0;0;0;NA;284802;0;2020-08-12;106
2020-08-11;"Nitriansky kraj";1;0;0;0;NA;284802;1;2020-08-11;106
2020-08-10;"Nitriansky kraj";0;0;0;0;NA;284802;0;2020-08-10;105
2020-08-09;"Nitriansky kraj";0;0;0;0;NA;284802;0;2020-08-09;105
2020-08-08;"Nitriansky kraj";0;0;0;0;NA;284802;0;2020-08-08;105
2020-08-07;"Nitriansky kraj";4;0;0;0;NA;284802;4;2020-08-07;105
2020-08-06;"Nitriansky kraj";4;0;0;0;NA;284802;4;2020-08-06;101
2020-08-05;"Nitriansky kraj";0;0;0;0;NA;284802;0;2020-08-05;97
2020-08-04;"Nitriansky kraj";7;0;0;0;NA;284802;7;2020-08-04;97
2020-08-03;"Nitriansky kraj";0;0;0;0;NA;284802;0;2020-08-03;90
2020-08-02;"Nitriansky kraj";0;0;0;0;NA;284802;0;2020-08-02;90
2020-08-01;"Nitriansky kraj";0;0;0;0;NA;284802;0;2020-08-01;90
2020-07-31;"Nitriansky kraj";0;0;0;0;NA;284802;0;2020-07-31;90
2020-07-30;"Nitriansky kraj";0;0;0;0;NA;284802;0;2020-07-30;90
2020-07-29;"Nitriansky kraj";0;0;0;0;NA;284802;0;2020-07-29;90
2020-07-28;"Nitriansky kraj";0;0;0;0;NA;284802;0;2020-07-28;90
2020-07-27;"Nitriansky kraj";0;0;0;0;NA;284802;0;2020-07-27;90
2020-07-26;"Nitriansky kraj";0;0;0;0;NA;284802;0;2020-07-26;90
2020-07-25;"Nitriansky kraj";0;0;0;0;NA;284802;0;2020-07-25;90
2020-07-24;"Nitriansky kraj";1;0;0;0;NA;284802;1;2020-07-24;90
2020-07-23;"Nitriansky kraj";3;0;0;0;NA;284802;3;2020-07-23;89
2020-07-22;"Nitriansky kraj";2;0;0;0;NA;284802;2;2020-07-22;86
2020-07-21;"Nitriansky kraj";14;0;0;0;NA;284802;14;2020-07-21;84
2020-07-20;"Nitriansky kraj";11;0;0;0;NA;284802;11;2020-07-20;70
2020-07-19;"Nitriansky kraj";0;0;0;0;NA;284802;0;2020-07-19;59
2020-07-18;"Nitriansky kraj";0;0;0;0;NA;284802;0;2020-07-18;59
2020-07-17;"Nitriansky kraj";0;0;0;0;NA;284802;0;2020-07-17;59
2020-07-16;"Nitriansky kraj";4;0;0;0;NA;284802;4;2020-07-16;59
2020-07-15;"Nitriansky kraj";5;0;0;0;NA;284802;5;2020-07-15;55
2020-07-14;"Nitriansky kraj";0;0;0;0;NA;284802;0;2020-07-14;50
2020-07-13;"Nitriansky kraj";0;0;0;0;NA;284802;0;2020-07-13;50
2020-07-12;"Nitriansky kraj";0;0;0;0;NA;284802;0;2020-07-12;50
2020-07-11;"Nitriansky kraj";0;0;0;0;NA;284802;0;2020-07-11;50
2020-07-10;"Nitriansky kraj";0;0;0;0;NA;284802;0;2020-07-10;50
2020-07-09;"Nitriansky kraj";1;0;0;0;NA;284802;1;2020-07-09;50
2020-07-08;"Nitriansky kraj";2;0;0;0;NA;284802;2;2020-07-08;49
2020-07-07;"Nitriansky kraj";0;0;0;0;NA;284802;0;2020-07-07;47
2020-07-06;"Nitriansky kraj";0;0;0;0;NA;284802;0;2020-07-06;47
2020-07-05;"Nitriansky kraj";0;0;0;0;NA;284802;0;2020-07-05;47
2020-07-04;"Nitriansky kraj";0;0;0;0;NA;284802;0;2020-07-04;47
2020-07-03;"Nitriansky kraj";0;0;0;0;NA;284802;0;2020-07-03;47
2020-07-02;"Nitriansky kraj";0;0;0;0;NA;284802;0;2020-07-02;47
2020-07-01;"Nitriansky kraj";3;0;0;0;NA;284802;3;2020-07-01;47
2020-06-30;"Nitriansky kraj";0;0;0;0;NA;284802;0;2020-06-30;44
2020-06-29;"Nitriansky kraj";0;0;0;0;NA;284802;0;2020-06-29;44
2020-06-28;"Nitriansky kraj";0;0;0;0;NA;284802;0;2020-06-28;44
2020-06-27;"Nitriansky kraj";0;0;0;0;NA;284802;0;2020-06-27;44
2020-06-26;"Nitriansky kraj";0;0;0;0;NA;284802;0;2020-06-26;44
2020-06-25;"Nitriansky kraj";0;0;0;0;NA;284802;0;2020-06-25;44
2020-06-24;"Nitriansky kraj";1;0;0;0;NA;284802;1;2020-06-24;44
2020-06-23;"Nitriansky kraj";0;0;0;0;NA;284802;0;2020-06-23;43
2020-06-22;"Nitriansky kraj";0;0;0;0;NA;284802;0;2020-06-22;43
2020-06-21;"Nitriansky kraj";0;0;0;0;NA;284802;0;2020-06-21;43
2020-06-20;"Nitriansky kraj";0;0;0;0;NA;284802;0;2020-06-20;43
2020-06-19;"Nitriansky kraj";0;0;0;0;NA;284802;0;2020-06-19;43
2020-06-18;"Nitriansky kraj";0;0;0;0;NA;284802;0;2020-06-18;43
2020-06-17;"Nitriansky kraj";0;0;0;0;NA;284802;0;2020-06-17;43
2020-06-16;"Nitriansky kraj";0;0;0;0;NA;284802;0;2020-06-16;43
2020-06-14;"Nitriansky kraj";0;0;0;0;NA;284802;0;2020-06-14;43
2020-06-13;"Nitriansky kraj";0;0;0;0;NA;284802;0;2020-06-13;43
2020-06-12;"Nitriansky kraj";0;0;0;0;NA;284802;0;2020-06-12;43
2020-06-11;"Nitriansky kraj";0;0;0;0;NA;284802;0;2020-06-11;43
2020-06-10;"Nitriansky kraj";1;0;0;0;NA;284802;1;2020-06-10;43
2020-06-09;"Nitriansky kraj";1;0;0;0;NA;284802;1;2020-06-09;42
2020-06-08;"Nitriansky kraj";0;0;0;0;NA;284802;0;2020-06-08;41
2020-06-07;"Nitriansky kraj";0;0;0;0;NA;284802;0;2020-06-07;41
2020-06-05;"Nitriansky kraj";0;0;0;0;NA;284802;0;2020-06-05;41
2020-06-03;"Nitriansky kraj";0;0;0;0;NA;284802;0;2020-06-03;41
2020-06-02;"Nitriansky kraj";1;0;0;0;NA;284802;1;2020-06-02;41
2020-05-31;"Nitriansky kraj";0;0;0;0;NA;284802;0;2020-05-31;40
2020-05-29;"Nitriansky kraj";0;0;0;0;NA;284802;0;2020-05-29;40
2020-05-27;"Nitriansky kraj";0;0;0;0;NA;284802;0;2020-05-27;40
2020-05-26;"Nitriansky kraj";0;0;0;0;NA;284802;0;2020-05-26;40
2020-05-25;"Nitriansky kraj";0;0;0;0;NA;284802;0;2020-05-25;40
2020-05-24;"Nitriansky kraj";2;0;0;0;NA;284802;2;2020-05-24;40
2020-05-23;"Nitriansky kraj";0;0;0;0;NA;284802;0;2020-05-23;38
2020-05-22;"Nitriansky kraj";1;0;0;0;NA;284802;1;2020-05-22;38
2020-05-21;"Nitriansky kraj";0;0;0;0;NA;284802;0;2020-05-21;37
2020-05-20;"Nitriansky kraj";0;0;0;0;NA;284802;0;2020-05-20;37
2020-05-19;"Nitriansky kraj";0;0;0;0;NA;284802;0;2020-05-19;37
2020-05-17;"Nitriansky kraj";0;0;0;0;NA;284802;0;2020-05-17;37
2020-05-16;"Nitriansky kraj";0;0;0;0;NA;284802;0;2020-05-16;37
2020-05-15;"Nitriansky kraj";1;0;0;0;NA;284802;1;2020-05-15;37
2020-05-14;"Nitriansky kraj";0;0;0;0;NA;284802;0;2020-05-14;36
2020-05-13;"Nitriansky kraj";0;0;0;0;NA;284802;0;2020-05-13;36
2020-05-12;"Nitriansky kraj";0;0;0;0;NA;284802;0;2020-05-12;36
2020-05-11;"Nitriansky kraj";2;0;0;0;NA;284802;2;2020-05-11;36
2020-05-09;"Nitriansky kraj";0;0;0;0;NA;284802;0;2020-05-09;34
2020-05-07;"Nitriansky kraj";1;0;0;0;NA;284802;1;2020-05-07;34
2020-05-06;"Nitriansky kraj";9;0;0;0;NA;284802;9;2020-05-06;33
2020-05-05;"Nitriansky kraj";0;0;0;0;NA;284802;0;2020-05-05;24
2020-05-04;"Nitriansky kraj";5;0;0;0;NA;284802;5;2020-05-04;24
2020-05-03;"Nitriansky kraj";2;0;0;0;NA;284802;2;2020-05-03;19
2020-05-02;"Nitriansky kraj";0;0;0;0;NA;284802;0;2020-05-02;17
2020-05-01;"Nitriansky kraj";1;0;0;0;NA;284802;1;2020-05-01;17
2020-04-30;"Nitriansky kraj";0;0;0;0;NA;284802;0;2020-04-30;16
2020-04-29;"Nitriansky kraj";0;0;0;0;NA;284802;0;2020-04-29;16
2020-04-28;"Nitriansky kraj";1;0;0;0;NA;284802;1;2020-04-28;16
2020-04-27;"Nitriansky kraj";0;0;0;0;NA;284802;0;2020-04-27;15
2020-04-26;"Nitriansky kraj";0;0;0;0;NA;284802;0;2020-04-26;15
2020-04-25;"Nitriansky kraj";0;0;0;0;NA;284802;0;2020-04-25;15
2020-04-24;"Nitriansky kraj";0;0;0;0;NA;284802;0;2020-04-24;15
2020-04-23;"Nitriansky kraj";3;0;0;0;NA;284802;3;2020-04-23;15
2020-04-22;"Nitriansky kraj";16;0;0;0;NA;284802;16;2020-04-22;12
2020-04-21;"Nitriansky kraj";6;0;0;0;NA;284802;6;2020-04-21;-4
2020-04-20;"Nitriansky kraj";5;0;0;0;NA;284802;5;2020-04-20;-10
2020-04-19;"Nitriansky kraj";0;0;0;0;NA;284802;0;2020-04-19;-15
2020-04-18;"Nitriansky kraj";0;0;0;0;NA;284802;0;2020-04-18;-15
2020-04-17;"Nitriansky kraj";7;0;0;0;NA;284802;7;2020-04-17;-15
2020-04-16;"Nitriansky kraj";0;0;0;0;NA;284802;0;2020-04-16;-22
2020-04-15;"Nitriansky kraj";6;0;0;0;NA;284802;6;2020-04-15;-22
2020-04-14;"Nitriansky kraj";2;0;0;0;NA;284802;2;2020-04-14;-28
2020-04-13;"Nitriansky kraj";1;0;0;0;NA;284802;1;2020-04-13;-30
2020-04-12;"Nitriansky kraj";3;0;0;0;NA;284802;3;2020-04-12;-31
2020-04-11;"Nitriansky kraj";1;0;0;0;NA;284802;1;2020-04-11;-34
2020-04-10;"Nitriansky kraj";1;0;0;0;NA;284802;1;2020-04-10;-35
2020-04-09;"Nitriansky kraj";0;0;0;0;NA;284802;0;2020-04-09;-36
2020-04-08;"Nitriansky kraj";2;0;0;0;NA;284802;2;2020-04-08;-36
2020-04-07;"Nitriansky kraj";3;0;0;0;NA;284802;3;2020-04-07;-38
2020-04-06;"Nitriansky kraj";4;0;0;0;NA;284802;4;2020-04-06;-41
2020-04-05;"Nitriansky kraj";5;0;0;0;NA;284802;5;2020-04-05;-45
2020-04-04;"Nitriansky kraj";0;0;0;0;NA;284802;0;2020-04-04;-50
2020-04-03;"Nitriansky kraj";0;0;0;0;NA;284802;0;2020-04-03;-50
2020-04-02;"Nitriansky kraj";1;0;0;0;NA;284802;1;2020-04-02;-50
2020-04-01;"Nitriansky kraj";0;0;0;0;NA;284802;0;2020-04-01;-51
2020-03-31;"Nitriansky kraj";3;0;0;0;NA;284802;3;2020-03-31;-51
2020-03-30;"Nitriansky kraj";3;0;0;0;NA;284802;3;2020-03-30;-54
2020-03-29;"Nitriansky kraj";3;0;0;0;NA;284802;3;2020-03-29;-57
2020-03-28;"Nitriansky kraj";1;0;0;0;NA;284802;1;2020-03-28;-60
2020-03-27;"Nitriansky kraj";1;0;0;0;NA;284802;1;2020-03-27;-61
2020-03-26;"Nitriansky kraj";1;0;0;0;NA;284802;1;2020-03-26;-62
2020-03-25;"Nitriansky kraj";1;0;0;0;NA;284802;1;2020-03-25;-63
2020-03-24;"Nitriansky kraj";0;0;0;0;NA;284802;0;2020-03-24;-64
2020-03-23;"Nitriansky kraj";2;0;0;0;NA;284802;2;2020-03-23;-64
2020-03-22;"Nitriansky kraj";2;0;0;0;NA;284802;2;2020-03-22;-66
2020-03-21;"Nitriansky kraj";2;0;0;0;NA;284802;2;2020-03-21;-68
2020-03-20;"Nitriansky kraj";1;0;0;0;NA;284802;1;2020-03-20;-70
2020-03-19;"Nitriansky kraj";1;0;0;0;NA;284802;1;2020-03-19;-71
2020-03-18;"Nitriansky kraj";2;0;0;0;NA;284802;2;2020-03-18;-72
2020-03-17;"Nitriansky kraj";1;0;0;0;NA;284802;1;2020-03-17;-74
2020-03-16;"Nitriansky kraj";0;0;0;0;NA;284802;0;2020-03-16;-75
2020-03-15;"Nitriansky kraj";4;0;0;0;NA;284802;4;2020-03-15;-75
2020-03-14;"Nitriansky kraj";1;0;0;0;NA;284802;1;2020-03-14;-79
2020-03-13;"Nitriansky kraj";0;0;0;0;NA;284802;0;2020-03-13;-80
2020-03-12;"Nitriansky kraj";0;0;0;0;NA;284802;0;2020-03-12;-80
2020-03-11;"Nitriansky kraj";0;0;0;0;NA;284802;0;2020-03-11;-80
2020-03-09;"Nitriansky kraj";0;0;0;0;NA;284802;0;2020-03-09;-80
2020-03-08;"Nitriansky kraj";0;0;0;0;NA;284802;0;2020-03-08;-80
2020-03-07;"Nitriansky kraj";0;0;0;0;NA;284802;0;2020-03-07;-80
2020-03-06;"Nitriansky kraj";0;0;0;0;NA;284802;0;2020-03-06;-80
2022-06-23;"Prešovský kraj";24;0;0;0;263328;366456;24;2022-06-23;366456
2022-06-22;"Prešovský kraj";22;101;10;111;NA;366456;32;2022-06-22;366432
2022-06-21;"Prešovský kraj";37;168;21;189;NA;366456;58;2022-06-21;366400
2022-06-20;"Prešovský kraj";33;268;32;300;NA;366456;65;2022-06-20;366342
2022-06-19;"Prešovský kraj";4;51;0;51;NA;366456;4;2022-06-19;366277
2022-06-18;"Prešovský kraj";8;20;1;21;NA;366456;9;2022-06-18;366273
2022-06-17;"Prešovský kraj";28;98;4;102;NA;366456;32;2022-06-17;366264
2022-06-16;"Prešovský kraj";15;225;6;231;NA;366456;21;2022-06-16;366232
2022-06-15;"Prešovský kraj";36;204;12;216;NA;366456;48;2022-06-15;366211
2022-06-14;"Prešovský kraj";28;204;11;215;NA;366456;39;2022-06-14;366163
2022-06-13;"Prešovský kraj";20;373;38;411;NA;366456;58;2022-06-13;366124
2022-06-12;"Prešovský kraj";1;97;2;99;NA;366456;3;2022-06-12;366066
2022-06-11;"Prešovský kraj";8;33;0;33;NA;366456;8;2022-06-11;366063
2022-06-10;"Prešovský kraj";36;174;6;180;NA;366456;42;2022-06-10;366055
2022-06-09;"Prešovský kraj";26;223;4;227;NA;366456;30;2022-06-09;366013
2022-06-08;"Prešovský kraj";28;218;4;222;NA;366456;32;2022-06-08;365983
2022-06-07;"Prešovský kraj";29;226;10;236;NA;366456;39;2022-06-07;365951
2022-06-06;"Prešovský kraj";28;436;26;462;NA;366456;54;2022-06-06;365912
2022-06-05;"Prešovský kraj";0;35;2;37;NA;366456;2;2022-06-05;365858
2022-06-04;"Prešovský kraj";13;39;3;42;NA;366456;16;2022-06-04;365856
2022-06-03;"Prešovský kraj";26;133;13;146;NA;366456;39;2022-06-03;365840
2022-06-02;"Prešovský kraj";22;223;11;234;NA;366456;33;2022-06-02;365801
2022-06-01;"Prešovský kraj";28;274;7;281;NA;366456;35;2022-06-01;365768
2022-05-31;"Prešovský kraj";15;241;3;244;NA;366456;18;2022-05-31;365733
2022-05-30;"Prešovský kraj";12;493;31;524;NA;366456;43;2022-05-30;365715
2022-05-29;"Prešovský kraj";1;48;3;51;NA;366456;4;2022-05-29;365672
2022-05-28;"Prešovský kraj";18;44;1;45;NA;366456;19;2022-05-28;365668
2022-05-27;"Prešovský kraj";25;131;12;143;NA;366456;37;2022-05-27;365649
2022-05-26;"Prešovský kraj";26;314;19;333;NA;366456;45;2022-05-26;365612
2022-05-25;"Prešovský kraj";22;236;11;247;NA;366456;33;2022-05-25;365567
2022-05-24;"Prešovský kraj";31;273;18;291;NA;366456;49;2022-05-24;365534
2022-05-23;"Prešovský kraj";27;623;38;661;NA;366456;65;2022-05-23;365485
2022-05-22;"Prešovský kraj";4;44;2;46;NA;366456;6;2022-05-22;365420
2022-05-21;"Prešovský kraj";19;92;0;92;NA;366456;19;2022-05-21;365414
2022-05-20;"Prešovský kraj";31;343;22;365;NA;366456;53;2022-05-20;365395
2022-05-19;"Prešovský kraj";21;272;7;279;NA;366456;28;2022-05-19;365342
2022-05-18;"Prešovský kraj";42;285;8;293;NA;366456;50;2022-05-18;365314
2022-05-17;"Prešovský kraj";31;288;13;301;NA;366456;44;2022-05-17;365264
2022-05-16;"Prešovský kraj";28;549;57;606;NA;366456;85;2022-05-16;365220
2022-05-15;"Prešovský kraj";4;95;8;103;NA;366456;12;2022-05-15;365135
2022-05-14;"Prešovský kraj";30;134;5;139;NA;366456;35;2022-05-14;365123
2022-05-13;"Prešovský kraj";33;314;13;327;NA;366456;46;2022-05-13;365088
2022-05-12;"Prešovský kraj";38;352;19;371;NA;366456;57;2022-05-12;365042
2022-05-11;"Prešovský kraj";51;348;16;364;NA;366456;67;2022-05-11;364985
2022-05-10;"Prešovský kraj";80;630;43;673;NA;366456;123;2022-05-10;364918
2022-05-09;"Prešovský kraj";28;566;45;611;NA;366456;73;2022-05-09;364795
2022-05-08;"Prešovský kraj";3;105;5;110;NA;366456;8;2022-05-08;364722
2022-05-07;"Prešovský kraj";27;122;8;130;NA;366456;35;2022-05-07;364714
2022-05-06;"Prešovský kraj";52;476;32;508;NA;366456;84;2022-05-06;364679
2022-05-05;"Prešovský kraj";58;409;17;426;NA;366456;75;2022-05-05;364595
2022-05-04;"Prešovský kraj";61;588;48;636;NA;366456;109;2022-05-04;364520
2022-05-03;"Prešovský kraj";96;846;28;874;NA;366456;124;2022-05-03;364411
2022-05-02;"Prešovský kraj";112;839;42;881;NA;366456;154;2022-05-02;364287
2022-05-01;"Prešovský kraj";13;164;12;176;NA;366456;25;2022-05-01;364133
2022-04-30;"Prešovský kraj";117;287;13;300;NA;366456;130;2022-04-30;364108
2022-04-29;"Prešovský kraj";150;841;31;872;NA;366456;181;2022-04-29;363978
2022-04-28;"Prešovský kraj";96;856;34;890;NA;366456;130;2022-04-28;363797
2022-04-27;"Prešovský kraj";177;1061;32;1093;NA;366456;209;2022-04-27;363667
2022-04-26;"Prešovský kraj";197;1106;38;1144;NA;366456;235;2022-04-26;363458
2022-04-25;"Prešovský kraj";229;1343;54;1397;NA;366456;283;2022-04-25;363223
2022-04-24;"Prešovský kraj";56;279;8;287;NA;366456;64;2022-04-24;362940
2022-04-23;"Prešovský kraj";121;277;11;288;NA;366456;132;2022-04-23;362876
2022-04-22;"Prešovský kraj";226;908;41;949;NA;366456;267;2022-04-22;362744
2022-04-21;"Prešovský kraj";193;1340;38;1378;NA;366456;231;2022-04-21;362477
2022-04-20;"Prešovský kraj";305;1236;40;1276;NA;366456;345;2022-04-20;362246
2022-04-19;"Prešovský kraj";332;1489;68;1557;NA;366456;400;2022-04-19;361901
2022-04-18;"Prešovský kraj";74;299;43;342;NA;366456;117;2022-04-18;361501
2022-04-17;"Prešovský kraj";117;172;10;182;NA;366456;127;2022-04-17;361384
2022-04-16;"Prešovský kraj";93;285;30;315;NA;366456;123;2022-04-16;361257
2022-04-15;"Prešovský kraj";125;207;1;208;NA;366456;126;2022-04-15;361134
2022-04-14;"Prešovský kraj";303;934;47;981;NA;366456;350;2022-04-14;361008
2022-04-13;"Prešovský kraj";352;1093;54;1147;NA;366456;406;2022-04-13;360658
2022-04-12;"Prešovský kraj";208;1222;58;1280;NA;366456;266;2022-04-12;360252
2022-04-11;"Prešovský kraj";437;1983;104;2087;NA;366456;541;2022-04-11;359986
2022-04-10;"Prešovský kraj";97;421;40;461;NA;366456;137;2022-04-10;359445
2022-04-09;"Prešovský kraj";234;346;42;388;NA;366456;276;2022-04-09;359308
2022-04-08;"Prešovský kraj";368;1290;86;1376;NA;366456;454;2022-04-08;359032
2022-04-07;"Prešovský kraj";442;1324;82;1406;NA;366456;524;2022-04-07;358578
2022-04-06;"Prešovský kraj";582;1297;96;1393;NA;366456;678;2022-04-06;358054
2022-04-05;"Prešovský kraj";596;1734;99;1833;NA;366456;695;2022-04-05;357376
2022-04-04;"Prešovský kraj";804;2064;169;2233;NA;366456;973;2022-04-04;356681
2022-04-03;"Prešovský kraj";159;579;76;655;NA;366456;235;2022-04-03;355708
2022-04-02;"Prešovský kraj";359;408;41;449;NA;366456;400;2022-04-02;355473
2022-04-01;"Prešovský kraj";621;1407;120;1527;NA;366456;741;2022-04-01;355073
2022-03-31;"Prešovský kraj";717;2187;132;2319;NA;366456;849;2022-03-31;354332
2022-03-30;"Prešovský kraj";973;2061;154;2215;NA;366456;1127;2022-03-30;353483
2022-03-29;"Prešovský kraj";645;2078;164;2242;NA;366456;809;2022-03-29;352356
2022-03-28;"Prešovský kraj";946;3199;256;3455;NA;366456;1202;2022-03-28;351547
2022-03-27;"Prešovský kraj";256;793;101;894;NA;366456;357;2022-03-27;350345
2022-03-26;"Prešovský kraj";719;663;80;743;NA;366456;799;2022-03-26;349988
2022-03-25;"Prešovský kraj";895;1956;227;2183;NA;366456;1122;2022-03-25;349189
2022-03-24;"Prešovský kraj";909;2153;200;2353;NA;366456;1109;2022-03-24;348067
2022-03-23;"Prešovský kraj";1291;2147;209;2356;NA;366456;1500;2022-03-23;346958
2022-03-22;"Prešovský kraj";1398;2251;192;2443;NA;366456;1590;2022-03-22;345458
2022-03-21;"Prešovský kraj";1234;3002;290;3292;NA;366456;1524;2022-03-21;343868
2022-03-20;"Prešovský kraj";262;813;130;943;NA;366456;392;2022-03-20;342344
2022-03-19;"Prešovský kraj";802;902;115;1017;NA;366456;917;2022-03-19;341952
2022-03-18;"Prešovský kraj";1217;2105;225;2330;NA;366456;1442;2022-03-18;341035
2022-03-17;"Prešovský kraj";1118;2446;182;2628;NA;366456;1300;2022-03-17;339593
2022-03-16;"Prešovský kraj";1585;2084;222;2306;NA;366456;1807;2022-03-16;338293
2022-03-15;"Prešovský kraj";1460;2329;217;2546;NA;366456;1677;2022-03-15;336486
2022-03-14;"Prešovský kraj";1438;3310;380;3690;NA;366456;1818;2022-03-14;334809
2022-03-13;"Prešovský kraj";432;1045;190;1235;NA;366456;622;2022-03-13;332991
2022-03-12;"Prešovský kraj";1150;857;117;974;NA;366456;1267;2022-03-12;332369
2022-03-11;"Prešovský kraj";1271;2553;287;2840;NA;366456;1558;2022-03-11;331102
2022-03-10;"Prešovský kraj";1114;2577;278;2855;NA;366456;1392;2022-03-10;329544
2022-03-09;"Prešovský kraj";1477;2815;345;3160;NA;366456;1822;2022-03-09;328152
2022-03-08;"Prešovský kraj";1716;2999;308;3307;NA;366456;2024;2022-03-08;326330
2022-03-07;"Prešovský kraj";1326;4197;509;4706;NA;366456;1835;2022-03-07;324306
2022-03-06;"Prešovský kraj";278;1650;232;1882;NA;366456;510;2022-03-06;322471
2022-03-05;"Prešovský kraj";785;1194;136;1330;NA;366456;921;2022-03-05;321961
2022-03-04;"Prešovský kraj";1263;2812;303;3115;NA;366456;1566;2022-03-04;321040
2022-03-03;"Prešovský kraj";1049;3016;373;3389;NA;366456;1422;2022-03-03;319474
2022-03-02;"Prešovský kraj";1526;2955;335;3290;NA;366456;1861;2022-03-02;318052
2022-03-01;"Prešovský kraj";1612;3302;338;3640;NA;366456;1950;2022-03-01;316191
2022-02-28;"Prešovský kraj";1234;4963;538;5501;NA;366456;1772;2022-02-28;314241
2022-02-27;"Prešovský kraj";523;1467;278;1745;NA;366456;801;2022-02-27;312469
2022-02-26;"Prešovský kraj";867;1317;167;1484;NA;366456;1034;2022-02-26;311668
2022-02-25;"Prešovský kraj";1740;2768;346;3114;NA;366456;2086;2022-02-25;310634
2022-02-24;"Prešovský kraj";1435;3301;399;3700;NA;366456;1834;2022-02-24;308548
2022-02-23;"Prešovský kraj";1837;3516;404;3920;NA;366456;2241;2022-02-23;306714
2022-02-22;"Prešovský kraj";2294;3893;407;4300;NA;366456;2701;2022-02-22;304473
2022-02-21;"Prešovský kraj";1609;5165;618;5783;NA;366456;2227;2022-02-21;301772
2022-02-20;"Prešovský kraj";759;1877;319;2196;NA;366456;1078;2022-02-20;299545
2022-02-19;"Prešovský kraj";1535;1556;247;1803;NA;366456;1782;2022-02-19;298467
2022-02-18;"Prešovský kraj";2332;3580;393;3973;NA;366456;2725;2022-02-18;296685
2022-02-17;"Prešovský kraj";2293;3740;457;4197;NA;366456;2750;2022-02-17;293960
2022-02-16;"Prešovský kraj";2494;4049;484;4533;NA;366456;2978;2022-02-16;291210
2022-02-15;"Prešovský kraj";2992;4583;551;5134;NA;366456;3543;2022-02-15;288232
2022-02-14;"Prešovský kraj";2122;6203;845;7048;NA;366456;2967;2022-02-14;284689
2022-02-13;"Prešovský kraj";1338;2452;434;2886;NA;366456;1772;2022-02-13;281722
2022-02-12;"Prešovský kraj";2333;1867;352;2219;NA;366456;2685;2022-02-12;279950
2022-02-11;"Prešovský kraj";2666;3931;520;4451;NA;366456;3186;2022-02-11;277265
2022-02-10;"Prešovský kraj";2977;4518;599;5117;NA;366456;3576;2022-02-10;274079
2022-02-09;"Prešovský kraj";2644;4502;634;5136;NA;366456;3278;2022-02-09;270503
2022-02-08;"Prešovský kraj";3387;4890;651;5541;NA;366456;4038;2022-02-08;267225
2022-02-07;"Prešovský kraj";2132;6920;941;7861;NA;366456;3073;2022-02-07;263187
2022-02-06;"Prešovský kraj";1360;2884;490;3374;NA;366456;1850;2022-02-06;260114
2022-02-05;"Prešovský kraj";2813;1993;334;2327;NA;366456;3147;2022-02-05;258264
2022-02-04;"Prešovský kraj";2944;4556;573;5129;NA;366456;3517;2022-02-04;255117
2022-02-03;"Prešovský kraj";3375;5205;487;5692;NA;366456;3862;2022-02-03;251600
2022-02-02;"Prešovský kraj";3150;5686;562;6248;NA;366456;3712;2022-02-02;247738
2022-02-01;"Prešovský kraj";2791;5694;631;6325;NA;366456;3422;2022-02-01;244026
2022-01-31;"Prešovský kraj";2444;9142;929;10071;NA;366456;3373;2022-01-31;240604
2022-01-30;"Prešovský kraj";1311;3437;495;3932;NA;366456;1806;2022-01-30;237231
2022-01-29;"Prešovský kraj";2291;1949;282;2231;NA;366456;2573;2022-01-29;235425
2022-01-28;"Prešovský kraj";2473;4784;486;5270;NA;366456;2959;2022-01-28;232852
2022-01-27;"Prešovský kraj";2353;4558;412;4970;NA;366456;2765;2022-01-27;229893
2022-01-26;"Prešovský kraj";2311;5628;405;6033;NA;366456;2716;2022-01-26;227128
2022-01-25;"Prešovský kraj";2127;5284;346;5630;NA;366456;2473;2022-01-25;224412
2022-01-24;"Prešovský kraj";1324;7619;410;8029;NA;366456;1734;2022-01-24;221939
2022-01-23;"Prešovský kraj";262;3584;218;3802;NA;366456;480;2022-01-23;220205
2022-01-22;"Prešovský kraj";1448;1764;157;1921;NA;366456;1605;2022-01-22;219725
2022-01-21;"Prešovský kraj";1128;4312;196;4508;NA;366456;1324;2022-01-21;218120
2022-01-20;"Prešovský kraj";1184;4012;156;4168;NA;366456;1340;2022-01-20;216796
2022-01-19;"Prešovský kraj";822;4781;173;4954;NA;366456;995;2022-01-19;215456
2022-01-18;"Prešovský kraj";1032;4918;163;5081;NA;366456;1195;2022-01-18;214461
2022-01-17;"Prešovský kraj";784;7143;150;7293;NA;366456;934;2022-01-17;213266
2022-01-16;"Prešovský kraj";113;3113;98;3211;NA;366456;211;2022-01-16;212332
2022-01-15;"Prešovský kraj";675;1546;64;1610;NA;366456;739;2022-01-15;212121
2022-01-14;"Prešovský kraj";202;3792;78;3870;NA;366456;280;2022-01-14;211382
2022-01-13;"Prešovský kraj";252;3550;89;3639;NA;366456;341;2022-01-13;211102
2022-01-12;"Prešovský kraj";431;4183;77;4260;NA;366456;508;2022-01-12;210761
2022-01-11;"Prešovský kraj";438;4812;80;4892;NA;366456;518;2022-01-11;210253
2022-01-10;"Prešovský kraj";469;7561;135;7696;NA;366456;604;2022-01-10;209735
2022-01-09;"Prešovský kraj";114;4129;78;4207;NA;366456;192;2022-01-09;209131
2022-01-08;"Prešovský kraj";291;2097;39;2136;NA;366456;330;2022-01-08;208939
2022-01-07;"Prešovský kraj";370;3882;106;3988;NA;366456;476;2022-01-07;208609
2022-01-06;"Prešovský kraj";104;1000;43;1043;NA;366456;147;2022-01-06;208133
2022-01-05;"Prešovský kraj";373;4752;100;4852;NA;366456;473;2022-01-05;207986
2022-01-04;"Prešovský kraj";428;4558;77;4635;NA;366456;505;2022-01-04;207513
2022-01-03;"Prešovský kraj";390;6868;105;6973;NA;366456;495;2022-01-03;207008
2022-01-02;"Prešovský kraj";158;3180;75;3255;NA;366456;233;2022-01-02;206513
2022-01-01;"Prešovský kraj";55;379;8;387;NA;366456;63;2022-01-01;206280
2021-12-31;"Prešovský kraj";220;2217;77;2294;NA;366456;297;2021-12-31;206217
2021-12-30;"Prešovský kraj";230;2985;81;3066;NA;366456;311;2021-12-30;205920
2021-12-29;"Prešovský kraj";298;3924;73;3997;NA;366456;371;2021-12-29;205609
2021-12-28;"Prešovský kraj";365;3625;60;3685;NA;366456;425;2021-12-28;205238
2021-12-27;"Prešovský kraj";593;5336;93;5429;NA;366456;686;2021-12-27;204813
2021-12-26;"Prešovský kraj";112;1584;62;1646;NA;366456;174;2021-12-26;204127
2021-12-25;"Prešovský kraj";12;600;29;629;NA;366456;41;2021-12-25;203953
2021-12-24;"Prešovský kraj";27;463;26;489;NA;366456;53;2021-12-24;203912
2021-12-23;"Prešovský kraj";623;3125;76;3201;NA;366456;699;2021-12-23;203859
2021-12-22;"Prešovský kraj";234;3600;86;3686;NA;366456;320;2021-12-22;203160
2021-12-21;"Prešovský kraj";520;4571;78;4649;NA;366456;598;2021-12-21;202840
2021-12-20;"Prešovský kraj";371;7190;107;7297;NA;366456;478;2021-12-20;202242
2021-12-19;"Prešovský kraj";110;3166;74;3240;NA;366456;184;2021-12-19;201764
2021-12-18;"Prešovský kraj";313;1562;61;1623;NA;366456;374;2021-12-18;201580
2021-12-17;"Prešovský kraj";429;4482;96;4578;NA;366456;525;2021-12-17;201206
2021-12-16;"Prešovský kraj";401;4557;95;4652;NA;366456;496;2021-12-16;200681
2021-12-15;"Prešovský kraj";473;4499;79;4578;NA;366456;552;2021-12-15;200185
2021-12-14;"Prešovský kraj";662;5468;125;5593;NA;366456;787;2021-12-14;199633
2021-12-13;"Prešovský kraj";588;8085;175;8260;NA;366456;763;2021-12-13;198846
2021-12-12;"Prešovský kraj";160;3852;106;3958;NA;366456;266;2021-12-12;198083
2021-12-11;"Prešovský kraj";483;2040;91;2131;NA;366456;574;2021-12-11;197817
2021-12-10;"Prešovský kraj";649;5018;140;5158;NA;366456;789;2021-12-10;197243
2021-12-09;"Prešovský kraj";669;4702;135;4837;NA;366456;804;2021-12-09;196454
2021-12-08;"Prešovský kraj";944;4794;167;4961;NA;366456;1111;2021-12-08;195650
2021-12-07;"Prešovský kraj";1217;5853;188;6041;NA;366456;1405;2021-12-07;194539
2021-12-06;"Prešovský kraj";784;8604;247;8851;NA;366456;1031;2021-12-06;193134
2021-12-05;"Prešovský kraj";145;4439;133;4572;NA;366456;278;2021-12-05;192103
2021-12-04;"Prešovský kraj";1025;2290;127;2417;NA;366456;1152;2021-12-04;191825
2021-12-03;"Prešovský kraj";1040;5268;231;5499;NA;366456;1271;2021-12-03;190673
2021-12-02;"Prešovský kraj";2255;5291;183;5474;NA;366456;2438;2021-12-02;189402
2021-12-01;"Prešovský kraj";826;5267;239;5506;NA;366456;1065;2021-12-01;186964
2021-11-30;"Prešovský kraj";1123;6651;265;6916;NA;366456;1388;2021-11-30;185899
2021-11-29;"Prešovský kraj";583;11478;473;11951;NA;366456;1056;2021-11-29;184511
2021-11-28;"Prešovský kraj";919;5898;234;6132;NA;366456;1153;2021-11-28;183455
2021-11-27;"Prešovský kraj";884;2977;219;3196;NA;366456;1103;2021-11-27;182302
2021-11-26;"Prešovský kraj";1311;5890;328;6218;NA;366456;1639;2021-11-26;181199
2021-11-25;"Prešovský kraj";1285;5051;307;5358;NA;366456;1592;2021-11-25;179560
2021-11-24;"Prešovský kraj";1209;6120;357;6477;NA;366456;1566;2021-11-24;177968
2021-11-23;"Prešovský kraj";1099;6631;314;6945;NA;366456;1413;2021-11-23;176402
2021-11-22;"Prešovský kraj";905;8209;529;8738;NA;366456;1434;2021-11-22;174989
2021-11-21;"Prešovský kraj";950;3766;316;4082;NA;366456;1266;2021-11-21;173555
2021-11-20;"Prešovský kraj";1372;2193;222;2415;NA;366456;1594;2021-11-20;172289
2021-11-19;"Prešovský kraj";1629;5864;452;6316;NA;366456;2081;2021-11-19;170695
2021-11-18;"Prešovský kraj";823;6696;518;7214;NA;366456;1341;2021-11-18;168614
2021-11-17;"Prešovský kraj";1648;1336;148;1484;NA;366456;1796;2021-11-17;167273
2021-11-16;"Prešovský kraj";1346;5511;398;5909;NA;366456;1744;2021-11-16;165477
2021-11-15;"Prešovský kraj";897;7804;577;8381;NA;366456;1474;2021-11-15;163733
2021-11-14;"Prešovský kraj";603;3168;311;3479;NA;366456;914;2021-11-14;162259
2021-11-13;"Prešovský kraj";1255;2068;262;2330;NA;366456;1517;2021-11-13;161345
2021-11-12;"Prešovský kraj";1358;5236;371;5607;NA;366456;1729;2021-11-12;159828
2021-11-11;"Prešovský kraj";1218;5087;438;5525;NA;366456;1656;2021-11-11;158099
2021-11-10;"Prešovský kraj";1278;4966;380;5346;NA;366456;1658;2021-11-10;156443
2021-11-09;"Prešovský kraj";1038;5431;407;5838;NA;366456;1445;2021-11-09;154785
2021-11-08;"Prešovský kraj";1068;6987;574;7561;NA;366456;1642;2021-11-08;153340
2021-11-07;"Prešovský kraj";421;2500;242;2742;NA;366456;663;2021-11-07;151698
2021-11-06;"Prešovský kraj";1389;1899;234;2133;NA;366456;1623;2021-11-06;151035
2021-11-05;"Prešovský kraj";1080;4974;367;5341;NA;366456;1447;2021-11-05;149412
2021-11-04;"Prešovský kraj";1743;5162;322;5484;NA;366456;2065;2021-11-04;147965
2021-11-03;"Prešovský kraj";1326;5337;387;5724;NA;366456;1713;2021-11-03;145900
2021-11-02;"Prešovský kraj";1002;7553;556;8109;NA;366456;1558;2021-11-02;144187
2021-11-01;"Prešovský kraj";347;1402;131;1533;NA;366456;478;2021-11-01;142629
2021-10-31;"Prešovský kraj";447;2045;210;2255;NA;366456;657;2021-10-31;142151
2021-10-30;"Prešovský kraj";1148;1928;183;2111;NA;366456;1331;2021-10-30;141494
2021-10-29;"Prešovský kraj";1360;4460;253;4713;NA;366456;1613;2021-10-29;140163
2021-10-28;"Prešovský kraj";960;4500;300;4800;NA;366456;1260;2021-10-28;138550
2021-10-27;"Prešovský kraj";1444;4325;221;4546;NA;366456;1665;2021-10-27;137290
2021-10-26;"Prešovský kraj";940;5125;217;5342;NA;366456;1157;2021-10-26;135625
2021-10-25;"Prešovský kraj";673;6077;348;6425;NA;366456;1021;2021-10-25;134468
2021-10-24;"Prešovský kraj";110;2180;149;2329;NA;366456;259;2021-10-24;133447
2021-10-23;"Prešovský kraj";1145;1928;141;2069;NA;366456;1286;2021-10-23;133188
2021-10-22;"Prešovský kraj";792;4876;177;5053;NA;366456;969;2021-10-22;131902
2021-10-21;"Prešovský kraj";901;4738;191;4929;NA;366456;1092;2021-10-21;130933
2021-10-20;"Prešovský kraj";833;4199;195;4394;NA;366456;1028;2021-10-20;129841
2021-10-19;"Prešovský kraj";830;4728;175;4903;NA;366456;1005;2021-10-19;128813
2021-10-18;"Prešovský kraj";454;5752;240;5992;NA;366456;694;2021-10-18;127808
2021-10-17;"Prešovský kraj";181;2430;131;2561;NA;366456;312;2021-10-17;127114
2021-10-16;"Prešovský kraj";561;1924;94;2018;NA;366456;655;2021-10-16;126802
2021-10-15;"Prešovský kraj";533;4735;107;4842;NA;366456;640;2021-10-15;126147
2021-10-14;"Prešovský kraj";506;3948;85;4033;NA;366456;591;2021-10-14;125507
2021-10-13;"Prešovský kraj";549;3794;98;3892;NA;366456;647;2021-10-13;124916
2021-10-12;"Prešovský kraj";520;3966;101;4067;NA;366456;621;2021-10-12;124269
2021-10-11;"Prešovský kraj";433;5421;131;5552;NA;366456;564;2021-10-11;123648
2021-10-10;"Prešovský kraj";78;2099;64;2163;NA;366456;142;2021-10-10;123084
2021-10-09;"Prešovský kraj";311;2077;47;2124;NA;366456;358;2021-10-09;122942
2021-10-08;"Prešovský kraj";636;4934;94;5028;NA;366456;730;2021-10-08;122584
2021-10-07;"Prešovský kraj";487;3919;101;4020;NA;366456;588;2021-10-07;121854
2021-10-06;"Prešovský kraj";296;3851;104;3955;NA;366456;400;2021-10-06;121266
2021-10-05;"Prešovský kraj";430;4151;90;4241;NA;366456;520;2021-10-05;120866
2021-10-04;"Prešovský kraj";353;5569;125;5694;NA;366456;478;2021-10-04;120346
2021-10-03;"Prešovský kraj";19;2324;47;2371;NA;366456;66;2021-10-03;119868
2021-10-02;"Prešovský kraj";269;2238;58;2296;NA;366456;327;2021-10-02;119802
2021-10-01;"Prešovský kraj";325;4997;63;5060;NA;366456;388;2021-10-01;119475
2021-09-30;"Prešovský kraj";265;4044;83;4127;NA;366456;348;2021-09-30;119087
2021-09-29;"Prešovský kraj";381;3825;55;3880;NA;366456;436;2021-09-29;118739
2021-09-28;"Prešovský kraj";312;4714;69;4783;NA;366456;381;2021-09-28;118303
2021-09-27;"Prešovský kraj";257;5062;104;5166;NA;366456;361;2021-09-27;117922
2021-09-26;"Prešovský kraj";8;2422;67;2489;NA;366456;75;2021-09-26;117561
2021-09-25;"Prešovský kraj";134;2540;46;2586;NA;366456;180;2021-09-25;117486
2021-09-24;"Prešovský kraj";297;4822;61;4883;NA;366456;358;2021-09-24;117306
2021-09-23;"Prešovský kraj";109;4105;45;4150;NA;366456;154;2021-09-23;116948
2021-09-22;"Prešovský kraj";177;3836;41;3877;NA;366456;218;2021-09-22;116794
2021-09-21;"Prešovský kraj";219;5059;66;5125;NA;366456;285;2021-09-21;116576
2021-09-20;"Prešovský kraj";180;5183;68;5251;NA;366456;248;2021-09-20;116291
2021-09-19;"Prešovský kraj";7;2726;30;2756;NA;366456;37;2021-09-19;116043
2021-09-18;"Prešovský kraj";169;2406;37;2443;NA;366456;206;2021-09-18;116006
2021-09-17;"Prešovský kraj";157;4402;52;4454;NA;366456;209;2021-09-17;115800
2021-09-16;"Prešovský kraj";146;4371;71;4442;NA;366456;217;2021-09-16;115591
2021-09-15;"Prešovský kraj";68;701;19;720;NA;366456;87;2021-09-15;115374
2021-09-14;"Prešovský kraj";133;3369;38;3407;NA;366456;171;2021-09-14;115287
2021-09-13;"Prešovský kraj";105;4225;37;4262;NA;366456;142;2021-09-13;115116
2021-09-12;"Prešovský kraj";4;1776;29;1805;NA;366456;33;2021-09-12;114974
2021-09-11;"Prešovský kraj";65;2012;24;2036;NA;366456;89;2021-09-11;114941
2021-09-10;"Prešovský kraj";105;3241;30;3271;NA;366456;135;2021-09-10;114852
2021-09-09;"Prešovský kraj";29;3090;27;3117;NA;366456;56;2021-09-09;114717
2021-09-08;"Prešovský kraj";73;2444;20;2464;NA;366456;93;2021-09-08;114661
2021-09-07;"Prešovský kraj";82;2449;24;2473;NA;366456;106;2021-09-07;114568
2021-09-06;"Prešovský kraj";61;3282;20;3302;NA;366456;81;2021-09-06;114462
2021-09-05;"Prešovský kraj";5;1338;11;1349;NA;366456;16;2021-09-05;114381
2021-09-04;"Prešovský kraj";27;1864;14;1878;NA;366456;41;2021-09-04;114365
2021-09-03;"Prešovský kraj";39;2976;15;2991;NA;366456;54;2021-09-03;114324
2021-09-02;"Prešovský kraj";39;2558;20;2578;NA;366456;59;2021-09-02;114270
2021-09-01;"Prešovský kraj";14;575;6;581;NA;366456;20;2021-09-01;114211
2021-08-31;"Prešovský kraj";47;2438;13;2451;NA;366456;60;2021-08-31;114191
2021-08-30;"Prešovský kraj";23;2827;19;2846;NA;366456;42;2021-08-30;114131
2021-08-29;"Prešovský kraj";3;781;1;782;NA;366456;4;2021-08-29;114089
2021-08-28;"Prešovský kraj";5;2101;8;2109;NA;366456;13;2021-08-28;114085
2021-08-27;"Prešovský kraj";32;3084;8;3092;NA;366456;40;2021-08-27;114072
2021-08-26;"Prešovský kraj";13;2094;8;2102;NA;366456;21;2021-08-26;114032
2021-08-25;"Prešovský kraj";18;1947;4;1951;NA;366456;22;2021-08-25;114011
2021-08-24;"Prešovský kraj";10;2138;5;2143;NA;366456;15;2021-08-24;113989
2021-08-23;"Prešovský kraj";16;2576;6;2582;NA;366456;22;2021-08-23;113974
2021-08-22;"Prešovský kraj";0;1440;6;1446;NA;366456;6;2021-08-22;113952
2021-08-21;"Prešovský kraj";28;2018;4;2022;NA;366456;32;2021-08-21;113946
2021-08-20;"Prešovský kraj";15;2906;7;2913;NA;366456;22;2021-08-20;113914
2021-08-19;"Prešovský kraj";22;2242;8;2250;NA;366456;30;2021-08-19;113892
2021-08-18;"Prešovský kraj";6;1752;11;1763;NA;366456;17;2021-08-18;113862
2021-08-17;"Prešovský kraj";29;1829;6;1835;NA;366456;35;2021-08-17;113845
2021-08-16;"Prešovský kraj";11;2524;7;2531;NA;366456;18;2021-08-16;113810
2021-08-15;"Prešovský kraj";0;896;2;898;NA;366456;2;2021-08-15;113792
2021-08-14;"Prešovský kraj";14;1662;1;1663;NA;366456;15;2021-08-14;113790
2021-08-13;"Prešovský kraj";24;1646;12;1658;NA;366456;36;2021-08-13;113775
2021-08-12;"Prešovský kraj";9;1752;3;1755;NA;366456;12;2021-08-12;113739
2021-08-11;"Prešovský kraj";15;1193;3;1196;NA;366456;18;2021-08-11;113727
2021-08-10;"Prešovský kraj";10;1102;4;1106;NA;366456;14;2021-08-10;113709
2021-08-09;"Prešovský kraj";13;2156;4;2160;NA;366456;17;2021-08-09;113695
2021-08-08;"Prešovský kraj";2;675;2;677;NA;366456;4;2021-08-08;113678
2021-08-07;"Prešovský kraj";5;1114;3;1117;NA;366456;8;2021-08-07;113674
2021-08-06;"Prešovský kraj";9;1459;4;1463;NA;366456;13;2021-08-06;113666
2021-08-05;"Prešovský kraj";9;1370;2;1372;NA;366456;11;2021-08-05;113653
2021-08-04;"Prešovský kraj";6;1007;1;1008;NA;366456;7;2021-08-04;113642
2021-08-03;"Prešovský kraj";8;976;1;977;NA;366456;9;2021-08-03;113635
2021-08-02;"Prešovský kraj";5;1477;6;1483;NA;366456;11;2021-08-02;113626
2021-08-01;"Prešovský kraj";0;738;2;740;NA;366456;2;2021-08-01;113615
2021-07-31;"Prešovský kraj";20;1080;0;1080;NA;366456;20;2021-07-31;113613
2021-07-30;"Prešovský kraj";2;1518;1;1519;NA;366456;3;2021-07-30;113593
2021-07-29;"Prešovský kraj";6;1302;1;1303;NA;366456;7;2021-07-29;113590
2021-07-28;"Prešovský kraj";6;1106;1;1107;NA;366456;7;2021-07-28;113583
2021-07-27;"Prešovský kraj";5;1140;2;1142;NA;366456;7;2021-07-27;113576
2021-07-26;"Prešovský kraj";12;1583;1;1584;NA;366456;13;2021-07-26;113569
2021-07-25;"Prešovský kraj";0;687;1;688;NA;366456;1;2021-07-25;113556
2021-07-24;"Prešovský kraj";8;1040;0;1040;NA;366456;8;2021-07-24;113555
2021-07-23;"Prešovský kraj";8;1608;1;1609;NA;366456;9;2021-07-23;113547
2021-07-22;"Prešovský kraj";13;1431;10;1441;NA;366456;23;2021-07-22;113538
2021-07-21;"Prešovský kraj";5;1076;1;1077;NA;366456;6;2021-07-21;113515
2021-07-20;"Prešovský kraj";4;1064;0;1064;NA;366456;4;2021-07-20;113509
2021-07-19;"Prešovský kraj";2;1644;4;1648;NA;366456;6;2021-07-19;113505
2021-07-18;"Prešovský kraj";1;647;0;647;NA;366456;1;2021-07-18;113499
2021-07-17;"Prešovský kraj";6;1245;1;1246;NA;366456;7;2021-07-17;113498
2021-07-16;"Prešovský kraj";4;1558;2;1560;NA;366456;6;2021-07-16;113491
2021-07-15;"Prešovský kraj";5;1310;4;1314;NA;366456;9;2021-07-15;113485
2021-07-14;"Prešovský kraj";1;1051;2;1053;NA;366456;3;2021-07-14;113476
2021-07-13;"Prešovský kraj";1;1071;2;1073;NA;366456;3;2021-07-13;113473
2021-07-12;"Prešovský kraj";1;1949;2;1951;NA;366456;3;2021-07-12;113470
2021-07-11;"Prešovský kraj";0;660;1;661;NA;366456;1;2021-07-11;113467
2021-07-10;"Prešovský kraj";4;1229;2;1231;NA;366456;6;2021-07-10;113466
2021-07-09;"Prešovský kraj";6;1957;1;1958;NA;366456;7;2021-07-09;113460
2021-07-08;"Prešovský kraj";5;1192;0;1192;NA;366456;5;2021-07-08;113453
2021-07-07;"Prešovský kraj";7;1468;3;1471;NA;366456;10;2021-07-07;113448
2021-07-06;"Prešovský kraj";5;1423;2;1425;NA;366456;7;2021-07-06;113438
2021-07-05;"Prešovský kraj";2;645;0;645;NA;366456;2;2021-07-05;113431
2021-07-04;"Prešovský kraj";0;788;0;788;NA;366456;0;2021-07-04;113429
2021-07-03;"Prešovský kraj";2;1391;0;1391;NA;366456;2;2021-07-03;113429
2021-07-02;"Prešovský kraj";4;1796;0;1796;NA;366456;4;2021-07-02;113427
2021-07-01;"Prešovský kraj";2;1590;1;1591;NA;366456;3;2021-07-01;113423
2021-06-30;"Prešovský kraj";3;8829;4;8833;NA;366456;7;2021-06-30;113420
2021-06-29;"Prešovský kraj";1;4935;3;4938;NA;366456;4;2021-06-29;113413
2021-06-28;"Prešovský kraj";5;6109;2;6111;NA;366456;7;2021-06-28;113409
2021-06-27;"Prešovský kraj";0;3852;1;3853;NA;366456;1;2021-06-27;113402
2021-06-26;"Prešovský kraj";4;5815;1;5816;NA;366456;5;2021-06-26;113401
2021-06-25;"Prešovský kraj";7;7321;4;7325;NA;366456;11;2021-06-25;113396
2021-06-24;"Prešovský kraj";10;5406;5;5411;NA;366456;15;2021-06-24;113385
2021-06-23;"Prešovský kraj";4;5124;2;5126;NA;366456;6;2021-06-23;113370
2021-06-22;"Prešovský kraj";5;5143;1;5144;NA;366456;6;2021-06-22;113364
2021-06-21;"Prešovský kraj";13;7033;6;7039;NA;366456;19;2021-06-21;113358
2021-06-20;"Prešovský kraj";0;5204;3;5207;NA;366456;3;2021-06-20;113339
2021-06-19;"Prešovský kraj";1;7349;5;7354;NA;366456;6;2021-06-19;113336
2021-06-18;"Prešovský kraj";9;8682;10;8692;NA;366456;19;2021-06-18;113330
2021-06-17;"Prešovský kraj";9;6548;5;6553;NA;366456;14;2021-06-17;113311
2021-06-16;"Prešovský kraj";6;6422;3;6425;NA;366456;9;2021-06-16;113297
2021-06-15;"Prešovský kraj";2;5709;4;5713;NA;366456;6;2021-06-15;113288
2021-06-14;"Prešovský kraj";5;8229;13;8242;NA;366456;18;2021-06-14;113282
2021-06-13;"Prešovský kraj";1;6455;7;6462;NA;366456;8;2021-06-13;113264
2021-06-12;"Prešovský kraj";3;8904;9;8913;NA;366456;12;2021-06-12;113256
2021-06-11;"Prešovský kraj";21;9877;9;9886;NA;366456;30;2021-06-11;113244
2021-06-10;"Prešovský kraj";11;6512;10;6522;NA;366456;21;2021-06-10;113214
2021-06-09;"Prešovský kraj";16;6375;3;6378;NA;366456;19;2021-06-09;113193
2021-06-08;"Prešovský kraj";31;6495;12;6507;NA;366456;43;2021-06-08;113174
2021-06-07;"Prešovský kraj";11;9111;15;9126;NA;366456;26;2021-06-07;113131
2021-06-06;"Prešovský kraj";0;8016;5;8021;NA;366456;5;2021-06-06;113105
2021-06-05;"Prešovský kraj";17;10248;15;10263;NA;366456;32;2021-06-05;113100
2021-06-04;"Prešovský kraj";26;10375;18;10393;NA;366456;44;2021-06-04;113068
2021-06-03;"Prešovský kraj";14;6820;16;6836;NA;366456;30;2021-06-03;113024
2021-06-02;"Prešovský kraj";47;7372;14;7386;NA;366456;61;2021-06-02;112994
2021-06-01;"Prešovský kraj";15;6926;14;6940;NA;366456;29;2021-06-01;112933
2021-05-31;"Prešovský kraj";27;9951;22;9973;NA;366456;49;2021-05-31;112904
2021-05-30;"Prešovský kraj";2;9717;14;9731;NA;366456;16;2021-05-30;112855
2021-05-29;"Prešovský kraj";23;12733;24;12757;NA;366456;47;2021-05-29;112839
2021-05-28;"Prešovský kraj";30;12468;19;12487;NA;366456;49;2021-05-28;112792
2021-05-27;"Prešovský kraj";16;7653;37;7690;NA;366456;53;2021-05-27;112743
2021-05-26;"Prešovský kraj";32;8140;23;8163;NA;366456;55;2021-05-26;112690
2021-05-25;"Prešovský kraj";38;8690;20;8710;NA;366456;58;2021-05-25;112635
2021-05-24;"Prešovský kraj";17;13298;37;13335;NA;366456;54;2021-05-24;112577
2021-05-23;"Prešovský kraj";3;11947;20;11967;NA;366456;23;2021-05-23;112523
2021-05-22;"Prešovský kraj";11;14422;44;14466;NA;366456;55;2021-05-22;112500
2021-05-21;"Prešovský kraj";44;13803;24;13827;NA;366456;68;2021-05-21;112445
2021-05-20;"Prešovský kraj";13;9437;29;9466;NA;366456;42;2021-05-20;112377
2021-05-19;"Prešovský kraj";60;10756;36;10792;NA;366456;96;2021-05-19;112335
2021-05-18;"Prešovský kraj";44;9062;27;9089;NA;366456;71;2021-05-18;112239
2021-05-17;"Prešovský kraj";60;12856;47;12903;NA;366456;107;2021-05-17;112168
2021-05-16;"Prešovský kraj";20;16302;66;16368;NA;366456;86;2021-05-16;112061
2021-05-15;"Prešovský kraj";20;24604;81;24685;NA;366456;101;2021-05-15;111975
2021-05-14;"Prešovský kraj";49;18671;68;18739;NA;366456;117;2021-05-14;111874
2021-05-13;"Prešovský kraj";54;11166;71;11237;NA;366456;125;2021-05-13;111757
2021-05-12;"Prešovský kraj";59;10822;39;10861;NA;366456;98;2021-05-12;111632
2021-05-11;"Prešovský kraj";61;10728;48;10776;NA;366456;109;2021-05-11;111534
2021-05-10;"Prešovský kraj";79;15726;67;15793;NA;366456;146;2021-05-10;111425
2021-05-09;"Prešovský kraj";54;21658;82;21740;NA;366456;136;2021-05-09;111279
2021-05-08;"Prešovský kraj";39;23050;52;23102;NA;366456;91;2021-05-08;111143
2021-05-07;"Prešovský kraj";81;23543;66;23609;NA;366456;147;2021-05-07;111052
2021-05-06;"Prešovský kraj";107;12924;66;12990;NA;366456;173;2021-05-06;110905
2021-05-05;"Prešovský kraj";60;12808;84;12892;NA;366456;144;2021-05-05;110732
2021-05-04;"Prešovský kraj";203;13470;67;13537;NA;366456;270;2021-05-04;110588
2021-05-03;"Prešovský kraj";68;18458;109;18567;NA;366456;177;2021-05-03;110318
2021-05-02;"Prešovský kraj";29;36676;102;36778;NA;366456;131;2021-05-02;110141
2021-05-01;"Prešovský kraj";70;57153;183;57336;NA;366456;253;2021-05-01;110010
2021-04-30;"Prešovský kraj";135;39333;118;39451;NA;366456;253;2021-04-30;109757
2021-04-29;"Prešovský kraj";110;16635;97;16732;NA;366456;207;2021-04-29;109504
2021-04-28;"Prešovský kraj";122;18671;89;18760;NA;366456;211;2021-04-28;109297
2021-04-27;"Prešovský kraj";154;19994;120;20114;NA;366456;274;2021-04-27;109086
2021-04-26;"Prešovský kraj";99;27241;123;27364;NA;366456;222;2021-04-26;108812
2021-04-25;"Prešovský kraj";9;52776;156;52932;NA;366456;165;2021-04-25;108590
2021-04-24;"Prešovský kraj";61;85698;243;85941;NA;366456;304;2021-04-24;108425
2021-04-23;"Prešovský kraj";171;40365;137;40502;NA;366456;308;2021-04-23;108121
2021-04-22;"Prešovský kraj";86;18104;125;18229;NA;366456;211;2021-04-22;107813
2021-04-21;"Prešovský kraj";144;21550;139;21689;NA;366456;283;2021-04-21;107602
2021-04-20;"Prešovský kraj";115;23346;128;23474;NA;366456;243;2021-04-20;107319
2021-04-19;"Prešovský kraj";106;29133;145;29278;NA;366456;251;2021-04-19;107076
2021-04-18;"Prešovský kraj";4;51824;129;51953;NA;366456;133;2021-04-18;106825
2021-04-17;"Prešovský kraj";119;97970;238;98208;NA;366456;357;2021-04-17;106692
2021-04-16;"Prešovský kraj";135;40989;146;41135;NA;366456;281;2021-04-16;106335
2021-04-15;"Prešovský kraj";112;20179;137;20316;NA;366456;249;2021-04-15;106054
2021-04-14;"Prešovský kraj";199;23332;130;23462;NA;366456;329;2021-04-14;105805
2021-04-13;"Prešovský kraj";180;23907;116;24023;NA;366456;296;2021-04-13;105476
2021-04-12;"Prešovský kraj";172;30152;175;30327;NA;366456;347;2021-04-12;105180
2021-04-11;"Prešovský kraj";11;49955;187;50142;NA;366456;198;2021-04-11;104833
2021-04-10;"Prešovský kraj";94;90181;297;90478;NA;366456;391;2021-04-10;104635
2021-04-09;"Prešovský kraj";255;37163;200;37363;NA;366456;455;2021-04-09;104244
2021-04-08;"Prešovský kraj";192;18893;157;19050;NA;366456;349;2021-04-08;103789
2021-04-07;"Prešovský kraj";314;27797;154;27951;NA;366456;468;2021-04-07;103440
2021-04-06;"Prešovský kraj";231;41711;268;41979;NA;366456;499;2021-04-06;102972
2021-04-05;"Prešovský kraj";54;18454;132;18586;NA;366456;186;2021-04-05;102473
2021-04-04;"Prešovský kraj";31;18569;91;18660;NA;366456;122;2021-04-04;102287
2021-04-03;"Prešovský kraj";104;90664;321;90985;NA;366456;425;2021-04-03;102165
2021-04-02;"Prešovský kraj";194;23381;134;23515;NA;366456;328;2021-04-02;101740
2021-04-01;"Prešovský kraj";256;42879;195;43074;NA;366456;451;2021-04-01;101412
2021-03-31;"Prešovský kraj";311;30176;227;30403;NA;366456;538;2021-03-31;100961
2021-03-30;"Prešovský kraj";374;20751;203;20954;NA;366456;577;2021-03-30;100423
2021-03-29;"Prešovský kraj";219;28188;229;28417;NA;366456;448;2021-03-29;99846
2021-03-28;"Prešovský kraj";26;46811;256;47067;NA;366456;282;2021-03-28;99398
2021-03-27;"Prešovský kraj";181;88673;372;89045;NA;366456;553;2021-03-27;99116
2021-03-26;"Prešovský kraj";310;47751;299;48050;NA;366456;609;2021-03-26;98563
2021-03-25;"Prešovský kraj";248;22281;213;22494;NA;366456;461;2021-03-25;97954
2021-03-24;"Prešovský kraj";381;19590;213;19803;NA;366456;594;2021-03-24;97493
2021-03-23;"Prešovský kraj";241;20351;255;20606;NA;366456;496;2021-03-23;96899
2021-03-22;"Prešovský kraj";299;28634;287;28921;NA;366456;586;2021-03-22;96403
2021-03-21;"Prešovský kraj";32;49439;266;49705;NA;366456;298;2021-03-21;95817
2021-03-20;"Prešovský kraj";180;92529;426;92955;NA;366456;606;2021-03-20;95519
2021-03-19;"Prešovský kraj";373;46582;326;46908;NA;366456;699;2021-03-19;94913
2021-03-18;"Prešovský kraj";251;21721;217;21938;NA;366456;468;2021-03-18;94214
2021-03-17;"Prešovský kraj";331;20887;231;21118;NA;366456;562;2021-03-17;93746
2021-03-16;"Prešovský kraj";461;21094;278;21372;NA;366456;739;2021-03-16;93184
2021-03-15;"Prešovský kraj";370;28813;324;29137;NA;366456;694;2021-03-15;92445
2021-03-14;"Prešovský kraj";52;50410;356;50766;NA;366456;408;2021-03-14;91751
2021-03-13;"Prešovský kraj";200;94768;531;95299;NA;366456;731;2021-03-13;91343
2021-03-12;"Prešovský kraj";425;47691;368;48059;NA;366456;793;2021-03-12;90612
2021-03-11;"Prešovský kraj";463;22059;253;22312;NA;366456;716;2021-03-11;89819
2021-03-10;"Prešovský kraj";325;20821;293;21114;NA;366456;618;2021-03-10;89103
2021-03-09;"Prešovský kraj";505;21496;288;21784;NA;366456;793;2021-03-09;88485
2021-03-08;"Prešovský kraj";314;28903;333;29236;NA;366456;647;2021-03-08;87692
2021-03-07;"Prešovský kraj";19;48328;388;48716;NA;366456;407;2021-03-07;87045
2021-03-06;"Prešovský kraj";193;97527;591;98118;NA;366456;784;2021-03-06;86638
2021-03-05;"Prešovský kraj";497;46054;397;46451;NA;366456;894;2021-03-05;85854
2021-03-04;"Prešovský kraj";372;22670;359;23029;NA;366456;731;2021-03-04;84960
2021-03-03;"Prešovský kraj";397;21623;333;21956;NA;366456;730;2021-03-03;84229
2021-03-02;"Prešovský kraj";421;22682;357;23039;NA;366456;778;2021-03-02;83499
2021-03-01;"Prešovský kraj";303;27716;406;28122;NA;366456;709;2021-03-01;82721
2021-02-28;"Prešovský kraj";75;45000;387;45387;NA;366456;462;2021-02-28;82012
2021-02-27;"Prešovský kraj";273;90231;734;90965;NA;366456;1007;2021-02-27;81550
2021-02-26;"Prešovský kraj";455;41340;438;41778;NA;366456;893;2021-02-26;80543
2021-02-25;"Prešovský kraj";270;19496;337;19833;NA;366456;607;2021-02-25;79650
2021-02-24;"Prešovský kraj";328;19026;377;19403;NA;366456;705;2021-02-24;79043
2021-02-23;"Prešovský kraj";430;21277;345;21622;NA;366456;775;2021-02-23;78338
2021-02-22;"Prešovský kraj";351;27180;356;27536;NA;366456;707;2021-02-22;77563
2021-02-21;"Prešovský kraj";66;31453;301;31754;NA;366456;367;2021-02-21;76856
2021-02-20;"Prešovský kraj";129;71413;517;71930;NA;366456;646;2021-02-20;76489
2021-02-19;"Prešovský kraj";381;38995;430;39425;NA;366456;811;2021-02-19;75843
2021-02-18;"Prešovský kraj";268;16960;322;17282;NA;366456;590;2021-02-18;75032
2021-02-17;"Prešovský kraj";293;17392;246;17638;NA;366456;539;2021-02-17;74442
2021-02-16;"Prešovský kraj";422;18862;265;19127;NA;366456;687;2021-02-16;73903
2021-02-15;"Prešovský kraj";211;31366;303;31669;NA;366456;514;2021-02-15;73216
2021-02-14;"Prešovský kraj";27;39387;321;39708;NA;366456;348;2021-02-14;72702
2021-02-13;"Prešovský kraj";157;74747;402;75149;NA;366456;559;2021-02-13;72354
2021-02-12;"Prešovský kraj";308;38758;365;39123;NA;366456;673;2021-02-12;71795
2021-02-11;"Prešovský kraj";218;16218;239;16457;NA;366456;457;2021-02-11;71122
2021-02-10;"Prešovský kraj";220;18542;282;18824;NA;366456;502;2021-02-10;70665
2021-02-09;"Prešovský kraj";323;21497;370;21867;NA;366456;693;2021-02-09;70163
2021-02-08;"Prešovský kraj";161;36924;261;37185;NA;366456;422;2021-02-08;69470
2021-02-07;"Prešovský kraj";21;34227;209;34436;NA;366456;230;2021-02-07;69048
2021-02-06;"Prešovský kraj";176;69164;360;69524;NA;366456;536;2021-02-06;68818
2021-02-05;"Prešovský kraj";177;31271;262;31533;NA;366456;439;2021-02-05;68282
2021-02-04;"Prešovský kraj";176;13080;237;13317;NA;366456;413;2021-02-04;67843
2021-02-03;"Prešovský kraj";251;8421;236;8657;NA;366456;487;2021-02-03;67430
2021-02-02;"Prešovský kraj";249;11769;264;12033;NA;366456;513;2021-02-02;66943
2021-02-01;"Prešovský kraj";220;16059;316;16375;NA;366456;536;2021-02-01;66430
2021-01-31;"Prešovský kraj";42;10587;107;10694;NA;366456;149;2021-01-31;65894
2021-01-30;"Prešovský kraj";142;23939;215;24154;NA;366456;357;2021-01-30;65745
2021-01-29;"Prešovský kraj";185;17924;326;18250;NA;366456;511;2021-01-29;65388
2021-01-28;"Prešovský kraj";311;7348;150;7498;NA;366456;461;2021-01-28;64877
2021-01-27;"Prešovský kraj";153;9730;147;9877;NA;366456;300;2021-01-27;64416
2021-01-26;"Prešovský kraj";252;16653;151;16804;NA;366456;403;2021-01-26;64116
2021-01-25;"Prešovský kraj";196;30092;253;30345;NA;366456;449;2021-01-25;63713
2021-01-24;"Prešovský kraj";12;45706;304;46010;NA;366456;316;2021-01-24;63264
2021-01-23;"Prešovský kraj";189;96883;487;97370;NA;366456;676;2021-01-23;62948
2021-01-22;"Prešovský kraj";187;35383;261;35644;NA;366456;448;2021-01-22;62272
2021-01-21;"Prešovský kraj";187;20434;212;20646;NA;366456;399;2021-01-21;61824
2021-01-20;"Prešovský kraj";253;14782;195;14977;NA;366456;448;2021-01-20;61425
2021-01-19;"Prešovský kraj";281;12329;305;12634;NA;366456;586;2021-01-19;60977
2021-01-18;"Prešovský kraj";203;10422;336;10758;NA;366456;539;2021-01-18;60391
2021-01-17;"Prešovský kraj";107;14391;1008;15399;NA;366456;1115;2021-01-17;59852
2021-01-16;"Prešovský kraj";72;1838;81;1919;NA;366456;153;2021-01-16;58737
2021-01-15;"Prešovský kraj";159;7033;257;7290;NA;366456;416;2021-01-15;58584
2021-01-14;"Prešovský kraj";268;5534;256;5790;NA;366456;524;2021-01-14;58168
2021-01-13;"Prešovský kraj";342;5649;226;5875;NA;366456;568;2021-01-13;57644
2021-01-12;"Prešovský kraj";455;8251;386;8637;NA;366456;841;2021-01-12;57076
2021-01-11;"Prešovský kraj";343;8149;471;8620;NA;366456;814;2021-01-11;56235
2021-01-10;"Prešovský kraj";63;476;23;499;NA;366456;86;2021-01-10;55421
2021-01-09;"Prešovský kraj";439;2248;125;2373;NA;366456;564;2021-01-09;55335
2021-01-08;"Prešovský kraj";430;10416;561;10977;NA;366456;991;2021-01-08;54771
2021-01-07;"Prešovský kraj";268;7432;622;8054;NA;366456;890;2021-01-07;53780
2021-01-06;"Prešovský kraj";315;1484;134;1618;NA;366456;449;2021-01-06;52890
2021-01-05;"Prešovský kraj";655;11275;976;12251;NA;366456;1631;2021-01-05;52441
2021-01-04;"Prešovský kraj";371;16845;1789;18634;NA;366456;2160;2021-01-04;50810
2021-01-03;"Prešovský kraj";89;459;41;500;NA;366456;130;2021-01-03;48650
2021-01-02;"Prešovský kraj";65;1556;160;1716;NA;366456;225;2021-01-02;48520
2021-01-01;"Prešovský kraj";174;956;71;1027;NA;366456;245;2021-01-01;48295
2020-12-31;"Prešovský kraj";640;11959;783;12742;NA;366456;1423;2020-12-31;48050
2020-12-30;"Prešovský kraj";729;8729;769;9498;NA;366456;1498;2020-12-30;46627
2020-12-29;"Prešovský kraj";435;9273;949;10222;NA;366456;1384;2020-12-29;45129
2020-12-28;"Prešovský kraj";393;9046;1079;10125;NA;366456;1472;2020-12-28;43745
2020-12-27;"Prešovský kraj";40;613;45;658;NA;366456;85;2020-12-27;42273
2020-12-26;"Prešovský kraj";64;176;12;188;NA;366456;76;2020-12-26;42188
2020-12-25;"Prešovský kraj";208;274;11;285;NA;366456;219;2020-12-25;42112
2020-12-24;"Prešovský kraj";452;1214;85;1299;NA;366456;537;2020-12-24;41893
2020-12-23;"Prešovský kraj";361;11006;618;11624;NA;366456;979;2020-12-23;41356
2020-12-22;"Prešovský kraj";439;9023;695;9718;NA;366456;1134;2020-12-22;40377
2020-12-21;"Prešovský kraj";432;9577;847;10424;NA;366456;1279;2020-12-21;39243
2020-12-20;"Prešovský kraj";184;396;20;416;NA;366456;204;2020-12-20;37964
2020-12-19;"Prešovský kraj";276;1658;151;1809;NA;366456;427;2020-12-19;37760
2020-12-18;"Prešovský kraj";396;8246;566;8812;NA;366456;962;2020-12-18;37333
2020-12-17;"Prešovský kraj";427;10505;866;11371;NA;366456;1293;2020-12-17;36371
2020-12-16;"Prešovský kraj";466;5613;473;6086;NA;366456;939;2020-12-16;35078
2020-12-15;"Prešovský kraj";411;5406;574;5980;NA;366456;985;2020-12-15;34139
2020-12-14;"Prešovský kraj";334;5538;477;6015;NA;366456;811;2020-12-14;33154
2020-12-13;"Prešovský kraj";89;29;8;37;NA;366456;97;2020-12-13;32343
2020-12-12;"Prešovský kraj";319;2474;166;2640;NA;366456;485;2020-12-12;32246
2020-12-11;"Prešovský kraj";560;5602;402;6004;NA;366456;962;2020-12-11;31761
2020-12-10;"Prešovský kraj";337;5019;423;5442;NA;366456;760;2020-12-10;30799
2020-12-09;"Prešovský kraj";358;4357;314;4671;NA;366456;672;2020-12-09;30039
2020-12-08;"Prešovský kraj";350;6629;651;7280;NA;366456;1001;2020-12-08;29367
2020-12-07;"Prešovský kraj";309;4345;327;4672;NA;366456;636;2020-12-07;28366
2020-12-06;"Prešovský kraj";59;655;26;681;NA;366456;85;2020-12-06;27730
2020-12-05;"Prešovský kraj";218;984;87;1071;NA;366456;305;2020-12-05;27645
2020-12-04;"Prešovský kraj";352;5070;293;5363;NA;366456;645;2020-12-04;27340
2020-12-03;"Prešovský kraj";284;2456;179;2635;NA;366456;463;2020-12-03;26695
2020-12-02;"Prešovský kraj";232;2830;225;3055;NA;366456;457;2020-12-02;26232
2020-12-01;"Prešovský kraj";281;1884;196;2080;NA;366456;477;2020-12-01;25775
2020-11-30;"Prešovský kraj";196;5333;97;5430;NA;366456;293;2020-11-30;25298
2020-11-29;"Prešovský kraj";27;379;42;421;NA;366456;69;2020-11-29;25005
2020-11-28;"Prešovský kraj";199;772;77;849;NA;366456;276;2020-11-28;24936
2020-11-27;"Prešovský kraj";232;2350;130;2480;NA;366456;362;2020-11-27;24660
2020-11-26;"Prešovský kraj";263;3014;329;3343;NA;366456;592;2020-11-26;24298
2020-11-25;"Prešovský kraj";302;2174;103;2277;NA;366456;405;2020-11-25;23706
2020-11-24;"Prešovský kraj";365;1777;156;1933;NA;366456;521;2020-11-24;23301
2020-11-23;"Prešovský kraj";164;1099;60;1159;NA;366456;224;2020-11-23;22780
2020-11-22;"Prešovský kraj";46;44;1;45;NA;366456;47;2020-11-22;22556
2020-11-21;"Prešovský kraj";205;754;62;816;NA;366456;267;2020-11-21;22509
2020-11-20;"Prešovský kraj";363;2258;102;2360;NA;366456;465;2020-11-20;22242
2020-11-19;"Prešovský kraj";359;2096;238;2334;NA;366456;597;2020-11-19;21777
2020-11-18;"Prešovský kraj";270;488;43;531;NA;366456;313;2020-11-18;21180
2020-11-17;"Prešovský kraj";347;205;23;228;NA;366456;370;2020-11-17;20867
2020-11-16;"Prešovský kraj";226;540;58;598;NA;366456;284;2020-11-16;20497
2020-11-15;"Prešovský kraj";186;39;4;43;NA;366456;190;2020-11-15;20213
2020-11-14;"Prešovský kraj";261;54;4;58;NA;366456;265;2020-11-14;20023
2020-11-13;"Prešovský kraj";395;166;8;174;NA;366456;403;2020-11-13;19758
2020-11-12;"Prešovský kraj";397;229;50;279;NA;366456;447;2020-11-12;19355
2020-11-11;"Prešovský kraj";516;161;15;176;NA;366456;531;2020-11-11;18908
2020-11-10;"Prešovský kraj";437;197;9;206;NA;366456;446;2020-11-10;18377
2020-11-09;"Prešovský kraj";190;4110;945;5055;NA;366456;1135;2020-11-09;17931
2020-11-08;"Prešovský kraj";97;2817;32;2849;NA;366456;129;2020-11-08;16796
2020-11-07;"Prešovský kraj";416;8578;81;8659;NA;366456;497;2020-11-07;16667
2020-11-06;"Prešovský kraj";520;4791;76;4867;NA;366456;596;2020-11-06;16170
2020-11-05;"Prešovský kraj";397;180;5;185;NA;366456;402;2020-11-05;15574
2020-11-04;"Prešovský kraj";350;807;8;815;NA;366456;358;2020-11-04;15172
2020-11-03;"Prešovský kraj";565;98;12;110;NA;366456;577;2020-11-03;14814
2020-11-02;"Prešovský kraj";203;4158;1004;5162;NA;366456;1207;2020-11-02;14237
2020-11-01;"Prešovský kraj";386;2906;53;2959;NA;366456;439;2020-11-01;13030
2020-10-31;"Prešovský kraj";315;10497;170;10667;NA;366456;485;2020-10-31;12591
2020-10-30;"Prešovský kraj";552;2949;65;3014;NA;366456;617;2020-10-30;12106
2020-10-29;"Prešovský kraj";594;301;38;339;NA;366456;632;2020-10-29;11489
2020-10-28;"Prešovský kraj";617;291;46;337;NA;366456;663;2020-10-28;10857
2020-10-27;"Prešovský kraj";656;268;34;302;NA;366456;690;2020-10-27;10194
2020-10-26;"Prešovský kraj";137;363;57;420;NA;366456;194;2020-10-26;9504
2020-10-25;"Prešovský kraj";237;346;11;357;NA;366456;248;2020-10-25;9310
2020-10-24;"Prešovský kraj";719;200;12;212;NA;366456;731;2020-10-24;9062
2020-10-23;"Prešovský kraj";750;218;8;226;NA;366456;758;2020-10-23;8331
2020-10-22;"Prešovský kraj";646;396;30;426;NA;366456;676;2020-10-22;7573
2020-10-21;"Prešovský kraj";383;58;8;66;NA;366456;391;2020-10-21;6897
2020-10-20;"Prešovský kraj";493;65;7;72;NA;366456;500;2020-10-20;6506
2020-10-19;"Prešovský kraj";140;235;15;250;NA;366456;155;2020-10-19;6006
2020-10-18;"Prešovský kraj";209;0;0;0;NA;366456;209;2020-10-18;5851
2020-10-17;"Prešovský kraj";342;0;0;0;NA;366456;342;2020-10-17;5642
2020-10-16;"Prešovský kraj";388;57;3;60;NA;366456;391;2020-10-16;5300
2020-10-15;"Prešovský kraj";435;85;18;103;NA;366456;453;2020-10-15;4909
2020-10-14;"Prešovský kraj";451;54;10;64;NA;366456;461;2020-10-14;4456
2020-10-13;"Prešovský kraj";264;50;6;56;NA;366456;270;2020-10-13;3995
2020-10-12;"Prešovský kraj";214;334;35;369;NA;366456;249;2020-10-12;3725
2020-10-11;"Prešovský kraj";127;0;0;0;NA;366456;127;2020-10-11;3476
2020-10-10;"Prešovský kraj";248;0;0;0;NA;366456;248;2020-10-10;3349
2020-10-09;"Prešovský kraj";406;0;0;0;NA;366456;406;2020-10-09;3101
2020-10-08;"Prešovský kraj";245;0;0;0;NA;366456;245;2020-10-08;2695
2020-10-07;"Prešovský kraj";244;0;0;0;NA;366456;244;2020-10-07;2450
2020-10-06;"Prešovský kraj";166;0;0;0;NA;366456;166;2020-10-06;2206
2020-10-05;"Prešovský kraj";84;0;0;0;NA;366456;84;2020-10-05;2040
2020-10-04;"Prešovský kraj";118;0;0;0;NA;366456;118;2020-10-04;1956
2020-10-03;"Prešovský kraj";204;0;0;0;NA;366456;204;2020-10-03;1838
2020-10-02;"Prešovský kraj";149;0;0;0;NA;366456;149;2020-10-02;1634
2020-10-01;"Prešovský kraj";136;0;0;0;NA;366456;136;2020-10-01;1485
2020-09-30;"Prešovský kraj";121;0;0;0;NA;366456;121;2020-09-30;1349
2020-09-29;"Prešovský kraj";156;0;0;0;NA;366456;156;2020-09-29;1228
2020-09-28;"Prešovský kraj";51;0;0;0;NA;366456;51;2020-09-28;1072
2020-09-27;"Prešovský kraj";10;0;0;0;NA;366456;10;2020-09-27;1021
2020-09-26;"Prešovský kraj";72;0;0;0;NA;366456;72;2020-09-26;1011
2020-09-25;"Prešovský kraj";91;0;0;0;NA;366456;91;2020-09-25;939
2020-09-24;"Prešovský kraj";52;0;0;0;NA;366456;52;2020-09-24;848
2020-09-23;"Prešovský kraj";55;0;0;0;NA;366456;55;2020-09-23;796
2020-09-22;"Prešovský kraj";29;0;0;0;NA;366456;29;2020-09-22;741
2020-09-21;"Prešovský kraj";14;0;0;0;NA;366456;14;2020-09-21;712
2020-09-20;"Prešovský kraj";5;0;0;0;NA;366456;5;2020-09-20;698
2020-09-19;"Prešovský kraj";12;0;0;0;NA;366456;12;2020-09-19;693
2020-09-18;"Prešovský kraj";29;0;0;0;NA;366456;29;2020-09-18;681
2020-09-17;"Prešovský kraj";25;0;0;0;NA;366456;25;2020-09-17;652
2020-09-16;"Prešovský kraj";8;0;0;0;NA;366456;8;2020-09-16;627
2020-09-15;"Prešovský kraj";10;0;0;0;NA;366456;10;2020-09-15;619
2020-09-14;"Prešovský kraj";47;0;0;0;NA;366456;47;2020-09-14;609
2020-09-13;"Prešovský kraj";3;0;0;0;NA;366456;3;2020-09-13;562
2020-09-12;"Prešovský kraj";4;0;0;0;NA;366456;4;2020-09-12;559
2020-09-11;"Prešovský kraj";15;0;0;0;NA;366456;15;2020-09-11;555
2020-09-10;"Prešovský kraj";10;0;0;0;NA;366456;10;2020-09-10;540
2020-09-09;"Prešovský kraj";21;0;0;0;NA;366456;21;2020-09-09;530
2020-09-08;"Prešovský kraj";23;0;0;0;NA;366456;23;2020-09-08;509
2020-09-07;"Prešovský kraj";5;0;0;0;NA;366456;5;2020-09-07;486
2020-09-06;"Prešovský kraj";3;0;0;0;NA;366456;3;2020-09-06;481
2020-09-05;"Prešovský kraj";7;0;0;0;NA;366456;7;2020-09-05;478
2020-09-04;"Prešovský kraj";24;0;0;0;NA;366456;24;2020-09-04;471
2020-09-03;"Prešovský kraj";8;0;0;0;NA;366456;8;2020-09-03;447
2020-09-02;"Prešovský kraj";9;0;0;0;NA;366456;9;2020-09-02;439
2020-09-01;"Prešovský kraj";6;0;0;0;NA;366456;6;2020-09-01;430
2020-08-31;"Prešovský kraj";3;0;0;0;NA;366456;3;2020-08-31;424
2020-08-30;"Prešovský kraj";6;0;0;0;NA;366456;6;2020-08-30;421
2020-08-29;"Prešovský kraj";4;0;0;0;NA;366456;4;2020-08-29;415
2020-08-28;"Prešovský kraj";6;0;0;0;NA;366456;6;2020-08-28;411
2020-08-27;"Prešovský kraj";7;0;0;0;NA;366456;7;2020-08-27;405
2020-08-26;"Prešovský kraj";22;0;0;0;NA;366456;22;2020-08-26;398
2020-08-25;"Prešovský kraj";1;0;0;0;NA;366456;1;2020-08-25;376
2020-08-24;"Prešovský kraj";5;0;0;0;NA;366456;5;2020-08-24;375
2020-08-23;"Prešovský kraj";3;0;0;0;NA;366456;3;2020-08-23;370
2020-08-22;"Prešovský kraj";3;0;0;0;NA;366456;3;2020-08-22;367
2020-08-21;"Prešovský kraj";11;0;0;0;NA;366456;11;2020-08-21;364
2020-08-20;"Prešovský kraj";8;0;0;0;NA;366456;8;2020-08-20;353
2020-08-19;"Prešovský kraj";8;0;0;0;NA;366456;8;2020-08-19;345
2020-08-18;"Prešovský kraj";6;0;0;0;NA;366456;6;2020-08-18;337
2020-08-17;"Prešovský kraj";1;0;0;0;NA;366456;1;2020-08-17;331
2020-08-16;"Prešovský kraj";0;0;0;0;NA;366456;0;2020-08-16;330
2020-08-15;"Prešovský kraj";8;0;0;0;NA;366456;8;2020-08-15;330
2020-08-14;"Prešovský kraj";6;0;0;0;NA;366456;6;2020-08-14;322
2020-08-13;"Prešovský kraj";8;0;0;0;NA;366456;8;2020-08-13;316
2020-08-12;"Prešovský kraj";19;0;0;0;NA;366456;19;2020-08-12;308
2020-08-11;"Prešovský kraj";3;0;0;0;NA;366456;3;2020-08-11;289
2020-08-10;"Prešovský kraj";0;0;0;0;NA;366456;0;2020-08-10;286
2020-08-09;"Prešovský kraj";0;0;0;0;NA;366456;0;2020-08-09;286
2020-08-08;"Prešovský kraj";2;0;0;0;NA;366456;2;2020-08-08;286
2020-08-07;"Prešovský kraj";6;0;0;0;NA;366456;6;2020-08-07;284
2020-08-06;"Prešovský kraj";2;0;0;0;NA;366456;2;2020-08-06;278
2020-08-05;"Prešovský kraj";8;0;0;0;NA;366456;8;2020-08-05;276
2020-08-04;"Prešovský kraj";5;0;0;0;NA;366456;5;2020-08-04;268
2020-08-03;"Prešovský kraj";4;0;0;0;NA;366456;4;2020-08-03;263
2020-08-02;"Prešovský kraj";6;0;0;0;NA;366456;6;2020-08-02;259
2020-08-01;"Prešovský kraj";0;0;0;0;NA;366456;0;2020-08-01;253
2020-07-31;"Prešovský kraj";2;0;0;0;NA;366456;2;2020-07-31;253
2020-07-30;"Prešovský kraj";6;0;0;0;NA;366456;6;2020-07-30;251
2020-07-29;"Prešovský kraj";5;0;0;0;NA;366456;5;2020-07-29;245
2020-07-28;"Prešovský kraj";0;0;0;0;NA;366456;0;2020-07-28;240
2020-07-27;"Prešovský kraj";1;0;0;0;NA;366456;1;2020-07-27;240
2020-07-26;"Prešovský kraj";1;0;0;0;NA;366456;1;2020-07-26;239
2020-07-25;"Prešovský kraj";21;0;0;0;NA;366456;21;2020-07-25;238
2020-07-24;"Prešovský kraj";1;0;0;0;NA;366456;1;2020-07-24;217
2020-07-23;"Prešovský kraj";5;0;0;0;NA;366456;5;2020-07-23;216
2020-07-22;"Prešovský kraj";1;0;0;0;NA;366456;1;2020-07-22;211
2020-07-21;"Prešovský kraj";2;0;0;0;NA;366456;2;2020-07-21;210
2020-07-20;"Prešovský kraj";1;0;0;0;NA;366456;1;2020-07-20;208
2020-07-19;"Prešovský kraj";0;0;0;0;NA;366456;0;2020-07-19;207
2020-07-18;"Prešovský kraj";0;0;0;0;NA;366456;0;2020-07-18;207
2020-07-17;"Prešovský kraj";3;0;0;0;NA;366456;3;2020-07-17;207
2020-07-16;"Prešovský kraj";1;0;0;0;NA;366456;1;2020-07-16;204
2020-07-15;"Prešovský kraj";5;0;0;0;NA;366456;5;2020-07-15;203
2020-07-14;"Prešovský kraj";5;0;0;0;NA;366456;5;2020-07-14;198
2020-07-13;"Prešovský kraj";1;0;0;0;NA;366456;1;2020-07-13;193
2020-07-12;"Prešovský kraj";1;0;0;0;NA;366456;1;2020-07-12;192
2020-07-11;"Prešovský kraj";6;0;0;0;NA;366456;6;2020-07-11;191
2020-07-10;"Prešovský kraj";5;0;0;0;NA;366456;5;2020-07-10;185
2020-07-09;"Prešovský kraj";2;0;0;0;NA;366456;2;2020-07-09;180
2020-07-08;"Prešovský kraj";14;0;0;0;NA;366456;14;2020-07-08;178
2020-07-07;"Prešovský kraj";2;0;0;0;NA;366456;2;2020-07-07;164
2020-07-06;"Prešovský kraj";0;0;0;0;NA;366456;0;2020-07-06;162
2020-07-05;"Prešovský kraj";0;0;0;0;NA;366456;0;2020-07-05;162
2020-07-04;"Prešovský kraj";1;0;0;0;NA;366456;1;2020-07-04;162
2020-07-03;"Prešovský kraj";3;0;0;0;NA;366456;3;2020-07-03;161
2020-07-02;"Prešovský kraj";0;0;0;0;NA;366456;0;2020-07-02;158
2020-07-01;"Prešovský kraj";0;0;0;0;NA;366456;0;2020-07-01;158
2020-06-30;"Prešovský kraj";7;0;0;0;NA;366456;7;2020-06-30;158
2020-06-29;"Prešovský kraj";0;0;0;0;NA;366456;0;2020-06-29;151
2020-06-28;"Prešovský kraj";0;0;0;0;NA;366456;0;2020-06-28;151
2020-06-27;"Prešovský kraj";3;0;0;0;NA;366456;3;2020-06-27;151
2020-06-26;"Prešovský kraj";3;0;0;0;NA;366456;3;2020-06-26;148
2020-06-25;"Prešovský kraj";0;0;0;0;NA;366456;0;2020-06-25;145
2020-06-24;"Prešovský kraj";4;0;0;0;NA;366456;4;2020-06-24;145
2020-06-23;"Prešovský kraj";0;0;0;0;NA;366456;0;2020-06-23;141
2020-06-22;"Prešovský kraj";0;0;0;0;NA;366456;0;2020-06-22;141
2020-06-21;"Prešovský kraj";0;0;0;0;NA;366456;0;2020-06-21;141
2020-06-20;"Prešovský kraj";0;0;0;0;NA;366456;0;2020-06-20;141
2020-06-19;"Prešovský kraj";1;0;0;0;NA;366456;1;2020-06-19;141
2020-06-18;"Prešovský kraj";0;0;0;0;NA;366456;0;2020-06-18;140
2020-06-17;"Prešovský kraj";0;0;0;0;NA;366456;0;2020-06-17;140
2020-06-16;"Prešovský kraj";6;0;0;0;NA;366456;6;2020-06-16;140
2020-06-14;"Prešovský kraj";0;0;0;0;NA;366456;0;2020-06-14;134
2020-06-13;"Prešovský kraj";0;0;0;0;NA;366456;0;2020-06-13;134
2020-06-12;"Prešovský kraj";1;0;0;0;NA;366456;1;2020-06-12;134
2020-06-11;"Prešovský kraj";0;0;0;0;NA;366456;0;2020-06-11;133
2020-06-10;"Prešovský kraj";0;0;0;0;NA;366456;0;2020-06-10;133
2020-06-09;"Prešovský kraj";0;0;0;0;NA;366456;0;2020-06-09;133
2020-06-08;"Prešovský kraj";0;0;0;0;NA;366456;0;2020-06-08;133
2020-06-07;"Prešovský kraj";0;0;0;0;NA;366456;0;2020-06-07;133
2020-06-05;"Prešovský kraj";0;0;0;0;NA;366456;0;2020-06-05;133
2020-06-03;"Prešovský kraj";0;0;0;0;NA;366456;0;2020-06-03;133
2020-06-02;"Prešovský kraj";1;0;0;0;NA;366456;1;2020-06-02;133
2020-05-31;"Prešovský kraj";1;0;0;0;NA;366456;1;2020-05-31;132
2020-05-29;"Prešovský kraj";0;0;0;0;NA;366456;0;2020-05-29;131
2020-05-27;"Prešovský kraj";0;0;0;0;NA;366456;0;2020-05-27;131
2020-05-26;"Prešovský kraj";0;0;0;0;NA;366456;0;2020-05-26;131
2020-05-25;"Prešovský kraj";0;0;0;0;NA;366456;0;2020-05-25;131
2020-05-24;"Prešovský kraj";0;0;0;0;NA;366456;0;2020-05-24;131
2020-05-23;"Prešovský kraj";0;0;0;0;NA;366456;0;2020-05-23;131
2020-05-22;"Prešovský kraj";0;0;0;0;NA;366456;0;2020-05-22;131
2020-05-21;"Prešovský kraj";1;0;0;0;NA;366456;1;2020-05-21;131
2020-05-20;"Prešovský kraj";0;0;0;0;NA;366456;0;2020-05-20;130
2020-05-19;"Prešovský kraj";0;0;0;0;NA;366456;0;2020-05-19;130
2020-05-17;"Prešovský kraj";0;0;0;0;NA;366456;0;2020-05-17;130
2020-05-16;"Prešovský kraj";0;0;0;0;NA;366456;0;2020-05-16;130
2020-05-15;"Prešovský kraj";0;0;0;0;NA;366456;0;2020-05-15;130
2020-05-14;"Prešovský kraj";0;0;0;0;NA;366456;0;2020-05-14;130
2020-05-13;"Prešovský kraj";1;0;0;0;NA;366456;1;2020-05-13;130
2020-05-12;"Prešovský kraj";0;0;0;0;NA;366456;0;2020-05-12;129
2020-05-11;"Prešovský kraj";1;0;0;0;NA;366456;1;2020-05-11;129
2020-05-09;"Prešovský kraj";0;0;0;0;NA;366456;0;2020-05-09;128
2020-05-07;"Prešovský kraj";0;0;0;0;NA;366456;0;2020-05-07;128
2020-05-06;"Prešovský kraj";0;0;0;0;NA;366456;0;2020-05-06;128
2020-05-05;"Prešovský kraj";1;0;0;0;NA;366456;1;2020-05-05;128
2020-05-04;"Prešovský kraj";0;0;0;0;NA;366456;0;2020-05-04;127
2020-05-03;"Prešovský kraj";0;0;0;0;NA;366456;0;2020-05-03;127
2020-05-02;"Prešovský kraj";0;0;0;0;NA;366456;0;2020-05-02;127
2020-05-01;"Prešovský kraj";2;0;0;0;NA;366456;2;2020-05-01;127
2020-04-30;"Prešovský kraj";0;0;0;0;NA;366456;0;2020-04-30;125
2020-04-29;"Prešovský kraj";1;0;0;0;NA;366456;1;2020-04-29;125
2020-04-28;"Prešovský kraj";1;0;0;0;NA;366456;1;2020-04-28;124
2020-04-27;"Prešovský kraj";2;0;0;0;NA;366456;2;2020-04-27;123
2020-04-26;"Prešovský kraj";0;0;0;0;NA;366456;0;2020-04-26;121
2020-04-25;"Prešovský kraj";0;0;0;0;NA;366456;0;2020-04-25;121
2020-04-24;"Prešovský kraj";0;0;0;0;NA;366456;0;2020-04-24;121
2020-04-23;"Prešovský kraj";2;0;0;0;NA;366456;2;2020-04-23;121
2020-04-22;"Prešovský kraj";11;0;0;0;NA;366456;11;2020-04-22;119
2020-04-21;"Prešovský kraj";12;0;0;0;NA;366456;12;2020-04-21;108
2020-04-20;"Prešovský kraj";2;0;0;0;NA;366456;2;2020-04-20;96
2020-04-19;"Prešovský kraj";4;0;0;0;NA;366456;4;2020-04-19;94
2020-04-18;"Prešovský kraj";1;0;0;0;NA;366456;1;2020-04-18;90
2020-04-17;"Prešovský kraj";4;0;0;0;NA;366456;4;2020-04-17;89
2020-04-16;"Prešovský kraj";9;0;0;0;NA;366456;9;2020-04-16;85
2020-04-15;"Prešovský kraj";21;0;0;0;NA;366456;21;2020-04-15;76
2020-04-14;"Prešovský kraj";1;0;0;0;NA;366456;1;2020-04-14;55
2020-04-13;"Prešovský kraj";2;0;0;0;NA;366456;2;2020-04-13;54
2020-04-12;"Prešovský kraj";6;0;0;0;NA;366456;6;2020-04-12;52
2020-04-11;"Prešovský kraj";4;0;0;0;NA;366456;4;2020-04-11;46
2020-04-10;"Prešovský kraj";0;0;0;0;NA;366456;0;2020-04-10;42
2020-04-09;"Prešovský kraj";1;0;0;0;NA;366456;1;2020-04-09;42
2020-04-08;"Prešovský kraj";0;0;0;0;NA;366456;0;2020-04-08;41
2020-04-07;"Prešovský kraj";7;0;0;0;NA;366456;7;2020-04-07;41
2020-04-06;"Prešovský kraj";10;0;0;0;NA;366456;10;2020-04-06;34
2020-04-05;"Prešovský kraj";13;0;0;0;NA;366456;13;2020-04-05;24
2020-04-04;"Prešovský kraj";1;0;0;0;NA;366456;1;2020-04-04;11
2020-04-03;"Prešovský kraj";4;0;0;0;NA;366456;4;2020-04-03;10
2020-04-02;"Prešovský kraj";6;0;0;0;NA;366456;6;2020-04-02;6
2020-04-01;"Prešovský kraj";6;0;0;0;NA;366456;6;2020-04-01;0
2020-03-31;"Prešovský kraj";6;0;0;0;NA;366456;6;2020-03-31;-6
2020-03-30;"Prešovský kraj";2;0;0;0;NA;366456;2;2020-03-30;-12
2020-03-29;"Prešovský kraj";2;0;0;0;NA;366456;2;2020-03-29;-14
2020-03-28;"Prešovský kraj";2;0;0;0;NA;366456;2;2020-03-28;-16
2020-03-27;"Prešovský kraj";1;0;0;0;NA;366456;1;2020-03-27;-18
2020-03-26;"Prešovský kraj";8;0;0;0;NA;366456;8;2020-03-26;-19
2020-03-25;"Prešovský kraj";1;0;0;0;NA;366456;1;2020-03-25;-27
2020-03-24;"Prešovský kraj";4;0;0;0;NA;366456;4;2020-03-24;-28
2020-03-23;"Prešovský kraj";0;0;0;0;NA;366456;0;2020-03-23;-32
2020-03-22;"Prešovský kraj";1;0;0;0;NA;366456;1;2020-03-22;-32
2020-03-21;"Prešovský kraj";2;0;0;0;NA;366456;2;2020-03-21;-33
2020-03-20;"Prešovský kraj";3;0;0;0;NA;366456;3;2020-03-20;-35
2020-03-19;"Prešovský kraj";2;0;0;0;NA;366456;2;2020-03-19;-38
2020-03-18;"Prešovský kraj";1;0;0;0;NA;366456;1;2020-03-18;-40
2020-03-17;"Prešovský kraj";1;0;0;0;NA;366456;1;2020-03-17;-41
2020-03-16;"Prešovský kraj";4;0;0;0;NA;366456;4;2020-03-16;-42
2020-03-15;"Prešovský kraj";0;0;0;0;NA;366456;0;2020-03-15;-46
2020-03-14;"Prešovský kraj";1;0;0;0;NA;366456;1;2020-03-14;-46
2020-03-13;"Prešovský kraj";0;0;0;0;NA;366456;0;2020-03-13;-47
2020-03-12;"Prešovský kraj";0;0;0;0;NA;366456;0;2020-03-12;-47
2020-03-11;"Prešovský kraj";0;0;0;0;NA;366456;0;2020-03-11;-47
2020-03-09;"Prešovský kraj";0;0;0;0;NA;366456;0;2020-03-09;-47
2020-03-08;"Prešovský kraj";0;0;0;0;NA;366456;0;2020-03-08;-47
2020-03-07;"Prešovský kraj";0;0;0;0;NA;366456;0;2020-03-07;-47
2020-03-06;"Prešovský kraj";0;0;0;0;NA;366456;0;2020-03-06;-47
2022-06-23;"Trenčiansky kraj";17;0;0;0;212943;303314;17;2022-06-23;303314
2022-06-22;"Trenčiansky kraj";30;30;6;36;NA;303314;36;2022-06-22;303297
2022-06-21;"Trenčiansky kraj";21;52;5;57;NA;303314;26;2022-06-21;303261
2022-06-20;"Trenčiansky kraj";24;59;10;69;NA;303314;34;2022-06-20;303235
2022-06-19;"Trenčiansky kraj";2;37;4;41;NA;303314;6;2022-06-19;303201
2022-06-18;"Trenčiansky kraj";4;26;1;27;NA;303314;5;2022-06-18;303195
2022-06-17;"Trenčiansky kraj";16;73;3;76;NA;303314;19;2022-06-17;303190
2022-06-16;"Trenčiansky kraj";13;77;2;79;NA;303314;15;2022-06-16;303171
2022-06-15;"Trenčiansky kraj";20;79;2;81;NA;303314;22;2022-06-15;303156
2022-06-14;"Trenčiansky kraj";13;72;5;77;NA;303314;18;2022-06-14;303134
2022-06-13;"Trenčiansky kraj";20;80;8;88;NA;303314;28;2022-06-13;303116
2022-06-12;"Trenčiansky kraj";0;42;2;44;NA;303314;2;2022-06-12;303088
2022-06-11;"Trenčiansky kraj";6;26;2;28;NA;303314;8;2022-06-11;303086
2022-06-10;"Trenčiansky kraj";19;66;4;70;NA;303314;23;2022-06-10;303078
2022-06-09;"Trenčiansky kraj";14;58;4;62;NA;303314;18;2022-06-09;303055
2022-06-08;"Trenčiansky kraj";20;91;6;97;NA;303314;26;2022-06-08;303037
2022-06-07;"Trenčiansky kraj";18;77;8;85;NA;303314;26;2022-06-07;303011
2022-06-06;"Trenčiansky kraj";23;93;14;107;NA;303314;37;2022-06-06;302985
2022-06-05;"Trenčiansky kraj";0;316;20;336;NA;303314;20;2022-06-05;302948
2022-06-04;"Trenčiansky kraj";10;31;1;32;NA;303314;11;2022-06-04;302928
2022-06-03;"Trenčiansky kraj";15;71;8;79;NA;303314;23;2022-06-03;302917
2022-06-02;"Trenčiansky kraj";14;70;3;73;NA;303314;17;2022-06-02;302894
2022-06-01;"Trenčiansky kraj";12;118;7;125;NA;303314;19;2022-06-01;302877
2022-05-31;"Trenčiansky kraj";12;147;3;150;NA;303314;15;2022-05-31;302858
2022-05-30;"Trenčiansky kraj";13;212;7;219;NA;303314;20;2022-05-30;302843
2022-05-29;"Trenčiansky kraj";1;61;2;63;NA;303314;3;2022-05-29;302823
2022-05-28;"Trenčiansky kraj";3;30;0;30;NA;303314;3;2022-05-28;302820
2022-05-27;"Trenčiansky kraj";15;205;10;215;NA;303314;25;2022-05-27;302817
2022-05-26;"Trenčiansky kraj";21;83;6;89;NA;303314;27;2022-05-26;302792
2022-05-25;"Trenčiansky kraj";9;144;10;154;NA;303314;19;2022-05-25;302765
2022-05-24;"Trenčiansky kraj";21;165;5;170;NA;303314;26;2022-05-24;302746
2022-05-23;"Trenčiansky kraj";15;217;11;228;NA;303314;26;2022-05-23;302720
2022-05-22;"Trenčiansky kraj";1;55;3;58;NA;303314;4;2022-05-22;302694
2022-05-21;"Trenčiansky kraj";10;63;5;68;NA;303314;15;2022-05-21;302690
2022-05-20;"Trenčiansky kraj";26;157;12;169;NA;303314;38;2022-05-20;302675
2022-05-19;"Trenčiansky kraj";46;159;9;168;NA;303314;55;2022-05-19;302637
2022-05-18;"Trenčiansky kraj";24;169;9;178;NA;303314;33;2022-05-18;302582
2022-05-17;"Trenčiansky kraj";31;152;8;160;NA;303314;39;2022-05-17;302549
2022-05-16;"Trenčiansky kraj";19;235;20;255;NA;303314;39;2022-05-16;302510
2022-05-15;"Trenčiansky kraj";1;64;0;64;NA;303314;1;2022-05-15;302471
2022-05-14;"Trenčiansky kraj";31;63;4;67;NA;303314;35;2022-05-14;302470
2022-05-13;"Trenčiansky kraj";24;174;12;186;NA;303314;36;2022-05-13;302435
2022-05-12;"Trenčiansky kraj";29;189;13;202;NA;303314;42;2022-05-12;302399
2022-05-11;"Trenčiansky kraj";30;166;14;180;NA;303314;44;2022-05-11;302357
2022-05-10;"Trenčiansky kraj";46;171;19;190;NA;303314;65;2022-05-10;302313
2022-05-09;"Trenčiansky kraj";39;289;21;310;NA;303314;60;2022-05-09;302248
2022-05-08;"Trenčiansky kraj";3;82;7;89;NA;303314;10;2022-05-08;302188
2022-05-07;"Trenčiansky kraj";22;72;5;77;NA;303314;27;2022-05-07;302178
2022-05-06;"Trenčiansky kraj";52;297;17;314;NA;303314;69;2022-05-06;302151
2022-05-05;"Trenčiansky kraj";53;149;8;157;NA;303314;61;2022-05-05;302082
2022-05-04;"Trenčiansky kraj";43;247;12;259;NA;303314;55;2022-05-04;302021
2022-05-03;"Trenčiansky kraj";79;207;15;222;NA;303314;94;2022-05-03;301966
2022-05-02;"Trenčiansky kraj";57;585;19;604;NA;303314;76;2022-05-02;301872
2022-05-01;"Trenčiansky kraj";14;162;5;167;NA;303314;19;2022-05-01;301796
2022-04-30;"Trenčiansky kraj";75;173;4;177;NA;303314;79;2022-04-30;301777
2022-04-29;"Trenčiansky kraj";106;273;16;289;NA;303314;122;2022-04-29;301698
2022-04-28;"Trenčiansky kraj";87;502;12;514;NA;303314;99;2022-04-28;301576
2022-04-27;"Trenčiansky kraj";115;408;34;442;NA;303314;149;2022-04-27;301477
2022-04-26;"Trenčiansky kraj";151;375;10;385;NA;303314;161;2022-04-26;301328
2022-04-25;"Trenčiansky kraj";106;611;29;640;NA;303314;135;2022-04-25;301167
2022-04-24;"Trenčiansky kraj";32;215;13;228;NA;303314;45;2022-04-24;301032
2022-04-23;"Trenčiansky kraj";104;210;11;221;NA;303314;115;2022-04-23;300987
2022-04-22;"Trenčiansky kraj";122;456;32;488;NA;303314;154;2022-04-22;300872
2022-04-21;"Trenčiansky kraj";191;516;18;534;NA;303314;209;2022-04-21;300718
2022-04-20;"Trenčiansky kraj";269;460;23;483;NA;303314;292;2022-04-20;300509
2022-04-19;"Trenčiansky kraj";180;802;39;841;NA;303314;219;2022-04-19;300217
2022-04-18;"Trenčiansky kraj";107;242;15;257;NA;303314;122;2022-04-18;299998
2022-04-17;"Trenčiansky kraj";154;314;14;328;NA;303314;168;2022-04-17;299876
2022-04-16;"Trenčiansky kraj";51;297;10;307;NA;303314;61;2022-04-16;299708
2022-04-15;"Trenčiansky kraj";71;313;12;325;NA;303314;83;2022-04-15;299647
2022-04-14;"Trenčiansky kraj";235;702;36;738;NA;303314;271;2022-04-14;299564
2022-04-13;"Trenčiansky kraj";288;512;39;551;NA;303314;327;2022-04-13;299293
2022-04-12;"Trenčiansky kraj";293;744;52;796;NA;303314;345;2022-04-12;298966
2022-04-11;"Trenčiansky kraj";349;634;61;695;NA;303314;410;2022-04-11;298621
2022-04-10;"Trenčiansky kraj";110;440;28;468;NA;303314;138;2022-04-10;298211
2022-04-09;"Trenčiansky kraj";234;269;24;293;NA;303314;258;2022-04-09;298073
2022-04-08;"Trenčiansky kraj";301;475;27;502;NA;303314;328;2022-04-08;297815
2022-04-07;"Trenčiansky kraj";381;592;68;660;NA;303314;449;2022-04-07;297487
2022-04-06;"Trenčiansky kraj";416;680;78;758;NA;303314;494;2022-04-06;297038
2022-04-05;"Trenčiansky kraj";499;614;65;679;NA;303314;564;2022-04-05;296544
2022-04-04;"Trenčiansky kraj";468;948;95;1043;NA;303314;563;2022-04-04;295980
2022-04-03;"Trenčiansky kraj";127;373;46;419;NA;303314;173;2022-04-03;295417
2022-04-02;"Trenčiansky kraj";368;404;59;463;NA;303314;427;2022-04-02;295244
2022-04-01;"Trenčiansky kraj";510;630;65;695;NA;303314;575;2022-04-01;294817
2022-03-31;"Trenčiansky kraj";520;1013;97;1110;NA;303314;617;2022-03-31;294242
2022-03-30;"Trenčiansky kraj";706;1494;87;1581;NA;303314;793;2022-03-30;293625
2022-03-29;"Trenčiansky kraj";682;1077;97;1174;NA;303314;779;2022-03-29;292832
2022-03-28;"Trenčiansky kraj";673;1727;140;1867;NA;303314;813;2022-03-28;292053
2022-03-27;"Trenčiansky kraj";167;596;86;682;NA;303314;253;2022-03-27;291240
2022-03-26;"Trenčiansky kraj";513;395;43;438;NA;303314;556;2022-03-26;290987
2022-03-25;"Trenčiansky kraj";534;937;93;1030;NA;303314;627;2022-03-25;290431
2022-03-24;"Trenčiansky kraj";712;1266;106;1372;NA;303314;818;2022-03-24;289804
2022-03-23;"Trenčiansky kraj";903;1047;97;1144;NA;303314;1000;2022-03-23;288986
2022-03-22;"Trenčiansky kraj";918;1078;116;1194;NA;303314;1034;2022-03-22;287986
2022-03-21;"Trenčiansky kraj";745;1753;219;1972;NA;303314;964;2022-03-21;286952
2022-03-20;"Trenčiansky kraj";334;826;89;915;NA;303314;423;2022-03-20;285988
2022-03-19;"Trenčiansky kraj";560;510;77;587;NA;303314;637;2022-03-19;285565
2022-03-18;"Trenčiansky kraj";884;972;135;1107;NA;303314;1019;2022-03-18;284928
2022-03-17;"Trenčiansky kraj";863;1156;137;1293;NA;303314;1000;2022-03-17;283909
2022-03-16;"Trenčiansky kraj";1147;1303;129;1432;NA;303314;1276;2022-03-16;282909
2022-03-15;"Trenčiansky kraj";1054;1325;124;1449;NA;303314;1178;2022-03-15;281633
2022-03-14;"Trenčiansky kraj";934;2642;273;2915;NA;303314;1207;2022-03-14;280455
2022-03-13;"Trenčiansky kraj";373;698;97;795;NA;303314;470;2022-03-13;279248
2022-03-12;"Trenčiansky kraj";674;550;94;644;NA;303314;768;2022-03-12;278778
2022-03-11;"Trenčiansky kraj";1131;1379;222;1601;NA;303314;1353;2022-03-11;278010
2022-03-10;"Trenčiansky kraj";1087;1363;226;1589;NA;303314;1313;2022-03-10;276657
2022-03-09;"Trenčiansky kraj";1515;1517;240;1757;NA;303314;1755;2022-03-09;275344
2022-03-08;"Trenčiansky kraj";1059;1755;253;2008;NA;303314;1312;2022-03-08;273589
2022-03-07;"Trenčiansky kraj";1079;2457;360;2817;NA;303314;1439;2022-03-07;272277
2022-03-06;"Trenčiansky kraj";354;832;134;966;NA;303314;488;2022-03-06;270838
2022-03-05;"Trenčiansky kraj";583;700;138;838;NA;303314;721;2022-03-05;270350
2022-03-04;"Trenčiansky kraj";1125;1337;210;1547;NA;303314;1335;2022-03-04;269629
2022-03-03;"Trenčiansky kraj";1346;1710;223;1933;NA;303314;1569;2022-03-03;268294
2022-03-02;"Trenčiansky kraj";1345;1739;245;1984;NA;303314;1590;2022-03-02;266725
2022-03-01;"Trenčiansky kraj";1409;1805;309;2114;NA;303314;1718;2022-03-01;265135
2022-02-28;"Trenčiansky kraj";1390;2932;468;3400;NA;303314;1858;2022-02-28;263417
2022-02-27;"Trenčiansky kraj";573;1043;218;1261;NA;303314;791;2022-02-27;261559
2022-02-26;"Trenčiansky kraj";934;784;147;931;NA;303314;1081;2022-02-26;260768
2022-02-25;"Trenčiansky kraj";1460;1788;341;2129;NA;303314;1801;2022-02-25;259687
2022-02-24;"Trenčiansky kraj";1372;2468;309;2777;NA;303314;1681;2022-02-24;257886
2022-02-23;"Trenčiansky kraj";1677;2084;322;2406;NA;303314;1999;2022-02-23;256205
2022-02-22;"Trenčiansky kraj";2073;2270;451;2721;NA;303314;2524;2022-02-22;254206
2022-02-21;"Trenčiansky kraj";2172;4194;645;4839;NA;303314;2817;2022-02-21;251682
2022-02-20;"Trenčiansky kraj";1079;1436;322;1758;NA;303314;1401;2022-02-20;248865
2022-02-19;"Trenčiansky kraj";1168;1008;244;1252;NA;303314;1412;2022-02-19;247464
2022-02-18;"Trenčiansky kraj";2456;2369;477;2846;NA;303314;2933;2022-02-18;246052
2022-02-17;"Trenčiansky kraj";2090;2733;427;3160;NA;303314;2517;2022-02-17;243119
2022-02-16;"Trenčiansky kraj";2928;2478;512;2990;NA;303314;3440;2022-02-16;240602
2022-02-15;"Trenčiansky kraj";2372;2603;572;3175;NA;303314;2944;2022-02-15;237162
2022-02-14;"Trenčiansky kraj";2401;4489;728;5217;NA;303314;3129;2022-02-14;234218
2022-02-13;"Trenčiansky kraj";1357;1777;454;2231;NA;303314;1811;2022-02-13;231089
2022-02-12;"Trenčiansky kraj";1802;1448;277;1725;NA;303314;2079;2022-02-12;229278
2022-02-11;"Trenčiansky kraj";2863;2567;495;3062;NA;303314;3358;2022-02-11;227199
2022-02-10;"Trenčiansky kraj";2853;2717;504;3221;NA;303314;3357;2022-02-10;223841
2022-02-09;"Trenčiansky kraj";2788;4356;600;4956;NA;303314;3388;2022-02-09;220484
2022-02-08;"Trenčiansky kraj";2592;3182;660;3842;NA;303314;3252;2022-02-08;217096
2022-02-07;"Trenčiansky kraj";2787;5303;981;6284;NA;303314;3768;2022-02-07;213844
2022-02-06;"Trenčiansky kraj";1431;2181;472;2653;NA;303314;1903;2022-02-06;210076
2022-02-05;"Trenčiansky kraj";1458;1689;323;2012;NA;303314;1781;2022-02-05;208173
2022-02-04;"Trenčiansky kraj";2480;3226;524;3750;NA;303314;3004;2022-02-04;206392
2022-02-03;"Trenčiansky kraj";2391;3566;500;4066;NA;303314;2891;2022-02-03;203388
2022-02-02;"Trenčiansky kraj";2486;4591;602;5193;NA;303314;3088;2022-02-02;200497
2022-02-01;"Trenčiansky kraj";2359;3754;552;4306;NA;303314;2911;2022-02-01;197409
2022-01-31;"Trenčiansky kraj";1823;7493;752;8245;NA;303314;2575;2022-01-31;194498
2022-01-30;"Trenčiansky kraj";680;2463;319;2782;NA;303314;999;2022-01-30;191923
2022-01-29;"Trenčiansky kraj";1227;1772;227;1999;NA;303314;1454;2022-01-29;190924
2022-01-28;"Trenčiansky kraj";1709;3747;366;4113;NA;303314;2075;2022-01-28;189470
2022-01-27;"Trenčiansky kraj";1533;3562;368;3930;NA;303314;1901;2022-01-27;187395
2022-01-26;"Trenčiansky kraj";1415;4674;356;5030;NA;303314;1771;2022-01-26;185494
2022-01-25;"Trenčiansky kraj";1553;3307;299;3606;NA;303314;1852;2022-01-25;183723
2022-01-24;"Trenčiansky kraj";755;7090;328;7418;NA;303314;1083;2022-01-24;181871
2022-01-23;"Trenčiansky kraj";337;2409;179;2588;NA;303314;516;2022-01-23;180788
2022-01-22;"Trenčiansky kraj";683;1675;103;1778;NA;303314;786;2022-01-22;180272
2022-01-21;"Trenčiansky kraj";576;3522;174;3696;NA;303314;750;2022-01-21;179486
2022-01-20;"Trenčiansky kraj";710;2713;137;2850;NA;303314;847;2022-01-20;178736
2022-01-19;"Trenčiansky kraj";621;3765;142;3907;NA;303314;763;2022-01-19;177889
2022-01-18;"Trenčiansky kraj";579;3596;135;3731;NA;303314;714;2022-01-18;177126
2022-01-17;"Trenčiansky kraj";380;6550;210;6760;NA;303314;590;2022-01-17;176412
2022-01-16;"Trenčiansky kraj";89;2319;72;2391;NA;303314;161;2022-01-16;175822
2022-01-15;"Trenčiansky kraj";194;1345;40;1385;NA;303314;234;2022-01-15;175661
2022-01-14;"Trenčiansky kraj";189;2890;79;2969;NA;303314;268;2022-01-14;175427
2022-01-13;"Trenčiansky kraj";134;3329;87;3416;NA;303314;221;2022-01-13;175159
2022-01-12;"Trenčiansky kraj";346;3073;82;3155;NA;303314;428;2022-01-12;174938
2022-01-11;"Trenčiansky kraj";300;3028;80;3108;NA;303314;380;2022-01-11;174510
2022-01-10;"Trenčiansky kraj";218;7272;150;7422;NA;303314;368;2022-01-10;174130
2022-01-09;"Trenčiansky kraj";40;2808;52;2860;NA;303314;92;2022-01-09;173762
2022-01-08;"Trenčiansky kraj";267;1601;45;1646;NA;303314;312;2022-01-08;173670
2022-01-07;"Trenčiansky kraj";334;2968;103;3071;NA;303314;437;2022-01-07;173358
2022-01-06;"Trenčiansky kraj";75;1111;45;1156;NA;303314;120;2022-01-06;172921
2022-01-05;"Trenčiansky kraj";496;3004;84;3088;NA;303314;580;2022-01-05;172801
2022-01-04;"Trenčiansky kraj";521;3890;91;3981;NA;303314;612;2022-01-04;172221
2022-01-03;"Trenčiansky kraj";357;5970;144;6114;NA;303314;501;2022-01-03;171609
2022-01-02;"Trenčiansky kraj";179;2403;74;2477;NA;303314;253;2022-01-02;171108
2022-01-01;"Trenčiansky kraj";4;526;28;554;NA;303314;32;2022-01-01;170855
2021-12-31;"Trenčiansky kraj";443;1478;82;1560;NA;303314;525;2021-12-31;170823
2021-12-30;"Trenčiansky kraj";370;2400;129;2529;NA;303314;499;2021-12-30;170298
2021-12-29;"Trenčiansky kraj";429;2483;87;2570;NA;303314;516;2021-12-29;169799
2021-12-28;"Trenčiansky kraj";609;2741;111;2852;NA;303314;720;2021-12-28;169283
2021-12-27;"Trenčiansky kraj";546;3348;115;3463;NA;303314;661;2021-12-27;168563
2021-12-26;"Trenčiansky kraj";147;1098;78;1176;NA;303314;225;2021-12-26;167902
2021-12-25;"Trenčiansky kraj";52;503;27;530;NA;303314;79;2021-12-25;167677
2021-12-24;"Trenčiansky kraj";176;652;37;689;NA;303314;213;2021-12-24;167598
2021-12-23;"Trenčiansky kraj";532;2431;108;2539;NA;303314;640;2021-12-23;167385
2021-12-22;"Trenčiansky kraj";512;2595;119;2714;NA;303314;631;2021-12-22;166745
2021-12-21;"Trenčiansky kraj";694;3266;123;3389;NA;303314;817;2021-12-21;166114
2021-12-20;"Trenčiansky kraj";488;6754;210;6964;NA;303314;698;2021-12-20;165297
2021-12-19;"Trenčiansky kraj";202;2574;118;2692;NA;303314;320;2021-12-19;164599
2021-12-18;"Trenčiansky kraj";438;1752;108;1860;NA;303314;546;2021-12-18;164279
2021-12-17;"Trenčiansky kraj";427;4054;137;4191;NA;303314;564;2021-12-17;163733
2021-12-16;"Trenčiansky kraj";649;3214;180;3394;NA;303314;829;2021-12-16;163169
2021-12-15;"Trenčiansky kraj";791;4645;167;4812;NA;303314;958;2021-12-15;162340
2021-12-14;"Trenčiansky kraj";885;3640;142;3782;NA;303314;1027;2021-12-14;161382
2021-12-13;"Trenčiansky kraj";573;7458;256;7714;NA;303314;829;2021-12-13;160355
2021-12-12;"Trenčiansky kraj";306;3156;156;3312;NA;303314;462;2021-12-12;159526
2021-12-11;"Trenčiansky kraj";706;1876;138;2014;NA;303314;844;2021-12-11;159064
2021-12-10;"Trenčiansky kraj";789;3694;201;3895;NA;303314;990;2021-12-10;158220
2021-12-09;"Trenčiansky kraj";967;3897;203;4100;NA;303314;1170;2021-12-09;157230
2021-12-08;"Trenčiansky kraj";1020;4475;203;4678;NA;303314;1223;2021-12-08;156060
2021-12-07;"Trenčiansky kraj";1241;6281;217;6498;NA;303314;1458;2021-12-07;154837
2021-12-06;"Trenčiansky kraj";751;8923;430;9353;NA;303314;1181;2021-12-06;153379
2021-12-05;"Trenčiansky kraj";510;3610;210;3820;NA;303314;720;2021-12-05;152198
2021-12-04;"Trenčiansky kraj";1058;2043;156;2199;NA;303314;1214;2021-12-04;151478
2021-12-03;"Trenčiansky kraj";1272;4427;306;4733;NA;303314;1578;2021-12-03;150264
2021-12-02;"Trenčiansky kraj";2007;4132;265;4397;NA;303314;2272;2021-12-02;148686
2021-12-01;"Trenčiansky kraj";1000;4977;299;5276;NA;303314;1299;2021-12-01;146414
2021-11-30;"Trenčiansky kraj";1086;4743;332;5075;NA;303314;1418;2021-11-30;145115
2021-11-29;"Trenčiansky kraj";1165;10434;551;10985;NA;303314;1716;2021-11-29;143697
2021-11-28;"Trenčiansky kraj";664;5566;308;5874;NA;303314;972;2021-11-28;141981
2021-11-27;"Trenčiansky kraj";1080;2782;301;3083;NA;303314;1381;2021-11-27;141009
2021-11-26;"Trenčiansky kraj";1238;4529;350;4879;NA;303314;1588;2021-11-26;139628
2021-11-25;"Trenčiansky kraj";1018;3622;348;3970;NA;303314;1366;2021-11-25;138040
2021-11-24;"Trenčiansky kraj";1362;5596;472;6068;NA;303314;1834;2021-11-24;136674
2021-11-23;"Trenčiansky kraj";1140;3755;351;4106;NA;303314;1491;2021-11-23;134840
2021-11-22;"Trenčiansky kraj";920;6562;568;7130;NA;303314;1488;2021-11-22;133349
2021-11-21;"Trenčiansky kraj";413;3233;377;3610;NA;303314;790;2021-11-21;131861
2021-11-20;"Trenčiansky kraj";914;2379;341;2720;NA;303314;1255;2021-11-20;131071
2021-11-19;"Trenčiansky kraj";1261;3817;448;4265;NA;303314;1709;2021-11-19;129816
2021-11-18;"Trenčiansky kraj";810;5085;529;5614;NA;303314;1339;2021-11-18;128107
2021-11-17;"Trenčiansky kraj";796;1852;237;2089;NA;303314;1033;2021-11-17;126768
2021-11-16;"Trenčiansky kraj";859;4095;403;4498;NA;303314;1262;2021-11-16;125735
2021-11-15;"Trenčiansky kraj";720;5206;557;5763;NA;303314;1277;2021-11-15;124473
2021-11-14;"Trenčiansky kraj";447;2462;343;2805;NA;303314;790;2021-11-14;123196
2021-11-13;"Trenčiansky kraj";478;1879;254;2133;NA;303314;732;2021-11-13;122406
2021-11-12;"Trenčiansky kraj";784;3884;341;4225;NA;303314;1125;2021-11-12;121674
2021-11-11;"Trenčiansky kraj";805;3594;347;3941;NA;303314;1152;2021-11-11;120549
2021-11-10;"Trenčiansky kraj";647;3389;282;3671;NA;303314;929;2021-11-10;119397
2021-11-09;"Trenčiansky kraj";752;2915;306;3221;NA;303314;1058;2021-11-09;118468
2021-11-08;"Trenčiansky kraj";489;4724;355;5079;NA;303314;844;2021-11-08;117410
2021-11-07;"Trenčiansky kraj";405;2043;220;2263;NA;303314;625;2021-11-07;116566
2021-11-06;"Trenčiansky kraj";542;1755;176;1931;NA;303314;718;2021-11-06;115941
2021-11-05;"Trenčiansky kraj";677;3108;240;3348;NA;303314;917;2021-11-05;115223
2021-11-04;"Trenčiansky kraj";563;2741;232;2973;NA;303314;795;2021-11-04;114306
2021-11-03;"Trenčiansky kraj";619;2981;225;3206;NA;303314;844;2021-11-03;113511
2021-11-02;"Trenčiansky kraj";663;3884;313;4197;NA;303314;976;2021-11-02;112667
2021-11-01;"Trenčiansky kraj";219;1029;101;1130;NA;303314;320;2021-11-01;111691
2021-10-31;"Trenčiansky kraj";151;1462;152;1614;NA;303314;303;2021-10-31;111371
2021-10-30;"Trenčiansky kraj";345;1770;130;1900;NA;303314;475;2021-10-30;111068
2021-10-29;"Trenčiansky kraj";415;2885;130;3015;NA;303314;545;2021-10-29;110593
2021-10-28;"Trenčiansky kraj";429;2682;159;2841;NA;303314;588;2021-10-28;110048
2021-10-27;"Trenčiansky kraj";463;2640;94;2734;NA;303314;557;2021-10-27;109460
2021-10-26;"Trenčiansky kraj";419;2657;135;2792;NA;303314;554;2021-10-26;108903
2021-10-25;"Trenčiansky kraj";192;3431;134;3565;NA;303314;326;2021-10-25;108349
2021-10-24;"Trenčiansky kraj";121;1643;79;1722;NA;303314;200;2021-10-24;108023
2021-10-23;"Trenčiansky kraj";326;1737;64;1801;NA;303314;390;2021-10-23;107823
2021-10-22;"Trenčiansky kraj";358;2722;80;2802;NA;303314;438;2021-10-22;107433
2021-10-21;"Trenčiansky kraj";247;2369;76;2445;NA;303314;323;2021-10-21;106995
2021-10-20;"Trenčiansky kraj";302;2124;71;2195;NA;303314;373;2021-10-20;106672
2021-10-19;"Trenčiansky kraj";227;2866;61;2927;NA;303314;288;2021-10-19;106299
2021-10-18;"Trenčiansky kraj";143;2522;73;2595;NA;303314;216;2021-10-18;106011
2021-10-17;"Trenčiansky kraj";46;1457;31;1488;NA;303314;77;2021-10-17;105795
2021-10-16;"Trenčiansky kraj";76;1671;35;1706;NA;303314;111;2021-10-16;105718
2021-10-15;"Trenčiansky kraj";126;2970;52;3022;NA;303314;178;2021-10-15;105607
2021-10-14;"Trenčiansky kraj";103;1717;27;1744;NA;303314;130;2021-10-14;105429
2021-10-13;"Trenčiansky kraj";171;2672;28;2700;NA;303314;199;2021-10-13;105299
2021-10-12;"Trenčiansky kraj";114;2364;33;2397;NA;303314;147;2021-10-12;105100
2021-10-11;"Trenčiansky kraj";109;2571;50;2621;NA;303314;159;2021-10-11;104953
2021-10-10;"Trenčiansky kraj";17;1487;23;1510;NA;303314;40;2021-10-10;104794
2021-10-09;"Trenčiansky kraj";157;1809;16;1825;NA;303314;173;2021-10-09;104754
2021-10-08;"Trenčiansky kraj";82;3100;38;3138;NA;303314;120;2021-10-08;104581
2021-10-07;"Trenčiansky kraj";107;2054;32;2086;NA;303314;139;2021-10-07;104461
2021-10-06;"Trenčiansky kraj";193;2300;37;2337;NA;303314;230;2021-10-06;104322
2021-10-05;"Trenčiansky kraj";119;2236;42;2278;NA;303314;161;2021-10-05;104092
2021-10-04;"Trenčiansky kraj";105;2775;53;2828;NA;303314;158;2021-10-04;103931
2021-10-03;"Trenčiansky kraj";30;1558;27;1585;NA;303314;57;2021-10-03;103773
2021-10-02;"Trenčiansky kraj";107;1794;35;1829;NA;303314;142;2021-10-02;103716
2021-10-01;"Trenčiansky kraj";119;2692;37;2729;NA;303314;156;2021-10-01;103574
2021-09-30;"Trenčiansky kraj";74;2329;50;2379;NA;303314;124;2021-09-30;103418
2021-09-29;"Trenčiansky kraj";170;2151;30;2181;NA;303314;200;2021-09-29;103294
2021-09-28;"Trenčiansky kraj";95;2270;31;2301;NA;303314;126;2021-09-28;103094
2021-09-27;"Trenčiansky kraj";56;2819;57;2876;NA;303314;113;2021-09-27;102968
2021-09-26;"Trenčiansky kraj";20;1675;33;1708;NA;303314;53;2021-09-26;102855
2021-09-25;"Trenčiansky kraj";76;1674;21;1695;NA;303314;97;2021-09-25;102802
2021-09-24;"Trenčiansky kraj";104;3222;35;3257;NA;303314;139;2021-09-24;102705
2021-09-23;"Trenčiansky kraj";91;2252;27;2279;NA;303314;118;2021-09-23;102566
2021-09-22;"Trenčiansky kraj";90;2147;24;2171;NA;303314;114;2021-09-22;102448
2021-09-21;"Trenčiansky kraj";79;2309;29;2338;NA;303314;108;2021-09-21;102334
2021-09-20;"Trenčiansky kraj";78;2615;37;2652;NA;303314;115;2021-09-20;102226
2021-09-19;"Trenčiansky kraj";11;1571;20;1591;NA;303314;31;2021-09-19;102111
2021-09-18;"Trenčiansky kraj";53;2099;14;2113;NA;303314;67;2021-09-18;102080
2021-09-17;"Trenčiansky kraj";55;3144;26;3170;NA;303314;81;2021-09-17;102013
2021-09-16;"Trenčiansky kraj";52;2164;20;2184;NA;303314;72;2021-09-16;101932
2021-09-15;"Trenčiansky kraj";63;1043;7;1050;NA;303314;70;2021-09-15;101860
2021-09-14;"Trenčiansky kraj";67;2450;25;2475;NA;303314;92;2021-09-14;101790
2021-09-13;"Trenčiansky kraj";33;2276;35;2311;NA;303314;68;2021-09-13;101698
2021-09-12;"Trenčiansky kraj";3;1411;11;1422;NA;303314;14;2021-09-12;101630
2021-09-11;"Trenčiansky kraj";55;1729;6;1735;NA;303314;61;2021-09-11;101616
2021-09-10;"Trenčiansky kraj";49;2248;15;2263;NA;303314;64;2021-09-10;101555
2021-09-09;"Trenčiansky kraj";24;1685;30;1715;NA;303314;54;2021-09-09;101491
2021-09-08;"Trenčiansky kraj";54;1773;15;1788;NA;303314;69;2021-09-08;101437
2021-09-07;"Trenčiansky kraj";43;1395;18;1413;NA;303314;61;2021-09-07;101368
2021-09-06;"Trenčiansky kraj";47;1401;15;1416;NA;303314;62;2021-09-06;101307
2021-09-05;"Trenčiansky kraj";2;966;23;989;NA;303314;25;2021-09-05;101245
2021-09-04;"Trenčiansky kraj";41;925;4;929;NA;303314;45;2021-09-04;101220
2021-09-03;"Trenčiansky kraj";53;1422;15;1437;NA;303314;68;2021-09-03;101175
2021-09-02;"Trenčiansky kraj";7;1001;14;1015;NA;303314;21;2021-09-02;101107
2021-09-01;"Trenčiansky kraj";27;431;8;439;NA;303314;35;2021-09-01;101086
2021-08-31;"Trenčiansky kraj";21;1146;15;1161;NA;303314;36;2021-08-31;101051
2021-08-30;"Trenčiansky kraj";32;1168;10;1178;NA;303314;42;2021-08-30;101015
2021-08-29;"Trenčiansky kraj";1;482;11;493;NA;303314;12;2021-08-29;100973
2021-08-28;"Trenčiansky kraj";9;976;10;986;NA;303314;19;2021-08-28;100961
2021-08-27;"Trenčiansky kraj";21;1599;1;1600;NA;303314;22;2021-08-27;100942
2021-08-26;"Trenčiansky kraj";8;993;6;999;NA;303314;14;2021-08-26;100920
2021-08-25;"Trenčiansky kraj";40;875;7;882;NA;303314;47;2021-08-25;100906
2021-08-24;"Trenčiansky kraj";4;822;4;826;NA;303314;8;2021-08-24;100859
2021-08-23;"Trenčiansky kraj";6;1165;17;1182;NA;303314;23;2021-08-23;100851
2021-08-22;"Trenčiansky kraj";0;726;10;736;NA;303314;10;2021-08-22;100828
2021-08-21;"Trenčiansky kraj";5;964;7;971;NA;303314;12;2021-08-21;100818
2021-08-20;"Trenčiansky kraj";15;1538;2;1540;NA;303314;17;2021-08-20;100806
2021-08-19;"Trenčiansky kraj";2;986;2;988;NA;303314;4;2021-08-19;100789
2021-08-18;"Trenčiansky kraj";6;816;7;823;NA;303314;13;2021-08-18;100785
2021-08-17;"Trenčiansky kraj";9;634;1;635;NA;303314;10;2021-08-17;100772
2021-08-16;"Trenčiansky kraj";5;929;3;932;NA;303314;8;2021-08-16;100762
2021-08-15;"Trenčiansky kraj";0;558;1;559;NA;303314;1;2021-08-15;100754
2021-08-14;"Trenčiansky kraj";12;574;6;580;NA;303314;18;2021-08-14;100753
2021-08-13;"Trenčiansky kraj";2;934;0;934;NA;303314;2;2021-08-13;100735
2021-08-12;"Trenčiansky kraj";2;566;3;569;NA;303314;5;2021-08-12;100733
2021-08-11;"Trenčiansky kraj";1;683;0;683;NA;303314;1;2021-08-11;100728
2021-08-10;"Trenčiansky kraj";8;532;1;533;NA;303314;9;2021-08-10;100727
2021-08-09;"Trenčiansky kraj";8;698;1;699;NA;303314;9;2021-08-09;100718
2021-08-08;"Trenčiansky kraj";0;468;0;468;NA;303314;0;2021-08-08;100709
2021-08-07;"Trenčiansky kraj";3;464;0;464;NA;303314;3;2021-08-07;100709
2021-08-06;"Trenčiansky kraj";3;956;1;957;NA;303314;4;2021-08-06;100706
2021-08-05;"Trenčiansky kraj";3;582;1;583;NA;303314;4;2021-08-05;100702
2021-08-04;"Trenčiansky kraj";14;549;3;552;NA;303314;17;2021-08-04;100698
2021-08-03;"Trenčiansky kraj";9;510;5;515;NA;303314;14;2021-08-03;100681
2021-08-02;"Trenčiansky kraj";1;811;2;813;NA;303314;3;2021-08-02;100667
2021-08-01;"Trenčiansky kraj";0;514;1;515;NA;303314;1;2021-08-01;100664
2021-07-31;"Trenčiansky kraj";4;525;2;527;NA;303314;6;2021-07-31;100663
2021-07-30;"Trenčiansky kraj";2;1071;0;1071;NA;303314;2;2021-07-30;100657
2021-07-29;"Trenčiansky kraj";5;710;0;710;NA;303314;5;2021-07-29;100655
2021-07-28;"Trenčiansky kraj";3;521;2;523;NA;303314;5;2021-07-28;100650
2021-07-27;"Trenčiansky kraj";6;553;1;554;NA;303314;7;2021-07-27;100645
2021-07-26;"Trenčiansky kraj";7;781;1;782;NA;303314;8;2021-07-26;100638
2021-07-25;"Trenčiansky kraj";0;487;2;489;NA;303314;2;2021-07-25;100630
2021-07-24;"Trenčiansky kraj";3;643;1;644;NA;303314;4;2021-07-24;100628
2021-07-23;"Trenčiansky kraj";3;1154;0;1154;NA;303314;3;2021-07-23;100624
2021-07-22;"Trenčiansky kraj";2;849;2;851;NA;303314;4;2021-07-22;100621
2021-07-21;"Trenčiansky kraj";8;667;2;669;NA;303314;10;2021-07-21;100617
2021-07-20;"Trenčiansky kraj";4;530;1;531;NA;303314;5;2021-07-20;100607
2021-07-19;"Trenčiansky kraj";0;878;4;882;NA;303314;4;2021-07-19;100602
2021-07-18;"Trenčiansky kraj";0;526;0;526;NA;303314;0;2021-07-18;100598
2021-07-17;"Trenčiansky kraj";3;673;0;673;NA;303314;3;2021-07-17;100598
2021-07-16;"Trenčiansky kraj";4;1126;0;1126;NA;303314;4;2021-07-16;100595
2021-07-15;"Trenčiansky kraj";2;830;0;830;NA;303314;2;2021-07-15;100591
2021-07-14;"Trenčiansky kraj";8;665;1;666;NA;303314;9;2021-07-14;100589
2021-07-13;"Trenčiansky kraj";1;528;3;531;NA;303314;4;2021-07-13;100580
2021-07-12;"Trenčiansky kraj";9;827;3;830;NA;303314;12;2021-07-12;100576
2021-07-11;"Trenčiansky kraj";0;611;2;613;NA;303314;2;2021-07-11;100564
2021-07-10;"Trenčiansky kraj";2;535;0;535;NA;303314;2;2021-07-10;100562
2021-07-09;"Trenčiansky kraj";7;1387;2;1389;NA;303314;9;2021-07-09;100560
2021-07-08;"Trenčiansky kraj";2;824;1;825;NA;303314;3;2021-07-08;100551
2021-07-07;"Trenčiansky kraj";2;943;1;944;NA;303314;3;2021-07-07;100548
2021-07-06;"Trenčiansky kraj";4;1046;2;1048;NA;303314;6;2021-07-06;100545
2021-07-05;"Trenčiansky kraj";1;516;0;516;NA;303314;1;2021-07-05;100539
2021-07-04;"Trenčiansky kraj";0;612;1;613;NA;303314;1;2021-07-04;100538
2021-07-03;"Trenčiansky kraj";3;815;1;816;NA;303314;4;2021-07-03;100537
2021-07-02;"Trenčiansky kraj";5;1590;2;1592;NA;303314;7;2021-07-02;100533
2021-07-01;"Trenčiansky kraj";4;1173;1;1174;NA;303314;5;2021-07-01;100526
2021-06-30;"Trenčiansky kraj";2;7021;6;7027;NA;303314;8;2021-06-30;100521
2021-06-29;"Trenčiansky kraj";4;2773;5;2778;NA;303314;9;2021-06-29;100513
2021-06-28;"Trenčiansky kraj";5;3672;9;3681;NA;303314;14;2021-06-28;100504
2021-06-27;"Trenčiansky kraj";0;2861;1;2862;NA;303314;1;2021-06-27;100490
2021-06-26;"Trenčiansky kraj";1;3547;4;3551;NA;303314;5;2021-06-26;100489
2021-06-25;"Trenčiansky kraj";2;4635;2;4637;NA;303314;4;2021-06-25;100484
2021-06-24;"Trenčiansky kraj";3;3320;4;3324;NA;303314;7;2021-06-24;100480
2021-06-23;"Trenčiansky kraj";4;2808;2;2810;NA;303314;6;2021-06-23;100473
2021-06-22;"Trenčiansky kraj";7;3137;4;3141;NA;303314;11;2021-06-22;100467
2021-06-21;"Trenčiansky kraj";10;3891;4;3895;NA;303314;14;2021-06-21;100456
2021-06-20;"Trenčiansky kraj";0;3579;5;3584;NA;303314;5;2021-06-20;100442
2021-06-19;"Trenčiansky kraj";5;4528;1;4529;NA;303314;6;2021-06-19;100437
2021-06-18;"Trenčiansky kraj";7;6725;7;6732;NA;303314;14;2021-06-18;100431
2021-06-17;"Trenčiansky kraj";0;3469;6;3475;NA;303314;6;2021-06-17;100417
2021-06-16;"Trenčiansky kraj";4;3183;3;3186;NA;303314;7;2021-06-16;100411
2021-06-15;"Trenčiansky kraj";10;3697;2;3699;NA;303314;12;2021-06-15;100404
2021-06-14;"Trenčiansky kraj";10;4805;15;4820;NA;303314;25;2021-06-14;100392
2021-06-13;"Trenčiansky kraj";0;4643;4;4647;NA;303314;4;2021-06-13;100367
2021-06-12;"Trenčiansky kraj";4;5260;8;5268;NA;303314;12;2021-06-12;100363
2021-06-11;"Trenčiansky kraj";10;7365;11;7376;NA;303314;21;2021-06-11;100351
2021-06-10;"Trenčiansky kraj";5;4345;7;4352;NA;303314;12;2021-06-10;100330
2021-06-09;"Trenčiansky kraj";7;3693;7;3700;NA;303314;14;2021-06-09;100318
2021-06-08;"Trenčiansky kraj";21;3965;7;3972;NA;303314;28;2021-06-08;100304
2021-06-07;"Trenčiansky kraj";13;5560;10;5570;NA;303314;23;2021-06-07;100276
2021-06-06;"Trenčiansky kraj";0;5500;10;5510;NA;303314;10;2021-06-06;100253
2021-06-05;"Trenčiansky kraj";7;6511;5;6516;NA;303314;12;2021-06-05;100243
2021-06-04;"Trenčiansky kraj";16;7653;3;7656;NA;303314;19;2021-06-04;100231
2021-06-03;"Trenčiansky kraj";9;4485;10;4495;NA;303314;19;2021-06-03;100212
2021-06-02;"Trenčiansky kraj";28;4329;8;4337;NA;303314;36;2021-06-02;100193
2021-06-01;"Trenčiansky kraj";22;5396;18;5414;NA;303314;40;2021-06-01;100157
2021-05-31;"Trenčiansky kraj";30;6117;24;6141;NA;303314;54;2021-05-31;100117
2021-05-30;"Trenčiansky kraj";0;8258;16;8274;NA;303314;16;2021-05-30;100063
2021-05-29;"Trenčiansky kraj";13;7915;14;7929;NA;303314;27;2021-05-29;100047
2021-05-28;"Trenčiansky kraj";22;8995;25;9020;NA;303314;47;2021-05-28;100020
2021-05-27;"Trenčiansky kraj";6;5205;12;5217;NA;303314;18;2021-05-27;99973
2021-05-26;"Trenčiansky kraj";26;5069;15;5084;NA;303314;41;2021-05-26;99955
2021-05-25;"Trenčiansky kraj";18;6168;24;6192;NA;303314;42;2021-05-25;99914
2021-05-24;"Trenčiansky kraj";19;9292;37;9329;NA;303314;56;2021-05-24;99872
2021-05-23;"Trenčiansky kraj";0;9083;26;9109;NA;303314;26;2021-05-23;99816
2021-05-22;"Trenčiansky kraj";11;11314;21;11335;NA;303314;32;2021-05-22;99790
2021-05-21;"Trenčiansky kraj";23;11572;26;11598;NA;303314;49;2021-05-21;99758
2021-05-20;"Trenčiansky kraj";23;6320;25;6345;NA;303314;48;2021-05-20;99709
2021-05-19;"Trenčiansky kraj";16;5694;32;5726;NA;303314;48;2021-05-19;99661
2021-05-18;"Trenčiansky kraj";26;7779;28;7807;NA;303314;54;2021-05-18;99613
2021-05-17;"Trenčiansky kraj";37;7671;43;7714;NA;303314;80;2021-05-17;99559
2021-05-16;"Trenčiansky kraj";25;15615;41;15656;NA;303314;66;2021-05-16;99479
2021-05-15;"Trenčiansky kraj";3;21237;32;21269;NA;303314;35;2021-05-15;99413
2021-05-14;"Trenčiansky kraj";41;18676;42;18718;NA;303314;83;2021-05-14;99378
2021-05-13;"Trenčiansky kraj";41;8195;24;8219;NA;303314;65;2021-05-13;99295
2021-05-12;"Trenčiansky kraj";41;7409;31;7440;NA;303314;72;2021-05-12;99230
2021-05-11;"Trenčiansky kraj";66;10507;32;10539;NA;303314;98;2021-05-11;99158
2021-05-10;"Trenčiansky kraj";48;12989;55;13044;NA;303314;103;2021-05-10;99060
2021-05-09;"Trenčiansky kraj";52;17737;39;17776;NA;303314;91;2021-05-09;98957
2021-05-08;"Trenčiansky kraj";3;23822;33;23855;NA;303314;36;2021-05-08;98866
2021-05-07;"Trenčiansky kraj";45;23549;56;23605;NA;303314;101;2021-05-07;98830
2021-05-06;"Trenčiansky kraj";26;10771;44;10815;NA;303314;70;2021-05-06;98729
2021-05-05;"Trenčiansky kraj";73;9377;41;9418;NA;303314;114;2021-05-05;98659
2021-05-04;"Trenčiansky kraj";55;12733;53;12786;NA;303314;108;2021-05-04;98545
2021-05-03;"Trenčiansky kraj";60;15331;51;15382;NA;303314;111;2021-05-03;98437
2021-05-02;"Trenčiansky kraj";0;31152;65;31217;NA;303314;65;2021-05-02;98326
2021-05-01;"Trenčiansky kraj";71;56982;60;57042;NA;303314;131;2021-05-01;98261
2021-04-30;"Trenčiansky kraj";77;29427;61;29488;NA;303314;138;2021-04-30;98130
2021-04-29;"Trenčiansky kraj";49;13184;59;13243;NA;303314;108;2021-04-29;97992
2021-04-28;"Trenčiansky kraj";79;12537;52;12589;NA;303314;131;2021-04-28;97884
2021-04-27;"Trenčiansky kraj";107;15527;40;15567;NA;303314;147;2021-04-27;97753
2021-04-26;"Trenčiansky kraj";52;21070;63;21133;NA;303314;115;2021-04-26;97606
2021-04-25;"Trenčiansky kraj";0;34560;48;34608;NA;303314;48;2021-04-25;97491
2021-04-24;"Trenčiansky kraj";76;72398;100;72498;NA;303314;176;2021-04-24;97443
2021-04-23;"Trenčiansky kraj";143;29959;79;30038;NA;303314;222;2021-04-23;97267
2021-04-22;"Trenčiansky kraj";71;13847;64;13911;NA;303314;135;2021-04-22;97045
2021-04-21;"Trenčiansky kraj";79;13000;67;13067;NA;303314;146;2021-04-21;96910
2021-04-20;"Trenčiansky kraj";142;17740;80;17820;NA;303314;222;2021-04-20;96764
2021-04-19;"Trenčiansky kraj";102;22631;103;22734;NA;303314;205;2021-04-19;96542
2021-04-18;"Trenčiansky kraj";3;40879;97;40976;NA;303314;100;2021-04-18;96337
2021-04-17;"Trenčiansky kraj";77;81498;136;81634;NA;303314;213;2021-04-17;96237
2021-04-16;"Trenčiansky kraj";100;31961;90;32051;NA;303314;190;2021-04-16;96024
2021-04-15;"Trenčiansky kraj";71;14479;69;14548;NA;303314;140;2021-04-15;95834
2021-04-14;"Trenčiansky kraj";135;15563;72;15635;NA;303314;207;2021-04-14;95694
2021-04-13;"Trenčiansky kraj";189;18721;75;18796;NA;303314;264;2021-04-13;95487
2021-04-12;"Trenčiansky kraj";97;23743;91;23834;NA;303314;188;2021-04-12;95223
2021-04-11;"Trenčiansky kraj";1;34735;75;34810;NA;303314;76;2021-04-11;95035
2021-04-10;"Trenčiansky kraj";81;83093;145;83238;NA;303314;226;2021-04-10;94959
2021-04-09;"Trenčiansky kraj";120;28014;91;28105;NA;303314;211;2021-04-09;94733
2021-04-08;"Trenčiansky kraj";112;13283;85;13368;NA;303314;197;2021-04-08;94522
2021-04-07;"Trenčiansky kraj";204;17688;123;17811;NA;303314;327;2021-04-07;94325
2021-04-06;"Trenčiansky kraj";157;28567;178;28745;NA;303314;335;2021-04-06;93998
2021-04-05;"Trenčiansky kraj";15;9227;64;9291;NA;303314;79;2021-04-05;93663
2021-04-04;"Trenčiansky kraj";2;20291;85;20376;NA;303314;87;2021-04-04;93584
2021-04-03;"Trenčiansky kraj";86;80473;221;80694;NA;303314;307;2021-04-03;93497
2021-04-02;"Trenčiansky kraj";126;21620;81;21701;NA;303314;207;2021-04-02;93190
2021-04-01;"Trenčiansky kraj";159;32376;139;32515;NA;303314;298;2021-04-01;92983
2021-03-31;"Trenčiansky kraj";198;20100;130;20230;NA;303314;328;2021-03-31;92685
2021-03-30;"Trenčiansky kraj";272;17305;136;17441;NA;303314;408;2021-03-30;92357
2021-03-29;"Trenčiansky kraj";142;19479;170;19649;NA;303314;312;2021-03-29;91949
2021-03-28;"Trenčiansky kraj";3;34759;116;34875;NA;303314;119;2021-03-28;91637
2021-03-27;"Trenčiansky kraj";130;77314;293;77607;NA;303314;423;2021-03-27;91518
2021-03-26;"Trenčiansky kraj";211;35095;157;35252;NA;303314;368;2021-03-26;91095
2021-03-25;"Trenčiansky kraj";184;16580;176;16756;NA;303314;360;2021-03-25;90727
2021-03-24;"Trenčiansky kraj";259;13102;171;13273;NA;303314;430;2021-03-24;90367
2021-03-23;"Trenčiansky kraj";349;17589;174;17763;NA;303314;523;2021-03-23;89937
2021-03-22;"Trenčiansky kraj";141;21116;213;21329;NA;303314;354;2021-03-22;89414
2021-03-21;"Trenčiansky kraj";85;32711;164;32875;NA;303314;249;2021-03-21;89060
2021-03-20;"Trenčiansky kraj";128;80035;322;80357;NA;303314;450;2021-03-20;88811
2021-03-19;"Trenčiansky kraj";231;34783;232;35015;NA;303314;463;2021-03-19;88361
2021-03-18;"Trenčiansky kraj";262;16105;178;16283;NA;303314;440;2021-03-18;87898
2021-03-17;"Trenčiansky kraj";366;13435;164;13599;NA;303314;530;2021-03-17;87458
2021-03-16;"Trenčiansky kraj";450;15282;241;15523;NA;303314;691;2021-03-16;86928
2021-03-15;"Trenčiansky kraj";162;21235;261;21496;NA;303314;423;2021-03-15;86237
2021-03-14;"Trenčiansky kraj";42;34416;238;34654;NA;303314;280;2021-03-14;85814
2021-03-13;"Trenčiansky kraj";270;79186;453;79639;NA;303314;723;2021-03-13;85534
2021-03-12;"Trenčiansky kraj";366;34795;307;35102;NA;303314;673;2021-03-12;84811
2021-03-11;"Trenčiansky kraj";302;15558;213;15771;NA;303314;515;2021-03-11;84138
2021-03-10;"Trenčiansky kraj";402;13585;237;13822;NA;303314;639;2021-03-10;83623
2021-03-09;"Trenčiansky kraj";586;17982;285;18267;NA;303314;871;2021-03-09;82984
2021-03-08;"Trenčiansky kraj";174;21704;363;22067;NA;303314;537;2021-03-08;82113
2021-03-07;"Trenčiansky kraj";4;33660;313;33973;NA;303314;317;2021-03-07;81576
2021-03-06;"Trenčiansky kraj";260;79661;529;80190;NA;303314;789;2021-03-06;81259
2021-03-05;"Trenčiansky kraj";326;32969;415;33384;NA;303314;741;2021-03-05;80470
2021-03-04;"Trenčiansky kraj";323;16821;317;17138;NA;303314;640;2021-03-04;79729
2021-03-03;"Trenčiansky kraj";413;13960;347;14307;NA;303314;760;2021-03-03;79089
2021-03-02;"Trenčiansky kraj";612;17794;344;18138;NA;303314;956;2021-03-02;78329
2021-03-01;"Trenčiansky kraj";217;21104;445;21549;NA;303314;662;2021-03-01;77373
2021-02-28;"Trenčiansky kraj";45;30238;376;30614;NA;303314;421;2021-02-28;76711
2021-02-27;"Trenčiansky kraj";277;78735;686;79421;NA;303314;963;2021-02-27;76290
2021-02-26;"Trenčiansky kraj";420;32940;434;33374;NA;303314;854;2021-02-26;75327
2021-02-25;"Trenčiansky kraj";424;14029;328;14357;NA;303314;752;2021-02-25;74473
2021-02-24;"Trenčiansky kraj";427;12014;399;12413;NA;303314;826;2021-02-24;73721
2021-02-23;"Trenčiansky kraj";577;14904;390;15294;NA;303314;967;2021-02-23;72895
2021-02-22;"Trenčiansky kraj";160;19969;468;20437;NA;303314;628;2021-02-22;71928
2021-02-21;"Trenčiansky kraj";64;29478;392;29870;NA;303314;456;2021-02-21;71300
2021-02-20;"Trenčiansky kraj";274;77840;745;78585;NA;303314;1019;2021-02-20;70844
2021-02-19;"Trenčiansky kraj";272;30260;523;30783;NA;303314;795;2021-02-19;69825
2021-02-18;"Trenčiansky kraj";355;14094;403;14497;NA;303314;758;2021-02-18;69030
2021-02-17;"Trenčiansky kraj";363;11412;376;11788;NA;303314;739;2021-02-17;68272
2021-02-16;"Trenčiansky kraj";488;17761;406;18167;NA;303314;894;2021-02-16;67533
2021-02-15;"Trenčiansky kraj";151;21846;463;22309;NA;303314;614;2021-02-15;66639
2021-02-14;"Trenčiansky kraj";2;31255;324;31579;NA;303314;326;2021-02-14;66025
2021-02-13;"Trenčiansky kraj";274;63006;522;63528;NA;303314;796;2021-02-13;65699
2021-02-12;"Trenčiansky kraj";276;27979;412;28391;NA;303314;688;2021-02-12;64903
2021-02-11;"Trenčiansky kraj";291;11567;323;11890;NA;303314;614;2021-02-11;64215
2021-02-10;"Trenčiansky kraj";304;11408;317;11725;NA;303314;621;2021-02-10;63601
2021-02-09;"Trenčiansky kraj";514;18412;360;18772;NA;303314;874;2021-02-09;62980
2021-02-08;"Trenčiansky kraj";182;26832;430;27262;NA;303314;612;2021-02-08;62106
2021-02-07;"Trenčiansky kraj";31;36781;341;37122;NA;303314;372;2021-02-07;61494
2021-02-06;"Trenčiansky kraj";216;63931;560;64491;NA;303314;776;2021-02-06;61122
2021-02-05;"Trenčiansky kraj";202;18164;367;18531;NA;303314;569;2021-02-05;60346
2021-02-04;"Trenčiansky kraj";266;7253;311;7564;NA;303314;577;2021-02-04;59777
2021-02-03;"Trenčiansky kraj";162;6723;320;7043;NA;303314;482;2021-02-03;59200
2021-02-02;"Trenčiansky kraj";347;8074;381;8455;NA;303314;728;2021-02-02;58718
2021-02-01;"Trenčiansky kraj";167;8921;311;9232;NA;303314;478;2021-02-01;57990
2021-01-31;"Trenčiansky kraj";7;19103;159;19262;NA;303314;166;2021-01-31;57512
2021-01-30;"Trenčiansky kraj";228;38167;332;38499;NA;303314;560;2021-01-30;57346
2021-01-29;"Trenčiansky kraj";214;7590;235;7825;NA;303314;449;2021-01-29;56786
2021-01-28;"Trenčiansky kraj";307;5442;158;5600;NA;303314;465;2021-01-28;56337
2021-01-27;"Trenčiansky kraj";166;4842;181;5023;NA;303314;347;2021-01-27;55872
2021-01-26;"Trenčiansky kraj";303;14589;250;14839;NA;303314;553;2021-01-26;55525
2021-01-25;"Trenčiansky kraj";160;24310;207;24517;NA;303314;367;2021-01-25;54972
2021-01-24;"Trenčiansky kraj";51;38369;282;38651;NA;303314;333;2021-01-24;54605
2021-01-23;"Trenčiansky kraj";206;114125;749;114874;NA;303314;955;2021-01-23;54272
2021-01-22;"Trenčiansky kraj";148;21831;241;22072;NA;303314;389;2021-01-22;53317
2021-01-21;"Trenčiansky kraj";143;8586;166;8752;NA;303314;309;2021-01-21;52928
2021-01-20;"Trenčiansky kraj";181;8189;227;8416;NA;303314;408;2021-01-20;52619
2021-01-19;"Trenčiansky kraj";363;6600;262;6862;NA;303314;625;2021-01-19;52211
2021-01-18;"Trenčiansky kraj";72;4970;321;5291;NA;303314;393;2021-01-18;51586
2021-01-17;"Trenčiansky kraj";124;156;11;167;NA;303314;135;2021-01-17;51193
2021-01-16;"Trenčiansky kraj";39;1288;53;1341;NA;303314;92;2021-01-16;51058
2021-01-15;"Trenčiansky kraj";264;4031;214;4245;NA;303314;478;2021-01-15;50966
2021-01-14;"Trenčiansky kraj";275;3193;189;3382;NA;303314;464;2021-01-14;50488
2021-01-13;"Trenčiansky kraj";222;3893;215;4108;NA;303314;437;2021-01-13;50024
2021-01-12;"Trenčiansky kraj";508;4604;261;4865;NA;303314;769;2021-01-12;49587
2021-01-11;"Trenčiansky kraj";142;4367;354;4721;NA;303314;496;2021-01-11;48818
2021-01-10;"Trenčiansky kraj";89;4969;77;5046;NA;303314;166;2021-01-10;48322
2021-01-09;"Trenčiansky kraj";276;8280;128;8408;NA;303314;404;2021-01-09;48156
2021-01-08;"Trenčiansky kraj";489;6435;484;6919;NA;303314;973;2021-01-08;47752
2021-01-07;"Trenčiansky kraj";420;6138;577;6715;NA;303314;997;2021-01-07;46779
2021-01-06;"Trenčiansky kraj";221;1021;64;1085;NA;303314;285;2021-01-06;45782
2021-01-05;"Trenčiansky kraj";669;5753;706;6459;NA;303314;1375;2021-01-05;45497
2021-01-04;"Trenčiansky kraj";337;5248;782;6030;NA;303314;1119;2021-01-04;44122
2021-01-03;"Trenčiansky kraj";38;114;15;129;NA;303314;53;2021-01-03;43003
2021-01-02;"Trenčiansky kraj";129;196;23;219;NA;303314;152;2021-01-02;42950
2021-01-01;"Trenčiansky kraj";329;347;23;370;NA;303314;352;2021-01-01;42798
2020-12-31;"Trenčiansky kraj";597;4943;557;5500;NA;303314;1154;2020-12-31;42446
2020-12-30;"Trenčiansky kraj";836;7012;762;7774;NA;303314;1598;2020-12-30;41292
2020-12-29;"Trenčiansky kraj";459;6121;1009;7130;NA;303314;1468;2020-12-29;39694
2020-12-28;"Trenčiansky kraj";258;4195;777;4972;NA;303314;1035;2020-12-28;38226
2020-12-27;"Trenčiansky kraj";5;208;36;244;NA;303314;41;2020-12-27;37191
2020-12-26;"Trenčiansky kraj";174;74;10;84;NA;303314;184;2020-12-26;37150
2020-12-25;"Trenčiansky kraj";251;325;47;372;NA;303314;298;2020-12-25;36966
2020-12-24;"Trenčiansky kraj";552;2194;256;2450;NA;303314;808;2020-12-24;36668
2020-12-23;"Trenčiansky kraj";421;6552;661;7213;NA;303314;1082;2020-12-23;35860
2020-12-22;"Trenčiansky kraj";673;5760;694;6454;NA;303314;1367;2020-12-22;34778
2020-12-21;"Trenčiansky kraj";248;13395;979;14374;NA;303314;1227;2020-12-21;33411
2020-12-20;"Trenčiansky kraj";238;12504;292;12796;NA;303314;530;2020-12-20;32184
2020-12-19;"Trenčiansky kraj";341;1611;150;1761;NA;303314;491;2020-12-19;31654
2020-12-18;"Trenčiansky kraj";521;5199;615;5814;NA;303314;1136;2020-12-18;31163
2020-12-17;"Trenčiansky kraj";670;3843;524;4367;NA;303314;1194;2020-12-17;30027
2020-12-16;"Trenčiansky kraj";461;4474;648;5122;NA;303314;1109;2020-12-16;28833
2020-12-15;"Trenčiansky kraj";595;3805;670;4475;NA;303314;1265;2020-12-15;27724
2020-12-14;"Trenčiansky kraj";318;2907;552;3459;NA;303314;870;2020-12-14;26459
2020-12-13;"Trenčiansky kraj";77;49;6;55;NA;303314;83;2020-12-13;25589
2020-12-12;"Trenčiansky kraj";314;1191;136;1327;NA;303314;450;2020-12-12;25506
2020-12-11;"Trenčiansky kraj";751;3773;453;4226;NA;303314;1204;2020-12-11;25056
2020-12-10;"Trenčiansky kraj";271;3354;473;3827;NA;303314;744;2020-12-10;23852
2020-12-09;"Trenčiansky kraj";508;3788;466;4254;NA;303314;974;2020-12-09;23108
2020-12-08;"Trenčiansky kraj";546;3440;522;3962;NA;303314;1068;2020-12-08;22134
2020-12-07;"Trenčiansky kraj";258;3832;468;4300;NA;303314;726;2020-12-07;21066
2020-12-06;"Trenčiansky kraj";114;179;10;189;NA;303314;124;2020-12-06;20340
2020-12-05;"Trenčiansky kraj";223;610;56;666;NA;303314;279;2020-12-05;20216
2020-12-04;"Trenčiansky kraj";253;2943;273;3216;NA;303314;526;2020-12-04;19937
2020-12-03;"Trenčiansky kraj";503;1714;178;1892;NA;303314;681;2020-12-03;19411
2020-12-02;"Trenčiansky kraj";418;1844;232;2076;NA;303314;650;2020-12-02;18730
2020-12-01;"Trenčiansky kraj";321;5642;351;5993;NA;303314;672;2020-12-01;18080
2020-11-30;"Trenčiansky kraj";167;11514;520;12034;NA;303314;687;2020-11-30;17408
2020-11-29;"Trenčiansky kraj";29;30;5;35;NA;303314;34;2020-11-29;16721
2020-11-28;"Trenčiansky kraj";202;1051;93;1144;NA;303314;295;2020-11-28;16687
2020-11-27;"Trenčiansky kraj";330;1888;186;2074;NA;303314;516;2020-11-27;16392
2020-11-26;"Trenčiansky kraj";395;1252;122;1374;NA;303314;517;2020-11-26;15876
2020-11-25;"Trenčiansky kraj";322;1444;160;1604;NA;303314;482;2020-11-25;15359
2020-11-24;"Trenčiansky kraj";348;2553;308;2861;NA;303314;656;2020-11-24;14877
2020-11-23;"Trenčiansky kraj";159;1186;122;1308;NA;303314;281;2020-11-23;14221
2020-11-22;"Trenčiansky kraj";26;30;7;37;NA;303314;33;2020-11-22;13940
2020-11-21;"Trenčiansky kraj";255;1376;69;1445;NA;303314;324;2020-11-21;13907
2020-11-20;"Trenčiansky kraj";316;861;93;954;NA;303314;409;2020-11-20;13583
2020-11-19;"Trenčiansky kraj";316;740;113;853;NA;303314;429;2020-11-19;13174
2020-11-18;"Trenčiansky kraj";233;379;66;445;NA;303314;299;2020-11-18;12745
2020-11-17;"Trenčiansky kraj";222;106;15;121;NA;303314;237;2020-11-17;12446
2020-11-16;"Trenčiansky kraj";245;236;45;281;NA;303314;290;2020-11-16;12209
2020-11-15;"Trenčiansky kraj";109;29;6;35;NA;303314;115;2020-11-15;11919
2020-11-14;"Trenčiansky kraj";190;74;11;85;NA;303314;201;2020-11-14;11804
2020-11-13;"Trenčiansky kraj";308;131;13;144;NA;303314;321;2020-11-13;11603
2020-11-12;"Trenčiansky kraj";324;124;5;129;NA;303314;329;2020-11-12;11282
2020-11-11;"Trenčiansky kraj";366;113;10;123;NA;303314;376;2020-11-11;10953
2020-11-10;"Trenčiansky kraj";277;106;6;112;NA;303314;283;2020-11-10;10577
2020-11-09;"Trenčiansky kraj";115;1407;48;1455;NA;303314;163;2020-11-09;10294
2020-11-08;"Trenčiansky kraj";81;1271;8;1279;NA;303314;89;2020-11-08;10131
2020-11-07;"Trenčiansky kraj";319;3662;59;3721;NA;303314;378;2020-11-07;10042
2020-11-06;"Trenčiansky kraj";383;6893;84;6977;NA;303314;467;2020-11-06;9664
2020-11-05;"Trenčiansky kraj";399;98;15;113;NA;303314;414;2020-11-05;9197
2020-11-04;"Trenčiansky kraj";370;91;9;100;NA;303314;379;2020-11-04;8783
2020-11-03;"Trenčiansky kraj";575;97;8;105;NA;303314;583;2020-11-03;8404
2020-11-02;"Trenčiansky kraj";197;1833;68;1901;NA;303314;265;2020-11-02;7821
2020-11-01;"Trenčiansky kraj";257;808;24;832;NA;303314;281;2020-11-01;7556
2020-10-31;"Trenčiansky kraj";332;4719;82;4801;NA;303314;414;2020-10-31;7275
2020-10-30;"Trenčiansky kraj";299;5283;102;5385;NA;303314;401;2020-10-30;6861
2020-10-29;"Trenčiansky kraj";496;764;68;832;NA;303314;564;2020-10-29;6460
2020-10-28;"Trenčiansky kraj";269;192;33;225;NA;303314;302;2020-10-28;5896
2020-10-27;"Trenčiansky kraj";473;127;27;154;NA;303314;500;2020-10-27;5594
2020-10-26;"Trenčiansky kraj";177;107;36;143;NA;303314;213;2020-10-26;5094
2020-10-25;"Trenčiansky kraj";138;9;5;14;NA;303314;143;2020-10-25;4881
2020-10-24;"Trenčiansky kraj";395;128;6;134;NA;303314;401;2020-10-24;4738
2020-10-23;"Trenčiansky kraj";301;154;8;162;NA;303314;309;2020-10-23;4337
2020-10-22;"Trenčiansky kraj";273;82;12;94;NA;303314;285;2020-10-22;4028
2020-10-21;"Trenčiansky kraj";183;53;9;62;NA;303314;192;2020-10-21;3743
2020-10-20;"Trenčiansky kraj";212;47;6;53;NA;303314;218;2020-10-20;3551
2020-10-19;"Trenčiansky kraj";41;83;25;108;NA;303314;66;2020-10-19;3333
2020-10-18;"Trenčiansky kraj";104;0;0;0;NA;303314;104;2020-10-18;3267
2020-10-17;"Trenčiansky kraj";157;0;0;0;NA;303314;157;2020-10-17;3163
2020-10-16;"Trenčiansky kraj";225;42;6;48;NA;303314;231;2020-10-16;3006
2020-10-15;"Trenčiansky kraj";255;39;4;43;NA;303314;259;2020-10-15;2775
2020-10-14;"Trenčiansky kraj";162;42;7;49;NA;303314;169;2020-10-14;2516
2020-10-13;"Trenčiansky kraj";124;105;12;117;NA;303314;136;2020-10-13;2347
2020-10-12;"Trenčiansky kraj";55;0;0;0;NA;303314;55;2020-10-12;2211
2020-10-11;"Trenčiansky kraj";73;0;0;0;NA;303314;73;2020-10-11;2156
2020-10-10;"Trenčiansky kraj";180;0;0;0;NA;303314;180;2020-10-10;2083
2020-10-09;"Trenčiansky kraj";198;0;0;0;NA;303314;198;2020-10-09;1903
2020-10-08;"Trenčiansky kraj";115;0;0;0;NA;303314;115;2020-10-08;1705
2020-10-07;"Trenčiansky kraj";75;0;0;0;NA;303314;75;2020-10-07;1590
2020-10-06;"Trenčiansky kraj";72;0;0;0;NA;303314;72;2020-10-06;1515
2020-10-05;"Trenčiansky kraj";32;0;0;0;NA;303314;32;2020-10-05;1443
2020-10-04;"Trenčiansky kraj";37;0;0;0;NA;303314;37;2020-10-04;1411
2020-10-03;"Trenčiansky kraj";79;0;0;0;NA;303314;79;2020-10-03;1374
2020-10-02;"Trenčiansky kraj";69;0;0;0;NA;303314;69;2020-10-02;1295
2020-10-01;"Trenčiansky kraj";58;0;0;0;NA;303314;58;2020-10-01;1226
2020-09-30;"Trenčiansky kraj";76;0;0;0;NA;303314;76;2020-09-30;1168
2020-09-29;"Trenčiansky kraj";43;0;0;0;NA;303314;43;2020-09-29;1092
2020-09-28;"Trenčiansky kraj";7;0;0;0;NA;303314;7;2020-09-28;1049
2020-09-27;"Trenčiansky kraj";12;0;0;0;NA;303314;12;2020-09-27;1042
2020-09-26;"Trenčiansky kraj";37;0;0;0;NA;303314;37;2020-09-26;1030
2020-09-25;"Trenčiansky kraj";72;0;0;0;NA;303314;72;2020-09-25;993
2020-09-24;"Trenčiansky kraj";41;0;0;0;NA;303314;41;2020-09-24;921
2020-09-23;"Trenčiansky kraj";32;0;0;0;NA;303314;32;2020-09-23;880
2020-09-22;"Trenčiansky kraj";26;0;0;0;NA;303314;26;2020-09-22;848
2020-09-21;"Trenčiansky kraj";23;0;0;0;NA;303314;23;2020-09-21;822
2020-09-20;"Trenčiansky kraj";21;0;0;0;NA;303314;21;2020-09-20;799
2020-09-19;"Trenčiansky kraj";20;0;0;0;NA;303314;20;2020-09-19;778
2020-09-18;"Trenčiansky kraj";41;0;0;0;NA;303314;41;2020-09-18;758
2020-09-17;"Trenčiansky kraj";20;0;0;0;NA;303314;20;2020-09-17;717
2020-09-16;"Trenčiansky kraj";14;0;0;0;NA;303314;14;2020-09-16;697
2020-09-15;"Trenčiansky kraj";8;0;0;0;NA;303314;8;2020-09-15;683
2020-09-14;"Trenčiansky kraj";5;0;0;0;NA;303314;5;2020-09-14;675
2020-09-13;"Trenčiansky kraj";12;0;0;0;NA;303314;12;2020-09-13;670
2020-09-12;"Trenčiansky kraj";2;0;0;0;NA;303314;2;2020-09-12;658
2020-09-11;"Trenčiansky kraj";27;0;0;0;NA;303314;27;2020-09-11;656
2020-09-10;"Trenčiansky kraj";15;0;0;0;NA;303314;15;2020-09-10;629
2020-09-09;"Trenčiansky kraj";11;0;0;0;NA;303314;11;2020-09-09;614
2020-09-08;"Trenčiansky kraj";12;0;0;0;NA;303314;12;2020-09-08;603
2020-09-07;"Trenčiansky kraj";6;0;0;0;NA;303314;6;2020-09-07;591
2020-09-06;"Trenčiansky kraj";1;0;0;0;NA;303314;1;2020-09-06;585
2020-09-05;"Trenčiansky kraj";3;0;0;0;NA;303314;3;2020-09-05;584
2020-09-04;"Trenčiansky kraj";9;0;0;0;NA;303314;9;2020-09-04;581
2020-09-03;"Trenčiansky kraj";10;0;0;0;NA;303314;10;2020-09-03;572
2020-09-02;"Trenčiansky kraj";5;0;0;0;NA;303314;5;2020-09-02;562
2020-09-01;"Trenčiansky kraj";1;0;0;0;NA;303314;1;2020-09-01;557
2020-08-31;"Trenčiansky kraj";12;0;0;0;NA;303314;12;2020-08-31;556
2020-08-30;"Trenčiansky kraj";0;0;0;0;NA;303314;0;2020-08-30;544
2020-08-29;"Trenčiansky kraj";1;0;0;0;NA;303314;1;2020-08-29;544
2020-08-28;"Trenčiansky kraj";12;0;0;0;NA;303314;12;2020-08-28;543
2020-08-27;"Trenčiansky kraj";10;0;0;0;NA;303314;10;2020-08-27;531
2020-08-26;"Trenčiansky kraj";15;0;0;0;NA;303314;15;2020-08-26;521
2020-08-25;"Trenčiansky kraj";12;0;0;0;NA;303314;12;2020-08-25;506
2020-08-24;"Trenčiansky kraj";4;0;0;0;NA;303314;4;2020-08-24;494
2020-08-23;"Trenčiansky kraj";5;0;0;0;NA;303314;5;2020-08-23;490
2020-08-22;"Trenčiansky kraj";6;0;0;0;NA;303314;6;2020-08-22;485
2020-08-21;"Trenčiansky kraj";6;0;0;0;NA;303314;6;2020-08-21;479
2020-08-20;"Trenčiansky kraj";20;0;0;0;NA;303314;20;2020-08-20;473
2020-08-19;"Trenčiansky kraj";17;0;0;0;NA;303314;17;2020-08-19;453
2020-08-18;"Trenčiansky kraj";9;0;0;0;NA;303314;9;2020-08-18;436
2020-08-17;"Trenčiansky kraj";4;0;0;0;NA;303314;4;2020-08-17;427
2020-08-16;"Trenčiansky kraj";0;0;0;0;NA;303314;0;2020-08-16;423
2020-08-15;"Trenčiansky kraj";9;0;0;0;NA;303314;9;2020-08-15;423
2020-08-14;"Trenčiansky kraj";15;0;0;0;NA;303314;15;2020-08-14;414
2020-08-13;"Trenčiansky kraj";23;0;0;0;NA;303314;23;2020-08-13;399
2020-08-12;"Trenčiansky kraj";6;0;0;0;NA;303314;6;2020-08-12;376
2020-08-11;"Trenčiansky kraj";7;0;0;0;NA;303314;7;2020-08-11;370
2020-08-10;"Trenčiansky kraj";9;0;0;0;NA;303314;9;2020-08-10;363
2020-08-09;"Trenčiansky kraj";1;0;0;0;NA;303314;1;2020-08-09;354
2020-08-08;"Trenčiansky kraj";4;0;0;0;NA;303314;4;2020-08-08;353
2020-08-07;"Trenčiansky kraj";4;0;0;0;NA;303314;4;2020-08-07;349
2020-08-06;"Trenčiansky kraj";13;0;0;0;NA;303314;13;2020-08-06;345
2020-08-05;"Trenčiansky kraj";39;0;0;0;NA;303314;39;2020-08-05;332
2020-08-04;"Trenčiansky kraj";9;0;0;0;NA;303314;9;2020-08-04;293
2020-08-03;"Trenčiansky kraj";0;0;0;0;NA;303314;0;2020-08-03;284
2020-08-02;"Trenčiansky kraj";2;0;0;0;NA;303314;2;2020-08-02;284
2020-08-01;"Trenčiansky kraj";6;0;0;0;NA;303314;6;2020-08-01;282
2020-07-31;"Trenčiansky kraj";16;0;0;0;NA;303314;16;2020-07-31;276
2020-07-30;"Trenčiansky kraj";4;0;0;0;NA;303314;4;2020-07-30;260
2020-07-29;"Trenčiansky kraj";5;0;0;0;NA;303314;5;2020-07-29;256
2020-07-28;"Trenčiansky kraj";11;0;0;0;NA;303314;11;2020-07-28;251
2020-07-27;"Trenčiansky kraj";4;0;0;0;NA;303314;4;2020-07-27;240
2020-07-26;"Trenčiansky kraj";1;0;0;0;NA;303314;1;2020-07-26;236
2020-07-25;"Trenčiansky kraj";7;0;0;0;NA;303314;7;2020-07-25;235
2020-07-24;"Trenčiansky kraj";5;0;0;0;NA;303314;5;2020-07-24;228
2020-07-23;"Trenčiansky kraj";10;0;0;0;NA;303314;10;2020-07-23;223
2020-07-22;"Trenčiansky kraj";11;0;0;0;NA;303314;11;2020-07-22;213
2020-07-21;"Trenčiansky kraj";6;0;0;0;NA;303314;6;2020-07-21;202
2020-07-20;"Trenčiansky kraj";13;0;0;0;NA;303314;13;2020-07-20;196
2020-07-19;"Trenčiansky kraj";0;0;0;0;NA;303314;0;2020-07-19;183
2020-07-18;"Trenčiansky kraj";0;0;0;0;NA;303314;0;2020-07-18;183
2020-07-17;"Trenčiansky kraj";1;0;0;0;NA;303314;1;2020-07-17;183
2020-07-16;"Trenčiansky kraj";0;0;0;0;NA;303314;0;2020-07-16;182
2020-07-15;"Trenčiansky kraj";2;0;0;0;NA;303314;2;2020-07-15;182
2020-07-14;"Trenčiansky kraj";8;0;0;0;NA;303314;8;2020-07-14;180
2020-07-13;"Trenčiansky kraj";1;0;0;0;NA;303314;1;2020-07-13;172
2020-07-12;"Trenčiansky kraj";0;0;0;0;NA;303314;0;2020-07-12;171
2020-07-11;"Trenčiansky kraj";0;0;0;0;NA;303314;0;2020-07-11;171
2020-07-10;"Trenčiansky kraj";3;0;0;0;NA;303314;3;2020-07-10;171
2020-07-09;"Trenčiansky kraj";2;0;0;0;NA;303314;2;2020-07-09;168
2020-07-08;"Trenčiansky kraj";1;0;0;0;NA;303314;1;2020-07-08;166
2020-07-07;"Trenčiansky kraj";9;0;0;0;NA;303314;9;2020-07-07;165
2020-07-06;"Trenčiansky kraj";1;0;0;0;NA;303314;1;2020-07-06;156
2020-07-05;"Trenčiansky kraj";1;0;0;0;NA;303314;1;2020-07-05;155
2020-07-04;"Trenčiansky kraj";0;0;0;0;NA;303314;0;2020-07-04;154
2020-07-03;"Trenčiansky kraj";2;0;0;0;NA;303314;2;2020-07-03;154
2020-07-02;"Trenčiansky kraj";10;0;0;0;NA;303314;10;2020-07-02;152
2020-07-01;"Trenčiansky kraj";1;0;0;0;NA;303314;1;2020-07-01;142
2020-06-30;"Trenčiansky kraj";6;0;0;0;NA;303314;6;2020-06-30;141
2020-06-29;"Trenčiansky kraj";1;0;0;0;NA;303314;1;2020-06-29;135
2020-06-28;"Trenčiansky kraj";0;0;0;0;NA;303314;0;2020-06-28;134
2020-06-27;"Trenčiansky kraj";0;0;0;0;NA;303314;0;2020-06-27;134
2020-06-26;"Trenčiansky kraj";0;0;0;0;NA;303314;0;2020-06-26;134
2020-06-25;"Trenčiansky kraj";2;0;0;0;NA;303314;2;2020-06-25;134
2020-06-24;"Trenčiansky kraj";1;0;0;0;NA;303314;1;2020-06-24;132
2020-06-23;"Trenčiansky kraj";0;0;0;0;NA;303314;0;2020-06-23;131
2020-06-22;"Trenčiansky kraj";0;0;0;0;NA;303314;0;2020-06-22;131
2020-06-21;"Trenčiansky kraj";0;0;0;0;NA;303314;0;2020-06-21;131
2020-06-20;"Trenčiansky kraj";0;0;0;0;NA;303314;0;2020-06-20;131
2020-06-19;"Trenčiansky kraj";0;0;0;0;NA;303314;0;2020-06-19;131
2020-06-18;"Trenčiansky kraj";0;0;0;0;NA;303314;0;2020-06-18;131
2020-06-17;"Trenčiansky kraj";0;0;0;0;NA;303314;0;2020-06-17;131
2020-06-16;"Trenčiansky kraj";0;0;0;0;NA;303314;0;2020-06-16;131
2020-06-14;"Trenčiansky kraj";0;0;0;0;NA;303314;0;2020-06-14;131
2020-06-13;"Trenčiansky kraj";0;0;0;0;NA;303314;0;2020-06-13;131
2020-06-12;"Trenčiansky kraj";0;0;0;0;NA;303314;0;2020-06-12;131
2020-06-11;"Trenčiansky kraj";0;0;0;0;NA;303314;0;2020-06-11;131
2020-06-10;"Trenčiansky kraj";1;0;0;0;NA;303314;1;2020-06-10;131
2020-06-09;"Trenčiansky kraj";0;0;0;0;NA;303314;0;2020-06-09;130
2020-06-08;"Trenčiansky kraj";0;0;0;0;NA;303314;0;2020-06-08;130
2020-06-07;"Trenčiansky kraj";0;0;0;0;NA;303314;0;2020-06-07;130
2020-06-05;"Trenčiansky kraj";0;0;0;0;NA;303314;0;2020-06-05;130
2020-06-03;"Trenčiansky kraj";0;0;0;0;NA;303314;0;2020-06-03;130
2020-06-02;"Trenčiansky kraj";0;0;0;0;NA;303314;0;2020-06-02;130
2020-05-31;"Trenčiansky kraj";0;0;0;0;NA;303314;0;2020-05-31;130
2020-05-29;"Trenčiansky kraj";0;0;0;0;NA;303314;0;2020-05-29;130
2020-05-27;"Trenčiansky kraj";2;0;0;0;NA;303314;2;2020-05-27;130
2020-05-26;"Trenčiansky kraj";0;0;0;0;NA;303314;0;2020-05-26;128
2020-05-25;"Trenčiansky kraj";0;0;0;0;NA;303314;0;2020-05-25;128
2020-05-24;"Trenčiansky kraj";0;0;0;0;NA;303314;0;2020-05-24;128
2020-05-23;"Trenčiansky kraj";0;0;0;0;NA;303314;0;2020-05-23;128
2020-05-22;"Trenčiansky kraj";0;0;0;0;NA;303314;0;2020-05-22;128
2020-05-21;"Trenčiansky kraj";0;0;0;0;NA;303314;0;2020-05-21;128
2020-05-20;"Trenčiansky kraj";0;0;0;0;NA;303314;0;2020-05-20;128
2020-05-19;"Trenčiansky kraj";0;0;0;0;NA;303314;0;2020-05-19;128
2020-05-17;"Trenčiansky kraj";0;0;0;0;NA;303314;0;2020-05-17;128
2020-05-16;"Trenčiansky kraj";0;0;0;0;NA;303314;0;2020-05-16;128
2020-05-15;"Trenčiansky kraj";1;0;0;0;NA;303314;1;2020-05-15;128
2020-05-14;"Trenčiansky kraj";2;0;0;0;NA;303314;2;2020-05-14;127
2020-05-13;"Trenčiansky kraj";1;0;0;0;NA;303314;1;2020-05-13;125
2020-05-12;"Trenčiansky kraj";1;0;0;0;NA;303314;1;2020-05-12;124
2020-05-11;"Trenčiansky kraj";3;0;0;0;NA;303314;3;2020-05-11;123
2020-05-09;"Trenčiansky kraj";2;0;0;0;NA;303314;2;2020-05-09;120
2020-05-07;"Trenčiansky kraj";6;0;0;0;NA;303314;6;2020-05-07;118
2020-05-06;"Trenčiansky kraj";0;0;0;0;NA;303314;0;2020-05-06;112
2020-05-05;"Trenčiansky kraj";2;0;0;0;NA;303314;2;2020-05-05;112
2020-05-04;"Trenčiansky kraj";0;0;0;0;NA;303314;0;2020-05-04;110
2020-05-03;"Trenčiansky kraj";0;0;0;0;NA;303314;0;2020-05-03;110
2020-05-02;"Trenčiansky kraj";0;0;0;0;NA;303314;0;2020-05-02;110
2020-05-01;"Trenčiansky kraj";0;0;0;0;NA;303314;0;2020-05-01;110
2020-04-30;"Trenčiansky kraj";0;0;0;0;NA;303314;0;2020-04-30;110
2020-04-29;"Trenčiansky kraj";2;0;0;0;NA;303314;2;2020-04-29;110
2020-04-28;"Trenčiansky kraj";1;0;0;0;NA;303314;1;2020-04-28;108
2020-04-27;"Trenčiansky kraj";0;0;0;0;NA;303314;0;2020-04-27;107
2020-04-26;"Trenčiansky kraj";1;0;0;0;NA;303314;1;2020-04-26;107
2020-04-25;"Trenčiansky kraj";0;0;0;0;NA;303314;0;2020-04-25;106
2020-04-24;"Trenčiansky kraj";0;0;0;0;NA;303314;0;2020-04-24;106
2020-04-23;"Trenčiansky kraj";11;0;0;0;NA;303314;11;2020-04-23;106
2020-04-22;"Trenčiansky kraj";1;0;0;0;NA;303314;1;2020-04-22;95
2020-04-21;"Trenčiansky kraj";11;0;0;0;NA;303314;11;2020-04-21;94
2020-04-20;"Trenčiansky kraj";15;0;0;0;NA;303314;15;2020-04-20;83
2020-04-19;"Trenčiansky kraj";2;0;0;0;NA;303314;2;2020-04-19;68
2020-04-18;"Trenčiansky kraj";3;0;0;0;NA;303314;3;2020-04-18;66
2020-04-17;"Trenčiansky kraj";4;0;0;0;NA;303314;4;2020-04-17;63
2020-04-16;"Trenčiansky kraj";10;0;0;0;NA;303314;10;2020-04-16;59
2020-04-15;"Trenčiansky kraj";4;0;0;0;NA;303314;4;2020-04-15;49
2020-04-14;"Trenčiansky kraj";0;0;0;0;NA;303314;0;2020-04-14;45
2020-04-13;"Trenčiansky kraj";1;0;0;0;NA;303314;1;2020-04-13;45
2020-04-12;"Trenčiansky kraj";2;0;0;0;NA;303314;2;2020-04-12;44
2020-04-11;"Trenčiansky kraj";3;0;0;0;NA;303314;3;2020-04-11;42
2020-04-10;"Trenčiansky kraj";0;0;0;0;NA;303314;0;2020-04-10;39
2020-04-09;"Trenčiansky kraj";0;0;0;0;NA;303314;0;2020-04-09;39
2020-04-08;"Trenčiansky kraj";2;0;0;0;NA;303314;2;2020-04-08;39
2020-04-07;"Trenčiansky kraj";18;0;0;0;NA;303314;18;2020-04-07;37
2020-04-06;"Trenčiansky kraj";0;0;0;0;NA;303314;0;2020-04-06;19
2020-04-05;"Trenčiansky kraj";3;0;0;0;NA;303314;3;2020-04-05;19
2020-04-04;"Trenčiansky kraj";5;0;0;0;NA;303314;5;2020-04-04;16
2020-04-03;"Trenčiansky kraj";4;0;0;0;NA;303314;4;2020-04-03;11
2020-04-02;"Trenčiansky kraj";1;0;0;0;NA;303314;1;2020-04-02;7
2020-04-01;"Trenčiansky kraj";3;0;0;0;NA;303314;3;2020-04-01;6
2020-03-31;"Trenčiansky kraj";1;0;0;0;NA;303314;1;2020-03-31;3
2020-03-30;"Trenčiansky kraj";3;0;0;0;NA;303314;3;2020-03-30;2
2020-03-29;"Trenčiansky kraj";6;0;0;0;NA;303314;6;2020-03-29;-1
2020-03-28;"Trenčiansky kraj";9;0;0;0;NA;303314;9;2020-03-28;-7
2020-03-27;"Trenčiansky kraj";2;0;0;0;NA;303314;2;2020-03-27;-16
2020-03-26;"Trenčiansky kraj";6;0;0;0;NA;303314;6;2020-03-26;-18
2020-03-25;"Trenčiansky kraj";3;0;0;0;NA;303314;3;2020-03-25;-24
2020-03-24;"Trenčiansky kraj";1;0;0;0;NA;303314;1;2020-03-24;-27
2020-03-23;"Trenčiansky kraj";0;0;0;0;NA;303314;0;2020-03-23;-28
2020-03-22;"Trenčiansky kraj";0;0;0;0;NA;303314;0;2020-03-22;-28
2020-03-21;"Trenčiansky kraj";2;0;0;0;NA;303314;2;2020-03-21;-28
2020-03-20;"Trenčiansky kraj";2;0;0;0;NA;303314;2;2020-03-20;-30
2020-03-19;"Trenčiansky kraj";8;0;0;0;NA;303314;8;2020-03-19;-32
2020-03-18;"Trenčiansky kraj";0;0;0;0;NA;303314;0;2020-03-18;-40
2020-03-17;"Trenčiansky kraj";0;0;0;0;NA;303314;0;2020-03-17;-40
2020-03-16;"Trenčiansky kraj";1;0;0;0;NA;303314;1;2020-03-16;-40
2020-03-15;"Trenčiansky kraj";5;0;0;0;NA;303314;5;2020-03-15;-41
2020-03-14;"Trenčiansky kraj";0;0;0;0;NA;303314;0;2020-03-14;-46
2020-03-13;"Trenčiansky kraj";0;0;0;0;NA;303314;0;2020-03-13;-46
2020-03-12;"Trenčiansky kraj";1;0;0;0;NA;303314;1;2020-03-12;-46
2020-03-11;"Trenčiansky kraj";0;0;0;0;NA;303314;0;2020-03-11;-47
2020-03-09;"Trenčiansky kraj";0;0;0;0;NA;303314;0;2020-03-09;-47
2020-03-08;"Trenčiansky kraj";0;0;0;0;NA;303314;0;2020-03-08;-47
2020-03-07;"Trenčiansky kraj";0;0;0;0;NA;303314;0;2020-03-07;-47
2020-03-06;"Trenčiansky kraj";0;0;0;0;NA;303314;0;2020-03-06;-47
2022-06-23;"Trnavský kraj";40;0;0;0;203808;273249;40;2022-06-23;273249
2022-06-22;"Trnavský kraj";25;125;2;127;NA;273249;27;2022-06-22;273209
2022-06-21;"Trnavský kraj";31;116;2;118;NA;273249;33;2022-06-21;273182
2022-06-20;"Trnavský kraj";19;239;7;246;NA;273249;26;2022-06-20;273149
2022-06-19;"Trnavský kraj";0;26;0;26;NA;273249;0;2022-06-19;273123
2022-06-18;"Trnavský kraj";11;19;2;21;NA;273249;13;2022-06-18;273123
2022-06-17;"Trnavský kraj";16;89;6;95;NA;273249;22;2022-06-17;273110
2022-06-16;"Trnavský kraj";8;119;2;121;NA;273249;10;2022-06-16;273088
2022-06-15;"Trnavský kraj";8;110;2;112;NA;273249;10;2022-06-15;273078
2022-06-14;"Trnavský kraj";32;151;0;151;NA;273249;32;2022-06-14;273068
2022-06-13;"Trnavský kraj";25;175;6;181;NA;273249;31;2022-06-13;273036
2022-06-12;"Trnavský kraj";1;82;2;84;NA;273249;3;2022-06-12;273005
2022-06-11;"Trnavský kraj";7;34;0;34;NA;273249;7;2022-06-11;273002
2022-06-10;"Trnavský kraj";10;128;2;130;NA;273249;12;2022-06-10;272995
2022-06-09;"Trnavský kraj";15;129;2;131;NA;273249;17;2022-06-09;272983
2022-06-08;"Trnavský kraj";18;116;2;118;NA;273249;20;2022-06-08;272966
2022-06-07;"Trnavský kraj";19;137;2;139;NA;273249;21;2022-06-07;272946
2022-06-06;"Trnavský kraj";9;194;2;196;NA;273249;11;2022-06-06;272925
2022-06-05;"Trnavský kraj";0;34;3;37;NA;273249;3;2022-06-05;272914
2022-06-04;"Trnavský kraj";7;26;0;26;NA;273249;7;2022-06-04;272911
2022-06-03;"Trnavský kraj";14;136;0;136;NA;273249;14;2022-06-03;272904
2022-06-02;"Trnavský kraj";15;141;3;144;NA;273249;18;2022-06-02;272890
2022-06-01;"Trnavský kraj";7;116;9;125;NA;273249;16;2022-06-01;272872
2022-05-31;"Trnavský kraj";13;150;3;153;NA;273249;16;2022-05-31;272856
2022-05-30;"Trnavský kraj";16;174;1;175;NA;273249;17;2022-05-30;272840
2022-05-29;"Trnavský kraj";0;41;1;42;NA;273249;1;2022-05-29;272823
2022-05-28;"Trnavský kraj";10;46;1;47;NA;273249;11;2022-05-28;272822
2022-05-27;"Trnavský kraj";14;172;3;175;NA;273249;17;2022-05-27;272811
2022-05-26;"Trnavský kraj";9;147;4;151;NA;273249;13;2022-05-26;272794
2022-05-25;"Trnavský kraj";13;159;3;162;NA;273249;16;2022-05-25;272781
2022-05-24;"Trnavský kraj";13;114;1;115;NA;273249;14;2022-05-24;272765
2022-05-23;"Trnavský kraj";17;235;13;248;NA;273249;30;2022-05-23;272751
2022-05-22;"Trnavský kraj";0;50;0;50;NA;273249;0;2022-05-22;272721
2022-05-21;"Trnavský kraj";7;33;1;34;NA;273249;8;2022-05-21;272721
2022-05-20;"Trnavský kraj";12;103;3;106;NA;273249;15;2022-05-20;272713
2022-05-19;"Trnavský kraj";18;125;1;126;NA;273249;19;2022-05-19;272698
2022-05-18;"Trnavský kraj";13;137;7;144;NA;273249;20;2022-05-18;272679
2022-05-17;"Trnavský kraj";16;196;6;202;NA;273249;22;2022-05-17;272659
2022-05-16;"Trnavský kraj";34;206;5;211;NA;273249;39;2022-05-16;272637
2022-05-15;"Trnavský kraj";5;33;2;35;NA;273249;7;2022-05-15;272598
2022-05-14;"Trnavský kraj";16;68;1;69;NA;273249;17;2022-05-14;272591
2022-05-13;"Trnavský kraj";41;203;4;207;NA;273249;45;2022-05-13;272574
2022-05-12;"Trnavský kraj";9;127;6;133;NA;273249;15;2022-05-12;272529
2022-05-11;"Trnavský kraj";41;188;7;195;NA;273249;48;2022-05-11;272514
2022-05-10;"Trnavský kraj";39;184;4;188;NA;273249;43;2022-05-10;272466
2022-05-09;"Trnavský kraj";35;258;15;273;NA;273249;50;2022-05-09;272423
2022-05-08;"Trnavský kraj";4;44;0;44;NA;273249;4;2022-05-08;272373
2022-05-07;"Trnavský kraj";26;39;6;45;NA;273249;32;2022-05-07;272369
2022-05-06;"Trnavský kraj";42;248;10;258;NA;273249;52;2022-05-06;272337
2022-05-05;"Trnavský kraj";49;182;9;191;NA;273249;58;2022-05-05;272285
2022-05-04;"Trnavský kraj";76;179;8;187;NA;273249;84;2022-05-04;272227
2022-05-03;"Trnavský kraj";97;186;4;190;NA;273249;101;2022-05-03;272143
2022-05-02;"Trnavský kraj";104;287;10;297;NA;273249;114;2022-05-02;272042
2022-05-01;"Trnavský kraj";14;60;1;61;NA;273249;15;2022-05-01;271928
2022-04-30;"Trnavský kraj";53;46;3;49;NA;273249;56;2022-04-30;271913
2022-04-29;"Trnavský kraj";84;172;7;179;NA;273249;91;2022-04-29;271857
2022-04-28;"Trnavský kraj";147;326;12;338;NA;273249;159;2022-04-28;271766
2022-04-27;"Trnavský kraj";125;457;24;481;NA;273249;149;2022-04-27;271607
2022-04-26;"Trnavský kraj";135;213;9;222;NA;273249;144;2022-04-26;271458
2022-04-25;"Trnavský kraj";154;354;15;369;NA;273249;169;2022-04-25;271314
2022-04-24;"Trnavský kraj";41;60;6;66;NA;273249;47;2022-04-24;271145
2022-04-23;"Trnavský kraj";130;119;8;127;NA;273249;138;2022-04-23;271098
2022-04-22;"Trnavský kraj";157;393;20;413;NA;273249;177;2022-04-22;270960
2022-04-21;"Trnavský kraj";238;540;16;556;NA;273249;254;2022-04-21;270783
2022-04-20;"Trnavský kraj";164;390;25;415;NA;273249;189;2022-04-20;270529
2022-04-19;"Trnavský kraj";223;536;31;567;NA;273249;254;2022-04-19;270340
2022-04-18;"Trnavský kraj";66;63;9;72;NA;273249;75;2022-04-18;270086
2022-04-17;"Trnavský kraj";116;65;4;69;NA;273249;120;2022-04-17;270011
2022-04-16;"Trnavský kraj";99;103;9;112;NA;273249;108;2022-04-16;269891
2022-04-15;"Trnavský kraj";193;113;2;115;NA;273249;195;2022-04-15;269783
2022-04-14;"Trnavský kraj";237;610;42;652;NA;273249;279;2022-04-14;269588
2022-04-13;"Trnavský kraj";298;385;26;411;NA;273249;324;2022-04-13;269309
2022-04-12;"Trnavský kraj";358;492;39;531;NA;273249;397;2022-04-12;268985
2022-04-11;"Trnavský kraj";265;601;37;638;NA;273249;302;2022-04-11;268588
2022-04-10;"Trnavský kraj";124;128;19;147;NA;273249;143;2022-04-10;268286
2022-04-09;"Trnavský kraj";324;66;5;71;NA;273249;329;2022-04-09;268143
2022-04-08;"Trnavský kraj";380;388;43;431;NA;273249;423;2022-04-08;267814
2022-04-07;"Trnavský kraj";405;363;33;396;NA;273249;438;2022-04-07;267391
2022-04-06;"Trnavský kraj";485;380;35;415;NA;273249;520;2022-04-06;266953
2022-04-05;"Trnavský kraj";549;401;49;450;NA;273249;598;2022-04-05;266433
2022-04-04;"Trnavský kraj";621;707;90;797;NA;273249;711;2022-04-04;265835
2022-04-03;"Trnavský kraj";35;126;22;148;NA;273249;57;2022-04-03;265124
2022-04-02;"Trnavský kraj";478;113;14;127;NA;273249;492;2022-04-02;265067
2022-04-01;"Trnavský kraj";630;643;65;708;NA;273249;695;2022-04-01;264575
2022-03-31;"Trnavský kraj";709;483;69;552;NA;273249;778;2022-03-31;263880
2022-03-30;"Trnavský kraj";885;518;75;593;NA;273249;960;2022-03-30;263102
2022-03-29;"Trnavský kraj";845;667;75;742;NA;273249;920;2022-03-29;262142
2022-03-28;"Trnavský kraj";623;795;117;912;NA;273249;740;2022-03-28;261222
2022-03-27;"Trnavský kraj";340;185;39;224;NA;273249;379;2022-03-27;260482
2022-03-26;"Trnavský kraj";762;214;36;250;NA;273249;798;2022-03-26;260103
2022-03-25;"Trnavský kraj";859;664;69;733;NA;273249;928;2022-03-25;259305
2022-03-24;"Trnavský kraj";920;638;73;711;NA;273249;993;2022-03-24;258377
2022-03-23;"Trnavský kraj";1112;794;96;890;NA;273249;1208;2022-03-23;257384
2022-03-22;"Trnavský kraj";1096;767;70;837;NA;273249;1166;2022-03-22;256176
2022-03-21;"Trnavský kraj";1096;1025;113;1138;NA;273249;1209;2022-03-21;255010
2022-03-20;"Trnavský kraj";229;262;46;308;NA;273249;275;2022-03-20;253801
2022-03-19;"Trnavský kraj";1000;237;57;294;NA;273249;1057;2022-03-19;253526
2022-03-18;"Trnavský kraj";1038;907;107;1014;NA;273249;1145;2022-03-18;252469
2022-03-17;"Trnavský kraj";1148;721;93;814;NA;273249;1241;2022-03-17;251324
2022-03-16;"Trnavský kraj";1344;602;87;689;NA;273249;1431;2022-03-16;250083
2022-03-15;"Trnavský kraj";1179;1037;122;1159;NA;273249;1301;2022-03-15;248652
2022-03-14;"Trnavský kraj";890;1545;177;1722;NA;273249;1067;2022-03-14;247351
2022-03-13;"Trnavský kraj";290;422;57;479;NA;273249;347;2022-03-13;246284
2022-03-12;"Trnavský kraj";958;589;113;702;NA;273249;1071;2022-03-12;245937
2022-03-11;"Trnavský kraj";961;1038;126;1164;NA;273249;1087;2022-03-11;244866
2022-03-10;"Trnavský kraj";1049;1247;150;1397;NA;273249;1199;2022-03-10;243779
2022-03-09;"Trnavský kraj";1271;1159;161;1320;NA;273249;1432;2022-03-09;242580
2022-03-08;"Trnavský kraj";1393;1361;179;1540;NA;273249;1572;2022-03-08;241148
2022-03-07;"Trnavský kraj";1005;2051;263;2314;NA;273249;1268;2022-03-07;239576
2022-03-06;"Trnavský kraj";395;565;118;683;NA;273249;513;2022-03-06;238308
2022-03-05;"Trnavský kraj";806;475;90;565;NA;273249;896;2022-03-05;237795
2022-03-04;"Trnavský kraj";1028;1063;126;1189;NA;273249;1154;2022-03-04;236899
2022-03-03;"Trnavský kraj";1513;1135;168;1303;NA;273249;1681;2022-03-03;235745
2022-03-02;"Trnavský kraj";1330;1513;194;1707;NA;273249;1524;2022-03-02;234064
2022-03-01;"Trnavský kraj";1527;1351;201;1552;NA;273249;1728;2022-03-01;232540
2022-02-28;"Trnavský kraj";1318;2105;264;2369;NA;273249;1582;2022-02-28;230812
2022-02-27;"Trnavský kraj";386;640;106;746;NA;273249;492;2022-02-27;229230
2022-02-26;"Trnavský kraj";1268;526;112;638;NA;273249;1380;2022-02-26;228738
2022-02-25;"Trnavský kraj";1439;1491;211;1702;NA;273249;1650;2022-02-25;227358
2022-02-24;"Trnavský kraj";1397;1421;183;1604;NA;273249;1580;2022-02-24;225708
2022-02-23;"Trnavský kraj";2032;1668;240;1908;NA;273249;2272;2022-02-23;224128
2022-02-22;"Trnavský kraj";2171;1891;271;2162;NA;273249;2442;2022-02-22;221856
2022-02-21;"Trnavský kraj";1983;2849;438;3287;NA;273249;2421;2022-02-21;219414
2022-02-20;"Trnavský kraj";888;830;187;1017;NA;273249;1075;2022-02-20;216993
2022-02-19;"Trnavský kraj";1838;712;149;861;NA;273249;1987;2022-02-19;215918
2022-02-18;"Trnavský kraj";2132;1733;269;2002;NA;273249;2401;2022-02-18;213931
2022-02-17;"Trnavský kraj";1987;1764;269;2033;NA;273249;2256;2022-02-17;211530
2022-02-16;"Trnavský kraj";2047;1809;317;2126;NA;273249;2364;2022-02-16;209274
2022-02-15;"Trnavský kraj";2228;2412;400;2812;NA;273249;2628;2022-02-15;206910
2022-02-14;"Trnavský kraj";2216;3425;492;3917;NA;273249;2708;2022-02-14;204282
2022-02-13;"Trnavský kraj";805;1129;247;1376;NA;273249;1052;2022-02-13;201574
2022-02-12;"Trnavský kraj";2081;966;175;1141;NA;273249;2256;2022-02-12;200522
2022-02-11;"Trnavský kraj";1665;2158;266;2424;NA;273249;1931;2022-02-11;198266
2022-02-10;"Trnavský kraj";2491;1942;256;2198;NA;273249;2747;2022-02-10;196335
2022-02-09;"Trnavský kraj";2205;2474;365;2839;NA;273249;2570;2022-02-09;193588
2022-02-08;"Trnavský kraj";1758;2352;353;2705;NA;273249;2111;2022-02-08;191018
2022-02-07;"Trnavský kraj";2581;3356;459;3815;NA;273249;3040;2022-02-07;188907
2022-02-06;"Trnavský kraj";1194;1309;276;1585;NA;273249;1470;2022-02-06;185867
2022-02-05;"Trnavský kraj";2165;1102;187;1289;NA;273249;2352;2022-02-05;184397
2022-02-04;"Trnavský kraj";2191;2179;253;2432;NA;273249;2444;2022-02-04;182045
2022-02-03;"Trnavský kraj";2124;3295;347;3642;NA;273249;2471;2022-02-03;179601
2022-02-02;"Trnavský kraj";1812;2684;281;2965;NA;273249;2093;2022-02-02;177130
2022-02-01;"Trnavský kraj";2344;2656;318;2974;NA;273249;2662;2022-02-01;175037
2022-01-31;"Trnavský kraj";1931;5001;489;5490;NA;273249;2420;2022-01-31;172375
2022-01-30;"Trnavský kraj";709;1672;176;1848;NA;273249;885;2022-01-30;169955
2022-01-29;"Trnavský kraj";2136;1174;159;1333;NA;273249;2295;2022-01-29;169070
2022-01-28;"Trnavský kraj";1734;2340;216;2556;NA;273249;1950;2022-01-28;166775
2022-01-27;"Trnavský kraj";1989;2333;246;2579;NA;273249;2235;2022-01-27;164825
2022-01-26;"Trnavský kraj";1906;2730;217;2947;NA;273249;2123;2022-01-26;162590
2022-01-25;"Trnavský kraj";1631;2422;195;2617;NA;273249;1826;2022-01-25;160467
2022-01-24;"Trnavský kraj";999;4194;236;4430;NA;273249;1235;2022-01-24;158641
2022-01-23;"Trnavský kraj";299;1897;105;2002;NA;273249;404;2022-01-23;157406
2022-01-22;"Trnavský kraj";1169;1197;81;1278;NA;273249;1250;2022-01-22;157002
2022-01-21;"Trnavský kraj";830;2134;104;2238;NA;273249;934;2022-01-21;155752
2022-01-20;"Trnavský kraj";917;2511;100;2611;NA;273249;1017;2022-01-20;154818
2022-01-19;"Trnavský kraj";832;2122;84;2206;NA;273249;916;2022-01-19;153801
2022-01-18;"Trnavský kraj";704;2051;74;2125;NA;273249;778;2022-01-18;152885
2022-01-17;"Trnavský kraj";366;3885;87;3972;NA;273249;453;2022-01-17;152107
2022-01-16;"Trnavský kraj";84;1696;44;1740;NA;273249;128;2022-01-16;151654
2022-01-15;"Trnavský kraj";421;1015;33;1048;NA;273249;454;2022-01-15;151526
2022-01-14;"Trnavský kraj";349;2040;50;2090;NA;273249;399;2022-01-14;151072
2022-01-13;"Trnavský kraj";234;2057;52;2109;NA;273249;286;2022-01-13;150673
2022-01-12;"Trnavský kraj";400;1927;35;1962;NA;273249;435;2022-01-12;150387
2022-01-11;"Trnavský kraj";384;2261;33;2294;NA;273249;417;2022-01-11;149952
2022-01-10;"Trnavský kraj";258;4357;71;4428;NA;273249;329;2022-01-10;149535
2022-01-09;"Trnavský kraj";35;1921;22;1943;NA;273249;57;2022-01-09;149206
2022-01-08;"Trnavský kraj";364;1005;29;1034;NA;273249;393;2022-01-08;149149
2022-01-07;"Trnavský kraj";332;1984;47;2031;NA;273249;379;2022-01-07;148756
2022-01-06;"Trnavský kraj";234;830;20;850;NA;273249;254;2022-01-06;148377
2022-01-05;"Trnavský kraj";416;1925;37;1962;NA;273249;453;2022-01-05;148123
2022-01-04;"Trnavský kraj";538;2337;37;2374;NA;273249;575;2022-01-04;147670
2022-01-03;"Trnavský kraj";441;3897;65;3962;NA;273249;506;2022-01-03;147095
2022-01-02;"Trnavský kraj";79;1561;21;1582;NA;273249;100;2022-01-02;146589
2022-01-01;"Trnavský kraj";4;190;7;197;NA;273249;11;2022-01-01;146489
2021-12-31;"Trnavský kraj";485;1246;60;1306;NA;273249;545;2021-12-31;146478
2021-12-30;"Trnavský kraj";401;1927;58;1985;NA;273249;459;2021-12-30;145933
2021-12-29;"Trnavský kraj";401;1756;70;1826;NA;273249;471;2021-12-29;145474
2021-12-28;"Trnavský kraj";633;1742;73;1815;NA;273249;706;2021-12-28;145003
2021-12-27;"Trnavský kraj";463;2814;134;2948;NA;273249;597;2021-12-27;144297
2021-12-26;"Trnavský kraj";253;1019;30;1049;NA;273249;283;2021-12-26;143700
2021-12-25;"Trnavský kraj";104;341;41;382;NA;273249;145;2021-12-25;143417
2021-12-24;"Trnavský kraj";216;369;27;396;NA;273249;243;2021-12-24;143272
2021-12-23;"Trnavský kraj";570;1825;102;1927;NA;273249;672;2021-12-23;143029
2021-12-22;"Trnavský kraj";545;1732;81;1813;NA;273249;626;2021-12-22;142357
2021-12-21;"Trnavský kraj";699;2577;89;2666;NA;273249;788;2021-12-21;141731
2021-12-20;"Trnavský kraj";438;3941;103;4044;NA;273249;541;2021-12-20;140943
2021-12-19;"Trnavský kraj";155;1762;63;1825;NA;273249;218;2021-12-19;140402
2021-12-18;"Trnavský kraj";627;1302;77;1379;NA;273249;704;2021-12-18;140184
2021-12-17;"Trnavský kraj";576;2276;109;2385;NA;273249;685;2021-12-17;139480
2021-12-16;"Trnavský kraj";653;2530;123;2653;NA;273249;776;2021-12-16;138795
2021-12-15;"Trnavský kraj";746;2198;120;2318;NA;273249;866;2021-12-15;138019
2021-12-14;"Trnavský kraj";976;2718;134;2852;NA;273249;1110;2021-12-14;137153
2021-12-13;"Trnavský kraj";521;4857;175;5032;NA;273249;696;2021-12-13;136043
2021-12-12;"Trnavský kraj";337;2117;87;2204;NA;273249;424;2021-12-12;135347
2021-12-11;"Trnavský kraj";720;1324;83;1407;NA;273249;803;2021-12-11;134923
2021-12-10;"Trnavský kraj";702;2909;136;3045;NA;273249;838;2021-12-10;134120
2021-12-09;"Trnavský kraj";926;2313;96;2409;NA;273249;1022;2021-12-09;133282
2021-12-08;"Trnavský kraj";1233;2547;137;2684;NA;273249;1370;2021-12-08;132260
2021-12-07;"Trnavský kraj";1159;3637;174;3811;NA;273249;1333;2021-12-07;130890
2021-12-06;"Trnavský kraj";911;3649;208;3857;NA;273249;1119;2021-12-06;129557
2021-12-05;"Trnavský kraj";269;2303;106;2409;NA;273249;375;2021-12-05;128438
2021-12-04;"Trnavský kraj";1225;1623;115;1738;NA;273249;1340;2021-12-04;128063
2021-12-03;"Trnavský kraj";1246;2998;201;3199;NA;273249;1447;2021-12-03;126723
2021-12-02;"Trnavský kraj";1809;2379;188;2567;NA;273249;1997;2021-12-02;125276
2021-12-01;"Trnavský kraj";738;3011;179;3190;NA;273249;917;2021-12-01;123279
2021-11-30;"Trnavský kraj";1166;4217;202;4419;NA;273249;1368;2021-11-30;122362
2021-11-29;"Trnavský kraj";814;5360;299;5659;NA;273249;1113;2021-11-29;120994
2021-11-28;"Trnavský kraj";482;3087;146;3233;NA;273249;628;2021-11-28;119881
2021-11-27;"Trnavský kraj";1186;2240;206;2446;NA;273249;1392;2021-11-27;119253
2021-11-26;"Trnavský kraj";880;2895;202;3097;NA;273249;1082;2021-11-26;117861
2021-11-25;"Trnavský kraj";1002;2680;158;2838;NA;273249;1160;2021-11-25;116779
2021-11-24;"Trnavský kraj";1060;3442;250;3692;NA;273249;1310;2021-11-24;115619
2021-11-23;"Trnavský kraj";1078;3714;273;3987;NA;273249;1351;2021-11-23;114309
2021-11-22;"Trnavský kraj";696;4028;295;4323;NA;273249;991;2021-11-22;112958
2021-11-21;"Trnavský kraj";298;2270;212;2482;NA;273249;510;2021-11-21;111967
2021-11-20;"Trnavský kraj";826;1529;196;1725;NA;273249;1022;2021-11-20;111457
2021-11-19;"Trnavský kraj";901;3369;315;3684;NA;273249;1216;2021-11-19;110435
2021-11-18;"Trnavský kraj";796;2872;240;3112;NA;273249;1036;2021-11-18;109219
2021-11-17;"Trnavský kraj";769;1201;139;1340;NA;273249;908;2021-11-17;108183
2021-11-16;"Trnavský kraj";591;2755;206;2961;NA;273249;797;2021-11-16;107275
2021-11-15;"Trnavský kraj";606;3350;239;3589;NA;273249;845;2021-11-15;106478
2021-11-14;"Trnavský kraj";236;1579;141;1720;NA;273249;377;2021-11-14;105633
2021-11-13;"Trnavský kraj";815;1314;132;1446;NA;273249;947;2021-11-13;105256
2021-11-12;"Trnavský kraj";563;2585;157;2742;NA;273249;720;2021-11-12;104309
2021-11-11;"Trnavský kraj";512;2426;161;2587;NA;273249;673;2021-11-11;103589
2021-11-10;"Trnavský kraj";590;2315;173;2488;NA;273249;763;2021-11-10;102916
2021-11-09;"Trnavský kraj";585;2538;187;2725;NA;273249;772;2021-11-09;102153
2021-11-08;"Trnavský kraj";357;2715;163;2878;NA;273249;520;2021-11-08;101381
2021-11-07;"Trnavský kraj";162;1349;111;1460;NA;273249;273;2021-11-07;100861
2021-11-06;"Trnavský kraj";391;1287;82;1369;NA;273249;473;2021-11-06;100588
2021-11-05;"Trnavský kraj";447;2202;102;2304;NA;273249;549;2021-11-05;100115
2021-11-04;"Trnavský kraj";432;2289;112;2401;NA;273249;544;2021-11-04;99566
2021-11-03;"Trnavský kraj";420;2091;97;2188;NA;273249;517;2021-11-03;99022
2021-11-02;"Trnavský kraj";365;2777;124;2901;NA;273249;489;2021-11-02;98505
2021-11-01;"Trnavský kraj";220;583;27;610;NA;273249;247;2021-11-01;98016
2021-10-31;"Trnavský kraj";61;887;62;949;NA;273249;123;2021-10-31;97769
2021-10-30;"Trnavský kraj";251;1099;50;1149;NA;273249;301;2021-10-30;97646
2021-10-29;"Trnavský kraj";312;2123;53;2176;NA;273249;365;2021-10-29;97345
2021-10-28;"Trnavský kraj";339;2034;65;2099;NA;273249;404;2021-10-28;96980
2021-10-27;"Trnavský kraj";232;1884;58;1942;NA;273249;290;2021-10-27;96576
2021-10-26;"Trnavský kraj";366;1964;54;2018;NA;273249;420;2021-10-26;96286
2021-10-25;"Trnavský kraj";142;2786;72;2858;NA;273249;214;2021-10-25;95866
2021-10-24;"Trnavský kraj";11;990;30;1020;NA;273249;41;2021-10-24;95652
2021-10-23;"Trnavský kraj";228;1126;27;1153;NA;273249;255;2021-10-23;95611
2021-10-22;"Trnavský kraj";204;2269;51;2320;NA;273249;255;2021-10-22;95356
2021-10-21;"Trnavský kraj";188;1671;46;1717;NA;273249;234;2021-10-21;95101
2021-10-20;"Trnavský kraj";212;1634;47;1681;NA;273249;259;2021-10-20;94867
2021-10-19;"Trnavský kraj";240;1848;30;1878;NA;273249;270;2021-10-19;94608
2021-10-18;"Trnavský kraj";95;2316;72;2388;NA;273249;167;2021-10-18;94338
2021-10-17;"Trnavský kraj";5;1218;17;1235;NA;273249;22;2021-10-17;94171
2021-10-16;"Trnavský kraj";129;1233;17;1250;NA;273249;146;2021-10-16;94149
2021-10-15;"Trnavský kraj";122;2121;24;2145;NA;273249;146;2021-10-15;94003
2021-10-14;"Trnavský kraj";131;1663;24;1687;NA;273249;155;2021-10-14;93857
2021-10-13;"Trnavský kraj";128;2072;23;2095;NA;273249;151;2021-10-13;93702
2021-10-12;"Trnavský kraj";189;2788;38;2826;NA;273249;227;2021-10-12;93551
2021-10-11;"Trnavský kraj";115;2621;35;2656;NA;273249;150;2021-10-11;93324
2021-10-10;"Trnavský kraj";2;993;15;1008;NA;273249;17;2021-10-10;93174
2021-10-09;"Trnavský kraj";151;1099;10;1109;NA;273249;161;2021-10-09;93157
2021-10-08;"Trnavský kraj";106;2326;34;2360;NA;273249;140;2021-10-08;92996
2021-10-07;"Trnavský kraj";151;1744;25;1769;NA;273249;176;2021-10-07;92856
2021-10-06;"Trnavský kraj";122;1929;27;1956;NA;273249;149;2021-10-06;92680
2021-10-05;"Trnavský kraj";220;3726;34;3760;NA;273249;254;2021-10-05;92531
2021-10-04;"Trnavský kraj";54;1963;47;2010;NA;273249;101;2021-10-04;92277
2021-10-03;"Trnavský kraj";1;1106;17;1123;NA;273249;18;2021-10-03;92176
2021-10-02;"Trnavský kraj";52;1055;12;1067;NA;273249;64;2021-10-02;92158
2021-10-01;"Trnavský kraj";113;2243;17;2260;NA;273249;130;2021-10-01;92094
2021-09-30;"Trnavský kraj";109;1872;18;1890;NA;273249;127;2021-09-30;91964
2021-09-29;"Trnavský kraj";83;1331;11;1342;NA;273249;94;2021-09-29;91837
2021-09-28;"Trnavský kraj";135;1934;31;1965;NA;273249;166;2021-09-28;91743
2021-09-27;"Trnavský kraj";80;2084;25;2109;NA;273249;105;2021-09-27;91577
2021-09-26;"Trnavský kraj";2;1048;12;1060;NA;273249;14;2021-09-26;91472
2021-09-25;"Trnavský kraj";61;1105;9;1114;NA;273249;70;2021-09-25;91458
2021-09-24;"Trnavský kraj";41;2229;15;2244;NA;273249;56;2021-09-24;91388
2021-09-23;"Trnavský kraj";89;1691;16;1707;NA;273249;105;2021-09-23;91332
2021-09-22;"Trnavský kraj";119;1706;28;1734;NA;273249;147;2021-09-22;91227
2021-09-21;"Trnavský kraj";108;1505;17;1522;NA;273249;125;2021-09-21;91080
2021-09-20;"Trnavský kraj";50;1652;20;1672;NA;273249;70;2021-09-20;90955
2021-09-19;"Trnavský kraj";2;924;8;932;NA;273249;10;2021-09-19;90885
2021-09-18;"Trnavský kraj";100;982;6;988;NA;273249;106;2021-09-18;90875
2021-09-17;"Trnavský kraj";77;1709;20;1729;NA;273249;97;2021-09-17;90769
2021-09-16;"Trnavský kraj";105;1279;32;1311;NA;273249;137;2021-09-16;90672
2021-09-15;"Trnavský kraj";59;841;5;846;NA;273249;64;2021-09-15;90535
2021-09-14;"Trnavský kraj";38;1583;12;1595;NA;273249;50;2021-09-14;90471
2021-09-13;"Trnavský kraj";56;1410;16;1426;NA;273249;72;2021-09-13;90421
2021-09-12;"Trnavský kraj";0;653;1;654;NA;273249;1;2021-09-12;90349
2021-09-11;"Trnavský kraj";37;971;10;981;NA;273249;47;2021-09-11;90348
2021-09-10;"Trnavský kraj";43;1441;9;1450;NA;273249;52;2021-09-10;90301
2021-09-09;"Trnavský kraj";42;954;13;967;NA;273249;55;2021-09-09;90249
2021-09-08;"Trnavský kraj";65;802;15;817;NA;273249;80;2021-09-08;90194
2021-09-07;"Trnavský kraj";29;844;5;849;NA;273249;34;2021-09-07;90114
2021-09-06;"Trnavský kraj";18;1234;14;1248;NA;273249;32;2021-09-06;90080
2021-09-05;"Trnavský kraj";2;580;4;584;NA;273249;6;2021-09-05;90048
2021-09-04;"Trnavský kraj";17;868;6;874;NA;273249;23;2021-09-04;90042
2021-09-03;"Trnavský kraj";14;1060;5;1065;NA;273249;19;2021-09-03;90019
2021-09-02;"Trnavský kraj";30;830;10;840;NA;273249;40;2021-09-02;90000
2021-09-01;"Trnavský kraj";6;409;4;413;NA;273249;10;2021-09-01;89960
2021-08-31;"Trnavský kraj";13;884;3;887;NA;273249;16;2021-08-31;89950
2021-08-30;"Trnavský kraj";7;904;1;905;NA;273249;8;2021-08-30;89934
2021-08-29;"Trnavský kraj";8;427;1;428;NA;273249;9;2021-08-29;89926
2021-08-28;"Trnavský kraj";17;694;2;696;NA;273249;19;2021-08-28;89917
2021-08-27;"Trnavský kraj";1;1186;4;1190;NA;273249;5;2021-08-27;89898
2021-08-26;"Trnavský kraj";8;713;3;716;NA;273249;11;2021-08-26;89893
2021-08-25;"Trnavský kraj";11;683;6;689;NA;273249;17;2021-08-25;89882
2021-08-24;"Trnavský kraj";7;801;1;802;NA;273249;8;2021-08-24;89865
2021-08-23;"Trnavský kraj";4;844;1;845;NA;273249;5;2021-08-23;89857
2021-08-22;"Trnavský kraj";0;474;0;474;NA;273249;0;2021-08-22;89852
2021-08-21;"Trnavský kraj";8;703;0;703;NA;273249;8;2021-08-21;89852
2021-08-20;"Trnavský kraj";4;1095;4;1099;NA;273249;8;2021-08-20;89844
2021-08-19;"Trnavský kraj";10;881;3;884;NA;273249;13;2021-08-19;89836
2021-08-18;"Trnavský kraj";6;789;2;791;NA;273249;8;2021-08-18;89823
2021-08-17;"Trnavský kraj";7;524;4;528;NA;273249;11;2021-08-17;89815
2021-08-16;"Trnavský kraj";9;966;3;969;NA;273249;12;2021-08-16;89804
2021-08-15;"Trnavský kraj";0;556;1;557;NA;273249;1;2021-08-15;89792
2021-08-14;"Trnavský kraj";10;801;3;804;NA;273249;13;2021-08-14;89791
2021-08-13;"Trnavský kraj";5;1077;6;1083;NA;273249;11;2021-08-13;89778
2021-08-12;"Trnavský kraj";3;666;3;669;NA;273249;6;2021-08-12;89767
2021-08-11;"Trnavský kraj";7;576;2;578;NA;273249;9;2021-08-11;89761
2021-08-10;"Trnavský kraj";3;757;3;760;NA;273249;6;2021-08-10;89752
2021-08-09;"Trnavský kraj";12;808;0;808;NA;273249;12;2021-08-09;89746
2021-08-08;"Trnavský kraj";1;545;0;545;NA;273249;1;2021-08-08;89734
2021-08-07;"Trnavský kraj";9;724;0;724;NA;273249;9;2021-08-07;89733
2021-08-06;"Trnavský kraj";3;988;0;988;NA;273249;3;2021-08-06;89724
2021-08-05;"Trnavský kraj";2;662;1;663;NA;273249;3;2021-08-05;89721
2021-08-04;"Trnavský kraj";1;891;1;892;NA;273249;2;2021-08-04;89718
2021-08-03;"Trnavský kraj";13;645;0;645;NA;273249;13;2021-08-03;89716
2021-08-02;"Trnavský kraj";2;725;1;726;NA;273249;3;2021-08-02;89703
2021-08-01;"Trnavský kraj";0;565;2;567;NA;273249;2;2021-08-01;89700
2021-07-31;"Trnavský kraj";3;886;0;886;NA;273249;3;2021-07-31;89698
2021-07-30;"Trnavský kraj";3;1084;3;1087;NA;273249;6;2021-07-30;89695
2021-07-29;"Trnavský kraj";1;775;0;775;NA;273249;1;2021-07-29;89689
2021-07-28;"Trnavský kraj";5;794;1;795;NA;273249;6;2021-07-28;89688
2021-07-27;"Trnavský kraj";7;623;2;625;NA;273249;9;2021-07-27;89682
2021-07-26;"Trnavský kraj";2;857;2;859;NA;273249;4;2021-07-26;89673
2021-07-25;"Trnavský kraj";0;707;0;707;NA;273249;0;2021-07-25;89669
2021-07-24;"Trnavský kraj";4;828;2;830;NA;273249;6;2021-07-24;89669
2021-07-23;"Trnavský kraj";3;1057;0;1057;NA;273249;3;2021-07-23;89663
2021-07-22;"Trnavský kraj";0;671;2;673;NA;273249;2;2021-07-22;89660
2021-07-21;"Trnavský kraj";2;660;2;662;NA;273249;4;2021-07-21;89658
2021-07-20;"Trnavský kraj";2;593;0;593;NA;273249;2;2021-07-20;89654
2021-07-19;"Trnavský kraj";9;886;0;886;NA;273249;9;2021-07-19;89652
2021-07-18;"Trnavský kraj";0;600;2;602;NA;273249;2;2021-07-18;89643
2021-07-17;"Trnavský kraj";8;796;0;796;NA;273249;8;2021-07-17;89641
2021-07-16;"Trnavský kraj";11;963;0;963;NA;273249;11;2021-07-16;89633
2021-07-15;"Trnavský kraj";4;832;1;833;NA;273249;5;2021-07-15;89622
2021-07-14;"Trnavský kraj";1;699;1;700;NA;273249;2;2021-07-14;89617
2021-07-13;"Trnavský kraj";1;693;1;694;NA;273249;2;2021-07-13;89615
2021-07-12;"Trnavský kraj";4;959;0;959;NA;273249;4;2021-07-12;89613
2021-07-11;"Trnavský kraj";0;692;0;692;NA;273249;0;2021-07-11;89609
2021-07-10;"Trnavský kraj";1;803;0;803;NA;273249;1;2021-07-10;89609
2021-07-09;"Trnavský kraj";3;1262;3;1265;NA;273249;6;2021-07-09;89608
2021-07-08;"Trnavský kraj";4;755;0;755;NA;273249;4;2021-07-08;89602
2021-07-07;"Trnavský kraj";9;924;2;926;NA;273249;11;2021-07-07;89598
2021-07-06;"Trnavský kraj";2;1401;1;1402;NA;273249;3;2021-07-06;89587
2021-07-05;"Trnavský kraj";1;503;2;505;NA;273249;3;2021-07-05;89584
2021-07-04;"Trnavský kraj";0;1129;3;1132;NA;273249;3;2021-07-04;89581
2021-07-03;"Trnavský kraj";4;815;0;815;NA;273249;4;2021-07-03;89578
2021-07-02;"Trnavský kraj";2;1137;2;1139;NA;273249;4;2021-07-02;89574
2021-07-01;"Trnavský kraj";4;487;0;487;NA;273249;4;2021-07-01;89570
2021-06-30;"Trnavský kraj";0;5135;1;5136;NA;273249;1;2021-06-30;89566
2021-06-29;"Trnavský kraj";4;2563;1;2564;NA;273249;5;2021-06-29;89565
2021-06-28;"Trnavský kraj";2;2600;1;2601;NA;273249;3;2021-06-28;89560
2021-06-27;"Trnavský kraj";0;3213;0;3213;NA;273249;0;2021-06-27;89557
2021-06-26;"Trnavský kraj";3;3871;1;3872;NA;273249;4;2021-06-26;89557
2021-06-25;"Trnavský kraj";2;4374;3;4377;NA;273249;5;2021-06-25;89553
2021-06-24;"Trnavský kraj";4;2520;3;2523;NA;273249;7;2021-06-24;89548
2021-06-23;"Trnavský kraj";4;2842;2;2844;NA;273249;6;2021-06-23;89541
2021-06-22;"Trnavský kraj";2;2996;1;2997;NA;273249;3;2021-06-22;89535
2021-06-21;"Trnavský kraj";6;3114;5;3119;NA;273249;11;2021-06-21;89532
2021-06-20;"Trnavský kraj";0;3952;1;3953;NA;273249;1;2021-06-20;89521
2021-06-19;"Trnavský kraj";3;4735;2;4737;NA;273249;5;2021-06-19;89520
2021-06-18;"Trnavský kraj";5;6125;4;6129;NA;273249;9;2021-06-18;89515
2021-06-17;"Trnavský kraj";3;3340;0;3340;NA;273249;3;2021-06-17;89506
2021-06-16;"Trnavský kraj";6;2926;3;2929;NA;273249;9;2021-06-16;89503
2021-06-15;"Trnavský kraj";8;3234;3;3237;NA;273249;11;2021-06-15;89494
2021-06-14;"Trnavský kraj";2;3829;1;3830;NA;273249;3;2021-06-14;89483
2021-06-13;"Trnavský kraj";0;5001;8;5009;NA;273249;8;2021-06-13;89480
2021-06-12;"Trnavský kraj";11;5807;2;5809;NA;273249;13;2021-06-12;89472
2021-06-11;"Trnavský kraj";17;5850;4;5854;NA;273249;21;2021-06-11;89459
2021-06-10;"Trnavský kraj";14;3476;1;3477;NA;273249;15;2021-06-10;89438
2021-06-09;"Trnavský kraj";10;3685;1;3686;NA;273249;11;2021-06-09;89423
2021-06-08;"Trnavský kraj";8;3344;4;3348;NA;273249;12;2021-06-08;89412
2021-06-07;"Trnavský kraj";12;4498;8;4506;NA;273249;20;2021-06-07;89400
2021-06-06;"Trnavský kraj";0;5517;2;5519;NA;273249;2;2021-06-06;89380
2021-06-05;"Trnavský kraj";20;6905;8;6913;NA;273249;28;2021-06-05;89378
2021-06-04;"Trnavský kraj";9;6735;10;6745;NA;273249;19;2021-06-04;89350
2021-06-03;"Trnavský kraj";14;4361;11;4372;NA;273249;25;2021-06-03;89331
2021-06-02;"Trnavský kraj";4;4148;11;4159;NA;273249;15;2021-06-02;89306
2021-06-01;"Trnavský kraj";18;3662;5;3667;NA;273249;23;2021-06-01;89291
2021-05-31;"Trnavský kraj";14;5515;16;5531;NA;273249;30;2021-05-31;89268
2021-05-30;"Trnavský kraj";0;6473;7;6480;NA;273249;7;2021-05-30;89238
2021-05-29;"Trnavský kraj";11;8964;4;8968;NA;273249;15;2021-05-29;89231
2021-05-28;"Trnavský kraj";14;7160;11;7171;NA;273249;25;2021-05-28;89216
2021-05-27;"Trnavský kraj";22;4753;8;4761;NA;273249;30;2021-05-27;89191
2021-05-26;"Trnavský kraj";6;4870;8;4878;NA;273249;14;2021-05-26;89161
2021-05-25;"Trnavský kraj";19;5026;27;5053;NA;273249;46;2021-05-25;89147
2021-05-24;"Trnavský kraj";15;6520;22;6542;NA;273249;37;2021-05-24;89101
2021-05-23;"Trnavský kraj";0;7920;8;7928;NA;273249;8;2021-05-23;89064
2021-05-22;"Trnavský kraj";13;13381;21;13402;NA;273249;34;2021-05-22;89056
2021-05-21;"Trnavský kraj";16;8525;19;8544;NA;273249;35;2021-05-21;89022
2021-05-20;"Trnavský kraj";15;5511;11;5522;NA;273249;26;2021-05-20;88987
2021-05-19;"Trnavský kraj";18;5431;13;5444;NA;273249;31;2021-05-19;88961
2021-05-18;"Trnavský kraj";26;5768;15;5783;NA;273249;41;2021-05-18;88930
2021-05-17;"Trnavský kraj";17;6262;24;6286;NA;273249;41;2021-05-17;88889
2021-05-16;"Trnavský kraj";10;9984;8;9992;NA;273249;18;2021-05-16;88848
2021-05-15;"Trnavský kraj";11;18525;14;18539;NA;273249;25;2021-05-15;88830
2021-05-14;"Trnavský kraj";34;10279;21;10300;NA;273249;55;2021-05-14;88805
2021-05-13;"Trnavský kraj";26;6913;12;6925;NA;273249;38;2021-05-13;88750
2021-05-12;"Trnavský kraj";34;6621;26;6647;NA;273249;60;2021-05-12;88712
2021-05-11;"Trnavský kraj";32;6393;13;6406;NA;273249;45;2021-05-11;88652
2021-05-10;"Trnavský kraj";58;9139;24;9163;NA;273249;82;2021-05-10;88607
2021-05-09;"Trnavský kraj";21;12570;12;12582;NA;273249;33;2021-05-09;88525
2021-05-08;"Trnavský kraj";4;23028;22;23050;NA;273249;26;2021-05-08;88492
2021-05-07;"Trnavský kraj";26;15465;30;15495;NA;273249;56;2021-05-07;88466
2021-05-06;"Trnavský kraj";22;8407;22;8429;NA;273249;44;2021-05-06;88410
2021-05-05;"Trnavský kraj";34;6273;22;6295;NA;273249;56;2021-05-05;88366
2021-05-04;"Trnavský kraj";51;8538;17;8555;NA;273249;68;2021-05-04;88310
2021-05-03;"Trnavský kraj";20;8957;22;8979;NA;273249;42;2021-05-03;88242
2021-05-02;"Trnavský kraj";0;25657;29;25686;NA;273249;29;2021-05-02;88200
2021-05-01;"Trnavský kraj";30;81353;64;81417;NA;273249;94;2021-05-01;88171
2021-04-30;"Trnavský kraj";45;26846;35;26881;NA;273249;80;2021-04-30;88077
2021-04-29;"Trnavský kraj";25;20323;28;20351;NA;273249;53;2021-04-29;87997
2021-04-28;"Trnavský kraj";46;8896;28;8924;NA;273249;74;2021-04-28;87944
2021-04-27;"Trnavský kraj";54;8756;37;8793;NA;273249;91;2021-04-27;87870
2021-04-26;"Trnavský kraj";53;16116;42;16158;NA;273249;95;2021-04-26;87779
2021-04-25;"Trnavský kraj";0;30183;24;30207;NA;273249;24;2021-04-25;87684
2021-04-24;"Trnavský kraj";46;126077;84;126161;NA;273249;130;2021-04-24;87660
2021-04-23;"Trnavský kraj";71;25741;53;25794;NA;273249;124;2021-04-23;87530
2021-04-22;"Trnavský kraj";40;10904;25;10929;NA;273249;65;2021-04-22;87406
2021-04-21;"Trnavský kraj";60;10748;45;10793;NA;273249;105;2021-04-21;87341
2021-04-20;"Trnavský kraj";57;13504;28;13532;NA;273249;85;2021-04-20;87236
2021-04-19;"Trnavský kraj";46;14603;18;14621;NA;273249;64;2021-04-19;87151
2021-04-18;"Trnavský kraj";7;40843;43;40886;NA;273249;50;2021-04-18;87087
2021-04-17;"Trnavský kraj";58;118102;89;118191;NA;273249;147;2021-04-17;87037
2021-04-16;"Trnavský kraj";67;25962;48;26010;NA;273249;115;2021-04-16;86890
2021-04-15;"Trnavský kraj";65;11373;36;11409;NA;273249;101;2021-04-15;86775
2021-04-14;"Trnavský kraj";78;18442;53;18495;NA;273249;131;2021-04-14;86674
2021-04-13;"Trnavský kraj";126;9871;44;9915;NA;273249;170;2021-04-13;86543
2021-04-12;"Trnavský kraj";40;15577;40;15617;NA;273249;80;2021-04-12;86373
2021-04-11;"Trnavský kraj";3;44420;44;44464;NA;273249;47;2021-04-11;86293
2021-04-10;"Trnavský kraj";60;123822;107;123929;NA;273249;167;2021-04-10;86246
2021-04-09;"Trnavský kraj";95;26191;34;26225;NA;273249;129;2021-04-09;86079
2021-04-08;"Trnavský kraj";85;10913;54;10967;NA;273249;139;2021-04-08;85950
2021-04-07;"Trnavský kraj";131;15979;81;16060;NA;273249;212;2021-04-07;85811
2021-04-06;"Trnavský kraj";92;20586;90;20676;NA;273249;182;2021-04-06;85599
2021-04-05;"Trnavský kraj";91;7542;17;7559;NA;273249;108;2021-04-05;85417
2021-04-04;"Trnavský kraj";9;28831;49;28880;NA;273249;58;2021-04-04;85309
2021-04-03;"Trnavský kraj";29;144452;186;144638;NA;273249;215;2021-04-03;85251
2021-04-02;"Trnavský kraj";91;17538;33;17571;NA;273249;124;2021-04-02;85036
2021-04-01;"Trnavský kraj";118;22279;71;22350;NA;273249;189;2021-04-01;84912
2021-03-31;"Trnavský kraj";140;15828;82;15910;NA;273249;222;2021-03-31;84723
2021-03-30;"Trnavský kraj";182;10482;79;10561;NA;273249;261;2021-03-30;84501
2021-03-29;"Trnavský kraj";126;19255;122;19377;NA;273249;248;2021-03-29;84240
2021-03-28;"Trnavský kraj";26;50664;134;50798;NA;273249;160;2021-03-28;83992
2021-03-27;"Trnavský kraj";64;130217;246;130463;NA;273249;310;2021-03-27;83832
2021-03-26;"Trnavský kraj";139;30217;130;30347;NA;273249;269;2021-03-26;83522
2021-03-25;"Trnavský kraj";135;14212;80;14292;NA;273249;215;2021-03-25;83253
2021-03-24;"Trnavský kraj";159;10521;89;10610;NA;273249;248;2021-03-24;83038
2021-03-23;"Trnavský kraj";221;12735;104;12839;NA;273249;325;2021-03-23;82790
2021-03-22;"Trnavský kraj";103;17118;110;17228;NA;273249;213;2021-03-22;82465
2021-03-21;"Trnavský kraj";31;49119;150;49269;NA;273249;181;2021-03-21;82252
2021-03-20;"Trnavský kraj";112;136963;317;137280;NA;273249;429;2021-03-20;82071
2021-03-19;"Trnavský kraj";174;29071;137;29208;NA;273249;311;2021-03-19;81642
2021-03-18;"Trnavský kraj";158;12217;136;12353;NA;273249;294;2021-03-18;81331
2021-03-17;"Trnavský kraj";245;10434;103;10537;NA;273249;348;2021-03-17;81037
2021-03-16;"Trnavský kraj";311;12811;135;12946;NA;273249;446;2021-03-16;80689
2021-03-15;"Trnavský kraj";127;18271;146;18417;NA;273249;273;2021-03-15;80243
2021-03-14;"Trnavský kraj";14;47608;164;47772;NA;273249;178;2021-03-14;79970
2021-03-13;"Trnavský kraj";155;139224;409;139633;NA;273249;564;2021-03-13;79792
2021-03-12;"Trnavský kraj";201;28566;181;28747;NA;273249;382;2021-03-12;79228
2021-03-11;"Trnavský kraj";204;13301;140;13441;NA;273249;344;2021-03-11;78846
2021-03-10;"Trnavský kraj";242;10583;135;10718;NA;273249;377;2021-03-10;78502
2021-03-09;"Trnavský kraj";442;12824;155;12979;NA;273249;597;2021-03-09;78125
2021-03-08;"Trnavský kraj";182;21812;166;21978;NA;273249;348;2021-03-08;77528
2021-03-07;"Trnavský kraj";30;45463;227;45690;NA;273249;257;2021-03-07;77180
2021-03-06;"Trnavský kraj";154;135784;531;136315;NA;273249;685;2021-03-06;76923
2021-03-05;"Trnavský kraj";299;27959;239;28198;NA;273249;538;2021-03-05;76238
2021-03-04;"Trnavský kraj";238;14505;176;14681;NA;273249;414;2021-03-04;75700
2021-03-03;"Trnavský kraj";413;11583;246;11829;NA;273249;659;2021-03-03;75286
2021-03-02;"Trnavský kraj";477;12367;191;12558;NA;273249;668;2021-03-02;74627
2021-03-01;"Trnavský kraj";189;18586;234;18820;NA;273249;423;2021-03-01;73959
2021-02-28;"Trnavský kraj";87;47709;321;48030;NA;273249;408;2021-02-28;73536
2021-02-27;"Trnavský kraj";264;140224;800;141024;NA;273249;1064;2021-02-27;73128
2021-02-26;"Trnavský kraj";362;26637;284;26921;NA;273249;646;2021-02-26;72064
2021-02-25;"Trnavský kraj";433;10490;227;10717;NA;273249;660;2021-02-25;71418
2021-02-24;"Trnavský kraj";407;9113;290;9403;NA;273249;697;2021-02-24;70758
2021-02-23;"Trnavský kraj";469;11322;284;11606;NA;273249;753;2021-02-23;70061
2021-02-22;"Trnavský kraj";206;19901;330;20231;NA;273249;536;2021-02-22;69308
2021-02-21;"Trnavský kraj";38;48221;329;48550;NA;273249;367;2021-02-21;68772
2021-02-20;"Trnavský kraj";273;135835;859;136694;NA;273249;1132;2021-02-20;68405
2021-02-19;"Trnavský kraj";335;26382;366;26748;NA;273249;701;2021-02-19;67273
2021-02-18;"Trnavský kraj";344;11264;348;11612;NA;273249;692;2021-02-18;66572
2021-02-17;"Trnavský kraj";431;8783;416;9199;NA;273249;847;2021-02-17;65880
2021-02-16;"Trnavský kraj";426;11236;294;11530;NA;273249;720;2021-02-16;65033
2021-02-15;"Trnavský kraj";146;18276;326;18602;NA;273249;472;2021-02-15;64313
2021-02-14;"Trnavský kraj";51;57642;495;58137;NA;273249;546;2021-02-14;63841
2021-02-13;"Trnavský kraj";218;137051;994;138045;NA;273249;1212;2021-02-13;63295
2021-02-12;"Trnavský kraj";300;24090;352;24442;NA;273249;652;2021-02-12;62083
2021-02-11;"Trnavský kraj";422;9831;349;10180;NA;273249;771;2021-02-11;61431
2021-02-10;"Trnavský kraj";511;9194;342;9536;NA;273249;853;2021-02-10;60660
2021-02-09;"Trnavský kraj";544;12755;369;13124;NA;273249;913;2021-02-09;59807
2021-02-08;"Trnavský kraj";220;33414;497;33911;NA;273249;717;2021-02-08;58894
2021-02-07;"Trnavský kraj";140;69694;628;70322;NA;273249;768;2021-02-07;58177
2021-02-06;"Trnavský kraj";348;112687;1482;114169;NA;273249;1830;2021-02-06;57409
2021-02-05;"Trnavský kraj";377;16063;373;16436;NA;273249;750;2021-02-05;55579
2021-02-04;"Trnavský kraj";456;7317;456;7773;NA;273249;912;2021-02-04;54829
2021-02-03;"Trnavský kraj";472;6583;434;7017;NA;273249;906;2021-02-03;53917
2021-02-02;"Trnavský kraj";446;14243;424;14667;NA;273249;870;2021-02-02;53011
2021-02-01;"Trnavský kraj";198;38882;679;39561;NA;273249;877;2021-02-01;52141
2021-01-31;"Trnavský kraj";19;64707;822;65529;NA;273249;841;2021-01-31;51264
2021-01-30;"Trnavský kraj";323;111483;1288;112771;NA;273249;1611;2021-01-30;50423
2021-01-29;"Trnavský kraj";421;9689;290;9979;NA;273249;711;2021-01-29;48812
2021-01-28;"Trnavský kraj";389;5817;289;6106;NA;273249;678;2021-01-28;48101
2021-01-27;"Trnavský kraj";433;5554;225;5779;NA;273249;658;2021-01-27;47423
2021-01-26;"Trnavský kraj";565;25411;636;26047;NA;273249;1201;2021-01-26;46765
2021-01-25;"Trnavský kraj";210;41805;620;42425;NA;273249;830;2021-01-25;45564
2021-01-24;"Trnavský kraj";91;66399;779;67178;NA;273249;870;2021-01-24;44734
2021-01-23;"Trnavský kraj";372;113375;1319;114694;NA;273249;1691;2021-01-23;43864
2021-01-22;"Trnavský kraj";217;32755;505;33260;NA;273249;722;2021-01-22;42173
2021-01-21;"Trnavský kraj";311;13913;377;14290;NA;273249;688;2021-01-21;41451
2021-01-20;"Trnavský kraj";503;8685;283;8968;NA;273249;786;2021-01-20;40763
2021-01-19;"Trnavský kraj";415;7013;347;7360;NA;273249;762;2021-01-19;39977
2021-01-18;"Trnavský kraj";247;6690;513;7203;NA;273249;760;2021-01-18;39215
2021-01-17;"Trnavský kraj";128;854;215;1069;NA;273249;343;2021-01-17;38455
2021-01-16;"Trnavský kraj";103;898;24;922;NA;273249;127;2021-01-16;38112
2021-01-15;"Trnavský kraj";278;5467;336;5803;NA;273249;614;2021-01-15;37985
2021-01-14;"Trnavský kraj";452;4001;338;4339;NA;273249;790;2021-01-14;37371
2021-01-13;"Trnavský kraj";457;4751;378;5129;NA;273249;835;2021-01-13;36581
2021-01-12;"Trnavský kraj";469;6860;470;7330;NA;273249;939;2021-01-12;35746
2021-01-11;"Trnavský kraj";370;4587;360;4947;NA;273249;730;2021-01-11;34807
2021-01-10;"Trnavský kraj";71;13;0;13;NA;273249;71;2021-01-10;34077
2021-01-09;"Trnavský kraj";417;1775;100;1875;NA;273249;517;2021-01-09;34006
2021-01-08;"Trnavský kraj";381;6016;506;6522;NA;273249;887;2021-01-08;33489
2021-01-07;"Trnavský kraj";501;3545;329;3874;NA;273249;830;2021-01-07;32602
2021-01-06;"Trnavský kraj";179;758;132;890;NA;273249;311;2021-01-06;31772
2021-01-05;"Trnavský kraj";611;5165;561;5726;NA;273249;1172;2021-01-05;31461
2021-01-04;"Trnavský kraj";302;5556;709;6265;NA;273249;1011;2021-01-04;30289
2021-01-03;"Trnavský kraj";60;53;7;60;NA;273249;67;2021-01-03;29278
2021-01-02;"Trnavský kraj";282;417;32;449;NA;273249;314;2021-01-02;29211
2021-01-01;"Trnavský kraj";143;455;76;531;NA;273249;219;2021-01-01;28897
2020-12-31;"Trnavský kraj";498;8325;820;9145;NA;273249;1318;2020-12-31;28678
2020-12-30;"Trnavský kraj";785;5318;612;5930;NA;273249;1397;2020-12-30;27360
2020-12-29;"Trnavský kraj";322;4913;565;5478;NA;273249;887;2020-12-29;25963
2020-12-28;"Trnavský kraj";213;4900;552;5452;NA;273249;765;2020-12-28;25076
2020-12-27;"Trnavský kraj";27;20;4;24;NA;273249;31;2020-12-27;24311
2020-12-26;"Trnavský kraj";148;44;1;45;NA;273249;149;2020-12-26;24280
2020-12-25;"Trnavský kraj";65;49;5;54;NA;273249;70;2020-12-25;24131
2020-12-24;"Trnavský kraj";333;1359;117;1476;NA;273249;450;2020-12-24;24061
2020-12-23;"Trnavský kraj";210;6672;414;7086;NA;273249;624;2020-12-23;23611
2020-12-22;"Trnavský kraj";311;5427;455;5882;NA;273249;766;2020-12-22;22987
2020-12-21;"Trnavský kraj";328;4092;350;4442;NA;273249;678;2020-12-21;22221
2020-12-20;"Trnavský kraj";134;133;12;145;NA;273249;146;2020-12-20;21543
2020-12-19;"Trnavský kraj";201;1407;103;1510;NA;273249;304;2020-12-19;21397
2020-12-18;"Trnavský kraj";341;4432;334;4766;NA;273249;675;2020-12-18;21093
2020-12-17;"Trnavský kraj";375;4880;414;5294;NA;273249;789;2020-12-17;20418
2020-12-16;"Trnavský kraj";312;4945;383;5328;NA;273249;695;2020-12-16;19629
2020-12-15;"Trnavský kraj";492;6240;598;6838;NA;273249;1090;2020-12-15;18934
2020-12-14;"Trnavský kraj";161;3505;292;3797;NA;273249;453;2020-12-14;17844
2020-12-13;"Trnavský kraj";7;7;0;7;NA;273249;7;2020-12-13;17391
2020-12-12;"Trnavský kraj";254;1456;114;1570;NA;273249;368;2020-12-12;17384
2020-12-11;"Trnavský kraj";384;4289;241;4530;NA;273249;625;2020-12-11;17016
2020-12-10;"Trnavský kraj";183;5197;320;5517;NA;273249;503;2020-12-10;16391
2020-12-09;"Trnavský kraj";521;4199;317;4516;NA;273249;838;2020-12-09;15888
2020-12-08;"Trnavský kraj";281;4090;304;4394;NA;273249;585;2020-12-08;15050
2020-12-07;"Trnavský kraj";178;2895;199;3094;NA;273249;377;2020-12-07;14465
2020-12-06;"Trnavský kraj";46;0;0;0;NA;273249;46;2020-12-06;14088
2020-12-05;"Trnavský kraj";129;2218;41;2259;NA;273249;170;2020-12-05;14042
2020-12-04;"Trnavský kraj";242;3948;158;4106;NA;273249;400;2020-12-04;13872
2020-12-03;"Trnavský kraj";248;2770;190;2960;NA;273249;438;2020-12-03;13472
2020-12-02;"Trnavský kraj";284;4516;176;4692;NA;273249;460;2020-12-02;13034
2020-12-01;"Trnavský kraj";253;3190;205;3395;NA;273249;458;2020-12-01;12574
2020-11-30;"Trnavský kraj";200;7360;186;7546;NA;273249;386;2020-11-30;12116
2020-11-29;"Trnavský kraj";17;738;36;774;NA;273249;53;2020-11-29;11730
2020-11-28;"Trnavský kraj";83;1453;77;1530;NA;273249;160;2020-11-28;11677
2020-11-27;"Trnavský kraj";148;1779;85;1864;NA;273249;233;2020-11-27;11517
2020-11-26;"Trnavský kraj";234;1123;68;1191;NA;273249;302;2020-11-26;11284
2020-11-25;"Trnavský kraj";232;1168;74;1242;NA;273249;306;2020-11-25;10982
2020-11-24;"Trnavský kraj";295;1909;96;2005;NA;273249;391;2020-11-24;10676
2020-11-23;"Trnavský kraj";242;7393;129;7522;NA;273249;371;2020-11-23;10285
2020-11-22;"Trnavský kraj";10;82;9;91;NA;273249;19;2020-11-22;9914
2020-11-21;"Trnavský kraj";129;1354;36;1390;NA;273249;165;2020-11-21;9895
2020-11-20;"Trnavský kraj";246;1154;64;1218;NA;273249;310;2020-11-20;9730
2020-11-19;"Trnavský kraj";157;823;64;887;NA;273249;221;2020-11-19;9420
2020-11-18;"Trnavský kraj";235;822;82;904;NA;273249;317;2020-11-18;9199
2020-11-17;"Trnavský kraj";129;705;74;779;NA;273249;203;2020-11-17;8882
2020-11-16;"Trnavský kraj";187;732;32;764;NA;273249;219;2020-11-16;8679
2020-11-15;"Trnavský kraj";23;73;4;77;NA;273249;27;2020-11-15;8460
2020-11-14;"Trnavský kraj";86;397;12;409;NA;273249;98;2020-11-14;8433
2020-11-13;"Trnavský kraj";219;1312;21;1333;NA;273249;240;2020-11-13;8335
2020-11-12;"Trnavský kraj";162;420;18;438;NA;273249;180;2020-11-12;8095
2020-11-11;"Trnavský kraj";257;392;15;407;NA;273249;272;2020-11-11;7915
2020-11-10;"Trnavský kraj";189;889;30;919;NA;273249;219;2020-11-10;7643
2020-11-09;"Trnavský kraj";196;369;23;392;NA;273249;219;2020-11-09;7424
2020-11-08;"Trnavský kraj";55;400;4;404;NA;273249;59;2020-11-08;7205
2020-11-07;"Trnavský kraj";207;6070;74;6144;NA;273249;281;2020-11-07;7146
2020-11-06;"Trnavský kraj";260;1531;19;1550;NA;273249;279;2020-11-06;6865
2020-11-05;"Trnavský kraj";150;220;27;247;NA;273249;177;2020-11-05;6586
2020-11-04;"Trnavský kraj";188;212;10;222;NA;273249;198;2020-11-04;6409
2020-11-03;"Trnavský kraj";317;127;8;135;NA;273249;325;2020-11-03;6211
2020-11-02;"Trnavský kraj";281;1728;31;1759;NA;273249;312;2020-11-02;5886
2020-11-01;"Trnavský kraj";87;494;27;521;NA;273249;114;2020-11-01;5574
2020-10-31;"Trnavský kraj";259;5024;41;5065;NA;273249;300;2020-10-31;5460
2020-10-30;"Trnavský kraj";198;3784;27;3811;NA;273249;225;2020-10-30;5160
2020-10-29;"Trnavský kraj";273;1461;16;1477;NA;273249;289;2020-10-29;4935
2020-10-28;"Trnavský kraj";319;117;16;133;NA;273249;335;2020-10-28;4646
2020-10-27;"Trnavský kraj";199;461;36;497;NA;273249;235;2020-10-27;4311
2020-10-26;"Trnavský kraj";153;29;2;31;NA;273249;155;2020-10-26;4076
2020-10-25;"Trnavský kraj";95;19;1;20;NA;273249;96;2020-10-25;3921
2020-10-24;"Trnavský kraj";158;109;2;111;NA;273249;160;2020-10-24;3825
2020-10-23;"Trnavský kraj";201;89;4;93;NA;273249;205;2020-10-23;3665
2020-10-22;"Trnavský kraj";195;55;2;57;NA;273249;197;2020-10-22;3460
2020-10-21;"Trnavský kraj";134;73;3;76;NA;273249;137;2020-10-21;3263
2020-10-20;"Trnavský kraj";202;82;3;85;NA;273249;205;2020-10-20;3126
2020-10-19;"Trnavský kraj";67;55;0;55;NA;273249;67;2020-10-19;2921
2020-10-18;"Trnavský kraj";84;0;0;0;NA;273249;84;2020-10-18;2854
2020-10-17;"Trnavský kraj";123;0;0;0;NA;273249;123;2020-10-17;2770
2020-10-16;"Trnavský kraj";86;45;2;47;NA;273249;88;2020-10-16;2647
2020-10-15;"Trnavský kraj";155;66;2;68;NA;273249;157;2020-10-15;2559
2020-10-14;"Trnavský kraj";236;468;3;471;NA;273249;239;2020-10-14;2402
2020-10-13;"Trnavský kraj";138;16;2;18;NA;273249;140;2020-10-13;2163
2020-10-12;"Trnavský kraj";33;41;1;42;NA;273249;34;2020-10-12;2023
2020-10-11;"Trnavský kraj";31;0;0;0;NA;273249;31;2020-10-11;1989
2020-10-10;"Trnavský kraj";128;0;0;0;NA;273249;128;2020-10-10;1958
2020-10-09;"Trnavský kraj";156;0;0;0;NA;273249;156;2020-10-09;1830
2020-10-08;"Trnavský kraj";153;0;0;0;NA;273249;153;2020-10-08;1674
2020-10-07;"Trnavský kraj";80;0;0;0;NA;273249;80;2020-10-07;1521
2020-10-06;"Trnavský kraj";112;0;0;0;NA;273249;112;2020-10-06;1441
2020-10-05;"Trnavský kraj";33;0;0;0;NA;273249;33;2020-10-05;1329
2020-10-04;"Trnavský kraj";44;0;0;0;NA;273249;44;2020-10-04;1296
2020-10-03;"Trnavský kraj";60;0;0;0;NA;273249;60;2020-10-03;1252
2020-10-02;"Trnavský kraj";41;0;0;0;NA;273249;41;2020-10-02;1192
2020-10-01;"Trnavský kraj";53;0;0;0;NA;273249;53;2020-10-01;1151
2020-09-30;"Trnavský kraj";91;0;0;0;NA;273249;91;2020-09-30;1098
2020-09-29;"Trnavský kraj";40;0;0;0;NA;273249;40;2020-09-29;1007
2020-09-28;"Trnavský kraj";69;0;0;0;NA;273249;69;2020-09-28;967
2020-09-27;"Trnavský kraj";30;0;0;0;NA;273249;30;2020-09-27;898
2020-09-26;"Trnavský kraj";46;0;0;0;NA;273249;46;2020-09-26;868
2020-09-25;"Trnavský kraj";32;0;0;0;NA;273249;32;2020-09-25;822
2020-09-24;"Trnavský kraj";42;0;0;0;NA;273249;42;2020-09-24;790
2020-09-23;"Trnavský kraj";43;0;0;0;NA;273249;43;2020-09-23;748
2020-09-22;"Trnavský kraj";55;0;0;0;NA;273249;55;2020-09-22;705
2020-09-21;"Trnavský kraj";41;0;0;0;NA;273249;41;2020-09-21;650
2020-09-20;"Trnavský kraj";17;0;0;0;NA;273249;17;2020-09-20;609
2020-09-19;"Trnavský kraj";4;0;0;0;NA;273249;4;2020-09-19;592
2020-09-18;"Trnavský kraj";33;0;0;0;NA;273249;33;2020-09-18;588
2020-09-17;"Trnavský kraj";42;0;0;0;NA;273249;42;2020-09-17;555
2020-09-16;"Trnavský kraj";49;0;0;0;NA;273249;49;2020-09-16;513
2020-09-15;"Trnavský kraj";5;0;0;0;NA;273249;5;2020-09-15;464
2020-09-14;"Trnavský kraj";26;0;0;0;NA;273249;26;2020-09-14;459
2020-09-13;"Trnavský kraj";9;0;0;0;NA;273249;9;2020-09-13;433
2020-09-12;"Trnavský kraj";12;0;0;0;NA;273249;12;2020-09-12;424
2020-09-11;"Trnavský kraj";16;0;0;0;NA;273249;16;2020-09-11;412
2020-09-10;"Trnavský kraj";32;0;0;0;NA;273249;32;2020-09-10;396
2020-09-09;"Trnavský kraj";14;0;0;0;NA;273249;14;2020-09-09;364
2020-09-08;"Trnavský kraj";11;0;0;0;NA;273249;11;2020-09-08;350
2020-09-07;"Trnavský kraj";7;0;0;0;NA;273249;7;2020-09-07;339
2020-09-06;"Trnavský kraj";5;0;0;0;NA;273249;5;2020-09-06;332
2020-09-05;"Trnavský kraj";7;0;0;0;NA;273249;7;2020-09-05;327
2020-09-04;"Trnavský kraj";16;0;0;0;NA;273249;16;2020-09-04;320
2020-09-03;"Trnavský kraj";8;0;0;0;NA;273249;8;2020-09-03;304
2020-09-02;"Trnavský kraj";7;0;0;0;NA;273249;7;2020-09-02;296
2020-09-01;"Trnavský kraj";1;0;0;0;NA;273249;1;2020-09-01;289
2020-08-31;"Trnavský kraj";6;0;0;0;NA;273249;6;2020-08-31;288
2020-08-30;"Trnavský kraj";1;0;0;0;NA;273249;1;2020-08-30;282
2020-08-29;"Trnavský kraj";3;0;0;0;NA;273249;3;2020-08-29;281
2020-08-28;"Trnavský kraj";14;0;0;0;NA;273249;14;2020-08-28;278
2020-08-27;"Trnavský kraj";6;0;0;0;NA;273249;6;2020-08-27;264
2020-08-26;"Trnavský kraj";4;0;0;0;NA;273249;4;2020-08-26;258
2020-08-25;"Trnavský kraj";7;0;0;0;NA;273249;7;2020-08-25;254
2020-08-24;"Trnavský kraj";1;0;0;0;NA;273249;1;2020-08-24;247
2020-08-23;"Trnavský kraj";6;0;0;0;NA;273249;6;2020-08-23;246
2020-08-22;"Trnavský kraj";3;0;0;0;NA;273249;3;2020-08-22;240
2020-08-21;"Trnavský kraj";4;0;0;0;NA;273249;4;2020-08-21;237
2020-08-20;"Trnavský kraj";23;0;0;0;NA;273249;23;2020-08-20;233
2020-08-19;"Trnavský kraj";13;0;0;0;NA;273249;13;2020-08-19;210
2020-08-18;"Trnavský kraj";20;0;0;0;NA;273249;20;2020-08-18;197
2020-08-17;"Trnavský kraj";3;0;0;0;NA;273249;3;2020-08-17;177
2020-08-16;"Trnavský kraj";0;0;0;0;NA;273249;0;2020-08-16;174
2020-08-15;"Trnavský kraj";7;0;0;0;NA;273249;7;2020-08-15;174
2020-08-14;"Trnavský kraj";6;0;0;0;NA;273249;6;2020-08-14;167
2020-08-13;"Trnavský kraj";10;0;0;0;NA;273249;10;2020-08-13;161
2020-08-12;"Trnavský kraj";2;0;0;0;NA;273249;2;2020-08-12;151
2020-08-11;"Trnavský kraj";30;0;0;0;NA;273249;30;2020-08-11;149
2020-08-10;"Trnavský kraj";0;0;0;0;NA;273249;0;2020-08-10;119
2020-08-09;"Trnavský kraj";0;0;0;0;NA;273249;0;2020-08-09;119
2020-08-08;"Trnavský kraj";13;0;0;0;NA;273249;13;2020-08-08;119
2020-08-07;"Trnavský kraj";4;0;0;0;NA;273249;4;2020-08-07;106
2020-08-06;"Trnavský kraj";4;0;0;0;NA;273249;4;2020-08-06;102
2020-08-05;"Trnavský kraj";0;0;0;0;NA;273249;0;2020-08-05;98
2020-08-04;"Trnavský kraj";1;0;0;0;NA;273249;1;2020-08-04;98
2020-08-03;"Trnavský kraj";2;0;0;0;NA;273249;2;2020-08-03;97
2020-08-02;"Trnavský kraj";1;0;0;0;NA;273249;1;2020-08-02;95
2020-08-01;"Trnavský kraj";0;0;0;0;NA;273249;0;2020-08-01;94
2020-07-31;"Trnavský kraj";7;0;0;0;NA;273249;7;2020-07-31;94
2020-07-30;"Trnavský kraj";6;0;0;0;NA;273249;6;2020-07-30;87
2020-07-29;"Trnavský kraj";0;0;0;0;NA;273249;0;2020-07-29;81
2020-07-28;"Trnavský kraj";1;0;0;0;NA;273249;1;2020-07-28;81
2020-07-27;"Trnavský kraj";2;0;0;0;NA;273249;2;2020-07-27;80
2020-07-26;"Trnavský kraj";0;0;0;0;NA;273249;0;2020-07-26;78
2020-07-25;"Trnavský kraj";0;0;0;0;NA;273249;0;2020-07-25;78
2020-07-24;"Trnavský kraj";1;0;0;0;NA;273249;1;2020-07-24;78
2020-07-23;"Trnavský kraj";2;0;0;0;NA;273249;2;2020-07-23;77
2020-07-22;"Trnavský kraj";1;0;0;0;NA;273249;1;2020-07-22;75
2020-07-21;"Trnavský kraj";2;0;0;0;NA;273249;2;2020-07-21;74
2020-07-20;"Trnavský kraj";0;0;0;0;NA;273249;0;2020-07-20;72
2020-07-19;"Trnavský kraj";0;0;0;0;NA;273249;0;2020-07-19;72
2020-07-18;"Trnavský kraj";0;0;0;0;NA;273249;0;2020-07-18;72
2020-07-17;"Trnavský kraj";0;0;0;0;NA;273249;0;2020-07-17;72
2020-07-16;"Trnavský kraj";0;0;0;0;NA;273249;0;2020-07-16;72
2020-07-15;"Trnavský kraj";1;0;0;0;NA;273249;1;2020-07-15;72
2020-07-14;"Trnavský kraj";0;0;0;0;NA;273249;0;2020-07-14;71
2020-07-13;"Trnavský kraj";0;0;0;0;NA;273249;0;2020-07-13;71
2020-07-12;"Trnavský kraj";0;0;0;0;NA;273249;0;2020-07-12;71
2020-07-11;"Trnavský kraj";0;0;0;0;NA;273249;0;2020-07-11;71
2020-07-10;"Trnavský kraj";0;0;0;0;NA;273249;0;2020-07-10;71
2020-07-09;"Trnavský kraj";0;0;0;0;NA;273249;0;2020-07-09;71
2020-07-08;"Trnavský kraj";3;0;0;0;NA;273249;3;2020-07-08;71
2020-07-07;"Trnavský kraj";4;0;0;0;NA;273249;4;2020-07-07;68
2020-07-06;"Trnavský kraj";0;0;0;0;NA;273249;0;2020-07-06;64
2020-07-05;"Trnavský kraj";0;0;0;0;NA;273249;0;2020-07-05;64
2020-07-04;"Trnavský kraj";0;0;0;0;NA;273249;0;2020-07-04;64
2020-07-03;"Trnavský kraj";0;0;0;0;NA;273249;0;2020-07-03;64
2020-07-02;"Trnavský kraj";3;0;0;0;NA;273249;3;2020-07-02;64
2020-07-01;"Trnavský kraj";0;0;0;0;NA;273249;0;2020-07-01;61
2020-06-30;"Trnavský kraj";0;0;0;0;NA;273249;0;2020-06-30;61
2020-06-29;"Trnavský kraj";0;0;0;0;NA;273249;0;2020-06-29;61
2020-06-28;"Trnavský kraj";0;0;0;0;NA;273249;0;2020-06-28;61
2020-06-27;"Trnavský kraj";0;0;0;0;NA;273249;0;2020-06-27;61
2020-06-26;"Trnavský kraj";0;0;0;0;NA;273249;0;2020-06-26;61
2020-06-25;"Trnavský kraj";0;0;0;0;NA;273249;0;2020-06-25;61
2020-06-24;"Trnavský kraj";0;0;0;0;NA;273249;0;2020-06-24;61
2020-06-23;"Trnavský kraj";0;0;0;0;NA;273249;0;2020-06-23;61
2020-06-22;"Trnavský kraj";0;0;0;0;NA;273249;0;2020-06-22;61
2020-06-21;"Trnavský kraj";0;0;0;0;NA;273249;0;2020-06-21;61
2020-06-20;"Trnavský kraj";0;0;0;0;NA;273249;0;2020-06-20;61
2020-06-19;"Trnavský kraj";0;0;0;0;NA;273249;0;2020-06-19;61
2020-06-18;"Trnavský kraj";2;0;0;0;NA;273249;2;2020-06-18;61
2020-06-17;"Trnavský kraj";0;0;0;0;NA;273249;0;2020-06-17;59
2020-06-16;"Trnavský kraj";0;0;0;0;NA;273249;0;2020-06-16;59
2020-06-14;"Trnavský kraj";0;0;0;0;NA;273249;0;2020-06-14;59
2020-06-13;"Trnavský kraj";0;0;0;0;NA;273249;0;2020-06-13;59
2020-06-12;"Trnavský kraj";0;0;0;0;NA;273249;0;2020-06-12;59
2020-06-11;"Trnavský kraj";0;0;0;0;NA;273249;0;2020-06-11;59
2020-06-10;"Trnavský kraj";0;0;0;0;NA;273249;0;2020-06-10;59
2020-06-09;"Trnavský kraj";0;0;0;0;NA;273249;0;2020-06-09;59
2020-06-08;"Trnavský kraj";0;0;0;0;NA;273249;0;2020-06-08;59
2020-06-07;"Trnavský kraj";0;0;0;0;NA;273249;0;2020-06-07;59
2020-06-05;"Trnavský kraj";0;0;0;0;NA;273249;0;2020-06-05;59
2020-06-03;"Trnavský kraj";0;0;0;0;NA;273249;0;2020-06-03;59
2020-06-02;"Trnavský kraj";0;0;0;0;NA;273249;0;2020-06-02;59
2020-05-31;"Trnavský kraj";0;0;0;0;NA;273249;0;2020-05-31;59
2020-05-29;"Trnavský kraj";0;0;0;0;NA;273249;0;2020-05-29;59
2020-05-27;"Trnavský kraj";0;0;0;0;NA;273249;0;2020-05-27;59
2020-05-26;"Trnavský kraj";0;0;0;0;NA;273249;0;2020-05-26;59
2020-05-25;"Trnavský kraj";1;0;0;0;NA;273249;1;2020-05-25;59
2020-05-24;"Trnavský kraj";0;0;0;0;NA;273249;0;2020-05-24;58
2020-05-23;"Trnavský kraj";2;0;0;0;NA;273249;2;2020-05-23;58
2020-05-22;"Trnavský kraj";0;0;0;0;NA;273249;0;2020-05-22;56
2020-05-21;"Trnavský kraj";0;0;0;0;NA;273249;0;2020-05-21;56
2020-05-20;"Trnavský kraj";2;0;0;0;NA;273249;2;2020-05-20;56
2020-05-19;"Trnavský kraj";0;0;0;0;NA;273249;0;2020-05-19;54
2020-05-17;"Trnavský kraj";0;0;0;0;NA;273249;0;2020-05-17;54
2020-05-16;"Trnavský kraj";0;0;0;0;NA;273249;0;2020-05-16;54
2020-05-15;"Trnavský kraj";1;0;0;0;NA;273249;1;2020-05-15;54
2020-05-14;"Trnavský kraj";0;0;0;0;NA;273249;0;2020-05-14;53
2020-05-13;"Trnavský kraj";0;0;0;0;NA;273249;0;2020-05-13;53
2020-05-12;"Trnavský kraj";0;0;0;0;NA;273249;0;2020-05-12;53
2020-05-11;"Trnavský kraj";2;0;0;0;NA;273249;2;2020-05-11;53
2020-05-09;"Trnavský kraj";0;0;0;0;NA;273249;0;2020-05-09;51
2020-05-07;"Trnavský kraj";0;0;0;0;NA;273249;0;2020-05-07;51
2020-05-06;"Trnavský kraj";0;0;0;0;NA;273249;0;2020-05-06;51
2020-05-05;"Trnavský kraj";0;0;0;0;NA;273249;0;2020-05-05;51
2020-05-04;"Trnavský kraj";0;0;0;0;NA;273249;0;2020-05-04;51
2020-05-03;"Trnavský kraj";0;0;0;0;NA;273249;0;2020-05-03;51
2020-05-02;"Trnavský kraj";0;0;0;0;NA;273249;0;2020-05-02;51
2020-05-01;"Trnavský kraj";0;0;0;0;NA;273249;0;2020-05-01;51
2020-04-30;"Trnavský kraj";0;0;0;0;NA;273249;0;2020-04-30;51
2020-04-29;"Trnavský kraj";0;0;0;0;NA;273249;0;2020-04-29;51
2020-04-28;"Trnavský kraj";1;0;0;0;NA;273249;1;2020-04-28;51
2020-04-27;"Trnavský kraj";0;0;0;0;NA;273249;0;2020-04-27;50
2020-04-26;"Trnavský kraj";0;0;0;0;NA;273249;0;2020-04-26;50
2020-04-25;"Trnavský kraj";2;0;0;0;NA;273249;2;2020-04-25;50
2020-04-24;"Trnavský kraj";4;0;0;0;NA;273249;4;2020-04-24;48
2020-04-23;"Trnavský kraj";5;0;0;0;NA;273249;5;2020-04-23;44
2020-04-22;"Trnavský kraj";10;0;0;0;NA;273249;10;2020-04-22;39
2020-04-21;"Trnavský kraj";5;0;0;0;NA;273249;5;2020-04-21;29
2020-04-20;"Trnavský kraj";0;0;0;0;NA;273249;0;2020-04-20;24
2020-04-19;"Trnavský kraj";1;0;0;0;NA;273249;1;2020-04-19;24
2020-04-18;"Trnavský kraj";4;0;0;0;NA;273249;4;2020-04-18;23
2020-04-17;"Trnavský kraj";7;0;0;0;NA;273249;7;2020-04-17;19
2020-04-16;"Trnavský kraj";5;0;0;0;NA;273249;5;2020-04-16;12
2020-04-15;"Trnavský kraj";5;0;0;0;NA;273249;5;2020-04-15;7
2020-04-14;"Trnavský kraj";1;0;0;0;NA;273249;1;2020-04-14;2
2020-04-13;"Trnavský kraj";0;0;0;0;NA;273249;0;2020-04-13;1
2020-04-12;"Trnavský kraj";0;0;0;0;NA;273249;0;2020-04-12;1
2020-04-11;"Trnavský kraj";0;0;0;0;NA;273249;0;2020-04-11;1
2020-04-10;"Trnavský kraj";2;0;0;0;NA;273249;2;2020-04-10;1
2020-04-09;"Trnavský kraj";3;0;0;0;NA;273249;3;2020-04-09;-1
2020-04-08;"Trnavský kraj";4;0;0;0;NA;273249;4;2020-04-08;-4
2020-04-07;"Trnavský kraj";6;0;0;0;NA;273249;6;2020-04-07;-8
2020-04-06;"Trnavský kraj";6;0;0;0;NA;273249;6;2020-04-06;-14
2020-04-05;"Trnavský kraj";1;0;0;0;NA;273249;1;2020-04-05;-20
2020-04-04;"Trnavský kraj";1;0;0;0;NA;273249;1;2020-04-04;-21
2020-04-03;"Trnavský kraj";3;0;0;0;NA;273249;3;2020-04-03;-22
2020-04-02;"Trnavský kraj";4;0;0;0;NA;273249;4;2020-04-02;-25
2020-04-01;"Trnavský kraj";0;0;0;0;NA;273249;0;2020-04-01;-29
2020-03-31;"Trnavský kraj";3;0;0;0;NA;273249;3;2020-03-31;-29
2020-03-30;"Trnavský kraj";4;0;0;0;NA;273249;4;2020-03-30;-32
2020-03-29;"Trnavský kraj";1;0;0;0;NA;273249;1;2020-03-29;-36
2020-03-28;"Trnavský kraj";3;0;0;0;NA;273249;3;2020-03-28;-37
2020-03-27;"Trnavský kraj";5;0;0;0;NA;273249;5;2020-03-27;-40
2020-03-26;"Trnavský kraj";5;0;0;0;NA;273249;5;2020-03-26;-45
2020-03-25;"Trnavský kraj";1;0;0;0;NA;273249;1;2020-03-25;-50
2020-03-24;"Trnavský kraj";0;0;0;0;NA;273249;0;2020-03-24;-51
2020-03-23;"Trnavský kraj";2;0;0;0;NA;273249;2;2020-03-23;-51
2020-03-22;"Trnavský kraj";1;0;0;0;NA;273249;1;2020-03-22;-53
2020-03-21;"Trnavský kraj";5;0;0;0;NA;273249;5;2020-03-21;-54
2020-03-20;"Trnavský kraj";0;0;0;0;NA;273249;0;2020-03-20;-59
2020-03-19;"Trnavský kraj";0;0;0;0;NA;273249;0;2020-03-19;-59
2020-03-18;"Trnavský kraj";0;0;0;0;NA;273249;0;2020-03-18;-59
2020-03-17;"Trnavský kraj";3;0;0;0;NA;273249;3;2020-03-17;-59
2020-03-16;"Trnavský kraj";1;0;0;0;NA;273249;1;2020-03-16;-62
2020-03-15;"Trnavský kraj";0;0;0;0;NA;273249;0;2020-03-15;-63
2020-03-14;"Trnavský kraj";0;0;0;0;NA;273249;0;2020-03-14;-63
2020-03-13;"Trnavský kraj";1;0;0;0;NA;273249;1;2020-03-13;-63
2020-03-12;"Trnavský kraj";1;0;0;0;NA;273249;1;2020-03-12;-64
2020-03-11;"Trnavský kraj";0;0;0;0;NA;273249;0;2020-03-11;-65
2020-03-09;"Trnavský kraj";0;0;0;0;NA;273249;0;2020-03-09;-65
2020-03-08;"Trnavský kraj";0;0;0;0;NA;273249;0;2020-03-08;-65
2020-03-07;"Trnavský kraj";0;0;0;0;NA;273249;0;2020-03-07;-65
2020-03-06;"Trnavský kraj";0;0;0;0;NA;273249;0;2020-03-06;-65
2022-06-23;"Žilinský kraj";14;0;0;0;254425;350917;14;2022-06-23;350917
2022-06-22;"Žilinský kraj";40;151;6;157;NA;350917;46;2022-06-22;350903
2022-06-21;"Žilinský kraj";23;294;3;297;NA;350917;26;2022-06-21;350857
2022-06-20;"Žilinský kraj";33;175;6;181;NA;350917;39;2022-06-20;350831
2022-06-19;"Žilinský kraj";4;108;4;112;NA;350917;8;2022-06-19;350792
2022-06-18;"Žilinský kraj";7;71;1;72;NA;350917;8;2022-06-18;350784
2022-06-17;"Žilinský kraj";31;148;7;155;NA;350917;38;2022-06-17;350776
2022-06-16;"Žilinský kraj";17;291;7;298;NA;350917;24;2022-06-16;350738
2022-06-15;"Žilinský kraj";19;254;8;262;NA;350917;27;2022-06-15;350714
2022-06-14;"Žilinský kraj";24;221;10;231;NA;350917;34;2022-06-14;350687
2022-06-13;"Žilinský kraj";15;296;8;304;NA;350917;23;2022-06-13;350653
2022-06-12;"Žilinský kraj";1;52;1;53;NA;350917;2;2022-06-12;350630
2022-06-11;"Žilinský kraj";0;70;2;72;NA;350917;2;2022-06-11;350628
2022-06-10;"Žilinský kraj";12;244;8;252;NA;350917;20;2022-06-10;350626
2022-06-09;"Žilinský kraj";14;389;7;396;NA;350917;21;2022-06-09;350606
2022-06-08;"Žilinský kraj";22;173;6;179;NA;350917;28;2022-06-08;350585
2022-06-07;"Žilinský kraj";17;246;5;251;NA;350917;22;2022-06-07;350557
2022-06-06;"Žilinský kraj";20;483;9;492;NA;350917;29;2022-06-06;350535
2022-06-05;"Žilinský kraj";2;64;4;68;NA;350917;6;2022-06-05;350506
2022-06-04;"Žilinský kraj";5;88;1;89;NA;350917;6;2022-06-04;350500
2022-06-03;"Žilinský kraj";18;135;8;143;NA;350917;26;2022-06-03;350494
2022-06-02;"Žilinský kraj";8;224;4;228;NA;350917;12;2022-06-02;350468
2022-06-01;"Žilinský kraj";14;264;4;268;NA;350917;18;2022-06-01;350456
2022-05-31;"Žilinský kraj";14;245;7;252;NA;350917;21;2022-05-31;350438
2022-05-30;"Žilinský kraj";24;278;6;284;NA;350917;30;2022-05-30;350417
2022-05-29;"Žilinský kraj";1;117;0;117;NA;350917;1;2022-05-29;350387
2022-05-28;"Žilinský kraj";9;81;1;82;NA;350917;10;2022-05-28;350386
2022-05-27;"Žilinský kraj";11;239;4;243;NA;350917;15;2022-05-27;350376
2022-05-26;"Žilinský kraj";14;377;4;381;NA;350917;18;2022-05-26;350361
2022-05-25;"Žilinský kraj";24;157;10;167;NA;350917;34;2022-05-25;350343
2022-05-24;"Žilinský kraj";20;313;7;320;NA;350917;27;2022-05-24;350309
2022-05-23;"Žilinský kraj";29;364;9;373;NA;350917;38;2022-05-23;350282
2022-05-22;"Žilinský kraj";4;150;6;156;NA;350917;10;2022-05-22;350244
2022-05-21;"Žilinský kraj";13;91;0;91;NA;350917;13;2022-05-21;350234
2022-05-20;"Žilinský kraj";27;227;15;242;NA;350917;42;2022-05-20;350221
2022-05-19;"Žilinský kraj";22;324;7;331;NA;350917;29;2022-05-19;350179
2022-05-18;"Žilinský kraj";28;253;26;279;NA;350917;54;2022-05-18;350150
2022-05-17;"Žilinský kraj";46;288;11;299;NA;350917;57;2022-05-17;350096
2022-05-16;"Žilinský kraj";42;383;21;404;NA;350917;63;2022-05-16;350039
2022-05-15;"Žilinský kraj";1;128;7;135;NA;350917;8;2022-05-15;349976
2022-05-14;"Žilinský kraj";15;284;18;302;NA;350917;33;2022-05-14;349968
2022-05-13;"Žilinský kraj";40;385;26;411;NA;350917;66;2022-05-13;349935
2022-05-12;"Žilinský kraj";28;1081;24;1105;NA;350917;52;2022-05-12;349869
2022-05-11;"Žilinský kraj";41;501;24;525;NA;350917;65;2022-05-11;349817
2022-05-10;"Žilinský kraj";74;355;26;381;NA;350917;100;2022-05-10;349752
2022-05-09;"Žilinský kraj";52;515;49;564;NA;350917;101;2022-05-09;349652
2022-05-08;"Žilinský kraj";2;131;10;141;NA;350917;12;2022-05-08;349551
2022-05-07;"Žilinský kraj";27;257;27;284;NA;350917;54;2022-05-07;349539
2022-05-06;"Žilinský kraj";83;268;29;297;NA;350917;112;2022-05-06;349485
2022-05-05;"Žilinský kraj";55;527;30;557;NA;350917;85;2022-05-05;349373
2022-05-04;"Žilinský kraj";60;518;69;587;NA;350917;129;2022-05-04;349288
2022-05-03;"Žilinský kraj";108;537;34;571;NA;350917;142;2022-05-03;349159
2022-05-02;"Žilinský kraj";104;711;41;752;NA;350917;145;2022-05-02;349017
2022-05-01;"Žilinský kraj";15;124;9;133;NA;350917;24;2022-05-01;348872
2022-04-30;"Žilinský kraj";113;372;24;396;NA;350917;137;2022-04-30;348848
2022-04-29;"Žilinský kraj";127;842;29;871;NA;350917;156;2022-04-29;348711
2022-04-28;"Žilinský kraj";117;613;47;660;NA;350917;164;2022-04-28;348555
2022-04-27;"Žilinský kraj";125;874;16;890;NA;350917;141;2022-04-27;348391
2022-04-26;"Žilinský kraj";207;725;30;755;NA;350917;237;2022-04-26;348250
2022-04-25;"Žilinský kraj";218;1155;79;1234;NA;350917;297;2022-04-25;348013
2022-04-24;"Žilinský kraj";8;251;20;271;NA;350917;28;2022-04-24;347716
2022-04-23;"Žilinský kraj";212;391;22;413;NA;350917;234;2022-04-23;347688
2022-04-22;"Žilinský kraj";126;548;35;583;NA;350917;161;2022-04-22;347454
2022-04-21;"Žilinský kraj";218;781;63;844;NA;350917;281;2022-04-21;347293
2022-04-20;"Žilinský kraj";366;915;52;967;NA;350917;418;2022-04-20;347012
2022-04-19;"Žilinský kraj";346;1852;79;1931;NA;350917;425;2022-04-19;346594
2022-04-18;"Žilinský kraj";84;368;27;395;NA;350917;111;2022-04-18;346169
2022-04-17;"Žilinský kraj";157;175;13;188;NA;350917;170;2022-04-17;346058
2022-04-16;"Žilinský kraj";111;282;54;336;NA;350917;165;2022-04-16;345888
2022-04-15;"Žilinský kraj";43;223;11;234;NA;350917;54;2022-04-15;345723
2022-04-14;"Žilinský kraj";315;1195;53;1248;NA;350917;368;2022-04-14;345669
2022-04-13;"Žilinský kraj";331;1101;39;1140;NA;350917;370;2022-04-13;345301
2022-04-12;"Žilinský kraj";280;1079;42;1121;NA;350917;322;2022-04-12;344931
2022-04-11;"Žilinský kraj";453;1335;87;1422;NA;350917;540;2022-04-11;344609
2022-04-10;"Žilinský kraj";20;313;26;339;NA;350917;46;2022-04-10;344069
2022-04-09;"Žilinský kraj";233;261;38;299;NA;350917;271;2022-04-09;344023
2022-04-08;"Žilinský kraj";368;762;50;812;NA;350917;418;2022-04-08;343752
2022-04-07;"Žilinský kraj";359;797;54;851;NA;350917;413;2022-04-07;343334
2022-04-06;"Žilinský kraj";541;1030;69;1099;NA;350917;610;2022-04-06;342921
2022-04-05;"Žilinský kraj";699;1038;78;1116;NA;350917;777;2022-04-05;342311
2022-04-04;"Žilinský kraj";605;1340;110;1450;NA;350917;715;2022-04-04;341534
2022-04-03;"Žilinský kraj";82;268;34;302;NA;350917;116;2022-04-03;340819
2022-04-02;"Žilinský kraj";289;224;33;257;NA;350917;322;2022-04-02;340703
2022-04-01;"Žilinský kraj";592;943;60;1003;NA;350917;652;2022-04-01;340381
2022-03-31;"Žilinský kraj";557;863;92;955;NA;350917;649;2022-03-31;339729
2022-03-30;"Žilinský kraj";688;1644;102;1746;NA;350917;790;2022-03-30;339080
2022-03-29;"Žilinský kraj";755;917;103;1020;NA;350917;858;2022-03-29;338290
2022-03-28;"Žilinský kraj";825;1744;141;1885;NA;350917;966;2022-03-28;337432
2022-03-27;"Žilinský kraj";88;414;91;505;NA;350917;179;2022-03-27;336466
2022-03-26;"Žilinský kraj";586;224;53;277;NA;350917;639;2022-03-26;336287
2022-03-25;"Žilinský kraj";601;866;100;966;NA;350917;701;2022-03-25;335648
2022-03-24;"Žilinský kraj";697;1433;100;1533;NA;350917;797;2022-03-24;334947
2022-03-23;"Žilinský kraj";883;940;103;1043;NA;350917;986;2022-03-23;334150
2022-03-22;"Žilinský kraj";1102;2516;136;2652;NA;350917;1238;2022-03-22;333164
2022-03-21;"Žilinský kraj";969;1921;163;2084;NA;350917;1132;2022-03-21;331926
2022-03-20;"Žilinský kraj";157;438;88;526;NA;350917;245;2022-03-20;330794
2022-03-19;"Žilinský kraj";479;340;69;409;NA;350917;548;2022-03-19;330549
2022-03-18;"Žilinský kraj";864;773;119;892;NA;350917;983;2022-03-18;330001
2022-03-17;"Žilinský kraj";733;1120;154;1274;NA;350917;887;2022-03-17;329018
2022-03-16;"Žilinský kraj";995;1371;165;1536;NA;350917;1160;2022-03-16;328131
2022-03-15;"Žilinský kraj";1252;2522;215;2737;NA;350917;1467;2022-03-15;326971
2022-03-14;"Žilinský kraj";1138;1546;209;1755;NA;350917;1347;2022-03-14;325504
2022-03-13;"Žilinský kraj";226;522;112;634;NA;350917;338;2022-03-13;324157
2022-03-12;"Žilinský kraj";650;346;94;440;NA;350917;744;2022-03-12;323819
2022-03-11;"Žilinský kraj";824;1755;197;1952;NA;350917;1021;2022-03-11;323075
2022-03-10;"Žilinský kraj";1249;1519;169;1688;NA;350917;1418;2022-03-10;322054
2022-03-09;"Žilinský kraj";1713;1457;206;1663;NA;350917;1919;2022-03-09;320636
2022-03-08;"Žilinský kraj";699;2333;311;2644;NA;350917;1010;2022-03-08;318717
2022-03-07;"Žilinský kraj";1448;2225;300;2525;NA;350917;1748;2022-03-07;317707
2022-03-06;"Žilinský kraj";323;797;211;1008;NA;350917;534;2022-03-06;315959
2022-03-05;"Žilinský kraj";576;572;129;701;NA;350917;705;2022-03-05;315425
2022-03-04;"Žilinský kraj";1194;1884;264;2148;NA;350917;1458;2022-03-04;314720
2022-03-03;"Žilinský kraj";1240;1852;247;2099;NA;350917;1487;2022-03-03;313262
2022-03-02;"Žilinský kraj";1194;1798;250;2048;NA;350917;1444;2022-03-02;311775
2022-03-01;"Žilinský kraj";1710;2974;347;3321;NA;350917;2057;2022-03-01;310331
2022-02-28;"Žilinský kraj";1700;2980;355;3335;NA;350917;2055;2022-02-28;308274
2022-02-27;"Žilinský kraj";224;940;221;1161;NA;350917;445;2022-02-27;306219
2022-02-26;"Žilinský kraj";1184;816;171;987;NA;350917;1355;2022-02-26;305774
2022-02-25;"Žilinský kraj";1371;2421;320;2741;NA;350917;1691;2022-02-25;304419
2022-02-24;"Žilinský kraj";1504;2589;314;2903;NA;350917;1818;2022-02-24;302728
2022-02-23;"Žilinský kraj";1766;3298;333;3631;NA;350917;2099;2022-02-23;300910
2022-02-22;"Žilinský kraj";2419;3369;406;3775;NA;350917;2825;2022-02-22;298811
2022-02-21;"Žilinský kraj";2227;4183;573;4756;NA;350917;2800;2022-02-21;295986
2022-02-20;"Žilinský kraj";541;1473;304;1777;NA;350917;845;2022-02-20;293186
2022-02-19;"Žilinský kraj";1656;944;273;1217;NA;350917;1929;2022-02-19;292341
2022-02-18;"Žilinský kraj";1994;3339;439;3778;NA;350917;2433;2022-02-18;290412
2022-02-17;"Žilinský kraj";2274;3019;424;3443;NA;350917;2698;2022-02-17;287979
2022-02-16;"Žilinský kraj";2676;3579;496;4075;NA;350917;3172;2022-02-16;285281
2022-02-15;"Žilinský kraj";2939;4226;604;4830;NA;350917;3543;2022-02-15;282109
2022-02-14;"Žilinský kraj";2955;4182;777;4959;NA;350917;3732;2022-02-14;278566
2022-02-13;"Žilinský kraj";751;1842;464;2306;NA;350917;1215;2022-02-13;274834
2022-02-12;"Žilinský kraj";1771;1431;319;1750;NA;350917;2090;2022-02-12;273619
2022-02-11;"Žilinský kraj";2856;3332;570;3902;NA;350917;3426;2022-02-11;271529
2022-02-10;"Žilinský kraj";2861;3472;583;4055;NA;350917;3444;2022-02-10;268103
2022-02-09;"Žilinský kraj";3365;3863;618;4481;NA;350917;3983;2022-02-09;264659
2022-02-08;"Žilinský kraj";3367;4866;780;5646;NA;350917;4147;2022-02-08;260676
2022-02-07;"Žilinský kraj";3242;5569;913;6482;NA;350917;4155;2022-02-07;256529
2022-02-06;"Žilinský kraj";1389;2587;529;3116;NA;350917;1918;2022-02-06;252374
2022-02-05;"Žilinský kraj";2107;1846;425;2271;NA;350917;2532;2022-02-05;250456
2022-02-04;"Žilinský kraj";3099;4389;631;5020;NA;350917;3730;2022-02-04;247924
2022-02-03;"Žilinský kraj";3201;4122;613;4735;NA;350917;3814;2022-02-03;244194
2022-02-02;"Žilinský kraj";3168;4616;666;5282;NA;350917;3834;2022-02-02;240380
2022-02-01;"Žilinský kraj";3593;5240;694;5934;NA;350917;4287;2022-02-01;236546
2022-01-31;"Žilinský kraj";2145;7492;931;8423;NA;350917;3076;2022-01-31;232259
2022-01-30;"Žilinský kraj";1487;2898;431;3329;NA;350917;1918;2022-01-30;229183
2022-01-29;"Žilinský kraj";2055;2033;365;2398;NA;350917;2420;2022-01-29;227265
2022-01-28;"Žilinský kraj";2572;4800;546;5346;NA;350917;3118;2022-01-28;224845
2022-01-27;"Žilinský kraj";2406;4038;537;4575;NA;350917;2943;2022-01-27;221727
2022-01-26;"Žilinský kraj";2693;5009;516;5525;NA;350917;3209;2022-01-26;218784
2022-01-25;"Žilinský kraj";2595;5626;416;6042;NA;350917;3011;2022-01-25;215575
2022-01-24;"Žilinský kraj";1401;7098;522;7620;NA;350917;1923;2022-01-24;212564
2022-01-23;"Žilinský kraj";654;2923;276;3199;NA;350917;930;2022-01-23;210641
2022-01-22;"Žilinský kraj";1256;1706;206;1912;NA;350917;1462;2022-01-22;209711
2022-01-21;"Žilinský kraj";1188;4187;265;4452;NA;350917;1453;2022-01-21;208249
2022-01-20;"Žilinský kraj";1288;3654;205;3859;NA;350917;1493;2022-01-20;206796
2022-01-19;"Žilinský kraj";1215;4086;206;4292;NA;350917;1421;2022-01-19;205303
2022-01-18;"Žilinský kraj";1191;4213;168;4381;NA;350917;1359;2022-01-18;203882
2022-01-17;"Žilinský kraj";675;6886;256;7142;NA;350917;931;2022-01-17;202523
2022-01-16;"Žilinský kraj";175;2418;106;2524;NA;350917;281;2022-01-16;201592
2022-01-15;"Žilinský kraj";398;1410;70;1480;NA;350917;468;2022-01-15;201311
2022-01-14;"Žilinský kraj";446;3716;106;3822;NA;350917;552;2022-01-14;200843
2022-01-13;"Žilinský kraj";295;2912;78;2990;NA;350917;373;2022-01-13;200291
2022-01-12;"Žilinský kraj";422;3168;72;3240;NA;350917;494;2022-01-12;199918
2022-01-11;"Žilinský kraj";622;4216;57;4273;NA;350917;679;2022-01-11;199424
2022-01-10;"Žilinský kraj";436;6344;102;6446;NA;350917;538;2022-01-10;198745
2022-01-09;"Žilinský kraj";95;2934;54;2988;NA;350917;149;2022-01-09;198207
2022-01-08;"Žilinský kraj";345;1650;45;1695;NA;350917;390;2022-01-08;198058
2022-01-07;"Žilinský kraj";525;4566;75;4641;NA;350917;600;2022-01-07;197668
2022-01-06;"Žilinský kraj";167;1214;40;1254;NA;350917;207;2022-01-06;197068
2022-01-05;"Žilinský kraj";471;3492;75;3567;NA;350917;546;2022-01-05;196861
2022-01-04;"Žilinský kraj";606;3762;87;3849;NA;350917;693;2022-01-04;196315
2022-01-03;"Žilinský kraj";601;6083;116;6199;NA;350917;717;2022-01-03;195622
2022-01-02;"Žilinský kraj";288;2596;85;2681;NA;350917;373;2022-01-02;194905
2022-01-01;"Žilinský kraj";14;439;15;454;NA;350917;29;2022-01-01;194532
2021-12-31;"Žilinský kraj";323;1608;70;1678;NA;350917;393;2021-12-31;194503
2021-12-30;"Žilinský kraj";492;2213;95;2308;NA;350917;587;2021-12-30;194110
2021-12-29;"Žilinský kraj";543;6864;83;6947;NA;350917;626;2021-12-29;193523
2021-12-28;"Žilinský kraj";641;3408;106;3514;NA;350917;747;2021-12-28;192897
2021-12-27;"Žilinský kraj";691;3961;145;4106;NA;350917;836;2021-12-27;192150
2021-12-26;"Žilinský kraj";242;1167;58;1225;NA;350917;300;2021-12-26;191314
2021-12-25;"Žilinský kraj";22;442;45;487;NA;350917;67;2021-12-25;191014
2021-12-24;"Žilinský kraj";98;518;21;539;NA;350917;119;2021-12-24;190947
2021-12-23;"Žilinský kraj";731;2678;105;2783;NA;350917;836;2021-12-23;190828
2021-12-22;"Žilinský kraj";510;2428;77;2505;NA;350917;587;2021-12-22;189992
2021-12-21;"Žilinský kraj";755;3641;102;3743;NA;350917;857;2021-12-21;189405
2021-12-20;"Žilinský kraj";563;4545;125;4670;NA;350917;688;2021-12-20;188548
2021-12-19;"Žilinský kraj";133;2215;90;2305;NA;350917;223;2021-12-19;187860
2021-12-18;"Žilinský kraj";417;1321;70;1391;NA;350917;487;2021-12-18;187637
2021-12-17;"Žilinský kraj";604;3895;127;4022;NA;350917;731;2021-12-17;187150
2021-12-16;"Žilinský kraj";660;3931;109;4040;NA;350917;769;2021-12-16;186419
2021-12-15;"Žilinský kraj";802;3491;122;3613;NA;350917;924;2021-12-15;185650
2021-12-14;"Žilinský kraj";798;4587;129;4716;NA;350917;927;2021-12-14;184726
2021-12-13;"Žilinský kraj";759;7755;212;7967;NA;350917;971;2021-12-13;183799
2021-12-12;"Žilinský kraj";340;2836;114;2950;NA;350917;454;2021-12-12;182828
2021-12-11;"Žilinský kraj";761;1849;112;1961;NA;350917;873;2021-12-11;182374
2021-12-10;"Žilinský kraj";638;4041;136;4177;NA;350917;774;2021-12-10;181501
2021-12-09;"Žilinský kraj";870;5842;161;6003;NA;350917;1031;2021-12-09;180727
2021-12-08;"Žilinský kraj";1018;3215;158;3373;NA;350917;1176;2021-12-08;179696
2021-12-07;"Žilinský kraj";1356;5148;160;5308;NA;350917;1516;2021-12-07;178520
2021-12-06;"Žilinský kraj";919;7441;226;7667;NA;350917;1145;2021-12-06;177004
2021-12-05;"Žilinský kraj";505;3306;134;3440;NA;350917;639;2021-12-05;175859
2021-12-04;"Žilinský kraj";704;1892;153;2045;NA;350917;857;2021-12-04;175220
2021-12-03;"Žilinský kraj";1204;4864;215;5079;NA;350917;1419;2021-12-03;174363
2021-12-02;"Žilinský kraj";1847;4131;199;4330;NA;350917;2046;2021-12-02;172944
2021-12-01;"Žilinský kraj";1183;4073;195;4268;NA;350917;1378;2021-12-01;170898
2021-11-30;"Žilinský kraj";1575;5467;252;5719;NA;350917;1827;2021-11-30;169520
2021-11-29;"Žilinský kraj";1395;9069;358;9427;NA;350917;1753;2021-11-29;167693
2021-11-28;"Žilinský kraj";625;4581;235;4816;NA;350917;860;2021-11-28;165940
2021-11-27;"Žilinský kraj";909;2557;192;2749;NA;350917;1101;2021-11-27;165080
2021-11-26;"Žilinský kraj";1195;6599;344;6943;NA;350917;1539;2021-11-26;163979
2021-11-25;"Žilinský kraj";1281;4701;331;5032;NA;350917;1612;2021-11-25;162440
2021-11-24;"Žilinský kraj";1792;4660;324;4984;NA;350917;2116;2021-11-24;160828
2021-11-23;"Žilinský kraj";1630;4654;353;5007;NA;350917;1983;2021-11-23;158712
2021-11-22;"Žilinský kraj";1126;6699;452;7151;NA;350917;1578;2021-11-22;156729
2021-11-21;"Žilinský kraj";443;2865;260;3125;NA;350917;703;2021-11-21;155151
2021-11-20;"Žilinský kraj";963;2104;241;2345;NA;350917;1204;2021-11-20;154448
2021-11-19;"Žilinský kraj";1281;4622;434;5056;NA;350917;1715;2021-11-19;153244
2021-11-18;"Žilinský kraj";1220;4432;376;4808;NA;350917;1596;2021-11-18;151529
2021-11-17;"Žilinský kraj";1001;1434;149;1583;NA;350917;1150;2021-11-17;149933
2021-11-16;"Žilinský kraj";1197;4058;323;4381;NA;350917;1520;2021-11-16;148783
2021-11-15;"Žilinský kraj";977;5050;476;5526;NA;350917;1453;2021-11-15;147263
2021-11-14;"Žilinský kraj";356;2287;262;2549;NA;350917;618;2021-11-14;145810
2021-11-13;"Žilinský kraj";652;1882;220;2102;NA;350917;872;2021-11-13;145192
2021-11-12;"Žilinský kraj";1027;4291;340;4631;NA;350917;1367;2021-11-12;144320
2021-11-11;"Žilinský kraj";924;4192;272;4464;NA;350917;1196;2021-11-11;142953
2021-11-10;"Žilinský kraj";897;4509;305;4814;NA;350917;1202;2021-11-10;141757
2021-11-09;"Žilinský kraj";1440;4619;256;4875;NA;350917;1696;2021-11-09;140555
2021-11-08;"Žilinský kraj";781;4438;425;4863;NA;350917;1206;2021-11-08;138859
2021-11-07;"Žilinský kraj";304;2130;231;2361;NA;350917;535;2021-11-07;137653
2021-11-06;"Žilinský kraj";741;2150;201;2351;NA;350917;942;2021-11-06;137118
2021-11-05;"Žilinský kraj";1064;4067;235;4302;NA;350917;1299;2021-11-05;136176
2021-11-04;"Žilinský kraj";776;3709;232;3941;NA;350917;1008;2021-11-04;134877
2021-11-03;"Žilinský kraj";1106;5550;338;5888;NA;350917;1444;2021-11-03;133869
2021-11-02;"Žilinský kraj";1136;4451;333;4784;NA;350917;1469;2021-11-02;132425
2021-11-01;"Žilinský kraj";399;1456;137;1593;NA;350917;536;2021-11-01;130956
2021-10-31;"Žilinský kraj";344;1387;145;1532;NA;350917;489;2021-10-31;130420
2021-10-30;"Žilinský kraj";571;1944;161;2105;NA;350917;732;2021-10-30;129931
2021-10-29;"Žilinský kraj";733;3339;194;3533;NA;350917;927;2021-10-29;129199
2021-10-28;"Žilinský kraj";639;4953;247;5200;NA;350917;886;2021-10-28;128272
2021-10-27;"Žilinský kraj";739;3446;173;3619;NA;350917;912;2021-10-27;127386
2021-10-26;"Žilinský kraj";945;4748;216;4964;NA;350917;1161;2021-10-26;126474
2021-10-25;"Žilinský kraj";649;5736;271;6007;NA;350917;920;2021-10-25;125313
2021-10-24;"Žilinský kraj";248;1679;107;1786;NA;350917;355;2021-10-24;124393
2021-10-23;"Žilinský kraj";399;2415;149;2564;NA;350917;548;2021-10-23;124038
2021-10-22;"Žilinský kraj";587;3898;151;4049;NA;350917;738;2021-10-22;123490
2021-10-21;"Žilinský kraj";591;3367;162;3529;NA;350917;753;2021-10-21;122752
2021-10-20;"Žilinský kraj";479;3864;154;4018;NA;350917;633;2021-10-20;121999
2021-10-19;"Žilinský kraj";675;3763;161;3924;NA;350917;836;2021-10-19;121366
2021-10-18;"Žilinský kraj";432;5160;271;5431;NA;350917;703;2021-10-18;120530
2021-10-17;"Žilinský kraj";135;1769;101;1870;NA;350917;236;2021-10-17;119827
2021-10-16;"Žilinský kraj";273;2341;100;2441;NA;350917;373;2021-10-16;119591
2021-10-15;"Žilinský kraj";347;3859;146;4005;NA;350917;493;2021-10-15;119218
2021-10-14;"Žilinský kraj";419;3035;110;3145;NA;350917;529;2021-10-14;118725
2021-10-13;"Žilinský kraj";404;3427;112;3539;NA;350917;516;2021-10-13;118196
2021-10-12;"Žilinský kraj";589;4000;141;4141;NA;350917;730;2021-10-12;117680
2021-10-11;"Žilinský kraj";323;4501;154;4655;NA;350917;477;2021-10-11;116950
2021-10-10;"Žilinský kraj";113;1577;77;1654;NA;350917;190;2021-10-10;116473
2021-10-09;"Žilinský kraj";201;1565;57;1622;NA;350917;258;2021-10-09;116283
2021-10-08;"Žilinský kraj";265;4227;99;4326;NA;350917;364;2021-10-08;116025
2021-10-07;"Žilinský kraj";338;3384;113;3497;NA;350917;451;2021-10-07;115661
2021-10-06;"Žilinský kraj";313;3901;89;3990;NA;350917;402;2021-10-06;115210
2021-10-05;"Žilinský kraj";387;4031;122;4153;NA;350917;509;2021-10-05;114808
2021-10-04;"Žilinský kraj";297;4449;121;4570;NA;350917;418;2021-10-04;114299
2021-10-03;"Žilinský kraj";22;1596;63;1659;NA;350917;85;2021-10-03;113881
2021-10-02;"Žilinský kraj";209;1990;45;2035;NA;350917;254;2021-10-02;113796
2021-10-01;"Žilinský kraj";263;4047;104;4151;NA;350917;367;2021-10-01;113542
2021-09-30;"Žilinský kraj";248;3531;71;3602;NA;350917;319;2021-09-30;113175
2021-09-29;"Žilinský kraj";285;3577;82;3659;NA;350917;367;2021-09-29;112856
2021-09-28;"Žilinský kraj";272;3656;73;3729;NA;350917;345;2021-09-28;112489
2021-09-27;"Žilinský kraj";239;4418;152;4570;NA;350917;391;2021-09-27;112144
2021-09-26;"Žilinský kraj";17;1665;42;1707;NA;350917;59;2021-09-26;111753
2021-09-25;"Žilinský kraj";111;1711;50;1761;NA;350917;161;2021-09-25;111694
2021-09-24;"Žilinský kraj";199;6137;98;6235;NA;350917;297;2021-09-24;111533
2021-09-23;"Žilinský kraj";176;2629;74;2703;NA;350917;250;2021-09-23;111236
2021-09-22;"Žilinský kraj";185;2728;77;2805;NA;350917;262;2021-09-22;110986
2021-09-21;"Žilinský kraj";250;3123;78;3201;NA;350917;328;2021-09-21;110724
2021-09-20;"Žilinský kraj";244;3231;95;3326;NA;350917;339;2021-09-20;110396
2021-09-19;"Žilinský kraj";26;1579;37;1616;NA;350917;63;2021-09-19;110057
2021-09-18;"Žilinský kraj";87;1441;45;1486;NA;350917;132;2021-09-18;109994
2021-09-17;"Žilinský kraj";192;3351;56;3407;NA;350917;248;2021-09-17;109862
2021-09-16;"Žilinský kraj";164;2744;87;2831;NA;350917;251;2021-09-16;109614
2021-09-15;"Žilinský kraj";31;555;11;566;NA;350917;42;2021-09-15;109363
2021-09-14;"Žilinský kraj";155;3268;61;3329;NA;350917;216;2021-09-14;109321
2021-09-13;"Žilinský kraj";81;3250;75;3325;NA;350917;156;2021-09-13;109105
2021-09-12;"Žilinský kraj";9;1138;24;1162;NA;350917;33;2021-09-12;108949
2021-09-11;"Žilinský kraj";47;1322;21;1343;NA;350917;68;2021-09-11;108916
2021-09-10;"Žilinský kraj";66;2439;34;2473;NA;350917;100;2021-09-10;108848
2021-09-09;"Žilinský kraj";56;2352;18;2370;NA;350917;74;2021-09-09;108748
2021-09-08;"Žilinský kraj";68;1560;24;1584;NA;350917;92;2021-09-08;108674
2021-09-07;"Žilinský kraj";72;1806;27;1833;NA;350917;99;2021-09-07;108582
2021-09-06;"Žilinský kraj";31;2381;45;2426;NA;350917;76;2021-09-06;108483
2021-09-05;"Žilinský kraj";11;785;8;793;NA;350917;19;2021-09-05;108407
2021-09-04;"Žilinský kraj";24;1080;5;1085;NA;350917;29;2021-09-04;108388
2021-09-03;"Žilinský kraj";52;2047;28;2075;NA;350917;80;2021-09-03;108359
2021-09-02;"Žilinský kraj";30;1432;22;1454;NA;350917;52;2021-09-02;108279
2021-09-01;"Žilinský kraj";5;461;6;467;NA;350917;11;2021-09-01;108227
2021-08-31;"Žilinský kraj";32;1710;15;1725;NA;350917;47;2021-08-31;108216
2021-08-30;"Žilinský kraj";7;1801;4;1805;NA;350917;11;2021-08-30;108169
2021-08-29;"Žilinský kraj";8;631;5;636;NA;350917;13;2021-08-29;108158
2021-08-28;"Žilinský kraj";2;1005;1;1006;NA;350917;3;2021-08-28;108145
2021-08-27;"Žilinský kraj";13;1765;12;1777;NA;350917;25;2021-08-27;108142
2021-08-26;"Žilinský kraj";17;1636;7;1643;NA;350917;24;2021-08-26;108117
2021-08-25;"Žilinský kraj";9;1203;11;1214;NA;350917;20;2021-08-25;108093
2021-08-24;"Žilinský kraj";6;1395;9;1404;NA;350917;15;2021-08-24;108073
2021-08-23;"Žilinský kraj";11;1877;7;1884;NA;350917;18;2021-08-23;108058
2021-08-22;"Žilinský kraj";2;733;3;736;NA;350917;5;2021-08-22;108040
2021-08-21;"Žilinský kraj";6;1183;2;1185;NA;350917;8;2021-08-21;108035
2021-08-20;"Žilinský kraj";7;2284;5;2289;NA;350917;12;2021-08-20;108027
2021-08-19;"Žilinský kraj";6;1281;3;1284;NA;350917;9;2021-08-19;108015
2021-08-18;"Žilinský kraj";4;1331;7;1338;NA;350917;11;2021-08-18;108006
2021-08-17;"Žilinský kraj";9;1219;3;1222;NA;350917;12;2021-08-17;107995
2021-08-16;"Žilinský kraj";14;1696;5;1701;NA;350917;19;2021-08-16;107983
2021-08-15;"Žilinský kraj";1;880;2;882;NA;350917;3;2021-08-15;107964
2021-08-14;"Žilinský kraj";5;1197;0;1197;NA;350917;5;2021-08-14;107961
2021-08-13;"Žilinský kraj";6;1685;0;1685;NA;350917;6;2021-08-13;107956
2021-08-12;"Žilinský kraj";4;1105;1;1106;NA;350917;5;2021-08-12;107950
2021-08-11;"Žilinský kraj";13;1250;3;1253;NA;350917;16;2021-08-11;107945
2021-08-10;"Žilinský kraj";12;1292;3;1295;NA;350917;15;2021-08-10;107929
2021-08-09;"Žilinský kraj";9;1142;1;1143;NA;350917;10;2021-08-09;107914
2021-08-08;"Žilinský kraj";1;748;5;753;NA;350917;6;2021-08-08;107904
2021-08-07;"Žilinský kraj";7;1192;1;1193;NA;350917;8;2021-08-07;107898
2021-08-06;"Žilinský kraj";1;1347;0;1347;NA;350917;1;2021-08-06;107890
2021-08-05;"Žilinský kraj";7;1148;3;1151;NA;350917;10;2021-08-05;107889
2021-08-04;"Žilinský kraj";12;895;0;895;NA;350917;12;2021-08-04;107879
2021-08-03;"Žilinský kraj";11;918;0;918;NA;350917;11;2021-08-03;107867
2021-08-02;"Žilinský kraj";5;1513;1;1514;NA;350917;6;2021-08-02;107856
2021-08-01;"Žilinský kraj";0;679;2;681;NA;350917;2;2021-08-01;107850
2021-07-31;"Žilinský kraj";4;1114;0;1114;NA;350917;4;2021-07-31;107848
2021-07-30;"Žilinský kraj";3;1671;0;1671;NA;350917;3;2021-07-30;107844
2021-07-29;"Žilinský kraj";1;1299;0;1299;NA;350917;1;2021-07-29;107841
2021-07-28;"Žilinský kraj";4;901;0;901;NA;350917;4;2021-07-28;107840
2021-07-27;"Žilinský kraj";11;1378;0;1378;NA;350917;11;2021-07-27;107836
2021-07-26;"Žilinský kraj";1;1301;1;1302;NA;350917;2;2021-07-26;107825
2021-07-25;"Žilinský kraj";2;828;2;830;NA;350917;4;2021-07-25;107823
2021-07-24;"Žilinský kraj";2;1338;2;1340;NA;350917;4;2021-07-24;107819
2021-07-23;"Žilinský kraj";4;1750;0;1750;NA;350917;4;2021-07-23;107815
2021-07-22;"Žilinský kraj";2;1207;0;1207;NA;350917;2;2021-07-22;107811
2021-07-21;"Žilinský kraj";2;1021;0;1021;NA;350917;2;2021-07-21;107809
2021-07-20;"Žilinský kraj";4;1439;0;1439;NA;350917;4;2021-07-20;107807
2021-07-19;"Žilinský kraj";4;1763;1;1764;NA;350917;5;2021-07-19;107803
2021-07-18;"Žilinský kraj";0;854;1;855;NA;350917;1;2021-07-18;107798
2021-07-17;"Žilinský kraj";0;1350;0;1350;NA;350917;0;2021-07-17;107797
2021-07-16;"Žilinský kraj";2;1767;0;1767;NA;350917;2;2021-07-16;107797
2021-07-15;"Žilinský kraj";2;1577;0;1577;NA;350917;2;2021-07-15;107795
2021-07-14;"Žilinský kraj";5;1042;1;1043;NA;350917;6;2021-07-14;107793
2021-07-13;"Žilinský kraj";3;1709;1;1710;NA;350917;4;2021-07-13;107787
2021-07-12;"Žilinský kraj";3;1325;1;1326;NA;350917;4;2021-07-12;107783
2021-07-11;"Žilinský kraj";2;989;0;989;NA;350917;2;2021-07-11;107779
2021-07-10;"Žilinský kraj";1;1511;4;1515;NA;350917;5;2021-07-10;107777
2021-07-09;"Žilinský kraj";1;2208;1;2209;NA;350917;2;2021-07-09;107772
2021-07-08;"Žilinský kraj";6;1776;3;1779;NA;350917;9;2021-07-08;107770
2021-07-07;"Žilinský kraj";1;1585;3;1588;NA;350917;4;2021-07-07;107761
2021-07-06;"Žilinský kraj";4;1956;0;1956;NA;350917;4;2021-07-06;107757
2021-07-05;"Žilinský kraj";2;1031;1;1032;NA;350917;3;2021-07-05;107753
2021-07-04;"Žilinský kraj";0;1003;0;1003;NA;350917;0;2021-07-04;107750
2021-07-03;"Žilinský kraj";1;1696;2;1698;NA;350917;3;2021-07-03;107750
2021-07-02;"Žilinský kraj";0;3356;2;3358;NA;350917;2;2021-07-02;107747
2021-07-01;"Žilinský kraj";1;1118;0;1118;NA;350917;1;2021-07-01;107745
2021-06-30;"Žilinský kraj";1;10464;6;10470;NA;350917;7;2021-06-30;107744
2021-06-29;"Žilinský kraj";10;5946;0;5946;NA;350917;10;2021-06-29;107737
2021-06-28;"Žilinský kraj";4;6245;2;6247;NA;350917;6;2021-06-28;107727
2021-06-27;"Žilinský kraj";3;4702;1;4703;NA;350917;4;2021-06-27;107721
2021-06-26;"Žilinský kraj";4;5919;0;5919;NA;350917;4;2021-06-26;107717
2021-06-25;"Žilinský kraj";8;9756;5;9761;NA;350917;13;2021-06-25;107713
2021-06-24;"Žilinský kraj";6;5657;3;5660;NA;350917;9;2021-06-24;107700
2021-06-23;"Žilinský kraj";7;5955;10;5965;NA;350917;17;2021-06-23;107691
2021-06-22;"Žilinský kraj";6;5214;8;5222;NA;350917;14;2021-06-22;107674
2021-06-21;"Žilinský kraj";6;6287;8;6295;NA;350917;14;2021-06-21;107660
2021-06-20;"Žilinský kraj";1;5531;8;5539;NA;350917;9;2021-06-20;107646
2021-06-19;"Žilinský kraj";9;8353;2;8355;NA;350917;11;2021-06-19;107637
2021-06-18;"Žilinský kraj";11;10624;12;10636;NA;350917;23;2021-06-18;107626
2021-06-17;"Žilinský kraj";10;6092;12;6104;NA;350917;22;2021-06-17;107603
2021-06-16;"Žilinský kraj";17;5786;11;5797;NA;350917;28;2021-06-16;107581
2021-06-15;"Žilinský kraj";13;5996;13;6009;NA;350917;26;2021-06-15;107553
2021-06-14;"Žilinský kraj";10;7596;21;7617;NA;350917;31;2021-06-14;107527
2021-06-13;"Žilinský kraj";2;6682;9;6691;NA;350917;11;2021-06-13;107496
2021-06-12;"Žilinský kraj";9;8634;11;8645;NA;350917;20;2021-06-12;107485
2021-06-11;"Žilinský kraj";11;11566;14;11580;NA;350917;25;2021-06-11;107465
2021-06-10;"Žilinský kraj";14;6788;14;6802;NA;350917;28;2021-06-10;107440
2021-06-09;"Žilinský kraj";23;5925;14;5939;NA;350917;37;2021-06-09;107412
2021-06-08;"Žilinský kraj";18;6615;16;6631;NA;350917;34;2021-06-08;107375
2021-06-07;"Žilinský kraj";25;8534;21;8555;NA;350917;46;2021-06-07;107341
2021-06-06;"Žilinský kraj";10;8056;27;8083;NA;350917;37;2021-06-06;107295
2021-06-05;"Žilinský kraj";8;9175;10;9185;NA;350917;18;2021-06-05;107258
2021-06-04;"Žilinský kraj";19;12260;34;12294;NA;350917;53;2021-06-04;107240
2021-06-03;"Žilinský kraj";12;7033;33;7066;NA;350917;45;2021-06-03;107187
2021-06-02;"Žilinský kraj";17;7103;28;7131;NA;350917;45;2021-06-02;107142
2021-06-01;"Žilinský kraj";38;8285;46;8331;NA;350917;84;2021-06-01;107097
2021-05-31;"Žilinský kraj";31;9616;59;9675;NA;350917;90;2021-05-31;107013
2021-05-30;"Žilinský kraj";21;9025;35;9060;NA;350917;56;2021-05-30;106923
2021-05-29;"Žilinský kraj";13;11195;23;11218;NA;350917;36;2021-05-29;106867
2021-05-28;"Žilinský kraj";28;13277;30;13307;NA;350917;58;2021-05-28;106831
2021-05-27;"Žilinský kraj";17;8267;39;8306;NA;350917;56;2021-05-27;106773
2021-05-26;"Žilinský kraj";20;8329;25;8354;NA;350917;45;2021-05-26;106717
2021-05-25;"Žilinský kraj";21;9624;38;9662;NA;350917;59;2021-05-25;106672
2021-05-24;"Žilinský kraj";36;11487;57;11544;NA;350917;93;2021-05-24;106613
2021-05-23;"Žilinský kraj";4;10923;56;10979;NA;350917;60;2021-05-23;106520
2021-05-22;"Žilinský kraj";21;11893;28;11921;NA;350917;49;2021-05-22;106460
2021-05-21;"Žilinský kraj";28;15654;50;15704;NA;350917;78;2021-05-21;106411
2021-05-20;"Žilinský kraj";30;9616;30;9646;NA;350917;60;2021-05-20;106333
2021-05-19;"Žilinský kraj";46;8693;41;8734;NA;350917;87;2021-05-19;106273
2021-05-18;"Žilinský kraj";52;10609;44;10653;NA;350917;96;2021-05-18;106186
2021-05-17;"Žilinský kraj";51;12676;84;12760;NA;350917;135;2021-05-17;106090
2021-05-16;"Žilinský kraj";13;14114;42;14156;NA;350917;55;2021-05-16;105955
2021-05-15;"Žilinský kraj";30;18404;35;18439;NA;350917;65;2021-05-15;105900
2021-05-14;"Žilinský kraj";34;21205;82;21287;NA;350917;116;2021-05-14;105835
2021-05-13;"Žilinský kraj";64;11865;51;11916;NA;350917;115;2021-05-13;105719
2021-05-12;"Žilinský kraj";57;10337;51;10388;NA;350917;108;2021-05-12;105604
2021-05-11;"Žilinský kraj";70;12174;51;12225;NA;350917;121;2021-05-11;105496
2021-05-10;"Žilinský kraj";69;16182;72;16254;NA;350917;141;2021-05-10;105375
2021-05-09;"Žilinský kraj";58;20385;77;20462;NA;350917;135;2021-05-09;105234
2021-05-08;"Žilinský kraj";0;24133;63;24196;NA;350917;63;2021-05-08;105099
2021-05-07;"Žilinský kraj";65;26522;87;26609;NA;350917;152;2021-05-07;105036
2021-05-06;"Žilinský kraj";67;16615;72;16687;NA;350917;139;2021-05-06;104884
2021-05-05;"Žilinský kraj";71;13096;73;13169;NA;350917;144;2021-05-05;104745
2021-05-04;"Žilinský kraj";81;16749;80;16829;NA;350917;161;2021-05-04;104601
2021-05-03;"Žilinský kraj";97;20391;111;20502;NA;350917;208;2021-05-03;104440
2021-05-02;"Žilinský kraj";8;28886;64;28950;NA;350917;72;2021-05-02;104232
2021-05-01;"Žilinský kraj";65;55053;105;55158;NA;350917;170;2021-05-01;104160
2021-04-30;"Žilinský kraj";84;44000;117;44117;NA;350917;201;2021-04-30;103990
2021-04-29;"Žilinský kraj";77;24566;101;24667;NA;350917;178;2021-04-29;103789
2021-04-28;"Žilinský kraj";76;19214;91;19305;NA;350917;167;2021-04-28;103611
2021-04-27;"Žilinský kraj";97;21805;110;21915;NA;350917;207;2021-04-27;103444
2021-04-26;"Žilinský kraj";114;27412;136;27548;NA;350917;250;2021-04-26;103237
2021-04-25;"Žilinský kraj";38;35750;82;35832;NA;350917;120;2021-04-25;102987
2021-04-24;"Žilinský kraj";93;78854;157;79011;NA;350917;250;2021-04-24;102867
2021-04-23;"Žilinský kraj";144;49440;153;49593;NA;350917;297;2021-04-23;102617
2021-04-22;"Žilinský kraj";110;25247;132;25379;NA;350917;242;2021-04-22;102320
2021-04-21;"Žilinský kraj";118;20616;145;20761;NA;350917;263;2021-04-21;102078
2021-04-20;"Žilinský kraj";128;23873;136;24009;NA;350917;264;2021-04-20;101815
2021-04-19;"Žilinský kraj";164;32773;210;32983;NA;350917;374;2021-04-19;101551
2021-04-18;"Žilinský kraj";18;36767;91;36858;NA;350917;109;2021-04-18;101177
2021-04-17;"Žilinský kraj";108;89377;156;89533;NA;350917;264;2021-04-17;101068
2021-04-16;"Žilinský kraj";185;47847;208;48055;NA;350917;393;2021-04-16;100804
2021-04-15;"Žilinský kraj";108;24830;130;24960;NA;350917;238;2021-04-15;100411
2021-04-14;"Žilinský kraj";135;23145;145;23290;NA;350917;280;2021-04-14;100173
2021-04-13;"Žilinský kraj";171;25050;135;25185;NA;350917;306;2021-04-13;99893
2021-04-12;"Žilinský kraj";266;30794;189;30983;NA;350917;455;2021-04-12;99587
2021-04-11;"Žilinský kraj";19;37126;107;37233;NA;350917;126;2021-04-11;99132
2021-04-10;"Žilinský kraj";111;86284;237;86521;NA;350917;348;2021-04-10;99006
2021-04-09;"Žilinský kraj";195;41973;206;42179;NA;350917;401;2021-04-09;98658
2021-04-08;"Žilinský kraj";179;24434;141;24575;NA;350917;320;2021-04-08;98257
2021-04-07;"Žilinský kraj";309;28651;174;28825;NA;350917;483;2021-04-07;97937
2021-04-06;"Žilinský kraj";308;40107;301;40408;NA;350917;609;2021-04-06;97454
2021-04-05;"Žilinský kraj";17;14747;140;14887;NA;350917;157;2021-04-05;96845
2021-04-04;"Žilinský kraj";17;16284;69;16353;NA;350917;86;2021-04-04;96688
2021-04-03;"Žilinský kraj";180;100699;403;101102;NA;350917;583;2021-04-03;96602
2021-04-02;"Žilinský kraj";73;22411;83;22494;NA;350917;156;2021-04-02;96019
2021-04-01;"Žilinský kraj";334;43264;240;43504;NA;350917;574;2021-04-01;95863
2021-03-31;"Žilinský kraj";170;31635;247;31882;NA;350917;417;2021-03-31;95289
2021-03-30;"Žilinský kraj";406;26323;243;26566;NA;350917;649;2021-03-30;94872
2021-03-29;"Žilinský kraj";297;28029;268;28297;NA;350917;565;2021-03-29;94223
2021-03-28;"Žilinský kraj";21;36206;239;36445;NA;350917;260;2021-03-28;93658
2021-03-27;"Žilinský kraj";151;89107;353;89460;NA;350917;504;2021-03-27;93398
2021-03-26;"Žilinský kraj";312;51757;330;52087;NA;350917;642;2021-03-26;92894
2021-03-25;"Žilinský kraj";281;27619;214;27833;NA;350917;495;2021-03-25;92252
2021-03-24;"Žilinský kraj";280;21268;260;21528;NA;350917;540;2021-03-24;91757
2021-03-23;"Žilinský kraj";418;23193;278;23471;NA;350917;696;2021-03-23;91217
2021-03-22;"Žilinský kraj";293;29289;314;29603;NA;350917;607;2021-03-22;90521
2021-03-21;"Žilinský kraj";32;33705;227;33932;NA;350917;259;2021-03-21;89914
2021-03-20;"Žilinský kraj";165;93015;497;93512;NA;350917;662;2021-03-20;89655
2021-03-19;"Žilinský kraj";357;51988;414;52402;NA;350917;771;2021-03-19;88993
2021-03-18;"Žilinský kraj";329;28459;294;28753;NA;350917;623;2021-03-18;88222
2021-03-17;"Žilinský kraj";395;21919;269;22188;NA;350917;664;2021-03-17;87599
2021-03-16;"Žilinský kraj";514;24341;317;24658;NA;350917;831;2021-03-16;86935
2021-03-15;"Žilinský kraj";341;29613;419;30032;NA;350917;760;2021-03-15;86104
2021-03-14;"Žilinský kraj";87;34121;267;34388;NA;350917;354;2021-03-14;85344
2021-03-13;"Žilinský kraj";113;93386;581;93967;NA;350917;694;2021-03-13;84990
2021-03-12;"Žilinský kraj";520;52329;411;52740;NA;350917;931;2021-03-12;84296
2021-03-11;"Žilinský kraj";399;28189;302;28491;NA;350917;701;2021-03-11;83365
2021-03-10;"Žilinský kraj";368;22414;378;22792;NA;350917;746;2021-03-10;82664
2021-03-09;"Žilinský kraj";537;24857;316;25173;NA;350917;853;2021-03-09;81918
2021-03-08;"Žilinský kraj";387;30873;458;31331;NA;350917;845;2021-03-08;81065
2021-03-07;"Žilinský kraj";48;33469;290;33759;NA;350917;338;2021-03-07;80220
2021-03-06;"Žilinský kraj";173;92410;589;92999;NA;350917;762;2021-03-06;79882
2021-03-05;"Žilinský kraj";369;51987;484;52471;NA;350917;853;2021-03-05;79120
2021-03-04;"Žilinský kraj";467;30037;377;30414;NA;350917;844;2021-03-04;78267
2021-03-03;"Žilinský kraj";448;26261;394;26655;NA;350917;842;2021-03-03;77423
2021-03-02;"Žilinský kraj";551;25913;378;26291;NA;350917;929;2021-03-02;76581
2021-03-01;"Žilinský kraj";375;30498;441;30939;NA;350917;816;2021-03-01;75652
2021-02-28;"Žilinský kraj";61;34802;327;35129;NA;350917;388;2021-02-28;74836
2021-02-27;"Žilinský kraj";159;83781;639;84420;NA;350917;798;2021-02-27;74448
2021-02-26;"Žilinský kraj";459;47500;508;48008;NA;350917;967;2021-02-26;73650
2021-02-25;"Žilinský kraj";347;30879;393;31272;NA;350917;740;2021-02-25;72683
2021-02-24;"Žilinský kraj";339;18760;395;19155;NA;350917;734;2021-02-24;71943
2021-02-23;"Žilinský kraj";437;22172;418;22590;NA;350917;855;2021-02-23;71209
2021-02-22;"Žilinský kraj";345;29270;438;29708;NA;350917;783;2021-02-22;70354
2021-02-21;"Žilinský kraj";36;28686;322;29008;NA;350917;358;2021-02-21;69571
2021-02-20;"Žilinský kraj";152;89944;671;90615;NA;350917;823;2021-02-20;69213
2021-02-19;"Žilinský kraj";337;45541;417;45958;NA;350917;754;2021-02-19;68390
2021-02-18;"Žilinský kraj";263;24662;337;24999;NA;350917;600;2021-02-18;67636
2021-02-17;"Žilinský kraj";269;17932;355;18287;NA;350917;624;2021-02-17;67036
2021-02-16;"Žilinský kraj";321;24298;325;24623;NA;350917;646;2021-02-16;66412
2021-02-15;"Žilinský kraj";230;30420;311;30731;NA;350917;541;2021-02-15;65766
2021-02-14;"Žilinský kraj";30;28723;231;28954;NA;350917;261;2021-02-14;65225
2021-02-13;"Žilinský kraj";91;69638;453;70091;NA;350917;544;2021-02-13;64964
2021-02-12;"Žilinský kraj";242;43338;336;43674;NA;350917;578;2021-02-12;64420
2021-02-11;"Žilinský kraj";228;23521;300;23821;NA;350917;528;2021-02-11;63842
2021-02-10;"Žilinský kraj";259;17894;267;18161;NA;350917;526;2021-02-10;63314
2021-02-09;"Žilinský kraj";377;24784;274;25058;NA;350917;651;2021-02-09;62788
2021-02-08;"Žilinský kraj";160;41375;390;41765;NA;350917;550;2021-02-08;62137
2021-02-07;"Žilinský kraj";24;46446;252;46698;NA;350917;276;2021-02-07;61587
2021-02-06;"Žilinský kraj";71;72880;367;73247;NA;350917;438;2021-02-06;61311
2021-02-05;"Žilinský kraj";248;31869;323;32192;NA;350917;571;2021-02-05;60873
2021-02-04;"Žilinský kraj";238;13240;258;13498;NA;350917;496;2021-02-04;60302
2021-02-03;"Žilinský kraj";194;9186;255;9441;NA;350917;449;2021-02-03;59806
2021-02-02;"Žilinský kraj";216;9280;272;9552;NA;350917;488;2021-02-02;59357
2021-02-01;"Žilinský kraj";220;19690;370;20060;NA;350917;590;2021-02-01;58869
2021-01-31;"Žilinský kraj";11;2652;27;2679;NA;350917;38;2021-01-31;58279
2021-01-30;"Žilinský kraj";85;18447;187;18634;NA;350917;272;2021-01-30;58241
2021-01-29;"Žilinský kraj";209;22891;304;23195;NA;350917;513;2021-01-29;57969
2021-01-28;"Žilinský kraj";240;5533;172;5705;NA;350917;412;2021-01-28;57456
2021-01-27;"Žilinský kraj";256;6725;119;6844;NA;350917;375;2021-01-27;57044
2021-01-26;"Žilinský kraj";245;49781;348;50129;NA;350917;593;2021-01-26;56669
2021-01-25;"Žilinský kraj";159;21245;150;21395;NA;350917;309;2021-01-25;56076
2021-01-24;"Žilinský kraj";22;55835;268;56103;NA;350917;290;2021-01-24;55767
2021-01-23;"Žilinský kraj";91;101730;444;102174;NA;350917;535;2021-01-23;55477
2021-01-22;"Žilinský kraj";163;32160;237;32397;NA;350917;400;2021-01-22;54942
2021-01-21;"Žilinský kraj";116;19828;181;20009;NA;350917;297;2021-01-21;54542
2021-01-20;"Žilinský kraj";236;17126;159;17285;NA;350917;395;2021-01-20;54245
2021-01-19;"Žilinský kraj";245;15730;285;16015;NA;350917;530;2021-01-19;53850
2021-01-18;"Žilinský kraj";236;12685;326;13011;NA;350917;562;2021-01-18;53320
2021-01-17;"Žilinský kraj";95;147;8;155;NA;350917;103;2021-01-17;52758
2021-01-16;"Žilinský kraj";14;516;31;547;NA;350917;45;2021-01-16;52655
2021-01-15;"Žilinský kraj";248;7486;209;7695;NA;350917;457;2021-01-15;52610
2021-01-14;"Žilinský kraj";166;5319;239;5558;NA;350917;405;2021-01-14;52153
2021-01-13;"Žilinský kraj";247;11263;557;11820;NA;350917;804;2021-01-13;51748
2021-01-12;"Žilinský kraj";376;8410;385;8795;NA;350917;761;2021-01-12;50944
2021-01-11;"Žilinský kraj";351;10058;465;10523;NA;350917;816;2021-01-11;50183
2021-01-10;"Žilinský kraj";38;229;6;235;NA;350917;44;2021-01-10;49367
2021-01-09;"Žilinský kraj";192;1282;60;1342;NA;350917;252;2021-01-09;49323
2021-01-08;"Žilinský kraj";413;8721;462;9183;NA;350917;875;2021-01-08;49071
2021-01-07;"Žilinský kraj";438;23407;1872;25279;NA;350917;2310;2021-01-07;48196
2021-01-06;"Žilinský kraj";145;1076;67;1143;NA;350917;212;2021-01-06;45886
2021-01-05;"Žilinský kraj";717;10227;796;11023;NA;350917;1513;2021-01-05;45674
2021-01-04;"Žilinský kraj";479;9313;893;10206;NA;350917;1372;2021-01-04;44161
2021-01-03;"Žilinský kraj";13;1006;107;1113;NA;350917;120;2021-01-03;42789
2021-01-02;"Žilinský kraj";98;789;91;880;NA;350917;189;2021-01-02;42669
2021-01-01;"Žilinský kraj";118;241;13;254;NA;350917;131;2021-01-01;42480
2020-12-31;"Žilinský kraj";395;9626;784;10410;NA;350917;1179;2020-12-31;42349
2020-12-30;"Žilinský kraj";1038;11781;823;12604;NA;350917;1861;2020-12-30;41170
2020-12-29;"Žilinský kraj";256;10159;979;11138;NA;350917;1235;2020-12-29;39309
2020-12-28;"Žilinský kraj";406;10704;976;11680;NA;350917;1382;2020-12-28;38074
2020-12-27;"Žilinský kraj";40;684;94;778;NA;350917;134;2020-12-27;36692
2020-12-26;"Žilinský kraj";135;593;48;641;NA;350917;183;2020-12-26;36558
2020-12-25;"Žilinský kraj";66;83;9;92;NA;350917;75;2020-12-25;36375
2020-12-24;"Žilinský kraj";643;667;55;722;NA;350917;698;2020-12-24;36300
2020-12-23;"Žilinský kraj";228;16229;975;17204;NA;350917;1203;2020-12-23;35602
2020-12-22;"Žilinský kraj";519;13483;988;14471;NA;350917;1507;2020-12-22;34399
2020-12-21;"Žilinský kraj";444;12429;1078;13507;NA;350917;1522;2020-12-21;32892
2020-12-20;"Žilinský kraj";36;598;80;678;NA;350917;116;2020-12-20;31370
2020-12-19;"Žilinský kraj";208;1678;127;1805;NA;350917;335;2020-12-19;31254
2020-12-18;"Žilinský kraj";333;6553;370;6923;NA;350917;703;2020-12-18;30919
2020-12-17;"Žilinský kraj";500;3922;262;4184;NA;350917;762;2020-12-17;30216
2020-12-16;"Žilinský kraj";333;3815;267;4082;NA;350917;600;2020-12-16;29454
2020-12-15;"Žilinský kraj";528;3729;340;4069;NA;350917;868;2020-12-15;28854
2020-12-14;"Žilinský kraj";321;3884;309;4193;NA;350917;630;2020-12-14;27986
2020-12-13;"Žilinský kraj";26;494;66;560;NA;350917;92;2020-12-13;27356
2020-12-12;"Žilinský kraj";95;767;46;813;NA;350917;141;2020-12-12;27264
2020-12-11;"Žilinský kraj";455;3938;227;4165;NA;350917;682;2020-12-11;27123
2020-12-10;"Žilinský kraj";166;9129;838;9967;NA;350917;1004;2020-12-10;26441
2020-12-09;"Žilinský kraj";392;2169;132;2301;NA;350917;524;2020-12-09;25437
2020-12-08;"Žilinský kraj";331;3127;101;3228;NA;350917;432;2020-12-08;24913
2020-12-07;"Žilinský kraj";348;2746;162;2908;NA;350917;510;2020-12-07;24481
2020-12-06;"Žilinský kraj";15;128;6;134;NA;350917;21;2020-12-06;23971
2020-12-05;"Žilinský kraj";98;781;41;822;NA;350917;139;2020-12-05;23950
2020-12-04;"Žilinský kraj";228;3091;107;3198;NA;350917;335;2020-12-04;23811
2020-12-03;"Žilinský kraj";237;1609;115;1724;NA;350917;352;2020-12-03;23476
2020-12-02;"Žilinský kraj";181;1710;94;1804;NA;350917;275;2020-12-02;23124
2020-12-01;"Žilinský kraj";209;6239;284;6523;NA;350917;493;2020-12-01;22849
2020-11-30;"Žilinský kraj";203;5326;305;5631;NA;350917;508;2020-11-30;22356
2020-11-29;"Žilinský kraj";18;81;7;88;NA;350917;25;2020-11-29;21848
2020-11-28;"Žilinský kraj";99;349;15;364;NA;350917;114;2020-11-28;21823
2020-11-27;"Žilinský kraj";218;904;46;950;NA;350917;264;2020-11-27;21709
2020-11-26;"Žilinský kraj";190;1041;54;1095;NA;350917;244;2020-11-26;21445
2020-11-25;"Žilinský kraj";225;1217;49;1266;NA;350917;274;2020-11-25;21201
2020-11-24;"Žilinský kraj";213;2139;67;2206;NA;350917;280;2020-11-24;20927
2020-11-23;"Žilinský kraj";170;759;44;803;NA;350917;214;2020-11-23;20647
2020-11-22;"Žilinský kraj";11;67;2;69;NA;350917;13;2020-11-22;20433
2020-11-21;"Žilinský kraj";61;505;20;525;NA;350917;81;2020-11-21;20420
2020-11-20;"Žilinský kraj";251;1074;45;1119;NA;350917;296;2020-11-20;20339
2020-11-19;"Žilinský kraj";252;752;61;813;NA;350917;313;2020-11-19;20043
2020-11-18;"Žilinský kraj";346;348;15;363;NA;350917;361;2020-11-18;19730
2020-11-17;"Žilinský kraj";123;490;15;505;NA;350917;138;2020-11-17;19369
2020-11-16;"Žilinský kraj";227;247;15;262;NA;350917;242;2020-11-16;19231
2020-11-15;"Žilinský kraj";63;13;0;13;NA;350917;63;2020-11-15;18989
2020-11-14;"Žilinský kraj";189;1038;11;1049;NA;350917;200;2020-11-14;18926
2020-11-13;"Žilinský kraj";181;125;9;134;NA;350917;190;2020-11-13;18726
2020-11-12;"Žilinský kraj";334;79;2;81;NA;350917;336;2020-11-12;18536
2020-11-11;"Žilinský kraj";489;147;10;157;NA;350917;499;2020-11-11;18200
2020-11-10;"Žilinský kraj";374;519;9;528;NA;350917;383;2020-11-10;17701
2020-11-09;"Žilinský kraj";143;2335;30;2365;NA;350917;173;2020-11-09;17318
2020-11-08;"Žilinský kraj";59;2538;37;2575;NA;350917;96;2020-11-08;17145
2020-11-07;"Žilinský kraj";312;8175;88;8263;NA;350917;400;2020-11-07;17049
2020-11-06;"Žilinský kraj";503;4090;38;4128;NA;350917;541;2020-11-06;16649
2020-11-05;"Žilinský kraj";473;64;4;68;NA;350917;477;2020-11-05;16108
2020-11-04;"Žilinský kraj";423;178;10;188;NA;350917;433;2020-11-04;15631
2020-11-03;"Žilinský kraj";688;889;16;905;NA;350917;704;2020-11-03;15198
2020-11-02;"Žilinský kraj";472;1043;39;1082;NA;350917;511;2020-11-02;14494
2020-11-01;"Žilinský kraj";349;5096;130;5226;NA;350917;479;2020-11-01;13983
2020-10-31;"Žilinský kraj";661;7963;203;8166;NA;350917;864;2020-10-31;13504
2020-10-30;"Žilinský kraj";529;2575;61;2636;NA;350917;590;2020-10-30;12640
2020-10-29;"Žilinský kraj";740;503;17;520;NA;350917;757;2020-10-29;12050
2020-10-28;"Žilinský kraj";635;105;11;116;NA;350917;646;2020-10-28;11293
2020-10-27;"Žilinský kraj";355;154;24;178;NA;350917;379;2020-10-27;10647
2020-10-26;"Žilinský kraj";148;117;28;145;NA;350917;176;2020-10-26;10268
2020-10-25;"Žilinský kraj";436;0;0;0;NA;350917;436;2020-10-25;10092
2020-10-24;"Žilinský kraj";803;0;0;0;NA;350917;803;2020-10-24;9656
2020-10-23;"Žilinský kraj";659;102;13;115;NA;350917;672;2020-10-23;8853
2020-10-22;"Žilinský kraj";525;33;3;36;NA;350917;528;2020-10-22;8181
2020-10-21;"Žilinský kraj";478;74;14;88;NA;350917;492;2020-10-21;7653
2020-10-20;"Žilinský kraj";524;127;8;135;NA;350917;532;2020-10-20;7161
2020-10-19;"Žilinský kraj";70;80;12;92;NA;350917;82;2020-10-19;6629
2020-10-18;"Žilinský kraj";159;0;0;0;NA;350917;159;2020-10-18;6547
2020-10-17;"Žilinský kraj";509;0;0;0;NA;350917;509;2020-10-17;6388
2020-10-16;"Žilinský kraj";603;51;9;60;NA;350917;612;2020-10-16;5879
2020-10-15;"Žilinský kraj";679;61;3;64;NA;350917;682;2020-10-15;5267
2020-10-14;"Žilinský kraj";523;269;6;275;NA;350917;529;2020-10-14;4585
2020-10-13;"Žilinský kraj";367;458;40;498;NA;350917;407;2020-10-13;4056
2020-10-12;"Žilinský kraj";62;0;0;0;NA;350917;62;2020-10-12;3649
2020-10-11;"Žilinský kraj";50;0;0;0;NA;350917;50;2020-10-11;3587
2020-10-10;"Žilinský kraj";213;0;0;0;NA;350917;213;2020-10-10;3537
2020-10-09;"Žilinský kraj";543;0;0;0;NA;350917;543;2020-10-09;3324
2020-10-08;"Žilinský kraj";238;0;0;0;NA;350917;238;2020-10-08;2781
2020-10-07;"Žilinský kraj";168;0;0;0;NA;350917;168;2020-10-07;2543
2020-10-06;"Žilinský kraj";233;0;0;0;NA;350917;233;2020-10-06;2375
2020-10-05;"Žilinský kraj";33;0;0;0;NA;350917;33;2020-10-05;2142
2020-10-04;"Žilinský kraj";35;0;0;0;NA;350917;35;2020-10-04;2109
2020-10-03;"Žilinský kraj";155;0;0;0;NA;350917;155;2020-10-03;2074
2020-10-02;"Žilinský kraj";105;0;0;0;NA;350917;105;2020-10-02;1919
2020-10-01;"Žilinský kraj";147;0;0;0;NA;350917;147;2020-10-01;1814
2020-09-30;"Žilinský kraj";163;0;0;0;NA;350917;163;2020-09-30;1667
2020-09-29;"Žilinský kraj";105;0;0;0;NA;350917;105;2020-09-29;1504
2020-09-28;"Žilinský kraj";34;0;0;0;NA;350917;34;2020-09-28;1399
2020-09-27;"Žilinský kraj";108;0;0;0;NA;350917;108;2020-09-27;1365
2020-09-26;"Žilinský kraj";96;0;0;0;NA;350917;96;2020-09-26;1257
2020-09-25;"Žilinský kraj";69;0;0;0;NA;350917;69;2020-09-25;1161
2020-09-24;"Žilinský kraj";100;0;0;0;NA;350917;100;2020-09-24;1092
2020-09-23;"Žilinský kraj";65;0;0;0;NA;350917;65;2020-09-23;992
2020-09-22;"Žilinský kraj";65;0;0;0;NA;350917;65;2020-09-22;927
2020-09-21;"Žilinský kraj";47;0;0;0;NA;350917;47;2020-09-21;862
2020-09-20;"Žilinský kraj";4;0;0;0;NA;350917;4;2020-09-20;815
2020-09-19;"Žilinský kraj";6;0;0;0;NA;350917;6;2020-09-19;811
2020-09-18;"Žilinský kraj";82;0;0;0;NA;350917;82;2020-09-18;805
2020-09-17;"Žilinský kraj";30;0;0;0;NA;350917;30;2020-09-17;723
2020-09-16;"Žilinský kraj";34;0;0;0;NA;350917;34;2020-09-16;693
2020-09-15;"Žilinský kraj";12;0;0;0;NA;350917;12;2020-09-15;659
2020-09-14;"Žilinský kraj";39;0;0;0;NA;350917;39;2020-09-14;647
2020-09-13;"Žilinský kraj";6;0;0;0;NA;350917;6;2020-09-13;608
2020-09-12;"Žilinský kraj";4;0;0;0;NA;350917;4;2020-09-12;602
2020-09-11;"Žilinský kraj";31;0;0;0;NA;350917;31;2020-09-11;598
2020-09-10;"Žilinský kraj";31;12;0;12;NA;350917;31;2020-09-10;567
2020-09-09;"Žilinský kraj";23;0;0;0;NA;350917;23;2020-09-09;536
2020-09-08;"Žilinský kraj";25;0;0;0;NA;350917;25;2020-09-08;513
2020-09-07;"Žilinský kraj";11;0;0;0;NA;350917;11;2020-09-07;488
2020-09-06;"Žilinský kraj";0;0;0;0;NA;350917;0;2020-09-06;477
2020-09-05;"Žilinský kraj";2;0;0;0;NA;350917;2;2020-09-05;477
2020-09-04;"Žilinský kraj";33;0;0;0;NA;350917;33;2020-09-04;475
2020-09-03;"Žilinský kraj";18;0;0;0;NA;350917;18;2020-09-03;442
2020-09-02;"Žilinský kraj";16;0;0;0;NA;350917;16;2020-09-02;424
2020-09-01;"Žilinský kraj";4;0;0;0;NA;350917;4;2020-09-01;408
2020-08-31;"Žilinský kraj";5;0;0;0;NA;350917;5;2020-08-31;404
2020-08-30;"Žilinský kraj";3;0;0;0;NA;350917;3;2020-08-30;399
2020-08-29;"Žilinský kraj";5;0;0;0;NA;350917;5;2020-08-29;396
2020-08-28;"Žilinský kraj";13;0;0;0;NA;350917;13;2020-08-28;391
2020-08-27;"Žilinský kraj";18;0;0;0;NA;350917;18;2020-08-27;378
2020-08-26;"Žilinský kraj";8;0;0;0;NA;350917;8;2020-08-26;360
2020-08-25;"Žilinský kraj";2;0;0;0;NA;350917;2;2020-08-25;352
2020-08-24;"Žilinský kraj";5;0;0;0;NA;350917;5;2020-08-24;350
2020-08-23;"Žilinský kraj";0;0;0;0;NA;350917;0;2020-08-23;345
2020-08-22;"Žilinský kraj";0;0;0;0;NA;350917;0;2020-08-22;345
2020-08-21;"Žilinský kraj";10;0;0;0;NA;350917;10;2020-08-21;345
2020-08-20;"Žilinský kraj";13;0;0;0;NA;350917;13;2020-08-20;335
2020-08-19;"Žilinský kraj";7;0;0;0;NA;350917;7;2020-08-19;322
2020-08-18;"Žilinský kraj";9;0;0;0;NA;350917;9;2020-08-18;315
2020-08-17;"Žilinský kraj";1;0;0;0;NA;350917;1;2020-08-17;306
2020-08-16;"Žilinský kraj";0;0;0;0;NA;350917;0;2020-08-16;305
2020-08-15;"Žilinský kraj";0;0;0;0;NA;350917;0;2020-08-15;305
2020-08-14;"Žilinský kraj";4;0;0;0;NA;350917;4;2020-08-14;305
2020-08-13;"Žilinský kraj";2;0;0;0;NA;350917;2;2020-08-13;301
2020-08-12;"Žilinský kraj";0;0;0;0;NA;350917;0;2020-08-12;299
2020-08-11;"Žilinský kraj";4;0;0;0;NA;350917;4;2020-08-11;299
2020-08-10;"Žilinský kraj";1;0;0;0;NA;350917;1;2020-08-10;295
2020-08-09;"Žilinský kraj";0;0;0;0;NA;350917;0;2020-08-09;294
2020-08-08;"Žilinský kraj";3;0;0;0;NA;350917;3;2020-08-08;294
2020-08-07;"Žilinský kraj";8;0;0;0;NA;350917;8;2020-08-07;291
2020-08-06;"Žilinský kraj";1;0;0;0;NA;350917;1;2020-08-06;283
2020-08-05;"Žilinský kraj";1;0;0;0;NA;350917;1;2020-08-05;282
2020-08-04;"Žilinský kraj";2;0;0;0;NA;350917;2;2020-08-04;281
2020-08-03;"Žilinský kraj";0;0;0;0;NA;350917;0;2020-08-03;279
2020-08-02;"Žilinský kraj";1;0;0;0;NA;350917;1;2020-08-02;279
2020-08-01;"Žilinský kraj";0;0;0;0;NA;350917;0;2020-08-01;278
2020-07-31;"Žilinský kraj";4;0;0;0;NA;350917;4;2020-07-31;278
2020-07-30;"Žilinský kraj";2;0;0;0;NA;350917;2;2020-07-30;274
2020-07-29;"Žilinský kraj";2;0;0;0;NA;350917;2;2020-07-29;272
2020-07-28;"Žilinský kraj";4;0;0;0;NA;350917;4;2020-07-28;270
2020-07-27;"Žilinský kraj";6;0;0;0;NA;350917;6;2020-07-27;266
2020-07-26;"Žilinský kraj";0;0;0;0;NA;350917;0;2020-07-26;260
2020-07-25;"Žilinský kraj";0;0;0;0;NA;350917;0;2020-07-25;260
2020-07-24;"Žilinský kraj";2;0;0;0;NA;350917;2;2020-07-24;260
2020-07-23;"Žilinský kraj";0;0;0;0;NA;350917;0;2020-07-23;258
2020-07-22;"Žilinský kraj";1;0;0;0;NA;350917;1;2020-07-22;258
2020-07-21;"Žilinský kraj";2;0;0;0;NA;350917;2;2020-07-21;257
2020-07-20;"Žilinský kraj";3;0;0;0;NA;350917;3;2020-07-20;255
2020-07-19;"Žilinský kraj";0;0;0;0;NA;350917;0;2020-07-19;252
2020-07-18;"Žilinský kraj";0;0;0;0;NA;350917;0;2020-07-18;252
2020-07-17;"Žilinský kraj";2;0;0;0;NA;350917;2;2020-07-17;252
2020-07-16;"Žilinský kraj";2;0;0;0;NA;350917;2;2020-07-16;250
2020-07-15;"Žilinský kraj";2;0;0;0;NA;350917;2;2020-07-15;248
2020-07-14;"Žilinský kraj";1;0;0;0;NA;350917;1;2020-07-14;246
2020-07-13;"Žilinský kraj";0;0;0;0;NA;350917;0;2020-07-13;245
2020-07-12;"Žilinský kraj";0;0;0;0;NA;350917;0;2020-07-12;245
2020-07-11;"Žilinský kraj";2;0;0;0;NA;350917;2;2020-07-11;245
2020-07-10;"Žilinský kraj";3;0;0;0;NA;350917;3;2020-07-10;243
2020-07-09;"Žilinský kraj";2;0;0;0;NA;350917;2;2020-07-09;240
2020-07-08;"Žilinský kraj";10;0;0;0;NA;350917;10;2020-07-08;238
2020-07-07;"Žilinský kraj";7;0;0;0;NA;350917;7;2020-07-07;228
2020-07-06;"Žilinský kraj";0;0;0;0;NA;350917;0;2020-07-06;221
2020-07-05;"Žilinský kraj";0;0;0;0;NA;350917;0;2020-07-05;221
2020-07-04;"Žilinský kraj";10;0;0;0;NA;350917;10;2020-07-04;221
2020-07-03;"Žilinský kraj";18;0;0;0;NA;350917;18;2020-07-03;211
2020-07-02;"Žilinský kraj";7;0;0;0;NA;350917;7;2020-07-02;193
2020-07-01;"Žilinský kraj";0;0;0;0;NA;350917;0;2020-07-01;186
2020-06-30;"Žilinský kraj";4;0;0;0;NA;350917;4;2020-06-30;186
2020-06-29;"Žilinský kraj";0;0;0;0;NA;350917;0;2020-06-29;182
2020-06-28;"Žilinský kraj";1;0;0;0;NA;350917;1;2020-06-28;182
2020-06-27;"Žilinský kraj";3;0;0;0;NA;350917;3;2020-06-27;181
2020-06-26;"Žilinský kraj";5;0;0;0;NA;350917;5;2020-06-26;178
2020-06-25;"Žilinský kraj";7;0;0;0;NA;350917;7;2020-06-25;173
2020-06-24;"Žilinský kraj";11;0;0;0;NA;350917;11;2020-06-24;166
2020-06-23;"Žilinský kraj";9;0;0;0;NA;350917;9;2020-06-23;155
2020-06-22;"Žilinský kraj";0;0;0;0;NA;350917;0;2020-06-22;146
2020-06-21;"Žilinský kraj";1;0;0;0;NA;350917;1;2020-06-21;146
2020-06-20;"Žilinský kraj";1;0;0;0;NA;350917;1;2020-06-20;145
2020-06-19;"Žilinský kraj";4;0;0;0;NA;350917;4;2020-06-19;144
2020-06-18;"Žilinský kraj";1;0;0;0;NA;350917;1;2020-06-18;140
2020-06-17;"Žilinský kraj";0;0;0;0;NA;350917;0;2020-06-17;139
2020-06-16;"Žilinský kraj";1;0;0;0;NA;350917;1;2020-06-16;139
2020-06-14;"Žilinský kraj";0;0;0;0;NA;350917;0;2020-06-14;138
2020-06-13;"Žilinský kraj";0;0;0;0;NA;350917;0;2020-06-13;138
2020-06-12;"Žilinský kraj";0;0;0;0;NA;350917;0;2020-06-12;138
2020-06-11;"Žilinský kraj";0;0;0;0;NA;350917;0;2020-06-11;138
2020-06-10;"Žilinský kraj";0;0;0;0;NA;350917;0;2020-06-10;138
2020-06-09;"Žilinský kraj";1;0;0;0;NA;350917;1;2020-06-09;138
2020-06-08;"Žilinský kraj";0;0;0;0;NA;350917;0;2020-06-08;137
2020-06-07;"Žilinský kraj";0;0;0;0;NA;350917;0;2020-06-07;137
2020-06-05;"Žilinský kraj";0;0;0;0;NA;350917;0;2020-06-05;137
2020-06-03;"Žilinský kraj";0;0;0;0;NA;350917;0;2020-06-03;137
2020-06-02;"Žilinský kraj";0;0;0;0;NA;350917;0;2020-06-02;137
2020-05-31;"Žilinský kraj";0;0;0;0;NA;350917;0;2020-05-31;137
2020-05-29;"Žilinský kraj";0;0;0;0;NA;350917;0;2020-05-29;137
2020-05-27;"Žilinský kraj";1;0;0;0;NA;350917;1;2020-05-27;137
2020-05-26;"Žilinský kraj";1;0;0;0;NA;350917;1;2020-05-26;136
2020-05-25;"Žilinský kraj";0;0;0;0;NA;350917;0;2020-05-25;135
2020-05-24;"Žilinský kraj";0;0;0;0;NA;350917;0;2020-05-24;135
2020-05-23;"Žilinský kraj";0;0;0;0;NA;350917;0;2020-05-23;135
2020-05-22;"Žilinský kraj";0;0;0;0;NA;350917;0;2020-05-22;135
2020-05-21;"Žilinský kraj";0;0;0;0;NA;350917;0;2020-05-21;135
2020-05-20;"Žilinský kraj";0;0;0;0;NA;350917;0;2020-05-20;135
2020-05-19;"Žilinský kraj";1;0;0;0;NA;350917;1;2020-05-19;135
2020-05-17;"Žilinský kraj";0;0;0;0;NA;350917;0;2020-05-17;134
2020-05-16;"Žilinský kraj";0;0;0;0;NA;350917;0;2020-05-16;134
2020-05-15;"Žilinský kraj";0;0;0;0;NA;350917;0;2020-05-15;134
2020-05-14;"Žilinský kraj";0;0;0;0;NA;350917;0;2020-05-14;134
2020-05-13;"Žilinský kraj";0;0;0;0;NA;350917;0;2020-05-13;134
2020-05-12;"Žilinský kraj";0;0;0;0;NA;350917;0;2020-05-12;134
2020-05-11;"Žilinský kraj";0;0;0;0;NA;350917;0;2020-05-11;134
2020-05-09;"Žilinský kraj";0;0;0;0;NA;350917;0;2020-05-09;134
2020-05-07;"Žilinský kraj";0;0;0;0;NA;350917;0;2020-05-07;134
2020-05-06;"Žilinský kraj";2;0;0;0;NA;350917;2;2020-05-06;134
2020-05-05;"Žilinský kraj";3;0;0;0;NA;350917;3;2020-05-05;132
2020-05-04;"Žilinský kraj";3;0;0;0;NA;350917;3;2020-05-04;129
2020-05-03;"Žilinský kraj";1;0;0;0;NA;350917;1;2020-05-03;126
2020-05-02;"Žilinský kraj";0;0;0;0;NA;350917;0;2020-05-02;125
2020-05-01;"Žilinský kraj";1;0;0;0;NA;350917;1;2020-05-01;125
2020-04-30;"Žilinský kraj";0;0;0;0;NA;350917;0;2020-04-30;124
2020-04-29;"Žilinský kraj";0;0;0;0;NA;350917;0;2020-04-29;124
2020-04-28;"Žilinský kraj";0;0;0;0;NA;350917;0;2020-04-28;124
2020-04-27;"Žilinský kraj";0;0;0;0;NA;350917;0;2020-04-27;124
2020-04-26;"Žilinský kraj";0;0;0;0;NA;350917;0;2020-04-26;124
2020-04-25;"Žilinský kraj";2;0;0;0;NA;350917;2;2020-04-25;124
2020-04-24;"Žilinský kraj";1;0;0;0;NA;350917;1;2020-04-24;122
2020-04-23;"Žilinský kraj";2;0;0;0;NA;350917;2;2020-04-23;121
2020-04-22;"Žilinský kraj";9;0;0;0;NA;350917;9;2020-04-22;119
2020-04-21;"Žilinský kraj";1;0;0;0;NA;350917;1;2020-04-21;110
2020-04-20;"Žilinský kraj";4;0;0;0;NA;350917;4;2020-04-20;109
2020-04-19;"Žilinský kraj";0;0;0;0;NA;350917;0;2020-04-19;105
2020-04-18;"Žilinský kraj";49;0;0;0;NA;350917;49;2020-04-18;105
2020-04-17;"Žilinský kraj";3;0;0;0;NA;350917;3;2020-04-17;56
2020-04-16;"Žilinský kraj";4;0;0;0;NA;350917;4;2020-04-16;53
2020-04-15;"Žilinský kraj";7;0;0;0;NA;350917;7;2020-04-15;49
2020-04-14;"Žilinský kraj";1;0;0;0;NA;350917;1;2020-04-14;42
2020-04-13;"Žilinský kraj";2;0;0;0;NA;350917;2;2020-04-13;41
2020-04-12;"Žilinský kraj";5;0;0;0;NA;350917;5;2020-04-12;39
2020-04-11;"Žilinský kraj";2;0;0;0;NA;350917;2;2020-04-11;34
2020-04-10;"Žilinský kraj";1;0;0;0;NA;350917;1;2020-04-10;32
2020-04-09;"Žilinský kraj";1;0;0;0;NA;350917;1;2020-04-09;31
2020-04-08;"Žilinský kraj";3;0;0;0;NA;350917;3;2020-04-08;30
2020-04-07;"Žilinský kraj";5;0;0;0;NA;350917;5;2020-04-07;27
2020-04-06;"Žilinský kraj";6;0;0;0;NA;350917;6;2020-04-06;22
2020-04-05;"Žilinský kraj";8;0;0;0;NA;350917;8;2020-04-05;16
2020-04-04;"Žilinský kraj";0;0;0;0;NA;350917;0;2020-04-04;8
2020-04-03;"Žilinský kraj";3;0;0;0;NA;350917;3;2020-04-03;8
2020-04-02;"Žilinský kraj";5;0;0;0;NA;350917;5;2020-04-02;5
2020-04-01;"Žilinský kraj";4;0;0;0;NA;350917;4;2020-04-01;0
2020-03-31;"Žilinský kraj";1;0;0;0;NA;350917;1;2020-03-31;-4
2020-03-30;"Žilinský kraj";3;0;0;0;NA;350917;3;2020-03-30;-5
2020-03-29;"Žilinský kraj";0;0;0;0;NA;350917;0;2020-03-29;-8
2020-03-28;"Žilinský kraj";1;0;0;0;NA;350917;1;2020-03-28;-8
2020-03-27;"Žilinský kraj";9;0;0;0;NA;350917;9;2020-03-27;-9
2020-03-26;"Žilinský kraj";4;0;0;0;NA;350917;4;2020-03-26;-18
2020-03-25;"Žilinský kraj";1;0;0;0;NA;350917;1;2020-03-25;-22
2020-03-24;"Žilinský kraj";2;0;0;0;NA;350917;2;2020-03-24;-23
2020-03-23;"Žilinský kraj";3;0;0;0;NA;350917;3;2020-03-23;-25
2020-03-22;"Žilinský kraj";1;0;0;0;NA;350917;1;2020-03-22;-28
2020-03-21;"Žilinský kraj";2;0;0;0;NA;350917;2;2020-03-21;-29
2020-03-20;"Žilinský kraj";4;0;0;0;NA;350917;4;2020-03-20;-31
2020-03-19;"Žilinský kraj";2;0;0;0;NA;350917;2;2020-03-19;-35
2020-03-18;"Žilinský kraj";1;0;0;0;NA;350917;1;2020-03-18;-37
2020-03-17;"Žilinský kraj";5;0;0;0;NA;350917;5;2020-03-17;-38
2020-03-16;"Žilinský kraj";1;0;0;0;NA;350917;1;2020-03-16;-43
2020-03-15;"Žilinský kraj";2;0;0;0;NA;350917;2;2020-03-15;-44
2020-03-14;"Žilinský kraj";1;0;0;0;NA;350917;1;2020-03-14;-46
2020-03-13;"Žilinský kraj";5;0;0;0;NA;350917;5;2020-03-13;-47
2020-03-12;"Žilinský kraj";1;0;0;0;NA;350917;1;2020-03-12;-52
2020-03-11;"Žilinský kraj";0;0;0;0;NA;350917;0;2020-03-11;-53
2020-03-09;"Žilinský kraj";1;0;0;0;NA;350917;1;2020-03-09;-53
2020-03-08;"Žilinský kraj";0;0;0;0;NA;350917;0;2020-03-08;-54
2020-03-07;"Žilinský kraj";0;0;0;0;NA;350917;0;2020-03-07;-54
2020-03-06;"Žilinský kraj";0;0;0;0;NA;350917;0;2020-03-06;-54
